{
    "pred_cam": [
        6.958636283874512,
        0.1194017231464386,
        -0.07830386608839035
    ],
    "pred_mano_params": {
        "global_orient": [
            [
                [
                    -0.03741094470024109,
                    -0.9179499745368958,
                    0.3949282467365265
                ],
                [
                    -0.9619289636611938,
                    -0.07398735731840134,
                    -0.2630941569805145
                ],
                [
                    0.27072691917419434,
                    -0.38973551988601685,
                    -0.8802347183227539
                ]
            ]
        ],
        "hand_pose": [
            [
                [
                    0.8354304432868958,
                    -0.446018248796463,
                    -0.321128785610199
                ],
                [
                    0.41916337609291077,
                    0.8949955105781555,
                    -0.15259458124637604
                ],
                [
                    0.3554688096046448,
                    -0.007123264484107494,
                    0.9346610307693481
                ]
            ],
            [
                [
                    0.9667333364486694,
                    0.25169438123703003,
                    0.04557012766599655
                ],
                [
                    -0.24337252974510193,
                    0.9599278569221497,
                    -0.13895395398139954
                ],
                [
                    -0.07871797680854797,
                    0.12324090301990509,
                    0.9892497658729553
                ]
            ],
            [
                [
                    0.95213383436203,
                    -0.2493596225976944,
                    -0.1768074333667755
                ],
                [
                    0.12004447728395462,
                    0.8369566798210144,
                    -0.5339409112930298
                ],
                [
                    0.28112342953681946,
                    0.48715850710868835,
                    0.8268290162086487
                ]
            ],
            [
                [
                    0.8329982757568359,
                    -0.523253858089447,
                    -0.1797754317522049
                ],
                [
                    0.4990898370742798,
                    0.8508847951889038,
                    -0.16402558982372284
                ],
                [
                    0.238795205950737,
                    0.04690895974636078,
                    0.9699362516403198
                ]
            ],
            [
                [
                    0.9632395505905151,
                    0.2633129954338074,
                    -0.05325344204902649
                ],
                [
                    -0.23884055018424988,
                    0.9301310777664185,
                    0.27894672751426697
                ],
                [
                    0.12298295646905899,
                    -0.2559733986854553,
                    0.958828866481781
                ]
            ],
            [
                [
                    0.9882361888885498,
                    -0.04228327423334122,
                    -0.1469735950231552
                ],
                [
                    0.04719509184360504,
                    0.9984322786331177,
                    0.030092865228652954
                ],
                [
                    0.1454707682132721,
                    -0.036675285547971725,
                    0.9886824488639832
                ]
            ],
            [
                [
                    0.47157225012779236,
                    -0.5341280102729797,
                    0.70166015625
                ],
                [
                    0.49820101261138916,
                    0.817907989025116,
                    0.28778859972953796
                ],
                [
                    -0.727609395980835,
                    0.21385473012924194,
                    0.6518058180809021
                ]
            ],
            [
                [
                    0.9117112159729004,
                    -0.1424695998430252,
                    -0.38533762097358704
                ],
                [
                    0.20680736005306244,
                    0.9695959687232971,
                    0.1308220475912094
                ],
                [
                    0.3549836277961731,
                    -0.19896258413791656,
                    0.9134553074836731
                ]
            ],
            [
                [
                    0.9718825817108154,
                    -0.16340887546539307,
                    0.16953422129154205
                ],
                [
                    0.1743045449256897,
                    0.9833488464355469,
                    -0.051409848034381866
                ],
                [
                    -0.15831045806407928,
                    0.07951493561267853,
                    0.9841825366020203
                ]
            ],
            [
                [
                    0.8455871343612671,
                    -0.46371451020240784,
                    0.26448294520378113
                ],
                [
                    0.5152273178100586,
                    0.8385826945304871,
                    -0.1769741177558899
                ],
                [
                    -0.13972537219524384,
                    0.28591588139533997,
                    0.9480131268501282
                ]
            ],
            [
                [
                    0.9643533229827881,
                    0.07479581981897354,
                    -0.25382712483406067
                ],
                [
                    0.00025468910462222993,
                    0.9589585661888123,
                    0.28354620933532715
                ],
                [
                    0.26461777091026306,
                    -0.2735034227371216,
                    0.9247558116912842
                ]
            ],
            [
                [
                    0.9619771838188171,
                    -0.13351313769817352,
                    -0.2382732629776001
                ],
                [
                    0.16268067061901093,
                    0.9808392524719238,
                    0.10718850046396255
                ],
                [
                    0.2193966954946518,
                    -0.14187534153461456,
                    0.9652649760246277
                ]
            ],
            [
                [
                    0.9882621765136719,
                    -0.0658646672964096,
                    -0.13783948123455048
                ],
                [
                    -0.09278187155723572,
                    0.45803382992744446,
                    -0.8840794563293457
                ],
                [
                    0.12136474996805191,
                    0.8864912986755371,
                    0.4465464651584625
                ]
            ],
            [
                [
                    0.94204181432724,
                    -0.283651739358902,
                    -0.1791612207889557
                ],
                [
                    0.33156710863113403,
                    0.7056646943092346,
                    0.6261792778968811
                ],
                [
                    -0.05118914321064949,
                    -0.6492911577224731,
                    0.7588152289390564
                ]
            ],
            [
                [
                    0.9583749771118164,
                    0.2539798617362976,
                    0.13042877614498138
                ],
                [
                    -0.27317655086517334,
                    0.9485245943069458,
                    0.1602363884449005
                ],
                [
                    -0.08301808685064316,
                    -0.1891966164112091,
                    0.9784235954284668
                ]
            ]
        ],
        "betas": [
            -0.0960870087146759,
            -0.037865906953811646,
            -0.06194490194320679,
            0.09297159314155579,
            0.06908690929412842,
            -0.005205448716878891,
            0.05272781848907471,
            -0.06472751498222351,
            -0.001973569393157959,
            -0.03887787461280823
        ]
    },
    "pred_cam_t": [
        -0.1194017231464386,
        -0.07830386608839035,
        5.613528251647949
    ],
    "focal_length": [
        5000.0,
        5000.0
    ],
    "pred_keypoints_3d": [
        [
            0.09621734172105789,
            0.0064340075477957726,
            0.00621010409668088
        ],
        [
            0.12174142897129059,
            0.02403600886464119,
            -0.017116637900471687
        ],
        [
            0.14347146451473236,
            0.04502981901168823,
            -0.02393938973546028
        ],
        [
            0.157139852643013,
            0.06830762326717377,
            -0.027565553784370422
        ],
        [
            0.1692076027393341,
            0.09450825303792953,
            -0.04956229031085968
        ],
        [
            0.11252734810113907,
            0.08666113764047623,
            -0.03402794152498245
        ],
        [
            0.11950015276670456,
            0.11879847198724747,
            -0.029536202549934387
        ],
        [
            0.12293868511915207,
            0.1407356709241867,
            -0.027226516976952553
        ],
        [
            0.12266628444194794,
            0.16614404320716858,
            -0.019063221290707588
        ],
        [
            0.09979197382926941,
            0.09903080016374588,
            -0.01597950980067253
        ],
        [
            0.10776452720165253,
            0.12836556136608124,
            -0.006609754636883736
        ],
        [
            0.11079283058643341,
            0.15024259686470032,
            0.0010285102762281895
        ],
        [
            0.10918881744146347,
            0.17451603710651398,
            0.01165622379630804
        ],
        [
            0.09233219176530838,
            0.09285424649715424,
            0.009102480486035347
        ],
        [
            0.10420563817024231,
            0.11917617917060852,
            0.006858061533421278
        ],
        [
            0.1116156131029129,
            0.1414068341255188,
            0.015284005552530289
        ],
        [
            0.11560171097517014,
            0.16389591991901398,
            0.02823280543088913
        ],
        [
            0.09084539860486984,
            0.08516950160264969,
            0.02957315929234028
        ],
        [
            0.10429224371910095,
            0.10117290914058685,
            0.025906125083565712
        ],
        [
            0.11623784899711609,
            0.11520132422447205,
            0.030807998031377792
        ],
        [
            0.12991823256015778,
            0.12771889567375183,
            0.032941825687885284
        ]
    ],
    "pred_vertices": [
        [
            0.1201733872294426,
            0.051738616079092026,
            -0.014886222779750824
        ],
        [
            0.12033752351999283,
            0.04190056398510933,
            -0.010535178706049919
        ],
        [
            0.12701521813869476,
            0.04781000688672066,
            -0.014140311628580093
        ],
        [
            0.12615635991096497,
            0.055979516357183456,
            -0.02036678045988083
        ],
        [
            0.13530202209949493,
            0.03036319464445114,
            -0.0035619251430034637
        ],
        [
            0.14047260582447052,
            0.021024562418460846,
            -0.009096961468458176
        ],
        [
            0.14915665984153748,
            0.0349043644964695,
            -0.013383474200963974
        ],
        [
            0.14436346292495728,
            0.04069986939430237,
            -0.006864637136459351
        ],
        [
            0.12996169924736023,
            0.059804920107126236,
            -0.025068681687116623
        ],
        [
            0.13295306265354156,
            0.052830155938863754,
            -0.016744904220104218
        ],
        [
            0.13018149137496948,
            0.059803735464811325,
            -0.027858929708600044
        ],
        [
            0.12113357335329056,
            0.06532838940620422,
            -0.03884245082736015
        ],
        [
            0.12467438727617264,
            0.06584074348211288,
            -0.033052608370780945
        ],
        [
            0.11642716825008392,
            0.07192136347293854,
            -0.04263703152537346
        ],
        [
            0.11348145455121994,
            0.058132659643888474,
            -0.042185764759778976
        ],
        [
            0.10686412453651428,
            0.07177189737558365,
            -0.04358085244894028
        ],
        [
            0.08882136642932892,
            0.055236659944057465,
            -0.025668660178780556
        ],
        [
            0.08266329765319824,
            0.05508190393447876,
            -0.013268929906189442
        ],
        [
            0.08323370665311813,
            0.07179028540849686,
            -0.015813348814845085
        ],
        [
            0.09009493142366409,
            0.07049721479415894,
            -0.02774670720100403
        ],
        [
            0.07914240658283234,
            0.06645883619785309,
            0.004098156932741404
        ],
        [
            0.0811966061592102,
            0.07025760412216187,
            -0.006966086104512215
        ],
        [
            0.07954509556293488,
            0.05349051579833031,
            -0.004857596475630999
        ],
        [
            0.07796623557806015,
            0.050849493592977524,
            0.005001131445169449
        ],
        [
            0.11201289296150208,
            0.046600136905908585,
            -0.0019006803631782532
        ],
        [
            0.11214371025562286,
            0.03635804355144501,
            0.0016169045120477676
        ],
        [
            0.11399206519126892,
            0.03769442066550255,
            -0.004017477855086327
        ],
        [
            0.11443313211202621,
            0.047420088201761246,
            -0.007017951458692551
        ],
        [
            0.13755905628204346,
            0.05649324506521225,
            -0.03129882737994194
        ],
        [
            0.12797372043132782,
            0.048320360481739044,
            -0.03786979243159294
        ],
        [
            0.1273614466190338,
            0.055500902235507965,
            -0.03450361639261246
        ],
        [
            0.1383904665708542,
            0.059050992131233215,
            -0.02615988254547119
        ],
        [
            0.11494322866201401,
            0.013463951647281647,
            0.020087426528334618
        ],
        [
            0.10991185903549194,
            0.0008785799145698547,
            0.01887688972055912
        ],
        [
            0.1116585060954094,
            -2.7939677238464355e-06,
            0.013255687430500984
        ],
        [
            0.11539135128259659,
            0.011729925870895386,
            0.01530090905725956
        ],
        [
            0.12512777745723724,
            0.0038305968046188354,
            -0.003700312227010727
        ],
        [
            0.11764483153820038,
            -0.003959186375141144,
            -0.0034011993557214737
        ],
        [
            0.11350788176059723,
            -0.011198900640010834,
            -0.013941410928964615
        ],
        [
            0.11973915249109268,
            -0.003062434494495392,
            -0.01729155145585537
        ],
        [
            0.13321411609649658,
            0.012635290622711182,
            -0.006230287253856659
        ],
        [
            0.13081037998199463,
            0.005622968077659607,
            -0.01790216565132141
        ],
        [
            0.1398220956325531,
            0.01586739718914032,
            -0.019297048449516296
        ],
        [
            0.1488664597272873,
            0.03154424577951431,
            -0.02202787809073925
        ],
        [
            0.10311713814735413,
            0.002640463411808014,
            0.02971317619085312
        ],
        [
            0.10631975531578064,
            0.012017108500003815,
            0.032434720546007156
        ],
        [
            0.1291644275188446,
            0.12281118333339691,
            -0.029537353664636612
        ],
        [
            0.126862034201622,
            0.12350037693977356,
            -0.02422405406832695
        ],
        [
            0.12699495255947113,
            0.11724599450826645,
            -0.024974219501018524
        ],
        [
            0.1287354826927185,
            0.11793292313814163,
            -0.03043527714908123
        ],
        [
            0.08516254276037216,
            0.011489003896713257,
            0.03351692855358124
        ],
        [
            0.07639515399932861,
            0.011949792504310608,
            0.028389692306518555
        ],
        [
            0.07706233859062195,
            0.0051031336188316345,
            0.030915159732103348
        ],
        [
            0.08593282848596573,
            0.003942959010601044,
            0.034030731767416
        ],
        [
            0.08424003422260284,
            0.021452508866786957,
            0.03279956057667732
        ],
        [
            0.07622715085744858,
            0.02142467349767685,
            0.024681033566594124
        ],
        [
            0.12027911096811295,
            0.12582102417945862,
            -0.037974294275045395
        ],
        [
            0.12526904046535492,
            0.12485500425100327,
            -0.037119776010513306
        ],
        [
            0.12334475666284561,
            0.1201859563589096,
            -0.038415998220443726
        ],
        [
            0.11813551932573318,
            0.1207297071814537,
            -0.03824040666222572
        ],
        [
            0.12458248436450958,
            0.06391078978776932,
            -0.02610642835497856
        ],
        [
            0.12086327373981476,
            0.06095229461789131,
            -0.018032992258667946
        ],
        [
            0.12260234355926514,
            0.08100729435682297,
            -0.029772892594337463
        ],
        [
            0.1206241026520729,
            0.07326249778270721,
            -0.02462880127131939
        ],
        [
            0.12273207306861877,
            0.07147087156772614,
            -0.0313064269721508
        ],
        [
            0.12292282283306122,
            0.07830853015184402,
            -0.03543861582875252
        ],
        [
            0.11000414192676544,
            0.06939937174320221,
            -0.0034788446500897408
        ],
        [
            0.10995747148990631,
            0.057779017835855484,
            -0.0014699483290314674
        ],
        [
            0.11250509321689606,
            0.05921619012951851,
            -0.00749313086271286
        ],
        [
            0.11395378410816193,
            0.07175074517726898,
            -0.010875212959945202
        ],
        [
            0.10704263299703598,
            0.05719970166683197,
            0.012482553720474243
        ],
        [
            0.10688185691833496,
            0.06867307424545288,
            0.009219209663569927
        ],
        [
            0.10517700016498566,
            0.06703396141529083,
            0.01754995435476303
        ],
        [
            0.10651471465826035,
            0.05919302627444267,
            0.01875385269522667
        ],
        [
            0.10696012526750565,
            0.08751942217350006,
            0.00044023431837558746
        ],
        [
            0.10559853911399841,
            0.09413648396730423,
            -0.0016319812275469303
        ],
        [
            0.10551855713129044,
            0.09457298368215561,
            0.002294940408319235
        ],
        [
            0.10567367821931839,
            0.08706896752119064,
            0.004221547860652208
        ],
        [
            0.0768570527434349,
            -0.0018259957432746887,
            0.03256376087665558
        ],
        [
            0.08658581972122192,
            -0.0033344104886054993,
            0.03354271128773689
        ],
        [
            0.07797349244356155,
            0.06255882233381271,
            0.025499630719423294
        ],
        [
            0.08284357935190201,
            0.05791692063212395,
            0.03457511588931084
        ],
        [
            0.08211319148540497,
            0.07202458381652832,
            0.035399679094552994
        ],
        [
            0.0767221748828888,
            0.07317999750375748,
            0.02527439594268799
        ],
        [
            0.07195764780044556,
            0.012843944132328033,
            0.018926512449979782
        ],
        [
            0.07082466036081314,
            0.0061688050627708435,
            0.022967783734202385
        ],
        [
            0.11482401192188263,
            0.12699128687381744,
            -0.035195767879486084
        ],
        [
            0.11336058378219604,
            0.12162019312381744,
            -0.03464466705918312
        ],
        [
            0.13050201535224915,
            0.013384893536567688,
            -0.029863981530070305
        ],
        [
            0.14420713484287262,
            0.030854322016239166,
            -0.030649084597826004
        ],
        [
            0.11836174875497818,
            0.0020675882697105408,
            -0.026983868330717087
        ],
        [
            0.10917620360851288,
            -0.00462755560874939,
            -0.02381983771920204
        ],
        [
            0.10381761193275452,
            -0.01180199533700943,
            -0.021457819268107414
        ],
        [
            0.11847320199012756,
            0.07768753916025162,
            -0.020092077553272247
        ],
        [
            0.11611566692590714,
            0.056282225996255875,
            -0.011355762369930744
        ],
        [
            0.11041106283664703,
            0.04615146294236183,
            0.003016428090631962
        ],
        [
            0.1055249348282814,
            0.04970360919833183,
            0.03356213867664337
        ],
        [
            0.10631726682186127,
            0.03917219489812851,
            0.03506363183259964
        ],
        [
            0.1103726327419281,
            0.0422750785946846,
            0.02555280178785324
        ],
        [
            0.10825378447771072,
            0.050849027931690216,
            0.025984758511185646
        ],
        [
            0.09152667969465256,
            0.05798967927694321,
            0.03938481584191322
        ],
        [
            0.09925524890422821,
            0.05962657555937767,
            0.03702449053525925
        ],
        [
            0.09770134091377258,
            0.06899528205394745,
            0.03631599247455597
        ],
        [
            0.09011886268854141,
            0.0695667415857315,
            0.03897487372159958
        ],
        [
            0.14126935601234436,
            0.052566658705472946,
            -0.03643645718693733
        ],
        [
            0.13050636649131775,
            0.04152844846248627,
            -0.04012739285826683
        ],
        [
            0.09566321969032288,
            0.010725028812885284,
            0.03522174060344696
        ],
        [
            0.09609577804803848,
            0.0031379908323287964,
            0.03323591500520706
        ],
        [
            0.09407022595405579,
            -0.00508715957403183,
            0.03215860202908516
        ],
        [
            0.11449450254440308,
            0.024555303156375885,
            0.009806467220187187
        ],
        [
            0.11581090092658997,
            0.010508432984352112,
            0.011989250779151917
        ],
        [
            0.11762724071741104,
            0.010751187801361084,
            0.008045628666877747
        ],
        [
            0.11418496817350388,
            0.024713240563869476,
            0.006133878603577614
        ],
        [
            0.12211201339960098,
            0.03252881392836571,
            -0.0036763064563274384
        ],
        [
            0.12665925920009613,
            0.020523950457572937,
            5.010142922401428e-05
        ],
        [
            0.12954175472259521,
            0.04068251699209213,
            -0.005626503378152847
        ],
        [
            0.11390764266252518,
            -0.0029056966304779053,
            0.005931997671723366
        ],
        [
            0.10999085009098053,
            -0.010208390653133392,
            0.013261742889881134
        ],
        [
            0.11193650215864182,
            -0.012089379131793976,
            0.00473642535507679
        ],
        [
            0.10546119511127472,
            -0.00860479474067688,
            0.02186403051018715
        ],
        [
            0.10007195174694061,
            -0.006766065955162048,
            0.028779610991477966
        ],
        [
            0.06722128391265869,
            -0.0012042447924613953,
            0.02536507323384285
        ],
        [
            0.11253474652767181,
            -0.012818984687328339,
            -0.003576628863811493
        ],
        [
            0.1500416398048401,
            0.047779910266399384,
            -0.011627759784460068
        ],
        [
            0.15460382401943207,
            0.05409799888730049,
            -0.01603677123785019
        ],
        [
            0.14851589500904083,
            0.05776113271713257,
            -0.014760347083210945
        ],
        [
            0.14370162785053253,
            0.05254104733467102,
            -0.011379269883036613
        ],
        [
            0.11390992999076843,
            0.08124717324972153,
            -0.0446469709277153
        ],
        [
            0.12056434899568558,
            0.07973940670490265,
            -0.04087153077125549
        ],
        [
            0.12185393273830414,
            0.07044313848018646,
            -0.03825702518224716
        ],
        [
            0.11377464979887009,
            0.024605169892311096,
            0.023598073050379753
        ],
        [
            0.10670062154531479,
            0.022833935916423798,
            0.03400828689336777
        ],
        [
            0.12001308053731918,
            0.08529742062091827,
            -0.025308728218078613
        ],
        [
            0.1153569146990776,
            0.11681648343801498,
            -0.039005350321531296
        ],
        [
            0.12101820111274719,
            0.11553394794464111,
            -0.03958231210708618
        ],
        [
            0.11720272153615952,
            0.09729985147714615,
            -0.042757827788591385
        ],
        [
            0.11094522476196289,
            0.09998776763677597,
            -0.04222686588764191
        ],
        [
            0.11397834122180939,
            0.09456612169742584,
            -0.023649850860238075
        ],
        [
            0.11915387213230133,
            0.09002966433763504,
            -0.025237470865249634
        ],
        [
            0.1181139200925827,
            0.09291276335716248,
            -0.024731554090976715
        ],
        [
            0.11401015520095825,
            0.09704308211803436,
            -0.021707095205783844
        ],
        [
            0.10336115211248398,
            0.09188219904899597,
            0.011007148772478104
        ],
        [
            0.10367738455533981,
            0.08475389331579208,
            0.012627217918634415
        ],
        [
            0.09438276290893555,
            0.08594057708978653,
            -0.02772718109190464
        ],
        [
            0.09668508172035217,
            0.08183161914348602,
            -0.04039797559380531
        ],
        [
            0.09681388735771179,
            0.06984881311655045,
            -0.03819674625992775
        ],
        [
            0.10788736492395401,
            0.06817088276147842,
            0.0036414433270692825
        ],
        [
            0.10770990699529648,
            0.07867415249347687,
            0.0026386911049485207
        ],
        [
            0.10633549094200134,
            0.07843180000782013,
            0.006681036204099655
        ],
        [
            0.11661633849143982,
            0.08179084956645966,
            -0.018089812248945236
        ],
        [
            0.1165565550327301,
            0.08840655535459518,
            -0.02126842364668846
        ],
        [
            0.11422106623649597,
            0.0871824100613594,
            -0.01692088320851326
        ],
        [
            0.11406391113996506,
            0.08063165843486786,
            -0.0132310651242733
        ],
        [
            0.08236541599035263,
            0.04444432258605957,
            0.03413265943527222
        ],
        [
            0.09247627854347229,
            0.044677332043647766,
            0.040155865252017975
        ],
        [
            0.12851113080978394,
            0.12353048473596573,
            -0.03420890495181084
        ],
        [
            0.12722943723201752,
            0.11879371851682663,
            -0.03542342409491539
        ],
        [
            0.10790929198265076,
            0.05679018050432205,
            0.005446284078061581
        ],
        [
            0.09715098142623901,
            0.05560210347175598,
            -0.034597571939229965
        ],
        [
            0.10908113420009613,
            0.045744068920612335,
            0.008403162471950054
        ],
        [
            0.08377572149038315,
            0.08615986257791519,
            0.012907275930047035
        ],
        [
            0.08936995267868042,
            0.0877096876502037,
            0.01806175895035267
        ],
        [
            0.09147189557552338,
            0.0938655436038971,
            0.015963301062583923
        ],
        [
            0.08689051121473312,
            0.09468099474906921,
            0.011636292561888695
        ],
        [
            0.11601395159959793,
            0.11312698572874069,
            -0.019645893946290016
        ],
        [
            0.12179280817508698,
            0.11220896989107132,
            -0.020741339772939682
        ],
        [
            0.12259634584188461,
            0.11788563430309296,
            -0.020287686958909035
        ],
        [
            0.11696508526802063,
            0.11889579892158508,
            -0.01945808343589306
        ],
        [
            0.12229673564434052,
            0.08770046383142471,
            -0.029653845354914665
        ],
        [
            0.12342414259910583,
            0.08585559576749802,
            -0.035763733088970184
        ],
        [
            0.12393122911453247,
            0.09259109199047089,
            -0.03406081721186638
        ],
        [
            0.12155584990978241,
            0.09289547801017761,
            -0.028582362458109856
        ],
        [
            0.12061195820569992,
            0.08777591586112976,
            -0.0410061739385128
        ],
        [
            0.12187110632658005,
            0.09435149282217026,
            -0.03968757390975952
        ],
        [
            0.11048588156700134,
            0.11478991061449051,
            -0.023065946996212006
        ],
        [
            0.10766254365444183,
            0.1164628267288208,
            -0.030052196234464645
        ],
        [
            0.10358190536499023,
            0.10167081654071808,
            -0.03110242262482643
        ],
        [
            0.10835372656583786,
            0.10150279104709625,
            -0.02433883585035801
        ],
        [
            0.07569659501314163,
            0.03583885729312897,
            0.005475214682519436
        ],
        [
            0.07524679601192474,
            0.03500416874885559,
            0.01666404865682125
        ],
        [
            0.07726345956325531,
            0.05000707507133484,
            0.016487151384353638
        ],
        [
            0.07789242267608643,
            0.06492479890584946,
            0.016564831137657166
        ],
        [
            0.07963927090167999,
            0.07879435271024704,
            0.015670357272028923
        ],
        [
            0.07911744713783264,
            0.0793895423412323,
            0.0035032033920288086
        ],
        [
            0.07752333581447601,
            0.047932375222444534,
            0.024486754089593887
        ],
        [
            0.10559379309415817,
            0.09535062313079834,
            -0.0238126739859581
        ],
        [
            0.10048077255487442,
            0.09205686300992966,
            -0.03153400868177414
        ],
        [
            0.09965355694293976,
            0.09276651591062546,
            -0.026265578344464302
        ],
        [
            0.10887784510850906,
            0.046158190816640854,
            0.015915265306830406
        ],
        [
            0.12529391050338745,
            0.11378943920135498,
            -0.03713241592049599
        ],
        [
            0.085605688393116,
            0.0010942071676254272,
            -0.020482957363128662
        ],
        [
            0.07653017342090607,
            0.004043065011501312,
            -0.010552291758358479
        ],
        [
            0.07943418622016907,
            0.011842377483844757,
            -0.013530182652175426
        ],
        [
            0.09069124609231949,
            0.008638493716716766,
            -0.024391913786530495
        ],
        [
            0.12659788131713867,
            0.11124654114246368,
            -0.02563430368900299
        ],
        [
            0.12820595502853394,
            0.11210945248603821,
            -0.03173140436410904
        ],
        [
            0.10180656611919403,
            0.085954949259758,
            0.01892044022679329
        ],
        [
            0.10110966116189957,
            0.09255466610193253,
            0.016106098890304565
        ],
        [
            0.09814829379320145,
            0.09461979568004608,
            0.017547590658068657
        ],
        [
            0.09968137741088867,
            0.08944464474916458,
            0.02296963334083557
        ],
        [
            0.0757932960987091,
            0.03311409801244736,
            0.022363316267728806
        ],
        [
            0.08503071218729019,
            0.08154192566871643,
            0.03461116924881935
        ],
        [
            0.07921541482210159,
            0.08158490806818008,
            0.026035815477371216
        ],
        [
            0.0734473243355751,
            0.02195017784833908,
            0.016381826251745224
        ],
        [
            0.07320881634950638,
            0.022569827735424042,
            0.0065425727516412735
        ],
        [
            0.071268230676651,
            0.013070084154605865,
            0.007901733741164207
        ],
        [
            0.08526118099689484,
            0.08640450239181519,
            -0.008847982622683048
        ],
        [
            0.07723557204008102,
            0.03840044140815735,
            -0.0027533010579645634
        ],
        [
            0.07508119940757751,
            0.024098210036754608,
            -0.0008099749684333801
        ],
        [
            0.07284380495548248,
            0.012800060212612152,
            0.00046162307262420654
        ],
        [
            0.07048165053129196,
            0.004889257252216339,
            0.0018851729109883308
        ],
        [
            0.06912843883037567,
            0.005978807806968689,
            0.00992872379720211
        ],
        [
            0.1104767918586731,
            0.1172122061252594,
            -0.034835971891880035
        ],
        [
            0.10985302925109863,
            0.12160222232341766,
            -0.029322993010282516
        ],
        [
            0.06505633890628815,
            -0.001886218786239624,
            0.012103846296668053
        ],
        [
            0.06739065051078796,
            -0.0028712600469589233,
            0.0030894801020622253
        ],
        [
            0.07828925549983978,
            0.024869762361049652,
            -0.009514558129012585
        ],
        [
            0.08408521860837936,
            0.025379404425621033,
            -0.019835345447063446
        ],
        [
            0.08048555254936218,
            0.03867682069540024,
            -0.010965253226459026
        ],
        [
            0.08594271540641785,
            0.04040932655334473,
            -0.021277710795402527
        ],
        [
            0.08409984409809113,
            0.08388765156269073,
            -0.01920740120112896
        ],
        [
            0.1141061782836914,
            0.13833409547805786,
            -0.025385526940226555
        ],
        [
            0.11208058148622513,
            0.12678521871566772,
            -0.024088062345981598
        ],
        [
            0.11639315634965897,
            0.12563638389110565,
            -0.02020994760096073
        ],
        [
            0.11569278687238693,
            0.1372365653514862,
            -0.021297315135598183
        ],
        [
            0.11204992979764938,
            0.12018360197544098,
            -0.02282794751226902
        ],
        [
            0.1111326664686203,
            0.12695960700511932,
            -0.029933355748653412
        ],
        [
            0.09715652465820312,
            0.03992006182670593,
            -0.0323563814163208
        ],
        [
            0.11321719735860825,
            0.09395813196897507,
            -0.01906466670334339
        ],
        [
            0.09941080212593079,
            0.022741951048374176,
            -0.0313367135822773
        ],
        [
            0.1118200495839119,
            0.04458406940102577,
            -0.041614558547735214
        ],
        [
            0.11597232520580292,
            0.03181333467364311,
            -0.03964981064200401
        ],
        [
            0.10373150557279587,
            0.005090728402137756,
            -0.030192075297236443
        ],
        [
            0.11750220507383347,
            0.015557140111923218,
            -0.03617926687002182
        ],
        [
            0.09303663671016693,
            -0.008944183588027954,
            -0.022621354088187218
        ],
        [
            0.09682388603687286,
            -0.0012696608901023865,
            -0.025732656940817833
        ],
        [
            0.1313103586435318,
            0.027784861624240875,
            -0.03782860189676285
        ],
        [
            0.12957318127155304,
