{
    "pred_cam": [
        8.706513404846191,
        -0.09924917668104172,
        -0.07559026777744293
    ],
    "pred_mano_params": {
        "global_orient": [
            [
                [
                    0.3134639859199524,
                    -0.7976698875427246,
                    0.5152310132980347
                ],
                [
                    -0.8920829892158508,
                    -0.4333259165287018,
                    -0.12812720239162445
                ],
                [
                    0.3254661560058594,
                    -0.419465571641922,
                    -0.847419798374176
                ]
            ]
        ],
        "hand_pose": [
            [
                [
                    0.7609952092170715,
                    -0.6099206805229187,
                    -0.2210949957370758
                ],
                [
                    0.6009429097175598,
                    0.7911198735237122,
                    -0.11400409787893295
                ],
                [
                    0.24444611370563507,
                    -0.04610888659954071,
                    0.9685659408569336
                ]
            ],
            [
                [
                    0.8792378306388855,
                    -0.4129558503627777,
                    0.23750415444374084
                ],
                [
                    0.45749568939208984,
                    0.8709468841552734,
                    -0.17930161952972412
                ],
                [
                    -0.13280987739562988,
                    0.26630592346191406,
                    0.9546949863433838
                ]
            ],
            [
                [
                    0.7430331110954285,
                    -0.6692198514938354,
                    -0.006824937183409929
                ],
                [
                    0.6451007127761841,
                    0.7188942432403564,
                    -0.25891321897506714
                ],
                [
                    0.17817626893520355,
                    0.1879783272743225,
                    0.9658764600753784
                ]
            ],
            [
                [
                    0.7528067231178284,
                    -0.6366256475448608,
                    -0.16730186343193054
                ],
                [
                    0.6499276757240295,
                    0.759157657623291,
                    0.03568824380636215
                ],
                [
                    0.10428844392299652,
                    -0.13560046255588531,
                    0.9852595925331116
                ]
            ],
            [
                [
                    0.4300984740257263,
                    -0.8664127588272095,
                    -0.253661572933197
                ],
                [
                    0.8991339206695557,
                    0.38586944341659546,
                    0.20655019581317902
                ],
                [
                    -0.0810774713754654,
                    -0.31691262125968933,
                    0.9449829459190369
                ]
            ],
            [
                [
                    0.7511428594589233,
                    -0.5959811806678772,
                    -0.2838853597640991
                ],
                [
                    0.6382094025611877,
                    0.7655345797538757,
                    0.08151942491531372
                ],
                [
                    0.16874004900455475,
                    -0.2424110472202301,
                    0.9553866386413574
                ]
            ],
            [
                [
                    0.43216150999069214,
                    -0.6703159809112549,
                    0.6032519936561584
                ],
                [
                    0.48647812008857727,
                    0.7365508675575256,
                    0.46992751955986023
                ],
                [
                    -0.7593256831169128,
                    0.09038428962230682,
                    0.6444029808044434
                ]
            ],
            [
                [
                    0.6578230857849121,
                    -0.6592827439308167,
                    -0.36416348814964294
                ],
                [
                    0.7482733130455017,
                    0.5170156359672546,
                    0.41567036509513855
                ],
                [
                    -0.08576607704162598,
                    -0.5459313988685608,
                    0.8334285020828247
                ]
            ],
            [
                [
                    0.7560959458351135,
                    -0.6404172778129578,
                    0.13485024869441986
                ],
                [
                    0.5881091952323914,
                    0.7552611231803894,
                    0.289323627948761
                ],
                [
                    -0.2871350347995758,
                    -0.13944974541664124,
                    0.947685182094574
                ]
            ],
            [
                [
                    0.6689288020133972,
                    -0.7217100262641907,
                    0.17795735597610474
                ],
                [
                    0.7117795348167419,
                    0.6909173727035522,
                    0.12650306522846222
                ],
                [
                    -0.21425236761569977,
                    0.04204486683011055,
                    0.9758729338645935
                ]
            ],
            [
                [
                    0.5099199414253235,
                    -0.8045305609703064,
                    -0.3044869601726532
                ],
                [
                    0.8361143469810486,
                    0.38033127784729004,
                    0.3952985107898712
                ],
                [
                    -0.2022237926721573,
                    -0.45615649223327637,
                    0.8666180372238159
                ]
            ],
            [
                [
                    0.7414388656616211,
                    -0.568539023399353,
                    -0.35641512274742126
                ],
                [
                    0.6563358902931213,
                    0.7249670624732971,
                    0.20891621708869934
                ],
                [
                    0.13961218297481537,
                    -0.3888266384601593,
                    0.9106712937355042
                ]
            ],
            [
                [
                    0.9738243222236633,
                    -0.17878457903862,
                    -0.14036469161510468
                ],
                [
                    -0.08262060582637787,
                    0.29687172174453735,
                    -0.9513364434242249
                ],
                [
                    0.21175459027290344,
                    0.9380316138267517,
                    0.27432960271835327
                ]
            ],
            [
                [
                    0.9400805234909058,
                    -0.23393750190734863,
                    -0.24803581833839417
                ],
                [
                    0.33890682458877563,
                    0.7207162380218506,
                    0.6047398447990417
                ],
                [
                    0.03729208558797836,
                    -0.6525652408599854,
                    0.7568143010139465
                ]
            ],
            [
                [
                    0.9578036069869995,
                    0.2873602509498596,
                    0.006021739449352026
                ],
                [
                    -0.28742310404777527,
                    0.9575672149658203,
                    0.021281685680150986
                ],
                [
                    0.00034928967943415046,
                    -0.02211446315050125,
                    0.999755322933197
                ]
            ]
        ],
        "betas": [
            0.008123964071273804,
            -0.049101561307907104,
            -0.095181405544281,
            0.046333521604537964,
            0.053390711545944214,
            -0.03154323622584343,
            0.04589882493019104,
            -0.04694908857345581,
            -0.04302695393562317,
            -0.030950814485549927
        ]
    },
    "pred_cam_t": [
        -0.09924917668104172,
        -0.07559026777744293,
        4.486583709716797
    ],
    "focal_length": [
        5000.0,
        5000.0
    ],
    "pred_keypoints_3d": [
        [
            0.09576795995235443,
            0.0063942112028598785,
            0.006188579834997654
        ],
        [
            0.11387080699205399,
            0.031310636550188065,
            -0.01699858158826828
        ],
        [
            0.12484585493803024,
            0.06008658558130264,
            -0.01834302768111229
        ],
        [
            0.1248989999294281,
            0.08722029626369476,
            -0.018105898052453995
        ],
        [
            0.1235421746969223,
            0.12085014581680298,
            -0.03161098062992096
        ],
        [
            0.0828966572880745,
            0.08468417823314667,
            -0.03776643052697182
        ],
        [
            0.08439100533723831,
            0.11756931245326996,
            -0.03468052297830582
        ],
        [
            0.09741893410682678,
            0.1339741349220276,
            -0.027215413749217987
        ],
        [
            0.11402443051338196,
            0.1403399109840393,
            -0.008865654468536377
        ],
        [
            0.0655316710472107,
            0.09197244048118591,
            -0.021114975214004517
        ],
        [
            0.06866451352834702,
            0.12251707911491394,
            -0.013219262473285198
        ],
        [
            0.08898775279521942,
            0.1243811845779419,
            -0.0019965767860412598
        ],
        [
            0.10852660238742828,
            0.11236949265003204,
            0.009620463475584984
        ],
        [
            0.059575945138931274,
            0.08449827134609222,
            0.0038025686517357826
        ],
        [
            0.06890647858381271,
            0.11179361492395401,
            0.003950202371925116
        ],
        [
            0.08997167646884918,
            0.1115511953830719,
            0.01707097329199314
        ],
        [
            0.10582070052623749,
            0.09732921421527863,
            0.03148861601948738
        ],
        [
            0.05989891663193703,
            0.07768648862838745,
            0.024472348392009735
        ],
        [
            0.06896285712718964,
            0.09650246053934097,
            0.021342463791370392
        ],
        [
            0.08441146463155746,
            0.10085269063711166,
            0.031471479684114456
        ],
        [
            0.0979190543293953,
            0.09354423731565475,
            0.04011690616607666
        ]
    ],
    "pred_vertices": [
        [
            0.1016901358962059,
            0.056097306311130524,
            -0.016379613429307938
        ],
        [
            0.10487017035484314,
            0.046800654381513596,
            -0.011534685268998146
        ],
        [
            0.10814957320690155,
            0.054418936371803284,
            -0.01369008980691433
        ],
        [
            0.10548094660043716,
            0.06191525608301163,
            -0.021152984350919724
        ],
        [
            0.12073934078216553,
            0.04171755164861679,
            -0.0007646568119525909
        ],
        [
            0.12995681166648865,
            0.035699278116226196,
            -0.005405966192483902
        ],
        [
            0.13228201866149902,
            0.052165888249874115,
            -0.007585497573018074
        ],
        [
            0.12464589625597,
            0.05482006445527077,
            -0.0018804632127285004
        ],
        [
            0.107220359146595,
            0.06656115502119064,
            -0.024743391200900078
        ],
        [
            0.11127971857786179,
            0.0612449049949646,
            -0.014884714037179947
        ],
        [
            0.1070338785648346,
            0.06649594753980637,
            -0.026170598343014717
        ],
        [
            0.09854138642549515,
            0.06835397332906723,
            -0.03963297978043556
        ],
        [
            0.10126838833093643,
            0.07014039158821106,
            -0.034219563007354736
        ],
        [
            0.09228043258190155,
            0.07247338443994522,
            -0.04466639831662178
        ],
        [
            0.09482654929161072,
            0.05907946079969406,
            -0.04304572567343712
        ],
        [
            0.08356412500143051,
            0.06909135729074478,
            -0.046298012137413025
        ],
        [
            0.07245440781116486,
            0.04741767421364784,
            -0.028553616255521774
        ],
        [
            0.06604298204183578,
            0.04534805938601494,
            -0.016506511718034744
        ],
        [
            0.05980215221643448,
            0.06111675500869751,
            -0.020083820447325706
        ],
        [
            0.06758870929479599,
            0.0620168000459671,
            -0.031547583639621735
        ],
        [
            0.05694843828678131,
            0.05555793642997742,
            -0.00013169972226023674
        ],
        [
            0.05808804929256439,
            0.05935683101415634,
            -0.011274006217718124
        ],
        [
            0.0633130744099617,
            0.04306911304593086,
            -0.00820428691804409
        ],
        [
            0.062248218804597855,
            0.040463753044605255,
            0.001651468686759472
        ],
        [
            0.09561952948570251,
            0.04895086586475372,
            -0.0037122108042240143
        ],
        [
            0.09944881498813629,
            0.03967096284031868,
            0.00015678070485591888
        ],
        [
            0.10084178298711777,
            0.04117030277848244,
            -0.005643770098686218
        ],
        [
            0.0977855920791626,
            0.05037592723965645,
            -0.008785340934991837
        ],
        [
            0.11500212550163269,
            0.06766317784786224,
            -0.026616614311933517
        ],
        [
            0.11128968745470047,
            0.05619969964027405,
            -0.03562664985656738
        ],
        [
            0.1071796864271164,
            0.061950232833623886,
            -0.03269115835428238
        ],
        [
            0.11373070627450943,
            0.06964515894651413,
            -0.02146105282008648
        ],
        [
            0.10947464406490326,
            0.02047114074230194,
            0.020223267376422882
        ],
        [
            0.1096208393573761,
            0.006947040557861328,
            0.019610822200775146
        ],
        [
            0.11189691722393036,
            0.006538473069667816,
            0.01413433626294136
        ],
        [
            0.11086505651473999,
            0.018795520067214966,
            0.015497613698244095
        ],
        [
            0.12353742867708206,
            0.014595329761505127,
            -0.0021900907158851624
        ],
        [
            0.11998747289180756,
            0.004620559513568878,
            -0.0019391253590583801
        ],
        [
            0.11956609785556793,
            -0.0038225501775741577,
            -0.011927992105484009
        ],
        [
            0.12258636951446533,
            0.006199978291988373,
            -0.015197258442640305
        ],
        [
            0.12690609693527222,
            0.02536521852016449,
            -0.003980230540037155
        ],
        [
            0.1290433257818222,
            0.018525756895542145,
            -0.015200763940811157
        ],
        [
            0.1330321580171585,
            0.03151799738407135,
            -0.01530759409070015
        ],
        [
            0.13484643399715424,
            0.050074249505996704,
            -0.016111502423882484
        ],
        [
            0.10209308564662933,
            0.006431281566619873,
            0.029955651611089706
        ],
        [
            0.1013702005147934,
            0.01638704538345337,
            0.03221435099840164
        ],
        [
            0.09632350504398346,
            0.11614380031824112,
            -0.03309544920921326
        ],
        [
            0.0944206714630127,
            0.11678603291511536,
            -0.02754027396440506
        ],
        [
            0.09404103457927704,
            0.11270514130592346,
            -0.028537742793560028
        ],
        [
            0.09564229100942612,
            0.11319147050380707,
            -0.034097447991371155
        ],
        [
            0.0821024626493454,
            0.007953718304634094,
            0.0324617400765419
        ],
        [
            0.07422062754631042,
            0.004865430295467377,
            0.027017612010240555
        ],
        [
            0.07722808420658112,
            -0.0011019930243492126,
            0.029931552708148956
        ],
        [
            0.08559819310903549,
            0.0013026073575019836,
            0.03343208134174347
        ],
        [
            0.07753953337669373,
            0.016744770109653473,
            0.03114071674644947
        ],
        [
            0.070730060338974,
            0.013385973870754242,
            0.022796206176280975
        ],
        [
            0.08893807232379913,
            0.12306764721870422,
            -0.041069988161325455
        ],
        [
            0.09337038546800613,
            0.12052080035209656,
            -0.040379494428634644
        ],
        [
            0.0905306488275528,
            0.11696983873844147,
            -0.042074207216501236
        ],
        [
            0.08565513789653778,
            0.11837442219257355,
            -0.04187021031975746
        ],
        [
            0.10174866020679474,
            0.06856944411993027,
            -0.027784347534179688
        ],
        [
            0.09914916753768921,
            0.06479441374540329,
            -0.0200498029589653
        ],
        [
            0.09405117481946945,
            0.08244864642620087,
            -0.03247944638133049
        ],
        [
            0.09468818455934525,
            0.07566794008016586,
            -0.02730656787753105
        ],
        [
            0.0975269079208374,
            0.07442474365234375,
            -0.0335591696202755
        ],
        [
            0.09564262628555298,
            0.0799488052725792,
            -0.037842199206352234
        ],
        [
            0.08526590466499329,
            0.06902089715003967,
            -0.006635815836489201
        ],
        [
            0.08947208523750305,
            0.058436304330825806,
            -0.003966404125094414
        ],
        [
            0.09161847084760666,
            0.06048549711704254,
            -0.00993526540696621
        ],
        [
            0.08843423426151276,
            0.07237765192985535,
            -0.013942559249699116
        ],
        [
            0.0862005203962326,
            0.05730873718857765,
            0.009782894514501095
        ],
        [
            0.08191511780023575,
            0.06758701801300049,
            0.005841100588440895
        ],
        [
            0.08047797530889511,
            0.06567545235157013,
            0.01411340944468975
        ],
        [
            0.0846240296959877,
            0.059144362807273865,
            0.015853431075811386
        ],
        [
            0.07567127794027328,
            0.08441053330898285,
            -0.004036661237478256
        ],
        [
            0.07316369563341141,
            0.08979582786560059,
            -0.006503272335976362
        ],
        [
            0.07260626554489136,
            0.08994951844215393,
            -0.003223249688744545
        ],
        [
            0.07456490397453308,
            0.08345486223697662,
            -0.0005504386499524117
        ],
        [
            0.07952674478292465,
            -0.007513605058193207,
            0.03196186199784279
        ],
        [
            0.08894747495651245,
            -0.00519348680973053,
            0.03339294344186783
        ],
        [
            0.05632903426885605,
            0.052156124264001846,
            0.021386241540312767
        ],
        [
            0.06221587210893631,
            0.04987427964806557,
            0.030707497149705887
        ],
        [
            0.05660237744450569,
            0.06292659044265747,
            0.03077886253595352
        ],
        [
            0.05114014446735382,
            0.06177300959825516,
            0.020498281344771385
        ],
        [
            0.07042709738016129,
            0.0036447271704673767,
            0.017446577548980713
        ],
        [
            0.07162731140851974,
            -0.0027875155210494995,
            0.021769491955637932
        ],
        [
            0.08413843810558319,
            0.12517067790031433,
            -0.03791150450706482
        ],
        [
            0.08127634227275848,
            0.11964347958564758,
            -0.038065847009420395
        ],
        [
            0.1272227019071579,
            0.02598227560520172,
            -0.026953784748911858
        ],
        [
            0.13232316076755524,
            0.04812326654791832,
            -0.025383492931723595
        ],
        [
            0.12037976086139679,
            0.010435014963150024,
            -0.02518390491604805
        ],
        [
            0.11405988037586212,
            0.0005287677049636841,
            -0.022391170263290405
        ],
        [
            0.11142504215240479,
            -0.008257739245891571,
            -0.019858861342072487
        ],
        [
            0.09073551744222641,
            0.07899447530508041,
            -0.023158639669418335
        ],
        [
            0.09621576219797134,
            0.05898949131369591,
            -0.01343887485563755
        ],
        [
            0.09402626007795334,
            0.04813750833272934,
            0.0011814814060926437
        ],
        [
            0.08634653687477112,
            0.05063948035240173,
            0.03106321021914482
        ],
        [
            0.09093823283910751,
            0.04138785973191261,
            0.03322150558233261
        ],
        [
            0.0941062942147255,
            0.045392658561468124,
            0.023749250918626785
        ],
        [
            0.08890242874622345,
            0.05242273956537247,
            0.023584675043821335
        ],
        [
            0.0699714720249176,
            0.053280021995306015,
            0.03579757362604141
        ],
        [
            0.07665833830833435,
            0.05744915455579758,
            0.03365857154130936
        ],
        [
            0.0720585361123085,
            0.06526435911655426,
            0.03235404193401337
        ],
        [
            0.06472770869731903,
            0.0633808821439743,
            0.03467416390776634
        ],
        [
            0.12079741060733795,
            0.0667126476764679,
            -0.030913177877664566
        ],
        [
            0.11670193076133728,
            0.051632337272167206,
            -0.03725336864590645
        ],
        [
            0.09190802276134491,
            0.01128559559583664,
            0.03462489694356918
        ],
        [
            0.09526415914297104,
            0.004377111792564392,
            0.033122751861810684
        ],
        [
            0.0965450257062912,
            -0.004027120769023895,
            0.03246922045946121
        ],
        [
            0.10556099563837051,
            0.029977552592754364,
            0.009038038551807404
        ],
        [
            0.11193521320819855,
            0.017647169530391693,
            0.012184154242277145
        ],
        [
            0.11368356645107269,
            0.018334150314331055,
            0.00814996100962162
        ],
        [
            0.10541622340679169,
            0.02973303571343422,
            0.005066981539130211
        ],
        [
            0.1088571697473526,
            0.038477152585983276,
            -0.004019271582365036
        ],
        [
            0.11741875112056732,
            0.029651671648025513,
            0.0006395205855369568
        ],
        [
            0.11167711019515991,
            0.04852375388145447,
            -0.003926031291484833
        ],
        [
            0.11550555378198624,
            0.004438251256942749,
            0.007067490369081497
        ],
        [
            0.11415314674377441,
            -0.003490939736366272,
            0.014688275754451752
        ],
        [
            0.11714032292366028,
            -0.004797130823135376,
            0.006415795534849167
        ],
        [
            0.10890088975429535,
            -0.003374449908733368,
            0.02294296585023403
        ],
        [
            0.10288897156715393,
            -0.003438979387283325,
            0.0294851902872324
        ],
        [
            0.07089222967624664,
            -0.010856151580810547,
            0.02442370541393757
        ],
        [
            0.11849437654018402,
            -0.005508832633495331,
            -0.0017138570547103882
        ],
        [
            0.12690012156963348,
            0.06386800110340118,
            -0.005057038739323616
        ],
        [
            0.12815631926059723,
            0.07201506197452545,
            -0.008010508492588997
        ],
        [
            0.12104766070842743,
            0.07215215265750885,
            -0.007854548282921314
        ],
        [
            0.11928890645503998,
            0.06522754579782486,
            -0.005953185260295868
        ],
        [
            0.08723899722099304,
            0.0797092393040657,
            -0.047353167086839676
        ],
        [
            0.0935613140463829,
            0.08032146096229553,
            -0.043220408260822296
        ],
        [
            0.09746221452951431,
            0.07301981747150421,
            -0.04009682312607765
        ],
        [
            0.10401715338230133,
            0.030418194830417633,
            0.023016534745693207
        ],
        [
            0.09755023568868637,
            0.026530474424362183,
            0.03316185623407364
        ],
        [
            0.09007413685321808,
            0.08569730818271637,
            -0.028394930064678192
        ],
        [
            0.08302464336156845,
            0.11418267339468002,
            -0.043055497109889984
        ],
        [
            0.08871306478977203,
            0.11272489279508591,
            -0.04340394213795662
        ],
        [
            0.08704479038715363,
            0.09455941617488861,
            -0.046608615666627884
        ],
        [
            0.08031068742275238,
            0.09635845571756363,
            -0.046442851424217224
        ],
        [
            0.08218054473400116,
            0.09245945513248444,
            -0.027618443593382835
        ],
        [
            0.0886974111199379,
            0.08935749530792236,
            -0.028569035232067108
        ],
        [
            0.08749479800462723,
            0.09145531058311462,
            -0.02826778218150139
        ],
        [
            0.08252045512199402,
            0.09486755728721619,
            -0.02554493583738804
        ],
        [
            0.07168830186128616,
            0.08660607784986496,
            0.005403502378612757
        ],
        [
            0.07351145148277283,
            0.08062480390071869,
            0.007722369395196438
        ],
        [
            0.06544007360935211,
            0.07790851593017578,
            -0.03217199444770813
        ],
        [
            0.06993942707777023,
            0.07505092024803162,
            -0.04458440840244293
        ],
        [
            0.07470820844173431,
            0.06367845088243484,
            -0.04167915880680084
        ],
        [
            0.08335293084383011,
            0.06733378022909164,
            0.00039377063512802124
        ],
        [
            0.07931622862815857,
            0.0767742246389389,
            -0.0012690043076872826
        ],
        [
            0.07797104120254517,
            0.07610631734132767,
            0.0026381323114037514
        ],
        [
            0.08746621012687683,
            0.0821249708533287,
            -0.021470610052347183
        ],
        [
            0.08546262979507446,
            0.0878339558839798,
            -0.024860896170139313
        ],
        [
            0.0832938700914383,
            0.08608994632959366,
            -0.020834550261497498
        ],
        [
            0.08536145836114883,
            0.08038327097892761,
            -0.01677749678492546
        ],
        [
            0.06693121045827866,
            0.03723607957363129,
            0.031064288690686226
        ],
        [
            0.07580207288265228,
            0.04145488142967224,
            0.03738696128129959
        ],
        [
            0.09602092951536179,
            0.11776288598775864,
            -0.03764145076274872
        ],
        [
            0.09427618235349655,
            0.11478958278894424,
            -0.03911396116018295
        ],
        [
            0.08755891770124435,
            0.05700576677918434,
            0.002865161746740341
        ],
        [
            0.08055737614631653,
            0.050775688141584396,
            -0.036999765783548355
        ],
        [
            0.09264525771141052,
            0.047472190111875534,
            0.0065078455954790115
        ],
        [
            0.05424985662102699,
            0.07638358324766159,
            0.008352700620889664
        ],
        [
            0.059334494173526764,
            0.07997171580791473,
            0.013465873897075653
        ],
        [
            0.060837652534246445,
            0.08588682115077972,
            0.01217685453593731
        ],
        [
            0.056230392307043076,
            0.08560055494308472,
            0.008236700668931007
        ],
        [
            0.08336862921714783,
            0.10994230955839157,
            -0.02366110123693943
        ],
        [
            0.08903466910123825,
            0.10930953919887543,
            -0.02445090375840664
        ],
        [
            0.08985207229852676,
            0.1135714128613472,
            -0.023992104455828667
        ],
        [
            0.08435091376304626,
            0.11553731560707092,
            -0.023267025128006935
        ],
        [
            0.09263915568590164,
            0.08755568414926529,
            -0.0326019823551178
        ],
        [
            0.09455645084381104,
            0.08604596555233002,
            -0.038419727236032486
        ],
        [
            0.09397017955780029,
            0.09161659330129623,
            -0.0371711328625679
        ],
        [
            0.09120690822601318,
            0.09178271144628525,
            -0.03186247870326042
        ],
        [
            0.09195972234010696,
            0.08669121563434601,
            -0.04392367973923683
        ],
        [
            0.09193310141563416,
            0.09256189316511154,
            -0.043099600821733475
        ],
        [
            0.07797126471996307,
            0.1117403507232666,
            -0.02668561413884163
        ],
        [
            0.07573316991329193,
            0.11384183913469315,
            -0.0334896557033062
        ],
        [
            0.07230134308338165,
            0.0974731519818306,
            -0.035138681530952454
        ],
        [
            0.07630213350057602,
            0.09822821617126465,
            -0.028299057856202126
        ],
        [
            0.06593205779790878,
            0.025722257792949677,
            0.0029339659959077835
        ],
        [
            0.06515830010175705,
            0.02521941065788269,
            0.01404584851115942
        ],
        [
            0.06121348962187767,
            0.03987228870391846,
            0.013056937605142593
        ],
        [
            0.055851321667432785,
            0.05412760004401207,
            0.012282408773899078
        ],
        [
            0.051991406828165054,
            0.06781909614801407,
            0.010722778737545013
        ],
        [
            0.05145399272441864,
            0.06802666932344437,
            -0.0013602530816569924
        ],
        [
            0.0617356151342392,
            0.0383172370493412,
            0.02113156020641327
        ],
        [
            0.07299185544252396,
            0.08975481241941452,
            -0.028598371893167496
        ],
        [
            0.07008864730596542,
            0.08636754751205444,
            -0.03573322668671608
        ],
        [
            0.06802955269813538,
            0.0856737494468689,
            -0.030776463449001312
        ],
        [
            0.09185788780450821,
            0.04804573580622673,
            0.013928137719631195
        ],
        [
            0.09308557957410812,
            0.11100594699382782,
            -0.04077696427702904
        ],
        [
            0.0897165983915329,
            -0.003390498459339142,
            -0.020426811650395393
        ],
        [
            0.07964108884334564,
            -0.0038569197058677673,
            -0.011031389236450195
        ],
        [
            0.07957618683576584,
            0.004330426454544067,
            -0.014337064698338509
        ],
        [
            0.09193570911884308,
            0.005495451390743256,
            -0.024610603228211403
        ],
        [
            0.09398140758275986,
            0.1089315339922905,
            -0.029249224811792374
        ],
        [
            0.09577848762273788,
            0.10938398540019989,
            -0.035252418369054794
        ],
        [
            0.07164393365383148,
            0.08134855329990387,
            0.014081539586186409
        ],
        [
            0.06993987411260605,
            0.08677226305007935,
            0.010915087535977364
        ],
        [
            0.06714271754026413,
            0.08766284584999084,
            0.012687834911048412
        ],
        [
            0.0692005306482315,
            0.0841330736875534,
            0.018048889935016632
        ],
        [
            0.06600537896156311,
            0.023902863264083862,
            0.019819097593426704
        ],
        [
            0.057090096175670624,
            0.07335242629051208,
            0.030448198318481445
        ],
        [
            0.05128061771392822,
            0.07100924849510193,
            0.021376008167862892
        ],
        [
            0.06851576268672943,
            0.012502677738666534,
            0.014457546174526215
        ],
        [
            0.06863728910684586,
            0.012593381106853485,
            0.0046787625178694725
        ],
        [
            0.07036466896533966,
            0.003162682056427002,
            0.006503462791442871
        ],
        [
            0.05572221428155899,
            0.07597626745700836,
            -0.013578319922089577
        ],
        [
            0.06686397641897202,
            0.028324104845523834,
            -0.005295351147651672
        ],
        [
            0.07018359750509262,
            0.014411628246307373,
            -0.0026078475639224052
        ],
        [
            0.07232538610696793,
            0.003221571445465088,
            -0.0007598940283060074
        ],
        [
            0.07304298877716064,
            -0.004907183349132538,
            0.0010033473372459412
        ],
        [
            0.07094880938529968,
            -0.004104986786842346,
            0.008835489861667156
        ],
        [
            0.07844289392232895,
            0.11459778249263763,
            -0.03873573988676071
        ],
        [
            0.07791298627853394,
            0.12016747146844864,
            -0.03220725059509277
        ],
        [
            0.06999226659536362,
            -0.012809023261070251,
            0.01127181202173233
        ],
        [
            0.07303567230701447,
            -0.013187311589717865,
            0.002507247030735016
        ],
        [
            0.07336873561143875,
            0.01599854975938797,
            -0.011131927371025085
        ],
        [
            0.07919701933860779,
            0.018398620188236237,
            -0.02124839834868908
        ],
        [
            0.07020772248506546,
            0.029473863542079926,
            -0.013304272666573524
        ],
        [
            0.07521861791610718,
            0.032789453864097595,
            -0.023444287478923798
        ],
        [
            0.05555364862084389,
            0.07283637672662735,
            -0.024066802114248276
        ],
        [
            0.08825898170471191,
            0.1350170373916626,
            -0.02536206878721714
        ],
        [
            0.08160238713026047,
            0.12504209578037262,
            -0.026473600417375565
        ],
        [
            0.08518512547016144,
            0.12166842818260193,
            -0.023368312045931816
        ],
        [
            0.08895484358072281,
            0.13224971294403076,
            -0.021879086270928383
        ],
        [
            0.07975003123283386,
            0.11794484406709671,
            -0.026067141443490982
        ],
        [
            0.08093516528606415,
            0.1259172409772873,
            -0.03208345174789429
        ],
        [
            0.0865684524178505,
            0.0365663580596447,
            -0.033860284835100174
        ],
        [
            0.08050071448087692,
            0.0914061963558197,
            -0.023716911673545837
        ],
        [
            0.0953482836484909,
            0.02196419984102249,
            -0.03188807889819145
        ],
        [
            0.09885043650865555,
            0.04644516110420227,
            -0.04178769513964653
        ],
        [
            0.1076592206954956,
            0.036845672875642776,
            -0.038847241550683975
        ],
        [
            0.10607245564460754,
            0.0074771493673324585,
            -0.029508857056498528
        ],
        [
            0.11535458266735077,
            0.022855766117572784,
            -0.034677211195230484
        ],
        [
            0.10047593712806702,
            -0.009836263954639435,
            -0.021636497229337692
        ],
        [
            0.10147351026535034,
            -0.001235373318195343,
            -0.025039928033947945
        ],
        [
            0.123140349984169,
            0.03998459875583649,
            -0.034667741507291794
        ],
        [
