{
    "pred_cam": [
        7.672806739807129,
        -0.09743740409612656,
        -0.07874688506126404
    ],
    "pred_mano_params": {
        "global_orient": [
            [
                [
                    0.3032132685184479,
                    -0.8091889023780823,
                    0.5032645463943481
                ],
                [
                    -0.8958428502082825,
                    -0.4220929741859436,
                    -0.13893601298332214
                ],
                [
                    0.3248499035835266,
                    -0.40871864557266235,
                    -0.8528902530670166
                ]
            ]
        ],
        "hand_pose": [
            [
                [
                    0.7539753913879395,
                    -0.6149771213531494,
                    -0.23092058300971985
                ],
                [
                    0.601030707359314,
                    0.7876874804496765,
                    -0.1353166401386261
                ],
                [
                    0.2651098668575287,
                    -0.036764949560165405,
                    0.9635171294212341
                ]
            ],
            [
                [
                    0.888321578502655,
                    -0.3858185112476349,
                    0.24905595183372498
                ],
                [
                    0.4359728991985321,
                    0.8789228200912476,
                    -0.19344834983348846
                ],
                [
                    -0.14426501095294952,
                    0.2804259955883026,
                    0.9489725232124329
                ]
            ],
            [
                [
                    0.7397117018699646,
                    -0.6727735996246338,
                    -0.014223777689039707
                ],
                [
                    0.6464588642120361,
                    0.7163308262825012,
                    -0.26260435581207275
                ],
                [
                    0.18686220049858093,
                    0.1850564330816269,
                    0.9647987484931946
                ]
            ],
            [
                [
                    0.7604048252105713,
                    -0.6269971132278442,
                    -0.16929006576538086
                ],
                [
                    0.6387340426445007,
                    0.7691599726676941,
                    0.020293094217777252
                ],
                [
                    0.11748741567134857,
                    -0.1235622987151146,
                    0.9853573441505432
                ]
            ],
            [
                [
                    0.4929075837135315,
                    -0.8372054696083069,
                    -0.23691612482070923
                ],
                [
                    0.8660221099853516,
                    0.44579750299453735,
                    0.22642947733402252
                ],
                [
                    -0.08395134657621384,
                    -0.3167833983898163,
                    0.9447754621505737
                ]
            ],
            [
                [
                    0.7543930411338806,
                    -0.5836418271064758,
                    -0.30042195320129395
                ],
                [
                    0.6304346323013306,
                    0.7716963887214661,
                    0.08388593792915344
                ],
                [
                    0.18287520110607147,
                    -0.25267937779426575,
                    0.9501104354858398
                ]
            ],
            [
                [
                    0.5151562690734863,
                    -0.6031326055526733,
                    0.6089705228805542
                ],
                [
                    0.4628564417362213,
                    0.7937602400779724,
                    0.3945992887020111
                ],
                [
                    -0.7213723063468933,
                    0.07858561724424362,
                    0.6880743503570557
                ]
            ],
            [
                [
                    0.7179806232452393,
                    -0.6034936308860779,
                    -0.34684181213378906
                ],
                [
                    0.6948913931846619,
                    0.5925486087799072,
                    0.4074457883834839
                ],
                [
                    -0.040370289236307144,
                    -0.5335555672645569,
                    0.8448009490966797
                ]
            ],
            [
                [
                    0.7395027279853821,
                    -0.6626777648925781,
                    0.118295818567276
                ],
                [
                    0.614237368106842,
                    0.7361758351325989,
                    0.284178763628006
                ],
                [
                    -0.2754054665565491,
                    -0.13748924434185028,
                    0.9514455199241638
                ]
            ],
            [
                [
                    0.7450833916664124,
                    -0.645540714263916,
                    0.16771389544010162
                ],
                [
                    0.6431984305381775,
                    0.7619755864143372,
                    0.07542537152767181
                ],
                [
                    -0.17648404836654663,
                    0.05167510733008385,
                    0.9829461574554443
                ]
            ],
            [
                [
                    0.5757749080657959,
                    -0.7698521614074707,
                    -0.2753377854824066
                ],
                [
                    0.7978667616844177,
                    0.45549848675727844,
                    0.39487937092781067
                ],
                [
                    -0.1785828024148941,
                    -0.4470445513725281,
                    0.8765040636062622
                ]
            ],
            [
                [
                    0.7231757640838623,
                    -0.5674943923950195,
                    -0.393658310174942
                ],
                [
                    0.6717571020126343,
                    0.710391640663147,
                    0.2099670022726059
                ],
                [
                    0.16049644351005554,
                    -0.41628584265708923,
                    0.8949564099311829
                ]
            ],
            [
                [
                    0.9723465442657471,
                    -0.1861223727464676,
                    -0.1410699337720871
                ],
                [
                    -0.08441941440105438,
                    0.2830890715122223,
                    -0.9553711414337158
                ],
                [
                    0.21775132417678833,
                    0.9408607482910156,
                    0.2595483362674713
                ]
            ],
            [
                [
                    0.941804826259613,
                    -0.2230784147977829,
                    -0.2514750361442566
                ],
                [
                    0.33309993147850037,
                    0.7200102806091309,
                    0.6087936162948608
                ],
                [
                    0.04525589197874069,
                    -0.6571310758590698,
                    0.7524165511131287
                ]
            ],
            [
                [
                    0.9519422650337219,
                    0.3042132556438446,
                    0.035499315708875656
                ],
                [
                    -0.30592963099479675,
                    0.9499748945236206,
                    0.06288615614175797
                ],
                [
                    -0.014592659659683704,
                    -0.07072428613901138,
                    0.9973890781402588
                ]
            ]
        ],
        "betas": [
            0.005068868398666382,
            -0.049742311239242554,
            -0.08248350024223328,
            0.04336586594581604,
            0.06674227118492126,
            -0.024135466665029526,
            0.052710533142089844,
            -0.05098196864128113,
            -0.028779610991477966,
            -0.030643552541732788
        ]
    },
    "pred_cam_t": [
        -0.09743740409612656,
        -0.07874688506126404,
        5.091031551361084
    ],
    "focal_length": [
        5000.0,
        5000.0
    ],
    "pred_keypoints_3d": [
        [
            0.09577726572751999,
            0.006394165568053722,
            0.0061902753077447414
        ],
        [
            0.11399812996387482,
            0.03094262257218361,
            -0.01730307564139366
        ],
        [
            0.125233456492424,
            0.059618763625621796,
            -0.01844797097146511
        ],
        [
            0.1253083497285843,
            0.08674830943346024,
            -0.018234994262456894
        ],
        [
            0.1239287257194519,
            0.11963379383087158,
            -0.033479563891887665
        ],
        [
            0.08362789452075958,
            0.08474592119455338,
            -0.03789272531867027
        ],
        [
            0.08546051383018494,
            0.11756157875061035,
            -0.03428768366575241
        ],
        [
            0.09839516878128052,
            0.13407616317272186,
            -0.026906395331025124
        ],
        [
            0.11464302241802216,
            0.14065058529376984,
            -0.008295319974422455
        ],
        [
            0.06656330823898315,
            0.09236085414886475,
            -0.021061161532998085
        ],
        [
            0.06964271515607834,
            0.12292706221342087,
            -0.013224183581769466
        ],
        [
            0.0897960513830185,
            0.12648601830005646,
            -0.0021047228947281837
        ],
        [
            0.10991597175598145,
            0.11623890697956085,
            0.01027166098356247
        ],
        [
            0.06077039986848831,
            0.08506114035844803,
            0.003955820109695196
        ],
        [
            0.06749182194471359,
            0.11310355365276337,
            0.0032295226119458675
        ],
        [
            0.08830570429563522,
            0.11731360107660294,
            0.016063429415225983
        ],
        [
            0.10563436150550842,
            0.10633829981088638,
            0.0316455252468586
        ],
        [
            0.06123325228691101,
            0.07831311225891113,
            0.024656524881720543
        ],
        [
            0.06842225790023804,
            0.09789825230836868,
            0.021348880603909492
        ],
        [
            0.0834163948893547,
            0.10520840436220169,
            0.03040107898414135
        ],
        [
            0.09810224175453186,
            0.10032862424850464,
            0.038704659789800644
        ]
    ],
    "pred_vertices": [
        [
            0.10220099985599518,
            0.0559004582464695,
            -0.016623113304376602
        ],
        [
            0.10524744540452957,
            0.04652087390422821,
            -0.011801252141594887
        ],
        [
            0.10853289067745209,
            0.05406871810555458,
            -0.013917235657572746
        ],
        [
            0.10598518699407578,
            0.06163229048252106,
            -0.02141634374856949
        ],
        [
            0.12097912281751633,
            0.041209083050489426,
            -0.0009990818798542023
        ],
        [
            0.13009721040725708,
            0.035094648599624634,
            -0.00568651407957077
        ],
        [
            0.13257135450839996,
            0.05154858157038689,
            -0.007760576903820038
        ],
        [
            0.1250007152557373,
            0.05427969619631767,
            -0.0020277276635169983
        ],
        [
            0.10769904404878616,
            0.06623630225658417,
            -0.024972187355160713
        ],
        [
            0.11169975250959396,
            0.060853227972984314,
            -0.01507372222840786
        ],
        [
            0.1074441522359848,
            0.06615543365478516,
            -0.026329759508371353
        ],
        [
            0.09894043207168579,
            0.0681564137339592,
            -0.03980907425284386
        ],
        [
            0.10176637768745422,
            0.06990811228752136,
            -0.03445501625537872
        ],
        [
            0.09273102879524231,
            0.07238409668207169,
            -0.0448278933763504
        ],
        [
            0.09507255256175995,
            0.058944448828697205,
            -0.04316507279872894
        ],
        [
            0.08395828306674957,
            0.06914445757865906,
            -0.0463748537003994
        ],
        [
            0.07272592931985855,
            0.047660477459430695,
            -0.028423860669136047
        ],
        [
            0.06643839925527573,
            0.04571100324392319,
            -0.016283895820379257
        ],
        [
            0.06048737093806267,
            0.06152254343032837,
            -0.019832268357276917
        ],
        [
            0.06807135045528412,
            0.062316663563251495,
            -0.03141842409968376
        ],
        [
            0.05791429802775383,
            0.05596674606204033,
            0.0001835627481341362
        ],
        [
            0.05889091640710831,
            0.059760723263025284,
            -0.010984685271978378
        ],
        [
            0.06378301233053207,
            0.04348307102918625,
            -0.007936187088489532
        ],
        [
            0.06282547116279602,
            0.040911655873060226,
            0.0019496399909257889
        ],
        [
            0.09619015455245972,
            0.04891277849674225,
            -0.0038692019879817963
        ],
        [
            0.09991737455129623,
            0.03956855461001396,
            -3.9733946323394775e-05
        ],
        [
            0.10125977545976639,
            0.04100506380200386,
            -0.005880683660507202
        ],
        [
            0.0983162596821785,
            0.05027714744210243,
            -0.008978746831417084
        ],
        [
            0.11533024162054062,
            0.06721992790699005,
            -0.026736024767160416
        ],
        [
            0.11151981353759766,
            0.05582968890666962,
            -0.03580178692936897
        ],
        [
            0.10749025642871857,
            0.061615362763404846,
            -0.032844386994838715
        ],
        [
            0.11409927904605865,
            0.06920751184225082,
            -0.021556608378887177
        ],
        [
            0.10989418625831604,
            0.020295925438404083,
            0.020002907142043114
        ],
        [
            0.10981258749961853,
            0.006772845983505249,
            0.01943732053041458
        ],
        [
            0.11201034486293793,
            0.006307713687419891,
            0.013928795233368874
        ],
        [
            0.11120234429836273,
            0.01857980340719223,
            0.015254054218530655
        ],
        [
            0.12355352938175201,
            0.014109693467617035,
            -0.002540137618780136
        ],
        [
            0.11987553536891937,
            0.004201263189315796,
            -0.0022393204271793365
        ],
        [
            0.11920614540576935,
            -0.004248760640621185,
            -0.012173321098089218
        ],
        [
            0.12235632538795471,
            0.0057279616594314575,
            -0.015480127185583115
        ],
        [
            0.12698015570640564,
            0.024800822138786316,
            -0.00433460995554924
        ],
        [
            0.1289660632610321,
            0.01796034723520279,
            -0.015543585643172264
        ],
        [
            0.133091539144516,
            0.030907779932022095,
            -0.01559130847454071
        ],
        [
            0.13507340848445892,
            0.049454689025878906,
            -0.016301259398460388
        ],
        [
            0.10240767896175385,
            0.006419017910957336,
            0.029882479459047318
        ],
        [
            0.10187447816133499,
            0.016386963427066803,
            0.03210718184709549
        ],
        [
            0.09734747558832169,
            0.11614512652158737,
            -0.03257724270224571
        ],
        [
            0.09539928287267685,
            0.11684856563806534,
            -0.027053387835621834
        ],
        [
            0.09501788020133972,
            0.11265076696872711,
            -0.028095100075006485
        ],
        [
            0.09666439890861511,
            0.11313004791736603,
            -0.033631131052970886
        ],
        [
            0.08247528970241547,
            0.008263908326625824,
            0.032633986324071884
        ],
        [
            0.0744655430316925,
            0.00527799129486084,
            0.02730252593755722
        ],
        [
            0.07742054015398026,
            -0.0007199868559837341,
            0.03020942211151123
        ],
        [
            0.08587846159934998,
            0.0015679746866226196,
            0.03359512984752655
        ],
        [
            0.0780525878071785,
            0.01712428778409958,
            0.03131594508886337
        ],
        [
            0.07106255739927292,
            0.01383354514837265,
            0.023082541301846504
        ],
        [
            0.09002632647752762,
            0.12296263873577118,
            -0.040693990886211395
        ],
        [
            0.09444963932037354,
            0.120426245033741,
            -0.03993583843111992
        ],
        [
            0.09162474423646927,
            0.11685067415237427,
            -0.04163731634616852
        ],
        [
            0.08676527440547943,
            0.1182229071855545,
            -0.04145795851945877
        ],
        [
            0.10232026875019073,
            0.06835067272186279,
            -0.02805006131529808
        ],
        [
            0.0997687503695488,
            0.06464400142431259,
            -0.02029145322740078
        ],
        [
            0.09481240063905716,
            0.0823429748415947,
            -0.03270259499549866
        ],
        [
            0.09540440142154694,
            0.07557209581136703,
            -0.02753853239119053
        ],
        [
            0.09814552217721939,
            0.07426672428846359,
            -0.03381515294313431
        ],
        [
            0.09632167220115662,
            0.07983143627643585,
            -0.03807162493467331
        ],
        [
            0.08612754940986633,
            0.06916913390159607,
            -0.006724237464368343
        ],
        [
            0.09019593894481659,
            0.05851316079497337,
            -0.0040739718824625015
        ],
        [
            0.09230199456214905,
            0.06049994006752968,
            -0.01007663644850254
        ],
        [
            0.08926031738519669,
            0.07244100421667099,
            -0.014081337489187717
        ],
        [
            0.08707453310489655,
            0.05751227214932442,
            0.009719964116811752
        ],
        [
            0.08291736990213394,
            0.06788434833288193,
            0.005806623958051205
        ],
        [
            0.08155648410320282,
            0.06607671827077866,
            0.014106937684118748
        ],
        [
            0.085604727268219,
            0.05942222476005554,
            0.01580493152141571
        ],
        [
            0.0767437145113945,
            0.08482328057289124,
            -0.0040731607005000114
        ],
        [
            0.07414064556360245,
            0.09028611332178116,
            -0.006571512203663588
        ],
        [
            0.07345233112573624,
            0.09083050489425659,
            -0.0033088098280131817
        ],
        [
            0.0756373479962349,
            0.08401089906692505,
            -0.0005507785826921463
        ],
        [
            0.07964427769184113,
            -0.007154390215873718,
            0.032239049673080444
        ],
        [
            0.08912298083305359,
            -0.0049743205308914185,
            0.03354176506400108
        ],
        [
            0.05757752060890198,
            0.05269748345017433,
            0.021667568013072014
        ],
        [
            0.06349268555641174,
            0.05047179013490677,
            0.030956542119383812
        ],
        [
            0.05811227113008499,
            0.06346062570810318,
            0.031112167984247208
        ],
        [
            0.05270549654960632,
            0.062231190502643585,
            0.020903751254081726
        ],
        [
            0.07052458077669144,
            0.00407816469669342,
            0.017776254564523697
        ],
        [
            0.0716809555888176,
            -0.0023516416549682617,
            0.022118739783763885
        ],
        [
            0.0852169468998909,
            0.125093474984169,
            -0.037589605897665024
        ],
        [
            0.08239153027534485,
            0.11944466084241867,
            -0.03768659755587578
        ],
        [
            0.12717200815677643,
            0.02547021210193634,
            -0.02723250351846218
        ],
        [
            0.1325000822544098,
            0.04755296930670738,
            -0.025576677173376083
        ],
        [
            0.12013283371925354,
            0.009999170899391174,
            -0.025453411042690277
        ],
        [
            0.11366863548755646,
            0.000173911452293396,
            -0.022596661001443863
        ],
        [
            0.11090219765901566,
            -0.008575856685638428,
            -0.020006662234663963
        ],
        [
            0.09155213832855225,
            0.0789739117026329,
            -0.023363718762993813
        ],
        [
            0.09683158993721008,
            0.05890965834259987,
            -0.01363387331366539
        ],
        [
            0.09464199841022491,
            0.04814766347408295,
            0.0010483171790838242
        ],
        [
            0.08741969615221024,
            0.050936970859766006,
            0.0310087688267231
        ],
        [
            0.09188800305128098,
            0.04158230870962143,
            0.03313475847244263
        ],
        [
            0.09496930241584778,
            0.04550183191895485,
            0.0236210897564888
        ],
        [
            0.0898779109120369,
            0.05264658480882645,
            0.02349942922592163
        ],
        [
            0.07131092250347137,
            0.05384179577231407,
            0.035932235419750214
        ],
        [
            0.07795573025941849,
            0.057978756725788116,
            0.03369566798210144
        ],
        [
            0.07345197349786758,
            0.06600184738636017,
            0.03241472691297531
        ],
        [
            0.06625521183013916,
            0.06404060125350952,
            0.03486917167901993
        ],
        [
            0.12109315395355225,
            0.06623465567827225,
            -0.031053835526108742
        ],
        [
            0.11687182635068893,
            0.051221467554569244,
            -0.03745031729340553
        ],
        [
            0.09236490726470947,
            0.011447519063949585,
            0.03465673699975014
        ],
        [
            0.09558915346860886,
            0.004486642777919769,
            0.03314477950334549
        ],
        [
            0.09672626107931137,
            -0.00393299013376236,
            0.03251291811466217
        ],
        [
            0.10598966479301453,
            0.029812023043632507,
            0.00879610888659954
        ],
        [
            0.11221431195735931,
            0.017399810254573822,
            0.011921186000108719
        ],
        [
            0.11391440033912659,
            0.01803428679704666,
            0.00785069353878498
        ],
        [
            0.10579065978527069,
            0.029538780450820923,
            0.004803735762834549
        ],
        [
            0.1091206893324852,
            0.038110531866550446,
            -0.004311282187700272
        ],
        [
            0.11760902404785156,
            0.029195647686719894,
            0.00029655545949935913
        ],
        [
            0.11198780685663223,
            0.04810640215873718,
            -0.0041241273283958435
        ],
        [
            0.11549374461174011,
            0.004122428596019745,
            0.00681641697883606
        ],
        [
            0.11410827189683914,
            -0.003751419484615326,
            0.01449488289654255
        ],
        [
            0.1169728934764862,
            -0.0051369741559028625,
            0.006188333034515381
        ],
        [
            0.10896549373865128,
            -0.003518335521221161,
            0.022819584235548973
        ],
        [
            0.1030377745628357,
            -0.0034586042165756226,
            0.02944338135421276
        ],
        [
            0.07085759192705154,
            -0.010395839810371399,
            0.02481616847217083
        ],
        [
            0.11822149157524109,
            -0.005895838141441345,
            -0.0019513890147209167
        ],
        [
            0.1272933930158615,
            0.06333364546298981,
            -0.00517081655561924
        ],
        [
            0.12855173647403717,
            0.07149791717529297,
            -0.008126582950353622
        ],
        [
            0.12147179991006851,
            0.07168449461460114,
            -0.00792987085878849
        ],
        [
            0.11971598863601685,
            0.064768947660923,
            -0.006036348640918732
        ],
        [
            0.0878310278058052,
            0.07975347340106964,
            -0.047475047409534454
        ],
        [
            0.09419731795787811,
            0.08025255799293518,
            -0.04340428113937378
        ],
        [
            0.09796993434429169,
            0.07285105437040329,
            -0.04032377153635025
        ],
        [
            0.10462701320648193,
            0.030345715582370758,
            0.02282279171049595
        ],
        [
            0.09823434054851532,
            0.026597246527671814,
            0.03305430710315704
        ],
        [
            0.0908939465880394,
            0.08562532812356949,
            -0.028575239703059196
        ],
        [
            0.08406597375869751,
            0.11416159570217133,
            -0.042721737176179886
        ],
        [
            0.08974526077508926,
            0.11270099878311157,
            -0.04304290562868118
        ],
        [
            0.08790449798107147,
            0.094670869410038,
            -0.04654068499803543
        ],
        [
            0.08118706941604614,
            0.09652788937091827,
            -0.04636857286095619
        ],
        [
            0.08302763104438782,
            0.09245413541793823,
            -0.027656687423586845
        ],
        [
            0.08949239552021027,
            0.08924763649702072,
            -0.028631087392568588
        ],
        [
            0.08828026801347733,
            0.09133544564247131,
            -0.028255296871066093
        ],
        [
            0.08332937210798264,
            0.09476069360971451,
            -0.02549939602613449
        ],
        [
            0.07248572260141373,
            0.08756431937217712,
            0.0053234095685184
        ],
        [
            0.07456734031438828,
            0.08132924139499664,
            0.007745180279016495
        ],
        [
            0.06616365909576416,
            0.07824867963790894,
            -0.03209778666496277
        ],
        [
            0.0704704150557518,
            0.07532218098640442,
            -0.04457079619169235
        ],
        [
            0.07508373260498047,
            0.06386899948120117,
            -0.041633665561676025
        ],
        [
            0.08427862077951431,
            0.0675574541091919,
            0.00033868569880723953
        ],
        [
            0.0803627222776413,
            0.07709577679634094,
            -0.001299094408750534
        ],
        [
            0.07904482632875443,
            0.07651256024837494,
            0.002635350450873375
        ],
        [
            0.08834637701511383,
            0.08216585963964462,
            -0.02164369821548462
        ],
        [
            0.08634499460458755,
            0.08784376829862595,
            -0.025012001395225525
        ],
        [
            0.08424761891365051,
            0.0862337276339531,
            -0.020958511158823967
        ],
        [
            0.08627811819314957,
            0.08049856126308441,
            -0.016904763877391815
        ],
        [
            0.06788921356201172,
            0.03777380287647247,
            0.031290147453546524
        ],
        [
            0.07687433063983917,
            0.04190189391374588,
            0.03748728334903717
        ],
        [
            0.09708297997713089,
            0.1177058219909668,
            -0.037145670503377914
        ],
        [
            0.09533228725194931,
            0.1146998330950737,
            -0.03865240141749382
        ],
        [
            0.08834127336740494,
            0.05714825540781021,
            0.002787466160953045
        ],
        [
            0.08078581839799881,
            0.05088549479842186,
            -0.03697905316948891
        ],
        [
            0.09331252425909042,
            0.04752559959888458,
            0.006393713876605034
        ],
        [
            0.05528309568762779,
            0.07674046605825424,
            0.008528533391654491
        ],
        [
            0.060145244002342224,
            0.08043429255485535,
            0.013492840342223644
        ],
        [
            0.06126973778009415,
            0.08648673444986343,
            0.011926967650651932
        ],
        [
            0.05662006139755249,
            0.0859808474779129,
            0.00805404782295227
        ],
        [
            0.08428122848272324,
            0.10981211066246033,
            -0.023375317454338074
        ],
        [
            0.08995302021503448,
            0.10916881263256073,
            -0.024149319157004356
        ],
        [
            0.09081368148326874,
            0.1135181188583374,
            -0.02356572449207306
        ],
        [
            0.08531076461076736,
            0.11547917127609253,
            -0.02288997545838356
        ],
        [
            0.09341839700937271,
            0.08744139224290848,
            -0.032680317759513855
        ],
        [
            0.09531550854444504,
            0.08596057444810867,
            -0.03852919489145279
        ],
        [
            0.09478022903203964,
            0.09154262393712997,
            -0.03713829070329666
        ],
        [
            0.09200531989336014,
            0.09167267382144928,
            -0.03183393180370331
        ],
        [
            0.0927148163318634,
            0.08669261634349823,
            -0.04398060590028763
        ],
        [
            0.09276913851499557,
            0.09258434176445007,
            -0.04304845631122589
        ],
        [
            0.07890890538692474,
            0.11162766069173813,
            -0.02642386220395565
        ],
        [
            0.07672273367643356,
            0.11373909562826157,
            -0.03323395550251007
        ],
        [
            0.07314770668745041,
            0.09757425636053085,
            -0.035081882029771805
        ],
        [
            0.07714742422103882,
            0.09821078181266785,
            -0.028216222301125526
        ],
        [
            0.06623852998018265,
            0.02615516632795334,
            0.0032307179644703865
        ],
        [
            0.06559751182794571,
            0.025704726576805115,
            0.014357383362948895
        ],
        [
            0.06195669621229172,
            0.040373366326093674,
            0.013370963744819164
        ],
        [
            0.05697217956185341,
            0.05458087474107742,
            0.01261543296277523
        ],
        [
            0.05344556272029877,
            0.0682237446308136,
            0.011117735877633095
        ],
        [
            0.052710339426994324,
            0.06835201382637024,
            -0.0009945384226739407
        ],
        [
            0.06256460398435593,
            0.03885692358016968,
            0.02142978087067604
        ],
        [
            0.07388187199831009,
            0.09006289392709732,
            -0.0286130141466856
        ],
        [
            0.07086160778999329,
            0.08660001307725906,
            -0.035743460059165955
        ],
        [
            0.06886361539363861,
            0.08601319789886475,
            -0.030760399997234344
        ],
        [
            0.09262922406196594,
            0.048147544264793396,
            0.013818714767694473
        ],
        [
            0.0940871611237526,
            0.11097295582294464,
            -0.04042663052678108
        ],
        [
            0.08925575762987137,
            -0.003388717770576477,
            -0.020338965579867363
        ],
        [
            0.07926951348781586,
            -0.003674708306789398,
            -0.01081094890832901
        ],
        [
            0.07930099964141846,
            0.0045006126165390015,
            -0.014151757583022118
        ],
        [
            0.09158359467983246,
            0.00545857846736908,
            -0.024590538814663887
        ],
        [
            0.0949159562587738,
            0.10880079865455627,
            -0.028937937691807747
        ],
        [
            0.09674552083015442,
            0.10930830985307693,
            -0.03491092473268509
        ],
        [
            0.07255904376506805,
            0.08214158564805984,
            0.01405734196305275
        ],
        [
            0.07057534158229828,
            0.08767177164554596,
            0.010767105035483837
        ],
        [
            0.06754431873559952,
            0.08858370780944824,
            0.012471633031964302
        ],
        [
            0.06987035274505615,
            0.08500969409942627,
            0.017932657152414322
        ],
        [
            0.066502146422863,
            0.024399511516094208,
            0.02011878974735737
        ],
        [
            0.05806557834148407,
            0.07360192388296127,
            0.030644401907920837
        ],
        [
            0.052469559013843536,
            0.07125099003314972,
            0.021832667291164398
        ],
        [
            0.0687209814786911,
            0.01294727623462677,
            0.014774179086089134
        ],
        [
            0.06872314214706421,
            0.012999892234802246,
            0.004988174885511398
        ],
        [
            0.07031756639480591,
            0.003553256392478943,
            0.006828811019659042
        ],
        [
            0.05664278566837311,
            0.07641026377677917,
            -0.01338065043091774
        ],
        [
            0.06709813326597214,
            0.028714090585708618,
            -0.005025943741202354
        ],
        [
            0.07021030783653259,
            0.014767274260520935,
            -0.0023300591856241226
        ],
        [
            0.07219073176383972,
            0.0035531893372535706,
            -0.0004683304578065872
        ],
        [
            0.07280300557613373,
            -0.004577077925205231,
            0.0013220272958278656
        ],
        [
            0.07081832736730576,
            -0.0037116482853889465,
            0.009186726063489914
        ],
        [
            0.07947231829166412,
            0.11451247334480286,
            -0.03843352943658829
        ],
        [
            0.07895944267511368,
            0.12000446766614914,
            -0.03188680484890938
        ],
        [
            0.06975758075714111,
            -0.012390702962875366,
            0.01167315524071455
        ],
        [
            0.07268625497817993,
            -0.012850560247898102,
            0.002864643931388855
        ],
        [
            0.07331497222185135,
            0.016274474561214447,
            -0.010905392467975616
        ],
        [
            0.07908229529857635,
            0.01856169104576111,
            -0.02111756056547165
        ],
        [
            0.0703611820936203,
            0.029790908098220825,
            -0.013083490543067455
        ],
        [
            0.07530970126390457,
            0.033006325364112854,
            -0.023304564878344536
        ],
        [
            0.05638539791107178,
            0.07326822727918625,
            -0.02382209151983261
        ],
        [
            0.0892016589641571,
            0.1351701021194458,
            -0.025177083909511566
        ],
        [
            0.08256979286670685,
            0.12508933246135712,
            -0.026201682165265083
        ],
        [
            0.08612867444753647,
            0.12176787853240967,
            -0.023022497072815895
        ],
        [
            0.08984797447919846,
            0.13243404030799866,
            -0.021650683134794235
        ],
        [
            0.08073043078184128,
            0.11785420775413513,
            -0.025742076337337494
        ],
        [
            0.0819547101855278,
            0.12588666379451752,
            -0.03183065727353096
        ],
        [
            0.08661360293626785,
            0.03659840300679207,
            -0.03386912867426872
        ],
        [
            0.08146078884601593,
            0.09160680323839188,
            -0.023799454793334007
        ],
        [
            0.09520815312862396,
            0.021885044872760773,
            -0.031960707157850266
        ],
        [
            0.09895028173923492,
            0.04627745598554611,
            -0.04191204160451889
        ],
        [
            0.10766474902629852,
            0.03658225014805794,
            -0.03903038054704666
        ],
        [
            0.10574650764465332,
            0.007240526378154755,
            -0.02965029515326023
        ],
        [
            0.11522358655929565,
            0.022507525980472565,
            -0.03490135818719864
        ],
        [
            0.0999029278755188,
            -0.00999964028596878,
            -0.0216559749096632
        ],
        [
            0.1010202169418335,
            -0.00141201913356781,
            -0.02510734461247921
        ],
        [
            0.12322026491165161,
            0.039537858217954636,
            -0.03488390892744064
        ],
        [
            0.10097065567970276,
