{
    "pred_cam": [
        6.198581695556641,
        0.12895873188972473,
        -0.09178723394870758
    ],
    "pred_mano_params": {
        "global_orient": [
            [
                [
                    -0.06976160407066345,
                    -0.8857113718986511,
                    0.4589647650718689
                ],
                [
                    -0.9539227485656738,
                    -0.07536481320858002,
                    -0.2904331088066101
                ],
                [
                    0.2918296754360199,
                    -0.4580780565738678,
                    -0.8396427035331726
                ]
            ]
        ],
        "hand_pose": [
            [
                [
                    0.8211477994918823,
                    -0.49002090096473694,
                    -0.29256752133369446
                ],
                [
                    0.46708622574806213,
                    0.8715914487838745,
                    -0.14885850250720978
                ],
                [
                    0.3279431164264679,
                    -0.014419416896998882,
                    0.9445874094963074
                ]
            ],
            [
                [
                    0.9680377244949341,
                    0.24721728265285492,
                    0.04226814955472946
                ],
                [
                    -0.23831495642662048,
                    0.9591941833496094,
                    -0.1521594077348709
                ],
                [
                    -0.07815980166196823,
                    0.13722291588783264,
                    0.9874517321586609
                ]
            ],
            [
                [
                    0.9349453449249268,
                    -0.3230367600917816,
                    -0.14671215415000916
                ],
                [
                    0.1813700646162033,
                    0.7905688285827637,
                    -0.5848981738090515
                ],
                [
                    0.3049296438694,
                    0.5202386379241943,
                    0.7977278232574463
                ]
            ],
            [
                [
                    0.8554977774620056,
                    -0.4802268147468567,
                    -0.1936643421649933
                ],
                [
                    0.462076336145401,
                    0.8768073916435242,
                    -0.13301950693130493
                ],
                [
                    0.23368586599826813,
                    0.0243101567029953,
                    0.972008228302002
                ]
            ],
            [
                [
                    0.9605895280838013,
                    0.27331122756004333,
                    -0.05068134143948555
                ],
                [
                    -0.24802109599113464,
                    0.9250513911247253,
                    0.28768983483314514
                ],
                [
                    0.12551173567771912,
                    -0.2637818455696106,
                    0.956381618976593
                ]
            ],
            [
                [
                    0.9858887195587158,
                    -0.051162585616111755,
                    -0.15939219295978546
                ],
                [
                    0.05776042491197586,
                    0.9976431727409363,
                    0.037036679685115814
                ],
                [
                    0.1571216583251953,
                    -0.04572060704231262,
                    0.9865203499794006
                ]
            ],
            [
                [
                    0.505355715751648,
                    -0.2816274166107178,
                    0.8156601190567017
                ],
                [
                    0.4632240831851959,
                    0.8860389590263367,
                    0.018929386511445045
                ],
                [
                    -0.7280377745628357,
                    0.36826735734939575,
                    0.5782214403152466
                ]
            ],
            [
                [
                    0.9098959565162659,
                    0.037958428263664246,
                    -0.41309624910354614
                ],
                [
                    0.05306018888950348,
                    0.9769765138626099,
                    0.2066437155008316
                ],
                [
                    0.41142913699150085,
                    -0.2099432498216629,
                    0.886932909488678
                ]
            ],
            [
                [
                    0.9893277287483215,
                    -0.07992583513259888,
                    0.12183032929897308
                ],
                [
                    0.10067636519670486,
                    0.9794046878814697,
                    -0.17501646280288696
                ],
                [
                    -0.1053328812122345,
                    0.18541406095027924,
                    0.9769988656044006
                ]
            ],
            [
                [
                    0.8491896390914917,
                    -0.46533384919166565,
                    0.24968263506889343
                ],
                [
                    0.5163161754608154,
                    0.8308712244033813,
                    -0.2075345814228058
                ],
                [
                    -0.1108812466263771,
                    0.3051513731479645,
                    0.9458266496658325
                ]
            ],
            [
                [
                    0.969306230545044,
                    0.16074077785015106,
                    -0.18603216111660004
                ],
                [
                    -0.09867037832736969,
                    0.9473943710327148,
                    0.30448001623153687
                ],
                [
                    0.22518816590309143,
                    -0.2767784595489502,
                    0.9341756105422974
                ]
            ],
            [
                [
                    0.9672390222549438,
                    -0.07097920775413513,
                    -0.24374312162399292
                ],
                [
                    0.09790755808353424,
                    0.9901394248008728,
                    0.10019040107727051
                ],
                [
                    0.2342282086610794,
                    -0.1207723543047905,
                    0.9646508693695068
                ]
            ],
            [
                [
                    0.9970278739929199,
                    -0.006606412585824728,
                    -0.07675791531801224
                ],
                [
                    -0.06089736148715019,
                    0.5426942706108093,
                    -0.837719738483429
                ],
                [
                    0.047190405428409576,
                    0.8399043083190918,
                    0.5406789779663086
                ]
            ],
            [
                [
                    0.924473762512207,
                    -0.28567102551460266,
                    -0.2524682283401489
                ],
                [
                    0.381203830242157,
                    0.7024363875389099,
                    0.6010547280311584
                ],
                [
                    0.005638922564685345,
                    -0.6519012451171875,
                    0.7582828998565674
                ]
            ],
            [
                [
                    0.9513300657272339,
                    0.26054561138153076,
                    0.16458147764205933
                ],
                [
                    -0.2832046151161194,
                    0.9497187733650208,
                    0.13352705538272858
                ],
                [
                    -0.12151622772216797,
                    -0.17363855242729187,
                    0.9772837162017822
                ]
            ]
        ],
        "betas": [
            -0.05654633045196533,
            0.0038980841636657715,
            -0.07930666208267212,
            0.0511913001537323,
            0.05759677290916443,
            0.0003674812614917755,
            0.04997357726097107,
            -0.0470578670501709,
            -0.0017590373754501343,
            -0.03408712148666382
        ]
    },
    "pred_cam_t": [
        -0.12895873188972473,
        -0.09178723394870758,
        6.301844596862793
    ],
    "focal_length": [
        5000.0,
        5000.0
    ],
    "pred_keypoints_3d": [
        [
            0.0960361510515213,
            0.006412808783352375,
            0.006197555921971798
        ],
        [
            0.1234094500541687,
            0.023137815296649933,
            -0.01546249259263277
        ],
        [
            0.14688335359096527,
            0.04134078323841095,
            -0.02401166595518589
        ],
        [
            0.16148585081100464,
            0.06388109922409058,
            -0.028276976197957993
        ],
        [
            0.17550276219844818,
            0.08794297277927399,
            -0.05153965577483177
        ],
        [
            0.11634741723537445,
            0.08520480990409851,
            -0.03465595841407776
        ],
        [
            0.12516486644744873,
            0.11687204241752625,
            -0.030373767018318176
        ],
        [
            0.12999863922595978,
            0.13852360844612122,
            -0.028212955221533775
        ],
        [
            0.13167577981948853,
            0.16352064907550812,
            -0.019087718799710274
        ],
        [
            0.10241372138261795,
            0.09815201163291931,
            -0.018020689487457275
        ],
        [
            0.10912840068340302,
            0.12804150581359863,
            -0.009550478309392929
        ],
        [
            0.11103057861328125,
            0.15029510855674744,
            -0.002790197730064392
        ],
        [
            0.10830608010292053,
            0.174733966588974,
            0.007107059471309185
        ],
        [
            0.09298652410507202,
            0.09271937608718872,
            0.006514872424304485
        ],
        [
            0.10483802855014801,
            0.1190648078918457,
            0.005135044921189547
        ],
        [
            0.11087736487388611,
            0.14230042695999146,
            0.011615326628088951
        ],
        [
            0.11175696551799774,
            0.16654036939144135,
            0.021744392812252045
        ],
        [
            0.0898304283618927,
            0.08560033142566681,
            0.026965904980897903
        ],
        [
            0.10072403401136398,
            0.10267432779073715,
            0.020791208371520042
        ],
        [
            0.10791884362697601,
            0.1202319860458374,
            0.022106822580099106
        ],
        [
            0.11517082154750824,
            0.13727691769599915,
            0.019836295396089554
        ]
    ],
    "pred_vertices": [
        [
            0.12238509207963943,
            0.050888314843177795,
            -0.01430460624396801
        ],
        [
            0.12251020967960358,
            0.04140312597155571,
            -0.009766733273863792
        ],
        [
            0.1301974654197693,
            0.04673077538609505,
            -0.01372864842414856
        ],
        [
            0.1292041391134262,
            0.05476488545536995,
            -0.019738463684916496
        ],
        [
            0.1372367888689041,
            0.02892293781042099,
            -0.002604871988296509
        ],
        [
            0.1419583559036255,
            0.019025616347789764,
            -0.007521573454141617
        ],
        [
            0.151842400431633,
            0.03182954341173172,
            -0.012689381837844849
        ],
        [
            0.14736300706863403,
            0.03820544853806496,
            -0.0065762959420681
        ],
        [
            0.13380011916160583,
            0.057997945696115494,
            -0.024730388075113297
        ],
        [
            0.13674640655517578,
            0.051042936742305756,
            -0.01663106493651867
        ],
        [
            0.13438047468662262,
            0.05732705071568489,
            -0.027890481054782867
        ],
        [
            0.12551842629909515,
            0.06325017660856247,
            -0.03883777931332588
        ],
        [
            0.12858432531356812,
            0.06409898400306702,
            -0.03266988694667816
        ],
        [
            0.12095150351524353,
            0.06998822093009949,
            -0.042837873101234436
        ],
        [
            0.11777801811695099,
            0.0560043565928936,
            -0.04240303859114647
        ],
        [
            0.11140167713165283,
            0.06998738646507263,
            -0.0444590225815773
        ],
        [
            0.0917501300573349,
            0.054245725274086,
            -0.027327679097652435
        ],
        [
            0.0846744030714035,
            0.054481130093336105,
            -0.015466607175767422
        ],
        [
            0.08568356186151505,
            0.07104513049125671,
            -0.018391486257314682
        ],
        [
            0.09338347613811493,
            0.06942787766456604,
            -0.02971949428319931
        ],
        [
            0.08012518286705017,
            0.06618104130029678,
            0.0012134171556681395
        ],
        [
            0.08299975097179413,
            0.06974906474351883,
            -0.00971574429422617
        ],
        [
            0.08093302696943283,
            0.05312144011259079,
            -0.007313748821616173
        ],
        [
            0.0786086767911911,
            0.05072396993637085,
            0.0024367114529013634
        ],
        [
            0.11285758018493652,
            0.046132899820804596,
            -0.0017409026622772217
        ],
        [
            0.11260494589805603,
            0.03615046292543411,
            0.0021305885165929794
        ],
        [
            0.11508442461490631,
            0.03749296814203262,
            -0.0033101122826337814
        ],
        [
            0.1157555803656578,
            0.046848975121974945,
            -0.006662135943770409
        ],
        [
            0.14170385897159576,
            0.05299045890569687,
            -0.03150958567857742
        ],
        [
            0.1319410502910614,
            0.045377060770988464,
            -0.03763250261545181
        ],
        [
            0.13157282769680023,
            0.05274605005979538,
            -0.034484248608350754
        ],
        [
            0.1426263302564621,
            0.05567755177617073,
            -0.026459140703082085
        ],
        [
            0.11363192647695541,
            0.013662278652191162,
            0.021206889301538467
        ],
        [
            0.10861938446760178,
            0.0011277943849563599,
            0.019975734874606133
        ],
        [
            0.11077889055013657,
            9.930133819580078e-05,
            0.014570673927664757
        ],
        [
            0.11439818888902664,
            0.011865481734275818,
            0.01659586653113365
        ],
        [
            0.12537389993667603,
            0.003171361982822418,
            -0.001612398773431778
        ],
        [
            0.11777591705322266,
            -0.004379920661449432,
            -0.001416824758052826
        ],
        [
            0.11434455215930939,
            -0.012017861008644104,
            -0.012091239914298058
        ],
        [
            0.12064070254564285,
            -0.004251323640346527,
            -0.015384364873170853
        ],
        [
            0.1340147852897644,
            0.011385761201381683,
            -0.0042336806654930115
        ],
        [
            0.1318172663450241,
            0.0038721486926078796,
            -0.015778597444295883
        ],
        [
            0.1412554681301117,
            0.013329587876796722,
            -0.017519768327474594
        ],
        [
            0.15143099427223206,
            0.027999356389045715,
            -0.02118241786956787
        ],
        [
            0.1010604128241539,
            0.003222636878490448,
            0.030191518366336823
        ],
        [
            0.10411234945058823,
            0.012607842683792114,
            0.03285573422908783
        ],
        [
            0.1350325644016266,
            0.12016148865222931,
            -0.029579676687717438
        ],
        [
            0.13232041895389557,
            0.12115147709846497,
            -0.024519264698028564
        ],
        [
            0.1321592628955841,
            0.1149207279086113,
            -0.025150541216135025
        ],
        [
            0.1343507617712021,
            0.11533823609352112,
            -0.03045024909079075
        ],
        [
            0.08303993940353394,
            0.012286953628063202,
            0.032348159700632095
        ],
        [
            0.07469296455383301,
            0.01268688589334488,
            0.026582423597574234
        ],
        [
            0.07509256154298782,
            0.005922868847846985,
            0.029336869716644287
        ],
        [
            0.08367809653282166,
            0.004777736961841583,
            0.03313862532377243
        ],
        [
            0.0823395624756813,
            0.022207915782928467,
            0.031256914138793945
        ],
        [
            0.0749378651380539,
            0.02203170210123062,
            0.022608991712331772
        ],
        [
            0.12717896699905396,
            0.12359370291233063,
            -0.03884617239236832
        ],
        [
            0.1319860965013504,
            0.12228548526763916,
            -0.037521809339523315
        ],
        [
            0.12980809807777405,
            0.11769986152648926,
            -0.03888101503252983
        ],
        [
            0.12466683238744736,
            0.1185775175690651,
            -0.03914449363946915
        ],
        [
            0.1277298629283905,
            0.0625452771782875,
            -0.025488965213298798
        ],
        [
            0.12322483956813812,
            0.05991572141647339,
            -0.017534907907247543
        ],
        [
            0.12589740753173828,
            0.07933978736400604,
            -0.02940899319946766
        ],
        [
            0.12352071702480316,
            0.07198208570480347,
            -0.024339258670806885
        ],
        [
            0.12614549696445465,
            0.06994913518428802,
            -0.03081611357629299
        ],
        [
            0.12667393684387207,
            0.07649175077676773,
            -0.03496399521827698
        ],
        [
            0.11127101629972458,
            0.06883305311203003,
            -0.0040317680686712265
        ],
        [
            0.1109127327799797,
            0.05728355795145035,
            -0.0017568133771419525
        ],
        [
            0.11393678188323975,
            0.0585356131196022,
            -0.007594144903123379
        ],
        [
            0.11578941345214844,
            0.07093018293380737,
            -0.011145507916808128
        ],
        [
            0.10695043206214905,
            0.05715213716030121,
            0.011932862922549248
        ],
        [
            0.10723915696144104,
            0.06854484975337982,
            0.008407633751630783
        ],
        [
            0.1048879399895668,
            0.06725510954856873,
            0.016636742278933525
        ],
        [
            0.10597536712884903,
            0.0593646802008152,
            0.018090710043907166
        ],
        [
            0.10820344090461731,
            0.08711530268192291,
            -0.0008195741102099419
        ],
        [
            0.10719010978937149,
            0.0937383696436882,
            -0.003199959173798561
        ],
        [
            0.1066247820854187,
            0.0942411944270134,
            0.0008172537200152874
        ],
        [
            0.106516033411026,
            0.08682078123092651,
            0.002852402161806822
        ],
        [
            0.07469191402196884,
            -0.0009365305304527283,
            0.03115437924861908
        ],
        [
            0.08428855985403061,
            -0.002488046884536743,
            0.03290725499391556
        ],
        [
            0.07728748023509979,
            0.06280423700809479,
            0.022427137941122055
        ],
        [
            0.08131363987922668,
            0.05858323350548744,
            0.032106488943099976
        ],
        [
            0.08011701703071594,
            0.07273741066455841,
            0.03234206885099411
        ],
        [
            0.07601909339427948,
            0.07326380908489227,
            0.021786024793982506
        ],
        [
            0.07100221514701843,
            0.013349071145057678,
            0.016805635765194893
        ],
        [
            0.06949359178543091,
            0.006810620427131653,
            0.020930951461195946
        ],
        [
            0.12160259485244751,
            0.12522216141223907,
            -0.03659631311893463
        ],
        [
            0.11972282081842422,
            0.11987294256687164,
            -0.035973742604255676
        ],
        [
            0.13218800723552704,
            0.010832272469997406,
            -0.02808225341141224
        ],
        [
            0.146891787648201,
            0.02721630036830902,
            -0.029690563678741455
        ],
        [
            0.11971553415060043,
            0.000425778329372406,
            -0.025139765813946724
        ],
        [
            0.11056382209062576,
            -0.005820080637931824,
            -0.022297659888863564
        ],
        [
            0.10524052381515503,
            -0.012797527015209198,
            -0.0201611015945673
        ],
        [
            0.12100749462842941,
            0.07653837651014328,
            -0.02009352296590805
        ],
        [
            0.11784415692090988,
            0.05549130216240883,
            -0.011101393029093742
        ],
        [
            0.1108618825674057,
            0.04580862447619438,
            0.003034885972738266
        ],
        [
            0.10374712944030762,
            0.05030426010489464,
            0.03295575827360153
        ],
        [
            0.10428603738546371,
            0.039761193096637726,
            0.034747231751680374
        ],
        [
            0.10904929041862488,
            0.04257052391767502,
            0.025526035577058792
        ],
        [
            0.10702579468488693,
            0.05120597779750824,
            0.025603119283914566
        ],
        [
            0.08949948847293854,
            0.05886958912014961,
            0.03752971068024635
        ],
        [
            0.09738145768642426,
            0.060522764921188354,
            0.03570108488202095
        ],
        [
            0.09571240842342377,
            0.07035978138446808,
            0.034723132848739624
        ],
        [
            0.0878271758556366,
            0.070770762860775,
            0.036687470972537994
        ],
        [
            0.14519952237606049,
            0.048712022602558136,
            -0.03656206652522087
        ],
        [
            0.13417963683605194,
            0.03832011669874191,
            -0.03969520330429077
        ],
        [
            0.09333323687314987,
            0.011476323008537292,
            0.034864697605371475
        ],
        [
            0.093827985227108,
            0.00386655330657959,
            0.03313727676868439
        ],
        [
            0.09182523190975189,
            -0.004328683018684387,
            0.03215521201491356
        ],
        [
            0.11411168426275253,
            0.024599067866802216,
            0.010798921808600426
        ],
        [
            0.11503703147172928,
            0.010615237057209015,
            0.013422735035419464
        ],
        [
            0.1171632930636406,
            0.010817505419254303,
            0.00967147946357727
        ],
        [
            0.11414311826229095,
            0.024828962981700897,
            0.007232099771499634
        ],
        [
            0.123930923640728,
            0.03230444714426994,
            -0.002618905156850815
        ],
        [
            0.1275176703929901,
            0.02012430876493454,
            0.0016875341534614563
        ],
        [
            0.1324014514684677,
            0.03965575993061066,
            -0.00526013970375061
        ],
        [
            0.11351821571588516,
            -0.0030073150992393494,
            0.007581222802400589
        ],
        [
            0.10906186699867249,
            -0.010071434080600739,
            0.014742819592356682
        ],
        [
            0.11162371188402176,
            -0.012225590646266937,
            0.006483171135187149
        ],
        [
            0.1039004698395729,
            -0.008199609816074371,
            0.022895637899637222
        ],
        [
            0.09803272038698196,
            -0.006143286824226379,
            0.02931937202811241
        ],
        [
            0.06565012037754059,
            -0.00045771896839141846,
            0.0232418030500412
        ],
        [
            0.11277515441179276,
            -0.013217456638813019,
            -0.0017408691346645355
        ],
        [
            0.1536809504032135,
            0.04449755698442459,
            -0.01174280233681202
        ],
        [
            0.15842676162719727,
            0.05025304853916168,
            -0.016307272017002106
        ],
        [
            0.1525880992412567,
            0.05419182404875755,
            -0.015152462758123875
        ],
        [
            0.14767570793628693,
            0.04955404996871948,
            -0.0117634367197752
        ],
        [
            0.11872492730617523,
            0.07926836609840393,
            -0.04503471031785011
        ],
        [
            0.12493371963500977,
            0.07774145901203156,
            -0.04065116122364998
        ],
        [
            0.1259484440088272,
            0.06864570826292038,
            -0.037930041551589966
        ],
        [
            0.11235073953866959,
            0.024849064648151398,
            0.024298347532749176
        ],
        [
            0.10452322661876678,
            0.023420564830303192,
            0.03414721041917801
        ],
        [
            0.12306288629770279,
            0.08379251509904861,
            -0.02529853582382202
        ],
        [
            0.12165536731481552,
            0.11480319499969482,
            -0.04003170505166054
        ],
        [
            0.12723885476589203,
            0.11315025389194489,
            -0.0401289239525795
        ],
        [
            0.12250927835702896,
            0.09499412029981613,
            -0.0431693010032177
        ],
        [
            0.11640755832195282,
            0.09807085990905762,
            -0.04319119453430176
        ],
        [
            0.11736688017845154,
            0.09329912811517715,
            -0.02442452311515808
        ],
        [
            0.12251348793506622,
            0.08837763220071793,
            -0.025400744751095772
        ],
        [
            0.12170404940843582,
            0.09123928844928741,
            -0.02503969520330429
        ],
        [
            0.11764860153198242,
            0.0957096740603447,
            -0.022469811141490936
        ],
        [
            0.10349030792713165,
            0.09175007045269012,
            0.009261474013328552
        ],
        [
            0.10362502932548523,
            0.08486989140510559,
            0.011076461523771286
        ],
        [
            0.09778133779764175,
            0.0848548412322998,
            -0.029774732887744904
        ],
        [
            0.10106344521045685,
            0.08052026480436325,
            -0.04213273897767067
        ],
        [
            0.10088329017162323,
            0.06840334087610245,
            -0.03968917205929756
        ],
        [
            0.10862128436565399,
            0.06784000992774963,
            0.0029277484863996506
        ],
        [
            0.10865820944309235,
            0.0783228874206543,
            0.001659856177866459
        ],
        [
            0.10697577893733978,
            0.07826131582260132,
            0.005596783943474293
        ],
        [
            0.11907099187374115,
            0.08071630448102951,
            -0.01835457608103752
        ],
        [
            0.11936131864786148,
            0.08718763291835785,
            -0.02168933115899563
        ],
        [
            0.11671435087919235,
            0.08620525896549225,
            -0.01754697412252426
        ],
        [
            0.11619653552770615,
            0.07973238825798035,
            -0.013697878457605839
        ],
        [
            0.08077338337898254,
            0.04512987285852432,
            0.031880803406238556
        ],
        [
            0.09031523764133453,
            0.045499444007873535,
            0.03864409029483795
        ],
        [
            0.13484832644462585,
            0.12080567330121994,
            -0.034304987639188766
        ],
        [
            0.13331320881843567,
            0.11615140736103058,
            -0.03555401414632797
        ],
        [
            0.10833829641342163,
            0.056522171944379807,
            0.005004809238016605
        ],
        [
            0.1006876602768898,
            0.05420397222042084,
            -0.035635001957416534
        ],
        [
            0.10910442471504211,
            0.04555562883615494,
            0.00830052886158228
        ],
        [
            0.08400125801563263,
            0.08615336567163467,
            0.009670939296483994
        ],
        [
            0.08872091770172119,
            0.08779206871986389,
            0.015056196600198746
        ],
        [
            0.09120646119117737,
            0.09389499574899673,
            0.013030928559601307
        ],
        [
            0.08717233687639236,
            0.09459783881902695,
            0.008323446847498417
        ],
        [
            0.12059398740530014,
            0.11166755855083466,
            -0.020654477179050446
        ],
        [
            0.1263526827096939,
            0.11034750938415527,
            -0.021270815283060074
        ],
        [
            0.12747879326343536,
            0.11597663164138794,
            -0.02086818218231201
        ],
        [
            0.12189614772796631,
            0.11738667637109756,
            -0.020526722073554993
        ],
        [
            0.12590515613555908,
            0.08573244512081146,
            -0.029448959976434708
        ],
        [
            0.12747575342655182,
            0.08369535952806473,
            -0.03536459431052208
        ],
        [
            0.1282319277524948,
            0.0902353972196579,
            -0.03382905200123787
        ],
        [
            0.1254434436559677,
            0.09087109565734863,
            -0.028575893491506577
        ],
        [
            0.12526355683803558,
            0.08547645062208176,
            -0.04088747873902321
        ],
        [
            0.12673957645893097,
            0.09189127385616302,
            -0.039660047739744186
        ],
        [
            0.11547158658504486,
            0.11358222365379333,
            -0.024516144767403603
        ],
        [
            0.11332296580076218,
            0.11521919071674347,
            -0.031722668558359146
        ],
        [
            0.10833453387022018,
            0.10058654844760895,
            -0.03273061662912369
        ],
        [
            0.11253997683525085,
            0.10041286051273346,
            -0.025618823245167732
        ],
        [
            0.07608839869499207,
            0.03584235906600952,
            0.0031169760040938854
        ],
        [
            0.07478281855583191,
            0.0353127047419548,
            0.014224684797227383
        ],
        [
            0.07707786560058594,
            0.05016167834401131,
            0.013828214257955551
        ],
        [
            0.07790448516607285,
            0.06488681584596634,
            0.01354969572275877
        ],
        [
            0.07980048656463623,
            0.07869595289230347,
            0.012430265545845032
        ],
        [
            0.08031567931175232,
            0.079102523624897,
            0.0002502633724361658
        ],
        [
            0.07669474929571152,
            0.048325128853321075,
            0.02184337005019188
        ],
        [
            0.10852675884962082,
            0.09435531497001648,
            -0.02551785111427307
        ],
        [
            0.10443748533725739,
            0.09095095098018646,
            -0.033208634704351425
        ],
        [
            0.10269416123628616,
            0.0916757732629776,
            -0.02822808548808098
        ],
        [
            0.10833150148391724,
            0.04618397355079651,
            0.015738630667328835
        ],
        [
            0.13117273151874542,
            0.11121313273906708,
            -0.0373215489089489
        ],
        [
            0.08737479895353317,
            0.00033608078956604004,
            -0.020903602242469788
        ],
        [
            0.07773207128047943,
            0.003675520420074463,
            -0.011869487352669239
        ],
        [
            0.08091448247432709,
            0.011367708444595337,
            -0.014824047684669495
        ],
        [
            0.09266098588705063,
            0.0076972246170043945,
            -0.024576030671596527
        ],
        [
            0.13142766058444977,
            0.10893528908491135,
            -0.025740990415215492
        ],
        [
            0.13353639841079712,
            0.1095123440027237,
            -0.03168465197086334
        ],
        [
            0.10093862563371658,
            0.08648072183132172,
            0.017154846340417862
        ],
        [
            0.10064828395843506,
            0.09258890151977539,
            0.014026010408997536
        ],
        [
            0.09762031584978104,
            0.09465047717094421,
            0.015141716226935387
        ],
        [
            0.0981675311923027,
            0.09028135985136032,
            0.020704854279756546
        ],
        [
            0.07487519830465317,
            0.03358369320631027,
            0.019968707114458084
        ],
        [
            0.0818241611123085,
            0.08226945996284485,
            0.03025905415415764
        ],
        [
            0.07754095643758774,
            0.08145907521247864,
            0.021854275837540627
        ],
        [
            0.07279278337955475,
            0.022339336574077606,
            0.0141427181661129
        ],
        [
            0.07331524789333344,
            0.022691093385219574,
            0.004327763803303242
        ],
        [
            0.07116025686264038,
            0.013271667063236237,
            0.005786381661891937
        ],
        [
            0.08738340437412262,
            0.0858205184340477,
            -0.011669589206576347
        ],
        [
            0.07825534045696259,
            0.038171835243701935,
            -0.005019515287131071
        ],
        [
            0.07575949281454086,
            0.023996606469154358,
            -0.0028764549642801285
        ],
        [
            0.07330119609832764,
            0.012781158089637756,
            -0.001475452445447445
        ],
        [
            0.07075512409210205,
            0.004937626421451569,
            -2.513919025659561e-05
        ],
        [
            0.06880509853363037,
            0.006257936358451843,
            0.007837507873773575
        ],
        [
            0.11653481423854828,
            0.11562152951955795,
            -0.03627781569957733
        ],
        [
            0.11582383513450623,
            0.12026435136795044,
            -0.03097737766802311
        ],
        [
            0.06450650095939636,
            -0.0015135109424591064,
            0.009912298992276192
        ],
        [
            0.06751103699207306,
            -0.0027746036648750305,
            0.001162768341600895
        ],
        [
            0.07965394854545593,
            0.024496667087078094,
            -0.011288437992334366
        ],
        [
            0.08610408008098602,
            0.024655647575855255,
            -0.021072868257761
        ],
        [
            0.08212311565876007,
            0.03820596635341644,
            -0.012919476255774498
        ],
        [
            0.08833958208560944,
            0.03960316255688667,
            -0.02277868241071701
        ],
        [
            0.08693452179431915,
            0.08293414860963821,
            -0.021975412964820862
        ],
        [
            0.12088937312364578,
            0.13696002960205078,
            -0.027195483446121216
        ],
        [
            0.11786110699176788,
            0.12553855776786804,
            -0.02583536133170128
        ],
        [
            0.12170549482107162,
            0.12416435778141022,
            -0.021560044959187508
        ],
        [
            0.1219044029712677,
            0.13575859367847443,
            -0.02291782572865486
        ],
        [
            0.11738309264183044,
            0.11889931559562683,
            -0.0243076104670763
        ],
        [
            0.1174740195274353,
            0.12562544643878937,
            -0.03171636536717415
        ],
        [
            0.10017559677362442,
            0.0385831780731678,
            -0.03293062001466751
        ],
        [
            0.11592080444097519,
            0.093048594892025,
            -0.020130114629864693
        ],
        [
            0.10182234644889832,
            0.021361351013183594,
            -0.03118923306465149
        ],
        [
            0.11561013758182526,
            0.042389851063489914,
            -0.0415339395403862
        ],
        [
            0.11909640580415726,
            0.02948809787631035,
            -0.03896696865558624
        ],
        [
            0.10553814470767975,
            0.003713667392730713,
            -0.029237879440188408
        ],
        [
            0.11961472034454346,
            0.01334238052368164,
            -0.03483913466334343
        ],
        [
            0.09473750740289688,
            -0.00984346866607666,
            -0.022182522341609
        ],
        [
            0.09862145781517029,
            -0.0023456066846847534,
            -0.025167638435959816
        ],
        [
            0.13400951027870178,
            0.02459583431482315,
            -0.0367649681866169
        ],
        [
            0.13580895960330963,
            0.13081291317939758,
