{
    "pred_cam": [
        7.292273998260498,
        0.14338302612304688,
        -0.036755889654159546
    ],
    "pred_mano_params": {
        "global_orient": [
            [
                [
                    -0.9414934515953064,
                    0.20396757125854492,
                    -0.26830440759658813
                ],
                [
                    -0.002850504359230399,
                    -0.8008723855018616,
                    -0.5988282561302185
                ],
                [
                    -0.337019145488739,
                    -0.56302809715271,
                    0.754597544670105
                ]
            ]
        ],
        "hand_pose": [
            [
                [
                    0.7295853495597839,
                    -0.5263078808784485,
                    -0.43669822812080383
                ],
                [
                    0.5433846712112427,
                    0.833846390247345,
                    -0.09712521731853485
                ],
                [
                    0.4152570068836212,
                    -0.16643401980400085,
                    0.8943497538566589
                ]
            ],
            [
                [
                    0.9599015712738037,
                    -0.27974122762680054,
                    0.01827046647667885
                ],
                [
                    0.26428109407424927,
                    0.881260097026825,
                    -0.391836941242218
                ],
                [
                    0.0935119241476059,
                    0.38095343112945557,
                    0.9198532700538635
                ]
            ],
            [
                [
                    0.8507636785507202,
                    -0.21643008291721344,
                    0.4789144992828369
                ],
                [
                    0.11831744760274887,
                    0.9667495489120483,
                    0.22670744359493256
                ],
                [
                    -0.5120567083358765,
                    -0.13621053099632263,
                    0.8480828404426575
                ]
            ],
            [
                [
                    0.533565104007721,
                    -0.7780178189277649,
                    -0.33165717124938965
                ],
                [
                    0.7752428650856018,
                    0.6066645979881287,
                    -0.17594482004642487
                ],
                [
                    0.3380928933620453,
                    -0.1632368266582489,
                    0.9268478155136108
                ]
            ],
            [
                [
                    0.7792516350746155,
                    -0.5831473469734192,
                    -0.22957810759544373
                ],
                [
                    0.6204519867897034,
                    0.7694863677024841,
                    0.15142697095870972
                ],
                [
                    0.0883529782295227,
                    -0.2604418992996216,
                    0.9614384174346924
                ]
            ],
            [
                [
                    0.7521686553955078,
                    -0.6342757940292358,
                    0.1787082850933075
                ],
                [
                    0.6353891491889954,
                    0.7699726819992065,
                    0.058504510670900345
                ],
                [
                    -0.17470847070217133,
                    0.06954403221607208,
                    0.982161283493042
                ]
            ],
            [
                [
                    0.09338854253292084,
                    -0.954923152923584,
                    -0.2817806303501129
                ],
                [
                    0.9217337369918823,
                    -0.024076197296380997,
                    0.38707518577575684
                ],
                [
                    -0.3764112591743469,
                    -0.2958751320838928,
                    0.8779364228248596
                ]
            ],
            [
                [
                    0.47529953718185425,
                    -0.8441038131713867,
                    -0.24815139174461365
                ],
                [
                    0.7626938819885254,
                    0.25468605756759644,
                    0.594502329826355
                ],
                [
                    -0.43862098455429077,
                    -0.47183024883270264,
                    0.7648449540138245
                ]
            ],
            [
                [
                    0.8239619731903076,
                    -0.5554035902023315,
                    0.11230998486280441
                ],
                [
                    0.37079596519470215,
                    0.6783548593521118,
                    0.6343067288398743
                ],
                [
                    -0.4284822940826416,
                    -0.48100051283836365,
                    0.7648800015449524
                ]
            ],
            [
                [
                    0.4364814758300781,
                    -0.878213107585907,
                    -0.19551394879817963
                ],
                [
                    0.8409112095832825,
                    0.4754771590232849,
                    -0.2584373652935028
                ],
                [
                    0.3199254870414734,
                    -0.051606737077236176,
                    0.9460362195968628
                ]
            ],
            [
                [
                    0.46132197976112366,
                    -0.8628315925598145,
                    -0.2066487967967987
                ],
                [
                    0.792162299156189,
                    0.2956658601760864,
                    0.5339107513427734
                ],
                [
                    -0.3995760679244995,
                    -0.4100041091442108,
                    0.81989985704422
                ]
            ],
            [
                [
                    0.6802239418029785,
                    -0.7130524516105652,
                    0.1698572039604187
                ],
                [
                    0.6172879934310913,
                    0.6822107434272766,
                    0.39184680581092834
                ],
                [
                    -0.39528578519821167,
                    -0.1616927981376648,
                    0.9042147994041443
                ]
            ],
            [
                [
                    0.685981810092926,
                    0.22006593644618988,
                    -0.6935415863990784
                ],
                [
                    -0.6762652397155762,
                    0.5445647835731506,
                    -0.4960993528366089
                ],
                [
                    0.26850375533103943,
                    0.8093332052230835,
                    0.5223844647407532
                ]
            ],
            [
                [
                    0.7507814764976501,
                    -0.6196718811988831,
                    -0.228766068816185
                ],
                [
                    0.6582459211349487,
                    0.6729556918144226,
                    0.3374062180519104
                ],
                [
                    -0.05513172596693039,
                    -0.40390264987945557,
                    0.9131391644477844
                ]
            ],
            [
                [
                    0.9014540910720825,
                    -0.40672776103019714,
                    -0.14816562831401825
                ],
                [
                    0.21013373136520386,
                    0.7104156017303467,
                    -0.671679675579071
                ],
                [
                    0.3784499168395996,
                    0.574353814125061,
                    0.7258742451667786
                ]
            ]
        ],
        "betas": [
            -0.003492116928100586,
            -0.03493255376815796,
            -0.004489034414291382,
            0.0632798969745636,
            0.03590494394302368,
            -0.04630977660417557,
            0.007389158010482788,
            -0.0357489287853241,
            -0.042457014322280884,
            -0.061176449060440063
        ]
    },
    "pred_cam_t": [
        -0.14338302612304688,
        -0.036755889654159546,
        5.356696605682373
    ],
    "focal_length": [
        5000.0,
        5000.0
    ],
    "pred_keypoints_3d": [
        [
            0.09574075043201447,
            0.006397114135324955,
            0.0061772894114255905
        ],
        [
            0.10831600427627563,
            0.003447555936872959,
            0.042578473687171936
        ],
        [
            0.1346495896577835,
            -0.002772189676761627,
            0.05738421529531479
        ],
        [
            0.15998442471027374,
            0.004674403462558985,
            0.06357346475124359
        ],
        [
            0.1813025027513504,
            0.03162281960248947,
            0.06821319460868835
        ],
        [
            0.17215803265571594,
            -0.0015284521505236626,
            0.054417841136455536
        ],
        [
            0.1978113353252411,
            0.017604880034923553,
            0.06247161701321602
        ],
        [
            0.20682574808597565,
            0.037113480269908905,
            0.06801506131887436
        ],
        [
            0.21245869994163513,
            0.053620122373104095,
            0.08490657806396484
        ],
        [
            0.1855323612689972,
            0.009895304217934608,
            0.036389678716659546
        ],
        [
            0.2005937397480011,
            0.037162359803915024,
            0.04218630492687225
        ],
        [
            0.19328673183918,
            0.058869753032922745,
            0.046240583062171936
        ],
        [
            0.17606037855148315,
            0.07424503564834595,
            0.056438103318214417
        ],
        [
            0.17912361025810242,
            0.025787465274333954,
            0.015849042683839798
        ],
        [
            0.19092433154582977,
            0.05138765648007393,
            0.021859101951122284
        ],
        [
            0.17124180495738983,
            0.06484432518482208,
            0.02863401174545288
        ],
        [
            0.15057270228862762,
            0.06296874582767487,
            0.041962891817092896
        ],
        [
            0.17016425728797913,
            0.04043986275792122,
            0.0023961402475833893
        ],
        [
            0.16545861959457397,
            0.0596093125641346,
            0.009895311668515205
        ],
        [
            0.1465659737586975,
            0.05869847536087036,
            0.011192737147212029
        ],
        [
            0.1336880624294281,
            0.04450660198926926,
            0.013949747197329998
        ]
    ],
    "pred_vertices": [
        [
            0.13358134031295776,
            0.009369841776788235,
            0.042345043271780014
        ],
        [
            0.12280598282814026,
            0.010705490596592426,
            0.03782965987920761
        ],
        [
            0.12964867055416107,
            0.007990267127752304,
            0.04331769049167633
        ],
        [
            0.1371736377477646,
            0.00647155474871397,
            0.04892035946249962
        ],
        [
            0.11698774993419647,
            0.01791086420416832,
            0.04992785304784775
        ],
        [
            0.10907795280218124,
            0.013728201389312744,
            0.058776963502168655
        ],
        [
            0.12642133235931396,
            0.01006784476339817,
            0.06481422483921051
        ],
        [
            0.1298253983259201,
            0.015180053189396858,
            0.055628400295972824
        ],
        [
            0.14152468740940094,
            0.0019861888140439987,
            0.052244167774915695
        ],
        [
            0.13558341562747955,
            0.006152138113975525,
            0.04794541373848915
        ],
        [
            0.1431884467601776,
            -0.0032696397975087166,
            0.0502450093626976
        ],
        [
            0.14987385272979736,
            -0.010793312452733517,
            0.054256752133369446
        ],
        [
            0.14874789118766785,
            -0.002717196475714445,
            0.05614127591252327
        ],
        [
            0.1576971858739853,
            -0.012740208767354488,
            0.05617276579141617
        ],
        [
            0.14494752883911133,
            -0.018462613224983215,
            0.04882381856441498
        ],
        [
            0.1600981056690216,
            -0.017819764092564583,
            0.04904872924089432
        ],
        [
            0.14723843336105347,
            -0.013464266434311867,
            0.02464625984430313
        ],
        [
            0.14800038933753967,
            -0.006075226701796055,
            0.013469189405441284
        ],
        [
            0.1651795655488968,
            -0.004482840187847614,
            0.01800842396914959
        ],
        [
            0.16253674030303955,
            -0.01132282242178917,
            0.029540278017520905
        ],
        [
            0.15939322113990784,
            0.008907638490200043,
            0.0029531456530094147
        ],
        [
            0.16338486969470978,
            0.0016438309103250504,
            0.011547265574336052
        ],
        [
            0.14657436311244965,
            -0.0009308010339736938,
            0.00618494488298893
        ],
        [
            0.14366169273853302,
            0.005891209468245506,
            -0.0009245313704013824
        ],
        [
            0.1305493414402008,
            0.01633201539516449,
            0.029984552413225174
        ],
        [
            0.11940747499465942,
            0.017688078805804253,
            0.02645118534564972
        ],
        [
            0.1194055825471878,
            0.014257736504077911,
            0.03040117584168911
        ],
        [
            0.13056883215904236,
            0.013301207683980465,
            0.03423113375902176
        ],
        [
            0.14460033178329468,
            -0.007605838123708963,
            0.053134024143218994
        ],
        [
            0.13540419936180115,
            -0.014844914898276329,
            0.053185466676950455
        ],
        [
            0.14085355401039124,
            -0.010926272720098495,
            0.050738658756017685
        ],
        [
            0.14566746354103088,
            -0.002735966118052602,
            0.05134641379117966
        ],
        [
            0.09642209857702255,
            0.029018143191933632,
            0.01533474400639534
        ],
        [
            0.08584034442901611,
            0.022714577615261078,
            0.009711671620607376
        ],
        [
            0.08498720824718475,
            0.01894037425518036,
            0.01420535333454609
        ],
        [
            0.09483110159635544,
            0.025305146351456642,
            0.018273966386914253
        ],
        [
            0.0879351794719696,
            0.013714099302887917,
            0.03963451832532883
        ],
        [
            0.08154715597629547,
            0.008318132720887661,
            0.029217718169093132
        ],
        [
            0.07677366584539413,
            -0.004875748418271542,
            0.02944960817694664
        ],
        [
            0.08419111371040344,
            -0.0030893515795469284,
            0.039040952920913696
        ],
        [
            0.09798873215913773,
            0.0155006293207407,
            0.05073695257306099
        ],
        [
            0.09244557470083237,
            0.0023037567734718323,
            0.05229220166802406
        ],
        [
            0.10572908818721771,
            0.003198562189936638,
            0.06265701353549957
        ],
        [
            0.1252131164073944,
            0.0016672946512699127,
            0.06928566098213196
        ],
        [
            0.08823906630277634,
            0.028630509972572327,
            -0.0014283489435911179
        ],
        [
            0.09612313657999039,
            0.03458515182137489,
            0.0013023540377616882
        ],
        [
            0.1922723352909088,
            0.024982966482639313,
            0.07144787162542343
        ],
        [
            0.19166970252990723,
            0.02849886752665043,
            0.06665460765361786
        ],
        [
            0.18722088634967804,
            0.02439453825354576,
            0.06601765751838684
        ],
        [
            0.18887881934642792,
            0.021552836522459984,
            0.07073482125997543
        ],
        [
            0.1009204164147377,
            0.02471991814672947,
            -0.016812622547149658
        ],
        [
            0.10404878854751587,
            0.016158048063516617,
            -0.021123282611370087
        ],
        [
            0.09706329554319382,
            0.017061781138181686,
            -0.023083927109837532
        ],
        [
            0.09342638403177261,
            0.023866666480898857,
            -0.01769108884036541
        ],
        [
            0.11080402135848999,
            0.02581840567290783,
            -0.01564016193151474
        ],
        [
            0.11354786902666092,
            0.01507109310477972,
            -0.017722537741065025
        ],
        [
            0.20200613141059875,
            0.017125850543379784,
            0.06968611478805542
        ],
        [
            0.19871163368225098,
            0.01909363828599453,
            0.07314261049032211
        ],
        [
            0.19613027572631836,
            0.014521532692015171,
            0.07145766168832779
        ],
        [
            0.1986929178237915,
            0.012364224530756474,
            0.06711383163928986
        ],
        [
            0.14608150720596313,
            0.004390601068735123,
            0.05415279418230057
        ],
        [
            0.1434079110622406,
            0.009675131179392338,
            0.047390397638082504
        ],
        [
            0.16308647394180298,
            0.005230842623859644,
            0.05969449505209923
        ],
        [
            0.15623880922794342,
            0.007080966606736183,
            0.053559839725494385
        ],
        [
            0.1545848697423935,
            0.001618808601051569,
            0.05796697735786438
        ],
        [
            0.16131317615509033,
            -6.720190867781639e-05,
            0.06201760098338127
        ],
        [
            0.15332671999931335,
            0.018799837678670883,
            0.03308536857366562
        ],
        [
            0.14209583401679993,
            0.017989574000239372,
            0.030087176710367203
        ],
        [
            0.1432482749223709,
            0.014514858834445477,
            0.035503942519426346
        ],
        [
            0.1552669107913971,
            0.015145275741815567,
            0.04069974273443222
        ],
        [
            0.14082714915275574,
            0.02793378010392189,
            0.020026251673698425
        ],
        [
            0.15204009413719177,
            0.02743241749703884,
            0.023441946133971214
        ],
        [
            0.14979563653469086,
            0.03296753764152527,
            0.017246024683117867
        ],
        [
            0.14209775626659393,
            0.03323821723461151,
            0.01654423400759697
        ],
        [
            0.17050491273403168,
            0.023845715448260307,
            0.03188499063253403
        ],
        [
            0.17582079768180847,
            0.023108921945095062,
            0.033187445253133774
        ],
        [
            0.1767059713602066,
            0.028703227639198303,
            0.03125215321779251
        ],
        [
            0.16986408829689026,
            0.026486722752451897,
            0.029257342219352722
        ],
        [
            0.09028347581624985,
            0.016824498772621155,
            -0.02529062144458294
        ],
        [
            0.08628147840499878,
            0.022207166999578476,
            -0.018094472587108612
        ],
        [
            0.15349486470222473,
            0.025630924850702286,
            -0.010674167424440384
        ],
        [
            0.146115243434906,
            0.034071508795022964,
            -0.011821296066045761
        ],
        [
            0.15856193006038666,
            0.038153909146785736,
            -0.009808022528886795
        ],
        [
            0.16459287703037262,
            0.027345335111021996,
            -0.009791281074285507
        ],
        [
            0.10688722878694534,
            0.0063156988471746445,
            -0.019488215446472168
        ],
        [
            0.10038487613201141,
            0.007587272673845291,
            -0.02371542900800705
        ],
        [
            0.2040066421031952,
            0.017700891941785812,
            0.0637756884098053
        ],
        [
            0.1999479979276657,
            0.013306695967912674,
            0.06132324039936066
        ],
        [
            0.10289756953716278,
            -0.00887331087142229,
            0.057576291263103485
        ],
        [
            0.12376599758863449,
            -0.007568396627902985,
            0.06788953393697739
        ],
        [
            0.0911920964717865,
            -0.010900447145104408,
            0.04404677078127861
        ],
        [
            0.08535061031579971,
            -0.013536479324102402,
            0.032590240240097046
        ],
        [
            0.07905199378728867,
            -0.01617634855210781,
            0.02491246908903122
        ],
        [
            0.16044797003269196,
            0.01082381047308445,
            0.05040115490555763
        ],
        [
            0.13958989083766937,
            0.012284429743885994,
            0.03963270038366318
        ],
        [
            0.13036276400089264,
            0.019538668915629387,
            0.026130227372050285
        ],
        [
            0.13192236423492432,
            0.04302574321627617,
            0.006090396083891392
        ],
        [
            0.12175613641738892,
            0.042540691792964935,
            0.004224035888910294
        ],
        [
            0.12451720237731934,
            0.03736065700650215,
            0.013281285762786865
        ],
        [
            0.13302800059318542,
            0.03838147222995758,
            0.012678545899689198
        ],
        [
            0.14286434650421143,
            0.04246024414896965,
            -0.007216757163405418
        ],
        [
            0.1421183943748474,
            0.04462635517120361,
            0.0005784640088677406
        ],
        [
            0.14965085685253143,
            0.04487396031618118,
            0.0017107725143432617
        ],
        [
            0.15266846120357513,
            0.04375717416405678,
            -0.005703877657651901
        ],
        [
            0.14342795312404633,
            -0.011679155752062798,
            0.05910252407193184
        ],
        [
            0.13011248409748077,
            -0.017251089215278625,
            0.05689984932541847
        ],
        [
            0.0973777025938034,
            0.03124627098441124,
            -0.009222198277711868
        ],
        [
            0.09017752856016159,
            0.02814430370926857,
            -0.009037688374519348
        ],
        [
            0.08283209055662155,
            0.024479255080223083,
            -0.011499505490064621
        ],
        [
            0.1070270836353302,
            0.02352296933531761,
            0.022669674828648567
        ],
        [
            0.09356897324323654,
            0.02299906685948372,
            0.020653532817959785
        ],
        [
            0.093281589448452,
            0.021476667374372482,
            0.025416884571313858
        ],
        [
            0.1065552607178688,
            0.02110990509390831,
            0.0248179379850626
        ],
        [
            0.1142515242099762,
            0.016315920278429985,
            0.03711584955453873
        ],
        [
            0.10323110222816467,
            0.02054910734295845,
            0.041409194469451904
        ],
        [
            0.12529318034648895,
            0.014276161789894104,
            0.04223905876278877
        ],
        [
            0.08220931887626648,
            0.013899171724915504,
            0.02016827091574669
        ],
        [
            0.07565202564001083,
            0.015798967331647873,
            0.011011913418769836
        ],
        [
            0.07415492832660675,
            0.009433286264538765,
            0.01706014946103096
        ],
        [
            0.07754258066415787,
            0.02093605324625969,
            0.002866636961698532
        ],
        [
            0.08000634610652924,
            0.024338137358427048,
            -0.005005083978176117
        ],
        [
            0.09400133788585663,
            0.006153805181384087,
            -0.02921462431550026
        ],
        [
            0.07415593415498734,
            0.0026707230135798454,
            0.021966103464365005
        ],
        [
            0.13722659647464752,
            0.0121014304459095,
            0.05984441936016083
        ],
        [
            0.14351867139339447,
            0.011217484250664711,
            0.06283621490001678
        ],
        [
            0.1446281522512436,
            0.009993010200560093,
            0.0551128014922142
        ],
        [
            0.13884024322032928,
            0.01011325791478157,
            0.051697663962841034
        ],
        [
            0.16782842576503754,
            -0.011827145703136921,
            0.058334831148386
        ],
        [
            0.1639784574508667,
            -0.005748482886701822,
            0.06235584244132042
        ],
        [
            0.1545223891735077,
            -0.006019642110913992,
            0.05917227268218994
        ],
        [
            0.10705529153347015,
            0.03368723392486572,
            0.014259574934840202
        ],
        [
            0.10620542615652084,
            0.03843982517719269,
            0.002502135932445526
        ],
        [
            0.16683408617973328,
            0.008815286681056023,
            0.056023817509412766
        ],
        [
            0.19703644514083862,
            0.007930117659270763,
            0.06442432105541229
        ],
        [
            0.19381575286388397,
            0.00949421152472496,
            0.0693582072854042
        ],
        [
            0.1814373880624771,
            -0.002653136383742094,
            0.06452125310897827
        ],
        [
            0.1858518272638321,
            -0.003828120417892933,
            0.05934162065386772
        ],
        [
            0.17591716349124908,
            0.010357382707297802,
            0.051550768315792084
        ],
        [
            0.1704246699810028,
            0.00989130325615406,
            0.05616121366620064
        ],
        [
            0.17257748544216156,
            0.010860895738005638,
            0.05526183545589447
        ],
        [
            0.17671692371368408,
            0.013141200877726078,
            0.05059698596596718
        ],
        [
            0.17237751185894012,
            0.03306613489985466,
            0.024564553052186966
        ],
        [
            0.16631093621253967,
            0.031331490725278854,
            0.02346755564212799
        ],
        [
            0.1765209138393402,
            -0.005376802757382393,
            0.03615289926528931
        ],
        [
            0.17321348190307617,
            -0.015925832092761993,
            0.04323715344071388
        ],
        [
            0.16032949090003967,
            -0.017881179228425026,
            0.0389159694314003
        ],
        [
            0.1519596129655838,
            0.023313505575060844,
            0.02725641056895256
        ],
        [
            0.1619848608970642,
            0.02447200007736683,
            0.029457494616508484
        ],
        [
            0.16150754690170288,
            0.026966264471411705,
            0.026245683431625366
        ],
        [
            0.1644766628742218,
            0.012510839849710464,
            0.04847957193851471
        ],
        [
            0.17026785016059875,
            0.011355506256222725,
            0.05151502043008804
        ],
        [
            0.17003101110458374,
            0.01335415430366993,
            0.04689910635352135
        ],
        [
            0.16380348801612854,
            0.01509159617125988,
            0.04353781417012215
        ],
        [
            0.13343729078769684,
            0.030770160257816315,
            -0.01437678374350071
        ],
        [
            0.13025370240211487,
            0.040843915194272995,
            -0.0091868806630373
        ],
        [
            0.19497525691986084,
            0.02179107256233692,
            0.07378426939249039
        ],
        [
            0.19211851060390472,
            0.01772024668753147,
            0.07263369113206863
        ],
        [
            0.14096392691135406,
            0.022464677691459656,
            0.024484921246767044
        ],
        [
            0.14551982283592224,
            -0.017641736194491386,
            0.03457961976528168
        ],
        [
            0.12986110150814056,
            0.023268476128578186,
            0.022119607776403427
        ],
        [
            0.17501667141914368,
            0.024298345670104027,
            0.0067771198228001595
        ],
        [
            0.17271053791046143,
            0.03387794643640518,
            0.009837021119892597
        ],
        [
            0.17559021711349487,
            0.03413544222712517,
            0.01140652410686016
        ],
        [
            0.17943887412548065,
            0.028901346027851105,
            0.01022034790366888
        ],
        [
            0.18786323070526123,
            0.021721143275499344,
            0.05358840152621269
        ],
        [
            0.18540643155574799,
            0.02296268194913864,
            0.058830175548791885
        ],
        [
            0.1878604292869568,
            0.026274312287569046,
            0.06007471680641174
        ],
        [
            0.19077545404434204,
            0.02503320947289467,
            0.05524340271949768
        ],
        [
            0.1683419793844223,
            0.006920481100678444,
            0.06073340028524399
        ],
        [
            0.1677301526069641,
            0.0019130127038806677,
            0.06435787677764893
        ],
        [
            0.1727539449930191,
            0.005669047590345144,
            0.06502966582775116
        ],
        [
            0.1724105030298233,
            0.009250026196241379,
            0.060215726494789124
        ],
        [
            0.17127962410449982,
            -0.0031635635532438755,
            0.06469615548849106
        ],
        [
            0.1764480471611023,
            0.0007287787739187479,
            0.06633258610963821
        ],
        [
            0.19216981530189514,
            0.017656661570072174,
            0.05105109140276909
        ],
        [
            0.19658392667770386,
            0.011990902945399284,
            0.05317169800400734
        ],
        [
            0.18678472936153412,
            0.0030497577972710133,
            0.047302305698394775
        ],
        [
            0.1831839680671692,
            0.010407601483166218,
            0.04752250015735626
        ],
        [
            0.12946400046348572,
            0.0019512828439474106,
            -0.005475079640746117
        ],
        [
            0.12775135040283203,
            0.010816708207130432,
            -0.012062206864356995
        ],
        [
            0.14206917583942413,
            0.01485350914299488,
            -0.008003072813153267
        ],
        [
            0.15696725249290466,
            0.018524665385484695,
            -0.005009278655052185
        ],
        [
            0.17043393850326538,
            0.02199093997478485,
            -0.0003613382577896118
        ],
        [
            0.17292962968349457,
            0.011286620050668716,
            0.005590956658124924
        ],
        [
            0.13916015625,
            0.021176369860768318,
            -0.01253502257168293
        ],
        [
            0.18003509938716888,
            0.006505915429443121,
            0.045391879975795746
        ],
        [
            0.18024221062660217,
            -0.002960032783448696,
            0.043974634259939194
        ],
        [
            0.1807229220867157,
            0.0011510467156767845,
            0.041738033294677734
        ],
        [
            0.12957017123699188,
            0.029481567442417145,
            0.01794544979929924
        ],
        [
            0.18998530507087708,
            0.012352703139185905,
            0.07113422453403473
        ],
        [
            0.09564375877380371,
            -0.021973997354507446,
            0.01083385944366455
        ],
        [
            0.10001423954963684,
            -0.017776984721422195,
            -0.0014885291457176208
        ],
        [
            0.10699326545000076,
            -0.017054663971066475,
            0.0038038603961467743
        ],
        [
            0.10172265022993088,
            -0.02090279571712017,
            0.01833328977227211
        ],
        [
            0.1845315843820572,
            0.02079504169523716,
            0.06538578122854233
        ],
        [
            0.18595123291015625,
            0.016998572275042534,
            0.07015573978424072
        ],
        [
            0.16600510478019714,
            0.0361592136323452,
            0.019224047660827637
        ],
        [
            0.171599879860878,
            0.036331210285425186,
            0.0200312752276659
        ],
        [
            0.17263518273830414,
            0.03762126341462135,
            0.015408745035529137
        ],
        [
            0.1676350086927414,
            0.040532391518354416,
            0.015739774331450462
        ],
        [
            0.125264972448349,
            0.015433646738529205,
            -0.01504175178706646
        ],
        [
            0.16350653767585754,
            0.04415516182780266,
            -0.0055779945105314255
        ],
        [
            0.1701890230178833,
            0.034474506974220276,
            -0.0050295572727918625
        ],
        [
            0.1155320256948471,
            0.006931735202670097,
            -0.015388419851660728
        ],
        [
            0.11711535602807999,
            -0.0012233983725309372,
            -0.01020246371626854
        ],
        [
            0.1083286851644516,
            -0.0031406525522470474,
            -0.01410992443561554
        ],
        [
            0.17845304310321808,
            0.006686813198029995,
            0.019147422164678574
        ],
        [
            0.1322593241930008,
            -0.003538409247994423,
            0.0006692931056022644
        ],
        [
            0.11879711598157883,
            -0.006065046414732933,
            -0.0044782646000385284
        ],
        [
            0.10837018489837646,
            -0.008559943176805973,
            -0.008882656693458557
        ],
        [
            0.10123872756958008,
            -0.010331143625080585,
            -0.012945480644702911
        ],
        [
            0.10185876488685608,
            -0.004098117351531982,
            -0.018158547580242157
        ],
        [
            0.19762636721134186,
            0.009417105466127396,
            0.058386195451021194
        ],
        [
            0.19944889843463898,
            0.01661592349410057,
            0.05549769848585129
        ],
        [
            0.09515020251274109,
            -0.0060602761805057526,
            -0.024004947394132614
        ],
        [
            0.09445378929376602,
            -0.012590847909450531,
            -0.017436638474464417
        ],
        [
            0.11951122432947159,
            -0.011516014114022255,
            0.0029395446181297302
        ],
        [
            0.11901254951953888,
            -0.01703054830431938,
            0.012979455292224884
        ],
        [
            0.13239987194538116,
            -0.008689496666193008,
            0.00776343047618866
        ],
        [
            0.1333095282316208,
            -0.014245841652154922,
            0.017743658274412155
        ],
        [
            0.17814311385154724,
            -0.00413750484585762,
            0.02269086427986622
        ],
        [
            0.20826929807662964,
            0.03300807997584343,
            0.05959853157401085
        ],
        [
            0.2009878307580948,
            0.025656932964920998,
            0.055333212018013
        ],
        [
            0.19632063806056976,
            0.028914690017700195,
            0.05653423070907593
        ],
        [
            0.20532801747322083,
            0.03590386360883713,
            0.0590946339070797
        ],
        [
            0.19506916403770447,
            0.021515043452382088,
            0.05328601598739624
        ],
        [
            0.20358476042747498,
            0.021062081679701805,
            0.05786799266934395
        ],
        [
            0.13008445501327515,
            -0.018738849088549614,
            0.03114740550518036
        ],
        [
            0.17585089802742004,
            0.012945059686899185,
            0.048827286809682846
        ],
        [
            0.11292894929647446,
            -0.01990310102701187,
            0.030328836292028427
        ],
        [
            0.13240718841552734,
            -0.021484771743416786,
            0.04550415650010109
        ],
        [
            0.11991947889328003,
            -0.020253542810678482,
            0.047237247228622437
        ],
        [
            0.09614592045545578,
            -0.019886836409568787,
            0.03216226398944855
        ],
        [
            0.10486947000026703,
            -0.018245745450258255,
            0.04746600240468979
        ],
        [
            0.08444943279027939,
            -0.022219210863113403,
            0.016531359404325485
        ],
        [
            0.09112971276044846,
            -0.020953506231307983,
            0.022895395755767822
        ],
        [
            0.11764853447675705,
            -0.016480037942528725,
            0.05890540033578873
        ],
        [
            0.19850799441337585,
            0.034113526344299316,
