{
    "pred_cam": [
        8.485334396362305,
        -0.09920819103717804,
        -0.07195860892534256
    ],
    "pred_mano_params": {
        "global_orient": [
            [
                [
                    0.4153355658054352,
                    -0.7996773719787598,
                    0.43360409140586853
                ],
                [
                    -0.8557550311088562,
                    -0.5051355361938477,
                    -0.11189911514520645
                ],
                [
                    0.30851200222969055,
                    -0.3245832026004791,
                    -0.8941287398338318
                ]
            ]
        ],
        "hand_pose": [
            [
                [
                    0.755833625793457,
                    -0.6108735203742981,
                    -0.2356884479522705
                ],
                [
                    0.6032552123069763,
                    0.789638102054596,
                    -0.11204826086759567
                ],
                [
                    0.25455591082572937,
                    -0.057490430772304535,
                    0.9653476476669312
                ]
            ],
            [
                [
                    0.8680765628814697,
                    -0.4318062663078308,
                    0.24492128193378448
                ],
                [
                    0.47881031036376953,
                    0.8585497140884399,
                    -0.18339310586452484
                ],
                [
                    -0.1310868114233017,
                    0.2764700949192047,
                    0.9520401954650879
                ]
            ],
            [
                [
                    0.7492194771766663,
                    -0.6605713963508606,
                    -0.04811994358897209
                ],
                [
                    0.6431596875190735,
                    0.7429702877998352,
                    -0.18531249463558197
                ],
                [
                    0.15816384553909302,
                    0.10789093375205994,
                    0.9815007448196411
                ]
            ],
            [
                [
                    0.7483177781105042,
                    -0.6457449793815613,
                    -0.15176953375339508
                ],
                [
                    0.6569693088531494,
                    0.7531058192253113,
                    0.034970786422491074
                ],
                [
                    0.09171631187200546,
                    -0.12587718665599823,
                    0.9877970814704895
                ]
            ],
            [
                [
                    0.40787142515182495,
                    -0.8727807402610779,
                    -0.2681320309638977
                ],
                [
                    0.9098042249679565,
                    0.36380577087402344,
                    0.19975408911705017
                ],
                [
                    -0.07679352909326553,
                    -0.32542160153388977,
                    0.9424456357955933
                ]
            ],
            [
                [
                    0.6858591437339783,
                    -0.6927582025527954,
                    -0.2228977382183075
                ],
                [
                    0.7205514311790466,
                    0.6893789768218994,
                    0.07458078116178513
                ],
                [
                    0.10199456661939621,
                    -0.21176119148731232,
                    0.9719848036766052
                ]
            ],
            [
                [
                    0.4705501198768616,
                    -0.6601927280426025,
                    0.585429847240448
                ],
                [
                    0.4704168438911438,
                    0.7490165829658508,
                    0.4665641486644745
                ],
                [
                    -0.7465189099311829,
                    0.055854231119155884,
                    0.663015604019165
                ]
            ],
            [
                [
                    0.683017909526825,
                    -0.6274290084838867,
                    -0.37392425537109375
                ],
                [
                    0.7195262908935547,
                    0.48997482657432556,
                    0.4921448230743408
                ],
                [
                    -0.12557247281074524,
                    -0.6051920652389526,
                    0.7861132621765137
                ]
            ],
            [
                [
                    0.6621652841567993,
                    -0.7035029530525208,
                    0.2581099569797516
                ],
                [
                    0.6161980628967285,
                    0.7071855664253235,
                    0.34668225049972534
                ],
                [
                    -0.426423579454422,
                    -0.07051410526037216,
                    0.9017708897590637
                ]
            ],
            [
                [
                    0.6921603679656982,
                    -0.6965275406837463,
                    0.1891118735074997
                ],
                [
                    0.6843964457511902,
                    0.7166076302528381,
                    0.1344432830810547
                ],
                [
                    -0.22916246950626373,
                    0.036371175199747086,
                    0.9727083444595337
                ]
            ],
            [
                [
                    0.4982144236564636,
                    -0.8106602430343628,
                    -0.3075913190841675
                ],
                [
                    0.8443912863731384,
                    0.3730568289756775,
                    0.3844892680644989
                ],
                [
                    -0.1969410926103592,
                    -0.4512855112552643,
                    0.8703767657279968
                ]
            ],
            [
                [
                    0.657743513584137,
                    -0.7023866176605225,
                    -0.27207815647125244
                ],
                [
                    0.7532088160514832,
                    0.6099199652671814,
                    0.24632127583026886
                ],
                [
                    -0.007066877093166113,
                    -0.36694788932800293,
                    0.9302147030830383
                ]
            ],
            [
                [
                    0.9714152216911316,
                    -0.1690540611743927,
                    -0.1666531264781952
                ],
                [
                    -0.11222904175519943,
                    0.29156479239463806,
                    -0.9499445557594299
                ],
                [
                    0.20918220281600952,
                    0.9414938688278198,
                    0.2642576992511749
                ]
            ],
            [
                [
                    0.9443997740745544,
                    -0.24016274511814117,
                    -0.2245682328939438
                ],
                [
                    0.3286152184009552,
                    0.7122825980186462,
                    0.62021404504776
                ],
                [
                    0.011003714054822922,
                    -0.6595265865325928,
                    0.7516006827354431
                ]
            ],
            [
                [
                    0.9513604640960693,
                    0.27519357204437256,
                    0.13849861919879913
                ],
                [
                    -0.2877977192401886,
                    0.9542781710624695,
                    0.08078138530254364
                ],
                [
                    -0.1099356934428215,
                    -0.11671178787946701,
                    0.9870626330375671
                ]
            ]
        ],
        "betas": [
            -0.03275832533836365,
            -0.08942767977714539,
            -0.06588894128799438,
            0.030757993459701538,
            0.06159597635269165,
            -0.006882030516862869,
            0.06303372979164124,
            -0.05244353413581848,
            -0.024671658873558044,
            -0.015350013971328735
        ]
    },
    "pred_cam_t": [
        -0.09920819103717804,
        -0.07195860892534256,
        4.6035308837890625
    ],
    "focal_length": [
        5000.0,
        5000.0
    ],
    "pred_keypoints_3d": [
        [
            0.0959402397274971,
            0.00640824344009161,
            0.006212822161614895
        ],
        [
            0.10955221205949783,
            0.03199195861816406,
            -0.019307173788547516
        ],
        [
            0.11724213510751724,
            0.0616866834461689,
            -0.022611545398831367
        ],
        [
            0.11507059633731842,
            0.0887424647808075,
            -0.023609817028045654
        ],
        [
            0.1123780608177185,
            0.1198064386844635,
            -0.04228068143129349
        ],
        [
            0.07237526029348373,
            0.08232246339321136,
            -0.037774696946144104
        ],
        [
            0.07153813540935516,
            0.11531064659357071,
            -0.0351068452000618
        ],
        [
            0.08434008061885834,
            0.1325187087059021,
            -0.029101962223649025
        ],
        [
            0.10264471918344498,
            0.13996487855911255,
            -0.01300305500626564
        ],
        [
            0.05625978484749794,
            0.08875629305839539,
            -0.019502505660057068
        ],
        [
            0.05814535915851593,
            0.11976192891597748,
            -0.012853539548814297
        ],
        [
            0.07937260717153549,
            0.12268777936697006,
            -0.0036022579297423363
        ],
        [
            0.10024934262037277,
            0.10987886786460876,
            0.003693053498864174
        ],
        [
            0.053479503840208054,
            0.08154888451099396,
            0.006102048791944981
        ],
        [
            0.05987619608640671,
            0.10966244339942932,
            0.0038538100197911263
        ],
        [
            0.08217421174049377,
            0.11200501769781113,
            0.014593694359064102
        ],
        [
            0.10062278807163239,
            0.09724349528551102,
            0.02398373931646347
        ],
        [
            0.05648063123226166,
            0.07535899430513382,
            0.026811037212610245
        ],
        [
            0.06304500252008438,
            0.09502829611301422,
            0.022526567801833153
        ],
        [
            0.0798221081495285,
            0.10026732832193375,
            0.029801126569509506
        ],
        [
            0.09457773715257645,
            0.09214302152395248,
            0.03304305672645569
        ]
    ],
    "pred_vertices": [
        [
            0.09546276181936264,
            0.055733032524585724,
            -0.01792040280997753
        ],
        [
            0.09981824457645416,
            0.046773821115493774,
            -0.013273797929286957
        ],
        [
            0.10198456048965454,
            0.054611433297395706,
            -0.016008388251066208
        ],
        [
            0.09813469648361206,
            0.06168033182621002,
            -0.023244142532348633
        ],
        [
            0.11685873568058014,
            0.04371416196227074,
            -0.004090450704097748
        ],
        [
            0.12612588703632355,
            0.03839972987771034,
            -0.009477172046899796
        ],
        [
            0.12652185559272766,
            0.05496041104197502,
            -0.012376278638839722
        ],
        [
            0.11924123764038086,
            0.05713999271392822,
            -0.006014376878738403
        ],
        [
            0.09894357621669769,
            0.06639183312654495,
            -0.02718076854944229
        ],
        [
            0.10422755777835846,
            0.061717551201581955,
            -0.017749231308698654
        ],
        [
            0.09848889708518982,
            0.06634407490491867,
            -0.028687216341495514
        ],
        [
            0.08875453472137451,
            0.06706318259239197,
            -0.041102729737758636
        ],
        [
            0.09194207191467285,
            0.06921722739934921,
            -0.0359819158911705
        ],
        [
            0.08179038017988205,
            0.0705740749835968,
            -0.04547945037484169
        ],
        [
            0.08548048883676529,
            0.05741678550839424,
            -0.04392652586102486
        ],
        [
            0.07324029505252838,
            0.06650052964687347,
            -0.04612122103571892
        ],
        [
            0.06587283313274384,
            0.044576309621334076,
            -0.026770634576678276
        ],
        [
            0.06093883514404297,
            0.04239252582192421,
            -0.014041285961866379
        ],
        [
            0.053114719688892365,
            0.057547613978385925,
            -0.017248226329684258
        ],
        [
            0.059557169675827026,
            0.05870576575398445,
            -0.029521480202674866
        ],
        [
            0.0528133362531662,
            0.052315667271614075,
            0.003055516630411148
        ],
        [
            0.05245092138648033,
            0.05589764937758446,
            -0.008239371702075005
        ],
        [
            0.05926184356212616,
            0.04013984650373459,
            -0.00542011484503746
        ],
        [
            0.05944787710905075,
            0.03773152455687523,
            0.004574256017804146
        ],
        [
            0.09139149636030197,
            0.04859134927392006,
            -0.004467718303203583
        ],
        [
            0.0963606983423233,
            0.039690397679805756,
            -0.0008401814848184586
        ],
        [
            0.09702008962631226,
            0.0410495400428772,
            -0.006814328953623772
        ],
        [
            0.0928959995508194,
            0.049994464963674545,
            -0.009790496900677681
        ],
        [
            0.10599736869335175,
            0.068072110414505,
            -0.03017309308052063
        ],
        [
            0.1026032418012619,
            0.05606498941779137,
            -0.038298700004816055
        ],
        [
            0.09832392632961273,
            0.06158442050218582,
            -0.035092610865831375
        ],
        [
            0.10509270429611206,
            0.07019981741905212,
            -0.024950996041297913
        ],
        [
            0.10994058847427368,
            0.021923154592514038,
            0.01847970113158226
        ],
        [
            0.11106948554515839,
            0.008405596017837524,
            0.01809922233223915
        ],
        [
            0.11279550194740295,
            0.008019514381885529,
            0.012407179921865463
        ],
        [
            0.11096839606761932,
            0.020219802856445312,
            0.013650301843881607
        ],
        [
            0.12212850898504257,
            0.0165998712182045,
            -0.005158834159374237
        ],
        [
            0.11935915797948837,
            0.006314806640148163,
            -0.004397101700305939
        ],
        [
            0.11854260414838791,
            -0.0024216994643211365,
            -0.014147236943244934
        ],
        [
            0.12043503671884537,
            0.007777191698551178,
            -0.017886372283101082
        ],
        [
            0.12431000173091888,
            0.027720309793949127,
            -0.007507316768169403
        ],
        [
            0.12585429847240448,
            0.02070602774620056,
            -0.01877785474061966
        ],
        [
            0.12856851518154144,
            0.03414391726255417,
            -0.019535111263394356
        ],
        [
            0.12841105461120605,
            0.05272621661424637,
            -0.021047823131084442
        ],
        [
            0.10472051799297333,
            0.007606640458106995,
            0.029226290062069893
        ],
        [
            0.10345900058746338,
            0.01756294071674347,
            0.03137439116835594
        ],
        [
            0.0837848037481308,
            0.1146044060587883,
            -0.03483133763074875
        ],
        [
            0.08250802010297775,
            0.11517603695392609,
            -0.02906978130340576
        ],
        [
            0.08230791240930557,
            0.11109355837106705,
            -0.02996274083852768
        ],
        [
            0.08324845135211945,
            0.1116175726056099,
            -0.03569140285253525
        ],
        [
            0.08499014377593994,
            0.0076653361320495605,
            0.033831946551799774
        ],
        [
            0.07683496922254562,
            0.003824479877948761,
            0.029304739087820053
        ],
        [
            0.08060436695814133,
            -0.0018204078078269958,
            0.03200587257742882
        ],
        [
            0.08909973502159119,
            0.001321263611316681,
            0.034552209079265594
        ],
        [
            0.0796070247888565,
            0.016053900122642517,
            0.032838575541973114
        ],
        [
            0.07224445044994354,
            0.011941984295845032,
            0.025309646502137184
        ],
        [
            0.07501602172851562,
            0.12086676806211472,
            -0.041952505707740784
        ],
        [
            0.07968873530626297,
            0.11866047978401184,
            -0.04176563024520874
        ],
        [
            0.07698599249124527,
            0.11490171402692795,
            -0.04309478774666786
        ],
        [
            0.07204726338386536,
            0.11594389379024506,
            -0.04235862195491791
        ],
        [
            0.0933094471693039,
            0.06789746880531311,
            -0.0295353252440691
        ],
        [
            0.09189406782388687,
            0.06417861580848694,
            -0.021456390619277954
        ],
        [
            0.08420184254646301,
            0.08107936382293701,
            -0.03368663415312767
        ],
        [
            0.08586788177490234,
            0.07450917363166809,
            -0.028424695134162903
        ],
        [
            0.08810839056968689,
            0.07328341156244278,
            -0.03494734317064285
        ],
        [
            0.08538885414600372,
            0.07855850458145142,
            -0.03914368897676468
        ],
        [
            0.07918736338615417,
            0.0677715539932251,
            -0.006680798716843128
        ],
        [
            0.08449190109968185,
            0.05760612711310387,
            -0.004255123436450958
        ],
        [
            0.08584609627723694,
            0.05963560566306114,
            -0.01046995259821415
        ],
        [
            0.08131687343120575,
            0.07115255296230316,
            -0.014362660236656666
        ],
        [
            0.08274214714765549,
            0.05662548542022705,
            0.009807385504245758
        ],
        [
            0.07725046575069427,
            0.06645265966653824,
            0.006133348681032658
        ],
        [
            0.07682563364505768,
            0.064676433801651,
            0.014563444070518017
        ],
        [
            0.08165991306304932,
            0.05851706489920616,
            0.01598537713289261
        ],
        [
            0.06868128478527069,
            0.0825018584728241,
            -0.0033502085134387016
        ],
        [
            0.06544715911149979,
            0.08761732280254364,
            -0.005653253756463528
        ],
        [
            0.06515540927648544,
            0.08786285668611526,
            -0.0024660825729370117
        ],
        [
            0.06800856441259384,
            0.0815824419260025,
            0.0002460116520524025
        ],
        [
            0.08361256122589111,
            -0.007987730205059052,
            0.03390684351325035
        ],
        [
            0.09293977916240692,
            -0.004910022020339966,
            0.034286320209503174
        ],
        [
            0.054746825248003006,
            0.04948717728257179,
            0.024625638499855995
        ],
        [
            0.06176120415329933,
            0.047948967665433884,
            0.03333725780248642
        ],
        [
            0.05524926632642746,
            0.06052376702427864,
            0.03377138078212738
        ],
        [
            0.048816174268722534,
            0.05864021182060242,
            0.0241379551589489
        ],
        [
            0.07216449081897736,
            0.0020482316613197327,
            0.020193062722682953
        ],
        [
            0.07431797683238983,
            -0.004160434007644653,
            0.024499228224158287
        ],
        [
            0.07044976204633713,
            0.12264202535152435,
            -0.038256194442510605
        ],
        [
            0.06801123917102814,
            0.11694955825805664,
            -0.038092102855443954
        ],
        [
            0.12214381247758865,
            0.027674749493598938,
            -0.03042597882449627
        ],
        [
            0.1251872032880783,
            0.050183095037937164,
            -0.029981030151247978
        ],
        [
            0.11689089238643646,
            0.011590451002120972,
            -0.027654973790049553
        ],
        [
            0.1116662323474884,
            0.0012309253215789795,
            -0.024046173319220543
        ],
        [
            0.10997027903795242,
            -0.0077067166566848755,
            -0.021100400015711784
        ],
        [
            0.0821438655257225,
            0.07765662670135498,
            -0.023934651166200638
        ],
        [
            0.09016227722167969,
            0.05836860090494156,
            -0.014428243041038513
        ],
        [
            0.09037337452173233,
            0.04781303182244301,
            0.0005922317504882812
        ],
        [
            0.085650235414505,
            0.05059073492884636,
            0.031121795997023582
        ],
        [
            0.09118343889713287,
            0.04176502302289009,
            0.03297162801027298
        ],
        [
            0.09301973879337311,
            0.045734651386737823,
            0.02312028780579567
        ],
        [
            0.08726450800895691,
            0.052358441054821014,
            0.023365966975688934
        ],
        [
            0.06971818208694458,
            0.05210142955183983,
            0.037511929869651794
        ],
        [
            0.07578258216381073,
            0.05673627555370331,
            0.034594468772411346
        ],
        [
            0.0704972892999649,
            0.0641755610704422,
            0.03360350430011749
        ],
        [
            0.06368813663721085,
            0.06175948306918144,
            0.036745548248291016
        ],
        [
            0.11140173673629761,
            0.06736820936203003,
            -0.035026419907808304
        ],
        [
            0.10820871591567993,
            0.051903627812862396,
            -0.0403422974050045
        ],
        [
            0.09470520913600922,
            0.011807829141616821,
            0.03487900644540787
        ],
        [
            0.09843115508556366,
            0.005123026669025421,
            0.03315532207489014
        ],
        [
            0.1002981960773468,
            -0.0031938403844833374,
            0.03252655267715454
        ],
        [
            0.1041543111205101,
            0.030765514820814133,
            0.00755763053894043
        ],
        [
            0.11179304122924805,
            0.01905915141105652,
            0.010262835770845413
        ],
        [
            0.11309625208377838,
            0.019757434725761414,
            0.006066605448722839
        ],
        [
            0.1036471500992775,
            0.0303526408970356,
            0.0036267507821321487
        ],
        [
            0.10521261394023895,
            0.039093486964702606,
            -0.006029482930898666
        ],
        [
            0.1150309145450592,
            0.031234197318553925,
            -0.0020311325788497925
        ],
        [
            0.10687413066625595,
            0.04946849122643471,
            -0.006532352417707443
        ],
        [
            0.11582133173942566,
            0.006008610129356384,
            0.005030345171689987
        ],
        [
            0.11587540805339813,
            -0.0018105506896972656,
            0.012911653146147728
        ],
        [
            0.11808381229639053,
            -0.0031133219599723816,
            0.004377957433462143
        ],
        [
            0.1115109771490097,
            -0.0018645301461219788,
            0.021693170070648193
        ],
        [
            0.10623463243246078,
            -0.0022047534584999084,
            0.028857111930847168
        ],
        [
            0.07450743019580841,
            -0.012198314070701599,
            0.02737823873758316
        ],
        [
            0.11864542216062546,
            -0.003940381109714508,
            -0.003848578780889511
        ],
        [
            0.12028233706951141,
            0.06625673174858093,
            -0.009768089279532433
        ],
        [
            0.12053196132183075,
            0.0743563175201416,
            -0.01320955902338028
        ],
        [
            0.11348831653594971,
            0.07393639534711838,
            -0.012311832047998905
        ],
        [
            0.11251173913478851,
            0.06689579784870148,
            -0.00992448627948761
        ],
        [
            0.07596869766712189,
            0.07741597294807434,
            -0.047714557498693466
        ],
        [
            0.08267828077077866,
            0.07861766219139099,
            -0.04429306089878082
        ],
        [
            0.08740763366222382,
            0.0716632530093193,
            -0.04146011546254158
        ],
        [
            0.10400183498859406,
            0.031521815806627274,
            0.02163601852953434
        ],
        [
            0.09893494844436646,
            0.027423828840255737,
            0.03251948207616806
        ],
        [
            0.08046165108680725,
            0.08411161601543427,
            -0.029241135343909264
        ],
        [
            0.06961439549922943,
            0.11158810555934906,
            -0.04324968159198761
        ],
        [
            0.07534898817539215,
            0.11054927855730057,
            -0.04422178864479065
        ],
        [
            0.07471953332424164,
            0.092326320707798,
            -0.0471247173845768
        ],
        [
            0.06790737807750702,
            0.09360338747501373,
            -0.04621158167719841
        ],
        [
            0.07219318300485611,
            0.09018594026565552,
            -0.0276745967566967
        ],
        [
            0.07880335301160812,
            0.08760268986225128,
            -0.029315337538719177
        ],
        [
            0.07747535407543182,
            0.08956709504127502,
            -0.028875695541501045
        ],
        [
            0.07255925983190536,
            0.09261773526668549,
            -0.02562081627547741
        ],
        [
            0.06541183590888977,
            0.08478381484746933,
            0.006293437443673611
        ],
        [
            0.06803301721811295,
            0.07896390557289124,
            0.008665562607347965
        ],
        [
            0.05612194538116455,
            0.07438558340072632,
            -0.030208755284547806
        ],
        [
            0.059476569294929504,
            0.0715314969420433,
            -0.043002672493457794
        ],
        [
            0.0653986856341362,
            0.06057366728782654,
            -0.040452782064676285
        ],
        [
            0.07814512401819229,
            0.06614907830953598,
            0.0005600592121481895
        ],
        [
            0.07320702075958252,
            0.07522015273571014,
            -0.0008472027257084846
        ],
        [
            0.07231956720352173,
            0.07457517087459564,
            0.0032017817720770836
        ],
        [
            0.07883672416210175,
            0.0805804505944252,
            -0.021958090364933014
        ],
        [
            0.07609055936336517,
            0.08598549664020538,
            -0.02523803897202015
        ],
        [
            0.0744381844997406,
            0.08423268795013428,
            -0.020933296531438828
        ],
        [
            0.07734470069408417,
            0.07882857322692871,
            -0.017015788704156876
        ],
        [
            0.06743373721837997,
            0.035695966333150864,
            0.03347541019320488
        ],
        [
            0.07656493782997131,
            0.04077424854040146,
            0.03873438388109207
        ],
        [
            0.08283951133489609,
            0.11613640934228897,
            -0.039327021688222885
        ],
        [
            0.08121296763420105,
            0.11304458230733871,
            -0.04054972529411316
        ],
        [
            0.08340556174516678,
            0.056228652596473694,
            0.0027794232591986656
        ],
        [
            0.07274915277957916,
            0.04825359210371971,
            -0.03616207838058472
        ],
        [
            0.08960624784231186,
            0.04720233380794525,
            0.006056367419660091
        ],
        [
            0.049263667315244675,
            0.07311253249645233,
            0.01139606162905693
        ],
        [
            0.05446377024054527,
            0.07730404287576675,
            0.015826065093278885
        ],
        [
            0.05527965724468231,
            0.08337473124265671,
            0.014133681543171406
        ],
        [
            0.05031086876988411,
            0.08254039287567139,
            0.010752759873867035
        ],
        [
            0.07243534177541733,
            0.10767398774623871,
            -0.023905180394649506
        ],
        [
            0.0780341699719429,
            0.10746840387582779,
            -0.02533072978258133
        ],
        [
            0.07859247177839279,
            0.11170586943626404,
            -0.024967951700091362
        ],
        [
            0.07305585592985153,
            0.11327804625034332,
            -0.023630350828170776
        ],
        [
            0.08241020143032074,
            0.08603698015213013,
            -0.03375047817826271
        ],
        [
            0.0837802141904831,
            0.08455680310726166,
            -0.03973071649670601
        ],
        [
            0.08289508521556854,
            0.09008492529392242,
            -0.03847828507423401
        ],
        [
            0.08073651045560837,
            0.09012512117624283,
            -0.032874587923288345
        ],
        [
            0.08052048832178116,
            0.08488000184297562,
            -0.04492796212434769
        ],
        [
            0.0801241397857666,
            0.09076756983995438,
            -0.04416399821639061
        ],
        [
            0.06659519672393799,
            0.10901898145675659,
            -0.026313096284866333
        ],
        [
            0.06346987932920456,
            0.1108563244342804,
            -0.03286222368478775
        ],
        [
            0.06111343950033188,
            0.09426986426115036,
            -0.03402995690703392
        ],
        [
            0.06579432636499405,
            0.09543318301439285,
            -0.027664504945278168
        ],
        [
            0.06441549211740494,
            0.023333951830863953,
            0.005759489722549915
        ],
        [
            0.06484101712703705,
            0.02308182418346405,
            0.016935143619775772
        ],
        [
            0.05965650826692581,
            0.037374455481767654,
            0.01606922037899494
        ],
        [
            0.05313630774617195,
            0.05114717781543732,
            0.01557260099798441
        ],
        [
            0.04809333384037018,
            0.06445413082838058,
            0.014182819053530693
        ],
        [
            0.0462343692779541,
            0.06425657123327255,
            0.002190748229622841
        ],
        [
            0.061144255101680756,
            0.036090411245822906,
            0.02409527823328972
        ],
        [
            0.06317750364542007,
            0.08679082989692688,
            -0.027634700760245323
        ],
        [
            0.059726882725954056,
            0.08303669095039368,
            -0.034353531897068024
        ],
        [
            0.058315079659223557,
            0.08232662826776505,
            -0.029248226433992386
        ],
        [
            0.08955582976341248,
            0.04793192073702812,
            0.013519197702407837
        ],
        [
            0.0801224485039711,
            0.10921354591846466,
            -0.04208425432443619
        ],
        [
            0.08792389929294586,
            -0.004568874835968018,
            -0.01947689987719059
        ],
        [
            0.0789041742682457,
            -0.005547411739826202,
            -0.009041871875524521
        ],
        [
            0.0778496190905571,
            0.002517230808734894,
            -0.012476092204451561
        ],
        [
            0.08902574330568314,
            0.0043466538190841675,
            -0.024041907861828804
        ],
        [
            0.08244574069976807,
            0.10741204023361206,
            -0.030674956738948822
        ],
        [
            0.08353132754564285,
            0.1078878790140152,
            -0.0368679016828537
        ],
        [
            0.06673726439476013,
            0.07976192235946655,
            0.015144825913012028
        ],
        [
            0.06420011818408966,
            0.08500742167234421,
            0.011946916580200195
        ],
        [
            0.0614672489464283,
            0.08576661348342896,
            0.013900283724069595
        ],
        [
            0.06440902501344681,
            0.0824974849820137,
            0.0192062109708786
        ],
        [
            0.06639032065868378,
            0.021994099020957947,
            0.022629180923104286
        ],
        [
            0.054771386086940765,
            0.07086098194122314,
            0.0332946740090847
        ],
        [
            0.0482255257666111,
            0.0678439512848854,
            0.024957235902547836
        ],
        [
            0.06924539804458618,
            0.010659515857696533,
            0.017243482172489166
        ],
        [
            0.06833554804325104,
            0.010480716824531555,
            0.007476372644305229
        ],
        [
            0.07100142538547516,
            0.0012519583106040955,
            0.009298063814640045
        ],
        [
            0.04847641661763191,
            0.07220108062028885,
            -0.010630305856466293
        ],
        [
            0.06426188349723816,
            0.025769449770450592,
            -0.0025984803214669228
        ],
        [
            0.06896066665649414,
            0.01220712810754776,
            8.373521268367767e-06
        ],
        [
            0.0721762478351593,
            0.0012525245547294617,
            0.0018368754535913467
        ],
        [
            0.07372760772705078,
            -0.006752625107765198,
            0.0036873333156108856
        ],
        [
            0.07239742577075958,
            -0.005891375243663788,
            0.011704259552061558
        ],
        [
            0.06551501899957657,
            0.11172080039978027,
            -0.03843020275235176
        ],
        [
            0.06529101729393005,
            0.11732127517461777,
            -0.03183596953749657
        ],
        [
            0.07238774001598358,
            -0.014588460326194763,
            0.01440627221018076
        ],
        [
            0.07453007251024246,
            -0.014978103339672089,
            0.005353836342692375
        ],
        [
            0.07108079642057419,
            0.013780176639556885,
            -0.00885804370045662
        ],
        [
            0.0756678432226181,
            0.016328439116477966,
            -0.019611012190580368
        ],
        [
            0.06665682792663574,
            0.026941046118736267,
            -0.010961073450744152
        ],
        [
            0.07032433152198792,
            0.0303339883685112,
            -0.021676447242498398
        ],
        [
            0.047518275678157806,
            0.06882145255804062,
            -0.021002843976020813
        ],
        [
            0.07533465325832367,
            0.1328975409269333,
            -0.02616947516798973
        ],
        [
            0.06932709366083145,
            0.12252883613109589,
            -0.026519590988755226
        ],
        [
            0.07348733395338058,
            0.11943323910236359,
            -0.023845458403229713
        ],
        [
            0.07671026885509491,
            0.13018763065338135,
            -0.02286309376358986
        ],
        [
            0.0679839625954628,
            0.11531898379325867,
            -0.025901420041918755
        ],
        [
            0.06791616976261139,
            0.12326133251190186,
            -0.03202925994992256
        ],
        [
            0.08020880073308945,
            0.03462047502398491,
            -0.03335970640182495
        ],
        [
            0.07098618894815445,
            0.08916383981704712,
            -0.023574035614728928
        ],
        [
            0.09035687148571014,
            0.02080126851797104,
            -0.03199505805969238
        ],
        [
            0.09066008776426315,
            0.045162152498960495,
            -0.042834267020225525
        ],
        [
            0.10052613914012909,
            0.036387812346220016,
            -0.04059712588787079
        ],
        [
            0.10246802121400833,
            0.007307335734367371,
            -0.030448660254478455
        ],
        [
            0.1098659485578537,
            0.023250475525856018,
            -0.03687925636768341
        ],
        [
            0.099005788564682,
            -0.010198742151260376,
            -0.021698003634810448
        ],
        [
            0.09899510443210602,
            -0.0016225799918174744,
            -0.025349749252200127
        ],
        [
            0.11596207320690155,
            0.040949497371912,
            -0.03807502239942551
        ],
        [
            0.08762294799089432,
