{
    "pred_cam": [
        5.759171962738037,
        0.12323052436113358,
        -0.0867469385266304
    ],
    "pred_mano_params": {
        "global_orient": [
            [
                [
                    -0.08165633678436279,
                    -0.8676875233650208,
                    0.49035754799842834
                ],
                [
                    -0.9331107139587402,
                    -0.10631676018238068,
                    -0.3435128629207611
                ],
                [
                    0.3501950800418854,
                    -0.48560792207717896,
                    -0.8009670972824097
                ]
            ]
        ],
        "hand_pose": [
            [
                [
                    0.802286684513092,
                    -0.5210667848587036,
                    -0.29124826192855835
                ],
                [
                    0.48919299244880676,
                    0.8535146117210388,
                    -0.1794520765542984
                ],
                [
                    0.3420911431312561,
                    0.0014954066136851907,
                    0.9396656155586243
                ]
            ],
            [
                [
                    0.9722737073898315,
                    0.23166929185390472,
                    0.03183048218488693
                ],
                [
                    -0.2250032126903534,
                    0.9638787508010864,
                    -0.14251761138439178
                ],
                [
                    -0.0636976808309555,
                    0.13140416145324707,
                    0.9892802834510803
                ]
            ],
            [
                [
                    0.9386622309684753,
                    -0.3041517734527588,
                    -0.16249588131904602
                ],
                [
                    0.17819033563137054,
                    0.8312485814094543,
                    -0.5265681743621826
                ],
                [
                    0.29523107409477234,
                    0.46531444787979126,
                    0.8344585299491882
                ]
            ],
            [
                [
                    0.8506588339805603,
                    -0.48149043321609497,
                    -0.21106036007404327
                ],
                [
                    0.4578205943107605,
                    0.875816822052002,
                    -0.15279169380664825
                ],
                [
                    0.25841793417930603,
                    0.033345844596624374,
                    0.965457558631897
                ]
            ],
            [
                [
                    0.9673884510993958,
                    0.24483591318130493,
                    -0.06492401659488678
                ],
                [
                    -0.2172885537147522,
                    0.9338653087615967,
                    0.2840442955493927
                ],
                [
                    0.13017451763153076,
                    -0.2606738805770874,
                    0.9566105604171753
                ]
            ],
            [
                [
                    0.987860918045044,
                    -0.0563003346323967,
                    -0.14477983117103577
                ],
                [
                    0.06221240386366844,
                    0.9973903894424438,
                    0.0366339311003685
                ],
                [
                    0.14233951270580292,
                    -0.04519633576273918,
                    0.9887855648994446
                ]
            ],
            [
                [
                    0.5640584230422974,
                    -0.3336579203605652,
                    0.7553213834762573
                ],
                [
                    0.4935872554779053,
                    0.8695577383041382,
                    0.015520257875323296
                ],
                [
                    -0.6619740724563599,
                    0.36406269669532776,
                    0.6551706790924072
                ]
            ],
            [
                [
                    0.9146766066551208,
                    0.04246228560805321,
                    -0.40194979310035706
                ],
                [
                    0.040901415050029755,
                    0.9796373844146729,
                    0.19656483829021454
                ],
                [
                    0.40211158990859985,
                    -0.1962335854768753,
                    0.8943146467208862
                ]
            ],
            [
                [
                    0.979364275932312,
                    -0.08995256572961807,
                    0.18098092079162598
                ],
                [
                    0.12326158583164215,
                    0.9755116105079651,
                    -0.18216386437416077
                ],
                [
                    -0.16016288101673126,
                    0.20071278512477875,
                    0.9664689302444458
                ]
            ],
            [
                [
                    0.857176661491394,
                    -0.47789379954338074,
                    0.1920042335987091
                ],
                [
                    0.5123775601387024,
                    0.8290309906005859,
                    -0.22400179505348206
                ],
                [
                    -0.0521283820271492,
                    0.2903877794742584,
                    0.9554880857467651
                ]
            ],
            [
                [
                    0.9690051674842834,
                    0.17166480422019958,
                    -0.17765198647975922
                ],
                [
                    -0.11275999248027802,
                    0.9471843838691711,
                    0.300211638212204
                ],
                [
                    0.21980494260787964,
                    -0.270874559879303,
                    0.9371834993362427
                ]
            ],
            [
                [
                    0.9736487865447998,
                    -0.07475806772708893,
                    -0.21545130014419556
                ],
                [
                    0.0952138677239418,
                    0.9917201399803162,
                    0.08617158234119415
                ],
                [
                    0.20722535252571106,
                    -0.10441480576992035,
                    0.9727051258087158
                ]
            ],
            [
                [
                    0.9969809651374817,
                    -0.012743033468723297,
                    -0.07659406960010529
                ],
                [
                    -0.06007204204797745,
                    0.4984280467033386,
                    -0.8648473024368286
                ],
                [
                    0.04919742792844772,
                    0.8668373823165894,
                    0.49615776538848877
                ]
            ],
            [
                [
                    0.935652494430542,
                    -0.2761668264865875,
                    -0.21974119544029236
                ],
                [
                    0.3523668050765991,
                    0.6960812211036682,
                    0.6255465745925903
                ],
                [
                    -0.019797492772340775,
                    -0.6627237796783447,
                    0.7486021518707275
                ]
            ],
            [
                [
                    0.9387096762657166,
                    0.3111269176006317,
                    0.14840570092201233
                ],
                [
                    -0.3337732255458832,
                    0.9279622435569763,
                    0.1657756119966507
                ],
                [
                    -0.08613763004541397,
                    -0.20514899492263794,
                    0.9749329686164856
                ]
            ]
        ],
        "betas": [
            -0.053572773933410645,
            -0.0009008944034576416,
            -0.06553095579147339,
            0.05663993954658508,
            0.047242969274520874,
            -0.0033309422433376312,
            0.04386976361274719,
            -0.048602163791656494,
            -0.004798516631126404,
            -0.04901662468910217
        ]
    },
    "pred_cam_t": [
        -0.12323052436113358,
        -0.0867469385266304,
        6.78265905380249
    ],
    "focal_length": [
        5000.0,
        5000.0
    ],
    "pred_keypoints_3d": [
        [
            0.09601285308599472,
            0.006410988047719002,
            0.006195498630404472
        ],
        [
            0.12421320378780365,
            0.021732404828071594,
            -0.015441620722413063
        ],
        [
            0.14809362590312958,
            0.03981725126504898,
            -0.02305249497294426
        ],
        [
            0.16317521035671234,
            0.06180495768785477,
            -0.028369000181555748
        ],
        [
            0.1769767701625824,
            0.08384321630001068,
            -0.05374758318066597
        ],
        [
            0.11792826652526855,
            0.08240325003862381,
            -0.03886385262012482
        ],
        [
            0.12710674107074738,
            0.11404750496149063,
            -0.03539378196001053
        ],
        [
            0.13227573037147522,
            0.13562630116939545,
            -0.033428508788347244
        ],
        [
            0.1339530497789383,
            0.16077637672424316,
            -0.024987827986478806
        ],
        [
            0.10338566452264786,
            0.0963842123746872,
            -0.023652074858546257
        ],
        [
            0.10921231657266617,
            0.12675181031227112,
            -0.01635134406387806
        ],
        [
            0.11088089644908905,
            0.14916126430034637,
            -0.010102275758981705
        ],
        [
            0.10803717374801636,
            0.17399194836616516,
            -0.001363016664981842
        ],
        [
            0.09302733093500137,
            0.09254541993141174,
            0.0008063521236181259
        ],
        [
            0.10392200201749802,
            0.11929541826248169,
            -0.0005085160955786705
        ],
        [
            0.10867045819759369,
            0.14295414090156555,
            0.005462254397571087
        ],
        [
            0.10841507464647293,
            0.16770891845226288,
            0.014131591655313969
        ],
        [
            0.08908287435770035,
            0.08676205575466156,
            0.02153901569545269
        ],
        [
            0.09962891787290573,
            0.10441365838050842,
            0.016511306166648865
        ],
        [
            0.10600418597459793,
            0.1222282350063324,
            0.01836865209043026
        ],
        [
            0.11344966292381287,
            0.1389181911945343,
            0.0161727387458086
        ]
    ],
    "pred_vertices": [
        [
            0.12312125414609909,
            0.0494857020676136,
            -0.016171731054782867
        ],
        [
            0.12291635572910309,
            0.04031829908490181,
            -0.011104334145784378
        ],
        [
            0.13061052560806274,
            0.045511867851018906,
            -0.014852721244096756
        ],
        [
            0.13007937371730804,
            0.053067732602357864,
            -0.0214981846511364
        ],
        [
            0.13692538440227509,
            0.0288035087287426,
            -0.001817997545003891
        ],
        [
            0.14202693104743958,
            0.018678933382034302,
            -0.0056377798318862915
        ],
        [
            0.15211130678653717,
            0.031203873455524445,
            -0.010759107768535614
        ],
        [
            0.14721588790416718,
            0.037972986698150635,
            -0.005530983209609985
        ],
        [
            0.1348532885313034,
            0.05610407143831253,
            -0.026356149464845657
        ],
        [
            0.1372538059949875,
            0.04979083687067032,
            -0.017511563375592232
        ],
        [
            0.13568788766860962,
            0.05537280812859535,
            -0.029326900839805603
        ],
        [
            0.12731938064098358,
            0.060340218245983124,
            -0.04117355868220329
        ],
        [
            0.130054771900177,
            0.061562467366456985,
            -0.03498265892267227
        ],
        [
            0.12290702760219574,
            0.06673576682806015,
            -0.04582782834768295
        ],
        [
            0.11982541531324387,
            0.05285397544503212,
            -0.04458561912178993
        ],
        [
            0.1134672537446022,
            0.06665021926164627,
            -0.047891516238451004
        ],
        [
            0.09307797253131866,
            0.051958631724119186,
            -0.030519496649503708
        ],
        [
            0.08552852272987366,
            0.05295052379369736,
            -0.01895822584629059
        ],
        [
            0.08668561279773712,
            0.06930308043956757,
            -0.02292446233332157
        ],
        [
            0.09480072557926178,
            0.0669805109500885,
            -0.03383621200919151
        ],
        [
            0.0803816020488739,
            0.06567304581403732,
            -0.0032672351226210594
        ],
        [
            0.0836782157421112,
            0.06855867058038712,
            -0.01429531816393137
        ],
        [
            0.08147628605365753,
            0.052114423364400864,
            -0.010876448825001717
        ],
        [
            0.07877963781356812,
            0.05034535378217697,
            -0.001086268573999405
        ],
        [
            0.1131666824221611,
            0.04554661363363266,
            -0.003664221614599228
        ],
        [
            0.11275161057710648,
            0.03581506758928299,
            0.000760858878493309
        ],
        [
            0.11539053171873093,
            0.036779072135686874,
            -0.0047498345375061035
        ],
        [
            0.11624041944742203,
            0.04593318700790405,
            -0.008543988689780235
        ],
        [
            0.14348140358924866,
            0.05077565461397171,
            -0.032026566565036774
        ],
        [
            0.1339011937379837,
            0.04270893335342407,
            -0.03819936513900757
        ],
        [
            0.1333080679178238,
            0.05030553787946701,
            -0.03567972779273987
        ],
        [
            0.1440514475107193,
            0.05390609800815582,
            -0.02716856077313423
        ],
        [
            0.1130414754152298,
            0.014638416469097137,
            0.021367622539401054
        ],
        [
            0.10805203765630722,
            0.0020430833101272583,
            0.02075621485710144
        ],
        [
            0.11040867120027542,
            0.000666692852973938,
            0.015507983043789864
        ],
        [
            0.11397670209407806,
            0.012537777423858643,
            0.016889052465558052
        ],
        [
            0.12550649046897888,
            0.0028639808297157288,
            -8.619949221611023e-05
        ],
        [
            0.11802523583173752,
            -0.004803463816642761,
            0.00016199424862861633
        ],
        [
            0.11504852771759033,
            -0.013094514608383179,
            -0.01008053869009018
        ],
        [
            0.12153112143278122,
            -0.005466565489768982,
            -0.013478361070156097
        ],
        [
            0.13404835760593414,
            0.01111188530921936,
            -0.002610396593809128
        ],
        [
            0.13263516128063202,
            0.0028125718235969543,
            -0.013674311339855194
        ],
        [
            0.14205068349838257,
            0.01226804405450821,
            -0.015139348804950714
        ],
        [
            0.15230034291744232,
            0.026703745126724243,
            -0.018891742452979088
        ],
        [
            0.10011439025402069,
            0.004788108170032501,
            0.03051823563873768
        ],
        [
            0.1030791699886322,
            0.014331214129924774,
            0.03269001841545105
        ],
        [
            0.1369919329881668,
            0.11714395135641098,
            -0.034060440957546234
        ],
        [
            0.13400807976722717,
            0.11832748353481293,
            -0.029199164360761642
        ],
        [
            0.13369883596897125,
            0.1121428906917572,
            -0.029637617990374565
        ],
        [
            0.13623268902301788,
            0.11232035607099533,
            -0.03480653464794159
        ],
        [
            0.08203057944774628,
            0.01394779235124588,
            0.03140252083539963
        ],
        [
            0.07390816509723663,
            0.013960398733615875,
            0.0253064576536417
        ],
        [
            0.07419842481613159,
            0.0073909759521484375,
            0.02850617840886116
        ],
        [
            0.08263244479894638,
            0.006506882607936859,
            0.032700587064027786
        ],
        [
            0.08138430863618851,
            0.023774705827236176,
            0.029640251770615578
        ],
        [
            0.07431408017873764,
            0.023025542497634888,
            0.020746985450387
        ],
        [
            0.1298033595085144,
            0.12047214061021805,
            -0.043889161199331284
        ],
        [
            0.13448725640773773,
            0.11910946667194366,
            -0.042235929518938065
        ],
        [
            0.132304847240448,
            0.11451660841703415,
            -0.04361581429839134
        ],
        [
            0.12722092866897583,
            0.11551329493522644,
            -0.04426517337560654
        ],
        [
            0.12890571355819702,
            0.06042609363794327,
            -0.027801834046840668
        ],
        [
            0.12411433458328247,
            0.05829103663563728,
            -0.01990532875061035
        ],
        [
            0.12718525528907776,
            0.07679042220115662,
            -0.032780904322862625
        ],
        [
            0.1246669739484787,
            0.0698808878660202,
            -0.02744971215724945
        ],
        [
            0.12752245366573334,
            0.06743534654378891,
            -0.033650144934654236
        ],
        [
            0.1282343566417694,
            0.0736263245344162,
            -0.03809138387441635
        ],
        [
            0.1116873025894165,
            0.06805375963449478,
            -0.007459757849574089
        ],
        [
            0.11123300343751907,
            0.05667658522725105,
            -0.004454866051673889
        ],
        [
            0.11447274684906006,
            0.05754786729812622,
            -0.010249270126223564
        ],
        [
            0.11646944284439087,
            0.06968886405229568,
            -0.014514255337417126
        ],
        [
            0.10675141215324402,
            0.05742804706096649,
            0.009047540836036205
        ],
        [
            0.10718555748462677,
            0.06857122480869293,
            0.00480490829795599
        ],
        [
            0.10452117770910263,
            0.067813940346241,
            0.012999451719224453
        ],
        [
            0.10554090887308121,
            0.060033269226551056,
            0.015004216693341732
        ],
        [
            0.10852472484111786,
            0.08651440590620041,
            -0.005607751198112965
        ],
        [
            0.1075390949845314,
            0.09296391904354095,
            -0.008445899933576584
        ],
        [
            0.10685323923826218,
            0.09396886080503464,
            -0.004453941248357296
        ],
        [
            0.10671895742416382,
            0.08649525046348572,
            -0.002005268819630146
        ],
        [
            0.07372394949197769,
            0.0006638094782829285,
            0.03074502944946289
        ],
        [
            0.08324479311704636,
            -0.0007572919130325317,
            0.032960306853055954
        ],
        [
            0.0767420157790184,
            0.06363767385482788,
            0.018013540655374527
        ],
        [
            0.08042604476213455,
            0.060070306062698364,
            0.028069477528333664
        ],
        [
            0.07922890782356262,
            0.07406561076641083,
            0.0274116899818182
        ],
        [
            0.07552525401115417,
            0.07396144419908524,
            0.016682103276252747
        ],
        [
            0.07059535384178162,
            0.013981759548187256,
            0.015370319597423077
        ],
        [
            0.06892397999763489,
            0.007724113762378693,
            0.019849054515361786
        ],
        [
            0.12413620203733444,
            0.1222701370716095,
            -0.04203827679157257
        ],
        [
            0.1221064105629921,
            0.11703576147556305,
            -0.04147695004940033
        ],
        [
            0.13374477624893188,
            0.008899956941604614,
            -0.026187283918261528
        ],
        [
            0.14840392768383026,
            0.02522888034582138,
            -0.02767742983996868
        ],
        [
            0.12113752216100693,
            -0.0014538690447807312,
            -0.023496316745877266
        ],
        [
            0.11178350448608398,
            -0.007571674883365631,
            -0.020803367719054222
        ],
        [
            0.10628774762153625,
            -0.014406718313694,
            -0.018481941893696785
        ],
        [
            0.12197501212358475,
            0.074684277176857,
            -0.023615645244717598
        ],
        [
            0.1185026466846466,
            0.054282743483781815,
            -0.013414036482572556
        ],
        [
            0.11099275201559067,
            0.04553655907511711,
            0.001059139147400856
        ],
        [
            0.1027512401342392,
            0.051948968321084976,
            0.0303253922611475
        ],
        [
            0.10321106761693954,
            0.04154689610004425,
            0.03281993046402931
        ],
        [
            0.10831768810749054,
            0.04376138374209404,
            0.023628387600183487
        ],
        [
            0.10629884153604507,
            0.052379876375198364,
            0.02306312322616577
        ],
        [
            0.08839655667543411,
            0.06072862818837166,
            0.03377755731344223
        ],
        [
            0.09632142633199692,
            0.06228937953710556,
            0.032148927450180054
        ],
        [
            0.09472955763339996,
            0.0719679445028305,
            0.0304714385420084
        ],
        [
            0.08678939938545227,
            0.07241778820753098,
            0.03214496374130249
        ],
        [
            0.14733894169330597,
            0.046069033443927765,
            -0.03638889268040657
        ],
        [
            0.13631124794483185,
            0.035531479865312576,
            -0.039512891322374344
        ],
        [
            0.09222307801246643,
            0.013318613171577454,
            0.03435304015874863
        ],
        [
            0.09277530759572983,
            0.005613662302494049,
            0.03314003348350525
        ],
        [
            0.09080018103122711,
            -0.0026336759328842163,
            0.03261411935091019
        ],
        [
            0.11390607059001923,
            0.024856053292751312,
            0.010217048227787018
        ],
        [
            0.11472291499376297,
            0.011079646646976471,
            0.013809535652399063
        ],
        [
            0.11694135516881943,
            0.011053502559661865,
            0.010118270292878151
        ],
        [
            0.11403433233499527,
            0.02483861893415451,
            0.0065703559666872025
        ],
        [
            0.12377414107322693,
            0.03181290253996849,
            -0.0032899044454097748
        ],
        [
            0.1272091120481491,
            0.02007221430540085,
            0.0021289587020874023
        ],
        [
            0.13217991590499878,
            0.039152614772319794,
            -0.005645677447319031
        ],
        [
            0.11340071260929108,
            -0.002877645194530487,
            0.008838888257741928
        ],
        [
            0.10866743326187134,
            -0.009475640952587128,
            0.016268029808998108
        ],
        [
            0.11154033243656158,
            -0.012149043381214142,
            0.008268926292657852
        ],
        [
            0.1032075360417366,
            -0.007086709141731262,
            0.024083547294139862
        ],
        [
            0.09710710495710373,
            -0.004622064530849457,
            0.03013475611805916
        ],
        [
            0.06499218940734863,
            0.0006170868873596191,
            0.022475900128483772
        ],
        [
            0.11302710324525833,
            -0.013660550117492676,
            0.0001921243965625763
        ],
        [
            0.15389317274093628,
            0.04397667199373245,
            -0.010678227990865707
        ],
        [
            0.15913301706314087,
            0.04940617084503174,
            -0.015432983636856079
        ],
        [
            0.15325574576854706,
            0.05344079062342644,
            -0.015082227997481823
        ],
        [
            0.14794045686721802,
            0.0490170493721962,
            -0.011564642190933228
        ],
        [
            0.12090771645307541,
            0.07583905756473541,
            -0.04863691329956055
        ],
        [
            0.12682349979877472,
            0.07453278452157974,
            -0.04386873170733452
        ],
        [
            0.1276339441537857,
            0.06570468842983246,
            -0.04063595086336136
        ],
        [
            0.11165004968643188,
            0.026001371443271637,
            0.02368268370628357
        ],
        [
            0.10344921797513962,
            0.025205112993717194,
            0.03329451009631157
        ],
        [
            0.12415066361427307,
            0.08145978301763535,
            -0.029082834720611572
        ],
        [
            0.1242523044347763,
            0.11163714528083801,
            -0.04516790434718132
        ],
        [
            0.12978440523147583,
            0.10987205803394318,
            -0.04481827840209007
        ],
        [
            0.12492972612380981,
            0.09149393439292908,
            -0.04728648439049721
        ],
        [
            0.11889428645372391,
            0.0946771651506424,
            -0.04789341613650322
        ],
        [
            0.11845650523900986,
            0.09099778532981873,
            -0.028967618942260742
        ],
        [
            0.12356796115636826,
            0.08590538799762726,
            -0.029330182820558548
        ],
        [
            0.12275879085063934,
            0.08872069418430328,
            -0.029103970155119896
        ],
        [
            0.11860841512680054,
            0.09338042140007019,
            -0.027044491842389107
        ],
        [
            0.10339891910552979,
            0.09183799475431442,
            0.003972374834120274
        ],
        [
            0.10352355241775513,
            0.0850197821855545,
            0.006172167137265205
        ],
        [
            0.09924452751874924,
            0.08242304623126984,
            -0.034748490899801254
        ],
        [
            0.10302040725946426,
            0.07737790793180466,
            -0.04672293737530708
        ],
        [
            0.10272133350372314,
            0.06533915549516678,
            -0.04346561059355736
        ],
        [
            0.1087777316570282,
            0.0675128772854805,
            -0.0005573630332946777
        ],
        [
            0.1088765487074852,
            0.07789594680070877,
            -0.0025093629956245422
        ],
        [
            0.10704769194126129,
            0.07809358835220337,
            0.001346200704574585
        ],
        [
            0.11998236924409866,
            0.07896197587251663,
            -0.022223252803087234
        ],
        [
            0.12033245712518692,
            0.0851365402340889,
            -0.025908783078193665
        ],
        [
            0.11766023188829422,
            0.08452197164297104,
            -0.021853091195225716
        ],
        [
            0.11698181927204132,
            0.07830680906772614,
            -0.017616979777812958
        ],
        [
            0.07983838766813278,
            0.046667151153087616,
            0.028708195313811302
        ],
        [
            0.08911272138357162,
            0.047494515776634216,
            0.03579261898994446
        ],
        [
            0.1371060013771057,
            0.11766184866428375,
            -0.0388018824160099
        ],
        [
            0.13554851710796356,
            0.11298952251672745,
            -0.040004663169384
        ],
        [
            0.10840403288602829,
            0.056351836770772934,
            0.002235677093267441
        ],
        [
            0.10241405665874481,
            0.051404472440481186,
            -0.038477566093206406
        ],
        [
            0.10903733968734741,
            0.04562439024448395,
            0.006260724738240242
        ],
        [
            0.08396114408969879,
            0.08609330654144287,
            0.004011530429124832
        ],
        [
            0.08849560469388962,
            0.0882411003112793,
            0.009510801173746586
        ],
        [
            0.09084364026784897,
            0.09398473799228668,
            0.007251575589179993
        ],
        [
            0.08695952594280243,
            0.0943722128868103,
            0.0023610489442944527
        ],
        [
            0.12179912626743317,
            0.10934159904718399,
            -0.02578112669289112
        ],
        [
            0.1275520771741867,
            0.10787554085254669,
            -0.025928735733032227
        ],
        [
            0.12877365946769714,
            0.11345195025205612,
            -0.025723539292812347
        ],
        [
            0.12322230637073517,
            0.11498735845088959,
            -0.025808284059166908
        ],
        [
            0.12718993425369263,
            0.08299408853054047,
            -0.032979704439640045
        ],
        [
            0.12912848591804504,
            0.08064726740121841,
            -0.03867435082793236
        ],
        [
            0.12988883256912231,
            0.08714426308870316,
            -0.037325888872146606
        ],
        [
            0.12673848867416382,
            0.08810334652662277,
            -0.03232598304748535
        ],
        [
            0.12732061743736267,
            0.08210953325033188,
            -0.04435921460390091
        ],
        [
            0.12884759902954102,
            0.08850711584091187,
            -0.043326519429683685
        ],
        [
            0.1170017421245575,
            0.11120203137397766,
            -0.030063709244132042
        ],
        [
            0.11538970470428467,
            0.11259426176548004,
            -0.037459179759025574
        ],
        [
            0.11014778167009354,
            0.0978723019361496,
            -0.03813321888446808
        ],
        [
            0.11382272839546204,
            0.09800396859645844,
            -0.030751967802643776
        ],
        [
            0.07621841132640839,
            0.03554327040910721,
            0.00045727286487817764
        ],
        [
            0.07448747754096985,
            0.035731904208660126,
            0.011518305167555809
        ],
        [
            0.07681038975715637,
            0.05051545426249504,
            0.010250584222376347
        ],
        [
            0.07769189774990082,
            0.06515178084373474,
            0.00904654897749424
        ],
        [
            0.07973069697618484,
            0.07882605493068695,
            0.00709841912612319
        ],
        [
            0.0806460976600647,
            0.07850418984889984,
            -0.0050846291705966
        ],
        [
            0.07612824440002441,
            0.04919896274805069,
            0.018341582268476486
        ],
        [
            0.1098494678735733,
            0.0922529399394989,
            -0.030593546107411385
        ],
        [
            0.10611644387245178,
            0.08831807971000671,
            -0.038289137184619904
        ],
        [
            0.10415785759687424,
            0.08938759565353394,
            -0.033405154943466187
        ],
        [
            0.10797837376594543,
            0.04673266038298607,
            0.013606969267129898
        ],
        [
            0.133482426404953,
            0.10795256495475769,
            -0.04164920374751091
        ],
        [
            0.08843157440423965,
            -0.0014019384980201721,
            -0.020798208191990852
        ],
        [
            0.07840748131275177,
            0.0024926140904426575,
            -0.012360682711005211
        ],
        [
            0.08172298967838287,
            0.009973607957363129,
            -0.015681935474276543
        ],
        [
            0.0939292311668396,
            0.005702152848243713,
            -0.024736754596233368
        ],
        [
            0.13288703560829163,
            0.1061711311340332,
            -0.02996278740465641
        ],
        [
            0.13541872799396515,
            0.10643844306468964,
            -0.03578132018446922
        ],
        [
            0.10055988281965256,
            0.08697296679019928,
            0.012043480761349201
        ],
        [
            0.1003086268901825,
            0.09282822906970978,
            0.008590005338191986
        ],
        [
            0.09713631868362427,
            0.09488262236118317,
            0.009581763297319412
        ],
        [
            0.0975785031914711,
            0.09095369279384613,
            0.0153574850410223
        ],
        [
            0.07436183094978333,
            0.03437773138284683,
            0.01736062951385975
        ],
        [
            0.08081994205713272,
            0.08333086222410202,
            0.02500741183757782
        ],
        [
            0.07700840383768082,
            0.08221656084060669,
            0.016409847885370255
        ],
        [
            0.0724942684173584,
            0.022780857980251312,
            0.012201276607811451
        ],
        [
            0.07339034974575043,
            0.022498317062854767,
            0.002409549430012703
        ],
        [
            0.07116994261741638,
            0.01319345086812973,
            0.00438905693590641
        ],
        [
            0.08816719055175781,
            0.08456312119960785,
            -0.017161617055535316
        ],
        [
            0.07869938015937805,
            0.03734511882066727,
            -0.0077223265543580055
        ],
        [
            0.07611341774463654,
            0.023338139057159424,
            -0.004764197394251823
        ],
        [
            0.073589988052845,
            0.012238062918186188,
            -0.002739179879426956
        ],
        [
            0.07097721099853516,
            0.004505336284637451,
            -0.0008885916322469711
        ],
        [
            0.06873039901256561,
            0.006327226758003235,
            0.0067962221801280975
        ],
        [
            0.11891055852174759,
            0.11274942755699158,
            -0.04181155562400818
        ],
        [
            0.11791542917490005,
            0.11766940355300903,
            -0.03673110529780388
        ],
        [
            0.06435245275497437,
            -0.00129612535238266,
            0.009202440269291401
        ],
        [
            0.06768529117107391,
            -0.0031133294105529785,
            0.0006684381514787674
        ],
        [
            0.08032850921154022,
            0.02329906076192856,
            -0.01303880289196968
        ],
        [
            0.08720153570175171,
            0.022827796638011932,
            -0.02258904092013836
        ],
        [
            0.08286706358194351,
            0.036874301731586456,
            -0.015459840185940266
        ],
        [
            0.089480459690094,
            0.03763715550303459,
            -0.025163181126117706
        ],
        [
            0.08811993896961212,
            0.08095985651016235,
            -0.027254926040768623
        ],
        [
            0.12308896332979202,
            0.1342088133096695,
            -0.032885223627090454
        ],
        [
            0.11977998167276382,
            0.12297537922859192,
            -0.03151251748204231
        ],
        [
            0.12332212924957275,
            0.12162560969591141,
            -0.0269792340695858
        ],
        [
            0.12390804290771484,
            0.13311690092086792,
            -0.02856490947306156
        ],
        [
            0.11900044232606888,
            0.11647462099790573,
            -0.029925405979156494
        ],
        [
            0.11974205076694489,
            0.12291021645069122,
            -0.03740330785512924
        ],
        [
            0.1018378734588623,
            0.035988617688417435,
            -0.034779977053403854
        ],
        [
            0.11697358638048172,
            0.09123977273702621,
            -0.024840109050273895
        ],
        [
            0.10350366681814194,
            0.01891820877790451,
            -0.03185940161347389
        ],
        [
            0.11772861331701279,
            0.039327554404735565,
            -0.04286574944853783
        ],
        [
            0.1211911216378212,
            0.026639670133590698,
            -0.03922898694872856
        ],
        [
            0.10716481506824493,
            0.001446463167667389,
            -0.028549691662192345
        ],
        [
            0.12161754816770554,
            0.010783150792121887,
            -0.03396210819482803
        ],
        [
            0.09585313498973846,
            -0.011618152260780334,
            -0.02112983725965023
        ],
        [
            0.09993680566549301,
            -0.0043332576751708984,
            -0.024424511939287186
        ],
        [
            0.13608318567276,
            0.022024288773536682,
            -0.035579338669776917
        ],
        [
            0.13769540190696716,
