{
    "pred_cam": [
        5.817917823791504,
        0.12428890913724899,
        -0.0868896096944809
    ],
    "pred_mano_params": {
        "global_orient": [
            [
                [
                    -0.08707388490438461,
                    -0.8135504126548767,
                    0.574938178062439
                ],
                [
                    -0.9102354645729065,
                    -0.16955921053886414,
                    -0.3777843117713928
                ],
                [
                    0.4048325717449188,
                    -0.5562242865562439,
                    -0.7257582545280457
                ]
            ]
        ],
        "hand_pose": [
            [
                [
                    0.7946718335151672,
                    -0.5416416525840759,
                    -0.2740820646286011
                ],
                [
                    0.5135533809661865,
                    0.8406004309654236,
                    -0.17220309376716614
                ],
                [
                    0.3236658573150635,
                    -0.00391081627458334,
                    0.9461634159088135
                ]
            ],
            [
                [
                    0.9762784242630005,
                    0.21332348883152008,
                    0.03706231340765953
                ],
                [
                    -0.206182062625885,
                    0.9682061672210693,
                    -0.14165367186069489
                ],
                [
                    -0.06610201299190521,
                    0.1306518167257309,
                    0.9892222881317139
                ]
            ],
            [
                [
                    0.9339814782142639,
                    -0.3368486762046814,
                    -0.11921228468418121
                ],
                [
                    0.21771830320358276,
                    0.801020622253418,
                    -0.5576421022415161
                ],
                [
                    0.2833324372768402,
                    0.49487271904945374,
                    0.8214765191078186
                ]
            ],
            [
                [
                    0.8759442567825317,
                    -0.43171682953834534,
                    -0.21527229249477386
                ],
                [
                    0.4116426408290863,
                    0.9015757441520691,
                    -0.13308466970920563
                ],
                [
                    0.2515391707420349,
                    0.027959519997239113,
                    0.9674431681632996
                ]
            ],
            [
                [
                    0.9702190160751343,
                    0.23658767342567444,
                    -0.05197366327047348
                ],
                [
                    -0.21297170221805573,
                    0.9353879690170288,
                    0.28229838609695435
                ],
                [
                    0.11540386825799942,
                    -0.26282235980033875,
                    0.9579176902770996
                ]
            ],
            [
                [
                    0.9870855212211609,
                    -0.05103110522031784,
                    -0.1518482267856598
                ],
                [
                    0.06095786765217781,
                    0.9962469935417175,
                    0.06144971400499344
                ],
                [
                    0.1481424868106842,
                    -0.06991247087717056,
                    0.9864917397499084
                ]
            ],
            [
                [
                    0.5129203796386719,
                    -0.4071252942085266,
                    0.755752444267273
                ],
                [
                    0.5626973509788513,
                    0.8243221044540405,
                    0.062167707830667496
                ],
                [
                    -0.6482934355735779,
                    0.3933728337287903,
                    0.6518999338150024
                ]
            ],
            [
                [
                    0.9154826998710632,
                    -0.003973499871790409,
                    -0.40233778953552246
                ],
                [
                    0.13981078565120697,
                    0.9407834410667419,
                    0.3088354170322418
                ],
                [
                    0.3772856295108795,
                    -0.3389846384525299,
                    0.861826479434967
                ]
            ],
            [
                [
                    0.9552167654037476,
                    -0.24827775359153748,
                    0.1609945297241211
                ],
                [
                    0.26898035407066345,
                    0.9552966952323914,
                    -0.12271042168140411
                ],
                [
                    -0.12333128601312637,
                    0.16051940619945526,
                    0.9792972803115845
                ]
            ],
            [
                [
                    0.8062952160835266,
                    -0.5638893842697144,
                    0.1786527782678604
                ],
                [
                    0.5907444953918457,
                    0.783035933971405,
                    -0.19461661577224731
                ],
                [
                    -0.030149312689900398,
                    0.26245659589767456,
                    0.9644727110862732
                ]
            ],
            [
                [
                    0.9791887998580933,
                    0.07419098168611526,
                    -0.18890486657619476
                ],
                [
                    -0.006035059690475464,
                    0.9410204887390137,
                    0.3382958173751831
                ],
                [
                    0.20286183059215546,
                    -0.3301153779029846,
                    0.9218844771385193
                ]
            ],
            [
                [
                    0.9384007453918457,
                    -0.15292271971702576,
                    -0.30986902117729187
                ],
                [
                    0.20898748934268951,
                    0.9653138518333435,
                    0.15650372207164764
                ],
                [
                    0.2751878798007965,
                    -0.211621955037117,
                    0.9378101825714111
                ]
            ],
            [
                [
                    0.9977275133132935,
                    -0.0010048605035990477,
                    -0.06737001985311508
                ],
                [
                    -0.05574612319469452,
                    0.5492839217185974,
                    -0.8337743282318115
                ],
                [
                    0.03784308210015297,
                    0.835635244846344,
                    0.5479796528816223
                ]
            ],
            [
                [
                    0.9269530177116394,
                    -0.2913056015968323,
                    -0.23642975091934204
                ],
                [
                    0.3748511075973511,
                    0.6928330063819885,
                    0.6160105466842651
                ],
                [
                    -0.01564102992415428,
                    -0.6596388816833496,
                    0.7514199018478394
                ]
            ],
            [
                [
                    0.9377153515815735,
                    0.33097362518310547,
                    0.10557622462511063
                ],
                [
                    -0.34469905495643616,
                    0.9242608547210693,
                    0.1640866994857788
                ],
                [
                    -0.04327159747481346,
                    -0.19025865197181702,
                    0.9807798862457275
                ]
            ]
        ],
        "betas": [
            -0.05667427182197571,
            -0.004303663969039917,
            -0.07830211520195007,
            0.040656059980392456,
            0.040899693965911865,
            -0.009237479418516159,
            0.0378035306930542,
            -0.04657024145126343,
            -0.025582000613212585,
            -0.034653037786483765
        ]
    },
    "pred_cam_t": [
        -0.12428890913724899,
        -0.0868896096944809,
        6.714171886444092
    ],
    "focal_length": [
        5000.0,
        5000.0
    ],
    "pred_keypoints_3d": [
        [
            0.09603247046470642,
            0.00641439575701952,
            0.0061995526775717735
        ],
        [
            0.12571051716804504,
            0.02128903567790985,
            -0.013705716468393803
        ],
        [
            0.14990000426769257,
            0.03883848339319229,
            -0.021621637046337128
        ],
        [
            0.16511401534080505,
            0.0606452077627182,
            -0.027336852625012398
        ],
        [
            0.17909038066864014,
            0.08269915729761124,
            -0.052642833441495895
        ],
        [
            0.11989779770374298,
            0.08000053465366364,
            -0.0417659617960453
        ],
        [
            0.12876605987548828,
            0.11185768246650696,
            -0.03954622149467468
        ],
        [
            0.1340939700603485,
            0.13346020877361298,
            -0.038260117173194885
        ],
        [
            0.13633374869823456,
            0.158753901720047,
            -0.030407004058361053
        ],
        [
            0.10355927795171738,
            0.09442666918039322,
            -0.028988897800445557
        ],
        [
            0.10680165886878967,
            0.12572935223579407,
            -0.02447846531867981
        ],
        [
            0.10683554410934448,
            0.14874958992004395,
            -0.020628908649086952
        ],
        [
            0.10202078521251678,
            0.17411315441131592,
            -0.014608117751777172
        ],
        [
            0.09102561324834824,
            0.09184563159942627,
            -0.005400179885327816
        ],
        [
            0.1026645302772522,
            0.11833105236291885,
            -0.005096352659165859
        ],
        [
            0.10895780473947525,
            0.1406993567943573,
            0.003792782314121723
        ],
        [
            0.11081913858652115,
            0.162411168217659,
            0.018541695550084114
        ],
        [
            0.08528481423854828,
            0.08731068670749664,
            0.015218767337501049
        ],
        [
            0.09698013216257095,
            0.10455295443534851,
            0.011445700190961361
        ],
        [
            0.10479606688022614,
            0.12124945223331451,
            0.016134152188897133
        ],
        [
            0.11472450941801071,
            0.13590067625045776,
            0.019635017961263657
        ]
    ],
    "pred_vertices": [
        [
            0.12396162748336792,
            0.048903003334999084,
            -0.016420194879174232
        ],
        [
            0.12374585121870041,
            0.040126729756593704,
            -0.010690197348594666
        ],
        [
            0.1318707913160324,
            0.045132678002119064,
            -0.014329999685287476
        ],
        [
            0.13142229616641998,
            0.05229911580681801,
            -0.02140602096915245
        ],
        [
            0.13769258558750153,
            0.029151037335395813,
            -9.679421782493591e-05
        ],
        [
            0.14316561818122864,
            0.01886802911758423,
            -0.0029717683792114258
        ],
        [
            0.15350013971328735,
            0.03113776445388794,
            -0.00853569433093071
        ],
        [
            0.14821793138980865,
            0.03813659027218819,
            -0.00398317351937294
        ],
        [
            0.13667483627796173,
            0.05500612407922745,
            -0.0261793565005064
        ],
        [
            0.1387292891740799,
            0.04922269657254219,
            -0.016928397119045258
        ],
        [
            0.1378467082977295,
            0.053939200937747955,
            -0.02915627509355545
        ],
        [
            0.13016226887702942,
            0.058059073984622955,
            -0.041796065866947174
        ],
        [
            0.1323026865720749,
            0.05982835590839386,
            -0.03542930260300636
        ],
        [
            0.12595508992671967,
            0.0640278086066246,
            -0.047194819897413254
        ],
        [
            0.12310484051704407,
            0.05012214556336403,
            -0.04533381760120392
        ],
        [
            0.11671300232410431,
            0.06351236999034882,
            -0.050104498863220215
        ],
        [
            0.09524702280759811,
            0.049301717430353165,
            -0.03366446495056152
        ],
        [
            0.08662893623113632,
            0.05079296603798866,
            -0.02298225834965706
        ],
        [
            0.08768264949321747,
            0.06686785072088242,
            -0.02793983928859234
        ],
        [
            0.09687094390392303,
            0.06410172581672668,
            -0.037825968116521835
        ],
        [
            0.0795181393623352,
            0.06449069082736969,
            -0.008848141878843307
        ],
        [
            0.08384651690721512,
            0.06668265163898468,
            -0.019661931321024895
        ],
        [
            0.08184603601694107,
            0.05036726966500282,
            -0.015292191877961159
        ],
        [
            0.07825717329978943,
            0.04917627573013306,
            -0.005709351971745491
        ],
        [
            0.11288392543792725,
            0.045426540076732635,
            -0.0046825408935546875
        ],
        [
            0.11234449595212936,
            0.03605189546942711,
            0.0004280395805835724
        ],
        [
            0.11552826315164566,
            0.03680197149515152,
            -0.004770949482917786
        ],
        [
            0.1164155974984169,
            0.045625559985637665,
            -0.009231701493263245
        ],
        [
            0.14586614072322845,
            0.04923755303025246,
            -0.03126133978366852
        ],
        [
            0.13684219121932983,
            0.04069835692644119,
            -0.037379831075668335
        ],
        [
            0.13598309457302094,
            0.048430368304252625,
            -0.03534776344895363
        ],
        [
            0.14613547921180725,
            0.05262558534741402,
            -0.02656617946922779
        ],
        [
            0.11125338822603226,
            0.016262643039226532,
            0.022292977198958397
        ],
        [
            0.1067347303032875,
            0.0034774690866470337,
            0.022091707214713097
        ],
        [
            0.10963317006826401,
            0.001847192645072937,
            0.017207978293299675
        ],
        [
            0.11267368495464325,
            0.013925544917583466,
            0.01810630038380623
        ],
        [
            0.12621192634105682,
            0.0033821016550064087,
            0.0028017088770866394
        ],
        [
            0.11882460117340088,
            -0.004368089139461517,
            0.003024313598871231
        ],
        [
            0.11704043298959732,
            -0.013474829494953156,
            -0.006899796426296234
        ],
        [
            0.12353116273880005,
            -0.005963928997516632,
            -0.010356690734624863
        ],
        [
            0.13496597111225128,
            0.011473163962364197,
            0.00024769827723503113
        ],
        [
            0.13446570932865143,
            0.002442970871925354,
            -0.01036064326763153
        ],
        [
            0.14384062588214874,
            0.011875472962856293,
            -0.01208844780921936
        ],
        [
            0.15417911112308502,
            0.026156935840845108,
            -0.016380108892917633
        ],
        [
            0.09781312197446823,
            0.006563983857631683,
            0.030849628150463104
        ],
        [
            0.10026070475578308,
            0.01633463054895401,
            0.03262723982334137
        ],
        [
            0.1385314166545868,
            0.11491140723228455,
            -0.03744574636220932
        ],
        [
            0.13512052595615387,
            0.11639115959405899,
            -0.03295763581991196
        ],
        [
            0.1348145753145218,
            0.11028371751308441,
            -0.03308706730604172
        ],
        [
            0.13779258728027344,
            0.11012280732393265,
            -0.038010068237781525
        ],
        [
            0.0794694572687149,
            0.01509258896112442,
            0.0293879434466362
        ],
        [
            0.07198282331228256,
            0.014404214918613434,
            0.02257080189883709
        ],
        [
            0.0721537172794342,
            0.008069626986980438,
            0.026223041117191315
        ],
        [
            0.08016286045312881,
            0.007775336503982544,
            0.03123871609568596
        ],
        [
            0.07868857681751251,
            0.024758435785770416,
            0.026913858950138092
        ],
        [
            0.07255469262599945,
            0.023164570331573486,
            0.017462391406297684
        ],
        [
            0.13234493136405945,
            0.11780823767185211,
            -0.04810081794857979
        ],
        [
            0.1368340402841568,
            0.11647683382034302,
            -0.045933350920677185
        ],
        [
            0.1347043365240097,
            0.1118234395980835,
            -0.04726314917206764
        ],
        [
            0.12972548604011536,
            0.11282205581665039,
            -0.04843166097998619
        ],
        [
            0.13047495484352112,
            0.05919498950242996,
            -0.02826131507754326
        ],
        [
            0.12498371303081512,
            0.05744922533631325,
            -0.02068001590669155
        ],
        [
            0.12863735854625702,
            0.07503029704093933,
            -0.03443486616015434
        ],
        [
            0.12586884200572968,
            0.06850914657115936,
            -0.02893036976456642
        ],
        [
            0.12936832010746002,
            0.06573785096406937,
            -0.03465566784143448
        ],
        [
            0.13029126822948456,
            0.07155543565750122,
            -0.039386067539453506
        ],
        [
            0.11109601706266403,
            0.06754302233457565,
            -0.010174145922064781
        ],
        [
            0.1106957420706749,
            0.05638405680656433,
            -0.006443284451961517
        ],
        [
            0.11445504426956177,
            0.05699333921074867,
            -0.011947616934776306
        ],
        [
            0.11648522317409515,
            0.06888481229543686,
            -0.016845203936100006
        ],
        [
            0.10490182042121887,
            0.05785341560840607,
            0.006498254835605621
        ],
        [
            0.1053963452577591,
            0.06867781281471252,
            0.0015435609966516495
        ],
        [
            0.1019507646560669,
            0.06833918392658234,
            0.009484092704951763
        ],
        [
            0.10303647071123123,
            0.06078729405999184,
            0.012120797298848629
        ],
        [
            0.10733442008495331,
            0.08595337718725204,
            -0.009858719073235989
        ],
        [
            0.10651010274887085,
            0.09227770566940308,
            -0.013199880719184875
        ],
        [
            0.10540767759084702,
            0.09314283728599548,
            -0.009209880605340004
        ],
        [
            0.10514315962791443,
            0.08595402538776398,
            -0.006507867947220802
        ],
        [
            0.07166355103254318,
            0.0014875680208206177,
            0.028866279870271683
        ],
        [
            0.08096260577440262,
            0.0005657374858856201,
            0.03205619379878044
        ],
        [
            0.07378378510475159,
            0.06374464929103851,
            0.012140446342527866
        ],
        [
            0.07660311460494995,
            0.06090168654918671,
            0.022720009088516235
        ],
        [
            0.07495120167732239,
            0.0748973861336708,
            0.020900966599583626
        ],
        [
            0.07222765684127808,
            0.07407937943935394,
            0.009848032146692276
        ],
        [
            0.06965036690235138,
            0.0136471688747406,
            0.012400171719491482
        ],
        [
            0.06773792952299118,
            0.007635712623596191,
            0.017114702612161636
        ],
        [
            0.12655839323997498,
            0.11977265775203705,
            -0.046893492341041565
        ],
        [
            0.1244121640920639,
            0.11453089863061905,
            -0.046200644224882126
        ],
        [
            0.13629145920276642,
            0.007708288729190826,
            -0.023301566019654274
        ],
        [
            0.1507924348115921,
            0.024112898856401443,
            -0.025194918736815453
        ],
        [
            0.12378548830747604,
            -0.002647101879119873,
            -0.020653899759054184
        ],
        [
            0.11451202630996704,
            -0.008808784186840057,
            -0.01822812855243683
        ],
        [
            0.10913288593292236,
            -0.0156596377491951,
            -0.015905018895864487
        ],
        [
            0.12265677750110626,
            0.07345934957265854,
            -0.025710202753543854
        ],
        [
            0.11887787282466888,
            0.05368565395474434,
            -0.014472220093011856
        ],
        [
            0.11025900393724442,
            0.04564015567302704,
            -0.00020851567387580872
        ],
        [
            0.09898735582828522,
            0.05365333706140518,
            0.02764144539833069
        ],
        [
            0.099530890583992,
            0.04348114877939224,
            0.03088790737092495
        ],
        [
            0.10545967519283295,
            0.045258644968271255,
            0.022078964859247208
        ],
        [
            0.10323666781187057,
            0.05372617393732071,
            0.020731933414936066
        ],
        [
            0.08396521210670471,
            0.06217461824417114,
            0.02909906394779682
        ],
        [
            0.09200476109981537,
            0.06383669376373291,
            0.028123047202825546
        ],
        [
            0.0902005061507225,
            0.07322782278060913,
            0.025652242824435234
        ],
        [
            0.08204400539398193,
            0.07366311550140381,
            0.026478003710508347
        ],
        [
            0.1499835103750229,
            0.044352877885103226,
            -0.0351886972784996
        ],
        [
            0.13941489160060883,
            0.03347279503941536,
            -0.038145873695611954
        ],
        [
            0.08933689445257187,
            0.015035167336463928,
            0.03332732245326042
        ],
        [
            0.09023547172546387,
            0.007288247346878052,
            0.03270148113369942
        ],
        [
            0.08856838941574097,
            -0.001047469675540924,
            0.032563693821430206
        ],
        [
            0.11290432512760162,
            0.025792524218559265,
            0.010687354952096939
        ],
        [
            0.11376191675662994,
            0.012309521436691284,
            0.015242472290992737
        ],
        [
            0.11637789011001587,
            0.012121111154556274,
            0.011812407523393631
        ],
        [
            0.1134239137172699,
            0.025583378970623016,
            0.0071604326367378235
        ],
        [
            0.12440337985754013,
            0.03210058808326721,
            -0.002264276146888733
        ],
        [
            0.12757323682308197,
            0.020705632865428925,
            0.004060681909322739
        ],
        [
            0.1331070065498352,
            0.039284005761146545,
            -0.004782471805810928
        ],
        [
            0.11336532980203629,
            -0.002019248902797699,
            0.011123508214950562
        ],
        [
            0.10814180970191956,
            -0.008285880088806152,
            0.018510039895772934
        ],
        [
            0.11184821277856827,
            -0.01138133555650711,
            0.011021949350833893
        ],
        [
            0.10187532752752304,
            -0.005587548017501831,
            0.02558351680636406
        ],
        [
            0.09514446556568146,
            -0.002960115671157837,
            0.03084351308643818
        ],
        [
            0.06377485394477844,
            0.0005789846181869507,
            0.01984264701604843
        ],
        [
            0.11412188410758972,
            -0.013381995260715485,
            0.003223411738872528
        ],
        [
            0.155197411775589,
            0.043827783316373825,
            -0.009206995368003845
        ],
        [
            0.16065281629562378,
            0.048995669931173325,
            -0.014000242576003075
        ],
        [
            0.15469922125339508,
            0.05293100327253342,
            -0.014144230633974075
        ],
        [
            0.14921583235263824,
            0.04869747906923294,
            -0.010658005252480507
        ],
        [
            0.12401627004146576,
            0.07281491160392761,
            -0.05071677640080452
        ],
        [
            0.12945730984210968,
            0.07200220227241516,
            -0.04532027989625931
        ],
        [
            0.13021978735923767,
            0.06352154165506363,
            -0.04150034487247467
        ],
        [
            0.10930962860584259,
            0.027686282992362976,
            0.023671189323067665
        ],
        [
            0.10023664683103561,
            0.02723037451505661,
            0.03251580893993378
        ],
        [
            0.12516112625598907,
            0.0798463225364685,
            -0.031376488506793976
        ],
        [
            0.1268557608127594,
            0.1088314950466156,
            -0.04932995140552521
        ],
        [
            0.132314532995224,
            0.10709135234355927,
            -0.04836529865860939
        ],
        [
            0.12772135436534882,
            0.08844832330942154,
            -0.05003701522946358
        ],
        [
            0.12175654619932175,
            0.091545969247818,
            -0.05141088739037514
        ],
        [
            0.11939067393541336,
            0.08926519006490707,
            -0.03251650556921959
        ],
        [
            0.12462223321199417,
            0.08416882157325745,
            -0.03197184205055237
        ],
        [
            0.12384345382452011,
            0.08694111555814743,
            -0.0320076085627079
        ],
        [
            0.11951766908168793,
            0.0917111188173294,
            -0.030667413026094437
        ],
        [
            0.1012808308005333,
            0.09125976264476776,
            -0.0010115616023540497
        ],
        [
            0.10124937444925308,
            0.08474632352590561,
            0.0013972753658890724
        ],
        [
            0.10091689229011536,
            0.07960467040538788,
            -0.03938852623105049
        ],
        [
            0.10595787316560745,
            0.07400345802307129,
            -0.050603337585926056
        ],
        [
            0.10564122349023819,
            0.06213374063372612,
            -0.0465792752802372
        ],
        [
            0.10754239559173584,
            0.06734352558851242,
            -0.0035568922758102417
        ],
        [
            0.10753338783979416,
            0.07755252718925476,
            -0.006207042373716831
        ],
        [
            0.10532473027706146,
            0.07789139449596405,
            -0.0025812145322561264
        ],
        [
            0.12042593955993652,
            0.077756367623806,
            -0.02481123059988022
        ],
        [
            0.12096943706274033,
            0.08368328213691711,
            -0.028872517868876457
        ],
        [
            0.11795543134212494,
            0.0832979679107666,
            -0.025055620819330215
        ],
        [
            0.11704521626234055,
            0.07729807496070862,
            -0.020471353083848953
        ],
        [
            0.0764661356806755,
            0.047506608068943024,
            0.024255191907286644
        ],
        [
            0.08498886972665787,
            0.04912053421139717,
            0.03210274130105972
        ],
        [
            0.13909903168678284,
            0.11517821997404099,
            -0.04218596592545509
        ],
        [
            0.13759024441242218,
            0.1104927584528923,
            -0.043285150080919266
        ],
        [
            0.10724115371704102,
            0.05639607831835747,
            -3.933534026145935e-05
        ],
        [
            0.10522592067718506,
            0.04854941368103027,
            -0.04066159948706627
        ],
        [
            0.10780923068523407,
            0.04599996656179428,
            0.004767168313264847
        ],
        [
            0.08199111372232437,
            0.08556585758924484,
            -0.0025914274156093597
        ],
        [
            0.08612821996212006,
            0.08820714056491852,
            0.0033581815659999847
        ],
        [
            0.08866367489099503,
            0.09363213181495667,
            0.0013152915053069592
        ],
        [
            0.08527588099241257,
            0.09380970150232315,
            -0.003992957528680563
        ],
        [
            0.12264475971460342,
            0.10774073749780655,
            -0.030151396989822388
        ],
        [
            0.12836840748786926,
            0.10627619922161102,
            -0.029667912051081657
        ],
        [
            0.129568949341774,
            0.11184941977262497,
            -0.029734928160905838
        ],
        [
            0.124063640832901,
            0.11341305077075958,
            -0.030432241037487984
        ],
        [
            0.128611221909523,
            0.0810486301779747,
            -0.035033777356147766
        ],
        [
            0.13112518191337585,
            0.07837767153978348,
            -0.040329448878765106
        ],
        [
            0.13173069059848785,
            0.08484552800655365,
            -0.03937308117747307
        ],
        [
            0.12811435759067535,
            0.08612439036369324,
            -0.03477458283305168
        ],
        [
            0.12988558411598206,
            0.07937081158161163,
            -0.04625188559293747
        ],
        [
            0.1312592476606369,
            0.08577148616313934,
            -0.045531339943408966
        ],
        [
            0.11826838552951813,
            0.10933572798967361,
            -0.03494982793927193
        ],
        [
            0.11734935641288757,
            0.11027424037456512,
            -0.042523905634880066
        ],
        [
            0.11213880777359009,
            0.09535454958677292,
            -0.04272893816232681
        ],
        [
            0.11510950326919556,
            0.09604638814926147,
            -0.03507703170180321
        ],
        [
            0.07602208107709885,
            0.03438887745141983,
            -0.003375229425728321
        ],
        [
            0.07322545349597931,
            0.03524758666753769,
            0.007432328537106514
        ],
        [
            0.07517648488283157,
            0.05003907158970833,
            0.005351195111870766
        ],
        [
            0.07563599944114685,
            0.06471636146306992,
            0.003175397403538227
        ],
        [
            0.0773574560880661,
            0.07842323929071426,
            0.0003652852028608322
        ],
        [
            0.07950808107852936,
            0.07734768092632294,
            -0.011604578234255314
        ],
        [
            0.0737311914563179,
            0.04923183470964432,
            0.013425158336758614
        ],
        [
            0.11056681722402573,
            0.09016773104667664,
            -0.03526036813855171
        ],
        [
            0.10801323503255844,
            0.08559741824865341,
            -0.04267742857336998
        ],
        [
            0.10520625114440918,
            0.0867941826581955,
            -0.038263894617557526
        ],
        [
            0.10601441562175751,
            0.047549281269311905,
            0.011890243738889694
        ],
        [
            0.13570883870124817,
            0.1053711324930191,
            -0.04474538937211037
        ],
        [
            0.09125562012195587,
            -0.0034492164850234985,
            -0.020731672644615173
        ],
        [
            0.08041723072528839,
            0.000635974109172821,
            -0.013580583035945892
        ],
        [
            0.08379384875297546,
            0.008008107542991638,
            -0.017081450670957565
        ],
        [
            0.09681012481451035,
            0.0035834461450576782,
            -0.024612508714199066
        ],
        [
            0.1340407133102417,
            0.10433319211006165,
            -0.03307146206498146
        ],
        [
            0.13709382712841034,
            0.10423021018505096,
            -0.03863736242055893
        ],
        [
            0.09777149558067322,
            0.08692558109760284,
            0.006948171183466911
        ],
        [
            0.0978783667087555,
            0.09246104210615158,
            0.0033650966361165047
        ],
        [
            0.09464309364557266,
            0.09449499100446701,
            0.0041346438229084015
        ],
        [
            0.094548799097538,
            0.09108319133520126,
            0.009964878670871258
        ],
        [
            0.07257046550512314,
            0.034281112253665924,
            0.013319183140993118
        ],
        [
            0.07693076133728027,
            0.08420789986848831,
            0.018065353855490685
        ],
        [
            0.07391174882650375,
            0.08250068873167038,
            0.009109173901379108
        ],
        [
            0.07158289849758148,
            0.022289477288722992,
            0.008823685348033905
        ],
        [
            0.07342352718114853,
            0.021392107009887695,
            -0.0007927436381578445
        ],
        [
            0.07130411267280579,
            0.012156568467617035,
            0.001609286293387413
        ],
        [
            0.08818189799785614,
            0.08260579407215118,
            -0.02313786931335926
        ],
        [
            0.07922746241092682,
            0.035729605704545975,
            -0.011385956779122353
        ],
        [
            0.07679173350334167,
            0.021854691207408905,
            -0.007716884836554527
        ],
        [
            0.07442048192024231,
            0.010822087526321411,
            -0.005169656127691269
        ],
        [
            0.0718747228384018,
            0.0031311362981796265,
            -0.003041483461856842
        ],
        [
            0.06884817034006119,
            0.00537332147359848,
            0.004244072362780571
        ],
        [
            0.12124698609113693,
            0.1101602166891098,
            -0.046545714139938354
        ],
        [
            0.11981221288442612,
            0.1154811903834343,
            -0.04190601408481598
        ],
        [
            0.0644807517528534,
            -0.002230927348136902,
            0.0067464206367731094
        ],
        [
            0.06867273896932602,
            -0.004488401114940643,
            -0.0012797825038433075
        ],
        [
            0.08177715539932251,
            0.021420300006866455,
            -0.015529163181781769
        ],
        [
            0.0894709974527359,
            0.020575478672981262,
            -0.02430351823568344
        ],
        [
            0.08412502706050873,
            0.034893181174993515,
            -0.018639884889125824
        ],
        [
            0.09157977253198624,
            0.03525057062506676,
            -0.027689345180988312
        ],
        [
            0.08921432495117188,
            0.07814425230026245,
            -0.03283685818314552
        ],
        [
            0.1248917356133461,
            0.13224132359027863,
            -0.038523267954587936
        ],
        [
            0.12122686207294464,
            0.12108506262302399,
            -0.036881089210510254
        ],
        [
            0.1243109181523323,
            0.11993180215358734,
            -0.031971439719200134
        ],
        [
            0.12521515786647797,
            0.1313597410917282,
            -0.03407135605812073
        ],
        [
            0.12025047093629837,
            0.11467941105365753,
            -0.03498789668083191
        ],
        [
            0.1217595636844635,
            0.12070909142494202,
            -0.04273717850446701
        ],
        [
            0.10469507426023483,
            0.033400725573301315,
            -0.03596308082342148
        ],
        [
            0.11729762703180313,
            0.08990131318569183,
            -0.028740443289279938
        ],
        [
            0.10644872486591339,
            0.01662670075893402,
            -0.0317203588783741
        ],
        [
            0.12110412120819092,
            0.036653969436883926,
            -0.04291314631700516
        ],
        [
            0.12445078790187836,
            0.024315249174833298,
            -0.038197219371795654
        ],
        [
            0.11023207008838654,
            -0.00045931339263916016,
            -0.026966938748955727
        ],
        [
            0.12470570206642151,
            0.008861050009727478,
            -0.03191482275724411
        ],
        [
            0.09894587099552155,
            -0.01340927928686142,
            -0.019662605598568916
        ],
        [
            0.10300487279891968,
            -0.006207764148712158,
            -0.02307552844285965
        ],
        [
            0.1390063613653183,
            0.02023109421133995,
            -0.033435676246881485
        ],
        [
            0.13900570571422577,
