{
    "pred_cam": [
        8.403531074523926,
        -0.09812308102846146,
        -0.07443080097436905
    ],
    "pred_mano_params": {
        "global_orient": [
            [
                [
                    0.4437163472175598,
                    -0.7842329740524292,
                    0.4336985647678375
                ],
                [
                    -0.8428161144256592,
                    -0.5296646952629089,
                    -0.09547927230596542
                ],
                [
                    0.3045928180217743,
                    -0.3231624364852905,
                    -0.8959850668907166
                ]
            ]
        ],
        "hand_pose": [
            [
                [
                    0.773807942867279,
                    -0.5903183817863464,
                    -0.22966374456882477
                ],
                [
                    0.582773745059967,
                    0.805556058883667,
                    -0.10702420771121979
                ],
                [
                    0.24818538129329681,
                    -0.05102582275867462,
                    0.9673677682876587
                ]
            ],
            [
                [
                    0.8672455549240112,
                    -0.43962422013282776,
                    0.2336997538805008
                ],
                [
                    0.4825758635997772,
                    0.8577182292938232,
                    -0.17731301486492157
                ],
                [
                    -0.12249745428562164,
                    0.26655179262161255,
                    0.9560043811798096
                ]
            ],
            [
                [
                    0.7351490259170532,
                    -0.6762959957122803,
                    -0.0466863214969635
                ],
                [
                    0.6592143177986145,
                    0.7292424440383911,
                    -0.18341758847236633
                ],
                [
                    0.1580902487039566,
                    0.10406296700239182,
                    0.9819258451461792
                ]
            ],
            [
                [
                    0.7394319772720337,
                    -0.656177282333374,
                    -0.1505715548992157
                ],
                [
                    0.6680231690406799,
                    0.7428914308547974,
                    0.04309710115194321
                ],
                [
                    0.08357898145914078,
                    -0.13245265185832977,
                    0.9876592755317688
                ]
            ],
            [
                [
                    0.45220983028411865,
                    -0.8524816036224365,
                    -0.26226189732551575
                ],
                [
                    0.8900039196014404,
                    0.4120725691318512,
                    0.19516465067863464
                ],
                [
                    -0.058303352445364,
                    -0.32166948914527893,
                    0.9450552463531494
                ]
            ],
            [
                [
                    0.7002708911895752,
                    -0.674976110458374,
                    -0.23243893682956696
                ],
                [
                    0.7057767510414124,
                    0.7035092115402222,
                    0.08338955789804459
                ],
                [
                    0.10723700374364853,
                    -0.2224452942609787,
                    0.9690294861793518
                ]
            ],
            [
                [
                    0.4473896026611328,
                    -0.6963409781455994,
                    0.5612058043479919
                ],
                [
                    0.4931829869747162,
                    0.7155659794807434,
                    0.49470803141593933
                ],
                [
                    -0.7460651397705078,
                    0.05544988811016083,
                    0.6635602712631226
                ]
            ],
            [
                [
                    0.7084393501281738,
                    -0.6109511256217957,
                    -0.3533446192741394
                ],
                [
                    0.6990798115730286,
                    0.5386661887168884,
                    0.47024044394493103
                ],
                [
                    -0.09695909172296524,
                    -0.5801529288291931,
                    0.8087159395217896
                ]
            ],
            [
                [
                    0.715775728225708,
                    -0.6612833142280579,
                    0.22443173825740814
                ],
                [
                    0.5845100283622742,
                    0.7431851625442505,
                    0.32561296224594116
                ],
                [
                    -0.38211673498153687,
                    -0.10188321024179459,
                    0.918480634689331
                ]
            ],
            [
                [
                    0.665962815284729,
                    -0.7232491374015808,
                    0.18276819586753845
                ],
                [
                    0.7110954523086548,
                    0.6895190477371216,
                    0.1375015825033188
                ],
                [
                    -0.22547005116939545,
                    0.03839469701051712,
                    0.973493218421936
                ]
            ],
            [
                [
                    0.5249593257904053,
                    -0.7941843271255493,
                    -0.30608657002449036
                ],
                [
                    0.8324907422065735,
                    0.40426790714263916,
                    0.3788490891456604
                ],
                [
                    -0.17713503539562225,
                    -0.4536946415901184,
                    0.8733752965927124
                ]
            ],
            [
                [
                    0.6787879467010498,
                    -0.6797906160354614,
                    -0.2777259647846222
                ],
                [
                    0.7341360449790955,
                    0.636989951133728,
                    0.23513419926166534
                ],
                [
                    0.01706663891673088,
                    -0.363494873046875,
                    0.9314398765563965
                ]
            ],
            [
                [
                    0.9631736874580383,
                    -0.1819249987602234,
                    -0.19798919558525085
                ],
                [
                    -0.13517922163009644,
                    0.3088879883289337,
                    -0.9414429068565369
                ],
                [
                    0.23242850601673126,
                    0.9335370659828186,
                    0.27292031049728394
                ]
            ],
            [
                [
                    0.947342038154602,
                    -0.2412114441394806,
                    -0.21061842143535614
                ],
                [
                    0.3202206492424011,
                    0.7163492441177368,
                    0.6199213862419128
                ],
                [
                    0.001344212330877781,
                    -0.6547219753265381,
                    0.7558686137199402
                ]
            ],
            [
                [
                    0.9560231566429138,
                    0.27608293294906616,
                    0.09898499399423599
                ],
                [
                    -0.2811433672904968,
                    0.9587817788124084,
                    0.04118027165532112
                ],
                [
                    -0.08353584259748459,
                    -0.0671982616186142,
                    0.9942364692687988
                ]
            ]
        ],
        "betas": [
            -0.03143233060836792,
            -0.0646657645702362,
            -0.08764028549194336,
            0.01717790961265564,
            0.06508100032806396,
            -0.007769804447889328,
            0.0693148672580719,
            -0.04590079188346863,
            -0.03084203600883484,
            -0.002606600522994995
        ]
    },
    "pred_cam_t": [
        -0.09812308102846146,
        -0.07443080097436905,
        4.648343563079834
    ],
    "focal_length": [
        5000.0,
        5000.0
    ],
    "pred_keypoints_3d": [
        [
            0.09594623744487762,
            0.006407089531421661,
            0.006209873594343662
        ],
        [
            0.1086156889796257,
            0.032497990876436234,
            -0.019277818500995636
        ],
        [
            0.1144225150346756,
            0.0626102164387703,
            -0.0226826723664999
        ],
        [
            0.11091920733451843,
            0.08953225612640381,
            -0.02364836260676384
        ],
        [
            0.10597947239875793,
            0.12126857787370682,
            -0.040701188147068024
        ],
        [
            0.0697968602180481,
            0.08165379613637924,
            -0.03749827668070793
        ],
        [
            0.06720585376024246,
            0.11460597813129425,
            -0.035341255366802216
        ],
        [
            0.07908716797828674,
            0.13250228762626648,
            -0.029423553496599197
        ],
        [
            0.09714537113904953,
            0.14042741060256958,
            -0.013295568525791168
        ],
        [
            0.053549136966466904,
            0.08750255405902863,
            -0.01914435252547264
        ],
        [
            0.05499652028083801,
            0.11852597445249557,
            -0.01241348497569561
        ],
        [
            0.07591293752193451,
            0.12289192527532578,
            -0.0030083395540714264
        ],
        [
            0.09760050475597382,
            0.11187462508678436,
            0.0049692243337631226
        ],
        [
            0.05111002177000046,
            0.08012960851192474,
            0.006453544832766056
        ],
        [
            0.057511795312166214,
            0.10829202085733414,
            0.004861514084041119
        ],
        [
            0.07960033416748047,
            0.11122506111860275,
            0.015903662890195847
        ],
        [
            0.09861385822296143,
            0.09758525341749191,
            0.025994498282670975
        ],
        [
            0.05439501255750656,
            0.07398208975791931,
            0.027133580297231674
        ],
        [
            0.061186518520116806,
            0.09367196261882782,
            0.023353692144155502
        ],
        [
            0.07778945565223694,
            0.0995580404996872,
            0.030530119314789772
        ],
        [
            0.0934247076511383,
            0.09293301403522491,
            0.03426581993699074
        ]
    ],
    "pred_vertices": [
        [
            0.0936998724937439,
            0.05564509704709053,
            -0.017683321610093117
        ],
        [
            0.09840255230665207,
            0.046720437705516815,
            -0.012981601059436798
        ],
        [
            0.1001206487417221,
            0.054625846445560455,
            -0.01568392664194107
        ],
        [
            0.09606149792671204,
            0.06165257841348648,
            -0.022953981533646584
        ],
        [
            0.11566992104053497,
            0.044549085199832916,
            -0.004179861396551132
        ],
        [
            0.125070258975029,
            0.039735451340675354,
            -0.009773384779691696
        ],
        [
            0.1244150847196579,
            0.05636410787701607,
            -0.012703737244009972
        ],
        [
            0.1171526163816452,
            0.05814441666007042,
            -0.006170973181724548
        ],
        [
            0.0965283215045929,
            0.0663965493440628,
            -0.026868117973208427
        ],
        [
            0.1019231379032135,
            0.06186552345752716,
            -0.017458034679293633
        ],
        [
            0.09583042562007904,
            0.06637509912252426,
            -0.028397561982274055
        ],
        [
            0.08632367849349976,
            0.06682899594306946,
            -0.04080439358949661
        ],
        [
            0.08957473188638687,
            0.06910313665866852,
            -0.03570730239152908
        ],
        [
            0.07939215004444122,
            0.07015937566757202,
            -0.04518600553274155
        ],
        [
            0.08333757519721985,
            0.05709749832749367,
            -0.04364357888698578
        ],
        [
            0.07101341336965561,
            0.06577467173337936,
            -0.04579513892531395
        ],
        [
            0.06453129649162292,
            0.043662410229444504,
            -0.026559319347143173
        ],
        [
            0.059719812124967575,
            0.04130028188228607,
            -0.013837229460477829
        ],
        [
            0.051356565207242966,
            0.05622490122914314,
            -0.016988622024655342
        ],
        [
            0.057761695235967636,
            0.05759107321500778,
            -0.029256679117679596
        ],
        [
            0.05127326771616936,
            0.05094911903142929,
            0.003306856844574213
        ],
        [
            0.05078662186861038,
            0.05454444885253906,
            -0.007984235882759094
        ],
        [
            0.0581483356654644,
            0.03897741436958313,
            -0.005223779007792473
        ],
        [
            0.0584363117814064,
            0.03655313327908516,
            0.004761684685945511
        ],
        [
            0.08997561782598495,
            0.0484267920255661,
            -0.004328671842813492
        ],
        [
            0.09527018666267395,
            0.03964521363377571,
            -0.000700000673532486
        ],
        [
            0.09587708115577698,
            0.040965091437101364,
            -0.0065987687557935715
        ],
        [
            0.09140510112047195,
            0.04985813423991203,
            -0.009618151932954788
        ],
        [
            0.10285517573356628,
            0.06844429671764374,
            -0.03003605455160141
        ],
        [
            0.10015237331390381,
            0.056354038417339325,
            -0.03812749683856964
        ],
        [
            0.09573060274124146,
            0.061656877398490906,
            -0.034842994064092636
        ],
        [
            0.10194483399391174,
            0.07052534073591232,
            -0.024801120162010193
        ],
        [
            0.10945750772953033,
            0.02232348918914795,
            0.018470756709575653
        ],
        [
            0.11102919280529022,
            0.008859582245349884,
            0.01805664412677288
        ],
        [
            0.11276420205831528,
            0.008547723293304443,
            0.012365840375423431
        ],
        [
            0.11055295169353485,
            0.020661979913711548,
            0.013647418469190598
        ],
        [
            0.12195047736167908,
            0.017569854855537415,
            -0.005273882299661636
        ],
        [
            0.11939740180969238,
            0.0071571990847587585,
            -0.0044792331755161285
        ],
        [
            0.11878266930580139,
            -0.0015624761581420898,
            -0.014256592839956284
        ],
        [
            0.12035022675991058,
            0.008759967982769012,
            -0.018027061596512794
        ],
        [
            0.12381570041179657,
            0.028859175741672516,
            -0.007697902619838715
        ],
        [
            0.12536349892616272,
            0.021971337497234344,
            -0.019018253311514854
        ],
        [
            0.12744398415088654,
            0.03566455468535423,
            -0.01992308907210827
        ],
        [
            0.12618593871593475,
            0.054250165820121765,
            -0.021430790424346924
        ],
        [
            0.10474161803722382,
            0.007819004356861115,
            0.029192984104156494
        ],
        [
            0.10316210985183716,
            0.01772303134202957,
            0.031367696821689606
        ],
        [
            0.07944755256175995,
            0.11457688361406326,
            -0.0351295992732048
        ],
        [
            0.0781555324792862,
            0.11508940905332565,
            -0.02936047688126564
        ],
        [
            0.0781697928905487,
            0.11104976385831833,
            -0.030216969549655914
        ],
        [
            0.07906344532966614,
            0.11158356070518494,
            -0.03595568612217903
        ],
        [
            0.08504408597946167,
            0.007228724658489227,
            0.03384782373905182
        ],
        [
            0.07701002806425095,
            0.003139503300189972,
            0.029334593564271927
        ],
        [
            0.0809660404920578,
            -0.002391114830970764,
            0.03200351074337959
        ],
        [
            0.08935584127902985,
            0.0010175034403800964,
            0.03453483060002327
        ],
        [
            0.07938624918460846,
            0.015438348054885864,
            0.03290308639407158
        ],
        [
            0.07214199006557465,
            0.011115819215774536,
            0.025382380932569504
        ],
        [
            0.07034634053707123,
            0.12039507925510406,
            -0.0422377772629261
        ],
        [
            0.07513141632080078,
            0.11842364072799683,
            -0.04206211492419243
        ],
        [
            0.07261230796575546,
            0.11452443897724152,
            -0.04336705058813095
        ],
        [
            0.06760900467634201,
            0.11533761769533157,
            -0.042630236595869064
        ],
        [
            0.0911095142364502,
            0.06782795488834381,
            -0.02930014207959175
        ],
        [
            0.0898895412683487,
            0.06405279040336609,
            -0.021251007914543152
        ],
        [
            0.08165270835161209,
            0.08089916408061981,
            -0.033456236124038696
        ],
        [
            0.08355838805437088,
            0.07425698637962341,
            -0.02819851227104664
        ],
        [
            0.08580227196216583,
            0.07312820106744766,
            -0.03471861034631729
        ],
        [
            0.08289200067520142,
            0.07838615030050278,
            -0.03892868012189865
        ],
        [
            0.07715989649295807,
            0.06721212714910507,
            -0.006473277695477009
        ],
        [
            0.08279523998498917,
            0.05722257122397423,
            -0.004091324284672737
        ],
        [
            0.0840594694018364,
            0.05930902808904648,
            -0.010297734290361404
        ],
        [
            0.07915455102920532,
            0.07068968564271927,
            -0.014153852127492428
        ],
        [
            0.0811430811882019,
            0.056137535721063614,
            0.009976116940379143
        ],
        [
            0.07532303035259247,
            0.06577440351247787,
            0.006342006381601095
        ],
        [
            0.07500281929969788,
            0.06394753605127335,
            0.014766319654881954
        ],
        [
            0.08003505319356918,
            0.057971905916929245,
            0.016160208731889725
        ],
        [
            0.06621594727039337,
            0.08153704553842545,
            -0.0030694794841110706
        ],
        [
            0.06289197504520416,
            0.08653167635202408,
            -0.00532114040106535
        ],
        [
            0.06268247216939926,
            0.08670685440301895,
            -0.0020779643673449755
        ],
        [
            0.065619558095932,
            0.08056573569774628,
            0.0005188537761569023
        ],
        [
            0.08417630940675735,
            -0.008465364575386047,
            0.033878687769174576
        ],
        [
            0.0933951586484909,
            -0.005086682736873627,
            0.034243494272232056
        ],
        [
            0.05337046459317207,
            0.04810790345072746,
            0.02489064261317253
        ],
        [
            0.0604790598154068,
            0.04672908037900925,
            0.03354940935969353
        ],
        [
            0.05360419303178787,
            0.05909164249897003,
            0.034030571579933167
        ],
        [
            0.04709412902593613,
            0.05709756538271904,
            0.024427225813269615
        ],
        [
            0.07237335294485092,
            0.0012375116348266602,
            0.020239459350705147
        ],
        [
            0.07474270462989807,
            -0.004911474883556366,
            0.024516668170690536
        ],
        [
            0.06569039821624756,
            0.12194716930389404,
            -0.03853520005941391
        ],
        [
            0.06351707130670547,
            0.11618616431951523,
            -0.03835102170705795
        ],
        [
            0.12108603864908218,
            0.02892579883337021,
            -0.030707038938999176
        ],
        [
            0.12291532754898071,
            0.05153585225343704,
            -0.03029465302824974
        ],
        [
            0.11657105386257172,
            0.012564018368721008,
            -0.027841312810778618
        ],
        [
            0.11174023151397705,
            0.001941867172718048,
            -0.02415337972342968
        ],
        [
            0.11035725474357605,
            -0.007107913494110107,
            -0.021189700812101364
        ],
        [
            0.0797591507434845,
            0.07728645205497742,
            -0.023693125694990158
        ],
        [
            0.08838550001382828,
            0.05817950889468193,
            -0.014250582084059715
        ],
        [
            0.08900807797908783,
            0.04761340469121933,
            0.0007183346897363663
        ],
        [
            0.08432251214981079,
            0.05013927444815636,
            0.03126586601138115
        ],
        [
            0.09013116359710693,
            0.04150557145476341,
            0.03307080268859863
        ],
        [
            0.09181393682956696,
            0.045563265681266785,
            0.02322784624993801
        ],
        [
            0.08586134016513824,
            0.05198357626795769,
            0.023509588092565536
        ],
        [
            0.06834360212087631,
            0.05110183730721474,
            0.03771727532148361
        ],
        [
            0.07427628338336945,
            0.055912572890520096,
            0.03479240834712982
        ],
        [
            0.06880702823400497,
            0.06310209631919861,
            0.03383757919073105
        ],
        [
            0.062039125710725784,
            0.060511764138936996,
            0.03699449449777603
        ],
        [
            0.10817929357290268,
            0.06800734996795654,
            -0.03498966246843338
        ],
        [
            0.10586122423410416,
            0.05246109515428543,
            -0.040274109691381454
        ],
        [
            0.0946158915758133,
            0.01167915016412735,
            0.03488198667764664
        ],
        [
            0.09855068475008011,
            0.005121901631355286,
            0.0331290140748024
        ],
        [
            0.10068885236978531,
            -0.0031239762902259827,
            0.03247060626745224
        ],
        [
            0.10341300070285797,
            0.030974645167589188,
            0.007630016654729843
        ],
        [
            0.11143876612186432,
            0.0195365771651268,
            0.010259391739964485
        ],
        [
            0.11277890205383301,
            0.020290382206439972,
            0.006064858287572861
        ],
        [
            0.10296355932950974,
            0.03051939606666565,
            0.0037384964525699615
        ],
        [
            0.10429064184427261,
            0.03924141079187393,
            -0.005803372710943222
        ],
        [
            0.11453253775835037,
            0.031860221177339554,
            -0.0020128078758716583
        ],
        [
            0.1053314208984375,
            0.04974113032221794,
            -0.006341952830553055
        ],
        [
            0.11586520820856094,
            0.006671033799648285,
            0.004973232746124268
        ],
        [
            0.1161554604768753,
            -0.0011744946241378784,
            0.012832198292016983
        ],
        [
            0.1183885931968689,
            -0.002373836934566498,
            0.004293050616979599
        ],
        [
            0.11181946098804474,
            -0.0013972371816635132,
            0.021619874984025955
        ],
        [
            0.10658054053783417,
            -0.0019317716360092163,
            0.028794392943382263
        ],
        [
            0.07520093768835068,
            -0.012953296303749084,
            0.027371186763048172
        ],
        [
            0.11895201355218887,
            -0.003149479627609253,
            -0.003935135900974274
        ],
        [
            0.11755934357643127,
            0.06730332970619202,
            -0.009929312393069267
        ],
        [
            0.11730482429265976,
            0.0754336416721344,
            -0.013375790789723396
        ],
        [
            0.11027780175209045,
            0.07465498149394989,
            -0.012341146357357502
        ],
        [
            0.10974068939685822,
            0.06753091514110565,
            -0.00989362969994545
        ],
        [
            0.07338511943817139,
            0.07680574804544449,
            -0.04747294634580612
        ],
        [
            0.08010176569223404,
            0.07831205427646637,
            -0.04407671466469765
        ],
        [
            0.08504990488290787,
            0.07146254181861877,
            -0.041208598762750626
        ],
        [
            0.10322842746973038,
            0.03172250837087631,
            0.021671324968338013
        ],
        [
            0.09833861142396927,
            0.02743350714445114,
            0.03255395218729973
        ],
        [
            0.07780040055513382,
            0.08382325619459152,
            -0.029005667194724083
        ],
        [
            0.06543391197919846,
            0.1107998788356781,
            -0.04343953728675842
        ],
        [
            0.07121449708938599,
            0.11003905534744263,
            -0.044423796236515045
        ],
        [
            0.07148432731628418,
            0.09175971895456314,
            -0.047044359147548676
        ],
        [
            0.06462962925434113,
            0.09270308911800385,
            -0.04612702131271362
        ],
        [
            0.06924422830343246,
            0.08961658179759979,
            -0.02749088779091835
        ],
        [
            0.07592111825942993,
            0.08736365288496017,
            -0.029151765629649162
        ],
        [
            0.0744665339589119,
            0.08932319283485413,
            -0.02876938320696354
        ],
        [
            0.06942027062177658,
            0.09216424077749252,
            -0.025545533746480942
        ],
        [
            0.0630914643406868,
            0.08355395495891571,
            0.006669977679848671
        ],
        [
            0.0657954216003418,
            0.07787894457578659,
            0.008918472565710545
        ],
        [
            0.05382690951228142,
            0.07314171642065048,
            -0.029901549220085144
        ],
        [
            0.05726510286331177,
            0.07033893465995789,
            -0.04270157217979431
        ],
        [
            0.06345932185649872,
            0.05961881950497627,
            -0.04014256224036217
        ],
        [
            0.07619690150022507,
            0.0655253529548645,
            0.0007646773010492325
        ],
        [
            0.07096867263317108,
            0.07442054152488708,
            -0.0006064446642994881
        ],
        [
            0.07013416290283203,
            0.07372081279754639,
            0.0034395894035696983
        ],
        [
            0.07635721564292908,
            0.08008837699890137,
            -0.02170512266457081
        ],
        [
            0.07338866591453552,
            0.08548162132501602,
            -0.024980369955301285
        ],
        [
            0.07182715088129044,
            0.08354347944259644,
            -0.02066859044134617
        ],
        [
            0.07493084669113159,
            0.07823631912469864,
            -0.016772005707025528
        ],
        [
            0.06656257808208466,
            0.03467530757188797,
            0.03363601490855217
        ],
        [
            0.07555907219648361,
            0.04002213105559349,
            0.03888352960348129
        ],
        [
            0.07841157913208008,
            0.11605989933013916,
            -0.03962495177984238
        ],
        [
            0.0769454836845398,
            0.11288568377494812,
            -0.04081997647881508
        ],
        [
            0.08178512006998062,
            0.055785972625017166,
            0.0029446687549352646
        ],
        [
            0.0711575299501419,
            0.04754183441400528,
            -0.03591059520840645
        ],
        [
            0.08828507363796234,
            0.046964142471551895,
            0.006181761622428894
        ],
        [
            0.04724258929491043,
            0.07160504162311554,
            0.011723654344677925
        ],
        [
            0.05248628556728363,
            0.07590682804584503,
            0.016208084300160408
        ],
        [
            0.05317005515098572,
            0.08191145211458206,
            0.014612270519137383
        ],
        [
            0.04819505661725998,
            0.08102115988731384,
            0.011224362999200821
        ],
        [
            0.06851474940776825,
            0.10722272098064423,
            -0.02405799925327301
        ],
        [
            0.07411064952611923,
            0.10728037357330322,
            -0.025492588058114052
        ],
        [
            0.07443036139011383,
            0.11151116341352463,
            -0.02522166445851326
        ],
        [
            0.06882482022047043,
            0.11281514167785645,
            -0.02387000061571598
        ],
        [
            0.07956661283969879,
            0.08593183755874634,
            -0.033597830682992935
        ],
        [
            0.08097733557224274,
            0.08443574607372284,
            -0.039578892290592194
        ],
        [
            0.07979239523410797,
            0.09000872820615768,
            -0.0384085550904274
        ],
        [
            0.07766778022050858,
            0.09000103175640106,
            -0.03279610350728035
        ],
        [
            0.07764524221420288,
            0.08458980172872543,
            -0.04478508606553078
        ],
        [
            0.07696529477834702,
            0.09049970656633377,
            -0.044088978320360184
        ],
        [
            0.06260118633508682,
            0.10825420171022415,
            -0.02645863965153694
        ],
        [
            0.05935458838939667,
            0.10987831652164459,
            -0.03301215171813965
        ],
        [
            0.05787055194377899,
            0.09315818548202515,
            -0.03394399955868721
        ],
        [
            0.06251157820224762,
            0.09461142122745514,
            -0.027623359113931656
        ],
        [
            0.06388464570045471,
            0.02230800688266754,
            0.005897000432014465
        ],
        [
            0.06435300409793854,
            0.022038154304027557,
            0.017065580934286118
        ],
        [
            0.05869234725832939,
            0.03617517650127411,
            0.016255751252174377
        ],
        [
            0.05168791860342026,
            0.04976856708526611,
            0.01582430489361286
        ],
        [
            0.04619281738996506,
            0.0629272535443306,
            0.014463847503066063
        ],
        [
            0.04427720978856087,
            0.06271980702877045,
            0.0024756998755037785
        ],
        [
            0.060241665691137314,
            0.03490905091166496,
            0.024280143901705742
        ],
        [
            0.06050888076424599,
            0.08571857213973999,
            -0.0273163840174675
        ],
        [
            0.05706353485584259,
            0.08186952769756317,
            -0.034104179590940475
        ],
        [
            0.055790871381759644,
            0.08114032447338104,
            -0.028903236612677574
        ],
        [
            0.08824190497398376,
            0.047670457512140274,
            0.0136457160115242
        ],
        [
            0.07605885714292526,
            0.1089509129524231,
            -0.042275894433259964
        ],
        [
            0.08821660280227661,
            -0.004739053547382355,
            -0.01948149874806404
        ],
        [
            0.07928144931793213,
            -0.0060479119420051575,
            -0.009020328521728516
        ],
        [
            0.07794205844402313,
            0.0019881725311279297,
            -0.012432143092155457
        ],
        [
            0.08898469060659409,
            0.004228927195072174,
            -0.024034181609749794
        ],
        [
            0.07850813865661621,
            0.10738585144281387,
            -0.03084290586411953
        ],
        [
            0.0795462504029274,
            0.10784655064344406,
            -0.03705315664410591
        ],
        [
            0.06459281593561172,
            0.07858400046825409,
            0.015420866198837757
        ],
        [
            0.06195802614092827,
            0.08372177183628082,
            0.012349629774689674
        ],
        [
            0.05929001420736313,
            0.08437914401292801,
            0.014387685805559158
        ],
        [
            0.06233206391334534,
            0.08119000494480133,
            0.019583970308303833
        ],
        [
            0.06595218926668167,
            0.020985037088394165,
            0.02275465801358223
        ],
        [
            0.053058844059705734,
            0.06942375749349594,
            0.03368460386991501
        ],
        [
            0.04641703516244888,
            0.06633494794368744,
            0.025263387709856033
        ],
        [
            0.06916344165802002,
            0.009760454297065735,
            0.01732506789267063
        ],
        [
            0.06823195517063141,
            0.00957992672920227,
            0.007565075531601906
        ],
        [
            0.07120926678180695,
            0.00043607503175735474,
            0.009352048859000206
        ],
        [
            0.0463428795337677,
            0.07074766606092453,
            -0.01029207557439804
        ],
        [
            0.063625767827034,
            0.024759158492088318,
            -0.0024552494287490845
        ],
        [
            0.0687740370631218,
            0.01134512573480606,
            0.00010039471089839935
        ],
        [
            0.07235986739397049,
            0.000495418906211853,
            0.0018907543271780014
        ],
        [
            0.07418517768383026,
            -0.00745932012796402,
            0.0037157628685235977
        ],
        [
            0.0728493332862854,
            -0.0066671669483184814,
            0.0117320716381073
        ],
        [
            0.061334192752838135,
            0.11079414188861847,
            -0.03860647976398468
        ],
        [
            0.060822002589702606,
            0.11645152419805527,
            -0.032075852155685425
        ],
        [
            0.07313288748264313,
            -0.015373699367046356,
            0.01440957747399807
        ],
        [
            0.07526375353336334,
            -0.015665903687477112,
            0.005357785150408745
        ],
        [
            0.07081866264343262,
            0.013013318181037903,
            -0.008763815276324749
        ],
        [
            0.07526523619890213,
            0.015734054148197174,
            -0.019513914361596107
        ],
        [
            0.06595943123102188,
            0.026031173765659332,
            -0.010815976187586784
        ],
        [
            0.06947169452905655,
            0.02956470474600792,
            -0.02152038738131523
        ],
        [
            0.04536491259932518,
            0.06735654175281525,
            -0.020690545439720154
        ],
        [
            0.07009270042181015,
            0.13240529596805573,
            -0.026437371969223022
        ],
        [
            0.06461697816848755,
            0.1218036562204361,
            -0.026789391413331032
        ],
        [
            0.06893082708120346,
            0.11890966445207596,
            -0.024119360372424126
        ],
        [
            0.07161223143339157,
            0.1297590434551239,
            -0.023138858377933502
        ],
        [
            0.06364639848470688,
            0.11459703743457794,
            -0.02613047882914543
        ],
        [
            0.06315550953149796,
            0.12246643006801605,
            -0.03228765353560448
        ],
        [
            0.07905833423137665,
            0.034168731421232224,
            -0.0331939235329628
        ],
        [
            0.06822261214256287,
            0.08833596855401993,
            -0.02329450659453869
        ],
        [
            0.08964478224515915,
            0.02072986215353012,
            -0.03193202614784241
        ],
        [
            0.08887778222560883,
            0.04505623131990433,
            -0.04263490065932274
        ],
        [
            0.09901958703994751,
            0.0366845577955246,
            -0.040528710931539536
        ],
        [
            0.10224996507167816,
            0.00772462785243988,
            -0.030516505241394043
        ],
        [
            0.10889959335327148,
            0.023983709514141083,
            -0.03699961677193642
        ],
        [
            0.09947051852941513,
            -0.009985655546188354,
            -0.021743839606642723
        ],
        [
            0.09915037453174591,
            -0.0013749897480010986,
            -0.02538873814046383
        ],
        [
            0.11407706141471863,
            0.041898831725120544,
            -0.038207560777664185
        ],
        [
            0.08291764557361603,
