{
    "pred_cam": [
        8.21845817565918,
        -0.09279108792543411,
        -0.08204536885023117
    ],
    "pred_mano_params": {
        "global_orient": [
            [
                [
                    0.40169474482536316,
                    -0.8134315609931946,
                    0.42067858576774597
                ],
                [
                    -0.8806133270263672,
                    -0.46917101740837097,
                    -0.06632322072982788
                ],
                [
                    0.2513195872306824,
                    -0.3438134491443634,
                    -0.9047821760177612
                ]
            ]
        ],
        "hand_pose": [
            [
                [
                    0.7878419756889343,
                    -0.5721926093101501,
                    -0.2278170883655548
                ],
                [
                    0.5677793622016907,
                    0.8181051015853882,
                    -0.09127205610275269
                ],
                [
                    0.23860353231430054,
                    -0.05744187906384468,
                    0.9694167375564575
                ]
            ],
            [
                [
                    0.876538097858429,
                    -0.4238598048686981,
                    0.22808755934238434
                ],
                [
                    0.4650741219520569,
                    0.8679247498512268,
                    -0.17439256608486176
                ],
                [
                    -0.12404482811689377,
                    0.25893932580947876,
                    0.9578953385353088
                ]
            ],
            [
                [
                    0.7636804580688477,
                    -0.6445106863975525,
                    -0.03739173710346222
                ],
                [
                    0.6267629265785217,
                    0.7540467381477356,
                    -0.1964224874973297
                ],
                [
                    0.15479150414466858,
                    0.1265682578086853,
                    0.9798061847686768
                ]
            ],
            [
                [
                    0.7583944797515869,
                    -0.6392403841018677,
                    -0.12731696665287018
                ],
                [
                    0.6505442261695862,
                    0.7544565796852112,
                    0.08710634708404541
                ],
                [
                    0.04037322476506233,
                    -0.1488862931728363,
                    0.9880298376083374
                ]
            ],
            [
                [
                    0.42372891306877136,
                    -0.8678833246231079,
                    -0.25929197669029236
                ],
                [
                    0.902103841304779,
                    0.37854906916618347,
                    0.2071453034877777
                ],
                [
                    -0.08162321895360947,
                    -0.32168176770210266,
                    0.9433230757713318
                ]
            ],
            [
                [
                    0.6708394289016724,
                    -0.7132920622825623,
                    -0.20295023918151855
                ],
                [
                    0.7366905808448792,
                    0.672402024269104,
                    0.07185056805610657
                ],
                [
                    0.08521369844675064,
                    -0.1977117359638214,
                    0.9765493273735046
                ]
            ],
            [
                [
                    0.4128805994987488,
                    -0.7139158248901367,
                    0.5655561685562134
                ],
                [
                    0.46305611729621887,
                    0.6992524862289429,
                    0.5446328520774841
                ],
                [
                    -0.7842885851860046,
                    0.03701591491699219,
                    0.6192908883094788
                ]
            ],
            [
                [
                    0.7049468159675598,
                    -0.6280001997947693,
                    -0.32964494824409485
                ],
                [
                    0.7030459642410278,
                    0.5573230385780334,
                    0.4417209029197693
                ],
                [
                    -0.09368205070495605,
                    -0.5431452989578247,
                    0.8343961238861084
                ]
            ],
            [
                [
                    0.7399901747703552,
                    -0.6389427781105042,
                    0.21015867590904236
                ],
                [
                    0.5579792261123657,
                    0.7576106786727905,
                    0.33865219354629517
                ],
                [
                    -0.3755978047847748,
                    -0.13333511352539062,
                    0.9171412587165833
                ]
            ],
            [
                [
                    0.6234311461448669,
                    -0.7518125772476196,
                    0.21473568677902222
                ],
                [
                    0.7283138036727905,
                    0.6582943201065063,
                    0.19028283655643463
                ],
                [
                    -0.2844163477420807,
                    0.037766724824905396,
                    0.9579566717147827
                ]
            ],
            [
                [
                    0.5549876689910889,
                    -0.7789134383201599,
                    -0.29203155636787415
                ],
                [
                    0.809650719165802,
                    0.42521530389785767,
                    0.4045461416244507
                ],
                [
                    -0.19093015789985657,
                    -0.4609617292881012,
                    0.866637110710144
                ]
            ],
            [
                [
                    0.6705632209777832,
                    -0.701932966709137,
                    -0.2400732934474945
                ],
                [
                    0.7417792081832886,
                    0.6298704743385315,
                    0.2302754521369934
                ],
                [
                    -0.01042283233255148,
                    -0.3324955999851227,
                    0.943047285079956
                ]
            ],
            [
                [
                    0.9760368466377258,
                    -0.14517174661159515,
                    -0.1621030569076538
                ],
                [
                    -0.11192873120307922,
                    0.30391237139701843,
                    -0.9461021423339844
                ],
                [
                    0.18661244213581085,
                    0.9415743947029114,
                    0.2803807854652405
                ]
            ],
            [
                [
                    0.9482510089874268,
                    -0.23477090895175934,
                    -0.21378152072429657
                ],
                [
                    0.317489892244339,
                    0.7105576992034912,
                    0.6279394626617432
                ],
                [
                    0.004482169635593891,
                    -0.6633177399635315,
                    0.748324453830719
                ]
            ],
            [
                [
                    0.9505836963653564,
                    0.3011138141155243,
                    0.07563736289739609
                ],
                [
                    -0.3030889630317688,
                    0.9528299570083618,
                    0.015881352126598358
                ],
                [
                    -0.06728744506835938,
                    -0.03802140802145004,
                    0.9970089197158813
                ]
            ]
        ],
        "betas": [
            -0.020955801010131836,
            -0.06376728415489197,
            -0.06913164258003235,
            0.03811022639274597,
            0.06222093105316162,
            -0.020771902054548264,
            0.0645226538181305,
            -0.052977412939071655,
            -0.03772793710231781,
            -0.015267491340637207
        ]
    },
    "pred_cam_t": [
        -0.09279108792543411,
        -0.08204536885023117,
        4.753020286560059
    ],
    "focal_length": [
        5000.0,
        5000.0
    ],
    "pred_keypoints_3d": [
        [
            0.0958874523639679,
            0.0064041041769087315,
            0.006200938485562801
        ],
        [
            0.10970338433980942,
            0.03321293368935585,
            -0.017901666462421417
        ],
        [
            0.11822178214788437,
            0.06276530772447586,
            -0.020290102809667587
        ],
        [
            0.11698945611715317,
            0.08988681435585022,
            -0.020712120458483696
        ],
        [
            0.11439323425292969,
            0.12247198075056076,
            -0.03671954199671745
        ],
        [
            0.07334980368614197,
            0.08524053543806076,
            -0.03285010904073715
        ],
        [
            0.07199525088071823,
            0.11812156438827515,
            -0.02936493419110775
        ],
        [
            0.08429494500160217,
            0.1355941891670227,
            -0.02312919683754444
        ],
        [
            0.10269969701766968,
            0.1437682956457138,
            -0.00748101994395256
        ],
        [
            0.05758512392640114,
            0.09085498750209808,
            -0.01402308139950037
        ],
        [
            0.06070777773857117,
            0.12166610360145569,
            -0.007049170788377523
        ],
        [
            0.08239258080720901,
            0.12424352765083313,
            0.001135334838181734
        ],
        [
            0.10331187397241592,
            0.11079912632703781,
            0.0067130280658602715
        ],
        [
            0.054979048669338226,
            0.08217360079288483,
            0.011132637970149517
        ],
        [
            0.06461755186319351,
            0.10938651859760284,
            0.010005134157836437
        ],
        [
            0.0873953104019165,
            0.11012645065784454,
            0.019894160330295563
        ],
        [
            0.10578668117523193,
            0.0946311354637146,
            0.028028514236211777
        ],
        [
            0.05810515582561493,
            0.07469549775123596,
            0.03138213977217674
        ],
        [
            0.06668762862682343,
            0.09367705881595612,
            0.02772645652294159
        ],
        [
            0.08394908905029297,
            0.09812939912080765,
            0.03430820256471634
        ],
        [
            0.0993575006723404,
            0.09040852636098862,
            0.03770189732313156
        ]
    ],
    "pred_vertices": [
        [
            0.0961437076330185,
            0.0571337454020977,
            -0.014998534694314003
        ],
        [
            0.1003841757774353,
            0.047932468354701996,
            -0.010991018265485764
        ],
        [
            0.10275924205780029,
            0.05594628304243088,
            -0.01349576748907566
        ],
        [
            0.09892073273658752,
            0.06337729096412659,
            -0.020107144489884377
        ],
        [
            0.11750893294811249,
            0.044192615896463394,
            -0.0023711510002613068
        ],
        [
            0.12655696272850037,
            0.03888549283146858,
            -0.008060194551944733
        ],
        [
            0.1273837834596634,
            0.05551569536328316,
            -0.010349156334996223
        ],
        [
            0.12026286125183105,
            0.05769432336091995,
            -0.0038700606673955917
        ],
        [
            0.09984689205884933,
            0.06834597140550613,
            -0.02394869551062584
        ],
        [
            0.10519258677959442,
            0.0631386935710907,
            -0.015026919543743134
        ],
        [
            0.09944569319486618,
            0.06843245774507523,
            -0.025674276053905487
        ],
        [
            0.08949727565050125,
            0.06991732865571976,
            -0.03756527230143547
        ],
        [
            0.09275400638580322,
            0.07174182683229446,
            -0.03229065239429474
        ],
        [
            0.08250991255044937,
            0.07377315312623978,
            -0.04148808866739273
        ],
        [
            0.08598631620407104,
            0.06044803559780121,
            -0.04085830599069595
        ],
        [
            0.07391181588172913,
            0.06981930136680603,
            -0.042184729129076004
        ],
        [
            0.06622713059186935,
            0.047023653984069824,
            -0.024061104282736778
        ],
        [
            0.06136142462491989,
            0.04419633373618126,
            -0.011424771510064602
        ],
        [
            0.05375310406088829,
            0.05966661870479584,
            -0.01360318809747696
        ],
        [
            0.06017535924911499,
            0.06138142943382263,
            -0.025857338681817055
        ],
        [
            0.05345341935753822,
            0.05333421751856804,
            0.006354093085974455
        ],
        [
            0.053112126886844635,
            0.05754520371556282,
            -0.004706541076302528
        ],
        [
            0.05972403287887573,
            0.04147863760590553,
            -0.0029384391382336617
        ],
        [
            0.059946704655885696,
            0.03848464787006378,
            0.006888150703161955
        ],
        [
            0.09205830097198486,
            0.0492345467209816,
            -0.0018695052713155746
        ],
        [
            0.09688180685043335,
            0.040063560009002686,
            0.0011751595884561539
        ],
        [
            0.09749870002269745,
            0.04180574044585228,
            -0.004725722596049309
        ],
        [
            0.09353144466876984,
            0.05093882977962494,
            -0.007131051272153854
        ],
        [
            0.10714169591665268,
            0.0698547214269638,
            -0.027547549456357956
        ],
        [
            0.10320598632097244,
            0.058366019278764725,
            -0.03581034019589424
        ],
        [
            0.09910891205072403,
            0.06390498578548431,
            -0.03230753540992737
        ],
        [
            0.10633743554353714,
            0.07187545299530029,
            -0.02226264774799347
        ],
        [
            0.11031044274568558,
            0.020886264741420746,
            0.01920485869050026
        ],
        [
            0.11117929965257645,
            0.007403738796710968,
            0.018003493547439575
        ],
        [
            0.11283530294895172,
            0.007331661880016327,
            0.012290328741073608
        ],
        [
            0.1112455278635025,
            0.019466258585453033,
            0.014292285777628422
        ],
        [
            0.12210060656070709,
            0.016809679567813873,
            -0.004807122051715851
        ],
        [
            0.11915720999240875,
            0.0065140798687934875,
            -0.004623543471097946
        ],
        [
            0.1180618554353714,
            -0.0016385838389396667,
            -0.01488884724676609
        ],
        [
            0.12009032070636749,
            0.008702322840690613,
            -0.018038643524050713
        ],
        [
            0.12449686229228973,
            0.028104856610298157,
            -0.006573215126991272
        ],
        [
            0.12575674057006836,
            0.021572701632976532,
            -0.018233440816402435
        ],
        [
            0.1287727653980255,
            0.034942664206027985,
            -0.018304454162716866
        ],
        [
            0.12909606099128723,
            0.05343293398618698,
            -0.01910756342113018
        ],
        [
            0.10492962598800659,
            0.006052456796169281,
            0.02912439964711666
        ],
        [
            0.10389044135808945,
            0.015879608690738678,
            0.03188417851924896
        ],
        [
            0.08416665345430374,
            0.11786942183971405,
            -0.029457617551088333
        ],
        [
            0.08300677686929703,
            0.11820149421691895,
            -0.023659124970436096
        ],
        [
            0.08284441381692886,
            0.11414807289838791,
            -0.024670420214533806
        ],
        [
            0.08364639431238174,
            0.1148771196603775,
            -0.030393194407224655
        ],
        [
            0.08526016771793365,
            0.0062029361724853516,
            0.033963482826948166
        ],
        [
            0.07699285447597504,
            0.002799808979034424,
            0.0293075330555439
        ],
        [
            0.080673448741436,
            -0.0030693858861923218,
            0.03161311149597168
        ],
        [
            0.08924753963947296,
            -0.0002496764063835144,
            0.03424737602472305
        ],
        [
            0.08002644777297974,
            0.014727510511875153,
            0.033553846180438995
        ],
        [
            0.07251522690057755,
            0.011228367686271667,
            0.025870975106954575
        ],
        [
            0.07507260143756866,
            0.12414807081222534,
            -0.03613019734621048
        ],
        [
            0.07980263233184814,
            0.12206164747476578,
            -0.0361388698220253
        ],
        [
            0.07714923471212387,
            0.11828231811523438,
            -0.03753641992807388
        ],
        [
            0.07219424098730087,
            0.1192113384604454,
            -0.03665635734796524
        ],
        [
            0.09412407130002975,
            0.0699983537197113,
            -0.025853067636489868
        ],
        [
            0.09269829839468002,
            0.06580989807844162,
            -0.017936769872903824
        ],
        [
            0.08517272770404816,
            0.08374450355768204,
            -0.02904433012008667
        ],
        [
            0.08680672198534012,
            0.07666347920894623,
            -0.024163316935300827
        ],
        [
            0.08897192031145096,
            0.0758122056722641,
            -0.030807506293058395
        ],
        [
            0.08623326569795609,
            0.08145551383495331,
            -0.034687284380197525
        ],
        [
            0.08021458983421326,
            0.06869884580373764,
            -0.002787366509437561
        ],
        [
            0.08534480631351471,
            0.05832667276263237,
            -0.0010349564254283905
        ],
        [
            0.08666832000017166,
            0.06070776283740997,
            -0.007135964930057526
        ],
        [
            0.08232548832893372,
            0.072509765625,
            -0.010275566950440407
        ],
        [
            0.08374974131584167,
            0.05651082098484039,
            0.012957142665982246
        ],
        [
            0.07840127497911453,
            0.06659694761037827,
            0.009934571571648121
        ],
        [
            0.07805907726287842,
            0.06428457796573639,
            0.018236851319670677
        ],
        [
            0.08278355747461319,
            0.0580223985016346,
            0.0192449688911438
        ],
        [
            0.07010642439126968,
            0.08332890272140503,
            0.00160300824791193
        ],
        [
            0.067129947245121,
            0.08870995044708252,
            -0.0003658595960587263
        ],
        [
            0.06695450097322464,
            0.08820900321006775,
            0.0027624794747680426
        ],
        [
            0.06945828348398209,
            0.08206614851951599,
            0.005098466761410236
        ],
        [
            0.08357720077037811,
            -0.009396471083164215,
            0.03310555964708328
        ],
        [
            0.09296144545078278,
            -0.006525471806526184,
            0.0335627980530262
        ],
        [
            0.05559492111206055,
            0.04914610832929611,
            0.027708332985639572
        ],
        [
            0.06271152198314667,
            0.04685445502400398,
            0.03617706149816513
        ],
        [
            0.056600794196128845,
            0.05960649996995926,
            0.037389133125543594
        ],
        [
            0.0498066321015358,
            0.05853774771094322,
            0.027795471251010895
        ],
        [
            0.07219014316797256,
            0.0016667991876602173,
            0.020170900970697403
        ],
        [
            0.0742667019367218,
            -0.004830308258533478,
            0.02406153827905655
        ],
        [
            0.07055135816335678,
            0.12568449974060059,
            -0.03227313980460167
        ],
        [
            0.0682256817817688,
            0.12000679969787598,
            -0.03226092830300331
        ],
        [
            0.12208204716444016,
            0.029090724885463715,
            -0.029426496475934982
        ],
        [
            0.12571218609809875,
            0.05130293220281601,
            -0.028075965121388435
        ],
        [
            0.11650292575359344,
            0.013071015477180481,
            -0.0274700578302145
        ],
        [
            0.1111329048871994,
            0.002673432230949402,
            -0.024425486102700233
        ],
        [
            0.10931341350078583,
            -0.006352074444293976,
            -0.02202741801738739
        ],
        [
            0.08320479840040207,
            0.07962644100189209,
            -0.01942594163119793
        ],
        [
            0.09091487526893616,
            0.0596136674284935,
            -0.011225931346416473
        ],
        [
            0.0910881906747818,
            0.04816674813628197,
            0.0031482260674238205
        ],
        [
            0.08676083385944366,
            0.04912692680954933,
            0.033844515681266785
        ],
        [
            0.09211911261081696,
            0.0401359386742115,
            0.03510115668177605
        ],
        [
            0.09394736588001251,
            0.04466244950890541,
            0.025477811694145203
        ],
        [
            0.08834093809127808,
            0.0513363778591156,
            0.026185035705566406
        ],
        [
            0.07086332887411118,
            0.05054175853729248,
            0.04050251096487045
        ],
        [
            0.07704658806324005,
            0.05516462028026581,
            0.0377950593829155
        ],
        [
            0.07201787829399109,
            0.06262370198965073,
            0.037279948592185974
        ],
        [
            0.06512711942195892,
            0.060310956090688705,
            0.040341589599847794
        ],
        [
            0.11250118911266327,
            0.06909426301717758,
            -0.03246944397687912
        ],
        [
            0.10869308561086655,
            0.05409812182188034,
            -0.03810298815369606
        ],
        [
            0.09505760669708252,
            0.010090403258800507,
            0.03514024242758751
        ],
        [
            0.09863165020942688,
            0.0034541934728622437,
            0.03296976536512375
        ],
        [
            0.10033175349235535,
            -0.004843235015869141,
            0.031824495643377304
        ],
        [
            0.1045757532119751,
            0.030503354966640472,
            0.008944639936089516
        ],
        [
            0.1120009794831276,
            0.018505647778511047,
            0.010852279141545296
        ],
        [
            0.11325857043266296,
            0.019454888999462128,
            0.006710359826683998
        ],
        [
            0.10400369763374329,
            0.030369967222213745,
            0.005027594044804573
        ],
        [
            0.10569228231906891,
            0.03987187147140503,
            -0.0042635053396224976
        ],
        [
            0.11534804105758667,
            0.031566064804792404,
            -0.000775214284658432
        ],
        [
            0.10766851902008057,
            0.050311293452978134,
            -0.004458010196685791
        ],
        [
            0.11573831737041473,
            0.005713552236557007,
            0.004793599247932434
        ],
        [
            0.11573486030101776,
            -0.0025657787919044495,
            0.012163592502474785
        ],
        [
            0.1178242564201355,
            -0.0033955425024032593,
            0.0035512838512659073
        ],
        [
            0.11146403849124908,
            -0.003068894147872925,
            0.02097111940383911
        ],
        [
            0.10625144839286804,
            -0.003745526075363159,
            0.02815420925617218
        ],
        [
            0.07432620972394943,
            -0.013027489185333252,
            0.026451483368873596
        ],
        [
            0.11827028542757034,
            -0.003744669258594513,
            -0.004714593291282654
        ],
        [
            0.12152786552906036,
            0.06691709905862808,
            -0.007396504282951355
        ],
        [
            0.12203323841094971,
            0.07513359934091568,
            -0.010663765482604504
        ],
        [
            0.11496981233358383,
            0.07493828237056732,
            -0.009724292904138565
        ],
        [
            0.11378113180398941,
            0.06783430278301239,
            -0.007441181689500809
        ],
        [
            0.07662136852741241,
            0.08076158165931702,
            -0.04325566440820694
        ],
        [
            0.08340524882078171,
            0.08179137110710144,
            -0.0398537740111351
        ],
        [
            0.08818292617797852,
            0.07457521557807922,
            -0.037468839436769485
        ],
        [
            0.10461178421974182,
            0.03038126230239868,
            0.02300834283232689
        ],
        [
            0.09958294034004211,
            0.02573082596063614,
            0.033685751259326935
        ],
        [
            0.08152393996715546,
            0.08664179593324661,
            -0.024399079382419586
        ],
        [
            0.06985512375831604,
            0.11477452516555786,
            -0.03758097440004349
        ],
        [
            0.07558079808950424,
            0.11388140171766281,
            -0.038717370480298996
        ],
        [
            0.07512649148702621,
            0.09573857486248016,
            -0.04205532744526863
        ],
        [
            0.06834033876657486,
            0.09688957035541534,
            -0.04095548018813133
        ],
        [
            0.07321794331073761,
            0.09275887906551361,
            -0.022563345730304718
        ],
        [
            0.07978515326976776,
            0.09036815911531448,
            -0.024425162002444267
        ],
        [
            0.07840024679899216,
            0.09241470694541931,
            -0.02397182211279869
        ],
        [
            0.07354416698217392,
            0.09531077742576599,
            -0.02053431235253811
        ],
        [
            0.06732858717441559,
            0.08457235991954803,
            0.011358542367815971
        ],
        [
            0.06959144026041031,
            0.07886965572834015,
            0.013343999162316322
        ],
        [
            0.056974247097969055,
            0.07703937590122223,
            -0.025510575622320175
        ],
        [
            0.06026645004749298,
            0.07478935271501541,
            -0.03850230947136879
        ],
        [
            0.066010482609272,
            0.06374423950910568,
            -0.03672858327627182
        ],
        [
            0.07922270148992538,
            0.06664303690195084,
            0.004349367693066597
        ],
        [
            0.07445775717496872,
            0.07583695650100708,
            0.003548747394233942
        ],
        [
            0.07361339777708054,
            0.07491724193096161,
            0.007549017667770386
        ],
        [
            0.07996045053005219,
            0.08248081058263779,
            -0.01724887266755104
        ],
        [
            0.07724299281835556,
            0.08825609087944031,
            -0.02021641843020916
        ],
        [
            0.07559357583522797,
            0.08606483787298203,
            -0.015961728990077972
        ],
        [
            0.07846901565790176,
            0.08039522916078568,
            -0.012412318959832191
        ],
        [
            0.06818178296089172,
            0.03451536223292351,
            0.03552129864692688
        ],
        [
            0.07750716805458069,
            0.03907020762562752,
            0.04096725583076477
        ],
        [
            0.08307366818189621,
            0.11953803896903992,
            -0.03386764973402023
        ],
        [
            0.08147415518760681,
            0.11642181128263474,
            -0.035150736570358276
        ],
        [
            0.0843174010515213,
            0.05653749406337738,
            0.005913631059229374
        ],
        [
            0.07309993356466293,
            0.05108380317687988,
            -0.03331775218248367
        ],
        [
            0.09037747979164124,
            0.04724034294486046,
            0.008574106730520725
        ],
        [
            0.050782252103090286,
            0.07372511923313141,
            0.016023682430386543
        ],
        [
            0.056406162679195404,
            0.07733557373285294,
            0.02061386965215206
        ],
        [
            0.05770835280418396,
            0.08342356979846954,
            0.019364284351468086
        ],
        [
            0.05266871675848961,
            0.08312581479549408,
            0.016028083860874176
        ],
        [
            0.07319505512714386,
            0.11035051941871643,
            -0.018444428220391273
        ],
        [
            0.07875100523233414,
            0.11027729511260986,
            -0.01999305933713913
        ],
        [
            0.07922111451625824,
            0.1145334541797638,
            -0.019583143293857574
        ],
        [
            0.0736941397190094,
            0.11593722552061081,
            -0.01806948520243168
        ],
        [
            0.08327005058526993,
            0.0889902338385582,
            -0.029008790850639343
        ],
        [
            0.08451012521982193,
            0.08768574893474579,
            -0.035073500126600266
        ],
        [
            0.08352988958358765,
            0.09331022202968597,
            -0.03368920832872391
        ],
        [
            0.08152785152196884,
            0.09314374625682831,
            -0.028042294085025787
        ],
        [
            0.08108212053775787,
            0.08823597431182861,
            -0.04023474082350731
        ],
        [
            0.08061271160840988,
            0.09415371716022491,
            -0.03927948325872421
        ],
        [
            0.06728111207485199,
            0.11165576428174973,
            -0.020693328231573105
        ],
        [
            0.06395059078931808,
            0.11362191289663315,
            -0.027103561908006668
        ],
        [
            0.06186115741729736,
            0.0970800518989563,
            -0.028650466352701187
        ],
        [
            0.06670256704092026,
            0.0980985090136528,
            -0.022378750145435333
        ],
        [
            0.06468081474304199,
            0.02392967790365219,
            0.007148698903620243
        ],
        [
            0.06522047519683838,
            0.02299780398607254,
            0.01827584207057953
        ],
        [
            0.060251135379076004,
            0.037436243146657944,
            0.018333222717046738
        ],
        [
            0.053909022361040115,
            0.05142982304096222,
            0.018763745203614235
        ],
        [
            0.04906222224235535,
            0.06494610011577606,
            0.01822560466825962
        ],
        [
            0.047042980790138245,
            0.06553715467453003,
            0.006301432847976685
        ],
        [
            0.061808641999959946,
            0.03563149273395538,
            0.02625911682844162
        ],
        [
            0.06413641571998596,
            0.08899468183517456,
            -0.022489899769425392
        ],
        [
            0.06055235117673874,
            0.08578517287969589,
            -0.029307859018445015
        ],
        [
            0.05916602164506912,
            0.08471056818962097,
            -0.024147646501660347
        ],
        [
            0.09042593091726303,
            0.04751060903072357,
            0.016068072989583015
        ],
        [
            0.0804193839430809,
            0.11254701018333435,
            -0.03671764209866524
        ],
        [
            0.08736662566661835,
            -0.0028782784938812256,
            -0.019965894520282745
        ],
        [
            0.07845848798751831,
            -0.004285655915737152,
            -0.009520260617136955
        ],
        [
            0.07752157002687454,
            0.0039878711104393005,
            -0.012452193535864353
        ],
        [
            0.08857971429824829,
            0.006240963935852051,
            -0.023992745205760002
        ],
        [
            0.08303612470626831,
            0.11043544858694077,
            -0.0254194512963295
        ],
        [
            0.08397037535905838,
            0.11112119257450104,
            -0.031622447073459625
        ],
        [
            0.06863553822040558,
            0.07927954196929932,
            0.01987079530954361
        ],
        [
            0.06641750782728195,
            0.08463151007890701,
            0.017069153487682343
        ],
        [
            0.0640011802315712,
            0.08537578582763672,
            0.019097069278359413
        ],
        [
            0.06674888730049133,
            0.08172150701284409,
            0.02411605976521969
        ],
        [
            0.06681172549724579,
            0.02153872698545456,
            0.02388070337474346
        ],
        [
            0.05698934569954872,
            0.07008222490549088,
            0.03764233738183975
        ],
        [
            0.049873389303684235,
            0.06778056174516678,
            0.029123801738023758
        ],
        [
            0.06940657645463943,
            0.010496765375137329,
            0.01778273470699787
        ],
        [
            0.06838888674974442,
            0.010924890637397766,
            0.008042044937610626
        ],
        [
            0.0708896741271019,
            0.0015521645545959473,
            0.009272046387195587
        ],
        [
            0.049543362110853195,
            0.0739978700876236,
            -0.005976368673145771
        ],
        [
            0.06449506431818008,
            0.02686402201652527,
            -0.001041908748447895
        ],
        [
            0.06896544992923737,
            0.013083569705486298,
            0.0006880192086100578
        ],
        [
            0.07198605686426163,
            0.001979157328605652,
            0.0018185228109359741
        ],
        [
            0.07339390367269516,
            -0.006151944398880005,
            0.0031630797311663628
        ],
        [
            0.07217061519622803,
            -0.005749501287937164,
            0.01122466940432787
        ],
        [
            0.06584925204515457,
            0.11470898985862732,
            -0.03267170488834381
        ],
        [
            0.0656633973121643,
            0.1200910359621048,
            -0.025956494733691216
        ],
        [
            0.07201825082302094,
            -0.014587968587875366,
            0.013398603536188602
        ],
        [
            0.07405057549476624,
            -0.01447334885597229,
            0.004321296699345112
        ],
        [
            0.07102572917938232,
            0.015147194266319275,
            -0.008087648078799248
        ],
        [
            0.07552734017372131,
            0.018216833472251892,
            -0.01870778575539589
        ],
        [
            0.06682813912630081,
            0.02848769724369049,
            -0.009344631806015968
        ],
        [
            0.07044508308172226,
            0.032428935170173645,
            -0.01987387239933014
        ],
        [
            0.04833987355232239,
            0.07120814174413681,
            -0.016507957130670547
        ],
        [
            0.07538794726133347,
            0.13556961715221405,
            -0.019970323890447617
        ],
        [
            0.06970006227493286,
            0.1250796765089035,
            -0.020551364868879318
        ],
        [
            0.0740041732788086,
            0.12201696634292603,
            -0.018076250329613686
        ],
        [
            0.07694307714700699,
            0.13282471895217896,
            -0.01677737385034561
        ],
        [
            0.068532794713974,
            0.11793764680624008,
            -0.020161569118499756
        ],
        [
            0.06814548373222351,
            0.1259966939687729,
            -0.025992119684815407
        ],
        [
            0.08029197156429291,
            0.03715207055211067,
            -0.03142515942454338
        ],
        [
            0.07213462889194489,
            0.0911291241645813,
            -0.018405694514513016
        ],
        [
            0.09015151113271713,
            0.023031026124954224,
            -0.030979732051491737
        ],
        [
            0.09089107811450958,
            0.04797781631350517,
            -0.04052131250500679
        ],
        [
            0.10058099031448364,
            0.03882685676217079,
            -0.03889903426170349
        ],
        [
            0.10197249799966812,
            0.009235605597496033,
            -0.030336007475852966
        ],
        [
            0.10964212566614151,
            0.025271005928516388,
            -0.03597142919898033
        ],
        [
            0.09830303490161896,
            -0.008580662310123444,
            -0.02264808863401413
        ],
        [
            0.0984095111489296,
            0.00015605241060256958,
            -0.025758523494005203
        ],
        [
            0.11616307497024536,
            0.04275941103696823,
            -0.036397673189640045
        ],
        [
            0.08794832229614258,
