{
    "pred_cam": [
        11.156133651733398,
        -0.15635071694850922,
        0.02326447144150734
    ],
    "pred_mano_params": {
        "global_orient": [
            [
                [
                    -0.2378535121679306,
                    -0.8887868523597717,
                    -0.3917698860168457
                ],
                [
                    0.40323543548583984,
                    0.2765885293483734,
                    -0.8722958564758301
                ],
                [
                    0.883644163608551,
                    -0.36545413732528687,
                    0.2926028072834015
                ]
            ]
        ],
        "hand_pose": [
            [
                [
                    0.7864169478416443,
                    -0.5945116877555847,
                    -0.16764351725578308
                ],
                [
                    0.5828679800033569,
                    0.8040679693222046,
                    -0.11721625924110413
                ],
                [
                    0.20448321104049683,
                    -0.00553319975733757,
                    0.9788544774055481
                ]
            ],
            [
                [
                    0.9330861568450928,
                    -0.3510648012161255,
                    0.07812577486038208
                ],
                [
                    0.3586820960044861,
                    0.8923982977867126,
                    -0.27381089329719543
                ],
                [
                    0.02640605717897415,
                    0.2835114896297455,
                    0.958605170249939
                ]
            ],
            [
                [
                    0.7400031089782715,
                    -0.6695715188980103,
                    0.06379150599241257
                ],
                [
                    0.6535100936889648,
                    0.7381930351257324,
                    0.16731864213943481
                ],
                [
                    -0.15912224352359772,
                    -0.08212792128324509,
                    0.9838368892669678
                ]
            ],
            [
                [
                    0.5533678531646729,
                    -0.8284602761268616,
                    -0.08624152094125748
                ],
                [
                    0.8322916626930237,
                    0.5540422797203064,
                    0.018104838207364082
                ],
                [
                    0.032782312482595444,
                    -0.08179672807455063,
                    0.9961097836494446
                ]
            ],
            [
                [
                    0.9806461334228516,
                    -0.1581704169511795,
                    -0.11539170891046524
                ],
                [
                    0.1781504899263382,
                    0.9653287529945374,
                    0.19079503417015076
                ],
                [
                    0.08121281117200851,
                    -0.2076595276594162,
                    0.974824070930481
                ]
            ],
            [
                [
                    0.8170774579048157,
                    -0.5668255686759949,
                    -0.10532451421022415
                ],
                [
                    0.570951521396637,
                    0.8209044337272644,
                    0.011411882005631924
                ],
                [
                    0.07999281585216522,
                    -0.06945957988500595,
                    0.9943724274635315
                ]
            ],
            [
                [
                    0.5686150193214417,
                    -0.8222926259040833,
                    0.02262471616268158
                ],
                [
                    0.7464415431022644,
                    0.5273317098617554,
                    0.4058895409107208
                ],
                [
                    -0.34569069743156433,
                    -0.21390683948993683,
                    0.9136421084403992
                ]
            ],
            [
                [
                    0.9808744788169861,
                    -0.17184127867221832,
                    -0.09141039103269577
                ],
                [
                    0.17526860535144806,
                    0.9840378761291504,
                    0.030829913914203644
                ],
                [
                    0.08465342968702316,
                    -0.04626164585351944,
                    0.9953359961509705
                ]
            ],
            [
                [
                    0.9748985767364502,
                    -0.22161708772182465,
                    0.02141636796295643
                ],
                [
                    0.18339473009109497,
                    0.8538357615470886,
                    0.487166166305542
                ],
                [
                    -0.12625040113925934,
                    -0.4710099399089813,
                    0.8730466961860657
                ]
            ],
            [
                [
                    0.597383439540863,
                    -0.8019555807113647,
                    0.0005332605796866119
                ],
                [
                    0.8005750179290771,
                    0.5963157415390015,
                    -0.059052079916000366
                ],
                [
                    0.047039154917001724,
                    0.03570364788174629,
                    0.9982547163963318
                ]
            ],
            [
                [
                    0.9845042824745178,
                    -0.17513222992420197,
                    0.008949014358222485
                ],
                [
                    0.15418002009391785,
                    0.8887770175933838,
                    0.431629478931427
                ],
                [
                    -0.08354593068361282,
                    -0.4235612750053406,
                    0.9020066857337952
                ]
            ],
            [
                [
                    0.7242184281349182,
                    -0.6654432415962219,
                    -0.1808117926120758
                ],
                [
                    0.6894683837890625,
                    0.6942611932754517,
                    0.2064819186925888
                ],
                [
                    -0.011871397495269775,
                    -0.27420204877853394,
                    0.961598813533783
                ]
            ],
            [
                [
                    0.9555326700210571,
                    -0.1769547313451767,
                    -0.23589077591896057
                ],
                [
                    -0.13503891229629517,
                    0.44855573773384094,
                    -0.8834943771362305
                ],
                [
                    0.2621486783027649,
                    0.8760620951652527,
                    0.404713898897171
                ]
            ],
            [
                [
                    0.8519694805145264,
                    -0.4904482066631317,
                    -0.18332627415657043
                ],
                [
                    0.5191962122917175,
                    0.7460691332817078,
                    0.41691261529922485
                ],
                [
                    -0.06769998371601105,
                    -0.4503791332244873,
                    0.8902669548988342
                ]
            ],
            [
                [
                    0.9270307421684265,
                    0.2510421872138977,
                    -0.27855342626571655
                ],
                [
                    -0.31342586874961853,
                    0.9265403151512146,
                    -0.20805583894252777
                ],
                [
                    0.2058602124452591,
                    0.2801799476146698,
                    0.9376145005226135
                ]
            ]
        ],
        "betas": [
            -0.028559088706970215,
            -0.20649263262748718,
            -0.10757339000701904,
            -0.07160618901252747,
            -0.025434285402297974,
            0.006223615258932114,
            0.018334627151489258,
            -0.038520365953445435,
            0.021626383066177368,
            -0.019568175077438354
        ]
    },
    "pred_cam_t": [
        -0.15635071694850922,
        0.02326447144150734,
        3.501437187194824
    ],
    "focal_length": [
        5000.0,
        5000.0
    ],
    "pred_keypoints_3d": [
        [
            0.09591634571552277,
            0.006396034732460976,
            0.006262474227696657
        ],
        [
            0.10529085248708725,
            -0.030037378892302513,
            -0.001790603157132864
        ],
        [
            0.1250203251838684,
            -0.04936959967017174,
            -0.015416543930768967
        ],
        [
            0.14725139737129211,
            -0.05656970664858818,
            -0.0292634516954422
        ],
        [
            0.1719336360692978,
            -0.0648508220911026,
            -0.054648350924253464
        ],
        [
            0.11345083266496658,
            -0.04843319207429886,
            -0.06371813267469406
        ],
        [
            0.13635927438735962,
            -0.06044405326247215,
            -0.08438290655612946
        ],
        [
            0.1577800065279007,
            -0.06542075425386429,
            -0.08809079229831696
        ],
        [
            0.17979472875595093,
            -0.06709414720535278,
            -0.07679181545972824
        ],
        [
            0.12119311839342117,
            -0.029216764494776726,
            -0.07793242484331131
        ],
        [
            0.15053024888038635,
            -0.037742841988801956,
            -0.08692079782485962
        ],
        [
            0.1736283153295517,
            -0.04149319604039192,
            -0.08646805584430695
        ],
        [
            0.19696828722953796,
            -0.042992718517780304,
            -0.07543787360191345
        ],
        [
            0.1294066160917282,
            -0.0044380370527505875,
            -0.07250981032848358
        ],
        [
            0.1552252173423767,
            -0.012348957359790802,
            -0.08313601464033127
        ],
        [
            0.1797601878643036,
            -0.016778549179434776,
            -0.08244893699884415
        ],
        [
            0.20011797547340393,
            -0.020562807098031044,
            -0.06747101247310638
        ],
        [
            0.13808757066726685,
            0.013524925336241722,
            -0.06377816200256348
        ],
        [
            0.15852229297161102,
            0.009372582659125328,
            -0.06783707439899445
        ],
        [
            0.17737947404384613,
            0.0064900340512394905,
            -0.06757453083992004
        ],
        [
            0.19620195031166077,
            0.0001610107719898224,
            -0.06042644381523132
        ]
    ],
    "pred_vertices": [
        [
            0.11642912030220032,
            -0.031588442623615265,
            -0.026833362877368927
        ],
        [
            0.11521168053150177,
            -0.02613002434372902,
            -0.016969021409749985
        ],
        [
            0.11968621611595154,
            -0.03285069763660431,
            -0.020108487457036972
        ],
        [
            0.11863109469413757,
            -0.039439648389816284,
            -0.028903529047966003
        ],
        [
            0.1244891956448555,
            -0.028265278786420822,
            0.0006857961416244507
        ],
        [
            0.12077049165964127,
            -0.03569307178258896,
            0.009918883442878723
        ],
        [
            0.13010497391223907,
            -0.04500953108072281,
            -0.0006725490093231201
        ],
        [
            0.1324000358581543,
            -0.035949476063251495,
            -0.005784992128610611
        ],
        [
            0.11965988576412201,
            -0.04484733194112778,
            -0.03149821236729622
        ],
        [
            0.12387431412935257,
            -0.03818050026893616,
            -0.02267269790172577
        ],
        [
            0.1184728816151619,
            -0.045740798115730286,
            -0.03220069780945778
        ],
        [
            0.10793597996234894,
            -0.05170780420303345,
            -0.04229416698217392
        ],
        [
            0.11373692750930786,
            -0.04995284974575043,
            -0.04019849747419357
        ],
        [
            0.10486025363206863,
            -0.05375637114048004,
            -0.05033358186483383
        ],
        [
            0.09814955294132233,
            -0.04885666072368622,
            -0.03977762907743454
        ],
        [
            0.09787273406982422,
            -0.04893883690237999,
            -0.05471611022949219
        ],
        [
            0.09056640416383743,
            -0.021946219727396965,
            -0.044755108654499054
        ],
        [
            0.09412363916635513,
            -0.008840298280119896,
            -0.04563470929861069
        ],
        [
            0.0993976965546608,
            -0.013989066705107689,
            -0.06178651005029678
        ],
        [
            0.09605405479669571,
            -0.02697877213358879,
            -0.05881591513752937
        ],
        [
            0.1069640964269638,
            0.004575258120894432,
            -0.05592828989028931
        ],
        [
            0.10307660698890686,
            -0.0058766696602106094,
            -0.0599675327539444
        ],
        [
            0.09668458998203278,
            -0.0002950858324766159,
            -0.04446778446435928
        ],
        [
            0.100709468126297,
            0.0086455587297678,
            -0.04156668111681938
        ],
        [
            0.11714617162942886,
            -0.01642080582678318,
            -0.024123664945364
        ],
        [
            0.11539382487535477,
            -0.011956006288528442,
            -0.01428632065653801
        ],
        [
            0.11350822448730469,
            -0.017323870211839676,
            -0.015166301280260086
        ],
        [
            0.11585783958435059,
            -0.021773232147097588,
            -0.024419430643320084
        ],
        [
            0.12351678311824799,
            -0.051847901195287704,
            -0.028261307626962662
        ],
        [
            0.1077554002404213,
            -0.052018195390701294,
            -0.02562660351395607
        ],
        [
            0.11177600175142288,
            -0.04920600727200508,
            -0.031216870993375778
        ],
        [
            0.12712329626083374,
            -0.047772228717803955,
            -0.028598535805940628
        ],
        [
            0.11975062638521194,
            0.004359623417258263,
            0.009423092007637024
        ],
        [
            0.11060085892677307,
            0.00877089612185955,
            0.01836823672056198
        ],
        [
            0.10791395604610443,
            0.0035386793315410614,
            0.019250549376010895
        ],
        [
            0.11634078621864319,
            0.0007032230496406555,
            0.010667853057384491
        ],
        [
            0.10797115415334702,
            -0.01897888071835041,
            0.019740842282772064
        ],
        [
            0.10009127110242844,
            -0.012479070574045181,
            0.023339107632637024
        ],
        [
            0.08796555548906326,
            -0.01669267565011978,
            0.026604779064655304
        ],
        [
            0.09331995993852615,
            -0.024844199419021606,
            0.021424226462841034
        ],
        [
            0.11499647051095963,
            -0.027589766308665276,
            0.015110909938812256
        ],
        [
            0.10355326533317566,
            -0.03413451462984085,
            0.018098995089530945
        ],
        [
            0.11245410144329071,
            -0.04332955926656723,
            0.011615745723247528
        ],
        [
            0.1250333935022354,
            -0.0527152493596077,
            -0.0003199279308319092
        ],
        [
            0.1135592982172966,
            0.02087627723813057,
            0.015362069010734558
        ],
        [
            0.12112383544445038,
            0.01931000128388405,
            0.008634641766548157
        ],
        [
            0.1434008628129959,
            -0.06508533656597137,
            -0.07560083270072937
        ],
        [
            0.14591822028160095,
            -0.059794142842292786,
            -0.0765291228890419
        ],
        [
            0.14213460683822632,
            -0.05881793051958084,
            -0.07348337024450302
        ],
        [
            0.14014087617397308,
            -0.06421054899692535,
            -0.07350120693445206
        ],
        [
            0.10748282074928284,
            0.03306415677070618,
            0.00043983012437820435
        ],
        [
            0.09869001805782318,
            0.03436636924743652,
            -0.004230588674545288
        ],
        [
            0.0979534238576889,
            0.03711329773068428,
            0.002492174506187439
        ],
        [
            0.10529381036758423,
            0.034310970455408096,
            0.007593877613544464
        ],
        [
            0.11036238074302673,
            0.031336039304733276,
            -0.009002916514873505
        ],
        [
            0.10005153715610504,
            0.029978938400745392,
            -0.013241678476333618
        ],
        [
            0.13820652663707733,
            -0.06931327283382416,
            -0.08646955341100693
        ],
        [
            0.13975641131401062,
            -0.07053880393505096,
            -0.08168106526136398
        ],
        [
            0.13477852940559387,
            -0.06909550726413727,
            -0.08069145679473877
        ],
        [
            0.13277709484100342,
            -0.06676581501960754,
            -0.08501877635717392
        ],
        [
            0.11718004941940308,
            -0.044952332973480225,
            -0.03747354820370674
        ],
        [
            0.11861759424209595,
            -0.03640417009592056,
            -0.03531235456466675
        ],
        [
            0.12022089213132858,
            -0.04949313774704933,
            -0.05326567217707634
        ],
        [
            0.11923191696405411,
            -0.04353683441877365,
            -0.047223176807165146
        ],
        [
            0.11567137390375137,
            -0.049220893532037735,
            -0.045536842197179794
        ],
        [
            0.11584342271089554,
            -0.0534701831638813,
            -0.05140075832605362
        ],
        [
            0.12384903430938721,
            -0.02048264816403389,
            -0.04559575021266937
        ],
        [
            0.12046225368976593,
            -0.016859887167811394,
            -0.03499556705355644
        ],
        [
            0.11898089945316315,
            -0.023236531764268875,
            -0.03593606874346733
        ],
        [
            0.12279868870973587,
            -0.02894565463066101,
            -0.04694104939699173
        ],
        [
            0.12693637609481812,
            -0.004351973533630371,
            -0.03395770862698555
        ],
        [
            0.12927395105361938,
            -0.008775622583925724,
            -0.04466473311185837
        ],
        [
            0.1325654685497284,
            -0.0011375034227967262,
            -0.04275631532073021
        ],
        [
            0.13125844299793243,
            0.0003411099314689636,
            -0.0351027175784111
        ],
        [
            0.13102394342422485,
            -0.01878810115158558,
            -0.06238608434796333
        ],
        [
            0.1318354606628418,
            -0.02072927914559841,
            -0.06784917414188385
        ],
        [
            0.1350908726453781,
            -0.01836436800658703,
            -0.06791883707046509
        ],
        [
            0.1323833018541336,
            -0.0155912134796381,
            -0.061731260269880295
        ],
        [
            0.09604719281196594,
            0.039723776280879974,
            0.008821487426757812
        ],
        [
            0.1024959534406662,
            0.034839361906051636,
            0.014323912560939789
        ],
        [
            0.1181105375289917,
            0.022282196208834648,
            -0.04941028356552124
        ],
        [
            0.12492217123508453,
            0.02652612142264843,
            -0.041675321757793427
        ],
        [
            0.13101357221603394,
            0.02482118271291256,
            -0.05295553058385849
        ],
        [
            0.12167184054851532,
            0.020952533930540085,
            -0.05918543040752411
        ],
        [
            0.09031413495540619,
            0.029634032398462296,
            -0.007953643798828125
        ],
        [
            0.08937103301286697,
            0.0346086360514164,
            -0.001963891088962555
        ],
        [
            0.1383693367242813,
            -0.06474795937538147,
            -0.09072767943143845
        ],
        [
            0.13324987888336182,
            -0.06184199079871178,
            -0.08843418955802917
        ],
        [
            0.09932729601860046,
            -0.045098014175891876,
            0.008104734122753143
        ],
        [
            0.1166875958442688,
            -0.056867145001888275,
            -0.0036488287150859833
        ],
        [
            0.08850657194852829,
            -0.03280404955148697,
            0.014598987996578217
        ],
        [
            0.08169528841972351,
            -0.023112185299396515,
            0.017512328922748566
        ],
        [
            0.07665655761957169,
            -0.01642599329352379,
            0.02216871827840805
        ],
        [
            0.12233825027942657,
            -0.03951479494571686,
            -0.051479242742061615
        ],
        [
            0.11778215318918228,
            -0.027734192088246346,
            -0.032266344875097275
        ],
        [
            0.11898817121982574,
            -0.011649737134575844,
            -0.023836392909288406
        ],
        [
            0.1360245943069458,
            0.013856979086995125,
            -0.02516881749033928
        ],
        [
            0.13339827954769135,
            0.016414085403084755,
            -0.015339501202106476
        ],
        [
            0.13139985501766205,
            0.006196862086653709,
            -0.017589323222637177
        ],
        [
            0.13358978927135468,
            0.0062657492235302925,
            -0.026020631194114685
        ],
        [
            0.13371141254901886,
            0.024900099262595177,
            -0.037258047610521317
        ],
        [
            0.13791552186012268,
            0.018309181556105614,
            -0.03573999181389809
        ],
        [
            0.1400710642337799,
            0.01647006720304489,
            -0.04355505481362343
        ],
        [
            0.1372389942407608,
            0.02285061590373516,
            -0.04661326855421066
        ],
        [
            0.12255686521530151,
            -0.058557961136102676,
            -0.025113698095083237
        ],
        [
            0.10551992058753967,
            -0.0550394132733345,
            -0.01944909244775772
        ],
        [
            0.11525020003318787,
            0.028157783672213554,
            0.005708679556846619
        ],
        [
            0.11128552258014679,
            0.02773776277899742,
            0.012452580034732819
        ],
        [
            0.10595511645078659,
            0.029597781598567963,
            0.018841005861759186
        ],
        [
            0.11738406121730804,
            -0.005178969353437424,
            -0.0016848742961883545
        ],
        [
            0.11405131965875626,
            -0.001929447054862976,
            0.011660702526569366
        ],
        [
            0.11290329694747925,
            -0.006199847906827927,
            0.011961132287979126
        ],
        [
            0.11490686982870102,
            -0.007820619270205498,
            -0.0021257326006889343
        ],
        [
            0.11681035906076431,
            -0.020493295043706894,
            -0.006288185715675354
        ],
        [
            0.11751747131347656,
            -0.01941543072462082,
            0.0068239569664001465
        ],
        [
            0.12358785420656204,
            -0.02648353762924671,
            -0.011144004762172699
        ],
        [
            0.10372611880302429,
            -0.003028701990842819,
            0.02194926142692566
        ],
        [
            0.10274875164031982,
            0.006399143487215042,
            0.027662143111228943
        ],
        [
            0.09800578653812408,
            -0.0010015442967414856,
            0.029092736542224884
        ],
        [
            0.1056978851556778,
            0.015449363738298416,
            0.025389790534973145
        ],
        [
            0.1072021946310997,
            0.02368226647377014,
            0.02241535484790802
        ],
        [
            0.08546054363250732,
            0.0399552546441555,
            0.003408491611480713
        ],
        [
            0.09297963231801987,
            -0.007620386779308319,
            0.028956644237041473
        ],
        [
            0.13721320033073425,
            -0.042336806654930115,
            -0.010687358677387238
        ],
        [
            0.14226773381233215,
            -0.04732220992445946,
            -0.015089627355337143
        ],
        [
            0.13928188383579254,
            -0.04284234344959259,
            -0.020463015884160995
        ],
        [
            0.13409920036792755,
            -0.03801155835390091,
            -0.017186623066663742
        ],
        [
            0.10575541108846664,
            -0.05598926544189453,
            -0.05905798450112343
        ],
        [
            0.11167053878307343,
            -0.0564994290471077,
            -0.0541403666138649
        ],
        [
            0.110465869307518,
            -0.05347641557455063,
            -0.04597661644220352
        ],
        [
            0.12552788853645325,
            0.005764804780483246,
            -0.000612996518611908
        ],
        [
            0.12660491466522217,
            0.018343569710850716,
            -0.0007167309522628784
        ],
        [
            0.12320789694786072,
            -0.0455099381506443,
            -0.057588011026382446
        ],
        [
            0.12793676555156708,
            -0.06458985805511475,
            -0.08398806303739548
        ],
        [
            0.12977230548858643,
            -0.06739309430122375,
            -0.07908165454864502
        ],
        [
            0.11557180434465408,
            -0.061348993331193924,
            -0.06870362907648087
        ],
        [
            0.11373087763786316,
            -0.05845167115330696,
            -0.07469096034765244
        ],
        [
            0.12442529946565628,
            -0.04321594908833504,
            -0.06747252494096756
        ],
        [
            0.12478572130203247,
            -0.0463753342628479,
            -0.06129210442304611
        ],
        [
            0.1256813108921051,
            -0.04646657034754753,
            -0.0636332556605339
        ],
        [
            0.12728340923786163,
            -0.04319554939866066,
            -0.06908603012561798
        ],
        [
            0.13718196749687195,
            -0.010122528299689293,
            -0.06432732939720154
        ],
        [
            0.13498173654079437,
            -0.008012628182768822,
            -0.05882580205798149
        ],
        [
            0.10517558455467224,
            -0.032317906618118286,
            -0.07097096741199493
        ],
        [
            0.09709031879901886,
            -0.042941510677337646,
            -0.0680706650018692
        ],
        [
            0.09353610128164291,
            -0.03878600895404816,
            -0.05667624995112419
        ],
        [
            0.12632647156715393,
            -0.013537716120481491,
            -0.0445103645324707
        ],
        [
            0.12959611415863037,
            -0.016049832105636597,
            -0.05404502525925636
        ],
        [
            0.13103964924812317,
            -0.012243223376572132,
            -0.05378150939941406
        ],
        [
            0.12400178611278534,
            -0.0376230888068676,
            -0.05554402619600296
        ],
        [
            0.12473458051681519,
            -0.041117098182439804,
            -0.06151440367102623
        ],
        [
            0.12494353950023651,
            -0.03617429733276367,
            -0.06090618297457695
        ],
        [
            0.12482252717018127,
            -0.03233654052019119,
            -0.054993487894535065
        ],
        [
            0.11900581419467926,
            0.029331399127840996,
            -0.030213814228773117
        ],
        [
            0.12946265935897827,
            0.027711331844329834,
            -0.025410130620002747
        ],
        [
            0.14142219722270966,
            -0.06896255165338516,
            -0.07760442793369293
        ],
        [
            0.1373225450515747,
            -0.06796542555093765,
            -0.07618846744298935
        ],
        [
            0.12299387902021408,
            -0.010167187079787254,
            -0.034117650240659714
        ],
        [
            0.09062635153532028,
            -0.033619318157434464,
            -0.042964138090610504
        ],
        [
            0.12129999697208405,
            -0.006680287420749664,
            -0.02337697520852089
        ],
        [
            0.12431102991104126,
            0.004562627524137497,
            -0.06943392753601074
        ],
        [
            0.13296613097190857,
            0.004502865485846996,
            -0.06667878478765488
        ],
        [
            0.13540424406528473,
            0.0015904800966382027,
            -0.06992524862289429
        ],
        [
            0.130678191781044,
            0.0010950332507491112,
            -0.0740368515253067
        ],
        [
            0.13787886500358582,
            -0.048357777297496796,
            -0.07848658412694931
        ],
        [
            0.13973286747932434,
            -0.051765117794275284,
            -0.07413104921579361
        ],
        [
            0.143142968416214,
            -0.05336452275514603,
            -0.07630911469459534
        ],
        [
            0.14179691672325134,
            -0.05044841766357422,
            -0.0811614841222763
        ],
        [
            0.1228150948882103,
            -0.05078388750553131,
            -0.057906463742256165
        ],
        [
            0.11895377933979034,
            -0.05560920387506485,
            -0.056426335126161575
        ],
        [
            0.12297160178422928,
            -0.056631945073604584,
            -0.06040911749005318
        ],
        [
            0.12525686621665955,
            -0.05125526711344719,
            -0.0617280974984169
        ],
        [
            0.11463987082242966,
            -0.05869387462735176,
            -0.05961044505238533
        ],
        [
            0.11881200224161148,
            -0.060449276119470596,
            -0.0633537545800209
        ],
        [
            0.13427771627902985,
            -0.048555802553892136,
            -0.08382958173751831
        ],
        [
            0.12999293208122253,
            -0.05332685261964798,
            -0.0876503735780716
        ],
        [
            0.11795362085103989,
            -0.04623137414455414,
            -0.07957249879837036
        ],
        [
            0.12465917319059372,
            -0.04351426288485527,
            -0.07622357457876205
        ],
        [
            0.09356118738651276,
            0.01303715817630291,
            -0.028775613754987717
        ],
        [
            0.0998336523771286,
            0.022038791328668594,
            -0.02685355395078659
        ],
        [
            0.10701034963130951,
            0.018019666895270348,
            -0.03966917470097542
        ],
        [
            0.11343556642532349,
            0.014986423775553703,
            -0.05306652933359146
        ],
        [
            0.1197875589132309,
            0.010611283592879772,
            -0.06497234851121902
        ],
        [
            0.11178570985794067,
            0.001860802061855793,
            -0.06864117830991745
        ],
        [
            0.11124467849731445,
            0.024345045909285545,
            -0.036658305674791336
        ],
        [
            0.1185530424118042,
            -0.03757629171013832,
            -0.07074794173240662
        ],
        [
            0.11012867838144302,
            -0.04080309718847275,
            -0.07362869381904602
        ],
        [
            0.11266099661588669,
            -0.03570103272795677,
            -0.07265783101320267
        ],
        [
            0.12597784399986267,
            -0.0009057912975549698,
            -0.022882625460624695
        ],
        [
            0.13242705166339874,
            -0.06695003062486649,
            -0.07451294362545013
        ],
        [
            0.07028365880250931,
            -0.006677616387605667,
            0.0032305195927619934
        ],
        [
            0.07159344851970673,
            0.0059748925268650055,
            -0.0018637627363204956
        ],
        [
            0.0747995674610138,
            0.0005913674831390381,
            -0.008011676371097565
        ],
        [
            0.07429932057857513,
            -0.01416432112455368,
            -0.0019666552543640137
        ],
        [
            0.13883280754089355,
            -0.057799000293016434,
            -0.07095343619585037
        ],
        [
            0.13620206713676453,
            -0.06352702528238297,
            -0.07077112048864365
        ],
        [
            0.13842378556728363,
            -0.0025364961475133896,
            -0.0591399148106575
        ],
        [
            0.1394459307193756,
            -0.004855257458984852,
            -0.06440415978431702
        ],
        [
            0.1399790644645691,
            -0.001353011466562748,
            -0.06642364710569382
        ],
        [
            0.14183370769023895,
            0.001426949631422758,
            -0.061301156878471375
        ],
        [
            0.10291710495948792,
            0.026433264836668968,
            -0.024277757853269577
        ],
        [
            0.13743500411510468,
            0.022531621158123016,
            -0.05755335092544556
        ],
        [
            0.12853050231933594,
            0.01909065619111061,
            -0.06407291442155838
        ],
        [
            0.09333902597427368,
            0.025181269273161888,
            -0.015832379460334778
        ],
        [
            0.08732176572084427,
            0.017714159563183784,
            -0.01770438253879547
        ],
        [
            0.08314020186662674,
            0.021580778062343597,
            -0.009771101176738739
        ],
        [
            0.11182335019111633,
            -0.012704689987003803,
            -0.07340660691261292
        ],
        [
            0.0904962345957756,
            0.005391160026192665,
            -0.031443580985069275
        ],
        [
            0.08462095260620117,
            0.01072726957499981,
            -0.019213076680898666
        ],
        [
            0.07946942746639252,
            0.015042832121253014,
            -0.009834051132202148
        ],
        [
            0.07563141733407974,
            0.018949177116155624,
            -0.0035350844264030457
        ],
        [
            0.0801500678062439,
            0.02567761018872261,
            -0.0040524303913116455
        ],
        [
            0.1285204291343689,
            -0.059043191373348236,
            -0.08689382672309875
        ],
        [
            0.13547514379024506,
            -0.05564744025468826,
            -0.09006402641534805
        ],
        [
            0.07560048997402191,
            0.03122861683368683,
            0.0015402957797050476
        ],
        [
            0.07119470834732056,
            0.023120636120438576,
            0.002284511923789978
        ],
        [
            0.08165811002254486,
            0.0020433850586414337,
            -0.01965213194489479
        ],
        [
            0.07931657135486603,
            -0.00945441797375679,
            -0.01905151456594467
        ],
        [
            0.08764319121837616,
            -0.002825334668159485,
            -0.03136014565825462
        ],
        [
            0.08553099632263184,
            -0.014297746121883392,
            -0.03194575384259224
        ],
        [
            0.10294429212808609,
            -0.019295645877718925,
            -0.0742005780339241
        ],
        [
            0.15374939143657684,
            -0.05918022245168686,
            -0.09389284253120422
        ],
        [
            0.14399120211601257,
            -0.05442178249359131,
            -0.09056834131479263
        ],
        [
            0.1459270417690277,
            -0.05280517786741257,
            -0.08531611412763596
        ],
        [
            0.15482234954833984,
            -0.056481365114450455,
            -0.09071608632802963
        ],
        [
            0.13898390531539917,
            -0.05100947618484497,
            -0.08633343875408173
        ],
        [
            0.14073222875595093,
            -0.058648280799388885,
            -0.0924842432141304
        ],
        [
            0.08600884675979614,
            -0.02925749309360981,
            -0.02857252210378647
        ],
        [
            0.1252785623073578,
            -0.03820372745394707,
            -0.0660460889339447
        ],
        [
            0.08148717880249023,
            -0.0271823201328516,
            -0.012238681316375732
        ],
        [
            0.09222523868083954,
            -0.04556390643119812,
            -0.028586316853761673
        ],
        [
            0.09131529927253723,
            -0.04487045854330063,
            -0.015452317893505096
        ],
        [
            0.07807553559541702,
            -0.026368893682956696,
            0.0054700374603271484
        ],
        [
            0.08792256563901901,
            -0.04138588905334473,
            0.00018586963415145874
        ],
        [
            0.06991081684827805,
            -0.011080849915742874,
            0.015022248029708862
        ],
        [
            0.07362501323223114,
            -0.01730901002883911,
