{
    "pred_cam": [
        6.432373046875,
        0.1284833401441574,
        -0.08464369177818298
    ],
    "pred_mano_params": {
        "global_orient": [
            [
                [
                    -0.1169547513127327,
                    -0.7068720459938049,
                    0.697605550289154
                ],
                [
                    -0.8730847835540771,
                    -0.2615986168384552,
                    -0.4114476442337036
                ],
                [
                    0.473333477973938,
                    -0.6571895480155945,
                    -0.5865640640258789
                ]
            ]
        ],
        "hand_pose": [
            [
                [
                    0.8030150532722473,
                    -0.5251613259315491,
                    -0.28173115849494934
                ],
                [
                    0.4997548460960388,
                    0.8509326577186584,
                    -0.1617366075515747
                ],
                [
                    0.32467204332351685,
                    -0.010919582098722458,
                    0.9457636475563049
                ]
            ],
            [
                [
                    0.989316463470459,
                    0.1448799967765808,
                    0.016208453103899956
                ],
                [
                    -0.13949640095233917,
                    0.9730792045593262,
                    -0.18346045911312103
                ],
                [
                    -0.0423518568277359,
                    0.1792394369840622,
                    0.9828935265541077
                ]
            ],
            [
                [
                    0.8855533003807068,
                    -0.4602386951446533,
                    -0.06305267661809921
                ],
                [
                    0.3780645430088043,
                    0.7929089665412903,
                    -0.4778730571269989
                ],
                [
                    0.26993075013160706,
                    0.3993440866470337,
                    0.8761630654335022
                ]
            ],
            [
                [
                    0.8761937022209167,
                    -0.4254601001739502,
                    -0.2264251559972763
                ],
                [
                    0.406590074300766,
                    0.9047781229019165,
                    -0.1267320215702057
                ],
                [
                    0.2587839663028717,
                    0.018979566171765327,
                    0.9657487273216248
                ]
            ],
            [
                [
                    0.9719546437263489,
                    0.22969116270542145,
                    -0.0504586435854435
                ],
                [
                    -0.2099028080701828,
                    0.944078266620636,
                    0.2542772889137268
                ],
                [
                    0.10604217648506165,
                    -0.2365545928478241,
                    0.9658140540122986
                ]
            ],
            [
                [
                    0.9714694619178772,
                    -0.10309907793998718,
                    -0.21358297765254974
                ],
                [
                    0.13106243312358856,
                    0.983941376209259,
                    0.12116929888725281
                ],
                [
                    0.1976606845855713,
                    -0.1457049697637558,
                    0.9693813920021057
                ]
            ],
            [
                [
                    0.667335033416748,
                    -0.47259220480918884,
                    0.5756044983863831
                ],
                [
                    0.5582268834114075,
                    0.8290132880210876,
                    0.03346199542284012
                ],
                [
                    -0.4929976761341095,
                    0.2989875376224518,
                    0.8170433044433594
                ]
            ],
            [
                [
                    0.9296457767486572,
                    -0.15738417208194733,
                    -0.3331499695777893
                ],
                [
                    0.29452675580978394,
                    0.8607043623924255,
                    0.4152613580226898
                ],
                [
                    0.2213880568742752,
                    -0.48416754603385925,
                    0.8465040326118469
                ]
            ],
            [
                [
                    0.8477776646614075,
                    -0.5095760822296143,
                    0.14698755741119385
                ],
                [
                    0.5061809420585632,
                    0.860159158706665,
                    0.06250644475221634
                ],
                [
                    -0.1582844853401184,
                    0.021410739049315453,
                    0.98716139793396
                ]
            ],
            [
                [
                    0.806357741355896,
                    -0.5830911993980408,
                    0.09895388036966324
                ],
                [
                    0.5902529954910278,
                    0.7828694581985474,
                    -0.19676586985588074
                ],
                [
                    0.03726447373628616,
                    0.21707148849964142,
                    0.9754441380500793
                ]
            ],
            [
                [
                    0.9856048226356506,
                    -0.09473496675491333,
                    -0.1400301605463028
                ],
                [
                    0.14225022494792938,
                    0.9122958779335022,
                    0.3840327262878418
                ],
                [
                    0.09136760234832764,
                    -0.39842379093170166,
                    0.9126392602920532
                ]
            ],
            [
                [
                    0.8512693643569946,
                    -0.299267053604126,
                    -0.43102172017097473
                ],
                [
                    0.41058149933815,
                    0.8913811445236206,
                    0.19199591875076294
                ],
                [
                    0.3267466127872467,
                    -0.3404097855091095,
                    0.8816789984703064
                ]
            ],
            [
                [
                    0.9905703663825989,
                    0.02928381972014904,
                    -0.13383834064006805
                ],
                [
                    -0.12423768639564514,
                    0.6037866473197937,
                    -0.7874048948287964
                ],
                [
                    0.05775158479809761,
                    0.7966077923774719,
                    0.6017313003540039
                ]
            ],
            [
                [
                    0.9306530356407166,
                    -0.26929280161857605,
                    -0.24772204458713531
                ],
                [
                    0.3657423257827759,
                    0.7046768665313721,
                    0.607999324798584
                ],
                [
                    0.010834124870598316,
                    -0.6564388871192932,
                    0.7543014287948608
                ]
            ],
            [
                [
                    0.9467780590057373,
                    0.3215644657611847,
                    0.014407558366656303
                ],
                [
                    -0.31984350085258484,
                    0.9347890615463257,
                    0.15449769794940948
                ],
                [
                    0.03621293231844902,
                    -0.15088319778442383,
                    0.9878880977630615
                ]
            ]
        ],
        "betas": [
            -0.06914141774177551,
            -0.01657286286354065,
            -0.07512611150741577,
            -0.008908361196517944,
            0.04097968339920044,
            0.010019917041063309,
            0.049800604581832886,
            -0.03118312358856201,
            -0.01824374496936798,
            -0.006760954856872559
        ]
    },
    "pred_cam_t": [
        -0.1284833401441574,
        -0.08464369177818298,
        6.072797775268555
    ],
    "focal_length": [
        5000.0,
        5000.0
    ],
    "pred_keypoints_3d": [
        [
            0.09608285874128342,
            0.006415318697690964,
            0.006214912049472332
        ],
        [
            0.12797898054122925,
            0.020953882485628128,
            -0.010191240347921848
        ],
        [
            0.15143819153308868,
            0.03917154669761658,
            -0.018725145608186722
        ],
        [
            0.16497191786766052,
            0.06147339940071106,
            -0.02642425335943699
        ],
        [
            0.17737892270088196,
            0.084099680185318,
            -0.051946163177490234
        ],
        [
            0.12458988279104233,
            0.07649955153465271,
            -0.0444166362285614
        ],
        [
            0.13143466413021088,
            0.10894985496997833,
            -0.04437428340315819
        ],
        [
            0.1358010321855545,
            0.1307840645313263,
            -0.04309628903865814
        ],
        [
            0.13747215270996094,
            0.15476000308990479,
            -0.03232584893703461
        ],
        [
            0.1058836579322815,
            0.09117771685123444,
            -0.035822074860334396
        ],
        [
            0.10694235563278198,
            0.12294246256351471,
            -0.0338556207716465
        ],
        [
            0.1054169088602066,
            0.14621657133102417,
            -0.03234035149216652
        ],
        [
            0.09940719604492188,
            0.17156067490577698,
            -0.02721954882144928
        ],
        [
            0.08981055021286011,
            0.09010708332061768,
            -0.014337322674691677
        ],
        [
            0.09876828640699387,
            0.11765486001968384,
            -0.013437042012810707
        ],
        [
            0.10526326298713684,
            0.13893462717533112,
            -0.0022413991391658783
        ],
        [
            0.10781998187303543,
            0.15495875477790833,
            0.01849488541483879
        ],
        [
            0.08100031316280365,
            0.08716347813606262,
            0.005498231388628483
        ],
        [
            0.08893605321645737,
            0.10677848011255264,
            0.004231346771121025
        ],
        [
            0.09550012648105621,
            0.12214335054159164,
            0.01336209662258625
        ],
        [
            0.10539361089468002,
            0.13120347261428833,
            0.02472517639398575
        ]
    ],
    "pred_vertices": [
        [
            0.1254097819328308,
            0.04795871675014496,
            -0.01583830453455448
        ],
        [
            0.12463217228651047,
            0.03968274965882301,
            -0.00927097350358963
        ],
        [
            0.13289448618888855,
            0.04486285150051117,
            -0.012731831520795822
        ],
        [
            0.13328029215335846,
            0.05127660185098648,
            -0.02017275057733059
        ],
        [
            0.1382613331079483,
            0.030997656285762787,
            0.003200247883796692
        ],
        [
            0.14460869133472443,
            0.02088310569524765,
            0.0020402073860168457
        ],
        [
            0.15461188554763794,
            0.033388908952474594,
            -0.0044259317219257355
        ],
        [
            0.148493230342865,
            0.04045889154076576,
            -0.0012453794479370117
        ],
        [
            0.13886116445064545,
            0.05383274704217911,
            -0.024842025712132454
        ],
        [
            0.13975508511066437,
            0.04917549341917038,
            -0.015319563448429108
        ],
        [
            0.14006221294403076,
            0.05249979346990585,
            -0.028116054832935333
        ],
        [
            0.13473834097385406,
            0.05502583086490631,
            -0.04126250743865967
        ],
        [
            0.13605767488479614,
            0.05754666030406952,
            -0.034654341638088226
        ],
        [
            0.13155613839626312,
            0.06032495200634003,
            -0.04750760644674301
        ],
        [
            0.12856043875217438,
            0.046380214393138885,
            -0.04496324807405472
        ],
        [
            0.12291145324707031,
            0.059033334255218506,
            -0.05166403204202652
        ],
        [
            0.10001132637262344,
            0.04538281261920929,
            -0.037268370389938354
        ],
        [
            0.0898381918668747,
            0.04742894321680069,
            -0.02827213890850544
        ],
        [
            0.09108468145132065,
            0.06305061280727386,
            -0.034576065838336945
        ],
        [
            0.10178322345018387,
            0.05983082205057144,
            -0.04256434366106987
        ],
        [
            0.08009439706802368,
            0.061935048550367355,
            -0.016831645742058754
        ],
        [
            0.08600174635648727,
            0.06342802941799164,
            -0.027021734043955803
        ],
        [
            0.08391803503036499,
            0.047452569007873535,
            -0.02141745388507843
        ],
        [
            0.0788966566324234,
            0.04693707823753357,
            -0.012427839450538158
        ],
        [
            0.11295188963413239,
            0.045084744691848755,
            -0.005659647285938263
        ],
        [
            0.11192875355482101,
            0.03614863380789757,
            0.0003447681665420532
        ],
        [
            0.11579979956150055,
            0.036503467708826065,
            -0.004194967448711395
        ],
        [
            0.11708714812994003,
            0.04500994086265564,
            -0.009553123265504837
        ],
        [
            0.147543802857399,
            0.04795185849070549,
            -0.029733384028077126
        ],
        [
            0.14067226648330688,
            0.03838534653186798,
            -0.035023100674152374
        ],
        [
            0.13918012380599976,
            0.046222805976867676,
            -0.033912576735019684
        ],
        [
            0.14717310667037964,
            0.05189508944749832,
            -0.02549278549849987
        ],
        [
            0.10815293341875076,
            0.018475502729415894,
            0.0234421044588089
        ],
        [
            0.10420059412717819,
            0.005517609417438507,
            0.023779280483722687
        ],
        [
            0.1079290360212326,
            0.0036042705178260803,
            0.019621480256319046
        ],
        [
            0.11033324152231216,
            0.015841320157051086,
            0.01983945444226265
        ],
        [
            0.12713965773582458,
            0.004637815058231354,
            0.00788809359073639
        ],
        [
            0.11967877298593521,
            -0.0033709779381752014,
            0.007779501378536224
        ],
        [
            0.11973773688077927,
            -0.01344580203294754,
            -0.0014624260365962982
        ],
        [
            0.126519575715065,
            -0.005981273949146271,
            -0.004735492169857025
        ],
        [
            0.13627536594867706,
            0.013040244579315186,
            0.00550474226474762
        ],
        [
            0.13733869791030884,
            0.0030032917857170105,
            -0.004221878945827484
        ],
        [
            0.14658454060554504,
            0.013065122067928314,
            -0.006223589181900024
        ],
        [
            0.15619993209838867,
            0.027594298124313354,
            -0.011595167219638824
        ],
        [
            0.09388497471809387,
            0.008905388414859772,
            0.03071044571697712
        ],
        [
            0.09565253555774689,
            0.018908895552158356,
            0.03188047930598259
        ],
        [
            0.14068721234798431,
            0.11243864893913269,
            -0.040516197681427
        ],
        [
            0.13646350800991058,
            0.1140337884426117,
            -0.03679177910089493
        ],
        [
            0.13656176626682281,
            0.10803627222776413,
            -0.0365220308303833
        ],
        [
            0.14032846689224243,
            0.10764724016189575,
            -0.04085555672645569
        ],
        [
            0.07571481168270111,
            0.01628970354795456,
            0.025583993643522263
        ],
        [
            0.0694396123290062,
            0.014595478773117065,
            0.01779002696275711
        ],
        [
            0.06926189363002777,
            0.008629955351352692,
            0.022027747705578804
        ],
        [
            0.07637862116098404,
            0.00921594351530075,
            0.028226226568222046
        ],
        [
            0.07498469948768616,
            0.02564188838005066,
            0.02207961492240429
        ],
        [
            0.0704956129193306,
            0.02287685126066208,
            0.01200190931558609
        ],
        [
            0.13638333976268768,
            0.11436112225055695,
            -0.052321143448352814
        ],
        [
            0.14048424363136292,
            0.11338692158460617,
            -0.04930965229868889
        ],
        [
            0.1387893706560135,
            0.10845211148262024,
            -0.05063675343990326
        ],
        [
            0.13400045037269592,
            0.10902868956327438,
            -0.05272497981786728
        ],
        [
            0.13337357342243195,
            0.05751559138298035,
            -0.027599431574344635
        ],
        [
            0.1269252449274063,
            0.0562019869685173,
            -0.020721614360809326
        ],
        [
            0.13228754699230194,
            0.07273878902196884,
            -0.03540143743157387
        ],
        [
            0.12882673740386963,
            0.06655045598745346,
            -0.02974722906947136
        ],
        [
            0.13323888182640076,
            0.0634385496377945,
            -0.03460676968097687
        ],
        [
            0.1347724199295044,
            0.06889501214027405,
            -0.03970380127429962
        ],
        [
            0.1112867072224617,
            0.06653574109077454,
            -0.013525744900107384
        ],
        [
            0.11070318520069122,
            0.05574338138103485,
            -0.008838457986712456
        ],
        [
            0.1152571514248848,
            0.05603092908859253,
            -0.013710450381040573
        ],
        [
            0.11762844026088715,
            0.06754062324762344,
            -0.019372249022126198
        ],
        [
            0.10285796225070953,
            0.0580889992415905,
            0.0028372518718242645
        ],
        [
            0.10375188291072845,
            0.06845076382160187,
            -0.003007257357239723
        ],
        [
            0.09911848604679108,
            0.06867106258869171,
            0.004293734207749367
        ],
        [
            0.10004011541604996,
            0.06143321096897125,
            0.007791353389620781
        ],
        [
            0.10689502954483032,
            0.0847276896238327,
            -0.015629347413778305
        ],
        [
            0.10639388859272003,
            0.09069684147834778,
            -0.019669996574521065
        ],
        [
            0.10457374900579453,
            0.09210750460624695,
            -0.01607889123260975
        ],
        [
            0.1042102724313736,
            0.08495389670133591,
            -0.012738263234496117
        ],
        [
            0.06860561668872833,
            0.002293981611728668,
            0.025196164846420288
        ],
        [
            0.07730616629123688,
            0.0021602213382720947,
            0.029867518693208694
        ],
        [
            0.07126455008983612,
            0.06266720592975616,
            0.0031010666862130165
        ],
        [
            0.07257107645273209,
            0.060979004949331284,
            0.0141916424036026
        ],
        [
            0.07088279724121094,
            0.07430475950241089,
            0.011159159243106842
        ],
        [
            0.06982873380184174,
            0.07249292731285095,
            -0.00014804769307374954
        ],
        [
            0.06880094110965729,
            0.012791797518730164,
            0.007513048127293587
        ],
        [
            0.06638087332248688,
            0.007135026156902313,
            0.012438517063856125
        ],
        [
            0.13038286566734314,
            0.11608008295297623,
            -0.05225623399019241
        ],
        [
            0.12832647562026978,
            0.11054566502571106,
            -0.05149509012699127
        ],
        [
            0.14045172929763794,
            0.007245294749736786,
            -0.017552588135004044
        ],
        [
            0.15374447405338287,
            0.024271424859762192,
            -0.020242290571331978
        ],
        [
            0.1281701624393463,
            -0.003534473478794098,
            -0.015206463634967804
        ],
        [
            0.11881382763385773,
            -0.009953156113624573,
            -0.013422898948192596
        ],
        [
            0.11338362097740173,
            -0.016872912645339966,
            -0.011268693953752518
        ],
        [
            0.12500786781311035,
            0.07161560654640198,
            -0.027550064027309418
        ],
        [
            0.12009789049625397,
            0.05271435156464577,
            -0.015170803293585777
        ],
        [
            0.10965891182422638,
            0.045589640736579895,
            -0.0017195865511894226
        ],
        [
            0.09387581050395966,
            0.055514078587293625,
            0.02311471663415432
        ],
        [
            0.09425462037324905,
            0.04570908844470978,
            0.027377396821975708
        ],
        [
            0.10141046345233917,
            0.04699520021677017,
            0.01947169378399849
        ],
        [
            0.09913312643766403,
            0.055188219994306564,
            0.016976114362478256
        ],
        [
            0.07875769585371017,
            0.06323835253715515,
            0.021475566551089287
        ],
        [
            0.086703360080719,
            0.06528942286968231,
            0.021562015637755394
        ],
        [
            0.08520297706127167,
            0.07422162592411041,
            0.018021386116743088
        ],
        [
            0.0771341621875763,
            0.07406622916460037,
            0.017746970057487488
        ],
        [
            0.15226870775222778,
            0.042990244925022125,
            -0.0327608622610569
        ],
        [
            0.14364849030971527,
            0.03133469447493553,
            -0.03480277210474014
        ],
        [
            0.08482112735509872,
            0.0171068012714386,
            0.03100157156586647
        ],
        [
            0.08609504252672195,
            0.009393788874149323,
            0.03128378093242645
        ],
        [
            0.0847911536693573,
            0.001005329191684723,
            0.031713493168354034
        ],
        [
            0.11131767183542252,
            0.026935748755931854,
            0.01154160127043724
        ],
        [
            0.11197853088378906,
            0.014019817113876343,
            0.01742345094680786
        ],
        [
            0.11527296900749207,
            0.013621881604194641,
            0.014595754444599152
        ],
        [
            0.11245691776275635,
            0.02637448161840439,
            0.008357126265764236
        ],
        [
            0.12484973669052124,
            0.03258733078837395,
            -3.6265701055526733e-05
        ],
        [
            0.1279025673866272,
            0.022044584155082703,
            0.007707420736551285
        ],
        [
            0.13346123695373535,
            0.04024776816368103,
            -0.0029295384883880615
        ],
        [
            0.1128070130944252,
            -0.0006004571914672852,
            0.014655649662017822
        ],
        [
            0.10662408918142319,
            -0.006425745785236359,
            0.021658509969711304
        ],
        [
            0.11161541938781738,
            -0.009993620216846466,
            0.015195250511169434
        ],
        [
            0.09919698536396027,
            -0.0034322068095207214,
            0.027358315885066986
        ],
        [
            0.09162027388811111,
            -0.0007041841745376587,
            0.031238295137882233
        ],
        [
            0.06229744851589203,
            0.00014284998178482056,
            0.015193402767181396
        ],
        [
            0.11517369747161865,
            -0.012575551867485046,
            0.008066415786743164
        ],
        [
            0.15533152222633362,
            0.04609128087759018,
            -0.006731431931257248
        ],
        [
            0.16058041155338287,
            0.051115360110998154,
            -0.011891596019268036
        ],
        [
            0.1543469876050949,
            0.05445772036910057,
            -0.012904888018965721
        ],
        [
            0.14915704727172852,
            0.05024952068924904,
            -0.00916951522231102
        ],
        [
            0.13006329536437988,
            0.06871148198843002,
            -0.052051082253456116
        ],
        [
            0.13474436104297638,
            0.06872718036174774,
            -0.045793794095516205
        ],
        [
            0.13505451381206512,
            0.06060906499624252,
            -0.04112799093127251
        ],
        [
            0.10559635609388351,
            0.029860995709896088,
            0.02335536666214466
        ],
        [
            0.09525202959775925,
            0.02973237633705139,
            0.030691072344779968
        ],
        [
            0.12820228934288025,
            0.07762759178876877,
            -0.03340304642915726
        ],
        [
            0.1313849240541458,
            0.10474524646997452,
            -0.05373992398381233
        ],
        [
            0.13673219084739685,
            0.10345929861068726,
            -0.05177295207977295
        ],
        [
            0.13313162326812744,
            0.08465981483459473,
            -0.05239703133702278
        ],
        [
            0.1273060142993927,
            0.08724523335695267,
            -0.054921261966228485
        ],
        [
            0.12228751182556152,
            0.08657336235046387,
            -0.036400459706783295
        ],
        [
            0.12760059535503387,
            0.08187871426343918,
            -0.03457241505384445
        ],
        [
            0.1267068088054657,
            0.08458645641803741,
            -0.03501928225159645
        ],
        [
            0.12200302630662918,
            0.0891810804605484,
            -0.03481138125061989
        ],
        [
            0.0992707833647728,
            0.09046745300292969,
            -0.008530369028449059
        ],
        [
            0.09917311370372772,
            0.08420456945896149,
            -0.005522743798792362
        ],
        [
            0.10549445450305939,
            0.07533039897680283,
            -0.04501853883266449
        ],
        [
            0.11236821115016937,
            0.06892611086368561,
            -0.05467285215854645
        ],
        [
            0.11165331304073334,
            0.05744427442550659,
            -0.04965431988239288
        ],
        [
            0.10672522336244583,
            0.06675924360752106,
            -0.007557785138487816
        ],
        [
            0.10677307099103928,
            0.07668767869472504,
            -0.011164886876940727
        ],
        [
            0.10401597619056702,
            0.07725714892148972,
            -0.00799405388534069
        ],
        [
            0.12250502407550812,
            0.07585660368204117,
            -0.027434999123215675
        ],
        [
            0.12350321561098099,
            0.08142571896314621,
            -0.03195124864578247
        ],
        [
            0.11989200860261917,
            0.08122321218252182,
            -0.028629224747419357
        ],
        [
            0.11846519261598587,
            0.07561461627483368,
            -0.023664429783821106
        ],
        [
            0.07247110456228256,
            0.04787779599428177,
            0.016927171498537064
        ],
        [
            0.07955218106508255,
            0.050651729106903076,
            0.02578723430633545
        ],
        [
            0.14209021627902985,
            0.1124393567442894,
            -0.04510213062167168
        ],
        [
            0.1410181224346161,
            0.10760612040758133,
            -0.04612267389893532
        ],
        [
            0.10626213997602463,
            0.05616350844502449,
            -0.0030819103121757507
        ],
        [
            0.1107129156589508,
            0.04442036151885986,
            -0.04258272424340248
        ],
        [
            0.10643637180328369,
            0.04627959802746773,
            0.00274798646569252
        ],
        [
            0.08071032166481018,
            0.08359257876873016,
            -0.01233102660626173
        ],
        [
            0.08363189548254013,
            0.08736278116703033,
            -0.0061218226328492165
        ],
        [
            0.08610054105520248,
            0.09229675680398941,
            -0.00818919762969017
        ],
        [
            0.08355415612459183,
            0.09181372821331024,
            -0.013854216784238815
        ],
        [
            0.12426838278770447,
            0.10511074215173721,
            -0.035382457077503204
        ],
        [
            0.12989629805088043,
            0.10407115519046783,
            -0.03390698507428169
        ],
        [
            0.13080187141895294,
            0.10953289270401001,
            -0.034210361540317535
        ],
        [
            0.12543432414531708,
            0.11071504652500153,
            -0.03592371568083763
        ],
        [
            0.13213728368282318,
            0.07873736321926117,
            -0.036696914583444595
        ],
        [
            0.13550838828086853,
            0.07571784406900406,
            -0.04127487912774086
        ],
        [
            0.13567669689655304,
            0.08230408281087875,
            -0.04094424471259117
        ],
        [
            0.13137249648571014,
            0.0837811678647995,
            -0.03705276921391487
        ],
        [
            0.135085791349411,
            0.07609429955482483,
            -0.047433704137802124
        ],
        [
            0.13607020676136017,
            0.08262805640697479,
            -0.04718315973877907
        ],
        [
            0.12060686945915222,
            0.10598543286323547,
            -0.04087292402982712
        ],
        [
            0.12088391929864883,
            0.10616849362850189,
            -0.048530180007219315
        ],
        [
            0.11632280051708221,
            0.09124493598937988,
            -0.04809785261750221
        ],
        [
            0.1180754154920578,
            0.09280064702033997,
            -0.04021632671356201
        ],
        [
            0.0768507793545723,
            0.032327793538570404,
            -0.009035484865307808
        ],
        [
            0.07232072949409485,
            0.03401290625333786,
            0.0010702218860387802
        ],
        [
            0.07407644391059875,
            0.04861942306160927,
            -0.0020935386419296265
        ],
        [
            0.07441563904285431,
            0.06296497583389282,
            -0.005556831136345863
        ],
        [
            0.07618706673383713,
            0.07642020285129547,
            -0.009295852854847908
        ],
        [
            0.08000234514474869,
            0.0745457261800766,
            -0.020840294659137726
        ],
        [
            0.0713898167014122,
            0.048464056104421616,
            0.0056900158524513245
        ],
        [
            0.11392607539892197,
            0.08671750873327255,
            -0.04055144637823105
        ],
        [
            0.11272278428077698,
            0.08131800591945648,
            -0.04774164780974388
        ],
        [
            0.10923806577920914,
            0.08282562345266342,
            -0.04399358481168747
        ],
        [
            0.10348407924175262,
            0.04837682843208313,
            0.009318146854639053
        ],
        [
            0.13956330716609955,
            0.10226376354694366,
            -0.04753177613019943
        ],
        [
            0.09601085633039474,
            -0.006123445928096771,
            -0.01997804269194603
        ],
        [
            0.08405368030071259,
            -0.0019621625542640686,
            -0.015066800639033318
        ],
        [
            0.08764661848545074,
            0.005230136215686798,
            -0.018700968474149704
        ],
        [
            0.10178495943546295,
            0.0007944405078887939,
            -0.02360057272017002
        ],
        [
            0.13611698150634766,
            0.10221060365438461,
            -0.036237213760614395
        ],
        [
            0.13999976217746735,
            0.10175218433141708,
            -0.04121341556310654
        ],
        [
            0.09471672773361206,
            0.0866972804069519,
            -0.0008549299091100693
        ],
        [
            0.0950872153043747,
            0.09172645211219788,
            -0.00484740175306797
        ],
        [
            0.09151770919561386,
            0.09358157962560654,
            -0.0046647293493151665
        ],
        [
            0.09072238206863403,
            0.09097060561180115,
            0.0012764977291226387
        ],
        [
            0.07076740264892578,
            0.033552490174770355,
            0.006844185292720795
        ],
        [
            0.07208307832479477,
            0.08316448330879211,
            0.008411361835896969
        ],
        [
            0.07077090442180634,
            0.08101396262645721,
            -0.0009681098163127899
        ],
        [
            0.07095560431480408,
            0.02116699516773224,
            0.003448881208896637
        ],
        [
            0.0743427574634552,
            0.019495226442813873,
            -0.0056321881711483
        ],
        [
            0.07222234457731247,
            0.010408908128738403,
            -0.0026881471276283264
        ],
        [
            0.09020960330963135,
            0.07930216193199158,
            -0.03136594966053963
        ],
        [
            0.08123162388801575,
            0.0331047847867012,
            -0.016557972878217697
        ],
        [
            0.07875107228755951,
            0.019502177834510803,
            -0.011966414749622345
        ],
        [
            0.07642634212970734,
            0.008628666400909424,
            -0.008743161335587502
        ],
        [
            0.07387082278728485,
            0.001031436026096344,
            -0.006276989355683327
        ],
        [
            0.06963244080543518,
            0.0037640780210494995,
            0.00019004009664058685
        ],
        [
            0.12538525462150574,
            0.1059132069349289,
            -0.051937542855739594
        ],
        [
            0.12308000028133392,
            0.11164209246635437,
            -0.04801201820373535
        ],
        [
            0.06519991159439087,
            -0.0038178488612174988,
            0.002720501273870468
        ],
        [
            0.07071100175380707,
            -0.006575942039489746,
            -0.004284363240003586
        ],
        [
            0.0849202573299408,
            0.0186188742518425,
            -0.01882588118314743
        ],
        [
            0.09387781471014023,
            0.017344661056995392,
            -0.0261298269033432
        ],
        [
            0.0872454047203064,
            0.03186720237135887,
            -0.022832388058304787
        ],
        [
            0.09598877280950546,
            0.03176344931125641,
            -0.030586514621973038
        ],
        [
            0.09293261170387268,
            0.07394259423017502,
            -0.040303394198417664
        ],
        [
            0.1268027424812317,
            0.12925580143928528,
            -0.04497845098376274
        ],
        [
            0.12334655970335007,
            0.11795397102832794,
            -0.043469496071338654
        ],
        [
            0.1255347728729248,
            0.1171412467956543,
            -0.03803446516394615
        ],
        [
            0.1263331025838852,
            0.12845826148986816,
            -0.04050542786717415
        ],
        [
            0.12237336486577988,
            0.11141195893287659,
            -0.041092101484537125
        ],
        [
            0.12493956834077835,
            0.11720308661460876,
            -0.049026984721422195
        ],
        [
            0.10999313741922379,
            0.029747571796178818,
            -0.0365319550037384
        ],
        [
            0.11959004402160645,
            0.08743397891521454,
            -0.03305617347359657
        ],
        [
            0.11166287958621979,
            0.01354467123746872,
            -0.030402828007936478
        ],
        [
            0.1266814023256302,
            0.03306891769170761,
            -0.04156052693724632
        ],
        [
            0.12976481020450592,
            0.021469417959451675,
            -0.03527240455150604
        ],
        [
            0.11546692252159119,
            -0.002720251679420471,
            -0.02351529151201248
        ],
        [
            0.12991854548454285,
            0.006830617785453796,
            -0.027490977197885513
        ],
        [
            0.10379336774349213,
            -0.015526890754699707,
            -0.01675621047616005
        ],
        [
            0.10803686827421188,
            -0.008455514907836914,
            -0.020183011889457703
        ],
        [
            0.14336790144443512,
            0.018712792545557022,
            -0.028773363679647446
        ],
        [
            0.13997824490070343,
