{
    "pred_cam": [
        7.713891506195068,
        -0.10708963125944138,
        -0.08541262149810791
    ],
    "pred_mano_params": {
        "global_orient": [
            [
                [
                    0.360113263130188,
                    -0.8634989857673645,
                    0.35311174392700195
                ],
                [
                    -0.903656542301178,
                    -0.41690942645072937,
                    -0.09793541580438614
                ],
                [
                    0.23178274929523468,
                    -0.2838239073753357,
                    -0.93044114112854
                ]
            ]
        ],
        "hand_pose": [
            [
                [
                    0.7337380647659302,
                    -0.6454324722290039,
                    -0.21223902702331543
                ],
                [
                    0.6462271809577942,
                    0.7594167590141296,
                    -0.07534340023994446
                ],
                [
                    0.20980694890022278,
                    -0.08187229186296463,
                    0.9743090271949768
                ]
            ],
            [
                [
                    0.9259852766990662,
                    -0.32285240292549133,
                    0.195748433470726
                ],
                [
                    0.3582618534564972,
                    0.9149735569953918,
                    -0.18566592037677765
                ],
                [
                    -0.1191619411110878,
                    0.24205313622951508,
                    0.9629177451133728
                ]
            ],
            [
                [
                    0.7906187176704407,
                    -0.6105834245681763,
                    -0.04593421518802643
                ],
                [
                    0.5860705375671387,
                    0.7763322591781616,
                    -0.23201172053813934
                ],
                [
                    0.17732273042201996,
                    0.15651211142539978,
                    0.9716277718544006
                ]
            ],
            [
                [
                    0.6195111274719238,
                    -0.7735899090766907,
                    -0.13328424096107483
                ],
                [
                    0.7849863171577454,
                    0.6101685166358948,
                    0.10719562321901321
                ],
                [
                    -0.001599595183506608,
                    -0.17103517055511475,
                    0.9852636456489563
                ]
            ],
            [
                [
                    0.7370967864990234,
                    -0.6311239004135132,
                    -0.24160067737102509
                ],
                [
                    0.6757727265357971,
                    0.6906998753547668,
                    0.2574197053909302
                ],
                [
                    0.004409829154610634,
                    -0.3530104160308838,
                    0.935608983039856
                ]
            ],
            [
                [
                    0.7961654663085938,
                    -0.5904732942581177,
                    -0.13214318454265594
                ],
                [
                    0.6008632183074951,
                    0.7972688674926758,
                    0.05766858533024788
                ],
                [
                    0.0713018923997879,
                    -0.12531371414661407,
                    0.9895516633987427
                ]
            ],
            [
                [
                    0.42516863346099854,
                    -0.7424388527870178,
                    0.5177026391029358
                ],
                [
                    0.4813916087150574,
                    0.669854998588562,
                    0.5652931332588196
                ],
                [
                    -0.7664813995361328,
                    0.00887280236929655,
                    0.6422051787376404
                ]
            ],
            [
                [
                    0.8179863691329956,
                    -0.5002431273460388,
                    -0.2839984893798828
                ],
                [
                    0.5750599503517151,
                    0.7233933806419373,
                    0.382110059261322
                ],
                [
                    0.014294709078967571,
                    -0.47587698698043823,
                    0.8793957233428955
                ]
            ],
            [
                [
                    0.7414391040802002,
                    -0.6105139255523682,
                    0.2784615159034729
                ],
                [
                    0.552088737487793,
                    0.7908913493156433,
                    0.2639864683151245
                ],
                [
                    -0.3814002573490143,
                    -0.041994430124759674,
                    0.9234556555747986
                ]
            ],
            [
                [
                    0.6027877926826477,
                    -0.7670542001724243,
                    0.2197151780128479
                ],
                [
                    0.7480812072753906,
                    0.6390793919563293,
                    0.17875126004219055
                ],
                [
                    -0.2775273621082306,
                    0.05661572143435478,
                    0.9590480327606201
                ]
            ],
            [
                [
                    0.7453036904335022,
                    -0.6084305047988892,
                    -0.2726438045501709
                ],
                [
                    0.6642680764198303,
                    0.6425574421882629,
                    0.38192641735076904
                ],
                [
                    -0.05718640610575676,
                    -0.4657597839832306,
                    0.883061408996582
                ]
            ],
            [
                [
                    0.74280846118927,
                    -0.6643646955490112,
                    -0.08279486000537872
                ],
                [
                    0.6650541424751282,
                    0.7179734110832214,
                    0.20546814799308777
                ],
                [
                    -0.07706129550933838,
                    -0.20768657326698303,
                    0.975155234336853
                ]
            ],
            [
                [
                    0.9733068346977234,
                    -0.16799364984035492,
                    -0.1563715785741806
                ],
                [
                    -0.09625551104545593,
                    0.31972166895866394,
                    -0.9426097273826599
                ],
                [
                    0.20834781229496002,
                    0.9325000047683716,
                    0.29501697421073914
                ]
            ],
            [
                [
                    0.9405656456947327,
                    -0.28245213627815247,
                    -0.1885659396648407
                ],
                [
                    0.3378662168979645,
                    0.7220115065574646,
                    0.603776216506958
                ],
                [
                    -0.03439110144972801,
                    -0.6316012144088745,
                    0.7745302319526672
                ]
            ],
            [
                [
                    0.9293937683105469,
                    0.3538551330566406,
                    0.10494692623615265
                ],
                [
                    -0.3502850830554962,
                    0.935236394405365,
                    -0.0513155534863472
                ],
                [
                    -0.11630845069885254,
                    0.010931008495390415,
                    0.9931530356407166
                ]
            ]
        ],
        "betas": [
            -0.07031059265136719,
            -0.033383190631866455,
            -0.07824426889419556,
            0.0605979859828949,
            0.0657811164855957,
            -0.04451660066843033,
            0.039164721965789795,
            -0.016479581594467163,
            -0.030764594674110413,
            -0.015320181846618652
        ]
    },
    "pred_cam_t": [
        -0.10708963125944138,
        -0.08541262149810791,
        5.063916206359863
    ],
    "focal_length": [
        5000.0,
        5000.0
    ],
    "pred_keypoints_3d": [
        [
            0.09610112011432648,
            0.006426467094570398,
            0.006199656520038843
        ],
        [
            0.11001834273338318,
            0.032261185348033905,
            -0.01910230703651905
        ],
        [
            0.1205250695347786,
            0.061222877353429794,
            -0.022197840735316277
        ],
        [
            0.12264019250869751,
            0.08835317939519882,
            -0.02152406796813011
        ],
        [
            0.12432368844747543,
            0.12161210179328918,
            -0.036975961178541183
        ],
        [
            0.07604916393756866,
            0.08657830208539963,
            -0.03211020305752754
        ],
        [
            0.08032595366239548,
            0.11925865709781647,
            -0.0284945759922266
        ],
        [
            0.093922458589077,
            0.13628026843070984,
            -0.02369481511414051
        ],
        [
            0.11345027387142181,
            0.14518167078495026,
            -0.009583808481693268
        ],
        [
            0.061961714178323746,
            0.09328249841928482,
            -0.012239750474691391
        ],
        [
            0.07345732301473618,
            0.12195874750614166,
            -0.004695761948823929
        ],
        [
            0.0947747603058815,
            0.12744981050491333,
            0.003132740966975689
        ],
        [
            0.1189541220664978,
            0.12157641351222992,
            0.009658345952630043
        ],
        [
            0.06052152439951897,
            0.08486315608024597,
            0.013204190880060196
        ],
        [
            0.07243475317955017,
            0.1111975759267807,
            0.011629153974354267
        ],
        [
            0.09479109197854996,
            0.11660440266132355,
            0.02116250805556774
        ],
        [
            0.1176643818616867,
            0.10842234641313553,
            0.028288189321756363
        ],
        [
            0.06454375386238098,
            0.07727894186973572,
            0.033327311277389526
        ],
        [
            0.07453814893960953,
            0.09563193470239639,
            0.029731784015893936
        ],
        [
            0.09193538129329681,
            0.10217566788196564,
            0.03393443301320076
        ],
        [
            0.10860151797533035,
            0.09728913009166718,
            0.034611497074365616
        ]
    ],
    "pred_vertices": [
        [
            0.09822984784841537,
            0.05713111534714699,
            -0.015346191823482513
        ],
        [
            0.10226396471261978,
            0.04765693470835686,
            -0.011440560221672058
        ],
        [
            0.10515297949314117,
            0.055423375219106674,
            -0.014120427891612053
        ],
        [
            0.10114133358001709,
            0.06317321956157684,
            -0.02065075933933258
        ],
        [
            0.1200801432132721,
            0.04233097285032272,
            -0.0043556224554777145
        ],
        [
            0.12824442982673645,
            0.036404795944690704,
            -0.010918507352471352
        ],
        [
            0.13015317916870117,
            0.05290095508098602,
            -0.0132520142942667
        ],
        [
            0.12369918823242188,
            0.055428389459848404,
            -0.006027253344655037
        ],
        [
            0.10223899781703949,
            0.06806357204914093,
            -0.024519193917512894
        ],
        [
            0.10804497450590134,
            0.062358658760786057,
            -0.01585100032389164
        ],
        [
            0.10187260061502457,
            0.06830132007598877,
            -0.026134898886084557
        ],
        [
            0.09092450141906738,
            0.07035145163536072,
            -0.037584371864795685
        ],
        [
            0.09465047717094421,
            0.07191476970911026,
            -0.03255954757332802
        ],
        [
            0.08381379395723343,
            0.07454971224069595,
            -0.04116601124405861
        ],
        [
            0.08645666390657425,
            0.06115761026740074,
            -0.040611494332551956
        ],
        [
            0.07479362934827805,
            0.0713120698928833,
            -0.04137144237756729
        ],
        [
            0.06691576540470123,
            0.04893739894032478,
            -0.022539334371685982
        ],
        [
            0.06274515390396118,
            0.046449143439531326,
            -0.009529000148177147
        ],
        [
            0.05570412799715996,
            0.06260311603546143,
            -0.011372272856533527
        ],
        [
            0.06145386025309563,
            0.06384424865245819,
            -0.02408807910978794
        ],
        [
            0.05661604553461075,
            0.05617056041955948,
            0.008754425682127476
        ],
        [
            0.0557217039167881,
            0.06043389439582825,
            -0.002360311336815357
        ],
        [
            0.061532530933618546,
            0.04385155811905861,
            -0.000880757812410593
        ],
        [
            0.06222861260175705,
            0.04086561128497124,
            0.008973252028226852
        ],
        [
            0.09447818994522095,
            0.04949811473488808,
            -0.001958005130290985
        ],
        [
            0.09891502559185028,
            0.0400482639670372,
            0.0008865483105182648
        ],
        [
            0.09928382933139801,
            0.0417570136487484,
            -0.005012147128582001
        ],
        [
            0.09572044759988785,
            0.05110877752304077,
            -0.007307558320462704
        ],
        [
            0.10993259400129318,
            0.0696089118719101,
            -0.028400998562574387
        ],
        [
            0.10403083264827728,
            0.05817490443587303,
            -0.03662845119833946
        ],
        [
            0.10066390037536621,
            0.06397394090890884,
            -0.032791271805763245
        ],
        [
            0.10969217866659164,
            0.07150639593601227,
            -0.023012645542621613
        ],
        [
            0.11229971796274185,
            0.02003747969865799,
            0.018139716237783432
        ],
        [
            0.11223176121711731,
            0.006483010947704315,
            0.01699909195303917
        ],
        [
            0.11350037157535553,
            0.006287574768066406,
            0.011166952550411224
        ],
        [
            0.1128154844045639,
            0.01854190230369568,
            0.013170645572245121
        ],
        [
            0.12224116176366806,
            0.014999434351921082,
            -0.006838340312242508
        ],
        [
            0.11860622465610504,
            0.004973188042640686,
            -0.006255645304918289
        ],
        [
            0.11629932373762131,
            -0.0031386613845825195,
            -0.016385093331336975
        ],
        [
            0.11874368786811829,
            0.007027260959148407,
            -0.019847212359309196
        ],
        [
            0.12544016540050507,
            0.025953859090805054,
            -0.00901048257946968
        ],
        [
            0.12527164816856384,
            0.019398383796215057,
            -0.02073180116713047
        ],
        [
            0.1292465329170227,
            0.03246564418077469,
            -0.02141430228948593
        ],
        [
            0.13105672597885132,
            0.051017940044403076,
            -0.022182848304510117
        ],
        [
            0.10663211345672607,
            0.005574360489845276,
            0.028554582968354225
        ],
        [
            0.10641305148601532,
            0.015491299331188202,
            0.031305260956287384
        ],
        [
            0.09213194251060486,
            0.11836808919906616,
            -0.0296906977891922
        ],
        [
            0.09144412726163864,
            0.1188441812992096,
            -0.02383330464363098
        ],
        [
            0.09064382314682007,
            0.11443841457366943,
            -0.024867340922355652
        ],
        [
            0.09105651080608368,
            0.1151169165968895,
            -0.03064517304301262
        ],
        [
            0.08731314539909363,
            0.007017239928245544,
            0.034693989902734756
        ],
        [
            0.07852192968130112,
            0.004127331078052521,
            0.030605634674429893
        ],
        [
            0.08196859061717987,
            -0.0019741207361221313,
            0.032717153429985046
        ],
        [
            0.09089269489049911,
            0.00030440837144851685,
            0.03476853296160698
        ],
        [
            0.0826135128736496,
            0.01587957888841629,
            0.034559570252895355
        ],
        [
            0.07436442375183105,
            0.01283525675535202,
            0.02738480642437935
        ],
        [
            0.08304248005151749,
            0.1253071278333664,
            -0.035699497908353806
        ],
        [
            0.08757922798395157,
            0.12282565981149673,
            -0.03607264161109924
        ],
        [
            0.0843927338719368,
            0.11915360391139984,
            -0.03725257143378258
        ],
        [
            0.07963502407073975,
            0.12059232592582703,
            -0.03595202788710594
        ],
        [
            0.09629645198583603,
            0.07006404548883438,
            -0.02623642608523369
        ],
        [
            0.09509855508804321,
            0.06597934663295746,
            -0.01821441575884819
        ],
        [
            0.08794412761926651,
            0.08383093029260635,
            -0.029017897322773933
        ],
        [
            0.08942227065563202,
            0.07707365602254868,
            -0.02420859783887863
        ],
        [
            0.09106392413377762,
            0.07604577392339706,
            -0.030955860391259193
        ],
        [
            0.08850023150444031,
            0.08156102895736694,
            -0.03466546908020973
        ],
        [
            0.0838182270526886,
            0.06964839994907379,
            -0.0023088371381163597
        ],
        [
            0.08840681612491608,
            0.05898958444595337,
            -0.0007921317592263222
        ],
        [
            0.08946460485458374,
            0.06127151474356651,
            -0.007001987658441067
        ],
        [
            0.08566414564847946,
            0.0732797384262085,
            -0.009985548444092274
        ],
        [
            0.08767320215702057,
            0.057329002767801285,
            0.013330236077308655
        ],
        [
            0.08275452256202698,
            0.06770914793014526,
            0.010561763308942318
        ],
        [
            0.08286523818969727,
            0.0654568001627922,
            0.01890825852751732
        ],
        [
            0.08724048733711243,
            0.05892817676067352,
            0.019670147448778152
        ],
        [
            0.07480266690254211,
            0.0846671313047409,
            0.002565359231084585
        ],
        [
            0.07234852015972137,
            0.08970127254724503,
            0.0007806273642927408
        ],
        [
            0.0725521594285965,
            0.08974631130695343,
            0.0040182629600167274
        ],
        [
            0.07452823966741562,
            0.08359114080667496,
            0.006167302839457989
        ],
        [
            0.08456619083881378,
            -0.00848359614610672,
            0.03406776487827301
        ],
        [
            0.09415990114212036,
            -0.006213784217834473,
            0.03389084339141846
        ],
        [
            0.060058530420064926,
            0.05188269168138504,
            0.030015282332897186
        ],
        [
            0.06761535257101059,
            0.049138616770505905,
            0.038003262132406235
        ],
        [
            0.0625976175069809,
            0.06220289319753647,
            0.03949018940329552
        ],
        [
            0.05497555807232857,
            0.061630889773368835,
            0.030400292947888374
        ],
        [
            0.07302634418010712,
            0.0032670870423316956,
            0.02178293466567993
        ],
        [
            0.07494045048952103,
            -0.003351256251335144,
            0.0255951639264822
        ],
        [
            0.07898964732885361,
            0.1272963285446167,
            -0.031513117253780365
        ],
        [
            0.07617068290710449,
            0.12176179885864258,
            -0.031226597726345062
        ],
        [
            0.1211664006114006,
            0.027271360158920288,
            -0.031863756477832794
        ],
        [
            0.12670443952083588,
            0.049347683787345886,
            -0.030915653333067894
        ],
        [
            0.11469952762126923,
            0.011629946529865265,
            -0.029181651771068573
        ],
        [
            0.10894735157489777,
            0.0015994533896446228,
            -0.02555103413760662
        ],
        [
            0.10677488148212433,
            -0.007294833660125732,
            -0.0228904876857996
        ],
        [
            0.08631663769483566,
            0.08019714057445526,
            -0.019262999296188354
        ],
        [
            0.09337128698825836,
            0.05991927906870842,
            -0.011343012563884258
        ],
        [
            0.09378547221422195,
            0.048496950417757034,
            0.003117198124527931
        ],
        [
            0.0916370078921318,
            0.04985832795500755,
            0.03410201147198677
        ],
        [
            0.0964728370308876,
            0.040533799678087234,
            0.03508825972676277
        ],
        [
            0.09794545918703079,
            0.04490726441144943,
            0.025308500975370407
        ],
        [
            0.09284382313489914,
            0.05193449184298515,
            0.026315366849303246
        ],
        [
            0.07633300125598907,
            0.052300505340099335,
            0.04177923500537872
        ],
        [
            0.0826312005519867,
            0.05649633705615997,
            0.038628268986940384
        ],
        [
            0.07817471027374268,
            0.06418641656637192,
            0.03832297772169113
        ],
        [
            0.07137659192085266,
            0.06234181672334671,
            0.04187214747071266
        ],
        [
            0.11486911028623581,
            0.06849400699138641,
            -0.03375548869371414
        ],
        [
            0.10899368673563004,
            0.053464870899915695,
            -0.03937787935137749
        ],
        [
            0.09742959588766098,
            0.010279089212417603,
            0.035198844969272614
        ],
        [
            0.1004256159067154,
            0.003397829830646515,
            0.03284461051225662
        ],
        [
            0.10152143239974976,
            -0.0050116851925849915,
            0.031639017164707184
        ],
        [
            0.10651370882987976,
            0.03000851720571518,
            0.008194632828235626
        ],
        [
            0.11327240616083145,
            0.017520375549793243,
            0.00967349298298359
        ],
        [
            0.11432254314422607,
            0.01836656779050827,
            0.005418442189693451
        ],
        [
            0.1056751012802124,
            0.029900431632995605,
            0.004340408369898796
        ],
        [
            0.10767386108636856,
            0.03911367431282997,
            -0.005075514316558838
        ],
        [
            0.11697974801063538,
            0.030093513429164886,
            -0.0023862607777118683
        ],
        [
            0.11052142083644867,
            0.049261003732681274,
            -0.005465680733323097
        ],
        [
            0.11578910052776337,
            0.004452548921108246,
            0.003457186743617058
        ],
        [
            0.11575911939144135,
            -0.003803655505180359,
            0.010929213836789131
        ],
        [
            0.117219477891922,
            -0.004797779023647308,
            0.0021694060415029526
        ],
        [
            0.1120435893535614,
            -0.003999330103397369,
            0.020028717815876007
        ],
        [
            0.10726011544466019,
            -0.004314407706260681,
            0.0275612473487854
        ],
        [
            0.07465258240699768,
            -0.011545605957508087,
            0.02804979309439659
        ],
        [
            0.11709010601043701,
            -0.005205810070037842,
            -0.00613991916179657
        ],
        [
            0.12552998960018158,
            0.06456418335437775,
            -0.009428838267922401
        ],
        [
            0.12668108940124512,
            0.07285021990537643,
            -0.012441608123481274
        ],
        [
            0.1196083202958107,
            0.07332153618335724,
            -0.011007380671799183
        ],
        [
            0.11776536703109741,
            0.06611349433660507,
            -0.008792509324848652
        ],
        [
            0.07848028093576431,
            0.08182385563850403,
            -0.042543284595012665
        ],
        [
            0.08549899607896805,
            0.082149438560009,
            -0.03961486741900444
        ],
        [
            0.08979727327823639,
            0.07489865273237228,
            -0.03751867637038231
        ],
        [
            0.10747551172971725,
            0.02991797775030136,
            0.0222465917468071
        ],
        [
            0.10288263857364655,
            0.025638259947299957,
            0.03329809382557869
        ],
        [
            0.0849715918302536,
            0.08692079782485962,
            -0.024131987243890762
        ],
        [
            0.07665775716304779,
            0.11627914756536484,
            -0.036579679697752
        ],
        [
            0.08211879432201385,
            0.11473975330591202,
            -0.03821293264627457
        ],
        [
            0.07897347956895828,
            0.09629712253808975,
            -0.04145899415016174
        ],
        [
            0.07248225063085556,
            0.09837919473648071,
            -0.03980186581611633
        ],
        [
            0.07787784188985825,
            0.09350055456161499,
            -0.02162109687924385
        ],
        [
            0.08396956324577332,
            0.09044509381055832,
            -0.024073809385299683
        ],
        [
            0.0830736756324768,
            0.09252665191888809,
            -0.023527445271611214
        ],
        [
            0.07893773168325424,
            0.0960395336151123,
            -0.019685611128807068
        ],
        [
            0.0731699988245964,
            0.08620569109916687,
            0.012668147683143616
        ],
        [
            0.0750487893819809,
            0.08045820146799088,
            0.014446990564465523
        ],
        [
            0.05944281443953514,
            0.07981806248426437,
            -0.023559696972370148
        ],
        [
            0.06159617379307747,
            0.07745930552482605,
            -0.036860398948192596
        ],
        [
            0.06675753742456436,
            0.06576700508594513,
            -0.035466231405735016
        ],
        [
            0.08318266272544861,
            0.06768452376127243,
            0.004917107056826353
        ],
        [
            0.078925721347332,
            0.07711327075958252,
            0.004332600627094507
        ],
        [
            0.07834380865097046,
            0.0762762501835823,
            0.008408022113144398
        ],
        [
            0.08347462117671967,
            0.0832219198346138,
            -0.016878854483366013
        ],
        [
            0.08113740384578705,
            0.08893866837024689,
            -0.019658055156469345
        ],
        [
            0.0794462114572525,
            0.08695313334465027,
            -0.015339724719524384
        ],
        [
            0.08217667043209076,
            0.08132127672433853,
            -0.01194247417151928
        ],
        [
            0.07218225300312042,
            0.03645417094230652,
            0.03712991625070572
        ],
        [
            0.08219173550605774,
            0.040421243757009506,
            0.04194006696343422
        ],
        [
            0.09081125259399414,
            0.1200697049498558,
            -0.03403085842728615
        ],
        [
            0.08865313231945038,
            0.11684902012348175,
            -0.03522050008177757
        ],
        [
            0.0877496525645256,
            0.05728960409760475,
            0.006245030090212822
        ],
        [
            0.07340331375598907,
            0.05257095396518707,
            -0.0322595089673996
        ],
        [
            0.09339825809001923,
            0.04763990640640259,
            0.008596166037023067
        ],
        [
            0.05614606291055679,
            0.07663458585739136,
            0.018375733867287636
        ],
        [
            0.06242401525378227,
            0.07984089106321335,
            0.02260720729827881
        ],
        [
            0.06398128718137741,
            0.08575740456581116,
            0.021255135536193848
        ],
        [
            0.05869904160499573,
            0.08583830296993256,
            0.018237430602312088
        ],
        [
            0.0809866338968277,
            0.11142806708812714,
            -0.017752844840288162
        ],
        [
            0.08637341856956482,
            0.11061130464076996,
            -0.01979418471455574
        ],
        [
            0.08752171695232391,
            0.11523091793060303,
            -0.01946271024644375
        ],
        [
            0.08232157677412033,
            0.11717831343412399,
            -0.01749984174966812
        ],
        [
            0.08693715929985046,
            0.08866274356842041,
            -0.02890855073928833
        ],
        [
            0.08759737014770508,
            0.08738424628973007,
            -0.03501775115728378
        ],
        [
            0.08762415498495102,
            0.09274899959564209,
            -0.033700063824653625
        ],
        [
            0.08601674437522888,
            0.09283663332462311,
            -0.027857713401317596
        ],
        [
            0.08402656763792038,
            0.08823947608470917,
            -0.03997723385691643
        ],
        [
            0.0844295397400856,
            0.0939800888299942,
            -0.03910144418478012
        ],
        [
            0.07510162889957428,
            0.11346884071826935,
            -0.019592637196183205
        ],
        [
            0.07145456969738007,
            0.11579582095146179,
            -0.025731245055794716
        ],
        [
            0.06697726994752884,
            0.09942448139190674,
            -0.027013571932911873
        ],
        [
            0.07243701815605164,
            0.09980890154838562,
            -0.02105838619172573
        ],
        [
            0.06605854630470276,
            0.02597910910844803,
            0.009057619608938694
        ],
        [
            0.06730423867702484,
            0.025057442486286163,
            0.02015851065516472
        ],
        [
            0.06325946748256683,
            0.03983702510595322,
            0.0204179584980011
        ],
        [
            0.05786828324198723,
            0.05426838994026184,
            0.02115739695727825
        ],
        [
            0.05395466834306717,
            0.06806068122386932,
            0.020800048485398293
        ],
        [
            0.05100913718342781,
            0.0688094049692154,
            0.008980732411146164
        ],
        [
            0.06526103615760803,
            0.037958309054374695,
            0.02826762944459915
        ],
        [
            0.06859094649553299,
            0.09039755910634995,
            -0.020853403955698013
        ],
        [
            0.0639113187789917,
            0.08834370970726013,
            -0.027480050921440125
        ],
        [
            0.06305168569087982,
            0.08706922084093094,
            -0.022275680676102638
        ],
        [
            0.09397545456886292,
            0.04793999716639519,
            0.016091089695692062
        ],
        [
            0.08689547330141068,
            0.11277365684509277,
            -0.0366341695189476
        ],
        [
            0.08522982150316238,
            -0.002389878034591675,
            -0.019375888630747795
        ],
        [
            0.076969213783741,
            -0.0031918808817863464,
            -0.008300687186419964
        ],
        [
            0.07635051012039185,
            0.005141526460647583,
            -0.011255786754190922
        ],
        [
            0.08672098070383072,
            0.006662994623184204,
            -0.023566700518131256
        ],
        [
            0.09017543494701385,
            0.11016634106636047,
            -0.025564849376678467
        ],
        [
            0.09068778902292252,
            0.11085253208875656,
            -0.03184704855084419
        ],
        [
            0.07461894303560257,
            0.08094101399183273,
            0.021006448194384575
        ],
        [
            0.07262055575847626,
            0.08637179434299469,
            0.018447967246174812
        ],
        [
            0.07041975855827332,
            0.08726996928453445,
            0.020696250721812248
        ],
        [
            0.07326836884021759,
            0.08342227339744568,
            0.025390826165676117
        ],
        [
            0.06919419020414352,
            0.023515649139881134,
            0.02568095177412033
        ],
        [
            0.0638517290353775,
            0.07240106165409088,
            0.03979233652353287
        ],
        [
            0.05586806312203407,
            0.07076099514961243,
            0.031714145094156265
        ],
        [
            0.07065534591674805,
            0.012272626161575317,
            0.01949934847652912
        ],
        [
            0.06901893764734268,
            0.012731432914733887,
            0.009818272665143013
        ],
        [
            0.0709981694817543,
            0.003198400139808655,
            0.010961858555674553
        ],
        [
            0.05328603833913803,
            0.07722669839859009,
            -0.003464954672381282
        ],
        [
            0.06552652269601822,
            0.028908587992191315,
            0.0008383444510400295
        ],
        [
            0.06925226747989655,
            0.014831498265266418,
            0.0023935558274388313
        ],
        [
            0.07164151221513748,
            0.003528796136379242,
            0.0034241434186697006
        ],
        [
            0.07260633260011673,
            -0.004690222442150116,
            0.00474630668759346
        ],
        [
            0.07192129641771317,
            -0.004182733595371246,
            0.012889983132481575
        ],
        [
            0.07305467128753662,
            0.11668871343135834,
            -0.031364187598228455
        ],
        [
            0.07414513826370239,
            0.12207488715648651,
            -0.024809982627630234
        ],
        [
            0.07137136161327362,
            -0.013004951179027557,
            0.015149028040468693
        ],
        [
            0.07280714064836502,
            -0.013048835098743439,
            0.005929314531385899
        ],
        [
            0.07085583359003067,
            0.016735345125198364,
            -0.006554796360433102
        ],
        [
            0.07480254024267197,
            0.019497059285640717,
            -0.017498325556516647
        ],
        [
            0.06740923970937729,
            0.030359573662281036,
            -0.007661707699298859
        ],
        [
            0.07054713368415833,
            0.03404075279831886,
            -0.018464969471096992
        ],
        [
            0.050632625818252563,
            0.07492877542972565,
            -0.014022134244441986
        ],
        [
            0.08529087901115417,
            0.1369359791278839,
            -0.019888877868652344
        ],
        [
            0.07896290719509125,
            0.12675227224826813,
            -0.01982305571436882
        ],
        [
            0.08320857584476471,
            0.12341438233852386,
            -0.01757865771651268
        ],
        [
            0.08692006766796112,
            0.13416674733161926,
            -0.016725149005651474
        ],
        [
            0.0772099494934082,
            0.11967883259057999,
            -0.01924072578549385
        ],
        [
            0.0770701915025711,
            0.12779657542705536,
            -0.02515127696096897
        ],
        [
            0.079865962266922,
            0.038147859275341034,
            -0.030696433037519455
        ],
        [
            0.07659117877483368,
            0.09168504923582077,
            -0.017479363828897476
        ],
        [
            0.0888071358203888,
            0.023392312228679657,
            -0.03079727292060852
        ],
        [
            0.0905158743262291,
            0.04838843271136284,
            -0.04053249955177307
        ],
        [
            0.0996590331196785,
            0.03856475651264191,
            -0.03955426439642906
        ],
        [
            0.09975352883338928,
            0.008791305124759674,
            -0.030909311026334763
        ],
        [
            0.10797122120857239,
            0.024355925619602203,
            -0.03729292005300522
        ],
        [
            0.09560880810022354,
            -0.008810952305793762,
            -0.02272869274020195
        ],
        [
            0.09601012617349625,
            -7.883459329605103e-05,
            -0.02594943344593048
        ],
        [
            0.11567315459251404,
            0.04155540466308594,
            -0.03837958350777626
        ],
        [
            0.09691457450389862,
            0.12590916454792023,
