{
    "pred_cam": [
        5.7661662101745605,
        0.15003521740436554,
        -0.033517371863126755
    ],
    "pred_mano_params": {
        "global_orient": [
            [
                [
                    -0.9629270434379578,
                    0.1408248245716095,
                    -0.23008675873279572
                ],
                [
                    0.004004987422376871,
                    -0.845367968082428,
                    -0.5341694355010986
                ],
                [
                    -0.2697322964668274,
                    -0.5152876377105713,
                    0.8134636878967285
                ]
            ]
        ],
        "hand_pose": [
            [
                [
                    0.750293493270874,
                    -0.5487275123596191,
                    -0.3687244653701782
                ],
                [
                    0.5689822435379028,
                    0.819972813129425,
                    -0.06248006969690323
                ],
                [
                    0.3366285562515259,
                    -0.162919282913208,
                    0.9274364709854126
                ]
            ],
            [
                [
                    0.9955057501792908,
                    -0.0944644957780838,
                    0.00667971558868885
                ],
                [
                    0.09047789126634598,
                    0.9279226064682007,
                    -0.36162588000297546
                ],
                [
                    0.027962535619735718,
                    0.36060506105422974,
                    0.9322992563247681
                ]
            ],
            [
                [
                    0.9202869534492493,
                    0.01803191937506199,
                    0.390828400850296
                ],
                [
                    -0.09537404030561447,
                    0.9791416525840759,
                    0.17940284311771393
                ],
                [
                    -0.37944141030311584,
                    -0.20237699151039124,
                    0.9028110504150391
                ]
            ],
            [
                [
                    0.613946795463562,
                    -0.7311692237854004,
                    -0.2974238097667694
                ],
                [
                    0.7423073649406433,
                    0.6629365682601929,
                    -0.0974421352148056
                ],
                [
                    0.2684198021888733,
                    -0.16095557808876038,
                    0.9497600793838501
                ]
            ],
            [
                [
                    0.7367253303527832,
                    -0.6315860748291016,
                    -0.24152596294879913
                ],
                [
                    0.6732575297355652,
                    0.7183806896209717,
                    0.17508114874362946
                ],
                [
                    0.06292878836393356,
                    -0.2915959060192108,
                    0.9544693231582642
                ]
            ],
            [
                [
                    0.7417028546333313,
                    -0.6459560394287109,
                    0.18060357868671417
                ],
                [
                    0.6478968858718872,
                    0.7596504092216492,
                    0.056221429258584976
                ],
                [
                    -0.17351216077804565,
                    0.07531291246414185,
                    0.9819477796554565
                ]
            ],
            [
                [
                    0.12792691588401794,
                    -0.9592056274414062,
                    -0.2521096169948578
                ],
                [
                    0.8890294432640076,
                    -0.0017689167289063334,
                    0.45784667134284973
                ],
                [
                    -0.43961507081985474,
                    -0.2827037572860718,
                    0.8525357246398926
                ]
            ],
            [
                [
                    0.48886606097221375,
                    -0.8355703949928284,
                    -0.25066328048706055
                ],
                [
                    0.7394852638244629,
                    0.24449455738067627,
                    0.6272032260894775
                ],
                [
                    -0.46278664469718933,
                    -0.4919801950454712,
                    0.7374170422554016
                ]
            ],
            [
                [
                    0.8231778740882874,
                    -0.5401125550270081,
                    0.17509013414382935
                ],
                [
                    0.3475388288497925,
                    0.7231665253639221,
                    0.5968642830848694
                ],
                [
                    -0.4489932060241699,
                    -0.4304748773574829,
                    0.7830047607421875
                ]
            ],
            [
                [
                    0.3305095136165619,
                    -0.9333760142326355,
                    -0.13990233838558197
                ],
                [
                    0.931724488735199,
                    0.34631410241127014,
                    -0.10934332758188248
                ],
                [
                    0.1505085825920105,
                    -0.09421142935752869,
                    0.9841094017028809
                ]
            ],
            [
                [
                    0.34638163447380066,
                    -0.9101616144180298,
                    -0.22721269726753235
                ],
                [
                    0.8125175833702087,
                    0.17002423107624054,
                    0.5575903058052063
                ],
                [
                    -0.46886560320854187,
                    -0.3777533173561096,
                    0.7984156012535095
                ]
            ],
            [
                [
                    0.6665213704109192,
                    -0.7156655192375183,
                    0.20873932540416718
                ],
                [
                    0.6175516247749329,
                    0.6868978142738342,
                    0.3831467628479004
                ],
                [
                    -0.417587548494339,
                    -0.12646819651126862,
                    0.899792492389679
                ]
            ],
            [
                [
                    0.71695476770401,
                    0.14298655092716217,
                    -0.6822981834411621
                ],
                [
                    -0.6418726444244385,
                    0.517259955406189,
                    -0.5660756826400757
                ],
                [
                    0.27198439836502075,
                    0.8437991142272949,
                    0.46263113617897034
                ]
            ],
            [
                [
                    0.7829132080078125,
                    -0.5764288306236267,
                    -0.2340441644191742
                ],
                [
                    0.6212978959083557,
                    0.7049680948257446,
                    0.34206557273864746
                ],
                [
                    -0.03218277171254158,
                    -0.41321882605552673,
                    0.910062849521637
                ]
            ],
            [
                [
                    0.8799349665641785,
                    -0.4452418088912964,
                    -0.16575323045253754
                ],
                [
                    0.22951771318912506,
                    0.7038571238517761,
                    -0.6722400784492493
                ],
                [
                    0.41597598791122437,
                    0.5534842610359192,
                    0.7215393781661987
                ]
            ]
        ],
        "betas": [
            0.023672088980674744,
            -0.04530486464500427,
            -0.024597525596618652,
            0.0852639377117157,
            0.04624265432357788,
            -0.03089471533894539,
            0.01599574089050293,
            -0.023099958896636963,
            -0.04395413398742676,
            -0.06325492262840271
        ]
    },
    "pred_cam_t": [
        -0.15003521740436554,
        -0.033517371863126755,
        6.7744317054748535
    ],
    "focal_length": [
        5000.0,
        5000.0
    ],
    "pred_keypoints_3d": [
        [
            0.09564158320426941,
            0.006389467045664787,
            0.0061703030951321125
        ],
        [
            0.11069954931735992,
            0.0056212544441223145,
            0.04166397824883461
        ],
        [
            0.13822220265865326,
            0.002397209405899048,
            0.0551292821764946
        ],
        [
            0.1640298068523407,
            0.010232958942651749,
            0.05774543806910515
        ],
        [
            0.18485651910305023,
            0.03763727843761444,
            0.05537654086947441
        ],
        [
            0.17499776184558868,
            -0.0005418406799435616,
            0.04937254637479782
        ],
        [
            0.2015325278043747,
            0.017523083835840225,
            0.05692191421985626
        ],
        [
            0.21498200297355652,
            0.03440778702497482,
            0.06200872361660004
        ],
        [
            0.230923593044281,
            0.04717625677585602,
            0.07566390931606293
        ],
        [
            0.18732628226280212,
            0.009105083532631397,
            0.029710564762353897
        ],
        [
            0.20562011003494263,
            0.03448832780122757,
            0.034425608813762665
        ],
        [
            0.19945617020130157,
            0.056253574788570404,
            0.03972477838397026
        ],
        [
            0.18344272673130035,
            0.07151546329259872,
            0.0517711341381073
        ],
        [
            0.1799127608537674,
            0.023645959794521332,
            0.00859919749200344
        ],
        [
            0.18875141441822052,
            0.049817148596048355,
            0.016689889132976532
        ],
        [
            0.16634690761566162,
            0.057441771030426025,
            0.023945244029164314
        ],
        [
            0.14685380458831787,
            0.0491362102329731,
            0.036378953605890274
        ],
        [
            0.17044207453727722,
            0.03753875195980072,
            -0.0052238511852920055
        ],
        [
            0.16738954186439514,
            0.05683891102671623,
            0.0026970203034579754
        ],
        [
            0.14876797795295715,
            0.056414999067783356,
            0.006106898654252291
        ],
        [
            0.13587743043899536,
            0.04328843206167221,
            0.011252827011048794
        ]
    ],
    "pred_vertices": [
        [
            0.13610699772834778,
            0.010676220990717411,
            0.039320264011621475
        ],
        [
            0.12501484155654907,
            0.01193942129611969,
            0.03535860776901245
        ],
        [
            0.1321357786655426,
            0.010029090568423271,
            0.04040414094924927
        ],
        [
            0.14009782671928406,
            0.008404946886003017,
            0.045783545821905136
        ],
        [
            0.11978195607662201,
            0.02128775417804718,
            0.04617474600672722
        ],
        [
            0.11248467117547989,
            0.018401209264993668,
            0.05588086321949959
        ],
        [
            0.13010621070861816,
            0.015824321657419205,
            0.061036840081214905
        ],
        [
            0.1328524798154831,
            0.019592339172959328,
            0.05114322900772095
        ],
        [
            0.14461471140384674,
            0.004452018067240715,
            0.04907465726137161
        ],
        [
            0.13839806616306305,
            0.008907575160264969,
            0.04464902728796005
        ],
        [
            0.14606045186519623,
            -0.0006227204576134682,
            0.04735144227743149
        ],
        [
            0.15281203389167786,
            -0.00856709759682417,
            0.05166303366422653
        ],
        [
            0.15193402767181396,
            -0.0005258070304989815,
            0.05289769545197487
        ],
        [
            0.1605464667081833,
            -0.01084086298942566,
            0.05309976264834404
        ],
        [
            0.14739449322223663,
            -0.016466230154037476,
            0.047342028468847275
        ],
        [
            0.16232559084892273,
            -0.016551364213228226,
            0.046273358166217804
        ],
        [
            0.14776000380516052,
            -0.013722171075642109,
            0.02247735671699047
        ],
        [
            0.14788059890270233,
            -0.007204157300293446,
            0.01070990040898323
        ],
        [
            0.16532036662101746,
            -0.005850766785442829,
            0.013851730152964592
        ],
        [
            0.1633216142654419,
            -0.011719667352735996,
            0.026054834946990013
        ],
        [
            0.15914301574230194,
            0.0065618958324193954,
            -0.0017647035419940948
        ],
        [
            0.1634073704481125,
            -0.000173177570104599,
            0.00705917552113533
        ],
        [
            0.14610826969146729,
            -0.0025682970881462097,
            0.003190876916050911
        ],
        [
            0.14291176199913025,
            0.003796784207224846,
            -0.00417400524020195
        ],
        [
            0.13231512904167175,
            0.016788437962532043,
            0.026688851416110992
        ],
        [
            0.12101150304079056,
            0.018106181174516678,
            0.023867415264248848
        ],
        [
            0.12122662365436554,
            0.014837328344583511,
            0.028055446222424507
        ],
        [
            0.13259220123291016,
            0.014034525491297245,
            0.031155310571193695
        ],
        [
            0.14765894412994385,
            -0.0036707858089357615,
            0.05056442692875862
        ],
        [
            0.13838696479797363,
            -0.01136763859540224,
            0.05216655880212784
        ],
        [
            0.14367350935935974,
            -0.008036416955292225,
            0.048879943788051605
        ],
        [
            0.14861741662025452,
            0.0008606653427705169,
            0.04804282635450363
        ],
        [
            0.09758852422237396,
            0.02950584888458252,
            0.013550812378525734
        ],
        [
            0.08647310733795166,
            0.02319025620818138,
            0.009154856204986572
        ],
        [
            0.08582782745361328,
            0.01975373923778534,
            0.013936664909124374
        ],
        [
            0.09608205407857895,
            0.026013121008872986,
            0.016839925199747086
        ],
        [
            0.0902523547410965,
            0.016433680430054665,
            0.03886057063937187
        ],
        [
            0.0831177681684494,
            0.010344908572733402,
            0.029738422483205795
        ],
        [
            0.07810023427009583,
            -0.002497908193618059,
            0.03135709464550018
        ],
        [
            0.08620151877403259,
            -5.173683166503906e-05,
            0.04015617072582245
        ],
        [
            0.10095372796058655,
            0.019176295027136803,
            0.048674583435058594
        ],
        [
            0.09544046968221664,
            0.0064712148159742355,
            0.05203235149383545
        ],
        [
            0.1093970313668251,
            0.008560150861740112,
            0.061226993799209595
        ],
        [
            0.12926018238067627,
            0.008170004934072495,
            0.0666082352399826
        ],
        [
            0.08823580294847488,
            0.02820749767124653,
            -0.002501780167222023
        ],
        [
            0.09645641595125198,
            0.03406510502099991,
            -0.0007585231214761734
        ],
        [
            0.19842618703842163,
            0.025255026295781136,
            0.0660063847899437
        ],
        [
            0.19822153449058533,
            0.028845613822340965,
            0.06136875972151756
        ],
        [
            0.19287312030792236,
            0.02507834881544113,
            0.06055784225463867
        ],
        [
            0.19439154863357544,
            0.0221224557608366,
            0.06523243337869644
        ],
        [
            0.09967541694641113,
            0.022801987826824188,
            -0.0183554794639349
        ],
        [
            0.10224121809005737,
            0.013880623504519463,
            -0.02222120761871338
        ],
        [
            0.09516986459493637,
            0.014866691082715988,
            -0.023760011419653893
        ],
        [
            0.09211953729391098,
            0.02213738113641739,
            -0.01865401305258274
        ],
        [
            0.10963539034128189,
            0.023652762174606323,
            -0.01795869506895542
        ],
        [
            0.11191751062870026,
            0.012729210779070854,
            -0.01941976509988308
        ],
        [
            0.20645645260810852,
            0.01594548672437668,
            0.0638006404042244
        ],
        [
            0.20373274385929108,
            0.018379254266619682,
            0.06734286993741989
        ],
        [
            0.2005787342786789,
            0.014293869957327843,
            0.06579724699258804
        ],
        [
            0.20267118513584137,
            0.011881581507623196,
            0.0614437535405159
        ],
        [
            0.14925149083137512,
            0.006296356208622456,
            0.05053170025348663
        ],
        [
            0.1462125927209854,
            0.011047079227864742,
            0.04359680414199829
        ],
        [
            0.16642549633979797,
            0.0068480465561151505,
            0.05455195903778076
        ],
        [
            0.15932521224021912,
            0.008501116186380386,
            0.04895416647195816
        ],
        [
            0.15782970190048218,
            0.0034685125574469566,
            0.05381912365555763
        ],
        [
            0.16460326313972473,
            0.0017906483262777328,
            0.05739551782608032
        ],
        [
            0.15526260435581207,
            0.01875770278275013,
            0.027994714677333832
        ],
        [
            0.14384353160858154,
            0.018101826310157776,
            0.025850582867860794
        ],
        [
            0.1452985405921936,
            0.014995530247688293,
            0.0314183235168457
        ],
        [
            0.15765006840229034,
            0.015608650632202625,
            0.03569319471716881
        ],
        [
            0.1421244889497757,
            0.027307888492941856,
            0.015213587321341038
        ],
        [
            0.1535092294216156,
            0.026672909036278725,
            0.017857681959867477
        ],
        [
            0.150974839925766,
            0.03179643303155899,
            0.01144083309918642
        ],
        [
            0.143281489610672,
            0.032287053763866425,
            0.011271193623542786
        ],
        [
            0.1723095029592514,
            0.023237647488713264,
            0.025210173800587654
        ],
        [
            0.17776907980442047,
            0.022619809955358505,
            0.026419002562761307
        ],
        [
            0.17768141627311707,
            0.026840906590223312,
            0.02417755126953125
        ],
        [
            0.17144078016281128,
            0.02534201368689537,
            0.022396612912416458
        ],
        [
            0.08824961632490158,
            0.014691646210849285,
            -0.025472385808825493
        ],
        [
            0.08492256700992584,
            0.020689375698566437,
            -0.018445376306772232
        ],
        [
            0.1526252031326294,
            0.022400816902518272,
            -0.016037428751587868
        ],
        [
            0.14537054300308228,
            0.03094235435128212,
            -0.017272980883717537
        ],
        [
            0.15806525945663452,
            0.034790828824043274,
            -0.01633402332663536
        ],
        [
            0.1638651043176651,
            0.023815762251615524,
            -0.016011996194720268
        ],
        [
            0.10490737110376358,
            0.004118690267205238,
            -0.0200660340487957
        ],
        [
            0.09816597402095795,
            0.005293063819408417,
            -0.02391434833407402
        ],
        [
            0.20830880105495453,
            0.016303827986121178,
            0.0579131580889225
        ],
        [
            0.20385335385799408,
            0.012669473886489868,
            0.05566851422190666
        ],
        [
            0.10619449615478516,
            -0.004196180030703545,
            0.057858966290950775
        ],
        [
            0.1278083324432373,
            -0.0012832432985305786,
            0.06656398624181747
        ],
        [
            0.09341121464967728,
            -0.007626582868397236,
            0.045413240790367126
        ],
        [
            0.08668678253889084,
            -0.011168444529175758,
            0.03463760390877724
        ],
        [
            0.07979777455329895,
            -0.01418220717459917,
            0.027617571875452995
        ],
        [
            0.16342602670192719,
            0.011873751878738403,
            0.045196399092674255
        ],
        [
            0.1419144570827484,
            0.013179348781704903,
            0.03594875708222389
        ],
        [
            0.13192085921764374,
            0.019733792170882225,
            0.022628359496593475
        ],
        [
            0.13268812000751495,
            0.04161083325743675,
            0.0008724601939320564
        ],
        [
            0.12242582440376282,
            0.04133915156126022,
            -0.00023787934333086014
        ],
        [
            0.12566906213760376,
            0.03673933446407318,
            0.00895429216325283
        ],
        [
            0.13412313163280487,
            0.037422697991132736,
            0.00768393836915493
        ],
        [
            0.1426590085029602,
            0.039731308817863464,
            -0.013067982159554958
        ],
        [
            0.14250335097312927,
            0.042470887303352356,
            -0.005432960577309132
        ],
        [
            0.15009243786334991,
            0.04256341606378555,
            -0.004844538401812315
        ],
        [
            0.15258294343948364,
            0.040852244943380356,
            -0.01229512132704258
        ],
        [
            0.14695516228675842,
            -0.006714127026498318,
            0.057100534439086914
        ],
        [
            0.13339991867542267,
            -0.013033599592745304,
            0.056472938507795334
        ],
        [
            0.0968676283955574,
            0.029951011762022972,
            -0.011052906513214111
        ],
        [
            0.08961480855941772,
            0.027117496356368065,
            -0.010152909904718399
        ],
        [
            0.08201774954795837,
            0.023536119610071182,
            -0.011827556416392326
        ],
        [
            0.10851360112428665,
            0.024034515023231506,
            0.020489785820245743
        ],
        [
            0.09490552544593811,
            0.02386610396206379,
            0.019428377971053123
        ],
        [
            0.09487807750701904,
            0.022609472274780273,
            0.024173811078071594
        ],
        [
            0.10811854153871536,
            0.021638158708810806,
            0.022790418937802315
        ],
        [
            0.11631081253290176,
            0.017712175846099854,
            0.03433491289615631
        ],
        [
            0.10563239455223083,
            0.022783558815717697,
            0.03876938670873642
        ],
        [
            0.12752117216587067,
            0.01658349297940731,
            0.038598135113716125
        ],
        [
            0.0833330824971199,
            0.01520461030304432,
            0.020370641723275185
        ],
        [
            0.07622876763343811,
            0.01670682057738304,
            0.011643564328551292
        ],
        [
            0.07499896734952927,
            0.010836745612323284,
            0.01820647530257702
        ],
        [
            0.0776730328798294,
            0.021195825189352036,
            0.0030572284013032913
        ],
        [
            0.079659104347229,
            0.023951388895511627,
            -0.005174629390239716
        ],
        [
            0.09137500077486038,
            0.003675183281302452,
            -0.0288391150534153
        ],
        [
            0.07516676932573318,
            0.004480849020183086,
            0.02358054555952549
        ],
        [
            0.14064957201480865,
            0.01730324886739254,
            0.0549732968211174
        ],
        [
            0.14729566872119904,
            0.016721457242965698,
            0.05740422010421753
        ],
        [
            0.14783957600593567,
            0.01437884010374546,
            0.049918316304683685
        ],
        [
            0.14181610941886902,
            0.014137583784759045,
            0.047178156673908234
        ],
        [
            0.1704804003238678,
            -0.01035427674651146,
            0.05443071946501732
        ],
        [
            0.16706295311450958,
            -0.0039156777784228325,
            0.05808786302804947
        ],
        [
            0.1577059030532837,
            -0.003918883390724659,
            0.055683109909296036
        ],
        [
            0.10824096202850342,
            0.03374617174267769,
            0.011409970931708813
        ],
        [
            0.10669699311256409,
            0.037657395005226135,
            -0.000547570176422596
        ],
        [
            0.17014998197555542,
            0.0100829703733325,
            0.05049058794975281
        ],
        [
            0.2005843073129654,
            0.007628333289176226,
            0.058744560927152634
        ],
        [
            0.1977531760931015,
            0.009585084393620491,
            0.06368011981248856
        ],
        [
            0.18425895273685455,
            -0.0018998519517481327,
            0.05942836403846741
        ],
        [
            0.18846873939037323,
            -0.0034420648589730263,
            0.05422339215874672
        ],
        [
            0.17923958599567413,
            0.010971877723932266,
            0.04588274657726288
        ],
        [
            0.17383985221385956,
            0.010994918644428253,
            0.05071761831641197
        ],
        [
            0.17609903216362,
            0.011815676465630531,
            0.049967583268880844
        ],
        [
            0.18029910326004028,
            0.013779448345303535,
            0.04528066888451576
        ],
        [
            0.1729814112186432,
            0.030838582664728165,
            0.01743016019463539
        ],
        [
            0.16762515902519226,
            0.029763031750917435,
            0.016427796334028244
        ],
        [
            0.17785978317260742,
            -0.0058386195451021194,
            0.03105427324771881
        ],
        [
            0.17486423254013062,
            -0.015630895271897316,
            0.039266541600227356
        ],
        [
            0.16178712248802185,
            -0.017448659986257553,
            0.036162979900836945
        ],
        [
            0.15359893441200256,
            0.022861531004309654,
            0.021961983293294907
        ],
        [
            0.16374090313911438,
            0.02383895218372345,
            0.023348737508058548
        ],
        [
            0.16307921707630157,
            0.026049388572573662,
            0.019983796402812004
        ],
        [
            0.16737687587738037,
            0.0132833831012249,
            0.04290726035833359
        ],
        [
            0.17345300316810608,
            0.01220720261335373,
            0.04565325379371643
        ],
        [
            0.17279674112796783,
            0.013812551274895668,
            0.04089043289422989
        ],
        [
            0.16635873913764954,
            0.015489177778363228,
            0.037912871688604355
        ],
        [
            0.13243913650512695,
            0.027905099093914032,
            -0.01866701990365982
        ],
        [
            0.12989462912082672,
            0.03841310739517212,
            -0.014016768895089626
        ],
        [
            0.2006022036075592,
            0.021638594567775726,
            0.06816636025905609
        ],
        [
            0.19713295996189117,
            0.017927085980772972,
            0.0670081377029419
        ],
        [
            0.14243252575397491,
            0.02218681573867798,
            0.020039640367031097
        ],
        [
            0.1468067169189453,
            -0.017055993899703026,
            0.032939597964286804
        ],
        [
            0.13122977316379547,
            0.02317729778587818,
            0.018399324268102646
        ],
        [
            0.17532598972320557,
            0.022039592266082764,
            -1.3520941138267517e-05
        ],
        [
            0.1733570247888565,
            0.031476691365242004,
            0.002648567780852318
        ],
        [
            0.17561547458171844,
            0.0322817862033844,
            0.004468963947147131
        ],
        [
            0.17934589087963104,
            0.02734042890369892,
            0.0034387544728815556
        ],
        [
            0.19244766235351562,
            0.021911416202783585,
            0.04800249636173248
        ],
        [
            0.19020608067512512,
            0.02343684807419777,
            0.05325324833393097
        ],
        [
            0.19352366030216217,
            0.026864662766456604,
            0.054591841995716095
        ],
        [
            0.19604399800300598,
            0.025223271921277046,
            0.04973801225423813
        ],
        [
            0.17170056700706482,
            0.008284194394946098,
            0.05544792115688324
        ],
        [
            0.17097684741020203,
            0.003504360094666481,
            0.059332892298698425
        ],
        [
            0.17613592743873596,
            0.006899201776832342,
            0.05984652042388916
        ],
        [
            0.17591527104377747,
            0.010344395413994789,
            0.05494854599237442
        ],
        [
            0.17424318194389343,
            -0.001761116087436676,
            0.05992214009165764
        ],
        [
            0.17953932285308838,
            0.0018055643886327744,
            0.061257753521203995
        ],
        [
            0.19631898403167725,
            0.017366580665111542,
            0.04549495503306389
        ],
        [
            0.20021705329418182,
            0.011286946944892406,
            0.04750864580273628
        ],
        [
            0.189640611410141,
            0.002997112460434437,
            0.04214845970273018
        ],
        [
            0.18655861914157867,
            0.010624675080180168,
            0.04233425855636597
        ],
        [
            0.1282902956008911,
            3.0230730772018433e-05,
            -0.0073998477309942245
        ],
        [
            0.1263602375984192,
            0.008439231663942337,
            -0.01447157934308052
        ],
        [
            0.1410709172487259,
            0.01225741021335125,
            -0.011754382401704788
        ],
        [
            0.1563742756843567,
            0.015629027038812637,
            -0.010157613083720207
        ],
        [
            0.17034855484962463,
            0.01898360624909401,
            -0.006822277791798115
        ],
        [
            0.1731165647506714,
            0.008796395733952522,
            -0.0003738347440958023
        ],
        [
            0.1380130797624588,
            0.018315576016902924,
            -0.016523059457540512
        ],
        [
            0.18263068795204163,
            0.006065794266760349,
            0.039137545973062515
        ],
        [
            0.18241795897483826,
            -0.00295356847345829,
            0.03871382027864456
        ],
        [
            0.18268804252147675,
            0.00046856049448251724,
            0.035579901188611984
        ],
        [
            0.13081160187721252,
            0.02906704694032669,
            0.01380978524684906
        ],
        [
            0.19427837431430817,
            0.012766118161380291,
            0.06548970937728882
        ],
        [
            0.09515254944562912,
            -0.021534711122512817,
            0.012943670153617859
        ],
        [
            0.09868989884853363,
            -0.01834675669670105,
            5.8103352785110474e-05
        ],
        [
            0.1060480922460556,
            -0.017493493854999542,
            0.0047918930649757385
        ],
        [
            0.10183370113372803,
            -0.020158812403678894,
            0.019960476085543633
        ],
        [
            0.18924057483673096,
            0.02143986150622368,
            0.05978073179721832
        ],
        [
            0.1906134933233261,
            0.017714308574795723,
            0.06457079201936722
        ],
        [
            0.16711130738258362,
            0.034435756504535675,
            0.012006619945168495
        ],
        [
            0.17208316922187805,
            0.03422784432768822,
            0.012920266948640347
        ],
        [
            0.17257483303546906,
            0.03553349897265434,
            0.008609448559582233
        ],
        [
            0.16851821541786194,
            0.03840084373950958,
            0.008448882028460503
        ],
        [
            0.12380032986402512,
            0.01289473008364439,
            -0.017603157088160515
        ],
        [
            0.1633702516555786,
            0.04114865884184837,
            -0.012664789333939552
        ],
        [
            0.1698584258556366,
            0.031089842319488525,
            -0.012008482590317726
        ],
        [
            0.11383061110973358,
            0.004741663113236427,
            -0.016636716201901436
        ],
        [
            0.11555098742246628,
            -0.0030558444559574127,
            -0.010998450219631195
        ],
        [
            0.10646191239356995,
            -0.004949731752276421,
            -0.014128705486655235
        ],
        [
            0.17888443171977997,
            0.004935227334499359,
            0.013167819939553738
        ],
        [
            0.13135544955730438,
            -0.005080314353108406,
            -0.001086866483092308
        ],
        [
            0.1175021156668663,
            -0.0075216880068182945,
            -0.0050809308886528015
        ],
        [
            0.10672914236783981,
            -0.009970980696380138,
            -0.008550096303224564
        ],
        [
            0.09928543120622635,
            -0.011785188689827919,
            -0.011959550902247429
        ],
        [
            0.09970118850469589,
            -0.005976971238851547,
            -0.017632698640227318
        ],
        [
            0.20114968717098236,
            0.008877534419298172,
            0.0526660792529583
        ],
        [
            0.20352043211460114,
            0.015742305666208267,
            0.049865834414958954
        ],
        [
            0.09254813194274902,
            -0.008135281503200531,
            -0.022840261459350586
        ],
        [
            0.0921422466635704,
            -0.014139870181679726,
            -0.015787724405527115
        ],
        [
            0.11859019845724106,
            -0.012438084930181503,
            0.002642124891281128
        ],
        [
            0.11873340606689453,
            -0.017232581973075867,
            0.013127122074365616
        ],
        [
            0.13185492157936096,
            -0.00970306247472763,
            0.0063278451561927795
        ],
        [
            0.1333606094121933,
            -0.01456180214881897,
            0.01662929728627205
        ],
        [
            0.17833657562732697,
            -0.005574272945523262,
            0.01748083345592022
        ],
        [
            0.2148241549730301,
            0.030049044638872147,
            0.053495101630687714
        ],
        [
            0.20607686042785645,
            0.02452520839869976,
            0.049743812531232834
        ],
        [
            0.20226497948169708,
            0.028598658740520477,
            0.05113667622208595
        ],
        [
            0.21267332136631012,
            0.03357160463929176,
            0.05335700139403343
        ],
        [
            0.19978290796279907,
            0.021093031391501427,
            0.047744497656822205
        ],
        [
            0.20802921056747437,
            0.01949295401573181,
            0.052102070301771164
        ],
        [
            0.13120120763778687,
            -0.017921995371580124,
            0.030719269067049026
        ],
        [
            0.17893491685390472,
            0.013159756548702717,
            0.04249449074268341
        ],
        [
            0.11408980935811996,
            -0.018618406727910042,
            0.031245790421962738
        ],
        [
            0.13468091189861298,
            -0.01926661655306816,
            0.045279935002326965
        ],
        [
            0.12244591861963272,
            -0.017381029203534126,
            0.04777781292796135
        ],
        [
            0.09736977517604828,
            -0.01785290613770485,
            0.03413574397563934
        ],
        [
            0.10740458220243454,
            -0.01490059494972229,
            0.048769161105155945
        ],
        [
            0.08440960198640823,
            -0.020983701571822166,
            0.01940106600522995
        ],
        [
            0.09159542620182037,
            -0.019486702978610992,
            0.025220582261681557
        ],
        [
            0.12112957239151001,
            -0.011655440554022789,
            0.05922981724143028
        ],
        [
