{
    "pred_cam": [
        5.771914482116699,
        0.15016140043735504,
        -0.03435133770108223
    ],
    "pred_mano_params": {
        "global_orient": [
            [
                [
                    -0.9567958116531372,
                    0.12127558887004852,
                    -0.2642613351345062
                ],
                [
                    0.03438466414809227,
                    -0.8552902936935425,
                    -0.5170068740844727
                ],
                [
                    -0.2887204885482788,
                    -0.5037565231323242,
                    0.8141681551933289
                ]
            ]
        ],
        "hand_pose": [
            [
                [
                    0.7472561597824097,
                    -0.5693026185035706,
                    -0.3427865207195282
                ],
                [
                    0.5793721675872803,
                    0.8107711672782898,
                    -0.08353497833013535
                ],
                [
                    0.32547807693481445,
                    -0.13617892563343048,
                    0.9356918334960938
                ]
            ],
            [
                [
                    0.9946362972259521,
                    -0.10223954916000366,
                    0.015677183866500854
                ],
                [
                    0.10102122277021408,
                    0.9276576638221741,
                    -0.3595079779624939
                ],
                [
                    0.02221287414431572,
                    0.35916340351104736,
                    0.9330103397369385
                ]
            ],
            [
                [
                    0.9189136624336243,
                    -0.015902027487754822,
                    0.3941380977630615
                ],
                [
                    -0.05887493118643761,
                    0.9824658036231995,
                    0.17690296471118927
                ],
                [
                    -0.3900403380393982,
                    -0.1857634037733078,
                    0.9018650054931641
                ]
            ],
            [
                [
                    0.5956631898880005,
                    -0.7476267218589783,
                    -0.2936660349369049
                ],
                [
                    0.7481365203857422,
                    0.6494691371917725,
                    -0.13594722747802734
                ],
                [
                    0.29236477613449097,
                    -0.13872350752353668,
                    0.946191668510437
                ]
            ],
            [
                [
                    0.7608672380447388,
                    -0.6086108088493347,
                    -0.2251085489988327
                ],
                [
                    0.6474581360816956,
                    0.7351968288421631,
                    0.2007073014974594
                ],
                [
                    0.04334647208452225,
                    -0.2984600067138672,
                    0.9534372091293335
                ]
            ],
            [
                [
                    0.7213019132614136,
                    -0.6705190539360046,
                    0.17357368767261505
                ],
                [
                    0.6703961491584778,
                    0.7388525009155273,
                    0.06830866634845734
                ],
                [
                    -0.174047589302063,
                    0.06709195673465729,
                    0.9824491143226624
                ]
            ],
            [
                [
                    0.14682765305042267,
                    -0.9520581960678101,
                    -0.2683781385421753
                ],
                [
                    0.8875783085823059,
                    0.007042908575385809,
                    0.4606030583381653
                ],
                [
                    -0.4366307556629181,
                    -0.30583587288856506,
                    0.8460602760314941
                ]
            ],
            [
                [
                    0.505306601524353,
                    -0.8319684267044067,
                    -0.22911518812179565
                ],
                [
                    0.7282302975654602,
                    0.2686748206615448,
                    0.6304715275764465
                ],
                [
                    -0.4629749357700348,
                    -0.4854300916194916,
                    0.7416278123855591
                ]
            ],
            [
                [
                    0.8042717576026917,
                    -0.5670442581176758,
                    0.17778587341308594
                ],
                [
                    0.3652140498161316,
                    0.7076464295387268,
                    0.6048597097396851
                ],
                [
                    -0.46879175305366516,
                    -0.42154163122177124,
                    0.7762325406074524
                ]
            ],
            [
                [
                    0.39806079864501953,
                    -0.9063952565193176,
                    -0.14140422642230988
                ],
                [
                    0.9000512957572937,
                    0.41568395495414734,
                    -0.13082242012023926
                ],
                [
                    0.1773563027381897,
                    -0.07519577443599701,
                    0.9812697172164917
                ]
            ],
            [
                [
                    0.36774584650993347,
                    -0.9064931869506836,
                    -0.20744414627552032
                ],
                [
                    0.7995266318321228,
                    0.1942918300628662,
                    0.5683377981185913
                ],
                [
                    -0.4748896360397339,
                    -0.3748609721660614,
                    0.7962154150009155
                ]
            ],
            [
                [
                    0.6435911059379578,
                    -0.7386505603790283,
                    0.20046432316303253
                ],
                [
                    0.6372532248497009,
                    0.662219226360321,
                    0.3941751718521118
                ],
                [
                    -0.4239090085029602,
                    -0.12594106793403625,
                    0.8969058394432068
                ]
            ],
            [
                [
                    0.7231978178024292,
                    0.133613720536232,
                    -0.677592933177948
                ],
                [
                    -0.6468701958656311,
                    0.47476503252983093,
                    -0.5967890024185181
                ],
                [
                    0.24195818603038788,
                    0.869911253452301,
                    0.4297797679901123
                ]
            ],
            [
                [
                    0.7690169215202332,
                    -0.6013215184211731,
                    -0.21685338020324707
                ],
                [
                    0.6366180181503296,
                    0.6898317337036133,
                    0.34474584460258484
                ],
                [
                    -0.05771077051758766,
                    -0.4031681418418884,
                    0.9133043885231018
                ]
            ],
            [
                [
                    0.8740249872207642,
                    -0.4392070770263672,
                    -0.20779183506965637
                ],
                [
                    0.19185462594032288,
                    0.7048738598823547,
                    -0.6828942894935608
                ],
                [
                    0.446399062871933,
                    0.5570008754730225,
                    0.7003412842750549
                ]
            ]
        ],
        "betas": [
            0.005914181470870972,
            -0.07784637808799744,
            -0.017600327730178833,
            0.06041958928108215,
            0.025176703929901123,
            -0.03221725672483444,
            0.025292009115219116,
            -0.043900638818740845,
            -0.04814693331718445,
            -0.06545430421829224
        ]
    },
    "pred_cam_t": [
        -0.15016140043735504,
        -0.03435133770108223,
        6.7676849365234375
    ],
    "focal_length": [
        5000.0,
        5000.0
    ],
    "pred_keypoints_3d": [
        [
            0.09572069346904755,
            0.006393056828528643,
            0.006187451537698507
        ],
        [
            0.11004027724266052,
            0.005498812068253756,
            0.041995882987976074
        ],
        [
            0.13715192675590515,
            0.0021292236633598804,
            0.05625264346599579
        ],
        [
            0.16294455528259277,
            0.00981455110013485,
            0.05954018607735634
        ],
        [
            0.1843336969614029,
            0.03653685748577118,
            0.054890986531972885
        ],
        [
            0.17397193610668182,
            -0.0028082490898668766,
            0.051019974052906036
        ],
        [
            0.2007349282503128,
            0.014520907774567604,
            0.05951768159866333
        ],
        [
            0.2143447995185852,
            0.031146595254540443,
            0.06507854908704758
        ],
        [
            0.22910182178020477,
            0.0443180575966835,
            0.07967261224985123
        ],
        [
            0.1870439350605011,
            0.006200973875820637,
            0.03151082247495651
        ],
        [
            0.20582857728004456,
            0.03137393668293953,
            0.03563947230577469
        ],
        [
            0.20078518986701965,
            0.05361785739660263,
            0.04021555185317993
        ],
        [
            0.18491075932979584,
            0.06950605660676956,
            0.05163531005382538
        ],
        [
            0.18056806921958923,
            0.02077239751815796,
            0.010091852396726608
        ],
        [
            0.19227583706378937,
            0.046061061322689056,
            0.017495382577180862
        ],
        [
            0.17123980820178986,
            0.05662441998720169,
            0.025270303711295128
        ],
        [
            0.1513100117444992,
            0.050243936479091644,
            0.03816705569624901
        ],
        [
            0.17185059189796448,
            0.034846775233745575,
            -0.004069323185831308
        ],
        [
            0.16942793130874634,
            0.05433821305632591,
            0.0036743064410984516
        ],
        [
            0.1508859246969223,
            0.054815299808979034,
            0.007596808485686779
        ],
        [
            0.13802051544189453,
            0.041935816407203674,
            0.013049334287643433
        ]
    ],
    "pred_vertices": [
        [
            0.13565847277641296,
            0.009481208398938179,
            0.04018881916999817
        ],
        [
            0.12471058964729309,
            0.01089305616915226,
            0.035937756299972534
        ],
        [
            0.13165798783302307,
            0.008802585303783417,
            0.04110312834382057
        ],
        [
            0.13944487273693085,
            0.007096206769347191,
            0.04677071422338486
        ],
        [
            0.11972065269947052,
            0.021055638790130615,
            0.045817311853170395
        ],
        [
            0.11209096759557724,
            0.018946994096040726,
            0.05549970641732216
        ],
        [
            0.1294156014919281,
            0.016109075397253036,
            0.06121872365474701
        ],
        [
            0.13247527182102203,
            0.019257355481386185,
            0.051140718162059784
        ],
        [
            0.14375336468219757,
            0.003056187182664871,
            0.05022186413407326
        ],
        [
            0.13774755597114563,
            0.007648779079318047,
            0.04546050727367401
        ],
        [
            0.1450970321893692,
            -0.0019347406923770905,
            0.04870648682117462
        ],
        [
            0.15146270394325256,
            -0.010098611004650593,
            0.05321592092514038
        ],
        [
            0.15082760155200958,
            -0.0020542750135064125,
            0.054218392819166183
        ],
        [
            0.1590498685836792,
            -0.012606981210410595,
            0.05474952608346939
        ],
        [
            0.14588230848312378,
            -0.017809104174375534,
            0.04896754398941994
        ],
        [
            0.16079773008823395,
            -0.01847221329808235,
            0.04805748909711838
        ],
        [
            0.14682051539421082,
            -0.015334694646298885,
            0.023760640993714333
        ],
        [
            0.14739058911800385,
            -0.008925804868340492,
            0.01189299114048481
        ],
        [
            0.16478954255580902,
            -0.008136512711644173,
            0.015375586226582527
        ],
        [
            0.16239209473133087,
            -0.01382501982152462,
            0.027609972283244133
        ],
        [
            0.1592627763748169,
            0.004328051581978798,
            -0.00046818144619464874
        ],
        [
            0.16316591203212738,
            -0.0024719173088669777,
            0.008484374731779099
        ],
        [
            0.14591902494430542,
            -0.004302686080336571,
            0.004285743460059166
        ],
        [
            0.1430746167898178,
            0.0021003447473049164,
            -0.0031983032822608948
        ],
        [
            0.13233518600463867,
            0.015730541199445724,
            0.027341462671756744
        ],
        [
            0.12113431841135025,
            0.017335940152406693,
            0.02430279552936554
        ],
        [
            0.12115128338336945,
            0.013962054625153542,
            0.028552811592817307
        ],
        [
            0.1324242502450943,
            0.012952793389558792,
            0.03187248483300209
        ],
        [
            0.1466183066368103,
            -0.004375878721475601,
            0.052404653280973434
        ],
        [
            0.13701796531677246,
            -0.012019691988825798,
            0.053732678294181824
        ],
        [
            0.1424778699874878,
            -0.00908145122230053,
            0.05044454708695412
        ],
        [
            0.1477336585521698,
            -4.14892565459013e-05,
            0.049664128571748734
        ],
        [
            0.09829948097467422,
            0.02953086979687214,
            0.013381155207753181
        ],
        [
            0.0870589166879654,
            0.023519795387983322,
            0.008821787312626839
        ],
        [
            0.08620820939540863,
            0.02014799974858761,
            0.013618117198348045
        ],
        [
            0.09661644697189331,
            0.026099225506186485,
            0.01666273921728134
        ],
        [
            0.09009715169668198,
            0.017180146649479866,
            0.03837612643837929
        ],
        [
            0.08288656175136566,
            0.011095589026808739,
            0.029400711879134178
        ],
        [
            0.07740236818790436,
            -0.0015313117764890194,
            0.03110508993268013
        ],
        [
            0.08542803674936295,
            0.0009021833539009094,
            0.0399969220161438
        ],
        [
            0.10077467560768127,
            0.019807763397693634,
            0.04810081422328949
        ],
        [
            0.09469587355852127,
            0.0074947308748960495,
            0.051803067326545715
        ],
        [
            0.10851038992404938,
            0.0095494594424963,
            0.061215490102767944
        ],
        [
            0.12822265923023224,
            0.00887928158044815,
            0.06725515425205231
        ],
        [
            0.08921100944280624,
            0.028370605781674385,
            -0.0028497017920017242
        ],
        [
            0.09759797900915146,
            0.03398330509662628,
            -0.001008410006761551
        ],
        [
            0.19732649624347687,
            0.022549401968717575,
            0.0682281032204628
        ],
        [
            0.19750741124153137,
            0.026033196598291397,
            0.06350675225257874
        ],
        [
            0.19213032722473145,
            0.022455113008618355,
            0.0624953992664814
        ],
        [
            0.19328129291534424,
            0.019551802426576614,
            0.06730682402849197
        ],
        [
            0.10077932476997375,
            0.022416483610868454,
            -0.018434107303619385
        ],
        [
            0.10312250256538391,
            0.013366984203457832,
            -0.022157637402415276
        ],
        [
            0.0961146131157875,
            0.014573292806744576,
            -0.023839544504880905
        ],
        [
            0.09320627152919769,
            0.021994106471538544,
            -0.01886463165283203
        ],
        [
            0.11076438426971436,
            0.022943321615457535,
            -0.017864923924207687
        ],
        [
            0.11270222812891006,
            0.01192476972937584,
            -0.01916508749127388
        ],
        [
            0.20522759854793549,
            0.012977736070752144,
            0.06673353910446167
        ],
        [
            0.20235653221607208,
            0.015569888055324554,
            0.07004491984844208
        ],
        [
            0.19917479157447815,
            0.01154719665646553,
            0.0683993324637413
        ],
        [
            0.20143325626850128,
            0.008980345912277699,
            0.06423983722925186
        ],
        [
            0.1484321653842926,
            0.0048431698232889175,
            0.051664695143699646
        ],
        [
            0.14569897949695587,
            0.009651489555835724,
            0.0446041040122509
        ],
        [
            0.16549426317214966,
            0.005005529150366783,
            0.055802442133426666
        ],
        [
            0.15862344205379486,
            0.006764564663171768,
            0.050186313688755035
        ],
        [
            0.1568327248096466,
            0.0018326342105865479,
            0.05506693571805954
        ],
        [
            0.1634034812450409,
            4.741456359624863e-05,
            0.05873141437768936
        ],
        [
            0.1553461104631424,
            0.016964726150035858,
            0.029064590111374855
        ],
        [
            0.14393821358680725,
            0.016675008460879326,
            0.026699300855398178
        ],
        [
            0.14516954123973846,
            0.01356017030775547,
            0.03233446180820465
        ],
        [
            0.15746740996837616,
            0.013810761272907257,
            0.03683788329362869
        ],
        [
            0.14275924861431122,
            0.02582777664065361,
            0.01593659445643425
        ],
        [
            0.154083713889122,
            0.024841705337166786,
            0.0188189335167408
        ],
        [
            0.15185612440109253,
            0.02998344600200653,
            0.012302713468670845
        ],
        [
            0.14416790008544922,
            0.030728565528988838,
            0.01196978334337473
        ],
        [
            0.17267106473445892,
            0.020814359188079834,
            0.02655647322535515
        ],
        [
            0.17813855409622192,
            0.019933708012104034,
            0.027729317545890808
        ],
        [
            0.1785765141248703,
            0.024398544803261757,
            0.025552118197083473
        ],
        [
            0.17196203768253326,
            0.023017453029751778,
            0.02372371219098568
        ],
        [
            0.08922597765922546,
            0.014604276046156883,
            -0.02568492293357849
        ],
        [
            0.0859619602560997,
            0.020778922364115715,
            -0.018783073872327805
        ],
        [
            0.15361718833446503,
            0.020256346091628075,
            -0.015018010511994362
        ],
        [
            0.14670135080814362,
            0.029037099331617355,
            -0.01647191308438778
        ],
        [
            0.1594637781381607,
            0.03249029815196991,
            -0.015297516249120235
        ],
        [
            0.16483494639396667,
            0.021330300718545914,
            -0.014773955568671227
        ],
        [
            0.10541661828756332,
            0.0035431571304798126,
            -0.019846368581056595
        ],
        [
            0.09879271686077118,
            0.004901928827166557,
            -0.02383527345955372
        ],
        [
            0.20744585990905762,
            0.013145629316568375,
            0.06096174567937851
        ],
        [
            0.20296406745910645,
            0.009601149708032608,
            0.05853535607457161
        ],
        [
            0.10490069538354874,
            -0.0032435227185487747,
            0.05830469727516174
        ],
        [
            0.12647587060928345,
            -0.0005825869739055634,
            0.06767056882381439
        ],
        [
            0.09223280102014542,
            -0.0067076897248625755,
            0.04557744413614273
        ],
        [
            0.0856189876794815,
            -0.010361691936850548,
            0.034710437059402466
        ],
        [
            0.07878191024065018,
            -0.013338347896933556,
            0.02756211906671524
        ],
        [
            0.16293351352214813,
            0.009973349049687386,
            0.046440836042165756
        ],
        [
            0.14162445068359375,
            0.01187481451779604,
            0.03683751821517944
        ],
        [
            0.13213059306144714,
            0.01867052912712097,
            0.02322760969400406
        ],
        [
            0.1340818852186203,
            0.0403030589222908,
            0.0012708837166428566
        ],
        [
            0.1238226369023323,
            0.040373578667640686,
            -4.4469721615314484e-05
        ],
        [
            0.12673388421535492,
            0.035753488540649414,
            0.009257297031581402
        ],
        [
            0.13524767756462097,
            0.03613659739494324,
            0.008150116540491581
        ],
        [
            0.14422953128814697,
            0.037952251732349396,
            -0.01241269800812006
        ],
        [
            0.14404264092445374,
            0.040772661566734314,
            -0.0048199612647295
        ],
        [
            0.15161576867103577,
            0.04062829166650772,
            -0.004032941535115242
        ],
        [
            0.15414005517959595,
            0.03876767307519913,
            -0.011397633701562881
        ],
        [
            0.1456627994775772,
            -0.006993627175688744,
            0.059116438031196594
        ],
        [
            0.1318753957748413,
            -0.013252662494778633,
            0.057997290045022964
        ],
        [
            0.09806796163320541,
            0.029743030667304993,
            -0.011256232857704163
        ],
        [
            0.09070009738206863,
            0.02715531550347805,
            -0.010464586317539215
        ],
        [
            0.08302219212055206,
            0.02378837764263153,
            -0.012255515903234482
        ],
        [
            0.10891462862491608,
            0.02368222177028656,
            0.020579831674695015
        ],
        [
            0.09532163292169571,
            0.02400410920381546,
            0.019224435091018677
        ],
        [
            0.09516783058643341,
            0.022793341428041458,
            0.023908067494630814
        ],
        [
            0.10839822143316269,
            0.021246131509542465,
            0.022872712463140488
        ],
        [
            0.11632869392633438,
            0.016912564635276794,
            0.03431215137243271
        ],
        [
            0.10578285157680511,
            0.022729193791747093,
            0.038275327533483505
        ],
        [
            0.1273733377456665,
            0.01557915098965168,
            0.03870033845305443
        ],
        [
            0.08344544470310211,
            0.015760572627186775,
            0.02001708745956421
        ],
        [
            0.07655265927314758,
            0.017384828999638557,
            0.011164793744683266
        ],
        [
            0.0750051885843277,
            0.011631712317466736,
            0.017756536602973938
        ],
        [
            0.07831374555826187,
            0.021736249327659607,
            0.0025629885494709015
        ],
        [
            0.08055121451616287,
            0.024348359555006027,
            -0.005652237683534622
        ],
        [
            0.09205372631549835,
            0.0034531373530626297,
            -0.028879335150122643
        ],
        [
            0.07485245168209076,
            0.005353183019906282,
            0.02320709638297558
        ],
        [
            0.14000552892684937,
            0.016975754871964455,
            0.055367372930049896
        ],
        [
            0.1465221792459488,
            0.016549455001950264,
            0.05818264186382294
        ],
        [
            0.14722761511802673,
            0.013695642352104187,
            0.05084012448787689
        ],
        [
            0.14123418927192688,
            0.013294320553541183,
            0.04776080325245857
        ],
        [
            0.16888393461704254,
            -0.012367740273475647,
            0.05629691481590271
        ],
        [
            0.1656043827533722,
            -0.005725527182221413,
            0.05964622646570206
        ],
        [
            0.1564052551984787,
            -0.005544789135456085,
            0.057093407958745956
        ],
        [
            0.10914422571659088,
            0.03338292986154556,
            0.011406690813601017
        ],
        [
            0.10796558111906052,
            0.037225302308797836,
            -0.0006422381848096848
        ],
        [
            0.16946056485176086,
            0.008041159249842167,
            0.05176093429327011
        ],
        [
            0.19932661950588226,
            0.004736658185720444,
            0.06155252456665039
        ],
        [
            0.19629719853401184,
            0.006910418160259724,
            0.06626534461975098
        ],
        [
            0.18257662653923035,
            -0.004207045305520296,
            0.061616238206624985
        ],
        [
            0.18699100613594055,
            -0.006049011368304491,
            0.05666913837194443
        ],
        [
            0.17873534560203552,
            0.008540712296962738,
            0.04741794988512993
        ],
        [
            0.1731543242931366,
            0.008835386484861374,
            0.05201927199959755
        ],
        [
            0.17545928061008453,
            0.009537531062960625,
            0.051359813660383224
        ],
        [
            0.17996662855148315,
            0.011218896135687828,
            0.04684365913271904
        ],
        [
            0.1741754114627838,
            0.02864362671971321,
            0.01872866414487362
        ],
        [
            0.16841036081314087,
            0.027592886239290237,
            0.017657415941357613
        ],
        [
            0.17707720398902893,
            -0.008365556597709656,
            0.03289712220430374
        ],
        [
            0.17359276115894318,
            -0.018047267571091652,
            0.04121103137731552
        ],
        [
            0.16045761108398438,
            -0.019460584968328476,
            0.03785838186740875
        ],
        [
            0.15395063161849976,
            0.021070977672934532,
            0.022962909191846848
        ],
        [
            0.16411885619163513,
            0.021722739562392235,
            0.024543877691030502
        ],
        [
            0.16361099481582642,
            0.023935697972774506,
            0.021147560328245163
        ],
        [
            0.16698481142520905,
            0.011225773021578789,
            0.04422549530863762
        ],
        [
            0.17299315333366394,
            0.009972022846341133,
            0.047020941972732544
        ],
        [
            0.17245137691497803,
            0.011564899235963821,
            0.04234609752893448
        ],
        [
            0.16613230109214783,
            0.013414731249213219,
            0.03923327103257179
        ],
        [
            0.13371418416500092,
            0.026419801637530327,
            -0.018142709508538246
        ],
        [
            0.131454199552536,
            0.03704572096467018,
            -0.013652294874191284
        ],
        [
            0.19926874339580536,
            0.01892963796854019,
            0.07059986144304276
        ],
        [
            0.19578564167022705,
            0.01531417015939951,
            0.0693289190530777
        ],
        [
            0.142790749669075,
            0.020747756585478783,
            0.02082100696861744
        ],
        [
            0.14554297924041748,
            -0.018565913662314415,
            0.034387655556201935
        ],
        [
            0.13164566457271576,
            0.02209920808672905,
            0.018948860466480255
        ],
        [
            0.17600694298744202,
            0.019139502197504044,
            0.0013212794438004494
        ],
        [
            0.17442528903484344,
            0.028755776584148407,
            0.0038753123953938484
        ],
        [
            0.17707838118076324,
            0.02945733070373535,
            0.005700997076928616
        ],
        [
            0.18057040870189667,
            0.024183396250009537,
            0.004716627299785614
        ],
        [
            0.19227005541324615,
            0.019006188958883286,
            0.05002587288618088
        ],
        [
            0.18979628384113312,
            0.020748630166053772,
            0.055106572806835175
        ],
        [
            0.19318091869354248,
            0.024074390530586243,
            0.05653709918260574
        ],
        [
            0.1959322988986969,
            0.022234484553337097,
            0.05187315121293068
        ],
        [
            0.17069083452224731,
            0.006334163248538971,
            0.056724950671195984
        ],
        [
            0.1696416288614273,
            0.0016749186906963587,
            0.06073744595050812
        ],
        [
            0.1747925877571106,
            0.004918853286653757,
            0.06136259436607361
        ],
        [
            0.1749567687511444,
            0.008225311525166035,
            0.05636175349354744
        ],
        [
            0.17263981699943542,
            -0.0036874429788440466,
            0.06162641569972038
        ],
        [
            0.17791025340557098,
            -0.00026807747781276703,
            0.06310291588306427
        ],
        [
            0.1961226761341095,
            0.0142765361815691,
            0.04784703627228737
        ],
        [
            0.19969774782657623,
            0.008132955059409142,
            0.050226856023073196
        ],
        [
            0.18901585042476654,
            3.8461294025182724e-05,
            0.0444992333650589
        ],
        [
            0.186246857047081,
            0.007757467683404684,
            0.044320300221443176
        ],
        [
            0.12840601801872253,
            -0.0012065675109624863,
            -0.006676109507679939
        ],
        [
            0.12690022587776184,
            0.007194000296294689,
            -0.013880234211683273
        ],
        [
            0.14166904985904694,
            0.010543294250965118,
            -0.010900706052780151
        ],
        [
            0.1569899171590805,
            0.0134098706766963,
            -0.009013045579195023
        ],
        [
            0.1709463894367218,
            0.016323905438184738,
            -0.005429285578429699
        ],
        [
            0.17318673431873322,
            0.006032343953847885,
            0.0011664945632219315
        ],
        [
            0.13891641795635223,
            0.0166541188955307,
            -0.015787465497851372
        ],
        [
            0.18199002742767334,
            0.0036805239506065845,
            0.040933191776275635
        ],
        [
            0.18162666261196136,
            -0.005574067123234272,
            0.04075019061565399
        ],
        [
            0.18195253610610962,
            -0.0020117992535233498,
            0.03755510598421097
        ],
        [
            0.13151946663856506,
            0.027958853170275688,
            0.014294901862740517
        ],
        [
            0.1928347647190094,
            0.01026284322142601,
            0.06781679391860962
        ],
        [
            0.09418077766895294,
            -0.02143000438809395,
            0.013264693319797516
        ],
        [
            0.09807784855365753,
            -0.018528195098042488,
            0.0003819987177848816
        ],
        [
            0.10535512119531631,
            -0.017852818593382835,
            0.005246356129646301
        ],
        [
            0.10074467211961746,
            -0.020155251026153564,
            0.020445972681045532
        ],
        [
            0.18841074407100677,
            0.01896333508193493,
            0.06162448599934578
        ],
        [
            0.18939247727394104,
            0.015313972719013691,
            0.06657899916172028
        ],
        [
            0.16818514466285706,
            0.03220659866929054,
            0.013170205056667328
        ],
        [
            0.17348909378051758,
            0.03195914253592491,
            0.014128722250461578
        ],
        [
            0.17431257665157318,
            0.03309817612171173,
            0.00978800468146801
        ],
        [
            0.16989684104919434,
            0.03613952174782753,
            0.009573634713888168
        ],
        [
            0.12455525994300842,
            0.011700336821377277,
            -0.01711372658610344
        ],
        [
            0.16484390199184418,
            0.0386679507791996,
            -0.011643238365650177
        ],
        [
            0.17099028825759888,
            0.028414420783519745,
            -0.010836197063326836
        ],
        [
            0.11429175734519958,
            0.0039009563624858856,
            -0.016252070665359497
        ],
        [
            0.11563978344202042,
            -0.0039006173610687256,
            -0.010499626398086548
        ],
        [
            0.10655069351196289,
            -0.005517652258276939,
            -0.01378202810883522
        ],
        [
            0.17877516150474548,
            0.0020414339378476143,
            0.01484038308262825
        ],
        [
            0.13117754459381104,
            -0.0063596460968256,
            -0.0002598688006401062
        ],
        [
            0.11732561141252518,
            -0.008370011113584042,
            -0.004500355571508408
        ],
        [
            0.10654614120721817,
            -0.010498249903321266,
            -0.008150450885295868
        ],
        [
            0.09911263734102249,
            -0.012095772661268711,
            -0.011681720614433289
        ],
        [
            0.09983070939779282,
            -0.006354968994855881,
            -0.01740363985300064
        ],
        [
            0.20026662945747375,
            0.005819025449454784,
            0.05548715218901634
        ],
        [
            0.2030797153711319,
            0.012541977688670158,
            0.052642062306404114
        ],
        [
            0.09271959215402603,
            -0.00833497941493988,
            -0.022731486707925797
        ],
        [
            0.09197822213172913,
            -0.014254605397582054,
            -0.015625763684511185
        ],
        [
            0.11810155212879181,
            -0.013249728828668594,
            0.003279872238636017
        ],
        [
            0.11786824464797974,
            -0.01792321726679802,
            0.01388389989733696
        ],
        [
            0.13137950003147125,
            -0.010927782393991947,
            0.007203130051493645
        ],
        [
            0.13251519203186035,
            -0.015736544504761696,
            0.017624923959374428
        ],
        [
            0.17781458795070648,
            -0.008309496566653252,
            0.01932065561413765
        ],
        [
            0.21464255452156067,
            0.026649754494428635,
            0.05667220428586006
        ],
        [
            0.20595620572566986,
            0.021220320835709572,
            0.052476730197668076
        ],
        [
            0.20217283070087433,
            0.025422368198633194,
            0.05354632809758186
        ],
        [
            0.21257098019123077,
            0.03020663373172283,
            0.056288160383701324
        ],
        [
            0.19964656233787537,
            0.017946502193808556,
            0.05018860846757889
        ],
        [
            0.20761685073375702,
            0.016198234632611275,
            0.05506858229637146
        ],
        [
            0.12995411455631256,
            -0.018864376470446587,
            0.03188188374042511
        ],
        [
            0.1784844547510147,
            0.010831383056938648,
            0.043997518718242645
        ],
        [
            0.11280867457389832,
            -0.01886117458343506,
            0.0321190282702446
        ],
        [
            0.1331241875886917,
            -0.02009083516895771,
            0.04674781858921051
        ],
        [
            0.12088458240032196,
            -0.017570894211530685,
            0.04898225888609886
        ],
        [
            0.09605326503515244,
            -0.017374280840158463,
            0.03461102396249771
        ],
        [
            0.1058778315782547,
            -0.014354027807712555,
            0.04956773295998573
        ],
        [
            0.08333047479391098,
            -0.02043144777417183,
            0.019516702741384506
        ],
        [
            0.09043785184621811,
            -0.01904316619038582,
            0.025501798838377
        ],
        [
            0.11957349628210068,
            -0.011208661831915379,
            0.06047142297029495
        ],
        [
