{
    "pred_cam": [
        8.547409057617188,
        -0.15864641964435577,
        0.02120976895093918
    ],
    "pred_mano_params": {
        "global_orient": [
            [
                [
                    -0.45063140988349915,
                    -0.7660918831825256,
                    -0.45829522609710693
                ],
                [
                    0.45649445056915283,
                    0.24342791736125946,
                    -0.8557777404785156
                ],
                [
                    0.767166256904602,
                    -0.5948495864868164,
                    0.24002042412757874
                ]
            ]
        ],
        "hand_pose": [
            [
                [
                    0.7928043603897095,
                    -0.5780689716339111,
                    -0.193125918507576
                ],
                [
                    0.5528489351272583,
                    0.8154690861701965,
                    -0.171371728181839
                ],
                [
                    0.25655287504196167,
                    0.029094785451889038,
                    0.9660922884941101
                ]
            ],
            [
                [
                    0.9649158120155334,
                    -0.2542931139469147,
                    0.06536378711462021
                ],
                [
                    0.2622506320476532,
                    0.9455070495605469,
                    -0.19297917187213898
                ],
                [
                    -0.012728650122880936,
                    0.20335036516189575,
                    0.9790232181549072
                ]
            ],
            [
                [
                    0.760066568851471,
                    -0.6435153484344482,
                    0.09048118442296982
                ],
                [
                    0.6394757032394409,
                    0.7654269337654114,
                    0.07205725461244583
                ],
                [
                    -0.11562669277191162,
                    0.003092222847044468,
                    0.9932878613471985
                ]
            ],
            [
                [
                    0.7180386781692505,
                    -0.6916185617446899,
                    -0.07799986004829407
                ],
                [
                    0.6887972950935364,
                    0.7222128510475159,
                    -0.0629836916923523
                ],
                [
                    0.09989319741725922,
                    -0.008501349948346615,
                    0.9949617385864258
                ]
            ],
            [
                [
                    0.9700556993484497,
                    -0.21352164447307587,
                    -0.1157599538564682
                ],
                [
                    0.23453658819198608,
                    0.9473530650138855,
                    0.21797896921634674
                ],
                [
                    0.06312231719493866,
                    -0.2386017143726349,
                    0.9690638780593872
                ]
            ],
            [
                [
                    0.774893045425415,
                    -0.6259991526603699,
                    -0.08755427598953247
                ],
                [
                    0.6307740211486816,
                    0.7747640609741211,
                    0.04318222776055336
                ],
                [
                    0.040801867842674255,
                    -0.08868858218193054,
                    0.9952232837677002
                ]
            ],
            [
                [
                    0.6848070621490479,
                    -0.7173113226890564,
                    0.12846693396568298
                ],
                [
                    0.6315630078315735,
                    0.6721540689468384,
                    0.3864414691925049
                ],
                [
                    -0.3635484278202057,
                    -0.18350286781787872,
                    0.913323163986206
                ]
            ],
            [
                [
                    0.9798504114151001,
                    -0.1542424112558365,
                    -0.12689527869224548
                ],
                [
                    0.14250297844409943,
                    0.9850347638130188,
                    -0.09695027768611908
                ],
                [
                    0.13995011150836945,
                    0.07691381871700287,
                    0.987166702747345
                ]
            ],
            [
                [
                    0.9925094246864319,
                    -0.12201736867427826,
                    -0.006061771418899298
                ],
                [
                    0.10147124528884888,
                    0.7957199811935425,
                    0.5971041917800903
                ],
                [
                    -0.0680336207151413,
                    -0.5932466983795166,
                    0.8021408319473267
                ]
            ],
            [
                [
                    0.7452803254127502,
                    -0.6666359305381775,
                    -0.012402539141476154
                ],
                [
                    0.6630144715309143,
                    0.7429417371749878,
                    -0.09192033112049103
                ],
                [
                    0.07049176096916199,
                    0.060283347964286804,
                    0.9956891536712646
                ]
            ],
            [
                [
                    0.9869838953018188,
                    -0.15858417749404907,
                    -0.026715749874711037
                ],
                [
                    0.15526875853538513,
                    0.8964160084724426,
                    0.41512632369995117
                ],
                [
                    -0.04188402742147446,
                    -0.413871169090271,
                    0.9093713164329529
                ]
            ],
            [
                [
                    0.697685718536377,
                    -0.686942458152771,
                    -0.2033340483903885
                ],
                [
                    0.7158687710762024,
                    0.6575245261192322,
                    0.23493272066116333
                ],
                [
                    -0.027688132598996162,
                    -0.30946967005729675,
                    0.9505060911178589
                ]
            ],
            [
                [
                    0.9113140106201172,
                    -0.15947212278842926,
                    -0.37957262992858887
                ],
                [
                    -0.2828294336795807,
                    0.42747974395751953,
                    -0.8586434125900269
                ],
                [
                    0.2991892993450165,
                    0.8898481726646423,
                    0.34446486830711365
                ]
            ],
            [
                [
                    0.8694874048233032,
                    -0.42260754108428955,
                    -0.25572335720062256
                ],
                [
                    0.4936526417732239,
                    0.7253288626670837,
                    0.4797969162464142
                ],
                [
                    -0.0172822717577219,
                    -0.543415904045105,
                    0.8392856121063232
                ]
            ],
            [
                [
                    0.922487735748291,
                    0.2927234470844269,
                    -0.2516532242298126
                ],
                [
                    -0.3329484462738037,
                    0.933238685131073,
                    -0.13494741916656494
                ],
                [
                    0.1953502744436264,
                    0.20827488601207733,
                    0.9583630561828613
                ]
            ]
        ],
        "betas": [
            -0.04588031768798828,
            -0.17755445837974548,
            -0.137621209025383,
            -0.05963483452796936,
            0.03210005164146423,
            -0.001245882362127304,
            0.00144195556640625,
            -0.07571586966514587,
            0.008718669414520264,
            -0.019662588834762573
        ]
    },
    "pred_cam_t": [
        -0.15864641964435577,
        0.02120976895093918,
        4.570098400115967
    ],
    "focal_length": [
        5000.0,
        5000.0
    ],
    "pred_keypoints_3d": [
        [
            0.09603354334831238,
            0.006413840688765049,
            0.006260821595788002
        ],
        [
            0.1069355383515358,
            -0.03042321652173996,
            0.003199541475623846
        ],
        [
            0.1288338154554367,
            -0.04887109249830246,
            -0.008277937769889832
        ],
        [
            0.15147392451763153,
            -0.055487703531980515,
            -0.021817993372678757
        ],
        [
            0.175375834107399,
            -0.06387430429458618,
            -0.04799617826938629
        ],
        [
            0.13035863637924194,
            -0.052720408886671066,
            -0.0534302219748497
        ],
        [
            0.1578499674797058,
            -0.06428764015436172,
            -0.06793410331010818
        ],
        [
            0.17958012223243713,
            -0.06941786408424377,
            -0.06865020096302032
        ],
        [
            0.20054739713668823,
            -0.07120775431394577,
            -0.055052828043699265
        ],
        [
            0.14154526591300964,
            -0.034318707883358,
            -0.06644274294376373
        ],
        [
            0.17127613723278046,
            -0.04237772524356842,
            -0.07457412779331207
        ],
        [
            0.1943129152059555,
            -0.045744314789772034,
            -0.0719921812415123
        ],
        [
            0.2153317630290985,
            -0.04739094525575638,
            -0.057170893996953964
        ],
        [
            0.1482795774936676,
            -0.009134686551988125,
            -0.0607147216796875
        ],
        [
            0.1745397448539734,
            -0.01758750155568123,
            -0.06971104443073273
        ],
        [
            0.19910067319869995,
            -0.021617375314235687,
            -0.06776926666498184
        ],
        [
            0.21788208186626434,
            -0.025211261585354805,
            -0.05082929506897926
        ],
        [
            0.15463286638259888,
            0.009426713921129704,
            -0.051231563091278076
        ],
        [
            0.17506057024002075,
            0.003988344222307205,
            -0.05352010950446129
        ],
        [
            0.19390776753425598,
            0.0008401409722864628,
            -0.05353551357984543
        ],
        [
            0.21415628492832184,
            -0.005440086126327515,
            -0.046428877860307693
        ]
    ],
    "pred_vertices": [
        [
            0.12338554114103317,
            -0.033038415014743805,
            -0.01818041130900383
        ],
        [
            0.1193162277340889,
            -0.02669108472764492,
            -0.009298477321863174
        ],
        [
            0.12409257888793945,
            -0.033017054200172424,
            -0.012033253908157349
        ],
        [
            0.12565568089485168,
            -0.040621839463710785,
            -0.019632581621408463
        ],
        [
            0.12588299810886383,
            -0.02804805338382721,
            0.008124712854623795
        ],
        [
            0.12102016061544418,
            -0.03539273887872696,
            0.01666056364774704
        ],
        [
            0.1323125958442688,
            -0.04462285339832306,
            0.006851598620414734
        ],
        [
            0.13519710302352905,
            -0.035725511610507965,
            0.002151772379875183
        ],
        [
            0.12694478034973145,
            -0.04573644697666168,
            -0.022372674196958542
        ],
        [
            0.12876608967781067,
            -0.03819093108177185,
            -0.014194585382938385
        ],
        [
            0.12544319033622742,
            -0.046045057475566864,
            -0.024175774306058884
        ],
        [
            0.1184246763586998,
            -0.05367467179894447,
            -0.034818682819604874
        ],
        [
            0.1239003837108612,
            -0.05203656107187271,
            -0.031138796359300613
        ],
        [
            0.11801645159721375,
            -0.05678439140319824,
            -0.04272135719656944
        ],
        [
            0.10837960243225098,
            -0.05082019418478012,
            -0.034773088991642
        ],
        [
            0.11238054186105728,
            -0.05236191302537918,
            -0.04877755045890808
        ],
        [
            0.10340843349695206,
            -0.025180872529745102,
            -0.042371585965156555
        ],
        [
            0.107256680727005,
            -0.012155862525105476,
            -0.043150659650564194
        ],
        [
            0.1163482666015625,
            -0.01829642243683338,
            -0.05659814178943634
        ],
        [
            0.11224745213985443,
            -0.0310851838439703,
            -0.053985293954610825
        ],
        [
            0.12229399383068085,
            0.0006541740149259567,
            -0.050303421914577484
        ],
        [
            0.1194535493850708,
            -0.010031411424279213,
            -0.05453451722860336
        ],
        [
            0.10947856307029724,
            -0.003526853397488594,
            -0.041930366307497025
        ],
        [
            0.11270628869533539,
            0.0056249648332595825,
            -0.03867272287607193
        ],
        [
            0.12402279675006866,
            -0.01811216212809086,
            -0.016212888062000275
        ],
        [
            0.11969082802534103,
            -0.01299315132200718,
            -0.00721769779920578
        ],
        [
            0.11771783232688904,
            -0.01824483647942543,
            -0.008023474365472794
        ],
        [
            0.12262606620788574,
            -0.023374980315566063,
            -0.016432732343673706
        ],
        [
            0.12846723198890686,
            -0.0507853664457798,
            -0.02143744006752968
        ],
        [
            0.1136125922203064,
            -0.05215892940759659,
            -0.02003033086657524
        ],
        [
            0.11855176836252213,
            -0.04942382127046585,
            -0.02460256963968277
        ],
        [
            0.1322285234928131,
            -0.046771783381700516,
            -0.021102063357830048
        ],
        [
            0.11829288303852081,
            0.004816040396690369,
            0.015497691929340363
        ],
        [
            0.10722683370113373,
            0.009713515639305115,
            0.021538622677326202
        ],
        [
            0.10439454764127731,
            0.004513159394264221,
            0.022088930010795593
        ],
        [
            0.11468428373336792,
            0.001181241124868393,
            0.016202978789806366
        ],
        [
            0.10509781539440155,
            -0.018376555293798447,
            0.024339862167835236
        ],
        [
            0.0961080938577652,
            -0.011506613343954086,
            0.025330491364002228
        ],
        [
            0.08346669375896454,
            -0.015562772750854492,
            0.025563646107912064
        ],
        [
            0.09031783044338226,
            -0.024192143231630325,
            0.022437360137701035
        ],
        [
            0.11361032724380493,
            -0.027253035455942154,
            0.02129191905260086
        ],
        [
            0.10176123678684235,
            -0.033799268305301666,
            0.02189626544713974
        ],
        [
            0.112735316157341,
            -0.043133076280355453,
            0.016961898654699326
        ],
        [
            0.1270633488893509,
            -0.05214616283774376,
            0.006263282150030136
        ],
        [
            0.11092554777860641,
            0.021631233394145966,
            0.01857035607099533
        ],
        [
            0.11991654336452484,
            0.019700009375810623,
            0.014088377356529236
        ],
        [
            0.16321983933448792,
            -0.06895872205495834,
            -0.05884932726621628
        ],
        [
            0.16572867333889008,
            -0.06365913152694702,
            -0.05935326963663101
        ],
        [
            0.16138893365859985,
            -0.06264284998178482,
            -0.05730588361620903
        ],
        [
            0.15952357649803162,
            -0.06811331957578659,
            -0.05760899558663368
        ],
        [
            0.10888132452964783,
            0.032772958278656006,
            0.0018487945199012756
        ],
        [
            0.10154695808887482,
            0.0337047204375267,
            -0.004977867007255554
        ],
        [
            0.09916538000106812,
            0.03687526285648346,
            0.0011565610766410828
        ],
        [
            0.10497049987316132,
            0.03446901962161064,
            0.008113883435726166
        ],
        [
            0.11405043303966522,
            0.030435306951403618,
            -0.006405092775821686
        ],
        [
            0.10510533303022385,
            0.028742237016558647,
            -0.01304754987359047
        ],
        [
            0.16053898632526398,
            -0.0735447108745575,
            -0.07052000612020493
        ],
        [
            0.16107746958732605,
            -0.07460710406303406,
            -0.06547892093658447
        ],
        [
            0.1559956818819046,
            -0.07336187362670898,
            -0.06562688946723938
        ],
        [
            0.15506236255168915,
            -0.07127907127141953,
            -0.07036033272743225
        ],
        [
            0.1269189566373825,
            -0.047157421708106995,
            -0.02757715992629528
        ],
        [
            0.1280003935098648,
            -0.038638532161712646,
            -0.025480933487415314
        ],
        [
            0.13442490994930267,
            -0.05310774967074394,
            -0.04163212329149246
        ],
        [
            0.13179641962051392,
            -0.04672197625041008,
            -0.036335185170173645
        ],
        [
            0.12780213356018066,
            -0.052265752106904984,
            -0.035305388271808624
        ],
        [
            0.12966424226760864,
            -0.0570036917924881,
            -0.040671851485967636
        ],
        [
            0.13608412444591522,
            -0.02356552705168724,
            -0.035072244703769684
        ],
        [
            0.13010409474372864,
            -0.019279152154922485,
            -0.025907650589942932
        ],
        [
            0.1288146823644638,
            -0.025696199387311935,
            -0.026767298579216003
        ],
        [
            0.13534656167030334,
            -0.03211548924446106,
            -0.03610146790742874
        ],
        [
            0.13624310493469238,
            -0.006674060598015785,
            -0.024068936705589294
        ],
        [
            0.14124900102615356,
            -0.011783307418227196,
            -0.03355272486805916
        ],
        [
            0.14409498870372772,
            -0.004041995853185654,
            -0.03136969357728958
        ],
        [
            0.14079953730106354,
            -0.0020411256700754166,
            -0.024392351508140564
        ],
        [
            0.14761613309383392,
            -0.022948535159230232,
            -0.049754247069358826
        ],
        [
            0.1499914824962616,
            -0.025270607322454453,
            -0.0555315725505352
        ],
        [
            0.1529177725315094,
            -0.022822394967079163,
            -0.05537053197622299
        ],
        [
            0.14876200258731842,
            -0.019630026072263718,
            -0.049205899238586426
        ],
        [
            0.09574596583843231,
            0.039884213358163834,
            0.006610661745071411
        ],
        [
            0.10056677460670471,
            0.03540545701980591,
            0.013862185180187225
        ],
        [
            0.13169586658477783,
            0.018649481236934662,
            -0.042399123311042786
        ],
        [
            0.1365223526954651,
            0.02351284772157669,
            -0.03365630656480789
        ],
        [
            0.1452767699956894,
            0.021145768463611603,
            -0.04282638803124428
        ],
        [
            0.1375998854637146,
            0.01672741398215294,
            -0.05045006424188614
        ],
        [
            0.09432031959295273,
            0.028676334768533707,
            -0.010408923029899597
        ],
        [
            0.0919460877776146,
            0.034019436687231064,
            -0.0051690563559532166
        ],
        [
            0.16153733432292938,
            -0.06913498044013977,
            -0.0747767835855484
        ],
        [
            0.15623889863491058,
            -0.06644900888204575,
            -0.07376457005739212
        ],
        [
            0.1001240611076355,
            -0.04520275443792343,
            0.011323068290948868
        ],
        [
            0.11925777047872543,
            -0.05628608539700508,
            0.0020115599036216736
        ],
        [
            0.08758887648582458,
            -0.032805632799863815,
            0.015074476599693298
        ],
        [
            0.07983826845884323,
            -0.022807803004980087,
            0.01568036526441574
        ],
        [
            0.07352736592292786,
            -0.015709027647972107,
            0.01840430498123169
        ],
        [
            0.1359766721725464,
            -0.0430113859474659,
            -0.03995371609926224
        ],
        [
            0.12657430768013,
            -0.029883606359362602,
            -0.023228123784065247
        ],
        [
            0.12583494186401367,
            -0.013343295082449913,
            -0.01581895351409912
        ],
        [
            0.14299914240837097,
            0.0121195949614048,
            -0.01440926268696785
        ],
        [
            0.1379091441631317,
            0.015308540314435959,
            -0.005723990499973297
        ],
        [
            0.1364748626947403,
            0.004967622458934784,
            -0.007786143571138382
        ],
        [
            0.14078621566295624,
            0.004490187391638756,
            -0.015393409878015518
        ],
        [
            0.14395761489868164,
            0.022249599918723106,
            -0.02720809355378151
        ],
        [
            0.14766620099544525,
            0.015798719599843025,
            -0.02440449222922325
        ],
        [
            0.1519656479358673,
            0.013396905735135078,
            -0.031462062150239944
        ],
        [
            0.14992095530033112,
            0.019564814865589142,
            -0.03525171056389809
        ],
        [
            0.12706172466278076,
            -0.05750124156475067,
            -0.01892932504415512
        ],
        [
            0.11047445237636566,
            -0.05516957491636276,
            -0.014583751559257507
        ],
        [
            0.11503595113754272,
            0.02828284539282322,
            0.009215816855430603
        ],
        [
            0.10950024425983429,
            0.028270240873098373,
            0.014745667576789856
        ],
        [
            0.1027408316731453,
            0.03049623966217041,
            0.019432559609413147
        ],
        [
            0.11864753067493439,
            -0.005479907616972923,
            0.005072295665740967
        ],
        [
            0.11224596202373505,
            -0.001455012708902359,
            0.016893230378627777
        ],
        [
            0.11113451421260834,
            -0.0058038607239723206,
            0.017394639551639557
        ],
        [
            0.11623595654964447,
            -0.008179264143109322,
            0.004484415054321289
        ],
        [
            0.11868395656347275,
            -0.020573772490024567,
            0.0009560063481330872
        ],
        [
            0.11722298711538315,
            -0.01929040625691414,
            0.013930700719356537
        ],
        [
            0.1263645440340042,
            -0.0262587983161211,
            -0.003589332103729248
        ],
        [
            0.09973317384719849,
            -0.001971665769815445,
            0.02417607605457306
        ],
        [
            0.09726716578006744,
            0.007888298481702805,
            0.028675943613052368
        ],
        [
            0.09231332689523697,
            0.0005297288298606873,
            0.029370397329330444
        ],
        [
            0.10074940323829651,
            0.016800958663225174,
            0.026629716157913208
        ],
        [
            0.10300947725772858,
            0.02483588084578514,
            0.023585490882396698
        ],
        [
            0.08685129135847092,
            0.03967849910259247,
            -0.0013178735971450806
        ],
        [
            0.0875050500035286,
            -0.006154242902994156,
            0.028426647186279297
        ],
        [
            0.1406601071357727,
            -0.04217394441366196,
            -0.0025697872042655945
        ],
        [
            0.1459318846464157,
            -0.04709026589989662,
            -0.007143702358007431
        ],
        [
            0.1435573697090149,
            -0.04223671928048134,
            -0.012209039181470871
        ],
        [
            0.1383313089609146,
            -0.037755053490400314,
            -0.008962325751781464
        ],
        [
            0.12153001129627228,
            -0.059908248484134674,
            -0.05057552456855774
        ],
        [
            0.1261909008026123,
            -0.06012322008609772,
            -0.04429216682910919
        ],
        [
            0.12256821990013123,
            -0.05634015053510666,
            -0.03700953722000122
        ],
        [
            0.12643644213676453,
            0.005614664405584335,
            0.0071395933628082275
        ],
        [
            0.1275932788848877,
            0.018158769235014915,
            0.006523780524730682
        ],
        [
            0.1383388787508011,
            -0.049289409071207047,
            -0.04544961452484131
        ],
        [
            0.1500435471534729,
            -0.06912684440612793,
            -0.07004323601722717
        ],
        [
            0.15084241330623627,
            -0.07165838032960892,
            -0.06480985879898071
        ],
        [
            0.13429628312587738,
            -0.06568500399589539,
            -0.05731893330812454
        ],
        [
            0.13368679583072662,
            -0.06318245083093643,
            -0.06371606141328812
        ],
        [
            0.14198382198810577,
            -0.04744161665439606,
            -0.055208105593919754
        ],
        [
            0.14084085822105408,
            -0.0500706247985363,
            -0.048827603459358215
        ],
        [
            0.14232555031776428,
            -0.05015942081809044,
            -0.05102789029479027
        ],
        [
            0.14498670399188995,
            -0.047137822955846786,
            -0.05620064586400986
        ],
        [
            0.15422788262367249,
            -0.014398383907973766,
            -0.05177503824234009
        ],
        [
            0.15072855353355408,
            -0.011825603432953358,
            -0.04631289094686508
        ],
        [
            0.12410043925046921,
            -0.03718908503651619,
            -0.06312993913888931
        ],
        [
            0.11546018719673157,
            -0.04766459763050079,
            -0.06176725775003433
        ],
        [
            0.10899490118026733,
            -0.042514704167842865,
            -0.052055954933166504
        ],
        [
            0.13827981054782867,
            -0.016539867967367172,
            -0.03384147584438324
        ],
        [
            0.1439458727836609,
            -0.01965656690299511,
            -0.042104076594114304
        ],
        [
            0.1453394889831543,
            -0.015810968354344368,
            -0.04178889840841293
        ],
        [
            0.13864946365356445,
            -0.04136619716882706,
            -0.04365193843841553
        ],
        [
            0.14080798625946045,
            -0.045152414590120316,
            -0.04919292777776718
        ],
        [
            0.1411609798669815,
            -0.04029387980699539,
            -0.04872226342558861
        ],
        [
            0.13939639925956726,
            -0.03602266684174538,
            -0.04319676011800766
        ],
        [
            0.1278284788131714,
            0.027048345655202866,
            -0.02440713346004486
        ],
        [
            0.136762335896492,
            0.0258498378098011,
            -0.017083551734685898
        ],
        [
            0.16179753839969635,
            -0.07292230427265167,
            -0.06116480380296707
        ],
        [
            0.15743756294250488,
            -0.07202306389808655,
            -0.060730088502168655
        ],
        [
            0.1323927789926529,
            -0.012514041736721992,
            -0.024851612746715546
        ],
        [
            0.10265526175498962,
            -0.03649859130382538,
            -0.03997918963432312
        ],
        [
            0.12801140546798706,
            -0.00832894816994667,
            -0.015123151242733002
        ],
        [
            0.14216305315494537,
            0.0002164263278245926,
            -0.05945092439651489
        ],
        [
            0.14972332119941711,
            0.0004058573395013809,
            -0.05520695075392723
        ],
        [
            0.15292620658874512,
            -0.0029191202484071255,
            -0.0583745613694191
        ],
        [
            0.14899326860904694,
            -0.0034638200886547565,
            -0.06330255419015884
        ],
        [
            0.15787194669246674,
            -0.05230046063661575,
            -0.06315815448760986
        ],
        [
            0.1588575690984726,
            -0.05537210404872894,
            -0.05832844227552414
        ],
        [
            0.16284382343292236,
            -0.05722764879465103,
            -0.06010795012116432
        ],
        [
            0.16246004402637482,
            -0.05454464629292488,
            -0.06524676829576492
        ],
        [
            0.13828937709331512,
            -0.05437029153108597,
            -0.0456862598657608
        ],
        [
            0.1342574805021286,
            -0.059281617403030396,
            -0.04480122774839401
        ],
        [
            0.13939380645751953,
            -0.060227327048778534,
            -0.04788970202207565
        ],
        [
            0.1416841298341751,
            -0.0548330619931221,
            -0.048997655510902405
        ],
        [
            0.13095715641975403,
            -0.06260764598846436,
            -0.04875950142741203
        ],
        [
            0.13621346652507782,
            -0.06437285989522934,
            -0.05144147574901581
        ],
        [
            0.15551024675369263,
            -0.05292153358459473,
            -0.06919126957654953
        ],
        [
            0.1523331105709076,
            -0.05796981602907181,
            -0.07374098151922226
        ],
        [
            0.13831275701522827,
            -0.051095135509967804,
            -0.0682607889175415
        ],
        [
            0.14404144883155823,
            -0.047940295189619064,
            -0.06369055807590485
        ],
        [
            0.10260326415300369,
            0.010766115039587021,
            -0.028542038053274155
        ],
        [
            0.10827262699604034,
            0.019919056445360184,
            -0.02567135915160179
        ],
        [
            0.11843273043632507,
            0.0151161327958107,
            -0.03581172227859497
        ],
        [
            0.12795540690422058,
            0.011255515739321709,
            -0.04659675061702728
        ],
        [
            0.13702663779258728,
            0.006245560944080353,
            -0.0559224933385849
        ],
        [
            0.12999317049980164,
            -0.002728912979364395,
            -0.06083939969539642
        ],
        [
            0.1218540370464325,
            0.021615663543343544,
            -0.03224952518939972
        ],
        [
            0.13754898309707642,
            -0.04254132881760597,
            -0.060488011687994
        ],
        [
            0.12937477231025696,
            -0.04577118158340454,
            -0.06428389996290207
        ],
        [
            0.13180555403232574,
            -0.04060930013656616,
            -0.06344500184059143
        ],
        [
            0.1324881911277771,
            -0.0025023184716701508,
            -0.01383427157998085
        ],
        [
            0.15242944657802582,
            -0.07090111076831818,
            -0.0597042478621006
        ],
        [
            0.07190687209367752,
            -0.007152710109949112,
            -0.0022061802446842194
        ],
        [
            0.07448957860469818,
            0.0052352361381053925,
            -0.00768960639834404
        ],
        [
            0.07910220324993134,
            -0.0005326233804225922,
            -0.012445639818906784
        ],
        [
            0.07708631455898285,
            -0.014980524778366089,
            -0.005656775087118149
        ],
        [
            0.1574966162443161,
            -0.06124529615044594,
            -0.05509422719478607
        ],
        [
            0.1551782190799713,
            -0.06716348975896835,
            -0.0553138330578804
        ],
        [
            0.15412022173404694,
            -0.006298312917351723,
            -0.04635397717356682
        ],
        [
            0.15627306699752808,
            -0.00905510876327753,
            -0.05170974135398865
        ],
        [
            0.15707285702228546,
            -0.0058141229674220085,
            -0.054080501198768616
        ],
        [
            0.1578209102153778,
            -0.002432730980217457,
            -0.04825342819094658
        ],
        [
            0.1106502115726471,
            0.024480419233441353,
            -0.022680897265672684
        ],
        [
            0.15241149067878723,
            0.01869472675025463,
            -0.046133726835250854
        ],
        [
            0.1450558602809906,
            0.014956420287489891,
            -0.05376548320055008
        ],
        [
            0.09920033812522888,
            0.023741472512483597,
            -0.016953174024820328
        ],
        [
            0.09378910809755325,
            0.016106337308883667,
            -0.019792325794696808
        ],
        [
            0.08776503801345825,
            0.020448856055736542,
            -0.013453491032123566
        ],
        [
            0.13094930350780487,
            -0.017575498670339584,
            -0.06512748450040817
        ],
        [
            0.10024960339069366,
            0.002926979213953018,
            -0.03139433264732361
        ],
        [
            0.09149967133998871,
            0.008998334407806396,
            -0.021478626877069473
        ],
        [
            0.08417012542486191,
            0.013875395059585571,
            -0.014017626643180847
        ],
        [
            0.07889854162931442,
            0.018148023635149002,
            -0.009147018194198608
        ],
        [
            0.08346634358167648,
            0.024882998317480087,
            -0.008939795196056366
        ],
        [
            0.15107406675815582,
            -0.06368103623390198,
            -0.07311543077230453
        ],
        [
            0.15837544202804565,
            -0.060270585119724274,
            -0.07511969655752182
        ],
        [
            0.07769493013620377,
            0.030748294666409492,
            -0.005049508064985275
        ],
        [
            0.07317046076059341,
            0.022651195526123047,
            -0.004918977618217468
        ],
        [
            0.08868210017681122,
            0.00024360418319702148,
            -0.022083289921283722
        ],
        [
            0.08616530895233154,
            -0.011233892291784286,
            -0.021247275173664093
        ],
        [
            0.0974058210849762,
            -0.00531851127743721,
            -0.03150701895356178
        ],
        [
            0.09540383517742157,
            -0.0168117955327034,
            -0.0318329855799675
        ],
        [
            0.12257518619298935,
            -0.02428329735994339,
            -0.06688309460878372
        ],
        [
            0.1767033338546753,
            -0.06317558139562607,
            -0.07499820739030838
        ],
        [
            0.16638262569904327,
            -0.05858331173658371,
            -0.07366517931222916
        ],
        [
            0.16727913916110992,
            -0.05682067945599556,
            -0.06815850734710693
        ],
        [
            0.1772385686635971,
            -0.06039984151721001,
            -0.07169193774461746
        ],
        [
            0.16078686714172363,
            -0.05540342628955841,
            -0.07090277224779129
        ],
        [
            0.16378892958164215,
            -0.06302312761545181,
            -0.07616914063692093
        ],
        [
            0.09466352313756943,
            -0.03138580545783043,
            -0.027491934597492218
        ],
        [
            0.143181711435318,
            -0.04273945465683937,
            -0.0540478490293026
        ],
        [
            0.08641669899225235,
            -0.028501497581601143,
            -0.012881092727184296
        ],
        [
            0.10004901140928268,
            -0.04702889546751976,
            -0.0255287978798151
        ],
        [
            0.09638327360153198,
            -0.04586424306035042,
            -0.013138789683580399
        ],
        [
            0.07918788492679596,
            -0.026867572218179703,
            0.003377828747034073
        ],
        [
            0.09013663232326508,
            -0.042001187801361084,
            0.001199048012495041
        ],
        [
            0.0686226487159729,
            -0.01083022728562355,
            0.009390171617269516
        ],
        [
            0.07379526644945145,
            -0.017495501786470413,
            0.005183964967727661
