{
    "pred_cam": [
        5.748403549194336,
        0.14806590974330902,
        -0.03602508082985878
    ],
    "pred_mano_params": {
        "global_orient": [
            [
                [
                    -0.9590296745300293,
                    0.11648449301719666,
                    -0.2582508325576782
                ],
                [
                    0.03563171997666359,
                    -0.8547302484512329,
                    -0.5178480744361877
                ],
                [
                    -0.2810560464859009,
                    -0.5058335661888123,
                    0.8155611157417297
                ]
            ]
        ],
        "hand_pose": [
            [
                [
                    0.7376108169555664,
                    -0.5645813941955566,
                    -0.3703756332397461
                ],
                [
                    0.5834900736808777,
                    0.8089966773986816,
                    -0.07115980237722397
                ],
                [
                    0.3398081362247467,
                    -0.16362226009368896,
                    0.9261523485183716
                ]
            ],
            [
                [
                    0.9941854476928711,
                    -0.10690122842788696,
                    0.012939665466547012
                ],
                [
                    0.10433314740657806,
                    0.9265581369400024,
                    -0.36139267683029175
                ],
                [
                    0.026643969118595123,
                    0.36064139008522034,
                    0.9323239326477051
                ]
            ],
            [
                [
                    0.9243782758712769,
                    -0.013105964288115501,
                    0.3812519311904907
                ],
                [
                    -0.0580572783946991,
                    0.9829343557357788,
                    0.17455436289310455
                ],
                [
                    -0.37703338265419006,
                    -0.18348871171474457,
                    0.9078422784805298
                ]
            ],
            [
                [
                    0.6108376383781433,
                    -0.7302054762840271,
                    -0.3060675859451294
                ],
                [
                    0.7300703525543213,
                    0.6690531969070435,
                    -0.13915856182575226
                ],
                [
                    0.30638986825942993,
                    -0.1384475827217102,
                    0.9417842626571655
                ]
            ],
            [
                [
                    0.7292038202285767,
                    -0.6429957151412964,
                    -0.2341330200433731
                ],
                [
                    0.6827980875968933,
                    0.7063226699829102,
                    0.1868021935224533
                ],
                [
                    0.045260436832904816,
                    -0.296082466840744,
                    0.9540894627571106
                ]
            ],
            [
                [
                    0.6971574425697327,
                    -0.6940317153930664,
                    0.17969803512096405
                ],
                [
                    0.6946574449539185,
                    0.7159221768379211,
                    0.07004595547914505
                ],
                [
                    -0.17726394534111023,
                    0.07599551975727081,
                    0.981224775314331
                ]
            ],
            [
                [
                    0.13617859780788422,
                    -0.9510830044746399,
                    -0.277302086353302
                ],
                [
                    0.8942841291427612,
                    -0.0024271514266729355,
                    0.4474930763244629
                ],
                [
                    -0.42627614736557007,
                    -0.3089258074760437,
                    0.8502079248428345
                ]
            ],
            [
                [
                    0.49180400371551514,
                    -0.8378664255142212,
                    -0.23687264323234558
                ],
                [
                    0.7223027944564819,
                    0.24067789316177368,
                    0.6483461856842041
                ],
                [
                    -0.4862174987792969,
                    -0.48995304107666016,
                    0.7235596179962158
                ]
            ],
            [
                [
                    0.7931511402130127,
                    -0.5757368803024292,
                    0.1985909789800644
                ],
                [
                    0.3692227900028229,
                    0.7138900756835938,
                    0.5950087904930115
                ],
                [
                    -0.484340637922287,
                    -0.3986075520515442,
                    0.7787979245185852
                ]
            ],
            [
                [
                    0.40252721309661865,
                    -0.8982924818992615,
                    -0.17618824541568756
                ],
                [
                    0.883851170539856,
                    0.4314846694469452,
                    -0.1806323379278183
                ],
                [
                    0.23828323185443878,
                    -0.08301474899053574,
                    0.9676411747932434
                ]
            ],
            [
                [
                    0.3516266644001007,
                    -0.9160246253013611,
                    -0.1930219531059265
                ],
                [
                    0.7990232110023499,
                    0.18624083697795868,
                    0.5717309713363647
                ],
                [
                    -0.4877711236476898,
                    -0.3552648425102234,
                    0.7974122166633606
                ]
            ],
            [
                [
                    0.6360170841217041,
                    -0.7411869764328003,
                    0.2147654891014099
                ],
                [
                    0.6337986588478088,
                    0.6605042219161987,
                    0.4025338888168335
                ],
                [
                    -0.440206378698349,
                    -0.11990034580230713,
                    0.8898552656173706
                ]
            ],
            [
                [
                    0.7318702936172485,
                    0.12706024944782257,
                    -0.669493556022644
                ],
                [
                    -0.6457396745681763,
                    0.4431551992893219,
                    -0.6217988729476929
                ],
                [
                    0.21768364310264587,
                    0.8873946666717529,
                    0.40637996792793274
                ]
            ],
            [
                [
                    0.7561056613922119,
                    -0.6153365969657898,
                    -0.22285659611225128
                ],
                [
                    0.6530062556266785,
                    0.686747133731842,
                    0.31931358575820923
                ],
                [
                    -0.043439220637083054,
                    -0.38696160912513733,
                    0.9210720062255859
                ]
            ],
            [
                [
                    0.8427237272262573,
                    -0.48825427889823914,
                    -0.22676965594291687
                ],
                [
                    0.2170724719762802,
                    0.6936580538749695,
                    -0.6868172287940979
                ],
                [
                    0.49264201521873474,
                    0.5295717716217041,
                    0.6905486583709717
                ]
            ]
        ],
        "betas": [
            0.011471003293991089,
            -0.06991508603096008,
            -0.03592205047607422,
            0.06470522284507751,
            0.029298454523086548,
            -0.03979057818651199,
            0.03651982545852661,
            -0.034922659397125244,
            -0.02556416392326355,
            -0.06425896286964417
        ]
    },
    "pred_cam_t": [
        -0.14806590974330902,
        -0.03602508082985878,
        6.795364856719971
    ],
    "focal_length": [
        5000.0,
        5000.0
    ],
    "pred_keypoints_3d": [
        [
            0.09570617228746414,
            0.006388058420270681,
            0.006183951161801815
        ],
        [
            0.11031979322433472,
            0.005434821825474501,
            0.0418507345020771
        ],
        [
            0.13747450709342957,
            0.002606887836009264,
            0.05614200979471207
        ],
        [
            0.16313040256500244,
            0.0110352523624897,
            0.05857153236865997
        ],
        [
            0.18240608274936676,
            0.03857489302754402,
            0.05141982436180115
        ],
        [
            0.17430157959461212,
            -0.0029393858276307583,
            0.050366900861263275
        ],
        [
            0.20103198289871216,
            0.014778243377804756,
            0.05816437304019928
        ],
        [
            0.21445955336093903,
            0.03166443482041359,
            0.06339459866285324
        ],
        [
            0.22954294085502625,
            0.045238614082336426,
            0.07732740044593811
        ],
        [
            0.18720844388008118,
            0.006078163627535105,
            0.030770741403102875
        ],
        [
            0.20657236874103546,
            0.030899835750460625,
            0.034246183931827545
        ],
        [
            0.2010449320077896,
            0.05303700268268585,
            0.038772791624069214
        ],
        [
            0.18438099324703217,
            0.0678885355591774,
            0.05035432055592537
        ],
        [
            0.18056222796440125,
            0.020672857761383057,
            0.009431892074644566
        ],
        [
            0.19279535114765167,
            0.04617023468017578,
            0.015017755329608917
        ],
        [
            0.17210717499256134,
            0.05699805170297623,
            0.0233312975615263
        ],
        [
            0.15300253033638,
            0.05087366700172424,
            0.03748144209384918
        ],
        [
            0.1717439889907837,
            0.03476725518703461,
            -0.004634876735508442
        ],
        [
            0.16917802393436432,
            0.054338935762643814,
            0.0028577414341270924
        ],
        [
            0.15065839886665344,
            0.05407156050205231,
            0.006905536632984877
        ],
        [
            0.13863568007946014,
            0.040755290538072586,
            0.012699490413069725
        ]
    ],
    "pred_vertices": [
        [
            0.13592495024204254,
            0.009239798411726952,
            0.039949338883161545
        ],
        [
            0.12496910989284515,
            0.010516047477722168,
            0.03574961796402931
        ],
        [
            0.1319272518157959,
            0.008444894105196,
            0.040849704295396805
        ],
        [
            0.13975387811660767,
            0.006817377172410488,
            0.04652802646160126
        ],
        [
            0.1200457215309143,
            0.02103906124830246,
            0.045077547430992126
        ],
        [
            0.11243689060211182,
            0.019239729270339012,
            0.054862119257450104
        ],
        [
            0.12971019744873047,
            0.01666433922946453,
            0.06061078608036041
        ],
        [
            0.1326526403427124,
            0.01948210969567299,
            0.05034419149160385
        ],
        [
            0.14404094219207764,
            0.002805624157190323,
            0.049962714314460754
        ],
        [
            0.13798491656780243,
            0.0073919352144002914,
            0.045143939554691315
        ],
        [
            0.1452961564064026,
            -0.0020872121676802635,
            0.04846523329615593
        ],
        [
            0.1517942249774933,
            -0.010242060758173466,
            0.052970536053180695
        ],
        [
            0.15117719769477844,
            -0.0022379569709300995,
            0.053903281688690186
        ],
        [
            0.15943636000156403,
            -0.012753665447235107,
            0.05436362698674202
        ],
        [
            0.14618225395679474,
            -0.017887700349092484,
            0.04881861060857773
        ],
        [
            0.1611310988664627,
            -0.018593601882457733,
            0.04765250161290169
        ],
        [
            0.146903395652771,
            -0.015395693480968475,
            0.023364771157503128
        ],
        [
            0.14737679064273834,
            -0.008975233882665634,
            0.01145804300904274
        ],
        [
            0.1647678017616272,
            -0.00818997249007225,
            0.014826131984591484
        ],
        [
            0.1624867022037506,
            -0.01389870885759592,
            0.027073731645941734
        ],
        [
            0.15911708772182465,
            0.004273306578397751,
            -0.0009399205446243286
        ],
        [
            0.1630922108888626,
            -0.0025217169895768166,
            0.007969014346599579
        ],
        [
            0.14584356546401978,
            -0.004347360692918301,
            0.003876352682709694
        ],
        [
            0.14294445514678955,
            0.0020623914897441864,
            -0.003570565953850746
        ],
        [
            0.1324901282787323,
            0.015609764494001865,
            0.027049200609326363
        ],
        [
            0.1212797462940216,
            0.01717202737927437,
            0.0241143386811018
        ],
        [
            0.12134471535682678,
            0.013683738186955452,
            0.028397485613822937
        ],
        [
            0.13261941075325012,
            0.012781845405697823,
            0.03161267936229706
        ],
        [
            0.1468891203403473,
            -0.00397489732131362,
            0.052288804203271866
        ],
        [
            0.13736654818058014,
            -0.011869886890053749,
            0.05378617346286774
        ],
        [
            0.14275296032428741,
            -0.009093543514609337,
            0.050389327108860016
        ],
        [
            0.14788717031478882,
            0.00021585565991699696,
            0.04938207194209099
        ],
        [
            0.09835575520992279,
            0.029484029859304428,
            0.013366296887397766
        ],
        [
            0.08707457780838013,
            0.023507114499807358,
            0.008895959705114365
        ],
        [
            0.0862615555524826,
            0.020129844546318054,
            0.013685664162039757
        ],
        [
            0.09669630974531174,
            0.02604326605796814,
            0.016644639894366264
        ],
        [
            0.09038833528757095,
            0.017247149720788002,
            0.03815343230962753
        ],
        [
            0.08306553959846497,
            0.011129029095172882,
            0.02941853366792202
        ],
        [
            0.07757893204689026,
            -0.0014602476730942726,
            0.03119811601936817
        ],
        [
            0.0856790766119957,
            0.001053372398018837,
            0.039979953318834305
        ],
        [
            0.10116270184516907,
            0.019946014508605003,
            0.04757534712553024
        ],
        [
            0.09505151212215424,
            0.007779613137245178,
            0.05156560242176056
        ],
        [
            0.10888385027647018,
            0.01005890779197216,
            0.06088310107588768
        ],
        [
            0.1286717653274536,
            0.009720440953969955,
            0.06701298803091049
        ],
        [
            0.08913493156433105,
            0.028369147330522537,
            -0.002781737595796585
        ],
        [
            0.09754367917776108,
            0.03395466506481171,
            -0.0009979717433452606
        ],
        [
            0.197738915681839,
            0.022680453956127167,
            0.06704866141080856
        ],
        [
            0.19769038259983063,
            0.02620094269514084,
            0.06234900280833244
        ],
        [
            0.19235584139823914,
            0.022527042776346207,
            0.06150054186582565
        ],
        [
            0.19371695816516876,
            0.019607175141572952,
            0.06624728441238403
        ],
        [
            0.10057763010263443,
            0.022417742758989334,
            -0.018449710682034492
        ],
        [
            0.10288463532924652,
            0.013376902788877487,
            -0.022202005609869957
        ],
        [
            0.09586730599403381,
            0.014595314860343933,
            -0.023825861513614655
        ],
        [
            0.09300293773412704,
            0.022008836269378662,
            -0.018821360543370247
        ],
        [
            0.11056435108184814,
            0.02292618155479431,
            -0.017954332754015923
        ],
        [
            0.11248238384723663,
            0.011916989460587502,
            -0.019288882613182068
        ],
        [
            0.20577533543109894,
            0.013276812620460987,
            0.06521102041006088
        ],
        [
            0.20296677947044373,
            0.015788579359650612,
            0.06863987445831299
        ],
        [
            0.19979672133922577,
            0.011707152239978313,
            0.06707035005092621
        ],
        [
            0.20196674764156342,
            0.009212478064000607,
            0.06280902028083801
        ],
        [
            0.14877475798130035,
            0.004660719074308872,
            0.05130971223115921
        ],
        [
            0.14598838984966278,
            0.009486007504165173,
            0.044236719608306885
        ],
        [
            0.1658576875925064,
            0.004791889805346727,
            0.05534323304891586
        ],
        [
            0.15894682705402374,
            0.006621967069804668,
            0.04969382658600807
        ],
        [
            0.1572100967168808,
            0.0016631926409900188,
            0.05462319776415825
        ],
        [
            0.16384157538414001,
            -0.0001661684364080429,
            0.05824844539165497
        ],
        [
            0.1555095762014389,
            0.016854800283908844,
            0.02858220413327217
        ],
        [
            0.14408104121685028,
            0.016570163890719414,
            0.0263030007481575
        ],
        [
            0.1453569531440735,
            0.013438999652862549,
            0.03193584829568863
        ],
        [
            0.1576908975839615,
            0.013690553605556488,
            0.03633538633584976
        ],
        [
            0.14282049238681793,
            0.02573440782725811,
            0.015565337613224983
        ],
        [
            0.15417082607746124,
            0.024745527654886246,
            0.01836578920483589
        ],
        [
            0.1518944352865219,
            0.029895175248384476,
            0.011880015023052692
        ],
        [
            0.1442008912563324,
            0.03064032271504402,
            0.011602579616010189
        ],
        [
            0.17284941673278809,
            0.02073460817337036,
            0.025997944176197052
        ],
        [
            0.17840081453323364,
            0.01989235170185566,
            0.02712838165462017
        ],
        [
            0.17898313701152802,
            0.024557383731007576,
            0.024830909445881844
        ],
        [
            0.17215734720230103,
            0.022959716618061066,
            0.02318624034523964
        ],
        [
            0.08896774798631668,
            0.014635366387665272,
            -0.02561514638364315
        ],
        [
            0.08576276153326035,
            0.020802192389965057,
            -0.01868409663438797
        ],
        [
            0.15340536832809448,
            0.020209580659866333,
            -0.015450173988938332
        ],
        [
            0.14649808406829834,
            0.028984565287828445,
            -0.01683886907994747
        ],
        [
            0.1592610776424408,
            0.0324295349419117,
            -0.015786245465278625
        ],
        [
            0.16461612284183502,
            0.02126694843173027,
            -0.015305940061807632
        ],
        [
            0.10518741607666016,
            0.003553709015250206,
            -0.01992119289934635
        ],
        [
            0.09853658825159073,
            0.004929119721055031,
            -0.023853234946727753
        ],
        [
            0.20779038965702057,
            0.013526182621717453,
            0.05936478078365326
        ],
        [
            0.20329649746418,
            0.00990801490843296,
            0.05705554410815239
        ],
        [
            0.10524636507034302,
            -0.0027757231146097183,
            0.058291107416152954
        ],
        [
            0.1269698441028595,
            0.000219833105802536,
            0.06774108111858368
        ],
        [
            0.09248611330986023,
            -0.006447844207286835,
            0.04557497799396515
        ],
        [
            0.08579865843057632,
            -0.010229497216641903,
            0.034767016768455505
        ],
        [
            0.07892006635665894,
            -0.013270717114210129,
            0.027669459581375122
        ],
        [
            0.16321375966072083,
            0.00982518121600151,
            0.04592736065387726
        ],
        [
            0.14185135066509247,
            0.011727692559361458,
            0.036484990268945694
        ],
        [
            0.13224904239177704,
            0.018573861569166183,
            0.0229291170835495
        ],
        [
            0.1340402364730835,
            0.04023008421063423,
            0.001008528284728527
        ],
        [
            0.1237766295671463,
            0.040308382362127304,
            -0.0002231001853942871
        ],
        [
            0.1267559826374054,
            0.035679519176483154,
            0.009036109782755375
        ],
        [
            0.13525626063346863,
            0.03605623543262482,
            0.00786516908556223
        ],
        [
            0.14406687021255493,
            0.037891607731580734,
            -0.012746303342282772
        ],
        [
            0.14394401013851166,
            0.04070155322551727,
            -0.0051558902487158775
        ],
        [
            0.15151897072792053,
            0.04055049270391464,
            -0.004432855173945427
        ],
        [
            0.1539807915687561,
            0.03869849815964699,
            -0.011827962473034859
        ],
        [
            0.14609786868095398,
            -0.006299596279859543,
            0.05911226570606232
        ],
        [
            0.1322852373123169,
            -0.012936761602759361,
            0.05813175067305565
        ],
        [
            0.09792765229940414,
            0.029735194519162178,
            -0.011248478665947914
        ],
        [
            0.09056312590837479,
            0.027163414284586906,
            -0.010405108332633972
        ],
        [
            0.08287608623504639,
            0.023806190118193626,
            -0.012132739648222923
        ],
        [
            0.10903675854206085,
            0.023552924394607544,
            0.020461421459913254
        ],
        [
            0.09542518854141235,
            0.02393624186515808,
            0.019195014610886574
        ],
        [
            0.09532692283391953,
            0.02270306833088398,
            0.023822356015443802
        ],
        [
            0.10855461657047272,
            0.0210493765771389,
            0.022738812491297722
        ],
        [
            0.11663729697465897,
            0.016497639939188957,
            0.033902112394571304
        ],
        [
            0.10614437609910965,
            0.022548753768205643,
            0.03775704279541969
        ],
        [
            0.12763391435146332,
            0.015274632722139359,
            0.03814157843589783
        ],
        [
            0.08355136215686798,
            0.01574728637933731,
            0.020075827836990356
        ],
        [
            0.07658932358026505,
            0.017380058765411377,
            0.011316023766994476
        ],
        [
            0.07509130984544754,
            0.011630477383732796,
            0.0179058276116848
        ],
        [
            0.0782851055264473,
            0.021738192066550255,
            0.0027113035321235657
        ],
        [
            0.08045784384012222,
            0.024359308183193207,
            -0.005514329299330711
        ],
        [
            0.09175633639097214,
            0.0034928806126117706,
            -0.028839634731411934
        ],
        [
            0.07497671246528625,
            0.005366199649870396,
            0.02334962971508503
        ],
        [
            0.1400991976261139,
            0.017434852197766304,
            0.054578959941864014
        ],
        [
            0.14652718603610992,
            0.017320768907666206,
            0.057258106768131256
        ],
        [
            0.14714661240577698,
            0.014122167602181435,
            0.05002155527472496
        ],
        [
            0.141238272190094,
            0.01340885367244482,
            0.04708954319357872
        ],
        [
            0.1693648248910904,
            -0.012512067332863808,
            0.05567169189453125
        ],
        [
            0.16609318554401398,
            -0.005936277564615011,
            0.059116218239068985
        ],
        [
            0.15680311620235443,
            -0.005715392995625734,
            0.05669200420379639
        ],
        [
            0.10918678343296051,
            0.03332759439945221,
            0.011316942982375622
        ],
        [
            0.10791704803705215,
            0.03717945143580437,
            -0.0006971880793571472
        ],
        [
            0.16972364485263824,
            0.007850199937820435,
            0.051289573311805725
        ],
        [
            0.19984260201454163,
            0.00495326891541481,
            0.06014382094144821
        ],
        [
            0.19692374765872955,
            0.007026146166026592,
            0.06498156487941742
        ],
        [
            0.18322819471359253,
            -0.004279964603483677,
            0.0606522262096405
        ],
        [
            0.18751658499240875,
            -0.005993914790451527,
            0.05555158108472824
        ],
        [
            0.17887230217456818,
            0.008478295058012009,
            0.04679512232542038
        ],
        [
            0.1733369678258896,
            0.008675708435475826,
            0.05152949318289757
        ],
        [
            0.17558488249778748,
            0.009440724737942219,
            0.05079438537359238
        ],
        [
            0.17992550134658813,
            0.01123967207968235,
            0.046153564006090164
        ],
        [
            0.17445778846740723,
            0.028686413541436195,
            0.01808769814670086
        ],
        [
            0.168544739484787,
            0.027508758008480072,
            0.017215067520737648
        ],
        [
            0.1772029995918274,
            -0.008443317376077175,
            0.032214514911174774
        ],
        [
            0.17383310198783875,
            -0.018099673092365265,
            0.04048410803079605
        ],
        [
            0.16067072749137878,
            -0.019556036219000816,
            0.03741827607154846
        ],
        [
            0.15406829118728638,
            0.020964365452528,
            0.022498300299048424
        ],
        [
            0.16425874829292297,
            0.021617844700813293,
            0.024014664813876152
        ],
        [
            0.16373081505298615,
            0.023839741945266724,
            0.020638681948184967
        ],
        [
            0.16724444925785065,
            0.011084584519267082,
            0.04367956891655922
        ],
        [
            0.1732022613286972,
            0.00982430949807167,
            0.046490442007780075
        ],
        [
            0.17273171246051788,
            0.011449672281742096,
            0.04175692796707153
        ],
        [
            0.16637971997261047,
            0.013293460942804813,
            0.038667917251586914
        ],
        [
            0.133504256606102,
            0.026379955932497978,
            -0.018402133136987686
        ],
        [
            0.1312895119190216,
            0.03699556365609169,
            -0.013881053775548935
        ],
        [
            0.1998322606086731,
            0.01908246986567974,
            0.06932459026575089
        ],
        [
            0.1963653415441513,
            0.015401579439640045,
            0.06814853847026825
        ],
        [
            0.14288949966430664,
            0.020649686455726624,
            0.020438894629478455
        ],
        [
            0.14572001993656158,
            -0.01864994876086712,
            0.03410933166742325
        ],
        [
            0.13172997534275055,
            0.02201008051633835,
            0.018655050545930862
        ],
        [
            0.17588575184345245,
            0.01895693689584732,
            0.0007259268313646317
        ],
        [
            0.17433449625968933,
            0.028630457818508148,
            0.0032686572521924973
        ],
        [
            0.17703814804553986,
            0.02915864810347557,
            0.004900733008980751
        ],
        [
            0.1805134415626526,
            0.023830339312553406,
            0.003862597979605198
        ],
        [
            0.19216282665729523,
            0.019202405586838722,
            0.049005329608917236
        ],
        [
            0.18982960283756256,
            0.02084880694746971,
            0.05418072268366814
        ],
        [
            0.1931740790605545,
            0.02421809732913971,
            0.0555277094244957
        ],
        [
            0.19580069184303284,
            0.022473307326436043,
            0.0507587231695652
        ],
        [
            0.17103074491024017,
            0.006107377354055643,
            0.05626680329442024
        ],
        [
            0.1701318919658661,
            0.001418449217453599,
            0.06022374704480171
        ],
        [
            0.17529118061065674,
            0.004706253297626972,
            0.060759760439395905
        ],
        [
            0.1752537339925766,
            0.008070245385169983,
            0.055795129388570786
        ],
        [
            0.17321978509426117,
            -0.003911053761839867,
            0.060969676822423935
        ],
        [
            0.1785491555929184,
            -0.00044312956742942333,
            0.062326639890670776
        ],
        [
            0.1960240751504898,
            0.014570258557796478,
            0.04664701223373413
        ],
        [
            0.1997859925031662,
            0.008472414687275887,
            0.048845622688531876
        ],
        [
            0.1890791803598404,
            0.0002345624379813671,
            0.04338560253381729
        ],
        [
            0.18617364764213562,
            0.007925889454782009,
            0.04337385296821594
        ],
        [
            0.1282607913017273,
            -0.0012263450771570206,
            -0.006939433515071869
        ],
        [
            0.1267067790031433,
            0.007175863720476627,
            -0.014119667932391167
        ],
        [
            0.14148718118667603,
            0.010513353161513805,
            -0.011245951056480408
        ],
        [
            0.1567973792552948,
            0.013359847478568554,
            -0.009463969618082047
        ],
        [
            0.1707608848810196,
            0.01624469831585884,
            -0.005968770943582058
        ],
        [
            0.17301465570926666,
            0.005953527987003326,
            0.0006138905882835388
        ],
        [
            0.13870856165885925,
            0.016617948189377785,
            -0.016107279807329178
        ],
        [
            0.18237203359603882,
            0.003549455665051937,
            0.04022717475891113
        ],
        [
            0.18177132308483124,
            -0.005583290942013264,
            0.0399264357984066
        ],
        [
            0.1822454333305359,
            -0.002153046429157257,
            0.0368087962269783
        ],
        [
            0.1315707564353943,
            0.02787141129374504,
            0.014010769315063953
        ],
        [
            0.19345532357692719,
            0.01029837317764759,
            0.06667295098304749
        ],
        [
            0.09419885277748108,
            -0.021408263593912125,
            0.013270501047372818
        ],
        [
            0.09799157828092575,
            -0.01850440725684166,
            0.00035092979669570923
        ],
        [
            0.10530473291873932,
            -0.017844900488853455,
            0.00515814870595932
        ],
        [
            0.10081516206264496,
            -0.02012725919485092,
            0.020427405834197998
        ],
        [
            0.18869146704673767,
            0.018974866718053818,
            0.06071940064430237
        ],
        [
            0.1898910403251648,
            0.015295028686523438,
            0.06559831649065018
        ],
        [
            0.16825732588768005,
            0.032071083784103394,
            0.012705447152256966
        ],
        [
            0.17363980412483215,
            0.03184523060917854,
            0.013461118564009666
        ],
        [
            0.1743798851966858,
            0.03288925066590309,
            0.008935312740504742
        ],
        [
            0.16990873217582703,
            0.035979676991701126,
            0.009020165540277958
        ],
        [
            0.1243428885936737,
            0.011679759249091148,
            -0.01733119785785675
        ],
        [
            0.16468285024166107,
            0.038569848984479904,
            -0.012204084545373917
        ],
        [
            0.17082399129867554,
            0.02835717797279358,
            -0.011427327990531921
        ],
        [
            0.11408606916666031,
            0.0038962922990322113,
            -0.016400909051299095
        ],
        [
            0.11547134816646576,
            -0.0039046164602041245,
            -0.010667052119970322
        ],
        [
            0.10635843127965927,
            -0.005503905937075615,
            -0.013873066753149033
        ],
        [
            0.17879199981689453,
            0.0020056413486599922,
            0.014205222018063068
        ],
        [
            0.13107775151729584,
            -0.006386584602296352,
            -0.0005533378571271896
        ],
        [
            0.11720043420791626,
            -0.008379307575523853,
            -0.004686558619141579
        ],
        [
            0.10639455169439316,
            -0.010487940162420273,
            -0.008249063044786453
        ],
        [
            0.09893681854009628,
            -0.01206988375633955,
            -0.01171741634607315
        ],
        [
            0.09961402416229248,
            -0.006329096853733063,
            -0.01743723452091217
        ],
        [
            0.20056569576263428,
            0.006109500303864479,
            0.0540635883808136
        ],
        [
            0.203158438205719,
            0.012914607301354408,
            0.05119069293141365
        ],
        [
            0.09245976060628891,
            -0.008295184001326561,
            -0.022705353796482086
        ],
        [
            0.09177352488040924,
            -0.014217480085790157,
            -0.01560303196310997
        ],
        [
            0.11803514510393143,
            -0.013261259533464909,
            0.003082219511270523
        ],
        [
            0.11788447201251984,
            -0.017937853932380676,
            0.013720745220780373
        ],
        [
            0.1313389390707016,
            -0.01095584686845541,
            0.006898466497659683
        ],
        [
            0.1325550228357315,
            -0.01577230915427208,
            0.017332930117845535
        ],
        [
            0.17776931822299957,
            -0.00836818479001522,
            0.018657661974430084
        ],
        [
            0.2145862579345703,
            0.02722027711570263,
            0.05495363846421242
        ],
        [
            0.20586799085140228,
            0.021645504981279373,
            0.051007915288209915
        ],
        [
            0.20203331112861633,
            0.025757787749171257,
            0.05223596841096878
        ],
        [
            0.21241721510887146,
            0.030727628618478775,
            0.05465663969516754
        ],
        [
            0.1995389759540558,
            0.018277227878570557,
            0.04890690743923187
        ],
        [
            0.20771193504333496,
            0.01663929410278797,
            0.0534956268966198
        ],
        [
            0.13011333346366882,
            -0.018903318792581558,
            0.031736671924591064
        ],
        [
            0.17886491119861603,
            0.010731922462582588,
            0.04339737445116043
        ],
        [
            0.1129683181643486,
            -0.01881517842411995,
            0.03212837874889374
        ],
        [
            0.13340818881988525,
            -0.02006981149315834,
            0.04675537347793579
        ],
        [
            0.12118149548768997,
            -0.017404405400156975,
            0.04908294230699539
        ],
        [
            0.09621687233448029,
            -0.017215026542544365,
            0.03467392921447754
        ],
        [
            0.10614779591560364,
            -0.014036184176802635,
            0.049685243517160416
        ],
        [
            0.0834023505449295,
            -0.020387131720781326,
            0.019600074738264084
        ],
        [
            0.09054577350616455,
            -0.018963858485221863,
            0.02554846554994583
        ],
        [
            0.11999043822288513,
            -0.010716142132878304,
            0.06071191281080246
        ],
        [
            0.20614469051361084,
            0.03047606348991394,
