{
    "pred_cam": [
        10.245723724365234,
        -0.16177643835544586,
        0.02194754034280777
    ],
    "pred_mano_params": {
        "global_orient": [
            [
                [
                    -0.3251092731952667,
                    -0.8298616409301758,
                    -0.453468382358551
                ],
                [
                    0.42736658453941345,
                    0.2988295555114746,
                    -0.8532635569572449
                ],
                [
                    0.8436005115509033,
                    -0.4712011218070984,
                    0.25750288367271423
                ]
            ]
        ],
        "hand_pose": [
            [
                [
                    0.7676249146461487,
                    -0.6097870469093323,
                    -0.1972600668668747
                ],
                [
                    0.5941287279129028,
                    0.7924827337265015,
                    -0.13777580857276917
                ],
                [
                    0.24033911526203156,
                    -0.011437701061367989,
                    0.9706214666366577
                ]
            ],
            [
                [
                    0.9438902139663696,
                    -0.3218722641468048,
                    0.07395581156015396
                ],
                [
                    0.32971900701522827,
                    0.9056105017662048,
                    -0.26674896478652954
                ],
                [
                    0.01888394169509411,
                    0.2761663794517517,
                    0.9609242677688599
                ]
            ],
            [
                [
                    0.7345391511917114,
                    -0.6743934750556946,
                    0.07513786107301712
                ],
                [
                    0.659469723701477,
                    0.7355621457099915,
                    0.1550743728876114
                ],
                [
                    -0.15984970331192017,
                    -0.06435706466436386,
                    0.9850412607192993
                ]
            ],
            [
                [
                    0.5963338613510132,
                    -0.7969179749488831,
                    -0.09647543728351593
                ],
                [
                    0.7987821102142334,
                    0.601009726524353,
                    -0.027100389823317528
                ],
                [
                    0.07957945764064789,
                    -0.06090197712182999,
                    0.9949662685394287
                ]
            ],
            [
                [
                    0.9794008731842041,
                    -0.1638588011264801,
                    -0.11800079792737961
                ],
                [
                    0.18481311202049255,
                    0.9628451466560364,
                    0.1969093680381775
                ],
                [
                    0.08135116100311279,
                    -0.21466130018234253,
                    0.9732946157455444
                ]
            ],
            [
                [
                    0.7937316298484802,
                    -0.5983332991600037,
                    -0.1094864085316658
                ],
                [
                    0.6032318472862244,
                    0.7974178194999695,
                    0.015368304215371609
                ],
                [
                    0.07811103761196136,
                    -0.07824400067329407,
                    0.993869423866272
                ]
            ],
            [
                [
                    0.5907629132270813,
                    -0.8065542578697205,
                    0.021665582433342934
                ],
                [
                    0.7315313220024109,
                    0.5467538833618164,
                    0.4073353707790375
                ],
                [
                    -0.3403838276863098,
                    -0.2247895449399948,
                    0.9130216240882874
                ]
            ],
            [
                [
                    0.9824676513671875,
                    -0.14642754197120667,
                    -0.11539596319198608
                ],
                [
                    0.14166893064975739,
                    0.988727331161499,
                    -0.04845692589879036
                ],
                [
                    0.12119057774543762,
                    0.031259335577487946,
                    0.9921368360519409
                ]
            ],
            [
                [
                    0.9898319244384766,
                    -0.14178679883480072,
                    0.011375623755156994
                ],
                [
                    0.1141592413187027,
                    0.8395724296569824,
                    0.5311175584793091
                ],
                [
                    -0.08485608547925949,
                    -0.5244184136390686,
                    0.847221851348877
                ]
            ],
            [
                [
                    0.6284406185150146,
                    -0.7778251767158508,
                    -0.007097856607288122
                ],
                [
                    0.7746466398239136,
                    0.6266487240791321,
                    -0.08505326509475708
                ],
                [
                    0.07060442864894867,
                    0.047952596098184586,
                    0.9963511824607849
                ]
            ],
            [
                [
                    0.9878449440002441,
                    -0.15543319284915924,
                    0.0016764374449849129
                ],
                [
                    0.13973158597946167,
                    0.8926761150360107,
                    0.4284907579421997
                ],
                [
                    -0.06809820234775543,
                    -0.4230482280254364,
                    0.9035444855690002
                ]
            ],
            [
                [
                    0.7070418000221252,
                    -0.679506242275238,
                    -0.19586516916751862
                ],
                [
                    0.7071199417114258,
                    0.6759775280952454,
                    0.20745038986206055
                ],
                [
                    -0.008563367649912834,
                    -0.28517624735832214,
                    0.9584367871284485
                ]
            ],
            [
                [
                    0.9377943873405457,
                    -0.2178206443786621,
                    -0.2703624367713928
                ],
                [
                    -0.16586986184120178,
                    0.4030129611492157,
                    -0.9000376462936401
                ],
                [
                    0.30500635504722595,
                    0.8888952136039734,
                    0.34181341528892517
                ]
            ],
            [
                [
                    0.8574463129043579,
                    -0.4796822667121887,
                    -0.18625479936599731
                ],
                [
                    0.507742702960968,
                    0.7299139499664307,
                    0.4576275944709778
                ],
                [
                    -0.0835658386349678,
                    -0.4869605600833893,
                    0.8694171905517578
                ]
            ],
            [
                [
                    0.9278260469436646,
                    0.28818219900131226,
                    -0.23683284223079681
                ],
                [
                    -0.3309447169303894,
                    0.9288936257362366,
                    -0.1662292778491974
                ],
                [
                    0.17208820581436157,
                    0.23261046409606934,
                    0.9572240710258484
                ]
            ]
        ],
        "betas": [
            -0.03925430774688721,
            -0.19466492533683777,
            -0.11964988708496094,
            -0.06630399823188782,
            -0.020863443613052368,
            0.004813898354768753,
            0.0032418668270111084,
            -0.061942875385284424,
            0.017030522227287292,
            -0.012981981039047241
        ]
    },
    "pred_cam_t": [
        -0.16177643835544586,
        0.02194754034280777,
        3.8125662803649902
    ],
    "focal_length": [
        5000.0,
        5000.0
    ],
    "pred_keypoints_3d": [
        [
            0.09596849232912064,
            0.006403577513992786,
            0.006264892406761646
        ],
        [
            0.10496066510677338,
            -0.030489254742860794,
            -8.461624383926392e-05
        ],
        [
            0.12654316425323486,
            -0.048906512558460236,
            -0.01212366670370102
        ],
        [
            0.14985117316246033,
            -0.05597275123000145,
            -0.024187183007597923
        ],
        [
            0.17561288177967072,
            -0.06591573357582092,
            -0.04800625145435333
        ],
        [
            0.11962603032588959,
            -0.0503251887857914,
            -0.060399267822504044
        ],
        [
            0.14515456557273865,
            -0.06236010044813156,
            -0.07775762677192688
        ],
        [
            0.1668076366186142,
            -0.0675937682390213,
            -0.07916589081287384
        ],
        [
            0.18736621737480164,
            -0.06965020298957825,
            -0.06537874042987823
        ],
        [
            0.12964551150798798,
            -0.03162149712443352,
            -0.07389350980520248
        ],
        [
            0.15942524373531342,
            -0.04016932100057602,
            -0.08131903409957886
        ],
        [
            0.182466521859169,
            -0.04391184449195862,
            -0.0794539526104927
        ],
        [
            0.20453551411628723,
            -0.04533202201128006,
            -0.06611104309558868
        ],
        [
            0.1380416601896286,
            -0.007014603354036808,
            -0.06789780408143997
        ],
        [
            0.16440731287002563,
            -0.01547568291425705,
            -0.07659437507390976
        ],
        [
            0.18883687257766724,
            -0.02015417069196701,
            -0.0745457112789154
        ],
        [
            0.20790164172649384,
            -0.023958150297403336,
            -0.057940494269132614
        ],
        [
            0.14628401398658752,
            0.010810655541718006,
            -0.05846996232867241
        ],
        [
            0.16686172783374786,
            0.00589036475867033,
            -0.06048894673585892
        ],
        [
            0.1856970489025116,
            0.002859503962099552,
            -0.05973023921251297
        ],
        [
            0.20535266399383545,
            -0.0035071056336164474,
            -0.05265018343925476
        ]
    ],
    "pred_vertices": [
        [
            0.11873172968626022,
            -0.03264179080724716,
            -0.023638829588890076
        ],
        [
            0.11632584780454636,
            -0.026755088940262794,
            -0.014007359743118286
        ],
        [
            0.12098285555839539,
            -0.033054154366254807,
            -0.016757402569055557
        ],
        [
            0.12087741494178772,
            -0.04027613252401352,
            -0.025418132543563843
        ],
        [
            0.12405247986316681,
            -0.028208620846271515,
            0.004160098731517792
        ],
        [
            0.11955612897872925,
            -0.035667821764945984,
            0.012919813394546509
        ],
        [
            0.130140021443367,
            -0.044701844453811646,
            0.003065120428800583
        ],
        [
            0.13283804059028625,
            -0.03564155101776123,
            -0.0017068497836589813
        ],
        [
            0.12213494628667831,
            -0.04533817619085312,
            -0.027961693704128265
        ],
        [
            0.12549300491809845,
            -0.03814942389726639,
            -0.01897168904542923
        ],
        [
            0.12124763429164886,
            -0.045761656016111374,
            -0.028969265520572662
        ],
        [
            0.11160355806350708,
            -0.05239807441830635,
            -0.03992009162902832
        ],
        [
            0.11710984259843826,
            -0.050939567387104034,
            -0.03709625452756882
        ],
        [
            0.10938245058059692,
            -0.05483894795179367,
            -0.04816144332289696
        ],
        [
            0.10177110135555267,
            -0.04931690916419029,
            -0.03859847038984299
        ],
        [
            0.10313448309898376,
            -0.0499754399061203,
            -0.05340287834405899
        ],
        [
            0.09560549259185791,
            -0.02273419313132763,
            -0.04459957405924797
        ],
        [
            0.09969720989465714,
            -0.00975550152361393,
            -0.04523222893476486
        ],
        [
            0.10664086043834686,
            -0.015401354059576988,
            -0.060455068945884705
        ],
        [
            0.10251543670892715,
            -0.028216492384672165,
            -0.057791631668806076
        ],
        [
            0.11411485821008682,
            0.003023771569132805,
            -0.054057203233242035
        ],
        [
            0.11035088449716568,
            -0.007373053580522537,
            -0.058359503746032715
        ],
        [
            0.1024007722735405,
            -0.001272084191441536,
            -0.04389861226081848
        ],
        [
            0.10637370496988297,
            0.007589368149638176,
            -0.04067888483405113
        ],
        [
            0.11977741122245789,
            -0.01767781190574169,
            -0.02107597142457962
        ],
        [
            0.11695760488510132,
            -0.013001829385757446,
            -0.011510152369737625
        ],
        [
            0.11484728753566742,
            -0.018258968368172646,
            -0.012465957552194595
        ],
        [
            0.11828632652759552,
            -0.022951273247599602,
            -0.02142491191625595
        ],
        [
            0.126121386885643,
            -0.051245346665382385,
            -0.025074101984500885
        ],
        [
            0.10997545719146729,
            -0.05182535573840141,
            -0.023747175931930542
        ],
        [
            0.11451346427202225,
            -0.049085039645433426,
            -0.028799504041671753
        ],
        [
            0.1297767609357834,
            -0.04718296602368355,
            -0.02495141699910164
        ],
        [
            0.11919943243265152,
            0.0036394912749528885,
            0.01225108653306961
        ],
        [
            0.10921613872051239,
            0.008535400032997131,
            0.019989222288131714
        ],
        [
            0.10625921189785004,
            0.0034015141427516937,
            0.020640894770622253
        ],
        [
            0.11551864445209503,
            8.399412035942078e-05,
            0.013181634247303009
        ],
        [
            0.10571135580539703,
            -0.019152255728840828,
            0.02149958908557892
        ],
        [
            0.0975726991891861,
            -0.012383192777633667,
            0.024069219827651978
        ],
        [
            0.08508388698101044,
            -0.016115523874759674,
            0.025903068482875824
        ],
        [
            0.09096462279558182,
            -0.024583972990512848,
            0.02149549126625061
        ],
        [
            0.11309593915939331,
            -0.027744391933083534,
            0.017643362283706665
        ],
        [
            0.101481132209301,
            -0.034133560955524445,
            0.019345954060554504
        ],
        [
            0.11122951656579971,
            -0.04330646991729736,
            0.013702288269996643
        ],
        [
            0.12509596347808838,
            -0.052373502403497696,
            0.002766761928796768
        ],
        [
            0.11292175948619843,
            0.020477604120969772,
            0.017148807644844055
        ],
        [
            0.12117111682891846,
            0.01853015646338463,
            0.011384554207324982
        ],
        [
            0.15106260776519775,
            -0.06714241206645966,
            -0.06840483844280243
        ],
        [
            0.153705894947052,
            -0.06187187507748604,
            -0.06900444626808167
        ],
        [
            0.14951446652412415,
            -0.0608581006526947,
            -0.06643083691596985
        ],
        [
            0.14750339090824127,
            -0.06625182181596756,
            -0.06672157347202301
        ],
        [
            0.10905440896749496,
            0.03257451951503754,
            0.00143393874168396
        ],
        [
            0.10090894997119904,
            0.03407326340675354,
            -0.004257805645465851
        ],
        [
            0.09948976337909698,
            0.03697127848863602,
            0.0022893324494361877
        ],
        [
            0.10608667135238647,
            0.03403250500559807,
            0.008258052170276642
        ],
        [
            0.11296152323484421,
            0.030570968985557556,
            -0.007574208080768585
        ],
        [
            0.1031600683927536,
            0.02947220765054226,
            -0.012980900704860687
        ],
        [
            0.1472046673297882,
            -0.0713052824139595,
            -0.0798472985625267
        ],
        [
            0.1481475681066513,
            -0.07254932820796967,
            -0.07490786164999008
        ],
        [
            0.14306455850601196,
            -0.07108515501022339,
            -0.0745343416929245
        ],
        [
            0.1416558027267456,
            -0.06873324513435364,
            -0.07907132059335709
        ],
        [
            0.1203446239233017,
            -0.046227842569351196,
            -0.033975716680288315
        ],
        [
            0.12181799113750458,
            -0.03782164305448532,
            -0.03174787014722824
        ],
        [
            0.12502871453762054,
            -0.051436297595500946,
            -0.049142468720674515
        ],
        [
            0.12358753383159637,
            -0.04529844969511032,
            -0.043398648500442505
        ],
        [
            0.11964961886405945,
            -0.050786834210157394,
            -0.04207749664783478
        ],
        [
            0.1203802302479744,
            -0.055219441652297974,
            -0.04779154062271118
        ],
        [
            0.12883132696151733,
            -0.02238515391945839,
            -0.04158268868923187
        ],
        [
            0.12435469031333923,
            -0.018444400280714035,
            -0.031498368829488754
        ],
        [
            0.12275360524654388,
            -0.02477911487221718,
            -0.032509397715330124
        ],
        [
            0.1276436448097229,
            -0.030836038291454315,
            -0.04291921854019165
        ],
        [
            0.131114199757576,
            -0.006143687292933464,
            -0.029884953051805496
        ],
        [
            0.13453425467014313,
            -0.010849203914403915,
            -0.04018893092870712
        ],
        [
            0.13786791265010834,
            -0.003301173448562622,
            -0.0380108542740345
        ],
        [
            0.1357150822877884,
            -0.00162438303232193,
            -0.030583199113607407
        ],
        [
            0.13802556693553925,
            -0.021291550248861313,
            -0.0574677437543869
        ],
        [
            0.1394159197807312,
            -0.023321352899074554,
            -0.06297706812620163
        ],
        [
            0.142801433801651,
            -0.02099282667040825,
            -0.06277883797883987
        ],
        [
            0.1394314467906952,
            -0.018093638122081757,
            -0.05675633251667023
        ],
        [
            0.09694746136665344,
            0.03976944088935852,
            0.008306428790092468
        ],
        [
            0.10253679752349854,
            0.034783486276865005,
            0.014601200819015503
        ],
        [
            0.12508706748485565,
            0.020425807684659958,
            -0.04654552415013313
        ],
        [
            0.13111081719398499,
            0.024589549750089645,
            -0.038158971816301346
        ],
        [
            0.13843417167663574,
            0.022443991154432297,
            -0.048541635274887085
        ],
        [
            0.12974168360233307,
            0.018779899924993515,
            -0.0557042695581913
        ],
        [
            0.09285390377044678,
            0.02955111302435398,
            -0.008874811232089996
        ],
        [
            0.09139613807201385,
            0.03466431796550751,
            -0.0031105130910873413
        ],
        [
            0.14793072640895844,
            -0.06674297899007797,
            -0.0840398296713829
        ],
        [
            0.14259737730026245,
            -0.06380131840705872,
            -0.08237417787313461
        ],
        [
            0.09843643754720688,
            -0.045130692422389984,
            0.008870504796504974
        ],
        [
            0.11712618172168732,
            -0.05656283348798752,
            -0.0013376474380493164
        ],
        [
            0.08687230944633484,
            -0.032692041248083115,
            0.014201529324054718
        ],
        [
            0.07981358468532562,
            -0.02268218994140625,
            0.01621335744857788
        ],
        [
            0.07435101270675659,
            -0.01563047245144844,
            0.020139947533607483
        ],
        [
            0.12729302048683167,
            -0.0414951927959919,
            -0.04731407389044762
        ],
        [
            0.12095146626234055,
            -0.029129888862371445,
            -0.028933051973581314
        ],
        [
            0.12176259607076645,
            -0.012971596792340279,
            -0.0206550695002079
        ],
        [
            0.1397670954465866,
            0.011912476271390915,
            -0.020341217517852783
        ],
        [
            0.13608460128307343,
            0.01475284993648529,
            -0.010922454297542572
        ],
        [
            0.13400998711585999,
            0.004567684605717659,
            -0.01324840635061264
        ],
        [
            0.1371815800666809,
            0.004394102841615677,
            -0.021367952227592468
        ],
        [
            0.13927645981311798,
            0.022760484367609024,
            -0.03273588791489601
        ],
        [
            0.14305303990840912,
            0.016068123281002045,
            -0.030665051192045212
        ],
        [
            0.1460765302181244,
            0.01396331936120987,
            -0.0381329283118248
        ],
        [
            0.14383363723754883,
            0.02036910504102707,
            -0.04153064265847206
        ],
        [
            0.12488254904747009,
            -0.057962093502283096,
            -0.022205114364624023
        ],
        [
            0.10721704363822937,
            -0.0548393577337265,
            -0.0179191455245018
        ],
        [
            0.11598172783851624,
            0.027513671666383743,
            0.007650807499885559
        ],
        [
            0.11124119162559509,
            0.027356598526239395,
            0.013886578381061554
        ],
        [
            0.10525725781917572,
            0.029516812413930893,
            0.019572414457798004
        ],
        [
            0.11772039532661438,
            -0.006098050624132156,
            0.0011588186025619507
        ],
        [
            0.11301837861537933,
            -0.0024937279522418976,
            0.013974800705909729
        ],
        [
            0.11166752874851227,
            -0.006757605820894241,
            0.014248356223106384
        ],
        [
            0.11511404067277908,
            -0.008702924475073814,
            0.0005452260375022888
        ],
        [
            0.11676216870546341,
            -0.020838426426053047,
            -0.0032813549041748047
        ],
        [
            0.1163124069571495,
            -0.019779711961746216,
            0.009802483022212982
        ],
        [
            0.12408662587404251,
            -0.026350336149334908,
            -0.007624000310897827
        ],
        [
            0.10156931728124619,
            -0.00301312655210495,
            0.02294253557920456
        ],
        [
            0.10022853314876556,
            0.00661052018404007,
            0.02832575887441635
        ],
        [
            0.09510795027017593,
            -0.0006165318191051483,
            0.029298871755599976
        ],
        [
            0.10374118387699127,
            0.015512809157371521,
            0.02627640962600708
        ],
        [
            0.10587042570114136,
            0.02362820692360401,
            0.02336009591817856
        ],
        [
            0.08707503974437714,
            0.04024253040552139,
            0.0016783103346824646
        ],
        [
            0.08994948863983154,
            -0.00708862766623497,
            0.028685346245765686
        ],
        [
            0.13823062181472778,
            -0.04197818413376808,
            -0.006252594292163849
        ],
        [
            0.14375610649585724,
            -0.04699951037764549,
            -0.010312967002391815
        ],
        [
            0.14130739867687225,
            -0.04238680750131607,
            -0.015772070735692978
        ],
        [
            0.13573087751865387,
            -0.03759583458304405,
            -0.012866523116827011
        ],
        [
            0.11132783442735672,
            -0.0574350468814373,
            -0.05666268989443779
        ],
        [
            0.116526298224926,
            -0.058087777346372604,
            -0.05101265385746956
        ],
        [
            0.11441265046596527,
            -0.054718226194381714,
            -0.0431252047419548
        ],
        [
            0.12616407871246338,
            0.0046656206250190735,
            0.0029279887676239014
        ],
        [
            0.1276823729276657,
            0.01720074936747551,
            0.0027631670236587524
        ],
        [
            0.12859265506267548,
            -0.0475696325302124,
            -0.05310117453336716
        ],
        [
            0.13671915233135223,
            -0.06650299578905106,
            -0.07862579822540283
        ],
        [
            0.13789011538028717,
            -0.06932539492845535,
            -0.0735340267419815
        ],
        [
            0.12239095568656921,
            -0.06318772584199905,
            -0.06492540240287781
        ],
        [
            0.12136298418045044,
            -0.06029720604419708,
            -0.07112134248018265
        ],
        [
            0.13113698363304138,
            -0.04529779776930809,
            -0.06275621056556702
        ],
        [
            0.13058693706989288,
            -0.048341430723667145,
            -0.0564751960337162
        ],
        [
            0.13179662823677063,
            -0.04835309460759163,
            -0.05864609405398369
        ],
        [
            0.1341218799352646,
            -0.04510214179754257,
            -0.06386677920818329
        ],
        [
            0.1447664201259613,
            -0.01276792399585247,
            -0.059053607285022736
        ],
        [
            0.1419580578804016,
            -0.01054853480309248,
            -0.053680937737226486
        ],
        [
            0.11281617730855942,
            -0.034129798412323,
            -0.06870300322771072
        ],
        [
            0.10413800179958344,
            -0.04439307749271393,
            -0.0667552798986435
        ],
        [
            0.0993812084197998,
            -0.03982308506965637,
            -0.055904872715473175
        ],
        [
            0.1314149647951126,
            -0.015504777431488037,
            -0.04031379520893097
        ],
        [
            0.13570524752140045,
            -0.018319346010684967,
            -0.04937280714511871
        ],
        [
            0.13724835216999054,
            -0.014552433975040913,
            -0.04900822043418884
        ],
        [
            0.12949806451797485,
            -0.03972882404923439,
            -0.05118836462497711
        ],
        [
            0.1307469755411148,
            -0.04330429434776306,
            -0.056912682950496674
        ],
        [
            0.13121765851974487,
            -0.03844914957880974,
            -0.05643833056092262
        ],
        [
            0.13049094378948212,
            -0.03445713222026825,
            -0.0506368950009346
        ],
        [
            0.12396998703479767,
            0.02784203365445137,
            -0.027559679001569748
        ],
        [
            0.13374564051628113,
            0.025971978902816772,
            -0.02154509723186493
        ],
        [
            0.14931176602840424,
            -0.07100042700767517,
            -0.07065054029226303
        ],
        [
            0.14501619338989258,
            -0.06998120993375778,
            -0.06975288689136505
        ],
        [
            0.12700407207012177,
            -0.011823568493127823,
            -0.030424736440181732
        ],
        [
            0.09509376436471939,
            -0.034313369542360306,
            -0.042693257331848145
        ],
        [
            0.12418758124113083,
            -0.008074279874563217,
            -0.020001176744699478
        ],
        [
            0.13281023502349854,
            0.002231731079518795,
            -0.06551867723464966
        ],
        [
            0.1410800665616989,
            0.0019420348107814789,
            -0.061839427798986435
        ],
        [
            0.14372660219669342,
            -0.0010706349276006222,
            -0.06498763710260391
        ],
        [
            0.13939808309078217,
            -0.0014593773521482944,
            -0.06958070397377014
        ],
        [
            0.1459154337644577,
            -0.05031365156173706,
            -0.07185225933790207
        ],
        [
            0.14717549085617065,
            -0.053724635392427444,
            -0.06728427857160568
        ],
        [
            0.15090838074684143,
            -0.05539211630821228,
            -0.06909717619419098
        ],
        [
            0.15018987655639648,
            -0.052462831139564514,
            -0.07407142221927643
        ],
        [
            0.12816017866134644,
            -0.05270179733633995,
            -0.05332402139902115
        ],
        [
            0.12408518046140671,
            -0.057467762380838394,
            -0.05231868475675583
        ],
        [
            0.12864524126052856,
            -0.058488763868808746,
            -0.055739279836416245
        ],
        [
            0.13111098110675812,
            -0.053126052021980286,
            -0.05678268149495125
        ],
        [
            0.12021736800670624,
            -0.060458168387413025,
            -0.05599973350763321
        ],
        [
            0.12490442395210266,
            -0.062283579260110855,
            -0.05919184908270836
        ],
        [
            0.14302009344100952,
            -0.05050647631287575,
            -0.07762886583805084
        ],
        [
            0.13923367857933044,
            -0.055251963436603546,
            -0.08198907226324081
        ],
        [
            0.1262257844209671,
            -0.048107754439115524,
            -0.07547761499881744
        ],
        [
            0.13247545063495636,
            -0.04540588706731796,
            -0.07128587365150452
        ],
        [
            0.09793302416801453,
            0.01245862990617752,
            -0.028909746557474136
        ],
        [
            0.10425713658332825,
            0.02127896249294281,
            -0.026396486908197403
        ],
        [
            0.11274875700473785,
            0.01677248813211918,
            -0.03818869590759277
        ],
        [
            0.1205931082367897,
            0.013257548213005066,
            -0.05061376467347145
        ],
        [
            0.12813416123390198,
            0.008451327681541443,
            -0.061552852392196655
        ],
        [
            0.12025614082813263,
            -9.141489863395691e-05,
            -0.06599145382642746
        ],
        [
            0.11683478206396103,
            0.022996285930275917,
            -0.034793704748153687
        ],
        [
            0.12614133954048157,
            -0.03988492488861084,
            -0.06713205575942993
        ],
        [
            0.11781399697065353,
            -0.04272111877799034,
            -0.07064615190029144
        ],
        [
            0.12042371928691864,
            -0.03783788904547691,
            -0.06963066756725311
        ],
        [
            0.12898720800876617,
            -0.002451028674840927,
            -0.0190444178879261
        ],
        [
            0.13993173837661743,
            -0.06889630109071732,
            -0.0686473399400711
        ],
        [
            0.07043719291687012,
            -0.005981963127851486,
            0.000423528254032135
        ],
        [
            0.0727311372756958,
            0.00660078227519989,
            -0.004669100046157837
        ],
        [
            0.07645171880722046,
            0.0009809695184230804,
            -0.010307647287845612
        ],
        [
            0.07482419908046722,
            -0.013768419623374939,
            -0.0041479915380477905
        ],
        [
            0.1458384096622467,
            -0.0597507506608963,
            -0.06424158811569214
        ],
        [
            0.14320583641529083,
            -0.06548994034528732,
            -0.064427450299263
        ],
        [
            0.1455731987953186,
            -0.0051900362595915794,
            -0.0537010133266449
        ],
        [
            0.1471186876296997,
            -0.007556168828159571,
            -0.05895915627479553
        ],
        [
            0.14792294800281525,
            -0.004076940473169088,
            -0.06104356050491333
        ],
        [
            0.14930854737758636,
            -0.0013442039489746094,
            -0.055555425584316254
        ],
        [
            0.10717667639255524,
            0.025614401325583458,
            -0.023539181798696518
        ],
        [
            0.14520429074764252,
            0.019892489537596703,
            -0.052318744361400604
        ],
        [
            0.1369706392288208,
            0.016677943989634514,
            -0.059737712144851685
        ],
        [
            0.09662213176488876,
            0.024851130321621895,
            -0.01627502590417862
        ],
        [
            0.09060415625572205,
            0.017548788338899612,
            -0.01872716099023819
        ],
        [
            0.08565956354141235,
            0.021702293306589127,
            -0.011402115225791931
        ],
        [
            0.12028041481971741,
            -0.014757120981812477,
            -0.07061807811260223
        ],
        [
            0.09493494033813477,
            0.004861066117882729,
            -0.03179825469851494
        ],
        [
            0.08785498142242432,
            0.01062045618891716,
            -0.020435310900211334
        ],
        [
            0.08179246634244919,
            0.015282150357961655,
            -0.011795513331890106
        ],
        [
            0.07738266885280609,
            0.019428938627243042,
            -0.006051085889339447
        ],
        [
            0.08216926455497742,
            0.02600073255598545,
            -0.0061363354325294495
        ],
        [
            0.13768616318702698,
            -0.06095461919903755,
            -0.08143705129623413
        ],
        [
            0.14499971270561218,
            -0.05762729048728943,
            -0.08369742333889008
        ],
        [
            0.07719473540782928,
            0.03180212527513504,
            -0.0012058764696121216
        ],
        [
            0.0724472925066948,
            0.023851405829191208,
            -0.0008616670966148376
        ],
        [
            0.08466000854969025,
            0.002015005797147751,
            -0.021089401096105576
        ],
        [
            0.08189666271209717,
            -0.009451672434806824,
            -0.020588383078575134
        ],
        [
            0.09179934859275818,
            -0.0032698288559913635,
            -0.031930986791849136
        ],
        [
            0.08938427269458771,
            -0.014696629717946053,
            -0.032592516392469406
        ],
        [
            0.1113523319363594,
            -0.021079054102301598,
            -0.072151780128479
        ],
        [
            0.1635594218969345,
            -0.0612756572663784,
            -0.08534832298755646
        ],
        [
            0.15349219739437103,
            -0.056447017937898636,
            -0.08316370099782944
        ],
        [
            0.15481166541576385,
            -0.05485374853014946,
            -0.07771214842796326
        ],
        [
            0.1642901748418808,
            -0.05858340486884117,
            -0.08205963671207428
        ],
        [
            0.14802685379981995,
            -0.05301239341497421,
            -0.07955823093652725
        ],
        [
            0.15047653019428253,
            -0.060664426535367966,
            -0.08547745645046234
        ],
        [
            0.08902962505817413,
            -0.029623717069625854,
            -0.029002375900745392
        ],
        [
            0.1322627067565918,
            -0.040609296411275864,
            -0.0615948885679245
        ],
        [
            0.08282925188541412,
            -0.0272627305239439,
            -0.013346638530492783
        ],
        [
            0.09485363215208054,
            -0.045763589441776276,
            -0.028239242732524872
        ],
        [
            0.09265244752168655,
            -0.044984638690948486,
            -0.015353590250015259
        ],
        [
            0.07755793631076813,
            -0.02613520249724388,
            0.003866545855998993
        ],
        [
            0.08781148493289948,
            -0.04144328087568283,
            -0.0002050250768661499
        ],
        [
            0.06858457624912262,
            -0.010175999253988266,
            0.012165680527687073
        ],
        [
            0.0728352963924408,
            -0.01673179492354393,
