{
    "pred_cam": [
        8.119938850402832,
        -0.09040544927120209,
        -0.06828441470861435
    ],
    "pred_mano_params": {
        "global_orient": [
            [
                [
                    0.4198644757270813,
                    -0.8837131261825562,
                    0.20679695904254913
                ],
                [
                    -0.9062767624855042,
                    -0.4204680323600769,
                    0.043232426047325134
                ],
                [
                    0.048746444284915924,
                    -0.20556704699993134,
                    -0.9774282574653625
                ]
            ]
        ],
        "hand_pose": [
            [
                [
                    0.7485273480415344,
                    -0.6541861295700073,
                    -0.10838472843170166
                ],
                [
                    0.6515620946884155,
                    0.7559707164764404,
                    -0.06304879486560822
                ],
                [
                    0.12318132817745209,
                    -0.023425627499818802,
                    0.992107629776001
                ]
            ],
            [
                [
                    0.8881107568740845,
                    -0.42300593852996826,
                    0.17979228496551514
                ],
                [
                    0.45304635167121887,
                    0.8716065287590027,
                    -0.18721918761730194
                ],
                [
                    -0.07751329988241196,
                    0.24772560596466064,
                    0.9657244086265564
                ]
            ],
            [
                [
                    0.8317435383796692,
                    -0.5299747586250305,
                    -0.16531623899936676
                ],
                [
                    0.5315688848495483,
                    0.8461542725563049,
                    -0.03817778080701828
                ],
                [
                    0.1601162850856781,
                    -0.05612283945083618,
                    0.9855014681816101
                ]
            ],
            [
                [
                    0.49303513765335083,
                    -0.8633540868759155,
                    -0.10740530490875244
                ],
                [
                    0.8667333126068115,
                    0.4767179489135742,
                    0.14667421579360962
                ],
                [
                    -0.0754297599196434,
                    -0.16540731489658356,
                    0.9833364486694336
                ]
            ],
            [
                [
                    0.8236293196678162,
                    -0.503843367099762,
                    -0.26033955812454224
                ],
                [
                    0.5610024333000183,
                    0.791107714176178,
                    0.24377229809761047
                ],
                [
                    0.08313357084989548,
                    -0.3468290865421295,
                    0.9342368841171265
                ]
            ],
            [
                [
                    0.7786611914634705,
                    -0.6209672093391418,
                    -0.08992491662502289
                ],
                [
                    0.6262921094894409,
                    0.7778898477554321,
                    0.0514349602162838
                ],
                [
                    0.03801225870847702,
                    -0.0963696762919426,
                    0.9946194887161255
                ]
            ],
            [
                [
                    0.4337545931339264,
                    -0.6765729784965515,
                    0.5950680375099182
                ],
                [
                    0.4658876061439514,
                    0.7337014675140381,
                    0.4946017861366272
                ],
                [
                    -0.7712364792823792,
                    0.06269900500774384,
                    0.633453369140625
                ]
            ],
            [
                [
                    0.8278642892837524,
                    -0.43411555886268616,
                    -0.35522446036338806
                ],
                [
                    0.5595076680183411,
                    0.684126079082489,
                    0.46789175271987915
                ],
                [
                    0.03989922255277634,
                    -0.5861016511917114,
                    0.80925452709198
                ]
            ],
            [
                [
                    0.675468921661377,
                    -0.6178886890411377,
                    0.4024367332458496
                ],
                [
                    0.5472216010093689,
                    0.7858477830886841,
                    0.2880830764770508
                ],
                [
                    -0.49425724148750305,
                    0.0256308913230896,
                    0.8689377903938293
                ]
            ],
            [
                [
                    0.5415268540382385,
                    -0.79825758934021,
                    0.26369205117225647
                ],
                [
                    0.7744045853614807,
                    0.5957316160202026,
                    0.21307595074176788
                ],
                [
                    -0.3271791934967041,
                    0.08881799131631851,
                    0.9407789707183838
                ]
            ],
            [
                [
                    0.7538051009178162,
                    -0.5862421989440918,
                    -0.296813040971756
                ],
                [
                    0.6569116115570068,
                    0.6615695953369141,
                    0.3616529405117035
                ],
                [
                    -0.01565374806523323,
                    -0.46759575605392456,
                    0.8838038444519043
                ]
            ],
            [
                [
                    0.6324561238288879,
                    -0.7624836564064026,
                    0.13644731044769287
                ],
                [
                    0.7043638825416565,
                    0.639411211013794,
                    0.3082610070705414
                ],
                [
                    -0.32228994369506836,
                    -0.09885302186012268,
                    0.941465437412262
                ]
            ],
            [
                [
                    0.9580622911453247,
                    -0.15453024208545685,
                    -0.2413235604763031
                ],
                [
                    -0.18216079473495483,
                    0.3216702342033386,
                    -0.9291639924049377
                ],
                [
                    0.2212105393409729,
                    0.9341566562652588,
                    0.280030757188797
                ]
            ],
            [
                [
                    0.9550999402999878,
                    -0.28582942485809326,
                    -0.07801051437854767
                ],
                [
                    0.266330361366272,
                    0.7128854393959045,
                    0.6487391591072083
                ],
                [
                    -0.1298161745071411,
                    -0.6403872966766357,
                    0.7570018768310547
                ]
            ],
            [
                [
                    0.9761615991592407,
                    0.21698075532913208,
                    0.00527708837762475
                ],
                [
                    -0.20989921689033508,
                    0.9499320387840271,
                    -0.23145510256290436
                ],
                [
                    -0.05523417890071869,
                    0.22482994198799133,
                    0.9728312492370605
                ]
            ]
        ],
        "betas": [
            -0.06731340289115906,
            -0.022410154342651367,
            -0.06175610423088074,
            0.06676033139228821,
            0.05471658706665039,
            -0.021192047744989395,
            0.008885353803634644,
            -0.01312457025051117,
            -0.024172812700271606,
            0.01210010051727295
        ]
    },
    "pred_cam_t": [
        -0.09040544927120209,
        -0.06828441470861435,
        4.8106889724731445
    ],
    "focal_length": [
        5000.0,
        5000.0
    ],
    "pred_keypoints_3d": [
        [
            0.09604942053556442,
            0.006426997482776642,
            0.006199401803314686
        ],
        [
            0.10505321621894836,
            0.036025576293468475,
            -0.01711583137512207
        ],
        [
            0.11142700165510178,
            0.06630196422338486,
            -0.017666686326265335
        ],
        [
            0.1123218685388565,
            0.09345166385173798,
            -0.01618872582912445
        ],
        [
            0.11375460028648376,
            0.12943622469902039,
            -0.021998930722475052
        ],
        [
            0.06779679656028748,
            0.08971144258975983,
            -0.017307281494140625
        ],
        [
            0.07222550362348557,
            0.12226169556379318,
            -0.012939304113388062
        ],
        [
            0.08767252415418625,
            0.13761089742183685,
            -0.008131738752126694
        ],
        [
            0.10879883170127869,
            0.14494788646697998,
            0.004004906862974167
        ],
        [
            0.05677921324968338,
            0.09301963448524475,
            0.00519227609038353
        ],
        [
            0.07308179140090942,
            0.11908338218927383,
            0.013331945054233074
        ],
        [
            0.09501025825738907,
            0.12418755143880844,
            0.01954757794737816
        ],
        [
            0.11980944871902466,
            0.11801216006278992,
            0.021661963313817978
        ],
        [
            0.05958666279911995,
            0.0812808945775032,
            0.029171381145715714
        ],
        [
            0.07211315631866455,
            0.10733650624752045,
            0.028217004612088203
        ],
        [
            0.09544935077428818,
            0.11175847053527832,
            0.0356295071542263
        ],
        [
            0.11805613338947296,
            0.1020803451538086,
            0.03260994702577591
        ],
        [
            0.06691674888134003,
            0.0713486596941948,
            0.04722978547215462
        ],
        [
            0.07420092076063156,
            0.09102916717529297,
            0.0442563071846962
        ],
        [
            0.09139245748519897,
            0.0985858142375946,
            0.047441255301237106
        ],
        [
            0.10741826146841049,
            0.09517516195774078,
            0.04288074001669884
        ]
    ],
    "pred_vertices": [
        [
            0.09295594692230225,
            0.05920154228806496,
            -0.008263977244496346
        ],
        [
            0.09776081889867783,
            0.04932579770684242,
            -0.006346844136714935
        ],
        [
            0.09916124492883682,
            0.0576837956905365,
            -0.008294603787362576
        ],
        [
            0.09440212696790695,
            0.06600121408700943,
            -0.013048432767391205
        ],
        [
            0.11616677045822144,
            0.04572130739688873,
            -0.0024466533213853836
        ],
        [
            0.12369693070650101,
            0.04150114953517914,
            -0.010709065943956375
        ],
        [
            0.12330389767885208,
            0.05838872492313385,
            -0.011168471537530422
        ],
        [
            0.11777564883232117,
            0.059648267924785614,
            -0.0029719816520810127
        ],
        [
            0.09412461519241333,
            0.0716528445482254,
            -0.016376812011003494
        ],
        [
            0.10082438588142395,
            0.06538817286491394,
            -0.009476538747549057
        ],
        [
            0.09289859980344772,
            0.07253184169530869,
            -0.018082452937960625
        ],
        [
            0.08123074471950531,
            0.07493819296360016,
            -0.027232538908720016
        ],
        [
            0.08589567244052887,
            0.07604759931564331,
            -0.022568736225366592
        ],
        [
            0.07400450110435486,
            0.07909923046827316,
            -0.029031619429588318
        ],
        [
            0.07673468440771103,
            0.06597298383712769,
            -0.030777331441640854
        ],
        [
            0.06522669643163681,
            0.07545937597751617,
            -0.02838488295674324
        ],
        [
            0.061330195516347885,
            0.050702597945928574,
            -0.011766130104660988
        ],
        [
            0.05935794487595558,
            0.046389397233724594,
            0.0012887369375675917
        ],
        [
            0.05139382183551788,
            0.0624050609767437,
            0.0028082886710762978
        ],
        [
            0.055091407150030136,
            0.0655067041516304,
            -0.010383443906903267
        ],
        [
            0.05583764612674713,
            0.05333735793828964,
            0.02149103581905365
        ],
        [
            0.0530061200261116,
            0.059019893407821655,
            0.011337082833051682
        ],
        [
            0.05961446091532707,
            0.04261788725852966,
            0.009592977352440357
        ],
        [
            0.06195372715592384,
            0.03839283436536789,
            0.01872822642326355
        ],
        [
            0.09184493869543076,
            0.04998619481921196,
            0.004373691976070404
        ],
        [
            0.09704162180423737,
            0.04037267714738846,
            0.005189422518014908
        ],
        [
            0.09641650319099426,
            0.04261990264058113,
            -0.00041540293022990227
        ],
        [
            0.09214389324188232,
            0.05222289264202118,
            -0.0008342345245182514
        ],
        [
            0.09966514259576797,
            0.07449890673160553,
            -0.021892961114645004
        ],
        [
            0.09394478797912598,
            0.06363434344530106,
            -0.02984001114964485
        ],
        [
            0.09085603803396225,
            0.06879357993602753,
            -0.024965161457657814
        ],
        [
            0.10008613765239716,
            0.07609876990318298,
            -0.016436612233519554
        ],
        [
            0.11349830776453018,
            0.019208230078220367,
            0.01733473688364029
        ],
        [
            0.11365509033203125,
            0.00593055784702301,
            0.014375796541571617
        ],
        [
            0.11405285447835922,
            0.006562195718288422,
            0.00846316758543253
        ],
        [
            0.11335378140211105,
            0.018380507826805115,
            0.012197261676192284
        ],
        [
            0.12006598711013794,
            0.018370814621448517,
            -0.009151309728622437
        ],
        [
            0.116672582924366,
            0.00795631855726242,
            -0.009484002366662025
        ],
        [
            0.11297114193439484,
            0.0011400580406188965,
            -0.020164482295513153
        ],
        [
            0.1146245002746582,
            0.01201387494802475,
            -0.022437456995248795
        ],
        [
            0.12228894233703613,
            0.030176840722560883,
            -0.010100261308252811
        ],
        [
            0.12048560380935669,
            0.025162331759929657,
            -0.0224135909229517
        ],
        [
            0.1232554167509079,
            0.03885973244905472,
            -0.021578166633844376
        ],
        [
            0.12288717925548553,
            0.057184405624866486,
            -0.020282259210944176
        ],
        [
            0.1099361926317215,
            0.0032354220747947693,
            0.026388587430119514
        ],
        [
            0.10984978079795837,
            0.012686103582382202,
            0.03047148510813713
        ],
        [
            0.0841379463672638,
            0.12063322961330414,
            -0.015696007758378983
        ],
        [
            0.08428545296192169,
            0.12055077403783798,
            -0.009742040187120438
        ],
        [
            0.08322251588106155,
            0.11648708581924438,
            -0.010801880620419979
        ],
        [
            0.08294899761676788,
            0.11758142709732056,
            -0.01653655618429184
        ],
        [
            0.09179678559303284,
            0.0028434619307518005,
            0.035492148250341415
        ],
        [
            0.0825716182589531,
            4.836171865463257e-05,
            0.03241157531738281
        ],
        [
            0.08648799359798431,
            -0.006085649132728577,
            0.033133722841739655
        ],
        [
            0.09554769098758698,
            -0.0036254823207855225,
            0.03412292152643204
        ],
        [
            0.08687039464712143,
            0.011395111680030823,
            0.0372607447206974
        ],
        [
            0.07770039886236191,
            0.008877307176589966,
            0.031063849106431007
        ],
        [
            0.07458089292049408,
            0.12828247249126434,
            -0.019819827750325203
        ],
        [
            0.0789562538266182,
            0.1257699429988861,
            -0.021013543009757996
        ],
        [
            0.0756029337644577,
            0.12232353538274765,
            -0.022017009556293488
        ],
        [
            0.07100117206573486,
            0.12378722429275513,
            -0.020088529214262962
        ],
        [
            0.08888530731201172,
            0.07346659898757935,
            -0.016840798780322075
        ],
        [
            0.0892636626958847,
            0.06836104393005371,
            -0.009380372241139412
        ],
        [
            0.0800393745303154,
            0.08710451424121857,
            -0.016040774062275887
        ],
        [
            0.08246095478534698,
            0.0799175500869751,
            -0.01280749961733818
        ],
        [
            0.08298996835947037,
            0.07977506518363953,
            -0.01973450370132923
        ],
        [
            0.07983557879924774,
            0.08547894656658173,
            -0.022071417421102524
        ],
        [
            0.08063370734453201,
            0.06944963335990906,
            0.008391765877604485
        ],
        [
            0.08573844283819199,
            0.05896469205617905,
            0.007728614844381809
        ],
        [
            0.08572425693273544,
            0.06205681338906288,
            0.001801403472200036
        ],
        [
            0.08114299178123474,
            0.0741339847445488,
            0.0010924837552011013
        ],
        [
            0.08726628869771957,
            0.05545108765363693,
            0.021445274353027344
        ],
        [
            0.08165474236011505,
            0.06581471860408783,
            0.020902805030345917
        ],
        [
            0.08310848474502563,
            0.06253261864185333,
            0.028781995177268982
        ],
        [
            0.08776051551103592,
            0.056193020194768906,
            0.027950923889875412
        ],
        [
            0.07186126708984375,
            0.08302952349185944,
            0.016646740958094597
        ],
        [
            0.06913769990205765,
            0.08768162131309509,
            0.015951674431562424
        ],
        [
            0.07012118399143219,
            0.08731135725975037,
            0.019021786749362946
        ],
        [
            0.07232345640659332,
            0.0814768448472023,
            0.02006790041923523
        ],
        [
            0.08947139233350754,
            -0.012568451464176178,
            0.03317950665950775
        ],
        [
            0.09884591400623322,
            -0.00979451835155487,
            0.031887300312519073
        ],
        [
            0.06273958086967468,
            0.04639487341046333,
            0.04114832729101181
        ],
        [
            0.07152878493070602,
            0.04306371510028839,
            0.04753890633583069
        ],
        [
            0.06613592803478241,
            0.0555269718170166,
            0.051572009921073914
        ],
        [
            0.05736170709133148,
            0.05570071563124657,
            0.04361120983958244
        ],
        [
            0.07579319179058075,
            5.605071783065796e-05,
            0.024473799392580986
        ],
        [
            0.0784769058227539,
            -0.006894119083881378,
            0.027016393840312958
        ],
        [
            0.07111752778291702,
            0.12991267442703247,
            -0.014953560195863247
        ],
        [
            0.06806246191263199,
            0.12477298080921173,
            -0.014900347217917442
        ],
        [
            0.1140071228146553,
            0.034119613468647,
            -0.031513847410678864
        ],
        [
            0.11746704578399658,
            0.055870912969112396,
            -0.028501935303211212
        ],
        [
            0.10902952402830124,
            0.017712891101837158,
            -0.03029978834092617
        ],
        [
            0.10421398282051086,
            0.006762117147445679,
            -0.027364004403352737
        ],
        [
            0.10266122967004776,
            -0.0026479288935661316,
            -0.025714246556162834
        ],
        [
            0.08008359372615814,
            0.0822501853108406,
            -0.0069925314746797085
        ],
        [
            0.08890265226364136,
            0.06142574921250343,
            -0.0032222969457507133
        ],
        [
            0.09198929369449615,
            0.04834680259227753,
            0.009308078326284885
        ],
        [
            0.09462322294712067,
            0.045573461800813675,
            0.040173519402742386
        ],
        [
            0.09985578060150146,
            0.03645198047161102,
            0.03911186382174492
        ],
        [
            0.09965091198682785,
            0.04213503748178482,
            0.02991577424108982
        ],
        [
            0.09454438090324402,
            0.048703789710998535,
            0.032648831605911255
        ],
        [
            0.08058460056781769,
            0.046193040907382965,
            0.05037675425410271
        ],
        [
            0.08617495000362396,
            0.05113550275564194,
            0.04691622778773308
        ],
        [
            0.08130224049091339,
            0.058665212243795395,
            0.0484730526804924
        ],
        [
            0.07516783475875854,
            0.05593658983707428,
            0.05268620699644089
        ],
        [
            0.10388574004173279,
            0.07398390769958496,
            -0.027920935302972794
        ],
        [
            0.09871228039264679,
            0.059599291533231735,
            -0.0337039977312088
        ],
        [
            0.10175216197967529,
            0.006541870534420013,
            0.034910742193460464
        ],
        [
            0.10454930365085602,
            0.0001961439847946167,
            0.03121977299451828
        ],
        [
            0.10572163760662079,
            -0.007922537624835968,
            0.028735244646668434
        ],
        [
            0.10607607662677765,
            0.02995242178440094,
            0.009832695126533508
        ],
        [
            0.11339043825864792,
            0.017837882041931152,
            0.008576294407248497
        ],
        [
            0.11390931904315948,
            0.01928871124982834,
            0.004385694861412048
        ],
        [
            0.104782834649086,
            0.030186131596565247,
            0.006169644650071859
        ],
        [
            0.10452966392040253,
            0.040647901594638824,
            -0.002030966803431511
        ],
        [
            0.11488576233386993,
            0.032392218708992004,
            -0.001924801617860794
        ],
        [
            0.10588045418262482,
            0.051411401480436325,
            -0.0013791266828775406
        ],
        [
            0.11527720093727112,
            0.0059015825390815735,
            0.00033858371898531914
        ],
        [
            0.11653617024421692,
            -0.003286421298980713,
            0.006504821591079235
        ],
        [
            0.11667950451374054,
            -0.003036193549633026,
            -0.0024158204905688763
        ],
        [
            0.11427684873342514,
            -0.004860207438468933,
            0.015933746472001076
        ],
        [
            0.11072774231433868,
            -0.00639815628528595,
            0.02397502027451992
        ],
        [
            0.07883777469396591,
            -0.015340566635131836,
            0.028342993929982185
        ],
        [
            0.11529660224914551,
            -0.002338699996471405,
            -0.010577185079455376
        ],
        [
            0.11805319786071777,
            0.06916531175374985,
            -0.005791661329567432
        ],
        [
            0.1183401569724083,
            0.07771355658769608,
            -0.008518056944012642
        ],
        [
            0.1113569587469101,
            0.0777098685503006,
            -0.0060596764087677
        ],
        [
            0.11028540134429932,
            0.07006286084651947,
            -0.00389043428003788
        ],
        [
            0.06873977929353714,
            0.08604800701141357,
            -0.028742626309394836
        ],
        [
            0.07611432671546936,
            0.08640221506357193,
            -0.026571597903966904
        ],
        [
            0.08056600391864777,
            0.07935497164726257,
            -0.02620983123779297
        ],
        [
            0.1090521514415741,
            0.02819722145795822,
            0.023424888029694557
        ],
        [
            0.10636579245328903,
            0.02227448672056198,
            0.03434503823518753
        ],
        [
            0.07771497964859009,
            0.08956895768642426,
            -0.010421313345432281
        ],
        [
            0.06794047355651855,
            0.11946051567792892,
            -0.02066071704030037
        ],
        [
            0.07317066192626953,
            0.1179424598813057,
            -0.023011749610304832
        ],
        [
            0.06952700763940811,
            0.09986616671085358,
            -0.02667292207479477
        ],
        [
            0.06325426697731018,
            0.10179676115512848,
            -0.02414914034307003
        ],
        [
            0.07092306762933731,
            0.09564065933227539,
            -0.006497990805655718
        ],
        [
            0.07661756873130798,
            0.09320068359375,
            -0.009989975951611996
        ],
        [
            0.07579199969768524,
            0.09526102244853973,
            -0.009379584342241287
        ],
        [
            0.07211682200431824,
            0.09849666804075241,
            -0.00489291176199913
        ],
        [
            0.07204150408506393,
            0.08284269273281097,
            0.026989584788680077
        ],
        [
            0.07412070035934448,
            0.0773724913597107,
            0.027757816016674042
        ],
        [
            0.05277051776647568,
            0.08127734810113907,
            -0.007328113075345755
        ],
        [
            0.05294109880924225,
            0.08061563968658447,
            -0.02129032462835312
        ],
        [
            0.05844540148973465,
            0.06893351674079895,
            -0.02216000109910965
        ],
        [
            0.08119643479585648,
            0.06653641164302826,
            0.015298360958695412
        ],
        [
            0.07657862454652786,
            0.07567630708217621,
            0.016667423769831657
        ],
        [
            0.07668084651231766,
            0.07429903745651245,
            0.0206486564129591
        ],
        [
            0.07756262272596359,
            0.08477713167667389,
            -0.0038470299914479256
        ],
        [
            0.07454968243837357,
            0.09083687514066696,
            -0.005307849030941725
        ],
        [
            0.07366129010915756,
            0.08788066357374191,
            -0.001286439597606659
        ],
        [
            0.07713639736175537,
            0.08212152123451233,
            0.0008037802763283253
        ],
        [
            0.07634392380714417,
            0.030868545174598694,
            0.04418905824422836
        ],
        [
            0.08684118092060089,
            0.03470662608742714,
            0.04795508086681366
        ],
        [
            0.08232077211141586,
            0.12276582419872284,
            -0.019636711105704308
        ],
        [
            0.08006074279546738,
            0.11974257230758667,
            -0.020664719864726067
        ],
        [
            0.08624312281608582,
            0.05633335933089256,
            0.0144857969135046
        ],
        [
            0.06594716012477875,
            0.055755916982889175,
            -0.02177860215306282
        ],
        [
            0.09248928725719452,
            0.04677804931998253,
            0.014609841629862785
        ],
        [
            0.05625680088996887,
            0.07241620123386383,
            0.033760134130716324
        ],
        [
            0.06279917806386948,
            0.07532819360494614,
            0.03741699457168579
        ],
        [
            0.06443352997303009,
            0.08139415830373764,
            0.0366511344909668
        ],
        [
            0.058909930288791656,
            0.08171402662992477,
            0.03440764546394348
        ],
        [
            0.07441935688257217,
            0.11354252696037292,
            -0.002645078580826521
        ],
        [
            0.07953254133462906,
            0.11281239986419678,
            -0.005359136499464512
        ],
        [
            0.08078500628471375,
            0.1169469952583313,
            -0.005039018113166094
        ],
        [
            0.07591478526592255,
            0.11886335909366608,
            -0.002285374328494072
        ],
        [
            0.07896623760461807,
            0.09181757271289825,
            -0.0152890644967556
        ],
        [
            0.07886896282434464,
            0.09105826169252396,
            -0.02157003991305828
        ],
        [
            0.07908269017934799,
            0.09608334302902222,
            -0.020047158002853394
        ],
        [
            0.07819191366434097,
            0.09583374857902527,
            -0.014032552018761635
        ],
        [
            0.07470543682575226,
            0.09212744981050491,
            -0.026144230738282204
        ],
        [
            0.07525995373725891,
            0.09750833362340927,
            -0.025062255561351776
        ],
        [
            0.06839132308959961,
            0.11575251817703247,
            -0.003611377440392971
        ],
        [
            0.06411713361740112,
            0.11851735413074493,
            -0.00915537215769291
        ],
        [
            0.059403419494628906,
            0.10211723297834396,
            -0.010638702660799026
        ],
        [
            0.06545018404722214,
            0.10225477814674377,
            -0.0053588347509503365
        ],
        [
            0.06621723622083664,
            0.023836269974708557,
            0.016186483204364777
        ],
        [
            0.0692221075296402,
            0.02154037356376648,
            0.026735398918390274
        ],
        [
            0.06481320410966873,
            0.035918038338422775,
            0.02962987683713436
        ],
        [
            0.05909818038344383,
            0.04982077702879906,
            0.03316132724285126
        ],
        [
            0.05463041737675667,
            0.06334488838911057,
            0.03529813885688782
        ],
        [
            0.04986502230167389,
            0.06566557288169861,
            0.02428898960351944
        ],
        [
            0.06808245182037354,
            0.03313484787940979,
            0.03675901144742966
        ],
        [
            0.062404245138168335,
            0.09100271016359329,
            -0.004585718736052513
        ],
        [
            0.05645505711436272,
            0.09063222259283066,
            -0.011040451005101204
        ],
        [
            0.056804150342941284,
            0.08809025585651398,
            -0.005595795810222626
        ],
        [
            0.09421426057815552,
            0.04613391309976578,
            0.02190331555902958
        ],
        [
            0.07809670269489288,
            0.11582484841346741,
            -0.022101273760199547
        ],
        [
            0.08166326582431793,
            0.0004895105957984924,
            -0.01844555139541626
        ],
        [
            0.07521945983171463,
            -0.002204291522502899,
            -0.006473868619650602
        ],
        [
            0.07389818876981735,
            0.006401777267456055,
            -0.008139042183756828
        ],
        [
            0.08223520219326019,
            0.010077111423015594,
            -0.02153078280389309
        ],
        [
            0.08263874053955078,
            0.11269930005073547,
            -0.01156958844512701
        ],
        [
            0.0823964774608612,
            0.11361821740865707,
            -0.017877504229545593
        ],
        [
            0.07459608465433121,
            0.07708355784416199,
            0.03437558189034462
        ],
        [
            0.07235616445541382,
            0.08243921399116516,
            0.032762471586465836
        ],
        [
            0.07064081728458405,
            0.08300770819187164,
            0.03528175130486488
        ],
        [
            0.07375531643629074,
            0.07905544340610504,
            0.039160046726465225
        ],
        [
            0.07200902700424194,
            0.019396118819713593,
            0.03164064884185791
        ],
        [
            0.06644938141107559,
            0.06578128039836884,
            0.05283296853303909
        ],
        [
            0.05775903910398483,
            0.06456374377012253,
            0.04591355845332146
        ],
        [
            0.07282017916440964,
            0.009145908057689667,
            0.02382981777191162
        ],
        [
            0.0696754902601242,
            0.010777495801448822,
            0.014662021771073341
        ],
        [
            0.07209905236959457,
            0.0012907832860946655,
            0.014177056029438972
        ],
        [
            0.05002107098698616,
            0.07576129585504532,
            0.013001171872019768
        ],
        [
            0.06431411951780319,
            0.027789823710918427,
            0.008617074228823185
        ],
        [
            0.06868476420640945,
            0.013840347528457642,
            0.007643288932740688
        ],
        [
            0.07156193256378174,
            0.0026389509439468384,
            0.006742575205862522
        ],
        [
            0.07297208905220032,
            -0.005624338984489441,
            0.006762176752090454
        ],
        [
            0.07353928685188293,
            -0.00622355192899704,
            0.014915372245013714
        ],
        [
            0.06500096619129181,
            0.11968477070331573,
            -0.015007438138127327
        ],
        [
            0.06697887927293777,
            0.12462930381298065,
            -0.008119856007397175
        ],
        [
            0.07363405078649521,
            -0.01528330147266388,
            0.016000494360923767
        ],
        [
            0.07362791150808334,
            -0.014048159122467041,
            0.006745468359440565
        ],
        [
            0.06881889700889587,
            0.016981273889541626,
            -0.0011111036874353886
        ],
        [
            0.07094050198793411,
            0.02130568027496338,
            -0.012047573924064636
        ],
        [
            0.064802385866642,
            0.030436597764492035,
            0.00019395933486521244
        ],
        [
            0.06608665734529495,
            0.03561728075146675,
            -0.010357467457652092
        ],
        [
            0.04546418786048889,
            0.07505053281784058,
            0.0027443040162324905
        ],
        [
            0.0794706791639328,
            0.13796299695968628,
            -0.003170501906424761
        ],
        [
            0.07285837084054947,
            0.12839820981025696,
            -0.0033263633958995342
        ],
        [
            0.07719863206148148,
            0.12468753755092621,
            -0.0020279157906770706
        ],
        [
            0.0815603956580162,
            0.1348210573196411,
            -0.0008249878883361816
        ],
        [
            0.0707087591290474,
            0.12165822088718414,
            -0.003126957453787327
        ],
        [
            0.0702333077788353,
            0.12994742393493652,
            -0.008189590647816658
        ],
        [
            0.07312572002410889,
            0.04163266718387604,
            -0.0231799129396677
        ],
        [
            0.07043363153934479,
            0.09217488765716553,
            -0.0022929850965738297
        ],
        [
            0.08254961669445038,
            0.02758610248565674,
            -0.026622332632541656
        ],
        [
            0.08122970163822174,
            0.053571414202451706,
            -0.03296125680208206
        ],
        [
            0.09084774553775787,
            0.044341884553432465,
            -0.034638818353414536
        ],
        [
            0.0940198227763176,
            0.013994485139846802,
            -0.030302483588457108
        ],
        [
            0.10033686459064484,
            0.030769221484661102,
            -0.03554839268326759
        ],
        [
            0.09162603318691254,
            -0.00484088808298111,
            -0.02414597012102604
        ],
        [
            0.09132075309753418,
            0.00429593026638031,
            -0.02613682486116886
        ],
        [
            0.1062927171587944,
            0.04821892827749252,
            -0.035199712961912155
        ],
        [
            0.08971171081066132,
