{
    "pred_cam": [
        7.088571548461914,
        -0.09151127189397812,
        -0.07710263878107071
    ],
    "pred_mano_params": {
        "global_orient": [
            [
                [
                    0.4148325026035309,
                    -0.8934053778648376,
                    0.172455295920372
                ],
                [
                    -0.9095203280448914,
                    -0.4126029908657074,
                    0.05031387507915497
                ],
                [
                    0.02620488777756691,
                    -0.17772343754768372,
                    -0.9837314486503601
                ]
            ]
        ],
        "hand_pose": [
            [
                [
                    0.7731946110725403,
                    -0.6241558194160461,
                    -0.11224771291017532
                ],
                [
                    0.6140075922012329,
                    0.7810691595077515,
                    -0.11369067430496216
                ],
                [
                    0.15863393247127533,
                    0.01898406818509102,
                    0.9871549010276794
                ]
            ],
            [
                [
                    0.8940333724021912,
                    -0.41456547379493713,
                    0.16982299089431763
                ],
                [
                    0.4353569746017456,
                    0.8933831453323364,
                    -0.11104411631822586
                ],
                [
                    -0.10568195581436157,
                    0.1732107698917389,
                    0.9791983366012573
                ]
            ],
            [
                [
                    0.8374003171920776,
                    -0.5442984700202942,
                    -0.04999956488609314
                ],
                [
                    0.5317739844322205,
                    0.8324394226074219,
                    -0.15575937926769257
                ],
                [
                    0.12640121579170227,
                    0.10384447127580643,
                    0.9865288138389587
                ]
            ],
            [
                [
                    0.5842288732528687,
                    -0.808690071105957,
                    -0.06853441148996353
                ],
                [
                    0.8094900846481323,
                    0.574567437171936,
                    0.12082237750291824
                ],
                [
                    -0.058330222964286804,
                    -0.12606585025787354,
                    0.990305483341217
                ]
            ],
            [
                [
                    0.8490411639213562,
                    -0.4766996502876282,
                    -0.2277861386537552
                ],
                [
                    0.5268986821174622,
                    0.7956820130348206,
                    0.29877740144729614
                ],
                [
                    0.03881824389100075,
                    -0.3736945390701294,
                    0.9267392158508301
                ]
            ],
            [
                [
                    0.8262690305709839,
                    -0.5616053342819214,
                    0.04334843531250954
                ],
                [
                    0.5578456521034241,
                    0.8265368342399597,
                    0.07513360679149628
                ],
                [
                    -0.07802450656890869,
                    -0.03789883106946945,
                    0.9962309002876282
                ]
            ],
            [
                [
                    0.48168307542800903,
                    -0.6706112027168274,
                    0.5641471743583679
                ],
                [
                    0.4502084255218506,
                    0.7416678071022034,
                    0.4972335994243622
                ],
                [
                    -0.7518602013587952,
                    0.014474806375801563,
                    0.6591636538505554
                ]
            ],
            [
                [
                    0.8460778594017029,
                    -0.4221231937408447,
                    -0.32552140951156616
                ],
                [
                    0.531446635723114,
                    0.7154370546340942,
                    0.4535572826862335
                ],
                [
                    0.04143301770091057,
                    -0.5567420721054077,
                    0.829651415348053
                ]
            ],
            [
                [
                    0.6454363465309143,
                    -0.6262694001197815,
                    0.4372625946998596
                ],
                [
                    0.5675215125083923,
                    0.7763519883155823,
                    0.27422070503234863
                ],
                [
                    -0.5112056732177734,
                    0.07116391509771347,
                    0.8565071821212769
                ]
            ],
            [
                [
                    0.5985754728317261,
                    -0.7586344480514526,
                    0.25725698471069336
                ],
                [
                    0.7363929748535156,
                    0.6475175619125366,
                    0.1960776448249817
                ],
                [
                    -0.3153296709060669,
                    0.07207497209310532,
                    0.9462411999702454
                ]
            ],
            [
                [
                    0.772077739238739,
                    -0.5632497072219849,
                    -0.2943563759326935
                ],
                [
                    0.6352846026420593,
                    0.6711902022361755,
                    0.38199102878570557
                ],
                [
                    -0.01758720725774765,
                    -0.48192688822746277,
                    0.8760349154472351
                ]
            ],
            [
                [
                    0.6662847995758057,
                    -0.7010651230812073,
                    0.2541106939315796
                ],
                [
                    0.6200866103172302,
                    0.7101681232452393,
                    0.3333972990512848
                ],
                [
                    -0.4141945540904999,
                    -0.06456689536571503,
                    0.9078953266143799
                ]
            ],
            [
                [
                    0.9611906409263611,
                    -0.0966673418879509,
                    -0.2583949863910675
                ],
                [
                    -0.20604053139686584,
                    0.3713229298591614,
                    -0.905354380607605
                ],
                [
                    0.18346615135669708,
                    0.9234580397605896,
                    0.3369947373867035
                ]
            ],
            [
                [
                    0.9516580104827881,
                    -0.29784640669822693,
                    -0.07506296783685684
                ],
                [
                    0.2748188078403473,
                    0.7164917588233948,
                    0.6411818265914917
                ],
                [
                    -0.13719171285629272,
                    -0.6308145523071289,
                    0.7637088894844055
                ]
            ],
            [
                [
                    0.9651781916618347,
                    0.26074886322021484,
                    -0.021001162007451057
                ],
                [
                    -0.25498634576797485,
                    0.9198354482650757,
                    -0.2981352210044861
                ],
                [
                    -0.0584208182990551,
                    0.29310864210128784,
                    0.9542925357818604
                ]
            ]
        ],
        "betas": [
            -0.11124908924102783,
            -0.008089065551757812,
            -0.0743822455406189,
            0.09740105271339417,
            0.06804010272026062,
            -0.0428837314248085,
            0.004830837249755859,
            -0.0362873375415802,
            -0.024298369884490967,
            -0.003094106912612915
        ]
    },
    "pred_cam_t": [
        -0.09151127189397812,
        -0.07710263878107071,
        5.5106306076049805
    ],
    "focal_length": [
        5000.0,
        5000.0
    ],
    "pred_keypoints_3d": [
        [
            0.09626426547765732,
            0.006447941996157169,
            0.006202762480825186
        ],
        [
            0.10471393167972565,
            0.03627535328269005,
            -0.017228245735168457
        ],
        [
            0.1105329692363739,
            0.06663410365581512,
            -0.020036904141306877
        ],
        [
            0.1113620325922966,
            0.09388895332813263,
            -0.02002813294529915
        ],
        [
            0.11215407401323318,
            0.12991532683372498,
            -0.027004428207874298
        ],
        [
            0.06771409511566162,
            0.09034600853919983,
            -0.0156576968729496
        ],
        [
            0.07098516821861267,
            0.12297411262989044,
            -0.0104030417278409
        ],
        [
            0.08571501076221466,
            0.1390981525182724,
            -0.005657368805259466
        ],
        [
            0.10753819346427917,
            0.1475517600774765,
            0.004782740026712418
        ],
        [
            0.057496458292007446,
            0.09351085871458054,
            0.007312541361898184
        ],
        [
            0.07108205556869507,
            0.1212209090590477,
            0.015144847333431244
        ],
        [
            0.0922703668475151,
            0.12956443428993225,
            0.020498543977737427
        ],
        [
            0.11790779232978821,
            0.13052017986774445,
            0.01986217126250267
        ],
        [
            0.06108749285340309,
            0.08149995654821396,
            0.031141728162765503
        ],
        [
            0.07193143665790558,
            0.10834208130836487,
            0.030096791684627533
        ],
        [
            0.09522867202758789,
            0.11465520411729813,
            0.03633705526590347
        ],
        [
            0.11860868334770203,
            0.1099962592124939,
            0.029788069427013397
        ],
        [
            0.06901898980140686,
            0.07135321199893951,
            0.04888605326414108
        ],
        [
            0.07586155831813812,
            0.09130670130252838,
            0.04639290273189545
        ],
        [
            0.0928739607334137,
            0.0997389405965805,
            0.048410478979349136
        ],
        [
            0.1083763986825943,
            0.09702520817518234,
            0.042259473353624344
        ]
    ],
    "pred_vertices": [
        [
            0.09304513782262802,
            0.05952514335513115,
            -0.007826022803783417
        ],
        [
            0.09793981909751892,
            0.04975162446498871,
            -0.006174539215862751
        ],
        [
            0.09921759366989136,
            0.05837063118815422,
            -0.008732142858207226
        ],
        [
            0.09432217478752136,
            0.06647205352783203,
            -0.0129131730645895
        ],
        [
            0.11657844483852386,
            0.04676958546042442,
            -0.0038842689245939255
        ],
        [
            0.12374120950698853,
            0.042329054325819016,
            -0.01243720855563879
        ],
        [
            0.12304425239562988,
            0.05929616838693619,
            -0.013735304586589336
        ],
        [
            0.11790509521961212,
            0.0608169361948967,
            -0.005289757624268532
        ],
        [
            0.09384182095527649,
            0.0722690224647522,
            -0.016677387058734894
        ],
        [
            0.10074546933174133,
            0.06619130074977875,
            -0.010486511513590813
        ],
        [
            0.09236600995063782,
            0.07315964996814728,
            -0.01891188882291317
        ],
        [
            0.08052950352430344,
            0.07543501257896423,
            -0.02684294804930687
        ],
        [
            0.08548765629529953,
            0.07659929245710373,
            -0.022107861936092377
        ],
        [
            0.07338517159223557,
            0.07967904955148697,
            -0.028043193742632866
        ],
        [
            0.07580583542585373,
            0.06633266806602478,
            -0.030227944254875183
        ],
        [
            0.06464337557554245,
            0.07593373209238052,
            -0.027081478387117386
        ],
        [
            0.061167750507593155,
            0.05112205073237419,
            -0.010239792987704277
        ],
        [
            0.05964694172143936,
            0.04674884304404259,
            0.0028896378353238106
        ],
        [
            0.05202309787273407,
            0.06271339952945709,
            0.0047901952639222145
        ],
        [
            0.055208951234817505,
            0.06592489778995514,
            -0.008541039191186428
        ],
        [
            0.0569739006459713,
            0.053476106375455856,
            0.023296229541301727
        ],
        [
            0.053828801959753036,
            0.05925210937857628,
            0.013267137110233307
        ],
        [
            0.060156114399433136,
            0.04289102926850319,
            0.011176235042512417
        ],
        [
            0.06278407573699951,
            0.038558479398489,
            0.020214667543768883
        ],
        [
            0.09232532978057861,
            0.050145093351602554,
            0.004913704935461283
        ],
        [
            0.09751878678798676,
            0.040446121245622635,
            0.005549564491957426
        ],
        [
            0.09675862640142441,
            0.04278428852558136,
            2.2219493985176086e-05
        ],
        [
            0.0924663096666336,
            0.052427440881729126,
            -0.00029609911143779755
        ],
        [
            0.09866128116846085,
            0.07481023669242859,
            -0.023926714435219765
        ],
        [
            0.09276723861694336,
            0.06384676694869995,
            -0.030694033950567245
        ],
        [
            0.08995196223258972,
            0.06919156014919281,
            -0.025731731206178665
        ],
        [
            0.09934956580400467,
            0.0766589567065239,
            -0.018546342849731445
        ],
        [
            0.1142486184835434,
            0.019029729068279266,
            0.016880158334970474
        ],
        [
            0.11422082781791687,
            0.005750983953475952,
            0.013777587562799454
        ],
        [
            0.11442103981971741,
            0.006449438631534576,
            0.00786026194691658
        ],
        [
            0.11393488198518753,
            0.018263377249240875,
            0.01177956722676754
        ],
        [
            0.12007330358028412,
            0.018548734486103058,
            -0.009950859472155571
        ],
        [
            0.11646287143230438,
            0.008009925484657288,
            -0.010159102268517017
        ],
        [
            0.11226355284452438,
            0.0012219399213790894,
            -0.02087557315826416
        ],
        [
            0.11386688798666,
            0.012090779840946198,
            -0.023212650790810585
        ],
        [
            0.12243078649044037,
            0.030735783278942108,
            -0.01123955100774765
        ],
        [
            0.11990614235401154,
            0.02536609023809433,
            -0.02354305237531662
        ],
        [
            0.12269581854343414,
            0.03928834944963455,
            -0.023265516385436058
        ],
        [
            0.12215067446231842,
            0.05763157457113266,
            -0.02279302105307579
        ],
        [
            0.11088145524263382,
            0.002959802746772766,
            0.025926629081368446
        ],
        [
            0.11100208014249802,
            0.01238686591386795,
            0.030112603679299355
        ],
        [
            0.08253656327724457,
            0.1222497746348381,
            -0.013584164902567863
        ],
        [
            0.08280959725379944,
            0.12193027883768082,
            -0.007643029559403658
        ],
        [
            0.0817786231637001,
            0.11808286607265472,
            -0.00869794562458992
        ],
        [
            0.08133663237094879,
            0.11934253573417664,
            -0.014440106227993965
        ],
        [
            0.09300463646650314,
            0.0025980696082115173,
            0.035691797733306885
        ],
        [
            0.08361950516700745,
            -0.00010786950588226318,
            0.03289815038442612
        ],
        [
            0.08753004670143127,
            -0.006283804774284363,
            0.03342914208769798
        ],
        [
            0.09666556119918823,
            -0.0038932114839553833,
            0.034126926213502884
        ],
        [
            0.08820001035928726,
            0.011179693043231964,
            0.037721604108810425
        ],
        [
            0.07875391095876694,
            0.008781112730503082,
            0.03179622069001198
        ],
        [
            0.07280178368091583,
            0.1300925612449646,
            -0.017168864607810974
        ],
        [
            0.07717811316251755,
            0.1276330202817917,
            -0.01855398155748844
        ],
        [
            0.07380054146051407,
            0.12426280230283737,
            -0.01962074637413025
        ],
        [
            0.06925562024116516,
            0.12574751675128937,
            -0.017551003023982048
        ],
        [
            0.08874384313821793,
            0.07394590973854065,
            -0.01624276675283909
        ],
        [
            0.08937184512615204,
            0.06873241811990738,
            -0.008695092983543873
        ],
        [
            0.07999676465988159,
            0.08787944912910461,
            -0.014734426513314247
        ],
        [
            0.08251849561929703,
            0.08042466640472412,
            -0.011768266558647156
        ],
        [
            0.0828322023153305,
            0.08037365972995758,
            -0.018779832869768143
        ],
        [
            0.0796399936079979,
            0.08629319816827774,
            -0.020861690863966942
        ],
        [
            0.08135879039764404,
            0.06972697377204895,
            0.009479609318077564
        ],
        [
            0.086383156478405,
            0.05917457118630409,
            0.008548907935619354
        ],
        [
            0.08618022501468658,
            0.062326829880476,
            0.0026351490523666143
        ],
        [
            0.08164077252149582,
            0.07449498772621155,
            0.0021868532057851553
        ],
        [
            0.08838261663913727,
            0.05551561713218689,
            0.022209741175174713
        ],
        [
            0.08280856162309647,
            0.06596051156520844,
            0.02194988541305065
        ],
        [
            0.0845550149679184,
            0.06260327994823456,
            0.029755253344774246
        ],
        [
            0.08912303298711777,
            0.056206438690423965,
            0.02871529944241047
        ],
        [
            0.07300937175750732,
            0.08346563577651978,
            0.018246296793222427
        ],
        [
            0.07009267807006836,
            0.08854109793901443,
            0.01785382255911827
        ],
        [
            0.07100071012973785,
            0.08801893889904022,
            0.020701033994555473
        ],
        [
            0.0734955444931984,
            0.08186143636703491,
            0.021599818021059036
        ],
        [
            0.09047001600265503,
            -0.012796126306056976,
            0.03331455588340759
        ],
        [
            0.09984265267848969,
            -0.010070420801639557,
            0.031713344156742096
        ],
        [
            0.06459611654281616,
            0.046388160437345505,
            0.0426507443189621
        ],
        [
            0.07359015941619873,
            0.04296555742621422,
            0.04871773347258568
        ],
        [
            0.06863652169704437,
            0.05539821833372116,
            0.053031351417303085
        ],
        [
            0.05957547202706337,
            0.05566553771495819,
            0.045393653213977814
        ],
        [
            0.07652251422405243,
            2.1219253540039062e-05,
            0.02518169954419136
        ],
        [
            0.07926143705844879,
            -0.00697752833366394,
            0.027574053034186363
        ],
        [
            0.06944360584020615,
            0.13157117366790771,
            -0.012192649766802788
        ],
        [
            0.06641282141208649,
            0.12665393948554993,
            -0.01223638653755188
        ],
        [
            0.11290108412504196,
            0.03413934260606766,
            -0.03256923705339432
        ],
        [
            0.11628833413124084,
            0.05592384189367294,
            -0.030643198639154434
        ],
        [
            0.10795232653617859,
            0.01775110512971878,
            -0.030810903757810593
        ],
        [
            0.10322482883930206,
            0.006851255893707275,
            -0.027677403762936592
        ],
        [
            0.10169312357902527,
            -0.0025081709027290344,
            -0.026069819927215576
        ],
        [
            0.08033686131238937,
            0.08275918662548065,
            -0.005813003517687321
        ],
        [
            0.0891919806599617,
            0.06171590834856033,
            -0.002527490956708789
        ],
        [
            0.09262597560882568,
            0.04845811799168587,
            0.009829563088715076
        ],
        [
            0.09638616442680359,
            0.045407336205244064,
            0.04063022881746292
        ],
        [
            0.10150812566280365,
            0.036217786371707916,
            0.039314404129981995
        ],
        [
            0.10100886225700378,
            0.04200543090701103,
            0.03016621433198452
        ],
        [
            0.0960487425327301,
            0.04861363023519516,
            0.03312848508358002
        ],
        [
            0.08278372883796692,
            0.04602907970547676,
            0.051281899213790894
        ],
        [
            0.08826404809951782,
            0.05099208280444145,
            0.047684233635663986
        ],
        [
            0.08360148966312408,
            0.05858820676803589,
            0.049404509365558624
        ],
        [
            0.07769376784563065,
            0.05580158904194832,
            0.05380167439579964
        ],
        [
            0.10257553309202194,
            0.07400661706924438,
            -0.030196942389011383
        ],
        [
            0.09732890129089355,
            0.05963202193379402,
            -0.034767378121614456
        ],
        [
            0.102993443608284,
            0.006241530179977417,
            0.034791890531778336
        ],
        [
            0.1056220680475235,
            -9.959191083908081e-05,
            0.030935514718294144
        ],
        [
            0.10663583874702454,
            -0.008213460445404053,
            0.028320854529738426
        ],
        [
            0.1066761463880539,
            0.02992880344390869,
            0.009833022952079773
        ],
        [
            0.11386168003082275,
            0.017766043543815613,
            0.0081956647336483
        ],
        [
            0.11431704461574554,
            0.01928676664829254,
            0.004054125864058733
        ],
        [
            0.1053168773651123,
            0.030220039188861847,
            0.006309995427727699
        ],
        [
            0.1050163060426712,
            0.04136209189891815,
            -0.002187657169997692
        ],
        [
            0.11541739106178284,
            0.03303054720163345,
            -0.0024811550974845886
        ],
        [
            0.10626007616519928,
            0.05247008427977562,
            -0.0023759454488754272
        ],
        [
            0.11538654565811157,
            0.005858652293682098,
            -0.000293082557618618
        ],
        [
            0.11676974594593048,
            -0.003420822322368622,
            0.005711867939680815
        ],
        [
            0.1166125163435936,
            -0.003088235855102539,
            -0.003223360050469637
        ],
        [
            0.11481180787086487,
            -0.0050774142146110535,
            0.015221262350678444
        ],
        [
            0.11149787157773972,
            -0.0066731274127960205,
            0.023382151499390602
        ],
        [
            0.07961455732584,
            -0.015444986522197723,
            0.028820373117923737
        ],
        [
            0.11493600904941559,
            -0.0023162662982940674,
            -0.011357352137565613
        ],
        [
            0.1178971379995346,
            0.0702429786324501,
            -0.008651952259242535
        ],
        [
            0.11792914569377899,
            0.07866980880498886,
            -0.011857335455715656
        ],
        [
            0.11103704571723938,
            0.0787353515625,
            -0.009039328433573246
        ],
        [
            0.11018896102905273,
            0.07113711535930634,
            -0.006345248781144619
        ],
        [
            0.06824710965156555,
            0.08681818097829819,
            -0.027388902381062508
        ],
        [
            0.07573574036359787,
            0.08726029098033905,
            -0.025316717103123665
        ],
        [
            0.08011706918478012,
            0.07998903840780258,
            -0.025344954803586006
        ],
        [
            0.11006750166416168,
            0.028011687099933624,
            0.023211142048239708
        ],
        [
            0.10772660374641418,
            0.02199021726846695,
            0.03419732302427292
        ],
        [
            0.07770654559135437,
            0.09030446410179138,
            -0.008967702277004719
        ],
        [
            0.0665583536028862,
            0.12102263420820236,
            -0.018196770921349525
        ],
        [
            0.07177772372961044,
            0.1196543350815773,
            -0.020620740950107574
        ],
        [
            0.06902741640806198,
            0.10110035538673401,
            -0.024696392938494682
        ],
        [
            0.06266837567090988,
            0.10280326008796692,
            -0.02218100056052208
        ],
        [
            0.07066550850868225,
            0.09638828784227371,
            -0.004688797984272242
        ],
        [
            0.07632743567228317,
            0.09405726194381714,
            -0.008228312246501446
        ],
        [
            0.07533176243305206,
            0.09616364538669586,
            -0.007500821724534035
        ],
        [
            0.0715319886803627,
            0.0992216095328331,
            -0.002982816658914089
        ],
        [
            0.07328867167234421,
            0.08341564983129501,
            0.028507743030786514
        ],
        [
            0.07558197528123856,
            0.07767803221940994,
            0.02917523682117462
        ],
        [
            0.0530412532389164,
            0.08168303221464157,
            -0.00530866626650095
        ],
        [
            0.05278107523918152,
            0.08111204206943512,
            -0.01941622793674469
        ],
        [
            0.05810796841979027,
            0.06937969475984573,
            -0.020480304956436157
        ],
        [
            0.08215142786502838,
            0.06673837453126907,
            0.01635712757706642
        ],
        [
            0.07764590531587601,
            0.07595507800579071,
            0.017978768795728683
        ],
        [
            0.07786382734775543,
            0.07453718781471252,
            0.021952517330646515
        ],
        [
            0.07789783924818039,
            0.08530104905366898,
            -0.0025432270485907793
        ],
        [
            0.07468533515930176,
            0.09148027747869492,
            -0.0037681572139263153
        ],
        [
            0.0741524025797844,
            0.08845559507608414,
            0.00023763393983244896
        ],
        [
            0.0776599645614624,
            0.08256866037845612,
            0.0021196387242525816
        ],
        [
            0.07809261232614517,
            0.03072478622198105,
            0.045152682811021805
        ],
        [
            0.08877992630004883,
            0.03447289764881134,
            0.048599593341350555
        ],
        [
            0.08059833943843842,
            0.1245642676949501,
            -0.01739816926419735
        ],
        [
            0.07832551747560501,
            0.1216382086277008,
            -0.018455911427736282
        ],
        [
            0.08710859715938568,
            0.056467510759830475,
            0.015280267223715782
        ],
        [
            0.06541944295167923,
            0.05612119659781456,
            -0.02047617733478546
        ],
        [
            0.09330341219902039,
            0.046834565699100494,
            0.015111393295228481
        ],
        [
            0.05782930925488472,
            0.07241608947515488,
            0.035795025527477264
        ],
        [
            0.06446614116430283,
            0.07536247372627258,
            0.03921787068247795
        ],
        [
            0.06578826904296875,
            0.08160778880119324,
            0.03840390592813492
        ],
        [
            0.06010311096906662,
            0.0818270668387413,
            0.03643295541405678
        ],
        [
            0.0733000859618187,
            0.11457344889640808,
            -0.0003689895384013653
        ],
        [
            0.07843192666769028,
            0.11398714780807495,
            -0.0030586672946810722
        ],
        [
            0.07935099303722382,
            0.1183609813451767,
            -0.0028711832128465176
        ],
        [
            0.07445918768644333,
            0.12015984952449799,
            -7.2750262916088104e-06
        ],
        [
            0.07869906723499298,
            0.0928320437669754,
            -0.013578344136476517
        ],
        [
            0.07859141379594803,
            0.09214276820421219,
            -0.019972791895270348
        ],
        [
            0.07864236831665039,
            0.09734367579221725,
            -0.018120447173714638
        ],
        [
            0.07772375643253326,
            0.09691818058490753,
            -0.012120380997657776
        ],
        [
            0.07434786111116409,
            0.09329549968242645,
            -0.0244591161608696
        ],
        [
            0.07482558488845825,
            0.09882882237434387,
            -0.023114340379834175
        ],
        [
            0.06718483567237854,
            0.11676112562417984,
            -0.0012712329626083374
        ],
        [
            0.06276718527078629,
            0.11970396339893341,
            -0.006678298115730286
        ],
        [
            0.058733608573675156,
            0.10266219824552536,
            -0.008712885901331902
        ],
        [
            0.06474854052066803,
            0.1028231531381607,
            -0.0034217354841530323
        ],
        [
            0.06682850420475006,
            0.023987047374248505,
            0.017405128106474876
        ],
        [
            0.07020093500614166,
            0.021573446691036224,
            0.027848679572343826
        ],
        [
            0.06602872163057327,
            0.035972509533166885,
            0.03101162053644657
        ],
        [
            0.06064912676811218,
            0.049866385757923126,
            0.034837622195482254
        ],
        [
            0.05649330094456673,
            0.06336193531751633,
            0.03727060928940773
        ],
        [
            0.05125882476568222,
            0.06571263074874878,
            0.026437031105160713
        ],
        [
            0.06955826282501221,
            0.0331156924366951,
            0.038007427006959915
        ],
        [
            0.06253661215305328,
            0.09186376631259918,
            -0.0026507326401770115
        ],
        [
            0.056314438581466675,
            0.09107578545808792,
            -0.009214520454406738
        ],
        [
            0.056926991790533066,
            0.08860301226377487,
            -0.003587567713111639
        ],
        [
            0.09529188275337219,
            0.04611782729625702,
            0.02235502563416958
        ],
        [
            0.07684296369552612,
            0.11753775179386139,
            -0.019765831530094147
        ],
        [
            0.08092683553695679,
            0.0007561817765235901,
            -0.01800859533250332
        ],
        [
            0.07485780864953995,
            -0.0019478872418403625,
            -0.005833717994391918
        ],
        [
            0.07354183495044708,
            0.006683662533760071,
            -0.0073745157569646835
        ],
        [
            0.08145138621330261,
            0.0103025883436203,
            -0.021006012335419655
        ],
        [
            0.0815575122833252,
            0.11409617960453033,
            -0.009251091629266739
        ],
        [
            0.08126325905323029,
            0.11525353789329529,
            -0.015592943876981735
        ],
        [
            0.0762694925069809,
            0.07733172178268433,
            0.03574368730187416
        ],
        [
            0.07377851009368896,
            0.08290146291255951,
            0.03425760567188263
        ],
        [
            0.07199549674987793,
            0.08348751813173294,
            0.036866411566734314
        ],
        [
            0.07552975416183472,
            0.07926445454359055,
            0.040542811155319214
        ],
        [
            0.07316423207521439,
            0.01936088502407074,
            0.03265007212758064
        ],
        [
            0.06906981766223907,
            0.06545978784561157,
            0.0545337051153183
        ],
        [
            0.06009463593363762,
            0.06438872218132019,
            0.04795097932219505
        ],
        [
            0.07359162718057632,
            0.009153559803962708,
            0.024714592844247818
        ],
        [
            0.0701378658413887,
            0.010898604989051819,
            0.015648238360881805
        ],
        [
            0.07246872782707214,
            0.0013845264911651611,
            0.014999210834503174
        ],
        [
            0.050879500806331635,
            0.07598061859607697,
            0.015155266039073467
        ],
        [
            0.06470084190368652,
            0.028035372495651245,
            0.00991545058786869
        ],
        [
            0.0689299926161766,
            0.01404447853565216,
            0.008668985217809677
        ],
        [
            0.07168351858854294,
            0.002808995544910431,
            0.007571210153400898
        ],
        [
            0.07302986830472946,
            -0.005475826561450958,
            0.007473118137568235
        ],
        [
            0.07387404143810272,
            -0.006154701113700867,
            0.015624825842678547
        ],
        [
            0.06358473002910614,
            0.12115402519702911,
            -0.012479187920689583
        ],
        [
            0.06537345796823502,
            0.12617817521095276,
            -0.005508148577064276
        ],
        [
            0.07394429296255112,
            -0.015228256583213806,
            0.01663072593510151
        ],
        [
            0.07361331582069397,
            -0.013902619481086731,
            0.007363556884229183
        ],
        [
            0.06877387315034866,
            0.01727471500635147,
            -8.614733815193176e-05
        ],
        [
            0.07054658234119415,
            0.021609842777252197,
            -0.01104101724922657
        ],
        [
            0.06491047143936157,
            0.030765444040298462,
            0.0014689457602798939
        ],
        [
            0.0658564567565918,
            0.03599981591105461,
            -0.009089927189052105
        ],
        [
            0.046294815838336945,
            0.07519091665744781,
            0.004993996117264032
        ],
        [
            0.07785505056381226,
            0.13902901113033295,
            -0.00032990332692861557
        ],
        [
            0.07127668708562851,
            0.1293676197528839,
            -0.0006598136387765408
        ],
        [
            0.07574282586574554,
            0.125678151845932,
            0.0004039672203361988
        ],
        [
            0.08010046184062958,
            0.13593032956123352,
            0.0020037004724144936
        ],
        [
            0.06918666511774063,
            0.12296973913908005,
            -0.000698599498718977
        ],
        [
            0.06857790052890778,
            0.13120757043361664,
            -0.005461915396153927
        ],
        [
            0.07242941856384277,
            0.04188689589500427,
            -0.02221270091831684
        ],
        [
            0.07081176340579987,
            0.09305150806903839,
            -0.00046266638673841953
        ],
        [
            0.08162972331047058,
            0.027663975954055786,
            -0.02602674998342991
        ],
        [
            0.08007767051458359,
            0.05373479053378105,
            -0.03261617571115494
        ],
        [
            0.0895644873380661,
            0.04432762414216995,
            -0.03469102829694748
        ],
        [
            0.09287532418966293,
            0.014037877321243286,
            -0.030186863616108894
        ],
        [
            0.09897784888744354,
            0.03064793348312378,
            -0.03585900738835335
        ],
        [
            0.09066247195005417,
            -0.004621520638465881,
            -0.024123331531882286
        ],
        [
            0.09032624959945679,
            0.004460327327251434,
            -0.026002993807196617
        ],
        [
            0.10484415292739868,
            0.04804196581244469,
            -0.036342803388834
        ],
        [
            0.08835714310407639,
