{
    "pred_cam": [
        6.462230682373047,
        0.08353275060653687,
        -0.09082784503698349
    ],
    "pred_mano_params": {
        "global_orient": [
            [
                [
                    0.21003036201000214,
                    -0.42443233728408813,
                    0.8807636499404907
                ],
                [
                    -0.8567295670509338,
                    -0.5139397978782654,
                    -0.04336399585008621
                ],
                [
                    0.4710644781589508,
                    -0.7454684376716614,
                    -0.47156670689582825
                ]
            ]
        ],
        "hand_pose": [
            [
                [
                    0.8384565114974976,
                    -0.4422656297683716,
                    -0.3184206783771515
                ],
                [
                    0.41614794731140137,
                    0.8968580961227417,
                    -0.14988824725151062
                ],
                [
                    0.35186856985092163,
                    -0.0068353321403265,
                    0.9360244274139404
                ]
            ],
            [
                [
                    0.9925618171691895,
                    0.11119721084833145,
                    0.04955863952636719
                ],
                [
                    -0.10089586675167084,
                    0.979161262512207,
                    -0.17624789476394653
                ],
                [
                    -0.06812416762113571,
                    0.16993670165538788,
                    0.9830974340438843
                ]
            ],
            [
                [
                    0.9357565641403198,
                    -0.3525567352771759,
                    0.00796431489288807
                ],
                [
                    0.31997495889663696,
                    0.8393508791923523,
                    -0.43943843245506287
                ],
                [
                    0.14824213087558746,
                    0.41375574469566345,
                    0.898237407207489
                ]
            ],
            [
                [
                    0.8884336352348328,
                    -0.45285892486572266,
                    -0.07486167550086975
                ],
                [
                    0.44034233689308167,
                    0.8869324326515198,
                    -0.13946163654327393
                ],
                [
                    0.12955370545387268,
                    0.09093767404556274,
                    0.9873935580253601
                ]
            ],
            [
                [
                    0.995682418346405,
                    0.09119489043951035,
                    -0.017318779602646828
                ],
                [
                    -0.08221452683210373,
                    0.9530065655708313,
                    0.2915807366371155
                ],
                [
                    0.04309559985995293,
                    -0.2888979911804199,
                    0.9563894271850586
                ]
            ],
            [
                [
                    0.9650169610977173,
                    -0.23787569999694824,
                    -0.11025961488485336
                ],
                [
                    0.2448579967021942,
                    0.9680184125900269,
                    0.05463515222072601
                ],
                [
                    0.09373694658279419,
                    -0.07972180098295212,
                    0.9923999309539795
                ]
            ],
            [
                [
                    0.7979387044906616,
                    -0.4083327353000641,
                    0.4433489441871643
                ],
                [
                    0.4600304663181305,
                    0.8878440856933594,
                    -0.01024097390472889
                ],
                [
                    -0.3894430100917816,
                    0.21212568879127502,
                    0.89629065990448
                ]
            ],
            [
                [
                    0.9657437801361084,
                    -0.20519250631332397,
                    -0.15885552763938904
                ],
                [
                    0.25150132179260254,
                    0.8909074664115906,
                    0.3781943917274475
                ],
                [
                    0.06392291933298111,
                    -0.40519121289253235,
                    0.9119945168495178
                ]
            ],
            [
                [
                    0.8893681764602661,
                    -0.42172127962112427,
                    0.17656582593917847
                ],
                [
                    0.41290482878685,
                    0.9067189693450928,
                    0.08585043251514435
                ],
                [
                    -0.19630053639411926,
                    -0.003447746392339468,
                    0.9805377721786499
                ]
            ],
            [
                [
                    0.9182610511779785,
                    -0.38201355934143066,
                    0.10422264784574509
                ],
                [
                    0.39502522349357605,
                    0.9019820690155029,
                    -0.17430837452411652
                ],
                [
                    -0.027418803423643112,
                    0.20123115181922913,
                    0.9791600108146667
                ]
            ],
            [
                [
                    0.9994567632675171,
                    -0.001768087618984282,
                    -0.03291024640202522
                ],
                [
                    0.012743675149977207,
                    0.9416236877441406,
                    0.3364259600639343
                ],
                [
                    0.030394230037927628,
                    -0.3366625905036926,
                    0.9411346912384033
                ]
            ],
            [
                [
                    0.951343297958374,
                    -0.2792409360408783,
                    -0.13027030229568481
                ],
                [
                    0.29081082344055176,
                    0.9534281492233276,
                    0.0800243392586708
                ],
                [
                    0.10185728967189789,
                    -0.1140146404504776,
                    0.9882437586784363
                ]
            ],
            [
                [
                    0.9834560751914978,
                    0.08577320724725723,
                    -0.15955302119255066
                ],
                [
                    -0.17461161315441132,
                    0.6833191514015198,
                    -0.7089328169822693
                ],
                [
                    0.04821818321943283,
                    0.7250640988349915,
                    0.6869913935661316
                ]
            ],
            [
                [
                    0.89780193567276,
                    -0.24041351675987244,
                    -0.3689890503883362
                ],
                [
                    0.4143047332763672,
                    0.7451902031898499,
                    0.5225353837013245
                ],
                [
                    0.1493423879146576,
                    -0.6220072507858276,
                    0.7686376571655273
                ]
            ],
            [
                [
                    0.9494318962097168,
                    0.2892497777938843,
                    -0.1221214085817337
                ],
                [
                    -0.28268757462501526,
                    0.9567703008651733,
                    0.06839873641729355
                ],
                [
                    0.1366264373064041,
                    -0.03041773848235607,
                    0.9901555776596069
                ]
            ]
        ],
        "betas": [
            -0.07241609692573547,
            -0.06114736199378967,
            -0.1184408962726593,
            -0.04048582911491394,
            0.014208436012268066,
            0.017993420362472534,
            0.0727083683013916,
            -0.008087381720542908,
            -0.019322559237480164,
            -0.010183155536651611
        ]
    },
    "pred_cam_t": [
        -0.08353275060653687,
        -0.09082784503698349,
        6.044739246368408
    ],
    "focal_length": [
        5000.0,
        5000.0
    ],
    "pred_keypoints_3d": [
        [
            0.0961354523897171,
            0.006412343587726355,
            0.006232607644051313
        ],
        [
            0.12041498720645905,
            0.03399931639432907,
            -0.005774396006017923
        ],
        [
            0.13509030640125275,
            0.059704285115003586,
            -0.014660151675343513
        ],
        [
            0.13504838943481445,
            0.08581656217575073,
            -0.022333603352308273
        ],
        [
            0.13152074813842773,
            0.114573635160923,
            -0.04409167170524597
        ],
        [
            0.0979766994714737,
            0.08399534970521927,
            -0.04132814705371857
        ],
        [
            0.08771791309118271,
            0.11550456285476685,
            -0.04325702041387558
        ],
        [
            0.08132681995630264,
            0.13689470291137695,
            -0.04285759478807449
        ],
        [
            0.07253886014223099,
            0.1606917381286621,
            -0.03601076453924179
        ],
        [
            0.07379887998104095,
            0.08877234160900116,
            -0.03582782670855522
        ],
        [
            0.06441137939691544,
            0.11923795938491821,
            -0.036191098392009735
        ],
        [
            0.05794812738895416,
            0.14168338477611542,
            -0.03466806933283806
        ],
        [
            0.05002335458993912,
            0.16638416051864624,
            -0.03020348958671093
        ],
        [
            0.057008326053619385,
            0.07994124293327332,
            -0.01687074638903141
        ],
        [
            0.05145816504955292,
            0.1080368310213089,
            -0.021714799106121063
        ],
        [
            0.04567698761820793,
            0.1321481466293335,
            -0.0189167782664299
        ],
        [
            0.03925313800573349,
            0.15651589632034302,
            -0.012621918693184853
        ],
        [
            0.04770200699567795,
            0.07261766493320465,
            0.001535929273813963
        ],
        [
            0.042893186211586,
            0.09325258433818817,
            0.0003420214634388685
        ],
        [
            0.041264235973358154,
            0.1107722744345665,
            0.007681718096137047
        ],
        [
            0.0454968698322773,
            0.1255875527858734,
            0.01686916872859001
        ]
    ],
    "pred_vertices": [
        [
            0.10717863589525223,
            0.057296011596918106,
            -0.01236051321029663
        ],
        [
            0.10935194790363312,
            0.04934367537498474,
            -0.00569576770067215
        ],
        [
            0.11527618765830994,
            0.05760443955659866,
            -0.008837584406137466
        ],
        [
            0.11345656216144562,
            0.06375184655189514,
            -0.015918008983135223
        ],
        [
            0.1249682754278183,
            0.04712027683854103,
            0.007345579564571381
        ],
        [
            0.13515521585941315,
            0.04056869447231293,
            0.006938379257917404
        ],
        [
            0.1395169347524643,
            0.056243810802698135,
            0.0001038871705532074
        ],
        [
            0.13067008554935455,
            0.05994153767824173,
            0.0027020275592803955
        ],
        [
            0.11798101663589478,
            0.06827403604984283,
            -0.02033410780131817
        ],
        [
            0.12001429498195648,
            0.06423702836036682,
            -0.011250071227550507
        ],
        [
            0.11975505948066711,
            0.06688989698886871,
            -0.023890754207968712
        ],
        [
            0.11565468460321426,
            0.06815623492002487,
            -0.03683561086654663
        ],
        [
            0.11502435058355331,
            0.07105383276939392,
            -0.030017295852303505
        ],
        [
            0.1114678680896759,
            0.07223056256771088,
            -0.04328455403447151
        ],
        [
            0.1143035963177681,
            0.057731565088033676,
            -0.04104892164468765
        ],
        [
            0.10485471040010452,
            0.0673530325293541,
            -0.04836607724428177
        ],
        [
            0.08858940005302429,
            0.04494635760784149,
            -0.03694608807563782
        ],
        [
            0.07752581685781479,
            0.04207434132695198,
            -0.029552605003118515
        ],
        [
            0.07271598279476166,
            0.05687682703137398,
            -0.03585491329431534
        ],
        [
            0.08467110991477966,
            0.05892254039645195,
            -0.04219371825456619
        ],
        [
            0.06129946932196617,
            0.050250690430402756,
            -0.01971268840134144
        ],
        [
            0.0670967847108841,
            0.05462769418954849,
            -0.029036376625299454
        ],
        [
            0.07135659456253052,
            0.039230018854141235,
            -0.023618219420313835
        ],
        [
            0.06594132632017136,
            0.03619374707341194,
            -0.01542381476610899
        ],
        [
            0.09594123065471649,
            0.04896087944507599,
            -0.0039640143513679504
        ],
        [
            0.09804777055978775,
            0.040221843868494034,
            0.002178572118282318
        ],
        [
            0.10196336358785629,
            0.04243895038962364,
            -0.001600317656993866
        ],
        [
            0.10016617923974991,
            0.05083365738391876,
            -0.00716545432806015
        ],
        [
            0.12780021131038666,
            0.06541089713573456,
            -0.025618333369493484
        ],
        [
            0.127233624458313,
            0.05462094396352768,
            -0.0305025652050972
        ],
        [
            0.12230926752090454,
            0.06090495362877846,
            -0.02961539849638939
        ],
        [
            0.1253768354654312,
            0.06862735003232956,
            -0.02151397615671158
        ],
        [
            0.0992479920387268,
            0.021716438233852386,
            0.02466864511370659
        ],
        [
            0.1013316735625267,
            0.008349820971488953,
            0.02473675087094307
        ],
        [
            0.10605840384960175,
            0.00844256579875946,
            0.021221376955509186
        ],
        [
            0.10281425714492798,
            0.020475365221500397,
            0.021543744951486588
        ],
        [
            0.12494298815727234,
            0.018240585923194885,
            0.012197315692901611
        ],
        [
            0.12125284969806671,
            0.007800489664077759,
            0.011370863765478134
        ],
        [
            0.12691017985343933,
            -0.000987313687801361,
            0.002324335277080536
        ],
        [
            0.13029329478740692,
            0.008627250790596008,
            -0.0003869198262691498
        ],
        [
            0.13033172488212585,
            0.029822710901498795,
            0.010399919003248215
        ],
        [
            0.13646069169044495,
            0.021237827837467194,
            0.0009689480066299438
        ],
        [
            0.14102038741111755,
            0.03438970819115639,
            -0.001040346920490265
        ],
        [
            0.14399398863315582,
            0.05179418623447418,
            -0.00688263401389122
        ],
        [
            0.08974878489971161,
            0.0066248029470443726,
            0.03009948693215847
        ],
        [
            0.08680178970098495,
            0.016330011188983917,
            0.031245652586221695
        ],
        [
            0.09380622953176498,
            0.12299112230539322,
            -0.03862295299768448
        ],
        [
            0.08895915746688843,
            0.12250186502933502,
            -0.03543446958065033
        ],
        [
            0.09170332551002502,
            0.11730045080184937,
            -0.03478190302848816
        ],
        [
            0.09572645276784897,
            0.11868064105510712,
            -0.03865072876214981
        ],
        [
            0.07110333442687988,
            0.0056475624442100525,
            0.022268492728471756
        ],
        [
            0.06730372458696365,
            0.0017502009868621826,
            0.013718659058213234
        ],
        [
            0.06916149705648422,
            -0.00387437641620636,
            0.018022209405899048
        ],
        [
            0.07440891861915588,
            -0.0005421042442321777,
            0.025130782276391983
        ],
        [
            0.06688661128282547,
            0.013908974826335907,
            0.018495675176382065
        ],
        [
            0.06544902175664902,
            0.009902827441692352,
            0.007965795695781708
        ],
        [
            0.09053601324558258,
            0.12247418612241745,
            -0.05088315159082413
        ],
        [
            0.09421338886022568,
            0.12359608709812164,
            -0.047433800995349884
        ],
        [
            0.09520265460014343,
            0.11852848529815674,
            -0.048578180372714996
        ],
        [
            0.09102337807416916,
            0.11675259470939636,
            -0.05117729306221008
        ],
        [
            0.11174730956554413,
            0.0698341652750969,
            -0.02319127321243286
        ],
        [
            0.10562218725681305,
            0.06565210223197937,
            -0.017147496342658997
        ],
        [
            0.10525950789451599,
            0.08402137458324432,
            -0.03139355778694153
        ],
        [
            0.10409543663263321,
            0.07630468904972076,
            -0.025984428822994232
        ],
        [
            0.11007193475961685,
            0.07563827186822891,
            -0.03015151619911194
        ],
        [
            0.10970471054315567,
            0.08172662556171417,
            -0.03527527302503586
        ],
        [
            0.08624209463596344,
            0.06798883527517319,
            -0.012453990057110786
        ],
        [
            0.08976668119430542,
            0.0577692985534668,
            -0.0076872315257787704
        ],
        [
            0.0943547785282135,
            0.06019534915685654,
            -0.011845793575048447
        ],
        [
            0.09224497526884079,
            0.0718761533498764,
            -0.017359858378767967
        ],
        [
            0.08016859740018845,
            0.05602756887674332,
            0.002685330808162689
        ],
        [
            0.0772804543375969,
            0.0660863071680069,
            -0.0031575430184602737
        ],
        [
            0.07209070026874542,
            0.06403468549251556,
            0.0033966246992349625
        ],
        [
            0.07555386424064636,
            0.05765221267938614,
            0.0071143582463264465
        ],
        [
            0.07427721470594406,
            0.08273575454950333,
            -0.015661034733057022
        ],
        [
            0.07139867544174194,
            0.08820420503616333,
            -0.02021784707903862
        ],
        [
            0.06894794851541519,
            0.08861316740512848,
            -0.017789004370570183
        ],
        [
            0.07152576744556427,
            0.08182511478662491,
            -0.01327938586473465
        ],
        [
            0.0709015280008316,
            -0.009994558990001678,
            0.021192725747823715
        ],
        [
            0.07807116210460663,
            -0.006554000079631805,
            0.027033310383558273
        ],
        [
            0.05063064396381378,
            0.046344492584466934,
            -0.00133551936596632
        ],
        [
            0.05098433792591095,
            0.04506814852356911,
            0.009800219908356667
        ],
        [
            0.04447343200445175,
            0.05623285099864006,
            0.0066941287368535995
        ],
        [
            0.045861393213272095,
            0.05453383922576904,
            -0.004474683664739132
        ],
        [
            0.06893418729305267,
            0.0002929419279098511,
            0.003521239385008812
        ],
        [
            0.06855998933315277,
            -0.006051614880561829,
            0.008182605728507042
        ],
        [
            0.08448398858308792,
            0.1211819127202034,
            -0.0514913909137249
        ],
        [
            0.08521890640258789,
            0.11536609381437302,
            -0.05062437802553177
        ],
        [
            0.13878142833709717,
            0.026632100343704224,
            -0.012343082576990128
        ],
        [
            0.14374102652072906,
            0.04764842242002487,
            -0.015353556722402573
        ],
        [
            0.1318770796060562,
            0.01184876263141632,
            -0.010587617754936218
        ],
        [
            0.12602198123931885,
            0.0021281838417053223,
            -0.009656552225351334
        ],
        [
            0.1239742785692215,
            -0.006463818252086639,
            -0.008076142519712448
        ],
        [
            0.09822982549667358,
            0.07918994128704071,
            -0.024446450173854828
        ],
        [
            0.10029379278421402,
            0.059334564954042435,
            -0.012516852468252182
        ],
        [
            0.09225977957248688,
            0.04783215373754501,
            -0.0005811527371406555
        ],
        [
            0.07063166797161102,
            0.04899240657687187,
            0.02151527814567089
        ],
        [
            0.07462187111377716,
            0.04009505733847618,
            0.025990905240178108
        ],
        [
            0.0814405307173729,
            0.04466552659869194,
            0.01914597488939762
        ],
        [
            0.0762179046869278,
            0.051210444420576096,
            0.01618185266852379
        ],
        [
            0.054449159651994705,
            0.04953375831246376,
            0.017777366563677788
        ],
        [
            0.06044847518205643,
            0.05487946420907974,
            0.018855184316635132
        ],
        [
            0.055948805063962936,
            0.06262470036745071,
            0.0150326918810606
        ],
        [
            0.04919644072651863,
            0.05876568332314491,
            0.013921864330768585
        ],
        [
            0.13437335193157196,
            0.06338304281234741,
            -0.028466738760471344
        ],
        [
            0.13291870057582855,
            0.04963628575205803,
            -0.030099784955382347
        ],
        [
            0.07810069620609283,
            0.010074213147163391,
            0.028909143060445786
        ],
        [
            0.08254637569189072,
            0.0036717355251312256,
            0.029550381004810333
        ],
        [
            0.08497464656829834,
            -0.004435509443283081,
            0.02995573729276657
        ],
        [
            0.10000213980674744,
            0.031246304512023926,
            0.013377569615840912
        ],
        [
            0.10542448610067368,
            0.019688941538333893,
            0.019509416073560715
        ],
        [
            0.10905927419662476,
            0.0209464430809021,
            0.017326343804597855
        ],
        [
            0.10174322873353958,
            0.03143329173326492,
            0.010613594204187393
        ],
        [
            0.1119527667760849,
            0.04300311580300331,
            0.003699466586112976
        ],
        [
            0.11850173771381378,
            0.03446526825428009,
            0.011849012225866318
        ],
        [
            0.11713886260986328,
            0.05366735905408859,
            0.0006760396063327789
        ],
        [
            0.11295020580291748,
            0.007019378244876862,
            0.017165664583444595
        ],
        [
            0.10898000746965408,
            -0.0012131407856941223,
            0.02327488735318184
        ],
        [
            0.1158691868185997,
            -0.0019856318831443787,
            0.017690349370241165
        ],
        [
            0.10028675198554993,
            -0.0019949153065681458,
            0.02777644246816635
        ],
        [
            0.09184142202138901,
            -0.002998530864715576,
            0.0305020809173584
        ],
        [
            0.0675942599773407,
            -0.014236144721508026,
            0.01047191210091114
        ],
        [
            0.1211204081773758,
            -0.002493910491466522,
            0.011170238256454468
        ],
        [
            0.13444186747074127,
            0.06780712306499481,
            -0.0026302896440029144
        ],
        [
            0.13631108403205872,
            0.07442595809698105,
            -0.00768689252436161
        ],
        [
            0.12934735417366028,
            0.0741964727640152,
            -0.008920025080442429
        ],
        [
            0.12726107239723206,
            0.06852651387453079,
            -0.005434848368167877
        ],
        [
            0.10700163245201111,
            0.07951147854328156,
            -0.04831840842962265
        ],
        [
            0.11042824387550354,
            0.08164363354444504,
            -0.04147682711482048
        ],
        [
            0.11373486369848251,
            0.07394935935735703,
            -0.03644454479217529
        ],
        [
            0.0920519083738327,
            0.030853599309921265,
            0.023949792608618736
        ],
        [
            0.08192820847034454,
            0.025962531566619873,
            0.02975473739206791
        ],
        [
            0.09918314218521118,
            0.0865449458360672,
            -0.030138418078422546
        ],
        [
            0.09098563343286514,
            0.1118154376745224,
            -0.05215015634894371
        ],
        [
            0.0959494411945343,
            0.11332867294549942,
            -0.049525972455739975
        ],
        [
            0.10195531696081161,
            0.09548575431108475,
            -0.04927409440279007
        ],
        [
            0.09603967517614365,
            0.09483051300048828,
            -0.05255606025457382
        ],
        [
            0.09021343290805817,
            0.09164876490831375,
            -0.03427498787641525
        ],
        [
            0.09663693606853485,
            0.09026927500963211,
            -0.03182012587785721
        ],
        [
            0.09447330981492996,
            0.0922929048538208,
            -0.03267323970794678
        ],
        [
            0.0881863459944725,
            0.0939483791589737,
            -0.03327592834830284
        ],
        [
            0.0640333890914917,
            0.0847162976861,
            -0.010861520655453205
        ],
        [
            0.06634263694286346,
            0.07891681045293808,
            -0.006829080171883106
        ],
        [
            0.08159065246582031,
            0.07444269210100174,
            -0.044367458671331406
        ],
        [
            0.09186247736215591,
            0.07184943556785583,
            -0.05277679115533829
        ],
        [
            0.09530944377183914,
            0.061119403690099716,
            -0.04774940013885498
        ],
        [
            0.08127502351999283,
            0.06599240750074387,
            -0.0072022248059511185
        ],
        [
            0.07742413878440857,
            0.07518303394317627,
            -0.010971684008836746
        ],
        [
            0.07429501414299011,
            0.07445798069238663,
            -0.008238602429628372
        ],
        [
            0.09411521255970001,
            0.08189807832241058,
            -0.02479502186179161
        ],
        [
            0.09315108507871628,
            0.08757330477237701,
            -0.029312003403902054
        ],
        [
            0.08944261074066162,
            0.08544410765171051,
            -0.026406100019812584
        ],
        [
            0.09002995491027832,
            0.07969248294830322,
            -0.021658528596162796
        ],
        [
            0.055911265313625336,
            0.03309398144483566,
            0.012636162340641022
        ],
        [
            0.059743113815784454,
            0.03828240931034088,
            0.022300846874713898
        ],
        [
            0.0955740436911583,
            0.12358416616916656,
            -0.04303232952952385
        ],
        [
            0.0969933420419693,
            0.11891669034957886,
            -0.043798092752695084
        ],
        [
            0.08484071493148804,
            0.05600233003497124,
            -0.002636255696415901
        ],
        [
            0.09907449036836624,
            0.04866195470094681,
            -0.04072107747197151
        ],
        [
            0.08847342431545258,
            0.04686635360121727,
            0.0033473800867795944
        ],
        [
            0.051548074930906296,
            0.06949260830879211,
            -0.01575617864727974
        ],
        [
            0.051364198327064514,
            0.07398355007171631,
            -0.009724711999297142
        ],
        [
            0.05156014487147331,
            0.07968469709157944,
            -0.012468764558434486
        ],
        [
            0.05020895600318909,
            0.07775603234767914,
            -0.018191196024417877
        ],
        [
            0.08234380185604095,
            0.10880220681428909,
            -0.034754641354084015
        ],
        [
            0.08746418356895447,
            0.11069473624229431,
            -0.03260967135429382
        ],
        [
            0.0856955498456955,
            0.11586962640285492,
            -0.03321109339594841
        ],
        [
            0.08069071173667908,
            0.11430414021015167,
            -0.035592515021562576
        ],
        [
            0.10229127109050751,
            0.0897219181060791,
            -0.033319126814603806
        ],
        [
            0.10720906406641006,
            0.08858366310596466,
            -0.03735000267624855
        ],
        [
            0.10394996404647827,
            0.09470244497060776,
            -0.03753983601927757
        ],
        [
            0.09909756481647491,
            0.09389291703701019,
            -0.03420452028512955
        ],
        [
            0.10727725923061371,
            0.08880805224180222,
            -0.043627429753541946
        ],
        [
            0.10483282804489136,
            0.0951784998178482,
            -0.04369790107011795
        ],
        [
            0.07946087419986725,
            0.1077071949839592,
            -0.04061891883611679
        ],
        [
            0.08058401942253113,
            0.10793831944465637,
            -0.04816662147641182
        ],
        [
            0.0838979184627533,
            0.09286858141422272,
            -0.0472327321767807
        ],
        [
            0.08371458202600479,
            0.09507928788661957,
            -0.039339084178209305
        ],
        [
            0.0699339359998703,
            0.022056840360164642,
            -0.012095574289560318
        ],
        [
            0.06379486620426178,
            0.021179094910621643,
            -0.002785865217447281
        ],
        [
            0.059571847319602966,
            0.03518921881914139,
            -0.005900586023926735
        ],
        [
            0.05437169224023819,
            0.04825403168797493,
            -0.009387551806867123
        ],
        [
            0.050851888954639435,
            0.06120503693819046,
            -0.012741382233798504
        ],
        [
            0.056350238621234894,
            0.061477091163396835,
            -0.023672644048929214
        ],
        [
            0.05620158836245537,
            0.033573515713214874,
            0.0013723000884056091
        ],
        [
            0.08380862325429916,
            0.08778029680252075,
            -0.03867363557219505
        ],
        [
            0.08576148748397827,
            0.08262539654970169,
            -0.046408068388700485
        ],
        [
            0.08183032274246216,
            0.08247449994087219,
            -0.04274648427963257
        ],
        [
            0.08404656499624252,
            0.0472087599337101,
            0.009367685765028
        ],
        [
            0.09842290729284286,
            0.11373880505561829,
            -0.04492545500397682
        ],
        [
            0.10503004491329193,
            -0.0038512274622917175,
            -0.019289908930659294
        ],
        [
            0.09198226779699326,
            -0.005417972803115845,
            -0.01627025566995144
        ],
        [
            0.09251425415277481,
            0.0027432292699813843,
            -0.01949581690132618
        ],
        [
            0.10754145681858063,
            0.00494752824306488,
            -0.022168787196278572
        ],
        [
            0.0940069705247879,
            0.1121407002210617,
            -0.03411630913615227
        ],
        [
            0.09822873771190643,
            0.11358298361301422,
            -0.03859053552150726
        ],
        [
            0.06057683378458023,
            0.0790465921163559,
            -0.0031246263533830643
        ],
        [
            0.05919000133872032,
            0.0837661474943161,
            -0.007907134480774403
        ],
        [
            0.05526488274335861,
            0.0837879329919815,
            -0.008529947139322758
        ],
        [
            0.05474759265780449,
            0.08079797774553299,
            -0.0020175790414214134
        ],
        [
            0.06181737780570984,
            0.01984182745218277,
            0.002682730555534363
        ],
        [
            0.04142109677195549,
            0.06402609497308731,
            0.004160638898611069
        ],
        [
            0.04251052811741829,
            0.06207963451743126,
            -0.005192205775529146
        ],
        [
            0.06777762621641159,
            0.008927613496780396,
            -0.0003762245178222656
        ],
        [
            0.07275929301977158,
            0.009278178215026855,
            -0.008837411180138588
        ],
        [
            0.07442434132099152,
            6.974488496780396e-05,
            -0.006016673520207405
        ],
        [
            0.06422577053308487,
            0.0708329826593399,
            -0.033346861600875854
        ],
        [
            0.07449804991483688,
            0.024971649050712585,
            -0.01893366500735283
        ],
        [
            0.07753735035657883,
            0.011465393006801605,
            -0.014466984197497368
        ],
        [
            0.07975009083747864,
            0.0005454421043395996,
            -0.01137118972837925
        ],
        [
            0.08045297861099243,
            -0.007494024932384491,
            -0.009111357852816582
        ],
        [
            0.0746179148554802,
            -0.007148042321205139,
            -0.003386290743947029
        ],
        [
            0.08501797169446945,
            0.10990168154239655,
            -0.05107182264328003
        ],
        [
            0.07965929061174393,
            0.11384467780590057,
            -0.047804802656173706
        ],
        [
            0.07362332940101624,
            -0.016008533537387848,
            -0.001348813995718956
        ],
        [
            0.08067812770605087,
            -0.0158047154545784,
            -0.007422966882586479
        ],
        [
            0.08432548493146896,
            0.013630405068397522,
            -0.020338432863354683
        ],
        [
            0.09374183416366577,
            0.016591250896453857,
            -0.02618960663676262
        ],
        [
            0.08119998872280121,
            0.026722997426986694,
            -0.024240583181381226
        ],
        [
            0.09002397954463959,
            0.030697938054800034,
            -0.03063257783651352
        ],
        [
            0.07027745246887207,
            0.06779271364212036,
            -0.04151584953069687
        ],
        [
            0.07448091357946396,
            0.1312199831008911,
            -0.045382171869277954
        ],
        [
            0.07646044343709946,
            0.11963603645563126,
            -0.043475642800331116
        ],
        [
            0.07815711945295334,
            0.12007565051317215,
            -0.03786919638514519
        ],
        [
            0.07388468086719513,
            0.13059842586517334,
            -0.04098445922136307
        ],
        [
            0.07830552756786346,
            0.11338291317224503,
            -0.04106144607067108
        ],
        [
            0.07884876430034637,
            0.11960408091545105,
            -0.04882664605975151
        ],
        [
            0.1039048507809639,
            0.034877482801675797,
            -0.034508440643548965
        ],
        [
            0.08710473775863647,
            0.0906258150935173,
            -0.030680809170007706
        ],
        [
            0.11146297305822372,
            0.020696520805358887,
            -0.027810819447040558
        ],
        [
            0.11790293455123901,
            0.044682905077934265,
            -0.037704914808273315
        ],
        [
            0.12480215728282928,
            0.03534528985619545,
            -0.03093581460416317
        ],
        [
            0.12101615965366364,
            0.00747622549533844,
            -0.02023816481232643
        ],
        [
            0.13022443652153015,
            0.022072091698646545,
            -0.022927461192011833
        ],
        [
            0.11557045578956604,
            -0.009136296808719635,
            -0.014832183718681335
        ],
        [
            0.11662895977497101,
            -0.0008670240640640259,
            -0.01777598261833191
        ],
        [
            0.13749252259731293,
            0.03816993534564972,
            -0.023833153769373894
        ],
        [
