{
    "pred_cam": [
        6.2448601722717285,
        0.14599503576755524,
        -0.03827280178666115
    ],
    "pred_mano_params": {
        "global_orient": [
            [
                [
                    -0.9397309422492981,
                    0.15917398035526276,
                    -0.3026043176651001
                ],
                [
                    0.04206911846995354,
                    -0.8244763612747192,
                    -0.5643304586410522
                ],
                [
                    -0.33931684494018555,
                    -0.543049156665802,
                    0.7680896520614624
                ]
            ]
        ],
        "hand_pose": [
            [
                [
                    0.744644284248352,
                    -0.5393064022064209,
                    -0.39326006174087524
                ],
                [
                    0.5768923163414001,
                    0.816367506980896,
                    -0.02718990296125412
                ],
                [
                    0.33570846915245056,
                    -0.206621915102005,
                    0.9190251231193542
                ]
            ],
            [
                [
                    0.9759559035301208,
                    -0.21395672857761383,
                    0.04162414371967316
                ],
                [
                    0.21393710374832153,
                    0.9037235379219055,
                    -0.370829701423645
                ],
                [
                    0.041724786162376404,
                    0.3708184063434601,
                    0.9277676343917847
                ]
            ],
            [
                [
                    0.9142299294471741,
                    -0.08819473534822464,
                    0.39548125863075256
                ],
                [
                    0.00991068221628666,
                    0.9805998802185059,
                    0.19576941430568695
                ],
                [
                    -0.40507468581199646,
                    -0.1750587522983551,
                    0.8973678350448608
                ]
            ],
            [
                [
                    0.5506584644317627,
                    -0.7699063420295715,
                    -0.32252049446105957
                ],
                [
                    0.780131459236145,
                    0.6121177077293396,
                    -0.12925484776496887
                ],
                [
                    0.2969346344470978,
                    -0.18043309450149536,
                    0.9376959204673767
                ]
            ],
            [
                [
                    0.7688290476799011,
                    -0.5946229100227356,
                    -0.23521360754966736
                ],
                [
                    0.6359375715255737,
                    0.7495197653770447,
                    0.18385708332061768
                ],
                [
                    0.06697162240743637,
                    -0.2909358739852905,
                    0.954395592212677
                ]
            ],
            [
                [
                    0.7604213953018188,
                    -0.6210050582885742,
                    0.19003164768218994
                ],
                [
                    0.6229692101478577,
                    0.7801865339279175,
                    0.05673066899180412
                ],
                [
                    -0.18349015712738037,
                    0.07524465769529343,
                    0.9801375269889832
                ]
            ],
            [
                [
                    0.09160071611404419,
                    -0.9656485319137573,
                    -0.24317124485969543
                ],
                [
                    0.906956672668457,
                    -0.01992136985063553,
                    0.42075255513191223
                ],
                [
                    -0.41114336252212524,
                    -0.2590870261192322,
                    0.8739765882492065
                ]
            ],
            [
                [
                    0.47021573781967163,
                    -0.8402408361434937,
                    -0.26998621225357056
                ],
                [
                    0.7330271601676941,
                    0.20146146416664124,
                    0.6496803760528564
                ],
                [
                    -0.49149611592292786,
                    -0.5033971071243286,
                    0.7106497287750244
                ]
            ],
            [
                [
                    0.8240181803703308,
                    -0.5404725670814514,
                    0.1699514389038086
                ],
                [
                    0.36291277408599854,
                    0.7338696122169495,
                    0.5742210745811462
                ],
                [
                    -0.4350728988647461,
                    -0.4114910364151001,
                    0.8008663058280945
                ]
            ],
            [
                [
                    0.35961419343948364,
                    -0.9149925708770752,
                    -0.1829375922679901
                ],
                [
                    0.8944387435913086,
                    0.39387407898902893,
                    -0.21176080405712128
                ],
                [
                    0.265813946723938,
                    -0.0874742642045021,
                    0.9600474834442139
                ]
            ],
            [
                [
                    0.42666664719581604,
                    -0.8863222599029541,
                    -0.17996756732463837
                ],
                [
                    0.7778255939483643,
                    0.25808051228523254,
                    0.5730460286140442
                ],
                [
                    -0.46145740151405334,
                    -0.3844830095767975,
                    0.7995184659957886
                ]
            ],
            [
                [
                    0.6999770998954773,
                    -0.6833622455596924,
                    0.2074805051088333
                ],
                [
                    0.5891665816307068,
                    0.716749906539917,
                    0.3730314075946808
                ],
                [
                    -0.4036271870136261,
                    -0.13887286186218262,
                    0.9043227434158325
                ]
            ],
            [
                [
                    0.6926268339157104,
                    0.20506387948989868,
                    -0.6915323138237
                ],
                [
                    -0.6735444664955139,
                    0.5269147753715515,
                    -0.518361508846283
                ],
                [
                    0.2580814063549042,
                    0.8248088359832764,
                    0.5030749440193176
                ]
            ],
            [
                [
                    0.7532788515090942,
                    -0.6193016171455383,
                    -0.22144217789173126
                ],
                [
                    0.6539931297302246,
                    0.6695966720581055,
                    0.35204175114631653
                ],
                [
                    -0.0697430670261383,
                    -0.41000720858573914,
                    0.9094120264053345
                ]
            ],
            [
                [
                    0.8799070119857788,
                    -0.44444170594215393,
                    -0.16803330183029175
                ],
                [
                    0.24152915179729462,
                    0.7229235768318176,
                    -0.6473369598388672
                ],
                [
                    0.409178763628006,
                    0.5290114283561707,
                    0.7434511780738831
                ]
            ]
        ],
        "betas": [
            0.0186319500207901,
            -0.07377907633781433,
            -0.03472772240638733,
            0.05419537425041199,
            0.024264127016067505,
            -0.03591904789209366,
            -0.008322954177856445,
            -0.014859586954116821,
            -0.03470730781555176,
            -0.06029137969017029
        ]
    },
    "pred_cam_t": [
        -0.14599503576755524,
        -0.03827280178666115,
        6.255144119262695
    ],
    "focal_length": [
        5000.0,
        5000.0
    ],
    "pred_keypoints_3d": [
        [
            0.09565730392932892,
            0.006390201859176159,
            0.006183987017720938
        ],
        [
            0.10799425095319748,
            0.003609982319176197,
            0.04259365424513817
        ],
        [
            0.1339723765850067,
            -0.0030793435871601105,
            0.057749807834625244
        ],
        [
            0.15959230065345764,
            0.0031902743503451347,
            0.06400097906589508
        ],
        [
            0.18186797201633453,
            0.02932005375623703,
            0.06766097247600555
        ],
        [
            0.1713542342185974,
            -0.004621521569788456,
            0.05469004437327385
        ],
        [
            0.19753119349479675,
            0.012623053975403309,
            0.06494652479887009
        ],
        [
            0.20843426883220673,
            0.030332811176776886,
            0.07269056141376495
        ],
        [
            0.21895429491996765,
            0.044749774038791656,
            0.08948685228824615
        ],
        [
            0.1853543370962143,
            0.005584994331002235,
            0.036498140543699265
        ],
        [
            0.20201940834522247,
            0.03172137588262558,
            0.04301014915108681
        ],
        [
            0.19550538063049316,
            0.053467415273189545,
            0.04807758331298828
        ],
        [
            0.1793442964553833,
            0.0691705122590065,
            0.05947986617684364
        ],
        [
            0.1798972636461258,
            0.021262705326080322,
            0.015617508441209793
        ],
        [
            0.19046452641487122,
            0.04718358814716339,
            0.022464120760560036
        ],
        [
            0.169701486825943,
            0.05865882337093353,
            0.0296424999833107
        ],
        [
            0.14917132258415222,
            0.05532779544591904,
            0.04288603737950325
        ],
        [
            0.1718251258134842,
            0.03601455315947533,
            0.0018041054718196392
        ],
        [
            0.1684155911207199,
            0.05535370483994484,
            0.009558411315083504
        ],
        [
            0.1495179384946823,
            0.05450036749243736,
            0.010850466787815094
        ],
        [
            0.1362651139497757,
            0.04126305133104324,
            0.014139041304588318
        ]
    ],
    "pred_vertices": [
        [
            0.13350728154182434,
            0.007980560883879662,
            0.04232052341103554
        ],
        [
            0.12284359335899353,
            0.009725499898195267,
            0.0377022847533226
        ],
        [
            0.12951210141181946,
            0.006873771548271179,
            0.04323048144578934
        ],
        [
            0.13692647218704224,
            0.0050754426047205925,
            0.04895234853029251
        ],
        [
            0.11750513315200806,
            0.01796366646885872,
            0.049192626029253006
        ],
        [
            0.10939112305641174,
            0.014697568491101265,
            0.05816169083118439
        ],
        [
            0.12646059691905975,
            0.010461261495947838,
            0.06442327052354813
        ],
        [
            0.13014689087867737,
            0.014897560700774193,
            0.05504491552710533
        ],
        [
            0.14104792475700378,
            0.0005341619253158569,
            0.05241023749113083
        ],
        [
            0.13536086678504944,
            0.004974221810698509,
            0.04790530353784561
        ],
        [
            0.1424800455570221,
            -0.004708962514996529,
            0.05061289668083191
        ],
        [
            0.1486518532037735,
            -0.012574057094752789,
            0.054806679487228394
        ],
        [
            0.1479494422674179,
            -0.0044839102774858475,
            0.05642549693584442
        ],
        [
            0.15628647804260254,
            -0.014945208095014095,
            0.05668291077017784
        ],
        [
            0.14333395659923553,
            -0.02002585120499134,
            0.04962434992194176
        ],
        [
            0.15844807028770447,
            -0.02028604969382286,
            0.04969680309295654
        ],
        [
            0.14587175846099854,
            -0.01580396667122841,
            0.02523619681596756
        ],
        [
            0.1470646858215332,
            -0.008749806322157383,
            0.013893894851207733
        ],
        [
            0.16432419419288635,
            -0.008015262894332409,
            0.01838424615561962
        ],
        [
            0.1612570732831955,
            -0.014392931014299393,
            0.030050914734601974
        ],
        [
            0.1594419777393341,
            0.005247472785413265,
            0.0030366647988557816
        ],
        [
            0.16295194625854492,
            -0.0019706040620803833,
            0.011803120374679565
        ],
        [
            0.14595367014408112,
            -0.003731025382876396,
            0.0065139345824718475
        ],
        [
            0.14345316588878632,
            0.0030425861477851868,
            -0.0007431358098983765
        ],
        [
            0.1308903992176056,
            0.014851169660687447,
            0.029781309887766838
        ],
        [
            0.11986062675714493,
            0.01669265516102314,
            0.02619696781039238
        ],
        [
            0.11966410279273987,
            0.013293983414769173,
            0.030228428542613983
        ],
        [
            0.13073748350143433,
            0.011903675273060799,
            0.03410504758358002
        ],
        [
            0.14364314079284668,
            -0.008710703812539577,
            0.05381251126527786
        ],
        [
            0.13404840230941772,
            -0.015533345751464367,
            0.05396449193358421
        ],
        [
            0.13971608877182007,
            -0.012103092856705189,
            0.05137988179922104
        ],
        [
            0.14500541985034943,
            -0.004023722372949123,
            0.051837384700775146
        ],
        [
            0.09760726243257523,
            0.029072565957903862,
            0.014764877036213875
        ],
        [
            0.08671192079782486,
            0.023259462788701057,
            0.009271403774619102
        ],
        [
            0.08563658595085144,
            0.019655006006360054,
            0.013836150988936424
        ],
        [
            0.09580011665821075,
            0.025523489341139793,
            0.017766591161489487
        ],
        [
            0.08828095346689224,
            0.015048275701701641,
            0.039174482226371765
        ],
        [
            0.08159361779689789,
            0.009688995778560638,
            0.02902287058532238
        ],
        [
            0.07609458267688751,
            -0.0031579360365867615,
            0.02960486337542534
        ],
        [
            0.0836038887500763,
            -0.0014690179377794266,
            0.039139967411756516
        ],
        [
            0.09842690080404282,
            0.016684025526046753,
            0.05009420961141586
        ],
        [
            0.09216001629829407,
            0.003961918875575066,
            0.05214981362223625
        ],
        [
            0.10545271635055542,
            0.004624724388122559,
            0.06247350573539734
        ],
        [
            0.12476101517677307,
            0.002415895462036133,
            0.06926951557397842
        ],
        [
            0.08943646401166916,
            0.02876284532248974,
            -0.001971164718270302
        ],
        [
            0.09763909876346588,
            0.03430206701159477,
            0.0006405748426914215
        ],
        [
            0.19255726039409637,
            0.01952863112092018,
            0.07429682463407516
        ],
        [
            0.19248759746551514,
            0.023495277389883995,
            0.06991754472255707
        ],
        [
            0.18771755695343018,
            0.0197928287088871,
            0.06858506798744202
        ],
        [
            0.18895559012889862,
            0.016473950818181038,
            0.0730949342250824
        ],
        [
            0.10188513994216919,
            0.023778129369020462,
            -0.01716187223792076
        ],
        [
            0.10452748090028763,
            0.014985102228820324,
            -0.021249808371067047
        ],
        [
            0.09761486947536469,
            0.01622694917023182,
            -0.023255763575434685
        ],
        [
            0.09436111897230148,
            0.023327156901359558,
            -0.01804528571665287
        ],
        [
            0.1118064820766449,
            0.024343691766262054,
            -0.015983283519744873
        ],
        [
            0.11393178999423981,
            0.013453897088766098,
            -0.017794949933886528
        ],
        [
            0.20153771340847015,
            0.010982935316860676,
            0.07218130677938461
        ],
        [
            0.1983075737953186,
            0.012938322499394417,
            0.07563638687133789
        ],
        [
            0.1955234706401825,
            0.008853400126099586,
            0.07352182269096375
        ],
        [
            0.1980760097503662,
            0.006898664869368076,
            0.06918325275182724
        ],
        [
            0.14567697048187256,
            0.002668841741979122,
            0.054236870259046555
        ],
        [
            0.14331761002540588,
            0.00791865959763527,
            0.04735324904322624
        ],
        [
            0.1625535786151886,
            0.0026075593195855618,
            0.05970223993062973
        ],
        [
            0.15595515072345734,
            0.004809543490409851,
            0.05355735123157501
        ],
        [
            0.15396659076213837,
            -0.0004712706431746483,
            0.05803588405251503
        ],
        [
            0.16045480966567993,
            -0.0025548520497977734,
            0.06206292659044266
        ],
        [
            0.15373864769935608,
            0.0161551833152771,
            0.03287969529628754
        ],
        [
            0.1424986869096756,
            0.015886740759015083,
            0.029866095632314682
        ],
        [
            0.14344632625579834,
            0.012489696964621544,
            0.035365890711545944
        ],
        [
            0.15546007454395294,
            0.012587951496243477,
            0.04056921601295471
        ],
        [
            0.14181223511695862,
            0.025613602250814438,
            0.019581420347094536
        ],
        [
            0.1529553085565567,
            0.02457747794687748,
            0.023039385676383972
        ],
        [
            0.1510455459356308,
            0.03004794754087925,
            0.016693752259016037
        ],
        [
            0.14338374137878418,
            0.030735526233911514,
            0.0159774087369442
        ],
        [
            0.17108413577079773,
            0.020219547674059868,
            0.031606223434209824
        ],
        [
            0.17625713348388672,
            0.019304528832435608,
            0.03309208154678345
        ],
        [
            0.1769971251487732,
            0.02438310720026493,
            0.03101920709013939
        ],
        [
            0.17054563760757446,
            0.02267809957265854,
            0.028915267437696457
        ],
        [
            0.09083995223045349,
            0.016309848055243492,
            -0.02547276020050049
        ],
        [
            0.08714154362678528,
            0.02205829881131649,
            -0.01843191497027874
        ],
        [
            0.1544758826494217,
            0.021858174353837967,
            -0.011008990928530693
        ],
        [
            0.14756280183792114,
            0.030646711587905884,
            -0.012374643236398697
        ],
        [
            0.16033318638801575,
            0.034031935036182404,
            -0.010456128045916557
        ],
        [
            0.16576480865478516,
            0.02290114387869835,
            -0.01016579382121563
        ],
        [
            0.10679012537002563,
            0.005078566260635853,
            -0.019361965358257294
        ],
        [
            0.10038524121046066,
            0.006602885201573372,
            -0.023639943450689316
        ],
        [
            0.20384423434734344,
            0.011934838257730007,
            0.06649672985076904
        ],
        [
            0.1996389776468277,
            0.008215115405619144,
            0.06358963251113892
        ],
        [
            0.1019408330321312,
            -0.007503880187869072,
            0.05791942775249481
        ],
        [
            0.12281893938779831,
            -0.0067907292395830154,
            0.0683264210820198
        ],
        [
            0.0901293158531189,
            -0.009438431821763515,
            0.044413208961486816
        ],
        [
            0.08416004478931427,
            -0.01213084440678358,
            0.03302057087421417
        ],
        [
            0.0777338296175003,
            -0.014649635180830956,
            0.025387711822986603
        ],
        [
            0.16038092970848083,
            0.008256461471319199,
            0.05031619593501091
        ],
        [
            0.13966812193393707,
            0.010549342259764671,
            0.03953197970986366
        ],
        [
            0.13089042901992798,
            0.017978407442569733,
            0.02584902197122574
        ],
        [
            0.13381913304328918,
            0.04078160971403122,
            0.005282656289637089
        ],
        [
            0.12365486472845078,
            0.04083394259214401,
            0.003419671207666397
        ],
        [
            0.12609484791755676,
            0.035733141005039215,
            0.012584351003170013
        ],
        [
            0.13464127480983734,
            0.036254338920116425,
            0.011972262524068356
        ],
        [
            0.14477655291557312,
            0.0392792746424675,
            -0.00798906572163105
        ],
        [
            0.14412038028240204,
            0.04166507348418236,
            -0.0002585342153906822
        ],
        [
            0.15170136094093323,
            0.04152052849531174,
            0.0008165482431650162
        ],
        [
            0.1547178030014038,
            0.040057141333818436,
            -0.006544714793562889
        ],
        [
            0.14220678806304932,
            -0.012418829835951328,
            0.059945084154605865
        ],
        [
            0.12863747775554657,
            -0.017422065138816833,
            0.057748351246118546
        ],
        [
            0.09870624542236328,
            0.030664518475532532,
            -0.009766031056642532
        ],
        [
            0.09134628623723984,
            0.02798859030008316,
            -0.009536514058709145
        ],
        [
            0.08382074534893036,
            0.024683531373739243,
            -0.011924667283892632
        ],
        [
            0.10784885287284851,
            0.023125268518924713,
            0.022220540791749954
        ],
        [
            0.09439991414546967,
            0.02334757149219513,
            0.020176736637949944
        ],
        [
            0.09402035921812057,
            0.02196168527007103,
            0.02492344193160534
        ],
        [
            0.10723810642957687,
            0.020752983167767525,
            0.024406449869275093
        ],
        [
            0.11465069651603699,
            0.01580085977911949,
            0.03662640601396561
        ],
        [
            0.10392341762781143,
            0.02092902921140194,
            0.040680233389139175
        ],
        [
            0.12553395330905914,
            0.013457108289003372,
            0.04175688698887825
        ],
        [
            0.08257339894771576,
            0.014944573864340782,
            0.019883032888174057
        ],
        [
            0.07615712285041809,
            0.016977176070213318,
            0.010705430060625076
        ],
        [
            0.07430263608694077,
            0.010869667865335941,
            0.01688353717327118
        ],
        [
            0.07834318280220032,
            0.021788202226161957,
            0.0024633854627609253
        ],
        [
            0.08098960667848587,
            0.02486420050263405,
            -0.005457060411572456
        ],
        [
            0.0939459353685379,
            0.005386894568800926,
            -0.02911839261651039
        ],
        [
            0.07391905784606934,
            0.0042642103508114815,
            0.02194051817059517
        ],
        [
            0.13736239075660706,
            0.011660435236990452,
            0.059497252106666565
        ],
        [
            0.14356999099254608,
            0.010573692619800568,
            0.0627136081457138
        ],
        [
            0.14466670155525208,
            0.008927863091230392,
            0.05507457256317139
        ],
        [
            0.13890600204467773,
            0.009186796844005585,
            0.05149054899811745
        ],
        [
            0.1662718951702118,
            -0.014689771458506584,
            0.058694347739219666
        ],
        [
            0.16274066269397736,
            -0.008402492851018906,
            0.06254874914884567
        ],
        [
            0.15347447991371155,
            -0.008041473105549812,
            0.05946499854326248
        ],
        [
            0.10847082734107971,
            0.03309188410639763,
            0.013612456619739532
        ],
        [
            0.10791294276714325,
            0.03759148716926575,
            0.0017761718481779099
        ],
        [
            0.16655296087265015,
            0.005989927798509598,
            0.056161440908908844
        ],
        [
            0.19624929130077362,
            0.00282883457839489,
            0.06613633036613464
        ],
        [
            0.19298620522022247,
            0.0043129464611411095,
            0.07099071145057678
        ],
        [
            0.17999780178070068,
            -0.006819757632911205,
            0.06511173397302628
        ],
        [
            0.18451045453548431,
            -0.00796879455447197,
            0.060046225786209106
        ],
        [
            0.1757861077785492,
            0.0070550753735005856,
            0.052298061549663544
        ],
        [
            0.1701298952102661,
            0.006785115692764521,
            0.05683039501309395
        ],
        [
            0.17235681414604187,
            0.0076283342204988,
            0.05627702176570892
        ],
        [
            0.17679385840892792,
            0.009918922558426857,
            0.05194757133722305
        ],
        [
            0.17292208969593048,
            0.02867618389427662,
            0.024179240688681602
        ],
        [
            0.16729256510734558,
            0.027460025623440742,
            0.022985011339187622
        ],
        [
            0.17553427815437317,
            -0.009047267027199268,
            0.03646182268857956
        ],
        [
            0.17167262732982635,
            -0.019153105095028877,
            0.04371456056833267
        ],
        [
            0.15870502591133118,
            -0.020618218928575516,
            0.03960906341671944
        ],
        [
            0.15263725817203522,
            0.020575135946273804,
            0.026945751160383224
        ],
        [
            0.16267941892147064,
            0.021220410242676735,
            0.029135575518012047
        ],
        [
            0.16233913600444794,
            0.023630043491721153,
            0.025869593024253845
        ],
        [
            0.1644977480173111,
            0.009679244831204414,
            0.04840165749192238
        ],
        [
            0.1702098697423935,
            0.008330496028065681,
            0.05166594311594963
        ],
        [
            0.17006507515907288,
            0.010131322778761387,
            0.04682223126292229
        ],
        [
            0.16395781934261322,
            0.012126398272812366,
            0.04342354089021683
        ],
        [
            0.1346791386604309,
            0.028032507747411728,
            -0.014816377311944962
        ],
        [
            0.1320623904466629,
            0.03835361450910568,
            -0.009893326088786125
        ],
        [
            0.19483312964439392,
            0.015905164182186127,
            0.07639409601688385
        ],
        [
            0.19177938997745514,
            0.012259162962436676,
            0.07477110624313354
        ],
        [
            0.14163225889205933,
            0.02027067169547081,
            0.02416747622191906
        ],
        [
            0.14393651485443115,
            -0.0196538008749485,
            0.0352996289730072
        ],
        [
            0.13060736656188965,
            0.021624527871608734,
            0.02175157144665718
        ],
        [
            0.17584602534770966,
            0.019922934472560883,
            0.0066468557342886925
        ],
        [
            0.17395110428333282,
            0.029462167993187904,
            0.009472181089222431
        ],
        [
            0.17633774876594543,
            0.02982504665851593,
            0.011208107694983482
        ],
        [
            0.17999838292598724,
            0.024661071598529816,
            0.010226428508758545
        ],
        [
            0.1884741634130478,
            0.017790665850043297,
            0.05597436800599098
        ],
        [
            0.18588444590568542,
            0.01887136697769165,
            0.061152487993240356
        ],
        [
            0.18875378370285034,
            0.022075273096561432,
            0.06286287307739258
        ],
        [
            0.19176942110061646,
            0.020948439836502075,
            0.058104731142520905
        ],
        [
            0.16771991550922394,
            0.0037706433795392513,
            0.061211153864860535
        ],
        [
            0.16673797369003296,
            -0.0012301551178097725,
            0.06463810056447983
        ],
        [
            0.17184656858444214,
            0.0019736159592866898,
            0.0657462328672409
        ],
        [
            0.17189528048038483,
            0.005788074806332588,
            0.06112390756607056
        ],
        [
            0.16991911828517914,
            -0.0066045853309333324,
            0.06502554565668106
        ],
        [
            0.17517423629760742,
            -0.0032511050812900066,
            0.0669308453798294
        ],
        [
            0.19260860979557037,
            0.013608136214315891,
            0.05336908623576164
        ],
        [
            0.19652970135211945,
            0.007533610798418522,
            0.05522594600915909
        ],
        [
            0.1863320767879486,
            -0.0005938159301877022,
            0.048527102917432785
        ],
        [
            0.1832050234079361,
            0.0069863745011389256,
            0.049061160534620285
        ],
        [
            0.12904876470565796,
            -0.00019079074263572693,
            -0.00521722249686718
        ],
        [
            0.1278468817472458,
            0.00857342779636383,
            -0.012002039700746536
        ],
        [
            0.1423787623643875,
            0.011882094666361809,
            -0.008024178445339203
        ],
        [
            0.1575545370578766,
            0.01474277675151825,
            -0.005145834758877754
        ],
        [
            0.1712959110736847,
            0.017503172159194946,
            -0.0005991961807012558
        ],
        [
            0.17325371503829956,
            0.006973333656787872,
            0.005609283223748207
        ],
        [
            0.1398419439792633,
            0.018213752657175064,
            -0.012720761820673943
        ],
        [
            0.17963238060474396,
            0.0025399087462574244,
            0.04554605484008789
        ],
        [
            0.17942053079605103,
            -0.006450311280786991,
            0.04445156827569008
        ],
        [
            0.1800302416086197,
            -0.0028771650977432728,
            0.04185552895069122
        ],
        [
            0.13067370653152466,
            0.02772343158721924,
            0.01743304543197155
        ],
        [
            0.18930907547473907,
            0.007306660525500774,
            0.07281465828418732
        ],
        [
            0.09396685659885406,
            -0.02171771228313446,
            0.011537428945302963
        ],
        [
            0.09856172651052475,
            -0.01806892268359661,
            -0.0008538849651813507
        ],
        [
            0.10555629432201385,
            -0.017613565549254417,
            0.004427965730428696
        ],
        [
            0.10008489340543747,
            -0.020800147205591202,
            0.01903482899069786
        ],
        [
            0.1845879852771759,
            0.01637292467057705,
            0.06746344268321991
        ],
        [
            0.18562684953212738,
            0.012256241403520107,
            0.0720156580209732
        ],
        [
            0.16723904013633728,
            0.032227449119091034,
            0.018651284277439117
        ],
        [
            0.17236140370368958,
            0.031973958015441895,
            0.019647981971502304
        ],
        [
            0.17326673865318298,
            0.033254846930503845,
            0.015116969123482704
        ],
        [
            0.1690293252468109,
            0.036313463002443314,
            0.015165451914072037
        ],
        [
            0.12563931941986084,
            0.013220161199569702,
            -0.015101509168744087
        ],
        [
            0.165678471326828,
            0.039995476603507996,
            -0.00619984045624733
        ],
        [
            0.17174167931079865,
            0.029827173799276352,
            -0.005387425422668457
        ],
        [
            0.11544031649827957,
            0.005307929590344429,
            -0.015259958803653717
        ],
        [
            0.11655529588460922,
            -0.002776237204670906,
            -0.009892839938402176
        ],
        [
            0.10768325626850128,
            -0.004280433990061283,
            -0.01376228779554367
        ],
        [
            0.17816567420959473,
            0.002490190789103508,
            0.019300388172268867
        ],
        [
            0.13151703774929047,
            -0.0056582000106573105,
            0.0010465346276760101
        ],
        [
            0.11795514076948166,
            -0.007547685876488686,
            -0.004070345312356949
        ],
        [
            0.107420913875103,
            -0.00954729039222002,
            -0.008431624621152878
        ],
        [
            0.10021039098501205,
            -0.011010880582034588,
            -0.012457389384508133
        ],
        [
            0.101181760430336,
            -0.0049698203802108765,
            -0.017797604203224182
        ],
        [
            0.19718478620052338,
            0.0046328287571668625,
            0.06025116890668869
        ],
        [
            0.19967085123062134,
            0.011881277896463871,
            0.058012351393699646
        ],
        [
            0.09438701719045639,
            -0.006701439619064331,
            -0.023610005155205727
        ],
        [
            0.09331671893596649,
            -0.013000667095184326,
            -0.016903627663850784
        ],
        [
            0.11835010349750519,
            -0.012830661609768867,
            0.003460880368947983
        ],
        [
            0.11754082888364792,
            -0.018059346824884415,
            0.013627380132675171
        ],
        [
            0.13135725259780884,
            -0.010624129325151443,
            0.008230634033679962
        ],
        [
            0.13194213807582855,
            -0.01597524993121624,
            0.018334051594138145
        ],
        [
            0.17725639045238495,
            -0.008265689015388489,
            0.0230120662599802
        ],
        [
            0.2096916139125824,
            0.026777010411024094,
            0.0639389306306839
        ],
        [
            0.20182976126670837,
            0.02075476385653019,
            0.05878474563360214
        ],
        [
            0.19751890003681183,
            0.024355802685022354,
            0.06013541296124458
        ],
        [
            0.20712465047836304,
            0.030035369098186493,
            0.06372950971126556
        ],
        [
            0.1958530992269516,
            0.01722903735935688,
            0.05604948848485947
        ],
        [
            0.20390693843364716,
            0.015704406425356865,
            0.06092841178178787
        ],
        [
            0.12848995625972748,
            -0.019937653094530106,
            0.03188484162092209
        ],
        [
            0.1758510172367096,
            0.009335102513432503,
            0.048905033618211746
        ],
        [
            0.111327163875103,
            -0.02012176439166069,
            0.03108670935034752
        ],
        [
            0.1306714564561844,
            -0.02236635982990265,
            0.0464019775390625
        ],
        [
            0.11828862130641937,
            -0.02030036598443985,
            0.04807938635349274
        ],
        [
            0.09457751363515854,
            -0.01906067691743374,
            0.03284337744116783
        ],
        [
            0.10337723791599274,
            -0.017390422523021698,
            0.04819416627287865
        ],
        [
            0.0827876478433609,
            -0.02118830755352974,
            0.017189033329486847
        ],
        [
            0.08952171355485916,
            -0.020119529217481613,
            0.023547478020191193
        ],
        [
            0.11624236404895782,
            -0.015828052535653114,
            0.059687696397304535
        ],
        [
            0.1998731940984726,
