{
    "pred_cam": [
        7.22703218460083,
        -0.09328103810548782,
        0.025652389973402023
    ],
    "pred_mano_params": {
        "global_orient": [
            [
                [
                    0.5327373743057251,
                    -0.8003814816474915,
                    0.2749187648296356
                ],
                [
                    0.44650253653526306,
                    -0.01013028621673584,
                    -0.89472496509552
                ],
                [
                    0.7189063429832458,
                    0.5994054079055786,
                    0.35197558999061584
                ]
            ]
        ],
        "hand_pose": [
            [
                [
                    0.9845154285430908,
                    -0.14697083830833435,
                    -0.09554626792669296
                ],
                [
                    0.14313817024230957,
                    0.9886407256126404,
                    -0.04583759233355522
                ],
                [
                    0.10119771212339401,
                    0.03145149350166321,
                    0.9943692088127136
                ]
            ],
            [
                [
                    0.7647316455841064,
                    -0.6244360208511353,
                    0.15895025432109833
                ],
                [
                    0.6417042016983032,
                    0.7603840231895447,
                    -0.10015919804573059
                ],
                [
                    -0.058320220559835434,
                    0.1785939484834671,
                    0.9821929335594177
                ]
            ],
            [
                [
                    0.8549444079399109,
                    -0.508968710899353,
                    0.10010436922311783
                ],
                [
                    0.5155577063560486,
                    0.8550352454185486,
                    -0.05581187456846237
                ],
                [
                    -0.05718626827001572,
                    0.09932563453912735,
                    0.9934103488922119
                ]
            ],
            [
                [
                    0.8728154301643372,
                    -0.4865725636482239,
                    -0.03795284032821655
                ],
                [
                    0.48684972524642944,
                    0.862579882144928,
                    0.13759872317314148
                ],
                [
                    -0.034214407205581665,
                    -0.13857561349868774,
                    0.9897607564926147
                ]
            ],
            [
                [
                    0.5660592913627625,
                    -0.7989606857299805,
                    -0.2030731588602066
                ],
                [
                    0.8224945664405823,
                    0.5307880640029907,
                    0.20436927676200867
                ],
                [
                    -0.05549422651529312,
                    -0.2827116847038269,
                    0.9575983881950378
                ]
            ],
            [
                [
                    0.8724948763847351,
                    -0.4886074662208557,
                    -0.003942497540265322
                ],
                [
                    0.4886009097099304,
                    0.8723490238189697,
                    0.016622187569737434
                ],
                [
                    -0.004682490602135658,
                    -0.016429079696536064,
                    0.9998540878295898
                ]
            ],
            [
                [
                    0.8057254552841187,
                    -0.5763694643974304,
                    0.13639888167381287
                ],
                [
                    0.5272124409675598,
                    0.8028675317764282,
                    0.27829983830451965
                ],
                [
                    -0.26991376280784607,
                    -0.15232211351394653,
                    0.9507599472999573
                ]
            ],
            [
                [
                    0.850484311580658,
                    -0.5234697461128235,
                    -0.05153520777821541
                ],
                [
                    0.49785345792770386,
                    0.7694807648658752,
                    0.4000515639781952
                ],
                [
                    -0.16975951194763184,
                    -0.3658945858478546,
                    0.9150425791740417
                ]
            ],
            [
                [
                    0.933724045753479,
                    -0.33264926075935364,
                    0.1323024034500122
                ],
                [
                    0.2578558921813965,
                    0.8812919855117798,
                    0.3960237503051758
                ],
                [
                    -0.24833403527736664,
                    -0.335661917924881,
                    0.9086591005325317
                ]
            ],
            [
                [
                    0.801459550857544,
                    -0.5978282690048218,
                    -0.016245270147919655
                ],
                [
                    0.5977388024330139,
                    0.7998735904693604,
                    0.053949255496263504
                ],
                [
                    -0.019258227199316025,
                    -0.05294857546687126,
                    0.9984114766120911
                ]
            ],
            [
                [
                    0.7350172996520996,
                    -0.6619833707809448,
                    -0.14672322571277618
                ],
                [
                    0.6401488184928894,
                    0.6061597466468811,
                    0.4719957411289215
                ],
                [
                    -0.2235156148672104,
                    -0.4408496618270874,
                    0.8693057894706726
                ]
            ],
            [
                [
                    0.8157221078872681,
                    -0.5784356594085693,
                    0.0030877015087753534
                ],
                [
                    0.5618026852607727,
                    0.7935144901275635,
                    0.2339068502187729
                ],
                [
                    -0.13775020837783813,
                    -0.18906831741333008,
                    0.9722540378570557
                ]
            ],
            [
                [
                    0.977108895778656,
                    -0.13250240683555603,
                    0.16643701493740082
                ],
                [
                    0.21171750128269196,
                    0.5290567874908447,
                    -0.8217509984970093
                ],
                [
                    0.02082933485507965,
                    0.8381778597831726,
                    0.5449991822242737
                ]
            ],
            [
                [
                    0.9213075041770935,
                    -0.3869846761226654,
                    0.0378863587975502
                ],
                [
                    0.33160123229026794,
                    0.8328427076339722,
                    0.4431857466697693
                ],
                [
                    -0.20305947959423065,
                    -0.3957471549510956,
                    0.895628809928894
                ]
            ],
            [
                [
                    0.9308274984359741,
                    -0.107542023062706,
                    -0.34927746653556824
                ],
                [
                    -0.05627109482884407,
                    0.9021514058113098,
                    -0.4277341067790985
                ],
                [
                    0.36110052466392517,
                    0.4178009629249573,
                    0.8336958289146423
                ]
            ]
        ],
        "betas": [
            0.037139490246772766,
            -0.08955514430999756,
            -0.07596909999847412,
            0.023164719343185425,
            -0.011840581893920898,
            0.036003101617097855,
            0.048037052154541016,
            -0.053228408098220825,
            -0.03328992426395416,
            -0.12205013632774353
        ]
    },
    "pred_cam_t": [
        -0.09328103810548782,
        0.025652389973402023,
        5.405054092407227
    ],
    "focal_length": [
        5000.0,
        5000.0
    ],
    "pred_keypoints_3d": [
        [
            0.09563621878623962,
            0.0063705043867230415,
            0.006198900751769543
        ],
        [
            0.10226533561944962,
            -0.02722654491662979,
            -0.011293758638203144
        ],
        [
            0.11621534079313278,
            -0.04560689628124237,
            -0.03160100057721138
        ],
        [
            0.12890996038913727,
            -0.05654275044798851,
            -0.052883028984069824
        ],
        [
            0.14109961688518524,
            -0.061252474784851074,
            -0.08566273003816605
        ],
        [
            0.0585370734333992,
            -0.05123120918869972,
            -0.05297961086034775
        ],
        [
            0.041313186287879944,
            -0.06505360454320908,
            -0.0774916261434555
        ],
        [
            0.04756089299917221,
            -0.06995932757854462,
            -0.09820027649402618
        ],
        [
            0.06381537020206451,
            -0.07084108144044876,
            -0.1173059269785881
        ],
        [
            0.04550202935934067,
            -0.032797541469335556,
            -0.06392361968755722
        ],
        [
            0.04083070531487465,
            -0.040879469364881516,
            -0.09418298304080963
        ],
        [
            0.05983465164899826,
            -0.041490547358989716,
            -0.10754960775375366
        ],
        [
            0.08435755223035812,
            -0.041238851845264435,
            -0.11491480469703674
        ],
        [
            0.04794754087924957,
            -0.0062906863167881966,
            -0.06431175023317337
        ],
        [
            0.0463983528316021,
            -0.012672662734985352,
            -0.09240307658910751
        ],
        [
            0.06626206636428833,
            -0.01320946216583252,
            -0.10721627622842789
        ],
        [
            0.09076225757598877,
            -0.01613365299999714,
            -0.11222068965435028
        ],
        [
            0.05504492297768593,
            0.014261865057051182,
            -0.06437630206346512
        ],
        [
            0.054726798087358475,
            0.013989127241075039,
            -0.08545199036598206
        ],
        [
            0.0672849491238594,
            0.013261099345982075,
            -0.09959140419960022
        ],
        [
            0.08409158885478973,
            0.008104491978883743,
            -0.1079997792840004
        ]
    ],
    "pred_vertices": [
        [
            0.08820869028568268,
            -0.03050469048321247,
            -0.035146065056324005
        ],
        [
            0.09509915113449097,
            -0.02503863163292408,
            -0.02936471626162529
        ],
        [
            0.0995330661535263,
            -0.03204413130879402,
            -0.035145483911037445
        ],
        [
            0.09122152626514435,
            -0.0386606864631176,
            -0.03939105197787285
        ],
        [
            0.11624032258987427,
            -0.02086055651307106,
            -0.023025870323181152
        ],
        [
            0.12243521213531494,
            -0.025427255779504776,
            -0.013656750321388245
        ],
        [
            0.125942662358284,
            -0.03476764261722565,
            -0.025371994823217392
        ],
        [
            0.1211378276348114,
            -0.02863268554210663,
            -0.03195225074887276
        ],
        [
            0.09338869899511337,
            -0.045355718582868576,
            -0.042274340987205505
        ],
        [
            0.10317178815603256,
            -0.03749166429042816,
            -0.03992768004536629
        ],
        [
            0.09529116004705429,
            -0.04888857528567314,
            -0.04134906828403473
        ],
        [
            0.07920139282941818,
            -0.055459439754486084,
            -0.0384250283241272
        ],
        [
            0.08201029896736145,
            -0.05137355253100395,
            -0.04215693473815918
        ],
        [
            0.06962911039590836,
            -0.05781622976064682,
            -0.04010970890522003
        ],
        [
            0.07548703998327255,
            -0.05441443622112274,
            -0.02818489819765091
        ],
        [
            0.061731740832328796,
            -0.05479336902499199,
            -0.03531155362725258
        ],
        [
            0.05759767070412636,
            -0.02915899083018303,
            -0.01995568349957466
        ],
        [
            0.05513021722435951,
            -0.015699122101068497,
            -0.021271783858537674
        ],
        [
            0.046107448637485504,
            -0.021304896101355553,
            -0.034484852105379105
        ],
        [
            0.05032132938504219,
            -0.03424882888793945,
            -0.032207272946834564
        ],
        [
            0.04986375570297241,
            -0.0009985528886318207,
            -0.03516343981027603
        ],
        [
            0.047084465622901917,
            -0.012403562664985657,
            -0.0354781448841095
        ],
        [
            0.05520512908697128,
            -0.006717171519994736,
            -0.02152235433459282
        ],
        [
            0.05740206688642502,
            0.0032310914248228073,
            -0.0220588818192482
        ],
        [
            0.0858519896864891,
            -0.014475729316473007,
            -0.031066235154867172
        ],
        [
            0.09188571572303772,
            -0.009473128244280815,
            -0.024409659206867218
        ],
        [
            0.09174806624650955,
            -0.01573970913887024,
            -0.025148741900920868
        ],
        [
            0.08652214705944061,
            -0.02025628462433815,
            -0.031409237533807755
        ],
        [
            0.10795809328556061,
            -0.054657671600580215,
            -0.038851048797369
        ],
        [
            0.09646077454090118,
            -0.054583244025707245,
            -0.026952870190143585
        ],
        [
            0.09370370954275131,
            -0.05318522825837135,
            -0.03441581130027771
        ],
        [
            0.10848480463027954,
            -0.050961755216121674,
            -0.04296315833926201
        ],
        [
            0.11010796576738358,
            0.010787544772028923,
            -0.012533187866210938
        ],
        [
            0.11229616403579712,
            0.013930339366197586,
            0.0004435405135154724
        ],
        [
            0.11290250718593597,
            0.00837322324514389,
            0.0023694857954978943
        ],
        [
            0.11013307422399521,
            0.006619717925786972,
            -0.009720765054225922
        ],
        [
            0.11685673147439957,
            -0.012298207730054855,
            0.0007291771471500397
        ],
        [
            0.11544300615787506,
            -0.007965411990880966,
            0.009378131479024887
        ],
        [
            0.11387130618095398,
            -0.014624390751123428,
            0.020887192338705063
        ],
        [
            0.11347304284572601,
            -0.02124953269958496,
            0.013458400964736938
        ],
        [
            0.11929905414581299,
            -0.01883259415626526,
            -0.007105361670255661
        ],
        [
            0.11781218647956848,
            -0.027026589959859848,
            0.00361691415309906
        ],
        [
            0.12115074694156647,
            -0.03327234834432602,
            -0.0053216926753520966
        ],
        [
            0.125507652759552,
            -0.04193585366010666,
            -0.019444338977336884
        ],
        [
            0.1082073450088501,
            0.025864727795124054,
            -0.0018255636096000671
        ],
        [
            0.10650178045034409,
            0.02533847466111183,
            -0.011858772486448288
        ],
        [
            0.053055234253406525,
            -0.06839456409215927,
            -0.08063043653964996
        ],
        [
            0.05256104841828346,
            -0.06315548717975616,
            -0.08342662453651428
        ],
        [
            0.05350460857152939,
            -0.06214994937181473,
            -0.08050969243049622
        ],
        [
            0.05360475555062294,
            -0.06752750277519226,
            -0.07832928001880646
        ],
        [
            0.08975879848003387,
            0.03403991088271141,
            -0.0026292428374290466
        ],
        [
            0.08127819001674652,
            0.032475411891937256,
            0.002567395567893982
        ],
        [
            0.08595092594623566,
            0.03584001585841179,
            0.007037140429019928
        ],
        [
            0.09445485472679138,
            0.03568402677774429,
            0.0030638650059700012
        ],
        [
            0.08364877104759216,
            0.031740378588438034,
            -0.010173581540584564
        ],
        [
            0.0754188746213913,
            0.027336150407791138,
            -0.0038647428154945374
        ],
        [
            0.0416199266910553,
            -0.0741802528500557,
            -0.08005519956350327
        ],
        [
            0.04673973470926285,
            -0.07468661665916443,
            -0.07968243211507797
        ],
        [
            0.045618049800395966,
            -0.07352414727210999,
            -0.07550288736820221
        ],
        [
            0.04053625091910362,
            -0.07200099527835846,
            -0.07517839223146439
        ],
        [
            0.0831666961312294,
            -0.04443987458944321,
            -0.04275932163000107
        ],
        [
            0.08271189779043198,
            -0.03510091453790665,
            -0.04136667400598526
        ],
        [
            0.0698576346039772,
            -0.050420571118593216,
            -0.055411431938409805
        ],
        [
            0.07434547692537308,
            -0.04314068704843521,
            -0.04915909841656685
        ],
        [
            0.07596217095851898,
            -0.04962676763534546,
            -0.04644829034805298
        ],
        [
            0.07078538835048676,
            -0.05502555891871452,
            -0.0507989227771759
        ],
        [
            0.07198382914066315,
            -0.019492115825414658,
            -0.04831241816282272
        ],
        [
            0.07840080559253693,
            -0.015417467802762985,
            -0.039343662559986115
        ],
        [
            0.07851499319076538,
            -0.02208503894507885,
            -0.03965073451399803
        ],
        [
            0.07241422683000565,
            -0.028043804690241814,
            -0.049439750611782074
        ],
        [
            0.07925912737846375,
            -0.0016515590250492096,
            -0.04241456091403961
        ],
        [
            0.07249252498149872,
            -0.006786396726965904,
            -0.05073844641447067
        ],
        [
            0.07375671714544296,
            0.0016018189489841461,
            -0.051520004868507385
        ],
        [
            0.07916209101676941,
            0.0037733372300863266,
            -0.046005185693502426
        ],
        [
            0.06090393662452698,
            -0.01847243309020996,
            -0.06362111121416092
        ],
        [
            0.056363508105278015,
            -0.021762875840067863,
            -0.06843779981136322
        ],
        [
            0.05602087453007698,
            -0.018736334517598152,
            -0.0695861205458641
        ],
        [
            0.060748837888240814,
            -0.014945881441235542,
            -0.06363415718078613
        ],
        [
            0.08976076543331146,
            0.03873433917760849,
            0.012266576290130615
        ],
        [
            0.09868761897087097,
            0.03640962019562721,
            0.008942469954490662
        ],
        [
            0.05637243762612343,
            0.019299639388918877,
            -0.03863757476210594
        ],
        [
            0.06487324833869934,
            0.026242731139063835,
            -0.04012039676308632
        ],
        [
            0.0588621124625206,
            0.024788398295640945,
            -0.05123934894800186
        ],
        [
            0.050886161625385284,
            0.017762748524546623,
            -0.04666885733604431
        ],
        [
            0.07525335252285004,
            0.025331180542707443,
            0.007031187415122986
        ],
        [
            0.07866492122411728,
            0.030689004808664322,
            0.011623159050941467
        ],
        [
            0.03721883147954941,
            -0.07020904868841171,
            -0.08184514194726944
        ],
        [
            0.036484263837337494,
            -0.06769829243421555,
            -0.07701551914215088
        ],
        [
            0.11152790486812592,
            -0.03929738327860832,
            0.002082452178001404
        ],
        [
            0.1192983090877533,
            -0.04872778058052063,
            -0.015345241874456406
        ],
        [
            0.10715281963348389,
            -0.030219241976737976,
            0.013671059161424637
        ],
        [
            0.10429088771343231,
            -0.023035332560539246,
            0.021052371710538864
        ],
        [
            0.10475651919841766,
            -0.01773204281926155,
            0.028014149516820908
        ],
        [
            0.07101133465766907,
            -0.03907392546534538,
            -0.0537283830344677
        ],
        [
            0.08234760165214539,
            -0.02638305351138115,
            -0.037642475217580795
        ],
        [
            0.08578160405158997,
            -0.009305423125624657,
            -0.03155091032385826
        ],
        [
            0.08656224608421326,
            0.01921798288822174,
            -0.042872775346040726
        ],
        [
            0.09297153353691101,
            0.022366655990481377,
            -0.03507259860634804
        ],
        [
            0.09255947917699814,
            0.011799374595284462,
            -0.03607190400362015
        ],
        [
            0.08646368980407715,
            0.011265644803643227,
            -0.04234505444765091
        ],
        [
            0.07294364273548126,
            0.027468644082546234,
            -0.04564472287893295
        ],
        [
            0.07756859064102173,
            0.02238711528480053,
            -0.04954822361469269
        ],
        [
            0.07220223546028137,
            0.020040906965732574,
            -0.056279540061950684
        ],
        [
            0.06725870072841644,
            0.02512265183031559,
            -0.05411272495985031
        ],
        [
            0.11222147196531296,
            -0.0587739571928978,
            -0.033873580396175385
        ],
        [
            0.10067345201969147,
            -0.05534900724887848,
            -0.02042367309331894
        ],
        [
            0.09908634424209595,
            0.03194674849510193,
            -0.0071473270654678345
        ],
        [
            0.1029864028096199,
            0.03147372230887413,
            -0.0004100203514099121
        ],
        [
            0.10542251169681549,
            0.032835133373737335,
            0.007595092058181763
        ],
        [
            0.10141925513744354,
            -0.0005413778126239777,
            -0.018337827175855637
        ],
        [
            0.11014491319656372,
            0.003706209361553192,
            -0.007809419184923172
        ],
        [
            0.11020708829164505,
            -0.0005612224340438843,
            -0.007457420229911804
        ],
        [
            0.1000039353966713,
            -0.003880836069583893,
            -0.017542384564876556
        ],
        [
            0.102676160633564,
            -0.01739920675754547,
            -0.023838583379983902
        ],
        [
            0.11158142238855362,
            -0.01277519017457962,
            -0.015249241143465042
        ],
        [
            0.10778762400150299,
            -0.023451313376426697,
            -0.03131832927465439
        ],
        [
            0.11439394950866699,
            0.0015156641602516174,
            0.006419248878955841
        ],
        [
            0.11699981987476349,
            0.010956574231386185,
            0.011473312973976135
        ],
        [
            0.11766119301319122,
            0.002909041941165924,
            0.015213105827569962
        ],
        [
            0.11431007087230682,
            0.02008010447025299,
            0.00912245362997055
        ],
        [
            0.11048233509063721,
            0.027960598468780518,
            0.0075333938002586365
        ],
        [
            0.08007724583148956,
            0.035568512976169586,
            0.01845620572566986
        ],
        [
            0.1166345626115799,
            -0.004684098064899445,
            0.018573913723230362
        ],
        [
            0.12394396960735321,
            -0.035384468734264374,
            -0.0377366878092289
        ],
        [
            0.12750563025474548,
            -0.04137946292757988,
            -0.0424552820622921
        ],
        [
            0.12045500427484512,
            -0.041123516857624054,
            -0.04598958045244217
        ],
        [
            0.11627943813800812,
            -0.035350698977708817,
            -0.04181163012981415
        ],
        [
            0.06088155135512352,
            -0.06052890047430992,
            -0.04446499049663544
        ],
        [
            0.067296601831913,
            -0.059446852654218674,
            -0.048332951962947845
        ],
        [
            0.07520965486764908,
            -0.05558500066399574,
            -0.042789753526449203
        ],
        [
            0.10416221618652344,
            0.012255826964974403,
            -0.022360999137163162
        ],
        [
            0.10152451694011688,
            0.024519972503185272,
            -0.021461687982082367
        ],
        [
            0.06592018902301788,
            -0.0467764213681221,
            -0.05974550545215607
        ],
        [
            0.04042663425207138,
            -0.07003626227378845,
            -0.07050784677267075
        ],
        [
            0.04603097587823868,
            -0.07202894240617752,
            -0.071058489382267
        ],
        [
            0.05218268558382988,
            -0.06562609225511551,
            -0.05621863156557083
        ],
        [
            0.04578661173582077,
            -0.06343700736761093,
            -0.0554925836622715
        ],
        [
            0.05520431697368622,
            -0.04669717326760292,
            -0.06434467434883118
        ],
        [
            0.06135529652237892,
            -0.04911826550960541,
            -0.06324417889118195
        ],
        [
            0.05845610424876213,
            -0.05003999546170235,
            -0.06489802151918411
        ],
        [
            0.053134601563215256,
            -0.047435369342565536,
            -0.06746764481067657
        ],
        [
            0.05826849117875099,
            -0.009764975868165493,
            -0.06828746199607849
        ],
        [
            0.062387023121118546,
            -0.006561159156262875,
            -0.06337020546197891
        ],
        [
            0.045161597430706024,
            -0.03839326649904251,
            -0.04635261744260788
        ],
        [
            0.04802284762263298,
            -0.04966288059949875,
            -0.03903258591890335
        ],
        [
            0.054868727922439575,
            -0.04590676724910736,
            -0.031274132430553436
        ],
        [
            0.07239857316017151,
            -0.012068865820765495,
            -0.048829928040504456
        ],
        [
            0.06655120104551315,
            -0.014957019127905369,
            -0.057118143886327744
        ],
        [
            0.06639281660318375,
            -0.010886114090681076,
            -0.05766380578279495
        ],
        [
            0.06762830913066864,
            -0.03749190643429756,
            -0.05695812404155731
        ],
        [
            0.06251372396945953,
            -0.042361561208963394,
            -0.06191028282046318
        ],
        [
            0.06292993575334549,
            -0.03661130368709564,
            -0.060168322175741196
        ],
        [
            0.06729581952095032,
            -0.031924642622470856,
            -0.056015726178884506
        ],
        [
            0.07071122527122498,
            0.028970984742045403,
            -0.02872077003121376
        ],
        [
            0.08007285743951797,
            0.030739717185497284,
            -0.035364411771297455
        ],
        [
            0.05092845484614372,
            -0.07257691770792007,
            -0.07961373776197433
        ],
        [
            0.05065938085317612,
            -0.07175818085670471,
            -0.0765376016497612
        ],
        [
            0.07869918644428253,
            -0.008240994065999985,
            -0.04003299027681351
        ],
        [
            0.06283926963806152,
            -0.04042983427643776,
            -0.02121875062584877
        ],
        [
            0.08602342754602432,
            -0.003855917602777481,
            -0.03244739770889282
        ],
        [
            0.04594052955508232,
            0.0019690627232193947,
            -0.05682891979813576
        ],
        [
            0.05099153146147728,
            0.004232914187014103,
            -0.06289588660001755
        ],
        [
            0.049930159002542496,
            0.0009285775013267994,
            -0.06747268885374069
        ],
        [
            0.04457620903849602,
            -0.0006867633201181889,
            -0.06514319777488708
        ],
        [
            0.046372104436159134,
            -0.05279404670000076,
            -0.07894095778465271
        ],
        [
            0.05127471685409546,
            -0.05549904331564903,
            -0.07986894994974136
        ],
        [
            0.05029192566871643,
            -0.057118963450193405,
            -0.08229673653841019
        ],
        [
            0.044781118631362915,
            -0.054968543350696564,
            -0.08259357511997223
        ],
        [
            0.06433872133493423,
            -0.05338757485151291,
            -0.06050216034054756
        ],
        [
            0.06540392339229584,
            -0.05826607346534729,
            -0.05628751963376999
        ],
        [
            0.061480797827243805,
            -0.05990700423717499,
            -0.06152287870645523
        ],
        [
            0.060400933027267456,
            -0.05467776954174042,
            -0.06397545337677002
        ],
        [
            0.06104261055588722,
            -0.06225370243191719,
            -0.05326521024107933
        ],
        [
            0.057996492832899094,
            -0.06412701308727264,
            -0.05822107940912247
        ],
        [
            0.040290556848049164,
            -0.053630173206329346,
            -0.07682092487812042
        ],
        [
            0.03597592934966087,
            -0.059068791568279266,
            -0.07383029162883759
        ],
        [
            0.04111197590827942,
            -0.051676470786333084,
            -0.06055726483464241
        ],
        [
            0.0456136092543602,
            -0.048534099012613297,
            -0.06609302014112473
        ],
        [
            0.0634809210896492,
            0.0073676686733961105,
            -0.008871011435985565
        ],
        [
            0.06588947027921677,
            0.017813336104154587,
            -0.011840857565402985
        ],
        [
            0.05976613610982895,
            0.014014989137649536,
            -0.025004882365465164
        ],
        [
            0.05282286927103996,
            0.010919531807303429,
            -0.03755224123597145
        ],
        [
            0.04735143855214119,
            0.0069323694333434105,
            -0.0496344231069088
        ],
        [
            0.04248623922467232,
            -0.0037110457196831703,
            -0.045977041125297546
        ],
        [
            0.06277508288621902,
            0.021475641056895256,
            -0.026128333061933517
        ],
        [
            0.04926765710115433,
            -0.04149478301405907,
            -0.05893118306994438
        ],
        [
            0.045326583087444305,
            -0.046083640307188034,
            -0.05191162973642349
        ],
        [
            0.045343320816755295,
            -0.040087245404720306,
            -0.05376777425408363
        ],
        [
            0.08722449094057083,
            0.0029273591935634613,
            -0.0352654792368412
        ],
        [
            0.051118720322847366,
            -0.07089880108833313,
            -0.07269474118947983
        ],
        [
            0.08389310538768768,
            -0.012792631983757019,
            0.024467479437589645
        ],
        [
            0.07728489488363266,
            -0.0011971034109592438,
            0.022503018379211426
        ],
        [
            0.07491189986467361,
            -0.006425321102142334,
            0.01581820845603943
        ],
        [
            0.0830124169588089,
            -0.019570183008909225,
            0.01738772913813591
        ],
        [
            0.05479605495929718,
            -0.06124601885676384,
            -0.07843101024627686
        ],
        [
            0.05512586236000061,
            -0.06691034138202667,
            -0.07558655738830566
        ],
        [
            0.0618998147547245,
            -0.00042597949504852295,
            -0.06580404937267303
        ],
        [
            0.057969219982624054,
            -0.004035104997456074,
            -0.06948958337306976
        ],
        [
            0.05546266958117485,
            -0.0012167026288807392,
            -0.07045593857765198
        ],
        [
            0.05987797677516937,
            0.003697001375257969,
            -0.06936562061309814
        ],
        [
            0.06848931312561035,
            0.023114005103707314,
            -0.012474097311496735
        ],
        [
            0.05690205097198486,
            0.02374928444623947,
            -0.05915383994579315
        ],
        [
            0.04927125945687294,
            0.017649902030825615,
            -0.05474979430437088
        ],
        [
            0.07117200642824173,
            0.02072909101843834,
            -0.00022649019956588745
        ],
        [
            0.06856095790863037,
            0.011802297085523605,
            0.002775132656097412
        ],
        [
            0.0722418799996376,
            0.015565985813736916,
            0.010968409478664398
        ],
        [
            0.04103194922208786,
            -0.018269428983330727,
            -0.05048305541276932
        ],
        [
            0.061646752059459686,
            -0.001087423413991928,
            -0.008801847696304321
        ],
        [
            0.0677376538515091,
            0.004217732697725296,
            0.0032412558794021606
        ],
        [
            0.07207628339529037,
            0.008355170488357544,
            0.013064734637737274
        ],
        [
            0.07458394765853882,
            0.012011496350169182,
            0.020127758383750916
        ],
        [
            0.07465218007564545,
            0.0195391234010458,
            0.01703629642724991
        ],
        [
            0.03689458966255188,
            -0.06489147990942001,
            -0.07203241437673569
        ],
        [
            0.03482506051659584,
            -0.061519064009189606,
            -0.07974649220705032
        ],
        [
            0.07588861882686615,
            0.024497531354427338,
            0.02455267310142517
        ],
        [
            0.07639362663030624,
            0.015715867280960083,
            0.02747533470392227
        ],
        [
            0.06813448667526245,
            -0.0049181729555130005,
            0.004207819700241089
        ],
        [
            0.07019944489002228,
            -0.01643003337085247,
            0.004718530923128128
        ],
        [
            0.06240365281701088,
            -0.009667741134762764,
            -0.007609281688928604
        ],
        [
            0.06374646723270416,
            -0.02130458503961563,
            -0.007938310503959656
        ],
        [
            0.03922467306256294,
            -0.0264724250882864,
            -0.04381255805492401
        ],
        [
            0.040110841393470764,
            -0.06445424258708954,
            -0.09707196056842804
        ],
        [
            0.0382319800555706,
            -0.05943719670176506,
            -0.08705773204565048
        ],
        [
            0.04365367069840431,
            -0.05729587376117706,
            -0.08682925254106522
        ],
        [
            0.04313398525118828,
            -0.061329420655965805,
            -0.09704224765300751
        ],
        [
            0.03906426578760147,
            -0.056245796382427216,
            -0.0817415788769722
        ],
        [
            0.03570525348186493,
            -0.06406592577695847,
            -0.08475876599550247
        ],
        [
            0.07100464403629303,
            -0.0353495255112648,
            -0.00902305543422699
        ],
        [
            0.05755265802145004,
            -0.040202781558036804,
            -0.06370481848716736
        ],
        [
            0.0812736377120018,
            -0.03176260367035866,
            0.004105374217033386
        ],
        [
            0.08040237426757812,
            -0.050542380660772324,
            -0.016267042607069016
        ],
        [
            0.08993639051914215,
            -0.04716261476278305,
            -0.007325410842895508
        ],
        [
            0.09340077638626099,
            -0.028611518442630768,
            0.01725233718752861
        ],
        [
            0.09845075011253357,
            -0.040945254266262054,
            0.0056309774518013
        ],
        [
            0.09459973871707916,
            -0.015446413308382034,
            0.030420783907175064
        ],
        [
