{
    "pred_cam": [
        7.447357177734375,
        0.14329172670841217,
        -0.03581937029957771
    ],
    "pred_mano_params": {
        "global_orient": [
            [
                [
                    -0.9356189966201782,
                    0.1410646140575409,
                    -0.3236011564731598
                ],
                [
                    0.05465419963002205,
                    -0.8477500081062317,
                    -0.5275724530220032
                ],
                [
                    -0.34875473380088806,
                    -0.5112930536270142,
                    0.7854612469673157
                ]
            ]
        ],
        "hand_pose": [
            [
                [
                    0.6697635650634766,
                    -0.593532919883728,
                    -0.446245938539505
                ],
                [
                    0.6019379496574402,
                    0.7858536243438721,
                    -0.14179164171218872
                ],
                [
                    0.43484199047088623,
                    -0.17364543676376343,
                    0.8836061358451843
                ]
            ],
            [
                [
                    0.9509255886077881,
                    -0.30857694149017334,
                    0.02281964011490345
                ],
                [
                    0.29256948828697205,
                    0.8726873993873596,
                    -0.39092180132865906
                ],
                [
                    0.1007150188088417,
                    0.3784139156341553,
                    0.9201409816741943
                ]
            ],
            [
                [
                    0.9057087302207947,
                    -0.06098673492670059,
                    0.41949066519737244
                ],
                [
                    -0.011873563751578331,
                    0.9855583906173706,
                    0.1689191460609436
                ],
                [
                    -0.4237343668937683,
                    -0.15797238051891327,
                    0.8919047117233276
                ]
            ],
            [
                [
                    0.5244696736335754,
                    -0.789014995098114,
                    -0.31997963786125183
                ],
                [
                    0.806523323059082,
                    0.5808273553848267,
                    -0.11027098447084427
                ],
                [
                    0.2728583812713623,
                    -0.20023725926876068,
                    0.9409853219985962
                ]
            ],
            [
                [
                    0.7242008447647095,
                    -0.6419938206672668,
                    -0.2517479360103607
                ],
                [
                    0.6845627427101135,
                    0.7132999300956726,
                    0.15025655925273895
                ],
                [
                    0.08310800045728683,
                    -0.28115320205688477,
                    0.9560574293136597
                ]
            ],
            [
                [
                    0.8017882108688354,
                    -0.5708138346672058,
                    0.17693869769573212
                ],
                [
                    0.570765495300293,
                    0.819179117679596,
                    0.056323084980249405
                ],
                [
                    -0.1770944893360138,
                    0.05583132430911064,
                    0.98260897397995
                ]
            ],
            [
                [
                    0.12846726179122925,
                    -0.9604353308677673,
                    -0.247103750705719
                ],
                [
                    0.9114885926246643,
                    0.016175013035535812,
                    0.4110071361064911
                ],
                [
                    -0.3907488286495209,
                    -0.27803322672843933,
                    0.8775038123130798
                ]
            ],
            [
                [
                    0.4681799113750458,
                    -0.848964512348175,
                    -0.24508538842201233
                ],
                [
                    0.7665782570838928,
                    0.2522695064544678,
                    0.5905234813690186
                ],
                [
                    -0.4395059049129486,
                    -0.46434831619262695,
                    0.7689052224159241
                ]
            ],
            [
                [
                    0.8471634387969971,
                    -0.5179107189178467,
                    0.11866975575685501
                ],
                [
                    0.3367633819580078,
                    0.6961307525634766,
                    0.6340286135673523
                ],
                [
                    -0.4109799563884735,
                    -0.49716225266456604,
                    0.7641499042510986
                ]
            ],
            [
                [
                    0.3183082342147827,
                    -0.9333484172821045,
                    -0.16595332324504852
                ],
                [
                    0.925027072429657,
                    0.3440972864627838,
                    -0.1610027700662613
                ],
                [
                    0.20737579464912415,
                    -0.10226281732320786,
                    0.9729015827178955
                ]
            ],
            [
                [
                    0.44721800088882446,
                    -0.8662482500076294,
                    -0.22273299098014832
                ],
                [
                    0.7953327894210815,
                    0.27121609449386597,
                    0.5421139597892761
                ],
                [
                    -0.40919649600982666,
                    -0.41958996653556824,
                    0.8102483749389648
                ]
            ],
            [
                [
                    0.7220981121063232,
                    -0.6705911159515381,
                    0.16994665563106537
                ],
                [
                    0.5857942700386047,
                    0.7233986258506775,
                    0.36543047428131104
                ],
                [
                    -0.3679935932159424,
                    -0.1643228679895401,
                    0.9151932001113892
                ]
            ],
            [
                [
                    0.7499500513076782,
                    0.07726909220218658,
                    -0.6569660902023315
                ],
                [
                    -0.5844343900680542,
                    0.5426095724105835,
                    -0.6033334732055664
                ],
                [
                    0.3098571300506592,
                    0.8364234566688538,
                    0.4520888030529022
                ]
            ],
            [
                [
                    0.8246976137161255,
                    -0.5406892895698547,
                    -0.16591870784759521
                ],
                [
                    0.555655837059021,
                    0.7198866605758667,
                    0.4159443974494934
                ],
                [
                    -0.10545402020215988,
                    -0.43522199988365173,
                    0.8941259384155273
                ]
            ],
            [
                [
                    0.9446970820426941,
                    -0.2772744297981262,
                    -0.17511792480945587
                ],
                [
                    0.11837352812290192,
                    0.7862952351570129,
                    -0.6064052581787109
                ],
                [
                    0.305835098028183,
                    0.5521399974822998,
                    0.7756327390670776
                ]
            ]
        ],
        "betas": [
            -0.03329247236251831,
            -0.05480733513832092,
            0.005349278450012207,
            0.04409095644950867,
            0.03466242551803589,
            -0.03174968808889389,
            0.007262885570526123,
            -0.02814897894859314,
            -0.04881000518798828,
            -0.055953383445739746
        ]
    },
    "pred_cam_t": [
        -0.14329172670841217,
        -0.03581937029957771,
        5.2451491355896
    ],
    "focal_length": [
        5000.0,
        5000.0
    ],
    "pred_keypoints_3d": [
        [
            0.09587225317955017,
            0.00640919478610158,
            0.006192775443196297
        ],
        [
            0.10786019265651703,
            0.004631605464965105,
            0.042924948036670685
        ],
        [
            0.1341361105442047,
            0.0021104253828525543,
            0.058939822018146515
        ],
        [
            0.15943515300750732,
            0.008825305849313736,
            0.06614557653665543
        ],
        [
            0.18604610860347748,
            0.031392961740493774,
            0.0699630156159401
        ],
        [
            0.17104631662368774,
            -0.004892983939498663,
            0.055897295475006104
        ],
        [
            0.1965142786502838,
            0.014854077249765396,
            0.06315641850233078
        ],
        [
            0.20482932031154633,
            0.03506235033273697,
            0.0671793520450592
        ],
        [
            0.21323272585868835,
            0.053320273756980896,
            0.08122574537992477
        ],
        [
            0.1855112612247467,
            0.004288048949092627,
            0.03737712278962135
        ],
        [
            0.20177604258060455,
            0.030757484957575798,
            0.04386698454618454
        ],
        [
            0.19354747235774994,
            0.05220521241426468,
            0.04774884879589081
        ],
        [
            0.1766997128725052,
            0.06852668523788452,
            0.0574088916182518
        ],
        [
            0.18063265085220337,
            0.019399525597691536,
            0.015797913074493408
        ],
        [
            0.19022278487682343,
            0.045595426112413406,
            0.023287076503038406
        ],
        [
            0.16890273988246918,
            0.05717994272708893,
            0.0285479798913002
        ],
        [
            0.14703287184238434,
            0.05475764721632004,
            0.039941176772117615
        ],
        [
            0.1730290949344635,
            0.033926211297512054,
            0.0013471022248268127
        ],
        [
            0.1707371324300766,
            0.053788330405950546,
            0.008251065388321877
        ],
        [
            0.15183843672275543,
            0.05523964390158653,
            0.009438933804631233
        ],
        [
            0.13668192923069,
            0.0432717502117157,
            0.012788873165845871
        ]
    ],
    "pred_vertices": [
        [
            0.1338682919740677,
            0.008728722110390663,
            0.04276864603161812
        ],
        [
            0.12314999103546143,
            0.010797210037708282,
            0.03793005272746086
        ],
        [
            0.12969812750816345,
            0.009174397215247154,
            0.043653424829244614
        ],
        [
            0.13726806640625,
            0.006585372611880302,
            0.049594417214393616
        ],
        [
            0.11646521836519241,
            0.02078879065811634,
            0.048335663974285126
        ],
        [
            0.10822125524282455,
            0.017949506640434265,
            0.05716829001903534
        ],
        [
            0.12513788044452667,
            0.015444532036781311,
            0.0639302134513855
        ],
        [
            0.12905514240264893,
            0.019226565957069397,
            0.05458768084645271
        ],
        [
            0.14149045944213867,
            0.0028498750180006027,
            0.05336765572428703
        ],
        [
            0.1356242150068283,
            0.008189346641302109,
            0.04852685332298279
        ],
        [
            0.14319956302642822,
            -0.0019169645383954048,
            0.05206911265850067
        ],
        [
            0.1488942801952362,
            -0.011120613664388657,
            0.0565042607486248
        ],
        [
            0.1481090933084488,
            -0.003171950578689575,
            0.05760549381375313
        ],
        [
            0.15623019635677338,
            -0.014157725498080254,
            0.05845779925584793
        ],
        [
            0.14356368780136108,
            -0.018902793526649475,
            0.05160307511687279
        ],
        [
            0.15847331285476685,
            -0.020093247294425964,
            0.05177490413188934
        ],
        [
            0.1456834375858307,
            -0.01656828448176384,
            0.02661614865064621
        ],
        [
            0.14702440798282623,
            -0.009949086233973503,
            0.014927731826901436
        ],
        [
            0.1644042283296585,
            -0.009545073844492435,
            0.01951575092971325
        ],
        [
            0.16112421452999115,
            -0.015436663292348385,
            0.0315038338303566
        ],
        [
            0.15994779765605927,
            0.003389894962310791,
            0.0035484004765748978
        ],
        [
            0.16323350369930267,
            -0.0036559216678142548,
            0.012645911425352097
        ],
        [
            0.14609381556510925,
            -0.005133136175572872,
            0.007300868630409241
        ],
        [
            0.14381173253059387,
            0.0014778058975934982,
            -0.0002602841705083847
        ],
        [
            0.13130298256874084,
            0.014860263094305992,
            0.029857592657208443
        ],
        [
            0.12037459015846252,
            0.016755016520619392,
            0.02611558698117733
        ],
        [
            0.12014299631118774,
            0.01350495032966137,
            0.030283784493803978
        ],
        [
            0.1311263144016266,
            0.012103215791285038,
            0.034322869032621384
        ],
        [
            0.14420822262763977,
            -0.004593095742166042,
            0.05602046847343445
        ],
        [
            0.134475439786911,
            -0.012556960806250572,
            0.05593002587556839
        ],
        [
            0.14037427306175232,
            -0.009370517916977406,
            0.0532645545899868
        ],
        [
            0.14572326838970184,
            2.606480848044157e-05,
            0.053661320358514786
        ],
        [
            0.09833135455846786,
            0.02944551780819893,
            0.014000507071614265
        ],
        [
            0.08730129897594452,
            0.023673392832279205,
            0.008600238710641861
        ],
        [
            0.08608411252498627,
            0.02019735425710678,
            0.013282997533679008
        ],
        [
            0.09637709707021713,
            0.025934135541319847,
            0.017116082832217216
        ],
        [
            0.0878920927643776,
            0.016292819753289223,
            0.03829343616962433
        ],
        [
            0.08148986846208572,
            0.010611485689878464,
            0.028662899509072304
        ],
        [
            0.07580923289060593,
            -0.0019163591787219048,
            0.029774289578199387
        ],
        [
            0.08319400250911713,
            8.615292608737946e-05,
            0.039186157286167145
        ],
        [
            0.09749390929937363,
            0.018751168623566628,
            0.04900770261883736
        ],
        [
            0.0914701595902443,
            0.006216645240783691,
            0.05175348371267319
        ],
        [
            0.1044519692659378,
            0.008092429488897324,
            0.06198104843497276
        ],
        [
            0.12343534827232361,
            0.007709013298153877,
            0.06908442080020905
        ],
        [
            0.0902831107378006,
            0.02870631217956543,
            -0.0028497204184532166
        ],
        [
            0.09862734377384186,
            0.03418576717376709,
            -0.00036334991455078125
        ],
        [
            0.19027738273143768,
            0.023042604327201843,
            0.07122237980365753
        ],
        [
            0.18981993198394775,
            0.026109114289283752,
            0.06609904021024704
        ],
        [
            0.18548984825611115,
            0.021917885169386864,
            0.06561743468046188
        ],
        [
            0.1869526207447052,
            0.01952275261282921,
            0.07066216319799423
        ],
        [
            0.10275668650865555,
            0.022839760407805443,
            -0.017815906554460526
        ],
        [
            0.10520227253437042,
            0.013790116645395756,
            -0.021562237292528152
        ],
        [
            0.09832139313220978,
            0.01513579674065113,
            -0.023670226335525513
        ],
        [
            0.09520939737558365,
            0.022541524842381477,
            -0.018740227445960045
        ],
        [
            0.11270883679389954,
            0.02320024184882641,
            -0.01659417897462845
        ],
        [
            0.11456748843193054,
            0.012138549238443375,
            -0.017980186268687248
        ],
        [
            0.20012596249580383,
            0.015095051378011703,
            0.07054910063743591
        ],
        [
            0.19669599831104279,
            0.017366161569952965,
            0.07368733733892441
        ],
        [
            0.1942371428012848,
            0.012624071910977364,
            0.07234107702970505
        ],
        [
            0.19701777398586273,
            0.010082218796014786,
            0.06833666563034058
        ],
        [
            0.14579953253269196,
            0.003562686964869499,
            0.054994575679302216
        ],
        [
            0.1435176432132721,
            0.008364512585103512,
            0.04784367233514786
        ],
        [
            0.1622077375650406,
            0.002828131429851055,
            0.06043258309364319
        ],
        [
            0.15591582655906677,
            0.004933333024382591,
            0.05425231531262398
        ],
        [
            0.15383821725845337,
            1.8644146621227264e-05,
            0.05896740406751633
        ],
        [
            0.1601066142320633,
            -0.0019754241220653057,
            0.06313544511795044
        ],
        [
            0.15413956344127655,
            0.01560337096452713,
            0.03306583687663078
        ],
        [
            0.1429048329591751,
            0.015565306879580021,
            0.029981501400470734
        ],
        [
            0.14374876022338867,
            0.01234422530978918,
            0.03563198074698448
        ],
        [
            0.15570122003555298,
            0.012264721095561981,
            0.040918342769145966
        ],
        [
            0.14254847168922424,
            0.024963978677988052,
            0.019318386912345886
        ],
        [
            0.15365231037139893,
            0.023716378957033157,
            0.02288515493273735
        ],
        [
            0.15193112194538116,
            0.029042717069387436,
            0.01632336713373661
        ],
        [
            0.1442895084619522,
            0.02993088960647583,
            0.015532677061855793
        ],
        [
            0.17156681418418884,
            0.019109362736344337,
            0.03176211565732956
        ],
        [
            0.1765470951795578,
            0.018057623878121376,
            0.033393893390893936
        ],
        [
            0.17722362279891968,
            0.02281128242611885,
            0.03120850957930088
        ],
        [
            0.1710856556892395,
            0.021445538848638535,
            0.028960993513464928
        ],
        [
            0.09155029058456421,
            0.015313769690692425,
            -0.02595086582005024
        ],
        [
            0.08793921023607254,
            0.021445030346512794,
            -0.01914225146174431
        ],
        [
            0.15535396337509155,
            0.019728485494852066,
            -0.011096559464931488
        ],
        [
            0.1486547738313675,
            0.02870584838092327,
            -0.012835171073675156
        ],
        [
            0.1614382266998291,
            0.031837914139032364,
            -0.010882815346121788
        ],
        [
            0.16662496328353882,
            0.020541703328490257,
            -0.010160956531763077
        ],
        [
            0.10720458626747131,
            0.003852754831314087,
            -0.019291598349809647
        ],
        [
            0.1008567363023758,
            0.005387048237025738,
            -0.02368110418319702
        ],
        [
            0.20234383642673492,
            0.015130503103137016,
            0.06467032432556152
        ],
        [
            0.19855964183807373,
            0.010485132224857807,
            0.06252306699752808
        ],
        [
            0.10147946327924728,
            -0.0048536621034145355,
            0.05827195942401886
        ],
        [
            0.1219913512468338,
            -0.0018360447138547897,
            0.0688508003950119
        ],
        [
            0.08966758102178574,
            -0.008025189861655235,
            0.04493353143334389
        ],
        [
            0.08373314142227173,
            -0.01117444597184658,
            0.03366075083613396
        ],
        [
            0.07731518149375916,
            -0.013680998235940933,
            0.02609715238213539
        ],
        [
            0.1603759229183197,
            0.008025163784623146,
            0.05088252201676369
        ],
        [
            0.1399434357881546,
            0.010713683441281319,
            0.03987015038728714
        ],
        [
            0.1313740611076355,
            0.017847053706645966,
            0.025799445807933807
        ],
        [
            0.1350506842136383,
            0.03990143910050392,
            0.004368897527456284
        ],
        [
            0.12487513571977615,
            0.04015699774026871,
            0.0024066101759672165
        ],
        [
            0.1271183043718338,
            0.03531710058450699,
            0.011813422664999962
        ],
        [
            0.1357051134109497,
            0.035584546625614166,
            0.011255028657615185
        ],
        [
            0.14606308937072754,
            0.037617433816194534,
            -0.008773358538746834
        ],
        [
            0.14543049037456512,
            0.04031418636441231,
            -0.0011131446808576584
        ],
        [
            0.152997225522995,
            0.04000898823142052,
            8.546188473701477e-05
        ],
        [
            0.15597456693649292,
            0.03819689154624939,
            -0.007201842963695526
        ],
        [
            0.14233236014842987,
            -0.0075966897420585155,
            0.06241391971707344
        ],
        [
            0.12884481251239777,
            -0.014019872061908245,
            0.059624169021844864
        ],
        [
            0.09969528019428253,
            0.030104413628578186,
            -0.010669060051441193
        ],
        [
            0.0922446921467781,
            0.027604419738054276,
            -0.010396361351013184
        ],
        [
            0.08462701737880707,
            0.02438828907907009,
            -0.012734983116388321
        ],
        [
            0.10841204226016998,
            0.023286089301109314,
            0.021773025393486023
        ],
        [
            0.09486816823482513,
            0.023750795051455498,
            0.0195598267018795
        ],
        [
            0.09431988000869751,
            0.0223697517067194,
            0.02422351948916912
        ],
        [
            0.10771065205335617,
            0.020825613290071487,
            0.023971810936927795
        ],
        [
            0.11436042189598083,
            0.016992000862956047,
            0.03619774058461189
        ],
        [
            0.10326925665140152,
            0.0222327820956707,
            0.03963857516646385
        ],
        [
            0.12498632073402405,
            0.016129527240991592,
            0.041552308946847916
        ],
        [
            0.08281693607568741,
            0.01562519557774067,
            0.019424667581915855
        ],
        [
            0.0765526220202446,
            0.0176394060254097,
            0.010158240795135498
        ],
        [
            0.07448828965425491,
            0.011748059652745724,
            0.01654573529958725
        ],
        [
            0.0789334774017334,
            0.022135348990559578,
            0.001749146729707718
        ],
        [
            0.08173970133066177,
            0.024865400046110153,
            -0.006277099251747131
        ],
        [
            0.09441106021404266,
            0.004140496253967285,
            -0.029177209362387657
        ],
        [
            0.0738903284072876,
            0.005335363559424877,
            0.021870285272598267
        ],
        [
            0.13665121793746948,
            0.01692095771431923,
            0.05926896631717682
        ],
        [
            0.14328859746456146,
            0.016005530953407288,
            0.0629597082734108
        ],
        [
            0.1450394243001938,
            0.013720358721911907,
            0.05565117672085762
        ],
        [
            0.13900865614414215,
            0.013879098929464817,
            0.05171212553977966
        ],
        [
            0.16608548164367676,
            -0.013955160044133663,
            0.06068408489227295
        ],
        [
            0.16241253912448883,
            -0.007515047676861286,
            0.06404051929712296
        ],
        [
            0.15334565937519073,
            -0.007165701128542423,
            0.06078808009624481
        ],
        [
            0.10936272144317627,
            0.03317493945360184,
            0.012792874127626419
        ],
        [
            0.10901255905628204,
            0.03726395592093468,
            0.0007328316569328308
        ],
        [
            0.16613157093524933,
            0.005820964463055134,
            0.05654551461338997
        ],
        [
            0.19536428153514862,
            0.00537637434899807,
            0.06602673977613449
        ],
        [
            0.1919100433588028,
            0.007410169579088688,
            0.07064995914697647
        ],
        [
            0.1793510764837265,
            -0.00507496390491724,
            0.06651204824447632
        ],
        [
            0.18399406969547272,
            -0.006838670000433922,
            0.061643507331609726
        ],
        [
            0.17504477500915527,
            0.006456841714680195,
            0.052049633115530014
        ],
        [
            0.1693079173564911,
            0.006750356871634722,
            0.05649586394429207
        ],
        [
            0.1712932288646698,
            0.007619497831910849,
            0.055500227957963943
        ],
        [
            0.17567287385463715,
            0.009341713972389698,
            0.05076790228486061
        ],
        [
            0.17336273193359375,
            0.026970598846673965,
            0.02411198988556862
        ],
        [
            0.16804076731204987,
            0.02608552947640419,
            0.02276041731238365
        ],
        [
            0.17542430758476257,
            -0.010286771692335606,
            0.03782409057021141
        ],
        [
            0.17156493663787842,
            -0.020006634294986725,
            0.0457778237760067
        ],
        [
            0.1586306244134903,
            -0.021143916994333267,
            0.041510261595249176
        ],
        [
            0.15319955348968506,
            0.019856171682476997,
            0.026949897408485413
        ],
        [
            0.16323979198932648,
            0.0202825665473938,
            0.02918398194015026
        ],
        [
            0.16298846900463104,
            0.02258353680372238,
            0.02581012062728405
        ],
        [
            0.16451260447502136,
            0.009277857840061188,
            0.04891485348343849
        ],
        [
            0.16990908980369568,
            0.007762189023196697,
            0.05197726935148239
        ],
        [
            0.17011699080467224,
            0.00959419459104538,
            0.04736762121319771
        ],
        [
            0.16414958238601685,
            0.011676590889692307,
            0.04385904595255852
        ],
        [
            0.13572750985622406,
            0.02632777951657772,
            -0.01535823941230774
        ],
        [
            0.13333678245544434,
            0.0369451642036438,
            -0.010808940976858139
        ],
        [
            0.19291916489601135,
            0.02009148895740509,
            0.07393687963485718
        ],
        [
            0.19013817608356476,
            0.01589561626315117,
            0.07304752618074417
        ],
        [
            0.14219093322753906,
            0.01977590098977089,
            0.024106230586767197
        ],
        [
            0.14390835165977478,
            -0.01983991079032421,
            0.03701465576887131
        ],
        [
            0.13120627403259277,
            0.02136906236410141,
            0.021567363291978836
        ],
        [
            0.17667566239833832,
            0.017944425344467163,
            0.006793640553951263
        ],
        [
            0.1749865710735321,
            0.027588922530412674,
            0.009319663047790527
        ],
        [
            0.17710202932357788,
            0.028041666373610497,
            0.01119941659271717
        ],
        [
            0.18068301677703857,
            0.0228976272046566,
            0.010438298806548119
        ],
        [
            0.18675635755062103,
            0.018115384504199028,
            0.05345556512475014
        ],
        [
            0.1840599775314331,
            0.01987782120704651,
            0.058453913778066635
        ],
        [
            0.18638689815998077,
            0.023231839761137962,
            0.059543151408433914
        ],
        [
            0.18952549993991852,
            0.02154892310500145,
            0.054963305592536926
        ],
        [
            0.16692450642585754,
            0.004356214310973883,
            0.06126987561583519
        ],
        [
            0.16607695817947388,
            -0.00016843434423208237,
            0.06537604331970215
        ],
        [
            0.17086076736450195,
            0.0034785913303494453,
            0.0657990425825119
        ],
        [
            0.1708345115184784,
            0.0065587367862463,
            0.060601815581321716
        ],
        [
            0.16928859055042267,
            -0.005215211305767298,
            0.0663173496723175
        ],
        [
            0.1743573546409607,
            -0.0014018279034644365,
            0.06775739043951035
        ],
        [
            0.19117066264152527,
            0.013827758841216564,
            0.05151556059718132
        ],
        [
            0.19547750055789948,
            0.008403409272432327,
            0.05439227074384689
        ],
        [
            0.18563489615917206,
            -0.0011624670587480068,
            0.04892919957637787
        ],
        [
            0.18220913410186768,
            0.006253986153751612,
            0.04822677746415138
        ],
        [
            0.1292928159236908,
            -0.0015283282846212387,
            -0.0047452412545681
        ],
        [
            0.12836730480194092,
            0.007053050212562084,
            -0.011886931955814362
        ],
        [
            0.14300426840782166,
            0.010114998556673527,
            -0.007900308817625046
        ],
        [
            0.15828610956668854,
            0.012691553682088852,
            -0.004987930878996849
        ],
        [
            0.17209725081920624,
            0.01528896950185299,
            -0.0004358608275651932
        ],
        [
            0.1739027500152588,
            0.004881175234913826,
            0.006145181134343147
        ],
        [
            0.14064018428325653,
            0.01639680191874504,
            -0.012852178886532784
        ],
        [
            0.1793607473373413,
            0.0015590309631079435,
            0.046396009624004364
        ],
        [
            0.17915049195289612,
            -0.007511156611144543,
            0.04569296911358833
        ],
        [
            0.17985805869102478,
            -0.003941921051591635,
            0.04299772530794144
        ],
        [
            0.13146300613880157,
            0.027334842830896378,
            0.01702136918902397
        ],
        [
            0.18799588084220886,
            0.010455431416630745,
            0.07198045402765274
        ],
        [
            0.09351731836795807,
            -0.021675001829862595,
            0.012642625719308853
        ],
        [
            0.09823628515005112,
            -0.018530704081058502,
            7.79964029788971e-05
        ],
        [
            0.10523082315921783,
            -0.018082257360219955,
            0.0054144784808158875
        ],
        [
            0.09971855580806732,
            -0.02072261832654476,
            0.020218495279550552
        ],
        [
            0.18288162350654602,
            0.01837417483329773,
            0.06515887379646301
        ],
        [
            0.1840338259935379,
            0.015019365586340427,
            0.07036826014518738
        ],
        [
            0.16816967725753784,
            0.030771180987358093,
            0.01828591525554657
        ],
        [
            0.1729954183101654,
            0.03027946501970291,
            0.01948489248752594
        ],
        [
            0.17388750612735748,
            0.031502239406108856,
            0.015034493058919907
        ],
        [
            0.170066237449646,
            0.034675233066082,
            0.014764601364731789
        ],
        [
            0.12628775835037231,
            0.01168550830334425,
            -0.015178848057985306
        ],
        [
            0.16684697568416595,
            0.03774667903780937,
            -0.006866471841931343
        ],
        [
            0.1727294772863388,
            0.02740108221769333,
            -0.0057109445333480835
        ],
        [
            0.11585582047700882,
            0.004004071466624737,
            -0.01512058824300766
        ],
        [
            0.11671791970729828,
            -0.003943396732211113,
            -0.009426698088645935
        ],
        [
            0.10781292617321014,
            -0.0053612906485795975,
            -0.013321246951818466
        ],
        [
            0.17847071588039398,
            0.000741075724363327,
            0.020133908838033676
        ],
        [
            0.13158327341079712,
            -0.0068640802055597305,
            0.0017628446221351624
        ],
        [
            0.11795200407505035,
            -0.008566010743379593,
            -0.0033939629793167114
        ],
        [
            0.10736734420061111,
            -0.0104554807767272,
            -0.007769476622343063
        ],
        [
            0.10013694316148758,
            -0.011872590519487858,
            -0.011812068521976471
        ],
        [
            0.10131443291902542,
            -0.006034590303897858,
            -0.017397481948137283
        ],
        [
            0.19627390801906586,
            0.006305189337581396,
            0.05990058183670044
        ],
        [
            0.19827011227607727,
            0.01326113659888506,
            0.05635017529129982
        ],
        [
            0.09450419247150421,
            -0.007799225859344006,
            -0.023213030770421028
        ],
        [
            0.09321592003107071,
            -0.013843362219631672,
            -0.016255337744951248
        ],
        [
            0.11815915256738663,
            -0.013621759600937366,
            0.0043495409190654755
        ],
        [
            0.11727210879325867,
            -0.01854301616549492,
            0.014810081571340561
        ],
        [
            0.1312386691570282,
            -0.011588485911488533,
            0.009173795580863953
        ],
        [
            0.13169583678245544,
            -0.01662364974617958,
            0.019556637853384018
        ],
        [
            0.17737877368927002,
            -0.009938779287040234,
            0.024251287803053856
        ],
        [
            0.20664198696613312,
            0.029963796958327293,
            0.059249069541692734
        ],
        [
            0.1995118260383606,
            0.02227931097149849,
            0.05539545789361
        ],
        [
            0.19479358196258545,
            0.025619415566325188,
            0.05614468827843666
        ],
        [
            0.20372988283634186,
            0.03284897655248642,
            0.05841362848877907
        ],
        [
            0.19393688440322876,
            0.01790183037519455,
            0.053502682596445084
        ],
        [
            0.20208722352981567,
            0.017936259508132935,
            0.058416061103343964
        ],
        [
            0.12845180928707123,
            -0.019922945648431778,
            0.033463336527347565
        ],
        [
            0.17565812170505524,
            0.008598529733717442,
            0.049435559660196304
        ],
        [
            0.11132652312517166,
            -0.019869592040777206,
            0.0325278677046299
        ],
        [
            0.13094033300876617,
            -0.02110729180276394,
            0.048389364033937454
        ],
        [
            0.11852431297302246,
            -0.018726950511336327,
            0.04977249354124069
        ],
        [
            0.09426020830869675,
            -0.018422827124595642,
            0.03400982543826103
        ],
        [
            0.10334138572216034,
            -0.015848450362682343,
            0.049421101808547974
        ],
        [
            0.08227772265672684,
            -0.0206183772534132,
            0.01822710409760475
        ],
        [
            0.0890844315290451,
            -0.019613947719335556,
            0.024627305567264557
        ],
        [
            0.11623877286911011,
            -0.012431859970092773,
            0.06096348911523819
        ],
        [
            0.19649146497249603,
            0.03236589580774307,
