{
    "pred_cam": [
        9.561502456665039,
        -0.10704255849123001,
        -0.06143074482679367
    ],
    "pred_mano_params": {
        "global_orient": [
            [
                [
                    0.3432192802429199,
                    -0.8844566941261292,
                    0.3161280155181885
                ],
                [
                    -0.9382786154747009,
                    -0.30751311779022217,
                    0.15833216905593872
                ],
                [
                    -0.04282442852854729,
                    -0.35095876455307007,
                    -0.935411274433136
                ]
            ]
        ],
        "hand_pose": [
            [
                [
                    0.6512516140937805,
                    -0.7565217018127441,
                    -0.059549301862716675
                ],
                [
                    0.75594162940979,
                    0.6536226272583008,
                    -0.03646509721875191
                ],
                [
                    0.06650941073894501,
                    -0.021267838776111603,
                    0.9975590109825134
                ]
            ],
            [
                [
                    0.7513209581375122,
                    -0.6175718903541565,
                    0.23264086246490479
                ],
                [
                    0.6594945788383484,
                    0.7155237793922424,
                    -0.2304183691740036
                ],
                [
                    -0.02416015975177288,
                    0.32654353976249695,
                    0.9448733329772949
                ]
            ],
            [
                [
                    0.7940039038658142,
                    -0.5081515908241272,
                    -0.33367615938186646
                ],
                [
                    0.5363200902938843,
                    0.8439661264419556,
                    -0.009058143943548203
                ],
                [
                    0.2862142324447632,
                    -0.17176499962806702,
                    0.9426442980766296
                ]
            ],
            [
                [
                    0.2756057381629944,
                    -0.952185332775116,
                    -0.13185001909732819
                ],
                [
                    0.9504074454307556,
                    0.24935325980186462,
                    0.18587252497673035
                ],
                [
                    -0.1441078931093216,
                    -0.17653881013393402,
                    0.9736872315406799
                ]
            ],
            [
                [
                    0.8387181758880615,
                    -0.45870184898376465,
                    -0.29350391030311584
                ],
                [
                    0.5190054178237915,
                    0.836499035358429,
                    0.1757918745279312
                ],
                [
                    0.1648796796798706,
                    -0.29976993799209595,
                    0.9396556615829468
                ]
            ],
            [
                [
                    0.912988543510437,
                    -0.27303969860076904,
                    -0.3031523525714874
                ],
                [
                    0.31529009342193604,
                    0.943761944770813,
                    0.09952685236930847
                ],
                [
                    0.2589288651943207,
                    -0.18644779920578003,
                    0.947730541229248
                ]
            ],
            [
                [
                    0.2562059164047241,
                    -0.7648763656616211,
                    0.5910353064537048
                ],
                [
                    0.5430201888084412,
                    0.6197324991226196,
                    0.566622257232666
                ],
                [
                    -0.799679696559906,
                    0.17577214539051056,
                    0.574122428894043
                ]
            ],
            [
                [
                    0.8064805865287781,
                    -0.4363868534564972,
                    -0.3989430069923401
                ],
                [
                    0.5782091021537781,
                    0.7230797410011292,
                    0.37792837619781494
                ],
                [
                    0.12354463338851929,
                    -0.5354644060134888,
                    0.8354726433753967
                ]
            ],
            [
                [
                    0.7642102241516113,
                    -0.5889064073562622,
                    0.26300573348999023
                ],
                [
                    0.5634628534317017,
                    0.8080283999443054,
                    0.17204570770263672
                ],
                [
                    -0.31383490562438965,
                    0.016714874655008316,
                    0.9493304491043091
                ]
            ],
            [
                [
                    0.3472808301448822,
                    -0.8835972547531128,
                    0.31408923864364624
                ],
                [
                    0.8668016195297241,
                    0.4302702844142914,
                    0.2520367503166199
                ],
                [
                    -0.35784220695495605,
                    0.18472550809383392,
                    0.9153281450271606
                ]
            ],
            [
                [
                    0.811048686504364,
                    -0.5062543749809265,
                    -0.293098121881485
                ],
                [
                    0.5845353007316589,
                    0.7208727598190308,
                    0.3723720610141754
                ],
                [
                    0.022771459072828293,
                    -0.4733380675315857,
                    0.8805864453315735
                ]
            ],
            [
                [
                    0.8430246114730835,
                    -0.515938401222229,
                    -0.15204332768917084
                ],
                [
                    0.5375334620475769,
                    0.8182021379470825,
                    0.20396795868873596
                ],
                [
                    0.01916729472577572,
                    -0.2536783516407013,
                    0.9670987129211426
                ]
            ],
            [
                [
                    0.9678561687469482,
                    -0.11464317888021469,
                    -0.22385546565055847
                ],
                [
                    -0.17133980989456177,
                    0.3510083258152008,
                    -0.920562744140625
                ],
                [
                    0.1841113567352295,
                    0.9293277859687805,
                    0.3200826346874237
                ]
            ],
            [
                [
                    0.9668604135513306,
                    -0.2541956603527069,
                    -0.02377869375050068
                ],
                [
                    0.21096937358379364,
                    0.7430309057235718,
                    0.635135293006897
                ],
                [
                    -0.14378036558628082,
                    -0.6191038489341736,
                    0.7720346450805664
                ]
            ],
            [
                [
                    0.9812753200531006,
                    0.1240752786397934,
                    -0.14732259511947632
                ],
                [
                    -0.1671006828546524,
                    0.9287969470024109,
                    -0.3307774066925049
                ],
                [
                    0.09579144418239594,
                    0.3492014408111572,
                    0.9321385622024536
                ]
            ]
        ],
        "betas": [
            -0.08024856448173523,
            -0.07843902707099915,
            -0.025147348642349243,
            0.048782914876937866,
            0.03582671284675598,
            -0.027730997651815414,
            -0.002230048179626465,
            -0.0017740577459335327,
            -0.027487054467201233,
            -0.0008818507194519043
        ]
    },
    "pred_cam_t": [
        -0.10704255849123001,
        -0.06143074482679367,
        4.08539342880249
    ],
    "focal_length": [
        5000.0,
        5000.0
    ],
    "pred_keypoints_3d": [
        [
            0.09608487784862518,
            0.006431256420910358,
            0.006213875953108072
        ],
        [
            0.10981017351150513,
            0.03801589086651802,
            -0.011555751785635948
        ],
        [
            0.11906936764717102,
            0.0674067884683609,
            -0.00866269413381815
        ],
        [
            0.12289094179868698,
            0.094149649143219,
            -0.005421260371804237
        ],
        [
            0.12696470320224762,
            0.12993696331977844,
            -0.0014457404613494873
        ],
        [
            0.07688383758068085,
            0.09432320296764374,
            -0.007534220349043608
        ],
        [
            0.08815114945173264,
            0.12416663765907288,
            0.0013727550394833088
        ],
        [
            0.10807714611291885,
            0.1295476257801056,
            0.00980439968407154
        ],
        [
            0.12601548433303833,
            0.12421350181102753,
            0.02705705538392067
        ],
        [
            0.06372634321451187,
            0.0955314040184021,
            0.014011913910508156
        ],
        [
            0.08683767169713974,
            0.1136782094836235,
            0.02623104490339756
        ],
        [
            0.10829079896211624,
            0.11135859042406082,
            0.035217419266700745
        ],
        [
            0.12906329333782196,
            0.1020313948392868,
            0.04843113571405411
        ],
        [
            0.06295287609100342,
            0.08043304830789566,
            0.03619912266731262
        ],
        [
            0.08237425982952118,
            0.10157489776611328,
            0.04004582762718201
        ],
        [
            0.10466206073760986,
            0.10047690570354462,
            0.051097575575113297
        ],
        [
            0.1259380280971527,
            0.08950377255678177,
            0.06028351932764053
        ],
        [
            0.06746423244476318,
            0.06749189645051956,
            0.05326602980494499
        ],
        [
            0.07991558313369751,
            0.08468110859394073,
            0.053418342024087906
        ],
        [
            0.09688784927129745,
            0.08814656734466553,
            0.061386533081531525
        ],
        [
            0.11300833523273468,
            0.08253931254148483,
            0.06398802250623703
        ]
    ],
    "pred_vertices": [
        [
            0.09863287210464478,
            0.060905396938323975,
            -0.0006647035479545593
        ],
        [
            0.10255350917577744,
            0.050716519355773926,
            0.0002833404578268528
        ],
        [
            0.10499558597803116,
            0.05935473367571831,
            -0.0006815856322646141
        ],
        [
            0.10119069367647171,
            0.06830012798309326,
            -0.0044331918470561504
        ],
        [
            0.12033168971538544,
            0.04522067308425903,
            0.004975695163011551
        ],
        [
            0.12821167707443237,
            0.04105436056852341,
            -0.0029571782797574997
        ],
        [
            0.12934651970863342,
            0.0577055886387825,
            -0.00180797278881073
        ],
        [
            0.123159259557724,
            0.058978017419576645,
            0.005831405520439148
        ],
        [
            0.10179471224546432,
            0.07458621263504028,
            -0.007318602409213781
        ],
        [
            0.10742847621440887,
            0.06716316193342209,
            -0.0009797830134630203
        ],
        [
            0.10093356668949127,
            0.07597413659095764,
            -0.009692535735666752
        ],
        [
            0.0903010293841362,
            0.08013167977333069,
            -0.018738532438874245
        ],
        [
            0.0944351851940155,
            0.08011841773986816,
            -0.01327068917453289
        ],
        [
            0.08352391421794891,
            0.08496256172657013,
            -0.020292246714234352
        ],
        [
            0.08549921959638596,
            0.0720771849155426,
            -0.02398286759853363
        ],
        [
            0.07430768758058548,
            0.08231345564126968,
            -0.021066587418317795
        ],
        [
            0.06677655130624771,
            0.05579869821667671,
            -0.00842144712805748
        ],
        [
            0.06307493895292282,
            0.04996631667017937,
            0.0036301054060459137
        ],
        [
            0.05588585138320923,
            0.06655845791101456,
            0.00674881786108017
        ],
        [
            0.061314262449741364,
            0.07101649045944214,
            -0.005447074770927429
        ],
        [
            0.05754387751221657,
            0.05460433289408684,
            0.02429233118891716
        ],
        [
            0.05636715888977051,
            0.061881229281425476,
            0.014810871332883835
        ],
        [
            0.06212662160396576,
            0.04508660361170769,
            0.011310102418065071
        ],
        [
            0.06309767812490463,
            0.039453841745853424,
            0.01993582770228386
        ],
        [
            0.09538547694683075,
            0.05005457624793053,
            0.010419849306344986
        ],
        [
            0.09973534941673279,
            0.040045056492090225,
            0.01039925217628479
        ],
        [
            0.09991711378097534,
            0.043182000517845154,
            0.0051785726100206375
        ],
        [
            0.09643231332302094,
            0.052984818816185,
            0.005646408535540104
        ],
        [
            0.10870156437158585,
            0.07726366817951202,
            -0.013638738542795181
        ],
        [
            0.10264930874109268,
            0.06795287132263184,
            -0.022359026595950127
        ],
        [
            0.09939368814229965,
            0.07302457094192505,
            -0.0172536950558424
        ],
        [
            0.10857952386140823,
            0.07851531356573105,
            -0.008090022020041943
        ],
        [
            0.11313075572252274,
            0.015967875719070435,
            0.020812638103961945
        ],
        [
            0.11259739100933075,
            0.003252781927585602,
            0.015935707837343216
        ],
        [
            0.11368399858474731,
            0.004659324884414673,
            0.010247248224914074
        ],
        [
            0.1134643405675888,
            0.015884913504123688,
            0.015642937272787094
        ],
        [
            0.12242232263088226,
            0.01816592365503311,
            -0.004737800918519497
        ],
        [
            0.11830087751150131,
            0.008222565054893494,
            -0.006941304542124271
        ],
        [
            0.11529205739498138,
            0.0032623037695884705,
            -0.01889600232243538
        ],
        [
            0.1179414764046669,
            0.014067798852920532,
            -0.019405562430620193
        ],
        [
            0.12575705349445343,
            0.0298800989985466,
            -0.003841172903776169
        ],
        [
            0.12480129301548004,
            0.02643784135580063,
            -0.01693182811141014
        ],
        [
            0.12860903143882751,
            0.03942263126373291,
            -0.014078091830015182
        ],
        [
            0.12972626090049744,
            0.05708098039031029,
            -0.011034580878913403
        ],
        [
            0.10739655047655106,
            -0.0007401928305625916,
            0.02701302245259285
        ],
        [
            0.10757529735565186,
            0.008034728467464447,
            0.03244606405496597
        ],
        [
            0.09929551184177399,
            0.1169738918542862,
            -0.0009036678820848465
        ],
        [
            0.0987066924571991,
            0.11605183780193329,
            0.005061912350356579
        ],
        [
            0.09707071632146835,
            0.11314179748296738,
            0.0034552421420812607
        ],
        [
            0.09775190055370331,
            0.11490869522094727,
            -0.002065877430140972
        ],
        [
            0.08835708349943161,
            -0.0007539838552474976,
            0.03414815664291382
        ],
        [
            0.07935381680727005,
            -0.002250656485557556,
            0.02978421375155449
        ],
        [
            0.08269242942333221,
            -0.008763901889324188,
            0.029969125986099243
        ],
        [
            0.09175138920545578,
            -0.007290974259376526,
            0.0321982279419899
        ],
        [
            0.08387994021177292,
            0.007875777781009674,
            0.03669121488928795
        ],
        [
            0.07532557100057602,
            0.007087215781211853,
            0.02929169125854969
        ],
        [
            0.09345568716526031,
            0.12800610065460205,
            -0.004339031875133514
        ],
        [
            0.09685895591974258,
            0.12427128106355667,
            -0.00564185343682766
        ],
        [
            0.09281276166439056,
            0.12240803986787796,
            -0.0072673894464969635
        ],
        [
            0.08859499543905258,
            0.12499850988388062,
            -0.005507310386747122
        ],
        [
            0.09653332084417343,
            0.07642772048711777,
            -0.007485327310860157
        ],
        [
            0.09569195657968521,
            0.07030767947435379,
            -0.000761150848120451
        ],
        [
            0.08846969902515411,
            0.08974411338567734,
            -0.005375942215323448
        ],
        [
            0.09007059037685394,
            0.08263808488845825,
            -0.0030857189558446407
        ],
        [
            0.09128957986831665,
            0.08333523571491241,
            -0.009867296554148197
        ],
        [
            0.0888921245932579,
            0.08909212797880173,
            -0.01154771912842989
        ],
        [
            0.08522313088178635,
            0.06961993873119354,
            0.016080915927886963
        ],
        [
            0.08959754556417465,
            0.05895674228668213,
            0.014418590813875198
        ],
        [
            0.09047187864780426,
            0.06282981485128403,
            0.00903197843581438
        ],
        [
            0.08689089864492416,
            0.07518320530653,
            0.009626335464417934
        ],
        [
            0.08930371701717377,
            0.05344591289758682,
            0.027554422616958618
        ],
        [
            0.08453281223773956,
            0.0641767829656601,
            0.02795162796974182
        ],
        [
            0.0848020538687706,
            0.059650104492902756,
            0.03535968437790871
        ],
        [
            0.08909481763839722,
            0.05319080501794815,
            0.03411198407411575
        ],
        [
            0.07643734663724899,
            0.0824403464794159,
            0.025275565683841705
        ],
        [
            0.07413220405578613,
            0.08655454963445663,
            0.024811983108520508
        ],
        [
            0.07538045197725296,
            0.08520490676164627,
            0.02824309840798378
        ],
        [
            0.07660418003797531,
            0.08025431632995605,
            0.02849164977669716
        ],
        [
            0.08516603708267212,
            -0.015441611409187317,
            0.029341934248805046
        ],
        [
            0.0948115885257721,
            -0.013373859226703644,
            0.02940209023654461
        ],
        [
            0.06149153411388397,
            0.044204071164131165,
            0.04344611614942551
        ],
        [
            0.06932934373617172,
            0.03907106816768646,
            0.05005832016468048
        ],
        [
            0.06410445272922516,
            0.05150699242949486,
            0.055225469172000885
        ],
        [
            0.05605798214673996,
            0.053829945623874664,
            0.04660293459892273
        ],
        [
            0.07353522628545761,
            -0.0005265176296234131,
            0.021298687905073166
        ],
        [
            0.07537873089313507,
            -0.00798799842596054,
            0.02303226664662361
        ],
        [
            0.09004275500774384,
            0.13007140159606934,
            0.0005153007805347443
        ],
        [
            0.08542579412460327,
            0.12638619542121887,
            -0.00048472732305526733
        ],
        [
            0.12001056969165802,
            0.03669071942567825,
            -0.025387905538082123
        ],
        [
            0.1250537931919098,
            0.05702169984579086,
            -0.019874051213264465
        ],
        [
            0.11364798247814178,
            0.02106170356273651,
            -0.026833297684788704
        ],
        [
            0.1077641099691391,
            0.010454796254634857,
            -0.025974586606025696
        ],
        [
            0.10539593547582626,
            0.0011949390172958374,
            -0.02589588798582554
        ],
        [
            0.08721208572387695,
            0.08426729589700699,
            0.0027685286477208138
        ],
        [
            0.09414168447256088,
            0.06264053285121918,
            0.004295363090932369
        ],
        [
            0.09485235810279846,
            0.04773698374629021,
            0.015051057562232018
        ],
        [
            0.09368253499269485,
            0.04041256383061409,
            0.045315951108932495
        ],
        [
            0.09835328161716461,
            0.031148843467235565,
            0.04347934201359749
        ],
        [
            0.09964461624622345,
            0.03804585337638855,
            0.03519393503665924
        ],
        [
            0.09473522007465363,
            0.04456561431288719,
            0.03833087161183357
        ],
        [
            0.07829735428094864,
            0.040856171399354935,
            0.054166171699762344
        ],
        [
            0.08474665880203247,
            0.04560992494225502,
            0.0519619956612587
        ],
        [
            0.08012701570987701,
            0.05301925167441368,
            0.054089318960905075
        ],
        [
            0.07304780185222626,
            0.05058082565665245,
            0.057298071682453156
        ],
        [
            0.1136268898844719,
            0.07655242830514908,
            -0.01915154978632927
        ],
        [
            0.10742481797933578,
            0.06370571255683899,
            -0.02610430121421814
        ],
        [
            0.09858055412769318,
            0.002080373466014862,
            0.03511454164981842
        ],
        [
            0.10129132866859436,
            -0.003926537930965424,
            0.030800681561231613
        ],
        [
            0.10211829841136932,
            -0.011712796986103058,
            0.027256466448307037
        ],
        [
            0.1073775365948677,
            0.028303727507591248,
            0.01435961201786995
        ],
        [
            0.11383546888828278,
            0.015848346054553986,
            0.0120388213545084
        ],
        [
            0.11490535736083984,
            0.017822615802288055,
            0.00823596864938736
        ],
        [
            0.10650230944156647,
            0.029202774167060852,
            0.010742497630417347
        ],
        [
            0.1082073375582695,
            0.04117053374648094,
            0.003998409956693649
        ],
        [
            0.1177278608083725,
            0.03187650442123413,
            0.0039815036579966545
        ],
        [
            0.11057262122631073,
            0.05187397077679634,
            0.005753161385655403
        ],
        [
            0.11572596430778503,
            0.005007632076740265,
            0.0022912872955203056
        ],
        [
            0.11563845723867416,
            -0.005019940435886383,
            0.0071027847006917
        ],
        [
            0.11677376925945282,
            -0.003558225929737091,
            -0.001634351909160614
        ],
        [
            0.11223451793193817,
            -0.007677637040615082,
            0.01593613810837269
        ],
        [
            0.10772055387496948,
            -0.009996093809604645,
            0.02328229695558548
        ],
        [
            0.07495077699422836,
            -0.016540780663490295,
            0.023126397281885147
        ],
        [
            0.11633461713790894,
            -0.0016337409615516663,
            -0.009723720140755177
        ],
        [
            0.12445318698883057,
            0.06852824240922928,
            0.00391233479604125
        ],
        [
            0.1259431391954422,
            0.07710616290569305,
            0.0018150827381759882
        ],
        [
            0.1186329573392868,
            0.07792738080024719,
            0.0034123151563107967
        ],
        [
            0.11657925695180893,
            0.07034267485141754,
            0.005082570947706699
        ],
        [
            0.07914568483829498,
            0.09204575419425964,
            -0.019247034564614296
        ],
        [
            0.0860486775636673,
            0.0910317674279213,
            -0.016257965937256813
        ],
        [
            0.08967237174510956,
            0.0841163843870163,
            -0.016686346381902695
        ],
        [
            0.10870067775249481,
            0.02438388764858246,
            0.02768430858850479
        ],
        [
            0.10435999929904938,
            0.0172622948884964,
            0.03733612969517708
        ],
        [
            0.08592525869607925,
            0.09155301749706268,
            0.0002734708832576871
        ],
        [
            0.08461868762969971,
            0.12219589203596115,
            -0.007057453040033579
        ],
        [
            0.08946692198514938,
            0.11943439394235611,
            -0.009283440187573433
        ],
        [
            0.08213656395673752,
            0.10390856117010117,
            -0.015568912029266357
        ],
        [
            0.07616409659385681,
            0.10699531435966492,
            -0.01323670893907547
        ],
        [
            0.08000926673412323,
            0.09743598848581314,
            0.004293730016797781
        ],
        [
            0.08565860241651535,
            0.09456505626440048,
            0.0009560311445966363
        ],
        [
            0.08536358177661896,
            0.09629084914922714,
            0.0016757004195824265
        ],
        [
            0.08194021880626678,
            0.09968690574169159,
            0.006338709034025669
        ],
        [
            0.0758453980088234,
            0.0796177089214325,
            0.03579824045300484
        ],
        [
            0.07714420557022095,
            0.07493029534816742,
            0.03567042574286461
        ],
        [
            0.06014183163642883,
            0.08651390671730042,
            -0.00020333658903837204
        ],
        [
            0.061636727303266525,
            0.08804449439048767,
            -0.014198791235685349
        ],
        [
            0.06619629263877869,
            0.07566829025745392,
            -0.016520176082849503
        ],
        [
            0.0847838968038559,
            0.06573586165904999,
            0.022505976259708405
        ],
        [
            0.08070104569196701,
            0.07489273697137833,
            0.02469610422849655
        ],
        [
            0.0802784413099289,
            0.07292920351028442,
            0.02840683050453663
        ],
        [
            0.0846455991268158,
            0.08650893718004227,
            0.005983065348118544
        ],
        [
            0.0823902040719986,
            0.09265526384115219,
            0.005177280865609646
        ],
        [
            0.08070268481969833,
            0.08953355252742767,
            0.008527067489922047
        ],
        [
            0.08355312049388885,
            0.08338408917188644,
            0.010090410709381104
        ],
        [
            0.0738769918680191,
            0.027063682675361633,
            0.045410241931676865
        ],
        [
            0.08418534696102142,
            0.029357463121414185,
            0.050684854388237
        ],
        [
            0.09880373626947403,
            0.12010510265827179,
            -0.004557234235107899
        ],
        [
            0.09616652131080627,
            0.11838436126708984,
            -0.006023567169904709
        ],
        [
            0.08914624154567719,
            0.05538250505924225,
            0.02073053829371929
        ],
        [
            0.07285384088754654,
            0.06171800196170807,
            -0.01725177839398384
        ],
        [
            0.09464628249406815,
            0.04542053863406181,
            0.020087799057364464
        ],
        [
            0.05859285593032837,
            0.07184817641973495,
            0.03903241455554962
        ],
        [
            0.06529401242733002,
            0.07317668199539185,
            0.04391022399067879
        ],
        [
            0.06786857545375824,
            0.07846766710281372,
            0.04441213235259056
        ],
        [
            0.06291206926107407,
            0.08006696403026581,
            0.04147609695792198
        ],
        [
            0.08738749474287033,
            0.11267965286970139,
            0.010629761964082718
        ],
        [
            0.09245358407497406,
            0.11096888780593872,
            0.008107611909508705
        ],
        [
            0.09425915032625198,
            0.11357228457927704,
            0.009037272073328495
        ],
        [
            0.08991837501525879,
            0.11659453809261322,
            0.011858661659061909
        ],
        [
            0.08830197155475616,
            0.09336274117231369,
            -0.004249240271747112
        ],
        [
            0.08879269659519196,
            0.09362280368804932,
            -0.010469690896570683
        ],
        [
            0.0899762362241745,
            0.09744758158922195,
            -0.008576301857829094
        ],
        [
            0.08838894963264465,
            0.09675917774438858,
            -0.002678645309060812
        ],
        [
            0.08557014167308807,
            0.09574645012617111,
            -0.015361260622739792
        ],
        [
            0.08705196529626846,
            0.10015083849430084,
            -0.013776340521872044
        ],
        [
            0.08230315148830414,
            0.11658160388469696,
            0.009705104865133762
        ],
        [
            0.07969144731760025,
            0.12115545570850372,
            0.00425473228096962
        ],
        [
            0.07109898328781128,
            0.10670953243970871,
            0.00020289822714403272
        ],
        [
            0.07628673315048218,
            0.10487974435091019,
            0.005983005743473768
        ],
        [
            0.0666399598121643,
            0.024978987872600555,
            0.015695463865995407
        ],
        [
            0.06826814264059067,
            0.020974673330783844,
            0.026056960225105286
        ],
        [
            0.06446471810340881,
            0.035221975296735764,
            0.030611559748649597
        ],
        [
            0.05910848453640938,
            0.049177203327417374,
            0.03563372418284416
        ],
        [
            0.055194731801748276,
            0.06289640814065933,
            0.03911576792597771
        ],
        [
            0.05217374861240387,
            0.06727886199951172,
            0.028144748881459236
        ],
        [
            0.06670452654361725,
            0.031150896102190018,
            0.03757854551076889
        ],
        [
            0.07041744887828827,
            0.09343255311250687,
            0.00461133848875761
        ],
        [
            0.06565307825803757,
            0.09596823900938034,
            -0.0020125594455748796
        ],
        [
            0.06486093252897263,
            0.09208374470472336,
            0.0028085673693567514
        ],
        [
            0.0954878181219101,
            0.04361044615507126,
            0.027347784489393234
        ],
        [
            0.09359849989414215,
            0.11601201444864273,
            -0.008336931467056274
        ],
        [
            0.08405069261789322,
            0.005243167281150818,
            -0.020310070365667343
        ],
        [
            0.0761619433760643,
            0.0015600472688674927,
            -0.009563093073666096
        ],
        [
            0.07567719370126724,
            0.010386325418949127,
            -0.010049037635326385
        ],
        [
            0.08566567301750183,
            0.015007615089416504,
            -0.0218675397336483
        ],
        [
            0.09614893049001694,
            0.11086808145046234,
            0.0020875809714198112
        ],
        [
            0.0966866984963417,
            0.11232782900333405,
            -0.00411567185074091
        ],
        [
            0.07705255597829819,
            0.07360366731882095,
            0.04222582280635834
        ],
        [
            0.07565583288669586,
            0.0786128044128418,
            0.04152078926563263
        ],
        [
            0.07416917383670807,
            0.07879146933555603,
            0.043940167874097824
        ],
        [
            0.07608320564031601,
            0.07469161599874496,
            0.04736953228712082
        ],
        [
            0.07032012194395065,
            0.0179157555103302,
            0.030865151435136795
        ],
        [
            0.06586657464504242,
            0.06184028089046478,
            0.05785803869366646
        ],
        [
            0.057566288858652115,
            0.06268885731697083,
            0.04972849786281586
        ],
        [
            0.07132703065872192,
            0.00881078839302063,
            0.021714746952056885
        ],
        [
            0.06933781504631042,
            0.011970959603786469,
            0.012612327933311462
        ],
        [
            0.0711015984416008,
            0.002451375126838684,
            0.01097332313656807
        ],
        [
            0.05496969819068909,
            0.07848597317934036,
            0.018668698146939278
        ],
        [
            0.06588588654994965,
            0.030097797513008118,
            0.008634542115032673
        ],
        [
            0.06935267895460129,
            0.016050949692726135,
            0.006055740639567375
        ],
        [
            0.07148204743862152,
            0.004858203232288361,
            0.0038019074127078056
        ],
        [
            0.07224947959184647,
            -0.00343109667301178,
            0.002740505151450634
        ],
        [
            0.07187065482139587,
            -0.005200974643230438,
            0.010732599534094334
        ],
        [
            0.08134550601243973,
            0.12259040772914886,
            -0.0015818998217582703
        ],
        [
            0.08376899361610413,
            0.1258011907339096,
            0.006442064885050058
        ],
        [
            0.07115649431943893,
            -0.014299020171165466,
            0.010474108159542084
        ],
        [
            0.07225995510816574,
            -0.011797592043876648,
            0.0015437249094247818
        ],
        [
            0.07066310197114944,
            0.020332857966423035,
            -0.0020887264981865883
        ],
        [
            0.07426823675632477,
            0.02586333453655243,
            -0.01200841087847948
        ],
        [
            0.06749100238084793,
            0.03381384164094925,
            0.0007668286561965942
        ],
        [
            0.07029367238283157,
            0.040233366191387177,
            -0.008760186843574047
        ],
        [
            0.05100870132446289,
            0.0800524428486824,
            0.008099337108433247
        ],
        [
            0.09994242340326309,
            0.13277944922447205,
            0.014161377213895321
        ],
        [
            0.09022191911935806,
            0.12669435143470764,
            0.012196042574942112
        ],
        [
            0.09273689985275269,
            0.12144462764263153,
            0.013024365529417992
        ],
        [
            0.10018334537744522,
            0.12868952751159668,
            0.015899477526545525
        ],
        [
            0.08598275482654572,
            0.12101730704307556,
            0.011249955743551254
        ],
        [
            0.08871269226074219,
            0.12963692843914032,
            0.007500075735151768
        ],
        [
            0.0791405737400055,
            0.047207046300172806,
            -0.019902287051081657
        ],
        [
            0.07782068848609924,
            0.093436598777771,
            0.0076273661106824875
        ],
        [
            0.08780534565448761,
            0.032818570733070374,
            -0.02435567043721676
        ],
        [
            0.08929235488176346,
            0.059546999633312225,
            -0.02742702141404152
        ],
        [
            0.0982707142829895,
            0.049572594463825226,
            -0.029364753514528275
        ],
        [
            0.0985114723443985,
            0.018808163702487946,
            -0.028813235461711884
        ],
        [
            0.10663849860429764,
            0.0352562740445137,
            -0.031132914125919342
        ],
        [
            0.09414252638816833,
            -0.0001472756266593933,
            -0.025740861892700195
        ],
        [
            0.09469648450613022,
            0.009077772498130798,
            -0.026376809924840927
        ],
        [
            0.11400444060564041,
            0.051582906395196915,
            -0.02817026898264885
        ],
        [
            0.10589452087879181,
            0.11999824643135071,
            0.00525771826505661
