{
    "pred_cam": [
        8.2756929397583,
        -0.10808142274618149,
        -0.05526915192604065
    ],
    "pred_mano_params": {
        "global_orient": [
            [
                [
                    0.3488537669181824,
                    -0.8479616045951843,
                    0.39907658100128174
                ],
                [
                    -0.9371740818023682,
                    -0.31454548239707947,
                    0.1508837342262268
                ],
                [
                    -0.0024158749729394913,
                    -0.4266405701637268,
                    -0.9044179916381836
                ]
            ]
        ],
        "hand_pose": [
            [
                [
                    0.5633882880210876,
                    -0.8208118677139282,
                    -0.09413556754589081
                ],
                [
                    0.8227323293685913,
                    0.5677918791770935,
                    -0.026903998106718063
                ],
                [
                    0.07553254067897797,
                    -0.0622909814119339,
                    0.995195746421814
                ]
            ],
            [
                [
                    0.7050486207008362,
                    -0.6640068292617798,
                    0.24900086224079132
                ],
                [
                    0.7087699770927429,
                    0.6714242696762085,
                    -0.21641287207603455
                ],
                [
                    -0.023485613986849785,
                    0.3290659189224243,
                    0.944014847278595
                ]
            ],
            [
                [
                    0.7982592582702637,
                    -0.47929108142852783,
                    -0.3647768497467041
                ],
                [
                    0.5195116996765137,
                    0.8543432354927063,
                    0.014326452277600765
                ],
                [
                    0.3047780692577362,
                    -0.2009420543909073,
                    0.9309847354888916
                ]
            ],
            [
                [
                    0.14868764579296112,
                    -0.9692832827568054,
                    -0.19591297209262848
                ],
                [
                    0.972800076007843,
                    0.10778364539146423,
                    0.20504304766654968
                ],
                [
                    -0.17762860655784607,
                    -0.22107155621051788,
                    0.9589449167251587
                ]
            ],
            [
                [
                    0.8315998315811157,
                    -0.47795385122299194,
                    -0.2828458845615387
                ],
                [
                    0.5328521728515625,
                    0.8302134871482849,
                    0.16375020146369934
                ],
                [
                    0.15655741095542908,
                    -0.2868897020816803,
                    0.9450841546058655
                ]
            ],
            [
                [
                    0.9021191596984863,
                    -0.226898655295372,
                    -0.36701229214668274
                ],
                [
                    0.29199299216270447,
                    0.947253942489624,
                    0.1320987045764923
                ],
                [
                    0.31768083572387695,
                    -0.22633379697799683,
                    0.9207887649536133
                ]
            ],
            [
                [
                    0.1772845983505249,
                    -0.8178619146347046,
                    0.5474231243133545
                ],
                [
                    0.5184037089347839,
                    0.5504158139228821,
                    0.6544463634490967
                ],
                [
                    -0.8365570306777954,
                    0.16776293516159058,
                    0.5215628743171692
                ]
            ],
            [
                [
                    0.7783308625221252,
                    -0.465999573469162,
                    -0.4207676947116852
                ],
                [
                    0.6152843236923218,
                    0.6995487809181213,
                    0.3633960485458374
                ],
                [
                    0.12500514090061188,
                    -0.5417340993881226,
                    0.8312026262283325
                ]
            ],
            [
                [
                    0.7346534132957458,
                    -0.6375647187232971,
                    0.23193855583667755
                ],
                [
                    0.6146849989891052,
                    0.770196795463562,
                    0.17017391324043274
                ],
                [
                    -0.2871352434158325,
                    0.017550302669405937,
                    0.957729160785675
                ]
            ],
            [
                [
                    0.23201216757297516,
                    -0.9308695197105408,
                    0.28222742676734924
                ],
                [
                    0.8863677382469177,
                    0.32183071970939636,
                    0.3328321874141693
                ],
                [
                    -0.40065279603004456,
                    0.17293618619441986,
                    0.8997613787651062
                ]
            ],
            [
                [
                    0.8147425651550293,
                    -0.5006157755851746,
                    -0.2925378382205963
                ],
                [
                    0.5795729756355286,
                    0.7179508805274963,
                    0.3855408728122711
                ],
                [
                    0.017019931226968765,
                    -0.4836636185646057,
                    0.8750885128974915
                ]
            ],
            [
                [
                    0.8629480004310608,
                    -0.4023219048976898,
                    -0.30570870637893677
                ],
                [
                    0.4803435206413269,
                    0.8409292101860046,
                    0.24921521544456482
                ],
                [
                    0.15681463479995728,
                    -0.36190497875213623,
                    0.9189308881759644
                ]
            ],
            [
                [
                    0.9679567813873291,
                    -0.14515918493270874,
                    -0.20491130650043488
                ],
                [
                    -0.14434881508350372,
                    0.3460783362388611,
                    -0.9270347356796265
                ],
                [
                    0.20548298954963684,
                    0.9269081354141235,
                    0.3140353262424469
                ]
            ],
            [
                [
                    0.9672688245773315,
                    -0.25373587012290955,
                    0.0030114720575511456
                ],
                [
                    0.1876867264509201,
                    0.7233684659004211,
                    0.664463460445404
                ],
                [
                    -0.1707766354084015,
                    -0.6421496272087097,
                    0.7473146319389343
                ]
            ],
            [
                [
                    0.9801821708679199,
                    0.13865453004837036,
                    -0.14148500561714172
                ],
                [
                    -0.1782844513654709,
                    0.9287860989570618,
                    -0.3249169588088989
                ],
                [
                    0.08635812997817993,
                    0.3437023460865021,
                    0.9350995421409607
                ]
            ]
        ],
        "betas": [
            -0.1019069254398346,
            -0.06673446297645569,
            -0.01959887146949768,
            0.06254193186759949,
            0.030925840139389038,
            -0.03366561979055405,
            -0.0019173920154571533,
            0.008625328540802002,
            -0.05730274319648743,
            -0.011659383773803711
        ]
    },
    "pred_cam_t": [
        -0.10808142274618149,
        -0.05526915192604065,
        4.72014856338501
    ],
    "focal_length": [
        5000.0,
        5000.0
    ],
    "pred_keypoints_3d": [
        [
            0.09618474543094635,
            0.006442333105951548,
            0.006211362313479185
        ],
        [
            0.11139782518148422,
            0.037975337356328964,
            -0.010575506836175919
        ],
        [
            0.12079229950904846,
            0.06721484661102295,
            -0.006347570102661848
        ],
        [
            0.1252260059118271,
            0.09391436725854874,
            -0.0032969550229609013
        ],
        [
            0.13013744354248047,
            0.12976191937923431,
            -0.0001798328012228012
        ],
        [
            0.07799400389194489,
            0.09423709660768509,
            -0.010107770562171936
        ],
        [
            0.09115336835384369,
            0.1225612610578537,
            0.0009752064943313599
        ],
        [
            0.1113286018371582,
            0.12438685446977615,
            0.010311664082109928
        ],
        [
            0.1274985671043396,
            0.11572521179914474,
            0.02794991433620453
        ],
        [
            0.0629105418920517,
            0.09558086097240448,
            0.010175256058573723
        ],
        [
            0.08759278804063797,
            0.11041297763586044,
            0.02376772277057171
        ],
        [
            0.10853404551744461,
            0.10503646731376648,
            0.03267904371023178
        ],
        [
            0.12680590152740479,
            0.09224279224872589,
            0.04686777666211128
        ],
        [
            0.0601828433573246,
            0.08066166192293167,
            0.032384615391492844
        ],
        [
            0.08181121945381165,
            0.09937694668769836,
            0.0371333472430706
        ],
        [
            0.10360781848430634,
            0.09557685256004333,
            0.04860658198595047
        ],
        [
            0.1218569278717041,
            0.08215954154729843,
            0.0614144466817379
        ],
        [
            0.06317876279354095,
            0.0678778812289238,
            0.04993683099746704
        ],
        [
            0.07727222144603729,
            0.08375927805900574,
            0.05016627907752991
        ],
        [
            0.09405357390642166,
            0.08511923998594284,
            0.05913856625556946
        ],
        [
            0.10843224078416824,
            0.07671933621168137,
            0.06343935430049896
        ]
    ],
    "pred_vertices": [
        [
            0.09922274202108383,
            0.06101419776678085,
            -0.000772587489336729
        ],
        [
            0.1031448096036911,
            0.050815172493457794,
            0.000700836069881916
        ],
        [
            0.10582459717988968,
            0.059352461248636246,
            0.00010843388736248016
        ],
        [
            0.10218671709299088,
            0.06837943941354752,
            -0.004240003414452076
        ],
        [
            0.12066918611526489,
            0.04490187391638756,
            0.007077082991600037
        ],
        [
            0.12911291420459747,
            0.04070315510034561,
            -0.00018905941396951675
        ],
        [
            0.13037575781345367,
            0.05731090158224106,
            0.0012239376083016396
        ],
        [
            0.12368055433034897,
            0.058720286935567856,
            0.008366684429347515
        ],
        [
            0.1032157689332962,
            0.07466372102499008,
            -0.006925136316567659
        ],
        [
            0.10843603312969208,
            0.06715081632137299,
            0.00012825429439544678
        ],
        [
            0.10281722992658615,
            0.07614171504974365,
            -0.009162538684904575
        ],
        [
            0.09261073172092438,
            0.08015330880880356,
            -0.01957652159035206
        ],
        [
            0.09618445485830307,
            0.08012599498033524,
            -0.013825788162648678
        ],
        [
            0.08580246567726135,
            0.08492303639650345,
            -0.021964076906442642
        ],
        [
            0.08822271227836609,
            0.07207828760147095,
            -0.025194894522428513
        ],
        [
            0.07657656818628311,
            0.0824364572763443,
            -0.023596856743097305
        ],
        [
            0.06801418960094452,
            0.055736299604177475,
            -0.011542794294655323
        ],
        [
            0.06323690712451935,
            0.04996008425951004,
            0.00018352270126342773
        ],
        [
            0.05552656203508377,
            0.06673826277256012,
            0.0025211581960320473
        ],
        [
            0.06211540848016739,
            0.0710998922586441,
            -0.009197118692100048
        ],
        [
            0.05562978237867355,
            0.05490163713693619,
            0.020331721752882004
        ],
        [
            0.05533766746520996,
            0.06211103871464729,
            0.010672054253518581
        ],
        [
            0.06160441040992737,
            0.045136287808418274,
            0.007824869826436043
        ],
        [
            0.06178024411201477,
            0.03957705944776535,
            0.016578305512666702
        ],
        [
            0.09496282786130905,
            0.050194546580314636,
            0.009967251680791378
        ],
        [
            0.09933540970087051,
            0.04022807627916336,
            0.010443195700645447
        ],
        [
            0.0999889075756073,
            0.04335777088999748,
            0.0052631935104727745
        ],
        [
            0.09643891453742981,
            0.053116828203201294,
            0.0053056287579238415
        ],
        [
            0.1110597625374794,
            0.07733496278524399,
            -0.01222795806825161
        ],
        [
            0.10541986674070358,
            0.06796730309724808,
            -0.02161717414855957
        ],
        [
            0.1018199622631073,
            0.07314501702785492,
            -0.01681964099407196
        ],
        [
            0.11059502512216568,
            0.07866613566875458,
            -0.006696482188999653
        ],
        [
            0.11182631552219391,
            0.016199171543121338,
            0.022257577627897263
        ],
        [
            0.11178223043680191,
            0.0034082531929016113,
            0.017455145716667175
        ],
        [
            0.11337517201900482,
            0.004774324595928192,
            0.01185584720224142
        ],
        [
            0.11262305080890656,
            0.016080215573310852,
            0.017108650878071785
        ],
        [
            0.12331759184598923,
            0.018123656511306763,
            -0.0025342642329633236
        ],
        [
            0.1194862425327301,
            0.008203357458114624,
            -0.004975405056029558
        ],
        [
            0.11760824918746948,
            0.0031451955437660217,
            -0.01708674058318138
        ],
        [
            0.12025222927331924,
            0.013961471617221832,
            -0.01745152845978737
        ],
        [
            0.12661193311214447,
            0.029664315283298492,
            -0.0014062728732824326
        ],
        [
            0.126819908618927,
            0.026280149817466736,
            -0.014470328576862812
        ],
        [
            0.13038979470729828,
            0.03909061849117279,
            -0.011248935014009476
        ],
        [
            0.13135641813278198,
            0.056627579033374786,
            -0.007975636050105095
        ],
        [
            0.10558538138866425,
            -0.0005164593458175659,
            0.02805899642407894
        ],
        [
            0.10524370521306992,
            0.008326627314090729,
            0.0334385484457016
        ],
        [
            0.10150407254695892,
            0.11390187591314316,
            -0.0015392396599054337
        ],
        [
            0.10059003531932831,
            0.11263404786586761,
            0.004356907680630684
        ],
        [
            0.09886105358600616,
            0.11018696427345276,
            0.0026671579107642174
        ],
        [
            0.09992270171642303,
            0.11219851672649384,
            -0.0027597062289714813
        ],
        [
            0.08592869341373444,
            -0.0005420520901679993,
            0.03344309702515602
        ],
        [
            0.07736330479383469,
            -0.0021119192242622375,
            0.028268933296203613
        ],
        [
            0.08069075644016266,
            -0.008623592555522919,
            0.028805512934923172
        ],
        [
            0.08951292932033539,
            -0.007095560431480408,
            0.03185207396745682
        ],
        [
            0.08118312805891037,
            0.008087925612926483,
            0.03552188724279404
        ],
        [
            0.07335139811038971,
            0.007219068706035614,
            0.027338016778230667
        ],
        [
            0.09710775315761566,
            0.1257944107055664,
            -0.004338306374847889
        ],
        [
            0.10011355578899384,
            0.12176337093114853,
            -0.005799493752419949
        ],
        [
            0.09601740539073944,
            0.12052705883979797,
            -0.007642241194844246
        ],
        [
            0.09204311668872833,
            0.12349358201026917,
            -0.005844615399837494
        ],
        [
            0.09768394380807877,
            0.0764465183019638,
            -0.007942741736769676
        ],
        [
            0.09621497243642807,
            0.07036767899990082,
            -0.0013182037509977818
        ],
        [
            0.08922696858644485,
            0.08929040282964706,
            -0.0070879776030778885
        ],
        [
            0.09070493280887604,
            0.08258236944675446,
            -0.00437886081635952
        ],
        [
            0.0925125777721405,
            0.08323655277490616,
            -0.011010169982910156
        ],
        [
            0.0902390256524086,
            0.08874943107366562,
            -0.013061316683888435
        ],
        [
            0.08420787751674652,
            0.06970870494842529,
            0.01443540584295988
        ],
        [
            0.08877792954444885,
            0.05907343327999115,
            0.01330668106675148
        ],
        [
            0.09012524038553238,
            0.06292002648115158,
            0.007988099940121174
        ],
        [
            0.08644033223390579,
            0.07522288709878922,
            0.008097137324512005
        ],
        [
            0.08731289952993393,
            0.05364363268017769,
            0.02642202563583851
        ],
        [
            0.0824492871761322,
            0.06431584060192108,
            0.026244061067700386
        ],
        [
            0.08207093924283981,
            0.05980650708079338,
            0.03368193656206131
        ],
        [
            0.08650272339582443,
            0.05341588705778122,
            0.03293496370315552
        ],
        [
            0.07446371018886566,
            0.08250083029270172,
            0.022527340799570084
        ],
        [
            0.07208684086799622,
            0.08614327013492584,
            0.021390924230217934
        ],
        [
            0.07314863801002502,
            0.08459369838237762,
            0.02497478947043419
        ],
        [
            0.07442721724510193,
            0.08026956766843796,
            0.025776313617825508
        ],
        [
            0.08323833346366882,
            -0.01531161367893219,
            0.028461024165153503
        ],
        [
            0.09284711629152298,
            -0.01320650428533554,
            0.029394492506980896
        ],
        [
            0.057867005467414856,
            0.04456550255417824,
            0.039924487471580505
        ],
        [
            0.06515348702669144,
            0.03940650075674057,
            0.04722218215465546
        ],
        [
            0.059603966772556305,
            0.052025362849235535,
            0.05172262340784073
        ],
        [
            0.052097003906965256,
            0.05436982214450836,
            0.04245377331972122
        ],
        [
            0.07233212888240814,
            -0.0004777982831001282,
            0.01925811544060707
        ],
        [
            0.07403206825256348,
            -0.00793040543794632,
            0.02120942436158657
        ],
        [
            0.09373554587364197,
            0.12793077528476715,
            0.0005497820675373077
        ],
        [
            0.08883153647184372,
            0.12502144277095795,
            -0.0008232295513153076
        ],
        [
            0.12274375557899475,
            0.03651358187198639,
            -0.023316845297813416
        ],
        [
            0.12740452587604523,
            0.05667015537619591,
            -0.01716947928071022
        ],
        [
            0.11657632887363434,
            0.020922444760799408,
            -0.02535601332783699
        ],
        [
            0.11068888753652573,
            0.010296903550624847,
            -0.0249350443482399
        ],
        [
            0.10838086903095245,
            0.0010088011622428894,
            -0.02495102398097515
        ],
        [
            0.08729492872953415,
            0.08416901528835297,
            0.001118986401706934
        ],
        [
            0.09422843903303146,
            0.06273195147514343,
            0.003635598812252283
        ],
        [
            0.09402038156986237,
            0.047894664108753204,
            0.014544064179062843
        ],
        [
            0.09006854891777039,
            0.04074305668473244,
            0.04468715190887451
        ],
        [
            0.09492218494415283,
            0.031503915786743164,
            0.04340002313256264
        ],
        [
            0.0969814732670784,
            0.038355156779289246,
            0.03517185151576996
        ],
        [
            0.0917748510837555,
            0.044856831431388855,
            0.03776700049638748
        ],
        [
            0.07378709316253662,
            0.04119683429598808,
            0.05210988223552704
        ],
        [
            0.08048084378242493,
            0.04589052125811577,
            0.05042309686541557
        ],
        [
            0.07575759291648865,
            0.053178735077381134,
            0.05196977034211159
        ],
        [
            0.06834209710359573,
            0.0509297214448452,
            0.05458148941397667
        ],
        [
            0.11634202301502228,
            0.07643301784992218,
            -0.017348218709230423
        ],
        [
            0.11047042906284332,
            0.0636313259601593,
            -0.024913983419537544
        ],
        [
            0.09602928161621094,
            0.002348572015762329,
            0.035323429852724075
        ],
        [
            0.09914996474981308,
            -0.0036981776356697083,
            0.03130652382969856
        ],
        [
            0.10032901167869568,
            -0.011530861258506775,
            0.027907181531190872
        ],
        [
            0.10662581026554108,
            0.028513774275779724,
            0.015161043033003807
        ],
        [
            0.11330342292785645,
            0.016020894050598145,
            0.013521545566618443
        ],
        [
            0.11467820405960083,
            0.01796817034482956,
            0.009767318144440651
        ],
        [
            0.10605183243751526,
            0.02939952164888382,
            0.011446613818407059
        ],
        [
            0.10850107669830322,
            0.04111029952764511,
            0.0049263061955571175
        ],
        [
            0.11792156100273132,
            0.03174901008605957,
            0.005679847672581673
        ],
        [
            0.11094453185796738,
            0.051679059863090515,
            0.0070905499160289764
        ],
        [
            0.11611263453960419,
            0.005067676305770874,
            0.004072331823408604
        ],
        [
            0.11564236879348755,
            -0.004946485161781311,
            0.008983256295323372
        ],
        [
            0.11755864322185516,
            -0.003546208143234253,
            0.00035024830140173435
        ],
        [
            0.11145246773958206,
            -0.007546737790107727,
            0.01751003786921501
        ],
        [
            0.10627956688404083,
            -0.009825095534324646,
            0.024438422173261642
        ],
        [
            0.07362508773803711,
            -0.016499437391757965,
            0.021338924765586853
        ],
        [
            0.11785481870174408,
            -0.0016832798719406128,
            -0.0077794399112463
        ],
        [
            0.12534524500370026,
            0.06832803785800934,
            0.006478752940893173
        ],
        [
            0.12728898227214813,
            0.0769377201795578,
            0.004372036550194025
        ],
        [
            0.11992383748292923,
            0.07798422873020172,
            0.005498935002833605
        ],
        [
            0.11748042702674866,
            0.07036009430885315,
            0.007101359777152538
        ],
        [
            0.08141601085662842,
            0.09199099987745285,
            -0.021283496171236038
        ],
        [
            0.0879463255405426,
            0.09074832499027252,
            -0.017885837703943253
        ],
        [
            0.09158404171466827,
            0.08400744199752808,
            -0.01785428449511528
        ],
        [
            0.10675302892923355,
            0.02466540038585663,
            0.028645522892475128
        ],
        [
            0.10155059397220612,
            0.01759198307991028,
            0.037952616810798645
        ],
        [
            0.08631382882595062,
            0.09092119336128235,
            -0.0017087922897189856
        ],
        [
            0.08795971423387527,
            0.1210869550704956,
            -0.007761992048472166
        ],
        [
            0.09262272715568542,
            0.11796040832996368,
            -0.009980408474802971
        ],
        [
            0.0846157893538475,
            0.10311322659254074,
            -0.01746981590986252
        ],
        [
            0.07871159166097641,
            0.10658235102891922,
            -0.015288093127310276
        ],
        [
            0.08049768209457397,
            0.09638576209545135,
            0.0019557506311684847
        ],
        [
            0.08634308725595474,
            0.0932689756155014,
            -0.0011047024745494127
        ],
        [
            0.08622436225414276,
            0.09467776864767075,
            -0.0003070265520364046
        ],
        [
            0.08271069824695587,
            0.0980992466211319,
            0.004364673979580402
        ],
        [
            0.07304248213768005,
            0.07902391999959946,
            0.03266683965921402
        ],
        [
            0.07438468933105469,
            0.07496001571416855,
            0.03301548957824707
        ],
        [
            0.06059688329696655,
            0.08670172095298767,
            -0.004074252676218748
        ],
        [
            0.06324730813503265,
            0.08838781714439392,
            -0.017866257578134537
        ],
        [
            0.06798948347568512,
            0.07575346529483795,
            -0.01988842338323593
        ],
        [
            0.08319796621799469,
            0.06586183607578278,
            0.020834872499108315
        ],
        [
            0.07887795567512512,
            0.07498472929000854,
            0.022515077143907547
        ],
        [
            0.07814516127109528,
            0.07301609218120575,
            0.02617938071489334
        ],
        [
            0.08449168503284454,
            0.08638125658035278,
            0.004085133783519268
        ],
        [
            0.08239064365625381,
            0.09217998385429382,
            0.0029343629721552134
        ],
        [
            0.08028823882341385,
            0.08948706090450287,
            0.0062264567241072655
        ],
        [
            0.083048515021801,
            0.08338205516338348,
            0.008158957585692406
        ],
        [
            0.07021759450435638,
            0.027344942092895508,
            0.043134093284606934
        ],
        [
            0.08006024360656738,
            0.02970309555530548,
            0.049314118921756744
        ],
        [
            0.10151529312133789,
            0.11731985211372375,
            -0.004972761496901512
        ],
        [
            0.0988837331533432,
            0.1160745844244957,
            -0.00655773002654314
        ],
        [
            0.08777298033237457,
            0.05553731322288513,
            0.019587578251957893
        ],
        [
            0.07489411532878876,
            0.061692334711551666,
            -0.019777115434408188
        ],
        [
            0.09337174147367477,
            0.045613694936037064,
            0.019567549228668213
        ],
        [
            0.05582714453339577,
            0.07224218547344208,
            0.03503900021314621
        ],
        [
            0.062252067029476166,
            0.07332416623830795,
            0.04041058570146561
        ],
        [
            0.06510403752326965,
            0.0780656486749649,
            0.04104723036289215
        ],
        [
            0.06051318347454071,
            0.07989460974931717,
            0.037837058305740356
        ],
        [
            0.08898112177848816,
            0.11036013811826706,
            0.009562683291733265
        ],
        [
            0.09402680397033691,
            0.10831966251134872,
            0.007145327515900135
        ],
        [
            0.09585559368133545,
            0.110578253865242,
            0.008178447373211384
        ],
        [
            0.09172958135604858,
            0.11389082670211792,
            0.011071828193962574
        ],
        [
            0.08928261697292328,
            0.09207679331302643,
            -0.006157473661005497
        ],
        [
            0.09022734314203262,
            0.09264843910932541,
            -0.012212760746479034
        ],
        [
            0.09161296486854553,
            0.09584683179855347,
            -0.010284097865223885
        ],
        [
            0.08959746360778809,
            0.09505663067102432,
            -0.004475666210055351
        ],
        [
            0.08755145967006683,
            0.09489855915307999,
            -0.01724509708583355
        ],
        [
            0.08916497975587845,
            0.09892551600933075,
            -0.015549914911389351
        ],
        [
            0.08432772010564804,
            0.11481313407421112,
            0.00867464393377304
        ],
        [
            0.08246458321809769,
            0.11998432129621506,
            0.0033860569819808006
        ],
        [
            0.07278990745544434,
            0.10616613924503326,
            -0.0020209895446896553
        ],
        [
            0.07744129002094269,
            0.10371629893779755,
            0.00402356032282114
        ],
        [
            0.0658193826675415,
            0.025008969008922577,
            0.012807444669306278
        ],
        [
            0.06651096791028976,
            0.02109283208847046,
            0.02333175390958786
        ],
        [
            0.06215216591954231,
            0.035427797585725784,
            0.027400290593504906
        ],
        [
            0.0561860017478466,
            0.04955641180276871,
            0.03184036165475845
        ],
        [
            0.05192762613296509,
            0.06339647620916367,
            0.034813202917575836
        ],
        [
            0.04988347366452217,
            0.06777685135602951,
            0.023618385195732117
        ],
        [
            0.06377974152565002,
            0.03139585256576538,
            0.03461410477757454
        ],
        [
            0.07024358212947845,
            0.0931190624833107,
            0.0012406560126692057
        ],
        [
            0.06662758439779282,
            0.09602458029985428,
            -0.005130455829203129
        ],
        [
            0.06498084217309952,
            0.09222855418920517,
            -0.0007650407496839762
        ],
        [
            0.0935506671667099,
            0.04385660961270332,
            0.02690507099032402
        ],
        [
            0.09642723947763443,
            0.1140994131565094,
            -0.009041829966008663
        ],
        [
            0.08658149838447571,
            0.005022600293159485,
            -0.021345816552639008
        ],
        [
            0.07776157557964325,
            0.001367323100566864,
            -0.011306934989988804
        ],
        [
            0.07728332281112671,
            0.010208792984485626,
            -0.011914912611246109
        ],
        [
            0.0882868841290474,
            0.014829933643341064,
            -0.022841723635792732
        ],
        [
            0.09804195165634155,
            0.10822086036205292,
            0.001271652989089489
        ],
        [
            0.09897712618112564,
            0.10992646217346191,
            -0.0048651378601789474
        ],
        [
            0.07397018373012543,
            0.0735902190208435,
            0.03955714404582977
        ],
        [
            0.07265524566173553,
            0.07804383337497711,
            0.03847752511501312
        ],
        [
            0.07134737074375153,
            0.07790449261665344,
            0.040730565786361694
        ],
        [
            0.07275120913982391,
            0.07439562678337097,
            0.0445074737071991
        ],
        [
            0.06813643872737885,
            0.018070802092552185,
            0.028360232710838318
        ],
        [
            0.06184764206409454,
            0.062482766807079315,
            0.054572366178035736
        ],
        [
            0.053877368569374084,
            0.06340157985687256,
            0.04557851329445839
        ],
        [
            0.07005389034748077,
            0.008876942098140717,
            0.019390374422073364
        ],
        [
            0.06889250874519348,
            0.011955879628658295,
            0.010099456645548344
        ],
        [
            0.07083958387374878,
            0.0024105235934257507,
            0.008709569461643696
        ],
        [
            0.05377231910824776,
            0.07876786589622498,
            0.014361370354890823
        ],
        [
            0.06570584326982498,
            0.030076928436756134,
            0.005645821802318096
        ],
        [
            0.0694914162158966,
            0.015987329185009003,
            0.003521581180393696
        ],
        [
            0.07187195867300034,
            0.004762925207614899,
            0.0015701614320278168
        ],
        [
            0.07275852560997009,
            -0.003546789288520813,
            0.0006566541269421577
        ],
        [
            0.07164441049098969,
            -0.005255594849586487,
            0.008603398688137531
        ],
        [
            0.08449628204107285,
            0.12156394124031067,
            -0.0023611453361809254
        ],
        [
            0.08683853596448898,
            0.12417750060558319,
            0.006066970527172089
        ],
        [
            0.07098798453807831,
            -0.014371298253536224,
            0.008360831998288631
        ],
        [
            0.07290056347846985,
            -0.01193457841873169,
            -0.00046460703015327454
        ],
        [
            0.07152260839939117,
            0.020208872854709625,
            -0.004523057956248522
        ],
        [
            0.07598759233951569,
            0.025716856122016907,
            -0.014133544638752937
        ],
        [
            0.06802079826593399,
            0.033738404512405396,
            -0.0020997608080506325
        ],
        [
            0.07165408879518509,
            0.04011354595422745,
            -0.011402353644371033
        ],
        [
            0.050539080053567886,
            0.08042781054973602,
            0.0034420397132635117
        ],
        [
            0.10343535989522934,
            0.12830296158790588,
            0.014681356027722359
        ],
        [
            0.09312964975833893,
            0.12371432036161423,
            0.012070367112755775
        ],
        [
            0.0949796587228775,
            0.11813253164291382,
            0.012560978531837463
        ],
        [
            0.10313726961612701,
            0.12408366799354553,
            0.016063658520579338
        ],
        [
            0.0883333683013916,
            0.1187853068113327,
            0.010644028894603252
        ],
        [
            0.0921182855963707,
            0.1271631270647049,
            0.007545520551502705
        ],
        [
            0.08148953318595886,
            0.047137826681137085,
            -0.02170555666089058
        ],
        [
            0.07728151232004166,
            0.09307658672332764,
            0.004670598544180393
        ],
        [
            0.09056365489959717,
            0.03274654597043991,
            -0.02524552308022976
        ],
        [
            0.0923394039273262,
            0.05952794849872589,
            -0.02816326543688774
        ],
        [
            0.10146471858024597,
            0.04953427612781525,
            -0.02924507111310959
        ],
        [
            0.10168465971946716,
            0.01866874098777771,
            -0.02866564318537712
        ],
        [
            0.10993944108486176,
            0.03517473489046097,
            -0.03027942031621933
        ],
        [
            0.09716682881116867,
            -0.0003770589828491211,
            -0.025795429944992065
        ],
        [
            0.09771857410669327,
            0.008883483707904816,
            -0.026478711515665054
        ],
        [
            0.11705638468265533,
            0.051449328660964966,
            -0.026457183063030243
        ],
        [
            0.10812725126743317,
