{
    "pred_cam": [
        7.189927577972412,
        -0.04489016532897949,
        0.037526242434978485
    ],
    "pred_mano_params": {
        "global_orient": [
            [
                [
                    0.8755193948745728,
                    -0.12558288872241974,
                    0.4665776491165161
                ],
                [
                    0.4602939486503601,
                    -0.07690918445587158,
                    -0.884428858757019
                ],
                [
                    0.14695322513580322,
                    0.989097535610199,
                    -0.009530439972877502
                ]
            ]
        ],
        "hand_pose": [
            [
                [
                    0.949491024017334,
                    -0.2736286222934723,
                    -0.1536039263010025
                ],
                [
                    0.26689276099205017,
                    0.9616458415985107,
                    -0.06328953802585602
                ],
                [
                    0.16503039002418518,
                    0.01909707486629486,
                    0.9861035943031311
                ]
            ],
            [
                [
                    0.9275044202804565,
                    -0.35676899552345276,
                    0.11158571392297745
                ],
                [
                    0.37325477600097656,
                    0.9001912474632263,
                    -0.22435811161994934
                ],
                [
                    -0.020404469221830368,
                    0.24974305927753448,
                    0.9680970907211304
                ]
            ],
            [
                [
                    0.9500399827957153,
                    -0.307874858379364,
                    0.0513521246612072
                ],
                [
                    0.30335259437561035,
                    0.9494854807853699,
                    0.08033942431211472
                ],
                [
                    -0.07349259406328201,
                    -0.060747869312763214,
                    0.9954438209533691
                ]
            ],
            [
                [
                    0.8810067772865295,
                    -0.4706707000732422,
                    -0.047917455434799194
                ],
                [
                    0.4729434549808502,
                    0.8788145780563354,
                    0.0633201003074646
                ],
                [
                    0.012307639233767986,
                    -0.07844769209623337,
                    0.9968422055244446
                ]
            ],
            [
                [
                    0.843695878982544,
                    -0.5207533836364746,
                    -0.13035781681537628
                ],
                [
                    0.5366860032081604,
                    0.8127826452255249,
                    0.2266107201576233
                ],
                [
                    -0.012055710889399052,
                    -0.2611517608165741,
                    0.9652224183082581
                ]
            ],
            [
                [
                    0.8986672759056091,
                    -0.43686628341674805,
                    0.039306752383708954
                ],
                [
                    0.4376060962677002,
                    0.8990826606750488,
                    -0.012298482470214367
                ],
                [
                    -0.029967227950692177,
                    0.028253119438886642,
                    0.9991515278816223
                ]
            ],
            [
                [
                    0.8657596707344055,
                    -0.4370383024215698,
                    0.24383942782878876
                ],
                [
                    0.3788312077522278,
                    0.8906832337379456,
                    0.25133705139160156
                ],
                [
                    -0.3270276188850403,
                    -0.12522350251674652,
                    0.9366813898086548
                ]
            ],
            [
                [
                    0.9610802531242371,
                    -0.2703263461589813,
                    -0.05699507147073746
                ],
                [
                    0.27614250779151917,
                    0.9337217211723328,
                    0.22783540189266205
                ],
                [
                    -0.008372373878955841,
                    -0.234706848859787,
                    0.9720301032066345
                ]
            ],
            [
                [
                    0.9921600818634033,
                    -0.10452554374933243,
                    0.06850513815879822
                ],
                [
                    0.06447916477918625,
                    0.8977000713348389,
                    0.43586358428001404
                ],
                [
                    -0.1070559173822403,
                    -0.42802920937538147,
                    0.8974018692970276
                ]
            ],
            [
                [
                    0.830549955368042,
                    -0.5561116337776184,
                    -0.03043786622583866
                ],
                [
                    0.5568764805793762,
                    0.8300591707229614,
                    0.029838407412171364
                ],
                [
                    0.008671741932630539,
                    -0.04173242673277855,
                    0.9990910887718201
                ]
            ],
            [
                [
                    0.907515287399292,
                    -0.4131007790565491,
                    -0.07591956853866577
                ],
                [
                    0.4093170464038849,
                    0.8292821049690247,
                    0.38046133518218994
                ],
                [
                    -0.09421011060476303,
                    -0.37634965777397156,
                    0.9216753840446472
                ]
            ],
            [
                [
                    0.8730458617210388,
                    -0.47708791494369507,
                    0.10088610649108887
                ],
                [
                    0.45588263869285583,
                    0.8719719052314758,
                    0.17842666804790497
                ],
                [
                    -0.17309504747390747,
                    -0.10978245735168457,
                    0.9787675738334656
                ]
            ],
            [
                [
                    0.9820536375045776,
                    -0.18590441346168518,
                    -0.031786490231752396
                ],
                [
                    0.06804113835096359,
                    0.5064098238945007,
                    -0.8596044182777405
                ],
                [
                    0.17590126395225525,
                    0.8420146703720093,
                    0.5099707841873169
                ]
            ],
            [
                [
                    0.9333387017250061,
                    -0.3583507537841797,
                    0.021529728546738625
                ],
                [
                    0.3204509913921356,
                    0.8586603403091431,
                    0.4000169634819031
                ],
                [
                    -0.16183310747146606,
                    -0.3664521276950836,
                    0.9162547588348389
                ]
            ],
            [
                [
                    0.9752805829048157,
                    -0.2197699397802353,
                    -0.022997383028268814
                ],
                [
                    0.1956731230020523,
                    0.9072932004928589,
                    -0.3721977174282074
                ],
                [
                    0.10266324132680893,
                    0.3584972620010376,
                    0.9278684854507446
                ]
            ]
        ],
        "betas": [
            0.024987533688545227,
            -0.10847556591033936,
            -0.10892635583877563,
            -0.026927024126052856,
            -0.0010986626148223877,
            0.01236625388264656,
            0.02858877182006836,
            -0.08786696195602417,
            -0.01829122006893158,
            -0.04089602828025818
        ]
    },
    "pred_cam_t": [
        -0.04489016532897949,
        0.037526242434978485,
        5.432947635650635
    ],
    "focal_length": [
        5000.0,
        5000.0
    ],
    "pred_keypoints_3d": [
        [
            0.09568792581558228,
            0.006378523074090481,
            0.006220838986337185
        ],
        [
            0.08858778327703476,
            -0.026219956576824188,
            -0.012844094075262547
        ],
        [
            0.0778835341334343,
            -0.04206468164920807,
            -0.03691067546606064
        ],
        [
            0.06563342362642288,
            -0.049809083342552185,
            -0.05981604754924774
        ],
        [
            0.055287837982177734,
            -0.05286405235528946,
            -0.09332538396120071
        ],
        [
            0.02885998785495758,
            -0.05187016725540161,
            -0.012037635780870914
        ],
        [
            -0.00045992806553840637,
            -0.0636645257472992,
            -0.021706005558371544
        ],
        [
            -0.014751529321074486,
            -0.06708116084337234,
            -0.038394566625356674
        ],
        [
            -0.02664649486541748,
            -0.0691678524017334,
            -0.060443222522735596
        ],
        [
            0.01145993173122406,
            -0.034019678831100464,
            -0.009146993979811668
        ],
        [
            -0.014272408559918404,
            -0.04053384065628052,
            -0.026534389704465866
        ],
        [
            -0.02067222073674202,
            -0.04107284918427467,
            -0.04893874004483223
        ],
        [
            -0.02108372375369072,
            -0.04187788814306259,
            -0.07466229051351547
        ],
        [
            0.012198403477668762,
            -0.007408511824905872,
            -0.009471527300775051
        ],
        [
            -0.010060081258416176,
            -0.01284549105912447,
            -0.027053844183683395
        ],
        [
            -0.01665603555738926,
            -0.01182985957711935,
            -0.050980646163225174
        ],
        [
            -0.01580643467605114,
            -0.014497699216008186,
            -0.0760541632771492
        ],
        [
            0.016543135046958923,
            0.013535614125430584,
            -0.013310977257788181
        ],
        [
            -0.0007551573216915131,
            0.011473302729427814,
            -0.02526668831706047
        ],
        [
            -0.010794036090373993,
            0.010286458767950535,
            -0.04133041948080063
        ],
        [
            -0.0179823637008667,
            0.005770187824964523,
            -0.060726262629032135
        ]
    ],
    "pred_vertices": [
        [
            0.06162979453802109,
            -0.02903253771364689,
            -0.018733326345682144
        ],
        [
            0.07063321024179459,
            -0.022782912477850914,
            -0.018778957426548004
        ],
        [
            0.06822913885116577,
            -0.028784291818737984,
            -0.025749078020453453
        ],
        [
            0.06017695367336273,
            -0.03637582063674927,
            -0.02381722629070282
        ],
        [
            0.08794651180505753,
            -0.01857389137148857,
            -0.030787641182541847
        ],
        [
            0.09887762367725372,
            -0.023969564586877823,
            -0.030205992981791496
        ],
        [
            0.09014202654361725,
            -0.03226097300648689,
            -0.04032253101468086
        ],
        [
            0.0824747234582901,
            -0.02534322440624237,
            -0.039886604994535446
        ],
        [
            0.058548979461193085,
            -0.042355164885520935,
            -0.027077332139015198
        ],
        [
            0.06592689454555511,
            -0.03363271430134773,
            -0.03159651160240173
        ],
        [
            0.05911114066839218,
            -0.04532498121261597,
            -0.027125421911478043
        ],
        [
            0.052154168486595154,
            -0.05400767922401428,
            -0.015418346971273422
        ],
        [
            0.051913075149059296,
            -0.04984918236732483,
            -0.020122935995459557
        ],
        [
            0.045127276331186295,
            -0.057469360530376434,
            -0.010548518970608711
        ],
        [
            0.05703055113554001,
            -0.05368721857666969,
            -0.005797826685011387
        ],
        [
            0.042961303144693375,
            -0.055311307311058044,
            -0.001452750526368618
        ],
        [
            0.05134684965014458,
            -0.030648544430732727,
            0.013085924088954926
        ],
        [
            0.04842966049909592,
            -0.017427941784262657,
            0.014668341726064682
        ],
        [
            0.032891593873500824,
            -0.023249078541994095,
            0.01154547929763794
        ],
        [
            0.03759435564279556,
            -0.03593137487769127,
            0.00944236759096384
        ],
        [
            0.03463428467512131,
            -0.002761131152510643,
            0.009625772945582867
        ],
        [
            0.0326860249042511,
            -0.014289219863712788,
            0.010708318091928959
        ],
        [
            0.048106543719768524,
            -0.008482396602630615,
            0.014999072067439556
        ],
        [
            0.049029700458049774,
            0.0015893913805484772,
            0.013657640665769577
        ],
        [
            0.06273077428340912,
            -0.0139329694211483,
            -0.013885589316487312
        ],
        [
            0.07187114655971527,
            -0.00858641043305397,
            -0.01312360167503357
        ],
        [
            0.07163764536380768,
            -0.014430517330765724,
            -0.013532825745642185
        ],
        [
            0.06313902139663696,
            -0.019436325877904892,
            -0.014739061705768108
        ],
        [
            0.06637560576200485,
            -0.050226226449012756,
            -0.03447332978248596
        ],
        [
            0.0702795460820198,
            -0.0521855503320694,
            -0.019419629126787186
        ],
        [
            0.0629621297121048,
            -0.05023210868239403,
            -0.021777521818876266
        ],
        [
            0.06375850737094879,
            -0.04605492949485779,
            -0.037037257105112076
        ],
        [
            0.09224848449230194,
            0.012198876589536667,
            -0.01684839278459549
        ],
        [
            0.10297052562236786,
            0.01513577252626419,
            -0.009183485992252827
        ],
        [
            0.10497495532035828,
            0.009595595300197601,
            -0.00865979678928852
        ],
        [
            0.09456294775009155,
            0.007992099970579147,
            -0.015213423408567905
        ],
        [
            0.10744110494852066,
            -0.010986283421516418,
            -0.015028106980025768
        ],
        [
            0.1124139353632927,
            -0.006859146058559418,
            -0.007163347210735083
        ],
        [
            0.11944212019443512,
            -0.013928297907114029,
            0.0015616398304700851
        ],
        [
            0.11393709480762482,
            -0.020566973835229874,
            -0.004262055270373821
        ],
        [
            0.10293735563755035,
            -0.017491016536951065,
            -0.023107316344976425
        ],
        [
            0.10951699316501617,
            -0.02624647691845894,
            -0.015205428935587406
        ],
        [
            0.1038685292005539,
            -0.03262757137417793,
            -0.02452332153916359
        ],
        [
            0.09375381469726562,
            -0.04014038294553757,
            -0.03706728667020798
        ],
        [
            0.09817953407764435,
            0.02681274712085724,
            -0.007075120694935322
        ],
        [
            0.08982069790363312,
            0.026430606842041016,
            -0.012863359414041042
        ],
        [
            0.0034255366772413254,
            -0.06635728478431702,
            -0.03291385993361473
        ],
        [
            0.0009992271661758423,
            -0.061077702790498734,
            -0.03377586603164673
        ],
        [
            0.005180297419428825,
            -0.05999736860394478,
            -0.03181787580251694
        ],
        [
            0.006636912003159523,
            -0.06548647582530975,
            -0.031129872426390648
        ],
        [
            0.08459285646677017,
            0.033764760941267014,
            0.006052673794329166
        ],
        [
            0.08245718479156494,
            0.03153635188937187,
            0.015625618398189545
        ],
        [
            0.08881417661905289,
            0.03507384657859802,
            0.015615405514836311
        ],
        [
            0.09188179671764374,
            0.03555761277675629,
            0.006778910756111145
        ],
        [
            0.07500015199184418,
            0.03127343952655792,
            0.004996855743229389
        ],
        [
            0.07390549778938293,
            0.026217686012387276,
            0.015004104003310204
        ],
        [
            -0.0025646332651376724,
            -0.07245322316884995,
            -0.023517323657870293
        ],
        [
            0.0006271544843912125,
            -0.07285096496343613,
            -0.027496036142110825
        ],
        [
            0.003765057772397995,
            -0.07195153832435608,
            -0.023812318220734596
        ],
        [
            0.0010410044342279434,
            -0.07057276368141174,
            -0.019535694271326065
        ],
        [
            0.05274789035320282,
            -0.04320647940039635,
            -0.021426163613796234
        ],
        [
            0.05349573493003845,
            -0.03421732410788536,
            -0.019849101081490517
        ],
        [
            0.035576190799474716,
            -0.04997562989592552,
            -0.02168360725045204
        ],
        [
            0.042449869215488434,
            -0.04279133677482605,
            -0.01998978853225708
        ],
        [
            0.045584291219711304,
            -0.049081433564424515,
            -0.019446808844804764
        ],
        [
            0.03936675935983658,
            -0.054620638489723206,
            -0.01936304196715355
        ],
        [
            0.04075034707784653,
            -0.019468389451503754,
            -0.01640981063246727
        ],
        [
            0.05155549943447113,
            -0.015234539285302162,
            -0.014493277296423912
        ],
        [
            0.05160434544086456,
            -0.021815543994307518,
            -0.01513909362256527
        ],
        [
            0.04047562927007675,
            -0.027935737743973732,
            -0.01801653578877449
        ],
        [
            0.04957323148846626,
            -0.0014043785631656647,
            -0.016447318717837334
        ],
        [
            0.03900519013404846,
            -0.00672762468457222,
            -0.017741575837135315
        ],
        [
            0.03906559571623802,
            0.001719711348414421,
            -0.018741779029369354
        ],
        [
            0.04676944762468338,
            0.0040802620351314545,
            -0.018583523109555244
        ],
        [
            0.021916629746556282,
            -0.01875242404639721,
            -0.01898873969912529
        ],
        [
            0.015225805342197418,
            -0.022072842344641685,
            -0.018988559022545815
        ],
        [
            0.014032306149601936,
            -0.01913340948522091,
            -0.01936904899775982
        ],
        [
            0.021633662283420563,
            -0.015262488275766373,
            -0.018682045862078667
        ],
        [
            0.0951213613152504,
            0.03806988522410393,
            0.01673378422856331
        ],
        [
            0.0990026593208313,
            0.03639373928308487,
            0.007914210669696331
        ],
        [
            0.03622322529554367,
            0.01782769151031971,
            0.0036790957674384117
        ],
        [
            0.040733061730861664,
            0.025402599945664406,
            -0.0030032601207494736
        ],
        [
            0.02866090089082718,
            0.023791704326868057,
            -0.006571350619196892
        ],
        [
            0.026941820979118347,
            0.01616138406097889,
            0.0017834678292274475
        ],
        [
            0.08164595067501068,
            0.023928791284561157,
            0.02258625254034996
        ],
        [
            0.08716762810945511,
            0.029364412650465965,
            0.023679453879594803
        ],
        [
            -0.0064794644713401794,
            -0.06852933019399643,
            -0.020817197859287262
        ],
        [
            -0.0024048034101724625,
            -0.06618653237819672,
            -0.017287379130721092
        ],
        [
            0.10317602753639221,
            -0.039141200482845306,
            -0.012505434453487396
        ],
        [
            0.09283988177776337,
            -0.04727020114660263,
            -0.030003339052200317
        ],
        [
            0.10966579616069794,
            -0.030382614582777023,
            -0.0004964973777532578
        ],
        [
            0.11309260129928589,
            -0.023238949477672577,
            0.007670506834983826
        ],
        [
            0.11827372014522552,
            -0.017879456281661987,
            0.012881278991699219
        ],
        [
            0.03689064085483551,
            -0.038890235126018524,
            -0.02055094949901104
        ],
        [
            0.05580872297286987,
            -0.025776943191885948,
            -0.016604315489530563
        ],
        [
            0.062150489538908005,
            -0.00885116308927536,
            -0.013927789404988289
        ],
        [
            0.05381441116333008,
            0.01984940469264984,
            -0.02071414887905121
        ],
        [
            0.06383884698152542,
            0.023189052939414978,
            -0.019612304866313934
        ],
        [
            0.06307435035705566,
            0.012670885771512985,
            -0.020662540569901466
        ],
        [
            0.054307788610458374,
            0.011914143338799477,
            -0.020763130858540535
        ],
        [
            0.04223208874464035,
            0.02725991979241371,
            -0.012519911862909794
        ],
        [
            0.042643316090106964,
            0.022573499009013176,
            -0.018867015838623047
        ],
        [
            0.03388219699263573,
            0.020026328042149544,
            -0.019988201558589935
        ],
        [
            0.032125409692525864,
            0.024723347276449203,
            -0.01464554201811552
        ],
        [
            0.07233789563179016,
            -0.05486444756388664,
            -0.035340815782547
        ],
        [
            0.077735036611557,
            -0.05343334376811981,
            -0.01870633289217949
        ],
        [
            0.08789097517728806,
            0.032410118728876114,
            -0.003881179727613926
        ],
        [
            0.09543163329362869,
            0.03201877325773239,
            -0.002004629001021385
        ],
        [
            0.10280907154083252,
            0.03330935165286064,
            0.0019449824467301369
        ],
        [
            0.08273135125637054,
            0.0006258226931095123,
            -0.015333207324147224
        ],
        [
            0.09621300548315048,
            0.005042959004640579,
            -0.01414443552494049
        ],
        [
            0.0969344824552536,
            0.0008071921765804291,
            -0.014367211610078812
        ],
        [
            0.08280573785305023,
            -0.0026642419397830963,
            -0.013912694528698921
        ],
        [
            0.0800672322511673,
            -0.015069223940372467,
            -0.020398428663611412
        ],
        [
            0.09252461791038513,
            -0.011002413928508759,
            -0.021900087594985962
        ],
        [
            0.07614986598491669,
            -0.02019679918885231,
            -0.028939349576830864
        ],
        [
            0.10922025144100189,
            0.0027135685086250305,
            -0.007483030203729868
        ],
        [
            0.1142127588391304,
            0.01218685507774353,
            -0.0050265975296497345
        ],
        [
            0.1175740510225296,
            0.004101864993572235,
            -0.003470625728368759
        ],
        [
            0.11041805893182755,
            0.02115391194820404,
            -0.00415210984647274
        ],
        [
            0.10640256851911545,
            0.028785932809114456,
            -0.0020281141623854637
        ],
        [
            0.09289269894361496,
            0.03414200618863106,
            0.027754779905080795
        ],
        [
            0.11945364624261856,
            -0.003628164529800415,
            -0.0009919330477714539
        ],
        [
            0.07846634089946747,
            -0.031110670417547226,
            -0.04563777893781662
        ],
        [
            0.07558813691139221,
            -0.036174576729536057,
            -0.051176972687244415
        ],
        [
            0.06874540448188782,
            -0.03541950136423111,
            -0.04739192873239517
        ],
        [
            0.07076996564865112,
            -0.03055087849497795,
            -0.04166250303387642
        ],
        [
            0.03627815470099449,
            -0.06085529178380966,
            -0.008310209959745407
        ],
        [
            0.0384521558880806,
            -0.05919329822063446,
            -0.015473653562366962
        ],
        [
            0.047358911484479904,
            -0.054891277104616165,
            -0.016430361196398735
        ],
        [
            0.08098115026950836,
            0.013500193133950233,
            -0.019329987466335297
        ],
        [
            0.07949568331241608,
            0.025537975132465363,
            -0.01604514569044113
        ],
        [
            0.02979644574224949,
            -0.04634201154112816,
            -0.02176782675087452
        ],
        [
            0.0040676649659872055,
            -0.06907176971435547,
            -0.01578936167061329
        ],
        [
            0.007292494177818298,
            -0.07081691920757294,
            -0.02038280852138996
        ],
        [
            0.022184425964951515,
            -0.06572845578193665,
            -0.012601952999830246
        ],
        [
            0.017990529537200928,
            -0.06399869918823242,
            -0.007587665691971779
        ],
        [
            0.019020993262529373,
            -0.04640014097094536,
            -0.01798027567565441
        ],
        [
            0.024452602490782738,
            -0.048353418707847595,
            -0.021601177752017975
        ],
        [
            0.021300243213772774,
            -0.04909534379839897,
            -0.021098507568240166
        ],
        [
            0.01567022129893303,
            -0.04657887667417526,
            -0.019211648032069206
        ],
        [
            0.01633213832974434,
            -0.010151877999305725,
            -0.019556835293769836
        ],
        [
            0.022661397233605385,
            -0.006828897632658482,
            -0.019118430092930794
        ],
        [
            0.023992570117115974,
            -0.04014020413160324,
            0.0028356751427054405
        ],
        [
            0.030901119112968445,
            -0.05149569362401962,
            0.005448292940855026
        ],
        [
            0.0412897989153862,
            -0.04716213047504425,
            0.006545647047460079
        ],
        [
            0.040462858974933624,
            -0.012034159153699875,
            -0.016625024378299713
        ],
        [
            0.03048882633447647,
            -0.015067972242832184,
            -0.01838821731507778
        ],
        [
            0.029842643067240715,
            -0.01101743895560503,
            -0.0184292271733284
        ],
        [
            0.03218740597367287,
            -0.03741513937711716,
            -0.020334981381893158
        ],
        [
            0.025579914450645447,
            -0.04219149053096771,
            -0.02056322991847992
        ],
        [
            0.026456158608198166,
            -0.03674997761845589,
            -0.01932394877076149
        ],
        [
            0.03230905532836914,
            -0.03195173665881157,
            -0.01919155940413475
        ],
        [
            0.052854470908641815,
            0.028182264417409897,
            0.0010299887508153915
        ],
        [
            0.05448921024799347,
            0.03071032278239727,
            -0.010137192904949188
        ],
        [
            0.003037070855498314,
            -0.07061499357223511,
            -0.030806731432676315
        ],
        [
            0.006110010668635368,
            -0.06987419724464417,
            -0.028086120262742043
        ],
        [
            0.05107147991657257,
            -0.008052721619606018,
            -0.014756759628653526
        ],
        [
            0.05405294895172119,
            -0.041324432939291,
            0.00813804566860199
        ],
        [
            0.06151864305138588,
            -0.0034098010510206223,
            -0.01441765483468771
        ],
        [
            0.0163659006357193,
            0.0004784446209669113,
            -0.0020221583545207977
        ],
        [
            0.015498245134949684,
            0.00307454913854599,
            -0.009172572754323483
        ],
        [
            0.011256284080445766,
            -0.00020922860130667686,
            -0.011826306581497192
        ],
        [
            0.009283067658543587,
            -0.0020767045207321644,
            -0.006540724076330662
        ],
        [
            0.002514304593205452,
            -0.0511314794421196,
            -0.023909546434879303
        ],
        [
            0.005243985913693905,
            -0.053533852100372314,
            -0.028307529166340828
        ],
        [
            0.0019179880619049072,
            -0.05495559424161911,
            -0.030214689671993256
        ],
        [
            -0.0015790071338415146,
            -0.053025055676698685,
            -0.026026569306850433
        ],
        [
            0.02849343791604042,
            -0.05258037522435188,
            -0.022145621478557587
        ],
        [
            0.032056890428066254,
            -0.057678159326314926,
            -0.020315758883953094
        ],
        [
            0.02563275769352913,
            -0.05899517238140106,
            -0.02193436026573181
        ],
        [
            0.023257218301296234,
            -0.05363098159432411,
            -0.0223462525755167
        ],
        [
            0.03085600957274437,
            -0.06208207830786705,
            -0.015685241669416428
        ],
        [
            0.025166518986225128,
            -0.0637076124548912,
            -0.01775180920958519
        ],
        [
            2.8485432267189026e-05,
            -0.052522558718919754,
            -0.018151916563510895
        ],
        [
            -0.0006307754665613174,
            -0.058276139199733734,
            -0.013454963453114033
        ],
        [
            0.011417164467275143,
            -0.052255965769290924,
            -0.006592484191060066
        ],
        [
            0.010979050770401955,
            -0.04829859361052513,
            -0.013464548625051975
        ],
        [
            0.06255167722702026,
            0.00572672113776207,
            0.01876875013113022
        ],
        [
            0.06184272840619087,
            0.016353096812963486,
            0.015622149221599102
        ],
        [
            0.04833076149225235,
            0.012527227401733398,
            0.010529182851314545
        ],
        [
            0.03475616127252579,
            0.009336605668067932,
            0.006528997793793678
        ],
        [
            0.02254975214600563,
            0.005378425121307373,
            0.0018084580078721046
        ],
        [
            0.021919220685958862,
            -0.005643685348331928,
            0.0072338636964559555
        ],
        [
            0.04941978678107262,
            0.02015564776957035,
            0.008045798167586327
        ],
        [
            0.01792306825518608,
            -0.042491473257541656,
            -0.009411212056875229
        ],
        [
            0.02027628943324089,
            -0.047471728175878525,
            -0.002129441127181053
        ],
        [
            0.018950730562210083,
            -0.04169859364628792,
            -0.002759655937552452
        ],
        [
            0.06015706807374954,
            0.003478657454252243,
            -0.016847940161824226
        ],
        [
            0.009644996374845505,
            -0.06935371458530426,
            -0.0248698890209198
        ],
        [
            0.10111905634403229,
            -0.014090053737163544,
            0.025996481999754906
        ],
        [
            0.09481164813041687,
            -0.0028135739266872406,
            0.030188219621777534
        ],
        [
            0.08852824568748474,
            -0.00798923522233963,
            0.026891149580478668
        ],
        [
            0.09562811255455017,
            -0.020770110189914703,
            0.02119077742099762
        ],
        [
            0.008676507510244846,
            -0.059088945388793945,
            -0.03030959516763687
        ],
        [
            0.01055001188069582,
            -0.06498760730028152,
            -0.029280249029397964
        ],
        [
            0.02033359929919243,
            -0.0007155481725931168,
            -0.019921276718378067
        ],
        [
            0.01515419315546751,
            -0.004474774468690157,
            -0.019630495458841324
        ],
        [
            0.012718450278043747,
            -0.0018659154884517193,
            -0.018169712275266647
        ],
        [
            0.01634902134537697,
            0.0032003922387957573,
            -0.020237280055880547
        ],
        [
            0.0630582943558693,
            0.021798493340611458,
            0.013662056997418404
        ],
        [
            0.021404653787612915,
            0.02259897254407406,
            -0.010149088688194752
        ],
        [
            0.020044099539518356,
            0.01618373394012451,
            -0.0021160943433642387
        ],
        [
            0.07373052835464478,
            0.019285427406430244,
            0.020160745829343796
        ],
        [
            0.0742911696434021,
            0.010152285918593407,
            0.023550987243652344
        ],
        [
            0.08262404799461365,
            0.01391032338142395,
            0.026851831004023552
        ],
        [
            0.017834099009633064,
            -0.02021368034183979,
            0.0043763210996985435
        ],
        [
            0.061535708606243134,
            -0.0028136298060417175,
            0.019610358402132988
        ],
        [
            0.07424025237560272,
            0.002530360594391823,
            0.0239897221326828
        ],
        [
            0.08418989926576614,
            0.006660129874944687,
            0.027984391897916794
        ],
        [
            0.0909048318862915,
            0.010263077914714813,
            0.03132323920726776
        ],
        [
            0.08854749798774719,
            0.017853904515504837,
            0.02958841808140278
        ],
        [
            0.0010332576930522919,
            -0.0639762207865715,
            -0.013692600652575493
        ],
        [
            -0.005303947255015373,
            -0.06007285788655281,
            -0.017096644267439842
        ],
        [
            0.09464919567108154,
            0.022666744887828827,
            0.03426487743854523
        ],
        [
            0.09732028841972351,
            0.013866126537322998,
            0.03537661209702492
        ],
        [
            0.07543492317199707,
            -0.006588440388441086,
            0.023798510432243347
        ],
        [
            0.07755943387746811,
            -0.017938299104571342,
            0.02192086912691593
        ],
        [
            0.06311541050672531,
            -0.011352768167853355,
            0.019375784322619438
        ],
        [
            0.06408874690532684,
            -0.02282181940972805,
            0.017471011728048325
        ],
        [
            0.0216275155544281,
            -0.028719278052449226,
            0.009621364064514637
        ],
        [
            -0.017492465674877167,
            -0.06212133914232254,
            -0.030864741653203964
        ],
        [
            -0.009701542556285858,
            -0.05766206234693527,
            -0.0239570252597332
        ],
        [
            -0.006566248834133148,
            -0.05532028153538704,
            -0.028203433379530907
        ],
        [
            -0.01584628038108349,
            -0.059123456478118896,
            -0.03342227637767792
        ],
        [
            -0.004349956288933754,
            -0.05463023856282234,
            -0.021073749288916588
        ],
        [
            -0.009375222027301788,
            -0.06244558095932007,
            -0.020796911790966988
        ],
        [
            0.06844201683998108,
            -0.03617950156331062,
            0.010899846442043781
        ],
        [
            0.020232612267136574,
            -0.04039798304438591,
            -0.01838349923491478
        ],
        [
            0.0849737673997879,
            -0.03259149193763733,
            0.012530358508229256
        ],
        [
            0.06897887587547302,
            -0.0501200407743454,
            -0.001202201470732689
        ],
        [
            0.08187969028949738,
            -0.04683446139097214,
            -0.0022317226976156235
        ],
        [
            0.10285268723964691,
            -0.02944350242614746,
            0.012552667409181595
        ],
        [
            0.09731321036815643,
            -0.04121381789445877,
