{
    "pred_cam": [
        7.239751815795898,
        0.09154515713453293,
        -0.07047607749700546
    ],
    "pred_mano_params": {
        "global_orient": [
            [
                [
                    0.2651938498020172,
                    -0.7319340705871582,
                    0.6276502013206482
                ],
                [
                    -0.9251918792724609,
                    -0.376442015171051,
                    -0.048076972365379333
                ],
                [
                    0.2714630663394928,
                    -0.5679471492767334,
                    -0.7770095467567444
                ]
            ]
        ],
        "hand_pose": [
            [
                [
                    0.6590213179588318,
                    -0.7401440739631653,
                    -0.13370771706104279
                ],
                [
                    0.7319402098655701,
                    0.6720281839370728,
                    -0.11243519932031631
                ],
                [
                    0.17307358980178833,
                    -0.023768866434693336,
                    0.9846221208572388
                ]
            ],
            [
                [
                    0.8317330479621887,
                    -0.4895102381706238,
                    0.26191553473472595
                ],
                [
                    0.5370907187461853,
                    0.8289002776145935,
                    -0.15638993680477142
                ],
                [
                    -0.14054739475250244,
                    0.2707471251487732,
                    0.9523351788520813
                ]
            ],
            [
                [
                    0.8037382960319519,
                    -0.5862159729003906,
                    -0.10176248848438263
                ],
                [
                    0.5319903492927551,
                    0.7846463918685913,
                    -0.3183021545410156
                ],
                [
                    0.26644137501716614,
                    0.20169496536254883,
                    0.9425116181373596
                ]
            ],
            [
                [
                    0.5460915565490723,
                    -0.833466649055481,
                    -0.08436422049999237
                ],
                [
                    0.8356709480285645,
                    0.5349341630935669,
                    0.1244969293475151
                ],
                [
                    -0.05863473191857338,
                    -0.13848745822906494,
                    0.9886268973350525
                ]
            ],
            [
                [
                    0.7383531928062439,
                    -0.6344809532165527,
                    -0.22862310707569122
                ],
                [
                    0.6742286682128906,
                    0.7023951411247253,
                    0.22815968096256256
                ],
                [
                    0.015820777043700218,
                    -0.3226066827774048,
                    0.9464009404182434
                ]
            ],
            [
                [
                    0.8974094986915588,
                    -0.24338236451148987,
                    -0.3679962158203125
                ],
                [
                    0.31812170147895813,
                    0.9348787665367126,
                    0.15748104453086853
                ],
                [
                    0.305703729391098,
                    -0.2583925724029541,
                    0.9163942933082581
                ]
            ],
            [
                [
                    0.35598650574684143,
                    -0.6390458941459656,
                    0.6818313002586365
                ],
                [
                    0.5124687552452087,
                    0.7436306476593018,
                    0.4294056296348572
                ],
                [
                    -0.7814406156539917,
                    0.19655461609363556,
                    0.59221351146698
                ]
            ],
            [
                [
                    0.7151560187339783,
                    -0.5925188064575195,
                    -0.37077388167381287
                ],
                [
                    0.6988866925239563,
                    0.6141086220741272,
                    0.3666441738605499
                ],
                [
                    0.010451843030750751,
                    -0.5213367342948914,
                    0.8532869815826416
                ]
            ],
            [
                [
                    0.8913731575012207,
                    -0.43522384762763977,
                    -0.1266259104013443
                ],
                [
                    0.45320215821266174,
                    0.8605976104736328,
                    0.2323349118232727
                ],
                [
                    0.007856275886297226,
                    -0.2644842267036438,
                    0.9643579721450806
                ]
            ],
            [
                [
                    0.5751819610595703,
                    -0.768474817276001,
                    0.28037887811660767
                ],
                [
                    0.771113395690918,
                    0.6237559914588928,
                    0.12772108614444733
                ],
                [
                    -0.27303841710090637,
                    0.14274102449417114,
                    0.9513543844223022
                ]
            ],
            [
                [
                    0.7461462020874023,
                    -0.611390233039856,
                    -0.26356732845306396
                ],
                [
                    0.660057008266449,
                    0.6274930238723755,
                    0.413009911775589
                ],
                [
                    -0.08712359517812729,
                    -0.48213526606559753,
                    0.8717539310455322
                ]
            ],
            [
                [
                    0.8642486333847046,
                    -0.25359803438186646,
                    -0.43446794152259827
                ],
                [
                    0.3587404489517212,
                    0.9161407947540283,
                    0.1788611114025116
                ],
                [
                    0.35267502069473267,
                    -0.31044167280197144,
                    0.8827493190765381
                ]
            ],
            [
                [
                    0.973014771938324,
                    -0.15401600301265717,
                    -0.17181773483753204
                ],
                [
                    -0.11470285803079605,
                    0.3232565224170685,
                    -0.9393340349197388
                ],
                [
                    0.2002137005329132,
                    0.9336938858032227,
                    0.2968672811985016
                ]
            ],
            [
                [
                    0.9526129961013794,
                    -0.15110494196414948,
                    -0.26399990916252136
                ],
                [
                    0.2892865538597107,
                    0.7183238863945007,
                    0.6327118277549744
                ],
                [
                    0.09403158724308014,
                    -0.6791009902954102,
                    0.7279973030090332
                ]
            ],
            [
                [
                    0.9672342538833618,
                    0.2538842260837555,
                    -0.0008274770225398242
                ],
                [
                    -0.2451188862323761,
                    0.9346798062324524,
                    0.257469117641449
                ],
                [
                    0.06614077091217041,
                    -0.2488301396369934,
                    0.9662861227989197
                ]
            ]
        ],
        "betas": [
            -0.08912831544876099,
            -0.038408368825912476,
            -0.04547315835952759,
            -0.0036659538745880127,
            0.03861922025680542,
            -0.033883027732372284,
            0.03775295615196228,
            -0.01801726222038269,
            -0.0019906163215637207,
            -0.038063257932662964
        ]
    },
    "pred_cam_t": [
        -0.09154515713453293,
        -0.07047607749700546,
        5.395557880401611
    ],
    "focal_length": [
        5000.0,
        5000.0
    ],
    "pred_keypoints_3d": [
        [
            0.0961548388004303,
            0.0064215827733278275,
            0.00621585501357913
        ],
        [
            0.11744192242622375,
            0.03344349563121796,
            -0.011643584817647934
        ],
        [
            0.1282290518283844,
            0.062399689108133316,
            -0.009830034337937832
        ],
        [
            0.12663055956363678,
            0.08957640826702118,
            -0.009826891124248505
        ],
        [
            0.12163715809583664,
            0.12099668383598328,
            -0.026736516505479813
        ],
        [
            0.0895179808139801,
            0.08930787444114685,
            -0.030985314399003983
        ],
        [
            0.09647873044013977,
            0.12065277248620987,
            -0.022705230861902237
        ],
        [
            0.11193054169416428,
            0.13131341338157654,
            -0.010658888146281242
        ],
        [
            0.12527254223823547,
            0.13338439166545868,
            0.011393658816814423
        ],
        [
            0.06987910717725754,
            0.09514319896697998,
            -0.016132432967424393
        ],
        [
            0.08153286576271057,
            0.12186556309461594,
            -0.0032981298863887787
        ],
        [
            0.09946061670780182,
            0.12442509829998016,
            0.011497755534946918
        ],
        [
            0.11465111374855042,
            0.12037370353937149,
            0.032710056751966476
        ],
        [
            0.06043318659067154,
            0.08518578857183456,
            0.006988761480897665
        ],
        [
            0.07287727296352386,
            0.11102445423603058,
            0.011315837502479553
        ],
        [
            0.09052946418523788,
            0.11485498398542404,
            0.028492728248238564
        ],
        [
            0.10203208029270172,
            0.11183318495750427,
            0.052039436995983124
        ],
        [
            0.0578884482383728,
            0.07623396813869476,
            0.026852276176214218
        ],
        [
            0.0680813193321228,
            0.09485521167516708,
            0.026256676763296127
        ],
        [
            0.08064772933721542,
            0.10077184438705444,
            0.039320092648267746
        ],
        [
            0.09168533235788345,
            0.09896779805421829,
            0.05498651787638664
        ]
    ],
    "pred_vertices": [
        [
            0.10510626435279846,
            0.058279071003198624,
            -0.010167675092816353
        ],
        [
            0.1076541319489479,
            0.04850176349282265,
            -0.005852216854691505
        ],
        [
            0.11115570366382599,
            0.05650509521365166,
            -0.0071070194244384766
        ],
        [
            0.10949409753084183,
            0.06461221724748611,
            -0.013934914022684097
        ],
        [
            0.12214972078800201,
            0.04289894923567772,
            0.006177868694067001
        ],
        [
            0.13188384473323822,
            0.03718360513448715,
            0.0023801103234291077
        ],
        [
            0.13418903946876526,
            0.053941670805215836,
            0.0014423225075006485
        ],
        [
            0.12598052620887756,
            0.05644166097044945,
            0.006217092275619507
        ],
        [
            0.11163785308599472,
            0.06971777975559235,
            -0.017114713788032532
        ],
        [
            0.11435651034116745,
            0.06363566219806671,
            -0.0075589679181575775
        ],
        [
            0.11151885986328125,
            0.06959973275661469,
            -0.019122779369354248
        ],
        [
            0.10507414489984512,
            0.07281654328107834,
            -0.03289955109357834
        ],
        [
            0.1070682555437088,
            0.07413533329963684,
            -0.02669914811849594
        ],
        [
            0.09964676201343536,
            0.07754996418952942,
            -0.0380680114030838
        ],
        [
            0.10182143747806549,
            0.0638379231095314,
            -0.03778531402349472
        ],
        [
            0.09111449867486954,
            0.07472600042819977,
            -0.04149473458528519
        ],
        [
            0.07760250568389893,
            0.05141675844788551,
            -0.02739904075860977
        ],
        [
            0.06954234093427658,
            0.04823780804872513,
            -0.01650252938270569
        ],
        [
            0.06340918689966202,
            0.0647602528333664,
            -0.0194214079529047
        ],
        [
            0.07283852994441986,
            0.06667936593294144,
            -0.02963443286716938
        ],
        [
            0.05804430693387985,
            0.05694105103611946,
            -0.0004201408592052758
        ],
        [
            0.06064427271485329,
            0.06197746470570564,
            -0.010974550619721413
        ],
        [
            0.06566847115755081,
            0.045121099799871445,
            -0.008825922384858131
        ],
        [
            0.06325080990791321,
            0.041484080255031586,
            0.0005578941199928522
        ],
        [
            0.09734392166137695,
            0.04994842782616615,
            0.0008831806480884552
        ],
        [
            0.10063672065734863,
            0.040222279727458954,
            0.004353879019618034
        ],
        [
            0.10284287482500076,
            0.042248036712408066,
            -0.0010187439620494843
        ],
        [
            0.10021031647920609,
            0.051834627985954285,
            -0.003705756738781929
        ],
        [
            0.11888672411441803,
            0.06989801675081253,
            -0.01937483437359333
        ],
        [
            0.11706887185573578,
            0.05964939296245575,
            -0.028879234567284584
        ],
        [
            0.1125098168849945,
            0.0652923434972763,
            -0.026078984141349792
        ],
        [
            0.11698102951049805,
            0.07178699225187302,
            -0.014272146858274937
        ],
        [
            0.10786691308021545,
            0.018863879144191742,
            0.02355005219578743
        ],
        [
            0.1080809235572815,
            0.005401492118835449,
            0.021504685282707214
        ],
        [
            0.11111856997013092,
            0.005549348890781403,
            0.01635606959462166
        ],
        [
            0.10990842431783676,
            0.017673328518867493,
            0.018900003284215927
        ],
        [
            0.12514764070510864,
            0.015210479497909546,
            0.0027645863592624664
        ],
        [
            0.12146372348070145,
            0.005209088325500488,
            0.001397809013724327
        ],
        [
            0.12242886424064636,
            -0.0021929219365119934,
            -0.009490007534623146
        ],
        [
            0.1258959174156189,
            0.00810512900352478,
            -0.01124686561524868
        ],
        [
            0.128809854388237,
            0.026408374309539795,
            0.00251910462975502
        ],
        [
            0.13239063322544098,
            0.02047044038772583,
            -0.009075220674276352
        ],
        [
            0.13622525334358215,
            0.03364039957523346,
            -0.007407110184431076
        ],
        [
            0.13762474060058594,
            0.05207667127251625,
            -0.006954722106456757
        ],
        [
            0.09914395213127136,
            0.0038973912596702576,
            0.030673231929540634
        ],
        [
            0.09810629487037659,
            0.013632938265800476,
            0.0338984876871109
        ],
        [
            0.1076350137591362,
            0.11558882892131805,
            -0.019937144592404366
        ],
        [
            0.10509389638900757,
            0.11582695692777634,
            -0.014537416398525238
        ],
        [
            0.10401575267314911,
            0.11234035342931747,
            -0.016083311289548874
        ],
        [
            0.10652953386306763,
            0.11321625113487244,
            -0.021331002935767174
        ],
        [
            0.07886122912168503,
            0.005426421761512756,
            0.030559338629245758
        ],
        [
            0.07176922261714935,
            0.0030182823538780212,
            0.023726381361484528
        ],
        [
            0.07436970621347427,
            -0.0032917186617851257,
            0.02639399841427803
        ],
        [
            0.08222459256649017,
            -0.0013671815395355225,
            0.03129543364048004
        ],
        [
            0.0744764506816864,
            0.014410912990570068,
            0.029541365802288055
        ],
        [
            0.0688670426607132,
            0.012017570436000824,
            0.01995658501982689
        ],
        [
            0.10329411178827286,
            0.12530212104320526,
            -0.027344703674316406
        ],
        [
            0.10689183324575424,
            0.12164423614740372,
            -0.026608459651470184
        ],
        [
            0.10364139080047607,
            0.11926857382059097,
            -0.0291903093457222
        ],
        [
            0.09921686351299286,
            0.12181009352207184,
            -0.029355060309171677
        ],
        [
            0.10669885575771332,
            0.07191162556409836,
            -0.02020636945962906
        ],
        [
            0.10307125747203827,
            0.06737443804740906,
            -0.013248780742287636
        ],
        [
            0.09948595613241196,
            0.08550210297107697,
            -0.024149015545845032
        ],
        [
            0.09956163913011551,
            0.07891101390123367,
            -0.019913822412490845
        ],
        [
            0.10316473245620728,
            0.07819073647260666,
            -0.02580496482551098
        ],
        [
            0.10197704285383224,
            0.08363854885101318,
            -0.02944575995206833
        ],
        [
            0.08739724010229111,
            0.07034716010093689,
            -0.0014269361272454262
        ],
        [
            0.09124019742012024,
            0.059508066624403,
            0.0007267799228429794
        ],
        [
            0.09420500695705414,
            0.062133051455020905,
            -0.004684544168412685
        ],
        [
            0.09158816188573837,
            0.07438325881958008,
            -0.007879144512116909
        ],
        [
            0.0860656201839447,
            0.05700363591313362,
            0.013785983435809612
        ],
        [
            0.08231659233570099,
            0.06767937541007996,
            0.010337931104004383
        ],
        [
            0.0797087624669075,
            0.06494057923555374,
            0.018156524747610092
        ],
        [
            0.08363327383995056,
            0.058231621980667114,
            0.01978127658367157
        ],
        [
            0.07722464948892593,
            0.08522716164588928,
            0.0014892020262777805
        ],
        [
            0.07542762905359268,
            0.09025824069976807,
            -0.0004503577947616577
        ],
        [
            0.0748567208647728,
            0.09011244773864746,
            0.0030121770687401295
        ],
        [
            0.07590192556381226,
            0.0839415192604065,
            0.004813638050109148
        ],
        [
            0.07640188187360764,
            -0.009935334324836731,
            0.028040574863553047
        ],
        [
            0.08558373898267746,
            -0.00789497047662735,
            0.031040143221616745
        ],
        [
            0.05442272499203682,
            0.05115554481744766,
            0.020535249263048172
        ],
        [
            0.05898834764957428,
            0.047772571444511414,
            0.03043488785624504
        ],
        [
            0.05305258184671402,
            0.06094084680080414,
            0.03088166005909443
        ],
        [
            0.049110282212495804,
            0.0610012523829937,
            0.01973469741642475
        ],
        [
            0.06932386010885239,
            0.002854093909263611,
            0.013563912361860275
        ],
        [
            0.06992124021053314,
            -0.004043407738208771,
            0.017333727329969406
        ],
        [
            0.09862369298934937,
            0.128036767244339,
            -0.024415194988250732
        ],
        [
            0.0946473777294159,
            0.12368020415306091,
            -0.025950942188501358
        ],
        [
            0.1319805234670639,
            0.02893143892288208,
            -0.020303428173065186
        ],
        [
            0.13629961013793945,
            0.05056869611144066,
            -0.01658153347671032
        ],
        [
            0.12503868341445923,
            0.013353168964385986,
            -0.020993581041693687
        ],
        [
            0.11836104094982147,
            0.0032543540000915527,
            -0.0201394222676754
        ],
        [
            0.1154102310538292,
            -0.005705513060092926,
            -0.018933191895484924
        ],
        [
            0.09498724341392517,
            0.08176843076944351,
            -0.015978951007127762
        ],
        [
            0.09927238523960114,
            0.060945164412260056,
            -0.007678564637899399
        ],
        [
            0.09508468210697174,
            0.048663973808288574,
            0.005413596518337727
        ],
        [
            0.083218052983284,
            0.04817363992333412,
            0.034228865057229996
        ],
        [
            0.08752615749835968,
            0.03866086155176163,
            0.03603728115558624
        ],
        [
            0.09201973676681519,
            0.04359876736998558,
            0.0275101400911808
        ],
        [
            0.08684471994638443,
            0.05069883540272713,
            0.02735544554889202
        ],
        [
            0.06601276993751526,
            0.050528332591056824,
            0.03692547231912613
        ],
        [
            0.0730513259768486,
            0.0548233725130558,
            0.03616994619369507
        ],
        [
            0.06840245425701141,
            0.06282168626785278,
            0.035051409155130386
        ],
        [
            0.06060630828142166,
            0.06085079535841942,
            0.036048006266355515
        ],
        [
            0.12510664761066437,
            0.06910917162895203,
            -0.023026874288916588
        ],
        [
            0.12264218926429749,
            0.05519882217049599,
            -0.030132267624139786
        ],
        [
            0.08833766728639603,
            0.008400142192840576,
            0.034437067806720734
        ],
        [
            0.09189782291650772,
            0.0016061365604400635,
            0.032665036618709564
        ],
        [
            0.09329007565975189,
            -0.00673280656337738,
            0.0312802717089653
        ],
        [
            0.10553911328315735,
            0.02957739681005478,
            0.01299872063100338
        ],
        [
            0.11143868416547775,
            0.01686248928308487,
            0.015670619904994965
        ],
        [
            0.1137857586145401,
            0.017948001623153687,
            0.012062333524227142
        ],
        [
            0.10595512390136719,
            0.029714316129684448,
            0.009103946387767792
        ],
        [
            0.1107519268989563,
            0.039597928524017334,
            0.0013440251350402832
        ],
        [
            0.1187431663274765,
            0.030271008610725403,
            0.006344538182020187
        ],
        [
            0.113474041223526,
            0.049963947385549545,
            0.0023377202451229095
        ],
        [
            0.11571326106786728,
            0.00415077805519104,
            0.009647423401474953
        ],
        [
            0.11329720914363861,
            -0.004560738801956177,
            0.01614312455058098
        ],
        [
            0.11744348704814911,
            -0.005035862326622009,
            0.00823592022061348
        ],
        [
            0.10690829157829285,
            -0.005245000123977661,
            0.023598097264766693
        ],
        [
            0.10001548379659653,
            -0.0059187039732933044,
            0.029245611280202866
        ],
        [
            0.0688650906085968,
            -0.012377046048641205,
            0.019011640921235085
        ],
        [
            0.11993756890296936,
            -0.004914313554763794,
            0.0002994537353515625
        ],
        [
            0.12824662029743195,
            0.0657409280538559,
            0.003541763871908188
        ],
        [
            0.12944038212299347,
            0.07397463172674179,
            0.0006875200197100639
        ],
        [
            0.12240425497293472,
            0.07399944216012955,
            0.00014971010386943817
        ],
        [
            0.1208762675523758,
            0.06720228493213654,
            0.0018378421664237976
        ],
        [
            0.09561962634325027,
            0.08497419208288193,
            -0.040231429040431976
        ],
        [
            0.10104269534349442,
            0.08464086055755615,
            -0.03500531613826752
        ],
        [
            0.10407619923353195,
            0.07748345285654068,
            -0.03256702423095703
        ],
        [
            0.10201888531446457,
            0.028587229549884796,
            0.026585934683680534
        ],
        [
            0.09415563941001892,
            0.023725762963294983,
            0.03534775227308273
        ],
        [
            0.09511172026395798,
            0.08834409713745117,
            -0.02027062140405178
        ],
        [
            0.09609996527433395,
            0.11828085035085678,
            -0.0315847210586071
        ],
        [
            0.10138430446386337,
            0.11560815572738647,
            -0.03138614445924759
        ],
        [
            0.09733356535434723,
            0.09821321815252304,
            -0.03750951588153839
        ],
        [
            0.09094487130641937,
            0.1012609601020813,
            -0.03812592476606369
        ],
        [
            0.08812221884727478,
            0.09490843862295151,
            -0.019614724442362785
        ],
        [
            0.09442006796598434,
            0.09139768034219742,
            -0.020052369683980942
        ],
        [
            0.09372542053461075,
            0.09325966238975525,
            -0.019612053409218788
        ],
        [
            0.0888427346944809,
            0.09716670215129852,
            -0.017203539609909058
        ],
        [
            0.07233638316392899,
            0.08614636212587357,
            0.011093814857304096
        ],
        [
            0.0735410526394844,
            0.08036088943481445,
            0.012632155790925026
        ],
        [
            0.07092786580324173,
            0.08277280628681183,
            -0.02861812710762024
        ],
        [
            0.0772683322429657,
            0.08149833977222443,
            -0.040989454835653305
        ],
        [
            0.08150317519903183,
            0.06909430772066116,
            -0.03883105888962746
        ],
        [
            0.08450915664434433,
            0.06797032058238983,
            0.00510060042142868
        ],
        [
            0.08066894114017487,
            0.07751647382974625,
            0.003867517225444317
        ],
        [
            0.07882185280323029,
            0.07647235691547394,
            0.007519930135458708
        ],
        [
            0.09159991145133972,
            0.08470182120800018,
            -0.014385856688022614
        ],
        [
            0.09013467282056808,
            0.09042397141456604,
            -0.017228523269295692
        ],
        [
            0.0873810350894928,
            0.08837217837572098,
            -0.013880675658583641
        ],
        [
            0.08893421292304993,
            0.08258228749036789,
            -0.010260472074151039
        ],
        [
            0.06379988044500351,
            0.03504149615764618,
            0.030142495408654213
        ],
        [
            0.07177046686410904,
            0.038473308086395264,
            0.03808777779340744
        ],
        [
            0.10839744657278061,
            0.11791528016328812,
            -0.02413429319858551
        ],
        [
            0.10634025186300278,
            0.11582531034946442,
            -0.02618296816945076
        ],
        [
            0.08838639408349991,
            0.05739826336503029,
            0.007082795724272728
        ],
        [
            0.08683966845273972,
            0.055392518639564514,
            -0.03441673144698143
        ],
        [
            0.09298689663410187,
            0.04748033732175827,
            0.010428076609969139
        ],
        [
            0.05440429598093033,
            0.07692298293113708,
            0.009690692648291588
        ],
        [
            0.05875658616423607,
            0.07969073951244354,
            0.015996750444173813
        ],
        [
            0.06074841320514679,
            0.08575715124607086,
            0.01574930176138878
        ],
        [
            0.05698501691222191,
            0.08616988360881805,
            0.010962517000734806
        ],
        [
            0.0922601968050003,
            0.11156585812568665,
            -0.013015623204410076
        ],
        [
            0.0978279560804367,
            0.10980066657066345,
            -0.013094360008835793
        ],
        [
            0.09939919412136078,
            0.11352811753749847,
            -0.01199941523373127
        ],
        [
            0.09434603154659271,
            0.1166744977235794,
            -0.01162527035921812
        ],
        [
            0.09882679581642151,
            0.08947554975748062,
            -0.02360154315829277
        ],
        [
            0.10163991898298264,
            0.08865374326705933,
            -0.029179617762565613
        ],
        [
            0.1018841564655304,
            0.0931541845202446,
            -0.02732432447373867
        ],
        [
            0.09816113859415054,
            0.09325355291366577,
            -0.022476298734545708
        ],
        [
            0.1004185900092125,
            0.08993805199861526,
            -0.03499536216259003
        ],
        [
            0.10118420422077179,
            0.09499187767505646,
            -0.03348471596837044
        ],
        [
            0.08788390457630157,
            0.1149592250585556,
            -0.016422178596258163
        ],
        [
            0.08735969662666321,
            0.11845909804105759,
            -0.023072797805070877
        ],
        [
            0.08115365356206894,
            0.10263305902481079,
            -0.02792353555560112
        ],
        [
            0.0838199332356453,
            0.10195797681808472,
            -0.02040778659284115
        ],
        [
            0.06680327653884888,
            0.0265108123421669,
            0.0008336002938449383
        ],
        [
            0.06447970867156982,
            0.024847395718097687,
            0.011701397597789764
        ],
        [
            0.0606248639523983,
            0.03967979922890663,
            0.011678420007228851
        ],
        [
            0.0552147813141346,
            0.0541532076895237,
            0.011607934720814228
        ],
        [
            0.05145549774169922,
            0.06809194386005402,
            0.010770236141979694
        ],
        [
            0.0527120865881443,
            0.06975298374891281,
            -0.001255799550563097
        ],
        [
            0.06002889201045036,
            0.0372522734105587,
            0.01964324153959751
        ],
        [
            0.07915185391902924,
            0.09207821637392044,
            -0.02207474410533905
        ],
        [
            0.0770311951637268,
            0.09162364900112152,
            -0.0302802175283432
        ],
        [
            0.07432067394256592,
            0.08937852829694748,
            -0.025542834773659706
        ],
        [
            0.09117194265127182,
            0.04729846492409706,
            0.01773488149046898
        ],
        [
            0.10492343455553055,
            0.11262908577919006,
            -0.028439294546842575
        ],
        [
            0.09385640919208527,
            -0.000502467155456543,
            -0.02204843983054161
        ],
        [
            0.08249983191490173,
            -0.0017916038632392883,
            -0.0142060536891222
        ],
        [
            0.08287687599658966,
            0.006717190146446228,
            -0.01662716455757618
        ],
        [
            0.09664369374513626,
            0.008733086287975311,
            -0.024932697415351868
        ],
        [
            0.10343501716852188,
            0.1090146079659462,
            -0.017186127603054047
        ],
        [
            0.10629460215568542,
            0.10976171493530273,
            -0.022833524271845818
        ],
        [
            0.07072803378105164,
            0.08055663108825684,
            0.018755625933408737
        ],
        [
            0.069735586643219,
            0.08610695600509644,
            0.01624986156821251
        ],
        [
            0.0668855607509613,
            0.08702005445957184,
            0.017639270052313805
        ],
        [
            0.06769593805074692,
            0.08304344862699509,
            0.022670555859804153
        ],
        [
            0.06453140825033188,
            0.022909976541996002,
            0.017437513917684555
        ],
        [
            0.05356674641370773,
            0.07161781936883926,
            0.031200360506772995
        ],
        [
            0.04920179769396782,
            0.0701662227511406,
            0.021107740700244904
        ],
        [
            0.06782087683677673,
            0.01204603910446167,
            0.011263527907431126
        ],
        [
            0.06930996477603912,
            0.013157159090042114,
            0.0015880647115409374
        ],
        [
            0.07080324739217758,
            0.003517933189868927,
            0.0026474082842469215
        ],
        [
            0.05888090655207634,
            0.07894469052553177,
            -0.01161590963602066
        ],
        [
            0.0688665434718132,
            0.029970474541187286,
            -0.006948819383978844
        ],
        [
            0.07187583297491074,
            0.01571670174598694,
            -0.005245060659945011
        ],
        [
            0.07378534227609634,
            0.0043112486600875854,
            -0.004291162360459566
        ],
        [
            0.0742572620511055,
            -0.004000775516033173,
            -0.0032899901270866394
        ],
        [
            0.07104537636041641,
            -0.003996573388576508,
            0.004263557493686676
        ],
        [
            0.09102613478899002,
            0.11925528943538666,
            -0.027851831167936325
        ],
        [
            0.09054256230592728,
            0.12413366138935089,
            -0.020409174263477325
        ],
        [
            0.06979551911354065,
            -0.012940630316734314,
            0.005641147494316101
        ],
        [
            0.0740581601858139,
            -0.012432731688022614,
            -0.0026580384001135826
        ],
        [
            0.07621067017316818,
            0.018136247992515564,
            -0.013102680444717407
        ],
        [
            0.08343810588121414,
            0.021463826298713684,
            -0.022077016532421112
        ],
        [
            0.07333633303642273,
            0.03190717101097107,
            -0.01432298868894577
        ],
        [
            0.07974500209093094,
            0.03617221862077713,
            -0.023364970460534096
        ],
        [
            0.05946961045265198,
            0.07760962098836899,
            -0.022699395194649696
        ],
        [
            0.10303552448749542,
            0.13451246917247772,
            -0.009744802489876747
        ],
        [
            0.09437324851751328,
            0.12679600715637207,
            -0.013361715711653233
        ],
        [
            0.0966186448931694,
            0.12217044085264206,
            -0.010555502027273178
        ],
        [
            0.1025247722864151,
            0.13112963736057281,
            -0.006770975887775421
        ],
        [
            0.09086120873689651,
            0.12057210505008698,
            -0.01449661236256361
        ],
        [
            0.09475503861904144,
            0.1286730021238327,
            -0.01881616935133934
        ],
        [
            0.09247500449419022,
            0.04071147367358208,
            -0.03179234638810158
        ],
        [
            0.08537790179252625,
            0.09283438324928284,
            -0.016292432323098183
        ],
        [
            0.10098697245121002,
            0.025749042630195618,
            -0.03001025691628456
        ],
        [
            0.10574714839458466,
            0.05095954239368439,
            -0.03716146573424339
        ],
        [
            0.11410689353942871,
            0.040971945971250534,
            -0.033942777663469315
        ],
        [
            0.11140171438455582,
            0.010940097272396088,
            -0.027601303532719612
        ],
        [
            0.12124545872211456,
            0.02657245099544525,
            -0.02998775988817215
        ],
        [
            0.10475219786167145,
            -0.006955958902835846,
            -0.022407185286283493
        ],
        [
            0.10619815438985825,
            0.0019270703196525574,
            -0.024726267904043198
        ],
        [
            0.12874922156333923,
            0.04330669343471527,
            -0.027449054643511772
        ],
        [
            0.11189694702625275,
