{
    "pred_cam": [
        9.074604034423828,
        0.14401976764202118,
        -0.030637092888355255
    ],
    "pred_mano_params": {
        "global_orient": [
            [
                [
                    -0.8166704177856445,
                    0.25010496377944946,
                    -0.5200932621955872
                ],
                [
                    0.1227029338479042,
                    -0.8053543567657471,
                    -0.579955518245697
                ],
                [
                    -0.563909113407135,
                    -0.5374494194984436,
                    0.6270204782485962
                ]
            ]
        ],
        "hand_pose": [
            [
                [
                    0.5524278879165649,
                    -0.6482565402984619,
                    -0.5240103602409363
                ],
                [
                    0.6941477060317993,
                    0.7058132886886597,
                    -0.14137408137321472
                ],
                [
                    0.4615000784397125,
                    -0.2856415808200836,
                    0.8398967385292053
                ]
            ],
            [
                [
                    0.9060978293418884,
                    -0.4230365455150604,
                    -0.0051790266297757626
                ],
                [
                    0.3631739914417267,
                    0.7840414047241211,
                    -0.5033723711967468
                ],
                [
                    0.21700547635555267,
                    0.45422375202178955,
                    0.8640540838241577
                ]
            ],
            [
                [
                    0.761650800704956,
                    -0.2016574889421463,
                    0.6158103942871094
                ],
                [
                    0.11355569958686829,
                    0.9771741628646851,
                    0.1795434206724167
                ],
                [
                    -0.6379601955413818,
                    -0.06682061403989792,
                    0.7671648263931274
                ]
            ],
            [
                [
                    0.43352314829826355,
                    -0.7973966002464294,
                    -0.4197814464569092
                ],
                [
                    0.7968411445617676,
                    0.5567566156387329,
                    -0.2346619963645935
                ],
                [
                    0.4208347499370575,
                    -0.2327677309513092,
                    0.8767653107643127
                ]
            ],
            [
                [
                    0.82186359167099,
                    -0.539726734161377,
                    -0.18230551481246948
                ],
                [
                    0.5661291480064392,
                    0.8094812631607056,
                    0.1556852012872696
                ],
                [
                    0.06354543566703796,
                    -0.2311604619026184,
                    0.9708382487297058
                ]
            ],
            [
                [
                    0.801641583442688,
                    -0.5712329745292664,
                    0.17624874413013458
                ],
                [
                    0.5697850584983826,
                    0.819309651851654,
                    0.06384923309087753
                ],
                [
                    -0.18087507784366608,
                    0.04923968017101288,
                    0.9822726845741272
                ]
            ],
            [
                [
                    -0.06667076051235199,
                    -0.9135676026344299,
                    -0.401185005903244
                ],
                [
                    0.9543123245239258,
                    -0.17576317489147186,
                    0.24165110290050507
                ],
                [
                    -0.2912781238555908,
                    -0.3667447566986084,
                    0.8835470676422119
                ]
            ],
            [
                [
                    0.5553582906723022,
                    -0.8226015567779541,
                    -0.12208127230405807
                ],
                [
                    0.7353159189224243,
                    0.417161226272583,
                    0.5341225266456604
                ],
                [
                    -0.3884424567222595,
                    -0.38639771938323975,
                    0.836546003818512
                ]
            ],
            [
                [
                    0.8609841465950012,
                    -0.49613702297210693,
                    0.1120460256934166
                ],
                [
                    0.2787771224975586,
                    0.6445600390434265,
                    0.7119168043136597
                ],
                [
                    -0.42542871832847595,
                    -0.5817131996154785,
                    0.6932676434516907
                ]
            ],
            [
                [
                    0.3313835859298706,
                    -0.9070858359336853,
                    -0.2595769464969635
                ],
                [
                    0.8480963706970215,
                    0.40693435072898865,
                    -0.33931827545166016
                ],
                [
                    0.4134216010570526,
                    -0.10770178586244583,
                    0.9041475653648376
                ]
            ],
            [
                [
                    0.5579423904418945,
                    -0.8199660778045654,
                    -0.1278902143239975
                ],
                [
                    0.7244211435317993,
                    0.4060404598712921,
                    0.5570862889289856
                ],
                [
                    -0.40486323833465576,
                    -0.40346845984458923,
                    0.8205479383468628
                ]
            ],
            [
                [
                    0.7472281455993652,
                    -0.6394610404968262,
                    0.18094128370285034
                ],
                [
                    0.5484585762023926,
                    0.7471340894699097,
                    0.37547826766967773
                ],
                [
                    -0.375291109085083,
                    -0.18132911622524261,
                    0.9089975357055664
                ]
            ],
            [
                [
                    0.7339046001434326,
                    0.13111652433872223,
                    -0.666477620601654
                ],
                [
                    -0.6209073662757874,
                    0.5273515582084656,
                    -0.5799778699874878
                ],
                [
                    0.2754233181476593,
                    0.839469313621521,
                    0.46843695640563965
                ]
            ],
            [
                [
                    0.7958055734634399,
                    -0.5645148754119873,
                    -0.21912653744220734
                ],
                [
                    0.6052460074424744,
                    0.7299935221672058,
                    0.31746920943260193
                ],
                [
                    -0.01925514079630375,
                    -0.3852692246437073,
                    0.9226032495498657
                ]
            ],
            [
                [
                    0.9021198749542236,
                    -0.3983086049556732,
                    -0.16592149436473846
                ],
                [
                    0.19504401087760925,
                    0.7194370031356812,
                    -0.6666093468666077
                ],
                [
                    0.3848862946033478,
                    0.5689995884895325,
                    0.7267061471939087
                ]
            ]
        ],
        "betas": [
            -0.006934016942977905,
            -0.007944047451019287,
            -0.042311251163482666,
            0.05486753582954407,
            -0.008122116327285767,
            -0.03531233221292496,
            0.03833162784576416,
            -0.04780927300453186,
            0.005155488848686218,
            -0.06173107028007507
        ]
    },
    "pred_cam_t": [
        -0.14401976764202118,
        -0.030637092888355255,
        4.304595470428467
    ],
    "focal_length": [
        5000.0,
        5000.0
    ],
    "pred_keypoints_3d": [
        [
            0.09576206654310226,
            0.006383807864040136,
            0.006181836128234863
        ],
        [
            0.0981302335858345,
            0.0010005119256675243,
            0.04432433843612671
        ],
        [
            0.11913909763097763,
            -0.005539134610444307,
            0.06592921912670135
        ],
        [
            0.1429075449705124,
            5.985843017697334e-05,
            0.07775511592626572
        ],
        [
            0.16599762439727783,
            0.02489643171429634,
            0.08520356565713882
        ],
        [
            0.15576840937137604,
            -0.012222504243254662,
            0.07167021930217743
        ],
        [
            0.17605167627334595,
            0.009689360857009888,
            0.0858098492026329
        ],
        [
            0.17870041728019714,
            0.031275682151317596,
            0.0903354063630104
        ],
        [
            0.17283016443252563,
            0.047820478677749634,
            0.10688592493534088
        ],
        [
            0.17454835772514343,
            -0.002090517897158861,
            0.058280471712350845
        ],
        [
            0.18883734941482544,
            0.025155095383524895,
            0.06594325602054596
        ],
        [
            0.18290391564369202,
            0.047514658421278,
            0.0684584528207779
        ],
        [
            0.16697189211845398,
            0.06600981205701828,
            0.07536901533603668
        ],
        [
            0.17546269297599792,
            0.01501178927719593,
            0.03770611435174942
        ],
        [
            0.1868230402469635,
            0.04064330458641052,
            0.04449256509542465
        ],
        [
            0.16866596043109894,
            0.057315465062856674,
            0.04723282903432846
        ],
        [
            0.1461772918701172,
            0.061789702624082565,
            0.05669841170310974
        ],
        [
            0.17197677493095398,
            0.03100222907960415,
            0.02326164022088051
        ],
        [
            0.16533870995044708,
            0.05080488324165344,
            0.026385270059108734
        ],
        [
            0.14677466452121735,
            0.05248755216598511,
            0.02293725125491619
        ],
        [
            0.13076424598693848,
            0.04020828753709793,
            0.024003878235816956
        ]
    ],
    "pred_vertices": [
        [
            0.12326139211654663,
            0.0037392601370811462,
            0.05099128931760788
        ],
        [
            0.11422424018383026,
            0.0065445490181446075,
            0.04386608675122261
        ],
        [
            0.11906729638576508,
            0.0036640968173742294,
            0.05083189904689789
        ],
        [
            0.12474563717842102,
            0.0005970131605863571,
            0.05818239226937294
        ],
        [
            0.10577225685119629,
            0.015475936233997345,
            0.05331740528345108
        ],
        [
            0.09540115296840668,
            0.012360997498035431,
            0.05960117280483246
        ],
        [
            0.10990414023399353,
            0.007932133972644806,
            0.07001006603240967
        ],
        [
            0.11610537767410278,
            0.012294318526983261,
            0.06206955015659332
        ],
        [
            0.12765876948833466,
            -0.003986133262515068,
            0.06235809251666069
        ],
        [
            0.12343420088291168,
            0.0016385018825531006,
            0.0567903034389019
        ],
        [
            0.12921668589115143,
            -0.009033333510160446,
            0.06070057675242424
        ],
        [
            0.13373695313930511,
            -0.018170002847909927,
            0.06593683362007141
        ],
        [
            0.13297317922115326,
            -0.010170497000217438,
            0.06763537228107452
        ],
        [
            0.14056481420993805,
            -0.02139207348227501,
            0.06951254606246948
        ],
        [
            0.12961295247077942,
            -0.025166770443320274,
            0.05915163829922676
        ],
        [
            0.14447495341300964,
            -0.026791580021381378,
            0.06316037476062775
        ],
        [
            0.13834209740161896,
            -0.020288147032260895,
            0.03606472909450531
        ],
        [
            0.1427208036184311,
            -0.012746916152536869,
            0.02575819194316864
        ],
        [
            0.15841537714004517,
            -0.013460860587656498,
            0.034619301557540894
        ],
        [
            0.15221500396728516,
            -0.020247627049684525,
            0.04478338360786438
        ],
        [
            0.15814243257045746,
            0.0009785797446966171,
            0.019343843683600426
        ],
        [
            0.15897364914417267,
            -0.006925172172486782,
            0.028281548991799355
        ],
        [
            0.14379338920116425,
            -0.00725496606901288,
            0.018645349889993668
        ],
        [
            0.14359259605407715,
            5.359295755624771e-05,
            0.011426609009504318
        ],
        [
            0.12421064078807831,
            0.01125150267034769,
            0.03850197046995163
        ],
        [
            0.11462253332138062,
            0.013963679783046246,
            0.03236198425292969
        ],
        [
            0.11327023804187775,
            0.01033300906419754,
            0.036012232303619385
        ],
        [
            0.12283425033092499,
            0.008095178753137589,
            0.04249965399503708
        ],
        [
            0.12923488020896912,
            -0.012262878939509392,
            0.06420143693685532
        ],
        [
            0.11964361369609833,
            -0.01936236582696438,
            0.061557989567518234
        ],
        [
            0.12598496675491333,
            -0.01634216494858265,
            0.060577571392059326
        ],
        [
            0.13127993047237396,
            -0.007658566348254681,
            0.06256040185689926
        ],
        [
            0.09660925716161728,
            0.028489550575613976,
            0.01643373817205429
        ],
        [
            0.08718441426753998,
            0.023687440901994705,
            0.007961258292198181
        ],
        [
            0.08477216958999634,
            0.01991051435470581,
            0.011856704950332642
        ],
        [
            0.09388350695371628,
            0.02486034482717514,
            0.018620364367961884
        ],
        [
            0.08036943525075912,
            0.013905059546232224,
            0.03619594871997833
        ],
        [
            0.07634680718183517,
            0.00939012598246336,
            0.024703677743673325
        ],
        [
            0.07028742134571075,
            -0.002994994632899761,
            0.023161165416240692
        ],
        [
            0.07512564212083817,
            -0.002142949029803276,
            0.03426169231534004
        ],
        [
            0.08718995004892349,
            0.014783810824155807,
            0.049170397222042084
        ],
        [
            0.08016075938940048,
            0.0023670420050621033,
            0.04907459020614624
        ],
        [
            0.09013906121253967,
            0.0023523569107055664,
            0.062472932040691376
        ],
        [
            0.10680633783340454,
            -6.20279461145401e-05,
            0.0741957277059555
        ],
        [
            0.09303268045186996,
            0.029539603739976883,
            -0.0018604248762130737
        ],
        [
            0.10058896988630295,
            0.034399792551994324,
            0.0031176991760730743
        ],
        [
            0.16571445763111115,
            0.017038937658071518,
            0.09133066236972809
        ],
        [
            0.16627787053585052,
            0.019975651055574417,
            0.08603351563215256
        ],
        [
            0.16254784166812897,
            0.014979179948568344,
            0.08498446643352509
        ],
        [
            0.16298602521419525,
            0.0128219835460186,
            0.09017251431941986
        ],
        [
            0.10875377804040909,
            0.024463696405291557,
            -0.013720478862524033
        ],
        [
            0.11189339309930801,
            0.015682943165302277,
            -0.017547670751810074
        ],
        [
            0.10579731315374374,
            0.01749683916568756,
            -0.02114756405353546
        ],
        [
            0.10168357193470001,
            0.02457306534051895,
            -0.016503147780895233
        ],
        [
            0.11807606369256973,
            0.024285197257995605,
            -0.010054372251033783
        ],
        [
            0.12001848965883255,
            0.013334626331925392,
            -0.011949323117733002
        ],
        [
            0.17644506692886353,
            0.010401505045592785,
            0.0934467688202858
        ],
        [
            0.1719883531332016,
            0.012230783700942993,
            0.09560253471136093
        ],
        [
            0.1704803705215454,
            0.006892748177051544,
            0.09359651803970337
        ],
        [
            0.17447756230831146,
            0.004549579694867134,
            0.09031336009502411
        ],
        [
            0.13162091374397278,
            -0.0029503339901566505,
            0.0652419701218605
        ],
        [
            0.1313401758670807,
            0.0026524830609560013,
            0.05825364217162132
        ],
        [
            0.1457882523536682,
            -0.005027252249419689,
            0.0745416134595871
        ],
        [
            0.14166562259197235,
            -0.0018162671476602554,
            0.0671851634979248
        ],
        [
            0.13840506970882416,
            -0.007120139896869659,
            0.07076019793748856
        ],
        [
            0.14325158298015594,
            -0.009776780381798744,
            0.07615947723388672
        ],
        [
            0.14549393951892853,
            0.010770412161946297,
            0.04734591767191887
        ],
        [
            0.13540872931480408,
            0.011461729183793068,
            0.04157726466655731
        ],
        [
            0.1347397416830063,
            0.0077184345573186874,
            0.04692181944847107
        ],
        [
            0.14496256411075592,
            0.006703668273985386,
            0.05497464910149574
        ],
        [
            0.1378866583108902,
            0.02173735201358795,
            0.032097820192575455
        ],
        [
            0.1477007120847702,
            0.019744202494621277,
            0.03820206969976425
        ],
        [
            0.14773797988891602,
            0.025663170963525772,
            0.03195846080780029
        ],
        [
            0.14058580994606018,
            0.026927102357149124,
            0.0293629989027977
        ],
        [
            0.16268064081668854,
            0.013461953029036522,
            0.0510106198489666
        ],
        [
            0.1669004261493683,
            0.011811591684818268,
            0.05356772989034653
        ],
        [
            0.1691577434539795,
            0.018032435327768326,
            0.0520007498562336
        ],
        [
            0.16308224201202393,
            0.016404859721660614,
            0.04846879094839096
        ],
        [
            0.09983604401350021,
            0.01815032586455345,
            -0.025001950562000275
        ],
        [
            0.09474579244852066,
            0.023825103417038918,
            -0.018794730305671692
        ],
        [
            0.15780863165855408,
            0.01864556595683098,
            0.005536258220672607
        ],
        [
            0.15190091729164124,
            0.027912119403481483,
            0.003031618893146515
        ],
        [
            0.16363397240638733,
            0.030338166281580925,
            0.008318750187754631
        ],
        [
            0.16849081218242645,
            0.018912537023425102,
            0.009264938533306122
        ],
        [
            0.1130756139755249,
            0.005530124995857477,
            -0.01578621193766594
        ],
        [
            0.1080716997385025,
            0.007710602134466171,
            -0.021424368023872375
        ],
        [
            0.18013472855091095,
            0.010566174983978271,
            0.08821588009595871
        ],
        [
            0.17732574045658112,
            0.005075516179203987,
            0.08503393828868866
        ],
        [
            0.08767955750226974,
            -0.00977432169020176,
            0.056835830211639404
        ],
        [
            0.10502107441425323,
            -0.009423185139894485,
            0.0726311206817627
        ],
        [
            0.07969867438077927,
            -0.010880541987717152,
            0.040620774030685425
        ],
        [
            0.07675395160913467,
            -0.012775929644703865,
            0.02797851338982582
        ],
        [
            0.07241969555616379,
            -0.014432715252041817,
            0.01886434480547905
        ],
        [
            0.14681513607501984,
            0.001272933091968298,
            0.06533265113830566
        ],
        [
            0.12995198369026184,
            0.005865182727575302,
            0.04990220069885254
        ],
        [
            0.12535133957862854,
            0.014580490998923779,
            0.03490113466978073
        ],
        [
            0.1346297264099121,
            0.038165152072906494,
            0.01726757362484932
        ],
        [
            0.12533213198184967,
            0.039005398750305176,
            0.012882180511951447
        ],
        [
            0.1250498741865158,
            0.03331402689218521,
            0.0220278799533844
        ],
        [
            0.13346099853515625,
            0.03326641023159027,
            0.02365083619952202
        ],
        [
            0.14848080277442932,
            0.03654535487294197,
            0.007122218608856201
        ],
        [
            0.1459534615278244,
            0.03859730064868927,
            0.01457127183675766
        ],
        [
            0.15275724232196808,
            0.03782310709357262,
            0.017575956881046295
        ],
        [
            0.15751618146896362,
            0.036495521664619446,
            0.011109286919236183
        ],
        [
            0.12611371278762817,
            -0.015632594004273415,
            0.06983520835638046
        ],
        [
            0.11335571855306625,
            -0.02087390050292015,
            0.06374026834964752
        ],
        [
            0.10413457453250885,
            0.031191958114504814,
            -0.00692802295088768
        ],
        [
            0.0968111902475357,
            0.029011864215135574,
            -0.008748315274715424
        ],
        [
            0.08998053520917892,
            0.02632988803088665,
            -0.013170041143894196
        ],
        [
            0.1043030396103859,
            0.021362613886594772,
            0.02584269642829895
        ],
        [
            0.0917879268527031,
            0.02259686030447483,
            0.020410675555467606
        ],
        [
            0.09010941535234451,
            0.02092103660106659,
            0.02468322217464447
        ],
        [
            0.10305647552013397,
            0.018816711381077766,
            0.02757197432219982
        ],
        [
            0.10659420490264893,
            0.013236787170171738,
            0.04070178419351578
        ],
        [
            0.09524775296449661,
            0.01882443018257618,
            0.04185817763209343
        ],
        [
            0.11550635099411011,
            0.010846298187971115,
            0.04835490509867668
        ],
        [
            0.07999724894762039,
            0.015040706843137741,
            0.01656174659729004
        ],
        [
            0.0762946605682373,
            0.018016889691352844,
            0.006256949156522751
        ],
        [
            0.0725836381316185,
            0.01172885112464428,
            0.011355254799127579
        ],
        [
            0.0807882696390152,
            0.02309309132397175,
            -0.0008371658623218536
        ],
        [
            0.0855746641755104,
            0.026365023106336594,
            -0.007617909461259842
        ],
        [
            0.10319191962480545,
            0.007208748254925013,
            -0.028417550027370453
        ],
        [
            0.07054957747459412,
            0.004934448748826981,
            0.01573946699500084
        ],
        [
            0.12205231189727783,
            0.009146476164460182,
            0.06788960844278336
        ],
        [
            0.12753871083259583,
            0.007851360365748405,
            0.07223168015480042
        ],
        [
            0.13058587908744812,
            0.005914941430091858,
            0.06520386040210724
        ],
        [
            0.12579002976417542,
            0.006455337628722191,
            0.06066869571805
        ],
        [
            0.14979146420955658,
            -0.021223414689302444,
            0.0741599053144455
        ],
        [
            0.14525757730007172,
            -0.015276510268449783,
            0.07710741460323334
        ],
        [
            0.1373061239719391,
            -0.014486746862530708,
            0.07167604565620422
        ],
        [
            0.10762648284435272,
            0.03184524178504944,
            0.018354937434196472
        ],
        [
            0.11039123684167862,
            0.03693941980600357,
            0.0070619843900203705
        ],
        [
            0.1502254456281662,
            -0.0018672263249754906,
            0.07199151068925858
        ],
        [
            0.1744537502527237,
            -0.00034089013934135437,
            0.08765245229005814
        ],
        [
            0.16963940858840942,
            0.0009827399626374245,
            0.09143690019845963
        ],
        [
            0.16052597761154175,
            -0.012474252842366695,
            0.0838506743311882
        ],
        [
            0.16639883816242218,
            -0.013321943581104279,
            0.08011306077241898
        ],
        [
            0.1592828631401062,
            -0.0003467109054327011,
            0.06973057240247726
        ],
        [
            0.15234686434268951,
            -0.0008685817010700703,
            0.07260741293430328
        ],
        [
            0.15399649739265442,
            0.0003364379517734051,
            0.07195230573415756
        ],
        [
            0.15914922952651978,
            0.002869098447263241,
            0.06838632375001907
        ],
        [
            0.16711805760860443,
            0.022740807384252548,
            0.04468390718102455
        ],
        [
            0.1616358608007431,
            0.02167104184627533,
            0.04235449433326721
        ],
        [
            0.16457751393318176,
            -0.01600942388176918,
            0.05511850491166115
        ],
        [
            0.1591086983680725,
            -0.026142247021198273,
            0.060693465173244476
        ],
        [
            0.1471584439277649,
            -0.02689032070338726,
            0.053248003125190735
        ],
        [
            0.14619000256061554,
            0.015563633292913437,
            0.04162866994738579
        ],
        [
            0.15534278750419617,
            0.015374522656202316,
            0.04638434946537018
        ],
        [
            0.1559736579656601,
            0.018011424690485,
            0.0433293916285038
        ],
        [
            0.15126848220825195,
            0.0025732554495334625,
            0.06458292156457901
        ],
        [
            0.15514759719371796,
            0.0005049915052950382,
            0.06875234097242355
        ],
        [
            0.1571301370859146,
            0.0029308933299034834,
            0.0647256001830101
        ],
        [
            0.15235868096351624,
            0.0055288211442530155,
            0.05988568440079689
        ],
        [
            0.14005443453788757,
            0.026306277140975,
            -0.002818521112203598
        ],
        [
            0.1367621272802353,
            0.0365714505314827,
            0.0019573308527469635
        ],
        [
            0.16791896522045135,
            0.014457935467362404,
            0.09477238357067108
        ],
        [
            0.16590271890163422,
            0.009609110653400421,
            0.09328597784042358
        ],
        [
            0.13626199960708618,
            0.01618579402565956,
            0.036135777831077576
        ],
        [
            0.13382108509540558,
            -0.024487240239977837,
            0.045286599546670914
        ],
        [
            0.12630963325500488,
            0.018447773531079292,
            0.031104112043976784
        ],
        [
            0.17357830703258514,
            0.014265412464737892,
            0.02802715264260769
        ],
        [
            0.1712794005870819,
            0.024159708991646767,
            0.030822649598121643
        ],
        [
            0.17339366674423218,
            0.02358562871813774,
            0.03256569057703018
        ],
        [
            0.17703212797641754,
            0.01806609518826008,
            0.032218992710113525
        ],
        [
            0.16763301193714142,
            0.01218896359205246,
            0.07376691699028015
        ],
        [
            0.1636500507593155,
            0.013253133744001389,
            0.07817249000072479
        ],
        [
            0.16465558111667633,
            0.016528034582734108,
            0.07933418452739716
        ],
        [
            0.16898271441459656,
            0.01543170865625143,
            0.0755639597773552
        ],
        [
            0.14909417927265167,
            -0.003736139740794897,
            0.07651092857122421
        ],
        [
            0.14779040217399597,
            -0.008420786820352077,
            0.07995683699846268
        ],
        [
            0.15151746571063995,
            -0.004685686901211739,
            0.08166508376598358
        ],
        [
            0.15240392088890076,
            -0.0011644884943962097,
            0.07675746828317642
        ],
        [
            0.1508723646402359,
            -0.013276136480271816,
            0.08119803667068481
        ],
        [
            0.15498536825180054,
            -0.00941027794033289,
            0.08405869454145432
        ],
        [
            0.17286288738250732,
            0.00858195312321186,
            0.0727110207080841
        ],
        [
            0.17695344984531403,
            0.0035090800374746323,
            0.0764726847410202
        ],
        [
            0.17039114236831665,
            -0.00636371411383152,
            0.06831862032413483
        ],
        [
            0.16640762984752655,
            0.0007669737096875906,
            0.06713485717773438
        ],
        [
            0.13065733015537262,
            -0.0019598305225372314,
            0.003207460045814514
        ],
        [
            0.13172131776809692,
            0.007198685314506292,
            -0.003111228346824646
        ],
        [
            0.14490288496017456,
            0.009313414804637432,
            0.004668716341257095
        ],
        [
            0.1588989943265915,
            0.011022288352251053,
            0.011569056659936905
        ],
        [
            0.17102740705013275,
            0.012723400257527828,
            0.019744424149394035
        ],
        [
            0.1708052158355713,
            0.0016081836074590683,
            0.025532033294439316
        ],
        [
            0.14398877322673798,
            0.01605110801756382,
            -0.00011317804455757141
        ],
        [
            0.1663876324892044,
            -0.004569000564515591,
            0.0656542107462883
        ],
        [
            0.1659543216228485,
            -0.013317108154296875,
            0.06368061900138855
        ],
        [
            0.16777409613132477,
            -0.009868917055428028,
            0.062206149101257324
        ],
        [
            0.12780246138572693,
            0.024741023778915405,
            0.027337396517395973
        ],
        [
            0.16525118052959442,
            0.003411056473851204,
            0.09189336746931076
        ],
        [
            0.09131788462400436,
            -0.021923892199993134,
            0.00920616090297699
        ],
        [
            0.09911777824163437,
            -0.01795555278658867,
            -0.0014027208089828491
        ],
        [
            0.10453740507364273,
            -0.018240435048937798,
            0.005500145256519318
        ],
        [
            0.09538089483976364,
            -0.021839680150151253,
            0.01810075342655182
        ],
        [
            0.1611557900905609,
            0.011175662279129028,
            0.08442762494087219
        ],
        [
            0.16132865846157074,
            0.007550355046987534,
            0.08953981846570969
        ],
        [
            0.16281484067440033,
            0.026532433927059174,
            0.038431890308856964
        ],
        [
            0.1677035689353943,
            0.02595660835504532,
            0.04021431505680084
        ],
        [
            0.16974838078022003,
            0.027215607464313507,
            0.03555338829755783
        ],
        [
            0.16544705629348755,
            0.03057880699634552,
            0.03549495339393616
        ],
        [
            0.1306338906288147,
            0.012161067686975002,
            -0.00638517364859581
        ],
        [
            0.16801998019218445,
            0.035075463354587555,
            0.013855785131454468
        ],
        [
            0.17333562672138214,
            0.02538646012544632,
            0.015794746577739716
        ],
        [
            0.12039398401975632,
            0.0049629295244812965,
            -0.009622860699892044
        ],
        [
            0.11964724957942963,
            -0.0034463219344615936,
            -0.004651293158531189
        ],
        [
            0.11199133843183517,
            -0.004147662315517664,
            -0.010731805115938187
        ],
        [
            0.17199566960334778,
            -0.0037663010880351067,
            0.03982770815491676
        ],
        [
            0.13113665580749512,
            -0.007909179665148258,
            0.009550325572490692
        ],
        [
            0.11923355609178543,
            -0.008594408631324768,
            0.0010438114404678345
        ],
        [
            0.11007057130336761,
            -0.009659471921622753,
            -0.0059618279337882996
        ],
        [
            0.10407829284667969,
            -0.010424267500638962,
            -0.011764153838157654
        ],
        [
            0.10672440379858017,
            -0.004198488313704729,
            -0.016309339553117752
        ],
        [
            0.17657004296779633,
            0.0010150223970413208,
            0.08196759968996048
        ],
        [
            0.17820315062999725,
            0.008212021552026272,
            0.07902345806360245
        ],
        [
            0.10156642645597458,
            -0.00517016276717186,
            -0.023746434599161148
        ],
        [
            0.09847258031368256,
            -0.011712882667779922,
            -0.017928816378116608
        ],
        [
            0.11739586293697357,
            -0.01427129004150629,
            0.008089039474725723
        ],
        [
            0.11377078294754028,
            -0.019985906779766083,
            0.017459172755479813
        ],
        [
            0.12886711955070496,
            -0.013210751116275787,
            0.016156889498233795
        ],
        [
            0.12657830119132996,
            -0.01911277137696743,
            0.02579328417778015
        ],
        [
            0.16983062028884888,
            -0.014806210994720459,
            0.04251091927289963
        ],
        [
            0.1836099624633789,
            0.026593785732984543,
            0.08368009328842163
        ],
        [
            0.17909976840019226,
            0.01767556555569172,
            0.0782332569360733
        ],
        [
            0.17381516098976135,
            0.02023567259311676,
            0.07759134471416473
        ],
        [
            0.18072791397571564,
            0.028906680643558502,
            0.08174218982458115
        ],
        [
            0.1740434467792511,
            0.012472132220864296,
            0.0751669630408287
        ],
        [
            0.18126702308654785,
            0.013660368509590626,
            0.08198349922895432
        ],
        [
            0.11971637606620789,
            -0.023523330688476562,
            0.038001157343387604
        ],
        [
            0.16187851130962372,
            0.0018899769056588411,
            0.06823853403329849
        ],
        [
            0.10334420204162598,
            -0.022540340200066566,
            0.03284689784049988
        ],
        [
            0.11808578670024872,
            -0.02639559656381607,
            0.05276308208703995
        ],
        [
            0.10579002648591995,
            -0.023520685732364655,
            0.05130642279982567
        ],
        [
            0.08660110086202621,
            -0.020404400303959846,
            0.030198227614164352
        ],
        [
            0.09136910736560822,
            -0.01974194496870041,
            0.04752027988433838
        ],
        [
            0.07906781882047653,
            -0.020885638892650604,
            0.01187136024236679
        ],
        [
            0.08401025831699371,
            -0.02064519003033638,
            0.01980368047952652
        ],
        [
            0.10088497400283813,
            -0.018608583137392998,
            0.06234191358089447
        ],
        [
            0.16992847621440887,
            0.027098605409264565,
