{
    "pred_cam": [
        8.850354194641113,
        -0.10094479471445084,
        -0.06114610657095909
    ],
    "pred_mano_params": {
        "global_orient": [
            [
                [
                    0.36802488565444946,
                    -0.6435961127281189,
                    0.6710751056671143
                ],
                [
                    -0.9247996211051941,
                    -0.32823172211647034,
                    0.19237881898880005
                ],
                [
                    0.09645388275384903,
                    -0.6914101839065552,
                    -0.7159948945045471
                ]
            ]
        ],
        "hand_pose": [
            [
                [
                    0.1287466436624527,
                    -0.9892992377281189,
                    -0.06863859295845032
                ],
                [
                    0.9783254861831665,
                    0.11538895219564438,
                    0.17194360494613647
                ],
                [
                    -0.16218355298042297,
                    -0.08928805589675903,
                    0.9827125668525696
                ]
            ],
            [
                [
                    0.42399534583091736,
                    -0.8659604787826538,
                    0.2652176320552826
                ],
                [
                    0.8984333872795105,
                    0.3652394413948059,
                    -0.24375717341899872
                ],
                [
                    0.1142161414027214,
                    0.34163230657577515,
                    0.9328676462173462
                ]
            ],
            [
                [
                    0.8450953364372253,
                    -0.29023897647857666,
                    -0.44897109270095825
                ],
                [
                    0.36759957671165466,
                    0.9252411127090454,
                    0.09380484372377396
                ],
                [
                    0.3881807029247284,
                    -0.24431565403938293,
                    0.8886086940765381
                ]
            ],
            [
                [
                    -0.1434975564479828,
                    -0.9615389108657837,
                    -0.23420342803001404
                ],
                [
                    0.9117164015769958,
                    -0.22049261629581451,
                    0.3466353416442871
                ],
                [
                    -0.38494354486465454,
                    -0.16378581523895264,
                    0.9082909822463989
                ]
            ],
            [
                [
                    0.7967631220817566,
                    -0.5062946677207947,
                    -0.3299003839492798
                ],
                [
                    0.5695276856422424,
                    0.8116467595100403,
                    0.12987610697746277
                ],
                [
                    0.2020069807767868,
                    -0.29136785864830017,
                    0.9350390434265137
                ]
            ],
            [
                [
                    0.8872197270393372,
                    -0.016299759969115257,
                    -0.461059033870697
                ],
                [
                    0.12473951280117035,
                    0.9706277251243591,
                    0.20572279393672943
                ],
                [
                    0.44416344165802,
                    -0.2400336116552353,
                    0.8631932735443115
                ]
            ],
            [
                [
                    0.16257378458976746,
                    -0.7732751369476318,
                    0.6128746867179871
                ],
                [
                    0.628278911113739,
                    0.5600689649581909,
                    0.5399892926216125
                ],
                [
                    -0.7608124017715454,
                    0.2972680926322937,
                    0.5768849849700928
                ]
            ],
            [
                [
                    0.6697293519973755,
                    -0.6090378165245056,
                    -0.424894779920578
                ],
                [
                    0.7321413159370422,
                    0.4458162188529968,
                    0.5149922966957092
                ],
                [
                    -0.12422478199005127,
                    -0.6559883952140808,
                    0.7444779872894287
                ]
            ],
            [
                [
                    0.7785816788673401,
                    -0.6254374384880066,
                    0.051366664469242096
                ],
                [
                    0.6130223274230957,
                    0.7755202651023865,
                    0.15090394020080566
                ],
                [
                    -0.13421685993671417,
                    -0.08600214123725891,
                    0.9872130155563354
                ]
            ],
            [
                [
                    0.029692426323890686,
                    -0.9464277029037476,
                    0.3215477466583252
                ],
                [
                    0.8979002237319946,
                    0.1666019856929779,
                    0.40745437145233154
                ],
                [
                    -0.4391966462135315,
                    0.27661949396133423,
                    0.8547444939613342
                ]
            ],
            [
                [
                    0.7768983840942383,
                    -0.5532545447349548,
                    -0.30056336522102356
                ],
                [
                    0.628052294254303,
                    0.6472266316413879,
                    0.4320278763771057
                ],
                [
                    -0.04448876902461052,
                    -0.5244112610816956,
                    0.8503021001815796
                ]
            ],
            [
                [
                    0.8271374702453613,
                    -0.13868120312690735,
                    -0.5446200966835022
                ],
                [
                    0.3324783742427826,
                    0.9020500779151917,
                    0.2752523124217987
                ],
                [
                    0.4531022310256958,
                    -0.4087459444999695,
                    0.7922279238700867
                ]
            ],
            [
                [
                    0.9851293563842773,
                    0.0629907175898552,
                    -0.15985067188739777
                ],
                [
                    -0.16066251695156097,
                    0.6674478650093079,
                    -0.7271182537078857
                ],
                [
                    0.06089027225971222,
                    0.7419875860214233,
                    0.6676427125930786
                ]
            ],
            [
                [
                    0.9490524530410767,
                    -0.3119669556617737,
                    -0.044454529881477356
                ],
                [
                    0.2732059359550476,
                    0.7442956566810608,
                    0.6094116568565369
                ],
                [
                    -0.1570289582014084,
                    -0.590508759021759,
                    0.7916068434715271
                ]
            ],
            [
                [
                    0.9775369763374329,
                    -0.02177673950791359,
                    -0.20963601768016815
                ],
                [
                    -0.09788632392883301,
                    0.8339582085609436,
                    -0.5430764555931091
                ],
                [
                    0.18665409088134766,
                    0.5513978004455566,
                    0.813093364238739
                ]
            ]
        ],
        "betas": [
            -0.03546017408370972,
            -0.04398465156555176,
            -0.045958250761032104,
            0.038314610719680786,
            -0.018606185913085938,
            -0.048301614820957184,
            -0.032460302114486694,
            -0.035760968923568726,
            -0.04905349016189575,
            -0.010228633880615234
        ]
    },
    "pred_cam_t": [
        -0.10094479471445084,
        -0.06114610657095909,
        4.413665294647217
    ],
    "focal_length": [
        5000.0,
        5000.0
    ],
    "pred_keypoints_3d": [
        [
            0.09586846828460693,
            0.006410393863916397,
            0.006199373863637447
        ],
        [
            0.1144009679555893,
            0.03881101310253143,
            -0.0038407444953918457
        ],
        [
            0.1248912364244461,
            0.06761156022548676,
            -0.007699750363826752
        ],
        [
            0.13024039566516876,
            0.09418454766273499,
            -0.009560693986713886
        ],
        [
            0.13555659353733063,
            0.1291874796152115,
            -0.003545757383108139
        ],
        [
            0.08060426265001297,
            0.0937100499868393,
            -0.01351183746010065
        ],
        [
            0.10238738358020782,
            0.11304786056280136,
            0.002136501483619213
        ],
        [
            0.11668792366981506,
            0.09881473332643509,
            0.011528349481523037
        ],
        [
            0.12179422378540039,
            0.08098135888576508,
            0.028882421553134918
        ],
        [
            0.05965791270136833,
            0.09394030272960663,
            0.0005246540531516075
        ],
        [
            0.0854177474975586,
            0.10163359344005585,
            0.017458386719226837
        ],
        [
            0.10241231322288513,
            0.08976590633392334,
            0.028159989044070244
        ],
        [
            0.11154814064502716,
            0.07370170950889587,
            0.04739915207028389
        ],
        [
            0.05036907270550728,
            0.07830843329429626,
            0.020199641585350037
        ],
        [
            0.07204397767782211,
            0.0930442363023758,
            0.03237009048461914
        ],
        [
            0.08828765898942947,
            0.08359327912330627,
            0.04865565896034241
        ],
        [
            0.0928538516163826,
            0.0678103044629097,
            0.06957488507032394
        ],
        [
            0.04787667095661163,
            0.06513312458992004,
            0.03742305561900139
        ],
        [
            0.05912242829799652,
            0.08169396966695786,
            0.04429391026496887
        ],
        [
            0.0704411119222641,
            0.07779137790203094,
            0.059066012501716614
        ],
        [
            0.07852666079998016,
            0.06568154692649841,
            0.06897713243961334
        ]
    ],
    "pred_vertices": [
        [
            0.09923434257507324,
            0.06146722659468651,
            0.0017049862071871758
        ],
        [
            0.10371658205986023,
            0.052439238876104355,
            0.004768002778291702
        ],
        [
            0.10809788107872009,
            0.06201302260160446,
            0.0027787331491708755
        ],
        [
            0.10378088057041168,
            0.0695130005478859,
            -0.0014398396015167236
        ],
        [
            0.12280479073524475,
            0.048624467104673386,
            0.01140650175511837
        ],
        [
            0.1321764588356018,
            0.04345426708459854,
            0.006069589406251907
        ],
        [
            0.133946493268013,
            0.060269881039857864,
            0.0033591967076063156
        ],
        [
            0.12646780908107758,
            0.06286358833312988,
            0.009195581078529358
        ],
        [
            0.10657472908496857,
            0.07621249556541443,
            -0.005529463291168213
        ],
        [
            0.11159592866897583,
            0.07011748850345612,
            0.0011201165616512299
        ],
        [
            0.1076713502407074,
            0.07739594578742981,
            -0.010194121859967709
        ],
        [
            0.09884175658226013,
            0.0803101658821106,
            -0.020203569903969765
        ],
        [
            0.1003023236989975,
            0.08053702861070633,
            -0.012722779996693134
        ],
        [
            0.09229114651679993,
            0.08483894169330597,
            -0.023362131789326668
        ],
        [
            0.09610418975353241,
            0.07160409539937973,
            -0.02691732533276081
        ],
        [
            0.0838097557425499,
            0.08246835321187973,
            -0.02785344235599041
        ],
        [
            0.07301292568445206,
            0.05500199645757675,
            -0.018934529274702072
        ],
        [
            0.06507241725921631,
            0.04889713227748871,
            -0.009588672779500484
        ],
        [
            0.056084368377923965,
            0.06557585299015045,
            -0.009652885608375072
        ],
        [
            0.06585907936096191,
            0.07052742689847946,
            -0.018389826640486717
        ],
        [
            0.051004525274038315,
            0.0530940517783165,
            0.006898032501339912
        ],
        [
            0.053585510700941086,
            0.060628071427345276,
            -0.002118190750479698
        ],
        [
            0.061268024146556854,
            0.04380286484956741,
            -0.0030370522290468216
        ],
        [
            0.05878739431500435,
            0.03798576071858406,
            0.005138005129992962
        ],
        [
            0.09167694300413132,
            0.04981803894042969,
            0.010248268023133278
        ],
        [
            0.09590008854866028,
            0.040143661201000214,
            0.012549178674817085
        ],
        [
            0.09822403639554977,
            0.04380539804697037,
            0.008583667688071728
        ],
        [
            0.0945054143667221,
            0.05301756411790848,
            0.006605174392461777
        ],
        [
            0.11671759933233261,
            0.07716058194637299,
            -0.015281368046998978
        ],
        [
            0.1125217154622078,
            0.06747424602508545,
            -0.02165941335260868
        ],
        [
            0.1081465631723404,
            0.0732806921005249,
            -0.017915496602654457
        ],
        [
            0.11568187922239304,
            0.07947622239589691,
            -0.010228143073618412
        ],
        [
            0.10473248362541199,
            0.01621103286743164,
            0.02666305936872959
        ],
        [
            0.10687877237796783,
            0.003647357225418091,
            0.021918371319770813
        ],
        [
            0.1101873368024826,
            0.005263477563858032,
            0.017317133024334908
        ],
        [
            0.10710040479898453,
            0.016323745250701904,
            0.022350387647747993
        ],
        [
            0.1247459352016449,
            0.019452214241027832,
            0.006428137421607971
        ],
        [
            0.12128138542175293,
            0.009260453283786774,
            0.0035104434937238693
        ],
        [
            0.12365707755088806,
            0.004135385155677795,
            -0.009076659567654133
        ],
        [
            0.12573450803756714,
            0.014598272740840912,
            -0.009398980997502804
        ],
        [
            0.12898652255535126,
            0.03168739378452301,
            0.006975898519158363
        ],
        [
            0.1316278576850891,
            0.0269593745470047,
            -0.005921844393014908
        ],
        [
            0.13486553728580475,
            0.04014458507299423,
            -0.0046379826962947845
        ],
        [
            0.13589660823345184,
            0.057600997388362885,
            -0.005498196929693222
        ],
        [
            0.0977037101984024,
            -0.0008241608738899231,
            0.02972729317843914
        ],
        [
            0.09518896043300629,
            0.007771670818328857,
            0.03478025272488594
        ],
        [
            0.10569154471158981,
            0.09904195368289948,
            -0.002974710427224636
        ],
        [
            0.1031670868396759,
            0.09744147956371307,
            0.0024975333362817764
        ],
        [
            0.10202756524085999,
            0.09697391837835312,
            0.0008838651701807976
        ],
        [
            0.10438231378793716,
            0.09894248098134995,
            -0.004045466892421246
        ],
        [
            0.07749508321285248,
            -0.0017134025692939758,
            0.0282196756452322
        ],
        [
            0.07124076038599014,
            -0.003401152789592743,
            0.020478500053286552
        ],
        [
            0.07445791363716125,
            -0.009786754846572876,
            0.02198168821632862
        ],
        [
            0.08165761828422546,
            -0.008063353598117828,
            0.02781534567475319
        ],
        [
            0.07201004028320312,
            0.006668969988822937,
            0.02872634306550026
        ],
        [
            0.0674109235405922,
            0.00578993558883667,
            0.018434423953294754
        ],
        [
            0.10863582044839859,
            0.11178093403577805,
            -0.0027190865948796272
        ],
        [
            0.10934484750032425,
            0.1070176288485527,
            -0.005075275897979736
        ],
        [
            0.10575806349515915,
            0.10857965797185898,
            -0.007073305547237396
        ],
        [
            0.10357817262411118,
            0.11298435926437378,
            -0.004785415716469288
        ],
        [
            0.09951116889715195,
            0.07672715187072754,
            -0.00583900511264801
        ],
        [
            0.09593096375465393,
            0.07036464661359787,
            0.0002389838919043541
        ],
        [
            0.08899882435798645,
            0.08766625821590424,
            -0.00777381332591176
        ],
        [
            0.0909179076552391,
            0.08221781998872757,
            -0.0042426809668540955
        ],
        [
            0.09458284080028534,
            0.08308262377977371,
            -0.010042175650596619
        ],
        [
            0.09221302717924118,
            0.0876874029636383,
            -0.012727400287985802
        ],
        [
            0.07930687069892883,
            0.06867866218090057,
            0.011105016805231571
        ],
        [
            0.08441983163356781,
            0.0583123117685318,
            0.011364487931132317
        ],
        [
            0.08727872371673584,
            0.06234577298164368,
            0.00690400879830122
        ],
        [
            0.08328140527009964,
            0.07439038902521133,
            0.0059834918938577175
        ],
        [
            0.07886955887079239,
            0.05245725065469742,
            0.023106981068849564
        ],
        [
            0.07394547760486603,
            0.06291720271110535,
            0.021533213555812836
        ],
        [
            0.07122404128313065,
            0.058194708079099655,
            0.02831566333770752
        ],
        [
            0.07592333853244781,
            0.05200189724564552,
            0.028950195759534836
        ],
        [
            0.06648486852645874,
            0.08091118931770325,
            0.015839602798223495
        ],
        [
            0.06383635848760605,
            0.08378782868385315,
            0.013561193831264973
        ],
        [
            0.06435023248195648,
            0.08136677742004395,
            0.017518959939479828
        ],
        [
            0.06567367166280746,
            0.07838110625743866,
            0.0187605582177639
        ],
        [
            0.0772399827837944,
            -0.016343943774700165,
            0.02239743247628212
        ],
        [
            0.08585546910762787,
            -0.013947911560535431,
            0.026512254029512405
        ],
        [
            0.046957314014434814,
            0.04202362895011902,
            0.0257720947265625
        ],
        [
            0.05156460404396057,
            0.036894291639328,
            0.03502541780471802
        ],
        [
            0.0437876433134079,
            0.04906340688467026,
            0.037440426647663116
        ],
        [
            0.03994129225611687,
            0.051546987146139145,
            0.026216628029942513
        ],
        [
            0.0694563239812851,
            -0.0016656368970870972,
            0.010378267616033554
        ],
        [
            0.07071433216333389,
            -0.00908968597650528,
            0.012643691152334213
        ],
        [
            0.10592513531446457,
            0.1148114800453186,
            0.002446375787258148
        ],
        [
            0.10096873342990875,
            0.11559973657131195,
            0.0004545440897345543
        ],
        [
            0.12909412384033203,
            0.035871319472789764,
            -0.016878683120012283
        ],
        [
            0.13299468159675598,
            0.055990107357501984,
            -0.0145486518740654
        ],
        [
            0.12372241914272308,
            0.020743347704410553,
            -0.018119825050234795
        ],
        [
            0.1187732070684433,
            0.01053212583065033,
            -0.018625697121024132
        ],
        [
            0.11751215159893036,
            0.001622512936592102,
            -0.01926550641655922
        ],
        [
            0.08560884743928909,
            0.08345527201890945,
            -0.00017068535089492798
        ],
        [
            0.09262068569660187,
            0.06248801201581955,
            0.004218121524900198
        ],
        [
            0.0893704816699028,
            0.04733676463365555,
            0.01410225871950388
        ],
        [
            0.07584941387176514,
            0.03914719820022583,
            0.04090806096792221
        ],
        [
            0.08124451339244843,
            0.03014196828007698,
            0.041126400232315063
        ],
        [
            0.08563905954360962,
            0.037283528596162796,
            0.03420510143041611
        ],
        [
            0.07959947735071182,
            0.04350602626800537,
            0.035055436193943024
        ],
        [
            0.0579017698764801,
            0.03883052617311478,
            0.042487747967243195
        ],
        [
            0.06458001583814621,
            0.04381567984819412,
            0.04320138320326805
        ],
        [
            0.0589459165930748,
            0.050891630351543427,
            0.043251581490039825
        ],
        [
            0.05106397718191147,
            0.048233479261398315,
            0.04309679567813873
        ],
        [
            0.12245906889438629,
            0.0751974880695343,
            -0.01980239525437355
        ],
        [
            0.11797814071178436,
            0.0625891387462616,
            -0.023927118629217148
        ],
        [
            0.08620896935462952,
            0.001442238688468933,
            0.033397771418094635
        ],
        [
            0.09072529524564743,
            -0.004329495131969452,
            0.030568964779376984
        ],
        [
            0.09329501539468765,
            -0.011971160769462585,
            0.027656149119138718
        ],
        [
            0.10160499811172485,
            0.02860383689403534,
            0.019237477332353592
        ],
        [
            0.10890071094036102,
            0.01645009219646454,
            0.01946800760924816
        ],
        [
            0.11155695468187332,
            0.018712572753429413,
            0.01675013080239296
        ],
        [
            0.1022959053516388,
            0.029811926186084747,
            0.01625887304544449
        ],
        [
            0.10939978063106537,
            0.04403357952833176,
            0.01052907109260559
        ],
        [
            0.11835266649723053,
            0.03430324047803879,
            0.013245105743408203
        ],
        [
            0.11320758610963821,
            0.05586060509085655,
            0.009656151756644249
        ],
        [
            0.11536753177642822,
            0.005864948034286499,
            0.011080768890678883
        ],
        [
            0.11375852674245834,
            -0.004237547516822815,
            0.015232432633638382
        ],
        [
            0.11839726567268372,
            -0.0025683194398880005,
            0.00781251024454832
        ],
        [
            0.10705496370792389,
            -0.0072567760944366455,
            0.021740121766924858
        ],
        [
            0.09996461123228073,
            -0.00994381308555603,
            0.026441063731908798
        ],
        [
            0.07063617557287216,
            -0.017633303999900818,
            0.012482408434152603
        ],
        [
            0.12120310962200165,
            -0.0005727857351303101,
            0.00014667771756649017
        ],
        [
            0.12877869606018066,
            0.0718023031949997,
            0.005223102867603302
        ],
        [
            0.1311783641576767,
            0.07931555807590485,
            0.0014977836981415749
        ],
        [
            0.12365119159221649,
            0.08061480522155762,
            0.0016849953681230545
        ],
        [
            0.12080825865268707,
            0.07387393712997437,
            0.004721509292721748
        ],
        [
            0.08769594132900238,
            0.0914473682641983,
            -0.022874414920806885
        ],
        [
            0.09210953861474991,
            0.08975161612033844,
            -0.017954271286725998
        ],
        [
            0.09633477032184601,
            0.08399392664432526,
            -0.0172700434923172
        ],
        [
            0.09754005074501038,
            0.02421347051858902,
            0.031067317351698875
        ],
        [
            0.08985067158937454,
            0.016698725521564484,
            0.03795493021607399
        ],
        [
            0.0849979817867279,
            0.08859454095363617,
            -0.0036994069814682007
        ],
        [
            0.09946762025356293,
            0.11270029842853546,
            -0.0074207978323102
        ],
        [
            0.10251490026712418,
            0.10820641368627548,
            -0.010170334950089455
        ],
        [
            0.09093451499938965,
            0.09789412468671799,
            -0.020008007064461708
        ],
        [
            0.08634248375892639,
            0.10319060832262039,
            -0.017716890200972557
        ],
        [
            0.08078059554100037,
            0.09230220317840576,
            -0.0017686678329482675
        ],
        [
            0.08640500158071518,
            0.08821884542703629,
            -0.004068909212946892
        ],
        [
            0.08735653758049011,
            0.08845936506986618,
            -0.003347787307575345
        ],
        [
            0.08456820249557495,
            0.09247931092977524,
            0.001541044795885682
        ],
        [
            0.061614152044057846,
            0.07574279606342316,
            0.024632588028907776
        ],
        [
            0.06318541616201401,
            0.07294821739196777,
            0.02540888637304306
        ],
        [
            0.06259558349847794,
            0.08619611710309982,
            -0.013007156550884247
        ],
        [
            0.0695568323135376,
            0.08922916650772095,
            -0.024986371397972107
        ],
        [
            0.07453333586454391,
            0.0754777044057846,
            -0.027097385376691818
        ],
        [
            0.07638728618621826,
            0.0646318718791008,
            0.01671411842107773
        ],
        [
            0.07135041058063507,
            0.07350528985261917,
            0.017038948833942413
        ],
        [
            0.06953626871109009,
            0.07141068577766418,
            0.02020624466240406
        ],
        [
            0.08209709078073502,
            0.08537637442350388,
            0.0018104822374880314
        ],
        [
            0.08026993274688721,
            0.09020686149597168,
            -0.00013769231736660004
        ],
        [
            0.0772218406200409,
            0.08829675614833832,
            0.0025772443041205406
        ],
        [
            0.07973265647888184,
            0.0823206901550293,
            0.005111143924295902
        ],
        [
            0.058371834456920624,
            0.02521716058254242,
            0.03261272609233856
        ],
        [
            0.06541392207145691,
            0.027707327157258987,
            0.04171380028128624
        ],
        [
            0.10805477201938629,
            0.10245776921510696,
            -0.005395504646003246
        ],
        [
            0.1059197261929512,
            0.1032298356294632,
            -0.006954822689294815
        ],
        [
            0.08151383697986603,
            0.0545683428645134,
            0.016873197630047798
        ],
        [
            0.08166678994894028,
            0.06097196787595749,
            -0.02469632774591446
        ],
        [
            0.08716795593500137,
            0.04487829655408859,
            0.018532153218984604
        ],
        [
            0.04588191211223602,
            0.07023581862449646,
            0.021155821159482002
        ],
        [
            0.04983096569776535,
            0.071384958922863,
            0.028639066964387894
        ],
        [
            0.0522901676595211,
            0.0753188282251358,
            0.030433140695095062
        ],
        [
            0.04948491230607033,
            0.07722286134958267,
            0.02580380067229271
        ],
        [
            0.09387422353029251,
            0.10035502165555954,
            0.00836531724780798
        ],
        [
            0.0980633795261383,
            0.09673836827278137,
            0.005681905895471573
        ],
        [
            0.09881442040205002,
            0.09790535271167755,
            0.006256622262299061
        ],
        [
            0.09630496799945831,
            0.10214640200138092,
            0.009926562197506428
        ],
        [
            0.08959274739027023,
            0.08665022253990173,
            -0.008629325777292252
        ],
        [
            0.09171611070632935,
            0.08830147981643677,
            -0.013579762540757656
        ],
        [
            0.09410975873470306,
            0.08817495405673981,
            -0.01278805173933506
        ],
        [
            0.09120792150497437,
            0.08771778643131256,
            -0.007197529077529907
        ],
        [
            0.09123926609754562,
            0.090587317943573,
            -0.019159018993377686
        ],
        [
            0.09352827817201614,
            0.09217323362827301,
            -0.018109509721398354
        ],
        [
            0.09162824600934982,
            0.10652681440114975,
            0.00819085631519556
        ],
        [
            0.0930636078119278,
            0.11286044120788574,
            0.0037575094029307365
        ],
        [
            0.07909872382879257,
            0.10384349524974823,
            -0.004534704610705376
        ],
        [
            0.0816647857427597,
            0.09960775077342987,
            0.0018207455286756158
        ],
        [
            0.06446078419685364,
            0.023708298802375793,
            0.0026574907824397087
        ],
        [
            0.06176963448524475,
            0.019495777785778046,
            0.012680931016802788
        ],
        [
            0.0557161383330822,
            0.03350174427032471,
            0.015326217748224735
        ],
        [
            0.047898389399051666,
            0.04729243740439415,
            0.01773778721690178
        ],
        [
            0.042217571288347244,
            0.061053574085235596,
            0.01924588903784752
        ],
        [
            0.04404490068554878,
            0.06596871465444565,
            0.008295970037579536
        ],
        [
            0.05499923229217529,
            0.02929488569498062,
            0.022558778524398804
        ],
        [
            0.06846777349710464,
            0.0907164067029953,
            -0.005907322745770216
        ],
        [
            0.06993743032217026,
            0.09562075883150101,
            -0.010616980493068695
        ],
        [
            0.06447385251522064,
            0.09102746099233627,
            -0.008756175637245178
        ],
        [
            0.0849544107913971,
            0.04289879649877548,
            0.02542882040143013
        ],
        [
            0.10431525856256485,
            0.1029074639081955,
            -0.009677966125309467
        ],
        [
            0.09584559500217438,
            0.005103632807731628,
            -0.02271008864045143
        ],
        [
            0.0846203938126564,
            0.0012036561965942383,
            -0.016360735520720482
        ],
        [
            0.08393488079309464,
            0.00998593121767044,
            -0.016893168911337852
        ],
        [
            0.09714056551456451,
            0.014615625143051147,
            -0.023370932787656784
        ],
        [
            0.10253000259399414,
            0.09567002207040787,
            -1.0786578059196472e-05
        ],
        [
            0.10446338355541229,
            0.09763254225254059,
            -0.0059984344989061356
        ],
        [
            0.06054989993572235,
            0.0714595764875412,
            0.03146636486053467
        ],
        [
            0.059435851871967316,
            0.07494159042835236,
            0.030062386766076088
        ],
        [
            0.057912953197956085,
            0.07445386052131653,
            0.03184680640697479
        ],
        [
            0.057516325265169144,
            0.07222872972488403,
            0.03593990579247475
        ],
        [
            0.06173904985189438,
            0.01638108491897583,
            0.017875155434012413
        ],
        [
            0.04405071958899498,
            0.05985085293650627,
            0.04054948315024376
        ],
        [
            0.040120840072631836,
            0.06073511391878128,
            0.029594644904136658
        ],
        [
            0.06689535826444626,
            0.007570840418338776,
            0.009921582415699959
        ],
        [
            0.06876888871192932,
            0.010891787707805634,
            0.0008856523782014847
        ],
        [
            0.07143693417310715,
            0.0014851763844490051,
            4.718359559774399e-05
        ],
        [
            0.05060139298439026,
            0.07718228548765182,
            0.0015817610546946526
        ],
        [
            0.06651605665683746,
            0.028973393142223358,
            -0.003997283522039652
        ],
        [
            0.07134927809238434,
            0.015127502381801605,
            -0.0049930051900446415
        ],
        [
            0.07468129694461823,
            0.004079893231391907,
            -0.006238443311303854
        ],
        [
            0.07615365087985992,
            -0.004151508212089539,
            -0.006978432182222605
        ],
        [
            0.07255453616380692,
            -0.00612524151802063,
            7.444992661476135e-05
        ],
        [
            0.09606698155403137,
            0.1141226515173912,
            -0.0019956985488533974
        ],
        [
            0.09798688441514969,
            0.11455351114273071,
            0.0073236580938100815
        ],
        [
            0.07239224761724472,
            -0.015212737023830414,
            -0.0005356110632419586
        ],
        [
            0.07701200246810913,
            -0.012468397617340088,
            -0.008130641654133797
        ],
        [
            0.0757642611861229,
            0.01964452862739563,
            -0.011755989864468575
        ],
        [
            0.08254190534353256,
            0.02519935369491577,
            -0.01908218115568161
        ],
        [
            0.07107041031122208,
            0.03292487561702728,
            -0.010415725409984589
        ],
        [
            0.07712409645318985,
            0.03950730711221695,
            -0.017789477482438087
        ],
        [
            0.050778307020664215,
            0.07945914566516876,
            -0.009752165526151657
        ],
        [
            0.11168202012777328,
            0.10592461377382278,
            0.016458358615636826
        ],
        [
            0.10143808275461197,
            0.10892824828624725,
            0.012984152883291245
        ],
        [
            0.0998544842004776,
            0.10326766222715378,
            0.011951897293329239
        ],
        [
            0.10894311964511871,
            0.1024671122431755,
            0.01654369756579399
        ],
        [
            0.09582497924566269,
            0.10800349712371826,
            0.01063462533056736
        ],
        [
            0.10312129557132721,
            0.11345304548740387,
            0.009533154778182507
        ],
        [
            0.08889070153236389,
            0.04632672667503357,
            -0.024395368993282318
        ],
        [
            0.07375416904687881,
            0.09065743535757065,
            -0.0008442231919616461
        ],
        [
            0.09861729294061661,
            0.03169339895248413,
            -0.024915456771850586
        ],
        [
            0.10089097917079926,
            0.05852122977375984,
            -0.028563639149069786
        ],
        [
            0.10978779941797256,
            0.0481862798333168,
            -0.027195997536182404
        ],
        [
            0.11042094230651855,
            0.018060386180877686,
            -0.025002844631671906
        ],
        [
            0.11788884550333023,
            0.03375153988599777,
            -0.025621524080634117
        ],
        [
            0.10738947987556458,
            3.8780272006988525e-05,
            -0.023587893694639206
        ],
        [
            0.10726864635944366,
            0.008880682289600372,
            -0.024000655859708786
        ],
        [
            0.12404057383537292,
            0.04972333088517189,
            -0.023210350424051285
        ],
        [
            0.11041603982448578,
            0.0953497439622879,
