{
    "pred_cam": [
        8.839529991149902,
        -0.10064796358346939,
        -0.06220003589987755
    ],
    "pred_mano_params": {
        "global_orient": [
            [
                [
                    0.36420461535453796,
                    -0.6632627248764038,
                    0.6537870764732361
                ],
                [
                    -0.9267352819442749,
                    -0.3276634216308594,
                    0.18384326994419098
                ],
                [
                    0.09228572249412537,
                    -0.6728441715240479,
                    -0.7340055108070374
                ]
            ]
        ],
        "hand_pose": [
            [
                [
                    0.1434420794248581,
                    -0.9886401891708374,
                    -0.04488763585686684
                ],
                [
                    0.9836576581001282,
                    0.13743822276592255,
                    0.1163112223148346
                ],
                [
                    -0.10882067680358887,
                    -0.060837991535663605,
                    0.9921979308128357
                ]
            ],
            [
                [
                    0.46706780791282654,
                    -0.847283661365509,
                    0.2528994083404541
                ],
                [
                    0.8810000419616699,
                    0.4215334355831146,
                    -0.21482203900814056
                ],
                [
                    0.0754096508026123,
                    0.32314082980155945,
                    0.9433416128158569
                ]
            ],
            [
                [
                    0.8059260249137878,
                    -0.36453524231910706,
                    -0.4664733409881592
                ],
                [
                    0.4399946630001068,
                    0.8959947228431702,
                    0.05998535081744194
                ],
                [
                    0.3960908353328705,
                    -0.25358954071998596,
                    0.8824990391731262
                ]
            ],
            [
                [
                    -0.128196120262146,
                    -0.9681540727615356,
                    -0.2150431126356125
                ],
                [
                    0.9276341795921326,
                    -0.1937532275915146,
                    0.3193029761314392
                ],
                [
                    -0.3507997691631317,
                    -0.15854798257350922,
                    0.9229311943054199
                ]
            ],
            [
                [
                    0.784408450126648,
                    -0.5244975686073303,
                    -0.3310674726963043
                ],
                [
                    0.590156078338623,
                    0.795372486114502,
                    0.1381969004869461
                ],
                [
                    0.1908380389213562,
                    -0.3037843108177185,
                    0.9334323406219482
                ]
            ],
            [
                [
                    0.8806249499320984,
                    -0.04322139173746109,
                    -0.4718385338783264
                ],
                [
                    0.15868832170963287,
                    0.9652233123779297,
                    0.20775453746318817
                ],
                [
                    0.4464501142501831,
                    -0.25782909989356995,
                    0.8568584322929382
                ]
            ],
            [
                [
                    0.1876530945301056,
                    -0.7598691582679749,
                    0.6224028468132019
                ],
                [
                    0.6119928359985352,
                    0.5860816836357117,
                    0.5310114026069641
                ],
                [
                    -0.7682780027389526,
                    0.2812601327896118,
                    0.5750145316123962
                ]
            ],
            [
                [
                    0.6763434410095215,
                    -0.5807373523712158,
                    -0.4531046152114868
                ],
                [
                    0.7292067408561707,
                    0.4410407245159149,
                    0.5232023000717163
                ],
                [
                    -0.10400550812482834,
                    -0.6842713356018066,
                    0.7217726111412048
                ]
            ],
            [
                [
                    0.7201241254806519,
                    -0.683654248714447,
                    0.118482805788517
                ],
                [
                    0.6610247492790222,
                    0.727881908416748,
                    0.18230265378952026
                ],
                [
                    -0.21087346971035004,
                    -0.05296047031879425,
                    0.976077675819397
                ]
            ],
            [
                [
                    0.04277755692601204,
                    -0.9514727592468262,
                    0.30474522709846497
                ],
                [
                    0.8993158340454102,
                    0.16953976452350616,
                    0.40309712290763855
                ],
                [
                    -0.43520236015319824,
                    0.2568187117576599,
                    0.8629270195960999
                ]
            ],
            [
                [
                    0.7553701996803284,
                    -0.573868989944458,
                    -0.3163703680038452
                ],
                [
                    0.6537404656410217,
                    0.6266635060310364,
                    0.42416536808013916
                ],
                [
                    -0.045157600194215775,
                    -0.5272260308265686,
                    0.8485243320465088
                ]
            ],
            [
                [
                    0.8091385364532471,
                    -0.18594402074813843,
                    -0.557422399520874
                ],
                [
                    0.4090905487537384,
                    0.8592264652252197,
                    0.3072049021720886
                ],
                [
                    0.4218291640281677,
                    -0.4766075313091278,
                    0.7713012099266052
                ]
            ],
            [
                [
                    0.9853436350822449,
                    0.03741006925702095,
                    -0.1664288192987442
                ],
                [
                    -0.1517592966556549,
                    0.6377608180046082,
                    -0.7551358938217163
                ],
                [
                    0.07789212465286255,
                    0.7693253755569458,
                    0.6340909004211426
                ]
            ],
            [
                [
                    0.9494433999061584,
                    -0.30869966745376587,
                    -0.0571097806096077
                ],
                [
                    0.2771821916103363,
                    0.738882839679718,
                    0.6141841411590576
                ],
                [
                    -0.14740104973316193,
                    -0.5989630222320557,
                    0.787093460559845
                ]
            ],
            [
                [
                    0.97389817237854,
                    0.004367823712527752,
                    -0.22694316506385803
                ],
                [
                    -0.11900562793016434,
                    0.8612086772918701,
                    -0.49412262439727783
                ],
                [
                    0.1932872086763382,
                    0.5082326531410217,
                    0.8392493724822998
                ]
            ]
        ],
        "betas": [
            -0.0523989200592041,
            -0.042795151472091675,
            -0.0418018102645874,
            0.05166587233543396,
            -0.003584355115890503,
            -0.06283973902463913,
            -0.052270323038101196,
            -0.021230459213256836,
            -0.03141044080257416,
            -0.01202896237373352
        ]
    },
    "pred_cam_t": [
        -0.10064796358346939,
        -0.06220003589987755,
        4.419069766998291
    ],
    "focal_length": [
        5000.0,
        5000.0
    ],
    "pred_keypoints_3d": [
        [
            0.09593654423952103,
            0.006419808138161898,
            0.0061990609392523766
        ],
        [
            0.11445441097021103,
            0.03867277875542641,
            -0.0045094797387719154
        ],
        [
            0.12484613060951233,
            0.0676630511879921,
            -0.007437880150973797
        ],
        [
            0.1297767460346222,
            0.09438422322273254,
            -0.008476350456476212
        ],
        [
            0.13389421999454498,
            0.12967437505722046,
            -0.0028854478150606155
        ],
        [
            0.08074669539928436,
            0.09378323704004288,
            -0.013639588840305805
        ],
        [
            0.10199644416570663,
            0.11322233825922012,
            0.0026374151930212975
        ],
        [
            0.11689180135726929,
            0.09993550181388855,
            0.012518774718046188
        ],
        [
            0.1208580806851387,
            0.08150389045476913,
            0.0295830387622118
        ],
        [
            0.06015362590551376,
            0.09422103315591812,
            0.0009436849504709244
        ],
        [
            0.08563932776451111,
            0.10226497054100037,
            0.018152715638279915
        ],
        [
            0.10248924046754837,
            0.0901644378900528,
            0.02885443903505802
        ],
        [
            0.11115731298923492,
            0.0731707289814949,
            0.047491125762462616
        ],
        [
            0.051252759993076324,
            0.07874169945716858,
            0.020956482738256454
        ],
        [
            0.07310964912176132,
            0.09363744407892227,
            0.03261808678507805
        ],
        [
            0.08951476216316223,
            0.08352375775575638,
            0.04835614562034607
        ],
        [
            0.09396429359912872,
            0.0653177946805954,
            0.06716544926166534
        ],
        [
            0.04911006987094879,
            0.06567656993865967,
            0.03833634778857231
        ],
        [
            0.06029735505580902,
            0.08261889964342117,
            0.04441693425178528
        ],
        [
            0.07210569083690643,
            0.07920747995376587,
            0.058959588408470154
        ],
        [
            0.08083807677030563,
            0.06673511117696762,
            0.06712012737989426
        ]
    ],
    "pred_vertices": [
        [
            0.09951717406511307,
            0.06144168972969055,
            0.0013292580842971802
        ],
        [
            0.10392838716506958,
            0.05228111520409584,
            0.004318771883845329
        ],
        [
            0.10818035155534744,
            0.06175116077065468,
            0.002488868311047554
        ],
        [
            0.10397323966026306,
            0.06941600143909454,
            -0.0018301699310541153
        ],
        [
            0.12284059822559357,
            0.04821914806962013,
            0.011084547266364098
        ],
        [
            0.13219332695007324,
            0.04314477741718292,
            0.005597101524472237
        ],
        [
            0.1339166760444641,
            0.06001418083906174,
            0.0033382978290319443
        ],
        [
            0.12644629180431366,
            0.062436558306217194,
            0.00930553488433361
        ],
        [
            0.106634221971035,
            0.0760648101568222,
            -0.005749794654548168
        ],
        [
            0.1116136834025383,
            0.06981514394283295,
            0.0010401736944913864
        ],
        [
            0.10757392644882202,
            0.077243372797966,
            -0.0101039819419384
        ],
        [
            0.09870060533285141,
            0.08028986304998398,
            -0.020401284098625183
        ],
        [
            0.10033553838729858,
            0.08049441874027252,
            -0.013052389957010746
        ],
        [
            0.0921797826886177,
            0.08484742045402527,
            -0.023606909438967705
        ],
        [
            0.09581529349088669,
            0.07163579761981964,
            -0.027060680091381073
        ],
        [
            0.08360475301742554,
            0.08251465857028961,
            -0.027947111055254936
        ],
        [
            0.07277867197990417,
            0.05508917570114136,
            -0.01867489702999592
        ],
        [
            0.06500950455665588,
            0.049054548144340515,
            -0.009073927998542786
        ],
        [
            0.05614257976412773,
            0.0657973438501358,
            -0.009014344774186611
        ],
        [
            0.0657401978969574,
            0.07065387070178986,
            -0.018053827807307243
        ],
        [
            0.05138256400823593,
            0.053415697067976,
            0.007763818837702274
        ],
        [
            0.05378531664609909,
            0.060897793620824814,
            -0.001375473104417324
        ],
        [
            0.061330921947956085,
            0.04401199519634247,
            -0.0023918338119983673
        ],
        [
            0.05901381000876427,
            0.03824787586927414,
            0.005885696038603783
        ],
        [
            0.09213374555110931,
            0.049903154373168945,
            0.010100830346345901
        ],
        [
            0.09635435044765472,
            0.04018588364124298,
            0.012294967658817768
        ],
        [
            0.0985850989818573,
            0.04377710074186325,
            0.008197171613574028
        ],
        [
            0.09489176422357559,
            0.053060680627822876,
            0.006349805276840925
        ],
        [
            0.1164880245923996,
            0.07727161049842834,
            -0.014806220307946205
        ],
        [
            0.11229494959115982,
            0.06753936409950256,
            -0.021716222167015076
        ],
        [
            0.10795237123966217,
            0.07326258718967438,
            -0.017860013991594315
        ],
        [
            0.1154741421341896,
            0.07942762970924377,
            -0.009667297825217247
        ],
        [
            0.10539630055427551,
            0.016267158091068268,
            0.02640100196003914
        ],
        [
            0.10733380913734436,
            0.003652520477771759,
            0.02167234569787979
        ],
        [
            0.11053487658500671,
            0.0052190497517585754,
            0.016963807865977287
        ],
        [
            0.10766367614269257,
            0.016332514584064484,
            0.022000068798661232
        ],
        [
            0.12482030689716339,
            0.019246451556682587,
            0.005732562392950058
        ],
        [
            0.12132319808006287,
            0.009076908230781555,
            0.0028426330536603928
        ],
        [
            0.12337344884872437,
            0.003911755979061127,
            -0.009733075276017189
        ],
        [
            0.12553369998931885,
            0.014419838786125183,
            -0.010066998191177845
        ],
        [
            0.1290283054113388,
            0.031443022191524506,
            0.006329545751214027
        ],
        [
            0.13152872025966644,
            0.026811368763446808,
            -0.006617628037929535
        ],
        [
            0.13483768701553345,
            0.04002922773361206,
            -0.0051781777292490005
        ],
        [
            0.13584868609905243,
            0.057625964283943176,
            -0.005592246539890766
        ],
        [
            0.09831447899341583,
            -0.0007145553827285767,
            0.029740989208221436
        ],
        [
            0.09599229693412781,
            0.007933609187602997,
            0.03481268882751465
        ],
        [
            0.10608278959989548,
            0.09969069063663483,
            -0.002164004370570183
        ],
        [
            0.10348930954933167,
            0.0980256199836731,
            0.003233729861676693
        ],
        [
            0.10216925293207169,
            0.097404845058918,
            0.0016233352944254875
        ],
        [
            0.10468423366546631,
            0.09944553673267365,
            -0.003278161399066448
        ],
        [
            0.07805048674345016,
            -0.0014743879437446594,
            0.02874218113720417
        ],
        [
            0.07158015668392181,
            -0.0031640827655792236,
            0.021161912009119987
        ],
        [
            0.07479071617126465,
            -0.009569190442562103,
            0.022623175755143166
        ],
        [
            0.0821569561958313,
            -0.007860898971557617,
            0.028272122144699097
        ],
        [
            0.07264506816864014,
            0.006961099803447723,
            0.029332663863897324
        ],
        [
            0.06776741147041321,
            0.0060525014996528625,
            0.01915513165295124
        ],
        [
            0.1088087260723114,
            0.11243672668933868,
            -0.0018737232312560081
        ],
        [
            0.1096431314945221,
            0.10771410167217255,
            -0.004196253605186939
        ],
        [
            0.10602628439664841,
            0.10917142778635025,
            -0.006306788884103298
        ],
        [
            0.10375040024518967,
            0.11354080587625504,
            -0.004057031124830246
        ],
        [
            0.0997128114104271,
            0.07670480757951736,
            -0.006249377503991127
        ],
        [
            0.09625670313835144,
            0.07038794457912445,
            -0.00011140760034322739
        ],
        [
            0.0892917588353157,
            0.08773600310087204,
            -0.007990212179720402
        ],
        [
            0.09122763574123383,
            0.08226870745420456,
            -0.004563264548778534
        ],
        [
            0.09477627277374268,
            0.08308244496583939,
            -0.010433737188577652
        ],
        [
            0.0924590602517128,
            0.08770310133695602,
            -0.01303006149828434
        ],
        [
            0.07990629225969315,
            0.06887068599462509,
            0.011175217106938362
        ],
        [
            0.0849573165178299,
            0.05846114084124565,
            0.011363623663783073
        ],
        [
            0.08773261308670044,
            0.06245822086930275,
            0.006801621522754431
        ],
        [
            0.0837923064827919,
            0.07453765720129013,
            0.005915925372391939
        ],
        [
            0.07966834306716919,
            0.052703287452459335,
            0.023290039971470833
        ],
        [
            0.07476916909217834,
            0.06319642066955566,
            0.021780025213956833
        ],
        [
            0.07219492644071579,
            0.05853625759482384,
            0.02867099642753601
        ],
        [
            0.07686819136142731,
            0.05230511724948883,
            0.02921811118721962
        ],
        [
            0.06729567050933838,
            0.08122832328081131,
            0.016123391687870026
        ],
        [
            0.06460276991128922,
            0.08415984362363815,
            0.013955982401967049
        ],
        [
            0.06521875411272049,
            0.08184806257486343,
            0.017830202355980873
        ],
        [
            0.06653589010238647,
            0.07873542606830597,
            0.01908840425312519
        ],
        [
            0.07754206657409668,
            -0.016146540641784668,
            0.023006191477179527
        ],
        [
            0.08628552407026291,
            -0.013783566653728485,
            0.026894034817814827
        ],
        [
            0.04779979586601257,
            0.04248347133398056,
            0.026819439604878426
        ],
        [
            0.052605364471673965,
            0.037386704236269,
            0.036000922322273254
        ],
        [
            0.04500140994787216,
            0.04962450638413429,
            0.03857090324163437
        ],
        [
            0.04091114178299904,
            0.05203742906451225,
            0.02742057479918003
        ],
        [
            0.06954541802406311,
            -0.001468457281589508,
            0.011082705110311508
        ],
        [
            0.07080724090337753,
            -0.008896052837371826,
            0.01336251012980938
        ],
        [
            0.10596004873514175,
            0.11534722149372101,
            0.003214648924767971
        ],
        [
            0.10099916160106659,
            0.11609334498643875,
            0.0011404091492295265
        ],
        [
            0.12895646691322327,
            0.03590059280395508,
            -0.01748957857489586
        ],
        [
            0.13291196525096893,
            0.056204911321401596,
            -0.014710623770952225
        ],
        [
            0.12345725297927856,
            0.02064935863018036,
            -0.01881220191717148
        ],
        [
            0.11837106198072433,
            0.010376811027526855,
            -0.019239358603954315
        ],
        [
            0.11697366088628769,
            0.0014219880104064941,
            -0.019801942631602287
        ],
        [
            0.08601690828800201,
            0.08356830477714539,
            -0.0003888765349984169
        ],
        [
            0.09300734102725983,
            0.06254889816045761,
            0.0039766766130924225
        ],
        [
            0.08990629017353058,
            0.0474562793970108,
            0.014038251712918282
        ],
        [
            0.07702141255140305,
            0.03951235115528107,
            0.04126230627298355
        ],
        [
            0.08236467838287354,
            0.030458159744739532,
            0.04138907790184021
        ],
        [
            0.08662454783916473,
            0.037536174058914185,
            0.034317076206207275
        ],
        [
            0.08064788579940796,
            0.043814294040203094,
            0.035286009311676025
        ],
        [
            0.05914131924510002,
            0.03933260589838028,
            0.04330119118094444
        ],
        [
            0.06585484743118286,
            0.04429075866937637,
            0.043823324143886566
        ],
        [
            0.060278259217739105,
            0.05144907161593437,
            0.04398950934410095
        ],
        [
            0.05241159349679947,
            0.048815544694662094,
            0.044053904712200165
        ],
        [
            0.12220920622348785,
            0.07551395148038864,
            -0.019409898668527603
        ],
        [
            0.11774523556232452,
            0.06273874640464783,
            -0.02409185841679573
        ],
        [
            0.08692476898431778,
            0.0016519874334335327,
            0.03369031846523285
        ],
        [
            0.0913282185792923,
            -0.004170551896095276,
            0.03078131005167961
        ],
        [
            0.09377391636371613,
            -0.011849910020828247,
            0.02783855050802231
        ],
        [
            0.1021573394536972,
            0.028628826141357422,
            0.018903914839029312
        ],
        [
            0.10938932001590729,
            0.016419656574726105,
            0.019040916115045547
        ],
        [
            0.11195860058069229,
            0.018625296652317047,
            0.01621558517217636
        ],
        [
            0.10276305675506592,
            0.029781468212604523,
            0.01583467610180378
        ],
        [
            0.10954327136278152,
            0.04372537508606911,
            0.010000895708799362
        ],
        [
            0.11852079629898071,
            0.034027099609375,
            0.012633036822080612
        ],
        [
            0.11322009563446045,
            0.05541712045669556,
            0.009451113641262054
        ],
        [
            0.11555679142475128,
            0.005749993026256561,
            0.010567227378487587
        ],
        [
            0.11398673802614212,
            -0.004325971007347107,
            0.014838650822639465
        ],
        [
            0.1184501200914383,
            -0.002720445394515991,
            0.007283374667167664
        ],
        [
            0.10742512345314026,
            -0.007263652980327606,
            0.021539609879255295
        ],
        [
            0.10042943805456161,
            -0.009874805808067322,
            0.02643781155347824
        ],
        [
            0.07067359983921051,
            -0.01744396984577179,
            0.013254262506961823
        ],
        [
            0.1210913136601448,
            -0.0007706210017204285,
            -0.0004527289420366287
        ],
        [
            0.12871608138084412,
            0.07150427997112274,
            0.005597730167210102
        ],
        [
            0.13102708756923676,
            0.07920655608177185,
            0.0021003736183047295
        ],
        [
            0.12350909411907196,
            0.08038465678691864,
            0.002390380948781967
        ],
        [
            0.12074783444404602,
            0.07351398468017578,
            0.005186224356293678
        ],
        [
            0.08781041204929352,
            0.09148073196411133,
            -0.02309597097337246
        ],
        [
            0.09229908883571625,
            0.08975480496883392,
            -0.01821279339492321
        ],
        [
            0.09634669870138168,
            0.08397254347801208,
            -0.01762816123664379
        ],
        [
            0.09835875034332275,
            0.024352602660655975,
            0.030941925942897797
        ],
        [
            0.09079723060131073,
            0.016926266252994537,
            0.038065388798713684
        ],
        [
            0.08523719012737274,
            0.08872974663972855,
            -0.0038132958579808474
        ],
        [
            0.09955165535211563,
            0.11312995851039886,
            -0.006835229694843292
        ],
        [
            0.10268169641494751,
            0.10860033333301544,
            -0.00944443978369236
        ],
        [
            0.0912904366850853,
            0.09796455502510071,
            -0.019721103832125664
        ],
        [
            0.08662877231836319,
            0.10329481959342957,
            -0.017640629783272743
        ],
        [
            0.0807352066040039,
            0.09252070635557175,
            -0.001676861778832972
        ],
        [
            0.08632992953062057,
            0.08839075267314911,
            -0.003922801464796066
        ],
        [
            0.08713382482528687,
            0.0886714905500412,
            -0.0031442397739738226
        ],
        [
            0.08419965207576752,
            0.09274856001138687,
            0.0016093538142740726
        ],
        [
            0.06268719583749771,
            0.07622820883989334,
            0.02499736100435257
        ],
        [
            0.06419646739959717,
            0.0733402818441391,
            0.02582409977912903
        ],
        [
            0.06269670277833939,
            0.0863884836435318,
            -0.012753207236528397
        ],
        [
            0.0694347396492958,
            0.08933014422655106,
            -0.024982232600450516
        ],
        [
            0.07426657527685165,
            0.07555492222309113,
            -0.026969969272613525
        ],
        [
            0.07709723711013794,
            0.06486746668815613,
            0.016882602125406265
        ],
        [
            0.07212790101766586,
            0.07378479838371277,
            0.017277859151363373
        ],
        [
            0.07037557661533356,
            0.07172133028507233,
            0.020508350804448128
        ],
        [
            0.08254590630531311,
            0.08553120493888855,
            0.001670108176767826
        ],
        [
            0.08055857568979263,
            0.09039104729890823,
            -0.0002095922827720642
        ],
        [
            0.07776618003845215,
            0.08848351240158081,
            0.0025638090446591377
        ],
        [
            0.08027646690607071,
            0.08249808847904205,
            0.005081433802843094
        ],
        [
            0.059243470430374146,
            0.02563498169183731,
            0.03347039595246315
        ],
        [
            0.06653439253568649,
            0.028132624924182892,
            0.042389966547489166
        ],
        [
            0.10843516141176224,
            0.10314838588237762,
            -0.004537366330623627
        ],
        [
            0.106239914894104,
            0.10379824042320251,
            -0.006167888641357422
        ],
        [
            0.0821642354130745,
            0.054760757833719254,
            0.01696961373090744
        ],
        [
            0.08136927336454391,
            0.06104123219847679,
            -0.024653812870383263
        ],
        [
            0.08780331909656525,
            0.04503891244530678,
            0.01854490488767624
        ],
        [
            0.046699248254299164,
            0.07065282016992569,
            0.022082071751356125
        ],
        [
            0.0508379191160202,
            0.07185625284910202,
            0.029384439811110497
        ],
        [
            0.05342980846762657,
            0.07577797025442123,
            0.03108675591647625
        ],
        [
            0.050475891679525375,
            0.07766465097665787,
            0.02657768502831459
        ],
        [
            0.0934891402721405,
            0.10081367939710617,
            0.00874350406229496
        ],
        [
            0.0977129265666008,
            0.09715133160352707,
            0.006256885826587677
        ],
        [
            0.09880637377500534,
            0.09833474457263947,
            0.00691094808280468
        ],
        [
            0.09618453681468964,
            0.10260646045207977,
            0.010450983420014381
        ],
        [
            0.08965329825878143,
            0.08676673471927643,
            -0.008427525870501995
        ],
        [
            0.09195292741060257,
            0.08835135400295258,
            -0.013482999056577682
        ],
        [
            0.09420614689588547,
            0.08828853070735931,
            -0.012341533787548542
        ],
        [
            0.09111083298921585,
            0.0878954604268074,
            -0.006848667748272419
        ],
        [
            0.09154985845088959,
            0.09060899168252945,
            -0.019013773649930954
        ],
        [
            0.0938156470656395,
            0.0922466441988945,
            -0.01769738271832466
        ],
        [
            0.09126683324575424,
            0.10699943453073502,
            0.008465255610644817
        ],
        [
            0.09279286116361618,
            0.11330559849739075,
            0.004082992672920227
        ],
        [
            0.07895731180906296,
            0.10406959056854248,
            -0.004744772799313068
        ],
        [
            0.08131331205368042,
            0.09989593178033829,
            0.00169850152451545
        ],
        [
            0.06452564895153046,
            0.02391311526298523,
            0.003339601680636406
        ],
        [
            0.06206747889518738,
            0.019772745668888092,
            0.013462383300065994
        ],
        [
            0.05618327111005783,
            0.03383892774581909,
            0.01618725061416626
        ],
        [
            0.048540327697992325,
            0.04768873378634453,
            0.01872674748301506
        ],
        [
            0.042987603694200516,
            0.06147546321153641,
            0.02033291943371296
        ],
        [
            0.04452165588736534,
            0.06634458154439926,
            0.009289327077567577
        ],
        [
            0.05563211441040039,
            0.02967819944024086,
            0.0234677754342556
        ],
        [
            0.06896819174289703,
            0.090938039124012,
            -0.005602257326245308
        ],
        [
            0.0700354054570198,
            0.09580759704113007,
            -0.01069345697760582
        ],
        [
            0.06492524594068527,
            0.09120981395244598,
            -0.008508835919201374
        ],
        [
            0.08575330674648285,
            0.04311327263712883,
            0.025517407804727554
        ],
        [
            0.10446695983409882,
            0.10328340530395508,
            -0.008875141851603985
        ],
        [
            0.09520778059959412,
            0.005003474652767181,
            -0.022759735584259033
        ],
        [
            0.08408290892839432,
            0.0011717230081558228,
            -0.016075072810053825
        ],
        [
            0.08345372974872589,
            0.009969525039196014,
            -0.016652673482894897
        ],
        [
            0.09659364074468613,
            0.014551103115081787,
            -0.02352142706513405
        ],
        [
            0.10232886672019958,
            0.09605679661035538,
            0.0007358742877840996
        ],
        [
            0.10450155287981033,
            0.09798362851142883,
            -0.005176885984838009
        ],
        [
            0.06169557943940163,
            0.07190486788749695,
            0.031961873173713684
        ],
        [
            0.06064111739397049,
            0.07541859894990921,
            0.0304881501942873
        ],
        [
            0.05913389101624489,
            0.07494441419839859,
            0.032312747091054916
        ],
        [
            0.0588085912168026,
            0.07274597883224487,
            0.03645207732915878
        ],
        [
            0.062156375497579575,
            0.01668572425842285,
            0.01867865025997162
        ],
        [
            0.04532311484217644,
            0.06040087714791298,
            0.0415528379380703
        ],
        [
            0.04111096262931824,
            0.06117946654558182,
            0.03073870949447155
        ],
        [
            0.06703846901655197,
            0.007788762450218201,
            0.010636833496391773
        ],
        [
            0.06870728731155396,
            0.011051058769226074,
            0.0015312228351831436
        ],
        [
            0.07128848880529404,
            0.0016167312860488892,
            0.0006764167919754982
        ],
        [
            0.05095967277884483,
            0.07754116505384445,
            0.0022761747241020203
        ],
        [
            0.06645815819501877,
            0.02913673222064972,
            -0.003399474546313286
        ],
        [
            0.07117525488138199,
            0.015244342386722565,
            -0.004441861528903246
        ],
        [
            0.07439985126256943,
            0.004158668220043182,
            -0.00570899760350585
        ],
        [
            0.07579101622104645,
            -0.004092082381248474,
            -0.006443842779844999
        ],
        [
            0.07234710454940796,
            -0.0060064420104026794,
            0.0007157381623983383
        ],
        [
            0.0959990993142128,
            0.11457778513431549,
            -0.0015094876289367676
        ],
        [
            0.09781208634376526,
            0.11501141637563705,
            0.007851162925362587
        ],
        [
            0.07211524248123169,
            -0.01509992778301239,
            0.00016265083104372025
        ],
        [
            0.07656402140855789,
            -0.01242145150899887,
            -0.007572849281132221
        ],
        [
            0.0754571408033371,
            0.0197058767080307,
            -0.011353852227330208
        ],
        [
            0.08212337642908096,
            0.025218889117240906,
            -0.018910201266407967
        ],
        [
            0.07088568806648254,
            0.03303367644548416,
            -0.009968985803425312
        ],
        [
            0.07681462913751602,
            0.03956121951341629,
            -0.01754596270620823
        ],
        [
            0.05091607943177223,
            0.07972963154315948,
            -0.009104117751121521
        ],
        [
            0.11155689507722855,
            0.10680370032787323,
            0.017390765249729156
        ],
        [
            0.10134926438331604,
            0.10952749848365784,
            0.013579195365309715
        ],
        [
            0.0998971164226532,
            0.10385347902774811,
            0.0125436345115304
        ],
        [
            0.10884784162044525,
            0.10330162197351456,
            0.017402837052941322
        ],
        [
            0.0956486165523529,
            0.10848403722047806,
            0.011106177233159542
        ],
        [
            0.10302038490772247,
            0.1139981597661972,
            0.010143190622329712
        ],
        [
            0.08854351937770844,
            0.046375568956136703,
            -0.024471448734402657
        ],
        [
            0.0743129625916481,
            0.09086684882640839,
            -0.0006098086014389992
        ],
        [
            0.09823077917098999,
            0.03173474967479706,
            -0.025186937302350998
        ],
        [
            0.10055245459079742,
            0.058589670807123184,
            -0.028784804046154022
        ],
        [
            0.10948620736598969,
            0.048284221440553665,
            -0.027574947103857994
        ],
        [
            0.10998575389385223,
            0.018014609813690186,
            -0.025477513670921326
        ],
        [
            0.11761492490768433,
            0.033827945590019226,
            -0.02617255598306656
        ],
        [
            0.10671405494213104,
            -0.00012969970703125,
            -0.02388298138976097
        ],
        [
            0.10669250786304474,
            0.008761323988437653,
            -0.02435353957116604
        ],
        [
            0.1238829493522644,
            0.049946315586566925,
            -0.02357345260679722
        ],
        [
            0.1107340157032013,
            0.09612575173377991,
