{
    "pred_cam": [
        8.830293655395508,
        -0.1060604527592659,
        -0.05871926620602608
    ],
    "pred_mano_params": {
        "global_orient": [
            [
                [
                    0.3768191635608673,
                    -0.6230401992797852,
                    0.6854401230812073
                ],
                [
                    -0.922681450843811,
                    -0.3176957070827484,
                    0.21846818923950195
                ],
                [
                    0.08164692670106888,
                    -0.7147659063339233,
                    -0.6945814490318298
                ]
            ]
        ],
        "hand_pose": [
            [
                [
                    0.13948370516300201,
                    -0.9882524013519287,
                    -0.06246165186166763
                ],
                [
                    0.9709144830703735,
                    0.12409516423940659,
                    0.204756960272789
                ],
                [
                    -0.19460037350654602,
                    -0.08920519798994064,
                    0.9768178462982178
                ]
            ],
            [
                [
                    0.4119046926498413,
                    -0.8678291440010071,
                    0.27786171436309814
                ],
                [
                    0.9065732955932617,
                    0.35950571298599243,
                    -0.22108925879001617
                ],
                [
                    0.09197481721639633,
                    0.34296971559524536,
                    0.9348328113555908
                ]
            ],
            [
                [
                    0.8209006190299988,
                    -0.3962547481060028,
                    -0.41122275590896606
                ],
                [
                    0.46314045786857605,
                    0.8832356929779053,
                    0.0734538733959198
                ],
                [
                    0.33410021662712097,
                    -0.2507522404193878,
                    0.9085703492164612
                ]
            ],
            [
                [
                    -0.13236580789089203,
                    -0.9634237289428711,
                    -0.2330106943845749
                ],
                [
                    0.9030621647834778,
                    -0.21412330865859985,
                    0.37233033776283264
                ],
                [
                    -0.4086049199104309,
                    -0.1611393541097641,
                    0.8983741402626038
                ]
            ],
            [
                [
                    0.7858953475952148,
                    -0.5242571234703064,
                    -0.327906996011734
                ],
                [
                    0.5871309041976929,
                    0.799037516117096,
                    0.1296779364347458
                ],
                [
                    0.1940254122018814,
                    -0.29443758726119995,
                    0.935767412185669
                ]
            ],
            [
                [
                    0.8871808052062988,
                    -0.08761053532361984,
                    -0.4530283212661743
                ],
                [
                    0.1844116449356079,
                    0.9673112630844116,
                    0.17407259345054626
                ],
                [
                    0.4229688048362732,
                    -0.2379775494337082,
                    0.8743363618850708
                ]
            ],
            [
                [
                    0.1642274111509323,
                    -0.7997201085090637,
                    0.5774748921394348
                ],
                [
                    0.656199038028717,
                    0.5256704092025757,
                    0.5413626432418823
                ],
                [
                    -0.7364999651908875,
                    0.29003188014030457,
                    0.6111050844192505
                ]
            ],
            [
                [
                    0.7072221040725708,
                    -0.5903586745262146,
                    -0.38899052143096924
                ],
                [
                    0.6963014602661133,
                    0.48630356788635254,
                    0.5278950929641724
                ],
                [
                    -0.12247999012470245,
                    -0.6441936492919922,
                    0.7549922466278076
                ]
            ],
            [
                [
                    0.7686044573783875,
                    -0.6320942044258118,
                    0.09850924462080002
                ],
                [
                    0.6174211502075195,
                    0.7732661962509155,
                    0.14439699053764343
                ],
                [
                    -0.16744637489318848,
                    -0.05016247555613518,
                    0.9846041798591614
                ]
            ],
            [
                [
                    0.028878888115286827,
                    -0.9426732063293457,
                    0.33246541023254395
                ],
                [
                    0.8908920884132385,
                    0.17510433495044708,
                    0.41910606622695923
                ],
                [
                    -0.4532962143421173,
                    0.2840874493122101,
                    0.8448768854141235
                ]
            ],
            [
                [
                    0.7881662845611572,
                    -0.549992561340332,
                    -0.2762281596660614
                ],
                [
                    0.6119719743728638,
                    0.6526004672050476,
                    0.4467694163322449
                ],
                [
                    -0.06545323878526688,
                    -0.5211725234985352,
                    0.8509377241134644
                ]
            ],
            [
                [
                    0.8087325096130371,
                    -0.22633667290210724,
                    -0.542884349822998
                ],
                [
                    0.4236660599708557,
                    0.8644086718559265,
                    0.2707485854625702
                ],
                [
                    0.4079935848712921,
                    -0.4489648640155792,
                    0.7949665784835815
                ]
            ],
            [
                [
                    0.988628625869751,
                    0.08613529056310654,
                    -0.12326450645923615
                ],
                [
                    -0.14887700974941254,
                    0.6761404275894165,
                    -0.7215744853019714
                ],
                [
                    0.02119109034538269,
                    0.7317204475402832,
                    0.6812753677368164
                ]
            ],
            [
                [
                    0.9512932300567627,
                    -0.30750778317451477,
                    -0.021914716809988022
                ],
                [
                    0.2564741373062134,
                    0.7499647736549377,
                    0.6097326278686523
                ],
                [
                    -0.17106223106384277,
                    -0.5856550335884094,
                    0.7923042178153992
                ]
            ],
            [
                [
                    0.9655715823173523,
                    -0.09823821485042572,
                    -0.24087493121623993
                ],
                [
                    -0.06589022278785706,
                    0.8033984303474426,
                    -0.5917849540710449
                ],
                [
                    0.2516544461250305,
                    0.5872820615768433,
                    0.7692657709121704
                ]
            ]
        ],
        "betas": [
            -0.04351836442947388,
            -0.03375193476676941,
            -0.04151466488838196,
            0.03679761290550232,
            -0.02115178108215332,
            -0.05038636177778244,
            -0.028374940156936646,
            -0.04094040393829346,
            -0.057837873697280884,
            -0.02578955888748169
        ]
    },
    "pred_cam_t": [
        -0.1060604527592659,
        -0.05871926620602608,
        4.423692226409912
    ],
    "focal_length": [
        5000.0,
        5000.0
    ],
    "pred_keypoints_3d": [
        [
            0.09590771794319153,
            0.00641251727938652,
            0.006198280490934849
        ],
        [
            0.11429443955421448,
            0.039296865463256836,
            -0.0025670845061540604
        ],
        [
            0.12565085291862488,
            0.0678294450044632,
            -0.006070987321436405
        ],
        [
            0.1321680247783661,
            0.09414558112621307,
            -0.007997119799256325
        ],
        [
            0.13743725419044495,
            0.1282649040222168,
            0.001127469353377819
        ],
        [
            0.08005648851394653,
            0.09405970573425293,
            -0.011660437099635601
        ],
        [
            0.10160790383815765,
            0.11367040872573853,
            0.003985314629971981
        ],
        [
            0.11629445850849152,
            0.09943840652704239,
            0.012763450853526592
        ],
        [
            0.12073473632335663,
            0.07953813672065735,
            0.02774137817323208
        ],
        [
            0.05876249074935913,
            0.09368211030960083,
            0.0018758149817585945
        ],
        [
            0.08434800058603287,
            0.10169728845357895,
            0.01893569529056549
        ],
        [
            0.10150358825922012,
            0.0896768569946289,
            0.029202183708548546
        ],
        [
            0.11126740276813507,
            0.07226788252592087,
            0.04676644504070282
        ],
        [
            0.049196671694517136,
            0.07742998003959656,
            0.02093641087412834
        ],
        [
            0.07061652094125748,
            0.09217900782823563,
            0.033561162650585175
        ],
        [
            0.08722824603319168,
            0.0829443708062172,
            0.04960915818810463
        ],
        [
            0.09252986311912537,
            0.06523442268371582,
            0.0685945600271225
        ],
        [
            0.04646337404847145,
            0.06377623230218887,
            0.03777008503675461
        ],
        [
            0.0572347417473793,
            0.07987269759178162,
            0.04630713164806366
        ],
        [
            0.06870638579130173,
            0.07581359893083572,
            0.06091805547475815
        ],
        [
            0.0777050256729126,
            0.06378498673439026,
            0.06976433843374252
        ]
    ],
    "pred_vertices": [
        [
            0.09884808957576752,
            0.061786212027072906,
            0.003118344582617283
        ],
        [
            0.10342992842197418,
            0.0529065877199173,
            0.006017254665493965
        ],
        [
            0.10807456821203232,
            0.06261704862117767,
            0.004192980006337166
        ],
        [
            0.1035538986325264,
            0.07002689689397812,
            0.00018256530165672302
        ],
        [
            0.12254120409488678,
            0.0488506555557251,
            0.012931359931826591
        ],
        [
            0.1319478452205658,
            0.043576955795288086,
            0.0077994223684072495
        ],
        [
            0.13416600227355957,
            0.06027461960911751,
            0.005259420722723007
        ],
        [
            0.12662847340106964,
            0.06306543201208115,
            0.010850176215171814
        ],
        [
            0.10664048045873642,
            0.07690391689538956,
            -0.003848981112241745
        ],
        [
            0.11178813874721527,
            0.0707777887582779,
            0.002644108608365059
        ],
        [
            0.10817331075668335,
            0.07821504771709442,
            -0.008727550506591797
        ],
        [
            0.09906371682882309,
            0.0811232179403305,
            -0.018522631376981735
        ],
        [
            0.10020720213651657,
            0.08120479434728622,
            -0.010906439274549484
        ],
        [
            0.09229995310306549,
            0.08558842539787292,
            -0.021574808284640312
        ],
        [
            0.09653041511774063,
            0.0724906176328659,
            -0.025489363819360733
        ],
        [
            0.08392680436372757,
            0.08320654183626175,
            -0.02630707621574402
        ],
        [
            0.07307487726211548,
            0.05540324002504349,
            -0.01827274262905121
        ],
        [
            0.06496113538742065,
            0.048962462693452835,
            -0.009264003485441208
        ],
        [
            0.055772121995687485,
            0.06552882492542267,
            -0.00911400280892849
        ],
        [
            0.06571873277425766,
            0.07082433998584747,
            -0.017489900812506676
        ],
        [
            0.050432562828063965,
            0.052570145577192307,
            0.0070000262930989265
        ],
        [
            0.053142283111810684,
            0.060358766466379166,
            -0.0017649056389927864
        ],
        [
            0.061054885387420654,
            0.04365285858511925,
            -0.002928321249783039
        ],
        [
            0.05844457447528839,
            0.03759511560201645,
            0.005039612762629986
        ],
        [
            0.0911000519990921,
            0.04970671236515045,
            0.011252613738179207
        ],
        [
            0.0953623354434967,
            0.04008414223790169,
            0.01341746374964714
        ],
        [
            0.0977606326341629,
            0.04399043321609497,
            0.009583011269569397
        ],
        [
            0.0940018817782402,
            0.05308181047439575,
            0.007744419854134321
        ],
        [
            0.1178949773311615,
            0.07767771184444427,
            -0.013931582681834698
        ],
        [
            0.11326389014720917,
            0.0682189017534256,
            -0.020167984068393707
        ],
        [
            0.10883821547031403,
            0.0741003230214119,
            -0.01650148257613182
        ],
        [
            0.11677978932857513,
            0.08006688207387924,
            -0.008947640657424927
        ],
        [
            0.10416543483734131,
            0.015798836946487427,
            0.027134327217936516
        ],
        [
            0.1065841019153595,
            0.003378458321094513,
            0.022114992141723633
        ],
        [
            0.10997264087200165,
            0.005160689353942871,
            0.017636917531490326
        ],
        [
            0.10660582780838013,
            0.016073472797870636,
            0.0228879451751709
        ],
        [
            0.12449294328689575,
            0.01972397416830063,
            0.007436033338308334
        ],
        [
            0.12126755714416504,
            0.009607695043087006,
            0.004202567972242832
        ],
        [
            0.12404091656208038,
            0.004788219928741455,
            -0.008481967262923717
        ],
        [
            0.12595266103744507,
            0.015187688171863556,
            -0.008503883145749569
        ],
        [
            0.12863081693649292,
            0.03187777101993561,
            0.008376076817512512
        ],
        [
            0.1316213607788086,
            0.02735268324613571,
            -0.004559144377708435
        ],
        [
            0.1348545402288437,
            0.04026493430137634,
            -0.0028579067438840866
        ],
        [
            0.13627833127975464,
            0.05746064335107803,
            -0.0035545900464057922
        ],
        [
            0.09727488458156586,
            -0.001408219337463379,
            0.02959187515079975
        ],
        [
            0.09453126788139343,
            0.007026404142379761,
            0.03481091931462288
        ],
        [
            0.10490541160106659,
            0.09982498735189438,
            -0.0013261567801237106
        ],
        [
            0.1025194302201271,
            0.09815573692321777,
            0.004197319038212299
        ],
        [
            0.10143214464187622,
            0.09767699986696243,
            0.002723677083849907
        ],
        [
            0.10368147492408752,
            0.09972590953111649,
            -0.002257983200252056
        ],
        [
            0.07709752023220062,
            -0.0025025680661201477,
            0.02758016809821129
        ],
        [
            0.07104627788066864,
            -0.004062555730342865,
            0.01963941380381584
        ],
        [
            0.074312224984169,
            -0.010449349880218506,
            0.021055301651358604
        ],
        [
            0.08135386556386948,
            -0.008791930973529816,
            0.02711069956421852
        ],
        [
            0.07148975133895874,
            0.005799554288387299,
            0.028171204030513763
        ],
        [
            0.06714725494384766,
            0.005136460065841675,
            0.01773826777935028
        ],
        [
            0.10792835801839828,
            0.11253158748149872,
            -0.0009870156645774841
        ],
        [
            0.10854488611221313,
            0.1078018993139267,
            -0.003413638100028038
        ],
        [
            0.1049637645483017,
            0.10939352214336395,
            -0.005268084816634655
        ],
        [
            0.10283318907022476,
            0.11374588310718536,
            -0.002896594814956188
        ],
        [
            0.09913724660873413,
            0.07718193531036377,
            -0.004036916419863701
        ],
        [
            0.09540332853794098,
            0.07059255242347717,
            0.0018379101529717445
        ],
        [
            0.08837784826755524,
            0.08797452598810196,
            -0.005809945520013571
        ],
        [
            0.09030129015445709,
            0.08246054500341415,
            -0.0024254904128611088
        ],
        [
            0.0941249281167984,
            0.08352233469486237,
            -0.008126888424158096
        ],
        [
            0.09169589728116989,
            0.08813493698835373,
            -0.010734481737017632
        ],
        [
            0.07847084850072861,
            0.0683738961815834,
            0.012287747114896774
        ],
        [
            0.08370667695999146,
            0.058060336858034134,
            0.012410733848810196
        ],
        [
            0.0866289958357811,
            0.0622548945248127,
            0.008117561228573322
        ],
        [
            0.08249987661838531,
            0.07426785677671432,
            0.00740940822288394
        ],
        [
            0.07794525474309921,
            0.05182754993438721,
            0.02386995404958725
        ],
        [
            0.07292892038822174,
            0.06226930394768715,
            0.022437717765569687
        ],
        [
            0.07010813802480698,
            0.05732959881424904,
            0.02903112582862377
        ],
        [
            0.07486514747142792,
            0.05118204653263092,
            0.029628606513142586
        ],
        [
            0.0653904527425766,
            0.08031705021858215,
            0.01708589680492878
        ],
        [
            0.06281694024801254,
            0.0832415223121643,
            0.014875490218400955
        ],
        [
            0.06319922208786011,
            0.08067293465137482,
            0.018689440563321114
        ],
        [
            0.06452639400959015,
            0.0776965394616127,
            0.019898053258657455
        ],
        [
            0.07716833055019379,
            -0.01698453724384308,
            0.02137058600783348
        ],
        [
            0.08565908670425415,
            -0.014592938125133514,
            0.02575892210006714
        ],
        [
            0.046057622879743576,
            0.04095233976840973,
            0.02550165355205536
        ],
        [
            0.05052829533815384,
            0.03562984988093376,
            0.0347229540348053
        ],
        [
            0.04257677495479584,
            0.04759423807263374,
            0.037272725254297256
        ],
        [
            0.038902610540390015,
            0.05038219317793846,
            0.02602762170135975
        ],
        [
            0.06947851181030273,
            -0.0020853057503700256,
            0.00953606516122818
        ],
        [
            0.07077863812446594,
            -0.00955372303724289,
            0.011641718447208405
        ],
        [
            0.10536718368530273,
            0.1154894232749939,
            0.004274833016097546
        ],
        [
            0.10033062100410461,
            0.11629615724086761,
            0.0024147992953658104
        ],
        [
            0.12934941053390503,
            0.036244526505470276,
            -0.015329310670495033
        ],
        [
            0.13354797661304474,
            0.05595826357603073,
            -0.012698765844106674
        ],
        [
            0.12403544783592224,
            0.021372556686401367,
            -0.017045872285962105
        ],
        [
            0.11924872547388077,
            0.011274509131908417,
            -0.017946314066648483
        ],
        [
            0.11816267669200897,
            0.0024502351880073547,
            -0.018865613266825676
        ],
        [
            0.08486732840538025,
            0.08352698385715485,
            0.0015862621366977692
        ],
        [
            0.09205743670463562,
            0.06255629658699036,
            0.0055548506788909435
        ],
        [
            0.08872812986373901,
            0.047077953815460205,
            0.014991572126746178
        ],
        [
            0.074663445353508,
            0.03801635652780533,
            0.041266731917858124
        ],
        [
            0.08015989512205124,
            0.02907232940196991,
            0.0413910411298275
        ],
        [
            0.08463703840970993,
            0.03644780069589615,
            0.034757211804389954
        ],
        [
            0.07850225269794464,
            0.042573172599077225,
            0.035614777356386185
        ],
        [
            0.05667571350932121,
            0.03743484243750572,
            0.0423949733376503
        ],
        [
            0.06328649073839188,
            0.042470790445804596,
            0.04339379817247391
        ],
        [
            0.057611603289842606,
            0.0494261160492897,
            0.0434674397110939
        ],
        [
            0.049747906625270844,
            0.046678490936756134,
            0.04306740313768387
        ],
        [
            0.12374161183834076,
            0.07547001540660858,
            -0.018244419246912003
        ],
        [
            0.11873207986354828,
            0.06320862472057343,
            -0.022307729348540306
        ],
        [
            0.08565452694892883,
            0.000624634325504303,
            0.03304971754550934
        ],
        [
            0.09031419456005096,
            -0.005020052194595337,
            0.030177518725395203
        ],
        [
            0.0930509939789772,
            -0.012555599212646484,
            0.02713095396757126
        ],
        [
            0.10101521015167236,
            0.02842281013727188,
            0.019965406507253647
        ],
        [
            0.10843847692012787,
            0.01631615310907364,
            0.020059354603290558
        ],
        [
            0.11108282953500748,
            0.018711969256401062,
            0.017468219622969627
        ],
        [
            0.10171948373317719,
            0.02978968620300293,
            0.017042605206370354
        ],
        [
            0.10899180173873901,
            0.044463641941547394,
            0.011716607958078384
        ],
        [
            0.11780121177434921,
            0.03452633321285248,
            0.014458484947681427
        ],
        [
            0.11313480883836746,
            0.05634406581521034,
            0.011005723848938942
        ],
        [
            0.11526421457529068,
            0.005983486771583557,
            0.011548997834324837
        ],
        [
            0.11372645199298859,
            -0.004250660538673401,
            0.015397164970636368
        ],
        [
            0.11851666867733002,
            -0.002339765429496765,
            0.00813213735818863
        ],
        [
            0.1069018766283989,
            -0.00752083957195282,
            0.021666307002305984
        ],
        [
            0.09972822666168213,
            -0.010417133569717407,
            0.0261270422488451
        ],
        [
            0.07081438601016998,
            -0.01809568703174591,
            0.011262045241892338
        ],
        [
            0.12147221714258194,
            -0.00012522190809249878,
            0.000573345459997654
        ],
        [
            0.12927143275737762,
            0.07190537452697754,
            0.006914133206009865
        ],
        [
            0.1320953071117401,
            0.07923956960439682,
            0.0032107075676321983
        ],
        [
            0.12456856667995453,
            0.08087364584207535,
            0.0031264619901776314
        ],
        [
            0.1213570162653923,
            0.07429085671901703,
            0.006158607080578804
        ],
        [
            0.0874168872833252,
            0.09206260740756989,
            -0.02102298103272915
        ],
        [
            0.09171180427074432,
            0.09031731635332108,
            -0.01598832756280899
        ],
        [
            0.09614527970552444,
            0.08465102314949036,
            -0.015369081869721413
        ],
        [
            0.09677405655384064,
            0.02359694242477417,
            0.03157484531402588
        ],
        [
            0.08900784701108932,
            0.015810154378414154,
            0.03808879479765892
        ],
        [
            0.0843363106250763,
            0.08881118148565292,
            -0.00179091258905828
        ],
        [
            0.09873088449239731,
            0.11341731250286102,
            -0.005497969686985016
        ],
        [
            0.1017751470208168,
            0.1089717298746109,
            -0.008287404663860798
        ],
        [
            0.09034603089094162,
            0.0984930694103241,
            -0.018176577985286713
        ],
        [
            0.0856853649020195,
            0.10371946543455124,
            -0.01584380306303501
        ],
        [
            0.08017946779727936,
            0.09256921708583832,
            3.00542451441288e-05
        ],
        [
            0.08589649200439453,
            0.08859776705503464,
            -0.002227300312370062
        ],
        [
            0.08691174536943436,
            0.08890404552221298,
            -0.0015406941529363394
        ],
        [
            0.0840853899717331,
            0.0928683951497078,
            0.0033724212553352118
        ],
        [
            0.06034642457962036,
            0.07486066967248917,
            0.02563655748963356
        ],
        [
            0.061947841197252274,
            0.07206731289625168,
            0.026369625702500343
        ],
        [
            0.0620976947247982,
            0.08630264550447464,
            -0.011768084019422531
        ],
        [
            0.0693531259894371,
            0.08970195055007935,
            -0.02353358082473278
        ],
        [
            0.0746389701962471,
            0.07610044628381729,
            -0.025899842381477356
        ],
        [
            0.07546721398830414,
            0.06414450705051422,
            0.017724081873893738
        ],
        [
            0.07031340152025223,
            0.07294908910989761,
            0.018159732222557068
        ],
        [
            0.06844659894704819,
            0.07074455171823502,
            0.021227534860372543
        ],
        [
            0.08128926903009415,
            0.08536387234926224,
            0.0035279453732073307
        ],
        [
            0.07951848208904266,
            0.09028469771146774,
            0.0016968008130788803
        ],
        [
            0.07632958143949509,
            0.08818279206752777,
            0.004238773137331009
        ],
        [
            0.0788683295249939,
            0.08217907696962357,
            0.006657615303993225
        ],
        [
            0.057522568851709366,
            0.024094805121421814,
            0.03218996152281761
        ],
        [
            0.06432729959487915,
            0.026428796350955963,
            0.04152943193912506
        ],
        [
            0.1072244644165039,
            0.10325982421636581,
            -0.003768191672861576
        ],
        [
            0.10515628755092621,
            0.10405660420656204,
            -0.00517570786178112
        ],
        [
            0.08071434497833252,
            0.054135896265506744,
            0.017754334956407547
        ],
        [
            0.08187976479530334,
            0.061622560024261475,
            -0.02371116727590561
        ],
        [
            0.08644846081733704,
            0.044471751898527145,
            0.019307391718029976
        ],
        [
            0.04480740800499916,
            0.06930755078792572,
            0.021608613431453705
        ],
        [
            0.04861120879650116,
            0.07033499330282211,
            0.029294000938534737
        ],
        [
            0.050956230610609055,
            0.07428093999624252,
            0.03120175562798977
        ],
        [
            0.048226337879896164,
            0.07625827938318253,
            0.02651258185505867
        ],
        [
            0.09335916489362717,
            0.10087193548679352,
            0.010251455940306187
        ],
        [
            0.09755964577198029,
            0.09730806946754456,
            0.007529822178184986
        ],
        [
            0.09829375892877579,
            0.0985434353351593,
            0.008153514936566353
        ],
        [
            0.09583674371242523,
            0.10274787247180939,
            0.011889496818184853
        ],
        [
            0.08910653740167618,
            0.0871032178401947,
            -0.00677829934284091
        ],
        [
            0.09121061116456985,
            0.08880114555358887,
            -0.011665456928312778
        ],
        [
            0.09365237504243851,
            0.08876588940620422,
            -0.010995810851454735
        ],
        [
            0.09076516330242157,
            0.08823546767234802,
            -0.0054069091565907
        ],
        [
            0.09076089411973953,
            0.09117196500301361,
            -0.01729465462267399
        ],
        [
            0.0930192768573761,
            0.09279326349496841,
            -0.01631283201277256
        ],
        [
            0.09106239676475525,
            0.10704226791858673,
            0.010141906328499317
        ],
        [
            0.09242350608110428,
            0.11343783140182495,
            0.005746278911828995
        ],
        [
            0.07846620678901672,
            0.10420271009206772,
            -0.0026441041845828295
        ],
        [
            0.0810975581407547,
            0.09996834397315979,
            0.0036933450028300285
        ],
        [
            0.0643543228507042,
            0.023440144956111908,
            0.0023347176611423492
        ],
        [
            0.06146935001015663,
            0.018933437764644623,
            0.012187293730676174
        ],
        [
            0.05517346411943436,
            0.03280714154243469,
            0.01503913477063179
        ],
        [
            0.04713023826479912,
            0.04645606502890587,
            0.01762048900127411
        ],
        [
            0.04128481075167656,
            0.06013598293066025,
            0.019360072910785675
        ],
        [
            0.04329165071249008,
            0.06531743705272675,
            0.008558658882975578
        ],
        [
            0.05433756485581398,
            0.028401099145412445,
            0.022153649479150772
        ],
        [
            0.06768211722373962,
            0.09071434289216995,
            -0.004432886838912964
        ],
        [
            0.06932704150676727,
            0.09582465142011642,
            -0.008982395753264427
        ],
        [
            0.0637039914727211,
            0.09100247174501419,
            -0.0073453099466860294
        ],
        [
            0.08409278094768524,
            0.04228411987423897,
            0.02610199898481369
        ],
        [
            0.10364853590726852,
            0.10367237031459808,
            -0.007835191674530506
        ],
        [
            0.09656338393688202,
            0.005820192396640778,
            -0.02273421362042427
        ],
        [
            0.08524680882692337,
            0.001652047038078308,
            -0.016771472990512848
        ],
        [
            0.08446239680051804,
            0.010439187288284302,
            -0.017092760652303696
        ],
        [
            0.09774032980203629,
            0.015333712100982666,
            -0.02310791052877903
        ],
        [
            0.10201075673103333,
            0.09632733464241028,
            0.0017920136451721191
        ],
        [
            0.10387659072875977,
            0.09836132824420929,
            -0.00418020598590374
        ],
        [
            0.059219442307949066,
            0.07039636373519897,
            0.032320499420166016
        ],
        [
            0.05807828903198242,
            0.07394206523895264,
            0.031015343964099884
        ],
        [
            0.056554801762104034,
            0.07344003021717072,
            0.03274344280362129
        ],
        [
            0.05608832463622093,
            0.07100789248943329,
            0.036788444966077805
        ],
        [
            0.0613534078001976,
            0.01568082720041275,
            0.017308728769421577
        ],
        [
            0.04264715686440468,
            0.058168187737464905,
            0.04079892858862877
        ],
        [
            0.03895527869462967,
            0.05950174480676651,
            0.029765209183096886
        ],
        [
            0.06681355834007263,
            0.007136605679988861,
            0.00925185065716505
        ],
        [
            0.06886544078588486,
            0.01071552187204361,
            0.0003434596583247185
        ],
        [
            0.07166831940412521,
            0.0013585686683654785,
            -0.0006711166352033615
        ],
        [
            0.04987001046538353,
            0.07675416767597198,
            0.002293967641890049
        ],
        [
            0.06650696694850922,
            0.02890394628047943,
            -0.004137784242630005
        ],
        [
            0.07153774797916412,
            0.015135377645492554,
            -0.0053664306178689
        ],
        [
            0.07503446936607361,
            0.004156269133090973,
            -0.006814748048782349
        ],
        [
            0.07662391662597656,
            -0.0040412843227386475,
            -0.007728599477559328
        ],
        [
            0.07287830114364624,
            -0.006241627037525177,
            -0.0008119456470012665
        ],
        [
            0.09536771476268768,
            0.1147763729095459,
            -2.2289343178272247e-05
        ],
        [
            0.09746435284614563,
            0.11519087851047516,
            0.009326109662652016
        ],
        [
            0.07284507900476456,
            -0.015316508710384369,
            -0.0016546230763196945
        ],
        [
            0.0776117816567421,
            -0.012320093810558319,
            -0.009069917723536491
        ],
        [
            0.0760587602853775,
            0.019878484308719635,
            -0.011908356100320816
        ],
        [
            0.08293591439723969,
            0.025688663125038147,
            -0.018924281001091003
        ],
        [
            0.07117210328578949,
            0.03307610750198364,
            -0.01034592092037201
        ],
        [
            0.07732833176851273,
            0.03991776704788208,
            -0.01740955002605915
        ],
        [
            0.05028967186808586,
            0.0793270617723465,
            -0.00897219404578209
        ],
        [
            0.1114652156829834,
            0.10633903741836548,
            0.018083924427628517
        ],
        [
            0.1011461392045021,
            0.10953080654144287,
            0.01489210408180952
        ],
        [
            0.09949474781751633,
            0.10389833897352219,
            0.013820675201714039
        ],
        [
            0.10864889621734619,
            0.10293976962566376,
            0.01817563734948635
        ],
        [
            0.09536972641944885,
            0.10859586298465729,
            0.012630940414965153
        ],
        [
            0.10274820029735565,
            0.11406481266021729,
            0.011419850401580334
        ],
        [
            0.08923222869634628,
            0.04701293632388115,
            -0.023587750270962715
        ],
        [
            0.07290147989988327,
            0.09059635549783707,
            0.0007862888742238283
        ],
        [
            0.0990791916847229,
            0.032412074506282806,
            -0.024197719991207123
        ],
        [
            0.10143382847309113,
            0.059395838528871536,
            -0.027300063520669937
        ],
        [
            0.1103319376707077,
            0.0489560067653656,
            -0.0259076077491045
        ],
        [
            0.1109614446759224,
            0.018823988735675812,
            -0.02430879697203636
        ],
        [
            0.1183738186955452,
            0.03440358489751816,
            -0.0244003776460886
        ],
        [
            0.1081847995519638,
            0.0008936002850532532,
            -0.023470547050237656
        ],
        [
            0.10793112218379974,
            0.009689867496490479,
            -0.023643547669053078
        ],
        [
            0.12462925910949707,
            0.05011868476867676,
            -0.02159039117395878
        ],
        [
            0.10966244339942932,
            0.09602536261081696,
            0.004799017682671547
