{
    "pred_cam": [
        5.19350004196167,
        -0.042243145406246185,
        0.01693861559033394
    ],
    "pred_mano_params": {
        "global_orient": [
            [
                [
                    0.9262710809707642,
                    0.07225262373685837,
                    0.3698667287826538
                ],
                [
                    0.3742586672306061,
                    -0.06129344180226326,
                    -0.9252964854240417
                ],
                [
                    -0.04418468475341797,
                    0.9955012202262878,
                    -0.08381551504135132
                ]
            ]
        ],
        "hand_pose": [
            [
                [
                    0.9067710041999817,
                    -0.30139100551605225,
                    -0.2948385775089264
                ],
                [
                    0.28512436151504517,
                    0.9534895420074463,
                    -0.09778459370136261
                ],
                [
                    0.31059688329696655,
                    0.004602580331265926,
                    0.9505305886268616
                ]
            ],
            [
                [
                    0.919744610786438,
                    -0.3751794099807739,
                    0.11536999046802521
                ],
                [
                    0.39177632331848145,
                    0.8955104351043701,
                    -0.21112173795700073
                ],
                [
                    -0.024106498807668686,
                    0.23937731981277466,
                    0.9706273078918457
                ]
            ],
            [
                [
                    0.932880163192749,
                    -0.3536834120750427,
                    0.06813698261976242
                ],
                [
                    0.3538622260093689,
                    0.9352459907531738,
                    0.00983269140124321
                ],
                [
                    -0.06720248609781265,
                    0.014938374049961567,
                    0.9976276159286499
                ]
            ],
            [
                [
                    0.7915017604827881,
                    -0.6085177659988403,
                    -0.05684293806552887
                ],
                [
                    0.610713541507721,
                    0.7910680770874023,
                    0.035218339413404465
                ],
                [
                    0.023535646498203278,
                    -0.06259012967348099,
                    0.9977618455886841
                ]
            ],
            [
                [
                    0.9421911835670471,
                    -0.31454187631607056,
                    -0.11549517512321472
                ],
                [
                    0.3337222933769226,
                    0.9118286371231079,
                    0.23916082084178925
                ],
                [
                    0.030085714533925056,
                    -0.26387855410575867,
                    0.9640865325927734
                ]
            ],
            [
                [
                    0.9535174369812012,
                    -0.2889533042907715,
                    0.0855017676949501
                ],
                [
                    0.2920528054237366,
                    0.9560483694076538,
                    -0.026012135669589043
                ],
                [
                    -0.07422754168510437,
                    0.04977405443787575,
                    0.9959983825683594
                ]
            ],
            [
                [
                    0.8275675773620605,
                    -0.4126777648925781,
                    0.3805640637874603
                ],
                [
                    0.3372783958911896,
                    0.9074435234069824,
                    0.2505784332752228
                ],
                [
                    -0.44874852895736694,
                    -0.07901455461978912,
                    0.8901581168174744
                ]
            ],
            [
                [
                    0.9683144688606262,
                    -0.20590275526046753,
                    -0.14131887257099152
                ],
                [
                    0.22812135517597198,
                    0.9595469236373901,
                    0.1650160849094391
                ],
                [
                    0.10162483155727386,
                    -0.1920253485441208,
                    0.9761139750480652
                ]
            ],
            [
                [
                    0.9980626106262207,
                    0.04967174679040909,
                    0.03746737912297249
                ],
                [
                    -0.06172642856836319,
                    0.866061270236969,
                    0.4961126148700714
                ],
                [
                    -0.007806253619492054,
                    -0.4974641501903534,
                    0.8674494028091431
                ]
            ],
            [
                [
                    0.7872730493545532,
                    -0.6151940226554871,
                    0.04168102890253067
                ],
                [
                    0.6154977083206177,
                    0.7881108522415161,
                    0.006627751048654318
                ],
                [
                    -0.036926619708538055,
                    0.0204367283731699,
                    0.9991089701652527
                ]
            ],
            [
                [
                    0.9752547144889832,
                    -0.20126846432685852,
                    -0.09148337692022324
                ],
                [
                    0.2208547294139862,
                    0.9057662487030029,
                    0.3616776764392853
                ],
                [
                    0.0100682582706213,
                    -0.37293240427970886,
                    0.9278038740158081
                ]
            ],
            [
                [
                    0.9192728996276855,
                    -0.36346715688705444,
                    0.15109269320964813
                ],
                [
                    0.33502206206321716,
                    0.9239881038665771,
                    0.18440775573253632
                ],
                [
                    -0.2066340148448944,
                    -0.11890165507793427,
                    0.971166729927063
                ]
            ],
            [
                [
                    0.9830949902534485,
                    -0.16424594819545746,
                    -0.08091644942760468
                ],
                [
                    0.017155669629573822,
                    0.5226202607154846,
                    -0.8523929119110107
                ],
                [
                    0.1822906732559204,
                    0.8365950584411621,
                    0.5166031122207642
                ]
            ],
            [
                [
                    0.9443265199661255,
                    -0.3270542025566101,
                    -0.03582129627466202
                ],
                [
                    0.3105356693267822,
                    0.8500325679779053,
                    0.42545536160469055
                ],
                [
                    -0.10869766026735306,
                    -0.41289249062538147,
                    0.9042702913284302
                ]
            ],
            [
                [
                    0.9682679772377014,
                    -0.24672532081604004,
                    0.039797134697437286
                ],
                [
                    0.24243217706680298,
                    0.8886191248893738,
                    -0.3893362879753113
                ],
                [
                    0.0606946237385273,
                    0.38662993907928467,
                    0.9202355742454529
                ]
            ]
        ],
        "betas": [
            0.03891505300998688,
            -0.12343212962150574,
            -0.116075798869133,
            -0.010876744985580444,
            -0.020475685596466064,
            0.017306845635175705,
            0.003545999526977539,
            -0.06885978579521179,
            0.02923572063446045,
            -0.054473429918289185
        ]
    },
    "pred_cam_t": [
        -0.042243145406246185,
        0.01693861559033394,
        7.521420955657959
    ],
    "focal_length": [
        5000.0,
        5000.0
    ],
    "pred_keypoints_3d": [
        [
            0.09560930728912354,
            0.006369789596647024,
            0.006220449693500996
        ],
        [
            0.08176155388355255,
            -0.025410430505871773,
            -0.010240214876830578
        ],
        [
            0.06396590173244476,
            -0.04074251279234886,
            -0.03003857657313347
        ],
        [
            0.04458455741405487,
            -0.04814155027270317,
            -0.047462016344070435
        ],
        [
            0.02637830376625061,
            -0.051743265241384506,
            -0.07734215259552002
        ],
        [
            0.0213666632771492,
            -0.04515460878610611,
            0.0032450822181999683
        ],
        [
            -0.011219572275876999,
            -0.049136966466903687,
            -0.00033195712603628635
        ],
        [
            -0.028607526794075966,
            -0.04821545630693436,
            -0.014147770591080189
        ],
        [
            -0.04343990609049797,
            -0.04580037668347359,
            -0.03439659997820854
        ],
        [
            0.006686694920063019,
            -0.025732556357979774,
            0.00917193666100502
        ],
        [
            -0.020557601004838943,
            -0.028261588886380196,
            -0.006853912025690079
        ],
        [
            -0.033012472093105316,
            -0.027122993022203445,
            -0.026504023000597954
        ],
        [
            -0.0446278378367424,
            -0.028214942663908005,
            -0.04962911456823349
        ],
        [
            0.009835511445999146,
            0.0006480659358203411,
            0.008104500360786915
        ],
        [
            -0.01482279784977436,
            -0.003622530959546566,
            -0.006265593692660332
        ],
        [
            -0.029438486322760582,
            -0.0011377795599400997,
            -0.026173844933509827
        ],
        [
            -0.040748804807662964,
            -0.0037024151533842087,
            -0.04864611476659775
        ],
        [
            0.015237636864185333,
            0.021045928820967674,
            0.003017604583874345
        ],
        [
            -0.004187598824501038,
            0.017729561775922775,
            -0.004611645825207233
        ],
        [
            -0.018831048160791397,
            0.016925128176808357,
            -0.01665591262280941
        ],
        [
            -0.03441716358065605,
            0.01368042454123497,
            -0.032481417059898376
        ]
    ],
    "pred_vertices": [
        [
            0.05411141365766525,
            -0.025590956211090088,
            -0.01022436935454607
        ],
        [
            0.06346838176250458,
            -0.020223543047904968,
            -0.012191741727292538
        ],
        [
            0.058836840093135834,
            -0.026143183931708336,
            -0.018070150166749954
        ],
        [
            0.050875045359134674,
            -0.03281295672059059,
            -0.014525914564728737
        ],
        [
            0.07737402617931366,
            -0.018206387758255005,
            -0.02795187570154667
        ],
        [
            0.0875297263264656,
            -0.02460373193025589,
            -0.029731929302215576
        ],
        [
            0.07558722048997879,
            -0.032360948622226715,
            -0.037057820707559586
        ],
        [
            0.06895118951797485,
            -0.024800244718790054,
            -0.03519813343882561
        ],
        [
            0.04788971692323685,
            -0.03868003189563751,
            -0.016933470964431763
        ],
        [
            0.05464570224285126,
            -0.03092328831553459,
            -0.02298051491379738
        ],
        [
            0.04805798828601837,
            -0.041643865406513214,
            -0.016464224085211754
        ],
        [
            0.04307207092642784,
            -0.04955855384469032,
            -0.004008580930531025
        ],
        [
            0.04229544475674629,
            -0.04540924355387688,
            -0.008899018168449402
        ],
        [
            0.03681837022304535,
            -0.05238908901810646,
            0.001949588069692254
        ],
        [
            0.04990394040942192,
            -0.04961539804935455,
            0.004390716552734375
        ],
        [
            0.0367114320397377,
            -0.05002796649932861,
            0.011237054131925106
        ],
        [
            0.05032467842102051,
            -0.02615935541689396,
            0.02287386916577816
        ],
        [
            0.04901999235153198,
            -0.012734643183648586,
            0.02466024085879326
        ],
        [
            0.03249017894268036,
            -0.017079904675483704,
            0.025061948224902153
        ],
        [
            0.03553128242492676,
            -0.030161570757627487,
            0.022333605214953423
        ],
        [
            0.035836078226566315,
            0.003176465630531311,
            0.02225795015692711
        ],
        [
            0.033050261437892914,
            -0.008121522143483162,
            0.023995131254196167
        ],
        [
            0.049617886543273926,
            -0.003804067149758339,
            0.024832336232066154
        ],
        [
            0.05119560658931732,
            0.00611351802945137,
            0.02310185134410858
        ],
        [
            0.05755699425935745,
            -0.010676855221390724,
            -0.006254737265408039
        ],
        [
            0.06717325001955032,
            -0.006194634363055229,
            -0.007502591237425804
        ],
        [
            0.0663919672369957,
            -0.011946948245167732,
            -0.007667572237551212
        ],
        [
            0.05730019509792328,
            -0.016174698248505592,
            -0.006997712887823582
        ],
        [
            0.05257074534893036,
            -0.047320496290922165,
            -0.023889893665909767
        ],
        [
            0.05998143553733826,
            -0.0494554378092289,
            -0.01107749529182911
        ],
        [
            0.0525636151432991,
            -0.04678857699036598,
            -0.011777794919908047
        ],
        [
            0.049838390201330185,
            -0.04299275949597359,
            -0.026050588116049767
        ],
        [
            0.08809847384691238,
            0.01242869719862938,
            -0.01577051356434822
        ],
        [
            0.10037355124950409,
            0.01434285193681717,
            -0.010511878877878189
        ],
        [
            0.10191803425550461,
            0.00864698737859726,
            -0.010304050520062447
        ],
        [
            0.09031751751899719,
            0.008046699687838554,
            -0.014583350159227848
        ],
        [
            0.10104003548622131,
            -0.01214849203824997,
            -0.016937123611569405
        ],
        [
            0.10792310535907745,
            -0.00843123346567154,
            -0.010154166258871555
        ],
        [
            0.11587466299533844,
            -0.016129232943058014,
            -0.0028325458988547325
        ],
        [
            0.10864686965942383,
            -0.022258419543504715,
            -0.007347167003899813
        ],
        [
            0.09405919909477234,
            -0.01836353912949562,
            -0.023876599967479706
        ],
        [
            0.101361945271492,
            -0.027630694210529327,
            -0.017193526029586792
        ],
        [
            0.0928763672709465,
            -0.03359750658273697,
            -0.024965595453977585
        ],
        [
            0.07911670207977295,
            -0.04042229801416397,
            -0.03414075821638107
        ],
        [
            0.09723896533250809,
            0.026423001661896706,
            -0.007741221226751804
        ],
        [
            0.0878763422369957,
            0.026818079873919487,
            -0.011688442900776863
        ],
        [
            -0.010182020254433155,
            -0.052096594125032425,
            -0.012059582397341728
        ],
        [
            -0.01136159896850586,
            -0.046346329152584076,
            -0.012395274825394154
        ],
        [
            -0.006834693253040314,
            -0.04642162472009659,
            -0.011343492195010185
        ],
        [
            -0.006631982512772083,
            -0.05216621235013008,
            -0.01095425896346569
        ],
        [
            0.0873374342918396,
            0.034671008586883545,
            0.007704360410571098
        ],
        [
            0.08699873089790344,
            0.032687071710824966,
            0.017546318471431732
        ],
        [
            0.09351472556591034,
            0.03560156375169754,
            0.016165049746632576
        ],
        [
            0.09475205838680267,
            0.0357673242688179,
            0.006886214483529329
        ],
        [
            0.07754804193973541,
            0.03308742493391037,
            0.008682380430400372
        ],
        [
            0.07805132865905762,
            0.028204115107655525,
            0.018794558942317963
        ],
        [
            -0.015814658254384995,
            -0.057083964347839355,
            -0.0018243873491883278
        ],
        [
            -0.013535656034946442,
            -0.05801261216402054,
            -0.0063130175694823265
        ],
        [
            -0.009642177261412144,
            -0.05811784416437149,
            -0.0032452838495373726
        ],
        [
            -0.011174944229424,
            -0.05633058771491051,
            0.0014589186757802963
        ],
        [
            0.04352783411741257,
            -0.03886998072266579,
            -0.0107279596850276
        ],
        [
            0.04544416069984436,
            -0.029986273497343063,
            -0.009655164554715157
        ],
        [
            0.026308532804250717,
            -0.04407060146331787,
            -0.007639199495315552
        ],
        [
            0.03389602527022362,
            -0.03751637041568756,
            -0.007421488873660564
        ],
        [
            0.03641199693083763,
            -0.044141072779893875,
            -0.007326685823500156
        ],
        [
            0.029758300632238388,
            -0.04909353703260422,
            -0.005978980101644993
        ],
        [
            0.03512575849890709,
            -0.014082362875342369,
            -0.004144852980971336
        ],
        [
            0.046415429562330246,
            -0.010909626260399818,
            -0.004561951383948326
        ],
        [
            0.045720748603343964,
            -0.01745821163058281,
            -0.0050409333780407906
        ],
        [
            0.03374773636460304,
            -0.022483937442302704,
            -0.005467938259243965
        ],
        [
            0.04538312181830406,
            0.003026176244020462,
            -0.0063737076707184315
        ],
        [
            0.034345317631959915,
            -0.0012490227818489075,
            -0.005374898202717304
        ],
        [
            0.034980397671461105,
            0.0071556344628334045,
            -0.006526011973619461
        ],
        [
            0.04273025691509247,
            0.008750575594604015,
            -0.00799937266856432
        ],
        [
            0.016622556373476982,
            -0.011492632329463959,
            -0.0026728236116468906
        ],
        [
            0.010281646624207497,
            -0.013924467377364635,
            -0.0014286250807344913
        ],
        [
            0.009291372261941433,
            -0.010944563895463943,
            -0.002087140455842018
        ],
        [
            0.016717417165637016,
            -0.007947004400193691,
            -0.0025998507626354694
        ],
        [
            0.10016687959432602,
            0.037971947342157364,
            0.015906041488051414
        ],
        [
            0.10199546068906784,
            0.035915154963731766,
            0.006528893485665321
        ],
        [
            0.03813141584396362,
            0.02349676936864853,
            0.015716254711151123
        ],
        [
            0.041892167180776596,
            0.030620593577623367,
            0.008120468817651272
        ],
        [
            0.028972692787647247,
            0.03014661930501461,
            0.007299131713807583
        ],
        [
            0.028395643457770348,
            0.022672878578305244,
            0.015936322510242462
        ],
        [
            0.08691709488630295,
            0.025209125131368637,
            0.024680569767951965
        ],
        [
            0.093021459877491,
            0.030096208676695824,
            0.024509115144610405
        ],
        [
            -0.018133264034986496,
            -0.05250643193721771,
            0.0015876702964305878
        ],
        [
            -0.013031121343374252,
            -0.051359403878450394,
            0.004330491181463003
        ],
        [
            0.09449069201946259,
            -0.03978809341788292,
            -0.012727577239274979
        ],
        [
            0.07938157767057419,
            -0.047111134976148605,
            -0.026716886088252068
        ],
        [
            0.1043243408203125,
            -0.0315832793712616,
            -0.00259983167052269
        ],
        [
            0.11007216572761536,
            -0.024744927883148193,
            0.004597656428813934
        ],
        [
            0.11669564247131348,
            -0.019902247935533524,
            0.008586443029344082
        ],
        [
            0.02889256924390793,
            -0.03315034508705139,
            -0.006962284445762634
        ],
        [
            0.04915555939078331,
            -0.021800799295306206,
            -0.007195028476417065
        ],
        [
            0.05744285508990288,
            -0.005580279976129532,
            -0.006310485769063234
        ],
        [
            0.050608135759830475,
            0.023735178634524345,
            -0.011851616203784943
        ],
        [
            0.060902681201696396,
            0.026080884039402008,
            -0.012905832380056381
        ],
        [
            0.058971479535102844,
            0.015695802867412567,
            -0.013542603701353073
        ],
        [
            0.050347957760095596,
            0.01579303666949272,
            -0.011832183226943016
        ],
        [
            0.04160115122795105,
            0.03228732943534851,
            -0.001538798213005066
        ],
        [
            0.040301769971847534,
            0.027563942596316338,
            -0.007763143628835678
        ],
        [
            0.031166277825832367,
            0.025956837460398674,
            -0.006896240636706352
        ],
        [
            0.030847158282995224,
            0.030792828649282455,
            -0.00133502297103405
        ],
        [
            0.057487957179546356,
            -0.0526857003569603,
            -0.02586815506219864
        ],
        [
            0.06713760644197464,
            -0.05151587352156639,
            -0.012071728706359863
        ],
        [
            0.08839774131774902,
            0.03298360854387283,
            -0.002652297727763653
        ],
        [
            0.09608710557222366,
            0.03188566118478775,
            -0.002344447188079357
        ],
        [
            0.10419736057519913,
            0.032460056245326996,
            -1.201871782541275e-05
        ],
        [
            0.07814639806747437,
            0.0019009429961442947,
            -0.012138786725699902
        ],
        [
            0.0918954461812973,
            0.004977099597454071,
            -0.013860058039426804
        ],
        [
            0.09219373762607574,
            0.0007127486169338226,
            -0.014232086017727852
        ],
        [
            0.07827461510896683,
            -0.0013310723006725311,
            -0.010742858983576298
        ],
        [
            0.07289925962686539,
            -0.013564564287662506,
            -0.016138657927513123
        ],
        [
            0.08500782400369644,
            -0.010794781148433685,
            -0.020614920184016228
        ],
        [
            0.06633614003658295,
            -0.018592048436403275,
            -0.023215293884277344
        ],
        [
            0.10566101968288422,
            0.0014044195413589478,
            -0.009929710999131203
        ],
        [
            0.11188846826553345,
            0.010335799306631088,
            -0.008677911013364792
        ],
        [
            0.11472173035144806,
            0.001978449523448944,
            -0.00768254604190588
        ],
        [
            0.10921553522348404,
            0.019616972655057907,
            -0.0072409603744745255
        ],
        [
            0.10645712167024612,
            0.027598727494478226,
            -0.0045209527015686035
        ],
        [
            0.09988179802894592,
            0.03430091217160225,
            0.027216797694563866
        ],
        [
            0.11633162200450897,
            -0.005881529301404953,
            -0.005483969114720821
        ],
        [
            0.0630355104804039,
            -0.030411247164011,
            -0.03934376686811447
        ],
        [
            0.05817488208413124,
            -0.035375721752643585,
            -0.04326258599758148
        ],
        [
            0.05282792076468468,
            -0.033500224351882935,
            -0.03794815391302109
        ],
        [
            0.05682527273893356,
            -0.028846850618720055,
            -0.03366929292678833
        ],
        [
            0.027864135801792145,
            -0.05478156358003616,
            0.005711647681891918
        ],
        [
            0.02892836555838585,
            -0.05345520004630089,
            -0.0018340798560529947
        ],
        [
            0.03810907527804375,
            -0.0500582717359066,
            -0.004433216527104378
        ],
        [
            0.07674992084503174,
            0.014795061200857162,
            -0.015913696959614754
        ],
        [
            0.07709471136331558,
            0.026899876073002815,
            -0.01267126202583313
        ],
        [
            0.02133619226515293,
            -0.039651401340961456,
            -0.006654598284512758
        ],
        [
            -0.007099298760294914,
            -0.05575172230601311,
            0.004498972091823816
        ],
        [
            -0.005266670137643814,
            -0.05798868089914322,
            -0.00064262212254107
        ],
        [
            0.011870830319821835,
            -0.056795161217451096,
            0.0038389237597584724
        ],
        [
            0.009240154176950455,
            -0.05445529520511627,
            0.009624715894460678
        ],
        [
            0.012069642543792725,
            -0.03754287585616112,
            -0.000823441194370389
        ],
        [
            0.01614471897482872,
            -0.040292903780937195,
            -0.005366700701415539
        ],
        [
            0.01320164930075407,
            -0.0400460921227932,
            -0.004166106227785349
        ],
        [
            0.008840469643473625,
            -0.03637603297829628,
            -0.0011059660464525223
        ],
        [
            0.012038610875606537,
            -0.0021636816672980785,
            -0.0028063510544598103
        ],
        [
            0.01834246702492237,
            0.0004206821322441101,
            -0.003390217199921608
        ],
        [
            0.02062932588160038,
            -0.03309694305062294,
            0.01859273575246334
        ],
        [
            0.02662571892142296,
            -0.045086294412612915,
            0.02016068436205387
        ],
        [
            0.037559956312179565,
            -0.041710905730724335,
            0.019138634204864502
        ],
        [
            0.03549698740243912,
            -0.006664630025625229,
            -0.004456174559891224
        ],
        [
            0.025202320888638496,
            -0.008715207688510418,
            -0.004049076233059168
        ],
        [
            0.02494814060628414,
            -0.004608574323356152,
            -0.004081135615706444
        ],
        [
            0.024571625515818596,
            -0.031163640320301056,
            -0.005848061293363571
        ],
        [
            0.018060699105262756,
            -0.03500821813941002,
            -0.0047027296386659145
        ],
        [
            0.01931074447929859,
            -0.02983778715133667,
            -0.0037100946065038443
        ],
        [
            0.025248929858207703,
            -0.025689130648970604,
            -0.00486023398116231
        ],
        [
            0.05485682934522629,
            0.03216145560145378,
            0.009423558600246906
        ],
        [
            0.05442105978727341,
            0.0344860777258873,
            -0.0018908483907580376
        ],
        [
            -0.011238038539886475,
            -0.05625390633940697,
            -0.009968392550945282
        ],
        [
            -0.007647993043065071,
            -0.05646832659840584,
            -0.007879549637436867
        ],
        [
            0.046563953161239624,
            -0.003726283088326454,
            -0.0048819370567798615
        ],
        [
            0.051014721393585205,
            -0.03702123463153839,
            0.017892498522996902
        ],
        [
            0.05723464488983154,
            -0.00011727400124073029,
            -0.006782639306038618
        ],
        [
            0.01593605801463127,
            0.007976929657161236,
            0.014483490027487278
        ],
        [
            0.014091819524765015,
            0.010582515969872475,
            0.00774414325132966
        ],
        [
            0.009075264446437359,
            0.007737038191407919,
            0.00566421914845705
        ],
        [
            0.007913712412118912,
            0.005857601761817932,
            0.011116327717900276
        ],
        [
            -0.00574025884270668,
            -0.03752792626619339,
            -0.0030525545589625835
        ],
        [
            -0.0045416150242090225,
            -0.040268685668706894,
            -0.007920865900814533
        ],
        [
            -0.008437185548245907,
            -0.04082830995321274,
            -0.009108317084610462
        ],
        [
            -0.01056000217795372,
            -0.0383429080247879,
            -0.004321342334151268
        ],
        [
            0.019017105922102928,
            -0.04517269507050514,
            -0.006722095422446728
        ],
        [
            0.021845337003469467,
            -0.05087194964289665,
            -0.005576265975832939
        ],
        [
            0.014908540062606335,
            -0.050595853477716446,
            -0.00595357408747077
        ],
        [
            0.013764604926109314,
            -0.04483140632510185,
            -0.005837345961481333
        ],
        [
            0.020686371251940727,
            -0.05495268106460571,
            -0.0007852186681702733
        ],
        [
            0.01418221928179264,
            -0.055220019072294235,
            -0.0017733045388013124
        ],
        [
            -0.007389131002128124,
            -0.03860587626695633,
            0.0030620002653449774
        ],
        [
            -0.008565220050513744,
            -0.04428057000041008,
            0.007745175622403622
        ],
        [
            0.005902282427996397,
            -0.04161003604531288,
            0.012150011956691742
        ],
        [
            0.0051181018352508545,
            -0.037215109914541245,
            0.005535934120416641
        ],
        [
            0.0658269077539444,
            0.008938507176935673,
            0.02524200826883316
        ],
        [
            0.06549698114395142,
            0.01955919712781906,
            0.022069085389375687
        ],
        [
            0.05091123282909393,
            0.017045769840478897,
            0.019949287176132202
        ],
        [
            0.0364762619137764,
            0.015190607868134975,
            0.018973318859934807
        ],
        [
            0.023165637627243996,
            0.012404964305460453,
            0.01711055263876915
        ],
        [
            0.022589676082134247,
            0.001420225016772747,
            0.02261783555150032
        ],
        [
            0.052188970148563385,
            0.024522768333554268,
            0.017139039933681488
        ],
        [
            0.012640911154448986,
            -0.03439129889011383,
            0.006924712099134922
        ],
        [
            0.015653541311621666,
            -0.03950389102101326,
            0.014510693959891796
        ],
        [
            0.014614521525800228,
            -0.0341230146586895,
            0.0132767204195261
        ],
        [
            0.056058675050735474,
            0.00685635581612587,
            -0.009021198377013206
        ],
        [
            -0.003508050926029682,
            -0.05687525495886803,
            -0.005511966533958912
        ],
        [
            0.10303151607513428,
            -0.014449167996644974,
            0.024872425943613052
        ],
        [
            0.09878179430961609,
            -0.0026202164590358734,
            0.030003320425748825
        ],
        [
            0.09151391685009003,
            -0.007170526310801506,
            0.02816971018910408
        ],
        [
            0.0961059108376503,
            -0.020556828007102013,
            0.021436959505081177
        ],
        [
            -0.003003309480845928,
            -0.046366021037101746,
            -0.010604403913021088
        ],
        [
            -0.002431918866932392,
            -0.052603643387556076,
            -0.01000131107866764
        ],
        [
            0.01641962304711342,
            0.006691799499094486,
            -0.0038256188854575157
        ],
        [
            0.011188366450369358,
            0.003496800549328327,
            -0.002686662832275033
        ],
        [
            0.009237387217581272,
            0.0061789508908987045,
            -0.0008540523122064769
        ],
        [
            0.012779561802744865,
            0.010754282586276531,
            -0.003357108449563384
        ],
        [
            0.06679534912109375,
            0.024851234629750252,
            0.019795119762420654
        ],
        [
            0.020727291703224182,
            0.029244644567370415,
            0.0053400443866848946
        ],
        [
            0.02075827866792679,
            0.023108694702386856,
            0.013581949286162853
        ],
        [
            0.07828150689601898,
            0.02134595438838005,
            0.024020027369260788
        ],
        [
            0.07865837961435318,
            0.01222229190170765,
            0.027423925697803497
        ],
        [
            0.0877993255853653,
            0.01516646146774292,
            0.028869491070508957
        ],
        [
            0.016781140118837357,
            -0.012687766924500465,
            0.02078850381076336
        ],
        [
            0.06420448422431946,
            0.0005485564470291138,
            0.026453305035829544
        ],
        [
            0.07798254489898682,
            0.004652595147490501,
            0.028022833168506622
        ],
        [
            0.0888724997639656,
            0.007815266028046608,
            0.02981221117079258
        ],
        [
            0.09642676264047623,
            0.010756084695458412,
            0.03164339065551758
        ],
        [
            0.09448934346437454,
            0.018524881452322006,
            0.030261248350143433
        ],
        [
            -0.008411576971411705,
            -0.05019870772957802,
            0.007166037801653147
        ],
        [
            -0.014268370345234871,
            -0.044755131006240845,
            0.005097785033285618
        ],
        [
            0.10184195637702942,
            0.022730842232704163,
            0.033478930592536926
        ],
        [
            0.1038394644856453,
            0.013726085424423218,
            0.03421969339251518
        ],
        [
            0.07825221121311188,
            -0.0045328289270401,
            0.027790497988462448
        ],
        [
            0.07891276478767395,
            -0.015998996794223785,
            0.025806162506341934
        ],
        [
            0.06489542126655579,
            -0.00809471681714058,
            0.026099486276507378
        ],
        [
            0.06440210342407227,
            -0.019585249945521355,
            0.024331437423825264
        ],
        [
            0.02026943862438202,
            -0.021631285548210144,
            0.025660991668701172
        ],
        [
            -0.028872422873973846,
            -0.04316360503435135,
            -0.006273763254284859
        ],
        [
            -0.01909828372299671,
            -0.04104046896100044,
            -0.0007425686344504356
        ],
        [
            -0.016246270388364792,
            -0.03928036987781525,
            -0.005451008677482605
        ],
        [
            -0.02697443962097168,
            -0.04040658101439476,
            -0.008951593190431595
        ],
        [
            -0.012719972990453243,
            -0.039499834179878235,
            0.0010426645167171955
        ],
        [
            -0.019417839124798775,
            -0.04593478888273239,
            0.0022189710289239883
        ],
        [
            0.06612269580364227,
            -0.033250536769628525,
            0.01746390387415886
        ],
        [
            0.013545052148401737,
            -0.03246835991740227,
            -0.0018810899928212166
        ],
        [
            0.08292984962463379,
            -0.03125927597284317,
            0.015520036220550537
        ],
        [
            0.06288699805736542,
            -0.04715900868177414,
            0.006255133077502251
        ],
        [
            0.07549668103456497,
            -0.045206524431705475,
            0.0023711537942290306
        ],
        [
            0.10057511925697327,
            -0.02988722175359726,
            0.011670058593153954
        ],
        [
            0.09142585843801498,
