{
    "pred_cam": [
        9.018250465393066,
        0.13922704756259918,
        -0.028566762804985046
    ],
    "pred_mano_params": {
        "global_orient": [
            [
                [
                    -0.7860039472579956,
                    0.26844140887260437,
                    -0.5568994283676147
                ],
                [
                    0.13813769817352295,
                    -0.8017734289169312,
                    -0.5814442038536072
                ],
                [
                    -0.6025908589363098,
                    -0.5339462757110596,
                    0.5931152105331421
                ]
            ]
        ],
        "hand_pose": [
            [
                [
                    0.5956617593765259,
                    -0.6462644934654236,
                    -0.4770004153251648
                ],
                [
                    0.6911140084266663,
                    0.7149816155433655,
                    -0.10565397143363953
                ],
                [
                    0.4093268811702728,
                    -0.26672765612602234,
                    0.8725296854972839
                ]
            ],
            [
                [
                    0.908325731754303,
                    -0.41825103759765625,
                    -0.003238383214920759
                ],
                [
                    0.35808539390563965,
                    0.7816171050071716,
                    -0.5107343196868896
                ],
                [
                    0.2161463052034378,
                    0.4627534747123718,
                    0.8597325086593628
                ]
            ],
            [
                [
                    0.7819883823394775,
                    -0.12343355268239975,
                    0.6109487414360046
                ],
                [
                    0.043132949620485306,
                    0.9885618090629578,
                    0.14451658725738525
                ],
                [
                    -0.6217988133430481,
                    -0.08665826171636581,
                    0.7783678770065308
                ]
            ],
            [
                [
                    0.4396337866783142,
                    -0.7918057441711426,
                    -0.4239879548549652
                ],
                [
                    0.7990317940711975,
                    0.5603784322738647,
                    -0.21800027787685394
                ],
                [
                    0.410207599401474,
                    -0.24293960630893707,
                    0.8790392875671387
                ]
            ],
            [
                [
                    0.8512389063835144,
                    -0.49636369943618774,
                    -0.17033903300762177
                ],
                [
                    0.5206980109214783,
                    0.8392859101295471,
                    0.1564374417066574
                ],
                [
                    0.06531330198049545,
                    -0.2218608409166336,
                    0.9728884100914001
                ]
            ],
            [
                [
                    0.8304901123046875,
                    -0.5272610783576965,
                    0.1796714812517166
                ],
                [
                    0.5272465348243713,
                    0.8481299877166748,
                    0.05183272808790207
                ],
                [
                    -0.1797141432762146,
                    0.05168459191918373,
                    0.9823601245880127
                ]
            ],
            [
                [
                    -0.062340475618839264,
                    -0.9077942371368408,
                    -0.41475701332092285
                ],
                [
                    0.9720927476882935,
                    -0.14939594268798828,
                    0.18087710440158844
                ],
                [
                    -0.22616219520568848,
                    -0.3919063210487366,
                    0.8917735815048218
                ]
            ],
            [
                [
                    0.5368041396141052,
                    -0.8354047536849976,
                    -0.1180686205625534
                ],
                [
                    0.7378567457199097,
                    0.3969739079475403,
                    0.5458746552467346
                ],
                [
                    -0.40915611386299133,
                    -0.38014549016952515,
                    0.8295062184333801
                ]
            ],
            [
                [
                    0.8346932530403137,
                    -0.540018618106842,
                    0.10801467299461365
                ],
                [
                    0.29601040482521057,
                    0.6053284406661987,
                    0.7388879656791687
                ],
                [
                    -0.4643975496292114,
                    -0.5847712755203247,
                    0.66511470079422
                ]
            ],
            [
                [
                    0.4001654088497162,
                    -0.8695136308670044,
                    -0.28950580954551697
                ],
                [
                    0.8074503540992737,
                    0.4839361310005188,
                    -0.33738669753074646
                ],
                [
                    0.4334647059440613,
                    -0.09875106811523438,
                    0.8957435488700867
                ]
            ],
            [
                [
                    0.6040977835655212,
                    -0.7879341840744019,
                    -0.11927088350057602
                ],
                [
                    0.7014122605323792,
                    0.45467475056648254,
                    0.5489004254341125
                ],
                [
                    -0.37826797366142273,
                    -0.4152476191520691,
                    0.8273347616195679
                ]
            ],
            [
                [
                    0.7623893022537231,
                    -0.6208381652832031,
                    0.18254464864730835
                ],
                [
                    0.5338641405105591,
                    0.7628406286239624,
                    0.36477839946746826
                ],
                [
                    -0.36572083830833435,
                    -0.18064910173416138,
                    0.9130247831344604
                ]
            ],
            [
                [
                    0.7426404356956482,
                    0.07582635432481766,
                    -0.6653837561607361
                ],
                [
                    -0.6089881062507629,
                    0.489804208278656,
                    -0.6238792538642883
                ],
                [
                    0.2786012887954712,
                    0.8685287237167358,
                    0.40992575883865356
                ]
            ],
            [
                [
                    0.8022964000701904,
                    -0.5644703507423401,
                    -0.19414851069450378
                ],
                [
                    0.5939050912857056,
                    0.7221559882164001,
                    0.3546370565891266
                ],
                [
                    -0.05997661128640175,
                    -0.39982983469963074,
                    0.9146249890327454
                ]
            ],
            [
                [
                    0.9315175414085388,
                    -0.31919246912002563,
                    -0.17433106899261475
                ],
                [
                    0.1495124101638794,
                    0.77303546667099,
                    -0.616491973400116
                ],
                [
                    0.3315436840057373,
                    0.5482083559036255,
                    0.767819344997406
                ]
            ]
        ],
        "betas": [
            0.005685299634933472,
            -0.03898021578788757,
            -0.02333652973175049,
            0.032953888177871704,
            0.004653036594390869,
            -0.029696699231863022,
            0.03741714358329773,
            -0.04263851046562195,
            0.005625814199447632,
            -0.05920591950416565
        ]
    },
    "pred_cam_t": [
        -0.13922704756259918,
        -0.028566762804985046,
        4.331494331359863
    ],
    "focal_length": [
        5000.0,
        5000.0
    ],
    "pred_keypoints_3d": [
        [
            0.09570063650608063,
            0.006379847880452871,
            0.006187034770846367
        ],
        [
            0.09608824551105499,
            0.0005087978206574917,
            0.04428756237030029
        ],
        [
            0.11649028956890106,
            -0.004654888063669205,
            0.06677514314651489
        ],
        [
            0.13943719863891602,
            0.001254481729120016,
            0.0799417495727539
        ],
        [
            0.1640714854001999,
            0.023945147171616554,
            0.08983578532934189
        ],
        [
            0.15209035575389862,
            -0.01360190287232399,
            0.07429575175046921
        ],
        [
            0.17188671231269836,
            0.006475606933236122,
            0.09145662933588028
        ],
        [
            0.17509782314300537,
            0.027570141479372978,
            0.09757278859615326
        ],
        [
            0.17022155225276947,
            0.043345920741558075,
            0.11523778736591339
        ],
        [
            0.17161862552165985,
            -0.003533185925334692,
            0.06202109903097153
        ],
        [
            0.18569645285606384,
            0.0233816746622324,
            0.07108050584793091
        ],
        [
            0.1809745579957962,
            0.04593745991587639,
            0.07427466660737991
        ],
        [
            0.16698835790157318,
            0.0658670961856842,
            0.08161427080631256
        ],
        [
            0.17377012968063354,
            0.013764770701527596,
            0.041751861572265625
        ],
        [
            0.18702128529548645,
            0.03819196671247482,
            0.04945957288146019
        ],
        [
            0.1712721586227417,
            0.057017840445041656,
            0.05292961001396179
        ],
        [
            0.1498318910598755,
            0.064719557762146,
            0.0627814382314682
        ],
        [
            0.17119200527668,
            0.02994653768837452,
            0.027354463934898376
        ],
        [
            0.16534478962421417,
            0.05013824626803398,
            0.02935652621090412
        ],
        [
            0.14691373705863953,
            0.05193784832954407,
            0.025330867618322372
        ],
        [
            0.13155518472194672,
            0.03908628970384598,
            0.026900742202997208
        ]
    ],
    "pred_vertices": [
        [
            0.12084054946899414,
            0.0028451401740312576,
            0.05224589258432388
        ],
        [
            0.11216381192207336,
            0.0057014841586351395,
            0.044551704078912735
        ],
        [
            0.11672426760196686,
            0.0030861422419548035,
            0.05150347948074341
        ],
        [
            0.12197837978601456,
            -0.0002409573644399643,
            0.05938097834587097
        ],
        [
            0.10368426889181137,
            0.01552228257060051,
            0.05281435698270798
        ],
        [
            0.09310002624988556,
            0.012793276458978653,
            0.05874650180339813
        ],
        [
            0.1071334257721901,
            0.008894888684153557,
            0.06979771703481674
        ],
        [
            0.11363616585731506,
            0.012881137430667877,
            0.06198396533727646
        ],
        [
            0.12474768608808517,
            -0.004602929577231407,
            0.0636090561747551
        ],
        [
            0.12089549005031586,
            0.001376984640955925,
            0.05757017433643341
        ],
        [
            0.12654119729995728,
            -0.009263748303055763,
            0.06212427467107773
        ],
        [
            0.13050010800361633,
            -0.018938617780804634,
            0.06756347417831421
        ],
        [
            0.12965340912342072,
            -0.011105315759778023,
            0.06918705999851227
        ],
        [
            0.1369646191596985,
            -0.022434014827013016,
            0.07134879380464554
        ],
        [
            0.12668219208717346,
            -0.025819081813097,
            0.060672711580991745
        ],
        [
            0.14111092686653137,
            -0.02781066857278347,
            0.06517690420150757
        ],
        [
            0.13640619814395905,
            -0.02103925496339798,
            0.03785797953605652
        ],
        [
            0.14134421944618225,
            -0.013420120812952518,
            0.02784162014722824
        ],
        [
            0.1565190851688385,
            -0.014398209750652313,
            0.03744696080684662
        ],
        [
            0.1497945785522461,
            -0.02123115211725235,
            0.0472087562084198
        ],
        [
            0.157053604722023,
            0.00020478013902902603,
            0.022388290613889694
        ],
        [
            0.1574188619852066,
            -0.007809967268258333,
            0.031230080872774124
        ],
        [
            0.14281661808490753,
            -0.007866029627621174,
            0.020865939557552338
        ],
        [
            0.1430385857820511,
            -0.0004708627238869667,
            0.013750851154327393
        ],
        [
            0.12249715626239777,
            0.010518413037061691,
            0.0399383008480072
        ],
        [
            0.11323478072881699,
            0.01328588929027319,
            0.03337223082780838
        ],
        [
            0.11162988841533661,
            0.009499344043433666,
            0.036879248917102814
        ],
        [
            0.12088227272033691,
            0.0072840480133891106,
            0.04382535070180893
        ],
        [
            0.12656979262828827,
            -0.011675980873405933,
            0.06595844775438309
        ],
        [
            0.11692634224891663,
            -0.019289297983050346,
            0.0627516657114029
        ],
        [
            0.12331542372703552,
            -0.016430485993623734,
            0.06200072914361954
        ],
        [
            0.12873829901218414,
            -0.0071317283436656,
            0.06424807012081146
        ],
        [
            0.09623291343450546,
            0.028320467099547386,
            0.016743090003728867
        ],
        [
            0.0872274786233902,
            0.023715661838650703,
            0.007749039679765701
        ],
        [
            0.0845845490694046,
            0.019900774583220482,
            0.011450707912445068
        ],
        [
            0.09335095435380936,
            0.024653775617480278,
            0.0187310129404068
        ],
        [
            0.07898756116628647,
            0.013877449557185173,
            0.0351259708404541
        ],
        [
            0.07543444633483887,
            0.009357970207929611,
            0.02365061268210411
        ],
        [
            0.0693790540099144,
            -0.002848990261554718,
            0.02173072099685669
        ],
        [
            0.07370736449956894,
            -0.0019771140068769455,
            0.03305550664663315
        ],
        [
            0.0852922797203064,
            0.01487697847187519,
            0.04809349402785301
        ],
        [
            0.07818921655416489,
            0.002673257142305374,
            0.047947853803634644
        ],
        [
            0.08766301721334457,
            0.0030326731503009796,
            0.06168542802333832
        ],
        [
            0.10382560640573502,
            0.001167869195342064,
            0.07414045929908752
        ],
        [
            0.0936117097735405,
            0.029634539037942886,
            -0.0016692541539669037
        ],
        [
            0.10093691945075989,
            0.034352269023656845,
            0.0037458986043930054
        ],
        [
            0.16138513386249542,
            0.01401069387793541,
            0.09650938957929611
        ],
        [
            0.16254377365112305,
            0.017238842323422432,
            0.09150375425815582
        ],
        [
            0.15870296955108643,
            0.01244082860648632,
            0.08978930115699768
        ],
        [
            0.15859828889369965,
            0.009990447200834751,
            0.09483031928539276
        ],
        [
            0.10983845591545105,
            0.024551987648010254,
            -0.012766711413860321
        ],
        [
            0.11307954788208008,
            0.015802158042788506,
            -0.01654772460460663
        ],
        [
            0.10719563812017441,
            0.01772375963628292,
            -0.020425032824277878
        ],
        [
            0.10292629897594452,
            0.024770662188529968,
            -0.015899330377578735
        ],
        [
            0.11894946545362473,
            0.024226436391472816,
            -0.008625354617834091
        ],
        [
            0.12087655067443848,
            0.013304505497217178,
            -0.010577548295259476
        ],
        [
            0.17152801156044006,
            0.0066393353044986725,
            0.09903930872678757
        ],
        [
            0.16701063513755798,
            0.008581561967730522,
            0.10094034671783447
        ],
        [
            0.16546353697776794,
            0.003490123897790909,
            0.09847255796194077
        ],
        [
            0.16958989202976227,
            0.0011249883100390434,
            0.09539195895195007
        ],
        [
            0.12843728065490723,
            -0.0039803944528102875,
            0.06679125130176544
        ],
        [
            0.12854036688804626,
            0.0016468903049826622,
            0.05988767370581627
        ],
        [
            0.14211225509643555,
            -0.0062477015890181065,
            0.07664034515619278
        ],
        [
            0.13836044073104858,
            -0.0029730796813964844,
            0.06923431903123856
        ],
        [
            0.13486218452453613,
            -0.008270462043583393,
            0.07252611219882965
        ],
        [
            0.13936495780944824,
            -0.011061133816838264,
            0.07803922891616821
        ],
        [
            0.1433078646659851,
            0.009775134734809399,
            0.04983481764793396
        ],
        [
            0.13353577256202698,
            0.01062222570180893,
            0.04357029125094414
        ],
        [
            0.13255366683006287,
            0.006819261237978935,
            0.04882275313138962
        ],
        [
            0.14234906435012817,
            0.005629098042845726,
            0.05736168473958969
        ],
        [
            0.13660688698291779,
            0.0209719967097044,
            0.034382496029138565
        ],
        [
            0.14608502388000488,
            0.018827857449650764,
            0.04095936939120293
        ],
        [
            0.1465146392583847,
            0.0248129740357399,
            0.03481897711753845
        ],
        [
            0.13949765264987946,
            0.026163334026932716,
            0.03186425566673279
        ],
        [
            0.16039210557937622,
            0.012254923582077026,
            0.05440634861588478
        ],
        [
            0.16451217234134674,
            0.01050836406648159,
            0.05721142515540123
        ],
        [
            0.16734139621257782,
            0.01671488955616951,
            0.05598537251353264
        ],
        [
            0.1610303372144699,
            0.015247768722474575,
            0.05195881426334381
        ],
        [
            0.10144739598035812,
            0.01848476752638817,
            -0.024564050137996674
        ],
        [
            0.09611302614212036,
            0.02411961928009987,
            -0.01854689046740532
        ],
        [
            0.15762662887573242,
            0.01801981031894684,
            0.008855026215314865
        ],
        [
            0.1519950032234192,
            0.02737896516919136,
            0.0062157586216926575
        ],
        [
            0.16344581544399261,
            0.02959044836461544,
            0.012023160234093666
        ],
        [
            0.16804425418376923,
            0.01815716363489628,
            0.013057518750429153
        ],
        [
            0.11406277865171432,
            0.005632972810417414,
            -0.014860332012176514
        ],
        [
            0.10937734693288803,
            0.007931403815746307,
            -0.020716369152069092
        ],
        [
            0.17565004527568817,
            0.006932435557246208,
            0.09415870159864426
        ],
        [
            0.17287994921207428,
            0.0017985180020332336,
            0.09042368084192276
        ],
        [
            0.08529045432806015,
            -0.009334467351436615,
            0.05632335692644119
        ],
        [
            0.1020570620894432,
            -0.008304411545395851,
            0.07291202247142792
        ],
        [
            0.0778917446732521,
            -0.01075688935816288,
            0.039712369441986084
        ],
        [
            0.07550591975450516,
            -0.012717301957309246,
            0.026881184428930283
        ],
        [
            0.07161051034927368,
            -0.014288218691945076,
            0.017483137547969818
        ],
        [
            0.14365801215171814,
            0.00013390090316534042,
            0.06767717748880386
        ],
        [
            0.1276007443666458,
            0.004955364391207695,
            0.05153194069862366
        ],
        [
            0.12386371940374374,
            0.013898827135562897,
            0.036439429968595505
        ],
        [
            0.13425447046756744,
            0.03758420795202255,
            0.01964358426630497
        ],
        [
            0.1251898854970932,
            0.038567543029785156,
            0.014807097613811493
        ],
        [
            0.12440255284309387,
            0.03277108073234558,
            0.023828666657209396
        ],
        [
            0.13273030519485474,
            0.03262278437614441,
            0.0258774533867836
        ],
        [
            0.1485062539577484,
            0.03597459942102432,
            0.01024024561047554
        ],
        [
            0.14568457007408142,
            0.03795463591814041,
            0.017568636685609818
        ],
        [
            0.1523456871509552,
            0.037076398730278015,
            0.020930957049131393
        ],
        [
            0.15731430053710938,
            0.0357743576169014,
            0.01466532051563263
        ],
        [
            0.12311960756778717,
            -0.014761548489332199,
            0.07156221568584442
        ],
        [
            0.1105511337518692,
            -0.020570915192365646,
            0.06468548625707626
        ],
        [
            0.10495107620954514,
            0.03123641572892666,
            -0.006134103983640671
        ],
        [
            0.09771940112113953,
            0.02915734238922596,
            -0.008350461721420288
        ],
        [
            0.09110380709171295,
            0.026604915037751198,
            -0.01315058022737503
        ],
        [
            0.10333339869976044,
            0.020869361236691475,
            0.026410486549139023
        ],
        [
            0.09113429486751556,
            0.02235235460102558,
            0.020359188318252563
        ],
        [
            0.08922689408063889,
            0.020594846457242966,
            0.024433068931102753
        ],
        [
            0.10194427520036697,
            0.01819843426346779,
            0.028004035353660583
        ],
        [
            0.10480111837387085,
            0.012499473989009857,
            0.040657155215740204
        ],
        [
            0.09357314556837082,
            0.01843012496829033,
            0.041210807859897614
        ],
        [
            0.11341947317123413,
            0.010544437915086746,
            0.048414088785648346
        ],
        [
            0.07954295724630356,
            0.015004181303083897,
            0.015812456607818604
        ],
        [
            0.07639813423156738,
            0.018165376037359238,
            0.005408383905887604
        ],
        [
            0.07238411903381348,
            0.011853333562612534,
            0.010220065712928772
        ],
        [
            0.08128765225410461,
            0.023289799690246582,
            -0.001367621123790741
        ],
        [
            0.08643055707216263,
            0.02661522850394249,
            -0.00783940777182579
        ],
        [
            0.10485927015542984,
            0.007561888080090284,
            -0.027951229363679886
        ],
        [
            0.07006868720054626,
            0.005059793591499329,
            0.014415107667446136
        ],
        [
            0.11937734484672546,
            0.010050110518932343,
            0.06826027482748032
        ],
        [
            0.12469738721847534,
            0.008943594992160797,
            0.07318715751171112
        ],
        [
            0.12810227274894714,
            0.006700546946376562,
            0.06645378470420837
        ],
        [
            0.1234259307384491,
            0.007052931934595108,
            0.061374731361866
        ],
        [
            0.1457558274269104,
            -0.02266564778983593,
            0.0763310119509697
        ],
        [
            0.1411958634853363,
            -0.016655616462230682,
            0.07903576642274857
        ],
        [
            0.13366356492042542,
            -0.015573104843497276,
            0.07334835827350616
        ],
        [
            0.1071724146604538,
            0.03153347596526146,
            0.019265905022621155
        ],
        [
            0.11055004596710205,
            0.036730121821165085,
            0.008207663893699646
        ],
        [
            0.14682236313819885,
            -0.003052355255931616,
            0.07448682188987732
        ],
        [
            0.16967037320137024,
            -0.00358489528298378,
            0.09247366338968277
        ],
        [
            0.16463470458984375,
            -0.0022404156625270844,
            0.09591326117515564
        ],
        [
            0.15587912499904633,
            -0.014813539572060108,
            0.08684578537940979
        ],
        [
            0.16198238730430603,
            -0.015684524551033974,
            0.08355686068534851
        ],
        [
            0.15617740154266357,
            -0.0017417077906429768,
            0.07316070795059204
        ],
        [
            0.14906702935695648,
            -0.0021745064295828342,
            0.07554593682289124
        ],
        [
            0.1508350819349289,
            -0.0010765306651592255,
            0.07525033503770828
        ],
        [
            0.1563352644443512,
            0.0014493661001324654,
            0.07230723649263382
        ],
        [
            0.16568775475025177,
            0.02163703180849552,
            0.0486987940967083
        ],
        [
            0.15996824204921722,
            0.020666787400841713,
            0.04587867856025696
        ],
        [
            0.16171064972877502,
            -0.017274409532546997,
            0.05816037952899933
        ],
        [
            0.15574948489665985,
            -0.027419263496994972,
            0.06333742290735245
        ],
        [
            0.1442856639623642,
            -0.027871251106262207,
            0.05541205406188965
        ],
        [
            0.14434851706027985,
            0.014625954441726208,
            0.04423628747463226
        ],
        [
            0.1532668173313141,
            0.014300558716058731,
            0.04944656789302826
        ],
        [
            0.15410256385803223,
            0.016969822347164154,
            0.04647884890437126
        ],
        [
            0.14817145466804504,
            0.001386397983878851,
            0.06719571352005005
        ],
        [
            0.15195494890213013,
            -0.0007027308456599712,
            0.07160796970129013
        ],
        [
            0.1540079414844513,
            0.0016068331897258759,
            0.06765023618936539
        ],
        [
            0.14948084950447083,
            0.00431680865585804,
            0.06262003630399704
        ],
        [
            0.14049039781093597,
            0.0259571336209774,
            -0.0002577193081378937
        ],
        [
            0.13709750771522522,
            0.036164432764053345,
            0.004469741135835648
        ],
        [
            0.16315068304538727,
            0.011095354333519936,
            0.09993401169776917
        ],
        [
            0.16108088195323944,
            0.006459699012339115,
            0.09795418381690979
        ],
        [
            0.134718656539917,
            0.015395833179354668,
            0.03825095668435097
        ],
        [
            0.13144585490226746,
            -0.02528044395148754,
            0.046923935413360596
        ],
        [
            0.12505637109279633,
            0.017801843583583832,
            0.032751377671957016
        ],
        [
            0.1722496896982193,
            0.013141846284270287,
            0.03184887021780014
        ],
        [
            0.17008887231349945,
            0.02322186529636383,
            0.0347079336643219
        ],
        [
            0.17234355211257935,
            0.02239457331597805,
            0.036688342690467834
        ],
        [
            0.1758549064397812,
            0.01661662757396698,
            0.03627222031354904
        ],
        [
            0.16463437676429749,
            0.010044435039162636,
            0.0789252519607544
        ],
        [
            0.16034658253192902,
            0.0110288355499506,
            0.08304030448198318
        ],
        [
            0.16134630143642426,
            0.01421097107231617,
            0.08446050435304642
        ],
        [
            0.16591580212116241,
            0.013119709677994251,
            0.0810074731707573
        ],
        [
            0.1454334408044815,
            -0.005138277541846037,
            0.07903329282999039
        ],
        [
            0.14371418952941895,
            -0.009953688830137253,
            0.08215220272541046
        ],
        [
            0.14740969240665436,
            -0.0065324390307068825,
            0.08439432084560394
        ],
        [
            0.14881040155887604,
            -0.0027858568355441093,
            0.0798012912273407
        ],
        [
            0.14653907716274261,
            -0.015040098689496517,
            0.08347257971763611
        ],
        [
            0.1504715532064438,
            -0.011538837105035782,
            0.0867934599518776
        ],
        [
            0.1697569638490677,
            0.006259337533265352,
            0.07807963341474533
        ],
        [
            0.17326349020004272,
            0.0007757474668323994,
            0.08182590454816818
        ],
        [
            0.16715890169143677,
            -0.008231164887547493,
            0.07261582463979721
        ],
        [
            0.16356492042541504,
            -0.0008941513951867819,
            0.07157440483570099
        ],
        [
            0.1305563747882843,
            -0.002259116154164076,
            0.004880733788013458
        ],
        [
            0.13203026354312897,
            0.0069558569230139256,
            -0.0012546032667160034
        ],
        [
            0.14477187395095825,
            0.008849510923027992,
            0.007198456674814224
        ],
        [
            0.15830488502979279,
            0.010330602526664734,
            0.014801409095525742
        ],
        [
            0.16995997726917267,
            0.011843710206449032,
            0.023576991632580757
        ],
        [
            0.16929244995117188,
            0.0005917288362979889,
            0.02913588471710682
        ],
        [
            0.1441763937473297,
            0.015635233372449875,
            0.0024769194424152374
        ],
        [
            0.1631457805633545,
            -0.006110692396759987,
            0.06897704303264618
        ],
        [
            0.1627710908651352,
            -0.014758408069610596,
            0.06701874732971191
        ],
        [
            0.16462624073028564,
            -0.011357765644788742,
            0.06545904278755188
        ],
        [
            0.12679992616176605,
            0.024120397865772247,
            0.02915550395846367
        ],
        [
            0.16035149991512299,
            0.00035343505442142487,
            0.09615853428840637
        ],
        [
            0.09085282683372498,
            -0.02191103622317314,
            0.008678987622261047
        ],
        [
            0.09919418394565582,
            -0.017885727807879448,
            -0.0015224814414978027
        ],
        [
            0.10424689948558807,
            -0.018313689157366753,
            0.005646169185638428
        ],
        [
            0.09446561336517334,
            -0.021982379257678986,
            0.01784035935997963
        ],
        [
            0.15724900364875793,
            0.008706014603376389,
            0.0889061987400055
        ],
        [
            0.15683357417583466,
            0.004793783649802208,
            0.09376030415296555
        ],
        [
            0.16144046187400818,
            0.025556130334734917,
            0.04206283390522003
        ],
        [
            0.1664694845676422,
            0.02492092363536358,
            0.04424741491675377
        ],
        [
            0.1688195765018463,
            0.026154717430472374,
            0.03977581858634949
        ],
        [
            0.16433069109916687,
            0.029785005375742912,
            0.03931456431746483
        ],
        [
            0.13116304576396942,
            0.011954071000218391,
            -0.004506204277276993
        ],
        [
            0.16769026219844818,
            0.03397786617279053,
            0.017641188576817513
        ],
        [
            0.17280156910419464,
            0.02440173551440239,
            0.019685719162225723
        ],
        [
            0.12104569375514984,
            0.0049139526672661304,
            -0.008350156247615814
        ],
        [
            0.11996908485889435,
            -0.0035438784398138523,
            -0.0035413503646850586
        ],
        [
            0.11262932419776917,
            -0.004089855123311281,
            -0.010001562535762787
        ],
        [
            0.16999167203903198,
            -0.005046323407441378,
            0.043376244604587555
        ],
        [
            0.1306639313697815,
            -0.00828989315778017,
            0.011146221309900284
        ],
        [
            0.11922185122966766,
            -0.008754953742027283,
            0.002048119902610779
        ],
        [
            0.1104239672422409,
            -0.009640059433877468,
            -0.005416102707386017
        ],
        [
            0.10472662001848221,
            -0.010268926620483398,
            -0.011517733335494995
        ],
        [
            0.10765105485916138,
            -0.004012546967715025,
            -0.015834156423807144
        ],
        [
            0.1722978800535202,
            -0.0020118914544582367,
            0.08708473294973373
        ],
        [
            0.17442549765110016,
            0.005234133452177048,
            0.08472881466150284
        ],
        [
            0.10287319868803024,
            -0.004843856208026409,
            -0.023535065352916718
        ],
        [
            0.09942788630723953,
            -0.011423339135944843,
            -0.01797206699848175
        ],
        [
            0.11697947978973389,
            -0.014496438205242157,
            0.008908603340387344
        ],
        [
            0.1128414124250412,
            -0.02031290903687477,
            0.018091369420289993
        ],
        [
            0.1280202567577362,
            -0.01364344172179699,
            0.017551925033330917
        ],
        [
            0.12520164251327515,
            -0.019647911190986633,
            0.027025658637285233
        ],
        [
            0.16756264865398407,
            -0.01600692979991436,
            0.0458296462893486
        ],
        [
            0.18032225966453552,
            0.02293318696320057,
            0.09107153862714767
        ],
        [
            0.17580120265483856,
            0.014695608988404274,
            0.08462512493133545
        ],
        [
            0.17073971033096313,
            0.017607983201742172,
            0.08374432474374771
        ],
        [
            0.17776116728782654,
            0.025586625561118126,
            0.08910632878541946
        ],
        [
            0.1708374172449112,
            0.009929560124874115,
            0.08083751052618027
        ],
        [
            0.17745137214660645,
            0.010319801978766918,
            0.08825889974832535
        ],
        [
            0.1177683100104332,
            -0.02410293184220791,
            0.039013512432575226
        ],
        [
            0.15861119329929352,
            0.0004053693264722824,
            0.07144685834646225
        ],
        [
            0.10172459483146667,
            -0.02289852686226368,
            0.03316860646009445
        ],
        [
            0.11553478240966797,
            -0.02683885395526886,
            0.05384114757180214
        ],
        [
            0.10340038686990738,
            -0.02371465042233467,
            0.05186228081583977
        ],
        [
            0.08514778316020966,
            -0.020475588738918304,
            0.02967558428645134
        ],
        [
            0.08919957280158997,
            -0.019688524305820465,
            0.04740079492330551
        ],
        [
            0.07851313799619675,
            -0.020757174119353294,
            0.010756440460681915
        ],
        [
            0.08306141942739487,
            -0.02064467780292034,
            0.0190073661506176
        ],
        [
            0.09822611510753632,
            -0.018103500828146935,
            0.06273756921291351
        ],
        [
            0.1660795360803604,
            0.023822613060474396,
