{
    "pred_cam": [
        8.17556095123291,
        0.08965760469436646,
        -0.07166677713394165
    ],
    "pred_mano_params": {
        "global_orient": [
            [
                [
                    0.3941570222377777,
                    -0.8227369785308838,
                    0.4095657467842102
                ],
                [
                    -0.9093501567840576,
                    -0.4136846661567688,
                    0.04412739351391792
                ],
                [
                    0.13312584161758423,
                    -0.3898318111896515,
                    -0.9112127423286438
                ]
            ]
        ],
        "hand_pose": [
            [
                [
                    0.46552786231040955,
                    -0.8561665415763855,
                    -0.22419336438179016
                ],
                [
                    0.8626827597618103,
                    0.4955405592918396,
                    -0.10108412802219391
                ],
                [
                    0.1976417601108551,
                    -0.14635027945041656,
                    0.9692880511283875
                ]
            ],
            [
                [
                    0.5621820688247681,
                    -0.7689698338508606,
                    0.3043625056743622
                ],
                [
                    0.826606035232544,
                    0.5340183973312378,
                    -0.17761395871639252
                ],
                [
                    -0.025955382734537125,
                    0.35143929719924927,
                    0.9358506202697754
                ]
            ],
            [
                [
                    0.8966422080993652,
                    -0.3817070722579956,
                    -0.22434909641742706
                ],
                [
                    0.39732876420021057,
                    0.9172689914703369,
                    0.02733995020389557
                ],
                [
                    0.19535261392593384,
                    -0.11365450173616409,
                    0.9741252660751343
                ]
            ],
            [
                [
                    -0.17410486936569214,
                    -0.9372836351394653,
                    -0.30197176337242126
                ],
                [
                    0.9646947383880615,
                    -0.2238849252462387,
                    0.13870704174041748
                ],
                [
                    -0.19761474430561066,
                    -0.26716098189353943,
                    0.943172037601471
                ]
            ],
            [
                [
                    0.9041777849197388,
                    -0.37968066334724426,
                    -0.1957167387008667
                ],
                [
                    0.41985994577407837,
                    0.874280571937561,
                    0.24362097680568695
                ],
                [
                    0.07861316949129105,
                    -0.3024503290653229,
                    0.9499177932739258
                ]
            ],
            [
                [
                    0.9767258167266846,
                    -0.12792591750621796,
                    -0.17216762900352478
                ],
                [
                    0.1379569172859192,
                    0.9892953634262085,
                    0.04756737872958183
                ],
                [
                    0.1642395257949829,
                    -0.0702119991183281,
                    0.9839186072349548
                ]
            ],
            [
                [
                    -0.04899244010448456,
                    -0.9897122979164124,
                    0.13442237675189972
                ],
                [
                    0.5037722587585449,
                    0.09172511100769043,
                    0.8589528203010559
                ],
                [
                    -0.8624460101127625,
                    0.10980046540498734,
                    0.4940957725048065
                ]
            ],
            [
                [
                    0.8568906784057617,
                    -0.4618462324142456,
                    -0.22898992896080017
                ],
                [
                    0.5150770545005798,
                    0.7850313782691956,
                    0.344123899936676
                ],
                [
                    0.02083195187151432,
                    -0.41282403469085693,
                    0.9105724692344666
                ]
            ],
            [
                [
                    0.9752155542373657,
                    -0.2135300487279892,
                    0.05796051397919655
                ],
                [
                    0.18985044956207275,
                    0.9420986771583557,
                    0.27641797065734863
                ],
                [
                    -0.1136280819773674,
                    -0.2585632801055908,
                    0.9592880606651306
                ]
            ],
            [
                [
                    -0.23782239854335785,
                    -0.9673440456390381,
                    0.08767025917768478
                ],
                [
                    0.8475725650787354,
                    -0.16259413957595825,
                    0.5051573514938354
                ],
                [
                    -0.47440624237060547,
                    0.19444462656974792,
                    0.8585627675056458
                ]
            ],
            [
                [
                    0.9441038966178894,
                    -0.3019937574863434,
                    -0.13216502964496613
                ],
                [
                    0.32604891061782837,
                    0.7963762879371643,
                    0.5093889236450195
                ],
                [
                    -0.04857918992638588,
                    -0.5240083336830139,
                    0.8503267168998718
                ]
            ],
            [
                [
                    0.9558703303337097,
                    -0.21623826026916504,
                    -0.19887927174568176
                ],
                [
                    0.24827492237091064,
                    0.9564801454544067,
                    0.15331430733203888
                ],
                [
                    0.15707165002822876,
                    -0.19592532515525818,
                    0.9679575562477112
                ]
            ],
            [
                [
                    0.9753294587135315,
                    -0.21838638186454773,
                    -0.03224693983793259
                ],
                [
                    0.03068055771291256,
                    0.2787562906742096,
                    -0.9598718285560608
                ],
                [
                    0.218611940741539,
                    0.93520188331604,
                    0.278579443693161
                ]
            ],
            [
                [
                    0.9510077834129333,
                    -0.3036746680736542,
                    0.058015961199998856
                ],
                [
                    0.1823781132698059,
                    0.7025600671768188,
                    0.6878572106361389
                ],
                [
                    -0.24964453279972076,
                    -0.6435767412185669,
                    0.7235236763954163
                ]
            ],
            [
                [
                    0.9709969758987427,
                    0.21705128252506256,
                    -0.10026770830154419
                ],
                [
                    -0.2315945327281952,
                    0.9580408334732056,
                    -0.1688835620880127
                ],
                [
                    0.0594041682779789,
                    0.18720687925815582,
                    0.980522632598877
                ]
            ]
        ],
        "betas": [
            -0.11723858118057251,
            -0.040985554456710815,
            -0.03036448359489441,
            -0.002683013677597046,
            -0.033664971590042114,
            -0.058060355484485626,
            -0.039085984230041504,
            0.024030223488807678,
            -0.037547916173934937,
            -0.03685086965560913
        ]
    },
    "pred_cam_t": [
        -0.08965760469436646,
        -0.07166677713394165,
        4.777959823608398
    ],
    "focal_length": [
        5000.0,
        5000.0
    ],
    "pred_keypoints_3d": [
        [
            0.09622327238321304,
            0.006436060648411512,
            0.006219392642378807
        ],
        [
            0.11022736132144928,
            0.03610624372959137,
            -0.01456351950764656
        ],
        [
            0.122742660343647,
            0.06428852677345276,
            -0.011120256967842579
        ],
        [
            0.13202664256095886,
            0.08986444026231766,
            -0.00942948181182146
        ],
        [
            0.1420297473669052,
            0.12469443678855896,
            -0.013617375865578651
        ],
        [
            0.0740993469953537,
            0.09005635231733322,
            -0.022488625720143318
        ],
        [
            0.08637398481369019,
            0.11831477284431458,
            -0.0102452477440238
        ],
        [
            0.10689091682434082,
            0.11639950424432755,
            -0.0016788570210337639
        ],
        [
            0.12565025687217712,
            0.10692288726568222,
            0.012564703822135925
        ],
        [
            0.058534737676382065,
            0.09345323592424393,
            -0.00278639979660511
        ],
        [
            0.08671140670776367,
            0.1015428900718689,
            0.009798580780625343
        ],
        [
            0.10784310847520828,
            0.09412803500890732,
            0.01662282645702362
        ],
        [
            0.12974557280540466,
            0.0849461555480957,
            0.028224874287843704
        ],
        [
            0.05610096454620361,
            0.08162941038608551,
            0.021302077919244766
        ],
        [
            0.08400070667266846,
            0.08933816850185394,
            0.023771610110998154
        ],
        [
            0.10685579478740692,
            0.08126182109117508,
            0.02978779375553131
        ],
        [
            0.1286546140909195,
            0.07034170627593994,
            0.03934682160615921
        ],
        [
            0.05937040597200394,
            0.07155678421258926,
            0.04054172337055206
        ],
        [
            0.07852236926555634,
            0.08079356700181961,
            0.040172092616558075
        ],
        [
            0.09668280929327011,
            0.07661772519350052,
            0.04435012862086296
        ],
        [
            0.11464999616146088,
            0.06800120323896408,
            0.04633305221796036
        ]
    ],
    "pred_vertices": [
        [
            0.09714299440383911,
            0.06020227074623108,
            -0.007995443418622017
        ],
        [
            0.10164259374141693,
            0.05076390132308006,
            -0.004970657639205456
        ],
        [
            0.10521896183490753,
            0.05869670957326889,
            -0.005866166204214096
        ],
        [
            0.10051577538251877,
            0.06716600805521011,
            -0.011981912888586521
        ],
        [
            0.11964816600084305,
            0.043121568858623505,
            0.003093404695391655
        ],
        [
            0.1278814673423767,
            0.03788125514984131,
            -0.003666318953037262
        ],
        [
            0.13091935217380524,
            0.05368860438466072,
            -0.0030053118243813515
        ],
        [
            0.12434780597686768,
            0.056124553084373474,
            0.003973199985921383
        ],
        [
            0.10253919661045074,
            0.07290817052125931,
            -0.014733984135091305
        ],
        [
            0.10870271921157837,
            0.06593719124794006,
            -0.006073477678000927
        ],
        [
            0.10381698608398438,
            0.07415623962879181,
            -0.01616802252829075
        ],
        [
            0.09146061539649963,
            0.0763845220208168,
            -0.028599170967936516
        ],
        [
            0.09424088895320892,
            0.07704823464155197,
            -0.02317926287651062
        ],
        [
            0.08345871418714523,
            0.08027401566505432,
            -0.03233196958899498
        ],
        [
            0.0873643308877945,
            0.06761753559112549,
            -0.03319362923502922
        ],
        [
            0.07417558133602142,
            0.07737786322832108,
            -0.0338531956076622
        ],
        [
            0.06597068160772324,
            0.051587387919425964,
            -0.018713563680648804
        ],
        [
            0.0610605850815773,
            0.04711915925145149,
            -0.0063779111951589584
        ],
        [
            0.052156027406454086,
            0.06403559446334839,
            -0.00649156654253602
        ],
        [
            0.05905444547533989,
            0.06693465262651443,
            -0.01861392706632614
        ],
        [
            0.052199266850948334,
            0.05491909757256508,
            0.012925422750413418
        ],
        [
            0.05205722153186798,
            0.06068982183933258,
            0.0022877496667206287
        ],
        [
            0.059472788125276566,
            0.04336017370223999,
            0.001870420528575778
        ],
        [
            0.0596291683614254,
            0.03911307826638222,
            0.011330007575452328
        ],
        [
            0.09271109849214554,
            0.050300873816013336,
            0.0038668042980134487
        ],
        [
            0.09747268259525299,
            0.04105488583445549,
            0.005757273640483618
        ],
        [
            0.09810224175453186,
            0.043862760066986084,
            0.00016307085752487183
        ],
        [
            0.0942300334572792,
            0.052847862243652344,
            -0.0011256597936153412
        ],
        [
            0.11454638093709946,
            0.07506661117076874,
            -0.017870858311653137
        ],
        [
            0.10646837204694748,
            0.06467019021511078,
            -0.027519306167960167
        ],
        [
            0.10298079997301102,
            0.07049813866615295,
            -0.023374143987894058
        ],
        [
            0.11422121524810791,
            0.07679246366024017,
            -0.012423613108694553
        ],
        [
            0.11096014082431793,
            0.019151747226715088,
            0.02103280834853649
        ],
        [
            0.11162490397691727,
            0.005790352821350098,
            0.018034687265753746
        ],
        [
            0.11323995143175125,
            0.006460502743721008,
            0.012281568720936775
        ],
        [
            0.1117546558380127,
            0.01841023564338684,
            0.015870310366153717
        ],
        [
            0.12186391651630402,
            0.017594292759895325,
            -0.003988197073340416
        ],
        [
            0.11916382610797882,
            0.007656671106815338,
            -0.004997141659259796
        ],
        [
            0.11805588006973267,
            0.0009369552135467529,
            -0.01619378663599491
        ],
        [
            0.12000417709350586,
            0.011466674506664276,
            -0.0179690420627594
        ],
        [
            0.12472494691610336,
            0.028073124587535858,
            -0.0041436851024627686
        ],
        [
            0.12570500373840332,
            0.023491263389587402,
            -0.01649419032037258
        ],
        [
            0.12940238416194916,
            0.03523296117782593,
            -0.014442384243011475
        ],
        [
            0.13207665085792542,
            0.05239322781562805,
            -0.012071305885910988
        ],
        [
            0.10537852346897125,
            0.0030271559953689575,
            0.028993528336286545
        ],
        [
            0.10450057685375214,
            0.012529030442237854,
            0.033132657408714294
        ],
        [
            0.09594583511352539,
            0.10804840177297592,
            -0.013781600631773472
        ],
        [
            0.0950784683227539,
            0.10644248872995377,
            -0.007883439771831036
        ],
        [
            0.09359902143478394,
            0.10467597842216492,
            -0.009198341518640518
        ],
        [
            0.09464631229639053,
            0.10685955733060837,
            -0.014665897935628891
        ],
        [
            0.08559130132198334,
            0.0027224719524383545,
            0.034015756100416183
        ],
        [
            0.07726636528968811,
            3.549456596374512e-05,
            0.02892698161303997
        ],
        [
            0.08089055120944977,
            -0.0061776041984558105,
            0.03038359433412552
        ],
        [
            0.08954093605279922,
            -0.0038044676184654236,
            0.033371515572071075
        ],
        [
            0.08031082153320312,
            0.011282369494438171,
            0.034846000373363495
        ],
        [
            0.07279423624277115,
            0.008931651711463928,
            0.026681654155254364
        ],
        [
            0.09240522980690002,
            0.12044848501682281,
            -0.01566346362233162
        ],
        [
            0.09507177770137787,
            0.11627110838890076,
            -0.017447229474782944
        ],
        [
            0.09111485630273819,
            0.11559619754552841,
            -0.019108474254608154
        ],
        [
            0.08735161274671555,
            0.11873701214790344,
            -0.017087284475564957
        ],
        [
            0.09508491307497025,
            0.07411451637744904,
            -0.017224712297320366
        ],
        [
            0.09342657029628754,
            0.06884819269180298,
            -0.010035534389317036
        ],
        [
            0.08555065095424652,
            0.08588247001171112,
            -0.019176634028553963
        ],
        [
            0.08723284304141998,
            0.07997075468301773,
            -0.015055550262331963
        ],
        [
            0.08929913491010666,
            0.07994771748781204,
            -0.0216530654579401
        ],
        [
            0.08676623553037643,
            0.08494146913290024,
            -0.024754349142313004
        ],
        [
            0.08086792379617691,
            0.06939416378736496,
            0.005329737439751625
        ],
        [
            0.08598406612873077,
            0.05902281403541565,
            0.0058036744594573975
        ],
        [
            0.08728750050067902,
            0.06223784387111664,
            1.4117918908596039e-05
        ],
        [
            0.08299512416124344,
            0.07410616427659988,
            -0.0016873013228178024
        ],
        [
            0.08452542871236801,
            0.05529486760497093,
            0.019512321799993515
        ],
        [
            0.07910269498825073,
            0.06542828679084778,
            0.01769811473786831
        ],
        [
            0.078841932117939,
            0.06179250776767731,
            0.025625647976994514
        ],
        [
            0.0836171805858612,
            0.05583619698882103,
            0.025951970368623734
        ],
        [
            0.06991304457187653,
            0.08265425264835358,
            0.011029209941625595
        ],
        [
            0.06618136167526245,
            0.08484715968370438,
            0.008449201472103596
        ],
        [
            0.06703934073448181,
            0.08238041400909424,
            0.012159544043242931
        ],
        [
            0.07000652700662613,
            0.08070503175258636,
            0.01452672854065895
        ],
        [
            0.0837772861123085,
            -0.012721963226795197,
            0.030986754223704338
        ],
        [
            0.09323984384536743,
            -0.010029852390289307,
            0.031825076788663864
        ],
        [
            0.05443160608410835,
            0.04714175686240196,
            0.03397218510508537
        ],
        [
            0.06204451248049736,
            0.043030813336372375,
            0.04174784943461418
        ],
        [
            0.05661722272634506,
            0.05591132864356041,
            0.04422213137149811
        ],
        [
            0.04804091155529022,
            0.05730342119932175,
            0.03493095561861992
        ],
        [
            0.0724160373210907,
            0.00017137080430984497,
            0.019690748304128647
        ],
        [
            0.0744260773062706,
            -0.006859242916107178,
            0.022650133818387985
        ],
        [
            0.08924254775047302,
            0.12257657945156097,
            -0.010564546100795269
        ],
        [
            0.0842772126197815,
            0.12043554335832596,
            -0.011942530050873756
        ],
        [
            0.12213585525751114,
            0.03223193436861038,
            -0.026369480416178703
        ],
        [
            0.12829048931598663,
            0.05234595015645027,
            -0.021403254941105843
        ],
        [
            0.11620078235864639,
            0.01693425327539444,
            -0.026860114187002182
        ],
        [
            0.11090363562107086,
            0.006553716957569122,
            -0.025144310668110847
        ],
        [
            0.10919494926929474,
            -0.0026144981384277344,
            -0.023829491809010506
        ],
        [
            0.08360987901687622,
            0.08191419392824173,
            -0.010055124759674072
        ],
        [
            0.09156574308872223,
            0.06181328743696213,
            -0.004164809361100197
        ],
        [
            0.0917849913239479,
            0.04850638285279274,
            0.008709724992513657
        ],
        [
            0.08746223151683807,
            0.045116670429706573,
            0.03946927934885025
        ],
        [
            0.09276049584150314,
            0.0362044982612133,
            0.03961264342069626
        ],
        [
            0.0947561115026474,
            0.04196615517139435,
            0.03052838146686554
        ],
        [
            0.08919976651668549,
            0.04835949093103409,
            0.03205639123916626
        ],
        [
            0.07074069231748581,
            0.045659441500902176,
            0.046472955495119095
        ],
        [
            0.07747215777635574,
            0.05015208572149277,
            0.04421108961105347
        ],
        [
            0.07295623421669006,
            0.05667729675769806,
            0.04438935965299606
        ],
        [
            0.06538662314414978,
            0.05494624748826027,
            0.04725230485200882
        ],
        [
            0.11977764964103699,
            0.07316799461841583,
            -0.02284199371933937
        ],
        [
            0.11145848035812378,
            0.05970817804336548,
            -0.030240848660469055
        ],
        [
            0.09550009667873383,
            0.006369985640048981,
            0.0356798991560936
        ],
        [
            0.099017433822155,
            -1.7240643501281738e-05,
            0.03256174921989441
        ],
        [
            0.10067649185657501,
            -0.008183792233467102,
            0.030252939090132713
        ],
        [
            0.10509581863880157,
            0.03035692870616913,
            0.012080123648047447
        ],
        [
            0.11234927922487259,
            0.017928272485733032,
            0.012233970686793327
        ],
        [
            0.11337319761514664,
            0.019438110291957855,
            0.008125676773488522
        ],
        [
            0.1042940616607666,
            0.030934728682041168,
            0.008144011721014977
        ],
        [
            0.10681954771280289,
            0.04113539680838585,
            0.0004848223179578781
        ],
        [
            0.11572571098804474,
            0.03158091753721237,
            0.00232020765542984
        ],
        [
            0.1105642169713974,
            0.05076396465301514,
            0.0023900866508483887
        ],
        [
            0.11596253514289856,
            0.005803368985652924,
            0.0044639864936470985
        ],
        [
            0.11609630286693573,
            -0.0034592971205711365,
            0.010820194147527218
        ],
        [
            0.11809809505939484,
            -0.003162980079650879,
            0.0020723193883895874
        ],
        [
            0.1118377298116684,
            -0.005083143711090088,
            0.019568724557757378
        ],
        [
            0.1066272184252739,
            -0.006656907498836517,
            0.026672272011637688
        ],
        [
            0.07444508373737335,
            -0.015357419848442078,
            0.023931054398417473
        ],
        [
            0.11848334968090057,
            -0.0024317800998687744,
            -0.006247546523809433
        ],
        [
            0.12753084301948547,
            0.06532792747020721,
            0.0016688313335180283
        ],
        [
            0.13121163845062256,
            0.07352402806282043,
            -0.0008703474886715412
        ],
        [
            0.1240689754486084,
            0.07573281228542328,
            0.00011276174336671829
        ],
        [
            0.11994516104459763,
            0.06838421523571014,
            0.0020742202177643776
        ],
        [
            0.07826805859804153,
            0.0872814953327179,
            -0.03267110884189606
        ],
        [
            0.08468679338693619,
            0.08647938072681427,
            -0.029491432011127472
        ],
        [
            0.08891923725605011,
            0.07993758469820023,
            -0.02822287566959858
        ],
        [
            0.10535372793674469,
            0.02810879796743393,
            0.026135224848985672
        ],
        [
            0.10025200247764587,
            0.022120647132396698,
            0.03626599162817001
        ],
        [
            0.082505002617836,
            0.08757376670837402,
            -0.014105934649705887
        ],
        [
            0.08351149410009384,
            0.11653032153844833,
            -0.01918799616396427
        ],
        [
            0.08809400349855423,
            0.11336466670036316,
            -0.021561918780207634
        ],
        [
            0.08080465346574783,
            0.09863016754388809,
            -0.02952939085662365
        ],
        [
            0.0747552439570427,
            0.10199796408414841,
            -0.027363818138837814
        ],
        [
            0.07625812292098999,
            0.09210937470197678,
            -0.010573802515864372
        ],
        [
            0.08245297521352768,
            0.08902840316295624,
            -0.013483424670994282
        ],
        [
            0.08222182095050812,
            0.08993609994649887,
            -0.012421668507158756
        ],
        [
            0.0783698633313179,
            0.09312548488378525,
            -0.0076957326382398605
        ],
        [
            0.06680788099765778,
            0.07740303128957748,
            0.020483985543251038
        ],
        [
            0.07000847160816193,
            0.07639341056346893,
            0.022269558161497116
        ],
        [
            0.05706806853413582,
            0.08297359198331833,
            -0.015567985363304615
        ],
        [
            0.05965205281972885,
            0.08308880031108856,
            -0.029312292113900185
        ],
        [
            0.06533508747816086,
            0.07062281668186188,
            -0.029706845059990883
        ],
        [
            0.07988649606704712,
            0.06635373085737228,
            0.012166766449809074
        ],
        [
            0.07507850229740143,
            0.07531679421663284,
            0.012399671599268913
        ],
        [
            0.07441810518503189,
            0.07374242693185806,
            0.016235655173659325
        ],
        [
            0.0806930810213089,
            0.0842740461230278,
            -0.007429333403706551
        ],
        [
            0.07835426181554794,
            0.08920463919639587,
            -0.009599958546459675
        ],
        [
            0.07613828778266907,
            0.08767911046743393,
            -0.005800299812108278
        ],
        [
            0.0792471319437027,
            0.0819767639040947,
            -0.0028504175134003162
        ],
        [
            0.06791049987077713,
            0.030817776918411255,
            0.03955842927098274
        ],
        [
            0.07761693745851517,
            0.03440495580434799,
            0.0454816110432148
        ],
        [
            0.09614850580692291,
            0.11167556792497635,
            -0.016998354345560074
        ],
        [
            0.09379751980304718,
            0.11096107959747314,
            -0.018301909789443016
        ],
        [
            0.08502750098705292,
            0.05630046874284744,
            0.012491384521126747
        ],
        [
            0.07314575463533401,
            0.057081062346696854,
            -0.027374299243092537
        ],
        [
            0.091164231300354,
            0.046887099742889404,
            0.013992303051054478
        ],
        [
            0.05301137641072273,
            0.07410310208797455,
            0.025205889716744423
        ],
        [
            0.05938726291060448,
            0.07513970136642456,
            0.03040716052055359
        ],
        [
            0.06152307614684105,
            0.07726925611495972,
            0.030146637931466103
        ],
        [
            0.0577169731259346,
            0.07941015809774399,
            0.027168065309524536
        ],
        [
            0.08419983834028244,
            0.10502436012029648,
            -0.0020382385700941086
        ],
        [
            0.08934009075164795,
            0.1030748263001442,
            -0.00452608335763216
        ],
        [
            0.09059568494558334,
            0.10490481555461884,
            -0.0036207865923643112
        ],
        [
            0.0866360291838646,
            0.10826020687818527,
            -0.00045408494770526886
        ],
        [
            0.08556521683931351,
            0.08790859580039978,
            -0.018457548692822456
        ],
        [
            0.0865974947810173,
            0.08853229135274887,
            -0.024432383477687836
        ],
        [
            0.08788906037807465,
            0.09136916697025299,
            -0.022348063066601753
        ],
        [
            0.08575121313333511,
            0.09044262021780014,
            -0.016541309654712677
        ],
        [
            0.08398901671171188,
            0.0904582291841507,
            -0.029300959780812263
        ],
        [
            0.08540515601634979,
            0.09446783363819122,
            -0.02757210284471512
        ],
        [
            0.07959862053394318,
            0.10962992906570435,
            -0.002741508185863495
        ],
        [
            0.07799771428108215,
            0.11520497500896454,
            -0.007874896749854088
        ],
        [
            0.06839048117399216,
            0.1012248545885086,
            -0.014048662036657333
        ],
        [
            0.07283701747655869,
            0.09860661625862122,
            -0.007902885787189007
        ],
        [
            0.06465724855661392,
            0.02423262596130371,
            0.00968534592539072
        ],
        [
            0.06525430083274841,
            0.021821685135364532,
            0.02066553570330143
        ],
        [
            0.05983433127403259,
            0.036488428711891174,
            0.0226511862128973
        ],
        [
            0.05275099724531174,
            0.05120529979467392,
            0.025095582008361816
        ],
        [
            0.04804380610585213,
            0.06546393036842346,
            0.025976115837693214
        ],
        [
            0.046055398881435394,
            0.06838331371545792,
            0.014355577528476715
        ],
        [
            0.061503395438194275,
            0.03349302336573601,
            0.030435919761657715
        ],
        [
            0.06553185731172562,
            0.08973125368356705,
            -0.011522462591528893
        ],
        [
            0.06269334256649017,
            0.09176122397184372,
            -0.01727202720940113
        ],
        [
            0.06096463277935982,
            0.08946168422698975,
            -0.013107680715620518
        ],
        [
            0.09126348793506622,
            0.04611979052424431,
            0.021513378247618675
        ],
        [
            0.09195714443922043,
            0.1094222366809845,
            -0.020705532282590866
        ],
        [
            0.08728347718715668,
            0.0008682087063789368,
            -0.02109859324991703
        ],
        [
            0.07848957180976868,
            -0.001882798969745636,
            -0.010749255307018757
        ],
        [
            0.07757173478603363,
            0.0067825838923454285,
            -0.012573231011629105
        ],
        [
            0.08852088451385498,
            0.010544098913669586,
            -0.02391568385064602
        ],
        [
            0.09354809671640396,
            0.10324296355247498,
            -0.010415001772344112
        ],
        [
            0.09445323050022125,
            0.1051149070262909,
            -0.01656964048743248
        ],
        [
            0.07026946544647217,
            0.07544048130512238,
            0.028859347105026245
        ],
        [
            0.06710480153560638,
            0.07692927122116089,
            0.026576096192002296
        ],
        [
            0.06675659120082855,
            0.07498754560947418,
            0.028901532292366028
        ],
        [
            0.06863076984882355,
            0.07534123212099075,
            0.033425360918045044
        ],
        [
            0.06688783317804337,
            0.019580766558647156,
            0.026135597378015518
        ],
        [
            0.06038419529795647,
            0.06621567904949188,
            0.046799436211586
        ],
        [
            0.051577381789684296,
            0.06717988848686218,
            0.0370338037610054
        ],
        [
            0.069644995033741,
            0.009349420666694641,
            0.0185047909617424
        ],
        [
            0.06856158375740051,
            0.011065416038036346,
            0.008860915899276733
        ],
        [
            0.07105404138565063,
            0.0015171915292739868,
            0.00882237683981657
        ],
        [
            0.05040948837995529,
            0.07777313888072968,
            0.003846375970169902
        ],
        [
            0.064499631524086,
            0.028260163962841034,
            0.0018808403983712196
        ],
        [
            0.06912903487682343,
            0.014184586703777313,
            0.001801117672584951
        ],
        [
            0.07214605808258057,
            0.002927042543888092,
            0.001455499092116952
        ],
        [
            0.07345417141914368,
            -0.005379863083362579,
            0.0016945346724241972
        ],
        [
            0.07222738116979599,
            -0.00604730099439621,
            0.009766148403286934
        ],
        [
            0.08004580438137054,
            0.11695949733257294,
            -0.013723166659474373
        ],
        [
            0.0823013186454773,
            0.11933282017707825,
            -0.004905689507722855
        ],
        [
            0.07204163074493408,
            -0.015141434967517853,
            0.010757180862128735
        ],
        [
            0.07404494285583496,
            -0.013828352093696594,
            0.0017311846604570746
        ],
        [
            0.07114143669605255,
            0.017360299825668335,
            -0.006714081857353449
        ],
        [
            0.07552777230739594,
            0.021879419684410095,
            -0.01694979891180992
        ],
        [
            0.06683723628520966,
            0.03092660754919052,
            -0.006269699893891811
        ],
        [
            0.07040796428918839,
            0.03623303771018982,
            -0.016322515904903412
        ],
        [
            0.046885162591934204,
            0.07787318527698517,
            -0.007355086039751768
        ],
        [
            0.09955118596553802,
            0.1206449344754219,
            0.0032727159559726715
        ],
        [
            0.08860762417316437,
            0.11745966225862503,
            0.0009576193988323212
        ],
        [
            0.09008017182350159,
            0.1116839200258255,
            0.0009558387100696564
        ],
        [
            0.09910266101360321,
            0.11642206460237503,
            0.004462524317204952
        ],
        [
            0.08354896306991577,
            0.1133892685174942,
            -0.0005724737420678139
        ],
        [
            0.08769886940717697,
            0.12141229212284088,
            -0.0033687446266412735
        ],
        [
            0.08046828210353851,
            0.042724303901195526,
            -0.027163345366716385
        ],
        [
            0.07214421778917313,
            0.09027859568595886,
            -0.008522475138306618
        ],
        [
            0.09018030762672424,
            0.02842937409877777,
            -0.028598299250006676
        ],
        [
            0.09197124093770981,
            0.055016614496707916,
            -0.03433535248041153
        ],
        [
            0.1013377234339714,
            0.045063912868499756,
            -0.03397664055228233
        ],
        [
            0.1017652302980423,
            0.014135964214801788,
            -0.030033493414521217
        ],
        [
            0.10976587980985641,
            0.030506998300552368,
            -0.033370085060596466
        ],
        [
            0.09821517020463943,
            -0.004579953849315643,
            -0.024590805172920227
        ],
        [
            0.09823933243751526,
            0.004534900188446045,
            -0.026582865044474602
        ],
        [
            0.11747384816408157,
            0.04717155173420906,
            -0.030669908970594406
        ],
        [
