{
    "pred_cam": [
        8.99062728881836,
        -0.10666278004646301,
        -0.06155884638428688
    ],
    "pred_mano_params": {
        "global_orient": [
            [
                [
                    0.3263835310935974,
                    -0.607224702835083,
                    0.7243976593017578
                ],
                [
                    -0.9414085149765015,
                    -0.27773016691207886,
                    0.1913529485464096
                ],
                [
                    0.08499284088611603,
                    -0.7444086074829102,
                    -0.6622930765151978
                ]
            ]
        ],
        "hand_pose": [
            [
                [
                    0.195516899228096,
                    -0.980408787727356,
                    -0.02391085773706436
                ],
                [
                    0.9417956471443176,
                    0.18090562522411346,
                    0.2833622097969055
                ],
                [
                    -0.2734852135181427,
                    -0.07792122662067413,
                    0.9587148427963257
                ]
            ],
            [
                [
                    0.37792372703552246,
                    -0.8883517384529114,
                    0.2607772648334503
                ],
                [
                    0.9178362488746643,
                    0.32254016399383545,
                    -0.23139673471450806
                ],
                [
                    0.12145056575536728,
                    0.3268011510372162,
                    0.9372569918632507
                ]
            ],
            [
                [
                    0.8513513207435608,
                    -0.35699760913848877,
                    -0.384387344121933
                ],
                [
                    0.40755659341812134,
                    0.9114512801170349,
                    0.0561620332300663
                ],
                [
                    0.33030062913894653,
                    -0.20447324216365814,
                    0.9214619994163513
                ]
            ],
            [
                [
                    -0.08308052271604538,
                    -0.9782471656799316,
                    -0.19007912278175354
                ],
                [
                    0.8732209205627441,
                    -0.16337130963802338,
                    0.45912420749664307
                ],
                [
                    -0.4801904559135437,
                    -0.12783680856227875,
                    0.8677988648414612
                ]
            ],
            [
                [
                    0.7542906403541565,
                    -0.5532782673835754,
                    -0.3534528613090515
                ],
                [
                    0.6210276484489441,
                    0.7759309411048889,
                    0.11070672422647476
                ],
                [
                    0.21300336718559265,
                    -0.3030090034008026,
                    0.9288785457611084
                ]
            ],
            [
                [
                    0.8923845887184143,
                    -0.14483411610126495,
                    -0.42740240693092346
                ],
                [
                    0.21796594560146332,
                    0.9676323533058167,
                    0.1271945834159851
                ],
                [
                    0.39514628052711487,
                    -0.20666566491127014,
                    0.8950691223144531
                ]
            ],
            [
                [
                    0.1361049860715866,
                    -0.8320235013961792,
                    0.5377846956253052
                ],
                [
                    0.6612511277198792,
                    0.4805144965648651,
                    0.5760666728019714
                ],
                [
                    -0.7377143502235413,
                    0.2772051692008972,
                    0.6155769228935242
                ]
            ],
            [
                [
                    0.6623813509941101,
                    -0.6579232215881348,
                    -0.358312726020813
                ],
                [
                    0.7182075381278992,
                    0.42159563302993774,
                    0.5535658001899719
                ],
                [
                    -0.21314071118831635,
                    -0.6240144968032837,
                    0.7517824769020081
                ]
            ],
            [
                [
                    0.7794837951660156,
                    -0.6168832778930664,
                    0.10890446603298187
                ],
                [
                    0.6048497557640076,
                    0.7864100337028503,
                    0.12536388635635376
                ],
                [
                    -0.16297844052314758,
                    -0.03184827044606209,
                    0.986115574836731
                ]
            ],
            [
                [
                    0.034640833735466,
                    -0.9403872489929199,
                    0.33833685517311096
                ],
                [
                    0.8624348044395447,
                    0.19918733835220337,
                    0.46532854437828064
                ],
                [
                    -0.5049814581871033,
                    0.27567410469055176,
                    0.8179227113723755
                ]
            ],
            [
                [
                    0.7775311470031738,
                    -0.5594252943992615,
                    -0.2872084081172943
                ],
                [
                    0.62545245885849,
                    0.6405935287475586,
                    0.4454762637615204
                ],
                [
                    -0.06522683799266815,
                    -0.5260068774223328,
                    0.8479753732681274
                ]
            ],
            [
                [
                    0.8106764554977417,
                    -0.2956477105617523,
                    -0.5053672790527344
                ],
                [
                    0.4360426664352417,
                    0.8808857202529907,
                    0.1841387003660202
                ],
                [
                    0.3907306492328644,
                    -0.3696386218070984,
                    0.8430283069610596
                ]
            ],
            [
                [
                    0.9869369864463806,
                    0.1178884357213974,
                    -0.10980754345655441
                ],
                [
                    -0.16095338761806488,
                    0.6917638182640076,
                    -0.7039579153060913
                ],
                [
                    -0.007027610670775175,
                    0.7124360203742981,
                    0.701701819896698
                ]
            ],
            [
                [
                    0.9489496946334839,
                    -0.3153846561908722,
                    0.0051991576328873634
                ],
                [
                    0.24397940933704376,
                    0.7443484663963318,
                    0.6216263771057129
                ],
                [
                    -0.19992142915725708,
                    -0.5886236429214478,
                    0.7832965850830078
                ]
            ],
            [
                [
                    0.9807988405227661,
                    -0.07615569233894348,
                    -0.17953826487064362
                ],
                [
                    -0.05013981834053993,
                    0.7911898493766785,
                    -0.6095117926597595
                ],
                [
                    0.1884666383266449,
                    0.606810450553894,
                    0.7721796631813049
                ]
            ]
        ],
        "betas": [
            -0.037770241498947144,
            0.022799938917160034,
            -0.04209974408149719,
            0.04638984799385071,
            -0.03988140821456909,
            -0.056060753762722015,
            -0.04681718349456787,
            -0.051792144775390625,
            -0.05320066213607788,
            -0.012095838785171509
        ]
    },
    "pred_cam_t": [
        -0.10666278004646301,
        -0.06155884638428688,
        4.344802379608154
    ],
    "focal_length": [
        5000.0,
        5000.0
    ],
    "pred_keypoints_3d": [
        [
            0.09585301578044891,
            0.006407786626368761,
            0.00618522334843874
        ],
        [
            0.11622437834739685,
            0.03842698782682419,
            -0.0013287859037518501
        ],
        [
            0.12959864735603333,
            0.06603296101093292,
            -0.005115973297506571
        ],
        [
            0.13868136703968048,
            0.09150449186563492,
            -0.007773505058139563
        ],
        [
            0.14911989867687225,
            0.12489108741283417,
            -0.0001658070832490921
        ],
        [
            0.08521148562431335,
            0.09493300318717957,
            -0.011182400397956371
        ],
        [
            0.10750843584537506,
            0.11499261111021042,
            0.0027415305376052856
        ],
        [
            0.12108168751001358,
            0.10038150101900101,
            0.012601169757544994
        ],
        [
            0.12548716366291046,
            0.0817691832780838,
            0.029220018535852432
        ],
        [
            0.06335289776325226,
            0.095452681183815,
            0.001446940004825592
        ],
        [
            0.08940453082323074,
            0.1040012389421463,
            0.017491575330495834
        ],
        [
            0.1057191789150238,
            0.09137719869613647,
            0.028345737606287003
        ],
        [
            0.11500038206577301,
            0.07394508272409439,
            0.04597192257642746
        ],
        [
            0.052204620093107224,
            0.07946551591157913,
            0.019901257008314133
        ],
        [
            0.07445166260004044,
            0.09325961768627167,
            0.03208799660205841
        ],
        [
            0.09047836065292358,
            0.08304066210985184,
            0.04810643941164017
        ],
        [
            0.09550558030605316,
            0.065496526658535,
            0.06714251637458801
        ],
        [
            0.048089366406202316,
            0.06577599048614502,
            0.03642920404672623
        ],
        [
            0.0598774179816246,
            0.08040943741798401,
            0.0461176335811615
        ],
        [
            0.07082398980855942,
            0.07321356236934662,
            0.059869714081287384
        ],
        [
            0.07820924371480942,
            0.059426356106996536,
            0.06749506294727325
        ]
    ],
    "pred_vertices": [
        [
            0.10175620764493942,
            0.06165036931633949,
            0.003883923403918743
        ],
        [
            0.10581948608160019,
            0.052650853991508484,
            0.006821293383836746
        ],
        [
            0.11119238287210464,
            0.06220145523548126,
            0.005012160167098045
        ],
        [
            0.10709045827388763,
            0.06972143054008484,
            0.0010969992727041245
        ],
        [
            0.12456533312797546,
            0.04771052300930023,
            0.014221584424376488
        ],
        [
            0.13378110527992249,
            0.04181157797574997,
            0.009527729824185371
        ],
        [
            0.13719305396080017,
            0.05826164036989212,
            0.006763521581888199
        ],
        [
            0.12971211969852448,
            0.06170633062720299,
            0.011967906728386879
        ],
        [
            0.11085484176874161,
            0.07652617245912552,
            -0.00298161618411541
        ],
        [
            0.11553351581096649,
            0.07022430002689362,
            0.00343191996216774
        ],
        [
            0.1128823459148407,
            0.0778343677520752,
            -0.00811693724244833
        ],
        [
            0.10404925793409348,
            0.0810883417725563,
            -0.017773261293768883
        ],
        [
            0.10481097549200058,
            0.08110779523849487,
            -0.009981312789022923
        ],
        [
            0.09752052277326584,
            0.08583668619394302,
            -0.020848674699664116
        ],
        [
            0.1013188511133194,
            0.07257775962352753,
            -0.024879267439246178
        ],
        [
            0.08925756067037582,
            0.08383063971996307,
            -0.02591085620224476
        ],
        [
            0.07661418616771698,
            0.05670986324548721,
            -0.01863083615899086
        ],
        [
            0.06777502596378326,
            0.05060145631432533,
            -0.010044903494417667
        ],
        [
            0.059433262795209885,
            0.06756217032670975,
            -0.010050345212221146
        ],
        [
            0.07002276182174683,
            0.07243369519710541,
            -0.017939819023013115
        ],
        [
            0.052723243832588196,
            0.05475553125143051,
            0.005689425393939018
        ],
        [
            0.05621568113565445,
            0.06245933473110199,
            -0.002864580601453781
        ],
        [
            0.0633370652794838,
            0.04543178528547287,
            -0.003943218849599361
        ],
        [
            0.0600685179233551,
            0.03943368420004845,
            0.0038260091096162796
        ],
        [
            0.09300640225410461,
            0.049838725477457047,
            0.011619125492870808
        ],
        [
            0.09667278826236725,
            0.040027864277362823,
            0.013882794417440891
        ],
        [
            0.09944427013397217,
            0.043904487043619156,
            0.010202420875430107
        ],
        [
            0.09623396396636963,
            0.05311831459403038,
            0.008266528137028217
        ],
        [
            0.12298967689275742,
            0.0763779878616333,
            -0.013474092818796635
        ],
        [
            0.11768553406000137,
            0.06730882823467255,
            -0.019312266260385513
        ],
        [
            0.1135609894990921,
            0.07355189323425293,
            -0.01586219109594822
        ],
        [
            0.12192244082689285,
            0.07902608811855316,
            -0.008591974154114723
        ],
        [
            0.10363870859146118,
            0.01515381783246994,
            0.027596324682235718
        ],
        [
            0.10565304756164551,
            0.002676844596862793,
            0.022525973618030548
        ],
        [
            0.10932697355747223,
            0.004340901970863342,
            0.018247481435537338
        ],
        [
            0.10626346617937088,
            0.015363939106464386,
            0.02349405735731125
        ],
        [
            0.125021293759346,
            0.01832202821969986,
            0.008847082033753395
        ],
        [
            0.12139849364757538,
            0.008371606469154358,
            0.005409093573689461
        ],
        [
            0.1244777962565422,
            0.0034970715641975403,
            -0.007251458242535591
        ],
        [
            0.1268714815378189,
            0.013754159212112427,
            -0.007088799960911274
        ],
        [
            0.1297634392976761,
            0.030265241861343384,
            0.01000644639134407
        ],
        [
            0.1329776495695114,
            0.02554125338792801,
            -0.0028204936534166336
        ],
        [
            0.13682153820991516,
            0.03815843164920807,
            -0.000960182398557663
        ],
        [
            0.13937146961688995,
            0.055003900080919266,
            -0.0019027478992938995
        ],
        [
            0.09578020125627518,
            -0.0017156228423118591,
            0.02950355038046837
        ],
        [
            0.09324178099632263,
            0.00678427517414093,
            0.03471476212143898
        ],
        [
            0.1100626289844513,
            0.10051712393760681,
            -0.0017437739297747612
        ],
        [
            0.10749495774507523,
            0.09935037791728973,
            0.0038543203845620155
        ],
        [
            0.10658786445856094,
            0.0989377349615097,
            0.0024424921721220016
        ],
        [
            0.10892774164676666,
            0.10051798820495605,
            -0.0026257438585162163
        ],
        [
            0.07568305730819702,
            -0.001794382929801941,
            0.02660893276333809
        ],
        [
            0.06992200016975403,
            -0.002959325909614563,
            0.018381234258413315
        ],
        [
            0.07279592752456665,
            -0.009512484073638916,
            0.019851716235280037
        ],
        [
            0.07962822169065475,
            -0.008280187845230103,
            0.02624417468905449
        ],
        [
            0.07048343122005463,
            0.006766095757484436,
            0.027064204216003418
        ],
        [
            0.06657615303993225,
            0.00644451379776001,
            0.016433294862508774
        ],
        [
            0.11370733380317688,
            0.11306370794773102,
            -0.002101209945976734
        ],
        [
            0.11413001269102097,
            0.10815005749464035,
            -0.00424297247081995
        ],
        [
            0.11067716777324677,
            0.10986137390136719,
            -0.006197367794811726
        ],
        [
            0.10871801525354385,
            0.11449695378541946,
            -0.004119697958230972
        ],
        [
            0.1031533032655716,
            0.07706638425588608,
            -0.0030742222443223
        ],
        [
            0.09879337251186371,
            0.07059303671121597,
            0.0026163803413510323
        ],
        [
            0.09300892055034637,
            0.08843636512756348,
            -0.004770799074321985
        ],
        [
            0.09446726739406586,
            0.08273734897375107,
            -0.001622440293431282
        ],
        [
            0.09859076142311096,
            0.08364033699035645,
            -0.007151519414037466
        ],
        [
            0.09644884616136551,
            0.08835642039775848,
            -0.009719534777104855
        ],
        [
            0.08130676299333572,
            0.0690794289112091,
            0.012342208996415138
        ],
        [
            0.08600760996341705,
            0.05852172151207924,
            0.01256061065942049
        ],
        [
            0.08931684494018555,
            0.06261672079563141,
            0.008439144119620323
        ],
        [
            0.0858343094587326,
            0.07482890039682388,
            0.007717370055615902
        ],
        [
            0.07946591824293137,
            0.05243777856230736,
            0.023687515407800674
        ],
        [
            0.07504905015230179,
            0.06311801820993423,
            0.022165775299072266
        ],
        [
            0.07172295451164246,
            0.05823173373937607,
            0.02856900915503502
        ],
        [
            0.07612162083387375,
            0.05187331885099411,
            0.029301036149263382
        ],
        [
            0.06866039335727692,
            0.08157148212194443,
            0.016963837668299675
        ],
        [
            0.06648585200309753,
            0.08478766679763794,
            0.015026739798486233
        ],
        [
            0.06643140316009521,
            0.08206221461296082,
            0.01816881075501442
        ],
        [
            0.06752742826938629,
            0.0789654552936554,
            0.01955997571349144
        ],
        [
            0.07530305534601212,
            -0.01618192344903946,
            0.020210910588502884
        ],
        [
            0.08369435369968414,
            -0.014272607862949371,
            0.025011882185935974
        ],
        [
            0.046948984265327454,
            0.043194521218538284,
            0.023830533027648926
        ],
        [
            0.05076408013701439,
            0.03752148151397705,
            0.03312033787369728
        ],
        [
            0.04340990260243416,
            0.049842603504657745,
            0.03557196632027626
        ],
        [
            0.04026484116911888,
            0.053001485764980316,
            0.024222243577241898
        ],
        [
            0.06889144331216812,
            -0.0007961615920066833,
            0.00823673140257597
        ],
        [
            0.06972577422857285,
            -0.008336856961250305,
            0.01029746700078249
        ],
        [
            0.11121299117803574,
            0.11653774231672287,
            0.002941160462796688
        ],
        [
            0.1062980592250824,
            0.11757481098175049,
            0.001023399643599987
        ],
        [
            0.13155561685562134,
            0.03438018262386322,
            -0.013609064742922783
        ],
        [
            0.1368538737297058,
            0.053521525114774704,
            -0.011092736385762691
        ],
        [
            0.12555557489395142,
            0.019992895424365997,
            -0.015573485754430294
        ],
        [
            0.12036938965320587,
            0.010238893330097198,
            -0.016788914799690247
        ],
        [
            0.1189383864402771,
            0.0015369802713394165,
            -0.017901647835969925
        ],
        [
            0.08893764019012451,
            0.08405355364084244,
            0.002261565998196602
        ],
        [
            0.09486668556928635,
            0.06268757581710815,
            0.006105947773903608
        ],
        [
            0.09035417437553406,
            0.04728332906961441,
            0.015222085639834404
        ],
        [
            0.07474300265312195,
            0.0386040061712265,
            0.04075555503368378
        ],
        [
            0.0797564834356308,
            0.029412180185317993,
            0.040991902351379395
        ],
        [
            0.08489413559436798,
            0.03663589805364609,
            0.03466499596834183
        ],
        [
            0.07905842363834381,
            0.04303276166319847,
            0.035337820649147034
        ],
        [
            0.056684017181396484,
            0.038896284997463226,
            0.04108962416648865
        ],
        [
            0.06352487206459045,
            0.04354994744062424,
            0.04243766516447067
        ],
        [
            0.058299772441387177,
            0.05069854483008385,
            0.042357273399829865
        ],
        [
            0.05028558522462845,
            0.0484178401529789,
            0.041606247425079346
        ],
        [
            0.1287761628627777,
            0.0735074132680893,
            -0.017514247447252274
        ],
        [
            0.12289115786552429,
            0.06186269596219063,
            -0.02120569907128811
        ],
        [
            0.08413183689117432,
            0.0008476898074150085,
            0.03247909992933273
        ],
        [
            0.0886208713054657,
            -0.004984930157661438,
            0.029736598953604698
        ],
        [
            0.09111803025007248,
            -0.012616515159606934,
            0.026726046577095985
        ],
        [
            0.10143866389989853,
            0.028035342693328857,
            0.020534446462988853
        ],
        [
            0.10822266340255737,
            0.015564382076263428,
            0.020781058818101883
        ],
        [
            0.11110182106494904,
            0.01790051907300949,
            0.018368946388363838
        ],
        [
            0.10232961922883987,
            0.029448002576828003,
            0.01770651340484619
        ],
        [
            0.11073261499404907,
            0.04403238371014595,
            0.012675205245614052
        ],
        [
            0.11883716285228729,
            0.03355618566274643,
            0.015725426375865936
        ],
        [
            0.11573430895805359,
            0.05579160153865814,
            0.011871926486492157
        ],
        [
            0.11492154002189636,
            0.0049722567200660706,
            0.012437311932444572
        ],
        [
            0.11271394789218903,
            -0.005228005349636078,
            0.016046728938817978
        ],
        [
            0.11791545152664185,
            -0.0034835487604141235,
            0.009034518152475357
        ],
        [
            0.10545681416988373,
            -0.008221842348575592,
            0.021957196295261383
        ],
        [
            0.0979403406381607,
            -0.010799452662467957,
            0.02604200504720211
        ],
        [
            0.06935817748308182,
            -0.01686064898967743,
            0.009815008379518986
        ],
        [
            0.12130074203014374,
            -0.0013467967510223389,
            0.0016314228996634483
        ],
        [
            0.1331918090581894,
            0.07023860514163971,
            0.007847236469388008
        ],
        [
            0.13681724667549133,
            0.07716020941734314,
            0.003977969288825989
        ],
        [
            0.12946704030036926,
            0.07949291169643402,
            0.0035595903173089027
        ],
        [
            0.12551440298557281,
            0.07324384152889252,
            0.006752839311957359
        ],
        [
            0.09272986650466919,
            0.09239709377288818,
            -0.020533716306090355
        ],
        [
            0.09674850106239319,
            0.09050004184246063,
            -0.01514891441911459
        ],
        [
            0.10102327167987823,
            0.08471734821796417,
            -0.014432488940656185
        ],
        [
            0.09647510945796967,
            0.023244939744472504,
            0.03182332217693329
        ],
        [
            0.08804811537265778,
            0.015782810747623444,
            0.03788676857948303
        ],
        [
            0.08899286389350891,
            0.0896606296300888,
            -0.0008607706986367702
        ],
        [
            0.10459195077419281,
            0.11415387690067291,
            -0.006683269049972296
        ],
        [
            0.10748792439699173,
            0.10942670702934265,
            -0.009196186438202858
        ],
        [
            0.0956447497010231,
            0.0988764613866806,
            -0.018146002665162086
        ],
        [
            0.09118594229221344,
            0.10438638925552368,
            -0.01613040082156658
        ],
        [
            0.08522667735815048,
            0.0941178947687149,
            0.0005292604910209775
        ],
        [
            0.09086484462022781,
            0.08992531150579453,
            -0.0013735005632042885
        ],
        [
            0.09202659130096436,
            0.09043572098016739,
            -0.0008209794759750366
        ],
        [
            0.08940030634403229,
            0.09481320530176163,
            0.0038224817253649235
        ],
        [
            0.06311023980379105,
            0.07631701976060867,
            0.02496020868420601
        ],
        [
            0.06446047127246857,
            0.07338881492614746,
            0.025898829102516174
        ],
        [
            0.06680338084697723,
            0.08797608315944672,
            -0.012194670736789703
        ],
        [
            0.07481492310762405,
            0.09100945293903351,
            -0.023693662136793137
        ],
        [
            0.07962354272603989,
            0.0772712305188179,
            -0.02589595317840576
        ],
        [
            0.0778682753443718,
            0.06493285298347473,
            0.017588753253221512
        ],
        [
            0.07315535843372345,
            0.07397440075874329,
            0.01794811524450779
        ],
        [
            0.07105851918458939,
            0.07181709259748459,
            0.02089758589863777
        ],
        [
            0.08537629246711731,
            0.08607415854930878,
            0.004055476281791925
        ],
        [
            0.08410253375768661,
            0.09133303165435791,
            0.002385371830314398
        ],
        [
            0.08044134825468063,
            0.08901536464691162,
            0.004588425159454346
        ],
        [
            0.0826219916343689,
            0.08291641622781754,
            0.0069334316067397594
        ],
        [
            0.057279106229543686,
            0.025690585374832153,
            0.030719837173819542
        ],
        [
            0.06379783153533936,
            0.027561314404010773,
            0.040395576506853104
        ],
        [
            0.11259236931800842,
            0.10366864502429962,
            -0.0043422747403383255
        ],
        [
            0.11062495410442352,
            0.10454802215099335,
            -0.0057821124792099
        ],
        [
            0.08259978145360947,
            0.054681289941072464,
            0.017722539603710175
        ],
        [
            0.08595684915781021,
            0.06246820464730263,
            -0.023632613942027092
        ],
        [
            0.08776989579200745,
            0.044743433594703674,
            0.019405504688620567
        ],
        [
            0.047421231865882874,
            0.07158955186605453,
            0.020429877564311028
        ],
        [
            0.05107570439577103,
            0.0723237693309784,
            0.028290489688515663
        ],
        [
            0.05368566885590553,
            0.07619727402925491,
            0.030266813933849335
        ],
        [
            0.05115064978599548,
            0.07835553586483002,
            0.025484615936875343
        ],
        [
            0.09884603321552277,
            0.10292127728462219,
            0.009981896728277206
        ],
        [
            0.10292558372020721,
            0.09904156625270844,
            0.007463940419256687
        ],
        [
            0.1034599095582962,
            0.10030858218669891,
            0.007791501469910145
        ],
        [
            0.10114847123622894,
            0.10482421517372131,
            0.011294971220195293
        ],
        [
            0.09399109333753586,
            0.08805394172668457,
            -0.005803537089377642
        ],
        [
            0.09611814469099045,
            0.08929333090782166,
            -0.01070717629045248
        ],
        [
            0.0986562967300415,
            0.08950570970773697,
            -0.010304143652319908
        ],
        [
            0.09580664336681366,
            0.08941422402858734,
            -0.004676020238548517
        ],
        [
            0.09581701457500458,
            0.09154514968395233,
            -0.016624242067337036
        ],
        [
            0.09813782572746277,
            0.09321963787078857,
            -0.015923775732517242
        ],
        [
            0.09675106406211853,
            0.10916298627853394,
            0.009462078101933002
        ],
        [
            0.09834320843219757,
            0.11522775143384933,
            0.004620109684765339
        ],
        [
            0.08411574363708496,
            0.10593906044960022,
            -0.002946758409962058
        ],
        [
            0.08666417747735977,
            0.10202868282794952,
            0.0036593598779290915
        ],
        [
            0.06536747515201569,
            0.02502778172492981,
            0.0011766022071242332
        ],
        [
            0.06183531880378723,
            0.020567893981933594,
            0.010829930193722248
        ],
        [
            0.05612065643072128,
            0.034716106951236725,
            0.013609429821372032
        ],
        [
            0.048662927001714706,
            0.04874046519398689,
            0.01607999950647354
        ],
        [
            0.043474480509757996,
            0.06267821788787842,
            0.017821066081523895
        ],
        [
            0.046168871223926544,
            0.06778516620397568,
            0.007177295163273811
        ],
        [
            0.054753899574279785,
            0.030274149030447006,
            0.020627863705158234
        ],
        [
            0.07214206457138062,
            0.09193853288888931,
            -0.004412900190800428
        ],
        [
            0.07447616755962372,
            0.09731435030698776,
            -0.009156499058008194
        ],
        [
            0.06816964596509933,
            0.09228147566318512,
            -0.007566928863525391
        ],
        [
            0.0850168764591217,
            0.04259374737739563,
            0.02606690116226673
        ],
        [
            0.1091482862830162,
            0.10409527271986008,
            -0.008386678993701935
        ],
        [
            0.09773916006088257,
            0.006056107580661774,
            -0.022690491750836372
        ],
        [
            0.08599440008401871,
            0.0024284198880195618,
            -0.017299210652709007
        ],
        [
            0.08566603064537048,
            0.011251576244831085,
            -0.01753852888941765
        ],
        [
            0.09937392920255661,
            0.01546567678451538,
            -0.022876668721437454
        ],
        [
            0.107320636510849,
            0.09749727696180344,
            0.00176997110247612
        ],
        [
            0.10919761657714844,
            0.09905410557985306,
            -0.004373694770038128
        ],
        [
            0.061524875462055206,
            0.07177937030792236,
            0.03172875568270683
        ],
        [
            0.060718145221471786,
            0.07548174262046814,
            0.030323078855872154
        ],
        [
            0.05926842242479324,
            0.07509221881628036,
            0.03189527243375778
        ],
        [
            0.058377500623464584,
            0.07245393097400665,
            0.03609229624271393
        ],
        [
            0.061339348554611206,
            0.017269566655158997,
            0.015907052904367447
        ],
        [
            0.04407697170972824,
            0.06030948460102081,
            0.03956203907728195
        ],
        [
            0.04083123058080673,
            0.06211543083190918,
            0.028285052627325058
        ],
        [
            0.06670594215393066,
            0.008549712598323822,
            0.007964602671563625
        ],
        [
            0.06932346522808075,
            0.012119509279727936,
            -0.0007937196642160416
        ],
        [
            0.07168691605329514,
            0.0026446133852005005,
            -0.0018193898722529411
        ],
        [
            0.053525641560554504,
            0.07893016934394836,
            0.0012905942276120186
        ],
        [
            0.06808854639530182,
            0.030449099838733673,
            -0.00512243527919054
        ],
        [
            0.0724722221493721,
            0.01646287739276886,
            -0.006321335211396217
        ],
        [
            0.07547201961278915,
            0.005337700247764587,
            -0.007765811402350664
        ],
        [
            0.07668060064315796,
            -0.0029172003269195557,
            -0.008729486726224422
        ],
        [
            0.07252170890569687,
            -0.0050022900104522705,
            -0.002012091688811779
        ],
        [
            0.10130687057971954,
            0.11604741215705872,
            -0.0012866267934441566
        ],
        [
            0.10337881743907928,
            0.11701391637325287,
            0.00800318829715252
        ],
        [
            0.07208483666181564,
            -0.014049224555492401,
            -0.0029670661315321922
        ],
        [
            0.0773196741938591,
            -0.011216677725315094,
            -0.010126981884241104
        ],
        [
            0.07752533257007599,
            0.02105160802602768,
            -0.01259605772793293
        ],
        [
            0.08495616912841797,
            0.02654552459716797,
            -0.01922333985567093
        ],
        [
            0.07323744148015976,
            0.034454479813575745,
            -0.011072425171732903
        ],
        [
            0.08002585917711258,
            0.04103510454297066,
            -0.01776944100856781
        ],
        [
            0.05460932105779648,
            0.08156204223632812,
            -0.009951485320925713
        ],
        [
            0.1165923997759819,
            0.10785690695047379,
            0.017391102388501167
        ],
        [
            0.10654164850711823,
            0.11141806095838547,
            0.013887864537537098
        ],
        [
            0.1046028658747673,
            0.10581465810537338,
            0.013127829879522324
        ],
        [
            0.11362065374851227,
            0.10460947453975677,
            0.0176997110247612
        ],
        [
            0.10093580186367035,
            0.1107044517993927,
            0.011686915531754494
        ],
        [
            0.10844545066356659,
            0.11567267775535583,
            0.010186266154050827
        ],
        [
            0.09251818060874939,
            0.04749402776360512,
            -0.023376502096652985
        ],
        [
            0.07724350690841675,
            0.09157638996839523,
            0.0012041600421071053
        ],
        [
            0.10158409923315048,
            0.032352447509765625,
            -0.023703839629888535
        ],
        [
            0.1055213212966919,
            0.05919024720788002,
            -0.02658701129257679
        ],
        [
            0.11374816298484802,
            0.04819280281662941,
            -0.024919401854276657
        ],
        [
            0.11270520091056824,
            0.018181413412094116,
            -0.023410530760884285
        ],
        [
            0.12088041752576828,
            0.03318289667367935,
            -0.023113803938031197
        ],
        [
            0.10911848396062851,
            0.0005463734269142151,
            -0.0229782834649086
        ],
        [
            0.10927695035934448,
            0.009297482669353485,
            -0.023020092397928238
        ],
        [
            0.12789268791675568,
            0.0483277291059494,
            -0.020159320905804634
        ],
        [
            0.11446510255336761,
