{
    "pred_cam": [
        9.31867790222168,
        0.1276216208934784,
        -0.019550085067749023
    ],
    "pred_mano_params": {
        "global_orient": [
            [
                [
                    -0.6951762437820435,
                    0.24771183729171753,
                    -0.6748101711273193
                ],
                [
                    0.1927473247051239,
                    -0.8401392102241516,
                    -0.5069659948348999
                ],
                [
                    -0.692516028881073,
                    -0.4824985861778259,
                    0.5362990498542786
                ]
            ]
        ],
        "hand_pose": [
            [
                [
                    0.6567904353141785,
                    -0.6167230010032654,
                    -0.43391138315200806
                ],
                [
                    0.6715390086174011,
                    0.7401199340820312,
                    -0.035464879125356674
                ],
                [
                    0.343018501996994,
                    -0.2680954337120056,
                    0.9002572298049927
                ]
            ],
            [
                [
                    0.8449484705924988,
                    -0.5284377336502075,
                    0.08255685865879059
                ],
                [
                    0.4945147633552551,
                    0.7130638360977173,
                    -0.49698612093925476
                ],
                [
                    0.20375792682170868,
                    0.4607532322406769,
                    0.8638224601745605
                ]
            ],
            [
                [
                    0.8114945292472839,
                    -0.13047105073928833,
                    0.5696085691452026
                ],
                [
                    0.06794606149196625,
                    0.9892116189002991,
                    0.12978321313858032
                ],
                [
                    -0.5803963541984558,
                    -0.06661571562290192,
                    0.8116047978401184
                ]
            ],
            [
                [
                    0.3646174669265747,
                    -0.8479025959968567,
                    -0.38485753536224365
                ],
                [
                    0.8929872512817383,
                    0.43553078174591064,
                    -0.1135195940732956
                ],
                [
                    0.26387083530426025,
                    -0.3022816479206085,
                    0.9159683585166931
                ]
            ],
            [
                [
                    0.8812445402145386,
                    -0.44853675365448,
                    -0.14907324314117432
                ],
                [
                    0.4689541459083557,
                    0.8691294193267822,
                    0.15714958310127258
                ],
                [
                    0.05907658487558365,
                    -0.20839573442935944,
                    0.9762586951255798
                ]
            ],
            [
                [
                    0.8638502359390259,
                    -0.47689175605773926,
                    0.16228708624839783
                ],
                [
                    0.4756201505661011,
                    0.878275990486145,
                    0.049159836024045944
                ],
                [
                    -0.16597677767276764,
                    0.034720279276371,
                    0.985518217086792
                ]
            ],
            [
                [
                    -0.11597704887390137,
                    -0.8801022171974182,
                    -0.4604012966156006
                ],
                [
                    0.9425917267799377,
                    -0.24366942048072815,
                    0.22835515439510345
                ],
                [
                    -0.31316161155700684,
                    -0.4074864983558655,
                    0.8578371405601501
                ]
            ],
            [
                [
                    0.6074461936950684,
                    -0.792851984500885,
                    -0.04893802851438522
                ],
                [
                    0.6948161125183105,
                    0.5004550218582153,
                    0.5165029764175415
                ],
                [
                    -0.38501912355422974,
                    -0.3477506935596466,
                    0.8548858165740967
                ]
            ],
            [
                [
                    0.8457258939743042,
                    -0.5147300958633423,
                    0.14071494340896606
                ],
                [
                    0.24911975860595703,
                    0.6140520572662354,
                    0.7489188313484192
                ],
                [
                    -0.4718973636627197,
                    -0.5983251333236694,
                    0.6475491523742676
                ]
            ],
            [
                [
                    0.1498710662126541,
                    -0.9601899981498718,
                    -0.2357410043478012
                ],
                [
                    0.9592228531837463,
                    0.19900089502334595,
                    -0.20072418451309204
                ],
                [
                    0.2396460324525833,
                    -0.1960453987121582,
                    0.9508606791496277
                ]
            ],
            [
                [
                    0.6933662295341492,
                    -0.7188662886619568,
                    -0.04974566772580147
                ],
                [
                    0.6030563116073608,
                    0.5411052107810974,
                    0.5861127972602844
                ],
                [
                    -0.3944190740585327,
                    -0.436390221118927,
                    0.8087009191513062
                ]
            ],
            [
                [
                    0.7658950090408325,
                    -0.6226248145103455,
                    0.16044679284095764
                ],
                [
                    0.5414095520973206,
                    0.7591220736503601,
                    0.3613991141319275
                ],
                [
                    -0.34681475162506104,
                    -0.1899263560771942,
                    0.9185028076171875
                ]
            ],
            [
                [
                    0.8615579009056091,
                    0.00337857473641634,
                    -0.5076481699943542
                ],
                [
                    -0.4743102788925171,
                    0.361815869808197,
                    -0.8025702834129333
                ],
                [
                    0.18096362054347992,
                    0.9322434663772583,
                    0.313327819108963
                ]
            ],
            [
                [
                    0.8378576636314392,
                    -0.49857813119888306,
                    -0.22229360044002533
                ],
                [
                    0.5458120703697205,
                    0.7583051323890686,
                    0.3564583957195282
                ],
                [
                    -0.009156000800430775,
                    -0.4199918806552887,
                    0.9074817299842834
                ]
            ],
            [
                [
                    0.9236503839492798,
                    -0.22479087114334106,
                    -0.3103853166103363
                ],
                [
                    -0.03783388063311577,
                    0.7524644136428833,
                    -0.6575453877449036
                ],
                [
                    0.381364107131958,
                    0.6190851330757141,
                    0.6865093111991882
                ]
            ]
        ],
        "betas": [
            0.0008331835269927979,
            -0.0504918098449707,
            -0.020280838012695312,
            0.018732160329818726,
            -0.0012796521186828613,
            0.02562066540122032,
            0.009482204914093018,
            -0.03920036554336548,
            -0.00150395929813385,
            -0.05852356553077698
        ]
    },
    "pred_cam_t": [
        -0.1276216208934784,
        -0.019550085067749023,
        4.191850185394287
    ],
    "focal_length": [
        5000.0,
        5000.0
    ],
    "pred_keypoints_3d": [
        [
            0.09571525454521179,
            0.006384940817952156,
            0.006199241615831852
        ],
        [
            0.09118898212909698,
            0.0016929786652326584,
            0.04419407621026039
        ],
        [
            0.10582790523767471,
            0.0016335668042302132,
            0.0712699145078659
        ],
        [
            0.1269805133342743,
            0.0077205682173371315,
            0.08708196878433228
        ],
        [
            0.15696494281291962,
            0.025215227156877518,
            0.09293408691883087
        ],
        [
            0.1417696475982666,
            -0.016692737117409706,
            0.08079606294631958
        ],
        [
            0.16132259368896484,
            -0.0002594310790300369,
            0.1017061322927475
        ],
        [
            0.1630062460899353,
            0.020592257380485535,
            0.1091352105140686
        ],
        [
            0.15479758381843567,
            0.03675525635480881,
            0.12522801756858826
        ],
        [
            0.16347043216228485,
            -0.008898861706256866,
            0.07068541646003723
        ],
        [
            0.1738133728504181,
            0.01824166253209114,
            0.08343043178319931
        ],
        [
            0.1684543937444687,
            0.040598753839731216,
            0.08704008907079697
        ],
        [
            0.15446531772613525,
            0.06114453822374344,
            0.09286928921937943
        ],
        [
            0.1696033626794815,
            0.007464205846190453,
            0.05045747756958008
        ],
        [
            0.17484508454799652,
            0.03421509638428688,
            0.05992931127548218
        ],
        [
            0.15660831332206726,
            0.05101122707128525,
            0.060271941125392914
        ],
        [
            0.13269145786762238,
            0.05593564361333847,
            0.06500938534736633
        ],
        [
            0.17028026282787323,
            0.023348307237029076,
            0.0355197936296463
        ],
        [
            0.16390152275562286,
            0.043459452688694,
            0.03643757849931717
        ],
        [
            0.14607881009578705,
            0.046827543526887894,
            0.030936870723962784
        ],
        [
            0.12919433414936066,
            0.03555004298686981,
            0.03138941898941994
        ]
    ],
    "pred_vertices": [
        [
            0.11513207107782364,
            0.001712338998913765,
            0.05590112879872322
        ],
        [
            0.1079946756362915,
            0.004600139334797859,
            0.04741492494940758
        ],
        [
            0.11099031567573547,
            0.0030025355517864227,
            0.0553874745965004
        ],
        [
            0.11497479677200317,
            -0.0008136853575706482,
            0.0637006089091301
        ],
        [
            0.09926416724920273,
            0.017914190888404846,
            0.050945430994033813
        ],
        [
            0.08744971454143524,
            0.01756175234913826,
            0.05472913384437561
        ],
        [
            0.09806598722934723,
            0.015643686056137085,
            0.06864015758037567
        ],
        [
            0.10638654232025146,
            0.017177261412143707,
            0.06203746423125267
        ],
        [
            0.11643742769956589,
            -0.004433538764715195,
            0.0689004585146904
        ],
        [
            0.1137278825044632,
            0.002422057092189789,
            0.06220149248838425
        ],
        [
            0.11734665185213089,
            -0.00834008026868105,
            0.06847895681858063
        ],
        [
            0.12019399553537369,
            -0.01923312246799469,
            0.07380345463752747
        ],
        [
            0.12019313126802444,
            -0.011732900515198708,
            0.07445099949836731
        ],
        [
            0.1260385364294052,
            -0.023662038147449493,
            0.07754191756248474
        ],
        [
            0.11645123362541199,
            -0.02588646672666073,
            0.06684783846139908
        ],
        [
            0.13032624125480652,
            -0.029696721583604813,
            0.07197819650173187
        ],
        [
            0.1297505646944046,
            -0.023855287581682205,
            0.04328202083706856
        ],
        [
            0.13658052682876587,
            -0.017064357176423073,
            0.033494167029857635
        ],
        [
            0.15075257420539856,
            -0.01926930993795395,
            0.044819071888923645
        ],
        [
            0.1420588344335556,
            -0.025054171681404114,
            0.053979165852069855
        ],
        [
            0.15462909638881683,
            -0.00526505708694458,
            0.029627319425344467
        ],
        [
            0.1530860811471939,
            -0.012951100245118141,
            0.03863854333758354
        ],
        [
            0.13941586017608643,
            -0.011887749657034874,
            0.02661166340112686
        ],
        [
            0.14120441675186157,
            -0.004788888152688742,
            0.019413892179727554
        ],
        [
            0.1188717633485794,
            0.008919714018702507,
            0.042891014367341995
        ],
        [
            0.11090034991502762,
            0.011972999200224876,
            0.03539758548140526
        ],
        [
            0.10875486582517624,
            0.007991744205355644,
            0.039160892367362976
        ],
        [
            0.11658506095409393,
            0.005819101817905903,
            0.04691203683614731
        ],
        [
            0.11514025926589966,
            -0.007524572312831879,
            0.0736691802740097
        ],
        [
            0.10612000524997711,
            -0.016191665083169937,
            0.06861737370491028
        ],
        [
            0.11307407915592194,
            -0.014643578790128231,
            0.06865701824426651
        ],
        [
            0.11826929450035095,
            -0.0038115396164357662,
            0.07154908031225204
        ],
        [
            0.09721779078245163,
            0.028495796024799347,
            0.01631072536110878
        ],
        [
            0.08888968080282211,
            0.02445899322628975,
            0.006403282284736633
        ],
        [
            0.08549461513757706,
            0.020979123190045357,
            0.009791180491447449
        ],
        [
            0.09385127574205399,
            0.025007639080286026,
            0.017946194857358932
        ],
        [
            0.07719171047210693,
            0.0162760429084301,
            0.03107302635908127
        ],
        [
            0.0741308405995369,
            0.011637620627880096,
            0.02046065777540207
        ],
        [
            0.06703841686248779,
            0.0003014151006937027,
            0.01835624873638153
        ],
        [
            0.07013584673404694,
            0.001559775322675705,
            0.029631227254867554
        ],
        [
            0.0820033997297287,
            0.01801455207169056,
            0.043501581996679306
        ],
        [
            0.07328663766384125,
            0.0072414204478263855,
            0.04373137280344963
        ],
        [
            0.08014382421970367,
            0.009474383667111397,
            0.057858556509017944
        ],
        [
            0.09285689145326614,
            0.009581081569194794,
            0.0734584853053093
        ],
        [
            0.09685499966144562,
            0.029447179287672043,
            -0.0023186281323432922
        ],
        [
            0.10393954068422318,
            0.03365606814622879,
            0.0038395971059799194
        ],
        [
            0.14969374239444733,
            0.007555969059467316,
            0.10470931977033615
        ],
        [
            0.15190593898296356,
            0.011013736948370934,
            0.10018550604581833
        ],
        [
            0.14847049117088318,
            0.007018668577075005,
            0.09796192497015
        ],
        [
            0.14726978540420532,
            0.004249567165970802,
            0.10266728699207306
        ],
        [
            0.11366407573223114,
            0.022507406771183014,
            -0.011347789317369461
        ],
        [
            0.11641842126846313,
            0.013374880887567997,
            -0.01453426480293274
        ],
        [
            0.1112268939614296,
            0.015710923820734024,
            -0.01911713182926178
        ],
        [
            0.10719717293977737,
            0.02327873930335045,
            -0.015273172408342361
        ],
        [
            0.12219469994306564,
            0.021448928862810135,
            -0.006187859922647476
        ],
        [
            0.12321970611810684,
            0.010343261063098907,
            -0.007650025188922882
        ],
        [
            0.1589975506067276,
            -0.0003914833068847656,
            0.10879161208868027
        ],
        [
            0.15423958003520966,
            0.0016855057328939438,
            0.10987388342618942
        ],
        [
            0.15299604833126068,
            -0.0029687918722629547,
            0.10702487826347351
        ],
        [
            0.15743401646614075,
            -0.005434706807136536,
            0.1046210378408432
        ],
        [
            0.12015042454004288,
            -0.004986785352230072,
            0.07117381691932678
        ],
        [
            0.1216699481010437,
            0.00020089559257030487,
            0.06387364864349365
        ],
        [
            0.13246025145053864,
            -0.008314034901559353,
            0.08183934539556503
        ],
        [
            0.1298423707485199,
            -0.004959825426340103,
            0.07404031604528427
        ],
        [
            0.1254524141550064,
            -0.009727111086249352,
            0.07718618959188461
        ],
        [
            0.12902674078941345,
            -0.012882503680884838,
            0.08302532136440277
        ],
        [
            0.13816425204277039,
            0.006584485061466694,
            0.05495528131723404
        ],
        [
            0.1293211430311203,
            0.00817916076630354,
            0.047610972076654434
        ],
        [
            0.12739813327789307,
            0.004632122814655304,
            0.052882060408592224
        ],
        [
            0.13595403730869293,
            0.0027979006990790367,
            0.06242255121469498
        ],
        [
            0.13439211249351501,
            0.017884666100144386,
            0.03860881179571152
        ],
        [
            0.1427774727344513,
            0.015007240697741508,
            0.04621751233935356
        ],
        [
            0.14445780217647552,
            0.020709460601210594,
            0.040007397532463074
        ],
        [
            0.1380298137664795,
            0.022682642564177513,
            0.036313921213150024
        ],
        [
            0.15461410582065582,
            0.007450247183442116,
            0.06116410717368126
        ],
        [
            0.15757246315479279,
            0.005374415311962366,
            0.06439898908138275
        ],
        [
            0.15963248908519745,
            0.010483616963028908,
            0.06310077011585236
        ],
        [
            0.15552490949630737,
            0.010055821388959885,
            0.058736637234687805
        ],
        [
            0.10607688874006271,
            0.01688009314239025,
            -0.023919597268104553
        ],
        [
            0.10068336129188538,
            0.023200824856758118,
            -0.018695272505283356
        ],
        [
            0.15819211304187775,
            0.012031801976263523,
            0.01578998938202858
        ],
        [
            0.1536625325679779,
            0.021783288568258286,
            0.012263759970664978
        ],
        [
            0.16442427039146423,
            0.02312498353421688,
            0.01949460618197918
        ],
        [
            0.16817016899585724,
            0.011252248659729958,
            0.021299056708812714
        ],
        [
            0.11618421226739883,
            0.0032267640344798565,
            -0.01252448558807373
        ],
        [
            0.11243817955255508,
            0.005757259204983711,
            -0.01894018054008484
        ],
        [
            0.16400742530822754,
            -8.05538147687912e-05,
            0.10477788746356964
        ],
        [
            0.1616329550743103,
            -0.004759879782795906,
            0.10037662088871002
        ],
        [
            0.07711421698331833,
            -0.0035625342279672623,
            0.05416886880993843
        ],
        [
            0.09023734927177429,
            1.444295048713684e-05,
            0.07377266883850098
        ],
        [
            0.0722348541021347,
            -0.006834153085947037,
            0.03693941980600357
        ],
        [
            0.0713687539100647,
            -0.009751162491738796,
            0.024359755218029022
        ],
        [
            0.06856393814086914,
            -0.011466803029179573,
            0.014838151633739471
        ],
        [
            0.13556283712387085,
            -0.002352086827158928,
            0.07293244451284409
        ],
        [
            0.12204401940107346,
            0.0032787537202239037,
            0.055223844945430756
        ],
        [
            0.1209043562412262,
            0.012122267857193947,
            0.03940100222826004
        ],
        [
            0.1353907585144043,
            0.034162506461143494,
            0.02334611862897873
        ],
        [
            0.1270996332168579,
            0.035874150693416595,
            0.01750990003347397
        ],
        [
            0.12469847500324249,
            0.030479542911052704,
            0.026509806513786316
        ],
        [
            0.13266463577747345,
            0.02958083525300026,
            0.029479961842298508
        ],
        [
            0.15048949420452118,
            0.030838672071695328,
            0.01564633473753929
        ],
        [
            0.14695677161216736,
            0.0333370566368103,
            0.022529765963554382
        ],
        [
            0.1529272347688675,
            0.031924355775117874,
            0.0266086608171463
        ],
        [
            0.15856212377548218,
            0.029945993795990944,
            0.021118076518177986
        ],
        [
            0.11025016754865646,
            -0.008563864044845104,
            0.07899206876754761
        ],
        [
            0.0992625281214714,
            -0.016004202887415886,
            0.06946264952421188
        ],
        [
            0.108738012611866,
            0.02983945980668068,
            -0.005459144711494446
        ],
        [
            0.1016298308968544,
            0.028378209099173546,
            -0.008468814194202423
        ],
        [
            0.09536166489124298,
            0.02632223255932331,
            -0.013966701924800873
        ],
        [
            0.10264710336923599,
            0.020225847139954567,
            0.026899859309196472
        ],
        [
            0.09135007113218307,
            0.022791210561990738,
            0.0192185677587986
        ],
        [
            0.08908353000879288,
            0.021037019789218903,
            0.022731933742761612
        ],
        [
            0.10110683739185333,
            0.017251256853342056,
            0.028338860720396042
        ],
        [
            0.10229739546775818,
            0.01153908297419548,
            0.04105937480926514
        ],
        [
            0.091871477663517,
            0.018979594111442566,
            0.03844630718231201
        ],
        [
            0.10883253812789917,
            0.011063206940889359,
            0.05007015913724899
        ],
        [
            0.07961729913949966,
            0.01659722812473774,
            0.013428747653961182
        ],
        [
            0.07787947356700897,
            0.01986720785498619,
            0.0028983429074287415
        ],
        [
            0.07276687026023865,
            0.01408355962485075,
            0.007281959056854248
        ],
        [
            0.08399149775505066,
            0.0243065282702446,
            -0.003346949815750122
        ],
        [
            0.09013714641332626,
            0.026942294090986252,
            -0.009232550859451294
        ],
        [
            0.10874398052692413,
            0.005580352619290352,
            -0.02665630728006363
        ],
        [
            0.06932652741670609,
            0.007704205811023712,
            0.011288642883300781
        ],
        [
            0.11051832884550095,
            0.0156170055270195,
            0.06969204545021057
        ],
        [
            0.11493993550539017,
            0.015150174498558044,
            0.07577897608280182
        ],
        [
            0.11913355439901352,
            0.010969249531626701,
            0.07068055123090744
        ],
        [
            0.1154593676328659,
            0.010635213926434517,
            0.06494294852018356
        ],
        [
            0.13421200215816498,
            -0.0251384899020195,
            0.08270245790481567
        ],
        [
            0.13007837533950806,
            -0.018648087978363037,
            0.08455509692430496
        ],
        [
            0.12332241237163544,
            -0.016642911359667778,
            0.0785471498966217
        ],
        [
            0.108049176633358,
            0.030775586143136024,
            0.02003040909767151
        ],
        [
            0.11317551881074905,
            0.035259831696748734,
            0.00933130457997322
        ],
        [
            0.13773009181022644,
            -0.005547098349779844,
            0.08036761730909348
        ],
        [
            0.15752184391021729,
            -0.0098272655159235,
            0.1017717719078064
        ],
        [
            0.15212005376815796,
            -0.008203432895243168,
            0.10439900308847427
        ],
        [
            0.14381486177444458,
            -0.019098196178674698,
            0.09378757327795029
        ],
        [
            0.15018771588802338,
            -0.02053295075893402,
            0.09130174666643143
        ],
        [
            0.14717550575733185,
            -0.005419663153588772,
            0.08049952983856201
        ],
        [
            0.14001592993736267,
            -0.005046868696808815,
            0.08218582719564438
        ],
        [
            0.14190664887428284,
            -0.004275743383914232,
            0.0823567733168602
        ],
        [
            0.14798381924629211,
            -0.0023017204366624355,
            0.08028421550989151
        ],
        [
            0.15939995646476746,
            0.01492414902895689,
            0.055423587560653687
        ],
        [
            0.15571220219135284,
            0.015084746293723583,
            0.052412811666727066
        ],
        [
            0.15297210216522217,
            -0.02182157337665558,
            0.06583797186613083
        ],
        [
            0.14524434506893158,
            -0.031205013394355774,
            0.07067184150218964
        ],
        [
            0.1347591131925583,
            -0.03068874031305313,
            0.06228230148553848
        ],
        [
            0.14029550552368164,
            0.011115586385130882,
            0.04939081892371178
        ],
        [
            0.14843043684959412,
            0.010057564824819565,
            0.05551645904779434
        ],
        [
            0.14979329705238342,
            0.012491274625062943,
            0.052581533789634705
        ],
        [
            0.14017662405967712,
            -0.0015548812225461006,
            0.07294964790344238
        ],
        [
            0.1432887762784958,
            -0.0037753963842988014,
            0.0780135989189148
        ],
        [
            0.1458486020565033,
            -0.0020697913132607937,
            0.07389402389526367
        ],
        [
            0.1422422081232071,
            0.0009709689766168594,
            0.06845017522573471
        ],
        [
            0.1428292691707611,
            0.021320704370737076,
            0.0045419782400131226
        ],
        [
            0.13987313210964203,
            0.03197544440627098,
            0.0086296908557415
        ],
        [
            0.15069235861301422,
            0.0044134147465229034,
            0.10826952010393143
        ],
        [
            0.1489308625459671,
            0.0003948751837015152,
            0.10597459226846695
        ],
        [
            0.13154490292072296,
            0.012644020840525627,
            0.04236247390508652
        ],
        [
            0.12326885014772415,
            -0.027118537575006485,
            0.052537743002176285
        ],
        [
            0.12286636978387833,
            0.01579943858087063,
            0.03577594459056854
        ],
        [
            0.1694074422121048,
            0.007091307546943426,
            0.04081375524401665
        ],
        [
            0.1673101782798767,
            0.016865761950612068,
            0.043136995285749435
        ],
        [
            0.16790594160556793,
            0.016392983496189117,
            0.04501444101333618
        ],
        [
            0.17123892903327942,
            0.01120038516819477,
            0.04549213871359825
        ],
        [
            0.1559608280658722,
            0.004923191852867603,
            0.08836996555328369
        ],
        [
            0.15122069418430328,
            0.006160374730825424,
            0.09186388552188873
        ],
        [
            0.15214665234088898,
            0.008839098736643791,
            0.09329158067703247
        ],
        [
            0.1572664976119995,
            0.007607198320329189,
            0.0906306803226471
        ],
        [
            0.13568705320358276,
            -0.0077303615398705006,
            0.0850503221154213
        ],
        [
            0.13304756581783295,
            -0.012425822205841541,
            0.08771919459104538
        ],
        [
            0.13673579692840576,
            -0.009719783440232277,
            0.09068053960800171
        ],
        [
            0.13911962509155273,
            -0.005956064909696579,
            0.08652079850435257
        ],
        [
            0.13511121273040771,
            -0.01797489821910858,
            0.08935925364494324
        ],
        [
            0.13886453211307526,
            -0.015202321112155914,
            0.09319645166397095
        ],
        [
            0.16081713140010834,
            0.000772346742451191,
            0.08807945996522903
        ],
        [
            0.16318969428539276,
            -0.00513108167797327,
            0.09208222478628159
        ],
        [
            0.15756787359714508,
            -0.013194560073316097,
            0.08155087381601334
        ],
        [
            0.15495935082435608,
            -0.005502388812601566,
            0.08038435876369476
        ],
        [
            0.12956354022026062,
            -0.005608296021819115,
            0.009159393608570099
        ],
        [
            0.13262203335762024,
            0.0032281100284308195,
            0.0030425935983657837
        ],
        [
            0.14458546042442322,
            0.0041032154113054276,
            0.012887220829725266
        ],
        [
            0.157583087682724,
            0.00446449127048254,
            0.02203052118420601
        ],
        [
            0.1684911698102951,
            0.005153034348040819,
            0.0320965051651001
        ],
        [
            0.16647572815418243,
            -0.0056699891574680805,
            0.037873171269893646
        ],
        [
            0.1451689451932907,
            0.010791421867907047,
            0.007959138602018356
        ],
        [
            0.1533414125442505,
            -0.01090983860194683,
            0.07617848366498947
        ],
        [
            0.1531727910041809,
            -0.019196832552552223,
            0.07485067844390869
        ],
        [
            0.15508757531642914,
            -0.016120171174407005,
            0.07309101521968842
        ],
        [
            0.12561027705669403,
            0.021816112101078033,
            0.0322599858045578
        ],
        [
            0.14809280633926392,
            -0.005137953907251358,
            0.10418868064880371
        ],
        [
            0.08786197006702423,
            -0.02126273140311241,
            0.008748210966587067
        ],
        [
            0.09765256941318512,
            -0.01836111769080162,
            -0.000524081289768219
        ],
        [
            0.10180070996284485,
            -0.01905060186982155,
            0.007218077778816223
        ],
        [
            0.09035828709602356,
            -0.021344607695937157,
            0.018374696373939514
        ],
        [
            0.14705871045589447,
            0.0039245812222361565,
            0.09713195264339447
        ],
        [
            0.14546969532966614,
            -0.0002283155918121338,
            0.10155682265758514
        ],
        [
            0.1578889936208725,
            0.01985020935535431,
            0.048831015825271606
        ],
        [
            0.1610977053642273,
            0.018329262733459473,
            0.051297444850206375
        ],
        [
            0.16339099407196045,
            0.019736124202609062,
            0.0470571331679821
        ],
        [
            0.16097362339496613,
            0.02323222905397415,
            0.04650915041565895
        ],
        [
            0.132627472281456,
            0.008192107081413269,
            -0.00040353089570999146
        ],
        [
            0.1681635081768036,
            0.027475442737340927,
            0.025723695755004883
        ],
        [
            0.17225627601146698,
            0.017559748142957687,
            0.028612323105335236
        ],
        [
            0.12229932099580765,
            0.002052751136943698,
            -0.005226016044616699
        ],
        [
            0.11985820531845093,
            -0.006114711984992027,
            -0.00040621310472488403
        ],
        [
            0.11325336992740631,
            -0.006154096685349941,
            -0.00766676664352417
        ],
        [
            0.16417811810970306,
            -0.01052782591432333,
            0.05208265408873558
        ],
        [
            0.12835904955863953,
            -0.011419082060456276,
            0.015526242554187775
        ],
        [
            0.11797501146793365,
            -0.011054216884076595,
            0.005160987377166748
        ],
        [
            0.11001008749008179,
            -0.01132130529731512,
            -0.0032561272382736206
        ],
        [
            0.10499390959739685,
            -0.01159204076975584,
            -0.009970448911190033
        ],
        [
            0.10899388790130615,
            -0.005790817551314831,
            -0.01404813677072525
        ],
        [
            0.16112489998340607,
            -0.00819469802081585,
            0.0969691202044487
        ],
        [
            0.16455700993537903,
            -0.0010536126792430878,
            0.09522167593240738
        ],
        [
            0.10505049675703049,
            -0.006411948706954718,
            -0.022249355912208557
        ],
        [
            0.10035429894924164,
            -0.01243848167359829,
            -0.016986966133117676
        ],
        [
            0.11440891772508621,
            -0.016348740085959435,
            0.011830456554889679
        ],
        [
            0.10870891064405441,
            -0.021495096385478973,
            0.020787935703992844
        ],
        [
            0.1244630515575409,
            -0.01629883609712124,
            0.02170255035161972
        ],
        [
            0.12000133097171783,
            -0.021728064864873886,
            0.031057484447956085
        ],
        [
            0.1608351618051529,
            -0.021488431841135025,
            0.05447142571210861
        ],
        [
            0.1694955676794052,
            0.01616157963871956,
            0.10362391173839569
        ],
        [
            0.16630370914936066,
            0.0082784965634346,
            0.09584273397922516
        ],
        [
            0.16151590645313263,
            0.011411698535084724,
            0.09419374912977219
        ],
        [
            0.16736365854740143,
            0.01891433075070381,
            0.10124170780181885
        ],
        [
            0.16198691725730896,
            0.004131754860281944,
            0.09107087552547455
        ],
        [
            0.16709882020950317,
            0.0036213137209415436,
            0.0994635820388794
        ],
        [
            0.11072586476802826,
            -0.024848997592926025,
            0.04300399869680405
        ],
        [
            0.14936073124408722,
            -0.003980920184403658,
            0.07804421335458755
        ],
        [
            0.0955813080072403,
            -0.022189034149050713,
            0.03514618054032326
        ],
        [
            0.10599111765623093,
            -0.025794608518481255,
            0.058810312300920486
        ],
        [
            0.09441342949867249,
            -0.021114002913236618,
            0.05487271770834923
        ],
        [
            0.07968437671661377,
            -0.01807975023984909,
            0.02891714498400688
        ],
        [
            0.0812254473567009,
            -0.015748821198940277,
            0.04742007702589035
        ],
        [
            0.07551639527082443,
            -0.01882840320467949,
            0.00930594652891159
        ],
        [
            0.07902976125478745,
            -0.018776245415210724,
            0.018003441393375397
        ],
        [
            0.0875227078795433,
            -0.012049232609570026,
            0.06468698382377625
        ],
        [
            0.15386934578418732,
            0.016969259828329086,
