{
    "pred_cam": [
        5.849842071533203,
        -0.04328528419137001,
        0.01873277872800827
    ],
    "pred_mano_params": {
        "global_orient": [
            [
                [
                    0.8905669450759888,
                    0.3569951355457306,
                    0.2818600535392761
                ],
                [
                    0.36977267265319824,
                    -0.20737238228321075,
                    -0.9056848287582397
                ],
                [
                    -0.2648750841617584,
                    0.9107969999313354,
                    -0.3166860342025757
                ]
            ]
        ],
        "hand_pose": [
            [
                [
                    0.8283469676971436,
                    -0.46351945400238037,
                    -0.3146284222602844
                ],
                [
                    0.459374338388443,
                    0.8834550380706787,
                    -0.0920998603105545
                ],
                [
                    0.3206501603126526,
                    -0.06824160367250443,
                    0.9447362422943115
                ]
            ],
            [
                [
                    0.9635212421417236,
                    -0.2672102749347687,
                    0.01501498930156231
                ],
                [
                    0.263276070356369,
                    0.9362664818763733,
                    -0.23257426917552948
                ],
                [
                    0.0480881966650486,
                    0.2280433475971222,
                    0.9724627137184143
                ]
            ],
            [
                [
                    0.9609262347221375,
                    -0.27629727125167847,
                    0.016750598326325417
                ],
                [
                    0.2765542268753052,
                    0.9557244181632996,
                    -0.10054163634777069
                ],
                [
                    0.011770427227020264,
                    0.10124554485082626,
                    0.9947918653488159
                ]
            ],
            [
                [
                    0.536770761013031,
                    -0.8260219097137451,
                    -0.17194493114948273
                ],
                [
                    0.8366654515266418,
                    0.5474205613136292,
                    -0.017935268580913544
                ],
                [
                    0.10894112288951874,
                    -0.1342332512140274,
                    0.9849433302879333
                ]
            ],
            [
                [
                    0.9804277420043945,
                    -0.13042816519737244,
                    -0.14747869968414307
                ],
                [
                    0.15755440294742584,
                    0.968967616558075,
                    0.19046831130981445
                ],
                [
                    0.1180596724152565,
                    -0.20997633039951324,
                    0.9705522656440735
                ]
            ],
            [
                [
                    0.9429508447647095,
                    -0.3147334158420563,
                    0.10856577008962631
                ],
                [
                    0.3191993534564972,
                    0.9473280906677246,
                    -0.026099471375346184
                ],
                [
                    -0.09463303536176682,
                    0.0592646487057209,
                    0.9937465190887451
                ]
            ],
            [
                [
                    0.6429330706596375,
                    -0.6828917860984802,
                    0.34683695435523987
                ],
                [
                    0.609649658203125,
                    0.7303959131240845,
                    0.30797579884529114
                ],
                [
                    -0.463642418384552,
                    0.013441190123558044,
                    0.8859204053878784
                ]
            ],
            [
                [
                    0.962226927280426,
                    -0.19337764382362366,
                    -0.19163601100444794
                ],
                [
                    0.24455970525741577,
                    0.9232444167137146,
                    0.2963281571865082
                ],
                [
                    0.11962363123893738,
                    -0.3320014178752899,
                    0.9356630444526672
                ]
            ],
            [
                [
                    0.9906829595565796,
                    -0.09582054615020752,
                    0.09677696228027344
                ],
                [
                    0.04289529100060463,
                    0.893984317779541,
                    0.44604015350341797
                ],
                [
                    -0.12925690412521362,
                    -0.43773308396339417,
                    0.8897652626037598
                ]
            ],
            [
                [
                    0.5437901616096497,
                    -0.8347812294960022,
                    0.08621211349964142
                ],
                [
                    0.8374972343444824,
                    0.546383261680603,
                    0.007977219298481941
                ],
                [
                    -0.05376409366726875,
                    0.06786447763442993,
                    0.9962447881698608
                ]
            ],
            [
                [
                    0.9723578095436096,
                    -0.2017773538827896,
                    -0.11749964952468872
                ],
                [
                    0.22995497286319733,
                    0.9148327112197876,
                    0.3319666087627411
                ],
                [
                    0.040509168058633804,
                    -0.3498099446296692,
                    0.9359444379806519
                ]
            ],
            [
                [
                    0.9132599830627441,
                    -0.3563174307346344,
                    0.19746911525726318
                ],
                [
                    0.3231739401817322,
                    0.928804337978363,
                    0.1813313364982605
                ],
                [
                    -0.2480216920375824,
                    -0.10178578644990921,
                    0.9633923172950745
                ]
            ],
            [
                [
                    0.9978943467140198,
                    0.035980597138404846,
                    -0.05396455526351929
                ],
                [
                    -0.0632300153374672,
                    0.7250064611434937,
                    -0.6858335137367249
                ],
                [
                    0.014447936788201332,
                    0.6878016591072083,
                    0.7257549166679382
                ]
            ],
            [
                [
                    0.8365172743797302,
                    -0.4704388678073883,
                    -0.28093791007995605
                ],
                [
                    0.5368028879165649,
                    0.8064503073692322,
                    0.2479526549577713
                ],
                [
                    0.10991589725017548,
                    -0.3582249581813812,
                    0.9271425604820251
                ]
            ],
            [
                [
                    0.9690572023391724,
                    -0.21363681554794312,
                    -0.12364234030246735
                ],
                [
                    0.147367462515831,
                    0.9025765061378479,
                    -0.40452244877815247
                ],
                [
                    0.19801758229732513,
                    0.37378454208374023,
                    0.906131386756897
                ]
            ]
        ],
        "betas": [
            0.034483879804611206,
            -0.0775560736656189,
            -0.02636551856994629,
            -0.04224231839179993,
            -0.04168584942817688,
            0.012692753225564957,
            -0.02326938509941101,
            0.0001398622989654541,
            0.03337876498699188,
            -0.04526481032371521
        ]
    },
    "pred_cam_t": [
        -0.04328528419137001,
        0.01873277872800827,
        6.677530765533447
    ],
    "focal_length": [
        5000.0,
        5000.0
    ],
    "pred_keypoints_3d": [
        [
            0.09553130716085434,
            0.006363940425217152,
            0.006205455400049686
        ],
        [
            0.07587696611881256,
            -0.022597182542085648,
            -0.009646850638091564
        ],
        [
            0.05713387578725815,
            -0.043109230697155,
            -0.022737018764019012
        ],
        [
            0.03236450254917145,
            -0.04781738668680191,
            -0.03257089853286743
        ],
        [
            0.0021224701777100563,
            -0.04593483358621597,
            -0.05027393251657486
        ],
        [
            0.02122582495212555,
            -0.04366704449057579,
            0.018261555582284927
        ],
        [
            -0.011719990521669388,
            -0.044358182698488235,
            0.018241019919514656
        ],
        [
            -0.03165893256664276,
            -0.03924891725182533,
            0.009990234859287739
        ],
        [
            -0.05223457142710686,
            -0.030998459085822105,
            -0.002538766711950302
        ],
        [
            0.009904660284519196,
            -0.025192193686962128,
            0.030937619507312775
        ],
        [
            -0.016994906589388847,
            -0.018152471631765366,
            0.015676654875278473
        ],
        [
            -0.03203882277011871,
            -0.00894053466618061,
            0.0005028462037444115
        ],
        [
            -0.04677632823586464,
            -0.0013856058940291405,
            -0.019302621483802795
        ],
        [
            0.013920858502388,
            0.001108064316213131,
            0.032653260976076126
        ],
        [
            -0.010748893022537231,
            0.002374152885749936,
            0.01775164157152176
        ],
        [
            -0.0250601377338171,
            0.011839892715215683,
            -0.00013749301433563232
        ],
        [
            -0.03658273443579674,
            0.016009017825126648,
            -0.022134095430374146
        ],
        [
            0.0186440572142601,
            0.022053349763154984,
            0.029058348387479782
        ],
        [
            -0.0009606145322322845,
            0.022222192957997322,
            0.021209770813584328
        ],
        [
            -0.014605231583118439,
            0.026773223653435707,
            0.008879389613866806
        ],
        [
            -0.02706269919872284,
            0.02829451858997345,
            -0.008137939497828484
        ]
    ],
    "pred_vertices": [
        [
            0.04943994805216789,
            -0.02325519360601902,
            -0.0016336720436811447
        ],
        [
            0.05760098621249199,
            -0.01832456886768341,
            -0.006168734282255173
        ],
        [
            0.052003100514411926,
            -0.025872021913528442,
            -0.011152515187859535
        ],
        [
            0.04514000937342644,
            -0.031053883954882622,
            -0.005782846361398697
        ],
        [
            0.06771628558635712,
            -0.01796303689479828,
            -0.025157418102025986
        ],
        [
            0.07776223868131638,
            -0.024084903299808502,
            -0.029766343533992767
        ],
        [
            0.06493285298347473,
            -0.03415461629629135,
            -0.033746540546417236
        ],
        [
            0.05876994878053665,
            -0.02627428248524666,
            -0.0299932099878788
        ],
        [
            0.042456693947315216,
            -0.03796122968196869,
            -0.007642960175871849
        ],
        [
            0.04776732996106148,
            -0.03161121904850006,
            -0.014831144362688065
        ],
        [
            0.04428323358297348,
            -0.04164872318506241,
            -0.006772954016923904
        ],
        [
            0.04105955362319946,
            -0.04897191375494003,
            0.005231549963355064
        ],
        [
            0.03848408907651901,
            -0.0438217893242836,
            0.0009136460721492767
        ],
        [
            0.0359594002366066,
            -0.051771894097328186,
            0.012116583995521069
        ],
        [
            0.050257358700037,
            -0.04974525421857834,
            0.011541740037500858
        ],
        [
            0.03839471936225891,
            -0.05065452679991722,
            0.021504251286387444
        ],
        [
            0.05553695186972618,
            -0.02803857810795307,
            0.031227674335241318
        ],
        [
            0.05531305447220802,
            -0.015039042569696903,
            0.03510180488228798
        ],
        [
            0.0389544740319252,
            -0.01948954537510872,
            0.04031642526388168
        ],
        [
            0.04062403738498688,
            -0.03203587979078293,
            0.034849319607019424
        ],
        [
            0.04234620928764343,
            0.0011897766962647438,
            0.039487335830926895
        ],
        [
            0.039648037403821945,
            -0.010373870842158794,
            0.0402396060526371
        ],
        [
            0.05634959042072296,
            -0.006189920008182526,
            0.036322370171546936
        ],
        [
            0.05782807618379593,
            0.0039136530831456184,
            0.035649992525577545
        ],
        [
            0.0545864999294281,
            -0.00835702195763588,
            0.0033042822033166885
        ],
        [
            0.06336678564548492,
            -0.0035616420209407806,
            -0.00027487240731716156
        ],
        [
            0.06203088164329529,
            -0.009289879351854324,
            -0.0012824293226003647
        ],
        [
            0.053799260407686234,
            -0.013764811679720879,
            0.001843094825744629
        ],
        [
            0.04739850014448166,
            -0.04794637858867645,
            -0.014176423661410809
        ],
        [
            0.057134293019771576,
            -0.0499795600771904,
            -0.005105555988848209
        ],
        [
            0.04989542067050934,
            -0.04704637825489044,
            -0.0037210220471024513
        ],
        [
            0.04461883753538132,
            -0.043435074388980865,
            -0.015390392392873764
        ],
        [
            0.08204386383295059,
            0.015707368031144142,
            -0.011500397697091103
        ],
        [
            0.09540554881095886,
            0.01670621894299984,
            -0.009947733953595161
        ],
        [
            0.09659183025360107,
            0.011068983003497124,
            -0.011077065020799637
        ],
        [
            0.0841437503695488,
            0.011314483359456062,
            -0.0116965863853693
        ],
        [
            0.0932091623544693,
            -0.009488917887210846,
            -0.02040097862482071
        ],
        [
            0.10155510157346725,
            -0.005867786705493927,
            -0.015087539330124855
        ],
        [
            0.111422598361969,
            -0.014726616442203522,
            -0.011318909004330635
        ],
        [
            0.10351237654685974,
            -0.020587801933288574,
            -0.013812374323606491
        ],
        [
            0.08494826406240463,
            -0.01633021980524063,
            -0.025819245725870132
        ],
        [
            0.09438735246658325,
            -0.025854546576738358,
            -0.021689724177122116
        ],
        [
            0.08467377722263336,
            -0.03324279561638832,
            -0.02680591307580471
        ],
        [
            0.06920723617076874,
            -0.04258411377668381,
            -0.032296955585479736
        ],
        [
            0.09388842433691025,
            0.0282890647649765,
            -0.004686955362558365
        ],
        [
            0.0838116928935051,
            0.029369596391916275,
            -0.005564291030168533
        ],
        [
            -0.013979490846395493,
            -0.04556123539805412,
            0.006614936515688896
        ],
        [
            -0.014330325648188591,
            -0.03974507749080658,
            0.007460125721991062
        ],
        [
            -0.00920070894062519,
            -0.04055101424455643,
            0.007506937719881535
        ],
        [
            -0.00978784542530775,
            -0.04627710580825806,
            0.00704583153128624
        ],
        [
            0.08946433663368225,
            0.03428743779659271,
            0.014045307412743568
        ],
        [
            0.09196259081363678,
            0.030850613489747047,
            0.02316688559949398
        ],
        [
            0.09794220328330994,
            0.03388884291052818,
            0.02032444253563881
        ],
        [
            0.0963602066040039,
            0.03543589264154434,
            0.011191820725798607
        ],
        [
            0.08032742142677307,
            0.03265099972486496,
            0.017716197296977043
        ],
        [
            0.0835399329662323,
            0.026285868138074875,
            0.026400737464427948
        ],
        [
            -0.017860105261206627,
            -0.051492493599653244,
            0.017075223848223686
        ],
        [
            -0.016770703718066216,
            -0.051946550607681274,
            0.012086769565939903
        ],
        [
            -0.012083126232028008,
            -0.053043097257614136,
            0.014303392730653286
        ],
        [
            -0.012423790991306305,
            -0.051869139075279236,
            0.01951517164707184
        ],
        [
            0.03884460777044296,
            -0.036384791135787964,
            -0.0005689151585102081
        ],
        [
            0.041178613901138306,
            -0.027247291058301926,
            0.0010365433990955353
        ],
        [
            0.0237714983522892,
            -0.04085825756192207,
            0.0065369997173547745
        ],
        [
            0.030602488666772842,
            -0.03469092771410942,
            0.005667500197887421
        ],
        [
            0.032856330275535583,
            -0.04148013889789581,
            0.004197758622467518
        ],
        [
            0.027080662548542023,
            -0.046171169728040695,
            0.006485834717750549
        ],
        [
            0.03383079171180725,
            -0.011875247582793236,
            0.0116143599152565
        ],
        [
            0.044542182236909866,
            -0.008765816688537598,
            0.008257275447249413
        ],
        [
            0.043398335576057434,
            -0.01520095020532608,
            0.007091507315635681
        ],
        [
            0.031711798161268234,
            -0.019992770627141,
            0.009575748816132545
        ],
        [
            0.04379788413643837,
            0.0053463466465473175,
            0.00884486734867096
        ],
        [
            0.03348683938384056,
            0.0010457560420036316,
            0.012547198683023453
        ],
        [
            0.034302785992622375,
            0.009572209790349007,
            0.012526832520961761
        ],
        [
            0.04115191847085953,
            0.011298088356852531,
            0.008943121880292892
        ],
        [
            0.017519114539027214,
            -0.009583534672856331,
            0.01896144449710846
        ],
        [
            0.012973163276910782,
            -0.011853907257318497,
            0.02111683413386345
        ],
        [
            0.011701028794050217,
            -0.008117958903312683,
            0.02018308825790882
        ],
        [
            0.017798757180571556,
            -0.005856641568243504,
            0.01914115622639656
        ],
        [
            0.10434365272521973,
            0.03622779995203018,
            0.018376562744379044
        ],
        [
            0.10318087041378021,
            0.03559574484825134,
            0.008657891303300858
        ],
        [
            0.043882135301828384,
            0.02264336869120598,
            0.035775382071733475
        ],
        [
            0.045921750366687775,
            0.030753042548894882,
            0.028336793184280396
        ],
        [
            0.03311016038060188,
            0.030469810590147972,
            0.03198695927858353
        ],
        [
            0.034167706966400146,
            0.02165750041604042,
            0.03966924920678139
        ],
        [
            0.09361552447080612,
            0.02237989753484726,
            0.02887607179582119
        ],
        [
            0.09967289119958878,
            0.027195971459150314,
            0.027591239660978317
        ],
        [
            -0.018738161772489548,
            -0.047346893697977066,
            0.021612878888845444
        ],
        [
            -0.013033544644713402,
            -0.04726142808794975,
            0.023400254547595978
        ],
        [
            0.08953913301229477,
            -0.03880328685045242,
            -0.015908977016806602
        ],
        [
            0.07158367335796356,
            -0.04877454414963722,
            -0.02521240897476673
        ],
        [
            0.10078059136867523,
            -0.029866591095924377,
            -0.008693769574165344
        ],
        [
            0.10803405940532684,
            -0.023701190948486328,
            -0.003285180777311325
        ],
        [
            0.11556300520896912,
            -0.019727181643247604,
            -0.0012230277061462402
        ],
        [
            0.02638624981045723,
            -0.03030373528599739,
            0.008185353130102158
        ],
        [
            0.04579387232661247,
            -0.019313877448439598,
            0.0033926088362932205
        ],
        [
            0.054744843393564224,
            -0.0032997410744428635,
            0.004023365676403046
        ],
        [
            0.048244353383779526,
            0.026720905676484108,
            0.0051543861627578735
        ],
        [
            0.05776052549481392,
            0.02909793145954609,
            0.0013621412217617035
        ],
        [
            0.055215559899806976,
            0.018876295536756516,
            -0.0002092905342578888
        ],
        [
            0.04759186506271362,
            0.018807033076882362,
            0.00403054803609848
        ],
        [
            0.04307401180267334,
            0.03388627618551254,
            0.019384942948818207
        ],
        [
            0.03999193385243416,
            0.030115332454442978,
            0.012985315173864365
        ],
        [
            0.031950440257787704,
            0.028633227571845055,
            0.016565345227718353
        ],
        [
            0.033027589321136475,
            0.03257181495428085,
            0.02315971627831459
        ],
        [
            0.0509808212518692,
            -0.05390465259552002,
            -0.01726149022579193
        ],
        [
            0.06383316218852997,
            -0.05240247771143913,
            -0.007935545407235622
        ],
        [
            0.08730801194906235,
            0.03414434939622879,
            0.00369916670024395
        ],
        [
            0.09467574954032898,
            0.0329253226518631,
            0.001530524343252182
        ],
        [
            0.10314354300498962,
            0.033119454979896545,
            0.0013096798211336136
        ],
        [
            0.07279010117053986,
            0.005156204104423523,
            -0.006822431460022926
        ],
        [
            0.08557477593421936,
            0.008282061666250229,
            -0.012006789445877075
        ],
        [
            0.08537009358406067,
            0.004120580852031708,
            -0.013343889266252518
        ],
        [
            0.0728650614619255,
            0.001948341727256775,
            -0.0062812454998493195
        ],
        [
            0.06521987915039062,
            -0.011783808469772339,
            -0.012639552354812622
        ],
        [
            0.0761808454990387,
            -0.0083850659430027,
            -0.019812172278761864
        ],
        [
            0.057714711874723434,
            -0.01902775838971138,
            -0.01787576638162136
        ],
        [
            0.09985938668251038,
            0.003905724734067917,
            -0.012976370751857758
        ],
        [
            0.10669520497322083,
            0.012432517483830452,
            -0.01238652691245079
        ],
        [
            0.10930326581001282,
            0.004011806100606918,
            -0.01349949836730957
        ],
        [
            0.10507289320230484,
            0.02142433635890484,
            -0.008868571370840073
        ],
        [
            0.10370194166898727,
            0.02895504981279373,
            -0.00432349368929863
        ],
        [
            0.10726234316825867,
            0.030914248898625374,
            0.02864103391766548
        ],
        [
            0.11120805144309998,
            -0.004139605909585953,
            -0.01284714974462986
        ],
        [
            0.052860453724861145,
            -0.032670505344867706,
            -0.0324333980679512
        ],
        [
            0.04723725840449333,
            -0.03687524050474167,
            -0.03419370949268341
        ],
        [
            0.04447929188609123,
            -0.03445083275437355,
            -0.027453739196062088
        ],
        [
            0.04912957921624184,
            -0.030790016055107117,
            -0.024988168850541115
        ],
        [
            0.027825908735394478,
            -0.05385001748800278,
            0.017307652160525322
        ],
        [
            0.027148935943841934,
            -0.05127818509936333,
            0.009918208234012127
        ],
        [
            0.03528326749801636,
            -0.048275768756866455,
            0.0057899234816432
        ],
        [
            0.0713563859462738,
            0.01815703511238098,
            -0.00791381485760212
        ],
        [
            0.07326532155275345,
            0.02970346249639988,
            -0.003237862139940262
        ],
        [
            0.019722310826182365,
            -0.036471251398324966,
            0.009214065968990326
        ],
        [
            -0.007455171085894108,
            -0.05200706049799919,
            0.021844031289219856
        ],
        [
            -0.006793375127017498,
            -0.05366560071706772,
            0.01618700660765171
        ],
        [
            0.011733107268810272,
            -0.05434557422995567,
            0.01771136000752449
        ],
        [
            0.01018676720559597,
            -0.052737876772880554,
            0.024177655577659607
        ],
        [
            0.01257424894720316,
            -0.034584783017635345,
            0.016630511730909348
        ],
        [
            0.015581246465444565,
            -0.03689374029636383,
            0.010916946455836296
        ],
        [
            0.013235434889793396,
            -0.036512043327093124,
            0.012365549802780151
        ],
        [
            0.009762579575181007,
            -0.03299243003129959,
            0.016642939299345016
        ],
        [
            0.014407873153686523,
            0.000741901807487011,
            0.02022554539144039
        ],
        [
            0.01970692165195942,
            0.0025878781452775,
            0.019102104008197784
        ],
        [
            0.02484317496418953,
            -0.03430292010307312,
            0.03493455797433853
        ],
        [
            0.030270438641309738,
            -0.04654005542397499,
            0.03345552086830139
        ],
        [
            0.04161468893289566,
            -0.04331372678279877,
            0.02984292060136795
        ],
        [
            0.03450661897659302,
            -0.004478697665035725,
            0.01227911189198494
        ],
        [
            0.02491125836968422,
            -0.0065335556864738464,
            0.01547606848180294
        ],
        [
            0.024952244013547897,
            -0.002428716979920864,
            0.016048729419708252
        ],
        [
            0.022775907069444656,
            -0.02842452935874462,
            0.010680390521883965
        ],
        [
            0.017171088606119156,
            -0.032175492495298386,
            0.01266331598162651
        ],
        [
            0.01852962002158165,
            -0.027492811903357506,
            0.01435887161642313
        ],
        [
            0.023774366825819016,
            -0.023201018571853638,
            0.012195796705782413
        ],
        [
            0.05880056321620941,
            0.03191886842250824,
            0.02544916421175003
        ],
        [
            0.05523945391178131,
            0.03590799868106842,
            0.015124738216400146
        ],
        [
            -0.015119658783078194,
            -0.04986957460641861,
            0.00829628761857748
        ],
        [
            -0.010744042694568634,
            -0.050897788256406784,
            0.00965266302227974
        ],
        [
            0.044982440769672394,
            -0.0015873927623033524,
            0.008932262659072876
        ],
        [
            0.05473494529724121,
            -0.03813884034752846,
            0.025139793753623962
        ],
        [
            0.05468805506825447,
            0.0021796971559524536,
            0.004400899633765221
        ],
        [
            0.02108294889330864,
            0.007107998710125685,
            0.03779307007789612
        ],
        [
            0.01753542199730873,
            0.011154253967106342,
            0.03143501281738281
        ],
        [
            0.012985008768737316,
            0.009326960891485214,
            0.029747430235147476
        ],
        [
            0.012773747555911541,
            0.0061830016784369946,
            0.03479709476232529
        ],
        [
            -0.005395309068262577,
            -0.03300709277391434,
            0.01678788848221302
        ],
        [
            -0.005204427987337112,
            -0.03513740748167038,
            0.011386029422283173
        ],
        [
            -0.009641405194997787,
            -0.035231590270996094,
            0.010767909698188305
        ],
        [
            -0.01044156402349472,
            -0.03327697515487671,
            0.016118407249450684
        ],
        [
            0.017744434997439384,
            -0.041603825986385345,
            0.008235656656324863
        ],
        [
            0.020091192796826363,
            -0.047509290277957916,
            0.00789075531065464
        ],
        [
            0.013701616786420345,
            -0.046802207827568054,
            0.008548859506845474
        ],
        [
            0.013097078539431095,
            -0.04100176692008972,
            0.009801051579415798
        ],
        [
            0.019734051078557968,
            -0.05228705704212189,
            0.011989710852503777
        ],
        [
            0.013275557197630405,
            -0.05203579366207123,
            0.012059774249792099
        ],
        [
            -0.006139619275927544,
            -0.03498651832342148,
            0.02289799600839615
        ],
        [
            -0.007094122469425201,
            -0.041202254593372345,
            0.02695353515446186
        ],
        [
            0.00840971153229475,
            -0.04020132124423981,
            0.02929946593940258
        ],
        [
            0.006962215527892113,
            -0.034641727805137634,
            0.023598752915859222
        ],
        [
            0.07272810488939285,
            0.00632532499730587,
            0.03355270251631737
        ],
        [
            0.072029709815979,
            0.017333175987005234,
            0.03216596692800522
        ],
        [
            0.05720419064164162,
            0.015268133953213692,
            0.034407079219818115
        ],
        [
            0.04263918474316597,
            0.013676985166966915,
            0.038012512028217316
        ],
        [
            0.028872009366750717,
            0.011037711054086685,
            0.040285442024469376
        ],
        [
            0.029225576668977737,
            -0.0008019702509045601,
            0.043736670166254044
        ],
        [
            0.058036476373672485,
            0.023175779730081558,
            0.03244265913963318
        ],
        [
            0.014823216944932938,
            -0.032977886497974396,
            0.02436143532395363
        ],
        [
            0.01838158257305622,
            -0.03934989124536514,
            0.030662911012768745
        ],
        [
            0.017576592043042183,
            -0.03420392796397209,
            0.03000464476644993
        ],
        [
            0.05328473076224327,
            0.00944521650671959,
            0.003631558269262314
        ],
        [
            -0.005641622468829155,
            -0.051978323608636856,
            0.011299481615424156
        ],
        [
            0.10734586417675018,
            -0.016653651371598244,
            0.018828868865966797
        ],
        [
            0.10521240532398224,
            -0.005943574011325836,
            0.026469770818948746
        ],
        [
            0.09746912866830826,
            -0.010109588503837585,
            0.026334550231695175
        ],
        [
            0.09954755008220673,
            -0.021895233541727066,
            0.017041821032762527
        ],
        [
            -0.004670834168791771,
            -0.040846552699804306,
            0.007643728516995907
        ],
        [
            -0.004782877862453461,
            -0.04716694355010986,
            0.007276933640241623
        ],
        [
            0.018156807869672775,
            0.009043189696967602,
            0.019784368574619293
        ],
        [
            0.013620274141430855,
            0.006366254296153784,
            0.021149180829524994
        ],
        [
            0.012364883907139301,
            0.00912482850253582,
            0.023394055664539337
        ],
        [
            0.014854936860501766,
            0.013443886302411556,
            0.021159861236810684
        ],
        [
            0.07287105917930603,
            0.0229352917522192,
            0.03035285696387291
        ],
        [
            0.02430597133934498,
            0.029824770987033844,
            0.03145137056708336
        ],
        [
            0.025620389729738235,
            0.022019602358341217,
            0.03885459899902344
        ],
        [
            0.08494631201028824,
            0.01870965026319027,
            0.030305521562695503
        ],
        [
            0.08584506064653397,
            0.009170847944915295,
            0.03213752433657646
        ],
        [
            0.09518852829933167,
            0.011813249439001083,
            0.031183559447526932
        ],
        [
            0.022861938923597336,
            -0.014305708929896355,
            0.04073089361190796
        ],
        [
            0.0711020678281784,
            -0.002171015366911888,
            0.034001123160123825
        ],
        [
            0.0849962830543518,
            0.0015854965895414352,
            0.03184589371085167
        ],
        [
            0.09612247347831726,
            0.004395624622702599,
            0.030695408582687378
        ],
        [
            0.10406774282455444,
            0.007000423967838287,
            0.03060307539999485
        ],
        [
            0.10219989717006683,
            0.014896243810653687,
            0.030986363068223
        ],
        [
            -0.007730037905275822,
            -0.046861354261636734,
            0.02549205906689167
        ],
        [
            -0.013139957562088966,
            -0.040849845856428146,
            0.025166818872094154
        ],
        [
            0.11041942983865738,
            0.018553532660007477,
            0.03237322345376015
        ],
        [
            0.11210216581821442,
            0.009536109864711761,
            0.031204570084810257
        ],
        [
            0.08473972976207733,
            -0.007460007444024086,
            0.030264098197221756
        ],
        [
            0.08439883589744568,
            -0.018262339755892754,
            0.026797350496053696
        ],
        [
            0.07124432921409607,
            -0.01068037748336792,
            0.032219789922237396
        ],
        [
            0.06979987025260925,
            -0.021707186475396156,
            0.029187310487031937
        ],
        [
            0.026523681357502937,
            -0.024312783032655716,
            0.04403775930404663
        ],
        [
            -0.029442567378282547,
            -0.03582078590989113,
            0.018362944945693016
        ],
        [
            -0.01843331754207611,
            -0.035733480006456375,
            0.021258533000946045
        ],
        [
            -0.016488609835505486,
            -0.03340255841612816,
            0.016327254474163055
        ],
        [
            -0.027856312692165375,
            -0.03274625167250633,
            0.015823539346456528
        ],
        [
            -0.011668010614812374,
            -0.03513975813984871,
            0.021600645035505295
        ],
        [
            -0.018886717036366463,
            -0.04097457602620125,
            0.02348421700298786
        ],
        [
            0.0694160908460617,
            -0.034053415060043335,
            0.020768793299794197
        ],
        [
            0.013963740319013596,
            -0.030011000111699104,
            0.016650767996907234
        ],
        [
            0.08531662821769714,
            -0.03132538124918938,
            0.014457259327173233
        ],
        [
            0.0637335553765297,
            -0.047335173934698105,
            0.010046560317277908
        ],
        [
            0.07505816966295242,
            -0.04482598602771759,
            0.0031858831644058228
        ],
        [
            0.10107368975877762,
            -0.02936669997870922,
            0.006050713360309601
        ],
        [
            0.08993858098983765,
            -0.039924025535583496,
            -0.0021059829741716385
        ],
        [
            0.11551713943481445,
            -0.019035708159208298,
            0.00962420180439949
        ],
