{
    "pred_cam": [
        3.155472755432129,
        -0.1281549632549286,
        0.08989925682544708
    ],
    "pred_mano_params": {
        "global_orient": [
            [
                [
                    0.42113766074180603,
                    -0.19509588181972504,
                    0.885765552520752
                ],
                [
                    0.8970881104469299,
                    0.23355737328529358,
                    -0.375078409910202
                ],
                [
                    -0.13370078802108765,
                    0.9525694847106934,
                    0.2733779847621918
                ]
            ]
        ],
        "hand_pose": [
            [
                [
                    0.9229474663734436,
                    -0.2501167058944702,
                    -0.2925910949707031
                ],
                [
                    0.2672797441482544,
                    0.9634208083152771,
                    0.019540950655937195
                ],
                [
                    0.2770008444786072,
                    -0.09623894095420837,
                    0.9560379385948181
                ]
            ],
            [
                [
                    0.99342942237854,
                    0.01913759484887123,
                    0.11283481121063232
                ],
                [
                    -0.005402525421231985,
                    0.9926624894142151,
                    -0.12079732120037079
                ],
                [
                    -0.11431865394115448,
                    0.11939402669668198,
                    0.986243486404419
                ]
            ],
            [
                [
                    0.9982427954673767,
                    -0.04943864420056343,
                    0.032666780054569244
                ],
                [
                    0.055820781737565994,
                    0.9695480465888977,
                    -0.23845474421977997
                ],
                [
                    -0.019883131608366966,
                    0.2398592233657837,
                    0.9706040620803833
                ]
            ],
            [
                [
                    0.914589524269104,
                    -0.37761399149894714,
                    0.14468513429164886
                ],
                [
                    0.40416064858436584,
                    0.8416950702667236,
                    -0.3580552935600281
                ],
                [
                    0.013425898738205433,
                    0.38594961166381836,
                    0.9224222302436829
                ]
            ],
            [
                [
                    0.9658533930778503,
                    0.2587454915046692,
                    0.013341442681849003
                ],
                [
                    -0.2525230944156647,
                    0.9286073446273804,
                    0.27188318967819214
                ],
                [
                    0.05795959010720253,
                    -0.26596832275390625,
                    0.9622377753257751
                ]
            ],
            [
                [
                    0.9606648087501526,
                    -0.13097825646400452,
                    0.24488326907157898
                ],
                [
                    0.12187644839286804,
                    0.9911807179450989,
                    0.05202767625451088
                ],
                [
                    -0.24953807890415192,
                    -0.020135654136538506,
                    0.9681556224822998
                ]
            ],
            [
                [
                    0.8461540341377258,
                    -0.09707584977149963,
                    0.52402263879776
                ],
                [
                    0.21050050854682922,
                    0.9641979336738586,
                    -0.1612822264432907
                ],
                [
                    -0.4896048903465271,
                    0.24677661061286926,
                    0.8362944722175598
                ]
            ],
            [
                [
                    0.986456573009491,
                    0.03185334429144859,
                    -0.16089975833892822
                ],
                [
                    -0.04949020966887474,
                    0.9930453896522522,
                    -0.10682503879070282
                ],
                [
                    0.15637803077697754,
                    0.11334122717380524,
                    0.9811725616455078
                ]
            ],
            [
                [
                    0.949525773525238,
                    0.09743890166282654,
                    0.29817214608192444
                ],
                [
                    -0.1911306083202362,
                    0.9334256052970886,
                    0.3036212623119354
                ],
                [
                    -0.2487369328737259,
                    -0.34528595209121704,
                    0.9049352407455444
                ]
            ],
            [
                [
                    0.9495945572853088,
                    -0.2338949292898178,
                    0.20871801674365997
                ],
                [
                    0.28292933106422424,
                    0.9261621236801147,
                    -0.24934840202331543
                ],
                [
                    -0.13498538732528687,
                    0.2958323657512665,
                    0.9456542730331421
                ]
            ],
            [
                [
                    0.9887343645095825,
                    0.142629474401474,
                    -0.04540010169148445
                ],
                [
                    -0.12190929800271988,
                    0.9433373808860779,
                    0.3086301386356354
                ],
                [
                    0.08684737980365753,
                    -0.29961851239204407,
                    0.950097918510437
                ]
            ],
            [
                [
                    0.9251623153686523,
                    -0.22713519632816315,
                    0.30411219596862793
                ],
                [
                    0.171874538064003,
                    0.9650372862815857,
                    0.19789429008960724
                ],
                [
                    -0.3384283781051636,
                    -0.13081519305706024,
                    0.9318549036979675
                ]
            ],
            [
                [
                    0.9892643094062805,
                    0.1409742683172226,
                    -0.038501907140016556
                ],
                [
                    -0.13303956389427185,
                    0.7597625255584717,
                    -0.6364443898200989
                ],
                [
                    -0.06046998128294945,
                    0.6347339749336243,
                    0.7703611254692078
                ]
            ],
            [
                [
                    0.9494264125823975,
                    -0.2737363874912262,
                    -0.15381133556365967
                ],
                [
                    0.313114732503891,
                    0.7888593673706055,
                    0.5288289189338684
                ],
                [
                    -0.023424195125699043,
                    -0.5502447485923767,
                    0.8346748352050781
                ]
            ],
            [
                [
                    0.9732274413108826,
                    -0.2293071746826172,
                    -0.01570192351937294
                ],
                [
                    0.19169950485229492,
                    0.8475052714347839,
                    -0.49496063590049744
                ],
                [
                    0.12680549919605255,
                    0.4786992371082306,
                    0.8687734603881836
                ]
            ]
        ],
        "betas": [
            -0.207518070936203,
            -0.09932231903076172,
            0.03765806555747986,
            -0.05363908410072327,
            0.0246121883392334,
            0.012075934559106827,
            -0.024490922689437866,
            0.07661037147045135,
            -0.004454106092453003,
            0.07143266499042511
        ]
    },
    "pred_cam_t": [
        -0.1281549632549286,
        0.08989925682544708,
        12.37928581237793
    ],
    "focal_length": [
        5000.0,
        5000.0
    ],
    "pred_keypoints_3d": [
        [
            0.09657913446426392,
            0.006475011818110943,
            0.006266390904784203
        ],
        [
            0.11258639395236969,
            -0.02878786250948906,
            0.001722047571092844
        ],
        [
            0.1243862733244896,
            -0.05738791823387146,
            -0.0012901588343083858
        ],
        [
            0.12660156190395355,
            -0.08440718054771423,
            -0.004593442659825087
        ],
        [
            0.1308048665523529,
            -0.11564010381698608,
            -0.021008245646953583
        ],
        [
            0.07869027554988861,
            -0.08231741935014725,
            0.018898872658610344
        ],
        [
            0.05968137085437775,
            -0.10948765277862549,
            0.016455670818686485
        ],
        [
            0.04882068932056427,
            -0.1284315139055252,
            0.011470413766801357
        ],
        [
            0.0361887626349926,
            -0.1508077085018158,
            0.007179097272455692
        ],
        [
            0.05362789332866669,
            -0.07830080389976501,
            0.016675081104040146
        ],
        [
            0.03830859437584877,
            -0.10580834746360779,
            0.010602181777358055
        ],
        [
            0.026541817933321,
            -0.12607844173908234,
            0.008480235934257507
        ],
        [
            0.019363492727279663,
            -0.15131902694702148,
            0.008916379883885384
        ],
        [
            0.03865987807512283,
            -0.05833972617983818,
            0.006141093093901873
        ],
        [
            0.02713858336210251,
            -0.08515843749046326,
            0.005220416001975536
        ],
        [
            0.013253550976514816,
            -0.10571733117103577,
            0.0016803760081529617
        ],
        [
            0.006612635683268309,
            -0.1302042305469513,
            0.0003693674225360155
        ],
        [
            0.03051115572452545,
            -0.041754644364118576,
            -0.005962221883237362
        ],
        [
            0.019984295591711998,
            -0.060355447232723236,
            -0.005175240337848663
        ],
        [
            0.008895762264728546,
            -0.07592947781085968,
            -0.0034041309263557196
        ],
        [
            0.0029698838479816914,
            -0.09613394737243652,
            0.0009268596768379211
        ]
    ],
    "pred_vertices": [
        [
            0.09364904463291168,
            -0.04930296540260315,
            0.0008728597313165665
        ],
        [
            0.09795575588941574,
            -0.04067382961511612,
            -0.0028448645025491714
        ],
        [
            0.1028694361448288,
            -0.05106191337108612,
            -0.004135780036449432
        ],
        [
            0.09869259595870972,
            -0.05834515765309334,
            0.00041364505887031555
        ],
        [
            0.1145039051771164,
            -0.03619071841239929,
            -0.01597975566983223
        ],
        [
            0.12564703822135925,
            -0.03165726363658905,
            -0.014403115957975388
        ],
        [
            0.12813152372837067,
            -0.04863077774643898,
            -0.014348337426781654
        ],
        [
            0.11876004189252853,
            -0.050533074885606766,
            -0.016827628016471863
        ],
        [
            0.10309041291475296,
            -0.06579788774251938,
            0.0021291598677635193
        ],
        [
            0.10671082884073257,
            -0.05935792252421379,
            -0.0049069225788116455
        ],
        [
            0.10692396014928818,
            -0.06734952330589294,
            0.006328362971544266
        ],
        [
            0.1015220656991005,
            -0.07150182873010635,
            0.017833538353443146
        ],
        [
            0.09908327460289001,
            -0.07087267190217972,
            0.010432829149067402
        ],
        [
            0.09590984135866165,
            -0.07620669901371002,
            0.022773005068302155
        ],
        [
            0.10332437604665756,
            -0.06358129531145096,
            0.026110036298632622
        ],
        [
            0.09126074612140656,
            -0.07211831957101822,
            0.03035343810915947
        ],
        [
            0.08105497062206268,
            -0.04393766075372696,
            0.032019130885601044
        ],
        [
            0.07075390964746475,
            -0.0355706661939621,
            0.028496772050857544
        ],
        [
            0.062399040907621384,
            -0.04994010180234909,
            0.02913682907819748
        ],
        [
            0.07365354150533676,
            -0.057304881513118744,
            0.0318431481719017
        ],
        [
            0.05217563733458519,
            -0.03439711034297943,
            0.0193307027220726
        ],
        [
            0.05707148462533951,
            -0.04365883022546768,
            0.024982096627354622
        ],
        [
            0.0652240514755249,
            -0.029005009680986404,
            0.02540889009833336
        ],
        [
            0.06033743917942047,
            -0.021474920213222504,
            0.02016865648329258
        ],
        [
            0.08434025943279266,
            -0.03524862974882126,
            -0.0011988403275609016
        ],
        [
            0.08836951106786728,
            -0.02566424012184143,
            -0.003908192738890648
        ],
        [
            0.09177722036838531,
            -0.030554145574569702,
            -0.0023362189531326294
        ],
        [
            0.08811690658330917,
            -0.039443209767341614,
            8.045323193073273e-05
        ],
        [
            0.11822298914194107,
            -0.0674617663025856,
            0.008144594728946686
        ],
        [
            0.11751990020275116,
            -0.0591924749314785,
            0.01598328724503517
        ],
        [
            0.11129512637853622,
            -0.06430985033512115,
            0.013661915436387062
        ],
        [
            0.115003302693367,
            -0.06904344260692596,
            0.003693315666168928
        ],
        [
            0.09355711936950684,
            0.00011532753705978394,
            -0.01716839149594307
        ],
        [
            0.09957624971866608,
            0.011366307735443115,
            -0.012345535680651665
        ],
        [
            0.10431212186813354,
            0.008604511618614197,
            -0.01011695060878992
        ],
        [
            0.09746545553207397,
            -0.0010833740234375,
            -0.014535034075379372
        ],
        [
            0.12031605839729309,
            -0.008096128702163696,
            -0.008938957005739212
        ],
        [
            0.11967550218105316,
            0.0014184415340423584,
            -0.0035863500088453293
        ],
        [
            0.12854066491127014,
            0.004031218588352203,
            0.007069741375744343
        ],
        [
            0.1290731579065323,
            -0.006006389856338501,
            0.005485231056809425
        ],
        [
            0.12286347895860672,
            -0.019928373396396637,
            -0.012653633952140808
        ],
        [
            0.1314890831708908,
            -0.017277486622333527,
            -0.0015242360532283783
        ],
        [
            0.1329454630613327,
            -0.029737435281276703,
            -0.005358321592211723
        ],
        [
            0.13378632068634033,
            -0.04705451801419258,
            -0.006725495681166649
        ],
        [
            0.0885823667049408,
            0.018010132014751434,
            -0.014306234195828438
        ],
        [
            0.08277152478694916,
            0.010734595358371735,
            -0.018633009865880013
        ],
        [
            0.06424427777528763,
            -0.11711281538009644,
            0.00985325314104557
        ],
        [
            0.05971931666135788,
            -0.11498282849788666,
            0.006833402439951897
        ],
        [
            0.06311120092868805,
            -0.11046312004327774,
            0.007280831225216389
        ],
        [
            0.06682314723730087,
            -0.11351960152387619,
            0.010552670806646347
        ],
        [
            0.07160846889019012,
            0.020119018852710724,
            -0.0032225074246525764
        ],
        [
            0.06976339221000671,
            0.020825281739234924,
            0.006828680168837309
        ],
        [
            0.07289145141839981,
            0.027154602110385895,
            0.004757213406264782
        ],
        [
            0.07639294862747192,
            0.025966763496398926,
            -0.004039816092699766
        ],
        [
            0.06541357189416885,
            0.012253150343894958,
            -0.002231513150036335
        ],
        [
            0.06600560247898102,
            0.011636205017566681,
            0.009218486025929451
        ],
        [
            0.06095966696739197,
            -0.1182483658194542,
            0.022147255018353462
        ],
        [
            0.06432222574949265,
            -0.11950013041496277,
            0.018438100814819336
        ],
        [
            0.06636568903923035,
            -0.11545141041278839,
            0.020453788340091705
        ],
        [
            0.06268598884344101,
            -0.1134524792432785,
            0.023652728646993637
        ],
        [
            0.09519529342651367,
            -0.06586039811372757,
            0.0051562245935201645
        ],
        [
            0.0898105651140213,
            -0.05799490958452225,
            0.0024426542222499847
        ],
        [
            0.08490164577960968,
            -0.08090429753065109,
            0.008700131438672543
        ],
        [
            0.0857052281498909,
            -0.07069221138954163,
            0.006639757193624973
        ],
        [
            0.09212041646242142,
            -0.07343883067369461,
            0.009607262909412384
        ],
        [
            0.09021098911762238,
            -0.08129080384969711,
            0.012494662776589394
        ],
        [
            0.0699869766831398,
            -0.05313373729586601,
            0.0010259533300995827
        ],
        [
            0.07607456296682358,
            -0.042998138815164566,
            -1.095607876777649e-05
        ],
        [
            0.08007192611694336,
            -0.048048291355371475,
            0.0019325856119394302
        ],
        [
            0.0749637559056282,
            -0.060114115476608276,
            0.0028099101036787033
        ],
        [
            0.06660959124565125,
            -0.034749265760183334,
            -0.006944742053747177
        ],
        [
            0.061233267188072205,
            -0.0453510656952858,
            -0.004990726709365845
        ],
        [
            0.05635662376880646,
            -0.0395662821829319,
            -0.009226582944393158
        ],
        [
            0.061340294778347015,
            -0.03318456560373306,
            -0.010737929493188858
        ],
        [
            0.053586579859256744,
            -0.06453435868024826,
            0.0006556231528520584
        ],
        [
            0.04847290739417076,
            -0.07077944278717041,
            0.004194866865873337
        ],
        [
            0.04700228571891785,
            -0.06917097419500351,
            0.0019854861311614513
        ],
        [
            0.05128104239702225,
            -0.06204909831285477,
            -0.0007072379812598228
        ],
        [
            0.0761740654706955,
            0.03344487398862839,
            0.0038991495966911316
        ],
        [
            0.08157168328762054,
            0.031155124306678772,
            -0.004158490337431431
        ],
        [
            0.04200315847992897,
            -0.0206509567797184,
            0.006093018688261509
        ],
        [
            0.04167938977479935,
            -0.014910180121660233,
            -0.0037033078260719776
        ],
        [
            0.03257453441619873,
            -0.02442782372236252,
            -0.004018871579319239
        ],
        [
            0.03559566289186478,
            -0.02786324918270111,
            0.006355995312333107
        ],
        [
            0.0725206732749939,
            0.017341747879981995,
            0.016399599611759186
        ],
        [
            0.07369454950094223,
            0.025013357400894165,
            0.014728136360645294
        ],
        [
            0.055358774960041046,
            -0.11579866707324982,
            0.023096682503819466
        ],
        [
            0.05731430649757385,
            -0.11064343899488449,
            0.023755637928843498
        ],
        [
            0.13295932114124298,
            -0.027235835790634155,
            0.00840393453836441
        ],
        [
            0.13469837605953217,
            -0.04660644009709358,
            0.0028361231088638306
        ],
        [
            0.1300099939107895,
            -0.012975931167602539,
            0.013349387794733047
        ],
        [
            0.12730711698532104,
            -0.003212675452232361,
            0.017049992457032204
        ],
        [
            0.1280391812324524,
            0.005175933241844177,
            0.019149230793118477
        ],
        [
            0.07906433194875717,
            -0.07126583158969879,
            0.005034022964537144
        ],
        [
            0.08613772690296173,
            -0.04911743104457855,
            0.001698157750070095
        ],
        [
            0.08089912682771683,
            -0.03186967223882675,
            -0.003071153536438942
        ],
        [
            0.058178529143333435,
            -0.018208537250757217,
            -0.019528018310666084
        ],
        [
            0.06437869369983673,
            -0.009407006204128265,
            -0.02085496112704277
        ],
        [
            0.07000724971294403,
            -0.018017146736383438,
            -0.017715442925691605
        ],
        [
            0.06323857605457306,
            -0.02380417287349701,
            -0.016608180478215218
        ],
        [
            0.04293793439865112,
            -0.01633865013718605,
            -0.013368060812354088
        ],
        [
            0.04685983061790466,
            -0.022147726267576218,
            -0.017577193677425385
        ],
        [
            0.040334027260541916,
            -0.02980979159474373,
            -0.016294781118631363
        ],
        [
            0.03542698174715042,
            -0.025060422718524933,
            -0.012529201805591583
        ],
        [
            0.12555058300495148,
            -0.06623063236474991,
            0.010196387767791748
        ],
        [
            0.12395037710666656,
            -0.05466950684785843,
            0.016484644263982773
        ],
        [
            0.07649078965187073,
            0.017354972660541534,
            -0.012353470548987389
        ],
        [
            0.0826089084148407,
            0.02213393896818161,
            -0.011267580091953278
        ],
        [
            0.08735354244709015,
            0.028841853141784668,
            -0.008970484137535095
        ],
        [
            0.09204207360744476,
            -0.013463765382766724,
            -0.010923530906438828
        ],
        [
            0.10024325549602509,
            -0.001957632601261139,
            -0.012890903279185295
        ],
        [
            0.10342784225940704,
            -0.004964858293533325,
            -0.012141257524490356
        ],
        [
            0.09369957447052002,
            -0.01543676108121872,
            -0.008973324671387672
        ],
        [
            0.10190773010253906,
            -0.03191513568162918,
            -0.009474996477365494
        ],
        [
            0.10977219045162201,
            -0.02160164713859558,
            -0.014268584549427032
        ],
        [
            0.1060289591550827,
            -0.04415271431207657,
            -0.011489786207675934
        ],
        [
            0.11157923936843872,
            0.0064408183097839355,
            -0.007171435281634331
        ],
        [
            0.10991758108139038,
            0.017277106642723083,
            -0.008818564005196095
        ],
        [
            0.11717534065246582,
            0.013899505138397217,
            -0.0047484468668699265
        ],
        [
            0.10147124528884888,
            0.02201487123966217,
            -0.010902926325798035
        ],
        [
            0.09346555173397064,
            0.02612975984811783,
            -0.01133947167545557
        ],
        [
            0.07507818192243576,
            0.033401258289813995,
            0.01598076894879341
        ],
        [
            0.12285641580820084,
            0.010321244597434998,
            0.00046303123235702515
        ],
        [
            0.1219041645526886,
            -0.05974617227911949,
            -0.015109446831047535
        ],
        [
            0.12455517798662186,
            -0.06728308647871017,
            -0.013306868262588978
        ],
        [
            0.11744822561740875,
            -0.06834099441766739,
            -0.010586659424006939
        ],
        [
            0.11467042565345764,
            -0.061817996203899384,
            -0.01152056735008955
        ],
        [
            0.08927659690380096,
            -0.08317111432552338,
            0.026287563145160675
        ],
        [
            0.09144174307584763,
            -0.08370157331228256,
            0.01853455789387226
        ],
        [
            0.09698642045259476,
            -0.07554668188095093,
            0.015417027287185192
        ],
        [
            0.0839928388595581,
            -0.006432056427001953,
            -0.01864759996533394
        ],
        [
            0.07531986385583878,
            0.0028539076447486877,
            -0.020078644156455994
        ],
        [
            0.07824565470218658,
            -0.08142480254173279,
            0.007534717209637165
        ],
        [
            0.06413260102272034,
            -0.10910791158676147,
            0.025458864867687225
        ],
        [
            0.0684274286031723,
            -0.11122217774391174,
            0.022125352174043655
        ],
        [
            0.07895934581756592,
            -0.09646078944206238,
            0.024936223402619362
        ],
        [
            0.07361730933189392,
            -0.09491455554962158,
            0.02882114052772522
        ],
        [
            0.06841786950826645,
            -0.08540332317352295,
            0.01108546368777752
        ],
        [
            0.07491771876811981,
            -0.08568821847438812,
            0.008845897391438484
        ],
        [
            0.07230320572853088,
            -0.08758962154388428,
            0.00965726189315319
        ],
        [
            0.06581182032823563,
            -0.08755538612604141,
            0.010512800887227058
        ],
        [
            0.04281431436538696,
            -0.06175729259848595,
            -0.0019921348430216312
        ],
        [
            0.04645302891731262,
            -0.05559466406702995,
            -0.004373815841972828
        ],
        [
            0.06633156538009644,
            -0.0708155483007431,
            0.02779676765203476
        ],
        [
            0.0775667130947113,
            -0.07390011101961136,
            0.03467778116464615
        ],
        [
            0.08366907387971878,
            -0.06411396712064743,
            0.03392057865858078
        ],
        [
            0.06540913134813309,
            -0.04794254153966904,
            -0.002031036652624607
        ],
        [
            0.059139713644981384,
            -0.05666410177946091,
            -0.0014553247019648552
        ],
        [
            0.056102801114320755,
            -0.05413318797945976,
            -0.003060765564441681
        ],
        [
            0.07431179285049438,
            -0.07281316071748734,
            0.005076298490166664
        ],
        [
            0.07199452072381973,
            -0.08009495586156845,
            0.007085499819368124
        ],
        [
            0.06853542476892471,
            -0.07514430582523346,
            0.00602030660957098
        ],
        [
            0.07076342403888702,
            -0.06827636063098907,
            0.004065956920385361
        ],
        [
            0.049658820033073425,
            -0.004378087818622589,
            -0.0024148495867848396
        ],
        [
            0.0509786382317543,
            -0.005742162466049194,
            -0.01396652590483427
        ],
        [
            0.0657397210597992,
            -0.11894482374191284,
            0.014037664979696274
        ],
        [
            0.06803008913993835,
            -0.1152055636048317,
            0.015496091917157173
        ],
        [
            0.07149498164653778,
            -0.038102567195892334,
            -0.002971234731376171
        ],
        [
            0.09038049727678299,
            -0.05138089135289192,
            0.0320030152797699
        ],
        [
            0.07728595286607742,
            -0.028454963117837906,
            -0.0055588530376553535
        ],
        [
            0.03673262149095535,
            -0.0469888299703598,
            0.010658487677574158
        ],
        [
            0.03488325700163841,
            -0.04800745099782944,
            0.004175026901066303
        ],
        [
            0.03322635218501091,
            -0.05500192195177078,
            0.004846618045121431
        ],
        [
            0.03326790779829025,
            -0.05525832250714302,
            0.010887573473155499
        ],
        [
            0.05604983866214752,
            -0.1001230776309967,
            0.009662473574280739
        ],
        [
            0.06034548208117485,
            -0.10276738554239273,
            0.006688826717436314
        ],
        [
            0.05755528807640076,
            -0.10733360052108765,
            0.006484104320406914
        ],
        [
            0.05307263135910034,
            -0.10518142580986023,
            0.00956831593066454
        ],
        [
            0.08053600788116455,
            -0.0871153250336647,
            0.010046608746051788
        ],
        [
            0.08577406406402588,
            -0.08830729126930237,
            0.013735553249716759
        ],
        [
            0.08079732954502106,
            -0.09359415620565414,
            0.013337746262550354
        ],
        [
            0.07632019370794296,
            -0.09074242413043976,
            0.010561661794781685
        ],
        [
            0.08600206673145294,
            -0.09039367735385895,
            0.020083101466298103
        ],
        [
            0.081667959690094,
            -0.0957207903265953,
            0.019261978566646576
        ],
        [
            0.05373193323612213,
            -0.09963178634643555,
            0.01588192768394947
        ],
        [
            0.05494299903512001,
            -0.10185088217258453,
            0.0231479462236166
        ],
        [
            0.06249672546982765,
            -0.08846274018287659,
            0.025078564882278442
        ],
        [
            0.061468705534935,
            -0.08870216459035873,
            0.016788164153695107
        ],
        [
            0.06810473650693893,
            -0.008656494319438934,
            0.021933920681476593
        ],
        [
            0.06182222068309784,
            -0.0024187862873077393,
            0.014950484037399292
        ],
        [
            0.05388876050710678,
            -0.014963395893573761,
            0.013068233616650105
        ],
        [
            0.04545959085226059,
            -0.02652357518672943,
            0.012019160203635693
        ],
        [
            0.03857101500034332,
            -0.03828839585185051,
            0.010540805757045746
        ],
        [
            0.04455151408910751,
            -0.04456261545419693,
            0.019358810037374496
        ],
        [
            0.0506371408700943,
            -0.00965029001235962,
            0.0076628816314041615
        ],
        [
            0.063680499792099,
            -0.08043605089187622,
            0.016225453466176987
        ],
        [
            0.06792867183685303,
            -0.0793435201048851,
            0.02595299482345581
        ],
        [
            0.06444881111383438,
            -0.07695791870355606,
            0.022542990744113922
        ],
        [
            0.07250014692544937,
            -0.025126002728939056,
            -0.010351915843784809
        ],
        [
            0.07058905810117722,
            -0.11125867068767548,
            0.01722659543156624
        ],
        [
            0.1100144237279892,
            0.0025392845273017883,
            0.03188388794660568
        ],
        [
            0.09783979505300522,
            0.008290797472000122,
            0.03224821388721466
        ],
        [
            0.09612411260604858,
            -0.00038705766201019287,
            0.03190932422876358
        ],
        [
            0.1098540723323822,
            -0.006900019943714142,
            0.030607592314481735
        ],
        [
            0.06629443913698196,
            -0.10623113811016083,
            0.007288570515811443
        ],
        [
            0.07021880149841309,
            -0.10966210067272186,
            0.011033277958631516
        ],
        [
            0.040492817759513855,
            -0.05287645384669304,
            -0.00627892604097724
        ],
        [
            0.038166675716638565,
            -0.058675915002822876,
            -0.0029417260084301233
        ],
        [
            0.034684911370277405,
            -0.05821634456515312,
            -0.0011680282186716795
        ],
        [
            0.03452057018876076,
            -0.05249181389808655,
            -0.0059499070048332214
        ],
        [
            0.05996523052453995,
            0.0015496015548706055,
            0.010829610750079155
        ],
        [
            0.027500689029693604,
            -0.03121761977672577,
            -0.003303751815110445
        ],
        [
            0.030272899195551872,
            -0.03325265273451805,
            0.005502824671566486
        ],
        [
            0.06912451237440109,
            0.008378617465496063,
            0.016789307817816734
        ],
        [
            0.07440878450870514,
            0.0032464489340782166,
            0.023412268608808517
        ],
        [
            0.07854712009429932,
            0.012127503752708435,
            0.024146076291799545
        ],
        [
            0.049906644970178604,
            -0.0590163990855217,
            0.02333560585975647
        ],
        [
            0.07212135195732117,
            -0.015276342630386353,
            0.02614825777709484
        ],
        [
            0.07877691090106964,
            -0.002259202301502228,
            0.026761312037706375
        ],
        [
            0.08394937217235565,
            0.008114546537399292,
            0.027790039777755737
        ],
        [
            0.08684755861759186,
            0.015981994569301605,
            0.028759565204381943
        ],
        [
            0.08067774027585983,
            0.019558951258659363,
            0.02456243522465229
        ],
        [
            0.058754000812768936,
            -0.10557049512863159,
            0.025314386934041977
        ],
        [
            0.05218878388404846,
            -0.10716990381479263,
            0.021618444472551346
        ],
        [
            0.08226221799850464,
            0.028455808758735657,
            0.026311473920941353
        ],
        [
            0.08944195508956909,
            0.023952551186084747,
            0.030393894761800766
        ],
        [
            0.08508087694644928,
            -0.008332498371601105,
            0.029998892918229103
        ],
        [
            0.09355475008487701,
            -0.015666276216506958,
            0.03237009048461914
        ],
        [
            0.07845918834209442,
            -0.020744502544403076,
            0.029016759246587753
        ],
        [
            0.08616818487644196,
            -0.029101360589265823,
            0.03159455955028534
        ],
        [
            0.057613007724285126,
            -0.06132488697767258,
            0.030018027871847153
        ],
        [
            0.04368100315332413,
            -0.12135660648345947,
            0.014954421669244766
        ],
        [
            0.04810455068945885,
            -0.1107744500041008,
            0.015416007488965988
        ],
        [
            0.049806009978055954,
            -0.11060550808906555,
            0.009829322807490826
        ],
        [
            0.043415963649749756,
            -0.12051008641719818,
            0.010717255063354969
        ],
        [
            0.0509461872279644,
            -0.10491112619638443,
            0.015278361737728119
        ],
        [
            0.05033580958843231,
            -0.1123071014881134,
            0.02077167108654976
        ],
        [
            0.09850524365901947,
            -0.0376848429441452,
            0.030881613492965698
        ],
        [
            0.06450670212507248,
            -0.08040498197078705,
            0.007868493907153606
        ],
        [
            0.10919147729873657,
            -0.023861490190029144,
            0.028966665267944336
        ],
        [
            0.11003711819648743,
            -0.05110590532422066,
            0.027693644165992737
        ],
        [
            0.11853840202093124,
            -0.04086756333708763,
            0.023997938260436058
        ],
        [
            0.12153661996126175,
            -0.011039793491363525,
            0.02560320682823658
        ],
        [
            0.12655094265937805,
            -0.02642708271741867,
            0.021063152700662613
        ],
        [
            0.12134586274623871,
            0.00657249242067337,
            0.027872653678059578
        ],
        [
            0.11988620460033417,
            -0.00199311226606369,
