{
    "pred_cam": [
        3.561171531677246,
        -0.1289447695016861,
        0.03307528793811798
    ],
    "pred_mano_params": {
        "global_orient": [
            [
                [
                    0.8353745341300964,
                    -0.521853506565094,
                    -0.17267952859401703
                ],
                [
                    0.5465142726898193,
                    0.8221873044967651,
                    0.15915460884571075
                ],
                [
                    0.0589195191860199,
                    -0.22732552886009216,
                    0.972034752368927
                ]
            ]
        ],
        "hand_pose": [
            [
                [
                    0.5497639179229736,
                    -0.6687369346618652,
                    -0.5005502104759216
                ],
                [
                    0.7400763630867004,
                    0.6678224802017212,
                    -0.07937321811914444
                ],
                [
                    0.38735848665237427,
                    -0.3268088400363922,
                    0.862061083316803
                ]
            ],
            [
                [
                    0.4142117500305176,
                    -0.8093047142028809,
                    0.41647860407829285
                ],
                [
                    0.9074079990386963,
                    0.33149439096450806,
                    -0.2583063244819641
                ],
                [
                    0.07098822295665741,
                    0.4849095344543457,
                    0.8716784715652466
                ]
            ],
            [
                [
                    0.5889798402786255,
                    -0.6672264933586121,
                    0.455973356962204
                ],
                [
                    0.6514158248901367,
                    0.7258922457695007,
                    0.22076675295829773
                ],
                [
                    -0.4782888889312744,
                    0.16700106859207153,
                    0.8621777892112732
                ]
            ],
            [
                [
                    0.4009730815887451,
                    -0.8921006321907043,
                    -0.20827150344848633
                ],
                [
                    0.9151623845100403,
                    0.4003053307533264,
                    0.0472598522901535
                ],
                [
                    0.04121163859963417,
                    -0.20955216884613037,
                    0.9769285917282104
                ]
            ],
            [
                [
                    0.6217511892318726,
                    -0.7425050139427185,
                    -0.2492222636938095
                ],
                [
                    0.778350830078125,
                    0.6211812496185303,
                    0.09112498164176941
                ],
                [
                    0.08715146034955978,
                    -0.2506394386291504,
                    0.964149534702301
                ]
            ],
            [
                [
                    0.6108102202415466,
                    -0.7652504444122314,
                    0.20323066413402557
                ],
                [
                    0.6933741569519043,
                    0.6409065127372742,
                    0.32934972643852234
                ],
                [
                    -0.38228684663772583,
                    -0.06025528162717819,
                    0.9220771193504333
                ]
            ],
            [
                [
                    0.44237273931503296,
                    -0.8698097467422485,
                    0.2184888869524002
                ],
                [
                    0.6944324970245361,
                    0.4863804578781128,
                    0.5302806496620178
                ],
                [
                    -0.5675119757652283,
                    -0.08285591751337051,
                    0.8191856145858765
                ]
            ],
            [
                [
                    0.9355716705322266,
                    -0.34491556882858276,
                    -0.07575608789920807
                ],
                [
                    0.3531169891357422,
                    0.9160261750221252,
                    0.1902748942375183
                ],
                [
                    0.003765772096812725,
                    -0.20476652681827545,
                    0.9788036942481995
                ]
            ],
            [
                [
                    0.9426822066307068,
                    -0.31829988956451416,
                    0.10017752647399902
                ],
                [
                    0.1936129629611969,
                    0.7662383317947388,
                    0.6126931309700012
                ],
                [
                    -0.27177998423576355,
                    -0.5581791400909424,
                    0.7839462161064148
                ]
            ],
            [
                [
                    0.3765225410461426,
                    -0.911409854888916,
                    0.16602054238319397
                ],
                [
                    0.9090005159378052,
                    0.39804360270500183,
                    0.12360945343971252
                ],
                [
                    -0.17874230444431305,
                    0.10437101870775223,
                    0.9783443808555603
                ]
            ],
            [
                [
                    0.8376186490058899,
                    -0.533602774143219,
                    -0.11688894778490067
                ],
                [
                    0.5182316899299622,
                    0.7085842490196228,
                    0.47889888286590576
                ],
                [
                    -0.17271611094474792,
                    -0.46171021461486816,
                    0.870053231716156
                ]
            ],
            [
                [
                    0.6544791460037231,
                    -0.7444150447845459,
                    0.13229958713054657
                ],
                [
                    0.5755129456520081,
                    0.6039727330207825,
                    0.5513635277748108
                ],
                [
                    -0.4903486967086792,
                    -0.28471583127975464,
                    0.8237080574035645
                ]
            ],
            [
                [
                    0.7502548694610596,
                    0.2520047128200531,
                    -0.6112375259399414
                ],
                [
                    -0.6549745202064514,
                    0.40935036540031433,
                    -0.6351698637008667
                ],
                [
                    0.09014450013637543,
                    0.8768842220306396,
                    0.4721737802028656
                ]
            ],
            [
                [
                    0.9413487315177917,
                    -0.27360159158706665,
                    -0.19749602675437927
                ],
                [
                    0.336645245552063,
                    0.8015089631080627,
                    0.49421998858451843
                ],
                [
                    0.023075459524989128,
                    -0.5317195057868958,
                    0.8466061353683472
                ]
            ],
            [
                [
                    0.6309695243835449,
                    -0.7026713490486145,
                    0.3288319706916809
                ],
                [
                    0.6281208992004395,
                    0.21391965448856354,
                    -0.7481327652931213
                ],
                [
                    0.45534780621528625,
                    0.6785951852798462,
                    0.5763393640518188
                ]
            ]
        ],
        "betas": [
            -0.10533708333969116,
            -0.2239515483379364,
            0.1340857744216919,
            0.06995639204978943,
            0.015822678804397583,
            0.21766397356987,
            0.06436462700366974,
            -0.09538102149963379,
            0.1028488501906395,
            -0.17793551087379456
        ]
    },
    "pred_cam_t": [
        -0.1289447695016861,
        0.03307528793811798,
        10.969002723693848
    ],
    "focal_length": [
        5000.0,
        5000.0
    ],
    "pred_keypoints_3d": [
        [
            0.09616544097661972,
            0.006416176911443472,
            0.006271687336266041
        ],
        [
            0.07966300845146179,
            -0.01533966138958931,
            0.0337350107729435
        ],
        [
            0.05471146106719971,
            -0.03110606037080288,
            0.04248667508363724
        ],
        [
            0.030360417440533638,
            -0.04296498745679855,
            0.0409139059484005
        ],
        [
            0.03230433911085129,
            -0.07458528876304626,
            0.029190437868237495
        ],
        [
            0.02133149653673172,
            -0.04296548664569855,
            0.022329077124595642
        ],
        [
            0.016621094197034836,
            -0.07466493546962738,
            0.014233985915780067
        ],
        [
            0.03526609390974045,
            -0.08484707772731781,
            0.020759133622050285
        ],
        [
            0.05276397988200188,
            -0.07704504579305649,
            0.035300783812999725
        ],
        [
            0.017961300909519196,
            -0.047448720782995224,
            -0.0023873867467045784
        ],
        [
            0.02305879443883896,
            -0.07879970967769623,
            -0.003682777052745223
        ],
        [
            0.04440537840127945,
            -0.08759951591491699,
            -0.0004173384513705969
        ],
        [
            0.06329461932182312,
            -0.08285390585660934,
            0.015418145805597305
        ],
        [
            0.03400873765349388,
            -0.04611802101135254,
            -0.0238800011575222
        ],
        [
            0.03612109646201134,
            -0.074529267847538,
            -0.018358787521719933
        ],
        [
            0.05542866885662079,
            -0.08911869674921036,
            -0.012834373861551285
        ],
        [
            0.07352198660373688,
            -0.0888034850358963,
            0.004033301025629044
        ],
        [
            0.050893448293209076,
            -0.04656905308365822,
            -0.03794391453266144
        ],
        [
            0.05209993198513985,
            -0.06754157692193985,
            -0.03481803834438324
        ],
        [
            0.060971699655056,
            -0.08373415470123291,
            -0.03026106394827366
        ],
        [
            0.07453583180904388,
            -0.09381087869405746,
            -0.018045103177428246
        ]
    ],
    "pred_vertices": [
        [
            0.06065841019153595,
            -0.02973087690770626,
            0.022492483258247375
        ],
        [
            0.07021314650774002,
            -0.023980384692549706,
            0.02211841568350792
        ],
        [
            0.06184711679816246,
            -0.02798967808485031,
            0.026054514572024345
        ],
        [
            0.054954852908849716,
            -0.03256531432271004,
            0.028395144268870354
        ],
        [
            0.07792636752128601,
            -0.034513577818870544,
            0.028664564713835716
        ],
        [
            0.08389165252447128,
            -0.03365984931588173,
            0.039250217378139496
        ],
        [
            0.06753624230623245,
            -0.04097190499305725,
            0.04171587526798248
        ],
        [
            0.06475059688091278,
            -0.04086669534444809,
            0.031860459595918655
        ],
        [
            0.0478501133620739,
            -0.03285437449812889,
            0.03225249424576759
        ],
        [
            0.0546761229634285,
            -0.03185616433620453,
            0.029186250641942024
        ],
        [
            0.043491218239068985,
            -0.027718015015125275,
            0.03368448466062546
        ],
        [
            0.03473453223705292,
            -0.027017951011657715,
            0.03626969829201698
        ],
        [
            0.039764825254678726,
            -0.0337396077811718,
            0.0340338796377182
        ],
        [
            0.027043813839554787,
            -0.02980377897620201,
            0.03474072739481926
        ],
        [
            0.03593294322490692,
            -0.016441388055682182,
            0.03680393099784851
        ],
        [
            0.022635670378804207,
            -0.023286519572138786,
            0.0298402551561594
        ],
        [
            0.03928382694721222,
            -0.008442621678113937,
            0.01120047364383936
        ],
        [
            0.043942973017692566,
            -0.008502744138240814,
            -0.0016944636590778828
        ],
        [
            0.02926412783563137,
            -0.018785864114761353,
            -0.005121888592839241
        ],
        [
            0.02641356736421585,
            -0.018659908324480057,
            0.008483033627271652
        ],
        [
            0.04334273189306259,
            -0.018764588981866837,
            -0.021111449226737022
        ],
        [
            0.03487097844481468,
            -0.019268374890089035,
            -0.01253748033195734
        ],
        [
            0.0487857311964035,
            -0.00800161063671112,
            -0.009538129903376102
        ],
        [
            0.05580770969390869,
            -0.008302737027406693,
            -0.017179712653160095
        ],
        [
            0.06885062158107758,
            -0.027375489473342896,
            0.009730773977935314
        ],
        [
            0.07915771752595901,
            -0.022045984864234924,
            0.010328730568289757
        ],
        [
            0.07639752328395844,
            -0.02134353294968605,
            0.015257474035024643
        ],
        [
            0.06654852628707886,
            -0.02726026438176632,
            0.014713948592543602
        ],
        [
            0.042347393929958344,
            -0.024171309545636177,
            0.040105678141117096
        ],
        [
            0.047378845512866974,
            -0.017752524465322495,
            0.04419316351413727
        ],
        [
            0.04327015206217766,
            -0.02090628445148468,
            0.038713015615940094
        ],
        [
            0.04211781919002533,
            -0.027429688721895218,
            0.035787183791399
        ],
        [
            0.10646318644285202,
            -0.016041789203882217,
            0.004863234236836433
        ],
        [
            0.11269327998161316,
            -0.003960844129323959,
            0.006493913009762764
        ],
        [
            0.11083017289638519,
            -0.0030669569969177246,
            0.01207597367465496
        ],
        [
            0.10534939914941788,
            -0.014023084193468094,
            0.009336910210549831
        ],
        [
            0.10305260866880417,
            -0.013490596786141396,
            0.03265853598713875
        ],
        [
            0.10650598257780075,
            -0.0013330765068531036,
            0.02968657948076725
        ],
        [
            0.103737972676754,
            0.010212656110525131,
            0.037136517465114594
        ],
        [
            0.09782852232456207,
            0.0006135739386081696,
            0.041151922196149826
        ],
        [
            0.09450069814920425,
            -0.02520276978611946,
            0.03638261556625366
        ],
        [
            0.09317798912525177,
            -0.014330411329865456,
            0.045862309634685516
        ],
        [
            0.08329867571592331,
            -0.026841802522540092,
            0.0484238937497139
        ],
        [
            0.06705214828252792,
            -0.03572727367281914,
            0.049655087292194366
        ],
        [
            0.11520781368017197,
            -0.003621090203523636,
            -0.006197921931743622
        ],
        [
            0.11133869737386703,
            -0.01279037818312645,
            -0.009160219691693783
        ],
        [
            0.02721717208623886,
            -0.06911145895719528,
            0.02405114471912384
        ],
        [
            0.030922062695026398,
            -0.06940658390522003,
            0.018929453566670418
        ],
        [
            0.030293211340904236,
            -0.06760773807764053,
            0.019994091242551804
        ],
        [
            0.026611842215061188,
            -0.06799178570508957,
            0.02444951981306076
        ],
        [
            0.10426409542560577,
            0.002438109368085861,
            -0.022510167211294174
        ],
        [
            0.09761936962604523,
            0.00999695435166359,
            -0.02390873059630394
        ],
        [
            0.10430976748466492,
            0.013041418045759201,
            -0.023347558453679085
        ],
        [
            0.11035732924938202,
            0.006448514759540558,
            -0.02011978253722191
        ],
        [
            0.09622348099946976,
            -0.0028529092669487,
            -0.025600725784897804
        ],
        [
            0.08853888511657715,
            0.005347438156604767,
            -0.024098696187138557
        ],
        [
            0.01642662100493908,
            -0.07626961171627045,
            0.021967813372612
        ],
        [
            0.019586946815252304,
            -0.07382497191429138,
            0.025516804307699203
        ],
        [
            0.01683620736002922,
            -0.0708969458937645,
            0.024492301046848297
        ],
        [
            0.013871264643967152,
            -0.0715404525399208,
            0.020218320190906525
        ],
        [
            0.04627066105604172,
            -0.037041906267404556,
            0.02976067364215851
        ],
        [
            0.05221952497959137,
            -0.03642244264483452,
            0.022651061415672302
        ],
        [
            0.03230395168066025,
            -0.04626528173685074,
            0.027729328721761703
        ],
        [
            0.03937365114688873,
            -0.042517103254795074,
            0.023944323882460594
        ],
        [
            0.03733193874359131,
            -0.0399666428565979,
            0.030535893514752388
        ],
        [
            0.03066481649875641,
            -0.043146535754203796,
            0.0322607196867466
        ],
        [
            0.05047883838415146,
            -0.03973604366183281,
            0.002912774682044983
        ],
        [
            0.059969402849674225,
            -0.03319919854402542,
            0.004820337984710932
        ],
        [
            0.05650267004966736,
            -0.03387083113193512,
            0.010419887490570545
        ],
        [
            0.046061769127845764,
            -0.04169951379299164,
            0.0101288091391325
        ],
        [
            0.06734585762023926,
            -0.034925200045108795,
            -0.0072580548003315926
        ],
        [
            0.05713046342134476,
            -0.04077161103487015,
            -0.008315367624163628
        ],
        [
            0.06253144145011902,
            -0.040851280093193054,
            -0.015082933008670807
        ],
        [
            0.06937719881534576,
            -0.03761650621891022,
            -0.012861162424087524
        ],
        [
            0.03893055394291878,
            -0.049357522279024124,
            -0.006801921874284744
        ],
        [
            0.034359484910964966,
            -0.051309648901224136,
            -0.006860476918518543
        ],
        [
            0.03692719340324402,
            -0.05295982584357262,
            -0.009724223054945469
        ],
        [
            0.04125151038169861,
            -0.04930708184838295,
            -0.00988061260432005
        ],
        [
            0.11023113876581192,
            0.017027534544467926,
            -0.022584326565265656
        ],
        [
            0.11563588678836823,
            0.010716881603002548,
            -0.017169978469610214
        ],
        [
            0.05907924845814705,
            -0.02185138314962387,
            -0.03666573390364647
        ],
        [
            0.06990870833396912,
            -0.02495759353041649,
            -0.038528766483068466
        ],
        [
            0.06078552454710007,
            -0.03389926254749298,
            -0.043164726346731186
        ],
        [
            0.050464779138565063,
            -0.02782289683818817,
            -0.04044215381145477
        ],
        [
            0.08980610221624374,
            0.015506159514188766,
            -0.019596723839640617
        ],
        [
            0.09654173254966736,
            0.01928553357720375,
            -0.02131159044802189
        ],
        [
            0.015939613804221153,
            -0.07789143919944763,
            0.015729553997516632
        ],
        [
            0.013850159011781216,
            -0.07237409055233002,
            0.014270835556089878
        ],
        [
            0.07999406009912491,
            -0.013330424204468727,
            0.05182943493127823
        ],
        [
            0.06470833718776703,
            -0.02739403396844864,
            0.05399385094642639
        ],
        [
            0.08813926577568054,
            0.000844128429889679,
            0.04603720083832741
        ],
        [
            0.09193100780248642,
            0.011658336967229843,
            0.040041085332632065
        ],
        [
            0.09630133956670761,
            0.020258430391550064,
            0.03711329773068428
        ],
        [
            0.03826821222901344,
            -0.04523566737771034,
            0.018235119059681892
        ],
        [
            0.05785561352968216,
            -0.03288215026259422,
            0.016292354092001915
        ],
        [
            0.07120853662490845,
            -0.027717970311641693,
            0.005225071683526039
        ],
        [
            0.08441154658794403,
            -0.035702019929885864,
            -0.0217426810413599
        ],
        [
            0.09313038736581802,
            -0.03039640374481678,
            -0.0193147175014019
        ],
        [
            0.08697283267974854,
            -0.03222935274243355,
            -0.010636337101459503
        ],
        [
            0.08023974299430847,
            -0.03601638600230217,
            -0.01474419329315424
        ],
        [
            0.07636728882789612,
            -0.032601259648799896,
            -0.03679685294628143
        ],
        [
            0.07705558836460114,
            -0.038213714957237244,
            -0.030883125960826874
        ],
        [
            0.07009382545948029,
            -0.04225824773311615,
            -0.03325542062520981
        ],
        [
            0.06815621256828308,
            -0.03855185955762863,
            -0.0399794839322567
        ],
        [
            0.0432940348982811,
            -0.024280423298478127,
            0.04733949899673462
        ],
        [
            0.051675304770469666,
            -0.016544416546821594,
            0.049405865371227264
        ],
        [
            0.10979241877794266,
            -0.0051625072956085205,
            -0.01727566123008728
        ],
        [
            0.11428207159042358,
            -5.2031129598617554e-05,
            -0.013228527270257473
        ],
        [
            0.1189054548740387,
            0.006931208074092865,
            -0.011135602369904518
        ],
        [
            0.09326007962226868,
            -0.019633399322628975,
            0.009198270738124847
        ],
        [
            0.10482171922922134,
            -0.012925524264574051,
            0.012547528371214867
        ],
        [
            0.10357754677534103,
            -0.013943282887339592,
            0.01680060476064682
        ],
        [
            0.09179066866636276,
            -0.018494168296456337,
            0.011923577636480331
        ],
        [
            0.07983630150556564,
            -0.02414022758603096,
            0.02107272483408451
        ],
        [
            0.09207431972026825,
            -0.025473391637206078,
            0.02536541409790516
        ],
        [
            0.06836685538291931,
            -0.030368294566869736,
            0.02308633364737034
        ],
        [
            0.10975881665945053,
            -0.0011482350528240204,
            0.019919654354453087
        ],
        [
            0.11747891455888748,
            0.004693858325481415,
            0.014098843559622765
        ],
        [
            0.11464633047580719,
            0.006988164037466049,
            0.02225310727953911
        ],
        [
            0.11961367726325989,
            0.004276517778635025,
            0.004453608766198158
        ],
        [
            0.1203446239233017,
            0.004784509539604187,
            -0.0044896649196743965
        ],
        [
            0.10193631052970886,
            0.025770489126443863,
            -0.022995933890342712
        ],
        [
            0.11054907739162445,
            0.009527087211608887,
            0.02909274771809578
        ],
        [
            0.05654027312994003,
            -0.04274270683526993,
            0.034899309277534485
        ],
        [
            0.04996291548013687,
            -0.044012945145368576,
            0.037119120359420776
        ],
        [
            0.047421809285879135,
            -0.03926755487918854,
            0.03136872127652168
        ],
        [
            0.05268262326717377,
            -0.03756598383188248,
            0.02964855171740055
        ],
        [
            0.019206402823328972,
            -0.03611571341753006,
            0.03164726495742798
        ],
        [
            0.02542305178940296,
            -0.04056822881102562,
            0.03407061845064163
        ],
        [
            0.033097125589847565,
            -0.03494634851813316,
            0.035184312611818314
        ],
        [
            0.09996800124645233,
            -0.02319253794848919,
            -0.0018443409353494644
        ],
        [
            0.10455739498138428,
            -0.020277418196201324,
            -0.0134074492380023
        ],
        [
            0.031986042857170105,
            -0.04845316708087921,
            0.022183900699019432
        ],
        [
            0.011551856063306332,
            -0.06819981336593628,
            0.020128149539232254
        ],
        [
            0.014456142671406269,
            -0.06788979470729828,
            0.025419840589165688
        ],
        [
            0.014256717637181282,
            -0.05175831913948059,
            0.029154686257243156
        ],
        [
            0.01056323666125536,
            -0.05149110034108162,
            0.022985829040408134
        ],
        [
            0.02738603763282299,
            -0.050785552710294724,
            0.014993018470704556
        ],
        [
            0.031002243980765343,
            -0.05021657422184944,
            0.02149749919772148
        ],
        [
            0.030962856486439705,
            -0.05104023218154907,
            0.019892996177077293
        ],
        [
            0.03004537709057331,
            -0.05261955410242081,
            0.013248286210000515
        ],
        [
            0.0432962067425251,
            -0.05187075585126877,
            -0.016654405742883682
        ],
        [
            0.04725019633769989,
            -0.04867861792445183,
            -0.016297373920679092
        ],
        [
            0.017288558185100555,
            -0.03215939551591873,
            0.00619246531277895
        ],
        [
            0.013065806590020657,
            -0.027301078662276268,
            0.017623212188482285
        ],
        [
            0.023444725200533867,
            -0.01777862198650837,
            0.020800994709134102
        ],
        [
            0.0546608567237854,
            -0.039605822414159775,
            -0.003345856675878167
        ],
        [
            0.04654983803629875,
            -0.045458827167749405,
            -0.005726289935410023
        ],
        [
            0.04860363155603409,
            -0.045448433607816696,
            -0.009382840245962143
        ],
        [
            0.036173734813928604,
            -0.04714488983154297,
            0.014503073878586292
        ],
        [
            0.03101278468966484,
            -0.04965703561902046,
            0.01595180854201317
        ],
        [
            0.032258667051792145,
            -0.04903693497180939,
            0.010643323883414268
        ],
        [
            0.0385705828666687,
            -0.04645906761288643,
            0.009422874078154564
        ],
        [
            0.07933390140533447,
            -0.016133088618516922,
            -0.03474309667944908
        ],
        [
            0.08666285872459412,
            -0.02533148229122162,
            -0.033145807683467865
        ],
        [
            0.02332201600074768,
            -0.07095763087272644,
            0.026390857994556427
        ],
        [
            0.0216453205794096,
            -0.0693880021572113,
            0.02623959258198738
        ],
        [
            0.06389936804771423,
            -0.033212512731552124,
            -0.0012877224944531918
        ],
        [
            0.03731057047843933,
            -0.009913366287946701,
            0.022754251956939697
        ],
        [
            0.07406211644411087,
            -0.028210964053869247,
            0.0005084071308374405
        ],
        [
            0.037576764822006226,
            -0.03870696574449539,
            -0.029906170442700386
        ],
        [
            0.043137967586517334,
            -0.04573533311486244,
            -0.030168619006872177
        ],
        [
            0.04140402004122734,
            -0.05022837966680527,
            -0.028916670009493828
        ],
        [
            0.03598050773143768,
            -0.047631196677684784,
            -0.028993846848607063
        ],
        [
            0.02939537540078163,
            -0.0652109757065773,
            0.009683639742434025
        ],
        [
            0.031574349850416183,
            -0.06630825996398926,
            0.015299761667847633
        ],
        [
            0.031739234924316406,
            -0.06763166189193726,
            0.013829597271978855
        ],
        [
            0.029429737478494644,
            -0.06877300888299942,
            0.008344937115907669
        ],
        [
            0.030298568308353424,
            -0.04934147745370865,
            0.027258386835455894
        ],
        [
            0.02718547359108925,
            -0.04777522757649422,
            0.03205205127596855
        ],
        [
            0.026584219187498093,
            -0.05228918418288231,
            0.030330581590533257
        ],
        [
            0.029735688120126724,
            -0.05217469483613968,
            0.025006258860230446
        ],
        [
            0.021416805684566498,
            -0.04613790661096573,
            0.032943930476903915
        ],
        [
            0.020215217024087906,
            -0.051678817719221115,
            0.03160650283098221
        ],
        [
            0.02378121390938759,
            -0.06549321115016937,
            0.006344292312860489
        ],
        [
            0.016345640644431114,
            -0.06717534363269806,
            0.008330638520419598
        ],
        [
            0.01617738977074623,
            -0.05105854570865631,
            0.0092094037681818
        ],
        [
            0.02398095466196537,
            -0.05332012102007866,
            0.008364828303456306
        ],
        [
            0.06646940112113953,
            0.0026535019278526306,
            -0.014225970953702927
        ],
        [
            0.07341937720775604,
            7.007643580436707e-05,
            -0.022771602496504784
        ],
        [
            0.06280224025249481,
            -0.010675609111785889,
            -0.026172252371907234
        ],
        [
            0.05156259983778,
            -0.020695790648460388,
            -0.030682707205414772
        ],
        [
            0.04122758284211159,
            -0.030691439285874367,
            -0.03312861919403076
        ],
        [
            0.03252308815717697,
            -0.027239857241511345,
            -0.024987470358610153
        ],
        [
            0.06920690834522247,
            -0.011982351541519165,
            -0.03142142668366432
        ],
        [
            0.02105235494673252,
            -0.04570382460951805,
            0.009030578657984734
        ],
        [
            0.01576954312622547,
            -0.04036230966448784,
            0.010646392591297626
        ],
        [
            0.0173865407705307,
            -0.040780819952487946,
            0.007336881011724472
        ],
        [
            0.07803046703338623,
            -0.030603202059864998,
            -0.005412171594798565
        ],
        [
            0.019300341606140137,
            -0.06770172715187073,
            0.027964655309915543
        ],
        [
            0.08070650696754456,
            0.025545958429574966,
            0.021604426205158234
        ],
        [
            0.08059488236904144,
            0.027194451540708542,
            0.007835235446691513
        ],
        [
            0.07448096573352814,
            0.021125268191099167,
            0.009472453035414219
        ],
        [
            0.07541174441576004,
            0.018321320414543152,
            0.025411026552319527
        ],
        [
            0.029961854219436646,
            -0.06734700500965118,
            0.022486206144094467
        ],
        [
            0.025595733895897865,
            -0.06732248514890671,
            0.02718508243560791
        ],
        [
            0.050154924392700195,
            -0.05050450563430786,
            -0.021934369578957558
        ],
        [
            0.04571674391627312,
            -0.053183287382125854,
            -0.021816065534949303
        ],
        [
            0.045545678585767746,
            -0.05350486934185028,
            -0.025345250964164734
        ],
        [
            0.050655730068683624,
            -0.05301784351468086,
            -0.026724031195044518
        ],
        [
            0.07835350930690765,
            -0.0008824393153190613,
            -0.026246242225170135
        ],
        [
            0.05786703899502754,
            -0.04283968731760979,
            -0.043665025383234024
        ],
        [
            0.04769529774785042,
            -0.036653608083724976,
            -0.041414517909288406
        ],
        [
            0.08225525170564651,
            0.00951160117983818,
            -0.01954570598900318
        ],
        [
            0.07594919949769974,
            0.012395590543746948,
            -0.012439530342817307
        ],
        [
            0.08294457197189331,
            0.019322127103805542,
            -0.011744094081223011
        ],
        [
            0.02412908524274826,
            -0.03265419602394104,
            -0.01356399804353714
        ],
        [
            0.06038890779018402,
            0.0025157444179058075,
            -0.007877052761614323
        ],
        [
            0.07126330584287643,
            0.012411367148160934,
            -0.00625819293782115
        ],
        [
            0.0793544128537178,
            0.02071046456694603,
            -0.00513381278142333
        ],
        [
            0.0850253701210022,
            0.026942450553178787,
            -0.005267039872705936
        ],
        [
            0.08843088150024414,
            0.024698566645383835,
            -0.012445243075489998
        ],
        [
            0.012790350243449211,
            -0.06776078790426254,
            0.013827582821249962
        ],
        [
            0.017409278079867363,
            -0.07295934110879898,
            0.007587198168039322
        ],
        [
            0.09385696798563004,
            0.03190368786454201,
            -0.014156022109091282
        ],
        [
            0.0901990532875061,
            0.03368194401264191,
            -0.005697309039533138
        ],
        [
            0.0668296292424202,
            0.012475602328777313,
            0.001901191659271717
        ],
        [
            0.0631798654794693,
            0.01149681955575943,
            0.013047144748270512
        ],
        [
            0.05670624226331711,
            0.002666134387254715,
            0.0001895250752568245
        ],
        [
            0.05174925550818443,
            0.0012960284948349,
            0.010717677883803844
        ],
        [
            0.017699867486953735,
            -0.02676236256957054,
            -0.00643339566886425
        ],
        [
            0.031583867967128754,
            -0.0861666351556778,
            0.011940681375563145
        ],
        [
            0.025434309616684914,
            -0.07769659161567688,
            0.006629735231399536
        ],
        [
            0.02984192967414856,
            -0.0738520473241806,
            0.008207354694604874
        ],
        [
            0.03459755331277847,
            -0.08329790830612183,
            0.010882317088544369
        ],
        [
            0.02447456866502762,
            -0.07067569345235825,
            0.005774280987679958
        ],
        [
            0.019944004714488983,
            -0.07874615490436554,
            0.009171530604362488
        ],
        [
            0.05066997557878494,
            -0.001289617270231247,
            0.025806672871112823
        ],
        [
            0.027549438178539276,
            -0.05076635628938675,
            0.010901277884840965
        ],
        [
            0.06525684148073196,
            0.0066244937479496,
            0.0316731221973896
        ],
        [
            0.04626059532165527,
            -0.007910670712590218,
            0.039776142686605453
        ],
        [
            0.05820475518703461,
            -0.005172319710254669,
            0.04464665427803993
        ],
        [
            0.07992583513259888,
            0.012205127626657486,
            0.038841694593429565
        ],
        [
            0.07300647348165512,
            -0.001126924529671669,
            0.04819733649492264
        ],
        [
            0.08939319103956223,
            0.027139771729707718,
            0.03067963756620884
        ],
        [
            0.08393067121505737,
            0.020135968923568726,
