{
    "pred_cam": [
        14.90411376953125,
        0.11787684261798859,
        -0.038691092282533646
    ],
    "pred_mano_params": {
        "global_orient": [
            [
                [
                    -0.459146648645401,
                    0.11492140591144562,
                    -0.8808958530426025
                ],
                [
                    -0.1598764955997467,
                    -0.9860964417457581,
                    -0.04531390592455864
                ],
                [
                    -0.8738557696342468,
                    0.12002880871295929,
                    0.4711361229419708
                ]
            ]
        ],
        "hand_pose": [
            [
                [
                    0.6913145780563354,
                    -0.6902435421943665,
                    -0.2136538177728653
                ],
                [
                    0.6986618041992188,
                    0.7139739394187927,
                    -0.045965999364852905
                ],
                [
                    0.18427099287509918,
                    -0.11749479174613953,
                    0.9758273959159851
                ]
            ],
            [
                [
                    0.5318406224250793,
                    -0.7881065011024475,
                    0.30989310145378113
                ],
                [
                    0.84231036901474,
                    0.4544845521450043,
                    -0.28975337743759155
                ],
                [
                    0.08751486986875534,
                    0.41512876749038696,
                    0.9055436253547668
                ]
            ],
            [
                [
                    0.9085224270820618,
                    -0.38706862926483154,
                    0.1573682427406311
                ],
                [
                    0.35868608951568604,
                    0.9156599640846252,
                    0.18141430616378784
                ],
                [
                    -0.21431557834148407,
                    -0.10837318003177643,
                    0.9707337617874146
                ]
            ],
            [
                [
                    0.43001052737236023,
                    -0.8893703818321228,
                    -0.15527799725532532
                ],
                [
                    0.8678916692733765,
                    0.35983315110206604,
                    0.34246763586997986
                ],
                [
                    -0.2487064152956009,
                    -0.2820292115211487,
                    0.926609218120575
                ]
            ],
            [
                [
                    0.8204764127731323,
                    -0.5541871786117554,
                    -0.1403389722108841
                ],
                [
                    0.5713385343551636,
                    0.8033832311630249,
                    0.16777266561985016
                ],
                [
                    0.01976851187646389,
                    -0.21783456206321716,
                    0.975785493850708
                ]
            ],
            [
                [
                    0.8254587650299072,
                    -0.5642545819282532,
                    0.015317879617214203
                ],
                [
                    0.5623239874839783,
                    0.8243885636329651,
                    0.06461643427610397
                ],
                [
                    -0.049088004976511,
                    -0.044724591076374054,
                    0.997792661190033
                ]
            ],
            [
                [
                    0.1259637475013733,
                    -0.94691002368927,
                    -0.29579484462738037
                ],
                [
                    0.7655842900276184,
                    -0.09683240950107574,
                    0.6360064744949341
                ],
                [
                    -0.6308833956718445,
                    -0.3065696358680725,
                    0.7127420902252197
                ]
            ],
            [
                [
                    0.551937460899353,
                    -0.8312610387802124,
                    -0.06610644608736038
                ],
                [
                    0.6573051810264587,
                    0.38490909337997437,
                    0.647915780544281
                ],
                [
                    -0.5131422281265259,
                    -0.40106111764907837,
                    0.7588379383087158
                ]
            ],
            [
                [
                    0.9181583523750305,
                    -0.3879276216030121,
                    -0.08060572296380997
                ],
                [
                    0.29139265418052673,
                    0.5232841372489929,
                    0.8007895946502686
                ],
                [
                    -0.2684687376022339,
                    -0.7587396502494812,
                    0.5934969782829285
                ]
            ],
            [
                [
                    -0.07129304856061935,
                    -0.9972535371780396,
                    0.020063616335392
                ],
                [
                    0.9128929972648621,
                    -0.057130489498376846,
                    0.4041811525821686
                ],
                [
                    -0.40192490816116333,
                    0.0471312440931797,
                    0.9144588112831116
                ]
            ],
            [
                [
                    0.5784979462623596,
                    -0.8102885484695435,
                    -0.09366241097450256
                ],
                [
                    0.6842868328094482,
                    0.4196021854877472,
                    0.5963937640190125
                ],
                [
                    -0.4439500570297241,
                    -0.40910449624061584,
                    0.7972087860107422
                ]
            ],
            [
                [
                    0.730230450630188,
                    -0.6831201910972595,
                    -0.010502108372747898
                ],
                [
                    0.6558452844619751,
                    0.6966025829315186,
                    0.29088085889816284
                ],
                [
                    -0.19139079749584198,
                    -0.21929781138896942,
                    0.9567015767097473
                ]
            ],
            [
                [
                    0.9752411842346191,
                    0.022867903113365173,
                    -0.2199583202600479
                ],
                [
                    -0.18672066926956177,
                    0.6180841326713562,
                    -0.7636146545410156
                ],
                [
                    0.11849049478769302,
                    0.7857792377471924,
                    0.6070510149002075
                ]
            ],
            [
                [
                    0.9877284169197083,
                    -0.11212951689958572,
                    -0.10871727764606476
                ],
                [
                    0.155208557844162,
                    0.7822751402854919,
                    0.6032875776290894
                ],
                [
                    0.01740049012005329,
                    -0.6127581596374512,
                    0.7900788187980652
                ]
            ],
            [
                [
                    0.8485726118087769,
                    -0.34003376960754395,
                    -0.4053412675857544
                ],
                [
                    -0.031818799674510956,
                    0.7319410443305969,
                    -0.6806246042251587
                ],
                [
                    0.528121292591095,
                    0.5904568433761597,
                    0.6102856397628784
                ]
            ]
        ],
        "betas": [
            -0.15742293000221252,
            0.03148642182350159,
            0.03092581033706665,
            -0.03051188588142395,
            0.02153247594833374,
            0.050241317600011826,
            -0.04668000340461731,
            -0.03812134265899658,
            0.0069186389446258545,
            -0.05811014771461487
        ]
    },
    "pred_cam_t": [
        -0.11787684261798859,
        -0.038691092282533646,
        2.6209206581115723
    ],
    "focal_length": [
        5000.0,
        5000.0
    ],
    "pred_keypoints_3d": [
        [
            0.09637242555618286,
            0.006447340361773968,
            0.006230648141354322
        ],
        [
            0.08272399008274078,
            0.024632785469293594,
            0.037849485874176025
        ],
        [
            0.0809238851070404,
            0.04175056517124176,
            0.06364034861326218
        ],
        [
            0.08596152812242508,
            0.05161365866661072,
            0.08854624629020691
        ],
        [
            0.10979381948709488,
            0.06995653361082077,
            0.10647470504045486
        ],
        [
            0.11805522441864014,
            0.024815905839204788,
            0.09309647977352142
        ],
        [
            0.1314915418624878,
            0.04910643398761749,
            0.11130300164222717
        ],
        [
            0.12815935909748077,
            0.06915341317653656,
            0.10206993669271469
        ],
        [
            0.11840245872735977,
            0.08663566410541534,
            0.08764101564884186
        ],
        [
            0.14294564723968506,
            0.023249197751283646,
            0.08787843585014343
        ],
        [
            0.1444362848997116,
            0.05355716869235039,
            0.09786403179168701
        ],
        [
            0.13481400907039642,
            0.07407326996326447,
            0.09198025614023209
        ],
        [
            0.11789527535438538,
            0.08953718841075897,
            0.08043567091226578
        ],
        [
            0.15744489431381226,
            0.024706076830625534,
            0.06506272405385971
        ],
        [
            0.14824172854423523,
            0.052278682589530945,
            0.06501849740743637
        ],
        [
            0.12984144687652588,
            0.05549522861838341,
            0.04846072569489479
        ],
        [
            0.11194548010826111,
            0.04430375248193741,
            0.03470494598150253
        ],
        [
            0.16545754671096802,
            0.029413580894470215,
            0.04503427818417549
        ],
        [
            0.1606583148241043,
            0.04991626739501953,
            0.04198205843567848
        ],
        [
            0.1438354253768921,
            0.05061006173491478,
            0.03298620507121086
        ],
        [
            0.12718383967876434,
            0.0369839072227478,
            0.029547324404120445
        ]
    ],
    "pred_vertices": [
        [
            0.10352787375450134,
            0.03061112016439438,
            0.05567930266261101
        ],
        [
            0.09949015080928802,
            0.030811363831162453,
            0.045687898993492126
        ],
        [
            0.09772422909736633,
            0.03621399402618408,
            0.05448438599705696
        ],
        [
            0.10022330284118652,
            0.03456014022231102,
            0.06367895007133484
        ],
        [
            0.08746948093175888,
            0.044862765818834305,
            0.037722326815128326
        ],
        [
            0.07587523013353348,
            0.04446502774953842,
            0.035253219306468964
        ],
        [
            0.07795655727386475,
            0.051068373024463654,
            0.0510544516146183
        ],
        [
            0.08769075572490692,
            0.05169350653886795,
            0.05120738223195076
        ],
        [
            0.09786912798881531,
            0.036072660237550735,
            0.0711984634399414
        ],
        [
            0.0964871346950531,
            0.04063256084918976,
            0.062167298048734665
        ],
        [
            0.09539484977722168,
            0.03301883488893509,
            0.07425142824649811
        ],
        [
            0.09697814285755157,
            0.023594973608851433,
            0.08295070379972458
        ],
        [
            0.09959571063518524,
            0.030004654079675674,
            0.07943247258663177
        ],
        [
            0.10135281085968018,
            0.02026315964758396,
            0.0893382579088211
        ],
        [
            0.09356097131967545,
            0.013457628898322582,
            0.07902530580759048
        ],
        [
            0.10517605394124985,
            0.011193051002919674,
            0.0894642025232315
        ],
        [
            0.11295406520366669,
            -0.001255858689546585,
            0.06297673285007477
        ],
        [
            0.12325675785541534,
            -0.0019667688757181168,
            0.05369752272963524
        ],
        [
            0.1340090036392212,
            0.0009465143084526062,
            0.06853406131267548
        ],
        [
            0.12213659286499023,
            0.002415824681520462,
            0.07616299390792847
        ],
        [
            0.1450086236000061,
            0.00366087444126606,
            0.0503908172249794
        ],
        [
            0.1394137144088745,
            0.0024637747555971146,
            0.06105100363492966
        ],
        [
            0.12886486947536469,
            -0.0018705818802118301,
            0.04635816812515259
        ],
        [
            0.13404425978660583,
            -0.00026837922632694244,
            0.03746023029088974
        ],
        [
            0.11154783517122269,
            0.027177663519978523,
            0.04210253804922104
        ],
        [
            0.10700590908527374,
            0.02659088373184204,
            0.03216300532221794
        ],
        [
            0.10376124083995819,
            0.02661750838160515,
            0.03699466213583946
        ],
        [
            0.10797636210918427,
            0.027601223438978195,
            0.0464242585003376
        ],
        [
            0.0863150954246521,
            0.033366609364748,
            0.0754820853471756
        ],
        [
            0.08245815336704254,
            0.023801768198609352,
            0.07097464799880981
        ],
        [
            0.08955136686563492,
            0.026090171188116074,
            0.07438309490680695
        ],
        [
            0.09066741168498993,
            0.03701707348227501,
            0.07514609396457672
        ],
        [
            0.10161856561899185,
            0.030433330684900284,
            0.003549434244632721
        ],
        [
            0.09466757625341415,
            0.022305261343717575,
            -0.0050383880734443665
        ],
        [
            0.08984779566526413,
            0.02165665104985237,
            -0.001572243869304657
        ],
        [
            0.0973755270242691,
            0.02872454933822155,
            0.005677066743373871
        ],
        [
            0.07535119354724884,
            0.028810515999794006,
            0.014903590083122253
        ],
        [
            0.07423941045999527,
            0.01994168385863304,
            0.008014537394046783
        ],
        [
            0.06474478542804718,
            0.010132834315299988,
            0.009782679378986359
        ],
        [
            0.06524902582168579,
            0.016177400946617126,
            0.018765650689601898
        ],
        [
            0.07541698217391968,
            0.0375436395406723,
            0.024861454963684082
        ],
        [
            0.06526486575603485,
            0.027955612167716026,
            0.027219370007514954
        ],
        [
            0.06702709197998047,
            0.037261590361595154,
            0.03763996809720993
        ],
        [
            0.07092751562595367,
            0.044676441699266434,
            0.05297503247857094
        ],
        [
            0.10542544722557068,
            0.020612098276615143,
            -0.012107782065868378
        ],
        [
            0.11200390756130219,
            0.026905957609415054,
            -0.007073678076267242
        ],
        [
            0.12020440399646759,
            0.05258230119943619,
            0.10174661129713058
        ],
        [
            0.12496571242809296,
            0.05353296548128128,
            0.0977570116519928
        ],
        [
            0.12360892444849014,
            0.05113647133111954,
            0.09735512733459473
        ],
        [
            0.11954482644796371,
            0.050660766661167145,
            0.10147586464881897
        ],
        [
            0.12148397415876389,
            0.007930697873234749,
            -0.010497629642486572
        ],
        [
            0.12231545150279999,
            -0.0017544794827699661,
            -0.007468082010746002
        ],
        [
            0.1189514696598053,
            -0.0018892455846071243,
            -0.014026232063770294
        ],
        [
            0.11635683476924896,
            0.007016954943537712,
            -0.016123101115226746
        ],
        [
            0.12824976444244385,
            0.009077325463294983,
            -0.0030749887228012085
        ],
        [
            0.12653636932373047,
            -0.0010692551732063293,
            0.0018324032425880432
        ],
        [
            0.12479323148727417,
            0.05223686993122101,
            0.1140781044960022
        ],
        [
            0.12051866948604584,
            0.052754566073417664,
            0.11087630689144135
        ],
        [
            0.12078698724508286,
            0.048369407653808594,
            0.11147795617580414
        ],
        [
            0.12533216178417206,
            0.04650982469320297,
            0.11372987926006317
        ],
        [
            0.10273953527212143,
            0.03276864066720009,
            0.07283034175634384
        ],
        [
            0.10734277963638306,
            0.032048482447862625,
            0.0645805299282074
        ],
        [
            0.1119467094540596,
            0.03324216231703758,
            0.08579891920089722
        ],
        [
            0.11151312291622162,
            0.03203599154949188,
            0.07772789150476456
        ],
        [
            0.1054094135761261,
            0.03069085255265236,
            0.08120286464691162
        ],
        [
            0.10673745721578598,
            0.030762899667024612,
            0.08797534555196762
        ],
        [
            0.1264074295759201,
            0.02968980371952057,
            0.05906981974840164
        ],
        [
            0.12002427875995636,
            0.027868038043379784,
            0.04951413720846176
        ],
        [
            0.11620967090129852,
            0.02823825739324093,
            0.05504477024078369
        ],
        [
            0.12170519679784775,
            0.031053820624947548,
            0.0663454532623291
        ],
        [
            0.12931032478809357,
            0.03025996871292591,
            0.038834091275930405
        ],
        [
            0.13485895097255707,
            0.031168252229690552,
            0.04908968508243561
        ],
        [
            0.13927654922008514,
            0.032215382903814316,
            0.04163900017738342
        ],
        [
            0.13452604413032532,
            0.03255349025130272,
            0.03566500172019005
        ],
        [
            0.14150233566761017,
            0.03229948505759239,
            0.06811065226793289
        ],
        [
            0.1429130882024765,
            0.03259006515145302,
            0.07272867113351822
        ],
        [
            0.14428149163722992,
            0.03171653300523758,
            0.06940460205078125
        ],
        [
            0.14332443475723267,
            0.032108500599861145,
            0.0650719478726387
        ],
        [
            0.11536453664302826,
            -0.0030857063829898834,
            -0.020154468715190887
        ],
        [
            0.11085532605648041,
            0.005724417045712471,
            -0.020946070551872253
        ],
        [
            0.15560482442378998,
            0.009904352948069572,
            0.0313219279050827
        ],
        [
            0.15455235540866852,
            0.016436126083135605,
            0.021837685257196426
        ],
        [
            0.16349615156650543,
            0.021067187190055847,
            0.030704990029335022
        ],
        [
            0.16364993155002594,
            0.011643711477518082,
            0.03958258777856827
        ],
        [
            0.11897028982639313,
            -0.009028678759932518,
            -0.0006757006049156189
        ],
        [
            0.11741840839385986,
            -0.010191747918725014,
            -0.008355997502803802
        ],
        [
            0.13129167258739471,
            0.05187889188528061,
            0.11406367272138596
        ],
        [
            0.13146686553955078,
            0.0460541695356369,
            0.11315760016441345
        ],
        [
            0.06376895308494568,
            0.023245465010404587,
            0.04068807512521744
        ],
        [
            0.06773796677589417,
            0.03591611236333847,
            0.05609200522303581
        ],
        [
            0.06360509991645813,
            0.011967260390520096,
            0.02890610694885254
        ],
        [
            0.0651586651802063,
            0.0037545617669820786,
            0.020724236965179443
        ],
        [
            0.06405088305473328,
            -0.001642022281885147,
            0.013386502861976624
        ],
        [
            0.11806152760982513,
            0.03280140832066536,
            0.07720346748828888
        ],
        [
            0.11040030419826508,
            0.029343927279114723,
            0.05605066940188408
        ],
        [
            0.11489264667034149,
            0.027478167787194252,
            0.03820335492491722
        ],
        [
            0.1378946602344513,
            0.035056110471487045,
            0.018446754664182663
        ],
        [
            0.13171489536762238,
            0.034054409712553024,
            0.010218009352684021
        ],
        [
            0.1260623335838318,
            0.03499036654829979,
            0.019507598131895065
        ],
        [
            0.13274002075195312,
            0.035065099596977234,
            0.02489595115184784
        ],
        [
            0.1531497836112976,
            0.026229681447148323,
            0.018823139369487762
        ],
        [
            0.14889436960220337,
            0.03262796998023987,
            0.021910768002271652
        ],
        [
            0.1533113270998001,
            0.03327061980962753,
            0.027780022472143173
        ],
        [
            0.15936601161956787,
            0.028115414083003998,
            0.0263398177921772
        ],
        [
            0.07886969298124313,
            0.033329784870147705,
            0.07587962597608566
        ],
        [
            0.07577343285083771,
            0.0234946571290493,
            0.06766387820243835
        ],
        [
            0.1175188273191452,
            0.017906200140714645,
            -0.011094637215137482
        ],
        [
            0.11099274456501007,
            0.01571664586663246,
            -0.015021897852420807
        ],
        [
            0.10560976713895798,
            0.011575257405638695,
            -0.020403169095516205
        ],
        [
            0.10303950309753418,
            0.02918137237429619,
            0.01834207773208618
        ],
        [
            0.09436708688735962,
            0.0277085043489933,
            0.007124394178390503
        ],
        [
            0.0912284106016159,
            0.028247147798538208,
            0.01021181046962738
        ],
        [
            0.10113869607448578,
            0.027881259098649025,
            0.02076762169599533
        ],
        [
            0.09595020115375519,
            0.03405553102493286,
            0.03500771522521973
        ],
        [
            0.08773162961006165,
            0.03684195876121521,
            0.024644099175930023
        ],
        [
            0.09604626893997192,
            0.041006654500961304,
            0.04538555070757866
        ],
        [
            0.08239609003067017,
            0.02036716416478157,
            0.0017340108752250671
        ],
        [
            0.08369194716215134,
            0.017723171040415764,
            -0.00904056429862976
        ],
        [
            0.0763474553823471,
            0.01584191992878914,
            -0.004190355539321899
        ],
        [
            0.09201466292142868,
            0.017192494124174118,
            -0.014409057796001434
        ],
        [
            0.09980501234531403,
            0.015338463708758354,
            -0.018551483750343323
        ],
        [
            0.11545142531394958,
            -0.014294587075710297,
            -0.015700094401836395
        ],
        [
            0.070492684841156,
            0.012976715341210365,
            0.0012019425630569458
        ],
        [
            0.08695568144321442,
            0.05345453694462776,
            0.060690756887197495
        ],
        [
            0.08597345650196075,
            0.054682657122612,
            0.06891559064388275
        ],
        [
            0.09239445626735687,
            0.05051127076148987,
            0.06998610496520996
        ],
        [
            0.0934479683637619,
            0.04911839962005615,
            0.0632772296667099
        ],
        [
            0.10710354149341583,
            0.020551353693008423,
            0.09636682271957397
        ],
        [
            0.10517490655183792,
            0.02722310833632946,
            0.09264492243528366
        ],
        [
            0.10076485574245453,
            0.0266853179782629,
            0.08546675741672516
        ],
        [
            0.11168880760669708,
            0.03330764174461365,
            0.00882033258676529
        ],
        [
            0.12003590911626816,
            0.030387284234166145,
            -0.0005176663398742676
        ],
        [
            0.11826439201831818,
            0.03417637199163437,
            0.08523739874362946
        ],
        [
            0.12504561245441437,
            0.04203573614358902,
            0.11382394284009933
        ],
        [
            0.11964666098356247,
            0.04410050809383392,
            0.11183721572160721
        ],
        [
            0.11327414214611053,
            0.030073784291744232,
            0.10485879331827164
        ],
        [
            0.1194307878613472,
            0.027185138314962387,
            0.10713677853345871
        ],
        [
            0.12676306068897247,
            0.033032163977622986,
            0.08950106799602509
        ],
        [
            0.12003527581691742,
            0.03545486181974411,
            0.08759158849716187
        ],
        [
            0.12158031016588211,
            0.03607181832194328,
            0.08841099590063095
        ],
        [
            0.1283547282218933,
            0.03615035116672516,
            0.08917687833309174
        ],
        [
            0.14806871116161346,
            0.03146110847592354,
            0.06049352511763573
        ],
        [
            0.14695727825164795,
            0.032672904431819916,
            0.05717824772000313
        ],
        [
            0.13108301162719727,
            0.010211771354079247,
            0.08719683438539505
        ],
        [
            0.11935048550367355,
            0.006667485460639,
            0.09424909204244614
        ],
        [
            0.11167067289352417,
            0.003745773807168007,
            0.08365559577941895
        ],
        [
            0.13080959022045135,
            0.030033288523554802,
            0.052904702723026276
        ],
        [
            0.13699255883693695,
            0.03170936554670334,
            0.06082402914762497
        ],
        [
            0.139568030834198,
            0.031812217086553574,
            0.05756330490112305
        ],
        [
            0.12264015525579453,
            0.0329919308423996,
            0.07830943167209625
        ],
        [
            0.12450549006462097,
            0.03361231088638306,
            0.08454751968383789
        ],
        [
            0.12773855030536652,
            0.03217222914099693,
            0.08075757324695587
        ],
        [
            0.1259484887123108,
            0.03227270394563675,
            0.07403403520584106
        ],
        [
            0.145701602101326,
            0.012789454311132431,
            0.012300945818424225
        ],
        [
            0.14480887353420258,
            0.02431878261268139,
            0.009126327931880951
        ],
        [
            0.118736632168293,
            0.05260150879621506,
            0.10641992837190628
        ],
        [
            0.11846715956926346,
            0.049742892384529114,
            0.10676468908786774
        ],
        [
            0.12441958487033844,
            0.028342965990304947,
            0.04366866126656532
        ],
        [
            0.10410375893115997,
            0.0023397933691740036,
            0.0701279416680336
        ],
        [
            0.11844877898693085,
            0.028259655460715294,
            0.03399360552430153
        ],
        [
            0.15990866720676422,
            0.019934214651584625,
            0.05749601498246193
        ],
        [
            0.15967091917991638,
            0.028515400364995003,
            0.05418160557746887
        ],
        [
            0.15873529016971588,
            0.03067023493349552,
            0.0554920919239521
        ],
        [
            0.16011016070842743,
            0.027285940945148468,
            0.05954373627901077
        ],
        [
            0.1339556872844696,
            0.0465276874601841,
            0.09559617936611176
        ],
        [
            0.12860634922981262,
            0.0493326336145401,
            0.09481864422559738
        ],
        [
            0.1295885294675827,
            0.05074533075094223,
            0.09523076564073563
        ],
        [
            0.13531959056854248,
            0.049495868384838104,
            0.09698327630758286
        ],
        [
            0.11419948935508728,
            0.03520352020859718,
            0.08890101313591003
        ],
        [
            0.10921970009803772,
            0.03322610259056091,
            0.09214309602975845
        ],
        [
            0.11180050671100616,
            0.03658216446638107,
            0.09433101862668991
        ],
        [
            0.11684871464967728,
            0.03718942776322365,
            0.0907314121723175
        ],
        [
            0.10822280496358871,
            0.029468638822436333,
            0.09714166074991226
        ],
        [
            0.11055568605661392,
            0.03327587991952896,
            0.09991514682769775
        ],
        [
            0.13747569918632507,
            0.04351415857672691,
            0.10021726042032242
        ],
        [
            0.13620829582214355,
            0.04154361039400101,
            0.10766471922397614
        ],
        [
            0.1324268877506256,
            0.02765665575861931,
            0.10020902007818222
        ],
        [
            0.13331913948059082,
            0.033240292221307755,
            0.09443768113851547
        ],
        [
            0.12482285499572754,
            -0.005505917593836784,
            0.025744754821062088
        ],
        [
            0.1313726007938385,
            -0.001967659220099449,
            0.017229825258255005
        ],
        [
            0.14100629091262817,
            0.0030371323227882385,
            0.02867279201745987
        ],
        [
            0.15190747380256653,
            0.007155511528253555,
            0.04018690064549446
        ],
        [
            0.16043329238891602,
            0.012326758354902267,
            0.05148474872112274
        ],
        [
            0.15460342168807983,
            0.007076280191540718,
            0.06117701902985573
        ],
        [
            0.14437666535377502,
            0.005795657634735107,
            0.021340876817703247
        ],
        [
            0.1314915269613266,
            0.02301817201077938,
            0.0892113670706749
        ],
        [
            0.12951920926570892,
            0.017727605998516083,
            0.09429548680782318
        ],
        [
            0.13302364945411682,
            0.01708851382136345,
            0.08972452580928802
        ],
        [
            0.12338358163833618,
            0.030983291566371918,
            0.028920888900756836
        ],
        [
            0.11693357676267624,
            0.04655315726995468,
            0.10778429359197617
        ],
        [
            0.081153005361557,
            -0.014554543420672417,
            0.019886106252670288
        ],
        [
            0.09303748607635498,
            -0.018160445615649223,
            0.014158189296722412
        ],
        [
            0.09522365033626556,
            -0.014852439984679222,
            0.02211732417345047
        ],
        [
            0.0817069411277771,
            -0.009839167818427086,
            0.028421059250831604
        ],
        [
            0.12186775356531143,
            0.05046021193265915,
            0.09752584993839264
        ],
        [
            0.11731535941362381,
            0.049102820456027985,
            0.10194883495569229
        ],
        [
            0.15094101428985596,
            0.035054612904787064,
            0.052624017000198364
        ],
        [
            0.15188361704349518,
            0.03359531983733177,
            0.056320689618587494
        ],
        [
            0.15370774269104004,
            0.03345006704330444,
            0.05372839793562889
        ],
        [
            0.15494157373905182,
            0.03625316545367241,
            0.05060379207134247
        ],
        [
            0.1334269493818283,
            0.0002484600991010666,
            0.011844351887702942
        ],
        [
            0.16632428765296936,
            0.029534094035625458,
            0.03427605330944061
        ],
        [
            0.16694626212120056,
            0.020882733166217804,
            0.04359816014766693
        ],
        [
            0.12294071912765503,
            -0.006497684866189957,
            0.007802873849868774
        ],
        [
            0.11741621792316437,
            -0.010269476100802422,
            0.015111520886421204
        ],
        [
            0.11264430731534958,
            -0.013729479163885117,
            0.007134333252906799
        ],
        [
            0.1474701464176178,
            0.010954970493912697,
            0.07364505529403687
        ],
        [
            0.12075312435626984,
            -0.006576094776391983,
            0.03351994976401329
        ],
        [
            0.1131078451871872,
            -0.011007945984601974,
            0.021560773253440857
        ],
        [
            0.10721872746944427,
            -0.015154359862208366,
            0.012326180934906006
        ],
        [
            0.10380636155605316,
            -0.01865752972662449,
            0.005414299666881561
        ],
        [
            0.1100505068898201,
            -0.01663532666862011,
            0.00042345374822616577
        ],
        [
            0.13112008571624756,
            0.041296057403087616,
            0.11177246272563934
        ],
        [
            0.13777732849121094,
            0.046957969665527344,
            0.10917137563228607
        ],
        [
            0.1078379675745964,
            -0.021349409595131874,
            -0.0071759894490242004
        ],
        [
            0.10064833611249924,
            -0.02282865159213543,
            -0.0013389289379119873
        ],
        [
            0.10689027607440948,
            -0.011271122843027115,
            0.02854131907224655
        ],
        [
            0.0985129103064537,
            -0.010064216330647469,
            0.036582209169864655
        ],
        [
            0.11437903344631195,
            -0.0066887009888887405,
            0.03979281336069107
        ],
        [
            0.10684777051210403,
            -0.0054459646344184875,
            0.048730432987213135
        ],
        [
            0.14122478663921356,
            0.00359991192817688,
            0.08032376319169998
        ],
        [
            0.13708409667015076,
            0.06577712297439575,
            0.10453418642282486
        ],
        [
            0.1393103003501892,
            0.054385602474212646,
            0.10417069494724274
        ],
        [
            0.1365012526512146,
            0.05398668721318245,
            0.0988200306892395
        ],
        [
            0.13675366342067719,
            0.06488598138093948,
            0.10027723014354706
        ],
        [
            0.1385956108570099,
            0.04814960062503815,
            0.10178127884864807
        ],
        [
            0.13757140934467316,
            0.05305514484643936,
            0.10982637107372284
        ],
        [
            0.09498831629753113,
            -0.00033470988273620605,
            0.05698615685105324
        ],
        [
            0.12943533062934875,
            0.031072331592440605,
            0.0858679860830307
        ],
        [
            0.08328144252300262,
            -0.002032920718193054,
            0.043952446430921555
        ],
        [
            0.08570034056901932,
            0.009008336812257767,
            0.06834679841995239
        ],
        [
            0.07673895359039307,
            0.01034405268728733,
            0.0582047700881958
        ],
        [
            0.07028758525848389,
            -0.0016761589795351028,
            0.03122083842754364
        ],
        [
            0.06749305874109268,
            0.00957285426557064,
            0.04445173963904381
        ],
        [
            0.06991321593523026,
            -0.011082245036959648,
            0.01502954214811325
        ],
        [
            0.07161973416805267,
            -0.007237881422042847,
            0.022977717220783234
        ],
        [
            0.06804698705673218,
            0.02217002585530281,
            0.05588298290967941
        ],
        [
            0.12175968289375305,
            0.06128312274813652,
            0.09896896034479141
        ],
        [
            0.1271543949842453,
            0.06137612462043762,
