{
    "pred_cam": [
        9.068653106689453,
        0.11105671525001526,
        -0.05210862308740616
    ],
    "pred_mano_params": {
        "global_orient": [
            [
                [
                    -0.014274412766098976,
                    -0.40977606177330017,
                    0.9120744466781616
                ],
                [
                    -0.9958277344703674,
                    -0.07639563828706741,
                    -0.04990816116333008
                ],
                [
                    0.09012968093156815,
                    -0.908981442451477,
                    -0.4069758653640747
                ]
            ]
        ],
        "hand_pose": [
            [
                [
                    0.04103320837020874,
                    -0.9981141686439514,
                    -0.04565530642867088
                ],
                [
                    0.9868951439857483,
                    0.03335028141736984,
                    0.1578790843486786
                ],
                [
                    -0.15605872869491577,
                    -0.05153527110815048,
                    0.9864025115966797
                ]
            ],
            [
                [
                    0.764556348323822,
                    -0.6408661603927612,
                    0.06887758523225784
                ],
                [
                    0.6203337907791138,
                    0.7025904059410095,
                    -0.34864404797554016
                ],
                [
                    0.17504143714904785,
                    0.30928513407707214,
                    0.9347208738327026
                ]
            ],
            [
                [
                    0.9110184907913208,
                    0.019538313150405884,
                    -0.41190239787101746
                ],
                [
                    0.006108602974563837,
                    0.998127818107605,
                    0.06085612252354622
                ],
                [
                    0.4123202860355377,
                    -0.05795719847083092,
                    0.9091935753822327
                ]
            ],
            [
                [
                    -0.16608935594558716,
                    -0.9505040049552917,
                    -0.2625954747200012
                ],
                [
                    0.9219879508018494,
                    -0.24414081871509552,
                    0.3005552589893341
                ],
                [
                    -0.3497892916202545,
                    -0.19219082593917847,
                    0.916902482509613
                ]
            ],
            [
                [
                    0.8930608034133911,
                    -0.34608376026153564,
                    -0.2875214219093323
                ],
                [
                    0.3938884437084198,
                    0.9102272391319275,
                    0.12782154977321625
                ],
                [
                    0.2174728512763977,
                    -0.22740374505519867,
                    0.9492066502571106
                ]
            ],
            [
                [
                    0.9122390747070312,
                    0.20974227786064148,
                    -0.35189229249954224
                ],
                [
                    -0.17200089991092682,
                    0.9757096171379089,
                    0.13567104935646057
                ],
                [
                    0.37180057168006897,
                    -0.06323862820863724,
                    0.9261562824249268
                ]
            ],
            [
                [
                    0.06470946222543716,
                    -0.8978112936019897,
                    0.43560028076171875
                ],
                [
                    0.7455991506576538,
                    0.33362385630607605,
                    0.5768683552742004
                ],
                [
                    -0.6632455587387085,
                    0.28745436668395996,
                    0.690995991230011
                ]
            ],
            [
                [
                    0.7617062926292419,
                    -0.5687836408615112,
                    -0.310304194688797
                ],
                [
                    0.6479222774505615,
                    0.6683323979377747,
                    0.36541563272476196
                ],
                [
                    -0.00045609072549268603,
                    -0.479392409324646,
                    0.8776006102561951
                ]
            ],
            [
                [
                    0.9579711556434631,
                    -0.25984281301498413,
                    -0.12154385447502136
                ],
                [
                    0.26770034432411194,
                    0.9620292782783508,
                    0.05325464904308319
                ],
                [
                    0.10309092700481415,
                    -0.0835537537932396,
                    0.9911563396453857
                ]
            ],
            [
                [
                    -0.04237931966781616,
                    -0.9709453582763672,
                    0.23551854491233826
                ],
                [
                    0.9530691504478455,
                    0.03144136443734169,
                    0.3011157512664795
                ],
                [
                    -0.2997720241546631,
                    0.23722654581069946,
                    0.9240456223487854
                ]
            ],
            [
                [
                    0.9147142767906189,
                    -0.34803497791290283,
                    -0.20535215735435486
                ],
                [
                    0.4040897786617279,
                    0.7916187644004822,
                    0.4583134353160858
                ],
                [
                    0.0030515193939208984,
                    -0.5022065043449402,
                    0.8647423386573792
                ]
            ],
            [
                [
                    0.899442732334137,
                    -0.021251024678349495,
                    -0.43652182817459106
                ],
                [
                    0.06017104908823967,
                    0.9953266978263855,
                    0.07552594691514969
                ],
                [
                    0.4328768253326416,
                    -0.09419724345207214,
                    0.8965180516242981
                ]
            ],
            [
                [
                    0.9554435014724731,
                    0.13785897195339203,
                    -0.2610030472278595
                ],
                [
                    -0.2753554880619049,
                    0.734812319278717,
                    -0.619862973690033
                ],
                [
                    0.10633458197116852,
                    0.6641126871109009,
                    0.740031898021698
                ]
            ],
            [
                [
                    0.9539482593536377,
                    -0.2846038341522217,
                    -0.0947805717587471
                ],
                [
                    0.28251636028289795,
                    0.7462039589881897,
                    0.6027968525886536
                ],
                [
                    -0.10083269327878952,
                    -0.6018140912055969,
                    0.7922452092170715
                ]
            ],
            [
                [
                    0.9822984933853149,
                    -0.05689522624015808,
                    -0.17847326397895813
                ],
                [
                    -0.06243417039513588,
                    0.7988415956497192,
                    -0.5982927680015564
                ],
                [
                    0.17661184072494507,
                    0.5988448262214661,
                    0.7811486721038818
                ]
            ]
        ],
        "betas": [
            -0.05718791484832764,
            0.04513511061668396,
            -0.020819097757339478,
            0.02441975474357605,
            -0.007690072059631348,
            -0.07989362627267838,
            0.009936302900314331,
            -0.00580538809299469,
            0.006047174334526062,
            0.006788879632949829
        ]
    },
    "pred_cam_t": [
        -0.11105671525001526,
        -0.05210862308740616,
        4.307420253753662
    ],
    "focal_length": [
        5000.0,
        5000.0
    ],
    "pred_keypoints_3d": [
        [
            0.09592938423156738,
            0.0064033884555101395,
            0.006181717850267887
        ],
        [
            0.1262976974248886,
            0.030383475124835968,
            0.00769482646137476
        ],
        [
            0.14492428302764893,
            0.05505882948637009,
            0.006753865629434586
        ],
        [
            0.15623047947883606,
            0.07977098226547241,
            0.006093773525208235
        ],
        [
            0.16773459315299988,
            0.11252418160438538,
            0.01506226509809494
        ],
        [
            0.11827699095010757,
            0.09378039091825485,
            -0.005506516434252262
        ],
        [
            0.13790404796600342,
            0.10129045695066452,
            0.020055510103702545
        ],
        [
            0.14376071095466614,
            0.08853162825107574,
            0.0373290479183197
        ],
        [
            0.14286381006240845,
            0.08117785304784775,
            0.062045514583587646
        ],
        [
            0.09481389820575714,
            0.10120746493339539,
            0.00031176675111055374
        ],
        [
            0.11239570379257202,
            0.09842739999294281,
            0.026660535484552383
        ],
        [
            0.12015776336193085,
            0.08426058292388916,
            0.043494317680597305
        ],
        [
            0.11868146806955338,
            0.07548660039901733,
            0.06880614906549454
        ],
        [
            0.0743047446012497,
            0.08960399031639099,
            0.01329049002379179
        ],
        [
            0.08990604430437088,
            0.09358719736337662,
            0.037295203655958176
        ],
        [
            0.09549126774072647,
            0.0819653794169426,
            0.0585513599216938
        ],
        [
            0.0902959555387497,
            0.07332725077867508,
            0.08318425714969635
        ],
        [
            0.06146729737520218,
            0.07795198261737823,
            0.026696722954511642
        ],
        [
            0.07218708842992783,
            0.0859186202287674,
            0.043127838522195816
        ],
        [
            0.07457584142684937,
            0.07870358973741531,
            0.060550861060619354
        ],
        [
            0.0742352232336998,
            0.06953305006027222,
            0.07771433144807816
        ]
    ],
    "pred_vertices": [
        [
            0.117948018014431,
            0.056650370359420776,
            0.010532252490520477
        ],
        [
            0.11785965412855148,
            0.046506088227033615,
            0.013815459795296192
        ],
        [
            0.12535668909549713,
            0.054431989789009094,
            0.013617772608995438
        ],
        [
            0.1254940629005432,
            0.06271461397409439,
            0.009749146178364754
        ],
        [
            0.13263313472270966,
            0.038128722459077835,
            0.024696314707398415
        ],
        [
            0.14129933714866638,
            0.030278153717517853,
            0.022103488445281982
        ],
        [
            0.14847534894943237,
            0.046382054686546326,
            0.020116623491048813
        ],
        [
            0.14066803455352783,
            0.05127357318997383,
            0.0235590860247612
        ],
        [
            0.13127103447914124,
            0.06824305653572083,
            0.006844211369752884
        ],
        [
            0.13146373629570007,
            0.06129791960120201,
            0.0131802037358284
        ],
        [
            0.13361427187919617,
            0.06898504495620728,
            0.0017656553536653519
        ],
        [
            0.1312018483877182,
            0.0745607241988182,
            -0.008583815768361092
        ],
        [
            0.13019242882728577,
            0.0743900015950203,
            -0.0005592377856373787
        ],
        [
            0.12865228950977325,
            0.08120420575141907,
            -0.012470011599361897
        ],
        [
            0.12832516431808472,
            0.06718043982982635,
            -0.01689506508409977
        ],
        [
            0.12220453470945358,
            0.08195781707763672,
            -0.019861258566379547
        ],
        [
            0.1009858027100563,
            0.06011035293340683,
            -0.018599344417452812
        ],
        [
            0.08868831396102905,
            0.05722128227353096,
            -0.013495896011590958
        ],
        [
            0.08633063733577728,
            0.07610293477773666,
            -0.014412667602300644
        ],
        [
            0.09966178238391876,
            0.07729440927505493,
            -0.018461141735315323
        ],
        [
            0.07155431061983109,
            0.06610018014907837,
            -0.0024993177503347397
        ],
        [
            0.07973384112119675,
            0.07230743020772934,
            -0.008911386132240295
        ],
        [
            0.08126835525035858,
            0.053744468837976456,
            -0.009410852566361427
        ],
        [
            0.07413611561059952,
            0.04911253973841667,
            -0.0034629320725798607
        ],
        [
            0.10470553487539291,
            0.048496343195438385,
            0.014467868022620678
        ],
        [
            0.10435973852872849,
            0.03779561072587967,
            0.01698628067970276
        ],
        [
            0.10895532369613647,
            0.04023018851876259,
            0.014752639457583427
        ],
        [
            0.10947581380605698,
            0.050418268889188766,
            0.012514812871813774
        ],
        [
            0.1417716145515442,
            0.06589794903993607,
            -0.0023265485651791096
        ],
        [
            0.1386009156703949,
            0.057732321321964264,
            -0.00864904373884201
        ],
        [
            0.13520067930221558,
            0.06465433537960052,
            -0.0059153614565730095
        ],
        [
            0.14004214107990265,
            0.06868795305490494,
            0.0023015630431473255
        ],
        [
            0.09917211532592773,
            0.012345150113105774,
            0.029662976041436195
        ],
        [
            0.09876646846532822,
            -0.00014351308345794678,
            0.024292081594467163
        ],
        [
            0.10392697155475616,
            0.0002566725015640259,
            0.02144565060734749
        ],
        [
            0.10293087363243103,
            0.011635124683380127,
            0.02661868929862976
        ],
        [
            0.12633442878723145,
            0.008791841566562653,
            0.018394343554973602
        ],
        [
            0.1203569620847702,
            0.0003021061420440674,
            0.01317442674189806
        ],
        [
            0.12531104683876038,
            -0.005279868841171265,
            0.0013885069638490677
        ],
        [
            0.1308450847864151,
            0.003893747925758362,
            0.0030138883739709854
        ],
        [
            0.1343652904033661,
            0.019378624856472015,
            0.02144092507660389
        ],
        [
            0.1392810046672821,
            0.013825058937072754,
            0.009438086301088333
        ],
        [
            0.14600591361522675,
            0.026028983294963837,
            0.012393543496727943
        ],
        [
            0.15191355347633362,
            0.04279954731464386,
            0.01196383498609066
        ],
        [
            0.0863880068063736,
            -0.0011855140328407288,
            0.027721425518393517
        ],
        [
            0.08508021384477615,
            0.007716700434684753,
            0.032721877098083496
        ],
        [
            0.14111138880252838,
            0.08755618333816528,
            0.01850210130214691
        ],
        [
            0.13615739345550537,
            0.08702964335680008,
            0.02204800397157669
        ],
        [
            0.13448463380336761,
            0.08678039908409119,
            0.017928339540958405
        ],
        [
            0.13938646018505096,
            0.08772902190685272,
            0.015056109987199306
        ],
        [
            0.06901208311319351,
            0.005064532160758972,
            0.019154954701662064
        ],
        [
            0.0659213736653328,
            0.005731821060180664,
            0.00953664816915989
        ],
        [
            0.06611122190952301,
            -0.001394130289554596,
            0.011183416470885277
        ],
        [
            0.07075127959251404,
            -0.002340473234653473,
            0.01937098614871502
        ],
        [
            0.0667281523346901,
            0.0148378387093544,
            0.018836718052625656
        ],
        [
            0.06629180908203125,
            0.015709660947322845,
            0.00754242530092597
        ],
        [
            0.1457713097333908,
            0.09958170354366302,
            0.0194842666387558
        ],
        [
            0.1467016339302063,
            0.09460859000682831,
            0.017939571291208267
        ],
        [
            0.1443670392036438,
            0.09673510491847992,
            0.013600524514913559
        ],
        [
            0.14236435294151306,
            0.10180293023586273,
            0.014745647087693214
        ],
        [
            0.12600453197956085,
            0.07107018679380417,
            0.005545004270970821
        ],
        [
            0.11870056390762329,
            0.06630735099315643,
            0.009294159710407257
        ],
        [
            0.12113498896360397,
            0.0851890966296196,
            0.0016820221208035946
        ],
        [
            0.11996052414178848,
            0.07930679619312286,
            0.005056614987552166
        ],
        [
            0.12550342082977295,
            0.07888546586036682,
            0.0009669945575296879
        ],
        [
            0.125890851020813,
            0.0840730369091034,
            -0.0016967980191111565
        ],
        [
            0.09976416826248169,
            0.07052081823348999,
            0.013440893962979317
        ],
        [
            0.10077594220638275,
            0.05903595685958862,
            0.014074251055717468
        ],
        [
            0.10621318966150284,
            0.061826806515455246,
            0.011471057310700417
        ],
        [
            0.10700570791959763,
            0.07453039288520813,
            0.01085756067186594
        ],
        [
            0.08968158811330795,
            0.05534866452217102,
            0.022269055247306824
        ],
        [
            0.08935006707906723,
            0.0668458342552185,
            0.020469905808568
        ],
        [
            0.0829639658331871,
            0.06323952227830887,
            0.0251876562833786
        ],
        [
            0.08481281250715256,
            0.05587314814329147,
            0.026622962206602097
        ],
        [
            0.09094545990228653,
            0.08641479164361954,
            0.014925922267138958
        ],
        [
            0.09042397141456604,
            0.09003075957298279,
            0.012099940329790115
        ],
        [
            0.08858399093151093,
            0.08748454600572586,
            0.01598958857357502
        ],
        [
            0.08847468346357346,
            0.08428756147623062,
            0.01702025532722473
        ],
        [
            0.0662735104560852,
            -0.008518174290657043,
            0.011657873168587685
        ],
        [
            0.07300224900245667,
            -0.009319081902503967,
            0.01884189434349537
        ],
        [
            0.05724112316966057,
            0.056921955198049545,
            0.0121602863073349
        ],
        [
            0.05625643953680992,
            0.05028565227985382,
            0.021579671651124954
        ],
        [
            0.052636176347732544,
            0.06415261328220367,
            0.02288151904940605
        ],
        [
            0.0539977103471756,
            0.0684090331196785,
            0.011373192071914673
        ],
        [
            0.0686928927898407,
            0.00806119292974472,
            -0.0002507306635379791
        ],
        [
            0.06655654311180115,
            0.0006410852074623108,
            0.0012880312278866768
        ],
        [
            0.1416049599647522,
            0.10335167497396469,
            0.022683028131723404
        ],
        [
            0.1381860077381134,
            0.10503453016281128,
            0.01819736510515213
        ],
        [
            0.14316047728061676,
            0.02317182719707489,
            -0.001114528626203537
        ],
        [
            0.15132054686546326,
            0.04144670441746712,
            0.002628892660140991
        ],
        [
            0.1340809464454651,
            0.010487943887710571,
            -0.005094090476632118
        ],
        [
            0.12654291093349457,
            0.0024598613381385803,
            -0.008333690464496613
        ],
        [
            0.12280160933732986,
            -0.005504682660102844,
            -0.010547066107392311
        ],
        [
            0.11421610414981842,
            0.08235540986061096,
            0.007143418770283461
        ],
        [
            0.11185069382190704,
            0.06006805971264839,
            0.010842233896255493
        ],
        [
            0.10051082074642181,
            0.04699234664440155,
            0.01689152978360653
        ],
        [
            0.07610754668712616,
            0.043764032423496246,
            0.035982728004455566
        ],
        [
            0.07780209928750992,
            0.033505186438560486,
            0.03682946413755417
        ],
        [
            0.08653740584850311,
            0.038705118000507355,
            0.03292820602655411
        ],
        [
            0.08299359679222107,
            0.04658960551023483,
            0.0324600487947464
        ],
        [
            0.05969061702489853,
            0.04968458041548729,
            0.0310723427683115
        ],
        [
            0.06691479682922363,
            0.0518915057182312,
            0.03477320820093155
        ],
        [
            0.06444074958562851,
            0.0600709468126297,
            0.033756472170352936
        ],
        [
            0.0566287562251091,
            0.06051991507411003,
            0.030501587316393852
        ],
        [
            0.1477455496788025,
            0.062341317534446716,
            -0.005237292964011431
        ],
        [
            0.14282366633415222,
            0.051463812589645386,
            -0.00964981410652399
        ],
        [
            0.07569633424282074,
            0.004939265549182892,
            0.027437500655651093
        ],
        [
            0.07883699983358383,
            -0.002031676471233368,
            0.02559559792280197
        ],
        [
            0.0797228217124939,
            -0.010071985423564911,
            0.022763263434171677
        ],
        [
            0.10327461361885071,
            0.024997040629386902,
            0.023678041994571686
        ],
        [
            0.10570400208234787,
            0.011131301522254944,
            0.024717647582292557
        ],
        [
            0.11002721637487411,
            0.012331366539001465,
            0.023633986711502075
        ],
        [
            0.10545569658279419,
            0.025778211653232574,
            0.02159503847360611
        ],
        [
            0.11889099329710007,
            0.03698664903640747,
            0.020275583490729332
        ],
        [
            0.123349130153656,
            0.02502506971359253,
            0.02464217320084572
        ],
        [
            0.12626542150974274,
            0.047723665833473206,
            0.0206492617726326
        ],
        [
            0.11109741032123566,
            -0.0009375512599945068,
            0.017649419605731964
        ],
        [
            0.10474488139152527,
            -0.009875588119029999,
            0.01943529210984707
        ],
        [
            0.11214099079370499,
            -0.009887263178825378,
            0.014425255358219147
        ],
        [
            0.09548056870698929,
            -0.010417558252811432,
            0.022717231884598732
        ],
        [
            0.08665869385004044,
            -0.010496988892555237,
            0.024227220565080643
        ],
        [
            0.06381800770759583,
            -0.007359258830547333,
            -3.42661514878273e-05
        ],
        [
            0.11810178309679031,
            -0.008937783539295197,
            0.008532701060175896
        ],
        [
            0.14614339172840118,
            0.05915416404604912,
            0.020295314490795135
        ],
        [
            0.15089626610279083,
            0.0656212791800499,
            0.017221983522176743
        ],
        [
            0.1441245973110199,
            0.06865409016609192,
            0.015465963631868362
        ],
        [
            0.1394302099943161,
            0.06309033930301666,
            0.017698612064123154
        ],
        [
            0.12705101072788239,
            0.08904390782117844,
            -0.012228216975927353
        ],
        [
            0.12842942774295807,
            0.08596102893352509,
            -0.006354033015668392
        ],
        [
            0.12980930507183075,
            0.07907689362764359,
            -0.005303350742906332
        ],
        [
            0.093838170170784,
            0.02234266698360443,
            0.032345473766326904
        ],
        [
            0.0821477472782135,
            0.0179358571767807,
            0.03504501283168793
        ],
        [
            0.11633956432342529,
            0.08736646920442581,
            0.004113512113690376
        ],
        [
            0.13898149132728577,
            0.10324739664793015,
            0.010201860219240189
        ],
        [
            0.14148639142513275,
            0.09781816601753235,
            0.008465643040835857
        ],
        [
            0.1309387981891632,
            0.09329406917095184,
            -0.0073244147934019566
        ],
        [
            0.12804576754570007,
            0.09993822127580643,
            -0.005900670774281025
        ],
        [
            0.11321207135915756,
            0.09194298833608627,
            0.005050100386142731
        ],
        [
            0.11731473356485367,
            0.08606000989675522,
            0.004037476144731045
        ],
        [
            0.11804191023111343,
            0.08576148003339767,
            0.0051744673401117325
        ],
        [
            0.1153583824634552,
            0.09042627364397049,
            0.009479808621108532
        ],
        [
            0.08161532878875732,
            0.08275960385799408,
            0.020440716296434402
        ],
        [
            0.08223066478967667,
            0.0798719972372055,
            0.021370893344283104
        ],
        [
            0.10007112473249435,
            0.09317462891340256,
            -0.012282053008675575
        ],
        [
            0.11165519803762436,
            0.09364832192659378,
            -0.020573947578668594
        ],
        [
            0.11177665740251541,
            0.07872778922319412,
            -0.023099277168512344
        ],
        [
            0.09381718933582306,
            0.06768059730529785,
            0.017071718350052834
        ],
        [
            0.09221778810024261,
            0.07773204892873764,
            0.016803452745079994
        ],
        [
            0.08883368223905563,
            0.07633443921804428,
            0.018817994743585587
        ],
        [
            0.1110483929514885,
            0.08534621447324753,
            0.008027944713830948
        ],
        [
            0.11155790090560913,
            0.09052511304616928,
            0.0060785794630646706
        ],
        [
            0.10756751894950867,
            0.089761883020401,
            0.007457091473042965
        ],
        [
            0.10682298988103867,
            0.08320837467908859,
            0.009901177138090134
        ],
        [
            0.05931658670306206,
            0.037010662257671356,
            0.02017109841108322
        ],
        [
            0.0629153698682785,
            0.03674875944852829,
            0.03146876022219658
        ],
        [
            0.1448819786310196,
            0.0903022289276123,
            0.017334967851638794
        ],
        [
            0.14300648868083954,
            0.09145306050777435,
            0.013403384946286678
        ],
        [
            0.09497727453708649,
            0.05647679790854454,
            0.01767387054860592
        ],
        [
            0.112211212515831,
            0.0624474436044693,
            -0.02036203071475029
        ],
        [
            0.09616737067699432,
            0.045429863035678864,
            0.019912585616111755
        ],
        [
            0.06765467673540115,
            0.08349968492984772,
            0.011483672074973583
        ],
        [
            0.06863081455230713,
            0.08270121365785599,
            0.020369000732898712
        ],
        [
            0.07056301087141037,
            0.08496537804603577,
            0.02265201322734356
        ],
        [
            0.07052333652973175,
            0.08806867897510529,
            0.017817720770835876
        ],
        [
            0.12429351359605789,
            0.09388917684555054,
            0.02074429579079151
        ],
        [
            0.12764132022857666,
            0.08898124098777771,
            0.019319945946335793
        ],
        [
            0.12969405949115753,
            0.08879320323467255,
            0.021441750228405
        ],
        [
            0.127080038189888,
            0.09374714642763138,
            0.023677360266447067
        ],
        [
            0.12121310085058212,
            0.08348974585533142,
            0.0006415751413442194
        ],
        [
            0.1256164163351059,
            0.08442988246679306,
            -0.002846517600119114
        ],
        [
            0.12732340395450592,
            0.082957923412323,
            -0.001299561932682991
        ],
        [
            0.12252736836671829,
            0.08360050618648529,
            0.002820841269567609
        ],
        [
            0.12821534276008606,
            0.08662474155426025,
            -0.0077935680747032166
        ],
        [
            0.1303960233926773,
            0.0869252011179924,
            -0.005677223205566406
        ],
        [
            0.12442474067211151,
            0.10038389265537262,
            0.020292893052101135
        ],
        [
            0.1290106475353241,
            0.1057107150554657,
            0.017354223877191544
        ],
        [
            0.11719661951065063,
            0.10323699563741684,
            0.003753348719328642
        ],
        [
            0.11558297276496887,
            0.09809447824954987,
            0.009951384738087654
        ],
        [
            0.07539936155080795,
            0.033695220947265625,
            -0.005724447779357433
        ],
        [
            0.0679236352443695,
            0.03061366081237793,
            0.0020655086264014244
        ],
        [
            0.0661557987332344,
            0.04591405764222145,
            0.004313929937779903
        ],
        [
            0.06288525462150574,
            0.06167967990040779,
            0.005735811777412891
        ],
        [
            0.062005288898944855,
            0.07657606899738312,
            0.007128329947590828
        ],
        [
            0.06927609443664551,
            0.0806175023317337,
            -0.0017530415207147598
        ],
        [
            0.0614423044025898,
            0.0421333834528923,
            0.01022497471421957
        ],
        [
            0.10403839498758316,
            0.09531763195991516,
            -0.003121662884950638
        ],
        [
            0.10875628888607025,
            0.0993468388915062,
            -0.006088320165872574
        ],
        [
            0.10177239775657654,
            0.09709268063306808,
            -0.007007018197327852
        ],
        [
            0.0910293236374855,
            0.04428654909133911,
            0.025281954556703568
        ],
        [
            0.1410197913646698,
            0.09239961951971054,
            0.008730661123991013
        ],
        [
            0.10624521225690842,
            0.005308501422405243,
            -0.020854037255048752
        ],
        [
            0.09287010133266449,
            0.0056013017892837524,
            -0.01942077837884426
        ],
        [
            0.09529061615467072,
            0.014076672494411469,
            -0.018970992416143417
        ],
        [
            0.11059782654047012,
            0.013714104890823364,
            -0.019731611013412476
        ],
        [
            0.13309639692306519,
            0.08643637597560883,
            0.015554905869066715
        ],
        [
            0.13796839118003845,
            0.08736496418714523,
            0.011266041547060013
        ],
        [
            0.07720953226089478,
            0.0790175199508667,
            0.0258793942630291
        ],
        [
            0.07720840722322464,
            0.08236376941204071,
            0.024464406073093414
        ],
        [
            0.07435209304094315,
            0.08186013996601105,
            0.025759641081094742
        ],
        [
            0.07271714508533478,
            0.0801611989736557,
            0.029089173302054405
        ],
        [
            0.0649380087852478,
            0.027654320001602173,
            0.006481544114649296
        ],
        [
            0.055127620697021484,
            0.07351641356945038,
            0.02813064493238926
        ],
        [
            0.05639892444014549,
            0.07681474089622498,
            0.016588503494858742
        ],
        [
            0.06959953904151917,
            0.01763184368610382,
            -0.000314418226480484
        ],
        [
            0.07569705694913864,
            0.020155712962150574,
            -0.00759885273873806
        ],
        [
            0.07530605047941208,
            0.01039595901966095,
            -0.00873181875795126
        ],
        [
            0.08133196085691452,
            0.08882883191108704,
            -0.0039334846660494804
        ],
        [
            0.08140053600072861,
            0.03796563297510147,
            -0.010490119457244873
        ],
        [
            0.0815337672829628,
            0.02326587587594986,
            -0.011595966294407845
        ],
        [
            0.0813484787940979,
            0.011731401085853577,
            -0.013091102242469788
        ],
        [
            0.08024178445339203,
            0.00350257009267807,
            -0.014384206384420395
        ],
        [
            0.0738147646188736,
            0.002865053713321686,
            -0.009361593052744865
        ],
        [
            0.13426531851291656,
            0.10572504997253418,
            0.013830583542585373
        ],
        [
            0.13245978951454163,
            0.10498052835464478,
            0.022525319829583168
        ],
        [
            0.07098621129989624,
            -0.005614422261714935,
            -0.011199910193681717
        ],
        [
            0.07873725146055222,
            -0.004599876701831818,
            -0.01627214439213276
        ],
        [
            0.08937244862318039,
            0.02599925547838211,
            -0.01572931744158268
        ],
        [
            0.09970889985561371,
            0.028763890266418457,
            -0.019410021603107452
        ],
        [
            0.08906984329223633,
            0.04011208936572075,
            -0.014308645389974117
        ],
        [
            0.09917442500591278,
            0.04413483664393425,
            -0.018156446516513824
        ],
        [
            0.08630038797855377,
            0.09097076207399368,
            -0.014279311522841454
        ],
        [
            0.1385800838470459,
            0.09694826602935791,
            0.03789599984884262
        ],
        [
            0.13192035257816315,
            0.09979338943958282,
            0.02935558184981346
        ],
        [
            0.13001851737499237,
            0.09432986378669739,
            0.02820778638124466
        ],
        [
            0.13566483557224274,
            0.0937633216381073,
            0.037462152540683746
        ],
        [
            0.12777702510356903,
            0.09966233372688293,
            0.024271756410598755
        ],
        [
            0.13582684099674225,
            0.10339232534170151,
            0.027082018554210663
        ],
        [
            0.11365483701229095,
            0.04613263159990311,
            -0.019509322941303253
        ],
        [
            0.1066732257604599,
            0.09329824894666672,
            0.0032876585610210896
        ],
        [
            0.11758563667535782,
            0.028955042362213135,
            -0.01851702854037285
        ],
        [
            0.12886404991149902,
            0.053157541900873184,
            -0.018482040613889694
        ],
        [
            0.13295678794384003,
            0.040508709847927094,
            -0.01559650618582964
        ],
        [
            0.12376479059457779,
            0.012302681803703308,
            -0.016266463324427605
        ],
        [
            0.13522274792194366,
            0.02446257323026657,
            -0.01294594444334507
        ],
        [
            0.11500035971403122,
            -0.003467366099357605,
            -0.018337637186050415
        ],
        [
            0.11785174906253815,
            0.004827931523323059,
            -0.01755537837743759
        ],
        [
            0.1442863941192627,
            0.03751537948846817,
            -0.008028071373701096
        ],
        [
            0.14178164303302765,
            0.0843888595700264,
            0.028330381959676743
        ],
        [
