{
    "pred_cam": [
        11.74844741821289,
        0.10774625092744827,
        -0.039280541241168976
    ],
    "pred_mano_params": {
        "global_orient": [
            [
                [
                    -0.33059200644493103,
                    0.17744594812393188,
                    -0.9269422292709351
                ],
                [
                    -0.28931596875190735,
                    -0.9539325833320618,
                    -0.07942881435155869
                ],
                [
                    -0.8983346819877625,
                    0.24192066490650177,
                    0.3667004406452179
                ]
            ]
        ],
        "hand_pose": [
            [
                [
                    0.836621105670929,
                    -0.4856968820095062,
                    -0.2533053159713745
                ],
                [
                    0.4949074685573578,
                    0.8684091567993164,
                    -0.030530501157045364
                ],
                [
                    0.23480121791362762,
                    -0.09982023388147354,
                    0.9669044613838196
                ]
            ],
            [
                [
                    0.3922920525074005,
                    -0.8618627190589905,
                    0.32140251994132996
                ],
                [
                    0.9087458848953247,
                    0.30902642011642456,
                    -0.28050607442855835
                ],
                [
                    0.14243586361408234,
                    0.4021134674549103,
                    0.9044428467750549
                ]
            ],
            [
                [
                    0.9070991277694702,
                    -0.3830609619617462,
                    0.17445768415927887
                ],
                [
                    0.3623226284980774,
                    0.9215463995933533,
                    0.13955159485340118
                ],
                [
                    -0.2142276018857956,
                    -0.06337716430425644,
                    0.974725604057312
                ]
            ],
            [
                [
                    0.5238052606582642,
                    -0.8387165069580078,
                    -0.1489383429288864
                ],
                [
                    0.8381989598274231,
                    0.4763167202472687,
                    0.2656027376651764
                ],
                [
                    -0.15182358026504517,
                    -0.26396411657333374,
                    0.9525084495544434
                ]
            ],
            [
                [
                    0.7795264720916748,
                    -0.6065128445625305,
                    -0.15646246075630188
                ],
                [
                    0.6257346272468567,
                    0.7652916312217712,
                    0.15094679594039917
                ],
                [
                    0.028188230469822884,
                    -0.21557101607322693,
                    0.9760811924934387
                ]
            ],
            [
                [
                    0.8240731954574585,
                    -0.5662402510643005,
                    0.016595397144556046
                ],
                [
                    0.5650444030761719,
                    0.8237137794494629,
                    0.04712151736021042
                ],
                [
                    -0.04035195708274841,
                    -0.029454439878463745,
                    0.9987513422966003
                ]
            ],
            [
                [
                    0.1025509238243103,
                    -0.9474302530288696,
                    -0.3030829131603241
                ],
                [
                    0.7351238131523132,
                    -0.13308046758174896,
                    0.6647425293922424
                ],
                [
                    -0.6701315641403198,
                    -0.290973424911499,
                    0.6828310489654541
                ]
            ],
            [
                [
                    0.5728933811187744,
                    -0.8186831474304199,
                    -0.03938518092036247
                ],
                [
                    0.658568263053894,
                    0.43117883801460266,
                    0.6167435646057129
                ],
                [
                    -0.4879354238510132,
                    -0.37926608324050903,
                    0.7861782908439636
                ]
            ],
            [
                [
                    0.9313662648200989,
                    -0.36402997374534607,
                    -0.0062625049613416195
                ],
                [
                    0.24508029222488403,
                    0.614129364490509,
                    0.7501872777938843
                ],
                [
                    -0.26924458146095276,
                    -0.7002338171005249,
                    0.6611959338188171
                ]
            ],
            [
                [
                    0.017924703657627106,
                    -0.9987784028053284,
                    0.04604730382561684
                ],
                [
                    0.9109125137329102,
                    0.03530042991042137,
                    0.4110865890979767
                ],
                [
                    -0.4122099280357361,
                    0.03457644581794739,
                    0.9104325175285339
                ]
            ],
            [
                [
                    0.6311115622520447,
                    -0.7710320353507996,
                    -0.08489850908517838
                ],
                [
                    0.6578908562660217,
                    0.47406765818595886,
                    0.585183322429657
                ],
                [
                    -0.41094744205474854,
                    -0.4251699149608612,
                    0.8064444661140442
                ]
            ],
            [
                [
                    0.7547933459281921,
                    -0.6558674573898315,
                    -0.011175243183970451
                ],
                [
                    0.634860634803772,
                    0.7261195778846741,
                    0.2640121281147003
                ],
                [
                    -0.16504240036010742,
                    -0.2063693255186081,
                    0.9644546508789062
                ]
            ],
            [
                [
                    0.9554715752601624,
                    -0.07361605018377304,
                    -0.28575289249420166
                ],
                [
                    -0.19669604301452637,
                    0.5629748106002808,
                    -0.8027265667915344
                ],
                [
                    0.21996524930000305,
                    0.8231889009475708,
                    0.5234264731407166
                ]
            ],
            [
                [
                    0.9908415675163269,
                    -0.060836900025606155,
                    -0.12054809927940369
                ],
                [
                    0.12308070808649063,
                    0.7740855813026428,
                    0.6210014224052429
                ],
                [
                    0.055534735321998596,
                    -0.6301512122154236,
                    0.7744840383529663
                ]
            ],
            [
                [
                    0.950542688369751,
                    -0.17282070219516754,
                    -0.25807318091392517
                ],
                [
                    0.03595207259058952,
                    0.8865378499031067,
                    -0.4612572193145752
                ],
                [
                    0.3085063695907593,
                    0.42916634678840637,
                    0.8489053249359131
                ]
            ]
        ],
        "betas": [
            -0.17615705728530884,
            -0.02604183554649353,
            0.024318218231201172,
            -0.0023722946643829346,
            -0.013421177864074707,
            0.040857307612895966,
            -0.021478205919265747,
            -0.057550638914108276,
            -0.04158136248588562,
            -0.1004658043384552
        ]
    },
    "pred_cam_t": [
        -0.10774625092744827,
        -0.039280541241168976,
        3.3249073028564453
    ],
    "focal_length": [
        5000.0,
        5000.0
    ],
    "pred_keypoints_3d": [
        [
            0.09649236500263214,
            0.00645675091072917,
            0.006241895258426666
        ],
        [
            0.07750510424375534,
            0.026427242904901505,
            0.03382087126374245
        ],
        [
            0.075037881731987,
            0.047292567789554596,
            0.05668194591999054
        ],
        [
            0.0796109065413475,
            0.05954797565937042,
            0.08063390851020813
        ],
        [
            0.09378889948129654,
            0.08031174540519714,
            0.10566103458404541
        ],
        [
            0.10554923862218857,
            0.035476204007864,
            0.09251850098371506
        ],
        [
            0.11871349066495895,
            0.05691196769475937,
            0.1142088919878006
        ],
        [
            0.1165870651602745,
            0.07644623517990112,
            0.10359503328800201
        ],
        [
            0.10847677290439606,
            0.09320679306983948,
            0.08731502294540405
        ],
        [
            0.13094788789749146,
            0.035739168524742126,
            0.09048492461442947
        ],
        [
            0.13286541402339935,
            0.06648560613393784,
            0.09896830469369888
        ],
        [
            0.1246059238910675,
            0.08631154894828796,
            0.08961265534162521
        ],
        [
            0.10992572456598282,
            0.10055509209632874,
            0.07409367710351944
        ],
        [
            0.14805804193019867,
            0.03623529523611069,
            0.06951545178890228
        ],
        [
            0.13737012445926666,
            0.06327591836452484,
            0.06791042536497116
        ],
        [
            0.12066201120615005,
            0.06685475260019302,
            0.04966120421886444
        ],
        [
            0.104143887758255,
            0.05689176172018051,
            0.033292971551418304
        ],
        [
            0.15813879668712616,
            0.0395955890417099,
            0.05016335844993591
        ],
        [
            0.1510108858346939,
            0.058786824345588684,
            0.044315870851278305
        ],
        [
            0.13551872968673706,
            0.05706615373492241,
            0.033266037702560425
        ],
        [
            0.11993430554866791,
            0.04305047169327736,
            0.028223799541592598
        ]
    ],
    "pred_vertices": [
        [
            0.09573139250278473,
            0.035953670740127563,
            0.05282686650753021
        ],
        [
            0.09312280267477036,
            0.03441900759935379,
            0.04202687740325928
        ],
        [
            0.09095097333192825,
            0.04054318368434906,
            0.049435295164585114
        ],
        [
            0.09168120473623276,
            0.040326498448848724,
            0.05958746746182442
        ],
        [
            0.08235087990760803,
            0.04676198959350586,
            0.030910372734069824
        ],
        [
            0.07098627090454102,
            0.045603204518556595,
            0.027800649404525757
        ],
        [
            0.07239416241645813,
            0.05433240905404091,
            0.04267914593219757
        ],
        [
            0.0821189135313034,
            0.05530187487602234,
            0.04321907088160515
        ],
        [
            0.08915337920188904,
            0.04243757948279381,
            0.06624144315719604
        ],
        [
            0.08938239514827728,
            0.045809727162122726,
            0.05617853254079819
        ],
        [
            0.08743405342102051,
            0.039656441658735275,
            0.06913089752197266
        ],
        [
            0.0872197151184082,
            0.03146451711654663,
            0.07962502539157867
        ],
        [
            0.08938800543546677,
            0.03757244348526001,
            0.07582107186317444
        ],
        [
            0.09042686969041824,
            0.029217727482318878,
            0.08706825971603394
        ],
        [
            0.0849125012755394,
            0.02089991606771946,
            0.07669951021671295
        ],
        [
            0.09473228454589844,
            0.02058824896812439,
            0.08824778348207474
        ],
        [
            0.10640385746955872,
            0.006189186125993729,
            0.06499049067497253
        ],
        [
            0.11778130382299423,
            0.0054849907755851746,
            0.05714176222681999
        ],
        [
            0.12616029381752014,
            0.010893527418375015,
            0.07251438498497009
        ],
        [
            0.11332692950963974,
            0.012041907757520676,
            0.0783693939447403
        ],
        [
            0.13922621309757233,
            0.012727692723274231,
            0.05577760934829712
        ],
        [
            0.13242295384407043,
            0.012077394872903824,
            0.06571877002716064
        ],
        [
            0.12426981329917908,
            0.005347728729248047,
            0.05056680366396904
        ],
        [
            0.13038446009159088,
            0.006511937826871872,
            0.042228132486343384
        ],
        [
            0.10531660914421082,
            0.032061852514743805,
            0.041058771312236786
        ],
        [
            0.10199377685785294,
            0.029923535883426666,
            0.030696861445903778
        ],
        [
            0.09817992150783539,
            0.029942702502012253,
            0.03487790748476982
        ],
        [
            0.10124807059764862,
            0.03252062574028969,
            0.04476726055145264
        ],
        [
            0.07975956052541733,
            0.03985189273953438,
            0.06949107348918915
        ],
        [
            0.07528533041477203,
            0.029638802632689476,
            0.06628024578094482
        ],
        [
            0.08192352950572968,
            0.03259596601128578,
            0.06977973878383636
        ],
        [
            0.08413676172494888,
            0.043579377233982086,
            0.0689031183719635
        ],
        [
            0.10004232823848724,
            0.03043687716126442,
            0.0014541149139404297
        ],
        [
            0.09490026533603668,
            0.020821280777454376,
            -0.006924159824848175
        ],
        [
            0.08971918374300003,
            0.020043838769197464,
            -0.0039713382720947266
        ],
        [
            0.09561014920473099,
            0.028519779443740845,
            0.0032453909516334534
        ],
        [
            0.07275829464197159,
            0.027660321444272995,
            0.009742863476276398
        ],
        [
            0.07308201491832733,
            0.01795671135187149,
            0.003937520086765289
        ],
        [
            0.0643894225358963,
            0.007671108469367027,
            0.005796328186988831
        ],
        [
            0.06332115083932877,
            0.014943184331059456,
            0.014072820544242859
        ],
        [
            0.07139429450035095,
            0.03746215999126434,
            0.01844281703233719
        ],
        [
            0.06168942153453827,
            0.027733735740184784,
            0.021147221326828003
        ],
        [
            0.06222987174987793,
            0.03851080313324928,
            0.030628688633441925
        ],
        [
            0.0655025914311409,
            0.04812408983707428,
            0.045207198709249496
        ],
        [
            0.10657525807619095,
            0.01945933885872364,
            -0.012466922402381897
        ],
        [
            0.11197444796562195,
            0.026846837252378464,
            -0.007433705031871796
        ],
        [
            0.10822083055973053,
            0.06033754348754883,
            0.10306861996650696
        ],
        [
            0.11348534375429153,
            0.06105160713195801,
            0.0995863825082779
        ],
        [
            0.1121334657073021,
            0.05956998094916344,
            0.09952042251825333
        ],
        [
            0.10764189809560776,
            0.05907980352640152,
            0.10309117287397385
        ],
        [
            0.12333011627197266,
            0.008580770343542099,
            -0.007540181279182434
        ],
        [
            0.12455810606479645,
            -0.0006218515336513519,
            -0.0033470839262008667
        ],
        [
            0.12205501645803452,
            -0.0017452873289585114,
            -0.010196134448051453
        ],
        [
            0.11901282519102097,
            0.006603945046663284,
            -0.013583093881607056
        ],
        [
            0.12904472649097443,
            0.011114191263914108,
            0.00042525678873062134
        ],
        [
            0.12752796709537506,
            0.0014029331505298615,
            0.006241045892238617
        ],
        [
            0.11165301501750946,
            0.0600491538643837,
            0.115788035094738
        ],
        [
            0.10767852514982224,
            0.06066969782114029,
            0.11215201020240784
        ],
        [
            0.10783214867115021,
            0.05657926946878433,
            0.112940713763237
        ],
        [
            0.11211485415697098,
            0.05449465662240982,
            0.1156344935297966
        ],
        [
            0.09266764670610428,
            0.03991226851940155,
            0.06955759972333908
        ],
        [
            0.09809410572052002,
            0.038779642432928085,
            0.06213363632559776
        ],
        [
            0.09985842555761337,
            0.04331522434949875,
            0.08465851098299026
        ],
        [
            0.10042089223861694,
            0.04068944603204727,
            0.07582296431064606
        ],
        [
            0.09407707303762436,
            0.039254628121852875,
            0.07870295643806458
        ],
        [
            0.09460411220788956,
            0.0403105653822422,
            0.08633521944284439
        ],
        [
            0.1176912859082222,
            0.037733327597379684,
            0.05936693400144577
        ],
        [
            0.11272523552179337,
            0.03434033691883087,
            0.04935469105839729
        ],
        [
            0.10824263095855713,
            0.03490598499774933,
            0.05430515483021736
        ],
        [
            0.11202890425920486,
            0.0393943265080452,
            0.06586594879627228
        ],
        [
            0.12306506186723709,
            0.03647814318537712,
            0.03963660076260567
        ],
        [
            0.12719640135765076,
            0.03895621746778488,
            0.05033542960882187
        ],
        [
            0.13241539895534515,
            0.03962535783648491,
            0.04337110370397568
        ],
        [
            0.1284482628107071,
            0.038893844932317734,
            0.03685746714472771
        ],
        [
            0.13120043277740479,
            0.0427277646958828,
            0.06981955468654633
        ],
        [
            0.13223668932914734,
            0.043812304735183716,
            0.07476095855236053
        ],
        [
            0.13402117788791656,
            0.04279563948512077,
            0.07170692831277847
        ],
        [
            0.13347427546977997,
            0.04236765205860138,
            0.06699547171592712
        ],
        [
            0.1193666085600853,
            -0.003913138061761856,
            -0.016520582139492035
        ],
        [
            0.11427181959152222,
            0.00429120659828186,
            -0.018828563392162323
        ],
        [
            0.15169750154018402,
            0.01797252520918846,
            0.0375957190990448
        ],
        [
            0.15133656561374664,
            0.023372327908873558,
            0.02736596018075943
        ],
        [
            0.1586814969778061,
            0.02972620353102684,
            0.03672986105084419
        ],
        [
            0.1584608107805252,
            0.02130923792719841,
            0.046519286930561066
        ],
        [
            0.1209852322936058,
            -0.007440682500600815,
            0.003801599144935608
        ],
        [
            0.12050393223762512,
            -0.0095234215259552,
            -0.003824487328529358
        ],
        [
            0.1182020753622055,
            0.05940644070506096,
            0.11654648184776306
        ],
        [
            0.11836808919906616,
            0.053779080510139465,
            0.11579417437314987
        ],
        [
            0.05920504778623581,
            0.024779777973890305,
            0.03529592603445053
        ],
        [
            0.06222430616617203,
            0.03972713649272919,
            0.04930231720209122
        ],
        [
            0.060627665370702744,
            0.011893147602677345,
            0.02478819340467453
        ],
        [
            0.06378258764743805,
            0.0026876963675022125,
            0.01765446364879608
        ],
        [
            0.06416590511798859,
            -0.0036842674016952515,
            0.010752178728580475
        ],
        [
            0.10685025155544281,
            0.04218181222677231,
            0.07608376443386078
        ],
        [
            0.10232273489236832,
            0.035527072846889496,
            0.05442212522029877
        ],
        [
            0.10909144580364227,
            0.03229844197630882,
            0.03760053589940071
        ],
        [
            0.1337614208459854,
            0.03992421180009842,
            0.019946228712797165
        ],
        [
            0.12877924740314484,
            0.03753063827753067,
            0.01117948442697525
        ],
        [
            0.1219179779291153,
            0.03887055441737175,
            0.019605085253715515
        ],
        [
            0.12784145772457123,
            0.04010871797800064,
            0.025719191879034042
        ],
        [
            0.14953717589378357,
            0.03262604773044586,
            0.023125536739826202
        ],
        [
            0.14441010355949402,
            0.038871776312589645,
            0.024948954582214355
        ],
        [
            0.14797425270080566,
            0.04049941152334213,
            0.031206130981445312
        ],
        [
            0.15457835793495178,
            0.035833634436130524,
            0.03111516311764717
        ],
        [
            0.07242655009031296,
            0.03973199799656868,
            0.06960351020097733
        ],
        [
            0.06904707849025726,
            0.028729308396577835,
            0.06268228590488434
        ],
        [
            0.11866671591997147,
            0.01803276129066944,
            -0.009731441736221313
        ],
        [
            0.11285365372896194,
            0.014834530651569366,
            -0.014128260314464569
        ],
        [
            0.10853338241577148,
            0.009631026536226273,
            -0.01957414299249649
        ],
        [
            0.09951268136501312,
            0.030711209401488304,
            0.016319386661052704
        ],
        [
            0.09243862330913544,
            0.027338091284036636,
            0.004426084458827972
        ],
        [
            0.08880254626274109,
            0.027823664247989655,
            0.006981655955314636
        ],
        [
            0.0972820520401001,
            0.029350562021136284,
            0.018538720905780792
        ],
        [
            0.09065553545951843,
            0.03597293049097061,
            0.03043574094772339
        ],
        [
            0.08333460986614227,
            0.03729679062962532,
            0.019297920167446136
        ],
        [
            0.09044202417135239,
            0.0440765842795372,
            0.03939894214272499
        ],
        [
            0.08197647333145142,
            0.018385078758001328,
            -0.0013917386531829834
        ],
        [
            0.08492015302181244,
            0.014754919335246086,
            -0.0115867480635643
        ],
        [
            0.07719534635543823,
            0.012698842212557793,
            -0.007401511073112488
        ],
        [
            0.09386738389730453,
            0.014493383467197418,
            -0.015877127647399902
        ],
        [
            0.10224433243274689,
            0.012988019734621048,
            -0.018848225474357605
        ],
        [
            0.11982110142707825,
            -0.01453491672873497,
            -0.01082359254360199
        ],
        [
            0.07094864547252655,
            0.009942600503563881,
            -0.002418726682662964
        ],
        [
            0.08118559420108795,
            0.05827794969081879,
            0.05242475867271423
        ],
        [
            0.0801200121641159,
            0.06034101918339729,
            0.06058577448129654
        ],
        [
            0.0864335149526596,
            0.05654861032962799,
            0.06231618672609329
        ],
        [
            0.08752615749835968,
            0.05450861528515816,
            0.05575276538729668
        ],
        [
            0.09512539952993393,
            0.030025692656636238,
            0.09526638686656952
        ],
        [
            0.09305395931005478,
            0.03664446622133255,
            0.0911332368850708
        ],
        [
            0.08957783132791519,
            0.03519228473305702,
            0.08265820145606995
        ],
        [
            0.1091582328081131,
            0.03477613627910614,
            0.007529012858867645
        ],
        [
            0.11885693669319153,
            0.03171232342720032,
            -0.00040140002965927124
        ],
        [
            0.10627281665802002,
            0.04473830386996269,
            0.08495333045721054
        ],
        [
            0.11164540797472,
            0.05033089220523834,
            0.11563273519277573
        ],
        [
            0.10646362602710724,
            0.05274484306573868,
            0.11334837228059769
        ],
        [
            0.10095620155334473,
            0.03984861820936203,
            0.10556790232658386
        ],
        [
            0.10675245523452759,
            0.03666362538933754,
            0.1080935001373291
        ],
        [
            0.11481843888759613,
            0.04393422231078148,
            0.09088349342346191
        ],
        [
            0.10842583328485489,
            0.04617662355303764,
            0.08853505551815033
        ],
        [
            0.11021990329027176,
            0.0466470941901207,
            0.08995731920003891
        ],
        [
            0.11685754358768463,
            0.046479783952236176,
            0.09123953431844711
        ],
        [
            0.13873587548732758,
            0.04227238893508911,
            0.06321956217288971
        ],
        [
            0.13796231150627136,
            0.04254792258143425,
            0.059434182941913605
        ],
        [
            0.11997963488101959,
            0.021441081538796425,
            0.08948135375976562
        ],
        [
            0.10770848393440247,
            0.017300263047218323,
            0.09468075633049011
        ],
        [
            0.1022496223449707,
            0.013302164152264595,
            0.08411309123039246
        ],
        [
            0.12279291450977325,
            0.03786621242761612,
            0.053750284016132355
        ],
        [
            0.12777522206306458,
            0.04093123972415924,
            0.062133122235536575
        ],
        [
            0.13073955476284027,
            0.04091624170541763,
            0.05919061601161957
        ],
        [
            0.11127246916294098,
            0.04284421727061272,
            0.07777054607868195
        ],
        [
            0.11247275024652481,
            0.044448964297771454,
            0.08467891067266464
        ],
        [
            0.11605935543775558,
            0.04263684153556824,
            0.08091038465499878
        ],
        [
            0.11516986042261124,
            0.04178586229681969,
            0.0739065557718277
        ],
        [
            0.1440839171409607,
            0.017976099625229836,
            0.017278820276260376
        ],
        [
            0.14266958832740784,
            0.028987953439354897,
            0.012739278376102448
        ],
        [
            0.1062966138124466,
            0.060506731271743774,
            0.10755816847085953
        ],
        [
            0.10597998648881912,
            0.05815970152616501,
            0.10813672095537186
        ],
        [
            0.11776422709226608,
            0.034629229456186295,
            0.04405089095234871
        ],
        [
            0.0966370701789856,
            0.009789519011974335,
            0.0705544501543045
        ],
        [
            0.11307961493730545,
            0.03297682851552963,
            0.0337798036634922
        ],
        [
            0.1518622785806656,
            0.03087790682911873,
            0.06275321543216705
        ],
        [
            0.15124492347240448,
            0.03907309100031853,
            0.05851549655199051
        ],
        [
            0.14999841153621674,
            0.041730087250471115,
            0.05976948142051697
        ],
        [
            0.15124854445457458,
            0.03869473189115524,
            0.06435510516166687
        ],
        [
            0.12240159511566162,
            0.05550279840826988,
            0.09839484095573425
        ],
        [
            0.11721963435411453,
            0.05863211303949356,
            0.09748261421918869
        ],
        [
            0.11830446124076843,
            0.058939866721630096,
            0.09792560338973999
        ],
        [
            0.1238970085978508,
            0.05745581537485123,
            0.10001177340745926
        ],
        [
            0.10255977511405945,
            0.04575473070144653,
            0.08946074545383453
        ],
        [
            0.09723193943500519,
            0.04333081841468811,
            0.09203723073005676
        ],
        [
            0.10025202482938766,
            0.0468643419444561,
            0.09532853215932846
        ],
        [
            0.10544078052043915,
            0.04762856662273407,
            0.0921049565076828
        ],
        [
            0.09625887870788574,
            0.03936188295483589,
            0.09716194123029709
        ],
        [
            0.09867563843727112,
            0.04332037270069122,
            0.10064365714788437
        ],
        [
            0.12544389069080353,
            0.05202331393957138,
            0.10307827591896057
        ],
        [
            0.12347172945737839,
            0.049738869071006775,
            0.11041683703660965
        ],
        [
            0.12008640170097351,
            0.03716281056404114,
            0.10210375487804413
        ],
        [
            0.12133719772100449,
            0.04293784499168396,
            0.0966590940952301
        ],
        [
            0.12316561490297318,
            -0.0007234513759613037,
            0.03018474578857422
        ],
        [
            0.13043957948684692,
            0.0025358647108078003,
            0.022136550396680832
        ],
        [
            0.13813191652297974,
            0.009536337107419968,
            0.034007612615823746
        ],
        [
            0.1471092253923416,
            0.015801267698407173,
            0.04618070647120476
        ],
        [
            0.15367718040943146,
            0.02285836823284626,
            0.05775142461061478
        ],
        [
            0.14708738029003143,
            0.017969733104109764,
            0.06711173057556152
        ],
        [
            0.1421683132648468,
            0.01184576004743576,
            0.026862189173698425
        ],
        [
            0.11957177519798279,
            0.03494871035218239,
            0.09103404730558395
        ],
        [
            0.11727811396121979,
            0.028397537767887115,
            0.0957999974489212
        ],
        [
            0.12119784951210022,
            0.028934316709637642,
            0.09197800606489182
        ],
        [
            0.11839050054550171,
            0.035614531487226486,
            0.029044844210147858
        ],
        [
            0.10424430668354034,
            0.05556353181600571,
            0.10924140363931656
        ],
        [
            0.08138035237789154,
            -0.014317400753498077,
            0.020511016249656677
        ],
        [
            0.09421937167644501,
            -0.01743748039007187,
            0.016545146703720093
        ],
        [
            0.09510461986064911,
            -0.013127155601978302,
            0.024253934621810913
        ],
        [
            0.08040672540664673,
            -0.008624434471130371,
            0.028545036911964417
        ],
        [
            0.11026553809642792,
            0.05996678024530411,
            0.09975497424602509
        ],
        [
            0.10528561472892761,
            0.058432258665561676,
            0.10369186848402023
        ],
        [
            0.14225219190120697,
            0.04483751952648163,
            0.05514368414878845
        ],
        [
            0.14282429218292236,
            0.044377606362104416,
            0.05928881838917732
        ],
        [
            0.14500856399536133,
            0.04428638145327568,
            0.05726824700832367
        ],
        [
            0.14632795751094818,
            0.046287521719932556,
            0.05348357558250427
        ],
        [
            0.13297943770885468,
            0.004367813467979431,
            0.01680433750152588
        ],
        [
            0.16030080616474152,
            0.038859713822603226,
            0.039662327617406845
        ],
        [
            0.160369873046875,
            0.03128902614116669,
            0.04989653080701828
        ],
        [
            0.12364502251148224,
            -0.0036952123045921326,
            0.012349866330623627
        ],
        [
            0.11756186187267303,
            -0.007213570177555084,
            0.019359521567821503
        ],
        [
            0.11412349343299866,
            -0.011897604912519455,
            0.011325441300868988
        ],
        [
            0.13811343908309937,
            0.022198645398020744,
            0.07825250178575516
        ],
        [
            0.11825230717658997,
            -0.0013692118227481842,
            0.03749680891633034
        ],
        [
            0.11255408823490143,
            -0.00769013911485672,
            0.025307416915893555
        ],
        [
            0.10822680592536926,
            -0.01330094039440155,
            0.015992529690265656
        ],
        [
            0.10600370168685913,
            -0.01779160648584366,
            0.009181834757328033
        ],
        [
            0.11263874173164368,
            -0.015703115612268448,
            0.004742436110973358
        ],
        [
            0.11790969967842102,
            0.04940935969352722,
            0.11408364772796631
        ],
        [
            0.12515953183174133,
            0.05464773625135422,
            0.11240756511688232
        ],
        [
            0.11179594695568085,
            -0.021364375948905945,
            -0.0024586841464042664
        ],
        [
            0.10407478362321854,
            -0.02291795238852501,
            0.0026532113552093506
        ],
        [
            0.10556145012378693,
            -0.007838323712348938,
            0.03150557726621628
        ],
        [
            0.09610944986343384,
            -0.006536949425935745,
            0.0384097546339035
        ],
        [
            0.11117690801620483,
            -0.0014547333121299744,
            0.04295486956834793
        ],
        [
            0.10249365121126175,
            -2.0675361156463623e-06,
            0.05078160762786865
        ],
        [
            0.1314179003238678,
            0.015160944312810898,
            0.08457954972982407
        ],
        [
            0.12518814206123352,
            0.07302039861679077,
            0.10698622465133667
        ],
        [
            0.127332866191864,
            0.06170119345188141,
            0.1072668582201004
        ],
        [
            0.1250303089618683,
            0.061223819851875305,
            0.10166527330875397
        ],
        [
            0.1252901405096054,
            0.07197188585996628,
            0.10274457931518555
        ],
        [
            0.1266757994890213,
            0.055910930037498474,
            0.1049826368689537
        ],
        [
            0.1250530481338501,
            0.060515984892845154,
            0.11282876878976822
        ],
        [
            0.08941300213336945,
            0.004995357245206833,
            0.05707762762904167
        ],
        [
            0.11740081757307053,
            0.042643606662750244,
            0.08663718402385712
        ],
        [
            0.07943597435951233,
            0.0010608099400997162,
            0.043353356420993805
        ],
        [
            0.0786767527461052,
            0.014838572591543198,
            0.06611482799053192
        ],
        [
            0.07087872922420502,
            0.014564307406544685,
            0.055284418165683746
        ],
        [
            0.06791795790195465,
            -0.0009669661521911621,
            0.029379233717918396
        ],
        [
            0.06310603022575378,
            0.011767501011490822,
            0.04108775034546852
        ],
        [
            0.070547915995121,
            -0.012381419539451599,
            0.014075398445129395
        ],
        [
            0.0708332359790802,
            -0.007468026131391525,
            0.021812327206134796
        ],
        [
            0.062467437237501144,
            0.02593022771179676,
            0.050882212817668915
        ],
        [
            0.11023400723934174,
            0.06852113455533981,
            0.10004015266895294
        ],
        [
            0.11601291596889496,
            0.06841155886650085,
            0.09764288365840912
