{
    "pred_cam": [
        15.890463829040527,
        -0.06474800407886505,
        -0.056023187935352325
    ],
    "pred_mano_params": {
        "global_orient": [
            [
                [
                    0.6974567770957947,
                    0.043188851326704025,
                    -0.7153242826461792
                ],
                [
                    -0.33377736806869507,
                    -0.8637240529060364,
                    -0.3775889575481415
                ],
                [
                    -0.6341504454612732,
                    0.50211101770401,
                    -0.5879947543144226
                ]
            ]
        ],
        "hand_pose": [
            [
                [
                    0.20697353780269623,
                    -0.9588228464126587,
                    -0.19447554647922516
                ],
                [
                    0.9619109034538269,
                    0.2357185333967209,
                    -0.1384347826242447
                ],
                [
                    0.17857591807842255,
                    -0.1584158092737198,
                    0.9710896015167236
                ]
            ],
            [
                [
                    -0.035514023154973984,
                    -0.9543759822845459,
                    0.2964879870414734
                ],
                [
                    0.995557963848114,
                    -0.05967089161276817,
                    -0.07282665371894836
                ],
                [
                    0.0871957316994667,
                    0.2925845980644226,
                    0.9522557258605957
                ]
            ],
            [
                [
                    0.783772349357605,
                    -0.5920612215995789,
                    0.18752188980579376
                ],
                [
                    0.6053654551506042,
                    0.795748770236969,
                    -0.017793972045183182
                ],
                [
                    -0.1386851817369461,
                    0.12746569514274597,
                    0.9820992946624756
                ]
            ],
            [
                [
                    -0.027669107541441917,
                    -0.9507785439491272,
                    -0.30863362550735474
                ],
                [
                    0.997947096824646,
                    -0.008433395065367222,
                    -0.06348636746406555
                ],
                [
                    0.0577586404979229,
                    -0.30975663661956787,
                    0.9490600228309631
                ]
            ],
            [
                [
                    0.2943800091743469,
                    -0.8848366141319275,
                    -0.36111584305763245
                ],
                [
                    0.9503613114356995,
                    0.31087708473205566,
                    0.012992966920137405
                ],
                [
                    0.10076598078012466,
                    -0.3470154106616974,
                    0.9324305057525635
                ]
            ],
            [
                [
                    0.8034145832061768,
                    -0.5883183479309082,
                    -0.09168719500303268
                ],
                [
                    0.5917433500289917,
                    0.8060163855552673,
                    0.013317064382135868
                ],
                [
                    0.06606671214103699,
                    -0.06495441496372223,
                    0.9956988096237183
                ]
            ],
            [
                [
                    0.20541197061538696,
                    -0.9714638590812683,
                    0.11859153211116791
                ],
                [
                    0.9369205236434937,
                    0.23021632432937622,
                    0.26302170753479004
                ],
                [
                    -0.2828177809715271,
                    0.05708303302526474,
                    0.957473635673523
                ]
            ],
            [
                [
                    0.3233664035797119,
                    -0.8720758557319641,
                    -0.3673115670681
                ],
                [
                    0.6555308699607849,
                    -0.0734899714589119,
                    0.7515839338302612
                ],
                [
                    -0.6824319958686829,
                    -0.4838210940361023,
                    0.5479084253311157
                ]
            ],
            [
                [
                    0.8082855939865112,
                    -0.5887815356254578,
                    0.0032581950072199106
                ],
                [
                    0.5265257954597473,
                    0.725274920463562,
                    0.44356149435043335
                ],
                [
                    -0.2635239064693451,
                    -0.3568089008331299,
                    0.8962379693984985
                ]
            ],
            [
                [
                    0.43781694769859314,
                    -0.890278160572052,
                    0.12538401782512665
                ],
                [
                    0.8950432538986206,
                    0.4447743892669678,
                    0.032762639224529266
                ],
                [
                    -0.08493547141551971,
                    0.09788007289171219,
                    0.9915671944618225
                ]
            ],
            [
                [
                    0.739972710609436,
                    -0.6517988443374634,
                    -0.16612856090068817
                ],
                [
                    0.6152536869049072,
                    0.556057333946228,
                    0.5588052272796631
                ],
                [
                    -0.2718515694141388,
                    -0.5157118439674377,
                    0.812488853931427
                ]
            ],
            [
                [
                    0.8225522637367249,
                    -0.5550347566604614,
                    -0.12387171387672424
                ],
                [
                    0.5675563216209412,
                    0.7874581813812256,
                    0.24039411544799805
                ],
                [
                    -0.03588328883051872,
                    -0.26804089546203613,
                    0.9627389907836914
                ]
            ],
            [
                [
                    0.8326109647750854,
                    0.55376136302948,
                    -0.010361230932176113
                ],
                [
                    -0.5399677753448486,
                    0.8074240684509277,
                    -0.23769992589950562
                ],
                [
                    -0.12326312065124512,
                    0.20350629091262817,
                    0.9712834358215332
                ]
            ],
            [
                [
                    0.8280413746833801,
                    -0.46508294343948364,
                    -0.3131219744682312
                ],
                [
                    0.424919992685318,
                    0.8849183917045593,
                    -0.1906895786523819
                ],
                [
                    0.3657738268375397,
                    0.02484707534313202,
                    0.9303720593452454
                ]
            ],
            [
                [
                    0.3458263576030731,
                    -0.9369277358055115,
                    -0.05070080980658531
                ],
                [
                    0.4076324999332428,
                    0.19868989288806915,
                    -0.8912676572799683
                ],
                [
                    0.8451271057128906,
                    0.28755658864974976,
                    0.4506343901157379
                ]
            ]
        ],
        "betas": [
            -0.08842891454696655,
            0.012620419263839722,
            -0.11656448245048523,
            0.00722619891166687,
            -0.03416246175765991,
            -0.0383138582110405,
            0.11260317265987396,
            -0.13276663422584534,
            -0.0062406957149505615,
            0.07968641817569733
        ]
    },
    "pred_cam_t": [
        -0.06474800407886505,
        -0.056023187935352325,
        2.458235263824463
    ],
    "focal_length": [
        5000.0,
        5000.0
    ],
    "pred_keypoints_3d": [
        [
            0.0961567834019661,
            0.006409372668713331,
            0.006223810836672783
        ],
        [
            0.06014324352145195,
            0.018252698704600334,
            -0.00151723250746727
        ],
        [
            0.030698157846927643,
            0.009031571447849274,
            -0.003517620265483856
        ],
        [
            0.008986003696918488,
            0.019779972732067108,
            0.00891599990427494
        ],
        [
            0.02013348788022995,
            0.050540924072265625,
            0.012413885444402695
        ],
        [
            0.019319534301757812,
            0.03263242542743683,
            0.0475805401802063
        ],
        [
            0.013298304751515388,
            0.06477982550859451,
            0.0416148379445076
        ],
        [
            0.02750440686941147,
            0.059349749237298965,
            0.025224382057785988
        ],
        [
            0.041349299252033234,
            0.04155096784234047,
            0.014727979898452759
        ],
        [
            0.032199084758758545,
            0.040708091109991074,
            0.06782913208007812
        ],
        [
            0.03693784773349762,
            0.07005295157432556,
            0.05629784241318703
        ],
        [
            0.051879387348890305,
            0.06500938534736633,
            0.038988806307315826
        ],
        [
            0.06558451801538467,
            0.04912504181265831,
            0.024191901087760925
        ],
        [
            0.057930778712034225,
            0.04737178608775139,
            0.07204186916351318
        ],
        [
            0.04815836623311043,
            0.07464231550693512,
            0.07062164694070816
        ],
        [
            0.054634686559438705,
            0.09004181623458862,
            0.052088141441345215
        ],
        [
            0.0643654316663742,
            0.0957271009683609,
            0.02909301221370697
        ],
        [
            0.07858413457870483,
            0.054510410875082016,
            0.07048656791448593
        ],
        [
            0.07926861196756363,
            0.07557989656925201,
            0.06821291148662567
        ],
        [
            0.088567353785038,
            0.0707843154668808,
            0.052289217710494995
        ],
        [
            0.09215548634529114,
            0.055858463048934937,
            0.041717126965522766
        ]
    ],
    "pred_vertices": [
        [
            0.04841824620962143,
            0.030651403591036797,
            0.019711315631866455
        ],
        [
            0.054428890347480774,
            0.029162557795643806,
            0.012238577008247375
        ],
        [
            0.04241342097520828,
            0.027488097548484802,
            0.01050073653459549
        ],
        [
            0.03823469206690788,
            0.030053135007619858,
            0.017536547034978867
        ],
        [
            0.05145438387989998,
            0.02977609448134899,
            -0.008642148226499557
        ],
        [
            0.05307327210903168,
            0.02233254536986351,
            -0.01957586780190468
        ],
        [
            0.03664320707321167,
            0.019892627373337746,
            -0.01577874645590782
        ],
        [
            0.03814230486750603,
            0.0266790222376585,
            -0.007191546261310577
        ],
        [
            0.030141543596982956,
            0.025458671152591705,
            0.016989825293421745
        ],
        [
            0.03409171104431152,
            0.025167740881443024,
            0.00970715656876564
        ],
        [
            0.028793107718229294,
            0.015886591747403145,
            0.01679459773004055
        ],
        [
            0.023242568597197533,
            0.016258321702480316,
            0.025830775499343872
        ],
        [
            0.02557428553700447,
            0.025324299931526184,
            0.02450038678944111
        ],
        [
            0.018767841160297394,
            0.018535442650318146,
            0.033487673848867416
        ],
        [
            0.028665490448474884,
            0.006013454869389534,
            0.025610432028770447
        ],
        [
            0.020963571965694427,
            0.012421609833836555,
            0.04082409292459488
        ],
        [
            0.049881014972925186,
            0.006401911377906799,
            0.04271191358566284
        ],
        [
            0.061362188309431076,
            0.009770002216100693,
            0.04845035821199417
        ],
        [
            0.05023716390132904,
            0.01670956239104271,
            0.06186993047595024
        ],
        [
            0.03917783498764038,
            0.013602415099740028,
            0.054121747612953186
        ],
        [
            0.07073838263750076,
            0.02311636321246624,
            0.06284050643444061
        ],
        [
            0.059025075286626816,
            0.019954947754740715,
            0.06272216886281967
        ],
        [
            0.06997936964035034,
            0.011913742870092392,
            0.050545401871204376
        ],
        [
            0.07976141571998596,
            0.015301920473575592,
            0.051178332418203354
        ],
        [
            0.06479588896036148,
            0.03169860318303108,
            0.023682698607444763
        ],
        [
            0.07272481173276901,
            0.030112890526652336,
            0.016667701303958893
        ],
        [
            0.06666556000709534,
            0.029498569667339325,
            0.0153423473238945
        ],
        [
            0.059513501822948456,
            0.030805319547653198,
            0.021859001368284225
        ],
        [
            0.02578463964164257,
            0.005032635759562254,
            0.00882980227470398
        ],
        [
            0.030916737392544746,
            0.0021945610642433167,
            0.008249577134847641
        ],
        [
            0.02905137836933136,
            0.007165344897657633,
            0.014489356428384781
        ],
        [
            0.02639344148337841,
            0.009705702774226665,
            0.010898295789957047
        ],
        [
            0.09730838239192963,
            0.030294137075543404,
            0.0011236369609832764
        ],
        [
            0.1041685938835144,
            0.020203331485390663,
            -0.004958383738994598
        ],
        [
            0.09942179918289185,
            0.018047235906124115,
            -0.007708355784416199
        ],
        [
            0.0941215381026268,
            0.027664678171277046,
            -0.0011069998145103455
        ],
        [
            0.07597751170396805,
            0.018153797835111618,
            -0.01908145844936371
        ],
        [
            0.08538374304771423,
            0.011069545522332191,
            -0.01739501953125
        ],
        [
            0.08257831633090973,
            -0.002945978194475174,
            -0.02129931002855301
        ],
        [
            0.07350430637598038,
            0.000944061204791069,
            -0.02030712366104126
        ],
        [
            0.06449804455041885,
            0.02223680354654789,
            -0.02015455812215805
        ],
        [
            0.06369069218635559,
            0.008007515221834183,
            -0.023364074528217316
        ],
        [
            0.052574604749679565,
            0.010649374686181545,
            -0.02289683371782303
        ],
        [
            0.03504510223865509,
            0.010617547668516636,
            -0.0193839929997921
        ],
        [
            0.11442763358354568,
            0.022730840370059013,
            0.0025006383657455444
        ],
        [
            0.11101034283638,
            0.030904490500688553,
            0.007674030959606171
        ],
        [
            0.01645265519618988,
            0.05038996785879135,
            0.035003162920475006
        ],
        [
            0.02221374772489071,
            0.0518331453204155,
            0.037560589611530304
        ],
        [
            0.021972067654132843,
            0.05320793762803078,
            0.03670743107795715
        ],
        [
            0.01622389256954193,
            0.051829345524311066,
            0.034930840134620667
        ],
        [
            0.11946310847997665,
            0.01732378825545311,
            0.021507062017917633
        ],
        [
            0.11810626089572906,
            0.008829537779092789,
            0.026860680431127548
        ],
        [
            0.12320340424776077,
            0.007380403578281403,
            0.02180759236216545
        ],
        [
            0.12322157621383667,
            0.014459218829870224,
            0.015549644827842712
        ],
        [
            0.11450992524623871,
            0.021102305501699448,
            0.029384899884462357
        ],
        [
            0.11066131293773651,
            0.011185776442289352,
            0.03337447717785835
        ],
        [
            0.00972829107195139,
            0.06156868860125542,
            0.03444364294409752
        ],
        [
            0.010289466008543968,
            0.05640009418129921,
            0.032790862023830414
        ],
        [
            0.008286542259156704,
            0.05688700079917908,
            0.035950738936662674
        ],
        [
            0.007957078516483307,
            0.06121186167001724,
            0.03923387825489044
        ],
        [
            0.03219024837017059,
            0.031632792204618454,
            0.024151122197508812
        ],
        [
            0.041636064648628235,
            0.034088134765625,
            0.025748316198587418
        ],
        [
            0.024376187473535538,
            0.03596159815788269,
            0.036889754235744476
        ],
        [
            0.030889324843883514,
            0.0360446535050869,
            0.034099459648132324
        ],
        [
            0.025882266461849213,
            0.03187240660190582,
            0.030602747574448586
        ],
        [
            0.020765230059623718,
            0.032419443130493164,
            0.03386330604553223
        ],
        [
            0.053241610527038574,
            0.03995255008339882,
            0.04140277951955795
        ],
        [
            0.060395121574401855,
            0.03567638620734215,
            0.03327791392803192
        ],
        [
            0.05401364713907242,
            0.03452710062265396,
            0.031723592430353165
        ],
        [
            0.04484248906373978,
            0.03934941440820694,
            0.039309121668338776
        ],
        [
            0.07297623157501221,
            0.04145417362451553,
            0.036911774426698685
        ],
        [
            0.06493672728538513,
            0.044761378318071365,
            0.044837452471256256
        ],
        [
            0.07310956716537476,
            0.047495681792497635,
            0.04596555978059769
        ],
        [
            0.0772624984383583,
            0.045623779296875,
            0.039586108177900314
        ],
        [
            0.048493944108486176,
            0.04771355539560318,
            0.057022545486688614
        ],
        [
            0.044867441058158875,
            0.04692225530743599,
            0.060246583074331284
        ],
        [
            0.048046886920928955,
            0.05224582180380821,
            0.060324300080537796
        ],
        [
            0.05234654247760773,
            0.04942980781197548,
            0.05716710537672043
        ],
        [
            0.12796108424663544,
            0.004845146089792252,
            0.017142362892627716
        ],
        [
            0.12614217400550842,
            0.011099420487880707,
            0.009721331298351288
        ],
        [
            0.09099231660366058,
            0.03261459618806839,
            0.06369329243898392
        ],
        [
            0.09877768158912659,
            0.03847368806600571,
            0.05773153901100159
        ],
        [
            0.09314844012260437,
            0.0453270748257637,
            0.06838041543960571
        ],
        [
            0.08589620143175125,
            0.03676747903227806,
            0.0732259452342987
        ],
        [
            0.11162681877613068,
            0.0009515061974525452,
            0.028999876230955124
        ],
        [
            0.11846034228801727,
            -0.000738237053155899,
            0.025494419038295746
        ],
        [
            0.012441497296094894,
            0.0667530745267868,
            0.03797714412212372
        ],
        [
            0.010716153308749199,
            0.066071517765522,
            0.04290514811873436
        ],
        [
            0.05472518131136894,
            0.00021562771871685982,
            -0.01759384572505951
        ],
        [
            0.03622841835021973,
            0.0019477852620184422,
            -0.016222268342971802
        ],
        [
            0.06690804660320282,
            -0.0034391414374113083,
            -0.015988625586032867
        ],
        [
            0.07527267932891846,
            -0.008301611989736557,
            -0.014373913407325745
        ],
        [
            0.08153560757637024,
            -0.013693232089281082,
            -0.01618744060397148
        ],
        [
            0.03338339179754257,
            0.039116520434617996,
            0.03953387588262558
        ],
        [
            0.0510675422847271,
            0.033182542771101,
            0.02657433971762657
        ],
        [
            0.06946844607591629,
            0.03315207362174988,
            0.025188952684402466
        ],
        [
            0.09413061290979385,
            0.048937298357486725,
            0.03572986274957657
        ],
        [
            0.10009102523326874,
            0.04538215696811676,
            0.02786487340927124
        ],
        [
            0.0894978940486908,
            0.04410747438669205,
            0.025836624205112457
        ],
        [
            0.08649609982967377,
            0.046994470059871674,
            0.033479802310466766
        ],
        [
            0.09975987672805786,
            0.04687498137354851,
            0.05235981196165085
        ],
        [
            0.09451715648174286,
            0.051234565675258636,
            0.04763995483517647
        ],
        [
            0.09038570523262024,
            0.053756728768348694,
            0.05455583706498146
        ],
        [
            0.09473194181919098,
            0.05079348385334015,
            0.06108555197715759
        ],
        [
            0.023140637204051018,
            0.0010011997073888779,
            0.003045596182346344
        ],
        [
            0.03285779431462288,
            -0.0016517983749508858,
            0.001758292317390442
        ],
        [
            0.11758551001548767,
            0.024858595803380013,
            0.014241732656955719
        ],
        [
            0.11947450786828995,
            0.020337175577878952,
            0.008088253438472748
        ],
        [
            0.12329070270061493,
            0.014433197677135468,
            0.0032370537519454956
        ],
        [
            0.08391571789979935,
            0.03110288642346859,
            0.0077594853937625885
        ],
        [
            0.09174758940935135,
            0.026205822825431824,
            -0.0028854459524154663
        ],
        [
            0.08700868487358093,
            0.02633795328438282,
            -0.005235880613327026
        ],
        [
            0.08071550726890564,
            0.03037785366177559,
            0.007193751633167267
        ],
        [
            0.06001400202512741,
            0.03169208765029907,
            0.003433637320995331
        ],
        [
            0.06744731962680817,
            0.030354060232639313,
            -0.008676230907440186
        ],
        [
            0.0458902046084404,
            0.030194805935025215,
            0.003251597285270691
        ],
        [
            0.09401856362819672,
            0.014595171436667442,
            -0.012721076607704163
        ],
        [
            0.10501189529895782,
            0.011989835649728775,
            -0.014123760163784027
        ],
        [
            0.09841732680797577,
            0.007570669054985046,
            -0.018214035779237747
        ],
        [
            0.11273787915706635,
            0.014547549188137054,
            -0.008538246154785156
        ],
        [
            0.1192958652973175,
            0.01570730283856392,
            -0.002513393759727478
        ],
        [
            0.12520809471607208,
            -0.005312860012054443,
            0.022920813411474228
        ],
        [
            0.09192546457052231,
            0.0024265721440315247,
            -0.02028665319085121
        ],
        [
            0.031086955219507217,
            0.023575864732265472,
            -0.005408678203821182
        ],
        [
            0.02592749521136284,
            0.022802917286753654,
            -0.00232531875371933
        ],
        [
            0.028721002861857414,
            0.021187998354434967,
            0.005149420350790024
        ],
        [
            0.03287887200713158,
            0.022052407264709473,
            0.0032595396041870117
        ],
        [
            0.013930629938840866,
            0.024256670847535133,
            0.0399027019739151
        ],
        [
            0.016333024948835373,
            0.0288075041025877,
            0.034762509167194366
        ],
        [
            0.021068446338176727,
            0.025014951825141907,
            0.029273420572280884
        ],
        [
            0.0952044278383255,
            0.03678068518638611,
            0.010472234338521957
        ],
        [
            0.10698039829730988,
            0.03726741299033165,
            0.015543296933174133
        ],
        [
            0.02725144848227501,
            0.038695983588695526,
            0.04145774617791176
        ],
        [
            0.007016541436314583,
            0.057444676756858826,
            0.04188122600317001
        ],
        [
            0.007102480623871088,
            0.054085951298475266,
            0.03690842539072037
        ],
        [
            0.009711015038192272,
            0.0360686331987381,
            0.039637379348278046
        ],
        [
            0.00875177327543497,
            0.03878331929445267,
            0.04649703577160835
        ],
        [
            0.027711967006325722,
            0.04160866141319275,
            0.04824622720479965
        ],
        [
            0.027921311557292938,
            0.038928575813770294,
            0.04115908592939377
        ],
        [
            0.028717651963233948,
            0.039804741740226746,
            0.041290149092674255
        ],
        [
            0.03017706237733364,
            0.04418552294373512,
            0.046653032302856445
        ],
        [
            0.0573778860270977,
            0.0544096976518631,
            0.06077875941991806
        ],
        [
            0.06094875931739807,
            0.05164708197116852,
            0.05745401233434677
        ],
        [
            0.02986062690615654,
            0.02560259774327278,
            0.06216686591506004
        ],
        [
            0.01972890831530094,
            0.018106115981936455,
            0.05667828395962715
        ],
        [
            0.029272284358739853,
            0.009264001622796059,
            0.04744366928935051
        ],
        [
            0.060304418206214905,
            0.04203280434012413,
            0.04299888387322426
        ],
        [
            0.05450653284788132,
            0.04605012759566307,
            0.050516337156295776
        ],
        [
            0.058360032737255096,
            0.04738026112318039,
            0.05159997195005417
        ],
        [
            0.03385932371020317,
            0.041132327169179916,
            0.04360401630401611
        ],
        [
            0.029353266581892967,
            0.04138258844614029,
            0.0467776358127594
        ],
        [
            0.03283187374472618,
            0.04272664338350296,
            0.048858191817998886
        ],
        [
            0.03881407901644707,
            0.04215196147561073,
            0.045094966888427734
        ],
        [
            0.10514689981937408,
            0.031571343541145325,
            0.04799456149339676
        ],
        [
            0.10635913908481598,
            0.04173816367983818,
            0.04215826466679573
        ],
        [
            0.012412197887897491,
            0.05221687629818916,
            0.03316279500722885
        ],
        [
            0.011241077445447445,
            0.05337989702820778,
            0.03429264575242996
        ],
        [
            0.06718352437019348,
            0.03781365230679512,
            0.03498515859246254
        ],
        [
            0.041065581142902374,
            0.004858897998929024,
            0.03623829782009125
        ],
        [
            0.07445364445447922,
            0.03514966741204262,
            0.02660718932747841
        ],
        [
            0.06656607240438461,
            0.04264332726597786,
            0.07387006282806396
        ],
        [
            0.06888463348150253,
            0.051859691739082336,
            0.07067596912384033
        ],
        [
            0.06549111753702164,
            0.05455920472741127,
            0.07118569314479828
        ],
        [
            0.06240216642618179,
            0.05028568208217621,
            0.07480721920728683
        ],
        [
            0.028438476845622063,
            0.05720052868127823,
            0.044420626014471054
        ],
        [
            0.027865102514624596,
            0.05502696335315704,
            0.03845752775669098
        ],
        [
            0.02620437741279602,
            0.05610313266515732,
            0.04076962172985077
        ],
        [
            0.027301814407110214,
            0.06049400568008423,
            0.04486624151468277
        ],
        [
            0.025034576654434204,
            0.036024581640958786,
            0.03675716742873192
        ],
        [
            0.019794825464487076,
            0.03374137729406357,
            0.034601643681526184
        ],
        [
            0.020664606243371964,
            0.03630036860704422,
            0.0335303470492363
        ],
        [
            0.025636548176407814,
            0.03849635273218155,
            0.03688584268093109
        ],
        [
            0.014968561939895153,
            0.031070997938513756,
            0.03582816198468208
        ],
        [
            0.014386761002242565,
            0.034938931465148926,
            0.035120218992233276
        ],
        [
            0.02464846707880497,
            0.06034103035926819,
            0.049184102565050125
        ],
        [
            0.01663091965019703,
            0.06270524859428406,
            0.04965728893876076
        ],
        [
            0.019568344578146935,
            0.04476465284824371,
            0.055721577256917953
        ],
        [
            0.026472294703125954,
            0.04727398604154587,
            0.05282574146986008
        ],
        [
            0.08835682272911072,
            0.006815675646066666,
            0.041444092988967896
        ],
        [
            0.09794759750366211,
            0.012497331947088242,
            0.042875465005636215
        ],
        [
            0.08974146842956543,
            0.020967811346054077,
            0.052858442068099976
        ],
        [
            0.08209723979234695,
            0.028756320476531982,
            0.06419101357460022
        ],
        [
            0.07353439182043076,
            0.03645595163106918,
            0.07359156012535095
        ],
        [
            0.06333275884389877,
            0.029415789991617203,
            0.07332451641559601
        ],
        [
            0.09725767374038696,
            0.02466428279876709,
            0.05237686261534691
        ],
        [
            0.027533039450645447,
            0.037290990352630615,
            0.056902926415205
        ],
        [
            0.02250252664089203,
            0.03354844078421593,
            0.05890138819813728
        ],
        [
            0.02683268114924431,
            0.03350720554590225,
            0.06072061508893967
        ],
        [
            0.08038298785686493,
            0.03949569910764694,
            0.028168831020593643
        ],
        [
            0.010742684826254845,
            0.0516854003071785,
            0.03293425589799881
        ],
        [
            0.08218412101268768,
            -0.018294576555490494,
            0.00550420954823494
        ],
        [
            0.09091709554195404,
            -0.017186544835567474,
            0.015079930424690247
        ],
        [
            0.08394969254732132,
            -0.013107609003782272,
            0.01850167289376259
        ],
        [
            0.07477455586194992,
            -0.013486072421073914,
            0.007362190634012222
        ],
        [
            0.023395143449306488,
            0.05259605497121811,
            0.03273019194602966
        ],
        [
            0.017006801441311836,
            0.050898708403110504,
            0.031146511435508728
        ],
        [
            0.06631992012262344,
            0.055131759494543076,
            0.05981483310461044
        ],
        [
            0.06232927739620209,
            0.05701201409101486,
            0.06299519538879395
        ],
        [
            0.06476611644029617,
            0.05795812979340553,
            0.06598515808582306
        ],
        [
            0.0696806013584137,
            0.05919395387172699,
            0.0635441392660141
        ],
        [
            0.10332222282886505,
            0.015212144702672958,
            0.04203145205974579
        ],
        [
            0.08870655298233032,
            0.05323076248168945,
            0.07189697027206421
        ],
        [
            0.08156948536634445,
            0.04554038867354393,
            0.07636427879333496
        ],
        [
            0.10466156899929047,
            0.0048978738486766815,
            0.03430764004588127
        ],
        [
            0.09653785824775696,
            -0.0005828402936458588,
            0.033403899520635605
        ],
        [
            0.10291361808776855,
            -0.005681674927473068,
            0.02793252095580101
        ],
        [
            0.048201754689216614,
            0.030824504792690277,
            0.0712285116314888
        ],
        [
            0.07995834201574326,
            0.004329398274421692,
            0.04104314744472504
        ],
        [
            0.08925585448741913,
            -0.0028423629701137543,
            0.03217817470431328
        ],
        [
            0.09654480963945389,
            -0.009037181735038757,
            0.025564752519130707
        ],
        [
            0.10234707593917847,
            -0.013621419668197632,
            0.021575134247541428
        ],
        [
            0.10870616137981415,
            -0.00938791036605835,
            0.024490222334861755
        ],
        [
            0.010705774649977684,
            0.0608479380607605,
            0.046527933329343796
        ],
        [
            0.017435647547245026,
            0.06871993094682693,
            0.04599292203783989
        ],
        [
            0.11567319184541702,
            -0.014643508940935135,
            0.021837644279003143
        ],
        [
            0.10815612971782684,
            -0.018738988786935806,
            0.018182072788476944
        ],
        [
            0.08085955679416656,
            -0.005360756069421768,
            0.0293174646794796
        ],
        [
            0.07155755162239075,
            -0.00715559720993042,
            0.024523071944713593
        ],
        [
            0.07217410206794739,
            0.0018630139529705048,
            0.03786829859018326
        ],
        [
            0.06177610531449318,
            0.0002387315034866333,
            0.034046076238155365
        ],
        [
            0.04029089957475662,
            0.022458069026470184,
            0.07141803205013275
        ],
        [
            0.029485715553164482,
            0.06655186414718628,
            0.03146657720208168
        ],
        [
            0.025604981929063797,
            0.06699790805578232,
            0.04184518754482269
        ],
        [
            0.02781618759036064,
            0.061401575803756714,
            0.04249085485935211
        ],
        [
            0.03187399357557297,
            0.06349296867847443,
            0.033517349511384964
        ],
        [
            0.024444513022899628,
            0.0648631826043129,
            0.046831127256155014
        ],
        [
            0.019823703914880753,
            0.06926941126585007,
            0.04077928513288498
        ],
        [
            0.051776617765426636,
            -0.0008246302604675293,
            0.024942822754383087
        ],
        [
            0.029187163338065147,
            0.04202914237976074,
            0.05186136066913605
        ],
        [
            0.06205045431852341,
            -0.006464030593633652,
            0.011333484202623367
        ],
        [
            0.03827137500047684,
            -0.0011367984116077423,
            0.016844062134623528
        ],
        [
            0.045897986739873886,
            -0.003389347344636917,
            0.005384780466556549
        ],
        [
            0.06970395147800446,
            -0.011184804141521454,
            -0.003699798136949539
        ],
        [
            0.05673849582672119,
            -0.00623483769595623,
            -0.006242476403713226
        ],
        [
            0.08298948407173157,
            -0.019870571792125702,
            -0.007009599357843399
        ],
        [
            0.07665179669857025,
            -0.015421422198414803,
            -0.003968715667724609
        ],
        [
            0.04291323199868202,
            -0.00398351950570941,
            -0.008417755365371704
        ],
        [
            0.022833678871393204,
