{
    "pred_cam": [
        11.951772689819336,
        0.10813570767641068,
        -0.03967020660638809
    ],
    "pred_mano_params": {
        "global_orient": [
            [
                [
                    -0.32966870069503784,
                    0.1903984397649765,
                    -0.9246983528137207
                ],
                [
                    -0.2831571102142334,
                    -0.9543025493621826,
                    -0.09554432332515717
                ],
                [
                    -0.9006334543228149,
                    0.23033693432807922,
                    0.36851635575294495
                ]
            ]
        ],
        "hand_pose": [
            [
                [
                    0.7892040014266968,
                    -0.5702352523803711,
                    -0.22801074385643005
                ],
                [
                    0.5762009024620056,
                    0.8159928917884827,
                    -0.04634808003902435
                ],
                [
                    0.2124844491481781,
                    -0.09480191022157669,
                    0.9725549221038818
                ]
            ],
            [
                [
                    0.5087405443191528,
                    -0.8038961887359619,
                    0.3081136643886566
                ],
                [
                    0.855776309967041,
                    0.4331420958042145,
                    -0.2829044759273529
                ],
                [
                    0.09396883100271225,
                    0.4076012670993805,
                    0.9083122611045837
                ]
            ],
            [
                [
                    0.9188101291656494,
                    -0.3642633557319641,
                    0.15198715031147003
                ],
                [
                    0.34671393036842346,
                    0.9288850426673889,
                    0.13023817539215088
                ],
                [
                    -0.18861959874629974,
                    -0.06696810573339462,
                    0.9797641634941101
                ]
            ],
            [
                [
                    0.5320194959640503,
                    -0.8390487432479858,
                    -0.11380860954523087
                ],
                [
                    0.8233184218406677,
                    0.48122477531433105,
                    0.30094748735427856
                ],
                [
                    -0.19774208962917328,
                    -0.25381067395210266,
                    0.9468252658843994
                ]
            ],
            [
                [
                    0.7883680462837219,
                    -0.5991358757019043,
                    -0.13968561589717865
                ],
                [
                    0.6151613593101501,
                    0.7703959345817566,
                    0.16753120720386505
                ],
                [
                    0.007239269558340311,
                    -0.21800543367862701,
                    0.9759207963943481
                ]
            ],
            [
                [
                    0.8162465691566467,
                    -0.5773423910140991,
                    0.020427381619811058
                ],
                [
                    0.5757179260253906,
                    0.8158615231513977,
                    0.05402647331357002
                ],
                [
                    -0.04785768687725067,
                    -0.03233851492404938,
                    0.9983305335044861
                ]
            ],
            [
                [
                    0.09580981731414795,
                    -0.9431900978088379,
                    -0.31813982129096985
                ],
                [
                    0.717417299747467,
                    -0.1561264842748642,
                    0.6789233684539795
                ],
                [
                    -0.6900238394737244,
                    -0.29328653216362,
                    0.6617024540901184
                ]
            ],
            [
                [
                    0.5810092687606812,
                    -0.8135077953338623,
                    -0.02516634203493595
                ],
                [
                    0.6629803776741028,
                    0.45511364936828613,
                    0.5944144129753113
                ],
                [
                    -0.4721071720123291,
                    -0.3620450496673584,
                    0.8037649989128113
                ]
            ],
            [
                [
                    0.9319815635681152,
                    -0.3606727123260498,
                    -0.0364077091217041
                ],
                [
                    0.24496681988239288,
                    0.5525798201560974,
                    0.7966471910476685
                ],
                [
                    -0.2672107517719269,
                    -0.7513791918754578,
                    0.6033470630645752
                ]
            ],
            [
                [
                    0.0495607852935791,
                    -0.9973465204238892,
                    0.05332678556442261
                ],
                [
                    0.9053595066070557,
                    0.0674070417881012,
                    0.4192618727684021
                ],
                [
                    -0.4217439293861389,
                    0.027500981464982033,
                    0.9062978625297546
                ]
            ],
            [
                [
                    0.6355307102203369,
                    -0.7684149742126465,
                    -0.07509448379278183
                ],
                [
                    0.6558281183242798,
                    0.48595744371414185,
                    0.5776978731155396
                ],
                [
                    -0.40741896629333496,
                    -0.41639381647109985,
                    0.8127890229225159
                ]
            ],
            [
                [
                    0.7424404621124268,
                    -0.6696255207061768,
                    -0.01959199644625187
                ],
                [
                    0.6460768580436707,
                    0.7079866528511047,
                    0.2852010428905487
                ],
                [
                    -0.177107036113739,
                    -0.22440272569656372,
                    0.9582675099372864
                ]
            ],
            [
                [
                    0.9578902721405029,
                    -0.08082135021686554,
                    -0.2755252420902252
                ],
                [
                    -0.18578743934631348,
                    0.5571724772453308,
                    -0.8093464970588684
                ],
                [
                    0.21892757713794708,
                    0.8264542818069458,
                    0.5186945199966431
                ]
            ],
            [
                [
                    0.9928314089775085,
                    -0.0655776858329773,
                    -0.09992679208517075
                ],
                [
                    0.11440920829772949,
                    0.7633578777313232,
                    0.6357635855674744
                ],
                [
                    0.03458799794316292,
                    -0.6426385641098022,
                    0.7653883695602417
                ]
            ],
            [
                [
                    0.957508385181427,
                    -0.1432424634695053,
                    -0.250318318605423
                ],
                [
                    0.017029117792844772,
                    0.8945050239562988,
                    -0.4467335343360901
                ],
                [
                    0.28790217638015747,
                    0.42348840832710266,
                    0.8589353561401367
                ]
            ]
        ],
        "betas": [
            -0.17640802264213562,
            -0.02673324942588806,
            0.014070004224777222,
            -0.01413455605506897,
            -0.02252805233001709,
            0.04606083780527115,
            -0.03821876645088196,
            -0.05783006548881531,
            -0.022024080157279968,
            -0.09710034728050232
        ]
    },
    "pred_cam_t": [
        -0.10813570767641068,
        -0.03967020660638809,
        3.268343687057495
    ],
    "focal_length": [
        5000.0,
        5000.0
    ],
    "pred_keypoints_3d": [
        [
            0.09648694843053818,
            0.006455200258642435,
            0.006247024051845074
        ],
        [
            0.07734508812427521,
            0.02585708722472191,
            0.034100234508514404
        ],
        [
            0.07463395595550537,
            0.04674256965517998,
            0.056908246129751205
        ],
        [
            0.07839252054691315,
            0.05913053825497627,
            0.08093501627445221
        ],
        [
            0.09080920368432999,
            0.07985348999500275,
            0.10705571621656418
        ],
        [
            0.10543745011091232,
            0.0345747247338295,
            0.09281117469072342
        ],
        [
            0.11671698838472366,
            0.05828079581260681,
            0.11316901445388794
        ],
        [
            0.1141745001077652,
            0.07836658507585526,
            0.10372251272201538
        ],
        [
            0.10640954971313477,
            0.09637932479381561,
            0.08851244300603867
        ],
        [
            0.13082055747509003,
            0.035195231437683105,
            0.090708889067173
        ],
        [
            0.13119472563266754,
            0.0655994564294815,
            0.10056806355714798
        ],
        [
            0.12184672057628632,
            0.08549244701862335,
            0.09243829548358917
        ],
        [
            0.10616455972194672,
            0.09951090812683105,
            0.077726349234581
        ],
        [
            0.1478547304868698,
            0.036154359579086304,
            0.0696965903043747
        ],
        [
            0.1369011253118515,
            0.06314082443714142,
            0.06941709667444229
        ],
        [
            0.11991950869560242,
            0.06759512424468994,
            0.05160626769065857
        ],
        [
            0.10342078655958176,
            0.05784066393971443,
            0.035108309239149094
        ],
        [
            0.1578340232372284,
            0.03986801579594612,
            0.0503593310713768
        ],
        [
            0.149800643324852,
            0.05877433717250824,
            0.044721685349941254
        ],
        [
            0.13425473868846893,
            0.056974250823259354,
            0.033744703978300095
        ],
        [
            0.11916542798280716,
            0.04184473678469658,
            0.028757458552718163
        ]
    ],
    "pred_vertices": [
        [
            0.09549516439437866,
            0.03540845587849617,
            0.05318109691143036
        ],
        [
            0.09288390725851059,
            0.03397693485021591,
            0.04238229617476463
        ],
        [
            0.0906500369310379,
            0.04006963595747948,
            0.04979390650987625
        ],
        [
            0.09141698479652405,
            0.03970491141080856,
            0.059986378997564316
        ],
        [
            0.08199171721935272,
            0.046309761703014374,
            0.031208306550979614
        ],
        [
            0.07067569345235825,
            0.04503215104341507,
            0.028083838522434235
        ],
        [
            0.07193553447723389,
            0.05376977473497391,
            0.04292607679963112
        ],
        [
            0.08162201941013336,
            0.054900091141462326,
            0.04351833090186119
        ],
        [
            0.08886432647705078,
            0.04182964563369751,
            0.06666375696659088
        ],
        [
            0.08901915699243546,
            0.045351505279541016,
            0.056557539850473404
        ],
        [
            0.08714664727449417,
            0.03917372599244118,
            0.06953637301921844
        ],
        [
            0.08710480481386185,
            0.03062509000301361,
            0.07994930446147919
        ],
        [
            0.0892106369137764,
            0.036740243434906006,
            0.07618525624275208
        ],
        [
            0.09036656469106674,
            0.02823883295059204,
            0.08733776956796646
        ],
        [
            0.084935262799263,
            0.020060742273926735,
            0.07693430036306381
        ],
        [
            0.09480102360248566,
            0.01965293288230896,
            0.08860377222299576
        ],
        [
            0.10657274723052979,
            0.005635648965835571,
            0.06497694551944733
        ],
        [
            0.11793547868728638,
            0.00516204908490181,
            0.05706274136900902
        ],
        [
            0.12631039321422577,
            0.010488530620932579,
            0.07245946675539017
        ],
        [
            0.11351661384105682,
            0.011399606242775917,
            0.07844904065132141
        ],
        [
            0.1392764151096344,
            0.012687139213085175,
            0.05569656565785408
        ],
        [
            0.13252250850200653,
            0.011831078678369522,
            0.06564091891050339
        ],
        [
            0.1243983581662178,
            0.0051872618496418,
            0.05046563595533371
        ],
        [
            0.13047058880329132,
            0.006527353078126907,
            0.04212997108697891
        ],
        [
            0.1050991341471672,
            0.03174145519733429,
            0.04133128747344017
        ],
        [
            0.10177937150001526,
            0.029687844216823578,
            0.03097641095519066
        ],
        [
            0.09797877073287964,
            0.029613997787237167,
            0.035190317779779434
        ],
        [
            0.10103357583284378,
            0.032112784683704376,
            0.04506699740886688
        ],
        [
            0.07936038821935654,
            0.03942720219492912,
            0.06982576102018356
        ],
        [
            0.0751858800649643,
            0.028980517759919167,
            0.06652522087097168
        ],
        [
            0.0817716121673584,
            0.032014112919569016,
            0.07009470462799072
        ],
        [
            0.08365505188703537,
            0.043269865214824677,
            0.06929787993431091
        ],
        [
            0.09972523152828217,
            0.030522294342517853,
            0.001734897494316101
        ],
        [
            0.09468640387058258,
            0.020935125648975372,
            -0.006737187504768372
        ],
        [
            0.08952508866786957,
            0.02005898952484131,
            -0.003781646490097046
        ],
        [
            0.09532816708087921,
            0.0285202506929636,
            0.003519706428050995
        ],
        [
            0.07257780432701111,
            0.027250345796346664,
            0.010033704340457916
        ],
        [
            0.07295587658882141,
            0.017653515562415123,
            0.004140667617321014
        ],
        [
            0.064388707280159,
            0.007269950583577156,
            0.005899533629417419
        ],
        [
            0.06328283995389938,
            0.014435958117246628,
            0.014245264232158661
        ],
        [
            0.07114966958761215,
            0.03693046048283577,
            0.01876162737607956
        ],
        [
            0.06156525760889053,
            0.027115801349282265,
            0.021405383944511414
        ],
        [
            0.06202708184719086,
            0.03781227767467499,
            0.030850142240524292
        ],
        [
            0.06515046954154968,
            0.04741425812244415,
            0.04537787660956383
        ],
        [
            0.10635849833488464,
            0.019784245640039444,
            -0.01232859492301941
        ],
        [
            0.11167266964912415,
            0.027181105688214302,
            -0.007223211228847504
        ],
        [
            0.1064753606915474,
            0.06176021695137024,
            0.10245447605848312
        ],
        [
            0.11165457218885422,
            0.06277826428413391,
            0.09903761744499207
        ],
        [
            0.11037754267454147,
            0.06053980067372322,
            0.09853701293468475
        ],
        [
            0.10587292164564133,
            0.059979554265737534,
            0.10214133560657501
        ],
        [
            0.12325063347816467,
            0.00906265527009964,
            -0.007575862109661102
        ],
        [
            0.12460356205701828,
            -0.0001668110489845276,
            -0.0034921467304229736
        ],
        [
            0.12209658324718475,
            -0.0012421570718288422,
            -0.010345660150051117
        ],
        [
            0.11894442141056061,
            0.007103387266397476,
            -0.013629399240016937
        ],
        [
            0.12894977629184723,
            0.011573713272809982,
            0.0004068315029144287
        ],
        [
            0.1275719702243805,
            0.0017839819192886353,
            0.00610872358083725
        ],
        [
            0.10968819260597229,
            0.06135541945695877,
            0.11518292129039764
        ],
        [
            0.10578327625989914,
            0.06186924874782562,
            0.11153916269540787
        ],
        [
            0.10604111105203629,
            0.05756572633981705,
            0.11216060072183609
        ],
        [
            0.11034359782934189,
            0.0556909441947937,
            0.1148853600025177
        ],
        [
            0.09245036542415619,
            0.03912261873483658,
            0.06993215531110764
        ],
        [
            0.09785699844360352,
            0.03812328726053238,
            0.06249549239873886
        ],
        [
            0.09962457418441772,
            0.0421639122068882,
            0.08462707698345184
        ],
        [
            0.10022054612636566,
            0.03983282297849655,
            0.076154425740242
        ],
        [
            0.09393738955259323,
            0.03825186565518379,
            0.07898647338151932
        ],
        [
            0.09441961348056793,
            0.03918527439236641,
            0.08631371706724167
        ],
        [
            0.11745112389326096,
            0.03735651075839996,
            0.059654898941516876
        ],
        [
            0.11250044405460358,
            0.03401162475347519,
            0.04962174594402313
        ],
        [
            0.10802451521158218,
            0.034461770206689835,
            0.054593514651060104
        ],
        [
            0.11178648471832275,
            0.038861606270074844,
            0.06618262082338333
        ],
        [
            0.1227751225233078,
            0.0363980270922184,
            0.0398997999727726
        ],
        [
            0.1269036829471588,
            0.03880927339196205,
            0.050613801926374435
        ],
        [
            0.13208241760730743,
            0.03962458297610283,
            0.04363986849784851
        ],
        [
            0.12811042368412018,
            0.038918666541576385,
            0.03713322803378105
        ],
        [
            0.13099455833435059,
            0.042491666972637177,
            0.07010027766227722
        ],
        [
            0.13207611441612244,
            0.043661829084157944,
            0.0751168429851532
        ],
        [
            0.13376080989837646,
            0.04265081137418747,
            0.07211920619010925
        ],
        [
            0.13320524990558624,
            0.042160965502262115,
            0.06727265566587448
        ],
        [
            0.11941666901111603,
            -0.003370363265275955,
            -0.01668459177017212
        ],
        [
            0.11421918869018555,
            0.004792097955942154,
            -0.01888667792081833
        ],
        [
            0.15163034200668335,
            0.01831793785095215,
            0.03757704049348831
        ],
        [
            0.15115511417388916,
            0.023807469755411148,
            0.027417458593845367
        ],
        [
            0.15841126441955566,
            0.0301990807056427,
            0.03682050481438637
        ],
        [
            0.15837010741233826,
            0.021663784980773926,
            0.046513497829437256
        ],
        [
            0.12113331258296967,
            -0.007106315344572067,
            0.0035842210054397583
        ],
        [
            0.12065783143043518,
            -0.0091058649122715,
            -0.004062458872795105
        ],
        [
            0.11616221815347672,
            0.06104031205177307,
            0.11589586734771729
        ],
        [
            0.11653881520032883,
            0.055275049060583115,
            0.11500697582960129
        ],
        [
            0.05914265662431717,
            0.024020124226808548,
            0.03548290580511093
        ],
        [
            0.061979200690984726,
            0.03895979002118111,
            0.04945342242717743
        ],
        [
            0.06065336614847183,
            0.011237937957048416,
            0.024919286370277405
        ],
        [
            0.06387645751237869,
            0.002154272049665451,
            0.017704293131828308
        ],
        [
            0.06431122124195099,
            -0.004129339009523392,
            0.010732017457485199
        ],
        [
            0.10664860159158707,
            0.04134006053209305,
            0.07639918476343155
        ],
        [
            0.10209904611110687,
            0.035010602325201035,
            0.05474001541733742
        ],
        [
            0.10885845124721527,
            0.03206552192568779,
            0.037860266864299774
        ],
        [
            0.1333516240119934,
            0.040211260318756104,
            0.020228412002325058
        ],
        [
            0.12837651371955872,
            0.037858858704566956,
            0.011458367109298706
        ],
        [
            0.12153257429599762,
            0.03901419788599014,
            0.01991093158721924
        ],
        [
            0.12745097279548645,
            0.040255606174468994,
            0.026017144322395325
        ],
        [
            0.14921751618385315,
            0.0330798514187336,
            0.023279063403606415
        ],
        [
            0.14401432871818542,
            0.03923507034778595,
            0.025175034999847412
        ],
        [
            0.14754298329353333,
            0.040848709642887115,
            0.031414128839969635
        ],
        [
            0.15420971810817719,
            0.03628787770867348,
            0.03127244859933853
        ],
        [
            0.0720132365822792,
            0.03914308175444603,
            0.06984385848045349
        ],
        [
            0.06895825266838074,
            0.02800919860601425,
            0.06288023293018341
        ],
        [
            0.11846707761287689,
            0.018479106947779655,
            -0.009646274149417877
        ],
        [
            0.11268770694732666,
            0.015260566025972366,
            -0.014065131545066833
        ],
        [
            0.10841381549835205,
            0.010067418217658997,
            -0.01955448091030121
        ],
        [
            0.0992460623383522,
            0.03060353919863701,
            0.01661648601293564
        ],
        [
            0.09218078851699829,
            0.02727527916431427,
            0.004699178040027618
        ],
        [
            0.08856621384620667,
            0.027667643502354622,
            0.007273688912391663
        ],
        [
            0.09705328941345215,
            0.02917700819671154,
            0.018843278288841248
        ],
        [
            0.09039871394634247,
            0.035579975694417953,
            0.030779659748077393
        ],
        [
            0.08307160437107086,
            0.036888912320137024,
            0.019644230604171753
        ],
        [
            0.09008891135454178,
            0.04368799552321434,
            0.03970559313893318
        ],
        [
            0.08181814849376678,
            0.018264243379235268,
            -0.0011985599994659424
        ],
        [
            0.08476760983467102,
            0.014802610501646996,
            -0.01144494116306305
        ],
        [
            0.07708428800106049,
            0.012601897120475769,
            -0.007263757288455963
        ],
        [
            0.09370342642068863,
            0.014698933809995651,
            -0.015758365392684937
        ],
        [
            0.1020878255367279,
            0.013336824253201485,
            -0.018769487738609314
        ],
        [
            0.12001331150531769,
            -0.014044057577848434,
            -0.011115580797195435
        ],
        [
            0.07088828086853027,
            0.009714756160974503,
            -0.0022998079657554626
        ],
        [
            0.08052659034729004,
            0.057891517877578735,
            0.05277695879340172
        ],
        [
            0.07925818115472794,
            0.05998130887746811,
            0.06097661331295967
        ],
        [
            0.08563739061355591,
            0.05635056644678116,
            0.06279179453849792
        ],
        [
            0.08692324906587601,
            0.054257769137620926,
            0.05615808814764023
        ],
        [
            0.09494970738887787,
            0.029249457642436028,
            0.09533489495515823
        ],
        [
            0.092833511531353,
            0.035661015659570694,
            0.0910617932677269
        ],
        [
            0.08947952836751938,
            0.0341767817735672,
            0.08292315900325775
        ],
        [
            0.10879550129175186,
            0.0348997600376606,
            0.007830366492271423
        ],
        [
            0.11850178986787796,
            0.03205161914229393,
            -0.00015416741371154785
        ],
        [
            0.10597574710845947,
            0.043678611516952515,
            0.08488156646490097
        ],
        [
            0.11015181988477707,
            0.051303453743457794,
            0.1149628534913063
        ],
        [
            0.10496746003627777,
            0.05337147414684296,
            0.11243705451488495
        ],
        [
            0.099971704185009,
            0.039512135088443756,
            0.10494236648082733
        ],
        [
            0.10586103051900864,
            0.03673601150512695,
            0.10778332501649857
        ],
        [
            0.11432234942913055,
            0.043269138783216476,
            0.09067152440547943
        ],
        [
            0.1078486517071724,
            0.04524426907300949,
            0.0880672037601471
        ],
        [
            0.10948343575000763,
            0.04589100182056427,
            0.0893668457865715
        ],
        [
            0.11608202010393143,
            0.046137575060129166,
            0.09083930402994156
        ],
        [
            0.13838346302509308,
            0.04236467182636261,
            0.06355996429920197
        ],
        [
            0.13761863112449646,
            0.04251636564731598,
            0.0596613809466362
        ],
        [
            0.12015391886234283,
            0.02078430727124214,
            0.08963726460933685
        ],
        [
            0.10798048973083496,
            0.016557203605771065,
            0.09517166763544083
        ],
        [
            0.10240401327610016,
            0.012443158775568008,
            0.08438018709421158
        ],
        [
            0.12253085523843765,
            0.037618666887283325,
            0.054029062390327454
        ],
        [
            0.127506285905838,
            0.040667034685611725,
            0.06242549419403076
        ],
        [
            0.13044816255569458,
            0.04072514921426773,
            0.05947284400463104
        ],
        [
            0.11105471849441528,
            0.04207220673561096,
            0.0780671164393425
        ],
        [
            0.11221589148044586,
            0.043550312519073486,
            0.08477048575878143
        ],
        [
            0.11586351692676544,
            0.04197460785508156,
            0.08115760236978531
        ],
        [
            0.11492603272199631,
            0.04120591655373573,
            0.07421858608722687
        ],
        [
            0.14394515752792358,
            0.01843348518013954,
            0.01729263737797737
        ],
        [
            0.1423758864402771,
            0.02946951985359192,
            0.012882784008979797
        ],
        [
            0.10449697077274323,
            0.06174197420477867,
            0.10692481696605682
        ],
        [
            0.10422199964523315,
            0.058999329805374146,
            0.10724703222513199
        ],
        [
            0.11751608550548553,
            0.03442780300974846,
            0.04430841654539108
        ],
        [
            0.09677615761756897,
            0.009066158905625343,
            0.0706554502248764
        ],
        [
            0.11282280832529068,
            0.032840438187122345,
            0.03403608500957489
        ],
        [
            0.151714488863945,
            0.030913278460502625,
            0.06281460076570511
        ],
        [
            0.15091456472873688,
            0.039151549339294434,
            0.05870160087943077
        ],
        [
            0.14962713420391083,
            0.041934091597795486,
            0.060101766139268875
        ],
        [
            0.15099221467971802,
            0.03879529610276222,
            0.0646434873342514
        ],
        [
            0.12089987099170685,
            0.05624024569988251,
            0.097857765853405
        ],
        [
            0.11565369367599487,
            0.05901075899600983,
            0.09659643471240997
        ],
        [
            0.11656568199396133,
            0.06021140515804291,
            0.09706785529851913
        ],
        [
            0.12209207564592361,
            0.058985717594623566,
            0.09939063340425491
        ],
        [
            0.10195599496364594,
            0.04468397796154022,
            0.08882352709770203
        ],
        [
            0.09668003767728806,
            0.04229779541492462,
            0.0914400964975357
        ],
        [
            0.09930328279733658,
            0.04599322751164436,
            0.09436680376529694
        ],
        [
            0.10458515584468842,
            0.04680104926228523,
            0.0912797674536705
        ],
        [
            0.0955941453576088,
            0.038537878543138504,
            0.09656928479671478
        ],
        [
            0.09767703711986542,
            0.04265206679701805,
            0.09979373961687088
        ],
        [
            0.12395069003105164,
            0.05315069109201431,
            0.1027570366859436
        ],
        [
            0.12193720787763596,
            0.05101823806762695,
            0.11000956594944
        ],
        [
            0.11932238191366196,
            0.037570636719465256,
            0.10218993574380875
        ],
        [
            0.12052221596240997,
            0.04319722205400467,
            0.09656370431184769
        ],
        [
            0.12330940365791321,
            -0.0006635524332523346,
            0.030028756707906723
        ],
        [
            0.13051395118236542,
            0.002776768058538437,
            0.02200343832373619
        ],
        [
            0.13815033435821533,
            0.009746797382831573,
            0.033930737525224686
        ],
        [
            0.1470872163772583,
            0.015991656109690666,
            0.04613710567355156
        ],
        [
            0.15360027551651,
            0.023000895977020264,
            0.05774114280939102
        ],
        [
            0.1471204310655594,
            0.01787126436829567,
            0.0670279935002327
        ],
        [
            0.14213614165782928,
            0.012182237580418587,
            0.02680652216076851
        ],
        [
            0.11947163194417953,
            0.034078944474458694,
            0.09109162539243698
        ],
        [
            0.11721368134021759,
            0.028015710413455963,
            0.09604347497224808
        ],
        [
            0.12125130742788315,
            0.02807057835161686,
            0.09202366322278976
        ],
        [
            0.11808117479085922,
            0.03559992462396622,
            0.02931634709239006
        ],
        [
            0.10269664973020554,
            0.055864233523607254,
            0.10816995799541473
        ],
        [
            0.08167165517807007,
            -0.014654777944087982,
            0.020327597856521606
        ],
        [
            0.09453404694795609,
            -0.017564918845891953,
            0.01627933979034424
        ],
        [
            0.09538666903972626,
            -0.013334117829799652,
            0.024035215377807617
        ],
        [
            0.0806504338979721,
            -0.009064525365829468,
            0.028433844447135925
        ],
        [
            0.1086554229259491,
            0.060022640973329544,
            0.09860780835151672
        ],
        [
            0.10367439687252045,
            0.05851869285106659,
            0.10248059779405594
        ],
        [
            0.14183080196380615,
            0.04492834210395813,
            0.05538591369986534
        ],
        [
            0.1424064040184021,
            0.044593021273612976,
            0.05963224545121193
        ],
        [
            0.14457525312900543,
            0.04459543526172638,
            0.0577157661318779
        ],
        [
            0.14584216475486755,
            0.04647966846823692,
            0.05374561622738838
        ],
        [
            0.13301680982112885,
            0.00469575822353363,
            0.016689419746398926
        ],
        [
            0.15987150371074677,
            0.03937499597668648,
            0.0398123674094677
        ],
        [
            0.16009609401226044,
            0.03169585019350052,
            0.049978531897068024
        ],
        [
            0.12377126514911652,
            -0.0034280307590961456,
            0.012165307998657227
        ],
        [
            0.11775669455528259,
            -0.007101017981767654,
            0.019147388637065887
        ],
        [
            0.11435039341449738,
            -0.011729765683412552,
            0.011069826781749725
        ],
        [
            0.1381808966398239,
            0.02186858281493187,
            0.0782787948846817
        ],
        [
            0.11842518299818039,
            -0.001452859491109848,
            0.037342969328165054
        ],
        [
            0.11277303844690323,
            -0.007704924792051315,
            0.025099799036979675
        ],
        [
            0.10848884284496307,
            -0.013257592916488647,
            0.015734657645225525
        ],
        [
            0.106299988925457,
            -0.017695654183626175,
            0.00888223946094513
        ],
        [
            0.11289366334676743,
            -0.015475563704967499,
            0.004450850188732147
        ],
        [
            0.11642661690711975,
            0.050639789551496506,
            0.1135518029332161
        ],
        [
            0.12324820458889008,
            0.05630245804786682,
            0.11173874139785767
        ],
        [
            0.11209578067064285,
            -0.021061372011899948,
            -0.0028126612305641174
        ],
        [
            0.10441228002309799,
            -0.022766124457120895,
            0.002299763262271881
        ],
        [
            0.10580010712146759,
            -0.008009534329175949,
            0.03131634742021561
        ],
        [
            0.0963551476597786,
            -0.006902735680341721,
            0.03827397897839546
        ],
        [
            0.11136867105960846,
            -0.0016931183636188507,
            0.04282095283269882
        ],
        [
            0.10269317030906677,
            -0.00043586641550064087,
            0.05069713667035103
        ],
        [
            0.13159425556659698,
            0.014700956642627716,
            0.08453826606273651
        ],
        [
            0.12278520315885544,
            0.07509934902191162,
            0.10714029520750046
        ],
        [
            0.12520059943199158,
            0.06370564550161362,
            0.10696147382259369
        ],
        [
            0.12300112098455429,
            0.06332753598690033,
            0.10133975744247437
        ],
        [
            0.12299147248268127,
            0.07423342764377594,
            0.1028691902756691
        ],
        [
            0.1248399093747139,
            0.05759799852967262,
            0.10447826236486435
        ],
        [
            0.12287355959415436,
            0.06232478469610214,
            0.11238313466310501
        ],
        [
            0.08957242965698242,
            0.004356540739536285,
            0.05711393803358078
        ],
        [
            0.11720877885818481,
            0.04183486849069595,
            0.08675657212734222
        ],
        [
            0.07960698008537292,
            0.00046273693442344666,
            0.04336770996451378
        ],
        [
            0.07876525819301605,
            0.01406743936240673,
            0.06627008318901062
        ],
        [
            0.07094079256057739,
            0.01380508579313755,
            0.055424947291612625
        ],
        [
            0.0680810883641243,
            -0.00156320258975029,
            0.029382720589637756
        ],
        [
            0.06315616518259048,
            0.011018345132470131,
            0.04120567440986633
        ],
        [
            0.07080241292715073,
            -0.01277722418308258,
            0.013939589262008667
        ],
        [
            0.0710526704788208,
            -0.007950134575366974,
            0.02173629403114319
        ],
        [
            0.06240296736359596,
            0.025152677670121193,
            0.051044024527072906
        ],
        [
            0.10829247534275055,
            0.07044099271297455,
            0.09977923333644867
        ],
        [
            0.11401811987161636,
            0.07059821486473083,
            0.097464919090271
        ],
        [
