{
    "pred_cam": [
        9.590129852294922,
        0.10399090498685837,
        -0.06479895859956741
    ],
    "pred_mano_params": {
        "global_orient": [
            [
                [
                    0.05172927305102348,
                    -0.3374495804309845,
                    0.9399212002754211
                ],
                [
                    -0.9755256772041321,
                    -0.21848797798156738,
                    -0.024752561002969742
                ],
                [
                    0.21371425688266754,
                    -0.9156367778778076,
                    -0.34049296379089355
                ]
            ]
        ],
        "hand_pose": [
            [
                [
                    0.019991077482700348,
                    -0.996259331703186,
                    -0.08406943082809448
                ],
                [
                    0.9809149503707886,
                    0.003277963725849986,
                    0.19440960884094238
                ],
                [
                    -0.1934068202972412,
                    -0.0863514319062233,
                    0.9773111939430237
                ]
            ],
            [
                [
                    0.7285863757133484,
                    -0.6787342429161072,
                    0.09209680557250977
                ],
                [
                    0.6630046963691711,
                    0.6650696396827698,
                    -0.34366732835769653
                ],
                [
                    0.1720079630613327,
                    0.31145191192626953,
                    0.9345646500587463
                ]
            ],
            [
                [
                    0.9295139908790588,
                    -0.062246568500995636,
                    -0.3634955883026123
                ],
                [
                    0.07154946774244308,
                    0.9973628520965576,
                    0.012170224450528622
                ],
                [
                    0.3617793917655945,
                    -0.03732030838727951,
                    0.9315164089202881
                ]
            ],
            [
                [
                    -0.18888932466506958,
                    -0.9398627281188965,
                    -0.2845679223537445
                ],
                [
                    0.9099218249320984,
                    -0.27648669481277466,
                    0.30918824672698975
                ],
                [
                    -0.36927375197410583,
                    -0.2005322277545929,
                    0.9074270129203796
                ]
            ],
            [
                [
                    0.8542544841766357,
                    -0.4201229214668274,
                    -0.3061796724796295
                ],
                [
                    0.47717997431755066,
                    0.8673940300941467,
                    0.14116230607032776
                ],
                [
                    0.2062729150056839,
                    -0.2666913568973541,
                    0.9414494633674622
                ]
            ],
            [
                [
                    0.9168345332145691,
                    0.14507298171520233,
                    -0.3719789385795593
                ],
                [
                    -0.0942797139286995,
                    0.9839699268341064,
                    0.1513756364583969
                ],
                [
                    0.38797658681869507,
                    -0.10371632874011993,
                    0.9158150553703308
                ]
            ],
            [
                [
                    -0.05945538356900215,
                    -0.9703419804573059,
                    0.23431050777435303
                ],
                [
                    0.727856457233429,
                    0.1184958964586258,
                    0.6754137277603149
                ],
                [
                    -0.6831471920013428,
                    0.21070139110088348,
                    0.6992244720458984
                ]
            ],
            [
                [
                    0.7335202693939209,
                    -0.6326554417610168,
                    -0.24838504195213318
                ],
                [
                    0.6767249703407288,
                    0.6458579301834106,
                    0.35342729091644287
                ],
                [
                    -0.063176229596138,
                    -0.4273344874382019,
                    0.901883602142334
                ]
            ],
            [
                [
                    0.9512329697608948,
                    -0.2318936586380005,
                    -0.20342344045639038
                ],
                [
                    0.25292539596557617,
                    0.9638338685035706,
                    0.08398237079381943
                ],
                [
                    0.1765914112329483,
                    -0.1313377469778061,
                    0.9754823446273804
                ]
            ],
            [
                [
                    -0.11011189222335815,
                    -0.972260057926178,
                    0.20636320114135742
                ],
                [
                    0.9387186765670776,
                    -0.03349995240569115,
                    0.3430524170398712
                ],
                [
                    -0.32662299275398254,
                    0.23149113357067108,
                    0.9163674116134644
                ]
            ],
            [
                [
                    0.9088672995567322,
                    -0.3632039725780487,
                    -0.20504409074783325
                ],
                [
                    0.4164012670516968,
                    0.7620115280151367,
                    0.4959316551685333
                ],
                [
                    -0.023878371343016624,
                    -0.5361167192459106,
                    0.8438059687614441
                ]
            ],
            [
                [
                    0.8879214525222778,
                    -0.08148045837879181,
                    -0.45272108912467957
                ],
                [
                    0.13694441318511963,
                    0.9863844513893127,
                    0.0910601019859314
                ],
                [
                    0.43913742899894714,
                    -0.1428518444299698,
                    0.8869901895523071
                ]
            ],
            [
                [
                    0.9670090079307556,
                    0.13393373787403107,
                    -0.2166919857263565
                ],
                [
                    -0.24062791466712952,
                    0.7594603896141052,
                    -0.6044154763221741
                ],
                [
                    0.08361737430095673,
                    0.6366173028945923,
                    0.7666332125663757
                ]
            ],
            [
                [
                    0.9345496892929077,
                    -0.30778396129608154,
                    -0.17856627702713013
                ],
                [
                    0.35360366106033325,
                    0.7472102642059326,
                    0.562708854675293
                ],
                [
                    -0.03976624086499214,
                    -0.5890210866928101,
                    0.8071386814117432
                ]
            ],
            [
                [
                    0.9681408405303955,
                    -0.10592195391654968,
                    -0.2269006073474884
                ],
                [
                    -0.06155773252248764,
                    0.7776490449905396,
                    -0.6256777048110962
                ],
                [
                    0.2427220344543457,
                    0.6197116374969482,
                    0.7463535070419312
                ]
            ]
        ],
        "betas": [
            -0.05913996696472168,
            0.07635071873664856,
            -0.03991258144378662,
            0.025373250246047974,
            0.008130788803100586,
            -0.07320397347211838,
            0.011617928743362427,
            -0.025763630867004395,
            0.015919476747512817,
            -0.02550506591796875
        ]
    },
    "pred_cam_t": [
        -0.10399090498685837,
        -0.06479895859956741,
        4.073198318481445
    ],
    "focal_length": [
        5000.0,
        5000.0
    ],
    "pred_keypoints_3d": [
        [
            0.09596320986747742,
            0.0064030056819319725,
            0.0061773378401994705
        ],
        [
            0.12432460486888885,
            0.03279184550046921,
            0.006528398022055626
        ],
        [
            0.14225351810455322,
            0.057852789759635925,
            0.003733689896762371
        ],
        [
            0.15084698796272278,
            0.08361171185970306,
            0.0022724508307874203
        ],
        [
            0.1558341085910797,
            0.11772239953279495,
            0.011564761400222778
        ],
        [
            0.11270831525325775,
            0.09330663830041885,
            -0.015046147629618645
        ],
        [
            0.13084453344345093,
            0.10476889461278915,
            0.010176019743084908
        ],
        [
            0.13708242774009705,
            0.09305571019649506,
            0.02805323526263237
        ],
        [
            0.1364586055278778,
            0.08447567373514175,
            0.052345044910907745
        ],
        [
            0.08839201927185059,
            0.09944099187850952,
            -0.011675115674734116
        ],
        [
            0.10475098341703415,
            0.10038455575704575,
            0.015569156035780907
        ],
        [
            0.11247482895851135,
            0.08659319579601288,
            0.032718725502491
        ],
        [
            0.11015992611646652,
            0.07572858780622482,
            0.05708128213882446
        ],
        [
            0.06791035830974579,
            0.08784879744052887,
            0.0013866527006030083
        ],
        [
            0.08225131034851074,
            0.09390351921319962,
            0.025735653936862946
        ],
        [
            0.08794022351503372,
            0.08295463025569916,
            0.04731999337673187
        ],
        [
            0.08228607475757599,
            0.07226937264204025,
            0.07100310176610947
        ],
        [
            0.05504203960299492,
            0.07689778506755829,
            0.015363600105047226
        ],
        [
            0.06473039090633392,
            0.08328473567962646,
            0.03307153284549713
        ],
        [
            0.06732118874788284,
            0.07354483753442764,
            0.04918474704027176
        ],
        [
            0.06582832336425781,
            0.062099605798721313,
            0.06549990922212601
        ]
    ],
    "pred_vertices": [
        [
            0.1140725165605545,
            0.058631569147109985,
            0.005623633041977882
        ],
        [
            0.11463199555873871,
            0.04907556623220444,
            0.010257776826620102
        ],
        [
            0.12196221202611923,
            0.05728188529610634,
            0.009655885398387909
        ],
        [
            0.12143893539905548,
            0.06509535759687424,
            0.004645673558115959
        ],
        [
            0.1296570748090744,
            0.042193640023469925,
            0.022730320692062378
        ],
        [
            0.13894052803516388,
            0.034577131271362305,
            0.021271366626024246
        ],
        [
            0.14565862715244293,
            0.050732068717479706,
            0.018001969903707504
        ],
        [
            0.13731099665164948,
            0.05534040555357933,
            0.020746901631355286
        ],
        [
            0.12722016870975494,
            0.07044126838445663,
            0.0016096532344818115
        ],
        [
            0.12784022092819214,
            0.06413447856903076,
            0.008860183879733086
        ],
        [
            0.12984831631183624,
            0.07044073939323425,
            -0.0030593182891607285
        ],
        [
            0.12747500836849213,
            0.07494288682937622,
            -0.014588204212486744
        ],
        [
            0.12589868903160095,
            0.07569090276956558,
            -0.006754438392817974
        ],
        [
            0.12457368522882462,
            0.0809364765882492,
            -0.019609780982136726
        ],
        [
            0.12562409043312073,
            0.06642237305641174,
            -0.022138558328151703
        ],
        [
            0.11856377869844437,
            0.0802912637591362,
            -0.027430398389697075
        ],
        [
            0.09889387339353561,
            0.0570296049118042,
            -0.02486572600901127
        ],
        [
            0.0864824652671814,
            0.0537753701210022,
            -0.020236842334270477
        ],
        [
            0.0828050747513771,
            0.07220830023288727,
            -0.023688703775405884
        ],
        [
            0.09630270302295685,
            0.0739627256989479,
            -0.026970846578478813
        ],
        [
            0.06785430014133453,
            0.06266302615404129,
            -0.011609887704253197
        ],
        [
            0.0760967880487442,
            0.06861621141433716,
            -0.01818147860467434
        ],
        [
            0.07903871685266495,
            0.05024600401520729,
            -0.01622185669839382
        ],
        [
            0.07181280106306076,
            0.04583936929702759,
            -0.010217541828751564
        ],
        [
            0.10104124248027802,
            0.04983556270599365,
            0.009611344896256924
        ],
        [
            0.10127221792936325,
            0.039610110223293304,
            0.013468253426253796
        ],
        [
            0.10587934404611588,
            0.04224904626607895,
            0.011298196390271187
        ],
        [
            0.10582130402326584,
            0.05195310711860657,
            0.0077659450471401215
        ],
        [
            0.13844281435012817,
            0.06775003671646118,
            -0.005975397303700447
        ],
        [
            0.13623164594173431,
            0.058693766593933105,
            -0.012058792635798454
        ],
        [
            0.13218748569488525,
            0.06552419066429138,
            -0.010152055881917477
        ],
        [
            0.13625718653202057,
            0.07060590386390686,
            -0.0016378490254282951
        ],
        [
            0.09705232083797455,
            0.01541060209274292,
            0.02889319881796837
        ],
        [
            0.09794940054416656,
            0.0023659393191337585,
            0.025126680731773376
        ],
        [
            0.10326047986745834,
            0.002843797206878662,
            0.022572673857212067
        ],
        [
            0.10105109214782715,
            0.014668717980384827,
            0.0261924359947443
        ],
        [
            0.12520359456539154,
            0.012484937906265259,
            0.019551219418644905
        ],
        [
            0.12015467137098312,
            0.0031486228108406067,
            0.015258420258760452
        ],
        [
            0.12635058164596558,
            -0.0034538954496383667,
            0.004597742110490799
        ],
        [
            0.13107316195964813,
            0.006120987236499786,
            0.005215641111135483
        ],
        [
            0.13245441019535065,
            0.023563891649246216,
            0.021605513989925385
        ],
        [
            0.13846588134765625,
            0.017067909240722656,
            0.010619178414344788
        ],
        [
            0.14448246359825134,
            0.029700085520744324,
            0.012208659201860428
        ],
        [
            0.14987052977085114,
            0.046832580119371414,
            0.01030922494828701
        ],
        [
            0.08544597774744034,
            0.0007418692111968994,
            0.02787015214562416
        ],
        [
            0.08313459903001785,
            0.01005391776561737,
            0.031624432653188705
        ],
        [
            0.13490572571754456,
            0.0910346657037735,
            0.009356841444969177
        ],
        [
            0.1299031376838684,
            0.0903940424323082,
            0.012861124239861965
        ],
        [
            0.12851223349571228,
            0.08972818404436111,
            0.008938905782997608
        ],
        [
            0.13338306546211243,
            0.09084736555814743,
            0.00605199858546257
        ],
        [
            0.06829125434160233,
            0.004472158849239349,
            0.017494983971118927
        ],
        [
            0.06588562577962875,
            0.003719039261341095,
            0.0076885102316737175
        ],
        [
            0.06648427248001099,
            -0.0031243041157722473,
            0.010231619700789452
        ],
        [
            0.07055915147066116,
            -0.0026917532086372375,
            0.0187586210668087
        ],
        [
            0.06529371440410614,
            0.013911984860897064,
            0.01578604057431221
        ],
        [
            0.06565169990062714,
            0.013382703065872192,
            0.00446739699691534
        ],
        [
            0.13879184424877167,
            0.10338496416807175,
            0.009799957275390625
        ],
        [
            0.14006055891513824,
            0.09839051961898804,
            0.008535327389836311
        ],
        [
            0.13772112131118774,
            0.10008388012647629,
            0.004087112843990326
        ],
        [
            0.13532879948616028,
            0.10505697131156921,
            0.004873896017670631
        ],
        [
            0.12142538279294968,
            0.0728553980588913,
            -0.0006574764847755432
        ],
        [
            0.11413055658340454,
            0.0680006742477417,
            0.0031484458595514297
        ],
        [
            0.11570568382740021,
            0.08590308576822281,
            -0.0068170116282999516
        ],
        [
            0.11469364911317825,
            0.08040642738342285,
            -0.0026563750579953194
        ],
        [
            0.1205674335360527,
            0.0799826830625534,
            -0.006296347826719284
        ],
        [
            0.12071946263313293,
            0.08484163880348206,
            -0.009700484573841095
        ],
        [
            0.09459836035966873,
            0.07103751599788666,
            0.005458957515656948
        ],
        [
            0.09638838469982147,
            0.05984185263514519,
            0.007611379958689213
        ],
        [
            0.10179919749498367,
            0.06275817006826401,
            0.0050350697711110115
        ],
        [
            0.1017087772488594,
            0.07529433071613312,
            0.002858281135559082
        ],
        [
            0.08502940833568573,
            0.05623038858175278,
            0.01549418456852436
        ],
        [
            0.08399901539087296,
            0.06732751429080963,
            0.012198010459542274
        ],
        [
            0.0776122659444809,
            0.06372115015983582,
            0.01691945642232895
        ],
        [
            0.07985661923885345,
            0.05684064328670502,
            0.01943458989262581
        ],
        [
            0.08457352966070175,
            0.08622946590185165,
            0.004364857915788889
        ],
        [
            0.0839855745434761,
            0.08935572952032089,
            0.0009009786881506443
        ],
        [
            0.08205324411392212,
            0.08692149817943573,
            0.004733176901936531
        ],
        [
            0.08216182887554169,
            0.08413197100162506,
            0.006520708091557026
        ],
        [
            0.06713127344846725,
            -0.010109394788742065,
            0.01161511242389679
        ],
        [
            0.07334960997104645,
            -0.009486556053161621,
            0.01926611363887787
        ],
        [
            0.053110893815755844,
            0.054199859499931335,
            0.0031976760365068913
        ],
        [
            0.05206915736198425,
            0.048517197370529175,
            0.013231632299721241
        ],
        [
            0.047712668776512146,
            0.0620536282658577,
            0.01289900578558445
        ],
        [
            0.04914155602455139,
            0.06536823511123657,
            0.0008378964848816395
        ],
        [
            0.06918765604496002,
            0.005063943564891815,
            -0.0021209914702922106
        ],
        [
            0.06750372797250748,
            -0.0022705569863319397,
            0.00020982747082598507
        ],
        [
            0.1343144327402115,
            0.10707321017980576,
            0.01270686648786068
        ],
        [
            0.13085626065731049,
            0.10822269320487976,
            0.008056173101067543
        ],
        [
            0.14246879518032074,
            0.02538362890481949,
            -0.0008606966584920883
        ],
        [
            0.14976376295089722,
            0.04468982294201851,
            0.001171208918094635
        ],
        [
            0.13429024815559387,
            0.011852160096168518,
            -0.0035377927124500275
        ],
        [
            0.12761040031909943,
            0.003054022789001465,
            -0.0060149626806378365
        ],
        [
            0.12468841671943665,
            -0.005336970090866089,
            -0.007322903722524643
        ],
        [
            0.10859024524688721,
            0.08317682892084122,
            -0.0013370737433433533
        ],
        [
            0.10760616511106491,
            0.061440907418727875,
            0.005013332702219486
        ],
        [
            0.09679877758026123,
            0.048263080418109894,
            0.011932367458939552
        ],
        [
            0.0713719055056572,
            0.04529324173927307,
            0.02970408834517002
        ],
        [
            0.0737140104174614,
            0.03545078635215759,
            0.031957484781742096
        ],
        [
            0.08233484625816345,
            0.04083053395152092,
            0.028005462139844894
        ],
        [
            0.0782930925488472,
            0.048231326043605804,
            0.02630327083170414
        ],
        [
            0.054922472685575485,
            0.049205634742975235,
            0.022988153621554375
        ],
        [
            0.061746690422296524,
            0.05228215456008911,
            0.02686157450079918
        ],
        [
            0.05906672403216362,
            0.05970446765422821,
            0.024751940742135048
        ],
        [
            0.051435913890600204,
            0.059379298239946365,
            0.021030809730291367
        ],
        [
            0.1448536217212677,
            0.06464652717113495,
            -0.008460023440420628
        ],
        [
            0.1409914791584015,
            0.052706677466630936,
            -0.012324931100010872
        ],
        [
            0.07435555756092072,
            0.005900539457798004,
            0.02613998018205166
        ],
        [
            0.0781293660402298,
            -0.0009720027446746826,
            0.025398725643754005
        ],
        [
            0.07981286197900772,
            -0.009204849600791931,
            0.02367204986512661
        ],
        [
            0.10062102228403091,
            0.027633018791675568,
            0.02162833884358406
        ],
        [
            0.1039670780301094,
            0.014186359941959381,
            0.024524768814444542
        ],
        [
            0.10824790596961975,
            0.015604913234710693,
            0.023519420996308327
        ],
        [
            0.10286503285169601,
            0.028411053121089935,
            0.019601374864578247
        ],
        [
            0.11596980690956116,
            0.040309153497219086,
            0.01788177154958248
        ],
        [
            0.12081728875637054,
            0.029030725359916687,
            0.023656323552131653
        ],
        [
            0.12304811924695969,
            0.051177166402339935,
            0.017526069656014442
        ],
        [
            0.11073784530162811,
            0.00177745521068573,
            0.019374782219529152
        ],
        [
            0.10496794432401657,
            -0.00736776739358902,
            0.021932680159807205
        ],
        [
            0.11268792301416397,
            -0.007395811378955841,
            0.01741958037018776
        ],
        [
            0.09554216265678406,
            -0.00826108455657959,
            0.024670157581567764
        ],
        [
            0.08664999902248383,
            -0.008879020810127258,
            0.025613933801651
        ],
        [
            0.06546162813901901,
            -0.010582216084003448,
            -0.00025641918182373047
        ],
        [
            0.11896844953298569,
            -0.006706789135932922,
            0.011803420260548592
        ],
        [
            0.14252923429012299,
            0.06313546746969223,
            0.01715569756925106
        ],
        [
            0.14669202268123627,
            0.0696309357881546,
            0.013971581123769283
        ],
        [
            0.13972343504428864,
            0.0717921108007431,
            0.011806895956397057
        ],
        [
            0.13564041256904602,
            0.06622077524662018,
            0.013983089476823807
        ],
        [
            0.12217950075864792,
            0.08864827454090118,
            -0.020587371662259102
        ],
        [
            0.12343627959489822,
            0.08639981597661972,
            -0.01439603976905346
        ],
        [
            0.12536372244358063,
            0.07976357638835907,
            -0.012211252003908157
        ],
        [
            0.0908207818865776,
            0.02518540620803833,
            0.029968522489070892
        ],
        [
            0.07931171357631683,
            0.02021045982837677,
            0.03246027231216431
        ],
        [
            0.11070345342159271,
            0.08786079287528992,
            -0.004940199200063944
        ],
        [
            0.1320444494485855,
            0.1058628037571907,
            0.00020335335284471512
        ],
        [
            0.1350194662809372,
            0.10053367167711258,
            -0.001100817695260048
        ],
        [
            0.12544521689414978,
            0.09374821186065674,
            -0.01659007929265499
        ],
        [
            0.12193132191896439,
            0.10022351890802383,
            -0.015805386006832123
        ],
        [
            0.1074368953704834,
            0.09201617538928986,
            -0.004695565905421972
        ],
        [
            0.11208603531122208,
            0.08642299473285675,
            -0.0049356333911418915
        ],
        [
            0.1128680631518364,
            0.08619513362646103,
            -0.00371633842587471
        ],
        [
            0.1096309944987297,
            0.09096529334783554,
            0.00010385224595665932
        ],
        [
            0.07515862584114075,
            0.08211465924978256,
            0.009350299835205078
        ],
        [
            0.07606326043605804,
            0.07971717417240143,
            0.011040817014873028
        ],
        [
            0.09509389847517014,
            0.0904180258512497,
            -0.022714529186487198
        ],
        [
            0.10711175203323364,
            0.09087829291820526,
            -0.030218813568353653
        ],
        [
            0.10863126814365387,
            0.07584160566329956,
            -0.030939709395170212
        ],
        [
            0.08862240612506866,
            0.06815320253372192,
            0.009022623300552368
        ],
        [
            0.0863402709364891,
            0.07792513072490692,
            0.00738681573420763
        ],
        [
            0.0829569473862648,
            0.0764581635594368,
            0.009336576797068119
        ],
        [
            0.10516735166311264,
            0.08596979081630707,
            -0.0010229973122477531
        ],
        [
            0.10556575655937195,
            0.09081152826547623,
            -0.0035849097184836864
        ],
        [
            0.10139913111925125,
            0.09002222120761871,
            -0.002381890080869198
        ],
        [
            0.10096687078475952,
            0.08375098556280136,
            0.0008156048133969307
        ],
        [
            0.05614443123340607,
            0.03545568883419037,
            0.013745332136750221
        ],
        [
            0.05898480862379074,
            0.036799050867557526,
            0.02522611804306507
        ],
        [
            0.13853058218955994,
            0.09394555538892746,
            0.008112916722893715
        ],
        [
            0.1367727518081665,
            0.09470521658658981,
            0.004217682406306267
        ],
        [
            0.09054502844810486,
            0.05724935606122017,
            0.01113150268793106
        ],
        [
            0.11003141850233078,
            0.06007157638669014,
            -0.02614568918943405
        ],
        [
            0.09236820787191391,
            0.04671101272106171,
            0.01485125720500946
        ],
        [
            0.061986975371837616,
            0.08114926517009735,
            0.0002088705077767372
        ],
        [
            0.06253564357757568,
            0.08113379031419754,
            0.009247218258678913
        ],
        [
            0.06397143751382828,
            0.08344464004039764,
            0.011090612970292568
        ],
        [
            0.06401833891868591,
            0.08612821996212006,
            0.006066817324608564
        ],
        [
            0.11783087253570557,
            0.09611087292432785,
            0.011180395260453224
        ],
        [
            0.12163304537534714,
            0.09140853583812714,
            0.010217273607850075
        ],
        [
            0.12348811328411102,
            0.09161500632762909,
            0.012221713550388813
        ],
        [
            0.120448537170887,
            0.09651109576225281,
            0.014101693406701088
        ],
        [
            0.11629018932580948,
            0.08392517268657684,
            -0.00795093271881342
        ],
        [
            0.1206459254026413,
            0.08497849851846695,
            -0.011289041489362717
        ],
        [
            0.12257114797830582,
            0.0836811438202858,
            -0.009738162159919739
        ],
        [
            0.11760692298412323,
            0.08423776924610138,
            -0.005785890854895115
        ],
        [
            0.12328524142503738,
            0.08687637746334076,
            -0.01636228710412979
        ],
        [
            0.12540775537490845,
            0.08751817047595978,
            -0.01439461950212717
        ],
        [
            0.1174304187297821,
            0.1025560274720192,
            0.010259195230901241
        ],
        [
            0.12170156091451645,
            0.10801621526479721,
            0.007039282936602831
        ],
        [
            0.11051370948553085,
            0.10336410999298096,
            -0.006670491769909859
        ],
        [
            0.10912898182868958,
            0.0986495167016983,
            -6.538932211697102e-05
        ],
        [
            0.07437805086374283,
            0.03035081923007965,
            -0.01039313804358244
        ],
        [
            0.066578708589077,
            0.02764061838388443,
            -0.0027742411475628614
        ],
        [
            0.06349005550146103,
            0.0429888516664505,
            -0.002647432731464505
        ],
        [
            0.05893094465136528,
            0.058660998940467834,
            -0.0034282011911273003
        ],
        [
            0.05697159096598625,
            0.07357211410999298,
            -0.0038431906141340733
        ],
        [
            0.06452371180057526,
            0.0769646167755127,
            -0.012749211862683296
        ],
        [
            0.05863093584775925,
            0.03955935686826706,
            0.003401455469429493
        ],
        [
            0.09819294512271881,
            0.0940011590719223,
            -0.013903044164180756
        ],
        [
            0.10284479707479477,
            0.09789997339248657,
            -0.016633398830890656
        ],
        [
            0.0960259735584259,
            0.09518267214298248,
            -0.017969811335206032
        ],
        [
            0.08694543689489365,
            0.04579375684261322,
            0.01999211497604847
        ],
        [
            0.13500352203845978,
            0.09511157125234604,
            -0.0004013543948531151
        ],
        [
            0.10820100456476212,
            0.0028476640582084656,
            -0.019827451556921005
        ],
        [
            0.09481142461299896,
            0.00224883109331131,
            -0.019259721040725708
        ],
        [
            0.09656430035829544,
            0.010901466012001038,
            -0.019746214151382446
        ],
        [
            0.11178633570671082,
            0.011664323508739471,
            -0.01954292133450508
        ],
        [
            0.127431258559227,
            0.08904718607664108,
            0.006778057664632797
        ],
        [
            0.13230222463607788,
            0.09005569666624069,
            0.0024840356782078743
        ],
        [
            0.0710582435131073,
            0.0788116380572319,
            0.01542942225933075
        ],
        [
            0.07060614973306656,
            0.08171195536851883,
            0.013271169736981392
        ],
        [
            0.06775906682014465,
            0.08071872591972351,
            0.014511508867144585
        ],
        [
            0.06628113240003586,
            0.07952199876308441,
            0.018054639920592308
        ],
        [
            0.06347913295030594,
            0.024997249245643616,
            0.0017941725673153996
        ],
        [
            0.04929540306329727,
            0.07166096568107605,
            0.018203454092144966
        ],
        [
            0.05109244957566261,
            0.07445871829986572,
            0.006086552515625954
        ],
        [
            0.06939233839511871,
            0.014614462852478027,
            -0.0033466792665421963
        ],
        [
            0.0758148580789566,
            0.01672179251909256,
            -0.01048870850354433
        ],
        [
            0.07622302323579788,
            0.006880834698677063,
            -0.010390302166342735
        ],
        [
            0.07618166506290436,
            0.08565232902765274,
            -0.015092993155121803
        ],
        [
            0.08040434122085571,
            0.03447917848825455,
            -0.015263218432664871
        ],
        [
            0.08169203251600266,
            0.019786275923252106,
            -0.014472773298621178
        ],
        [
            0.08245505392551422,
            0.008163601160049438,
            -0.014496797695755959
        ],
        [
            0.08204421401023865,
            -0.00023409724235534668,
            -0.014799782074987888
        ],
        [
            0.0753343254327774,
            -0.0007747039198875427,
            -0.01015261746942997
        ],
        [
            0.1270441710948944,
            0.10821124911308289,
            0.0035690777003765106
        ],
        [
            0.12503834068775177,
            0.10804616659879684,
            0.012334424071013927
        ],
        [
            0.07326960563659668,
            -0.00962577760219574,
            -0.011073952540755272
        ],
        [
            0.08127061277627945,
            -0.008610174059867859,
            -0.01573476754128933
        ],
        [
            0.08959569782018661,
            0.02262309193611145,
            -0.018418088555336
        ],
        [
            0.09989702701568604,
            0.025766558945178986,
            -0.02177894487977028
        ],
        [
            0.08817104995250702,
            0.036754585802555084,
            -0.0188264362514019
        ],
        [
            0.09819930046796799,
            0.04109744727611542,
            -0.02250945195555687
        ],
        [
            0.08168943971395493,
            0.08691628277301788,
            -0.025335142388939857
        ],
        [
            0.1314219832420349,
            0.10110915452241898,
            0.02836407534778118
        ],
        [
            0.12470806390047073,
            0.10327094048261642,
            0.019496064633131027
        ],
        [
            0.12317665666341782,
            0.09763173013925552,
            0.018564190715551376
        ],
        [
            0.12863299250602722,
            0.09778926521539688,
            0.02798951044678688
        ],
        [
            0.12069270759820938,
            0.10248205065727234,
            0.014339452609419823
        ],
        [
            0.12843629717826843,
            0.10697776824235916,
            0.017074506729841232
        ],
        [
            0.11253773421049118,
            0.0441114641726017,
            -0.023184766992926598
        ],
        [
            0.10057172924280167,
            0.09294596314430237,
            -0.007197564467787743
        ],
        [
            0.1175009161233902,
            0.027492210268974304,
            -0.01985950395464897
        ],
        [
            0.1272188127040863,
            0.05235251039266586,
            -0.02202438935637474
        ],
        [
            0.13195478916168213,
            0.04042122885584831,
            -0.01748514361679554
        ],
        [
            0.12461111694574356,
            0.011661410331726074,
            -0.015272267162799835
        ],
        [
            0.13498811423778534,
            0.02490604668855667,
            -0.012944618239998817
        ],
        [
            0.11735804378986359,
            -0.004859790205955505,
            -0.015714190900325775
        ],
        [
            0.119471475481987,
            0.003658995032310486,
            -0.01587512157857418
        ],
        [
            0.14325988292694092,
            0.039118021726608276,
            -0.009256921708583832
        ],
        [
            0.13544705510139465,
