{
    "pred_cam": [
        11.248126983642578,
        -0.05739256739616394,
        -0.05718381330370903
    ],
    "pred_mano_params": {
        "global_orient": [
            [
                [
                    0.7294843196868896,
                    -0.022311091423034668,
                    -0.6836336255073547
                ],
                [
                    -0.27786609530448914,
                    -0.9229472279548645,
                    -0.26638099551200867
                ],
                [
                    -0.6250145435333252,
                    0.3842793405056,
                    -0.6794750094413757
                ]
            ]
        ],
        "hand_pose": [
            [
                [
                    0.1473851352930069,
                    -0.9792534112930298,
                    -0.1390698403120041
                ],
                [
                    0.9810962677001953,
                    0.16257134079933167,
                    -0.10498030483722687
                ],
                [
                    0.12541109323501587,
                    -0.12096834927797318,
                    0.984702467918396
                ]
            ],
            [
                [
                    -0.03292015194892883,
                    -0.9632583260536194,
                    0.26655128598213196
                ],
                [
                    0.9860225319862366,
                    -0.07488380372524261,
                    -0.14883579313755035
                ],
                [
                    0.1633276790380478,
                    0.2579258382320404,
                    0.9522596001625061
                ]
            ],
            [
                [
                    0.8078964352607727,
                    -0.557818591594696,
                    0.190109983086586
                ],
                [
                    0.5762532353401184,
                    0.8153097629547119,
                    -0.05658819526433945
                ],
                [
                    -0.12343256920576096,
                    0.15526889264583588,
                    0.9801306128501892
                ]
            ],
            [
                [
                    0.21473278105258942,
                    -0.9366684556007385,
                    -0.2766624987125397
                ],
                [
                    0.9560399651527405,
                    0.2595050632953644,
                    -0.1365455687046051
                ],
                [
                    0.1996932178735733,
                    -0.2351795881986618,
                    0.9512167572975159
                ]
            ],
            [
                [
                    0.44877004623413086,
                    -0.8330468535423279,
                    -0.32347846031188965
                ],
                [
                    0.8869056701660156,
                    0.4595603942871094,
                    0.046931590884923935
                ],
                [
                    0.10956166684627533,
                    -0.30795636773109436,
                    0.9450709223747253
                ]
            ],
            [
                [
                    0.800502359867096,
                    -0.5949172377586365,
                    -0.07259083539247513
                ],
                [
                    0.5980833172798157,
                    0.8007635474205017,
                    0.03277331218123436
                ],
                [
                    0.03863068297505379,
                    -0.06965047866106033,
                    0.9968231916427612
                ]
            ],
            [
                [
                    0.4246208071708679,
                    -0.903652012348175,
                    0.05576891824603081
                ],
                [
                    0.8165115118026733,
                    0.4088311791419983,
                    0.4076348841190338
                ],
                [
                    -0.39116016030311584,
                    -0.1275542974472046,
                    0.9114404916763306
                ]
            ],
            [
                [
                    0.42164453864097595,
                    -0.8731012940406799,
                    -0.24476496875286102
                ],
                [
                    0.6491270661354065,
                    0.10216450691223145,
                    0.7537879943847656
                ],
                [
                    -0.6331270933151245,
                    -0.47671419382095337,
                    0.6098307967185974
                ]
            ],
            [
                [
                    0.7995822429656982,
                    -0.6005211472511292,
                    -0.0065279011614620686
                ],
                [
                    0.49642041325569153,
                    0.6547786593437195,
                    0.5699400901794434
                ],
                [
                    -0.3379867374897003,
                    -0.4589545428752899,
                    0.8216603398323059
                ]
            ],
            [
                [
                    0.5971140265464783,
                    -0.8011366128921509,
                    0.04043513908982277
                ],
                [
                    0.8014832735061646,
                    0.5979191064834595,
                    0.010831263847649097
                ],
                [
                    -0.03285426273941994,
                    0.025940587744116783,
                    0.9991234540939331
                ]
            ],
            [
                [
                    0.7553312182426453,
                    -0.6232175230979919,
                    -0.20266886055469513
                ],
                [
                    0.6130346059799194,
                    0.5626135468482971,
                    0.5546661615371704
                ],
                [
                    -0.23165345191955566,
                    -0.5431997179985046,
                    0.8070135116577148
                ]
            ],
            [
                [
                    0.8011199831962585,
                    -0.588111937046051,
                    -0.11104536801576614
                ],
                [
                    0.5929200649261475,
                    0.7545812129974365,
                    0.28116360306739807
                ],
                [
                    -0.08156292140483856,
                    -0.2910868227481842,
                    0.9532134532928467
                ]
            ],
            [
                [
                    0.9621424674987793,
                    0.2662762701511383,
                    -0.058127082884311676
                ],
                [
                    -0.2423544079065323,
                    0.738304853439331,
                    -0.6294204592704773
                ],
                [
                    -0.12468425929546356,
                    0.6196795701980591,
                    0.7748876810073853
                ]
            ],
            [
                [
                    0.7460830807685852,
                    -0.5963800549507141,
                    -0.29612645506858826
                ],
                [
                    0.5347752571105957,
                    0.8016572594642639,
                    -0.26713478565216064
                ],
                [
                    0.3967058062553406,
                    0.040943630039691925,
                    0.9170321822166443
                ]
            ],
            [
                [
                    0.1512385457754135,
                    -0.9758608937263489,
                    0.15755152702331543
                ],
                [
                    0.2698649764060974,
                    -0.11256914585828781,
                    -0.9562956094741821
                ],
                [
                    0.9509468674659729,
                    0.1871463656425476,
                    0.24632586538791656
                ]
            ]
        ],
        "betas": [
            -0.1293119490146637,
            0.04378408193588257,
            -0.10386544466018677,
            0.03172311186790466,
            -0.10352027416229248,
            -0.02756468579173088,
            0.09907582402229309,
            -0.14210006594657898,
            0.06301115453243256,
            0.04257836937904358
        ]
    },
    "pred_cam_t": [
        -0.05739256739616394,
        -0.05718381330370903,
        3.4728004932403564
    ],
    "focal_length": [
        5000.0,
        5000.0
    ],
    "pred_keypoints_3d": [
        [
            0.09629234671592712,
            0.006409649271517992,
            0.00623018154874444
        ],
        [
            0.06130488961935043,
            0.020781613886356354,
            -0.0022912719286978245
        ],
        [
            0.03214028850197792,
            0.029507506638765335,
            -0.008016150444746017
        ],
        [
            0.020666610449552536,
            0.05003184825181961,
            0.005796634592115879
        ],
        [
            0.05259556695818901,
            0.05632335692644119,
            0.009235270321369171
        ],
        [
            0.0174434632062912,
            0.03029782883822918,
            0.04556560143828392
        ],
        [
            0.013111000880599022,
            0.06292950361967087,
            0.040656037628650665
        ],
        [
            0.030177677050232887,
            0.058131322264671326,
            0.026992693543434143
        ],
        [
            0.04597346484661102,
            0.041263941675424576,
            0.017490962520241737
        ],
        [
            0.02914097160100937,
            0.03510851413011551,
            0.06758694350719452
        ],
        [
            0.032952893525362015,
            0.06676936149597168,
            0.06903564184904099
        ],
        [
            0.04915155470371246,
            0.07329342514276505,
            0.05341457203030586
        ],
        [
            0.06536301970481873,
            0.06914402544498444,
            0.033922240138053894
        ],
        [
            0.05482272803783417,
            0.04007674381136894,
            0.0743556097149849
        ],
        [
            0.044331759214401245,
            0.06641876697540283,
            0.08066782355308533
        ],
        [
            0.049572691321372986,
            0.08671487867832184,
            0.06708014011383057
        ],
        [
            0.05691520497202873,
            0.09800022840499878,
            0.045355696231126785
        ],
        [
            0.07584158331155777,
            0.046469736844301224,
            0.07514148205518723
        ],
        [
            0.07361217588186264,
            0.06757566332817078,
            0.07600609213113785
        ],
        [
            0.07973422855138779,
            0.06941357254981995,
            0.05803709104657173
        ],
        [
            0.08226102590560913,
            0.05740705877542496,
            0.04339452087879181
        ]
    ],
    "pred_vertices": [
        [
            0.04829172044992447,
            0.03156551718711853,
            0.019636381417512894
        ],
        [
            0.055740274488925934,
            0.030855251476168633,
            0.012870140373706818
        ],
        [
            0.045147012919187546,
            0.03374078869819641,
            0.010232459753751755
        ],
        [
            0.038616571575403214,
            0.03357768803834915,
            0.016732994467020035
        ],
        [
            0.05941557511687279,
            0.03738808631896973,
            -0.006435666233301163
        ],
        [
            0.0597967728972435,
            0.03195241093635559,
            -0.018768731504678726
        ],
        [
            0.0441957488656044,
            0.0369749516248703,
            -0.017215903848409653
        ],
        [
            0.047820884734392166,
            0.040652334690093994,
            -0.0069002993404865265
        ],
        [
            0.03062496706843376,
            0.032233234494924545,
            0.014855414628982544
        ],
        [
            0.03753218799829483,
            0.03512848913669586,
            0.008386358618736267
        ],
        [
            0.028072455897927284,
            0.02615070529282093,
            0.012904219329357147
        ],
        [
            0.020877040922641754,
            0.021210376173257828,
            0.021510763093829155
        ],
        [
            0.024574831128120422,
            0.028727179393172264,
            0.02187347039580345
        ],
        [
            0.016377495601773262,
            0.020513109862804413,
            0.029227515682578087
        ],
        [
            0.02463195100426674,
            0.010600065812468529,
            0.0200209803879261
        ],
        [
            0.01733294129371643,
            0.012991251423954964,
            0.03570573776960373
        ],
        [
            0.046918608248233795,
            0.0036449171602725983,
            0.03907668963074684
        ],
        [
            0.05859144777059555,
            0.005629740655422211,
            0.046114664524793625
        ],
        [
            0.04691259562969208,
            0.011229179799556732,
            0.05925722047686577
        ],
        [
            0.035966500639915466,
            0.009755115956068039,
            0.05054529011249542
        ],
        [
            0.06759895384311676,
            0.016618678346276283,
            0.06251783668994904
        ],
        [
            0.05578765273094177,
            0.013943873345851898,
            0.06123248115181923
        ],
        [
            0.06717672944068909,
            0.007119219750165939,
            0.049069974571466446
        ],
        [
            0.0770205408334732,
            0.009976230561733246,
            0.05078865587711334
        ],
        [
            0.06455408036708832,
            0.030486714094877243,
            0.024840213358402252
        ],
        [
            0.07285434007644653,
            0.02894780784845352,
            0.01825273036956787
        ],
        [
            0.06686487048864365,
            0.028442051261663437,
            0.016537193208932877
        ],
        [
            0.0592210479080677,
            0.030053984373807907,
            0.022522617131471634
        ],
        [
            0.023968186229467392,
            0.025797266513109207,
            0.0031832940876483917
        ],
        [
            0.026963800191879272,
            0.015495573170483112,
            0.0022719837725162506
        ],
        [
            0.025918766856193542,
            0.019062824547290802,
            0.009134771302342415
        ],
        [
            0.02666196972131729,
            0.028738735243678093,
            0.006072208285331726
        ],
        [
            0.09873274713754654,
            0.030703462660312653,
            0.004373982548713684
        ],
        [
            0.10566584765911102,
            0.021121477708220482,
            -0.00251074880361557
        ],
        [
            0.10109180957078934,
            0.019370393827557564,
            -0.005809858441352844
        ],
        [
            0.0957082211971283,
            0.028146352618932724,
            0.0016215220093727112
        ],
        [
            0.08057041466236115,
            0.0220531914383173,
            -0.01703949272632599
        ],
        [
            0.08799233287572861,
            0.013825105503201485,
            -0.0170375257730484
        ],
        [
            0.0845106914639473,
            0.001333152875304222,
            -0.02311275154352188
        ],
        [
            0.07574737071990967,
            0.006250742822885513,
            -0.021993383765220642
        ],
        [
            0.07029733806848526,
            0.028647178784012794,
            -0.01782717928290367
        ],
        [
            0.06687993556261063,
            0.015709200873970985,
            -0.024121955037117004
        ],
        [
            0.055558279156684875,
            0.022021353244781494,
            -0.02478959411382675
        ],
        [
            0.038579732179641724,
            0.031140753999352455,
            -0.023172445595264435
        ],
        [
            0.1154426634311676,
            0.022222287952899933,
            0.00592600554227829
        ],
        [
            0.11192941665649414,
            0.029872342944145203,
            0.011900827288627625
        ],
        [
            0.01699940860271454,
            0.048764120787382126,
            0.03339039534330368
        ],
        [
            0.022226234897971153,
            0.04976552724838257,
            0.037144459784030914
        ],
        [
            0.021741807460784912,
            0.051073480397462845,
            0.03607473522424698
        ],
        [
            0.01642439141869545,
            0.050041910260915756,
            0.03336958587169647
        ],
        [
            0.11890982836484909,
            0.01415112242102623,
            0.024416595697402954
        ],
        [
            0.1168370246887207,
            0.005066145211458206,
            0.02850046381354332
        ],
        [
            0.12223346531391144,
            0.004081562161445618,
            0.023644622415304184
        ],
        [
            0.12299500405788422,
            0.011930573731660843,
            0.018382668495178223
        ],
        [
            0.11350394040346146,
            0.01707465387880802,
            0.032378729432821274
        ],
        [
            0.10901252180337906,
            0.006858866661787033,
            0.034761447459459305
        ],
        [
            0.010818671435117722,
            0.06028783693909645,
            0.032845139503479004
        ],
        [
            0.011499594897031784,
            0.055229730904102325,
            0.030739353969693184
        ],
        [
            0.008788482286036015,
            0.05539649352431297,
            0.03365364298224449
        ],
        [
            0.008060518652200699,
            0.059502966701984406,
            0.03732657432556152
        ],
        [
            0.03179086744785309,
            0.033144813030958176,
            0.0230061374604702
        ],
        [
            0.04125887528061867,
            0.03408612683415413,
            0.025600962340831757
        ],
        [
            0.023619573563337326,
            0.03462256118655205,
            0.036088623106479645
        ],
        [
            0.030097629874944687,
            0.03508269041776657,
            0.03349445015192032
        ],
        [
            0.025169629603624344,
            0.031971827149391174,
            0.029124269261956215
        ],
        [
            0.020079154521226883,
            0.03190091252326965,
            0.032190952450037
        ],
        [
            0.05206090211868286,
            0.03693593665957451,
            0.042723506689071655
        ],
        [
            0.059676527976989746,
            0.033435121178627014,
            0.03457799181342125
        ],
        [
            0.05331479012966156,
            0.03276943787932396,
            0.032449230551719666
        ],
        [
            0.04379574954509735,
            0.03697388246655464,
            0.04000646620988846
        ],
        [
            0.07217279076576233,
            0.03815722092986107,
            0.03975583612918854
        ],
        [
            0.06364910304546356,
            0.04078693315386772,
            0.047526612877845764
        ],
        [
            0.07179707288742065,
            0.04304350167512894,
            0.04950161650776863
        ],
        [
            0.07638448476791382,
            0.041784968227148056,
            0.043227583169937134
        ],
        [
            0.04640129208564758,
            0.043043751269578934,
            0.05873679369688034
        ],
        [
            0.04239951819181442,
            0.04277828335762024,
            0.06192748248577118
        ],
        [
            0.04483509808778763,
            0.04733844846487045,
            0.06371629983186722
        ],
        [
            0.050076670944690704,
            0.04453498125076294,
            0.05966098606586456
        ],
        [
            0.12721270322799683,
            0.001964915543794632,
            0.019003979861736298
        ],
        [
            0.12620624899864197,
            0.00922764465212822,
            0.012359954416751862
        ],
        [
            0.08788681775331497,
            0.025280853733420372,
            0.06575749814510345
        ],
        [
            0.09616778790950775,
            0.03154395520687103,
            0.061184994876384735
        ],
        [
            0.09017956256866455,
            0.03774566203355789,
            0.07157468795776367
        ],
        [
            0.08253046870231628,
            0.028790997341275215,
            0.07473674416542053
        ],
        [
            0.10989801585674286,
            -0.0027637146413326263,
            0.02913742884993553
        ],
        [
            0.11690673232078552,
            -0.004257176071405411,
            0.02590596303343773
        ],
        [
            0.012968674302101135,
            0.065088652074337,
            0.037401266396045685
        ],
        [
            0.010404180735349655,
            0.0639563798904419,
            0.041936226189136505
        ],
        [
            0.05378422141075134,
            0.009639493189752102,
            -0.021778874099254608
        ],
        [
            0.03480575233697891,
            0.021821320056915283,
            -0.02203107252717018
        ],
        [
            0.06695527583360672,
            0.0015423689037561417,
            -0.019579719752073288
        ],
        [
            0.07545438408851624,
            -0.004838105291128159,
            -0.01790906861424446
        ],
        [
            0.08203216642141342,
            -0.010097336024045944,
            -0.019711576402187347
        ],
        [
            0.032324232161045074,
            0.03721319139003754,
            0.03957844898104668
        ],
        [
            0.050615161657333374,
            0.03233356401324272,
            0.026948386803269386
        ],
        [
            0.06922578066587448,
            0.03159180283546448,
            0.02682001143693924
        ],
        [
            0.0935954749584198,
            0.04490534961223602,
            0.04088446870446205
        ],
        [
            0.10001632571220398,
            0.042124297469854355,
            0.03304193913936615
        ],
        [
            0.08956821262836456,
            0.04158683866262436,
            0.03020744025707245
        ],
        [
            0.0860867127776146,
            0.04357808083295822,
            0.037941016256809235
        ],
        [
            0.09781861305236816,
            0.04060477763414383,
            0.05705700069665909
        ],
        [
            0.09310761094093323,
            0.045758556574583054,
            0.052772510796785355
        ],
        [
            0.08837198466062546,
            0.04784900322556496,
            0.05930805951356888
        ],
        [
            0.09223367273807526,
            0.04406925290822983,
            0.06525470316410065
        ],
        [
            0.02054622396826744,
            0.025424618273973465,
            -0.0033442340791225433
        ],
        [
            0.02834118902683258,
            0.012987714260816574,
            -0.004769723862409592
        ],
        [
            0.117818184196949,
            0.022675028070807457,
            0.018080398440361023
        ],
        [
            0.12000243365764618,
            0.018902698531746864,
            0.011506140232086182
        ],
        [
            0.12392815202474594,
            0.0134773850440979,
            0.006162106990814209
        ],
        [
            0.08497431129217148,
            0.03038301318883896,
            0.010336555540561676
        ],
        [
            0.09358250349760056,
            0.026603568345308304,
            -0.00037970393896102905
        ],
        [
            0.08960437774658203,
            0.026648158207535744,
            -0.0025375522673130035
        ],
        [
            0.08202984929084778,
            0.029100818559527397,
            0.009743999689817429
        ],
        [
            0.06433793902397156,
            0.03330623731017113,
            0.0059896595776081085
        ],
        [
            0.0729488730430603,
            0.03309045359492302,
            -0.005071163177490234
        ],
        [
            0.05287322402000427,
            0.037434861063957214,
            0.004712266847491264
        ],
        [
            0.09608832001686096,
            0.016410600394010544,
            -0.011430434882640839
        ],
        [
            0.10684197396039963,
            0.01396440714597702,
            -0.01260501891374588
        ],
        [
            0.10039956122636795,
            0.010325655341148376,
            -0.017629165202379227
        ],
        [
            0.11424008756875992,
            0.015505250543355942,
            -0.006229013204574585
        ],
        [
            0.12037427723407745,
            0.015629036352038383,
            0.0003520771861076355
        ],
        [
            0.12364400178194046,
            -0.008740585297346115,
            0.02317088097333908
        ],
        [
            0.09387582540512085,
            0.005939837545156479,
            -0.020844854414463043
        ],
        [
            0.04073994606733322,
            0.04129766672849655,
            -0.006714817136526108
        ],
        [
            0.03684119135141373,
            0.04340571165084839,
            -0.004128608852624893
        ],
        [
            0.03700307384133339,
            0.03908321261405945,
            0.0028833001852035522
        ],
        [
            0.04003302752971649,
            0.03719964250922203,
            0.0014786161482334137
        ],
        [
            0.011962922289967537,
            0.024209728464484215,
            0.03603999316692352
        ],
        [
            0.015301458537578583,
            0.028852554038167,
            0.032033294439315796
        ],
        [
            0.0198530163615942,
            0.02665514126420021,
            0.026342693716287613
        ],
        [
            0.09615673124790192,
            0.03607982397079468,
            0.014377016574144363
        ],
        [
            0.10753387212753296,
            0.03535392880439758,
            0.02025935798883438
        ],
        [
            0.026191817596554756,
            0.036639001220464706,
            0.04120229184627533
        ],
        [
            0.006612955592572689,
            0.055562399327754974,
            0.03966033458709717
        ],
        [
            0.0071765221655368805,
            0.05251085013151169,
            0.034386780112981796
        ],
        [
            0.0089940894395113,
            0.03430373594164848,
            0.03649322688579559
        ],
        [
            0.007279548328369856,
            0.036657169461250305,
            0.043395113199949265
        ],
        [
            0.026070188730955124,
            0.03915736824274063,
            0.04790118336677551
        ],
        [
            0.02702457085251808,
            0.03669900819659233,
            0.04070460423827171
        ],
        [
            0.027865100651979446,
            0.03753212094306946,
            0.04074237495660782
        ],
        [
            0.028750812634825706,
            0.0416044183075428,
            0.04650549963116646
        ],
        [
            0.05414793640375137,
            0.04904532805085182,
            0.06468503177165985
        ],
        [
            0.058650314807891846,
            0.04644640162587166,
            0.06070135533809662
        ],
        [
            0.026580343022942543,
            0.020889097824692726,
            0.05959399789571762
        ],
        [
            0.016315588727593422,
            0.015111906453967094,
            0.05236222967505455
        ],
        [
            0.02536705881357193,
            0.007598774507641792,
            0.042501866817474365
        ],
        [
            0.059067726135253906,
            0.03850169852375984,
            0.0450439453125
        ],
        [
            0.05283071845769882,
            0.0418272502720356,
            0.05263028293848038
        ],
        [
            0.05661534145474434,
            0.04285696521401405,
            0.0541752390563488
        ],
        [
            0.032537370920181274,
            0.03870396316051483,
            0.043909959495067596
        ],
        [
            0.02784799598157406,
            0.03879857808351517,
            0.046858593821525574
        ],
        [
            0.031227272003889084,
            0.039854153990745544,
            0.049011796712875366
        ],
        [
            0.03742419183254242,
            0.03930416703224182,
            0.04571187123656273
        ],
        [
            0.10307800769805908,
            0.02549619786441326,
            0.051405489444732666
        ],
        [
            0.1050858199596405,
            0.03633705899119377,
            0.047054510563611984
        ],
        [
            0.013424815610051155,
            0.05093485116958618,
            0.03105652891099453
        ],
        [
            0.011753770522773266,
            0.05183851718902588,
            0.0321325920522213
        ],
        [
            0.06640137732028961,
            0.03504398092627525,
            0.03698861226439476
        ],
        [
            0.03730543702840805,
            0.00418085977435112,
            0.031534839421510696
        ],
        [
            0.07418039441108704,
            0.03319733962416649,
            0.02880246564745903
        ],
        [
            0.0635802149772644,
            0.03433644771575928,
            0.07594948261976242
        ],
        [
            0.06579680740833282,
            0.04350867122411728,
            0.07421935349702835
        ],
        [
            0.062095724046230316,
            0.046334408223629,
            0.0753907859325409
        ],
        [
            0.05917774885892868,
            0.041511911898851395,
            0.0784299373626709
        ],
        [
            0.027562443166971207,
            0.054537802934646606,
            0.04495043307542801
        ],
        [
            0.027629133313894272,
            0.052750635892152786,
            0.038759004324674606
        ],
        [
            0.025419581681489944,
            0.05350233241915703,
            0.040981877595186234
        ],
        [
            0.026146918535232544,
            0.05753462389111519,
            0.045672714710235596
        ],
        [
            0.024606991559267044,
            0.034189678728580475,
            0.035800375044345856
        ],
        [
            0.01948465220630169,
            0.03244798257946968,
            0.032934967428445816
        ],
        [
            0.02070777676999569,
            0.034649256616830826,
            0.031822569668293
        ],
        [
            0.02532840520143509,
            0.036530300974845886,
            0.03591064363718033
        ],
        [
            0.014422280713915825,
            0.029859762638807297,
            0.033129364252090454
        ],
        [
            0.014189410954713821,
            0.03333598002791405,
            0.03247268125414848
        ],
        [
            0.02328830398619175,
            0.0574650913476944,
            0.04945668205618858
        ],
        [
            0.015313870273530483,
            0.060046736150979996,
            0.04907436668872833
        ],
        [
            0.017141342163085938,
            0.04187190905213356,
            0.05422186106443405
        ],
        [
            0.024417255073785782,
            0.04446732997894287,
            0.05234328284859657
        ],
        [
            0.0859794020652771,
            0.0024368315935134888,
            0.04066621512174606
        ],
        [
            0.09565368294715881,
            0.007465716451406479,
            0.043480221182107925
        ],
        [
            0.08705002069473267,
            0.014966953545808792,
            0.053839944303035736
        ],
        [
            0.078984335064888,
            0.021642250940203667,
            0.0652679055929184
        ],
        [
            0.070377416908741,
            0.028464453294873238,
            0.07468347996473312
        ],
        [
            0.05998937785625458,
            0.02169566974043846,
            0.07305286824703217
        ],
        [
            0.0946807712316513,
            0.018386883661150932,
            0.054325200617313385
        ],
        [
            0.02489541471004486,
            0.034734468907117844,
            0.05612523481249809
        ],
        [
            0.01958186738193035,
            0.030053583905100822,
            0.056717317551374435
        ],
        [
            0.023980803787708282,
            0.02947835996747017,
            0.05913529545068741
        ],
        [
            0.0801447182893753,
            0.03705348074436188,
            0.031317442655563354
        ],
        [
            0.01120922900736332,
            0.050221916288137436,
            0.030791863799095154
        ],
        [
            0.08090007305145264,
            -0.01760100945830345,
            0.001196976751089096
        ],
        [
            0.08938118070363998,
            -0.01802106574177742,
            0.01149912178516388
        ],
        [
            0.08226094394922256,
            -0.014170769602060318,
            0.014901362359523773
        ],
        [
            0.07300358265638351,
            -0.012890014797449112,
            0.0029633045196533203
        ],
        [
            0.023859893903136253,
            0.05079435184597969,
            0.03233218938112259
        ],
        [
            0.01760716736316681,
            0.04933776333928108,
            0.029787659645080566
        ],
        [
            0.06385742127895355,
            0.04931912571191788,
            0.06377802044153214
        ],
        [
            0.05916482210159302,
            0.050883837044239044,
            0.06738936901092529
        ],
        [
            0.06131286546587944,
            0.051025811582803726,
            0.07084284722805023
        ],
        [
            0.0666898787021637,
            0.0525013692677021,
            0.06804528832435608
        ],
        [
            0.1011832132935524,
            0.01003815233707428,
            0.04335382580757141
        ],
        [
            0.08644995093345642,
            0.045397110283374786,
            0.07534704357385635
        ],
        [
            0.07906059920787811,
            0.03683589771389961,
            0.07879171520471573
        ],
        [
            0.10271218419075012,
            0.0007516182959079742,
            0.03445335105061531
        ],
        [
            0.09445483982563019,
            -0.004210088402032852,
            0.03228077292442322
        ],
        [
            0.10101579129695892,
            -0.008821193128824234,
            0.02661014348268509
        ],
        [
            0.04461423680186272,
            0.02363206259906292,
            0.07063750177621841
        ],
        [
            0.07751865684986115,
            0.0004025660455226898,
            0.03936009109020233
        ],
        [
            0.08717517554759979,
            -0.005948364734649658,
            0.03024788200855255
        ],
        [
            0.09468019753694534,
            -0.011548124253749847,
            0.023366060107946396
        ],
        [
            0.10056702792644501,
            -0.015824824571609497,
            0.01921319216489792
        ],
        [
            0.1068846732378006,
            -0.012296739965677261,
            0.02311413362622261
        ],
        [
            0.009754975326359272,
            0.05853087082505226,
            0.04502939432859421
        ],
        [
            0.0166938453912735,
            0.066092848777771,
            0.04620011895895004
        ],
        [
            0.1138191968202591,
            -0.017442699521780014,
            0.02022632211446762
        ],
        [
            0.10640023648738861,
            -0.020687174052000046,
            0.015558470040559769
        ],
        [
            0.07886858284473419,
            -0.007709026336669922,
            0.026505306363105774
        ],
        [
            0.06922007352113724,
            -0.00859912484884262,
            0.020713958889245987
        ],
        [
            0.0698331892490387,
            -0.0012943260371685028,
            0.035344697535037994
        ],
        [
            0.05930148810148239,
            -0.0019556544721126556,
            0.030542388558387756
        ],
        [
            0.03658367320895195,
            0.01571672037243843,
            0.06859056651592255
        ],
        [
            0.031070169061422348,
            0.06477955728769302,
            0.03405217081308365
        ],
        [
            0.025317663326859474,
            0.0643581822514534,
            0.04349160194396973
        ],
        [
            0.027187762781977654,
            0.058630697429180145,
            0.04400447756052017
        ],
        [
            0.032968636602163315,
            0.06149037182331085,
            0.036266252398490906
        ],
        [
            0.023271115496754646,
            0.06186214089393616,
            0.04769298434257507
        ],
        [
            0.01992281898856163,
            0.06701422482728958,
            0.041647739708423615
        ],
        [
            0.048259928822517395,
            -0.0007092319428920746,
            0.02023881860077381
        ],
        [
            0.027408525347709656,
            0.040158290416002274,
            0.05174675211310387
        ],
        [
            0.05860273167490959,
            -0.005395855754613876,
            0.0064866803586483
        ],
        [
            0.03352627903223038,
            0.004204168915748596,
            0.010820714756846428
        ],
        [
            0.04159422218799591,
            0.0029808804392814636,
            -0.0004752837121486664
        ],
        [
            0.06768887490034103,
            -0.00871720165014267,
            -0.008639637380838394
        ],
        [
            0.05351287126541138,
            -0.00026401691138744354,
            -0.011781986802816391
        ],
        [
            0.08250898867845535,
            -0.01741413027048111,
            -0.01140294224023819
        ],
        [
            0.07558764517307281,
            -0.01332913339138031,
            -0.008461728692054749
        ],
        [
            0.03823511675000191,
            0.009440707042813301,
            -0.014893796294927597
        ],
        [
            0.024332713335752487,
            0.04884113743901253,
