{
    "pred_cam": [
        9.650203704833984,
        0.10673338919878006,
        -0.065089151263237
    ],
    "pred_mano_params": {
        "global_orient": [
            [
                [
                    0.007811831776052713,
                    -0.45760035514831543,
                    0.8891236186027527
                ],
                [
                    -0.9876489043235779,
                    -0.14267680048942566,
                    -0.0647532194852829
                ],
                [
                    0.15648843348026276,
                    -0.8776361346244812,
                    -0.45306307077407837
                ]
            ]
        ],
        "hand_pose": [
            [
                [
                    0.2428162842988968,
                    -0.9695233702659607,
                    -0.032629165798425674
                ],
                [
                    0.9506673216819763,
                    0.23113049566745758,
                    0.20690636336803436
                ],
                [
                    -0.19305896759033203,
                    -0.08125974237918854,
                    0.9778164029121399
                ]
            ],
            [
                [
                    0.7300601601600647,
                    -0.6676673293113708,
                    0.14571398496627808
                ],
                [
                    0.6775243878364563,
                    0.6792963147163391,
                    -0.2819879949092865
                ],
                [
                    0.08929118514060974,
                    0.30459296703338623,
                    0.948288083076477
                ]
            ],
            [
                [
                    0.9048115611076355,
                    -0.23801763355731964,
                    -0.3530774414539337
                ],
                [
                    0.24073582887649536,
                    0.9698888063430786,
                    -0.03690442815423012
                ],
                [
                    0.35122978687286377,
                    -0.05160682648420334,
                    0.9348659515380859
                ]
            ],
            [
                [
                    -0.10733070224523544,
                    -0.9603649377822876,
                    -0.25725358724594116
                ],
                [
                    0.9362042546272278,
                    -0.18472300469875336,
                    0.2989966869354248
                ],
                [
                    -0.33466655015945435,
                    -0.20875035226345062,
                    0.9189242124557495
                ]
            ],
            [
                [
                    0.8606235384941101,
                    -0.4102359414100647,
                    -0.3017178773880005
                ],
                [
                    0.462373286485672,
                    0.8777733445167542,
                    0.1253989338874817
                ],
                [
                    0.21339677274227142,
                    -0.2474275380373001,
                    0.9451145529747009
                ]
            ],
            [
                [
                    0.9084784984588623,
                    0.11352679878473282,
                    -0.40221700072288513
                ],
                [
                    -0.039411891251802444,
                    0.9813820123672485,
                    0.18797887861728668
                ],
                [
                    0.4160691499710083,
                    -0.15492263436317444,
                    0.8960387706756592
                ]
            ],
            [
                [
                    0.013113378547132015,
                    -0.9147287607192993,
                    0.4038555920124054
                ],
                [
                    0.7199333906173706,
                    0.2889285981655121,
                    0.6310437321662903
                ],
                [
                    -0.69391930103302,
                    0.28247398138046265,
                    0.6623325943946838
                ]
            ],
            [
                [
                    0.6724206209182739,
                    -0.6573513150215149,
                    -0.34020546078681946
                ],
                [
                    0.7392165660858154,
                    0.5731010437011719,
                    0.35371464490890503
                ],
                [
                    -0.03754270821809769,
                    -0.4893305003643036,
                    0.8712899684906006
                ]
            ],
            [
                [
                    0.9250232577323914,
                    -0.3193342983722687,
                    -0.20580998063087463
                ],
                [
                    0.3402006924152374,
                    0.9373892545700073,
                    0.074598029255867
                ],
                [
                    0.16910237073898315,
                    -0.1390216052532196,
                    0.9757446050643921
                ]
            ],
            [
                [
                    -0.040924977511167526,
                    -0.9795005917549133,
                    0.19724011421203613
                ],
                [
                    0.949145495891571,
                    0.02356375753879547,
                    0.3139546811580658
                ],
                [
                    -0.3121665418148041,
                    0.20005816221237183,
                    0.9287242293357849
                ]
            ],
            [
                [
                    0.8708548545837402,
                    -0.42557814717292786,
                    -0.24595724046230316
                ],
                [
                    0.4912723898887634,
                    0.7370651364326477,
                    0.4640972912311554
                ],
                [
                    -0.016223158687353134,
                    -0.5249934196472168,
                    0.8509515523910522
                ]
            ],
            [
                [
                    0.8621348142623901,
                    -0.06698596477508545,
                    -0.5022314786911011
                ],
                [
                    0.18196626007556915,
                    0.9660273194313049,
                    0.18351933360099792
                ],
                [
                    0.4728762209415436,
                    -0.2496076077222824,
                    0.8450349569320679
                ]
            ],
            [
                [
                    0.962730884552002,
                    0.12252558022737503,
                    -0.2411157488822937
                ],
                [
                    -0.25426986813545227,
                    0.7138576507568359,
                    -0.6524982452392578
                ],
                [
                    0.09217462688684464,
                    0.6894886493682861,
                    0.718407392501831
                ]
            ],
            [
                [
                    0.9404847621917725,
                    -0.2395962029695511,
                    -0.24100211262702942
                ],
                [
                    0.33774426579475403,
                    0.7375525832176208,
                    0.5847606062889099
                ],
                [
                    0.03764529898762703,
                    -0.6313555836677551,
                    0.7745792269706726
                ]
            ],
            [
                [
                    0.9861586093902588,
                    -0.06074943020939827,
                    -0.15427495539188385
                ],
                [
                    -0.04173125699162483,
                    0.8095675110816956,
                    -0.5855417251586914
                ],
                [
                    0.16046729683876038,
                    0.5838750600814819,
                    0.79582679271698
                ]
            ]
        ],
        "betas": [
            -0.08066070079803467,
            0.03692999482154846,
            -0.01286885142326355,
            0.012748867273330688,
            -0.006372898817062378,
            -0.04067143052816391,
            0.01369902491569519,
            -0.06294575333595276,
            -0.021762967109680176,
            -0.0878785252571106
        ]
    },
    "pred_cam_t": [
        -0.10673338919878006,
        -0.065089151263237,
        4.047842025756836
    ],
    "focal_length": [
        5000.0,
        5000.0
    ],
    "pred_keypoints_3d": [
        [
            0.09607629477977753,
            0.00641220435500145,
            0.00619454775005579
        ],
        [
            0.12612733244895935,
            0.030876759439706802,
            0.0044150399044156075
        ],
        [
            0.144626647233963,
            0.05557280778884888,
            0.002029865048825741
        ],
        [
            0.1519596129655838,
            0.08169819414615631,
            3.1340401619672775e-05
        ],
        [
            0.15981048345565796,
            0.11593101918697357,
            0.007219009101390839
        ],
        [
            0.11628454923629761,
            0.09324604272842407,
            -0.012523804791271687
        ],
        [
            0.1371046006679535,
            0.10876503586769104,
            0.008032350800931454
        ],
        [
            0.1474047154188156,
            0.09969974309206009,
            0.025559719651937485
        ],
        [
            0.14973941445350647,
            0.09056597948074341,
            0.04948659613728523
        ],
        [
            0.09300431609153748,
            0.10076358914375305,
            -0.005916330963373184
        ],
        [
            0.11171192675828934,
            0.10194453597068787,
            0.019786514341831207
        ],
        [
            0.12049800902605057,
            0.08870861679315567,
            0.03687187656760216
        ],
        [
            0.11912758648395538,
            0.07759250700473785,
            0.06120308116078377
        ],
        [
            0.07341063022613525,
            0.08978284895420074,
            0.008952807635068893
        ],
        [
            0.09048251807689667,
            0.09544478356838226,
            0.03164112940430641
        ],
        [
            0.097069151699543,
            0.08274401724338531,
            0.05200713872909546
        ],
        [
            0.09096278995275497,
            0.06949283927679062,
            0.07434835284948349
        ],
        [
            0.06152593716979027,
            0.07886162400245667,
            0.023844704031944275
        ],
        [
            0.0739113986492157,
            0.08673863857984543,
            0.03912001848220825
        ],
        [
            0.07607962191104889,
            0.0781443789601326,
            0.05593951791524887
        ],
        [
            0.07310400903224945,
            0.06758203357458115,
            0.07215861976146698
        ]
    ],
    "pred_vertices": [
        [
            0.11756473779678345,
            0.05729560926556587,
            0.005996737629175186
        ],
        [
            0.11778608709573746,
            0.04738909378647804,
            0.009886126965284348
        ],
        [
            0.1251761019229889,
            0.05530054494738579,
            0.009017368778586388
        ],
        [
            0.12502102553844452,
            0.06334199011325836,
            0.004511531442403793
        ],
        [
            0.1328379362821579,
            0.039537232369184494,
            0.020930230617523193
        ],
        [
            0.1415734887123108,
            0.03163114935159683,
            0.018449971452355385
        ],
        [
            0.14859715104103088,
            0.0478033609688282,
            0.015561209991574287
        ],
        [
            0.14078733325004578,
            0.05261602997779846,
            0.019109264016151428
        ],
        [
            0.13050523400306702,
            0.06850902736186981,
            0.0012215524911880493
        ],
        [
            0.13115181028842926,
            0.06195433437824249,
            0.00812041200697422
        ],
        [
            0.13222406804561615,
            0.06847965717315674,
            -0.0035462621599435806
        ],
        [
            0.12946686148643494,
            0.07382198423147202,
            -0.014654261991381645
        ],
        [
            0.12891268730163574,
            0.07427681982517242,
            -0.006721357814967632
        ],
        [
            0.1266017109155655,
            0.08025360107421875,
            -0.019073570147156715
        ],
        [
            0.12639783322811127,
            0.06586861610412598,
            -0.02231120690703392
        ],
        [
            0.11970163881778717,
            0.08023056387901306,
            -0.02611948363482952
        ],
        [
            0.09893707931041718,
            0.058480631560087204,
            -0.02240680530667305
        ],
        [
            0.08692219853401184,
            0.055786650627851486,
            -0.016435056924819946
        ],
        [
            0.08420927077531815,
            0.0745130181312561,
            -0.018438633531332016
        ],
        [
            0.0973171815276146,
            0.07551941275596619,
            -0.023290671408176422
        ],
        [
            0.07015823572874069,
            0.06524834036827087,
            -0.005118476692587137
        ],
        [
            0.07791482657194138,
            0.07108190655708313,
            -0.012378403916954994
        ],
        [
            0.07974135875701904,
            0.052511654794216156,
            -0.01171355601400137
        ],
        [
            0.0729948878288269,
            0.048210080713033676,
            -0.005079277325421572
        ],
        [
            0.10462060570716858,
            0.049191031605005264,
            0.011172045953571796
        ],
        [
            0.10460519045591354,
            0.03868113085627556,
            0.014337542466819286
        ],
        [
            0.10904624313116074,
            0.041057102382183075,
            0.011621846817433834
        ],
        [
            0.10927078127861023,
            0.05106150358915329,
            0.008809325285255909
        ],
        [
            0.13952358067035675,
            0.06559883058071136,
            -0.007259352132678032
        ],
        [
            0.13725201785564423,
            0.056924108415842056,
            -0.013623991049826145
        ],
        [
            0.13363862037658691,
            0.06374095380306244,
            -0.011021275073289871
        ],
        [
            0.13779819011688232,
            0.06834140419960022,
            -0.0025851712562143803
        ],
        [
            0.10053909569978714,
            0.013971880078315735,
            0.02909458614885807
        ],
        [
            0.10004334896802902,
            0.0011235401034355164,
            0.024539822712540627
        ],
        [
            0.10503222793340683,
            0.0014113262295722961,
            0.021345896646380424
        ],
        [
            0.10414036363363266,
            0.013122953474521637,
            0.025836415588855743
        ],
        [
            0.12684445083141327,
            0.00995521992444992,
            0.01649262011051178
        ],
        [
            0.1209249347448349,
            0.0010926797986030579,
            0.01209963858127594
        ],
        [
            0.12536564469337463,
            -0.005213655531406403,
            0.000489749014377594
        ],
        [
            0.13080643117427826,
            0.00408366322517395,
            0.0012722313404083252
        ],
        [
            0.1347237378358841,
            0.02074071764945984,
            0.01857599802315235
        ],
        [
            0.13936777412891388,
            0.014479875564575195,
            0.006723292171955109
        ],
        [
            0.14618372917175293,
            0.026927098631858826,
            0.008788403123617172
        ],
        [
            0.15190963447093964,
            0.044095855206251144,
            0.007346002385020256
        ],
        [
            0.08786612749099731,
            0.00014032423496246338,
            0.0287544596940279
        ],
        [
            0.08666804432868958,
            0.009358353912830353,
            0.033264320343732834
        ],
        [
            0.14145854115486145,
            0.09545713663101196,
            0.008259084075689316
        ],
        [
            0.13725654780864716,
            0.09523814171552658,
            0.012701367028057575
        ],
        [
            0.13531096279621124,
            0.0940643921494484,
            0.009548758156597614
        ],
        [
            0.13961024582386017,
            0.0948517695069313,
            0.005693284794688225
        ],
        [
            0.06984931975603104,
            0.005572214722633362,
            0.020788688212633133
        ],
        [
            0.06622705608606339,
            0.005555860698223114,
            0.011306670494377613
        ],
        [
            0.06665818393230438,
            -0.0014613419771194458,
            0.013413965702056885
        ],
        [
            0.07176069915294647,
            -0.0017968416213989258,
            0.02139364555478096
        ],
        [
            0.06733550131320953,
            0.015286222100257874,
            0.01995151676237583
        ],
        [
            0.06629111617803574,
            0.015398092567920685,
            0.008632656186819077
        ],
        [
            0.1452900469303131,
            0.10768274962902069,
            0.006565967574715614
        ],
        [
            0.14629881083965302,
            0.10259895771741867,
            0.005675524473190308
        ],
        [
            0.1433403640985489,
            0.10374338924884796,
            0.0017459671944379807
        ],
        [
            0.14106954634189606,
            0.10865303128957748,
            0.002333950251340866
        ],
        [
            0.12512098252773285,
            0.07142958790063858,
            -0.00032040104269981384
        ],
        [
            0.11805925518274307,
            0.06684155762195587,
            0.004082253202795982
        ],
        [
            0.1202581524848938,
            0.0852731391787529,
            -0.004320611711591482
        ],
        [
            0.11887611448764801,
            0.07952755689620972,
            -0.0010287407785654068
        ],
        [
            0.12426658719778061,
            0.07883784919977188,
            -0.005328252911567688
        ],
        [
            0.12461533397436142,
            0.08387531340122223,
            -0.008231258019804955
        ],
        [
            0.09922853112220764,
            0.0710650086402893,
            0.008964826352894306
        ],
        [
            0.1004658043384552,
            0.059631865471601486,
            0.010307922028005123
        ],
        [
            0.10572584718465805,
            0.06233183294534683,
            0.007228636182844639
        ],
        [
            0.10626325011253357,
            0.0750105232000351,
            0.005730427801609039
        ],
        [
            0.08985822647809982,
            0.056321900337934494,
            0.01932988315820694
        ],
        [
            0.08923377096652985,
            0.06769189238548279,
            0.016775770112872124
        ],
        [
            0.0831606537103653,
            0.06427893042564392,
            0.022059544920921326
        ],
        [
            0.08520834147930145,
            0.057057131081819534,
            0.023898623883724213
        ],
        [
            0.09029830247163773,
            0.08687590807676315,
            0.009915163740515709
        ],
        [
            0.08974426984786987,
            0.0903061106801033,
            0.007028583437204361
        ],
        [
            0.08810945600271225,
            0.08815459907054901,
            0.010846413671970367
        ],
        [
            0.08795876055955887,
            0.08492013812065125,
            0.012224773876369
        ],
        [
            0.06698077917098999,
            -0.008551880717277527,
            0.014345508068799973
        ],
        [
            0.07411464303731918,
            -0.008781485259532928,
            0.021195191890001297
        ],
        [
            0.05672958120703697,
            0.056900713592767715,
            0.01094060204923153
        ],
        [
            0.05639199912548065,
            0.050825510174036026,
            0.02082701399922371
        ],
        [
            0.05271521955728531,
            0.06479563564062119,
            0.02147364243865013
        ],
        [
            0.053257182240486145,
            0.06836557388305664,
            0.009571006521582603
        ],
        [
            0.06842848658561707,
            0.007270358502864838,
            0.001218642108142376
        ],
        [
            0.06652698665857315,
            -7.780641317367554e-05,
            0.003371819853782654
        ],
        [
            0.14144840836524963,
            0.11162956804037094,
            0.00984065979719162
        ],
        [
            0.13716785609722137,
            0.1120891124010086,
            0.005835997872054577
        ],
        [
            0.1429043412208557,
            0.02321070432662964,
            -0.004475118592381477
        ],
        [
            0.15103407204151154,
            0.04230339825153351,
            -0.0018484313040971756
        ],
        [
            0.13362929224967957,
            0.01013706624507904,
            -0.007414665073156357
        ],
        [
            0.1260012686252594,
            0.0018474683165550232,
            -0.009831450879573822
        ],
        [
            0.12222713232040405,
            -0.006267175078392029,
            -0.011305540800094604
        ],
        [
            0.11324456334114075,
            0.08260520547628403,
            0.0012925034388899803
        ],
        [
            0.11137990653514862,
            0.06061188131570816,
            0.0064042797312140465
        ],
        [
            0.10057343542575836,
            0.04778105020523071,
            0.013935146853327751
        ],
        [
            0.07722130417823792,
            0.04547824338078499,
            0.034562595188617706
        ],
        [
            0.07914167642593384,
            0.035322241485118866,
            0.03602716699242592
        ],
        [
            0.08759298920631409,
            0.040374502539634705,
            0.031290147453546524
        ],
        [
            0.08387675136327744,
            0.04815923795104027,
            0.030466679483652115
        ],
        [
            0.06036940962076187,
            0.05086255818605423,
            0.030139707028865814
        ],
        [
            0.06779266893863678,
            0.053363148123025894,
            0.03328102082014084
        ],
        [
            0.06517547369003296,
            0.06135796755552292,
            0.03185879439115524
        ],
        [
            0.05716729909181595,
            0.061606671661138535,
            0.029038796201348305
        ],
        [
            0.1455867439508438,
            0.06262774020433426,
            -0.010452527552843094
        ],
        [
            0.1417289674282074,
            0.05092986673116684,
            -0.014600394293665886
        ],
        [
            0.07701560854911804,
            0.006099283695220947,
            0.028694987297058105
        ],
        [
            0.08019410818815231,
            -0.0009564533829689026,
            0.027128100395202637
        ],
        [
            0.08106964826583862,
            -0.00917448103427887,
            0.024766992777585983
        ],
        [
            0.10408063977956772,
            0.02631261944770813,
            0.02193458005785942
        ],
        [
            0.10679122805595398,
            0.012537650763988495,
            0.023764576762914658
        ],
        [
            0.11094106733798981,
            0.013710930943489075,
            0.02228720672428608
        ],
        [
            0.10609252005815506,
            0.02699771523475647,
            0.01957598328590393
        ],
        [
            0.11906515061855316,
            0.03822675347328186,
            0.01684289053082466
        ],
        [
            0.12378718703985214,
            0.026552461087703705,
            0.021786896511912346
        ],
        [
            0.12627919018268585,
            0.04887937381863594,
            0.01653103716671467
        ],
        [
            0.11196859180927277,
            6.069988012313843e-05,
            0.017178986221551895
        ],
        [
            0.10591323673725128,
            -0.008842810988426208,
            0.01995975710451603
        ],
        [
            0.11301986128091812,
            -0.009086228907108307,
            0.014522498473525047
        ],
        [
            0.09683962166309357,
            -0.009296581149101257,
            0.02381662093102932
        ],
        [
            0.08810275793075562,
            -0.009399279952049255,
            0.025849509984254837
        ],
        [
            0.06386363506317139,
            -0.008210495114326477,
            0.0027378718368709087
        ],
        [
            0.11864092946052551,
            -0.008455805480480194,
            0.008249951526522636
        ],
        [
            0.14575980603694916,
            0.06050674617290497,
            0.015371514484286308
        ],
        [
            0.14930561184883118,
            0.06714655458927155,
            0.011896512471139431
        ],
        [
            0.1422930657863617,
            0.06930670142173767,
            0.010607699863612652
        ],
        [
            0.13888607919216156,
            0.06379840523004532,
            0.012936011888086796
        ],
        [
            0.12465659528970718,
            0.08806689828634262,
            -0.01976202055811882
        ],
        [
            0.12671244144439697,
            0.08549927920103073,
            -0.013414515182375908
        ],
        [
            0.1282108873128891,
            0.0786641538143158,
            -0.011862320825457573
        ],
        [
            0.09516064077615738,
            0.024071648716926575,
            0.03142674267292023
        ],
        [
            0.08367443084716797,
            0.019693471491336823,
            0.035075172781944275
        ],
        [
            0.11575035005807877,
            0.08787619322538376,
            -0.0016033626161515713
        ],
        [
            0.1372441053390503,
            0.10872365534305573,
            -0.0017609037458896637
        ],
        [
            0.14006292819976807,
            0.10333996266126633,
            -0.002688172273337841
        ],
        [
            0.12889383733272552,
            0.09448449313640594,
            -0.015634827315807343
        ],
        [
            0.12537343800067902,
            0.10092581063508987,
            -0.01527398731559515
        ],
        [
            0.11277549713850021,
            0.0936577096581459,
            -0.0011257471051067114
        ],
        [
            0.11735142022371292,
            0.0879237949848175,
            -0.0013839767780154943
        ],
        [
            0.11825622618198395,
            0.08840140700340271,
            -0.00046492554247379303
        ],
        [
            0.11547134816646576,
            0.09359107911586761,
            0.0030623599886894226
        ],
        [
            0.08153975009918213,
            0.08351197838783264,
            0.015941467136144638
        ],
        [
            0.08209007978439331,
            0.08065915107727051,
            0.017209168523550034
        ],
        [
            0.09764744341373444,
            0.09177607297897339,
            -0.018408335745334625
        ],
        [
            0.10853389650583267,
            0.09149004518985748,
            -0.02758466824889183
        ],
        [
            0.1092047393321991,
            0.07670799642801285,
            -0.028515152633190155
        ],
        [
            0.09352239221334457,
            0.06837880611419678,
            0.013104941695928574
        ],
        [
            0.09175268560647964,
            0.07838763296604156,
            0.012262783944606781
        ],
        [
            0.08849125355482101,
            0.0770646333694458,
            0.014530392363667488
        ],
        [
            0.11007077991962433,
            0.08568362146615982,
            0.0021213404834270477
        ],
        [
            0.11083195358514786,
            0.09106563776731491,
            0.0001955726183950901
        ],
        [
            0.10644236207008362,
            0.09002088755369186,
            0.0013224896974861622
        ],
        [
            0.10588056594133377,
            0.08364099264144897,
            0.004201434552669525
        ],
        [
            0.05959406495094299,
            0.03747445344924927,
            0.02016889676451683
        ],
        [
            0.06384395807981491,
            0.03800366818904877,
            0.03125965595245361
        ],
        [
            0.1447639763355255,
            0.09816424548625946,
            0.006038110703229904
        ],
        [
            0.14257383346557617,
            0.09846241772174835,
            0.002798285335302353
        ],
        [
            0.09490517526865005,
            0.057227443903684616,
            0.014384469017386436
        ],
        [
            0.11012804508209229,
            0.06082489341497421,
            -0.024839572608470917
        ],
        [
            0.0964047834277153,
            0.04634997621178627,
            0.017294609919190407
        ],
        [
            0.0667218565940857,
            0.08345944434404373,
            0.008036525920033455
        ],
        [
            0.06831857562065125,
            0.08311301469802856,
            0.016880866140127182
        ],
        [
            0.07043442875146866,
            0.08542449027299881,
            0.01883668825030327
        ],
        [
            0.0699579045176506,
            0.08830514550209045,
            0.01388457976281643
        ],
        [
            0.12493603676557541,
            0.10040724277496338,
            0.012297255918383598
        ],
        [
            0.12862038612365723,
            0.09566200524568558,
            0.011516084894537926
        ],
        [
            0.13084553182125092,
            0.09636365622282028,
            0.013346096500754356
        ],
        [
            0.1281258910894394,
            0.10149490088224411,
            0.01502190250903368
        ],
        [
            0.121179960668087,
            0.0850066989660263,
            -0.004654477350413799
        ],
        [
            0.1250099092721939,
            0.08516155928373337,
            -0.008818168193101883
        ],
        [
            0.12714892625808716,
            0.08530556410551071,
            -0.007267298176884651
        ],
        [
            0.12273180484771729,
            0.08631093055009842,
            -0.0028594473842531443
        ],
        [
            0.12689964473247528,
            0.08706033229827881,
            -0.014485624618828297
        ],
        [
            0.1292770951986313,
            0.08860921859741211,
            -0.012705841101706028
        ],
        [
            0.12427946925163269,
            0.10667114704847336,
            0.010583043098449707
        ],
        [
            0.1279125064611435,
            0.11166983097791672,
            0.006104486063122749
        ],
        [
            0.11519169062376022,
            0.10506227612495422,
            -0.005354220513254404
        ],
        [
            0.11479964107275009,
            0.10116924345493317,
            0.001838941010646522
        ],
        [
            0.0744050070643425,
            0.0326395258307457,
            -0.0063636284321546555
        ],
        [
            0.06737875938415527,
            0.029982037842273712,
            0.002035421784967184
        ],
        [
            0.06544680148363113,
            0.04543700069189072,
            0.003321670461446047
        ],
        [
            0.06196661666035652,
            0.06130942329764366,
            0.0038678906857967377
        ],
        [
            0.060927439481019974,
            0.07628527283668518,
            0.004334892146289349
        ],
        [
            0.0676216334104538,
            0.07977712154388428,
            -0.00518917478621006
        ],
        [
            0.061122626066207886,
            0.04198736324906349,
            0.009765006601810455
        ],
        [
            0.10247154533863068,
            0.0949874073266983,
            -0.009266138076782227
        ],
        [
            0.10639709234237671,
            0.09879843890666962,
            -0.013571569696068764
        ],
        [
            0.09971663355827332,
            0.09615399688482285,
            -0.01334676519036293
        ],
        [
            0.09156633913516998,
            0.04549223184585571,
            0.02301757037639618
        ],
        [
            0.14031565189361572,
            0.09803281724452972,
            -0.0012242505326867104
        ],
        [
            0.10491597652435303,
            0.0036458820104599,
            -0.02132260799407959
        ],
        [
            0.09158209711313248,
            0.0038570910692214966,
            -0.019170302897691727
        ],
        [
            0.09389162808656693,
            0.012382984161376953,
            -0.019410062581300735
        ],
        [
            0.1092340499162674,
            0.012181825935840607,
            -0.02100522816181183
        ],
        [
            0.13395456969738007,
            0.09290407598018646,
            0.00765545479953289
        ],
        [
            0.13816747069358826,
            0.09337581694126129,
            0.00268662441521883
        ],
        [
            0.07740028947591782,
            0.07994140684604645,
            0.02209968864917755
        ],
        [
            0.07737752795219421,
            0.08315625786781311,
            0.020290877670049667
        ],
        [
            0.074628084897995,
            0.08254177123308182,
            0.02176928147673607
        ],
        [
            0.07310415804386139,
            0.0810576006770134,
            0.025419393554329872
        ],
        [
            0.06466642022132874,
            0.02727328985929489,
            0.006827181205153465
        ],
        [
            0.055585626512765884,
            0.07451488822698593,
            0.026362981647253036
        ],
        [
            0.05610471963882446,
            0.07715421915054321,
            0.014326437376439571
        ],
        [
            0.0691654309630394,
            0.016854554414749146,
            0.00045836810022592545
        ],
        [
            0.07483294606208801,
            0.018968410789966583,
            -0.007335527800023556
        ],
        [
            0.07454982399940491,
            0.009123288094997406,
            -0.007787457201629877
        ],
        [
            0.07944860309362411,
            0.08797071129083633,
            -0.008651765063405037
        ],
        [
            0.08007702231407166,
            0.03666192293167114,
            -0.01174001581966877
        ],
        [
            0.08040004223585129,
            0.02188391238451004,
            -0.011861527338624
        ],
        [
            0.08032781630754471,
            0.010253578424453735,
            -0.012585666961967945
        ],
        [
            0.07929250597953796,
            0.0019211992621421814,
            -0.013255591504275799
        ],
        [
            0.07315579801797867,
            0.0015315786004066467,
            -0.007824793457984924
        ],
        [
            0.13270427286624908,
            0.1114577129483223,
            0.0019567441195249557
        ],
        [
            0.13213147222995758,
            0.11259857565164566,
            0.010979026556015015
        ],
        [
            0.07036987692117691,
            -0.007107086479663849,
            -0.008933346718549728
        ],
        [
            0.07781936973333359,
            -0.0063280388712882996,
            -0.014509247615933418
        ],
        [
            0.08795486390590668,
            0.02443493902683258,
            -0.016622083261609077
        ],
        [
            0.098100446164608,
            0.02710535377264023,
            -0.021077081561088562
        ],
        [
            0.08751712739467621,
            0.038637369871139526,
            -0.016125362366437912
        ],
        [
            0.09737608581781387,
            0.04253585636615753,
            -0.02081654779613018
        ],
        [
            0.08383780717849731,
            0.08932345360517502,
            -0.019382378086447716
        ],
        [
            0.14170996844768524,
            0.10759738087654114,
            0.02638302557170391
        ],
        [
            0.13332542777061462,
            0.10887359827756882,
            0.01863105595111847
        ],
        [
            0.13172763586044312,
            0.10319489985704422,
            0.018657399341464043
        ],
        [
            0.13883726298809052,
            0.10429953783750534,
            0.026800034567713737
        ],
        [
            0.1283174455165863,
            0.10743100196123123,
            0.014398414641618729
        ],
        [
            0.13649338483810425,
            0.11215915530920029,
            0.015115577727556229
        ],
        [
            0.11191295832395554,
            0.044649627059698105,
            -0.023049097508192062
        ],
        [
            0.10560061782598495,
            0.09346333146095276,
            -0.0026991949416697025
        ],
        [
            0.1162075623869896,
            0.02762073278427124,
            -0.021167194470763206
        ],
        [
            0.1272277683019638,
            0.051807500422000885,
            -0.023078342899680138
        ],
        [
            0.13177081942558289,
            0.03949621319770813,
            -0.019633082672953606
        ],
        [
            0.12275036424398422,
            0.011134661734104156,
            -0.018172170966863632
        ],
        [
            0.13434326648712158,
            0.023674122989177704,
            -0.016084546223282814
        ],
        [
            0.11398566514253616,
            -0.004843093454837799,
            -0.018763964995741844
        ],
        [
            0.11679015308618546,
            0.0035270601511001587,
            -0.01869741454720497
        ],
        [
            0.143698051571846,
            0.03727736324071884,
            -0.01218454260379076
        ],
        [
            0.14384090900421143,
            0.09374692291021347,
