{
    "pred_cam": [
        6.151317596435547,
        -0.12205174565315247,
        0.04616449028253555
    ],
    "pred_mano_params": {
        "global_orient": [
            [
                [
                    0.3337651193141937,
                    0.9419088363647461,
                    0.037531621754169464
                ],
                [
                    0.09538106620311737,
                    0.0058657331392169,
                    -0.9954235553741455
                ],
                [
                    -0.9378183484077454,
                    0.33581748604774475,
                    -0.08788249641656876
                ]
            ]
        ],
        "hand_pose": [
            [
                [
                    0.6599152684211731,
                    -0.45942550897598267,
                    -0.5945082306861877
                ],
                [
                    0.46667951345443726,
                    0.8707588911056519,
                    -0.1548842042684555
                ],
                [
                    0.5888311266899109,
                    -0.1752343773841858,
                    0.7890315651893616
                ]
            ],
            [
                [
                    0.1347980499267578,
                    -0.990409791469574,
                    0.030295638367533684
                ],
                [
                    0.9639795422554016,
                    0.12400318682193756,
                    -0.23530122637748718
                ],
                [
                    0.22928790748119354,
                    0.0609225258231163,
                    0.9714502096176147
                ]
            ],
            [
                [
                    0.8197870850563049,
                    -0.482614129781723,
                    0.3082738220691681
                ],
                [
                    0.5067901611328125,
                    0.8620674014091492,
                    0.0019005803624168038
                ],
                [
                    -0.2666700482368469,
                    0.1546720564365387,
                    0.951295793056488
                ]
            ],
            [
                [
                    0.41385018825531006,
                    -0.9028028845787048,
                    0.11694027483463287
                ],
                [
                    0.9086422324180603,
                    0.4018004536628723,
                    -0.1136913150548935
                ],
                [
                    0.05565418303012848,
                    0.15330803394317627,
                    0.9866100549697876
                ]
            ],
            [
                [
                    0.3040941059589386,
                    -0.9274777770042419,
                    -0.21751242876052856
                ],
                [
                    0.9495816826820374,
                    0.2768232822418213,
                    0.14718547463417053
                ],
                [
                    -0.07629875838756561,
                    -0.251304030418396,
                    0.9648962616920471
                ]
            ],
            [
                [
                    0.6524825692176819,
                    -0.7237224578857422,
                    0.22470489144325256
                ],
                [
                    0.6434212923049927,
                    0.6857328414916992,
                    0.34026384353637695
                ],
                [
                    -0.4003440737724304,
                    -0.07743632048368454,
                    0.9130871295928955
                ]
            ],
            [
                [
                    0.6626188158988953,
                    -0.6157172322273254,
                    0.4264135956764221
                ],
                [
                    0.5352842807769775,
                    0.7875410914421082,
                    0.3053680956363678
                ],
                [
                    -0.5238386392593384,
                    0.025909876450896263,
                    0.8514233231544495
                ]
            ],
            [
                [
                    0.8693057894706726,
                    -0.4219174087047577,
                    -0.25747448205947876
                ],
                [
                    0.4923311173915863,
                    0.6929812431335449,
                    0.5266754031181335
                ],
                [
                    -0.04378852993249893,
                    -0.5846047401428223,
                    0.8101356625556946
                ]
            ],
            [
                [
                    0.8576911687850952,
                    -0.4661482274532318,
                    0.2169603556394577
                ],
                [
                    0.18095791339874268,
                    0.6686389446258545,
                    0.7212324142456055
                ],
                [
                    -0.48126932978630066,
                    -0.5793339014053345,
                    0.6578389406204224
                ]
            ],
            [
                [
                    0.5200015902519226,
                    -0.836374819278717,
                    0.17342296242713928
                ],
                [
                    0.8325993418693542,
                    0.5416505932807922,
                    0.11572829633951187
                ],
                [
                    -0.1907268762588501,
                    0.08421293646097183,
                    0.9780243039131165
                ]
            ],
            [
                [
                    0.680892825126648,
                    -0.6462819576263428,
                    -0.3445354104042053
                ],
                [
                    0.7321516871452332,
                    0.612479567527771,
                    0.29803138971328735
                ],
                [
                    0.018408596515655518,
                    -0.4551796317100525,
                    0.8902093768119812
                ]
            ],
            [
                [
                    0.7009231448173523,
                    -0.7093849182128906,
                    0.07402538508176804
                ],
                [
                    0.5789719223976135,
                    0.6265157461166382,
                    0.5217945575714111
                ],
                [
                    -0.4165312647819519,
                    -0.32287925481796265,
                    0.8498533368110657
                ]
            ],
            [
                [
                    0.8638104200363159,
                    0.47994571924209595,
                    -0.15324361622333527
                ],
                [
                    -0.3409125506877899,
                    0.3328556418418884,
                    -0.8791961073875427
                ],
                [
                    -0.3709584176540375,
                    0.8117014765739441,
                    0.45114368200302124
                ]
            ],
            [
                [
                    0.8703598380088806,
                    -0.31742221117019653,
                    -0.3764529526233673
                ],
                [
                    0.46061792969703674,
                    0.795094907283783,
                    0.3945315182209015
                ],
                [
                    0.17408280074596405,
                    -0.5167853832244873,
                    0.8382290601730347
                ]
            ],
            [
                [
                    0.9222307801246643,
                    -0.34923410415649414,
                    -0.16590949892997742
                ],
                [
                    0.0401458665728569,
                    0.5132800936698914,
                    -0.8572816252708435
                ],
                [
                    0.3845500349998474,
                    0.783950924873352,
                    0.48738300800323486
                ]
            ]
        ],
        "betas": [
            -0.0020455867052078247,
            0.06933829188346863,
            0.13285869359970093,
            0.1479819416999817,
            0.10714125633239746,
            0.00010510161519050598,
            -0.07410699129104614,
            0.04930584132671356,
            -0.06231433153152466,
            0.031797707080841064
        ]
    },
    "pred_cam_t": [
        -0.12205174565315247,
        0.04616449028253555,
        6.3502655029296875
    ],
    "focal_length": [
        5000.0,
        5000.0
    ],
    "pred_keypoints_3d": [
        [
            0.09558670222759247,
            0.00641567911952734,
            0.006131744012236595
        ],
        [
            0.0738271027803421,
            -0.02187153697013855,
            0.02123553864657879
        ],
        [
            0.054745834320783615,
            -0.04261987656354904,
            0.03375961259007454
        ],
        [
            0.041809435933828354,
            -0.05148972570896149,
            0.0558122918009758
        ],
        [
            0.02213464491069317,
            -0.0383654423058033,
            0.08133033663034439
        ],
        [
            0.061987508088350296,
            -0.022756289690732956,
            0.08523138612508774
        ],
        [
            0.04168156161904335,
            -0.007090048864483833,
            0.10583895444869995
        ],
        [
            0.028057223185896873,
            -0.004666182212531567,
            0.08857402205467224
        ],
        [
            0.019015341997146606,
            -0.013055192306637764,
            0.06738205254077911
        ],
        [
            0.06245456635951996,
            0.0006654132157564163,
            0.09469856321811676
        ],
        [
            0.03184270113706589,
            0.0060399859212338924,
            0.10054977238178253
        ],
        [
            0.025134816765785217,
            0.013146991841495037,
            0.07952101528644562
        ],
        [
            0.029711570590734482,
            0.00720692053437233,
            0.055756524205207825
        ],
        [
            0.06356959044933319,
            0.02516060322523117,
            0.08378370106220245
        ],
        [
            0.0362468957901001,
            0.02283545397222042,
            0.09220913797616959
        ],
        [
            0.018551722168922424,
            0.02931639738380909,
            0.0763053223490715
        ],
        [
            0.010935807600617409,
            0.023842988535761833,
            0.053534455597400665
        ],
        [
            0.06161727011203766,
            0.04285527393221855,
            0.07109342515468597
        ],
        [
            0.0439206063747406,
            0.04291147366166115,
            0.08249101042747498
        ],
        [
            0.025580156594514847,
            0.04348757490515709,
            0.07797175645828247
        ],
        [
            0.012922246940433979,
            0.03163018450140953,
            0.06779808551073074
        ]
    ],
    "pred_vertices": [
        [
            0.06464977562427521,
            -0.01701037585735321,
            0.04586363211274147
        ],
        [
            0.06769023090600967,
            -0.016563981771469116,
            0.03708014637231827
        ],
        [
            0.06256388127803802,
            -0.02493390440940857,
            0.04263435676693916
        ],
        [
            0.060770899057388306,
            -0.025849390774965286,
            0.04991135001182556
        ],
        [
            0.05574458837509155,
            -0.017335787415504456,
            0.025920748710632324
        ],
        [
            0.05514845997095108,
            -0.022948473691940308,
            0.015254661440849304
        ],
        [
            0.04644250497221947,
            -0.032738637179136276,
            0.02562279999256134
        ],
        [
            0.04770754277706146,
            -0.026298735290765762,
            0.03304377943277359
        ],
        [
            0.05954974889755249,
            -0.033504683524370193,
            0.053729575127363205
        ],
        [
            0.057918731123209,
            -0.030950337648391724,
            0.04641832411289215
        ],
        [
            0.06301452219486237,
            -0.038334522396326065,
            0.05361420288681984
        ],
        [
            0.06828654557466507,
            -0.03919151797890663,
            0.06373858451843262
        ],
        [
            0.062134191393852234,
            -0.03409853205084801,
            0.06224559247493744
        ],
        [
            0.06911079585552216,
            -0.03731550648808479,
            0.07298039644956589
        ],
        [
            0.0784933865070343,
            -0.039540134370326996,
            0.05940826237201691
        ],
        [
            0.0774199366569519,
            -0.03384149447083473,
            0.0760258138179779
        ],
        [
            0.09270717948675156,
            -0.011378010734915733,
            0.06179414689540863
        ],
        [
            0.09400095045566559,
            0.0025096412282437086,
            0.060228098183870316
        ],
        [
            0.08783720433712006,
            0.0030178565066307783,
            0.07710716128349304
        ],
        [
            0.0861760824918747,
            -0.011072860099375248,
            0.07671213895082474
        ],
        [
            0.08721309155225754,
            0.02182282879948616,
            0.06695114076137543
        ],
        [
            0.08731937408447266,
            0.011561671271920204,
            0.07335357367992401
        ],
        [
            0.09467709064483643,
            0.011094098910689354,
            0.05716961622238159
        ],
        [
            0.09407764673233032,
            0.020202333107590675,
            0.0522560179233551
        ],
        [
            0.06842862069606781,
            -0.0007142010144889355,
            0.039761438965797424
        ],
        [
            0.0713464543223381,
            0.0004887394607067108,
            0.029556147754192352
        ],
        [
            0.07145741581916809,
            -0.006102203391492367,
            0.032140761613845825
        ],
        [
            0.06794729083776474,
            -0.0067322938703000546,
            0.04126596823334694
        ],
        [
            0.06132718548178673,
            -0.04767705127596855,
            0.0467430017888546
        ],
        [
            0.07080215215682983,
            -0.04642079770565033,
            0.04316246882081032
        ],
        [
            0.06871642917394638,
            -0.04327923431992531,
            0.050137896090745926
        ],
        [
            0.058979637920856476,
            -0.04358334094285965,
            0.04933644458651543
        ],
        [
            0.07218869030475616,
            0.012646481394767761,
            0.0026743486523628235
        ],
        [
            0.08187855035066605,
            0.011475980281829834,
            -0.006727196276187897
        ],
        [
            0.08230713754892349,
            0.005704627837985754,
            -0.006373681128025055
        ],
        [
            0.07381155341863632,
            0.008086491376161575,
            0.002574414014816284
        ],
        [
            0.07292645424604416,
            -0.013302098959684372,
            -0.000251084566116333
        ],
        [
            0.0830715224146843,
            -0.011510557495057583,
            -0.006416067481040955
        ],
        [
            0.09339509159326553,
            -0.020718861371278763,
            -0.009194701910018921
        ],
        [
            0.0856260433793068,
            -0.024447206407785416,
            -0.0025894269347190857
        ],
        [
            0.06309998035430908,
            -0.017397243529558182,
            0.00821443647146225
        ],
        [
            0.07203631848096848,
            -0.027462318539619446,
            0.0028053075075149536
        ],
        [
            0.06042684614658356,
            -0.031179532408714294,
            0.00976109504699707
        ],
        [
            0.05000663176178932,
            -0.0401553139090538,
            0.020938262343406677
        ],
        [
            0.08379139006137848,
            0.024161746725440025,
            -0.0062967464327812195
        ],
        [
            0.07643794268369675,
            0.026872824877500534,
            0.0002375096082687378
        ],
        [
            0.03816403076052666,
            -0.01770799234509468,
            0.09487342089414597
        ],
        [
            0.04085039347410202,
            -0.012996637262403965,
            0.09147189557552338
        ],
        [
            0.0405404269695282,
            -0.013699821196496487,
            0.09209004789590836
        ],
        [
            0.03862924128770828,
            -0.01827964186668396,
            0.09548132866621017
        ],
        [
            0.0946178287267685,
            0.03623730316758156,
            0.0058387815952301025
        ],
        [
            0.10361069440841675,
            0.035201556980609894,
            0.010431036353111267
        ],
        [
            0.10500624775886536,
            0.03609572350978851,
            0.0033208057284355164
        ],
        [
            0.09679290652275085,
            0.03519323095679283,
            -0.0013216137886047363
        ],
        [
            0.0916593074798584,
            0.03752632066607475,
            0.01527635008096695
        ],
        [
            0.10109063982963562,
            0.03344980627298355,
            0.020132437348365784
        ],
        [
            0.034702569246292114,
            -0.012129954993724823,
            0.10583832859992981
        ],
        [
            0.03414444625377655,
            -0.016491947695612907,
            0.10252083837985992
        ],
        [
            0.03757917881011963,
            -0.01729874312877655,
            0.10502905398607254
        ],
        [
            0.03978497162461281,
            -0.012700002640485764,
            0.10854976624250412
        ],
        [
            0.05948171764612198,
            -0.02648671716451645,
            0.058711159974336624
        ],
        [
            0.06066632643342018,
            -0.01716962829232216,
            0.05479060858488083
        ],
        [
            0.0542348176240921,
            -0.024869387969374657,
            0.07552726566791534
        ],
        [
            0.05765187740325928,
            -0.02027212455868721,
            0.06788527965545654
        ],
        [
            0.05893147364258766,
            -0.028031114488840103,
            0.06780374050140381
        ],
        [
            0.05693317949771881,
            -0.030409814789891243,
            0.075286366045475
        ],
        [
            0.06167236343026161,
            0.002779989503324032,
            0.061200954020023346
        ],
        [
            0.06557288020849228,
            0.002631021896377206,
            0.05027088522911072
        ],
        [
            0.06476829200983047,
            -0.0037086480297148228,
            0.05260174348950386
        ],
        [
            0.05961426720023155,
            -0.005063952412456274,
            0.06432316452264786
        ],
        [
            0.06404059380292892,
            0.016250906512141228,
            0.04636324569582939
        ],
        [
            0.06081686541438103,
            0.015322699211537838,
            0.05760730430483818
        ],
        [
            0.060357969254255295,
            0.02320813201367855,
            0.05410635471343994
        ],
        [
            0.061801791191101074,
            0.022433044388890266,
            0.04638005420565605
        ],
        [
            0.05678071081638336,
            0.010799429379403591,
            0.07715854793787003
        ],
        [
            0.056176137179136276,
            0.011305693536996841,
            0.0832216888666153
        ],
        [
            0.05409785732626915,
            0.013331050053238869,
            0.08144975453615189
        ],
        [
            0.05662357062101364,
            0.014039689674973488,
            0.0754469484090805
        ],
        [
            0.10738006234169006,
            0.0365288071334362,
            -0.003393016755580902
        ],
        [
            0.09921889007091522,
            0.03329796716570854,
            -0.007977470755577087
        ],
        [
            0.08300457894802094,
            0.040588803589344025,
            0.056300241500139236
        ],
        [
            0.0777416080236435,
            0.04575520008802414,
            0.047684431076049805
        ],
        [
            0.07215588539838791,
            0.04900870844721794,
            0.0595061294734478
        ],
        [
            0.07968194782733917,
            0.042640019208192825,
            0.06606189906597137
        ],
        [
            0.11002921313047409,
            0.02861185371875763,
            0.015430308878421783
        ],
        [
            0.1124817281961441,
            0.03159860521554947,
            0.00855690985918045
        ],
        [
            0.037247560918331146,
            -0.00573708675801754,
            0.10701704770326614
        ],
        [
            0.04200650379061699,
            -0.005841229110956192,
            0.10962897539138794
        ],
        [
            0.07333128154277802,
            -0.036856696009635925,
            0.009592317044734955
        ],
        [
            0.057639311999082565,
            -0.045968495309352875,
            0.02069399505853653
        ],
        [
            0.08725975453853607,
            -0.030327649787068367,
            0.0036463141441345215
        ],
        [
            0.09729316830635071,
            -0.025692695751786232,
            8.432567119598389e-05
        ],
        [
            0.1045808345079422,
            -0.02353738620877266,
            -0.005034282803535461
        ],
        [
            0.056257687509059906,
            -0.014593900181353092,
            0.07081307470798492
        ],
        [
            0.06423857063055038,
            -0.009538054466247559,
            0.05003231763839722
        ],
        [
            0.06836452335119247,
            0.004474282264709473,
            0.038388144224882126
        ],
        [
            0.061841219663619995,
            0.0345705971121788,
            0.033703409135341644
        ],
        [
            0.06487882137298584,
            0.0338393971323967,
            0.023621201515197754
        ],
        [
            0.06304702162742615,
            0.024185389280319214,
            0.028043344616889954
        ],
        [
            0.06137045845389366,
            0.02686605229973793,
            0.036194220185279846
        ],
        [
            0.06868433952331543,
            0.04664380103349686,
            0.0435061976313591
        ],
        [
            0.06216234713792801,
            0.04175166040658951,
            0.04332002252340317
        ],
        [
            0.05985824391245842,
            0.0430215522646904,
            0.052002087235450745
        ],
        [
            0.06517498195171356,
            0.048468805849552155,
            0.053767405450344086
        ],
        [
            0.059830427169799805,
            -0.05334016680717468,
            0.04198016598820686
        ],
        [
            0.07093197107315063,
            -0.04917076975107193,
            0.03606528788805008
        ],
        [
            0.08533439040184021,
            0.03341607749462128,
            0.0015059858560562134
        ],
        [
            0.08858227729797363,
            0.0302085280418396,
            -0.004786267876625061
        ],
        [
            0.09383155405521393,
            0.028780782595276833,
            -0.01139281690120697
        ],
        [
            0.07119615375995636,
            0.0054769208654761314,
            0.0160536989569664
        ],
        [
            0.07474828511476517,
            0.004965352825820446,
            0.002519354224205017
        ],
        [
            0.07391995936632156,
            0.0008980557322502136,
            0.003894992172718048
        ],
        [
            0.07244823127985,
            0.0021952008828520775,
            0.017758943140506744
        ],
        [
            0.06686696410179138,
            -0.012025553733110428,
            0.029492106288671494
        ],
        [
            0.06458357721567154,
            -0.009452980011701584,
            0.01665513962507248
        ],
        [
            0.05981990694999695,
            -0.019305694848299026,
            0.03693623095750809
        ],
        [
            0.0834222361445427,
            -0.0019359122961759567,
            -0.007428497076034546
        ],
        [
            0.08774672448635101,
            0.00461618322879076,
            -0.015223406255245209
        ],
        [
            0.08935767412185669,
            -0.0040473658591508865,
            -0.01498732715845108
        ],
        [
            0.08845406770706177,
            0.014404607936739922,
            -0.014950335025787354
        ],
        [
            0.09032489359378815,
            0.02307124063372612,
            -0.01372421532869339
        ],
        [
            0.11774904280900955,
            0.033985596150159836,
            0.0022524967789649963
        ],
        [
            0.09182004630565643,
            -0.011807036586105824,
            -0.013326980173587799
        ],
        [
            0.04427868872880936,
            -0.033252499997615814,
            0.03746837005019188
        ],
        [
            0.0418986976146698,
            -0.0383148267865181,
            0.0420006588101387
        ],
        [
            0.047411490231752396,
            -0.035844359546899796,
            0.046607766300439835
        ],
        [
            0.04992178454995155,
            -0.03208248317241669,
            0.04318488389253616
        ],
        [
            0.06673265993595123,
            -0.03425733745098114,
            0.08383346349000931
        ],
        [
            0.060298360884189606,
            -0.03412944823503494,
            0.07920794934034348
        ],
        [
            0.0631491094827652,
            -0.035189591348171234,
            0.0690605565905571
        ],
        [
            0.06772342324256897,
            0.01809403859078884,
            0.011848822236061096
        ],
        [
            0.07134396582841873,
            0.029983777552843094,
            0.009258486330509186
        ],
        [
            0.053478069603443146,
            -0.019127322360873222,
            0.0777752697467804
        ],
        [
            0.044940948486328125,
            -0.014713892713189125,
            0.10850496590137482
        ],
        [
            0.041763126850128174,
            -0.01954113319516182,
            0.10526532679796219
        ],
        [
            0.0546787828207016,
            -0.027378808706998825,
            0.09629783779382706
        ],
        [
            0.058588530868291855,
            -0.022933287546038628,
            0.10024800896644592
        ],
        [
            0.05517502874135971,
            -0.01202011201530695,
            0.08449199795722961
        ],
        [
            0.052603140473365784,
            -0.01720418594777584,
            0.08070903271436691
        ],
        [
            0.05274692550301552,
            -0.015015111304819584,
            0.08190236985683441
        ],
        [
            0.05438137426972389,
            -0.008823510259389877,
            0.08429906517267227
        ],
        [
            0.05455361306667328,
            0.020974505692720413,
            0.07630153000354767
        ],
        [
            0.05682390555739403,
            0.021702777594327927,
            0.07111687958240509
        ],
        [
            0.0758613646030426,
            -0.009861938655376434,
            0.08886349201202393
        ],
        [
            0.07974251359701157,
            -0.02285500429570675,
            0.088588185608387
        ],
        [
            0.08468125760555267,
            -0.024397606030106544,
            0.07610571384429932
        ],
        [
            0.061825379729270935,
            0.00982858520001173,
            0.058573897927999496
        ],
        [
            0.05838657170534134,
            0.010757292620837688,
            0.06825420260429382
        ],
        [
            0.058429498225450516,
            0.014811182394623756,
            0.06714210659265518
        ],
        [
            0.05567372590303421,
            -0.011279797181487083,
            0.07413424551486969
        ],
        [
            0.05418594926595688,
            -0.013226456008851528,
            0.0797690600156784
        ],
        [
            0.05562802776694298,
            -0.007829009555280209,
            0.07898140698671341
        ],
        [
            0.05685460567474365,
            -0.005691422149538994,
            0.0727282464504242
        ],
        [
            0.08377797156572342,
            0.04340142756700516,
            0.03603510558605194
        ],
        [
            0.07305494695901871,
            0.04483048990368843,
            0.03125783056020737
        ],
        [
            0.035594917833805084,
            -0.01865709200501442,
            0.09873076528310776
        ],
        [
            0.03728695958852768,
            -0.019618991762399673,
            0.10023198276758194
        ],
        [
            0.06562396883964539,
            0.009515749290585518,
            0.04788200557231903
        ],
        [
            0.08897430449724197,
            -0.02363387867808342,
            0.06108285114169121
        ],
        [
            0.06796236336231232,
            0.009807203896343708,
            0.03679841011762619
        ],
        [
            0.07117199897766113,
            0.03119463101029396,
            0.0798620954155922
        ],
        [
            0.0637301504611969,
            0.03378093242645264,
            0.07778703421354294
        ],
        [
            0.059076786041259766,
            0.032242029905319214,
            0.08040902018547058
        ],
        [
            0.06301707774400711,
            0.030723275616765022,
            0.08440350741147995
        ],
        [
            0.046532656997442245,
            -0.0023232027888298035,
            0.0914299264550209
        ],
        [
            0.042531587183475494,
            -0.006726544350385666,
            0.08934332430362701
        ],
        [
            0.043465785682201385,
            -0.007722204085439444,
            0.09120619297027588
        ],
        [
            0.045830510556697845,
            -0.002181754447519779,
            0.09344018250703812
        ],
        [
            0.05181218311190605,
            -0.02290451154112816,
            0.08032820373773575
        ],
        [
            0.05315785109996796,
            -0.02885286509990692,
            0.08162271231412888
        ],
        [
            0.04953513294458389,
            -0.02521897479891777,
            0.08529201149940491
        ],
        [
            0.05042281001806259,
            -0.019631564617156982,
            0.0830334797501564
        ],
        [
            0.05623849481344223,
            -0.031159086152911186,
            0.0864810198545456
        ],
        [
            0.05177018418908119,
            -0.028092697262763977,
            0.0906083732843399
        ],
        [
            0.049437712877988815,
            -0.00024156458675861359,
            0.09724795818328857
        ],
        [
            0.049326419830322266,
            -0.002530289813876152,
            0.10509364306926727
        ],
        [
            0.06236160546541214,
            -0.00924215093255043,
            0.09663568437099457
        ],
        [
            0.05817084759473801,
            -0.005870132241398096,
            0.09065995365381241
        ],
        [
            0.10184711217880249,
            0.018957216292619705,
            0.03913642466068268
        ],
        [
            0.09909768402576447,
            0.02902579866349697,
            0.03511127457022667
        ],
        [
            0.09150022268295288,
            0.03066989593207836,
            0.048156436532735825
        ],
        [
            0.08492820709943771,
            0.03309591859579086,
            0.06162309646606445
        ],
        [
            0.07795387506484985,
            0.03408686816692352,
            0.07409170269966125
        ],
        [
            0.08203023672103882,
            0.023797906935214996,
            0.07987798005342484
        ],
        [
            0.08959974348545074,
            0.03738833963871002,
            0.043665364384651184
        ],
        [
            0.06114324927330017,
            -0.008334931917488575,
            0.08748087286949158
        ],
        [
            0.06927677989006042,
            -0.013698682188987732,
            0.09151801466941833
        ],
        [
            0.06706485897302628,
            -0.009400693699717522,
            0.08978420495986938
        ],
        [
            0.0656564012169838,
            0.01673666387796402,
            0.034936144948005676
        ],
        [
            0.03971341252326965,
            -0.020927945151925087,
            0.10014744102954865
        ],
        [
            0.11517730355262756,
            -0.013796638697385788,
            0.012023016810417175
        ],
        [
            0.11877351999282837,
            -0.0011011241003870964,
            0.014837779104709625
        ],
        [
            0.11404086649417877,
            -0.003670981153845787,
            0.02187848836183548
        ],
        [
            0.10894101113080978,
            -0.01778826117515564,
            0.017918743193149567
        ],
        [
            0.03903679549694061,
            -0.01324838399887085,
            0.09036647528409958
        ],
        [
            0.038503892719745636,
            -0.018952544778585434,
            0.09420571476221085
        ],
        [
            0.055488936603069305,
            0.028302643448114395,
            0.07064007222652435
        ],
        [
            0.053753793239593506,
            0.026702839881181717,
            0.07568059861660004
        ],
        [
            0.05415049567818642,
            0.029863722622394562,
            0.07714801281690598
        ],
        [
            0.053709208965301514,
            0.033295292407274246,
            0.07280469685792923
        ],
        [
            0.09754889458417892,
            0.033565741032361984,
            0.03147854655981064
        ],
        [
            0.06605018675327301,
            0.0498560294508934,
            0.06644301861524582
        ],
        [
            0.07349509745836258,
            0.044498737901449203,
            0.07195174694061279
        ],
        [
            0.105876624584198,
            0.02724071592092514,
            0.023948267102241516
        ],
        [
            0.10888919234275818,
            0.01862982288002968,
            0.027560457587242126
        ],
        [
            0.11400490254163742,
            0.019063569605350494,
            0.01920115202665329
        ],
        [
            0.07710526883602142,
            0.011172650381922722,
            0.08769761025905609
        ],
        [
            0.1020122766494751,
            0.011349835433065891,
            0.04347274824976921
        ],
        [
            0.10894399881362915,
            0.01152088027447462,
            0.030588142573833466
        ],
        [
            0.1149921715259552,
            0.011698824353516102,
            0.020665675401687622
        ],
        [
            0.1198461651802063,
            0.012628230266273022,
            0.013825640082359314
        ],
        [
            0.11810783296823502,
            0.020586706697940826,
            0.01281788945198059
        ],
        [
            0.04742974787950516,
            -0.008223908953368664,
            0.10830109566450119
        ],
        [
            0.04408829286694527,
            0.0002843830734491348,
            0.10582476854324341
        ],
        [
            0.1240602433681488,
            0.02287355810403824,
            0.006258018314838409
        ],
        [
            0.12523247301578522,
            0.013663487508893013,
            0.007332436740398407
        ],
        [
            0.10853050649166107,
            0.0024997959844768047,
            0.032897427678108215
        ],
        [
            0.10670587420463562,
            -0.008858123794198036,
            0.03413919359445572
        ],
        [
            0.1016177386045456,
            0.0026455940678715706,
            0.04517892003059387
        ],
        [
            0.09958185255527496,
            -0.008557409979403019,
            0.047876112163066864
        ],
        [
            0.08256228268146515,
            0.001683433074504137,
            0.09014148265123367
        ],
        [
            0.032905202358961105,
            0.002798954024910927,
            0.09209558367729187
        ],
        [
            0.04178134724497795,
            0.0019598742946982384,
            0.09731315076351166
        ],
        [
            0.043907925486564636,
            -0.001286948099732399,
            0.09279569983482361
        ],
        [
            0.035513103008270264,
            0.001942578237503767,
            0.08873659372329712
        ],
        [
            0.04620341211557388,
            0.0006800442934036255,
            0.09834564477205276
        ],
        [
            0.039695724844932556,
            0.0006197402253746986,
            0.10277899354696274
        ],
        [
            0.0942382961511612,
            -0.02367805689573288,
            0.0456671416759491
        ],
        [
            0.05508581921458244,
            -0.007293094415217638,
            0.08317236602306366
        ],
        [
            0.09840124100446701,
            -0.0254186000674963,
            0.028264470398426056
        ],
        [
            0.08455153554677963,
            -0.03966999799013138,
            0.04620052129030228
        ],
        [
            0.08454102277755737,
            -0.04016867280006409,
            0.03214121609926224
        ],
        [
            0.10045618563890457,
            -0.027471458539366722,
            0.011134840548038483
        ],
        [
            0.08664518594741821,
            -0.03727404400706291,
            0.015961185097694397
        ],
        [
            0.11342507600784302,
            -0.02019008994102478,
            0.0013266205787658691
        ],
        [
            0.10781024396419525,
            -0.0226009301841259,
            0.007379867136478424
        ],
        [
            0.07232871651649475,
            -0.046033281832933426,
            0.021773453801870346
        ],
        [
            0.03404872864484787,
