{
    "pred_cam": [
        9.333264350891113,
        -0.11809808760881424,
        -0.05416051298379898
    ],
    "pred_mano_params": {
        "global_orient": [
            [
                [
                    0.13341985642910004,
                    -0.936721682548523,
                    0.3236536383628845
                ],
                [
                    -0.9479381442070007,
                    -0.21590103209018707,
                    -0.23409399390220642
                ],
                [
                    0.28915804624557495,
                    -0.2755708396434784,
                    -0.916759729385376
                ]
            ]
        ],
        "hand_pose": [
            [
                [
                    0.589756190776825,
                    -0.7803070545196533,
                    -0.2081070989370346
                ],
                [
                    0.7810748815536499,
                    0.616614580154419,
                    -0.09853139519691467
                ],
                [
                    0.20520664751529694,
                    -0.10443773120641708,
                    0.9731305241584778
                ]
            ],
            [
                [
                    0.550679624080658,
                    -0.7693096995353699,
                    0.3239051103591919
                ],
                [
                    0.8344484567642212,
                    0.5172020792961121,
                    -0.19025713205337524
                ],
                [
                    -0.021157724782824516,
                    0.37505286931991577,
                    0.9267619252204895
                ]
            ],
            [
                [
                    0.6749870777130127,
                    -0.7020472288131714,
                    -0.2269851118326187
                ],
                [
                    0.7086312770843506,
                    0.7025238275527954,
                    -0.06558986753225327
                ],
                [
                    0.20550961792469025,
                    -0.11657644063234329,
                    0.9716871380805969
                ]
            ],
            [
                [
                    0.19126278162002563,
                    -0.9598729610443115,
                    -0.20509101450443268
                ],
                [
                    0.9735174179077148,
                    0.15885375440120697,
                    0.16440601646900177
                ],
                [
                    -0.12522943317890167,
                    -0.23110441863536835,
                    0.9648358821868896
                ]
            ],
            [
                [
                    0.6886261701583862,
                    -0.6560760140419006,
                    -0.3088013231754303
                ],
                [
                    0.7103874087333679,
                    0.695803165435791,
                    0.10586623847484589
                ],
                [
                    0.14540863037109375,
                    -0.29227083921432495,
                    0.9452164173126221
                ]
            ],
            [
                [
                    0.8579730987548828,
                    -0.4261854887008667,
                    -0.28678950667381287
                ],
                [
                    0.47477343678474426,
                    0.8710536360740662,
                    0.1259198635816574
                ],
                [
                    0.19614380598068237,
                    -0.24419589340686798,
                    0.9496821165084839
                ]
            ],
            [
                [
                    0.21111127734184265,
                    -0.8820055723190308,
                    0.42130517959594727
                ],
                [
                    0.5371676683425903,
                    0.46478593349456787,
                    0.7038642168045044
                ],
                [
                    -0.8166289925575256,
                    0.07771781831979752,
                    0.5719063878059387
                ]
            ],
            [
                [
                    0.7206611633300781,
                    -0.5386675000190735,
                    -0.43644556403160095
                ],
                [
                    0.6870154142379761,
                    0.6393582820892334,
                    0.3452979326248169
                ],
                [
                    0.09304434806108475,
                    -0.5486876964569092,
                    0.8308335542678833
                ]
            ],
            [
                [
                    0.706372857093811,
                    -0.6696576476097107,
                    0.22933833301067352
                ],
                [
                    0.60992830991745,
                    0.7402472496032715,
                    0.2828806936740875
                ],
                [
                    -0.35920026898384094,
                    -0.059939295053482056,
                    0.9313337206840515
                ]
            ],
            [
                [
                    0.22739212214946747,
                    -0.9396141171455383,
                    0.2557699978351593
                ],
                [
                    0.9082737565040588,
                    0.2993646264076233,
                    0.2922663688659668
                ],
                [
                    -0.351186066865921,
                    0.16585013270378113,
                    0.9214999675750732
                ]
            ],
            [
                [
                    0.7453329563140869,
                    -0.6018839478492737,
                    -0.28673073649406433
                ],
                [
                    0.664330780506134,
                    0.6343280673027039,
                    0.3953385055065155
                ],
                [
                    -0.05606653913855553,
                    -0.4851428270339966,
                    0.8726356625556946
                ]
            ],
            [
                [
                    0.7877792716026306,
                    -0.5537461042404175,
                    -0.26975739002227783
                ],
                [
                    0.6139777302742004,
                    0.7410234212875366,
                    0.27187439799308777
                ],
                [
                    0.049347151070833206,
                    -0.37980204820632935,
                    0.9237506985664368
                ]
            ],
            [
                [
                    0.9490898847579956,
                    -0.23084788024425507,
                    -0.2143307626247406
                ],
                [
                    -0.14888793230056763,
                    0.27086180448532104,
                    -0.9510343074798584
                ],
                [
                    0.2775982916355133,
                    0.9345282912254333,
                    0.22270172834396362
                ]
            ],
            [
                [
                    0.9685556292533875,
                    -0.23979701101779938,
                    -0.06631230562925339
                ],
                [
                    0.2198369950056076,
                    0.7000560164451599,
                    0.6794065237045288
                ],
                [
                    -0.11649734526872635,
                    -0.672620952129364,
                    0.7307594418525696
                ]
            ],
            [
                [
                    0.9521915912628174,
                    0.30352166295051575,
                    0.03472384810447693
                ],
                [
                    -0.2984132170677185,
                    0.9484134316444397,
                    -0.10705844312906265
                ],
                [
                    -0.06542712450027466,
                    0.09157809615135193,
                    0.9936461448669434
                ]
            ]
        ],
        "betas": [
            -0.031036406755447388,
            -0.00578799843788147,
            -0.023037195205688477,
            0.028535276651382446,
            0.00789421796798706,
            -0.009988602250814438,
            0.0093497633934021,
            0.00516258180141449,
            -0.01573409140110016,
            -0.04331138730049133
        ]
    },
    "pred_cam_t": [
        -0.11809808760881424,
        -0.05416051298379898,
        4.185298919677734
    ],
    "focal_length": [
        5000.0,
        5000.0
    ],
    "pred_keypoints_3d": [
        [
            0.09585180133581161,
            0.006399049423635006,
            0.006188426166772842
        ],
        [
            0.11558347940444946,
            0.02659435197710991,
            -0.020219551399350166
        ],
        [
            0.13079656660556793,
            0.05336454510688782,
            -0.022411992773413658
        ],
        [
            0.13904497027397156,
            0.07910362631082535,
            -0.024958359077572823
        ],
        [
            0.148652583360672,
            0.11064708977937698,
            -0.04069240018725395
        ],
        [
            0.09565136581659317,
            0.08637186139822006,
            -0.03689238056540489
        ],
        [
            0.11281906813383102,
            0.11427430808544159,
            -0.0325297974050045
        ],
        [
            0.13308171927928925,
            0.1109095886349678,
            -0.02403753623366356
        ],
        [
            0.1437157690525055,
            0.09553182125091553,
            -0.007252633571624756
        ],
        [
            0.08349034190177917,
            0.09741706401109695,
            -0.01773979142308235
        ],
        [
            0.11103388667106628,
            0.1108093410730362,
            -0.009342561475932598
        ],
        [
            0.1290782392024994,
            0.09989210963249207,
            0.0005575800314545631
        ],
        [
            0.1416287124156952,
            0.08090353012084961,
            0.013118291273713112
        ],
        [
            0.07998722791671753,
            0.09113364666700363,
            0.008090075105428696
        ],
        [
            0.1054537370800972,
            0.10476696491241455,
            0.0074892910197377205
        ],
        [
            0.12554995715618134,
            0.09630568325519562,
            0.019364286214113235
        ],
        [
            0.13734187185764313,
            0.07745524495840073,
            0.03214704245328903
        ],
        [
            0.0819740891456604,
            0.08400661498308182,
            0.028669612482190132
        ],
        [
            0.09978079050779343,
            0.094740130007267,
            0.0248267762362957
        ],
        [
            0.11657779663801193,
            0.09148075431585312,
            0.033042989671230316
        ],
        [
            0.12635010480880737,
            0.07812675833702087,
            0.03797266259789467
        ]
    ],
    "pred_vertices": [
        [
            0.10970353335142136,
            0.053504545241594315,
            -0.01787625625729561
        ],
        [
            0.1111443042755127,
            0.043295424431562424,
            -0.013252465054392815
        ],
        [
            0.11509935557842255,
            0.05015254020690918,
            -0.015632718801498413
        ],
        [
            0.11359398066997528,
            0.05838500335812569,
            -0.023119911551475525
        ],
        [
            0.1267143338918686,
            0.03524799644947052,
            -0.004555240273475647
        ],
        [
            0.13362152874469757,
            0.027728743851184845,
            -0.010541027411818504
        ],
        [
            0.13838499784469604,
            0.043614089488983154,
            -0.012951835989952087
        ],
        [
            0.13254806399345398,
            0.04790510609745979,
            -0.006235601380467415
        ],
        [
            0.1154085025191307,
            0.06299948692321777,
            -0.026833564043045044
        ],
        [
            0.11911013722419739,
            0.056679900735616684,
            -0.017238643020391464
        ],
        [
            0.11483773589134216,
            0.06383876502513885,
            -0.02825004607439041
        ],
        [
            0.10543330758810043,
            0.06716414541006088,
            -0.0406225249171257
        ],
        [
            0.10952196270227432,
            0.06790459156036377,
            -0.035686127841472626
        ],
        [
            0.0998675748705864,
            0.07256368547677994,
            -0.04485131427645683
        ],
        [
            0.09903043508529663,
            0.05926201120018959,
            -0.04331085458397865
        ],
        [
            0.09031638503074646,
            0.07197471708059311,
            -0.045351672917604446
        ],
        [
            0.0775427520275116,
            0.053003694862127304,
            -0.025552399456501007
        ],
        [
            0.07283129543066025,
            0.052379123866558075,
            -0.01250661350786686
        ],
        [
            0.06930665671825409,
            0.07031586766242981,
            -0.015503267757594585
        ],
        [
            0.07542910426855087,
            0.06915600597858429,
            -0.028132470324635506
        ],
        [
            0.06866142898797989,
            0.06495334208011627,
            0.005114249885082245
        ],
        [
            0.06897898763418198,
            0.06864321231842041,
            -0.006324228830635548
        ],
        [
            0.07101789116859436,
            0.05068870261311531,
            -0.0037086824886500835
        ],
        [
            0.07089528441429138,
            0.04823964834213257,
            0.006320665590465069
        ],
        [
            0.10452286899089813,
            0.04798690974712372,
            -0.004354763776063919
        ],
        [
            0.10664400458335876,
            0.03789090737700462,
            -0.0009358953684568405
        ],
        [
            0.10730594396591187,
            0.03887294977903366,
            -0.006904179230332375
        ],
        [
            0.10605715215206146,
            0.04884987697005272,
            -0.009735999628901482
        ],
        [
            0.12242871522903442,
            0.06326209008693695,
            -0.03018290549516678
        ],
        [
            0.11484084278345108,
            0.05283345654606819,
            -0.03791892156004906
        ],
        [
            0.11272794008255005,
            0.05947301164269447,
            -0.03463650494813919
        ],
        [
            0.12256218492984772,
            0.06574833393096924,
            -0.025016626343131065
        ],
        [
            0.11478032916784286,
            0.016513802111148834,
            0.017665376886725426
        ],
        [
            0.1114257276058197,
            0.003326527774333954,
            0.017286600545048714
        ],
        [
            0.11268091946840286,
            0.0024729594588279724,
            0.011499183252453804
        ],
        [
            0.11500388383865356,
            0.014598190784454346,
            0.012756701558828354
        ],
        [
            0.1236070841550827,
            0.007919438183307648,
            -0.00671672448515892
        ],
        [
            0.11764489114284515,
            -0.000960133969783783,
            -0.005747603252530098
        ],
        [
            0.11351864784955978,
            -0.008735939860343933,
            -0.0153438039124012
        ],
        [
            0.11850441992282867,
            0.0005846843123435974,
            -0.019147779792547226
        ],
        [
            0.1289788782596588,
            0.01781429350376129,
            -0.008987173438072205
        ],
        [
            0.12763817608356476,
            0.011298678815364838,
            -0.020269861444830894
        ],
        [
            0.13397932052612305,
            0.023363657295703888,
            -0.020724013447761536
        ],
        [
            0.13879570364952087,
            0.04092232882976532,
            -0.021716058254241943
        ],
        [
            0.1056988462805748,
            0.00445440411567688,
            0.02872655540704727
        ],
        [
            0.10786886513233185,
            0.014300964772701263,
            0.03093797340989113
        ],
        [
            0.1200316846370697,
            0.10197955369949341,
            -0.033037517219781876
        ],
        [
            0.11920108646154404,
            0.1023440957069397,
            -0.026929253712296486
        ],
        [
            0.11772063374519348,
            0.10047894716262817,
            -0.027910105884075165
        ],
        [
            0.11877123266458511,
            0.10091041773557663,
            -0.03369240462779999
        ],
        [
            0.08725956827402115,
            0.010776698589324951,
            0.034417059272527695
        ],
        [
            0.0781007781624794,
            0.009798862040042877,
            0.03029893897473812
        ],
        [
            0.07997173815965652,
            0.0031890347599983215,
            0.03280079364776611
        ],
        [
            0.08915071934461594,
            0.0034182071685791016,
            0.03493312746286392
        ],
        [
            0.08475037664175034,
            0.02046724408864975,
            0.03369908034801483
        ],
        [
            0.07613689452409744,
            0.019037045538425446,
            0.02652844786643982
        ],
        [
            0.1189645379781723,
            0.11378158628940582,
            -0.03836914151906967
        ],
        [
            0.12061898410320282,
            0.10882183909416199,
            -0.038888201117515564
        ],
        [
            0.11652356386184692,
            0.10854413360357285,
            -0.04028091952204704
        ],
        [
            0.11346271634101868,
            0.1126488596200943,
            -0.03916998952627182
        ],
        [
            0.11089322715997696,
            0.06593680381774902,
            -0.029449038207530975
        ],
        [
            0.10890509933233261,
            0.0627291202545166,
            -0.021410714834928513
        ],
        [
            0.10611657053232193,
            0.08021065592765808,
            -0.03319680690765381
        ],
        [
            0.10607066750526428,
            0.07436826080083847,
            -0.028181113302707672
        ],
        [
            0.10729721933603287,
            0.07257156819105148,
            -0.03469296544790268
        ],
        [
            0.10626431554555893,
            0.07779992371797562,
            -0.038603004068136215
        ],
        [
            0.0988750010728836,
            0.06984010338783264,
            -0.006082034669816494
        ],
        [
            0.10083860158920288,
            0.05863548815250397,
            -0.003864191472530365
        ],
        [
            0.10241585224866867,
            0.060215722769498825,
            -0.010161091573536396
        ],
        [
            0.1015833169221878,
            0.07243919372558594,
            -0.013897174037992954
        ],
        [
            0.09962369501590729,
            0.057974882423877716,
            0.010291079059243202
        ],
        [
            0.09724549204111099,
            0.06888121366500854,
            0.006829565390944481
        ],
        [
            0.09668736159801483,
            0.06705717742443085,
            0.015285676345229149
        ],
        [
            0.09949886798858643,
            0.05992927774786949,
            0.01651471108198166
        ],
        [
            0.0931997075676918,
            0.08636060357093811,
            -0.002344318199902773
        ],
        [
            0.09168881177902222,
            0.0900137647986412,
            -0.00448429211974144
        ],
        [
            0.09278950840234756,
            0.0895327478647232,
            -0.0004866737872362137
        ],
        [
            0.0930292084813118,
            0.08533823490142822,
            0.0014360463246703148
        ],
        [
            0.08095615357160568,
            -0.0036653950810432434,
            0.03455609455704689
        ],
        [
            0.09079879522323608,
            -0.003741748631000519,
            0.03449464589357376
        ],
        [
            0.07066164910793304,
            0.060905203223228455,
            0.02688109315931797
        ],
        [
            0.0773744210600853,
            0.05657703056931496,
            0.03507258743047714
        ],
        [
            0.07559660077095032,
            0.07071107625961304,
            0.035532787442207336
        ],
        [
            0.06761693209409714,
            0.07206617295742035,
            0.026348352432250977
        ],
        [
            0.07266078889369965,
            0.009735919535160065,
            0.02142999693751335
        ],
        [
            0.07290291786193848,
            0.003085486590862274,
            0.025619475170969963
        ],
        [
            0.11657004803419113,
            0.11781934648752213,
            -0.03410688415169716
        ],
        [
            0.11099095642566681,
            0.11604094505310059,
            -0.034685567021369934
        ],
        [
            0.12533625960350037,
            0.019604600965976715,
            -0.0315241701900959
        ],
        [
            0.1344868242740631,
            0.039658304303884506,
            -0.030571047216653824
        ],
        [
            0.11581578105688095,
            0.005727335810661316,
            -0.02884521894156933
        ],
        [
            0.1077190414071083,
            -0.0027326196432113647,
            -0.024972200393676758
        ],
        [
            0.10333090275526047,
            -0.010858714580535889,
            -0.021870460361242294
        ],
        [
            0.10374675691127777,
            0.07824532687664032,
            -0.023515423759818077
        ],
        [
            0.1058497428894043,
            0.057716455310583115,
            -0.014305190183222294
        ],
        [
            0.1036192923784256,
            0.04750867187976837,
            0.000740373507142067
        ],
        [
            0.10145293176174164,
            0.051038600504398346,
            0.031541548669338226
        ],
        [
            0.10399272292852402,
            0.04105087369680405,
            0.03314847871661186
        ],
        [
            0.10660146176815033,
            0.04432464390993118,
            0.02314826101064682
        ],
        [
            0.10325220972299576,
            0.05229029059410095,
            0.02365381084382534
        ],
        [
            0.08668016642332077,
            0.05758019536733627,
            0.03884560242295265
        ],
        [
            0.0939786434173584,
            0.059713393449783325,
            0.03556297346949577
        ],
        [
            0.0913798063993454,
            0.06777673214673996,
            0.03476288169622421
        ],
        [
            0.08408251404762268,
            0.06834238767623901,
            0.03821905702352524
        ],
        [
            0.1270776093006134,
            0.06052336469292641,
            -0.03510425239801407
        ],
        [
            0.11871783435344696,
            0.04708845168352127,
            -0.040056969970464706
        ],
        [
            0.09784816205501556,
            0.011595748364925385,
            0.034938275814056396
        ],
        [
            0.09913266450166702,
            0.004070259630680084,
            0.03301996365189552
        ],
        [
            0.0982406809926033,
            -0.00444234162569046,
            0.03232039883732796
        ],
        [
            0.11168353259563446,
            0.026808589696884155,
            0.006996853277087212
        ],
        [
            0.11528939008712769,
            0.013251446187496185,
            0.009295277297496796
        ],
        [
            0.1166083812713623,
            0.013514436781406403,
            0.004969293251633644
        ],
        [
            0.1108914166688919,
            0.026530638337135315,
            0.0030773114413022995
        ],
        [
            0.1142863854765892,
            0.033934105187654495,
            -0.006284814327955246
        ],
        [
            0.12160193920135498,
            0.023510120809078217,
            -0.00303688645362854
        ],
        [
            0.11864136159420013,
            0.04357123374938965,
            -0.006283644586801529
        ],
        [
            0.11458483338356018,
            -0.0002912580966949463,
            0.003917712718248367
        ],
        [
            0.11244276911020279,
            -0.007860161364078522,
            0.011865323409438133
        ],
        [
            0.11370134353637695,
            -0.00966838002204895,
            0.003211747854948044
        ],
        [
            0.10874032974243164,
            -0.006633736193180084,
            0.020875776186585426
        ],
        [
            0.1039963886141777,
            -0.005362309515476227,
            0.028312908485531807
        ],
        [
            0.07067817449569702,
            -0.004664085805416107,
            0.028508253395557404
        ],
        [
            0.11357711255550385,
            -0.010489694774150848,
            -0.005038466304540634
        ],
        [
            0.1360158771276474,
            0.05643058195710182,
            -0.010141311213374138
        ],
        [
            0.13914957642555237,
            0.06411105394363403,
            -0.013994150795042515
        ],
        [
            0.1323266625404358,
            0.06646057963371277,
            -0.012874335050582886
        ],
        [
            0.12883064150810242,
            0.059828951954841614,
            -0.009860534220933914
        ],
        [
            0.09722527861595154,
            0.08066584914922714,
            -0.04660037159919739
        ],
        [
            0.10382822901010513,
            0.07892847061157227,
            -0.043507613241672516
        ],
        [
            0.1057230606675148,
            0.07148362696170807,
            -0.04105256125330925
        ],
        [
            0.11240177601575851,
            0.027450792491436005,
            0.02113514021039009
        ],
        [
            0.10681723058223724,
            0.02506183087825775,
            0.03230667859315872
        ],
        [
            0.1040625125169754,
            0.08384871482849121,
            -0.028481174260377884
        ],
        [
            0.10933555662631989,
            0.11100730299949646,
            -0.040603190660476685
        ],
        [
            0.11315524578094482,
            0.10661348700523376,
            -0.04214266315102577
        ],
        [
            0.10303861647844315,
            0.09255418181419373,
            -0.04601818323135376
        ],
        [
            0.09788370132446289,
            0.09733476489782333,
            -0.0445973165333271
        ],
        [
            0.09937071800231934,
            0.09117332100868225,
            -0.025966161862015724
        ],
        [
            0.1043190285563469,
            0.08630607277154922,
            -0.028257714584469795
        ],
        [
            0.10423595458269119,
            0.08782072365283966,
            -0.027541639283299446
        ],
        [
            0.10143374651670456,
            0.09267475455999374,
            -0.02369278110563755
        ],
        [
            0.09218715876340866,
            0.08664508908987045,
            0.008548110723495483
        ],
        [
            0.09260570257902145,
            0.08259838074445724,
            0.009916117414832115
        ],
        [
            0.07779606431722641,
            0.08526571840047836,
            -0.028349081054329872
        ],
        [
            0.07924333214759827,
            0.08202109485864639,
            -0.04172015190124512
        ],
        [
            0.08104713261127472,
            0.06889311224222183,
            -0.03963109850883484
        ],
        [
            0.09772640466690063,
            0.06848840415477753,
            0.0012125717476010323
        ],
        [
            0.09575413912534714,
            0.07841559499502182,
            -2.1369196474552155e-05
        ],
        [
            0.09501437097787857,
            0.0778818428516388,
            0.004077441059052944
        ],
        [
            0.10179192572832108,
            0.08184163272380829,
            -0.02131802588701248
        ],
        [
            0.10087467730045319,
            0.08715914189815521,
            -0.02425519935786724
        ],
        [
            0.09865542501211166,
            0.08641845732927322,
            -0.020116887986660004
        ],
        [
            0.1001221165060997,
            0.08077273517847061,
            -0.016362611204385757
        ],
        [
            0.07914415001869202,
            0.04308751970529556,
            0.03497353196144104
        ],
        [
            0.08984699100255966,
            0.04475337266921997,
            0.039733462035655975
        ],
        [
            0.12077926844358444,
            0.10442885756492615,
            -0.037155382335186005
        ],
        [
            0.11844034492969513,
            0.10395398736000061,
            -0.03827454894781113
        ],
        [
            0.09975945949554443,
            0.05753494054079056,
            0.0032259002327919006
        ],
        [
            0.08465708792209625,
            0.05444877967238426,
            -0.03523226082324982
        ],
        [
            0.10302408039569855,
            0.04709407314658165,
            0.006233181804418564
        ],
        [
            0.0742897242307663,
            0.08529969304800034,
            0.013403953984379768
        ],
        [
            0.08145924657583237,
            0.0864175483584404,
            0.017965249717235565
        ],
        [
            0.08501871675252914,
            0.09011778980493546,
            0.017132392153143883
        ],
        [
            0.08066815137863159,
            0.09191691875457764,
            0.013656357303261757
        ],
        [
            0.10923635959625244,
            0.10418806225061417,
            -0.02121768705546856
        ],
        [
            0.11378832161426544,
            0.10087447613477707,
            -0.023217253386974335
        ],
        [
            0.11514376848936081,
            0.10265113413333893,
            -0.022603098303079605
        ],
        [
            0.11204218119382858,
            0.10735044628381729,
            -0.020401205867528915
        ],
        [
            0.10670493543148041,
            0.08348558098077774,
            -0.03293132781982422
        ],
        [
            0.10723689943552017,
            0.08228100091218948,
            -0.03895825520157814
        ],
        [
            0.10917647927999496,
            0.08592714369297028,
            -0.03760208562016487
        ],
        [
            0.10738948732614517,
            0.08675147593021393,
            -0.03174722194671631
        ],
        [
            0.10450321435928345,
            0.08387040346860886,
            -0.044052910059690475
        ],
        [
            0.10691618919372559,
            0.08818500488996506,
            -0.04328731819987297
        ],
        [
            0.10539773851633072,
            0.10916285961866379,
            -0.02293301932513714
        ],
        [
            0.10439588129520416,
            0.11343762278556824,
            -0.029276348650455475
        ],
        [
            0.09257529675960541,
            0.10076255351305008,
            -0.03141571953892708
        ],
        [
            0.09693919122219086,
            0.09882436692714691,
            -0.025066062808036804
        ],
        [
            0.07123066484928131,
            0.03272628039121628,
            0.0073382314294576645
        ],
        [
            0.0721205472946167,
            0.032186590135097504,
            0.01849336549639702
        ],
        [
            0.07146292179822922,
            0.047659195959568024,
            0.017844200134277344
        ],
        [
            0.06927143037319183,
            0.0634520947933197,
            0.017672240734100342
        ],
        [
            0.06856714189052582,
            0.07810485363006592,
            0.01618225686252117
        ],
        [
            0.06628449261188507,
            0.07915786653757095,
            0.00422742310911417
        ],
        [
            0.07289618253707886,
            0.04576015844941139,
            0.02588632144033909
        ],
        [
            0.08934355527162552,
            0.09080149978399277,
            -0.02563178725540638
        ],
        [
            0.08510661870241165,
            0.09186819195747375,
            -0.03217018395662308
        ],
        [
            0.0837792158126831,
            0.09051689505577087,
            -0.02713051438331604
        ],
        [
            0.10357499122619629,
            0.04766407981514931,
            0.013707235455513
        ],
        [
            0.11634551733732224,
            0.10246770828962326,
            -0.04039784148335457
        ],
        [
            0.08344469219446182,
            -0.0009729042649269104,
            -0.019105466082692146
        ],
        [
            0.07513264566659927,
            0.0007710680365562439,
            -0.008142301812767982
        ],
        [
            0.07653899490833282,
            0.008833736181259155,
            -0.011574935168027878
        ],
        [
            0.08712693303823471,
            0.007275320589542389,
            -0.023796653375029564
        ],
        [
            0.11756132543087006,
            0.09887797385454178,
            -0.029038051143288612
        ],
        [
            0.11832933872938156,
            0.09899265319108963,
            -0.035394005477428436
        ],
        [
            0.09264865517616272,
            0.08333203941583633,
            0.01651127077639103
        ],
        [
            0.09210383147001266,
            0.08750258386135101,
            0.014358019456267357
        ],
        [
            0.09093683958053589,
            0.08834293484687805,
            0.016786841675639153
        ],
        [
            0.09218251705169678,
            0.08578500896692276,
            0.021019794046878815
        ],
        [
            0.07354848831892014,
            0.030563078820705414,
            0.024159789085388184
        ],
        [
            0.0807906836271286,
            0.08024051040410995,
            0.03536372631788254
        ],
        [
            0.07208267599344254,
            0.08083102107048035,
            0.026698175817728043
        ],
        [
            0.07249146699905396,
            0.018912561237812042,
            0.018610484898090363
        ],
        [
            0.07106754928827286,
            0.019172854721546173,
            0.008899590000510216
        ],
        [
            0.07074075937271118,
            0.009509876370429993,
            0.010607263073325157
        ],
        [
            0.07152346521615982,
            0.08545176684856415,
            -0.008196897804737091
        ],
        [
            0.07146549969911575,
            0.03520829230546951,
            -0.0010417457669973373
        ],
        [
            0.07183700799942017,
            0.02071155607700348,
            0.0013864049687981606
        ],
        [
            0.07150666415691376,
            0.0092385932803154,
            0.0030929334461688995
        ],
        [
            0.07046747207641602,
            0.0011146068572998047,
            0.004879496991634369
        ],
        [
            0.06986261904239655,
            0.0022408217191696167,
            0.012951860204339027
        ],
        [
            0.10630376636981964,
            0.11326587200164795,
            -0.03539777174592018
        ],
        [
            0.10934505611658096,
            0.11729675531387329,
            -0.027632340788841248
        ],
        [
            0.06723989546298981,
            -0.00606420636177063,
            0.01568363979458809
        ],
        [
            0.06869228929281235,
            -0.0069863274693489075,
            0.006531908176839352
        ],
        [
            0.07390249520540237,
            0.021637484431266785,
            -0.007610727101564407
        ],
        [
            0.07845168560743332,
            0.02277258038520813,
            -0.01865691877901554
        ],
        [
            0.07370705902576447,
            0.035643160343170166,
            -0.009574946016073227
        ],
        [
            0.07766582071781158,
            0.037821877747774124,
            -0.020528538152575493
        ],
        [
            0.06754869967699051,
            0.08427432179450989,
            -0.018926475197076797
        ],
        [
            0.1273925006389618,
            0.1178801879286766,
            -0.020237654447555542
        ],
        [
            0.11584984511137009,
            0.1166142150759697,
            -0.021660899743437767
        ],
        [
            0.1160091981291771,
            0.11092425137758255,
            -0.020018119364976883
        ],
        [
            0.1256650686264038,
            0.11451222747564316,
            -0.01792142167687416
        ],
        [
            0.10987206548452377,
            0.11265715956687927,
            -0.02186163328588009
        ],
        [
            0.11544844508171082,
            0.11912208050489426,
            -0.02690410241484642
        ],
        [
            0.08771547675132751,
            0.03901727497577667,
            -0.032681748270988464
        ],
        [
            0.09657637774944305,
            0.09006890654563904,
            -0.02259635366499424
        ],
        [
            0.09313450753688812,
            0.022735022008419037,
            -0.031835947185754776
        ],
        [
            0.10017553716897964,
            0.0460924468934536,
            -0.042331796139478683
        ],
        [
            0.10690728574991226,
            0.03468988463282585,
            -0.040608689188957214
        ],
        [
            0.1006006971001625,
            0.006136871874332428,
            -0.030937574803829193
        ],
        [
            0.1121087446808815,
            0.01932525634765625,
            -0.03758136183023453
        ],
        [
            0.09206968545913696,
            -0.009787559509277344,
            -0.02188967540860176
        ],
        [
            0.09466840326786041,
            -0.0014928355813026428,
            -0.02559748850762844
        ],
        [
            0.12277717888355255,
            0.03425149992108345,
            -0.03837453946471214
        ],
        [
            0.12650245428085327,
            0.10237447172403336,
