{
    "pred_cam": [
        8.042112350463867,
        0.1326219141483307,
        -0.04698345065116882
    ],
    "pred_mano_params": {
        "global_orient": [
            [
                [
                    -0.46871447563171387,
                    -0.4196188151836395,
                    0.7773202061653137
                ],
                [
                    -0.7440248131752014,
                    -0.28680694103240967,
                    -0.6034640073776245
                ],
                [
                    0.4761657118797302,
                    -0.861197829246521,
                    -0.17777623236179352
                ]
            ]
        ],
        "hand_pose": [
            [
                [
                    0.6181355118751526,
                    -0.7320997714996338,
                    -0.2862488925457001
                ],
                [
                    0.7724801898002625,
                    0.6331639289855957,
                    0.04876256734132767
                ],
                [
                    0.1455434262752533,
                    -0.25126346945762634,
                    0.9569136500358582
                ]
            ],
            [
                [
                    0.1634090691804886,
                    -0.932874321937561,
                    0.3210030496120453
                ],
                [
                    0.9770879745483398,
                    0.10805805027484894,
                    -0.18336430191993713
                ],
                [
                    0.13636890053749084,
                    0.3436116576194763,
                    0.9291579127311707
                ]
            ],
            [
                [
                    0.9176220297813416,
                    -0.39098450541496277,
                    -0.07142090797424316
                ],
                [
                    0.39159566164016724,
                    0.920119047164917,
                    -0.005817748606204987
                ],
                [
                    0.06799038499593735,
                    -0.022629620507359505,
                    0.997429370880127
                ]
            ],
            [
                [
                    -0.11124366521835327,
                    -0.9175158739089966,
                    -0.3818238079547882
                ],
                [
                    0.9750471711158752,
                    -0.17504064738750458,
                    0.13654159009456635
                ],
                [
                    -0.19211381673812866,
                    -0.35710689425468445,
                    0.9140934348106384
                ]
            ],
            [
                [
                    0.5674401521682739,
                    -0.756924569606781,
                    -0.32415562868118286
                ],
                [
                    0.8105592131614685,
                    0.5827680230140686,
                    0.058096759021282196
                ],
                [
                    0.14493267238140106,
                    -0.29571375250816345,
                    0.9442181587219238
                ]
            ],
            [
                [
                    0.976769208908081,
                    -0.08957616984844208,
                    -0.19467416405677795
                ],
                [
                    0.0979921892285347,
                    0.994605541229248,
                    0.03401992470026016
                ],
                [
                    0.19057662785053253,
                    -0.0523061640560627,
                    0.9802778363227844
                ]
            ],
            [
                [
                    -0.040921587496995926,
                    -0.9980653524398804,
                    0.04680782929062843
                ],
                [
                    0.6027916669845581,
                    0.01270055491477251,
                    0.7977975010871887
                ],
                [
                    -0.7968485355377197,
                    0.060862503945827484,
                    0.6011057496070862
                ]
            ],
            [
                [
                    0.6789581775665283,
                    -0.6629996299743652,
                    -0.31535255908966064
                ],
                [
                    0.7202752232551575,
                    0.5183331966400146,
                    0.46101438999176025
                ],
                [
                    -0.1421946883201599,
                    -0.5401501655578613,
                    0.8294687271118164
                ]
            ],
            [
                [
                    0.9379848837852478,
                    -0.32234081625938416,
                    -0.1275959461927414
                ],
                [
                    0.3363823890686035,
                    0.9352693557739258,
                    0.11008276045322418
                ],
                [
                    0.08385240286588669,
                    -0.1461769938468933,
                    0.9856982827186584
                ]
            ],
            [
                [
                    -0.1609755903482437,
                    -0.9780041575431824,
                    0.13264532387256622
                ],
                [
                    0.9099125266075134,
                    -0.09500472247600555,
                    0.4037739634513855
                ],
                [
                    -0.38229066133499146,
                    0.1856933981180191,
                    0.9051916599273682
                ]
            ],
            [
                [
                    0.7984544038772583,
                    -0.5558133721351624,
                    -0.2313915491104126
                ],
                [
                    0.5748172402381897,
                    0.5894837975502014,
                    0.5675331950187683
                ],
                [
                    -0.17904096841812134,
                    -0.5861572623252869,
                    0.7901670336723328
                ]
            ],
            [
                [
                    0.9408835768699646,
                    -0.21085935831069946,
                    -0.2650969624519348
                ],
                [
                    0.24156764149665833,
                    0.9663159847259521,
                    0.08876097202301025
                ],
                [
                    0.23745134472846985,
                    -0.14755259454250336,
                    0.9601276516914368
                ]
            ],
            [
                [
                    0.9830107688903809,
                    0.04777940735220909,
                    -0.17721997201442719
                ],
                [
                    -0.16159455478191376,
                    0.6831743121147156,
                    -0.7121515870094299
                ],
                [
                    0.08704595267772675,
                    0.728690505027771,
                    0.6792886257171631
                ]
            ],
            [
                [
                    0.9188117980957031,
                    -0.2807329595088959,
                    -0.27744153141975403
                ],
                [
                    0.38647109270095825,
                    0.782650887966156,
                    0.48795247077941895
                ],
                [
                    0.08015549927949905,
                    -0.5555596947669983,
                    0.8276040554046631
                ]
            ],
            [
                [
                    0.8892116546630859,
                    -0.2493065446615219,
                    -0.3835998773574829
                ],
                [
                    -0.016388636082410812,
                    0.8205804824829102,
                    -0.5712959170341492
                ],
                [
                    0.45720240473747253,
                    0.5142896771430969,
                    0.7255839109420776
                ]
            ]
        ],
        "betas": [
            -0.02459818124771118,
            0.06535717844963074,
            0.03411895036697388,
            -0.01522257924079895,
            0.07429027557373047,
            -0.05137570947408676,
            0.026211917400360107,
            -0.04599207639694214,
            -0.09240284562110901,
            -0.08829572796821594
        ]
    },
    "pred_cam_t": [
        -0.1326219141483307,
        -0.04698345065116882,
        4.857243537902832
    ],
    "focal_length": [
        5000.0,
        5000.0
    ],
    "pred_keypoints_3d": [
        [
            0.09583405405282974,
            0.00640084408223629,
            0.006164414808154106
        ],
        [
            0.13386431336402893,
            0.013227861374616623,
            0.0034671714529395103
        ],
        [
            0.1621088683605194,
            0.025402670726180077,
            0.0008697984740138054
        ],
        [
            0.18012237548828125,
            0.04525139182806015,
            -0.003338998183608055
        ],
        [
            0.1901586651802063,
            0.07847324758768082,
            0.0008128266781568527
        ],
        [
            0.15561753511428833,
            0.06104922294616699,
            -0.035070642828941345
        ],
        [
            0.17343789339065552,
            0.08742351084947586,
            -0.02628416195511818
        ],
        [
            0.17411941289901733,
            0.07945800572633743,
            -0.005599969998002052
        ],
        [
            0.16778726875782013,
            0.06761789321899414,
            0.015531938523054123
        ],
        [
            0.13833507895469666,
            0.0793902650475502,
            -0.03718306124210358
        ],
        [
            0.1498694121837616,
            0.08543945103883743,
            -0.008252989500761032
        ],
        [
            0.14532244205474854,
            0.06985689699649811,
            0.008403446525335312
        ],
        [
            0.1363959014415741,
            0.05584079772233963,
            0.028706111013889313
        ],
        [
            0.11512394994497299,
            0.08458533883094788,
            -0.024703374132514
        ],
        [
            0.1311628371477127,
            0.0873284861445427,
            -0.0008761771023273468
        ],
        [
            0.12831628322601318,
            0.07440190017223358,
            0.02009521797299385
        ],
        [
            0.11951276659965515,
            0.06292958557605743,
            0.04181146249175072
        ],
        [
            0.0987081527709961,
            0.08666400611400604,
            -0.010328490287065506
        ],
        [
            0.11186634004116058,
            0.08876009285449982,
            0.0060330647975206375
        ],
        [
            0.10880696773529053,
            0.07846123725175858,
            0.02162744849920273
        ],
        [
            0.1012415811419487,
            0.06725487112998962,
            0.035379789769649506
        ]
    ],
    "pred_vertices": [
        [
            0.1390404999256134,
            0.039053283631801605,
            -0.005746472626924515
        ],
        [
            0.13427674770355225,
            0.03244851529598236,
            0.0011701695621013641
        ],
        [
            0.14433343708515167,
            0.0354708656668663,
            0.000493369996547699
        ],
        [
            0.14853474497795105,
            0.04031065106391907,
            -0.006863240152597427
        ],
        [
            0.14141079783439636,
            0.023497074842453003,
            0.018360864371061325
        ],
        [
            0.1455356478691101,
            0.012249670922756195,
            0.02059270441532135
        ],
        [
            0.15952447056770325,
            0.02163870260119438,
            0.016202829778194427
        ],
        [
            0.15415789186954498,
            0.030128756538033485,
            0.016100872308015823
        ],
        [
            0.15577372908592224,
            0.04088477045297623,
            -0.00953441858291626
        ],
        [
            0.15238827466964722,
            0.03797978162765503,
            -0.00020087137818336487
        ],
        [
            0.1574653536081314,
            0.03842480480670929,
            -0.012707898393273354
        ],
        [
            0.15871047973632812,
            0.03944588825106621,
            -0.02637346461415291
        ],
        [
            0.1578378826379776,
            0.043056659400463104,
            -0.01978016085922718
        ],
        [
            0.1594679355621338,
            0.043976638466119766,
            -0.03382836654782295
        ],
        [
            0.15287937223911285,
            0.031156176701188087,
            -0.03153076395392418
        ],
        [
            0.1533857136964798,
            0.04367413371801376,
            -0.04160057753324509
        ],
        [
            0.12465908378362656,
            0.03590650483965874,
            -0.036478571593761444
        ],
        [
            0.1124151423573494,
            0.04104882478713989,
            -0.03313108906149864
        ],
        [
            0.11899521201848984,
            0.05655801296234131,
            -0.04189516603946686
        ],
        [
            0.1312444508075714,
            0.04979889839887619,
            -0.043238501995801926
        ],
        [
            0.10150329768657684,
            0.06050926446914673,
            -0.03028590977191925
        ],
        [
            0.11153607815504074,
            0.058936722576618195,
            -0.03683646395802498
        ],
        [
            0.10430591553449631,
            0.043292950838804245,
            -0.029519079253077507
        ],
        [
            0.09595289826393127,
            0.04534183070063591,
            -0.02373226173222065
        ],
        [
            0.12335669994354248,
            0.03976449742913246,
            -0.001637037843465805
        ],
        [
            0.1182670146226883,
            0.03253855183720589,
            0.00460999459028244
        ],
        [
            0.12353964149951935,
            0.03158995509147644,
            0.0023289360105991364
        ],
        [
            0.12853719294071198,
            0.03846226632595062,
            -0.0033069178462028503
        ],
        [
            0.16363976895809174,
            0.0325775071978569,
            -0.011618634685873985
        ],
        [
            0.15804380178451538,
            0.023230712860822678,
            -0.01715395227074623
        ],
        [
            0.1576656997203827,
            0.03123726136982441,
            -0.017713256180286407
        ],
        [
            0.1623605340719223,
            0.03706393763422966,
            -0.00856153666973114
        ],
        [
            0.10202965885400772,
            0.02009660005569458,
            0.025483880192041397
        ],
        [
            0.09579513967037201,
            0.008020274341106415,
            0.025542020797729492
        ],
        [
            0.10046546161174774,
            0.004877060651779175,
            0.023699916899204254
        ],
        [
            0.1049700677394867,
            0.01657814532518387,
            0.02359052002429962
        ],
        [
            0.12330203503370285,
            0.0006770938634872437,
            0.021317768841981888
        ],
        [
            0.11458483338356018,
            -0.00580953061580658,
            0.018977448344230652
        ],
        [
            0.11619967967271805,
            -0.01744507998228073,
            0.011741593480110168
        ],
        [
            0.125198632478714,
            -0.011872708797454834,
            0.010644275695085526
        ],
        [
            0.1347055435180664,
            0.006739731878042221,
            0.021862711757421494
        ],
        [
            0.13695505261421204,
            -0.004928603768348694,
            0.014301154762506485
        ],
        [
            0.1486082822084427,
            0.0028579235076904297,
            0.014319043606519699
        ],
        [
            0.16245605051517487,
            0.014427315443754196,
            0.010671637952327728
        ],
        [
            0.08441877365112305,
            0.013945206999778748,
            0.02675795741379261
        ],
        [
            0.08746863901615143,
            0.023755714297294617,
            0.02751484513282776
        ],
        [
            0.1718175709247589,
            0.07224298268556595,
            -0.021516207605600357
        ],
        [
            0.16674603521823883,
            0.07479122281074524,
            -0.0186212919652462
        ],
        [
            0.16748087108135223,
            0.07454656064510345,
            -0.01895725168287754
        ],
        [
            0.1721506416797638,
            0.07258938252925873,
            -0.021943477913737297
        ],
        [
            0.07161916792392731,
            0.022479936480522156,
            0.01339288242161274
        ],
        [
            0.06898073107004166,
            0.020054884254932404,
            0.003941245377063751
        ],
        [
            0.06591810286045074,
            0.015017487108707428,
            0.008298266679048538
        ],
        [
            0.06978227198123932,
            0.015945568680763245,
            0.01686561293900013
        ],
        [
            0.07401760667562485,
            0.031072482466697693,
            0.008767077699303627
        ],
        [
            0.07382779568433762,
            0.026956871151924133,
            -0.0017746388912200928
        ],
        [
            0.1795128732919693,
            0.08212289214134216,
            -0.025238817557692528
        ],
        [
            0.1790066659450531,
            0.0768202543258667,
            -0.024266615509986877
        ],
        [
            0.1781269758939743,
            0.07761994749307632,
            -0.027869494631886482
        ],
        [
            0.17712363600730896,
            0.08259038627147675,
            -0.02976405620574951
        ],
        [
            0.15273675322532654,
            0.04481315612792969,
            -0.014284614473581314
        ],
        [
            0.14399468898773193,
            0.04575397074222565,
            -0.01062072440981865
        ],
        [
            0.15736143290996552,
            0.05644559487700462,
            -0.02339937910437584
        ],
        [
            0.151193767786026,
            0.05348539724946022,
            -0.01924074999988079
        ],
        [
            0.15628203749656677,
            0.04893629252910614,
            -0.021511223167181015
        ],
        [
            0.1603977084159851,
            0.05204484239220619,
            -0.02591714635491371
        ],
        [
            0.12900276482105255,
            0.05879144370555878,
            -0.012234078720211983
        ],
        [
            0.12462242692708969,
            0.049561455845832825,
            -0.006890406832098961
        ],
        [
            0.13073325157165527,
            0.048365578055381775,
            -0.00931246392428875
        ],
        [
            0.13725923001766205,
            0.05783113092184067,
            -0.014783065766096115
        ],
        [
            0.11322316527366638,
            0.05485490337014198,
            -0.00011683441698551178
        ],
        [
            0.11813664436340332,
            0.06322947144508362,
            -0.006441500037908554
        ],
        [
            0.11091342568397522,
            0.06496912240982056,
            -0.0019044596701860428
        ],
        [
            0.10923051089048386,
            0.05915675312280655,
            0.00269978865981102
        ],
        [
            0.12878096103668213,
            0.07530653476715088,
            -0.019063886255025864
        ],
        [
            0.13040198385715485,
            0.0764261782169342,
            -0.023453239351511
        ],
        [
            0.12693414092063904,
            0.07711944729089737,
            -0.019845863804221153
        ],
        [
            0.12547586858272552,
            0.07582347840070724,
            -0.016807174310088158
        ],
        [
            0.06278052926063538,
            0.00949648767709732,
            0.011613847687840462
        ],
        [
            0.06855186820030212,
            0.009208858013153076,
            0.019612345844507217
        ],
        [
            0.08486193418502808,
            0.06583476811647415,
            -0.015973906964063644
        ],
        [
            0.08120736479759216,
            0.06474897265434265,
            -0.005023268982768059
        ],
        [
            0.08515691012144089,
            0.07759574055671692,
            -0.00908452458679676
        ],
        [
            0.08758416026830673,
            0.07612085342407227,
            -0.021541042253375053
        ],
        [
            0.0722845047712326,
            0.016415946185588837,
            -0.005237087607383728
        ],
        [
            0.06701834499835968,
            0.012074626982212067,
            -0.0012891832739114761
        ],
        [
            0.17655742168426514,
            0.08813117444515228,
            -0.024831991642713547
        ],
        [
            0.17390230298042297,
            0.08819954842329025,
            -0.029262077063322067
        ],
        [
            0.145537331700325,
            -0.003716513514518738,
            0.002360217273235321
        ],
        [
            0.1622690111398697,
            0.0100131556391716,
            0.0021904781460762024
        ],
        [
            0.13122157752513885,
            -0.011704802513122559,
            0.0013483725488185883
        ],
        [
            0.12076202034950256,
            -0.01624169945716858,
            5.601346492767334e-05
        ],
        [
            0.11368636041879654,
            -0.021835360676050186,
            0.0006270669400691986
        ],
        [
            0.1477350890636444,
            0.05895572155714035,
            -0.019360993057489395
        ],
        [
            0.13498814404010773,
            0.04434797540307045,
            -0.008121993392705917
        ],
        [
            0.1189379096031189,
            0.04139233008027077,
            0.0003945380449295044
        ],
        [
            0.09608252346515656,
            0.057387322187423706,
            0.01435503363609314
        ],
        [
            0.09289035946130753,
            0.04904425889253616,
            0.019515782594680786
        ],
        [
            0.10300470143556595,
            0.04773998633027077,
            0.015570981428027153
        ],
        [
            0.1034468337893486,
            0.05517670139670372,
            0.011335773393511772
        ],
        [
            0.08417140692472458,
            0.06677630543708801,
            0.004536155611276627
        ],
        [
            0.09161392599344254,
            0.06689245998859406,
            0.008401921018958092
        ],
        [
            0.09346435964107513,
            0.07323934882879257,
            0.004277961328625679
        ],
        [
            0.08694466948509216,
            0.07582967728376389,
            -0.00017675943672657013
        ],
        [
            0.16831548511981964,
            0.026810351759195328,
            -0.011880348436534405
        ],
        [
            0.1592557728290558,
            0.01611299440264702,
            -0.015044324100017548
        ],
        [
            0.07771327346563339,
            0.02321387082338333,
            0.022105781361460686
        ],
        [
            0.07726529240608215,
            0.01553364098072052,
            0.02380148321390152
        ],
        [
            0.07425269484519958,
            0.007528245449066162,
            0.024673711508512497
        ],
        [
            0.11142091453075409,
            0.025749068707227707,
            0.015480700880289078
        ],
        [
            0.10710544884204865,
            0.014144361019134521,
            0.02242492139339447
        ],
        [
            0.11127704381942749,
            0.012753032147884369,
            0.021459225565195084
        ],
        [
            0.11364982277154922,
            0.024512331932783127,
            0.013377215713262558
        ],
        [
            0.1300097554922104,
            0.02700047194957733,
            0.010737817734479904
        ],
        [
            0.12791047990322113,
            0.017406482249498367,
            0.01996360346674919
        ],
        [
            0.14091113209724426,
            0.03242149204015732,
            0.010041899979114532
        ],
        [
            0.10608302056789398,
            -0.0008103251457214355,
            0.021911054849624634
        ],
        [
            0.09647109359502792,
            -0.004380382597446442,
            0.026136308908462524
        ],
        [
            0.1028720885515213,
            -0.009741760790348053,
            0.022937890142202377
        ],
        [
            0.08808454871177673,
            0.0005719810724258423,
            0.027642518281936646
        ],
        [
            0.08024892210960388,
            0.004905000329017639,
            0.027443666011095047
        ],
        [
            0.06084568426012993,
            0.006291627883911133,
            0.00021982751786708832
        ],
        [
            0.10842856764793396,
            -0.014114007353782654,
            0.018345162272453308
        ],
        [
            0.1624199002981186,
            0.033573951572179794,
            0.012693226337432861
        ],
        [
            0.16897569596767426,
            0.03690230846405029,
            0.009514158591628075
        ],
        [
            0.16392923891544342,
            0.0407983660697937,
            0.005448965355753899
        ],
        [
            0.15823423862457275,
            0.03811720386147499,
            0.007410848513245583
        ],
        [
            0.16139987111091614,
            0.05146462470293045,
            -0.038743726909160614
        ],
        [
            0.1628955751657486,
            0.05097988620400429,
            -0.03120148554444313
        ],
        [
            0.15994520485401154,
            0.0447777695953846,
            -0.02641262859106064
        ],
        [
            0.10195519030094147,
            0.031483713537454605,
            0.02297111600637436
        ],
        [
            0.08959099650382996,
            0.03413147106766701,
            0.024994036182761192
        ],
        [
            0.1542104184627533,
            0.06165353208780289,
            -0.022982535883784294
        ],
        [
            0.17520596086978912,
            0.0808311328291893,
            -0.03321794047951698
        ],
        [
            0.17749445140361786,
            0.07572769373655319,
            -0.030832825228571892
        ],
        [
            0.16882085800170898,
            0.06269808113574982,
            -0.03733689337968826
        ],
        [
            0.16588255763053894,
            0.06810769438743591,
            -0.04109767824411392
        ],
        [
            0.1524421125650406,
            0.06934746354818344,
            -0.026796534657478333
        ],
        [
            0.15583765506744385,
            0.06364628672599792,
            -0.02320713922381401
        ],
        [
            0.15587878227233887,
            0.06514155119657516,
            -0.02312612719833851
        ],
        [
            0.15280061960220337,
            0.07128661870956421,
            -0.023683298379182816
        ],
        [
            0.11853359639644623,
            0.07820351421833038,
            -0.015057007782161236
        ],
        [
            0.11806155741214752,
            0.07677821815013885,
            -0.012137128971517086
        ],
        [
            0.1385880410671234,
            0.06449558585882187,
            -0.044503189623355865
        ],
        [
            0.14747999608516693,
            0.05564161390066147,
            -0.05004967004060745
        ],
        [
            0.14251650869846344,
            0.044001199305057526,
            -0.04502894729375839
        ],
        [
            0.12246035784482956,
            0.06060010939836502,
            -0.008960109204053879
        ],
        [
            0.12570010125637054,
            0.06904137879610062,
            -0.013526611030101776
        ],
        [
            0.12205195426940918,
            0.07017699629068375,
            -0.011802472174167633
        ],
        [
            0.14624203741550446,
            0.06314437091350555,
            -0.02053207904100418
        ],
        [
            0.15024609863758087,
            0.06658809632062912,
            -0.023857498541474342
        ],
        [
            0.14517787098884583,
            0.06801944226026535,
            -0.02385704033076763
        ],
        [
            0.14114783704280853,
            0.06436359882354736,
            -0.019177375361323357
        ],
        [
            0.0776074081659317,
            0.052405089139938354,
            -0.00042677484452724457
        ],
        [
            0.0809655413031578,
            0.05554863438010216,
            0.010545330122113228
        ],
        [
            0.1762332171201706,
            0.07313673943281174,
            -0.023233452811837196
        ],
        [
            0.17631815373897552,
            0.07374481111764908,
            -0.02500937134027481
        ],
        [
            0.11835978925228119,
            0.05152823403477669,
            -0.0037169046700000763
        ],
        [
            0.13594305515289307,
            0.03242801874876022,
            -0.03656480088829994
        ],
        [
            0.11440710723400116,
            0.04330975562334061,
            0.002944439649581909
        ],
        [
            0.10657501220703125,
            0.08201085031032562,
            -0.024591578170657158
        ],
        [
            0.10733800381422043,
            0.08419156074523926,
            -0.016177890822291374
        ],
        [
            0.10966882854700089,
            0.08532439172267914,
            -0.014743614941835403
        ],
        [
            0.11094068735837936,
            0.086166612803936,
            -0.019966324791312218
        ],
        [
            0.1592521220445633,
            0.08169351518154144,
            -0.019281864166259766
        ],
        [
            0.16291874647140503,
            0.07737065106630325,
            -0.01668916642665863
        ],
        [
            0.16277553141117096,
            0.07881173491477966,
            -0.017861101776361465
        ],
        [
            0.160591721534729,
            0.08443903177976608,
            -0.018935374915599823
        ],
        [
            0.1596364676952362,
            0.05915321782231331,
            -0.02388489618897438
        ],
        [
            0.16341999173164368,
            0.05576604604721069,
            -0.02699495479464531
        ],
        [
            0.1653641015291214,
            0.059243086725473404,
            -0.025865312665700912
        ],
        [
            0.16051724553108215,
            0.062307458370923996,
            -0.023419469594955444
        ],
        [
            0.16559544205665588,
            0.055383920669555664,
            -0.03283774480223656
        ],
        [
            0.16822469234466553,
            0.05937553942203522,
            -0.03182687982916832
        ],
        [
            0.15948376059532166,
            0.08624430745840073,
            -0.02413710206747055
        ],
        [
            0.16500864923000336,
            0.08832540363073349,
            -0.029705990105867386
        ],
        [
            0.15440194308757782,
            0.07673832029104233,
            -0.036935072392225266
        ],
        [
            0.15235117077827454,
            0.0768727958202362,
            -0.029185855761170387
        ],
        [
            0.08991880714893341,
            0.03152043744921684,
            -0.019259002059698105
        ],
        [
            0.08200957626104355,
            0.035695768892765045,
            -0.012448059394955635
        ],
        [
            0.08751173317432404,
            0.04966723173856735,
            -0.017041470855474472
        ],
        [
            0.0920248031616211,
            0.06442040205001831,
            -0.02270635776221752
        ],
        [
            0.09828253090381622,
            0.07734862715005875,
            -0.027278464287519455
        ],
        [
            0.10620644688606262,
            0.0734068900346756,
            -0.03571295738220215
        ],
        [
            0.08170458674430847,
            0.05126705393195152,
            -0.01103653758764267
        ],
        [
            0.14531899988651276,
            0.06989769637584686,
            -0.036081116646528244
        ],
        [
            0.14755401015281677,
            0.06876596063375473,
            -0.04172897711396217
        ],
        [
            0.1433228701353073,
            0.07007233053445816,
            -0.04066134989261627
        ],
        [
            0.10941962897777557,
            0.04692520201206207,
            0.007291574031114578
        ],
        [
            0.17700082063674927,
            0.0720929428935051,
            -0.02652815356850624
        ],
        [
            0.1037946492433548,
            -0.010751836001873016,
            -0.015850292518734932
        ],
        [
            0.09205763787031174,
            -0.004240542650222778,
            -0.017087772488594055
        ],
        [
            0.09816740453243256,
            0.001657925546169281,
            -0.01965843141078949
        ],
        [
            0.11169729381799698,
            -0.005425587296485901,
            -0.01749562844634056
        ],
        [
            0.1689710170030594,
            0.07292193919420242,
            -0.01723424158990383
        ],
        [
            0.17377114295959473,
            0.07062742859125137,
            -0.02118561416864395
        ],
        [
            0.11356298625469208,
            0.07975708693265915,
            -0.00826934166252613
        ],
        [
            0.11454339325428009,
            0.08123913407325745,
            -0.01168187614530325
        ],
        [
            0.11160171777009964,
            0.08177360147237778,
            -0.010590462014079094
        ],
        [
            0.11002344638109207,
            0.08310017734766006,
            -0.006898901425302029
        ],
        [
            0.07807682454586029,
            0.03658216819167137,
            -0.00782814808189869
        ],
        [
            0.09151649475097656,
            0.08573397994041443,
            -0.00534827820956707
        ],
        [
            0.09413400292396545,
            0.08400305360555649,
            -0.017941715195775032
        ],
        [
            0.07750799506902695,
            0.023612506687641144,
            -0.008981207385659218
        ],
        [
            0.08390679955482483,
            0.01980709284543991,
            -0.015404723584651947
        ],
        [
            0.07901870459318161,
            0.01171642541885376,
            -0.012575030326843262
        ],
        [
            0.12056813389062881,
            0.07338666915893555,
            -0.03874307870864868
        ],
        [
            0.09709480404853821,
            0.030242007225751877,
            -0.024123279377818108
        ],
        [
            0.09040410816669464,
            0.018030203878879547,
            -0.019179221242666245
        ],
        [
            0.08487434685230255,
            0.008296214044094086,
            -0.015927450731396675
        ],
        [
            0.0800447016954422,
            0.0016559809446334839,
            -0.013975702226161957
        ],
        [
            0.07419374585151672,
            0.006078071892261505,
            -0.010373754426836967
        ],
        [
            0.17047962546348572,
            0.08546333760023117,
            -0.03248436376452446
        ],
        [
            0.16818378865718842,
            0.0920867845416069,
            -0.025870241224765778
        ],
        [
            0.06769899278879166,
            -0.00026188790798187256,
            -0.009156312793493271
        ],
        [
            0.07490063458681107,
            -0.004980213940143585,
            -0.012688130140304565
        ],
        [
            0.09850353002548218,
            0.015044085681438446,
            -0.022533537819981575
        ],
        [
            0.10900996625423431,
            0.011263351887464523,
            -0.025130683556199074
        ],
        [
            0.10480906069278717,
            0.026987224817276,
            -0.026951825246214867
        ],
        [
            0.11562648415565491,
            0.02421674132347107,
            -0.030155308544635773
        ],
        [
            0.1255602091550827,
            0.06822478771209717,
            -0.04790012538433075
        ],
        [
            0.1709023118019104,
            0.08847766369581223,
            -0.007752232253551483
        ],
        [
            0.16567012667655945,
            0.09060116112232208,
            -0.01752542331814766
        ],
        [
            0.16236193478107452,
            0.08563459664583206,
            -0.016670839861035347
        ],
        [
            0.16711534559726715,
            0.08627115935087204,
            -0.007602076977491379
        ],
        [
            0.16220416128635406,
            0.08921007066965103,
            -0.02167407236993313
        ],
        [
            0.1706128567457199,
            0.09189009666442871,
            -0.020935414358973503
        ],
        [
            0.12981997430324554,
            0.019259430468082428,
            -0.02932571992278099
        ],
        [
            0.14732453227043152,
            0.0698472186923027,
            -0.028850611299276352
        ],
        [
            0.12546902894973755,
            0.004381485283374786,
            -0.02112114429473877
        ],
        [
            0.14713579416275024,
            0.01903805509209633,
            -0.027590949088335037
        ],
        [
            0.14504089951515198,
            0.008544661104679108,
            -0.019346237182617188
        ],
        [
            0.12300880253314972,
            -0.010635621845722198,
            -0.01141010969877243
        ],
        [
            0.13930559158325195,
            -0.004167385399341583,
            -0.010570576414465904
        ],
        [
            0.1075848862528801,
            -0.02032569795846939,
            -0.008519802242517471
        ],
        [
            0.11406847834587097,
            -0.01464003324508667,
            -0.010687990114092827
        ],
        [
            0.15432943403720856,
            0.004907663911581039,
            -0.008401712402701378
        ],
        [
            0.17104122042655945,
