{
    "pred_cam": [
        12.198755264282227,
        0.11153194308280945,
        -0.0370800606906414
    ],
    "pred_mano_params": {
        "global_orient": [
            [
                [
                    -0.3579760789871216,
                    0.20642170310020447,
                    -0.9106279611587524
                ],
                [
                    -0.08436179161071777,
                    -0.9784189462661743,
                    -0.18862523138523102
                ],
                [
                    -0.9299119710922241,
                    0.009298877790570259,
                    0.3676646947860718
                ]
            ]
        ],
        "hand_pose": [
            [
                [
                    0.6657353043556213,
                    -0.732878565788269,
                    -0.1403048038482666
                ],
                [
                    0.7459943890571594,
                    0.6579732894897461,
                    0.1027790755033493
                ],
                [
                    0.016992222517728806,
                    -0.17309027910232544,
                    0.9847593307495117
                ]
            ],
            [
                [
                    0.2944960594177246,
                    -0.8753612041473389,
                    0.38342514634132385
                ],
                [
                    0.9377147555351257,
                    0.18731774389743805,
                    -0.29258009791374207
                ],
                [
                    0.18429091572761536,
                    0.4457070827484131,
                    0.8760034441947937
                ]
            ],
            [
                [
                    0.85318523645401,
                    -0.44244810938835144,
                    0.2762508690357208
                ],
                [
                    0.3832513093948364,
                    0.8909993767738342,
                    0.24338951706886292
                ],
                [
                    -0.3538265824317932,
                    -0.10178283601999283,
                    0.9297563433647156
                ]
            ],
            [
                [
                    0.3326091170310974,
                    -0.9174473881721497,
                    -0.21831491589546204
                ],
                [
                    0.9380011558532715,
                    0.29787930846214294,
                    0.17726217210292816
                ],
                [
                    -0.09759721904993057,
                    -0.26373860239982605,
                    0.9596441388130188
                ]
            ],
            [
                [
                    0.9143275618553162,
                    -0.3792911171913147,
                    -0.1419273018836975
                ],
                [
                    0.40001943707466125,
                    0.900519609451294,
                    0.17043742537498474
                ],
                [
                    0.0631629154086113,
                    -0.21260932087898254,
                    0.9750937223434448
                ]
            ],
            [
                [
                    0.838147759437561,
                    -0.5445329546928406,
                    0.031499505043029785
                ],
                [
                    0.5435119271278381,
                    0.8386416435241699,
                    0.035706885159015656
                ],
                [
                    -0.045860372483730316,
                    -0.012807290069758892,
                    0.9988657832145691
                ]
            ],
            [
                [
                    0.001005510683171451,
                    -0.9072040915489197,
                    -0.4206896126270294
                ],
                [
                    0.819978654384613,
                    -0.24005213379859924,
                    0.5196248292922974
                ],
                [
                    -0.5723931789398193,
                    -0.34547901153564453,
                    0.7436465620994568
                ]
            ],
            [
                [
                    0.6370609402656555,
                    -0.7691284418106079,
                    0.05093871429562569
                ],
                [
                    0.6040715575218201,
                    0.5392102599143982,
                    0.58681321144104
                ],
                [
                    -0.4788013994693756,
                    -0.34306517243385315,
                    0.8081184029579163
                ]
            ],
            [
                [
                    0.9420271515846252,
                    -0.32389044761657715,
                    0.0876343846321106
                ],
                [
                    0.16258604824543,
                    0.6690880656242371,
                    0.7251806259155273
                ],
                [
                    -0.2935141921043396,
                    -0.6688917279243469,
                    0.6829591989517212
                ]
            ],
            [
                [
                    -0.19467836618423462,
                    -0.9808637499809265,
                    0.0025764082092791796
                ],
                [
                    0.9055891633033752,
                    -0.17872783541679382,
                    0.3846619427204132
                ],
                [
                    -0.3768404722213745,
                    0.07721856236457825,
                    0.923054039478302
                ]
            ],
            [
                [
                    0.6699954271316528,
                    -0.7420652508735657,
                    0.021103907376527786
                ],
                [
                    0.557100772857666,
                    0.5213773846626282,
                    0.6463779807090759
                ],
                [
                    -0.4906577169895172,
                    -0.42131322622299194,
                    0.7627255916595459
                ]
            ],
            [
                [
                    0.6850197315216064,
                    -0.7277171611785889,
                    -0.03428901359438896
                ],
                [
                    0.7047448754310608,
                    0.649998664855957,
                    0.2843174338340759
                ],
                [
                    -0.1846148520708084,
                    -0.21892805397510529,
                    0.9581168293952942
                ]
            ],
            [
                [
                    0.9500553011894226,
                    -0.030963439494371414,
                    -0.31054165959358215
                ],
                [
                    -0.24697771668434143,
                    0.5337005853652954,
                    -0.808804988861084
                ],
                [
                    0.1907796561717987,
                    0.8451064229011536,
                    0.49939778447151184
                ]
            ],
            [
                [
                    0.969287097454071,
                    -0.20101435482501984,
                    -0.1416890025138855
                ],
                [
                    0.2457200139760971,
                    0.7676565647125244,
                    0.5918826460838318
                ],
                [
                    -0.010208405554294586,
                    -0.6085200309753418,
                    0.7934728264808655
                ]
            ],
            [
                [
                    0.8991501331329346,
                    -0.041626423597335815,
                    -0.4356560707092285
                ],
                [
                    -0.19213955104351044,
                    0.8568485975265503,
                    -0.4784274697303772
                ],
                [
                    0.39320650696754456,
                    0.5138849020004272,
                    0.7624374628067017
                ]
            ]
        ],
        "betas": [
            -0.13552820682525635,
            0.03374233841896057,
            0.01646760106086731,
            0.03992566466331482,
            0.022163212299346924,
            -0.027755167335271835,
            -0.033577799797058105,
            -0.04196298122406006,
            -0.0077444761991500854,
            -0.06966882944107056
        ]
    },
    "pred_cam_t": [
        -0.11153194308280945,
        -0.0370800606906414,
        3.2021710872650146
    ],
    "focal_length": [
        5000.0,
        5000.0
    ],
    "pred_keypoints_3d": [
        [
            0.09629025310277939,
            0.006443127058446407,
            0.00620487192645669
        ],
        [
            0.07798387110233307,
            0.018976235762238503,
            0.03820166736841202
        ],
        [
            0.07627731561660767,
            0.03316042199730873,
            0.06575622409582138
        ],
        [
            0.08203066885471344,
            0.04199979454278946,
            0.09089303016662598
        ],
        [
            0.10254451632499695,
            0.053627073764801025,
            0.11774083226919174
        ],
        [
            0.10793230682611465,
            0.015082755126059055,
            0.0963839516043663
        ],
        [
            0.11159821599721909,
            0.03820045664906502,
            0.1198846846818924
        ],
        [
            0.1044076681137085,
            0.05541165918111801,
            0.10765381157398224
        ],
        [
            0.09129148721694946,
            0.06489390134811401,
            0.08948016166687012
        ],
        [
            0.13316883146762848,
            0.01651494950056076,
            0.09360922873020172
        ],
        [
            0.13349813222885132,
            0.04714787006378174,
            0.10240260511636734
        ],
        [
            0.1271335631608963,
            0.06919271498918533,
            0.09793049842119217
        ],
        [
            0.11345519870519638,
            0.08827957510948181,
            0.08755724132061005
        ],
        [
            0.14941301941871643,
            0.022311720997095108,
            0.0727931410074234
        ],
        [
            0.13677199184894562,
            0.04838269203901291,
            0.07155659794807434
        ],
        [
            0.11836214363574982,
            0.051954615861177444,
            0.055129289627075195
        ],
        [
            0.10267725586891174,
            0.03965804725885391,
            0.03974936529994011
        ],
        [
            0.15866470336914062,
            0.030325833708047867,
            0.05447760224342346
        ],
        [
            0.1520887166261673,
            0.04992717504501343,
            0.04956632852554321
        ],
        [
            0.13575901091098785,
            0.05121626332402229,
            0.03979481756687164
        ],
        [
            0.1172022596001625,
            0.04131004214286804,
            0.03526679053902626
        ]
    ],
    "pred_vertices": [
        [
            0.09650570154190063,
            0.02403256483376026,
            0.058322980999946594
        ],
        [
            0.09353191405534744,
            0.024686262011528015,
            0.047646187245845795
        ],
        [
            0.09160721302032471,
            0.028435038402676582,
            0.05638852342963219
        ],
        [
            0.09260714054107666,
            0.02634572796523571,
            0.06609687209129333
        ],
        [
            0.0828348845243454,
            0.038952019065618515,
            0.04036244750022888
        ],
        [
            0.07115188241004944,
            0.038655903190374374,
            0.03756465017795563
        ],
        [
            0.07303525507450104,
            0.043689191341400146,
            0.05412597581744194
        ],
        [
            0.08299476653337479,
            0.04430617019534111,
            0.054026126861572266
        ],
        [
            0.09032852947711945,
            0.026607271283864975,
            0.07309140264987946
        ],
        [
            0.09025149792432785,
            0.031812671571969986,
            0.06402388215065002
        ],
        [
            0.08894717693328857,
            0.02345343306660652,
            0.07530219852924347
        ],
        [
            0.08919192850589752,
            0.01314613875001669,
            0.08366614580154419
        ],
        [
            0.0910557433962822,
            0.02003156580030918,
            0.08122365176677704
        ],
        [
            0.09278132766485214,
            0.009371735155582428,
            0.0901281088590622
        ],
        [
            0.08701229840517044,
            0.0035645905882120132,
            0.07850305736064911
        ],
        [
            0.09745631366968155,
            0.0008609946817159653,
            0.08967319130897522
        ],
        [
            0.10838635265827179,
            -0.007120493799448013,
            0.06296785175800323
        ],
        [
            0.11949589103460312,
            -0.005655672401189804,
            0.05479675158858299
        ],
        [
            0.12849484384059906,
            -0.0037684310227632523,
            0.07102179527282715
        ],
        [
            0.11594697833061218,
            -0.004377046599984169,
            0.07744690775871277
        ],
        [
            0.1407622992992401,
            0.002330224961042404,
            0.05457399785518646
        ],
        [
            0.1343357414007187,
            -0.0007560793310403824,
            0.0643640011548996
        ],
        [
            0.125698521733284,
            -0.004077767953276634,
            0.04815170168876648
        ],
        [
            0.13147008419036865,
            -0.0008640438318252563,
            0.04011246934533119
        ],
        [
            0.10582852363586426,
            0.02352345921099186,
            0.04562397673726082
        ],
        [
            0.1021316722035408,
            0.02371383272111416,
            0.03516920283436775
        ],
        [
            0.09840124100446701,
            0.022507525980472565,
            0.03938302770256996
        ],
        [
            0.10184428095817566,
            0.022916726768016815,
            0.049475427716970444
        ],
        [
            0.08145524561405182,
            0.02446187287569046,
            0.07674138247966766
        ],
        [
            0.0769645944237709,
            0.014372359961271286,
            0.07110004127025604
        ],
        [
            0.08365786820650101,
            0.01655472442507744,
            0.07479225099086761
        ],
        [
            0.08577869832515717,
            0.028155609965324402,
            0.07647062838077545
        ],
        [
            0.09920062124729156,
            0.030916133895516396,
            0.00697646290063858
        ],
        [
            0.09395681321620941,
            0.02341613546013832,
            -0.003221578896045685
        ],
        [
            0.0889182984828949,
            0.021867673844099045,
            -0.0003842264413833618
        ],
        [
            0.09488128125667572,
            0.02856939658522606,
            0.008391357958316803
        ],
        [
            0.07242193073034286,
            0.025934427976608276,
            0.015424676239490509
        ],
        [
            0.0726623684167862,
            0.01779300346970558,
            0.007365517318248749
        ],
        [
            0.06424569338560104,
            0.007081308867782354,
            0.007019378244876862
        ],
        [
            0.063341423869133,
            0.012304086238145828,
            0.016878463327884674
        ],
        [
            0.07139809429645538,
            0.03325210511684418,
            0.026412472128868103
        ],
        [
            0.06177150085568428,
            0.023091427981853485,
            0.02697913348674774
        ],
        [
            0.06243011727929115,
            0.031236357986927032,
            0.0390532985329628
        ],
        [
            0.06598889827728271,
            0.03754710778594017,
            0.05581413954496384
        ],
        [
            0.10542931407690048,
            0.023644661530852318,
            -0.009251780807971954
        ],
        [
            0.11083094030618668,
            0.029785819351673126,
            -0.002830229699611664
        ],
        [
            0.10235380381345749,
            0.037570275366306305,
            0.10654130578041077
        ],
        [
            0.10753890872001648,
            0.0402049720287323,
            0.10384993255138397
        ],
        [
            0.10650720447301865,
            0.0388496071100235,
            0.10408944636583328
        ],
        [
            0.10224106907844543,
            0.03658647835254669,
            0.10696181654930115
        ],
        [
            0.1225069910287857,
            0.012394195422530174,
            -0.007499612867832184
        ],
        [
            0.12406161427497864,
            0.0025248508900403976,
            -0.0055936723947525024
        ],
        [
            0.12135342508554459,
            0.00293709896504879,
            -0.012422904372215271
        ],
        [
            0.11804431676864624,
            0.01174812950193882,
            -0.013691112399101257
        ],
        [
            0.12841545045375824,
            0.013175944797694683,
            0.0006484389305114746
        ],
        [
            0.1273241639137268,
            0.002365482971072197,
            0.004094362258911133
        ],
        [
            0.1038762778043747,
            0.03805353492498398,
            0.11975634843111038
        ],
        [
            0.10048000514507294,
            0.03738178685307503,
            0.11550939828157425
        ],
        [
            0.10195105522871017,
            0.03372075408697128,
            0.11652698367834091
        ],
        [
            0.10614162683486938,
            0.033067092299461365,
            0.11974165588617325
        ],
        [
            0.09405282139778137,
            0.023972321301698685,
            0.07553793489933014
        ],
        [
            0.09923916310071945,
            0.024866394698619843,
            0.06788390874862671
        ],
        [
            0.1016589030623436,
            0.02351485937833786,
            0.08928267657756805
        ],
        [
            0.10216308385133743,
            0.023567579686641693,
            0.08134512603282928
        ],
        [
            0.09607336670160294,
            0.02109607495367527,
            0.08387397974729538
        ],
        [
            0.0966797024011612,
            0.020164508372545242,
            0.0904787927865982
        ],
        [
            0.11874895542860031,
            0.02514859288930893,
            0.06425193697214127
        ],
        [
            0.11349855363368988,
            0.024053355678915977,
            0.05394807830452919
        ],
        [
            0.10918506979942322,
            0.02330135554075241,
            0.05903150513768196
        ],
        [
            0.11329778283834457,
            0.02509167790412903,
            0.07110573351383209
        ],
        [
            0.1233908012509346,
            0.028675615787506104,
            0.04467088729143143
        ],
        [
            0.1278480589389801,
            0.028691602870821953,
            0.05545692890882492
        ],
        [
            0.1327614188194275,
            0.031112857162952423,
            0.04868169128894806
        ],
        [
            0.12859630584716797,
            0.03181687369942665,
            0.04235188290476799
        ],
        [
            0.1324716955423355,
            0.02751905471086502,
            0.07513827085494995
        ],
        [
            0.13353879749774933,
            0.026731442660093307,
            0.07948097586631775
        ],
        [
            0.13537074625492096,
            0.026696903631091118,
            0.07604847848415375
        ],
        [
            0.13464340567588806,
            0.02809515781700611,
            0.07227540016174316
        ],
        [
            0.1184995025396347,
            0.0022177137434482574,
            -0.018982447683811188
        ],
        [
            0.11317645013332367,
            0.010581664741039276,
            -0.019167229533195496
        ],
        [
            0.15232455730438232,
            0.011920137330889702,
            0.037559911608695984
        ],
        [
            0.15141060948371887,
            0.019497497007250786,
            0.02885548397898674
        ],
        [
            0.15885430574417114,
            0.02363891527056694,
            0.03901374340057373
        ],
        [
            0.15937930345535278,
            0.013244876638054848,
            0.04678564891219139
        ],
        [
            0.12090533971786499,
            -0.00584799237549305,
            -0.00012096017599105835
        ],
        [
            0.12019288539886475,
            -0.006131721660494804,
            -0.00798776000738144
        ],
        [
            0.11010251939296722,
            0.039657797664403915,
            0.12157899141311646
        ],
        [
            0.1120690256357193,
            0.03440875560045242,
            0.12079263478517532
        ],
        [
            0.05959637463092804,
            0.016976134851574898,
            0.040270283818244934
        ],
        [
            0.06278064101934433,
            0.02849888615310192,
            0.05809649080038071
        ],
        [
            0.06104952469468117,
            0.006937058642506599,
            0.02662999927997589
        ],
        [
            0.06412792205810547,
            -0.00037047266960144043,
            0.017380550503730774
        ],
        [
            0.06438329070806503,
            -0.005129801109433174,
            0.009175464510917664
        ],
        [
            0.108632892370224,
            0.025068067014217377,
            0.08161327242851257
        ],
        [
            0.10324856638908386,
            0.023664060980081558,
            0.059502676129341125
        ],
        [
            0.10948576033115387,
            0.02468872256577015,
            0.04219598323106766
        ],
        [
            0.13326513767242432,
            0.036844879388809204,
            0.02601366490125656
        ],
        [
            0.12803691625595093,
            0.036373626440763474,
            0.017132990062236786
        ],
        [
            0.12147853523492813,
            0.03556590899825096,
            0.025826599448919296
        ],
        [
            0.1275695264339447,
            0.03554034233093262,
            0.031842779368162155
        ],
        [
            0.14924407005310059,
            0.029443448409438133,
            0.026893798261880875
        ],
        [
            0.14405669271945953,
            0.034954458475112915,
            0.030245911329984665
        ],
        [
            0.1476997435092926,
            0.035147130489349365,
            0.0365089550614357
        ],
        [
            0.154413104057312,
            0.03075704164803028,
            0.035122767090797424
        ],
        [
            0.07409206032752991,
            0.02431299537420273,
            0.07743515074253082
        ],
        [
            0.07045800983905792,
            0.014265516772866249,
            0.06771650910377502
        ],
        [
            0.11760014295578003,
            0.02193891629576683,
            -0.007298663258552551
        ],
        [
            0.11172336339950562,
            0.019697239622473717,
            -0.012122929096221924
        ],
        [
            0.1073274165391922,
            0.015790577977895737,
            -0.01848491281270981
        ],
        [
            0.09916387498378754,
            0.027763742953538895,
            0.021463677287101746
        ],
        [
            0.09177947044372559,
            0.02710574120283127,
            0.00935671478509903
        ],
        [
            0.08823409676551819,
            0.026944126933813095,
            0.012104682624340057
        ],
        [
            0.0970030277967453,
            0.02585786208510399,
            0.023386456072330475
        ],
        [
            0.09094694256782532,
            0.028788870200514793,
            0.03697902709245682
        ],
        [
            0.08334282040596008,
            0.03290482610464096,
            0.026775211095809937
        ],
        [
            0.09114837646484375,
            0.03412853926420212,
            0.04758196696639061
        ],
        [
            0.08131730556488037,
            0.019533595070242882,
            0.001967795193195343
        ],
        [
            0.08395476639270782,
            0.01834944821894169,
            -0.008853912353515625
        ],
        [
            0.07643997669219971,
            0.01521267555654049,
            -0.005034595727920532
        ],
        [
            0.09272783994674683,
            0.019307967275381088,
            -0.013346090912818909
        ],
        [
            0.10101170837879181,
            0.01872166432440281,
            -0.01681780070066452
        ],
        [
            0.11936943233013153,
            -0.009399844333529472,
            -0.015912309288978577
        ],
        [
            0.0704469084739685,
            0.011239203624427319,
            -0.0006432309746742249
        ],
        [
            0.08217670768499374,
            0.04560496285557747,
            0.06368705630302429
        ],
        [
            0.08142481744289398,
            0.046483516693115234,
            0.0722903460264206
        ],
        [
            0.0877094566822052,
            0.042231421917676926,
            0.07263526320457458
        ],
        [
            0.08863754570484161,
            0.040960878133773804,
            0.0654662698507309
        ],
        [
            0.09749709069728851,
            0.009026164188981056,
            0.09743636101484299
        ],
        [
            0.0951116606593132,
            0.01578379236161709,
            0.09436377882957458
        ],
        [
            0.09172742068767548,
            0.016103187575936317,
            0.0870223268866539
        ],
        [
            0.10841675102710724,
            0.03398241475224495,
            0.013587042689323425
        ],
        [
            0.11783574521541595,
            0.03309223800897598,
            0.004896014928817749
        ],
        [
            0.10762538015842438,
            0.02542007528245449,
            0.08967412263154984
        ],
        [
            0.10662046074867249,
            0.02912033721804619,
            0.11948296427726746
        ],
        [
            0.10127341002225876,
            0.029905833303928375,
            0.11681430041790009
        ],
        [
            0.09987886995077133,
            0.01675085909664631,
            0.10744692385196686
        ],
        [
            0.10624051839113235,
            0.015081116929650307,
            0.11038583517074585
        ],
        [
            0.11481958627700806,
            0.025481704622507095,
            0.09512338787317276
        ],
        [
            0.10796662420034409,
            0.02669493667781353,
            0.09256817400455475
        ],
        [
            0.10877099633216858,
            0.02749757468700409,
            0.09372272342443466
        ],
        [
            0.11517994850873947,
            0.02903554029762745,
            0.09564799070358276
        ],
        [
            0.14013148844242096,
            0.027771109715104103,
            0.0677531510591507
        ],
        [
            0.13895943760871887,
            0.029991406947374344,
            0.06504365801811218
        ],
        [
            0.12281960994005203,
            0.0031235534697771072,
            0.09038756787776947
        ],
        [
            0.11136540025472641,
            -0.0025948453694581985,
            0.09548776596784592
        ],
        [
            0.10491564869880676,
            -0.0050946809351444244,
            0.0838644951581955
        ],
        [
            0.12362277507781982,
            0.026705335825681686,
            0.058667220175266266
        ],
        [
            0.12881657481193542,
            0.027808060869574547,
            0.06733661890029907
        ],
        [
            0.13165082037448883,
            0.028592577204108238,
            0.06439333409070969
        ],
        [
            0.11297988146543503,
            0.02557346597313881,
            0.08322122693061829
        ],
        [
            0.11390063911676407,
            0.025865325704216957,
            0.08977429568767548
        ],
        [
            0.11770043522119522,
            0.0249056126922369,
            0.08617949485778809
        ],
        [
            0.11663688719272614,
            0.025635654106736183,
            0.07928536832332611
        ],
        [
            0.1439170092344284,
            0.016381781548261642,
            0.018090836703777313
        ],
        [
            0.14210276305675507,
            0.028099117800593376,
            0.016253873705863953
        ],
        [
            0.09988701343536377,
            0.03689432144165039,
            0.11072564125061035
        ],
        [
            0.1003577783703804,
            0.034886375069618225,
            0.11165419220924377
        ],
        [
            0.11832229793071747,
            0.02569596655666828,
            0.04869644716382027
        ],
        [
            0.09867185354232788,
            -0.005316701717674732,
            0.06955781579017639
        ],
        [
            0.11330825835466385,
            0.02635306492447853,
            0.03851925954222679
        ],
        [
            0.1529127061367035,
            0.019034460186958313,
            0.06517226248979568
        ],
        [
            0.15215657651424408,
            0.027899228036403656,
            0.06274206936359406
        ],
        [
            0.15111252665519714,
            0.028996296226978302,
            0.06373165547847748
        ],
        [
            0.1522836834192276,
            0.02550695091485977,
            0.06754860281944275
        ],
        [
            0.11701103299856186,
            0.03867308795452118,
            0.10379461944103241
        ],
        [
            0.11109676957130432,
            0.040129005908966064,
            0.10249529778957367
        ],
        [
            0.11262104660272598,
            0.04037078469991684,
            0.10325224697589874
        ],
        [
            0.11813338845968246,
            0.04073929041624069,
            0.10593409091234207
        ],
        [
            0.10224586725234985,
            0.025010067969560623,
            0.09283630549907684
        ],
        [
            0.0976225733757019,
            0.021738987416028976,
            0.09497743099927902
        ],
        [
            0.09837790578603745,
            0.02463316172361374,
            0.09780721366405487
        ],
        [
            0.10358260571956635,
            0.027028921991586685,
            0.0952569991350174
        ],
        [
            0.09655701369047165,
            0.016920585185289383,
            0.0991843044757843
        ],
        [
            0.09718624502420425,
            0.02007444202899933,
            0.102566659450531
        ],
        [
            0.12053108960390091,
            0.03599219396710396,
            0.10867055505514145
        ],
        [
            0.11853106319904327,
            0.032738737761974335,
            0.11575351655483246
        ],
        [
            0.11965448409318924,
            0.019967403262853622,
            0.1059572696685791
        ],
        [
            0.12001115083694458,
            0.026521794497966766,
            0.10122919082641602
        ],
        [
            0.12393651902675629,
            -0.005312906578183174,
            0.026957117021083832
        ],
        [
            0.1308164745569229,
            -0.00010026246309280396,
            0.019673891365528107
        ],
        [
            0.138821080327034,
            0.004172518849372864,
            0.032579004764556885
        ],
        [
            0.14814244210720062,
            0.0077334921807050705,
            0.04563362896442413
        ],
        [
            0.1549723893404007,
            0.012263244017958641,
            0.05837221071124077
        ],
        [
            0.14879845082759857,
            0.005280092358589172,
            0.06672510504722595
        ],
        [
            0.14251896739006042,
            0.00817662850022316,
            0.026031918823719025
        ],
        [
            0.12129193544387817,
            0.016234511509537697,
            0.09391708672046661
        ],
        [
            0.11963246017694473,
            0.010261373594403267,
            0.09823030233383179
        ],
        [
            0.12327780574560165,
            0.010336218401789665,
            0.09409819543361664
        ],
        [
            0.11837689578533173,
            0.030149009078741074,
            0.03435938432812691
        ],
        [
            0.0986226499080658,
            0.03227159380912781,
            0.11259833723306656
        ],
        [
            0.08211079239845276,
            -0.01737312227487564,
            0.015695922076702118
        ],
        [
            0.0948522612452507,
            -0.019153771921992302,
            0.010747052729129791
        ],
        [
            0.09591870754957199,
            -0.01671040616929531,
            0.019221797585487366
        ],
        [
            0.08128698915243149,
            -0.013678086921572685,
            0.0248241126537323
        ],
        [
            0.10379104316234589,
            0.03913194686174393,
            0.1040191501379013
        ],
        [
            0.09927049279212952,
            0.035782720893621445,
            0.10735135525465012
        ],
        [
            0.1430182009935379,
            0.03328694775700569,
            0.06122715771198273
        ],
        [
            0.14409197866916656,
            0.030750369653105736,
            0.06431524455547333
        ],
        [
            0.14613959193229675,
            0.030973924323916435,
            0.061386819928884506
        ],
        [
            0.147169291973114,
            0.0347827710211277,
            0.059690944850444794
        ],
        [
            0.1331050544977188,
            0.0029797926545143127,
            0.014841951429843903
        ],
        [
            0.16053850948810577,
            0.03130343556404114,
            0.04385765269398689
        ],
        [
            0.1612454056739807,
            0.022381935268640518,
            0.05214832350611687
        ],
        [
            0.12379651516675949,
            -0.004096889868378639,
            0.008952654898166656
        ],
        [
            0.11805944889783859,
            -0.009268810972571373,
            0.015130884945392609
        ],
        [
            0.11443746089935303,
            -0.012083686888217926,
            0.006362691521644592
        ],
        [
            0.14004555344581604,
            0.006782865151762962,
            0.07869207859039307
        ],
        [
            0.11930754780769348,
            -0.0077381618320941925,
            0.03406441584229469
        ],
        [
            0.11328840255737305,
            -0.01122898980975151,
            0.020955070853233337
        ],
        [
            0.1087472215294838,
            -0.01465681940317154,
            0.010741494596004486
        ],
        [
            0.10637733340263367,
            -0.017544526606798172,
            0.0031698793172836304
        ],
        [
            0.1127915233373642,
            -0.01431724801659584,
            -0.0008581504225730896
        ],
        [
            0.11296772211790085,
            0.030306469649076462,
            0.11868614703416824
        ],
        [
            0.11863423138856888,
            0.03780636936426163,
            0.11843108385801315
        ],
        [
            0.11180228739976883,
            -0.01817888766527176,
            -0.009116582572460175
        ],
        [
            0.1043224036693573,
            -0.02108060009777546,
            -0.004272043704986572
        ],
        [
            0.10652616620063782,
            -0.012961462140083313,
            0.02716967463493347
        ],
        [
            0.09730099141597748,
            -0.013546057045459747,
            0.03442508727312088
        ],
        [
            0.11245159804821014,
            -0.009265735745429993,
            0.03958846256136894
        ],
        [
            0.10403633862733841,
            -0.00989898294210434,
            0.047782544046640396
        ],
        [
            0.1341097354888916,
            -0.0019478239119052887,
            0.08392415940761566
        ],
        [
            0.11316603422164917,
            0.055182620882987976,
            0.11235777288675308
        ],
        [
            0.11921413242816925,
            0.0455075278878212,
            0.11343517899513245
        ],
        [
            0.11803262680768967,
            0.04438324272632599,
            0.10752395540475845
        ],
        [
            0.11416478455066681,
            0.054322414100170135,
            0.10819369554519653
        ],
        [
            0.1206284910440445,
            0.039925381541252136,
            0.11118534207344055
        ],
        [
            0.11670022457838058,
            0.043358560651540756,
            0.11876966804265976
        ],
        [
            0.09099289029836655,
            -0.006927080452442169,
            0.055432237684726715
        ],
        [
            0.11883670091629028,
            0.02384028024971485,
            0.09128202497959137
        ],
        [
            0.08054813742637634,
            -0.007709107361733913,
            0.04141681641340256
        ],
        [
            0.08044365793466568,
            0.00010950770229101181,
            0.06695704162120819
        ],
        [
            0.07217142730951309,
            0.0023211929947137833,
            0.05660634487867355
        ],
        [
            0.06870511174201965,
            -0.006576100364327431,
            0.027761802077293396
        ],
        [
            0.06393259763717651,
            0.0030298931524157524,
            0.04236485809087753
        ],
        [
            0.07105240225791931,
            -0.014269309118390083,
            0.010208241641521454
        ],
        [
            0.07149086892604828,
            -0.011171062476933002,
            0.018817685544490814
        ],
        [
            0.06325124204158783,
            0.014359379187226295,
            0.055905718356370926
        ],
        [
            0.10157467424869537,
            0.04570023715496063,
            0.10375398397445679
        ],
        [
            0.10732222348451614,
            0.04774675518274307,
