{
    "pred_cam": [
        13.335623741149902,
        -0.15532492101192474,
        -0.012147568166255951
    ],
    "pred_mano_params": {
        "global_orient": [
            [
                [
                    -0.4297415614128113,
                    -0.9028624892234802,
                    -0.01270737498998642
                ],
                [
                    0.048068560659885406,
                    -0.008821794763207436,
                    -0.998805046081543
                ],
                [
                    0.9016715288162231,
                    -0.4298388659954071,
                    0.04719039052724838
                ]
            ]
        ],
        "hand_pose": [
            [
                [
                    0.4783228635787964,
                    -0.8406164050102234,
                    -0.254108726978302
                ],
                [
                    0.8607398271560669,
                    0.5061530470848083,
                    -0.05418544262647629
                ],
                [
                    0.17416706681251526,
                    -0.19280335307121277,
                    0.9656566381454468
                ]
            ],
            [
                [
                    0.7319043278694153,
                    -0.6298401355743408,
                    0.2600334882736206
                ],
                [
                    0.6800651550292969,
                    0.6991237998008728,
                    -0.22076526284217834
                ],
                [
                    -0.04274877905845642,
                    0.33841875195503235,
                    0.9400240778923035
                ]
            ],
            [
                [
                    0.779861569404602,
                    -0.6048288941383362,
                    0.1612386554479599
                ],
                [
                    0.6006020307540894,
                    0.7955911755561829,
                    0.07944733649492264
                ],
                [
                    -0.17633208632469177,
                    0.03488234803080559,
                    0.9837124347686768
                ]
            ],
            [
                [
                    0.6019914150238037,
                    -0.7650191783905029,
                    -0.22880522906780243
                ],
                [
                    0.7820348739624023,
                    0.6227477192878723,
                    -0.024630863219499588
                ],
                [
                    0.16133102774620056,
                    -0.1641061007976532,
                    0.973160445690155
                ]
            ],
            [
                [
                    0.6252155303955078,
                    -0.7562847137451172,
                    -0.19271475076675415
                ],
                [
                    0.7772105932235718,
                    0.5808566808700562,
                    0.24196931719779968
                ],
                [
                    -0.07105804234743118,
                    -0.3010629117488861,
                    0.9509531259536743
                ]
            ],
            [
                [
                    0.731338620185852,
                    -0.6819791793823242,
                    -0.006941654719412327
                ],
                [
                    0.681840181350708,
                    0.7308838367462158,
                    0.03004620410501957
                ],
                [
                    -0.015417342074215412,
                    -0.026707051321864128,
                    0.9995244145393372
                ]
            ],
            [
                [
                    0.6241567134857178,
                    -0.766872227191925,
                    0.14945000410079956
                ],
                [
                    0.7208816409111023,
                    0.6390141248703003,
                    0.2683104872703552
                ],
                [
                    -0.3012605309486389,
                    -0.05973205715417862,
                    0.9516690373420715
                ]
            ],
            [
                [
                    0.8262422680854797,
                    -0.5632916688919067,
                    -0.0051165432669222355
                ],
                [
                    0.5048601627349854,
                    0.7364441752433777,
                    0.4502955973148346
                ],
                [
                    -0.24987970292568207,
                    -0.3746364116668701,
                    0.8928648233413696
                ]
            ],
            [
                [
                    0.8675153851509094,
                    -0.49466097354888916,
                    -0.052226368337869644
                ],
                [
                    0.45822232961654663,
                    0.7539024353027344,
                    0.4708114266395569
                ],
                [
                    -0.19351845979690552,
                    -0.4323674142360687,
                    0.8806866407394409
                ]
            ],
            [
                [
                    0.5887457728385925,
                    -0.8076327443122864,
                    0.033284738659858704
                ],
                [
                    0.8061526417732239,
                    0.5836580991744995,
                    -0.09726876020431519
                ],
                [
                    0.05913052335381508,
                    0.08409914374351501,
                    0.9947015047073364
                ]
            ],
            [
                [
                    0.6835355162620544,
                    -0.7255182862281799,
                    -0.08001509308815002
                ],
                [
                    0.6270580887794495,
                    0.527564525604248,
                    0.5731264352798462
                ],
                [
                    -0.373600572347641,
                    -0.44192636013031006,
                    0.815551221370697
                ]
            ],
            [
                [
                    0.7201348543167114,
                    -0.6703822612762451,
                    -0.17886728048324585
                ],
                [
                    0.6938275098800659,
                    0.6969205737113953,
                    0.18139752745628357
                ],
                [
                    0.0030506248585879803,
                    -0.254733681678772,
                    0.9670064449310303
                ]
            ],
            [
                [
                    0.9764931201934814,
                    -0.039753179997205734,
                    -0.2118513286113739
                ],
                [
                    -0.15496742725372314,
                    0.5536691546440125,
                    -0.8181905150413513
                ],
                [
                    0.1498212069272995,
                    0.8317873477935791,
                    0.5344936847686768
                ]
            ],
            [
                [
                    0.8169416785240173,
                    -0.4118702709674835,
                    -0.40369442105293274
                ],
                [
                    0.5611211657524109,
                    0.7293473482131958,
                    0.39140191674232483
                ],
                [
                    0.1332266628742218,
                    -0.5462740063667297,
                    0.8269433975219727
                ]
            ],
            [
                [
                    0.9716801047325134,
                    0.18085360527038574,
                    -0.15208449959754944
                ],
                [
                    -0.2087699919939041,
                    0.9585301280021667,
                    -0.19399751722812653
                ],
                [
                    0.11069242656230927,
                    0.22025422751903534,
                    0.9691414833068848
                ]
            ]
        ],
        "betas": [
            -0.02228809893131256,
            -0.06891608238220215,
            0.0020916759967803955,
            -0.013283699750900269,
            0.012504667043685913,
            0.03299282491207123,
            0.07911831140518188,
            -0.09931722283363342,
            -0.0388370007276535,
            -0.029525190591812134
        ]
    },
    "pred_cam_t": [
        -0.15532492101192474,
        -0.012147568166255951,
        2.9291844367980957
    ],
    "focal_length": [
        5000.0,
        5000.0
    ],
    "pred_keypoints_3d": [
        [
            0.09583789855241776,
            0.006391252391040325,
            0.006216168403625488
        ],
        [
            0.11987234652042389,
            -0.020447414368391037,
            -0.0075958119705319405
        ],
        [
            0.14445987343788147,
            -0.03189868479967117,
            -0.02212614379823208
        ],
        [
            0.16578462719917297,
            -0.02711668238043785,
            -0.03816988319158554
        ],
        [
            0.19102829694747925,
            -0.022426186129450798,
            -0.06349799036979675
        ],
        [
            0.13820284605026245,
            -0.018431656062602997,
            -0.07011497020721436
        ],
        [
            0.1703900247812271,
            -0.014829292893409729,
            -0.0767097920179367
        ],
        [
            0.18713557720184326,
            -0.015126296319067478,
            -0.06211194396018982
        ],
        [
            0.19367378950119019,
            -0.017775030806660652,
            -0.03842099756002426
        ],
        [
            0.13798338174819946,
            0.005250010639429092,
            -0.07881685346364975
        ],
        [
            0.16711999475955963,
            0.015304635278880596,
            -0.08647361397743225
        ],
        [
            0.18363012373447418,
            0.016408979892730713,
            -0.07006308436393738
        ],
        [
            0.19052736461162567,
            0.010934904217720032,
            -0.046270959079265594
        ],
        [
            0.13496696949005127,
            0.029193375259637833,
            -0.06722842901945114
        ],
        [
            0.16213230788707733,
            0.03501914069056511,
            -0.07522648572921753
        ],
        [
            0.17996351420879364,
            0.034820787608623505,
            -0.057956088334321976
        ],
        [
            0.18552623689174652,
            0.030899804085493088,
            -0.03349492698907852
        ],
        [
            0.1350311040878296,
            0.04638572037220001,
            -0.05373743176460266
        ],
        [
            0.1545911580324173,
            0.05264682322740555,
            -0.05869732052087784
        ],
        [
            0.1710449606180191,
            0.053017549216747284,
            -0.049279484897851944
        ],
        [
            0.1798195093870163,
            0.048143722116947174,
            -0.03265075013041496
        ]
    ],
    "pred_vertices": [
        [
            0.13230960071086884,
            -0.011701448820531368,
            -0.03066479042172432
        ],
        [
            0.128960981965065,
            -0.009981853887438774,
            -0.02041183039546013
        ],
        [
            0.13604368269443512,
            -0.014944843016564846,
            -0.024500124156475067
        ],
        [
            0.13770648837089539,
            -0.018103348091244698,
            -0.03409197926521301
        ],
        [
            0.13757233321666718,
            -0.014567484147846699,
            -0.0028338059782981873
        ],
        [
            0.13581335544586182,
            -0.024576738476753235,
            0.004407733678817749
        ],
        [
            0.14827224612236023,
            -0.028969597071409225,
            -0.006940655410289764
        ],
        [
            0.1482037901878357,
            -0.01892353966832161,
            -0.00997762382030487
        ],
        [
            0.1406896561384201,
            -0.022970374673604965,
            -0.03757103905081749
        ],
        [
            0.1419001966714859,
            -0.018760409206151962,
            -0.02751442790031433
        ],
        [
            0.13892494142055511,
            -0.024915609508752823,
            -0.038240354508161545
        ],
        [
            0.1326206475496292,
            -0.030159607529640198,
            -0.05098104476928711
        ],
        [
            0.13757966458797455,
            -0.026475753635168076,
            -0.0477336049079895
        ],
        [
            0.1314101368188858,
            -0.03047606348991394,
            -0.05986599624156952
        ],
        [
            0.12192836403846741,
            -0.0317525751888752,
            -0.04925910010933876
        ],
        [
            0.12346022576093674,
            -0.027714619413018227,
            -0.0647389367222786
        ],
        [
            0.10522986948490143,
            -0.008454447612166405,
            -0.04991129785776138
        ],
        [
            0.10317782312631607,
            0.004848004784435034,
            -0.04752303287386894
        ],
        [
            0.11101478338241577,
            0.006207694765180349,
            -0.0634041354060173
        ],
        [
            0.11320748925209045,
            -0.007365798577666283,
            -0.06400260329246521
        ],
        [
            0.10997509956359863,
            0.024349268525838852,
            -0.05269203335046768
        ],
        [
            0.11090591549873352,
            0.014469588175415993,
            -0.05939299613237381
        ],
        [
            0.10192565619945526,
            0.013227047398686409,
            -0.044214989989995956
        ],
        [
            0.10175865888595581,
            0.022077899426221848,
            -0.038920044898986816
        ],
        [
            0.12642870843410492,
            0.0017809339333325624,
            -0.024695485830307007
        ],
        [
            0.12258311361074448,
            0.002791591687127948,
            -0.01454753428697586
        ],
        [
            0.12336017936468124,
            -0.0024698858615010977,
            -0.01685740426182747
        ],
        [
            0.1275283545255661,
            -0.0034328296314924955,
            -0.026300232857465744
        ],
        [
            0.14303289353847504,
            -0.03029981069266796,
            -0.03560824319720268
        ],
        [
            0.12992796301841736,
            -0.03595675155520439,
            -0.034483905881643295
        ],
        [
            0.13321496546268463,
            -0.030594632029533386,
            -0.038745664060115814
        ],
        [
            0.14545060694217682,
            -0.025454921647906303,
            -0.03451598435640335
        ],
        [
            0.11838968843221664,
            0.013054706156253815,
            0.012434840202331543
        ],
        [
            0.10777154564857483,
            0.01119733415544033,
            0.020662449300289154
        ],
        [
            0.1074557900428772,
            0.005309238564223051,
            0.02004251629114151
        ],
        [
            0.1167815551161766,
            0.008261001668870449,
            0.012358911335468292
        ],
        [
            0.11669018864631653,
            -0.015105889178812504,
            0.01589028537273407
        ],
        [
            0.10655265301465988,
            -0.012922280468046665,
            0.019560188055038452
        ],
        [
            0.09676185250282288,
            -0.022246314212679863,
            0.020143747329711914
        ],
        [
            0.10491329431533813,
            -0.026321757584810257,
            0.01428259164094925
        ],
        [
            0.1270325928926468,
            -0.019721660763025284,
            0.010485678911209106
        ],
        [
            0.11813294142484665,
            -0.030463559553027153,
            0.010708741843700409
        ],
        [
            0.1301221400499344,
            -0.034728169441223145,
            0.003758445382118225
        ],
        [
            0.1451733112335205,
            -0.037652388215065,
            -0.008719418197870255
        ],
        [
            0.10560710728168488,
            0.02386297471821308,
            0.020613007247447968
        ],
        [
            0.1135033667087555,
            0.027096841484308243,
            0.014933757483959198
        ],
        [
            0.1697787195444107,
            -0.02104768715798855,
            -0.06469492614269257
        ],
        [
            0.17023339867591858,
            -0.015314946882426739,
            -0.0627722293138504
        ],
        [
            0.1666305959224701,
            -0.01599990762770176,
            -0.06278137862682343
        ],
        [
            0.1670382171869278,
            -0.021457860246300697,
            -0.06498260051012039
        ],
        [
            0.09578665345907211,
            0.036147087812423706,
            0.0077960193157196045
        ],
        [
            0.08742596954107285,
            0.03503916785120964,
            0.002228155732154846
        ],
        [
            0.08529305458068848,
            0.03553450480103493,
            0.009198077023029327
        ],
        [
            0.09292223304510117,
            0.034646887332201004,
            0.014656677842140198
        ],
        [
            0.09960958361625671,
            0.03805489465594292,
            -0.0012597441673278809
        ],
        [
            0.09093821048736572,
            0.03388480842113495,
            -0.0072110965847969055
        ],
        [
            0.17487148940563202,
            -0.022236648947000504,
            -0.0764891505241394
        ],
        [
            0.173260897397995,
            -0.024656297639012337,
            -0.07217124104499817
        ],
        [
            0.16919250786304474,
            -0.02455567754805088,
            -0.07462571561336517
        ],
        [
            0.1695190668106079,
            -0.021343478932976723,
            -0.07874946296215057
        ],
        [
            0.13878203928470612,
            -0.02082185633480549,
            -0.04353203624486923
        ],
        [
            0.13653407990932465,
            -0.012872795574367046,
            -0.03943203017115593
        ],
        [
            0.14269490540027618,
            -0.01974661648273468,
            -0.05840711295604706
        ],
        [
            0.14031164348125458,
            -0.015949970111250877,
            -0.05229024589061737
        ],
        [
            0.13912856578826904,
            -0.02289716526865959,
            -0.052463348954916
        ],
        [
            0.14071954786777496,
            -0.025172986090183258,
            -0.05834423005580902
        ],
        [
            0.13518597185611725,
            0.0060575855895876884,
            -0.045300211757421494
        ],
        [
            0.13013823330402374,
            0.005343009252101183,
            -0.03479645773768425
        ],
        [
            0.13144035637378693,
            -0.000680628465488553,
            -0.0372457355260849
        ],
        [
            0.13775581121444702,
            -0.001547662541270256,
            -0.04845952242612839
        ],
        [
            0.13081133365631104,
            0.018794406205415726,
            -0.03027992695569992
        ],
        [
            0.13529948890209198,
            0.018416911363601685,
            -0.0412079282104969
        ],
        [
            0.13507503271102905,
            0.02611011080443859,
            -0.037366706877946854
        ],
        [
            0.13286025822162628,
            0.02498629130423069,
            -0.02981947734951973
        ],
        [
            0.14203035831451416,
            0.014250947162508965,
            -0.05998659133911133
        ],
        [
            0.14389242231845856,
            0.013888909481465816,
            -0.06542779505252838
        ],
        [
            0.14590467512607574,
            0.01807146705687046,
            -0.0645633265376091
        ],
        [
            0.14186152815818787,
            0.01778843067586422,
            -0.058607928454875946
        ],
        [
            0.08218123018741608,
            0.03558056056499481,
            0.01559600979089737
        ],
        [
            0.08983265608549118,
            0.032384224236011505,
            0.020892053842544556
        ],
        [
            0.11237924546003342,
            0.042954619973897934,
            -0.04107904061675072
        ],
        [
            0.11653310060501099,
            0.04771057888865471,
            -0.031746651977300644
        ],
        [
            0.12304498255252838,
            0.05162232741713524,
            -0.04247152805328369
        ],
        [
            0.11648479104042053,
            0.045622553676366806,
            -0.0504097044467926
        ],
        [
            0.08186264336109161,
            0.02849925123155117,
            -0.003636658191680908
        ],
        [
            0.07866061478853226,
            0.031073391437530518,
            0.0030566826462745667
        ],
        [
            0.17601661384105682,
            -0.01651919074356556,
            -0.07877548784017563
        ],
        [
            0.170257568359375,
            -0.015553212724626064,
            -0.08044220507144928
        ],
        [
            0.11834383755922318,
            -0.03963559493422508,
            -0.0014311745762825012
        ],
        [
            0.13859431445598602,
            -0.04293438792228699,
            -0.01346629485487938
        ],
        [
            0.10368142277002335,
            -0.033376295119524,
            0.005548343062400818
        ],
        [
            0.09374210983514786,
            -0.027928438037633896,
            0.009243287146091461
        ],
        [
            0.08642339706420898,
            -0.025174157693982124,
            0.014301501214504242
        ],
        [
            0.1414923071861267,
            -0.010110358707606792,
            -0.05506810545921326
        ],
        [
            0.13206170499324799,
            -0.006105117965489626,
            -0.03481099009513855
        ],
        [
            0.12610161304473877,
            0.006663540378212929,
            -0.023154109716415405
        ],
        [
            0.13113728165626526,
            0.03648963198065758,
            -0.01671924814581871
        ],
        [
            0.12714993953704834,
            0.03528618812561035,
            -0.007025629281997681
        ],
        [
            0.12968967854976654,
            0.025908980518579483,
            -0.011598572134971619
        ],
        [
            0.13209746778011322,
            0.028950968757271767,
            -0.0194532610476017
        ],
        [
            0.12500709295272827,
            0.048627737909555435,
            -0.026611365377902985
        ],
        [
            0.13155511021614075,
            0.043943703174591064,
            -0.025937408208847046
        ],
        [
            0.13462507724761963,
            0.045424897223711014,
            -0.03395889699459076
        ],
        [
            0.12936563789844513,
            0.05083126574754715,
            -0.035976067185401917
        ],
        [
            0.14392000436782837,
            -0.037533752620220184,
            -0.03471051901578903
        ],
        [
            0.12849080562591553,
            -0.041142914444208145,
            -0.02955891564488411
        ],
        [
            0.10463011264801025,
            0.03343255817890167,
            0.013013914227485657
        ],
        [
            0.10084285587072372,
            0.029832446947693825,
            0.018848225474357605
        ],
        [
            0.09491796046495438,
            0.02789882943034172,
            0.024685464799404144
        ],
        [
            0.12094398587942123,
            0.006570629775524139,
            -0.0006600841879844666
        ],
        [
            0.11579259485006332,
            0.0048833200708031654,
            0.012416072189807892
        ],
        [
            0.11660078167915344,
            0.0006186868995428085,
            0.011619508266448975
        ],
        [
            0.11998090147972107,
            0.003525689709931612,
            -0.002048894762992859
        ],
        [
            0.12814658880233765,
            -0.0071543073281645775,
            -0.008929096162319183
        ],
        [
            0.1272529661655426,
            -0.00899595208466053,
            0.004231654107570648
        ],
        [
            0.13710851967334747,
            -0.010657330974936485,
            -0.014322146773338318
        ],
        [
            0.10620245337486267,
            -0.0027668639086186886,
            0.020713426172733307
        ],
        [
            0.10113921761512756,
            0.0037629795260727406,
            0.028041161596775055
        ],
        [
            0.09976127743721008,
            -0.005016093607991934,
            0.02724315971136093
        ],
        [
            0.10022400319576263,
            0.01354298647493124,
            0.028136596083641052
        ],
        [
            0.09831082075834274,
            0.02220156043767929,
            0.027123533189296722
        ],
        [
            0.0726497694849968,
            0.0330132395029068,
            0.008801855146884918
        ],
        [
            0.09779833257198334,
            -0.012834887951612473,
            0.024999506771564484
        ],
        [
            0.15462273359298706,
            -0.022908024489879608,
            -0.015792805701494217
        ],
        [
            0.1598564237356186,
            -0.02460651472210884,
            -0.021301019936800003
        ],
        [
            0.15569636225700378,
            -0.019791658967733383,
            -0.024859238415956497
        ],
        [
            0.15060625970363617,
            -0.018401164561510086,
            -0.02102923020720482
        ],
        [
            0.13447032868862152,
            -0.029129192233085632,
            -0.06809157133102417
        ],
        [
            0.13884904980659485,
            -0.02881462872028351,
            -0.06216566264629364
        ],
        [
            0.13613638281822205,
            -0.028899068012833595,
            -0.05457649007439613
        ],
        [
            0.12363110482692719,
            0.019039154052734375,
            0.003889530897140503
        ],
        [
            0.11939379572868347,
            0.030726619064807892,
            0.006533712148666382
        ],
        [
            0.14395807683467865,
            -0.014145871624350548,
            -0.06054968759417534
        ],
        [
            0.16470156610012054,
            -0.021285198628902435,
            -0.08050037920475006
        ],
        [
            0.16449643671512604,
            -0.02515595778822899,
            -0.07586298882961273
        ],
        [
            0.14626602828502655,
            -0.028136132284998894,
            -0.07321138679981232
        ],
        [
            0.1460111290216446,
            -0.02381802350282669,
            -0.07896315306425095
        ],
        [
            0.1460215449333191,
            -0.009100629948079586,
            -0.06727372109889984
        ],
        [
            0.1454872339963913,
            -0.013983961194753647,
            -0.06136038526892662
        ],
        [
            0.146614670753479,
            -0.013062916696071625,
            -0.061836808919906616
        ],
        [
            0.14860627055168152,
            -0.007524430751800537,
            -0.0652671828866005
        ],
        [
            0.14400386810302734,
            0.025665374472737312,
            -0.05946969613432884
        ],
        [
            0.14083221554756165,
            0.025096025317907333,
            -0.05407755449414253
        ],
        [
            0.12487631291151047,
            -0.00539133045822382,
            -0.0754658505320549
        ],
        [
            0.12242668122053146,
            -0.018261440098285675,
            -0.07697875052690506
        ],
        [
            0.115428127348423,
            -0.019724290817975998,
            -0.06510163843631744
        ],
        [
            0.13456778228282928,
            0.012956192716956139,
            -0.0424557588994503
        ],
        [
            0.13908211886882782,
            0.014317370019853115,
            -0.051698386669158936
        ],
        [
            0.13881433010101318,
            0.018289733678102493,
            -0.0504947304725647
        ],
        [
            0.1425551325082779,
            -0.00676032155752182,
            -0.058198779821395874
        ],
        [
            0.14456649124622345,
            -0.008502990007400513,
            -0.0634995624423027
        ],
        [
            0.14362601935863495,
            -0.0038729622028768063,
            -0.06296955049037933
        ],
        [
            0.14144796133041382,
            -0.0017937449738383293,
            -0.05657156556844711
        ],
        [
            0.10941286385059357,
            0.04490089789032936,
            -0.02091382071375847
        ],
        [
            0.11943617463111877,
            0.04635367915034294,
            -0.015051759779453278
        ],
        [
            0.1711374819278717,
            -0.024334337562322617,
            -0.06797979772090912
        ],
        [
            0.16801904141902924,
            -0.024611642584204674,
            -0.06939335912466049
        ],
        [
            0.12963633239269257,
            0.012095303274691105,
            -0.03219681605696678
        ],
        [
            0.10974615812301636,
            -0.01949021779000759,
            -0.050492674112319946
        ],
        [
            0.12611697614192963,
            0.011887460947036743,
            -0.021343417465686798
        ],
        [
            0.12651380896568298,
            0.03461620584130287,
            -0.063713937997818
        ],
        [
            0.13416913151741028,
            0.037828750908374786,
            -0.06039395183324814
        ],
        [
            0.13789033889770508,
            0.036910057067871094,
            -0.06340399384498596
        ],
        [
            0.13414177298545837,
            0.03521828353404999,
            -0.06796139478683472
        ],
        [
            0.16284608840942383,
            -0.005737346597015858,
            -0.06766160577535629
        ],
        [
            0.16360697150230408,
            -0.00994209572672844,
            -0.06355279684066772
        ],
        [
            0.16684848070144653,
            -0.00976569764316082,
            -0.06351626664400101
        ],
        [
            0.1676805317401886,
            -0.005593694280833006,
            -0.06775061041116714
        ],
        [
            0.1446520984172821,
            -0.01963718980550766,
            -0.05971237272024155
        ],
        [
            0.14358648657798767,
            -0.025378962978720665,
            -0.060910359025001526
        ],
        [
            0.14737379550933838,
            -0.02435012347996235,
            -0.06158367916941643
        ],
        [
            0.1475117802619934,
            -0.0182206854224205,
            -0.06087302044034004
        ],
        [
            0.14185932278633118,
            -0.02877385914325714,
            -0.0653836578130722
        ],
        [
            0.14648780226707458,
            -0.028127117082476616,
            -0.06676258146762848
        ],
        [
            0.16302339732646942,
            -0.004745125770568848,
            -0.0740690529346466
        ],
        [
            0.16402515769004822,
            -0.008935496211051941,
            -0.08028577268123627
        ],
        [
            0.14648541808128357,
            -0.009293915703892708,
            -0.07910006493330002
        ],
        [
            0.14951182901859283,
            -0.005668256897479296,
            -0.07255402207374573
        ],
        [
            0.09275014698505402,
            0.020077163353562355,
            -0.026721082627773285
        ],
        [
            0.09466756880283356,
            0.030086226761341095,
            -0.022074442356824875
        ],
        [
            0.10351822525262833,
            0.03244775906205177,
            -0.034205399453639984
        ],
        [
            0.11130572855472565,
            0.035523608326911926,
            -0.04681574925780296
        ],
        [
            0.11950278282165527,
            0.037050727754831314,
            -0.05846622213721275
        ],
        [
            0.11623706668615341,
            0.026853308081626892,
            -0.06485679745674133
        ],
        [
            0.10465933382511139,
            0.039024580270051956,
            -0.029330596327781677
        ],
        [
            0.13952502608299255,
            -0.005155748222023249,
            -0.07450750470161438
        ],
        [
            0.1346890777349472,
            -0.009627578780055046,
            -0.07768820226192474
        ],
        [
            0.1332544982433319,
            -0.00505914306268096,
            -0.0770677775144577
        ],
        [
            0.12797130644321442,
            0.018746739253401756,
            -0.018994595855474472
        ],
        [
            0.164243683218956,
            -0.02576545998454094,
            -0.07042468339204788
        ],
        [
            0.07774066179990768,
            -0.014317857101559639,
            -0.003066450357437134
        ],
        [
            0.0740855261683464,
            -0.0013960213400423527,
            -0.005348078906536102
        ],
        [
            0.07955305278301239,
            -0.0034398080315440893,
            -0.011946693062782288
        ],
        [
            0.08458931744098663,
            -0.018077274784445763,
            -0.008999548852443695
        ],
        [
            0.1640838086605072,
            -0.016918674111366272,
            -0.062451332807540894
        ],
        [
            0.16401737928390503,
            -0.022903356701135635,
            -0.06470026820898056
        ],
        [
            0.14159932732582092,
            0.03171296417713165,
            -0.05312187597155571
        ],
        [
            0.14375655353069305,
            0.03134836256504059,
            -0.05846426635980606
        ],
        [
            0.14281682670116425,
            0.035194721072912216,
            -0.05989592522382736
        ],
        [
            0.14313983917236328,
            0.03750850632786751,
            -0.05457130819559097
        ],
        [
            0.09559743106365204,
            0.03456685692071915,
            -0.018172763288021088
        ],
        [
            0.12963569164276123,
            0.05346858501434326,
            -0.04761424660682678
        ],
        [
            0.12343717366456985,
            0.04812174290418625,
            -0.055200815200805664
        ],
        [
            0.08687523007392883,
            0.027645427733659744,
            -0.011733368039131165
        ],
        [
            0.08455212414264679,
            0.019094331189990044,
            -0.015974964946508408
        ],
        [
            0.07867909222841263,
            0.018986323848366737,
            -0.00814560055732727
        ],
        [
            0.12240905314683914,
            0.015017615631222725,
            -0.07237838208675385
        ],
        [
            0.09322661906480789,
            0.012709200382232666,
            -0.0313606858253479
        ],
        [
            0.08502905070781708,
            0.01216350682079792,
            -0.01927836611866951
        ],
        [
            0.07803092896938324,
            0.011701107025146484,
            -0.010074183344841003
        ],
        [
            0.07257025688886642,
            0.01216549426317215,
            -0.0037353187799453735
        ],
        [
            0.07395903766155243,
            0.020076069980859756,
            -0.00219002366065979
        ],
        [
            0.1646226942539215,
            -0.014992198906838894,
            -0.08159373700618744
        ],
        [
            0.1705988347530365,
            -0.008524070493876934,
            -0.07935476303100586
        ],
        [
            0.06725805252790451,
            0.02190144546329975,
            0.0037119463086128235
        ],
        [
            0.06651434302330017,
            0.012760008685290813,
            0.002128392457962036
        ],
        [
            0.08591881394386292,
            0.003363614436239004,
            -0.021916575729846954
        ],
        [
            0.0883467048406601,
            -0.007871807552874088,
            -0.023960407823324203
        ],
        [
            0.09403544664382935,
            0.004215443506836891,
            -0.03338433802127838
        ],
        [
            0.09680117666721344,
            -0.006673865951597691,
            -0.036597300320863724
        ],
        [
            0.11700321733951569,
            0.005874723196029663,
            -0.07570154219865799
        ],
        [
            0.1865324079990387,
            -0.007945628836750984,
            -0.06831096112728119
        ],
        [
            0.17616234719753265,
            -0.0056052012369036674,
            -0.07316731661558151
        ],
        [
            0.17344450950622559,
            -0.005762875080108643,
            -0.06794388592243195
        ],
        [
            0.18417567014694214,
            -0.006195208989083767,
            -0.06512094289064407
        ],
        [
            0.16903486847877502,
            -0.00479823537170887,
            -0.07347303628921509
        ],
        [
            0.17661353945732117,
            -0.00954220350831747,
            -0.07745424658060074
        ],
        [
            0.1027996763586998,
            -0.020779337733983994,
            -0.036117903888225555
        ],
        [
            0.14556606113910675,
            -0.004651306662708521,
            -0.06844082474708557
        ],
        [
            0.09661565721035004,
            -0.02444389835000038,
            -0.020328760147094727
        ],
        [
            0.11430278420448303,
            -0.03374607115983963,
            -0.03823653608560562
        ],
        [
            0.11220601201057434,
            -0.03670508414506912,
            -0.025428928434848785
        ],
        [
            0.09208597242832184,
            -0.029167911037802696,
            -0.0035134851932525635
        ],
        [
            0.1067441999912262,
            -0.038053568452596664,
            -0.0100003182888031
        ],
        [
            0.07851515710353851,
            -0.021307703107595444,
            0.007426954805850983
        ],
        [
            0.08455171436071396,
            -0.023882023990154266,
