{
    "pred_cam": [
        12.07539176940918,
        0.11456658691167831,
        -0.041122764348983765
    ],
    "pred_mano_params": {
        "global_orient": [
            [
                [
                    -0.3932318687438965,
                    0.1937752068042755,
                    -0.8987879753112793
                ],
                [
                    -0.10053479671478271,
                    -0.9807397127151489,
                    -0.16745837032794952
                ],
                [
                    -0.9139264225959778,
                    0.024509502574801445,
                    0.4051392674446106
                ]
            ]
        ],
        "hand_pose": [
            [
                [
                    0.6261903047561646,
                    -0.7452026605606079,
                    -0.22925691306591034
                ],
                [
                    0.766306459903717,
                    0.6424576044082642,
                    0.004765957593917847
                ],
                [
                    0.14373621344566345,
                    -0.17866544425487518,
                    0.9733543395996094
                ]
            ],
            [
                [
                    0.5624567866325378,
                    -0.770591139793396,
                    0.2997191846370697
                ],
                [
                    0.813073456287384,
                    0.44964170455932617,
                    -0.36977535486221313
                ],
                [
                    0.15017937123775482,
                    0.4516763985157013,
                    0.8794512748718262
                ]
            ],
            [
                [
                    0.9307855367660522,
                    -0.29814621806144714,
                    0.21153493225574493
                ],
                [
                    0.2574128210544586,
                    0.9454101920127869,
                    0.19984537363052368
                ],
                [
                    -0.2595704197883606,
                    -0.13156138360500336,
                    0.956720769405365
                ]
            ],
            [
                [
                    0.21346519887447357,
                    -0.9469536542892456,
                    -0.24023209512233734
                ],
                [
                    0.9695696830749512,
                    0.17517776787281036,
                    0.17101866006851196
                ],
                [
                    -0.11986341327428818,
                    -0.2694282829761505,
                    0.955531895160675
                ]
            ],
            [
                [
                    0.9133543372154236,
                    -0.38673609495162964,
                    -0.12735368311405182
                ],
                [
                    0.4041500687599182,
                    0.8990982174873352,
                    0.1681811809539795
                ],
                [
                    0.04946175217628479,
                    -0.20507903397083282,
                    0.9774946570396423
                ]
            ],
            [
                [
                    0.8525780439376831,
                    -0.5225757360458374,
                    0.0050286767072975636
                ],
                [
                    0.5214585661888123,
                    0.8513122200965881,
                    0.057866018265485764
                ],
                [
                    -0.03452035039663315,
                    -0.046713050454854965,
                    0.9983116984367371
                ]
            ],
            [
                [
                    -0.053414296358823776,
                    -0.900307834148407,
                    -0.4319637417793274
                ],
                [
                    0.7769683599472046,
                    -0.30920374393463135,
                    0.5483731627464294
                ],
                [
                    -0.6272695064544678,
                    -0.30633121728897095,
                    0.7160266041755676
                ]
            ],
            [
                [
                    0.6397548317909241,
                    -0.7675005197525024,
                    0.04070409759879112
                ],
                [
                    0.6097536683082581,
                    0.5390787124633789,
                    0.5810288786888123
                ],
                [
                    -0.46788257360458374,
                    -0.34689655900001526,
                    0.8128644824028015
                ]
            ],
            [
                [
                    0.9494968056678772,
                    -0.3081413507461548,
                    0.059199847280979156
                ],
                [
                    0.15268239378929138,
                    0.6185499429702759,
                    0.770768404006958
                ],
                [
                    -0.2741237282752991,
                    -0.7228034734725952,
                    0.6343589425086975
                ]
            ],
            [
                [
                    -0.21294140815734863,
                    -0.9770473837852478,
                    -0.0058651575818657875
                ],
                [
                    0.8901277184486389,
                    -0.19646617770195007,
                    0.41118577122688293
                ],
                [
                    -0.4029002785682678,
                    0.08233775943517685,
                    0.9115327596664429
                ]
            ],
            [
                [
                    0.685370922088623,
                    -0.7281872630119324,
                    0.0031669833697378635
                ],
                [
                    0.5641327500343323,
                    0.5337026119232178,
                    0.6300126314163208
                ],
                [
                    -0.46045735478401184,
                    -0.4300057291984558,
                    0.7765785455703735
                ]
            ],
            [
                [
                    0.7153359651565552,
                    -0.6979329586029053,
                    -0.03440975025296211
                ],
                [
                    0.6748968362808228,
                    0.6772838234901428,
                    0.2929176986217499
                ],
                [
                    -0.1811317652463913,
                    -0.2327575981616974,
                    0.9555182456970215
                ]
            ],
            [
                [
                    0.955309271812439,
                    -0.02674517221748829,
                    -0.29439592361450195
                ],
                [
                    -0.2276906818151474,
                    0.5685595273971558,
                    -0.7905042767524719
                ],
                [
                    0.1885237693786621,
                    0.8222072720527649,
                    0.537060558795929
                ]
            ],
            [
                [
                    0.9777264595031738,
                    -0.1757524311542511,
                    -0.11472592502832413
                ],
                [
                    0.20860148966312408,
                    0.7534138560295105,
                    0.6235807538032532
                ],
                [
                    -0.02315971441566944,
                    -0.6336233615875244,
                    0.7732948660850525
                ]
            ],
            [
                [
                    0.9226624369621277,
                    -0.05728256702423096,
                    -0.3813299536705017
                ],
                [
                    -0.14518268406391144,
                    0.8645321726799011,
                    -0.4811507761478424
                ],
                [
                    0.35723355412483215,
                    0.49930235743522644,
                    0.7893549203872681
                ]
            ]
        ],
        "betas": [
            -0.20785638689994812,
            -0.008189380168914795,
            0.007840514183044434,
            -0.002089172601699829,
            0.03390657901763916,
            -0.029202084988355637,
            -0.040420472621917725,
            -0.08448836207389832,
            -0.003621116280555725,
            -0.08453819155693054
        ]
    },
    "pred_cam_t": [
        -0.11456658691167831,
        -0.041122764348983765,
        3.234884738922119
    ],
    "focal_length": [
        5000.0,
        5000.0
    ],
    "pred_keypoints_3d": [
        [
            0.09664174914360046,
            0.006472952663898468,
            0.00624303612858057
        ],
        [
            0.0796160027384758,
            0.020044498145580292,
            0.038677897304296494
        ],
        [
            0.07815910130739212,
            0.03464893996715546,
            0.06613103300333023
        ],
        [
            0.08337020128965378,
            0.043241940438747406,
            0.09156190603971481
        ],
        [
            0.10153474658727646,
            0.05662224814295769,
            0.11943218857049942
        ],
        [
            0.11177054047584534,
            0.017017865553498268,
            0.09599563479423523
        ],
        [
            0.11980703473091125,
            0.04223492741584778,
            0.11617273092269897
        ],
        [
            0.11483508348464966,
            0.06237087398767471,
            0.107745461165905
        ],
        [
            0.10339893400669098,
            0.08063586056232452,
            0.09565335512161255
        ],
        [
            0.13700512051582336,
            0.018045729026198387,
            0.09227168560028076
        ],
        [
            0.13567852973937988,
            0.04963616281747818,
            0.09713160991668701
        ],
        [
            0.1276923418045044,
            0.07056321203708649,
            0.09011225402355194
        ],
        [
            0.11303532123565674,
            0.08783145248889923,
            0.07767314463853836
        ],
        [
            0.15262502431869507,
            0.02315356209874153,
            0.07068458199501038
        ],
        [
            0.1393337994813919,
            0.04903388395905495,
            0.06913946568965912
        ],
        [
            0.12060773372650146,
            0.05233592912554741,
            0.05283661186695099
        ],
        [
            0.1040475070476532,
            0.04053313285112381,
            0.03773169219493866
        ],
        [
            0.16133087873458862,
            0.030687082558870316,
            0.051803894340991974
        ],
        [
            0.1532701551914215,
            0.0496559701859951,
            0.046206455677747726
        ],
        [
            0.13680768013000488,
            0.049468766897916794,
            0.03638404980301857
        ],
        [
            0.11867716908454895,
            0.037605170160532,
            0.0323222279548645
        ]
    ],
    "pred_vertices": [
        [
            0.09907720983028412,
            0.025489801540970802,
            0.05808313563466072
        ],
        [
            0.09568081051111221,
            0.02617848850786686,
            0.04752844572067261
        ],
        [
            0.09382360428571701,
            0.030292309820652008,
            0.056411296129226685
        ],
        [
            0.09539130330085754,
            0.02815261483192444,
            0.0660342276096344
        ],
        [
            0.08404093235731125,
            0.04037994146347046,
            0.04041615128517151
        ],
        [
            0.07232693582773209,
            0.03983204811811447,
            0.03790346533060074
        ],
        [
            0.07446195930242538,
            0.045087751001119614,
            0.05444859340786934
        ],
        [
            0.08434021472930908,
            0.04599257931113243,
            0.054298631846904755
        ],
        [
            0.0931566059589386,
            0.02868809923529625,
            0.07327356934547424
        ],
        [
            0.0925149992108345,
            0.03386422246694565,
            0.06420547515153885
        ],
        [
            0.09154090285301208,
            0.025542736053466797,
            0.07574054598808289
        ],
        [
            0.09234865009784698,
            0.01513528823852539,
            0.08410675078630447
        ],
        [
            0.09429458528757095,
            0.022004663944244385,
            0.08138798922300339
        ],
        [
            0.09624436497688293,
            0.011388842016458511,
            0.09056708216667175
        ],
        [
            0.08993027359247208,
            0.005317731760442257,
            0.07918398082256317
        ],
        [
            0.10085582733154297,
            0.0027128970250487328,
            0.09021343290805817
        ],
        [
            0.11076702922582626,
            -0.006059225648641586,
            0.06307243555784225
        ],
        [
            0.1215953379869461,
            -0.004898080602288246,
            0.05444632098078728
        ],
        [
            0.13136135041713715,
            -0.0027928296476602554,
            0.07042950391769409
        ],
        [
            0.11897634714841843,
            -0.0031122080981731415,
            0.07732311636209488
        ],
        [
            0.14309479296207428,
            0.0027875807136297226,
            0.05327426642179489
        ],
        [
            0.13698680698871613,
            1.044943928718567e-06,
            0.06342226266860962
        ],
        [
            0.1276068091392517,
            -0.0035495515912771225,
            0.04750826582312584
        ],
        [
            0.1331476867198944,
            -0.0005820579826831818,
            0.03915654495358467
        ],
        [
            0.10792509466409683,
            0.02440086007118225,
            0.044990308582782745
        ],
        [
            0.10388397425413132,
            0.024465730413794518,
            0.0346442386507988
        ],
        [
            0.10033918917179108,
            0.02352762222290039,
            0.03904414176940918
        ],
        [
            0.10409219563007355,
            0.023988857865333557,
            0.049016907811164856
        ],
        [
            0.08372572064399719,
            0.02597876451909542,
            0.07719501107931137
        ],
        [
            0.07945621013641357,
            0.016041310504078865,
            0.07175858318805695
        ],
        [
            0.08627045154571533,
            0.0184143278747797,
            0.07535722851753235
        ],
        [
            0.08793702721595764,
            0.029882917180657387,
            0.07695995271205902
        ],
        [
            0.09990572929382324,
            0.031031901016831398,
            0.0063079893589019775
        ],
        [
            0.09415775537490845,
            0.023308364674448967,
            -0.0035234838724136353
        ],
        [
            0.0891982689499855,
            0.021878087893128395,
            -0.00043880194425582886
        ],
        [
            0.09561853855848312,
            0.028761256486177444,
            0.007963128387928009
        ],
        [
            0.073161780834198,
            0.026438020169734955,
            0.015871725976467133
        ],
        [
            0.07313422858715057,
            0.018093541264533997,
            0.0080198273062706
        ],
        [
            0.06453069299459457,
            0.007429495453834534,
            0.008255422115325928
        ],
        [
            0.0640072375535965,
            0.01279454119503498,
            0.01799849420785904
        ],
        [
            0.07233462482690811,
            0.034095726907253265,
            0.026767894625663757
        ],
        [
            0.06275850534439087,
            0.023807676509022713,
            0.027863584458827972
        ],
        [
            0.06375814229249954,
            0.03217700123786926,
            0.03967968374490738
        ],
        [
            0.06766833364963531,
            0.0385521836578846,
            0.056138280779123306
        ],
        [
            0.1054440438747406,
            0.02325858548283577,
            -0.010021775960922241
        ],
        [
            0.1112000122666359,
            0.0295143723487854,
            -0.00395115464925766
        ],
        [
            0.10874427855014801,
            0.04492862522602081,
            0.10564181208610535
        ],
        [
            0.11364786326885223,
            0.04677903652191162,
            0.10212526470422745
        ],
        [
            0.1123461127281189,
            0.04377303645014763,
            0.1015290766954422
        ],
        [
            0.10821614414453506,
            0.04252532497048378,
            0.10523677617311478
        ],
        [
            0.12250903248786926,
            0.011776609346270561,
            -0.00863742083311081
        ],
        [
            0.12400733679533005,
            0.0019001830369234085,
            -0.006531864404678345
        ],
        [
            0.12102445960044861,
            0.002186838537454605,
            -0.01328304409980774
        ],
        [
            0.11776995658874512,
            0.011034505441784859,
            -0.014648012816905975
        ],
        [
            0.12879414856433868,
            0.012670381926000118,
            -0.0007314980030059814
        ],
        [
            0.1276637464761734,
            0.0019235704094171524,
            0.003045104444026947
        ],
        [
            0.11264531314373016,
            0.043832071125507355,
            0.11826495826244354
        ],
        [
            0.10847955197095871,
            0.04419412463903427,
            0.11481168866157532
        ],
        [
            0.10924386233091354,
            0.03958075866103172,
            0.11505704373121262
        ],
        [
            0.11387670785188675,
            0.03798399120569229,
            0.11746243387460709
        ],
        [
            0.0972156971693039,
            0.025750355795025826,
            0.07542942464351654
        ],
        [
            0.10216937959194183,
            0.026366837322711945,
            0.06752943992614746
        ],
        [
            0.10514945536851883,
            0.025298181921243668,
            0.08895155787467957
        ],
        [
            0.10551021248102188,
            0.0252138152718544,
            0.08095623552799225
        ],
        [
            0.09943879395723343,
            0.02292015217244625,
            0.08382819592952728
        ],
        [
            0.10022027045488358,
            0.022215519100427628,
            0.09054876863956451
        ],
        [
            0.12158505618572235,
            0.02621825970709324,
            0.06314733624458313
        ],
        [
            0.11592432111501694,
            0.02497418224811554,
            0.053040072321891785
        ],
        [
            0.11177858710289001,
            0.02441309206187725,
            0.05831485614180565
        ],
        [
            0.11636336147785187,
            0.026392554864287376,
            0.07021546363830566
        ],
        [
            0.12556616961956024,
            0.029260115697979927,
            0.043262653052806854
        ],
        [
            0.13043823838233948,
            0.02943316660821438,
            0.05390406399965286
        ],
        [
            0.1351395845413208,
            0.03163659945130348,
            0.0468566007912159
        ],
        [
            0.13074007630348206,
            0.032289497554302216,
            0.040666013956069946
        ],
        [
            0.13584479689598083,
            0.028507636860013008,
            0.07355092465877533
        ],
        [
            0.13699078559875488,
            0.02730630151927471,
            0.07769625633955002
        ],
        [
            0.13867679238319397,
            0.02742682211101055,
            0.07427635043859482
        ],
        [
            0.13788752257823944,
            0.0290964525192976,
            0.07053671777248383
        ],
        [
            0.11790159344673157,
            0.0013380441814661026,
            -0.019727088510990143
        ],
        [
            0.11266288161277771,
            0.009786183014512062,
            -0.0199175626039505
        ],
        [
            0.15424320101737976,
            0.011866135522723198,
            0.035542432218790054
        ],
        [
            0.1530941277742386,
            0.019270330667495728,
            0.026597555726766586
        ],
        [
            0.16099798679351807,
            0.02355407364666462,
            0.03653134033083916
        ],
        [
            0.16173121333122253,
            0.013262035325169563,
            0.044606178998947144
        ],
        [
            0.12094196677207947,
            -0.0063246991485357285,
            -0.0007165372371673584
        ],
        [
            0.11991462111473083,
            -0.006784336641430855,
            -0.008564524352550507
        ],
        [
            0.11919132620096207,
            0.04417809844017029,
            0.11869834363460541
        ],
        [
            0.1199939027428627,
            0.038229528814554214,
            0.11721004545688629
        ],
        [
            0.061138004064559937,
            0.017786430194973946,
            0.041263602674007416
        ],
        [
            0.06473100185394287,
            0.029442915692925453,
            0.05854444578289986
        ],
        [
            0.06207312270998955,
            0.007534869946539402,
            0.027910970151424408
        ],
        [
            0.06475746631622314,
            0.00010013021528720856,
            0.018771737813949585
        ],
        [
            0.06463424861431122,
            -0.004749996587634087,
            0.01069551706314087
        ],
        [
            0.11194448173046112,
            0.026551514863967896,
            0.08091980218887329
        ],
        [
            0.10585587471723557,
            0.024905934929847717,
            0.0590006560087204
        ],
        [
            0.11147405952215195,
            0.02541443705558777,
            0.04139116406440735
        ],
        [
            0.1348978728055954,
            0.03690469637513161,
            0.02398676425218582
        ],
        [
            0.12931276857852936,
            0.03631991520524025,
            0.015289254486560822
        ],
        [
            0.12303385138511658,
            0.03580170124769211,
            0.024275101721286774
        ],
        [
            0.12936918437480927,
            0.03582252934575081,
            0.030083131045103073
        ],
        [
            0.15095925331115723,
            0.02920423448085785,
            0.024454500526189804
        ],
        [
            0.14589762687683105,
            0.034897562116384506,
            0.027860213071107864
        ],
        [
            0.1498032659292221,
            0.03515160456299782,
            0.033966630697250366
        ],
        [
            0.1565014272928238,
            0.030614621937274933,
            0.032520800828933716
        ],
        [
            0.07633602619171143,
            0.02554972469806671,
            0.07784578949213028
        ],
        [
            0.0728578045964241,
            0.015757258981466293,
            0.0684560090303421
        ],
        [
            0.11771999299526215,
            0.021441876888275146,
            -0.00849868357181549
        ],
        [
            0.11160098761320114,
            0.01914932206273079,
            -0.01305273175239563
        ],
        [
            0.10689239203929901,
            0.015100829303264618,
            -0.01914288103580475
        ],
        [
            0.10043589770793915,
            0.028245214372873306,
            0.020926445722579956
        ],
        [
            0.0925460159778595,
            0.027346648275852203,
            0.009090714156627655
        ],
        [
            0.08909913897514343,
            0.027305424213409424,
            0.011961326003074646
        ],
        [
            0.09836563467979431,
            0.026460634544491768,
            0.022972814738750458
        ],
        [
            0.09251666814088821,
            0.0301971435546875,
            0.03686340153217316
        ],
        [
            0.08445677161216736,
            0.03391076996922493,
            0.026733174920082092
        ],
        [
            0.09271486848592758,
            0.035891707986593246,
            0.04756631329655647
        ],
        [
            0.08164998143911362,
            0.01966097205877304,
            0.002263598144054413
        ],
        [
            0.0838567316532135,
            0.018206538632512093,
            -0.008657820522785187
        ],
        [
            0.0764293298125267,
            0.015237351879477501,
            -0.00446733832359314
        ],
        [
            0.09249784052371979,
            0.01893928088247776,
            -0.01351560652256012
        ],
        [
            0.10066260397434235,
            0.018162131309509277,
            -0.017295919358730316
        ],
        [
            0.1187528520822525,
            -0.010245582088828087,
            -0.016390345990657806
        ],
        [
            0.07052694261074066,
            0.01142086647450924,
            0.00025384873151779175
        ],
        [
            0.08357951045036316,
            0.04720323905348778,
            0.0641341432929039
        ],
        [
            0.08273550868034363,
            0.047912225127220154,
            0.0728146955370903
        ],
        [
            0.08922125399112701,
            0.04396725073456764,
            0.0731934905052185
        ],
        [
            0.09023049473762512,
            0.04285058379173279,
            0.065951406955719
        ],
        [
            0.10139354318380356,
            0.011488078162074089,
            0.09790625423192978
        ],
        [
            0.09885412454605103,
            0.018133969977498055,
            0.09468678385019302
        ],
        [
            0.09514763951301575,
            0.01810300722718239,
            0.08728818595409393
        ],
        [
            0.10944051295518875,
            0.03411715850234032,
            0.01252773404121399
        ],
        [
            0.11856956779956818,
            0.03289894387125969,
            0.0034632235765457153
        ],
        [
            0.11119946837425232,
            0.026950348168611526,
            0.08878110349178314
        ],
        [
            0.11433356255292892,
            0.03350808098912239,
            0.1174512505531311
        ],
        [
            0.1087287962436676,
            0.03490815311670303,
            0.11532734334468842
        ],
        [
            0.10520583391189575,
            0.02046450600028038,
            0.10731276869773865
        ],
        [
            0.11169929802417755,
            0.018464744091033936,
            0.10973713546991348
        ],
        [
            0.11909659206867218,
            0.026742439717054367,
            0.093117855489254
        ],
        [
            0.11210538446903229,
            0.02821941301226616,
            0.09101954847574234
        ],
        [
            0.11329533159732819,
            0.029003577306866646,
            0.09181542694568634
        ],
        [
            0.1199825331568718,
            0.030146684497594833,
            0.09290608018636703
        ],
        [
            0.14317837357521057,
            0.028390828520059586,
            0.06581044942140579
        ],
        [
            0.14196762442588806,
            0.03083001635968685,
            0.06307584792375565
        ],
        [
            0.1263751983642578,
            0.00467265211045742,
            0.08980734646320343
        ],
        [
            0.11505038291215897,
            -0.0008464232087135315,
            0.09565643221139908
        ],
        [
            0.10810064524412155,
            -0.003584994003176689,
            0.084201879799366
        ],
        [
            0.12629154324531555,
            0.02758101187646389,
            0.057330790907144547
        ],
        [
            0.13183698058128357,
            0.02878808230161667,
            0.06580371409654617
        ],
        [
            0.1345731019973755,
            0.02947855181992054,
            0.06271714717149734
        ],
        [
            0.11637791991233826,
            0.027036922052502632,
            0.08229924738407135
        ],
        [
            0.11753881722688675,
            0.027209289371967316,
            0.08852756768465042
        ],
        [
            0.12131047993898392,
            0.026379600167274475,
            0.08513378351926804
        ],
        [
            0.1200094074010849,
            0.027066774666309357,
            0.07826821506023407
        ],
        [
            0.1450943797826767,
            0.01604423299431801,
            0.01611660048365593
        ],
        [
            0.1433405578136444,
            0.027759971097111702,
            0.01407025009393692
        ],
        [
            0.10699199885129929,
            0.04430835321545601,
            0.1101975068449974
        ],
        [
            0.10699973255395889,
            0.0410333052277565,
            0.1103212907910347
        ],
        [
            0.12059056013822556,
            0.02642928436398506,
            0.04755961149930954
        ],
        [
            0.10130338370800018,
            -0.0039842501282691956,
            0.0699957087635994
        ],
        [
            0.11519163101911545,
            0.026949094608426094,
            0.03752625733613968
        ],
        [
            0.15580999851226807,
            0.019707441329956055,
            0.06300482153892517
        ],
        [
            0.15499049425125122,
            0.028398478403687477,
            0.06035131216049194
        ],
        [
            0.1539241522550583,
            0.029511690139770508,
            0.06131073832511902
        ],
        [
            0.1552426666021347,
            0.02621351182460785,
            0.06519729644060135
        ],
        [
            0.12337420880794525,
            0.04078349471092224,
            0.10019418597221375
        ],
        [
            0.11760331690311432,
            0.04277057573199272,
            0.09936695545911789
        ],
        [
            0.11841452121734619,
            0.04437150061130524,
            0.09974223375320435
        ],
        [
            0.1241941824555397,
            0.0437295101583004,
            0.10170473158359528
        ],
        [
            0.106315016746521,
            0.02700677327811718,
            0.09196294099092484
        ],
        [
            0.10166215896606445,
            0.02420009672641754,
            0.09480318427085876
        ],
        [
            0.10318334400653839,
            0.027502164244651794,
            0.09717418998479843
        ],
        [
            0.10827913880348206,
            0.02918819896876812,
            0.09390999376773834
        ],
        [
            0.10085079073905945,
            0.01990635320544243,
            0.09933722764253616
        ],
        [
            0.1022256463766098,
            0.023572150617837906,
            0.10244081169366837
        ],
        [
            0.12707076966762543,
            0.03793215751647949,
            0.10475754737854004
        ],
        [
            0.12570083141326904,
            0.03513622656464577,
            0.11192647367715836
        ],
        [
            0.12485910207033157,
            0.021571815013885498,
            0.10360178351402283
        ],
        [
            0.1251465529203415,
            0.027718782424926758,
            0.09823311120271683
        ],
        [
            0.1250166893005371,
            -0.005224693566560745,
            0.026325922459363937
        ],
        [
            0.1317218691110611,
            -0.0002580396831035614,
            0.01863151043653488
        ],
        [
            0.1403176635503769,
            0.0041899774223566055,
            0.031203340739011765
        ],
        [
            0.15026411414146423,
            0.00790264829993248,
            0.04391764849424362
        ],
        [
            0.1576218456029892,
            0.012633748352527618,
            0.05636699125170708
        ],
        [
            0.15164785087108612,
            0.005919354036450386,
            0.06510704755783081
        ],
        [
            0.1438414305448532,
            0.008027207106351852,
            0.024385955184698105
        ],
        [
            0.12501706182956696,
            0.01762402057647705,
            0.09258989244699478
        ],
        [
            0.12367585301399231,
            0.011827563866972923,
            0.09719053655862808
        ],
        [
            0.12696196138858795,
            0.01206825952976942,
            0.09323347359895706
        ],
        [
            0.12016400694847107,
            0.030605413019657135,
            0.03307646885514259
        ],
        [
            0.10586279630661011,
            0.037197016179561615,
            0.11136052757501602
        ],
        [
            0.08252278715372086,
            -0.017036134377121925,
            0.01687786728143692
        ],
        [
            0.09507617354393005,
            -0.019094957038760185,
            0.011500827968120575
        ],
        [
            0.09651227295398712,
            -0.016459977254271507,
            0.01986737549304962
        ],
        [
            0.08211575448513031,
            -0.013128604739904404,
            0.025924012064933777
        ],
        [
            0.11061155050992966,
            0.042602576315402985,
            0.10175582766532898
        ],
        [
            0.10610570758581161,
            0.040212683379650116,
            0.10578373819589615
        ],
        [
            0.1458829641342163,
            0.034018564969301224,
            0.05900254845619202
        ],
        [
            0.14701507985591888,
            0.03129997104406357,
            0.06212534382939339
        ],
        [
            0.14879581332206726,
            0.031356025487184525,
            0.05906850844621658
        ],
        [
            0.15000185370445251,
            0.035208411514759064,
            0.05725569278001785
        ],
        [
            0.13389095664024353,
            0.0026929546147584915,
            0.013611048460006714
        ],
        [
            0.1629711091518402,
            0.03153738006949425,
            0.041270602494478226
        ],
        [
            0.16368967294692993,
            0.022807907313108444,
            0.049823861569166183
        ],
        [
            0.124210424721241,
            -0.004399856552481651,
            0.008231349289417267
        ],
        [
            0.11861451715230942,
            -0.00936848483979702,
            0.014768034219741821
        ],
        [
            0.11460445076227188,
            -0.012331772595643997,
            0.006182149052619934
        ],
        [
            0.14333485066890717,
            0.007907403632998466,
            0.07739919424057007
        ],
        [
            0.12060794234275818,
            -0.007436804473400116,
            0.03368290513753891
        ],
        [
            0.11402453482151031,
            -0.01114153116941452,
            0.020836234092712402
        ],
        [
            0.10903666913509369,
            -0.014754878357052803,
            0.010857030749320984
        ],
        [
            0.10633576661348343,
            -0.01778234913945198,
            0.0034272000193595886
        ],
        [
            0.11265750229358673,
            -0.01472221128642559,
            -0.000931568443775177
        ],
        [
            0.12049712240695953,
            0.03378710895776749,
            0.11565394699573517
        ],
        [
            0.12634111940860748,
            0.04036834463477135,
            0.11374049633741379
        ],
        [
            0.11131413280963898,
            -0.01878420263528824,
            -0.009066358208656311
        ],
        [
            0.10396376252174377,
            -0.021481961011886597,
            -0.003854215145111084
        ],
        [
            0.10747210681438446,
            -0.01267554797232151,
            0.027360528707504272
        ],
        [
            0.09852196276187897,
            -0.012964315712451935,
            0.03496941179037094
        ],
        [
            0.11391603946685791,
            -0.00876561924815178,
            0.039514653384685516
        ],
        [
            0.10579156130552292,
            -0.009108707308769226,
            0.04805059731006622
        ],
        [
            0.13759328424930573,
            -0.0006337203085422516,
            0.0832887664437294
        ],
        [
            0.12388045340776443,
            0.05967613309621811,
            0.11087335646152496
        ],
        [
            0.12747547030448914,
            0.048588693141937256,
            0.10956938564777374
        ],
        [
            0.12504324316978455,
            0.048412077128887177,
            0.1039724126458168
        ],
        [
            0.12392734736204147,
            0.05926845967769623,
            0.1065247654914856
        ],
        [
            0.1274077594280243,
            0.04236645624041557,
            0.1065581738948822
        ],
        [
            0.12555678188800812,
            0.046510908752679825,
            0.11499933898448944
        ],
        [
            0.09308093786239624,
            -0.005820455029606819,
            0.0560963898897171
        ],
        [
            0.12258735299110413,
            0.024978993460536003,
            0.0899101048707962
        ],
        [
            0.08214419335126877,
            -0.006841370835900307,
            0.042389269918203354
        ],
        [
            0.08293692767620087,
            0.0015908731147646904,
            0.06784303486347198
        ],
        [
            0.07431317865848541,
            0.0035469532012939453,
            0.057623960077762604
        ],
        [
            0.06972148269414902,
            -0.0059760212898254395,
            0.029113098978996277
        ],
        [
            0.06555823981761932,
            0.003858760930597782,
            0.04360123723745346
        ],
        [
            0.07125625759363174,
            -0.013925774022936821,
            0.011709675192832947
        ],
        [
            0.07209311425685883,
            -0.010703444480895996,
            0.02021951973438263
        ],
        [
            0.06535191833972931,
            0.015423297882080078,
            0.0567181333899498
        ],
        [
            0.10949794203042984,
            0.0542374923825264,
            0.10378959774971008
        ],
        [
            0.1150454729795456,
            0.05522112548351288,
