{
    "pred_cam": [
        6.877394676208496,
        0.14154623448848724,
        -0.0432242788374424
    ],
    "pred_mano_params": {
        "global_orient": [
            [
                [
                    -0.7316287159919739,
                    -0.3814995288848877,
                    0.5649580359458923
                ],
                [
                    -0.5457800626754761,
                    -0.1687675416469574,
                    -0.8207567930221558
                ],
                [
                    0.40846487879753113,
                    -0.9088320732116699,
                    -0.08473965525627136
                ]
            ]
        ],
        "hand_pose": [
            [
                [
                    0.6889321208000183,
                    -0.7024695873260498,
                    -0.17863056063652039
                ],
                [
                    0.7224275469779968,
                    0.6855049133300781,
                    0.09045051783323288
                ],
                [
                    0.05891339108347893,
                    -0.1913619488477707,
                    0.9797497391700745
                ]
            ],
            [
                [
                    0.08551038056612015,
                    -0.9361518025398254,
                    0.3410392701625824
                ],
                [
                    0.9932295083999634,
                    0.05307984724640846,
                    -0.10333307832479477
                ],
                [
                    0.0786331370472908,
                    0.34756630659103394,
                    0.9343525171279907
                ]
            ],
            [
                [
                    0.9308032393455505,
                    -0.3648177981376648,
                    -0.022655818611383438
                ],
                [
                    0.36416730284690857,
                    0.9309026002883911,
                    -0.028327742591500282
                ],
                [
                    0.03142482787370682,
                    0.018117045983672142,
                    0.9993418455123901
                ]
            ],
            [
                [
                    0.46789175271987915,
                    -0.87906813621521,
                    -0.09119575470685959
                ],
                [
                    0.8442078828811646,
                    0.4140191376209259,
                    0.3404427766799927
                ],
                [
                    -0.2615155577659607,
                    -0.23627853393554688,
                    0.9358324408531189
                ]
            ],
            [
                [
                    0.2721180319786072,
                    -0.8952041864395142,
                    -0.35293251276016235
                ],
                [
                    0.9607768058776855,
                    0.2731459438800812,
                    0.04795066639780998
                ],
                [
                    0.05347643047571182,
                    -0.35213759541511536,
                    0.9344193935394287
                ]
            ],
            [
                [
                    0.9721317887306213,
                    -0.1837078332901001,
                    -0.14564073085784912
                ],
                [
                    0.18385985493659973,
                    0.9828725457191467,
                    -0.01253361627459526
                ],
                [
                    0.14544880390167236,
                    -0.01459315326064825,
                    0.9892581701278687
                ]
            ],
            [
                [
                    0.2144208550453186,
                    -0.9329709410667419,
                    0.2891174852848053
                ],
                [
                    0.5847733020782471,
                    0.35971081256866455,
                    0.7270820736885071
                ],
                [
                    -0.7823451161384583,
                    0.013166639022529125,
                    0.6227059960365295
                ]
            ],
            [
                [
                    0.5120446681976318,
                    -0.7938446998596191,
                    -0.3280560374259949
                ],
                [
                    0.7922946810722351,
                    0.2889794707298279,
                    0.5373638868331909
                ],
                [
                    -0.3317820727825165,
                    -0.5350714325904846,
                    0.7769293189048767
                ]
            ],
            [
                [
                    0.9391818046569824,
                    -0.33294978737831116,
                    -0.08415449410676956
                ],
                [
                    0.3400885760784149,
                    0.9357645511627197,
                    0.09319055080413818
                ],
                [
                    0.0477210208773613,
                    -0.11614285409450531,
                    0.9920854568481445
                ]
            ],
            [
                [
                    0.2682356834411621,
                    -0.9403505921363831,
                    0.2092619091272354
                ],
                [
                    0.8833860158920288,
                    0.326748251914978,
                    0.33595356345176697
                ],
                [
                    -0.38429003953933716,
                    0.09474432468414307,
                    0.9183381199836731
                ]
            ],
            [
                [
                    0.5507216453552246,
                    -0.7842280268669128,
                    -0.2858181595802307
                ],
                [
                    0.7915822267532349,
                    0.3820859491825104,
                    0.4768730401992798
                ],
                [
                    -0.26477012038230896,
                    -0.4888729155063629,
                    0.8312039375305176
                ]
            ],
            [
                [
                    0.9558960795402527,
                    -0.22738052904605865,
                    -0.1859050989151001
                ],
                [
                    0.23324474692344666,
                    0.9723665714263916,
                    0.010007823817431927
                ],
                [
                    0.17849232256412506,
                    -0.05292782559990883,
                    0.9825167059898376
                ]
            ],
            [
                [
                    0.9622511863708496,
                    0.05725948140025139,
                    -0.26607173681259155
                ],
                [
                    -0.23664681613445282,
                    0.6588983535766602,
                    -0.7140387892723083
                ],
                [
                    0.1344287395477295,
                    0.7500495910644531,
                    0.6475759744644165
                ]
            ],
            [
                [
                    0.9362775087356567,
                    -0.15552940964698792,
                    -0.31495222449302673
                ],
                [
                    0.3152035176753998,
                    0.7677093744277954,
                    0.5579148530960083
                ],
                [
                    0.1550195962190628,
                    -0.621637225151062,
                    0.7678124308586121
                ]
            ],
            [
                [
                    0.9297619462013245,
                    -0.3302842080593109,
                    -0.16264991462230682
                ],
                [
                    0.2494720071554184,
                    0.8901035189628601,
                    -0.3814176917076111
                ],
                [
                    0.2707515060901642,
                    0.31405109167099,
                    0.9099810719490051
                ]
            ]
        ],
        "betas": [
            0.013486728072166443,
            0.0666511058807373,
            -0.05037763714790344,
            -0.02635452151298523,
            0.04543080925941467,
            -0.029006537050008774,
            0.07159164547920227,
            -0.03595748543739319,
            -0.06807133555412292,
            -0.03891393542289734
        ]
    },
    "pred_cam_t": [
        -0.14154623448848724,
        -0.0432242788374424,
        5.679839611053467
    ],
    "focal_length": [
        5000.0,
        5000.0
    ],
    "pred_keypoints_3d": [
        [
            0.095704585313797,
            0.006378180347383022,
            0.00616676127538085
        ],
        [
            0.13385841250419617,
            0.0010182438418269157,
            0.0082147978246212
        ],
        [
            0.16426922380924225,
            0.005823475308716297,
            0.007405735552310944
        ],
        [
            0.1862715482711792,
            0.019849710166454315,
            6.0755759477615356e-05
        ],
        [
            0.21253031492233276,
            0.042456723749637604,
            0.0017941873520612717
        ],
        [
            0.17391978204250336,
            0.03837621957063675,
            -0.026855630800127983
        ],
        [
            0.20037049055099487,
            0.05634984374046326,
            -0.018561817705631256
        ],
        [
            0.19620409607887268,
            0.04903323948383331,
            0.001968245953321457
        ],
        [
            0.18500730395317078,
            0.040293265134096146,
            0.022615104913711548
        ],
        [
            0.16366517543792725,
            0.06103713810443878,
            -0.030916472896933556
        ],
        [
            0.18702399730682373,
            0.07223599404096603,
            -0.012618044391274452
        ],
        [
            0.18003082275390625,
            0.06279570609331131,
            0.007453493773937225
        ],
        [
            0.17006085813045502,
            0.05494013801217079,
            0.03019588068127632
        ],
        [
            0.14197881519794464,
            0.07350573688745499,
            -0.021380532532930374
        ],
        [
            0.1633002907037735,
            0.07849294692277908,
            -0.002612827345728874
        ],
        [
            0.15641051530838013,
            0.06894941627979279,
            0.019204813987016678
        ],
        [
            0.14637278020381927,
            0.06199377402663231,
            0.04204260930418968
        ],
        [
            0.12546753883361816,
            0.08099203556776047,
            -0.009197564795613289
        ],
        [
            0.14117559790611267,
            0.08365722000598907,
            0.004584533162415028
        ],
        [
            0.1348324567079544,
            0.07575052976608276,
            0.020554877817630768
        ],
        [
            0.12442720681428909,
            0.06793186813592911,
            0.034374967217445374
        ]
    ],
    "pred_vertices": [
        [
            0.1474267691373825,
            0.023468276485800743,
            -0.0003280751407146454
        ],
        [
            0.13972409069538116,
            0.01892058365046978,
            0.005689114332199097
        ],
        [
            0.15005914866924286,
            0.019358625635504723,
            0.005635693669319153
        ],
        [
            0.1566266417503357,
            0.021992653608322144,
            -0.0005698278546333313
        ],
        [
            0.14287151396274567,
            0.01056111603975296,
            0.023188624531030655
        ],
        [
            0.14345628023147583,
            -0.0009080898016691208,
            0.02637968584895134
        ],
        [
            0.15985199809074402,
            0.004426678642630577,
            0.02242147922515869
        ],
        [
            0.15743856132030487,
            0.013821510598063469,
            0.021299900487065315
        ],
        [
            0.16378314793109894,
            0.020659349858760834,
            -0.002808576449751854
        ],
        [
            0.15869998931884766,
            0.019872374832630157,
            0.005380142480134964
        ],
        [
            0.16452568769454956,
            0.017950739711523056,
            -0.006330300122499466
        ],
        [
            0.1681719571352005,
            0.01745687797665596,
            -0.01862112060189247
        ],
        [
            0.16797372698783875,
            0.021327577531337738,
            -0.012024670839309692
        ],
        [
            0.17153024673461914,
            0.02107073739171028,
            -0.025404492393136024
        ],
        [
            0.1607295125722885,
            0.011112196370959282,
            -0.02422238513827324
        ],
        [
            0.16654789447784424,
            0.022248147055506706,
            -0.03363840654492378
        ],
        [
            0.13693355023860931,
            0.02395218051970005,
            -0.031948067247867584
        ],
        [
            0.12667018175125122,
            0.03270706161856651,
            -0.03008812852203846
        ],
        [
            0.13837021589279175,
            0.044598519802093506,
            -0.037347033619880676
        ],
        [
            0.14804409444332123,
            0.03456839919090271,
            -0.03744049742817879
        ],
        [
            0.12197825312614441,
            0.05412069708108902,
            -0.028061071410775185
        ],
        [
            0.1315411925315857,
            0.049407679587602615,
            -0.0334172323346138
        ],
        [
            0.11935470998287201,
            0.037404414266347885,
            -0.0274985209107399
        ],
        [
            0.11149559915065765,
            0.04205408692359924,
            -0.022741645574569702
        ],
        [
            0.13281413912773132,
            0.02910357154905796,
            0.00202287919819355
        ],
        [
            0.12489436566829681,
            0.02389664575457573,
            0.007543137297034264
        ],
        [
            0.12957386672496796,
            0.021192997694015503,
            0.00588926300406456
        ],
        [
            0.1373395025730133,
            0.02617112174630165,
            0.0009687114506959915
        ],
        [
            0.16701450943946838,
            0.01110064797103405,
            -0.006022952497005463
        ],
        [
            0.16081732511520386,
            0.003012942150235176,
            -0.010172903537750244
        ],
        [
            0.1627914309501648,
            0.010673362761735916,
            -0.011056818068027496
        ],
        [
            0.16719429194927216,
            0.016045764088630676,
            -0.0033315718173980713
        ],
        [
            0.10344316065311432,
            0.017924591898918152,
            0.02607601508498192
        ],
        [
            0.09380505979061127,
            0.00845688208937645,
            0.025310752913355827
        ],
        [
            0.09742368012666702,
            0.003970988094806671,
            0.024071810767054558
        ],
        [
            0.10530151426792145,
            0.01358720287680626,
            0.024603594094514847
        ],
        [
            0.11822473257780075,
            -0.0067935511469841,
            0.024911943823099136
        ],
        [
            0.10808065533638,
            -0.010588925331830978,
            0.021322699263691902
        ],
        [
            0.10687115043401718,
            -0.022264938801527023,
            0.014220749959349632
        ],
        [
            0.11741198599338531,
            -0.019641444087028503,
            0.014472166076302528
        ],
        [
            0.13113009929656982,
            -0.003816816955804825,
            0.026738442480564117
        ],
        [
            0.13056625425815582,
            -0.01596629060804844,
            0.019651882350444794
        ],
        [
            0.14419028162956238,
            -0.011127486824989319,
            0.020902087911963463
        ],
        [
            0.16050013899803162,
            -0.0036464035511016846,
            0.017387986183166504
        ],
        [
            0.0848359763622284,
            0.01762906089425087,
            0.025189129635691643
        ],
        [
            0.0906994417309761,
            0.025960147380828857,
            0.026329930871725082
        ],
        [
            0.19219326972961426,
            0.04345909133553505,
            -0.014029417186975479
        ],
        [
            0.18848082423210144,
            0.047950953245162964,
            -0.011510873213410378
        ],
        [
            0.18934257328510284,
            0.04802200198173523,
            -0.011305512860417366
        ],
        [
            0.1929241120815277,
            0.04411490634083748,
            -0.013969412073493004
        ],
        [
            0.07715465873479843,
            0.029259197413921356,
            0.010477934032678604
        ],
        [
            0.07503075897693634,
            0.027536049485206604,
            0.0007868818938732147
        ],
        [
            0.07006029039621353,
            0.023870237171649933,
            0.004688175395131111
        ],
        [
            0.07295892387628555,
            0.023772671818733215,
            0.013633133843541145
        ],
        [
            0.08269721269607544,
            0.03647030517458916,
            0.006294529885053635
        ],
        [
            0.0824364572763443,
            0.03236427530646324,
            -0.004206975921988487
        ],
        [
            0.20365385711193085,
            0.048935577273368835,
            -0.016954395920038223
        ],
        [
            0.20081496238708496,
            0.044450800865888596,
            -0.01609402522444725
        ],
        [
            0.20082642138004303,
            0.04564821347594261,
            -0.019451014697551727
        ],
        [
            0.2022128850221634,
            0.050372812896966934,
            -0.021391453221440315
        ],
        [
            0.16327761113643646,
            0.024588005617260933,
            -0.0069829244166612625
        ],
        [
            0.15505321323871613,
            0.02817288227379322,
            -0.004311129450798035
        ],
        [
            0.17278291285037994,
            0.03426384925842285,
            -0.014939440414309502
        ],
        [
            0.16547000408172607,
            0.03312957286834717,
            -0.011706974357366562
        ],
        [
            0.16897082328796387,
            0.02719808556139469,
            -0.01337515190243721
        ],
        [
            0.17437195777893066,
            0.02882905676960945,
            -0.0171365849673748
        ],
        [
            0.14554569125175476,
            0.04520346596837044,
            -0.007506068795919418
        ],
        [
            0.13781923055648804,
            0.03790382295846939,
            -0.002888750284910202
        ],
        [
            0.14343130588531494,
            0.034788236021995544,
            -0.004551887512207031
        ],
        [
            0.15329810976982117,
            0.04166436195373535,
            -0.009042797610163689
        ],
        [
            0.12801086902618408,
            0.046693652868270874,
            0.002472139894962311
        ],
        [
            0.13614284992218018,
            0.05301767587661743,
            -0.003012789413332939
        ],
        [
            0.12944954633712769,
            0.05712749809026718,
            0.0006092563271522522
        ],
        [
            0.12534470856189728,
            0.052133962512016296,
            0.004831332713365555
        ],
        [
            0.15142887830734253,
            0.061184678226709366,
            -0.013112029060721397
        ],
        [
            0.15547136962413788,
            0.0634007677435875,
            -0.015388020314276218
        ],
        [
            0.15273526310920715,
            0.06472644209861755,
            -0.013872080482542515
        ],
        [
            0.14835263788700104,
            0.06268588453531265,
            -0.011878342367708683
        ],
        [
            0.06499078869819641,
            0.019731350243091583,
            0.007522977888584137
        ],
        [
            0.06936518847942352,
            0.017880268394947052,
            0.016126878559589386
        ],
        [
            0.10674074292182922,
            0.06477324664592743,
            -0.015924707055091858
        ],
        [
            0.10183887183666229,
            0.06549727916717529,
            -0.00566859170794487
        ],
        [
            0.10983008146286011,
            0.07659334689378738,
            -0.0091602997854352
        ],
        [
            0.11289271712303162,
            0.0733722671866417,
            -0.020628327503800392
        ],
        [
            0.07808107882738113,
            0.022795282304286957,
            -0.007913872599601746
        ],
        [
            0.07131174206733704,
            0.02046927809715271,
            -0.004673410207033157
        ],
        [
            0.20357263088226318,
            0.05559448152780533,
            -0.016702478751540184
        ],
        [
            0.2017674446105957,
            0.05679333582520485,
            -0.021230721846222878
        ],
        [
            0.14030686020851135,
            -0.017666522413492203,
            0.008886784315109253
        ],
        [
            0.15948617458343506,
            -0.00858788751065731,
            0.009427562355995178
        ],
        [
            0.12444040179252625,
            -0.021593913435935974,
            0.006160549819469452
        ],
        [
            0.113105408847332,
            -0.02290213480591774,
            0.0033853333443403244
        ],
        [
            0.10449127107858658,
            -0.02601996809244156,
            0.002871282398700714
        ],
        [
            0.16408570110797882,
            0.039561785757541656,
            -0.01220974512398243
        ],
        [
            0.145919069647789,
            0.029673421755433083,
            -0.0029215291142463684
        ],
        [
            0.12898388504981995,
            0.032099805772304535,
            0.0035107843577861786
        ],
        [
            0.1110965758562088,
            0.05478657782077789,
            0.01476430892944336
        ],
        [
            0.10479386150836945,
            0.04794597253203392,
            0.019379345700144768
        ],
        [
            0.11429846286773682,
            0.04350949078798294,
            0.01664920710027218
        ],
        [
            0.11761640757322311,
            0.050351012498140335,
            0.012605404481291771
        ],
        [
            0.1042260229587555,
            0.06694754958152771,
            0.004013679921627045
        ],
        [
            0.11084266006946564,
            0.06508421897888184,
            0.008579116314649582
        ],
        [
            0.11535210907459259,
            0.0708407387137413,
            0.004728144034743309
        ],
        [
            0.11034919321537018,
            0.07485486567020416,
            -0.00018875300884246826
        ],
        [
            0.16975755989551544,
            0.004374027252197266,
            -0.0058302246034145355
        ],
        [
            0.1599079966545105,
            -0.0038344860076904297,
            -0.00780474953353405
        ],
        [
            0.08204381912946701,
            0.028306767344474792,
            0.01983301341533661
        ],
        [
            0.07899616658687592,
            0.021251555532217026,
            0.021406734362244606
        ],
        [
            0.07357697933912277,
            0.01466263085603714,
            0.021817447617650032
        ],
        [
            0.1151258796453476,
            0.019927307963371277,
            0.01746223494410515
        ],
        [
            0.10668706893920898,
            0.010545529425144196,
            0.023777322843670845
        ],
        [
            0.11031325161457062,
            0.007879458367824554,
            0.023462215438485146
        ],
        [
            0.11699724197387695,
            0.01789047196507454,
            0.015737399458885193
        ],
        [
            0.13317906856536865,
            0.01564539410173893,
            0.014648083597421646
        ],
        [
            0.1277804970741272,
            0.007744159549474716,
            0.023935779929161072
        ],
        [
            0.1452692151069641,
            0.018401319161057472,
            0.014397241175174713
        ],
        [
            0.10117705166339874,
            -0.0032132305204868317,
            0.023047754541039467
        ],
        [
            0.09050250053405762,
            -0.003450244665145874,
            0.025877447798848152
        ],
        [
            0.09523431211709976,
            -0.010594971477985382,
            0.0234982892870903
        ],
        [
            0.08400488644838333,
            0.0038790032267570496,
            0.02637452259659767
        ],
        [
            0.07803748548030853,
            0.010409146547317505,
            0.025272252038121223
        ],
        [
            0.06352745741605759,
            0.016960233449935913,
            -0.004000481218099594
        ],
        [
            0.09966439008712769,
            -0.016563039273023605,
            0.019654497504234314
        ],
        [
            0.1663607656955719,
            0.014758232980966568,
            0.017794065177440643
        ],
        [
            0.17326124012470245,
            0.0158354751765728,
            0.014125760644674301
        ],
        [
            0.1696367859840393,
            0.020631976425647736,
            0.009930303320288658
        ],
        [
            0.1640007197856903,
            0.019692398607730865,
            0.012205962091684341
        ],
        [
            0.17635880410671234,
            0.026998374611139297,
            -0.029984120279550552
        ],
        [
            0.17684589326381683,
            0.026646001264452934,
            -0.022223643958568573
        ],
        [
            0.17151696979999542,
            0.02197384648025036,
            -0.017964288592338562
        ],
        [
            0.10727332532405853,
            0.0286492258310318,
            0.023674730211496353
        ],
        [
            0.09628832340240479,
            0.03502669930458069,
            0.024201812222599983
        ],
        [
            0.17174291610717773,
            0.04042821377515793,
            -0.015053430572152138
        ],
        [
            0.1999904364347458,
            0.04920182004570961,
            -0.024753836914896965
        ],
        [
            0.19979752600193024,
            0.043971046805381775,
            -0.021932680159807205
        ],
        [
            0.1871972382068634,
            0.0348699614405632,
            -0.028204135596752167
        ],
        [
            0.18687091767787933,
            0.04058549180626869,
            -0.03249341621994972
        ],
        [
            0.17385774850845337,
            0.04812876507639885,
            -0.01939878985285759
        ],
        [
            0.17459514737129211,
            0.04198987036943436,
            -0.015338745899498463
        ],
        [
            0.17557893693447113,
            0.043376024812459946,
            -0.01540805771946907
        ],
        [
            0.1753905862569809,
            0.050076164305210114,
            -0.016571301966905594
        ],
        [
            0.14479807019233704,
            0.06806521117687225,
            -0.009835135191679
        ],
        [
            0.14111757278442383,
            0.06595243513584137,
            -0.0079610301181674
        ],
        [
            0.15932932496070862,
            0.046135347336530685,
            -0.03843125328421593
        ],
        [
            0.16588100790977478,
            0.03481173515319824,
            -0.042386479675769806
        ],
        [
            0.15698325634002686,
            0.02578117325901985,
            -0.03800536319613457
        ],
        [
            0.13961246609687805,
            0.04906080663204193,
            -0.005033431574702263
        ],
        [
            0.14591780304908752,
            0.056065917015075684,
            -0.008942734450101852
        ],
        [
            0.14269165694713593,
            0.058381907641887665,
            -0.007722668349742889
        ],
        [
            0.16421830654144287,
            0.0440349206328392,
            -0.013592271134257317
        ],
        [
            0.16970139741897583,
            0.04627778381109238,
            -0.01638299599289894
        ],
        [
            0.16482168436050415,
            0.048817187547683716,
            -0.01661752164363861
        ],
        [
            0.15953831374645233,
            0.046623677015304565,
            -0.012819575145840645
        ],
        [
            0.09398631751537323,
            0.055111877620220184,
            -0.0019063763320446014
        ],
        [
            0.09682342410087585,
            0.05746068060398102,
            0.009302262216806412
        ],
        [
            0.19667886197566986,
            0.042342185974121094,
            -0.015359820798039436
        ],
        [
            0.19739101827144623,
            0.04319920763373375,
            -0.016685951501131058
        ],
        [
            0.13219615817070007,
            0.04182685166597366,
            -0.000492483377456665
        ],
        [
            0.1462753862142563,
            0.0171627439558506,
            -0.030809123069047928
        ],
        [
            0.1250237226486206,
            0.035405322909355164,
            0.005480606108903885
        ],
        [
            0.13236956298351288,
            0.07375391572713852,
            -0.022707276046276093
        ],
        [
            0.1336652636528015,
            0.07617595046758652,
            -0.014371202327311039
        ],
        [
            0.13816285133361816,
            0.0774650126695633,
            -0.01236824132502079
        ],
        [
            0.13935351371765137,
            0.07751984149217606,
            -0.018144479021430016
        ],
        [
            0.18498843908309937,
            0.05753154680132866,
            -0.012328424490988255
        ],
        [
            0.18638014793395996,
            0.052421461790800095,
            -0.009174604900181293
        ],
        [
            0.18679019808769226,
            0.05385486036539078,
            -0.010722041130065918
        ],
        [
            0.18727324903011322,
            0.05971599742770195,
            -0.012090170755982399
        ],
        [
            0.176356241106987,
            0.03633400425314903,
            -0.015420990996062756
        ],
        [
            0.17872528731822968,
            0.031447477638721466,
            -0.017982779070734978
        ],
        [
            0.18196962773799896,
            0.03412899747490883,
            -0.016974013298749924
        ],
        [
            0.17864367365837097,
            0.038995690643787384,
            -0.015161998569965363
        ],
        [
            0.18115365505218506,
            0.02978738769888878,
            -0.023670736700296402
        ],
        [
            0.1850200891494751,
            0.03256094455718994,
            -0.022617511451244354
        ],
        [
            0.18736019730567932,
            0.061240892857313156,
            -0.017362721264362335
        ],
        [
            0.193648561835289,
            0.060485634952783585,
            -0.022516556084156036
        ],
        [
            0.1796637326478958,
            0.05321231111884117,
            -0.029770158231258392
        ],
        [
            0.17755001783370972,
            0.05482105538249016,
            -0.022301223129034042
        ],
        [
            0.10103343427181244,
            0.031113404780626297,
            -0.019349079579114914
        ],
        [
            0.09412309527397156,
            0.03771240636706352,
            -0.013540144078433514
        ],
        [
            0.10420842468738556,
            0.048928383737802505,
            -0.017031434923410416
        ],
        [
            0.11353382468223572,
            0.06098601222038269,
            -0.021662868559360504
        ],
        [
            0.12358245253562927,
            0.07117271423339844,
            -0.02532113902270794
        ],
        [
            0.13048742711544037,
            0.06466855108737946,
            -0.03290760889649391
        ],
        [
            0.09859888255596161,
            0.05242481827735901,
            -0.011883826926350594
        ],
        [
            0.16701962053775787,
            0.05028591305017471,
            -0.028834138065576553
        ],
        [
            0.16949734091758728,
            0.04742510989308357,
            -0.03496542572975159
        ],
        [
            0.16421715915203094,
            0.049956172704696655,
            -0.03446904197335243
        ],
        [
            0.12098442763090134,
            0.040506862103939056,
            0.009200384840369225
        ],
        [
            0.19759683310985565,
            0.04122558608651161,
            -0.017456885427236557
        ],
        [
            0.10053328424692154,
            -0.013033438473939896,
            -0.014676757156848907
        ],
        [
            0.09164757281541824,
            -0.00324423611164093,
            -0.017333362251520157
        ],
        [
            0.09951438009738922,
            0.00034205615520477295,
            -0.019066061824560165
        ],
        [
            0.10983765870332718,
            -0.010539133101701736,
            -0.0152418939396739
        ],
        [
            0.1901041567325592,
            0.04592263698577881,
            -0.008928623981773853
        ],
        [
            0.19375088810920715,
            0.041662223637104034,
            -0.012343497015535831
        ],
        [
            0.13751743733882904,
            0.07057745009660721,
            -0.004955248907208443
        ],
        [
            0.1416105329990387,
            0.07228538393974304,
            -0.007229369133710861
        ],
        [
            0.14017167687416077,
            0.07460949569940567,
            -0.007226635701954365
        ],
        [
            0.13613104820251465,
            0.07529360055923462,
            -0.003582482226192951
        ],
        [
            0.09018087387084961,
            0.039891909807920456,
            -0.009491205215454102
        ],
        [
            0.11798613518476486,
            0.0827295333147049,
            -0.005645952187478542
        ],
        [
            0.12029227614402771,
            0.07948009669780731,
            -0.017480315640568733
        ],
        [
            0.08567024022340775,
            0.02785012498497963,
            -0.01090033445507288
        ],
        [
            0.0912526547908783,
            0.022072691470384598,
            -0.01650126464664936
        ],
        [
            0.0838114321231842,
            0.016036193817853928,
            -0.014370694756507874
        ],
        [
            0.1444777399301529,
            0.06040257215499878,
            -0.035046011209487915
        ],
        [
            0.10793116688728333,
            0.027541067451238632,
            -0.023313384503126144
        ],
        [
            0.09724394977092743,
            0.018265176564455032,
            -0.019451184198260307
        ],
        [
            0.0886363685131073,
            0.010883711278438568,
            -0.017008665949106216
        ],
        [
            0.08182064443826675,
            0.006164025515317917,
            -0.015697725117206573
        ],
        [
            0.07727736979722977,
            0.012272000312805176,
            -0.012811628170311451
        ],
        [
            0.19761359691619873,
            0.05541396141052246,
            -0.02469712309539318
        ],
        [
            0.19798952341079712,
            0.06292928755283356,
            -0.018408233299851418
        ],
        [
            0.06904804706573486,
            0.008321784436702728,
            -0.012464413419365883
        ],
        [
            0.07476246356964111,
            0.0015126392245292664,
            -0.015104411169886589
        ],
        [
            0.10432551056146622,
            0.01283286139369011,
            -0.021778712049126625
        ],
        [
            0.11333288252353668,
            0.005860667675733566,
            -0.023022763431072235
        ],
        [
            0.11447311192750931,
            0.022019915282726288,
            -0.025196680799126625
        ],
        [
            0.12414507567882538,
            0.015933219343423843,
            -0.02702389843761921
        ],
        [
            0.14816848933696747,
            0.052959755063056946,
            -0.04275541752576828
        ],
        [
            0.19708149135112762,
            0.05850331857800484,
            -0.0002683959901332855
        ],
        [
            0.1941593736410141,
            0.06269155442714691,
            -0.010301269590854645
        ],
        [
            0.18900097906589508,
            0.05961661785840988,
            -0.009776649996638298
        ],
        [
            0.19272054731845856,
            0.05806582048535347,
            -0.00033539533615112305
        ],
        [
            0.19098207354545593,
            0.06310299038887024,
            -0.014728439971804619
        ],
        [
            0.19949595630168915,
            0.06167704612016678,
            -0.013306690379977226
        ],
        [
            0.13568992912769318,
            0.0068274736404418945,
            -0.02456311136484146
        ],
        [
            0.1683472841978073,
            0.05052170157432556,
            -0.020191047340631485
        ],
        [
            0.1261896938085556,
            -0.005678649991750717,
            -0.01699981652200222
        ],
        [
            0.151263028383255,
            0.0015250220894813538,
            -0.02095293253660202
        ],
        [
            0.14541710913181305,
            -0.007401160895824432,
            -0.013021871447563171
        ],
        [
            0.11831662803888321,
            -0.01874656230211258,
            -0.007605955004692078
        ],
        [
            0.13555291295051575,
            -0.017317377030849457,
            -0.004774414002895355
        ],
        [
            0.10025447607040405,
            -0.023013684898614883,
            -0.007000105455517769
        ],
        [
            0.1084604263305664,
            -0.019725147634744644,
            -0.008182058110833168
        ],
        [
            0.15166346728801727,
            -0.012527933344244957,
