{
    "pred_cam": [
        9.467941284179688,
        -0.16755366325378418,
        0.006441883742809296
    ],
    "pred_mano_params": {
        "global_orient": [
            [
                [
                    -0.7766592502593994,
                    -0.6296498775482178,
                    -0.0184786394238472
                ],
                [
                    0.14732447266578674,
                    -0.15304385125637054,
                    -0.9771761298179626
                ],
                [
                    0.6124507188796997,
                    -0.7616552114486694,
                    0.21162575483322144
                ]
            ]
        ],
        "hand_pose": [
            [
                [
                    0.7686854004859924,
                    -0.6191110610961914,
                    -0.16069944202899933
                ],
                [
                    0.6375304460525513,
                    0.7619166374206543,
                    0.11418403685092926
                ],
                [
                    0.05174697935581207,
                    -0.19022236764431,
                    0.9803763031959534
                ]
            ],
            [
                [
                    0.8858659863471985,
                    -0.43115466833114624,
                    0.17130999267101288
                ],
                [
                    0.45741400122642517,
                    0.8734009265899658,
                    -0.16716235876083374
                ],
                [
                    -0.07754947245121002,
                    0.22644303739070892,
                    0.9709323644638062
                ]
            ],
            [
                [
                    0.8301838040351868,
                    -0.5529480576515198,
                    0.0710158497095108
                ],
                [
                    0.5541830062866211,
                    0.832390308380127,
                    0.00274414150044322
                ],
                [
                    -0.060630276799201965,
                    0.037077635526657104,
                    0.9974713921546936
                ]
            ],
            [
                [
                    0.7099671363830566,
                    -0.701425313949585,
                    -0.06284242868423462
                ],
                [
                    0.6937506794929504,
                    0.6812672019004822,
                    0.23363421857357025
                ],
                [
                    -0.12106446176767349,
                    -0.20946960151195526,
                    0.9702916145324707
                ]
            ],
            [
                [
                    0.6960676312446594,
                    -0.7006908655166626,
                    -0.15659555792808533
                ],
                [
                    0.7118068337440491,
                    0.6449418067932129,
                    0.27817457914352417
                ],
                [
                    -0.09391935914754868,
                    -0.3050941228866577,
                    0.9476796984672546
                ]
            ],
            [
                [
                    0.8635126948356628,
                    -0.5011543035507202,
                    -0.05648241564631462
                ],
                [
                    0.5017979741096497,
                    0.8649790287017822,
                    -0.003169240429997444
                ],
                [
                    0.050444383174180984,
                    -0.02560608461499214,
                    0.9983986020088196
                ]
            ],
            [
                [
                    0.36818453669548035,
                    -0.8524430990219116,
                    0.37118855118751526
                ],
                [
                    0.40842771530151367,
                    0.5069401264190674,
                    0.7590774297714233
                ],
                [
                    -0.8352406620979309,
                    -0.1278768628835678,
                    0.5348089337348938
                ]
            ],
            [
                [
                    0.6727205514907837,
                    -0.7267879247665405,
                    -0.1386592537164688
                ],
                [
                    0.6352570652961731,
                    0.4712688624858856,
                    0.6118448972702026
                ],
                [
                    -0.3793356716632843,
                    -0.4996848702430725,
                    0.7787294387817383
                ]
            ],
            [
                [
                    0.9168604016304016,
                    -0.39435282349586487,
                    -0.0620713010430336
                ],
                [
                    0.39784035086631775,
                    0.8897477984428406,
                    0.22376780211925507
                ],
                [
                    -0.0330156572163105,
                    -0.22985830903053284,
                    0.9726639986038208
                ]
            ],
            [
                [
                    0.6117519736289978,
                    -0.7826700806617737,
                    0.11483490467071533
                ],
                [
                    0.7504897713661194,
                    0.6201245188713074,
                    0.22849640250205994
                ],
                [
                    -0.25004926323890686,
                    -0.05360069125890732,
                    0.9667482972145081
                ]
            ],
            [
                [
                    0.5503331422805786,
                    -0.8232113122940063,
                    -0.13948720693588257
                ],
                [
                    0.7383788824081421,
                    0.40185391902923584,
                    0.5415810942649841
                ],
                [
                    -0.3897821605205536,
                    -0.4010443687438965,
                    0.828995406627655
                ]
            ],
            [
                [
                    0.8197759389877319,
                    -0.5624521970748901,
                    -0.10777213424444199
                ],
                [
                    0.5715339183807373,
                    0.815433919429779,
                    0.09174109995365143
                ],
                [
                    0.03628106787800789,
                    -0.1368025839328766,
                    0.9899336099624634
                ]
            ],
            [
                [
                    0.9659276008605957,
                    0.0027702851220965385,
                    -0.258797824382782
                ],
                [
                    -0.1970413774251938,
                    0.6562009453773499,
                    -0.7284058928489685
                ],
                [
                    0.16780546307563782,
                    0.7545811533927917,
                    0.6343884468078613
                ]
            ],
            [
                [
                    0.9338918328285217,
                    -0.2848181426525116,
                    -0.21615859866142273
                ],
                [
                    0.35697141289711,
                    0.7081551551818848,
                    0.609169602394104
                ],
                [
                    -0.020428739488124847,
                    -0.6460610032081604,
                    0.7630122303962708
                ]
            ],
            [
                [
                    0.9915855526924133,
                    0.11332958936691284,
                    -0.0625670999288559
                ],
                [
                    -0.12060368806123734,
                    0.9843677878379822,
                    -0.12835440039634705
                ],
                [
                    0.047042667865753174,
                    0.13482016324996948,
                    0.9897528290748596
                ]
            ]
        ],
        "betas": [
            0.020374774932861328,
            -0.006780713796615601,
            -0.14205631613731384,
            -0.016303211450576782,
            0.014439284801483154,
            0.009397994726896286,
            0.022907018661499023,
            0.046042442321777344,
            -0.03522929549217224,
            -0.006779849529266357
        ]
    },
    "pred_cam_t": [
        -0.16755366325378418,
        0.006441883742809296,
        4.125764846801758
    ],
    "focal_length": [
        5000.0,
        5000.0
    ],
    "pred_keypoints_3d": [
        [
            0.09570495784282684,
            0.006382296793162823,
            0.006188633851706982
        ],
        [
            0.12369732558727264,
            -0.019933108240365982,
            0.008610320277512074
        ],
        [
            0.15107837319374084,
            -0.03372068330645561,
            0.005568266846239567
        ],
        [
            0.17617058753967285,
            -0.03969353809952736,
            -0.002830890007317066
        ],
        [
            0.20710471272468567,
            -0.05185478925704956,
            -0.016581613570451736
        ],
        [
            0.16701921820640564,
            -0.0259372740983963,
            -0.03945890814065933
        ],
        [
            0.19983792304992676,
            -0.027088291943073273,
            -0.04332617297768593
        ],
        [
            0.21894575655460358,
            -0.02747921086847782,
            -0.031949445605278015
        ],
        [
            0.23179659247398376,
            -0.026293596252799034,
            -0.010434910655021667
        ],
        [
            0.17020270228385925,
            -0.004039224237203598,
            -0.05133144557476044
        ],
        [
            0.2018348127603531,
            -0.0021224075462669134,
            -0.04937361180782318
        ],
        [
            0.2140585333108902,
            -0.0025633301120251417,
            -0.029540106654167175
        ],
        [
            0.2194685935974121,
            -0.003644031472504139,
            -0.004444494843482971
        ],
        [
            0.16214559972286224,
            0.020917005836963654,
            -0.046440523117780685
        ],
        [
            0.1906171441078186,
            0.0193159282207489,
            -0.04185726121068001
        ],
        [
            0.1947840452194214,
            0.017116593196988106,
            -0.017472872510552406
        ],
        [
            0.18889665603637695,
            0.01538466289639473,
            0.007211361080408096
        ],
        [
            0.15615609288215637,
            0.039826806634664536,
            -0.03748554736375809
        ],
        [
            0.17486879229545593,
            0.03339482471346855,
            -0.030138352885842323
        ],
        [
            0.17500609159469604,
            0.02864212729036808,
            -0.011774875223636627
        ],
        [
            0.1685236543416977,
            0.026195641607046127,
            0.006033692508935928
        ]
    ],
    "pred_vertices": [
        [
            0.14451420307159424,
            -0.013662847690284252,
            -0.008198533207178116
        ],
        [
            0.13729998469352722,
            -0.010647331364452839,
            -0.0005390085279941559
        ],
        [
            0.14573480188846588,
            -0.016173698008060455,
            -0.0007876791059970856
        ],
        [
            0.15102489292621613,
            -0.0201653353869915,
            -0.008039779961109161
        ],
        [
            0.13912153244018555,
            -0.013712286949157715,
            0.019159425050020218
        ],
        [
            0.13433876633644104,
            -0.022078102454543114,
            0.02614087238907814
        ],
        [
            0.14975333213806152,
            -0.028473466634750366,
            0.020517271012067795
        ],
        [
            0.15236052870750427,
            -0.019881226122379303,
            0.01640976592898369
        ],
        [
            0.15577280521392822,
            -0.02581169456243515,
            -0.009520445019006729
        ],
        [
            0.15298032760620117,
            -0.020698919892311096,
            -0.0010953061282634735
        ],
        [
            0.1550775170326233,
            -0.029011406004428864,
            -0.011334706097841263
        ],
        [
            0.1537856161594391,
            -0.03530403971672058,
            -0.023300085216760635
        ],
        [
            0.15706685185432434,
            -0.03068271279335022,
            -0.018761735409498215
        ],
        [
            0.15626882016658783,
            -0.03669187054038048,
            -0.031206727027893066
        ],
        [
            0.14312192797660828,
            -0.03709855303168297,
            -0.025905318558216095
        ],
        [
            0.15067806839942932,
            -0.03504759073257446,
            -0.03887960687279701
        ],
        [
            0.1283530592918396,
            -0.015843525528907776,
            -0.03693889454007149
        ],
        [
            0.1253691166639328,
            -0.0026734061539173126,
            -0.03810608759522438
        ],
        [
            0.1390422135591507,
            -0.0028948544058948755,
            -0.04915092885494232
        ],
        [
            0.1413712203502655,
            -0.01613980531692505,
            -0.04604119434952736
        ],
        [
            0.13354477286338806,
            0.0164687167853117,
            -0.043649833649396896
        ],
        [
            0.13721013069152832,
            0.005834110081195831,
            -0.047196321189403534
        ],
        [
            0.12275518476963043,
            0.005865504965186119,
            -0.03722028061747551
        ],
        [
            0.12024744600057602,
            0.015319716185331345,
            -0.03429105132818222
        ],
        [
            0.13648387789726257,
            -0.00013490114361047745,
            -0.007730625569820404
        ],
        [
            0.12869417667388916,
            0.002270071767270565,
            -0.0003854408860206604
        ],
        [
            0.13054104149341583,
            -0.0030011674389243126,
            -0.001013282686471939
        ],
        [
            0.13825321197509766,
            -0.005311950109899044,
            -0.007730375975370407
        ],
        [
            0.15508931875228882,
            -0.03571605309844017,
            -0.007868330925703049
        ],
        [
            0.14329758286476135,
            -0.038985781371593475,
            -0.009869895875453949
        ],
        [
            0.14896252751350403,
            -0.03464273735880852,
            -0.013268373906612396
        ],
        [
            0.1585000902414322,
            -0.031283386051654816,
            -0.00681881420314312
        ],
        [
            0.11316323280334473,
            0.015901248902082443,
            0.01979226991534233
        ],
        [
            0.10015793144702911,
            0.01444539800286293,
            0.023063968867063522
        ],
        [
            0.10026849806308746,
            0.008579437620937824,
            0.023496292531490326
        ],
        [
            0.11186632513999939,
            0.011136588640511036,
            0.02000271901488304
        ],
        [
            0.11102285981178284,
            -0.011771881952881813,
            0.027502991259098053
        ],
        [
            0.1000889390707016,
            -0.009479556232690811,
            0.026037372648715973
        ],
        [
            0.09105326235294342,
            -0.019463438540697098,
            0.024013951420783997
        ],
        [
            0.10096374899148941,
            -0.023816082626581192,
            0.022762306034564972
        ],
        [
            0.12316939234733582,
            -0.016824504360556602,
            0.027750439941883087
        ],
        [
            0.11467026174068451,
            -0.02755853161215782,
            0.02563413977622986
        ],
        [
            0.1283792108297348,
            -0.03178350627422333,
            0.02451775223016739
        ],
        [
            0.14522585272789001,
            -0.03641939535737038,
            0.01860295608639717
        ],
        [
            0.097979836165905,
            0.026643600314855576,
            0.019861824810504913
        ],
        [
            0.1074700802564621,
            0.02959197759628296,
            0.017491668462753296
        ],
        [
            0.20066840946674347,
            -0.03189240023493767,
            -0.03214257210493088
        ],
        [
            0.20164553821086884,
            -0.02617412805557251,
            -0.031017718836665154
        ],
        [
            0.19740600883960724,
            -0.026369594037532806,
            -0.031165670603513718
        ],
        [
            0.1973859965801239,
            -0.03200343996286392,
            -0.032596465200185776
        ],
        [
            0.09447180479764938,
            0.03570535033941269,
            0.0021880678832530975
        ],
        [
            0.08937310427427292,
            0.033018652349710464,
            -0.0060183145105838776
        ],
        [
            0.08441473543643951,
            0.0343916080892086,
            -0.0008433051407337189
        ],
        [
            0.08894451707601547,
            0.035053499042987823,
            0.007332809269428253
        ],
        [
            0.10177551209926605,
            0.03652147576212883,
            -0.00458434596657753
        ],
        [
            0.09663374722003937,
            0.030722957104444504,
            -0.012708459049463272
        ],
        [
            0.20513896644115448,
            -0.03498893603682518,
            -0.04379531741142273
        ],
        [
            0.2035118192434311,
            -0.03668004274368286,
            -0.03919745609164238
        ],
        [
            0.19929897785186768,
            -0.03654833137989044,
            -0.041648462414741516
        ],
        [
            0.20001713931560516,
            -0.034000370651483536,
            -0.04611820727586746
        ],
        [
            0.1561669260263443,
            -0.02418644167482853,
            -0.01531723327934742
        ],
        [
            0.15218518674373627,
            -0.01589323580265045,
            -0.013971490785479546
        ],
        [
            0.1674688309431076,
            -0.025179632008075714,
            -0.02701578289270401
        ],
        [
            0.1614254266023636,
            -0.020549973472952843,
            -0.023083249107003212
        ],
        [
            0.1605873703956604,
            -0.027553079649806023,
            -0.022456811740994453
        ],
        [
            0.1650250256061554,
            -0.03077453374862671,
            -0.027015354484319687
        ],
        [
            0.15317636728286743,
            0.0015799305401742458,
            -0.02303805574774742
        ],
        [
            0.14408650994300842,
            0.002053077332675457,
            -0.01576056331396103
        ],
        [
            0.14644964039325714,
            -0.004098136443644762,
            -0.01631327159702778
        ],
        [
            0.15703493356704712,
            -0.006149228196591139,
            -0.023438427597284317
        ],
        [
            0.142476886510849,
            0.015985295176506042,
            -0.013767015188932419
        ],
        [
            0.1511680781841278,
            0.014293823391199112,
            -0.021485744044184685
        ],
        [
            0.1490674763917923,
            0.022359544411301613,
            -0.019439995288848877
        ],
        [
            0.14397796988487244,
            0.022280989214777946,
            -0.013533610850572586
        ],
        [
            0.1656889021396637,
            0.008264925330877304,
            -0.034493617713451385
        ],
        [
            0.170515775680542,
            0.0068704355508089066,
            -0.038412537425756454
        ],
        [
            0.17027097940444946,
            0.009700512513518333,
            -0.03809741139411926
        ],
        [
            0.16449064016342163,
            0.011544492095708847,
            -0.03398390859365463
        ],
        [
            0.07884564995765686,
            0.03514072299003601,
            0.0035327672958374023
        ],
        [
            0.08351244032382965,
            0.03352755680680275,
            0.01199987530708313
        ],
        [
            0.1306820809841156,
            0.03675149381160736,
            -0.0360252819955349
        ],
        [
            0.1299516260623932,
            0.04309229180216789,
            -0.026828637346625328
        ],
        [
            0.14162220060825348,
            0.0456082746386528,
            -0.03409877419471741
        ],
        [
            0.13901235163211823,
            0.03822249174118042,
            -0.0431559756398201
        ],
        [
            0.08699775487184525,
            0.025215160101652145,
            -0.012335799634456635
        ],
        [
            0.08116864413022995,
            0.028489768505096436,
            -0.008214890956878662
        ],
        [
            0.206773042678833,
            -0.02982281520962715,
            -0.04674611985683441
        ],
        [
            0.20124828815460205,
            -0.02853642776608467,
            -0.048390913754701614
        ],
        [
            0.11917430907487869,
            -0.03772961348295212,
            0.015761110931634903
        ],
        [
            0.14025580883026123,
            -0.0418822281062603,
            0.012758761644363403
        ],
        [
            0.10349749028682709,
            -0.03189808130264282,
            0.01544729620218277
        ],
        [
            0.09301768243312836,
            -0.02676442265510559,
            0.013965621590614319
        ],
        [
            0.08426577597856522,
            -0.024009227752685547,
            0.015097729861736298
        ],
        [
            0.1638306975364685,
            -0.015102013945579529,
            -0.025985950604081154
        ],
        [
            0.14604626595973969,
            -0.008934181183576584,
            -0.012952286750078201
        ],
        [
            0.13543690741062164,
            0.004812729079276323,
            -0.0073538608849048615
        ],
        [
            0.13659624755382538,
            0.035493239760398865,
            -0.0047833845019340515
        ],
        [
            0.12896279990673065,
            0.03547309711575508,
            0.0022921189665794373
        ],
        [
            0.1333833485841751,
            0.025767963379621506,
            0.001024201512336731
        ],
        [
            0.13878150284290314,
            0.027725577354431152,
            -0.005404699593782425
        ],
        [
            0.1351802498102188,
            0.04546336084604263,
            -0.01863933727145195
        ],
        [
            0.1406337022781372,
            0.04148416593670845,
            -0.014158759266138077
        ],
        [
            0.1467389464378357,
            0.04190172627568245,
            -0.01991865783929825
        ],
        [
            0.1436261087656021,
            0.04641677439212799,
            -0.025357872247695923
        ],
        [
            0.1534033715724945,
            -0.04249313473701477,
            -0.005438771098852158
        ],
        [
            0.13921475410461426,
            -0.043062109500169754,
            -0.005162885412573814
        ],
        [
            0.1002151370048523,
            0.034704629331827164,
            0.010991580784320831
        ],
        [
            0.09434434771537781,
            0.0317629873752594,
            0.015242345631122589
        ],
        [
            0.08656773716211319,
            0.030214082449674606,
            0.018321476876735687
        ],
        [
            0.12126156687736511,
            0.007946145720779896,
            0.010627012699842453
        ],
        [
            0.1110638827085495,
            0.007784749381244183,
            0.02034486085176468
        ],
        [
            0.11236126720905304,
            0.003518087789416313,
            0.02093799039721489
        ],
        [
            0.12115439772605896,
            0.004795646294951439,
            0.009747039526700974
        ],
        [
            0.1322685331106186,
            -0.006656071171164513,
            0.009350951761007309
        ],
        [
            0.12596949934959412,
            -0.006887219846248627,
            0.02099623531103134
        ],
        [
            0.1432425081729889,
            -0.01137852855026722,
            0.008145127445459366
        ],
        [
            0.09906470030546188,
            0.00066409632563591,
            0.025131046772003174
        ],
        [
            0.09120935201644897,
            0.00772483553737402,
            0.028267718851566315
        ],
        [
            0.09047824889421463,
            -0.0011147428303956985,
            0.028594233095645905
        ],
        [
            0.0901520699262619,
            0.01721680536866188,
            0.02617977187037468
        ],
        [
            0.08868266642093658,
            0.025362571701407433,
            0.022948220372200012
        ],
        [
            0.07321736961603165,
            0.03072436898946762,
            -0.005963411182165146
        ],
        [
            0.08978233486413956,
            -0.00930090993642807,
            0.027141064405441284
        ],
        [
            0.16010858118534088,
            -0.0258333757519722,
            0.013248942792415619
        ],
        [
            0.16647765040397644,
            -0.030791552737355232,
            0.01001003384590149
        ],
        [
            0.16559459269046783,
            -0.026240849867463112,
            0.004438146948814392
        ],
        [
            0.15973776578903198,
            -0.021981259807944298,
            0.006393842399120331
        ],
        [
            0.16177044808864594,
            -0.03670206665992737,
            -0.03830081596970558
        ],
        [
            0.16430582106113434,
            -0.035236719995737076,
            -0.031097514554858208
        ],
        [
            0.1586514264345169,
            -0.03413018584251404,
            -0.02473839744925499
        ],
        [
            0.1214337944984436,
            0.020894259214401245,
            0.013371475040912628
        ],
        [
            0.1163356676697731,
            0.03233947232365608,
            0.011893033981323242
        ],
        [
            0.1701422929763794,
            -0.020043667405843735,
            -0.029620595276355743
        ],
        [
            0.19498582184314728,
            -0.033362966030836105,
            -0.047865334898233414
        ],
        [
            0.19432392716407776,
            -0.03641520068049431,
            -0.04285101592540741
        ],
        [
            0.17548973858356476,
            -0.03678387030959129,
            -0.04192809388041496
        ],
        [
            0.1763012707233429,
            -0.03345758467912674,
            -0.047988198697566986
        ],
        [
            0.17530646920204163,
            -0.01704946905374527,
            -0.0372835248708725
        ],
        [
            0.17368723452091217,
            -0.020856622606515884,
            -0.031235158443450928
        ],
        [
            0.1757366955280304,
            -0.02065379172563553,
            -0.03233109042048454
        ],
        [
            0.17881153523921967,
            -0.016148583963513374,
            -0.03603483363986015
        ],
        [
            0.16685691475868225,
            0.017773710191249847,
            -0.03476622328162193
        ],
        [
            0.1616089642047882,
            0.019243789836764336,
            -0.031072132289409637
        ],
        [
            0.1562233418226242,
            -0.01473749428987503,
            -0.051955871284008026
        ],
        [
            0.15405116975307465,
            -0.027874674648046494,
            -0.051468782126903534
        ],
        [
            0.14380525052547455,
            -0.027916420251131058,
            -0.043716348707675934
        ],
        [
            0.1512003242969513,
            0.008705079555511475,
            -0.02199443057179451
        ],
        [
            0.1592283695936203,
            0.009057944640517235,
            -0.02848004177212715
        ],
        [
            0.15829132497310638,
            0.013047745451331139,
            -0.028131213039159775
        ],
        [
            0.16609227657318115,
            -0.012260450050234795,
            -0.02906228043138981
        ],
        [
            0.17130514979362488,
            -0.014835236594080925,
            -0.03296145796775818
        ],
        [
            0.1685800999403,
            -0.009975415654480457,
            -0.03366889804601669
        ],
        [
            0.1638737916946411,
            -0.007279548794031143,
            -0.02909231185913086
        ],
        [
            0.11890609562397003,
            0.04122088849544525,
            -0.01940639689564705
        ],
        [
            0.1253039389848709,
            0.044445715844631195,
            -0.010133333504199982
        ],
        [
            0.20162664353847504,
            -0.035627178847789764,
            -0.035027600824832916
        ],
        [
            0.1980794072151184,
            -0.03573931008577347,
            -0.03652266412973404
        ],
        [
            0.14238062500953674,
            0.009023974649608135,
            -0.014820873737335205
        ],
        [
            0.1325814127922058,
            -0.026040904223918915,
            -0.03376161679625511
        ],
        [
            0.1345827877521515,
            0.010206005536019802,
            -0.006646823137998581
        ],
        [
            0.15330776572227478,
            0.026652131229639053,
            -0.04730226844549179
        ],
        [
            0.15799987316131592,
            0.029662029817700386,
            -0.04112263396382332
        ],
        [
            0.16384051740169525,
            0.028205156326293945,
            -0.04119788110256195
        ],
        [
            0.1625930666923523,
            0.026463910937309265,
            -0.04684935510158539
        ],
        [
            0.19406120479106903,
            -0.016435811296105385,
            -0.037480488419532776
        ],
        [
            0.19405587017536163,
            -0.01988265849649906,
            -0.03285663574934006
        ],
        [
            0.19830423593521118,
            -0.020416876301169395,
            -0.03275081142783165
        ],
        [
            0.19951218366622925,
            -0.01709839142858982,
            -0.03745024651288986
        ],
        [
            0.1719951033592224,
            -0.02612575888633728,
            -0.029221588745713234
        ],
        [
            0.17015352845191956,
            -0.03185670077800751,
            -0.029704958200454712
        ],
        [
            0.17532283067703247,
            -0.03164765238761902,
            -0.030940355733036995
        ],
        [
            0.1759803593158722,
            -0.02565891109406948,
            -0.030860958620905876
        ],
        [
            0.1693871170282364,
            -0.03600194305181503,
            -0.03455861657857895
        ],
        [
            0.17487885057926178,
            -0.0359635166823864,
            -0.035687029361724854
        ],
        [
            0.19462017714977264,
            -0.01651308871805668,
            -0.04391945153474808
        ],
        [
            0.19530919194221497,
            -0.02140416018664837,
            -0.049542710185050964
        ],
        [
            0.17815060913562775,
            -0.019840681925415993,
            -0.04987933859229088
        ],
        [
            0.18076327443122864,
            -0.01586085930466652,
            -0.04334030672907829
        ],
        [
            0.1068764179944992,
            0.0144193135201931,
            -0.02680162526667118
        ],
        [
            0.10647770762443542,
            0.025074664503335953,
            -0.02365979366004467
        ],
        [
            0.11972108483314514,
            0.02636212855577469,
            -0.03128516674041748
        ],
        [
            0.13234899938106537,
            0.02838190831243992,
            -0.04004061594605446
        ],
        [
            0.14466941356658936,
            0.029111500829458237,
            -0.047250352799892426
        ],
        [
            0.14429590106010437,
            0.01807943917810917,
            -0.052163951098918915
        ],
        [
            0.11849957704544067,
            0.03370410203933716,
            -0.027729235589504242
        ],
        [
            0.16851811110973358,
            -0.01378743164241314,
            -0.04624352604150772
        ],
        [
            0.1657547801733017,
            -0.019082095474004745,
            -0.05036888271570206
        ],
        [
            0.1635785847902298,
            -0.013935010880231857,
            -0.050847966223955154
        ],
        [
            0.1351148784160614,
            0.01746157556772232,
            -0.004990220069885254
        ],
        [
            0.19359071552753448,
            -0.03613746538758278,
            -0.03748280555009842
        ],
        [
            0.083692766726017,
            -0.0168511513620615,
            -0.005823597311973572
        ],
        [
            0.08125611394643784,
            -0.004925797693431377,
            -0.011582724750041962
        ],
        [
            0.08902465552091599,
            -0.00747330579906702,
            -0.014868417754769325
        ],
        [
            0.09236964583396912,
            -0.02074209786951542,
            -0.007700532674789429
        ],
        [
            0.193546324968338,
            -0.0264147836714983,
            -0.030799537897109985
        ],
        [
            0.19323721528053284,
            -0.03256157413125038,
            -0.03221556916832924
        ],
        [
            0.16194987297058105,
            0.02563789114356041,
            -0.030104519799351692
        ],
        [
            0.16672873497009277,
            0.023531146347522736,
            -0.03393925726413727
        ],
        [
            0.16687750816345215,
            0.026263970881700516,
            -0.03562895208597183
        ],
        [
            0.1638614684343338,
            0.030061639845371246,
            -0.03086194023489952
        ],
        [
            0.10555446147918701,
            0.030154027044773102,
            -0.02064754068851471
        ],
        [
            0.15219688415527344,
            0.04619428887963295,
            -0.03377143293619156
        ],
        [
            0.1485438197851181,
            0.039676833897829056,
            -0.043320849537849426
        ],
        [
            0.09502269327640533,
            0.02357298508286476,
            -0.01727631315588951
        ],
        [
            0.09488090127706528,
            0.014365945011377335,
            -0.020473670214414597
        ],
        [
            0.08623115718364716,
            0.014937233179807663,
            -0.0159248448908329
        ],
        [
            0.1527860462665558,
            0.005789708346128464,
            -0.05403738096356392
        ],
        [
            0.10941392928361893,
            0.006527334451675415,
            -0.029351599514484406
        ],
        [
            0.09683248400688171,
            0.007124227471649647,
            -0.02196386456489563
        ],
        [
            0.08659505099058151,
            0.007490306161344051,
            -0.016587451100349426
        ],
        [
            0.07894302159547806,
            0.008427709341049194,
            -0.013306699693202972
        ],
        [
            0.07938352972269058,
            0.01649889163672924,
            -0.01280558854341507
        ],
        [
            0.19557198882102966,
            -0.027375979349017143,
            -0.04989204555749893
        ],
        [
            0.20203803479671478,
            -0.0217696875333786,
            -0.04833982139825821
        ],
        [
            0.07074755430221558,
            0.01858453080058098,
            -0.010657399892807007
        ],
        [
            0.07092154026031494,
            0.009349405765533447,
            -0.010708015412092209
        ],
        [
            0.09893230348825455,
            -0.001820217352360487,
            -0.022309252992272377
        ],
        [
            0.10204346477985382,
            -0.012768116779625416,
            -0.0211949460208416
        ],
        [
            0.11112485826015472,
            -0.0020038504153490067,
            -0.029262768104672432
        ],
        [
            0.11508753895759583,
            -0.01282583735883236,
            -0.02902296744287014
        ],
        [
            0.14939701557159424,
            -0.00415139039978385,
            -0.05747322365641594
        ],
        [
            0.21815985441207886,
            -0.021067483350634575,
            -0.03873351216316223
        ],
        [
            0.2076350450515747,
            -0.018692949786782265,
            -0.04282239452004433
        ],
        [
            0.20530298352241516,
            -0.017854223027825356,
            -0.03754414618015289
        ],
        [
            0.21629057824611664,
            -0.01879393309354782,
            -0.03553306311368942
        ],
        [
            0.20087474584579468,
            -0.017279820516705513,
            -0.043242163956165314
        ],
        [
            0.20771905779838562,
            -0.023104246705770493,
            -0.04650835320353508
        ],
        [
            0.12017728388309479,
            -0.025736508890986443,
            -0.023839671164751053
        ],
        [
            0.17238368093967438,
            -0.01185859926044941,
            -0.03817194327712059
        ],
        [
            0.10780173540115356,
            -0.02735331282019615,
            -0.011897243559360504
        ],
        [
            0.1312020868062973,
            -0.03770720958709717,
            -0.01920050010085106
        ],
        [
            0.12362685799598694,
            -0.03877807781100273,
            -0.00837305560708046
        ],
        [
            0.09673694521188736,
            -0.029885869473218918,
            0.0019404441118240356
        ],
        [
            0.11224891245365143,
            -0.03833341598510742,
            0.0032330118119716644
        ],
        [
            0.07999984174966812,
            -0.021947350353002548,
            0.005034197121858597
        ],
        [
            0.0880851224064827,
            -0.024787355214357376,
            0.002295970916748047
