{
    "pred_cam": [
        8.077753067016602,
        0.12469064444303513,
        0.015568457543849945
    ],
    "pred_mano_params": {
        "global_orient": [
            [
                [
                    -0.8479405045509338,
                    0.292270302772522,
                    -0.4422387182712555
                ],
                [
                    0.4279133081436157,
                    -0.1149979829788208,
                    -0.8964741230010986
                ],
                [
                    -0.31286928057670593,
                    -0.9493964314460754,
                    -0.027554906904697418
                ]
            ]
        ],
        "hand_pose": [
            [
                [
                    0.9363782405853271,
                    -0.2348928302526474,
                    -0.26080888509750366
                ],
                [
                    0.26253077387809753,
                    0.9619073271751404,
                    0.07623575627803802
                ],
                [
                    0.23296675086021423,
                    -0.13985584676265717,
                    0.9623757004737854
                ]
            ],
            [
                [
                    0.3660498261451721,
                    -0.9014890193939209,
                    0.23092225193977356
                ],
                [
                    0.9265262484550476,
                    0.3298707604408264,
                    -0.18092656135559082
                ],
                [
                    0.0869288221001625,
                    0.28018367290496826,
                    0.9560023546218872
                ]
            ],
            [
                [
                    0.9122364521026611,
                    -0.4070715308189392,
                    0.0460151769220829
                ],
                [
                    0.4033379554748535,
                    0.9121291637420654,
                    0.07306765019893646
                ],
                [
                    -0.07171554118394852,
                    -0.04809530824422836,
                    0.9962648749351501
                ]
            ],
            [
                [
                    0.2446807324886322,
                    -0.8660405874252319,
                    -0.4360104501247406
                ],
                [
                    0.9693400263786316,
                    0.20800045132637024,
                    0.13082705438137054
                ],
                [
                    -0.022611137479543686,
                    -0.45465323328971863,
                    0.8903815150260925
                ]
            ],
            [
                [
                    0.8571164011955261,
                    -0.49826499819755554,
                    -0.13070368766784668
                ],
                [
                    0.5147972106933594,
                    0.8375625014305115,
                    0.18295614421367645
                ],
                [
                    0.01831185445189476,
                    -0.22410060465335846,
                    0.9743939638137817
                ]
            ],
            [
                [
                    0.9981149435043335,
                    -0.06053296476602554,
                    0.010117314755916595
                ],
                [
                    0.0610225647687912,
                    0.9964263439178467,
                    -0.05840171501040459
                ],
                [
                    -0.006545929238200188,
                    0.05890900641679764,
                    0.9982419013977051
                ]
            ],
            [
                [
                    0.32477861642837524,
                    -0.9046772718429565,
                    0.2758222818374634
                ],
                [
                    0.7322970032691956,
                    0.42509591579437256,
                    0.5320098996162415
                ],
                [
                    -0.598548173904419,
                    0.02919839322566986,
                    0.8005545139312744
                ]
            ],
            [
                [
                    0.8585360050201416,
                    -0.4986320436000824,
                    -0.11950772255659103
                ],
                [
                    0.48873844742774963,
                    0.7252967953681946,
                    0.4848496913909912
                ],
                [
                    -0.15508301556110382,
                    -0.4746688902378082,
                    0.86639404296875
                ]
            ],
            [
                [
                    0.9618793725967407,
                    -0.26763954758644104,
                    0.056188035756349564
                ],
                [
                    0.26848986744880676,
                    0.9632490277290344,
                    -0.00803294312208891
                ],
                [
                    -0.0519731380045414,
                    0.02281264215707779,
                    0.99838787317276
                ]
            ],
            [
                [
                    0.18535169959068298,
                    -0.9805280566215515,
                    0.06488107144832611
                ],
                [
                    0.9701023697853088,
                    0.1931082159280777,
                    0.14700540900230408
                ],
                [
                    -0.15667198598384857,
                    0.03569357469677925,
                    0.9870055317878723
                ]
            ],
            [
                [
                    0.9429198503494263,
                    -0.3320021331310272,
                    0.0260134469717741
                ],
                [
                    0.2642744779586792,
                    0.7935172915458679,
                    0.5481691360473633
                ],
                [
                    -0.20263543725013733,
                    -0.5100048780441284,
                    0.8359628915786743
                ]
            ],
            [
                [
                    0.9909182190895081,
                    -0.1278400421142578,
                    -0.041690047830343246
                ],
                [
                    0.12163703143596649,
                    0.9843698740005493,
                    -0.1273590326309204
                ],
                [
                    0.05732002109289169,
                    0.12113133072853088,
                    0.9909801483154297
                ]
            ],
            [
                [
                    0.9917927980422974,
                    0.06791214644908905,
                    -0.10832814127206802
                ],
                [
                    -0.12740427255630493,
                    0.5960690379142761,
                    -0.7927609086036682
                ],
                [
                    0.010732952505350113,
                    0.8000560402870178,
                    0.5998292565345764
                ]
            ],
            [
                [
                    0.9475964307785034,
                    -0.3039422929286957,
                    -0.09838756918907166
                ],
                [
                    0.31154951453208923,
                    0.8110364675521851,
                    0.49513307213783264
                ],
                [
                    -0.07069595903158188,
                    -0.4998389184474945,
                    0.8632283210754395
                ]
            ],
            [
                [
                    0.9233055114746094,
                    -0.3730315864086151,
                    0.09140248596668243
                ],
                [
                    0.3749035596847534,
                    0.8237088918685913,
                    -0.4253835380077362
                ],
                [
                    0.08339245617389679,
                    0.42702606320381165,
                    0.900385856628418
                ]
            ]
        ],
        "betas": [
            -0.04966607689857483,
            -0.04921853542327881,
            0.040131598711013794,
            0.007443040609359741,
            0.06869128346443176,
            0.05959821864962578,
            0.04943513870239258,
            -0.07877987623214722,
            -0.06971326470375061,
            -0.05731329321861267
        ]
    },
    "pred_cam_t": [
        -0.12469064444303513,
        0.015568457543849945,
        4.835812568664551
    ],
    "focal_length": [
        5000.0,
        5000.0
    ],
    "pred_keypoints_3d": [
        [
            0.09595980495214462,
            0.006414176896214485,
            0.006210204213857651
        ],
        [
            0.1003958210349083,
            -0.025401582941412926,
            0.02780689112842083
        ],
        [
            0.10790514945983887,
            -0.046230245381593704,
            0.04925086721777916
        ],
        [
            0.1205199658870697,
            -0.060327380895614624,
            0.06869971752166748
        ],
        [
            0.12620364129543304,
            -0.0690450519323349,
            0.10195253044366837
        ],
        [
            0.16019782423973083,
            -0.04940979927778244,
            0.038265619426965714
        ],
        [
            0.18882031738758087,
            -0.0572257898747921,
            0.05284934118390083
        ],
        [
            0.18360227346420288,
            -0.05414896085858345,
            0.07422363758087158
        ],
        [
            0.17060625553131104,
            -0.04862585663795471,
            0.0946885421872139
        ],
        [
            0.17756584286689758,
            -0.031037213280797005,
            0.03743557259440422
        ],
        [
            0.17666424810886383,
            -0.025812502950429916,
            0.06875794380903244
        ],
        [
            0.16145524382591248,
            -0.022215774282813072,
            0.08604273200035095
        ],
        [
            0.14753389358520508,
            -0.01801035925745964,
            0.1077919602394104
        ],
        [
            0.176241934299469,
            -0.0042608268558979034,
            0.036378491669893265
        ],
        [
            0.1748347133398056,
            -0.0038955286145210266,
            0.06526137888431549
        ],
        [
            0.16062584519386292,
            -1.735030673444271e-05,
            0.08524283021688461
        ],
        [
            0.1488473266363144,
            0.00429255235940218,
            0.10783907771110535
        ],
        [
            0.17079812288284302,
            0.016851020976901054,
            0.03851008415222168
        ],
        [
            0.1727840155363083,
            0.01498567033559084,
            0.05947335809469223
        ],
        [
            0.16132237017154694,
            0.018063023686408997,
            0.07427772134542465
        ],
        [
            0.14824597537517548,
            0.02046949416399002,
            0.0872405394911766
        ]
    ],
    "pred_vertices": [
        [
            0.1263253390789032,
            -0.027860956266522408,
            0.03784864395856857
        ],
        [
            0.11758381128311157,
            -0.022538498044013977,
            0.03627678379416466
        ],
        [
            0.11960892379283905,
            -0.03041883185505867,
            0.0429837666451931
        ],
        [
            0.12726850807666779,
            -0.036164067685604095,
            0.042848240584135056
        ],
        [
            0.10048853605985641,
            -0.02061321586370468,
            0.04697165638208389
        ],
        [
            0.08932965248823166,
            -0.025053635239601135,
            0.04507184401154518
        ],
        [
            0.09707874059677124,
            -0.03592456132173538,
            0.054868895560503006
        ],
        [
            0.10521446913480759,
            -0.0301266647875309,
            0.05596599727869034
        ],
        [
            0.12865278124809265,
            -0.04357276111841202,
            0.0455467514693737
        ],
        [
            0.12134339660406113,
            -0.036781907081604004,
            0.048476722091436386
        ],
        [
            0.1280500590801239,
            -0.04787945747375488,
            0.04375661164522171
        ],
        [
            0.13658685982227325,
            -0.054275549948215485,
            0.03527224063873291
        ],
        [
            0.1361258327960968,
            -0.04936927929520607,
            0.040795981884002686
        ],
        [
            0.14460907876491547,
            -0.05678331479430199,
            0.032769229263067245
        ],
        [
            0.1330222636461258,
            -0.053872574120759964,
            0.02458685263991356
        ],
        [
            0.14833565056324005,
            -0.054649606347084045,
            0.024064594879746437
        ],
        [
            0.14227202534675598,
            -0.03015531226992607,
            0.008122727274894714
        ],
        [
            0.14544662833213806,
            -0.016832344233989716,
            0.006643276661634445
        ],
        [
            0.1620861291885376,
            -0.02240198478102684,
            0.012328069657087326
        ],
        [
            0.15637007355690002,
            -0.03511252626776695,
            0.014258457347750664
        ],
        [
            0.15973137319087982,
            -0.0013361470773816109,
            0.013013111427426338
        ],
        [
            0.16177593171596527,
            -0.013202264904975891,
            0.012980889528989792
        ],
        [
            0.14574721455574036,
            -0.0077162738889455795,
            0.005978364497423172
        ],
        [
            0.14454728364944458,
            0.002550961449742317,
            0.006618581712245941
        ],
        [
            0.12568959593772888,
            -0.012145988643169403,
            0.03276755288243294
        ],
        [
            0.11661237478256226,
            -0.00698908232152462,
            0.03035443089902401
        ],
        [
            0.11688734591007233,
            -0.013041159138083458,
            0.03096386417746544
        ],
        [
            0.12523110210895538,
            -0.017787540331482887,
            0.03364939987659454
        ],
        [
            0.1201041042804718,
            -0.05431218445301056,
            0.04578544199466705
        ],
        [
            0.11734729260206223,
            -0.05379822477698326,
            0.03345222771167755
        ],
        [
            0.12455255538225174,
            -0.05226191505789757,
            0.03700661659240723
        ],
        [
            0.12273307144641876,
            -0.05085771530866623,
            0.049394141882658005
        ],
        [
            0.09543029963970184,
            0.01347649097442627,
            0.029633456841111183
        ],
        [
            0.08602169901132584,
            0.015715308487415314,
            0.020055506378412247
        ],
        [
            0.0842319130897522,
            0.010099191218614578,
            0.01955740712583065
        ],
        [
            0.09353124350309372,
            0.009177252650260925,
            0.027954351156949997
        ],
        [
            0.08116728067398071,
            -0.010553028434515,
            0.027485616505146027
        ],
        [
            0.0774412676692009,
            -0.006549954414367676,
            0.01802043803036213
        ],
        [
            0.0719447210431099,
            -0.014260344207286835,
            0.00807010754942894
        ],
        [
            0.07653012871742249,
            -0.020574454218149185,
            0.01508418656885624
        ],
        [
            0.08529895544052124,
            -0.017547372728586197,
            0.037085264921188354
        ],
        [
            0.07937157899141312,
            -0.026115987449884415,
            0.027477826923131943
        ],
        [
            0.08426305651664734,
            -0.03276976943016052,
            0.037975236773490906
        ],
        [
            0.09311356395483017,
            -0.04265411198139191,
            0.049520477652549744
        ],
        [
            0.09090534597635269,
            0.027483370155096054,
            0.018118616193532944
        ],
        [
            0.09822520613670349,
            0.027714047580957413,
            0.025362107902765274
        ],
        [
            0.17520548403263092,
            -0.05888964980840683,
            0.05909550189971924
        ],
        [
            0.17604181170463562,
            -0.052761781960725784,
            0.06008891761302948
        ],
        [
            0.17515829205513,
            -0.05304329842329025,
            0.059057578444480896
        ],
        [
            0.17468838393688202,
            -0.058863501995801926,
            0.05821371078491211
        ],
        [
            0.10647203773260117,
            0.03442626819014549,
            0.00695665180683136
        ],
        [
            0.11018163710832596,
            0.031752824783325195,
            -0.0020738504827022552
        ],
        [
            0.10377847403287888,
            0.03509581461548805,
            -0.0033355168998241425
        ],
        [
            0.09928105026483536,
            0.03593803942203522,
            0.0049353837966918945
        ],
        [
            0.11594931036233902,
            0.03240600600838661,
            0.009619791060686111
        ],
        [
            0.1187448799610138,
            0.026742897927761078,
            0.00020973384380340576
        ],
        [
            0.1867590695619583,
            -0.06423821300268173,
            0.05681544542312622
        ],
        [
            0.18164318799972534,
            -0.06501898914575577,
            0.058141790330410004
        ],
        [
            0.18174996972084045,
            -0.0650220587849617,
            0.05419889837503433
        ],
        [
            0.18641780316829681,
            -0.06336230039596558,
            0.051572468131780624
        ],
        [
            0.13494327664375305,
            -0.0418439581990242,
            0.042501822113990784
        ],
        [
            0.13426923751831055,
            -0.032375920563936234,
            0.040778592228889465
        ],
        [
            0.15160933136940002,
            -0.04789767786860466,
            0.04643682390451431
        ],
        [
            0.1452428102493286,
            -0.040495965629816055,
            0.0432257317006588
        ],
        [
            0.14241187274456024,
            -0.047276634722948074,
            0.04227280616760254
        ],
        [
            0.14867661893367767,
            -0.052822209894657135,
            0.04343510419130325
        ],
        [
            0.14701639115810394,
            -0.016896534711122513,
            0.03877878561615944
        ],
        [
            0.1366560012102127,
            -0.013056676834821701,
            0.03514775261282921
        ],
        [
            0.13664451241493225,
            -0.019690530374646187,
            0.03609335049986839
        ],
        [
            0.14716927707195282,
            -0.025347158312797546,
            0.040887314826250076
        ],
        [
            0.13792212307453156,
            0.001071898266673088,
            0.03656287491321564
        ],
        [
            0.14814242720603943,
            -0.00387716107070446,
            0.039438504725694656
        ],
        [
            0.1475977748632431,
            0.0047737592831254005,
            0.0397152453660965
        ],
        [
            0.14015528559684753,
            0.006841322407126427,
            0.03868455812335014
        ],
        [
            0.16397342085838318,
            -0.015892157331109047,
            0.04308643937110901
        ],
        [
            0.16703669726848602,
            -0.019420800730586052,
            0.0432603619992733
        ],
        [
            0.16725239157676697,
            -0.014678806997835636,
            0.04508519545197487
        ],
        [
            0.16378386318683624,
            -0.011922572739422321,
            0.04318283498287201
        ],
        [
            0.09759720414876938,
            0.03787959739565849,
            -0.005622204393148422
        ],
        [
            0.09231764823198318,
            0.03653772547841072,
            0.0026131607592105865
        ],
        [
            0.1568138152360916,
            0.020486129447817802,
            0.016970977187156677
        ],
        [
            0.15026457607746124,
            0.028340667486190796,
            0.022150227800011635
        ],
        [
            0.16292953491210938,
            0.026857174932956696,
            0.027551423758268356
        ],
        [
            0.16770590841770172,
            0.01858540065586567,
            0.019815444946289062
        ],
        [
            0.11231761425733566,
            0.023796316236257553,
            -0.00846756249666214
        ],
        [
            0.10687819868326187,
            0.029010964557528496,
            -0.010791193693876266
        ],
        [
            0.19142253696918488,
            -0.05970831587910652,
            0.05579356849193573
        ],
        [
            0.1909060776233673,
            -0.05868501216173172,
            0.05065184086561203
        ],
        [
            0.08564924448728561,
            -0.038480643182992935,
            0.025095468387007713
        ],
        [
            0.09397778660058975,
            -0.04853424057364464,
            0.04164209961891174
        ],
        [
            0.08125430345535278,
            -0.029759984463453293,
            0.01229887455701828
        ],
        [
            0.07923678308725357,
            -0.023142579942941666,
            0.0033503547310829163
        ],
        [
            0.07496652752161026,
            -0.01847277581691742,
            -0.0029937103390693665
        ],
        [
            0.15023201704025269,
            -0.036279842257499695,
            0.04462187737226486
        ],
        [
            0.13234075903892517,
            -0.02386525832116604,
            0.03697695955634117
        ],
        [
            0.12615519762039185,
            -0.006990572437644005,
            0.03269026428461075
        ],
        [
            0.13275429606437683,
            0.022806761786341667,
            0.03881513327360153
        ],
        [
            0.12307120114564896,
            0.025774434208869934,
            0.03617328032851219
        ],
        [
            0.12367580085992813,
            0.015099069103598595,
            0.038013115525245667
        ],
        [
            0.13225716352462769,
            0.014657508581876755,
            0.03937152400612831
        ],
        [
            0.1465330868959427,
            0.03067799098789692,
            0.03123636171221733
        ],
        [
            0.14431072771549225,
            0.026168342679739,
            0.03779773414134979
        ],
        [
            0.15235324203968048,
            0.02430017851293087,
            0.039475515484809875
        ],
        [
            0.1567293107509613,
            0.02865443006157875,
            0.03419400751590729
        ],
        [
            0.11398333311080933,
            -0.058773163706064224,
            0.045267291367053986
        ],
        [
            0.1098756194114685,
            -0.05478863790631294,
            0.031828317791223526
        ],
        [
            0.10158175230026245,
            0.03339044749736786,
            0.016377834603190422
        ],
        [
            0.09439612925052643,
            0.03261770308017731,
            0.013263164088129997
        ],
        [
            0.08761503547430038,
            0.03355744481086731,
            0.008080046623945236
        ],
        [
            0.10533735156059265,
            0.002187289297580719,
            0.030522514134645462
        ],
        [
            0.09215980768203735,
            0.00621158629655838,
            0.026924967765808105
        ],
        [
            0.09148956090211868,
            0.001970279961824417,
            0.027562083676457405
        ],
        [
            0.10556170344352722,
            -0.0011099502444267273,
            0.029438938945531845
        ],
        [
            0.10865519940853119,
            -0.015407547354698181,
            0.037224773317575455
        ],
        [
            0.09589867293834686,
            -0.010881200432777405,
            0.03738272935152054
        ],
        [
            0.11234410107135773,
            -0.023048263043165207,
            0.04573214054107666
        ],
        [
            0.08033464103937149,
            0.0031101740896701813,
            0.018210535869002342
        ],
        [
            0.07556699216365814,
            0.0122561976313591,
            0.014271227642893791
        ],
        [
            0.07264316082000732,
            0.003987353295087814,
            0.012603078037500381
        ],
        [
            0.0792960375547409,
            0.021349357441067696,
            0.013554280623793602
        ],
        [
            0.08347424864768982,
            0.02904302254319191,
            0.011664645746350288
        ],
        [
            0.10173629969358444,
            0.03348201513290405,
            -0.016012489795684814
        ],
        [
            0.07135748118162155,
            -0.00394430011510849,
            0.010132689028978348
        ],
        [
            0.10838185250759125,
            -0.037729352712631226,
            0.06046512722969055
        ],
        [
            0.11082406342029572,
            -0.04421096295118332,
            0.06415940076112747
        ],
        [
            0.11769842356443405,
            -0.04270828142762184,
            0.06093364581465721
        ],
        [
            0.11605683714151382,
            -0.03706181049346924,
            0.057081159204244614
        ],
        [
            0.154388427734375,
            -0.05920327082276344,
            0.032534822821617126
        ],
        [
            0.15065887570381165,
            -0.05764048546552658,
            0.039485104382038116
        ],
        [
            0.14134281873703003,
            -0.053811222314834595,
            0.03859603404998779
        ],
        [
            0.10615966469049454,
            0.01527484506368637,
            0.03388401120901108
        ],
        [
            0.10798849910497665,
            0.027376359328627586,
            0.030215013772249222
        ],
        [
            0.15671755373477936,
            -0.04382932931184769,
            0.04766782000660896
        ],
        [
            0.18497100472450256,
            -0.06295608729124069,
            0.047227971255779266
        ],
        [
            0.18014764785766602,
            -0.06533351540565491,
            0.050397731363773346
        ],
        [
            0.1683391034603119,
            -0.062405552715063095,
            0.0396844744682312
        ],
        [
            0.17345759272575378,
            -0.059848617762327194,
            0.035720571875572205
        ],
        [
            0.16749708354473114,
            -0.04265301302075386,
            0.04602973163127899
        ],
        [
            0.16177937388420105,
            -0.04557280242443085,
            0.04861646145582199
        ],
        [
            0.1646309345960617,
            -0.045666225254535675,
            0.048616789281368256
        ],
        [
            0.17003944516181946,
            -0.04188011214137077,
            0.047771573066711426
        ],
        [
            0.16574212908744812,
            -0.005262724589556456,
            0.04407015070319176
        ],
        [
            0.16236165165901184,
            -0.0033481046557426453,
            0.0427980050444603
        ],
        [
            0.1687755584716797,
            -0.03837670758366585,
            0.023970019072294235
        ],
        [
            0.16216522455215454,
            -0.04999295249581337,
            0.020030466839671135
        ],
        [
            0.15147246420383453,
            -0.046625275164842606,
            0.016379069536924362
        ],
        [
            0.14707744121551514,
            -0.009367447346448898,
            0.038561999797821045
        ],
        [
            0.15640169382095337,
            -0.012091423384845257,
            0.041697535663843155
        ],
        [
            0.15672169625759125,
            -0.007923874072730541,
            0.041574086993932724
        ],
        [
            0.15464864671230316,
            -0.03456823527812958,
            0.04508155211806297
        ],
        [
            0.16072608530521393,
            -0.0392756350338459,
            0.04707416146993637
        ],
        [
            0.16041530668735504,
            -0.03403136134147644,
            0.044430337846279144
        ],
        [
            0.15489690005779266,
            -0.02911205217242241,
            0.043420154601335526
        ],
        [
            0.13806354999542236,
            0.030426036566495895,
            0.016715263947844505
        ],
        [
            0.13420099020004272,
            0.03339743986725807,
            0.02749769389629364
        ],
        [
            0.1773584485054016,
            -0.06317709386348724,
            0.05870773270726204
        ],
        [
            0.1771770417690277,
            -0.06337102502584457,
            0.05660059675574303
        ],
        [
            0.13689160346984863,
            -0.005785347893834114,
            0.03506673872470856
        ],
        [
            0.13845041394233704,
            -0.0408761203289032,
            0.01240130327641964
        ],
        [
            0.12657086551189423,
            -0.0014655496925115585,
            0.0330328531563282
        ],
        [
            0.17443370819091797,
            0.0025979098863899708,
            0.029493141919374466
        ],
        [
            0.17211292684078217,
            0.0061285896226763725,
            0.0373571440577507
        ],
        [
            0.17282050848007202,
            0.0044961231760680676,
            0.040767982602119446
        ],
        [
            0.17653949558734894,
            0.0015552847180515528,
            0.03745401278138161
        ],
        [
            0.18087194859981537,
            -0.043891891837120056,
            0.05473015829920769
        ],
        [
            0.17720918357372284,
            -0.047136832028627396,
            0.05825554579496384
        ],
        [
            0.17813542485237122,
            -0.04739813506603241,
            0.05831007659435272
        ],
        [
            0.18315747380256653,
            -0.04453366994857788,
            0.05624200776219368
        ],
        [
            0.15841110050678253,
            -0.050391603261232376,
            0.04822395741939545
        ],
        [
            0.15598788857460022,
            -0.055750101804733276,
            0.04557120427489281
        ],
        [
            0.16176921129226685,
            -0.056461744010448456,
            0.04832320660352707
        ],
        [
            0.16312165558338165,
            -0.0506734624505043,
            0.049378495663404465
        ],
        [
            0.15867586433887482,
            -0.05991025269031525,
            0.04091867059469223
        ],
        [
            0.1639156937599182,
            -0.06091206520795822,
            0.0440492108464241
        ],
        [
            0.18574585020542145,
            -0.04466303810477257,
            0.05031977966427803
        ],
        [
            0.1893780678510666,
            -0.050797466188669205,
            0.04689577966928482
        ],
        [
            0.17839813232421875,
            -0.04644323140382767,
            0.03633541613817215
        ],
        [
            0.1762598156929016,
            -0.042289406061172485,
            0.04282321780920029
        ],
        [
            0.13136477768421173,
            0.0061855800449848175,
            -0.0007869862020015717
        ],
        [
            0.13134370744228363,
            0.017107369378209114,
            0.0018982663750648499
        ],
        [
            0.14467372000217438,
            0.013880753889679909,
            0.009073324501514435
        ],
        [
            0.159040629863739,
            0.011200059205293655,
            0.015222333371639252
        ],
        [
            0.1715961992740631,
            0.007279643788933754,
            0.021873902529478073
        ],
        [
            0.17301364243030548,
            -0.004330345429480076,
            0.018096255138516426
        ],
        [
            0.14293137192726135,
            0.02188374660909176,
            0.01095210388302803
        ],
        [
            0.169966921210289,
            -0.039702918380498886,
            0.0377468504011631
        ],
        [
            0.17114226520061493,
            -0.04406024515628815,
            0.030344143509864807
        ],
        [
            0.17186269164085388,
            -0.039482928812503815,
            0.03243190422654152
        ],
        [
            0.12735971808433533,
            0.005671720951795578,
            0.03528471663594246
        ],
        [
            0.17612381279468536,
            -0.06423699855804443,
            0.05400605499744415
        ],
        [
            0.09419628977775574,
            -0.014914549887180328,
            -0.013463973999023438
        ],
        [
            0.1010652706027031,
            -0.0038043223321437836,
            -0.017054729163646698
        ],
        [
            0.10687988996505737,
            -0.008667856454849243,
            -0.012504778802394867
        ],
        [
            0.09881138801574707,
            -0.021058879792690277,
            -0.007578812539577484
        ],
        [
            0.17428326606750488,
            -0.05371290072798729,
            0.05961911380290985
        ],
        [
            0.17337623238563538,
            -0.05990402773022652,
            0.05774643272161484
        ],
        [
            0.16348373889923096,
            0.003102601505815983,
            0.04428180307149887
        ],
        [
            0.16673821210861206,
            0.0004937229678034782,
            0.04505351930856705
        ],
        [
            0.16810473799705505,
            0.0037643318064510822,
            0.044644542038440704
        ],
        [
            0.1661001741886139,
            0.007474844343960285,
            0.0458209291100502
        ],
        [
            0.12966299057006836,
            0.02275308407843113,
            0.0034223347902297974
        ],
        [
            0.16836421191692352,
            0.025246119126677513,
            0.0356195792555809
        ],
        [
            0.1729886829853058,
            0.01744982786476612,
            0.027778463438153267
        ],
        [
            0.11994390189647675,
            0.019465100020170212,
            -0.0045093148946762085
        ],
        [
            0.12013768404722214,
            0.010085422545671463,
            -0.007527641952037811
        ],
        [
            0.11227993667125702,
            0.013486111536622047,
            -0.012392494827508926
        ],
        [
            0.17446036636829376,
            -0.01815636269748211,
            0.02342265285551548
        ],
        [
            0.13267578184604645,
            -0.002469804137945175,
            -0.0010215863585472107
        ],
        [
            0.12043237686157227,
            0.0023703686892986298,
            -0.007621355354785919
        ],
        [
            0.11105048656463623,
            0.006070634350180626,
            -0.013424284756183624
        ],
        [
            0.10484977811574936,
            0.009390613064169884,
            -0.018061921000480652
        ],
        [
            0.10676264762878418,
            0.017174305394291878,
            -0.01634334772825241
        ],
        [
            0.18824560940265656,
            -0.05728752911090851,
            0.04629804566502571
        ],
        [
            0.19281615316867828,
            -0.05150671675801277,
            0.05166884511709213
        ],
        [
            0.10136345773935318,
            0.02165382355451584,
            -0.022233497351408005
        ],
        [
            0.09906479716300964,
            0.012679062783718109,
            -0.023344822227954865
        ],
        [
            0.11940257996320724,
            -0.006829347461462021,
            -0.007263876497745514
        ],
        [
            0.11700543761253357,
            -0.018046759068965912,
            -0.005414191633462906
        ],
        [
            0.13114486634731293,
            -0.011156663298606873,
            -0.0006288811564445496
        ],
        [
            0.1299489587545395,
            -0.022611146792769432,
            0.001454479992389679
        ],
        [
            0.17455601692199707,
            -0.027660667896270752,
            0.016945652663707733
        ],
        [
            0.1907726377248764,
            -0.04922612011432648,
            0.0698545053601265
        ],
        [
            0.19066672027111053,
            -0.047201961278915405,
            0.0589417964220047
        ],
        [
            0.18500131368637085,
            -0.04536176472902298,
            0.0594012588262558
        ],
        [
            0.18743494153022766,
            -0.04644254595041275,
            0.06945465505123138
        ],
        [
            0.1883925199508667,
            -0.0456584207713604,
            0.05389869958162308
        ],
        [
            0.19319362938404083,
            -0.052302442491054535,
            0.05711609870195389
        ],
        [
            0.12418267130851746,
            -0.03584028780460358,
            0.007095854729413986
        ],
        [
            0.16545283794403076,
            -0.03816569596529007,
            0.044561512768268585
        ],
        [
            0.1076202541589737,
            -0.03213385492563248,
            0.0025959238409996033
        ],
        [
            0.12135651707649231,
            -0.0502266064286232,
            0.017802167683839798
        ],
        [
            0.10808758437633514,
            -0.04679019749164581,
            0.016772132366895676
        ],
        [
            0.08996184170246124,
            -0.029064010828733444,
            -5.186721682548523e-05
        ],
        [
            0.0930519849061966,
            -0.04049820452928543,
            0.012922609224915504
        ],
        [
            0.08191379904747009,
            -0.017213422805070877,
            -0.011554934084415436
        ],
        [
            0.08722525089979172,
            -0.02224036306142807,
            -0.006560478359460831
        ],
        [
            0.09727275371551514,
            -0.04939914494752884,
            0.027623897418379784
        ],
        [
