{
    "pred_cam": [
        4.657310485839844,
        -0.018527034670114517,
        -0.07534809410572052
    ],
    "pred_mano_params": {
        "global_orient": [
            [
                [
                    0.8746923804283142,
                    0.2309880554676056,
                    -0.4260958731174469
                ],
                [
                    -0.2628627419471741,
                    -0.5125251412391663,
                    -0.8174479603767395
                ],
                [
                    -0.4072054624557495,
                    0.8270203471183777,
                    -0.3875836730003357
                ]
            ]
        ],
        "hand_pose": [
            [
                [
                    0.7514674663543701,
                    -0.5323344469070435,
                    -0.3897649049758911
                ],
                [
                    0.580494225025177,
                    0.8142331838607788,
                    0.007127947174012661
                ],
                [
                    0.31356504559516907,
                    -0.23161271214485168,
                    0.9208868145942688
                ]
            ],
            [
                [
                    0.9877558350563049,
                    -0.15599511563777924,
                    0.0019717691466212273
                ],
                [
                    0.15294374525547028,
                    0.9657877087593079,
                    -0.20943336188793182
                ],
                [
                    0.030766263604164124,
                    0.20717060565948486,
                    0.9778209328651428
                ]
            ],
            [
                [
                    0.9633371829986572,
                    -0.25375688076019287,
                    0.08711419254541397
                ],
                [
                    0.26638275384902954,
                    0.9433354139328003,
                    -0.19788514077663422
                ],
                [
                    -0.03196319565176964,
                    0.21383585035800934,
                    0.9763465523719788
                ]
            ],
            [
                [
                    0.4749807119369507,
                    -0.8791302442550659,
                    -0.039030250161886215
                ],
                [
                    0.8760232925415039,
                    0.4681612551212311,
                    0.11579389125108719
                ],
                [
                    -0.08352545648813248,
                    -0.08919127285480499,
                    0.9925061464309692
                ]
            ],
            [
                [
                    0.9700989127159119,
                    0.21161651611328125,
                    -0.11885522305965424
                ],
                [
                    -0.18183331191539764,
                    0.9580326080322266,
                    0.2216077595949173
                ],
                [
                    0.16076306998729706,
                    -0.19336959719657898,
                    0.9678653478622437
                ]
            ],
            [
                [
                    0.9527284502983093,
                    -0.2068517655134201,
                    0.22253292798995972
                ],
                [
                    0.2190409153699875,
                    0.9752140641212463,
                    -0.031284064054489136
                ],
                [
                    -0.21054606139659882,
                    0.07854901999235153,
                    0.9744231700897217
                ]
            ],
            [
                [
                    0.6026788949966431,
                    -0.382621169090271,
                    0.7002707719802856
                ],
                [
                    0.4062802791595459,
                    0.9024235606193542,
                    0.1434156894683838
                ],
                [
                    -0.6868147253990173,
                    0.19807258248329163,
                    0.6993230581283569
                ]
            ],
            [
                [
                    0.9609769582748413,
                    0.029343925416469574,
                    -0.27506762742996216
                ],
                [
                    0.0605354979634285,
                    0.9479495882987976,
                    0.312613308429718
                ],
                [
                    0.26992353796958923,
                    -0.3170655369758606,
                    0.9091813564300537
                ]
            ],
            [
                [
                    0.9543430209159851,
                    -0.1839451640844345,
                    0.23535822331905365
                ],
                [
                    0.0800778791308403,
                    0.91661137342453,
                    0.39167729020118713
                ],
                [
                    -0.28777918219566345,
                    -0.3549475073814392,
                    0.889491617679596
                ]
            ],
            [
                [
                    0.5587440729141235,
                    -0.7616541981697083,
                    0.32815852761268616
                ],
                [
                    0.7677738666534424,
                    0.6246582865715027,
                    0.14256694912910461
                ],
                [
                    -0.3135736584663391,
                    0.17229308187961578,
                    0.9338023066520691
                ]
            ],
            [
                [
                    0.9714300632476807,
                    0.007382227573543787,
                    -0.23721110820770264
                ],
                [
                    0.04523590952157974,
                    0.9754319190979004,
                    0.21560709178447723
                ],
                [
                    0.23297491669654846,
                    -0.22017768025398254,
                    0.9472299218177795
                ]
            ],
            [
                [
                    0.8887484669685364,
                    -0.21183271706104279,
                    0.4065132439136505
                ],
                [
                    0.12749381363391876,
                    0.9660575985908508,
                    0.2246733158826828
                ],
                [
                    -0.4403083324432373,
                    -0.1478501558303833,
                    0.885589599609375
                ]
            ],
            [
                [
                    0.9011479020118713,
                    0.15966597199440002,
                    -0.40303748846054077
                ],
                [
                    -0.39307352900505066,
                    0.6930283904075623,
                    -0.6043218374252319
                ],
                [
                    0.18282678723335266,
                    0.7030067443847656,
                    0.6872815489768982
                ]
            ],
            [
                [
                    0.8594091534614563,
                    -0.49111035466194153,
                    -0.14221973717212677
                ],
                [
                    0.5107495188713074,
                    0.811854898929596,
                    0.28288957476615906
                ],
                [
                    -0.023468224331736565,
                    -0.31575658917427063,
                    0.9485499262809753
                ]
            ],
            [
                [
                    0.9944539666175842,
                    -0.10180975496768951,
                    -0.026383744552731514
                ],
                [
                    0.0813223198056221,
                    0.9034276604652405,
                    -0.42095744609832764
                ],
                [
                    0.06669337302446365,
                    0.4164772033691406,
                    0.906696617603302
                ]
            ]
        ],
        "betas": [
            0.12917807698249817,
            -0.18992266058921814,
            -0.025321155786514282,
            0.010299593210220337,
            -0.04218438267707825,
            -0.06112121790647507,
            0.036227643489837646,
            -0.08298221230506897,
            -0.09153768420219421,
            -0.0782771110534668
        ]
    },
    "pred_cam_t": [
        -0.018527034670114517,
        -0.07534809410572052,
        8.387351036071777
    ],
    "focal_length": [
        5000.0,
        5000.0
    ],
    "pred_keypoints_3d": [
        [
            0.09517963230609894,
            0.006340960040688515,
            0.006187140010297298
        ],
        [
            0.05984362214803696,
            -0.00041384436190128326,
            -0.00674431212246418
        ],
        [
            0.029264194890856743,
            -0.0009703361429274082,
            -0.005760389380156994
        ],
        [
            0.005302919074892998,
            0.011305103078484535,
            -0.004001940134912729
        ],
        [
            -0.024074362590909004,
            0.030469907447695732,
            -0.00849378202110529
        ],
        [
            0.008829206228256226,
            0.015433404594659805,
            0.02963244542479515
        ],
        [
            -0.014897391200065613,
            0.0380353219807148,
            0.03147498890757561
        ],
        [
            -0.027522524818778038,
            0.05531573295593262,
            0.026030993089079857
        ],
        [
            -0.04055042564868927,
            0.07477623969316483,
            0.01594553515315056
        ],
        [
            0.01399867981672287,
            0.03471822291612625,
            0.04454018175601959
        ],
        [
            -0.005092309787869453,
            0.05522429943084717,
            0.03004387766122818
        ],
        [
            -0.017618633806705475,
            0.07263338565826416,
            0.021260220557451248
        ],
        [
            -0.03536592796444893,
            0.08755145221948624,
            0.009987719357013702
        ],
        [
            0.034364841878414154,
            0.05146513134241104,
            0.04628472775220871
        ],
        [
            0.010920565575361252,
            0.06351164728403091,
            0.03488171100616455
        ],
        [
            -0.002365982159972191,
            0.0819006860256195,
            0.02511519566178322
        ],
        [
            -0.0211249440908432,
            0.09157585352659225,
            0.011798128485679626
        ],
        [
            0.05118139460682869,
            0.06447896361351013,
            0.04258277639746666
        ],
        [
            0.03133798763155937,
            0.07135622203350067,
            0.04210914298892021
        ],
        [
            0.016375483945012093,
            0.08255808800458908,
            0.03958979994058609
        ],
        [
            -0.000852411612868309,
            0.08891412615776062,
            0.03174729272723198
        ]
    ],
    "pred_vertices": [
        [
            0.04227611795067787,
            0.014740947633981705,
            0.006745709106326103
        ],
        [
            0.051789943128824234,
            0.01355881430208683,
            0.0015421472489833832
        ],
        [
            0.04193780571222305,
            0.012400764971971512,
            0.0007125623524188995
        ],
        [
            0.0339047834277153,
            0.012204085476696491,
            0.004948073998093605
        ],
        [
            0.051358193159103394,
            0.011728431098163128,
            -0.016952693462371826
        ],
        [
            0.05232200771570206,
            0.001850974396802485,
            -0.024662751704454422
        ],
        [
            0.03539866954088211,
            0.0033420876134186983,
            -0.02067142352461815
        ],
        [
            0.03802691027522087,
            0.012231768108904362,
            -0.015228576958179474
        ],
        [
            0.027240561321377754,
            0.009035485796630383,
            0.005890930071473122
        ],
        [
            0.03397667780518532,
            0.011607270687818527,
            0.0003320761024951935
        ],
        [
            0.026039185002446175,
            0.004911024123430252,
            0.008810464292764664
        ],
        [
            0.02030898444354534,
            -2.0007602870464325e-05,
            0.016990013420581818
        ],
        [
            0.02095106989145279,
            0.0060958159156143665,
            0.012268826365470886
        ],
        [
            0.014954961836338043,
            0.0004412177950143814,
            0.022960659116506577
        ],
        [
            0.02729635313153267,
            -0.007366782985627651,
            0.02095271646976471
        ],
        [
            0.018465064465999603,
            -0.0013357801362872124,
            0.0314895361661911
        ],
        [
            0.04629462957382202,
            0.0032706018537282944,
            0.036828868091106415
        ],
        [
            0.054773326963186264,
            0.012575184926390648,
            0.04081813991069794
        ],
        [
            0.040436118841171265,
            0.019180577248334885,
            0.048768386244773865
        ],
        [
            0.03292645514011383,
            0.00951223075389862,
            0.04298217222094536
        ],
        [
            0.05641184747219086,
            0.03236620873212814,
            0.04762056842446327
        ],
        [
            0.04697378724813461,
            0.02545749768614769,
            0.04873394966125488
        ],
        [
            0.06148417666554451,
            0.018302569165825844,
            0.04204464331269264
        ],
        [
            0.06914946436882019,
            0.024934886023402214,
            0.04132409021258354
        ],
        [
            0.055203668773174286,
            0.022105757147073746,
            0.009955629706382751
        ],
        [
            0.06494195759296417,
            0.020295217633247375,
            0.004755567759275436
        ],
        [
            0.06098271161317825,
            0.016822610050439835,
            0.00397491455078125
        ],
        [
            0.051419973373413086,
            0.018682103604078293,
            0.008709756657481194
        ],
        [
            0.02225285954773426,
            -0.0009949654340744019,
            0.005053402855992317
        ],
        [
            0.029695946723222733,
            -0.009642491117119789,
            0.007092932239174843
        ],
        [
            0.02702750451862812,
            -0.003157668747007847,
            0.01036258228123188
        ],
        [
            0.022725654765963554,
            0.004449745640158653,
            0.004890158772468567
        ],
        [
            0.08943898230791092,
            0.02433367818593979,
            -0.008632443845272064
        ],
        [
            0.10011745989322662,
            0.016264833509922028,
            -0.009419281035661697
        ],
        [
            0.09715468436479568,
            0.011461051180958748,
            -0.010957304388284683
        ],
        [
            0.08813229203224182,
            0.019735554233193398,
            -0.009601682424545288
        ],
        [
            0.07815732061862946,
            0.00035553984344005585,
            -0.021706826984882355
        ],
        [
            0.08855529874563217,
            -0.003414902836084366,
            -0.017154231667518616
        ],
        [
            0.09044669568538666,
            -0.01691209338605404,
            -0.014932222664356232
        ],
        [
            0.0795915275812149,
            -0.015552051365375519,
            -0.0166036207228899
        ],
        [
            0.0648399144411087,
            0.001936867367476225,
            -0.024703405797481537
        ],
        [
            0.06655897945165634,
            -0.011946838349103928,
            -0.022657308727502823
        ],
        [
            0.051826510578393936,
            -0.009768020361661911,
            -0.023727022111415863
        ],
        [
            0.03326541930437088,
            -0.0058155907317996025,
            -0.020463567227125168
        ],
        [
            0.10717810690402985,
            0.025166677311062813,
            -0.0037209130823612213
        ],
        [
            0.10037574172019958,
            0.03258466720581055,
            -0.0027491822838783264
        ],
        [
            -0.01946413144469261,
            0.03881363943219185,
            0.021034952253103256
        ],
        [
            -0.01572265475988388,
            0.043222762644290924,
            0.021317847073078156
        ],
        [
            -0.012386320158839226,
            0.03892792761325836,
            0.020899394527077675
        ],
        [
            -0.016776777803897858,
            0.03524322807788849,
            0.021153030917048454
        ],
        [
            0.10991628468036652,
            0.02999967895448208,
            0.0155390165746212
        ],
        [
            0.11052863299846649,
            0.02463998645544052,
            0.023956160992383957
        ],
        [
            0.11661925166845322,
            0.023425094783306122,
            0.02022746577858925
        ],
        [
            0.11544251441955566,
            0.02676042541861534,
            0.011598598212003708
        ],
        [
            0.10251890122890472,
            0.034231554716825485,
            0.020647432655096054
        ],
        [
            0.10168152302503586,
            0.02626444213092327,
            0.02844860963523388
        ],
        [
            -0.024576570838689804,
            0.03723295405507088,
            0.0323188379406929
        ],
        [
            -0.02486654557287693,
            0.03612840920686722,
            0.027376605197787285
        ],
        [
            -0.021893898025155067,
            0.03207355737686157,
            0.02920437790453434
        ],
        [
            -0.020580844953656197,
            0.033275898545980453,
            0.03416929021477699
        ],
        [
            0.02545824646949768,
            0.011722312308847904,
            0.00954420492053032
        ],
        [
            0.03301871567964554,
            0.016946163028478622,
            0.010143294930458069
        ],
        [
            0.011461451649665833,
            0.01664959266781807,
            0.017608240246772766
        ],
        [
            0.02040109969675541,
            0.01760934852063656,
            0.016016630455851555
        ],
        [
            0.01768607646226883,
            0.011132207699120045,
            0.01445399597287178
        ],
        [
            0.010524885728955269,
            0.010774360969662666,
            0.01732102781534195
        ],
        [
            0.03819466754794121,
            0.03191161900758743,
            0.021638862788677216
        ],
        [
            0.04777124896645546,
            0.027752015739679337,
            0.016545163467526436
        ],
        [
            0.042734984308481216,
            0.023816857486963272,
            0.015496356412768364
        ],
        [
            0.031122367829084396,
            0.027492275461554527,
            0.019835026934742928
        ],
        [
            0.05647805705666542,
            0.038711853325366974,
            0.01767047308385372
        ],
        [
            0.04642946645617485,
            0.04171924293041229,
            0.022967714816331863
        ],
        [
            0.05256853997707367,
            0.047636933624744415,
            0.023124026134610176
        ],
        [
            0.05845235288143158,
            0.044876016676425934,
            0.018466178327798843
        ],
        [
            0.02869359776377678,
            0.04346677288413048,
            0.03210225701332092
        ],
        [
            0.02416604943573475,
            0.0444670133292675,
            0.03493962436914444
        ],
        [
            0.025955472141504288,
            0.04719652608036995,
            0.03431427851319313
        ],
        [
            0.0314810648560524,
            0.04597609490156174,
            0.0323324128985405
        ],
        [
            0.12267426401376724,
            0.02129140868782997,
            0.017318133264780045
        ],
        [
            0.12028464674949646,
            0.02277791127562523,
            0.007995512336492538
        ],
        [
            0.07105951756238937,
            0.04769626259803772,
            0.044356077909469604
        ],
        [
            0.0771089643239975,
            0.05377761274576187,
            0.037132732570171356
        ],
        [
            0.06749860942363739,
            0.06127237156033516,
            0.043755486607551575
        ],
        [
            0.06364001333713531,
            0.052586108446121216,
            0.04995327442884445
        ],
        [
            0.10681791603565216,
            0.01652911677956581,
            0.0290488600730896
        ],
        [
            0.11430618166923523,
            0.01637432351708412,
            0.026876067742705345
        ],
        [
            -0.021789465099573135,
            0.040873974561691284,
            0.036423735320568085
        ],
        [
            -0.01736311800777912,
            0.03707997500896454,
            0.03750210627913475
        ],
        [
            0.055250346660614014,
            -0.01916191726922989,
            -0.015058096498250961
        ],
        [
            0.03367537632584572,
            -0.013585768640041351,
            -0.014899972826242447
        ],
        [
            0.0715850293636322,
            -0.021252281963825226,
            -0.01155313104391098
        ],
        [
            0.08256805688142776,
            -0.02237444557249546,
            -0.007153736427426338
        ],
        [
            0.09146366268396378,
            -0.024786002933979034,
            -0.005812950432300568
        ],
        [
            0.020344203338027,
            0.0231995340436697,
            0.01913997158408165
        ],
        [
            0.04169699549674988,
            0.019623074680566788,
            0.01151217333972454
        ],
        [
            0.05850791558623314,
            0.025747716426849365,
            0.010782178491353989
        ],
        [
            0.07347717881202698,
            0.052273839712142944,
            0.014007605612277985
        ],
        [
            0.08174463361501694,
            0.04836254566907883,
            0.008654359728097916
        ],
        [
            0.07292106002569199,
            0.042529840022325516,
            0.007294353097677231
        ],
        [
            0.06766010820865631,
            0.04692215472459793,
            0.01281723752617836
        ],
        [
            0.07591918110847473,
            0.059178296476602554,
            0.029163053259253502
        ],
        [
            0.07029421627521515,
            0.05925397202372551,
            0.0233956016600132
        ],
        [
            0.06340843439102173,
            0.06330718845129013,
            0.028956932947039604
        ],
        [
            0.06762425601482391,
            0.06444748491048813,
            0.03538436442613602
        ],
        [
            0.01995629072189331,
            -0.007048735395073891,
            0.001271173357963562
        ],
        [
            0.03193841129541397,
            -0.015024084597826004,
            0.0025392696261405945
        ],
        [
            0.10709362477064133,
            0.032646775245666504,
            0.005787961184978485
        ],
        [
            0.11147961020469666,
            0.027253618463873863,
            0.0023550987243652344
        ],
        [
            0.11784806102514267,
            0.021947411820292473,
            0.0007742941379547119
        ],
        [
            0.07660933583974838,
            0.021684743463993073,
            -0.0032802224159240723
        ],
        [
            0.08717992901802063,
            0.01661831885576248,
            -0.010607495903968811
        ],
        [
            0.08404040336608887,
            0.013870962895452976,
            -0.012636002153158188
        ],
        [
            0.07497736811637878,
            0.019041758030653,
            -0.0034048818051815033
        ],
        [
            0.059471920132637024,
            0.014833066612482071,
            -0.0065508559346199036
        ],
        [
            0.0665355771780014,
            0.011927406303584576,
            -0.017219919711351395
        ],
        [
            0.04749253764748573,
            0.015436957590281963,
            -0.006089460104703903
        ],
        [
            0.09451796859502792,
            0.004385076463222504,
            -0.0139632448554039
        ],
        [
            0.10536884516477585,
            0.006116598844528198,
            -0.013773124665021896
        ],
        [
            0.1015721783041954,
            -0.0016314219683408737,
            -0.01562446728348732
        ],
        [
            0.11048240959644318,
            0.013378584757447243,
            -0.00982874259352684
        ],
        [
            0.11490954458713531,
            0.01925053820014,
            -0.004947949200868607
        ],
        [
            0.12245302647352219,
            0.01413947343826294,
            0.026785684749484062
        ],
        [
            0.09760046750307083,
            -0.008942581713199615,
            -0.015621114522218704
        ],
        [
            0.028974631801247597,
            0.01165180653333664,
            -0.013613028451800346
        ],
        [
            0.021495144814252853,
            0.012044849805533886,
            -0.012304306030273438
        ],
        [
            0.023667214438319206,
            0.013889645226299763,
            -0.005151107907295227
        ],
        [
            0.030871925875544548,
            0.013699624687433243,
            -0.005492396652698517
        ],
        [
            0.007759814150631428,
            0.0039360979571938515,
            0.02854507602751255
        ],
        [
            0.007914428599178791,
            0.006704812869429588,
            0.021095044910907745
        ],
        [
            0.015676183626055717,
            0.00426862109452486,
            0.016388004645705223
        ],
        [
            0.08352936804294586,
            0.032579660415649414,
            -0.003113117069005966
        ],
        [
            0.09310603886842728,
            0.03936324268579483,
            0.0014493539929389954
        ],
        [
            0.011736102402210236,
            0.022161580622196198,
            0.02055230922996998
        ],
        [
            -0.016667677089571953,
            0.02972857654094696,
            0.035958148539066315
        ],
        [
            -0.018117304891347885,
            0.027959594503045082,
            0.030537456274032593
        ],
        [
            -0.0047930339351296425,
            0.014184512197971344,
            0.030146634206175804
        ],
        [
            -0.003994286060333252,
            0.016505345702171326,
            0.03651018068194389
        ],
        [
            0.009114144369959831,
            0.027502384036779404,
            0.028083574026823044
        ],
        [
            0.008840959519147873,
            0.024055222049355507,
            0.021967746317386627
        ],
        [
            0.007697669323533773,
            0.0258196834474802,
            0.023335203528404236
        ],
        [
            0.00819676835089922,
            0.03082171082496643,
            0.027480410411953926
        ],
        [
            0.033247653394937515,
            0.05268474668264389,
            0.03431438282132149
        ],
        [
            0.038304924964904785,
            0.051452603191137314,
            0.03243741765618324
        ],
        [
            0.019862938672304153,
            0.018210595473647118,
            0.045673009008169174
        ],
        [
            0.01562563329935074,
            0.006146038882434368,
            0.04346515238285065
        ],
        [
            0.026272987946867943,
            0.0009660478681325912,
            0.03839026391506195
        ],
        [
            0.04357464611530304,
            0.03694460541009903,
            0.022340912371873856
        ],
        [
            0.03554387763142586,
            0.04123418405652046,
            0.02719411440193653
        ],
        [
            0.038318783044815063,
            0.04425168037414551,
            0.02790798619389534
        ],
        [
            0.019255828112363815,
            0.026630477979779243,
            0.02219957858324051
        ],
        [
            0.01314220018684864,
            0.026850752532482147,
            0.02446116879582405
        ],
        [
            0.017379188910126686,
            0.0297229140996933,
            0.02673514559864998
        ],
        [
            0.023533087223768234,
            0.029856836423277855,
            0.02376827970147133
        ],
        [
            0.08704008907079697,
            0.046592503786087036,
            0.031889259815216064
        ],
        [
            0.08583080023527145,
            0.053263597190380096,
            0.022631049156188965
        ],
        [
            -0.02290238067507744,
            0.0364694818854332,
            0.02326158806681633
        ],
        [
            -0.02017277665436268,
            0.032611630856990814,
            0.024319306015968323
        ],
        [
            0.052841149270534515,
            0.032746847718954086,
            0.01733110100030899
        ],
        [
            0.039068352431058884,
            -0.0031593963503837585,
            0.03135243430733681
        ],
        [
            0.06205732747912407,
            0.02983102947473526,
            0.011347351595759392
        ],
        [
            0.044114284217357635,
            0.05078329145908356,
            0.05037637799978256
        ],
        [
            0.04344847798347473,
            0.05631420016288757,
            0.045617103576660156
        ],
        [
            0.0374363549053669,
            0.05855222046375275,
            0.044030625373125076
        ],
        [
            0.03590184822678566,
            0.05547114089131355,
            0.048675429075956345
        ],
        [
            -0.002942127175629139,
            0.041653819382190704,
            0.028796175494790077
        ],
        [
            -0.0049606673419475555,
            0.039846330881118774,
            0.0236775204539299
        ],
        [
            -0.008617451414465904,
            0.04312226548790932,
            0.02357877790927887
        ],
        [
            -0.007078728638589382,
            0.04511890187859535,
            0.028660964220762253
        ],
        [
            0.006907257251441479,
            0.019260728731751442,
            0.019394248723983765
        ],
        [
            0.004659051541239023,
            0.0136376628652215,
            0.01922367885708809
        ],
        [
            0.0005814896430820227,
            0.018131613731384277,
            0.020288662984967232
        ],
        [
            0.004237274639308453,
            0.022705955430865288,
            0.02113410271704197
        ],
        [
            0.0018482469022274017,
            0.010263337753713131,
            0.023583492264151573
        ],
        [
            -0.002805675147101283,
            0.014725885353982449,
            0.024276819080114365
        ],
        [
            -0.004078244790434837,
            0.04081546887755394,
            0.035081811249256134
        ],
        [
            -0.008419783785939217,
            0.037135206162929535,
            0.03987018018960953
        ],
        [
            0.003906972706317902,
            0.02667197957634926,
            0.04074079170823097
        ],
        [
            0.005935978144407272,
            0.03174746781587601,
            0.034641094505786896
        ],
        [
            0.08140638470649719,
            0.01740710437297821,
            0.036762580275535583
        ],
        [
            0.08797210454940796,
            0.026259448379278183,
            0.035785652697086334
        ],
        [
            0.0759970024228096,
            0.03393237292766571,
            0.040481455624103546
        ],
        [
            0.06468065083026886,
            0.04157469794154167,
            0.046514347195625305
        ],
        [
            0.0530608631670475,
            0.04821472242474556,
            0.051326822489500046
        ],
        [
            0.045954566448926926,
            0.03878534585237503,
            0.054054390639066696
        ],
        [
            0.08153818547725677,
            0.03955890238285065,
            0.038607943803071976
        ],
        [
            0.013160262256860733,
            0.026298856362700462,
            0.03670623525977135
        ],
        [
            0.011697047390043736,
            0.019617626443505287,
            0.04181129112839699
        ],
        [
            0.014709113165736198,
            0.023026129230856895,
            0.04195822402834892
        ],
        [
            0.0656857043504715,
            0.036260541528463364,
            0.011069130152463913
        ],
        [
            -0.016791656613349915,
            0.02825969085097313,
            0.025443866848945618
        ],
        [
            0.09011891484260559,
            -0.02002350240945816,
            0.01572461426258087
        ],
        [
            0.09647396206855774,
            -0.011713236570358276,
            0.02409350872039795
        ],
        [
            0.08807394653558731,
            -0.00976838544011116,
            0.025090418756008148
        ],
        [
            0.08080065250396729,
            -0.018663054332137108,
            0.014918401837348938
        ],
        [
            -0.00890545267611742,
            0.03532809019088745,
            0.020534439012408257
        ],
        [
            -0.013438820838928223,
            0.030996035784482956,
            0.0208682082593441
        ],
        [
            0.041101254522800446,
            0.05730210989713669,
            0.03388877213001251
        ],
        [
            0.03571812063455582,
            0.057518500834703445,
            0.03561042994260788
        ],
        [
            0.03587741404771805,
            0.05961838364601135,
            0.03790177032351494
        ],
        [
            0.04095565155148506,
            0.06214197352528572,
            0.036368370056152344
        ],
        [
            0.09205992519855499,
            0.03011253848671913,
            0.034022510051727295
        ],
        [
            0.059332482516765594,
            0.06538917869329453,
            0.04626130312681198
        ],
        [
            0.05730301886796951,
            0.05762851983308792,
            0.05173768475651741
        ],
        [
            0.09817732870578766,
            0.01919953152537346,
            0.031827449798583984
        ],
        [
            0.09276767075061798,
            0.011266995221376419,
            0.033237017691135406
        ],
        [
            0.10128006339073181,
            0.007339689880609512,
            0.030803415924310684
        ],
        [
            0.03223567456007004,
            0.03318791091442108,
            0.052245333790779114
        ],
        [
            0.07470463961362839,
            0.012095490470528603,
            0.03730223700404167
        ],
        [
            0.0871369019150734,
            0.006225846707820892,
            0.03293781727552414
        ],
        [
            0.09704980999231339,
            0.0012879595160484314,
            0.030018573626875877
        ],
        [
            0.1045975536108017,
            -0.0019038058817386627,
            0.028647154569625854
        ],
        [
            0.10844625532627106,
            0.005144134163856506,
            0.02947346121072769
        ],
        [
            -0.012875083833932877,
            0.03366725519299507,
            0.039053775370121
        ],
        [
            -0.012864606454968452,
            0.041595347225666046,
            0.03862346336245537
        ],
        [
            0.11702936887741089,
            0.002389855682849884,
            0.02960759401321411
        ],
        [
            0.11220715939998627,
            -0.005283784121274948,
            0.027992092072963715
        ],
        [
            0.08083774894475937,
            -0.00010974705219268799,
            0.031207183375954628
        ],
        [
            0.07334291934967041,
            -0.007498264312744141,
            0.027417898178100586
        ],
        [
            0.06904193013906479,
            0.005929851904511452,
            0.03538331389427185
        ],
        [
            0.06058145686984062,
            -0.0009739864617586136,
            0.032396864145994186
        ],
        [
            0.028432242572307587,
            0.02324637770652771,
            0.054569631814956665
        ],
        [
            -0.02227233350276947,
            0.05625668168067932,
            0.03344935551285744
        ],
        [
            -0.013715866953134537,
            0.048815809190273285,
            0.03487256541848183
        ],
        [
            -0.011571488343179226,
            0.0492812916636467,
            0.02956325374543667
        ],
        [
            -0.01949501782655716,
            0.057603735476732254,
            0.03050924837589264
        ],
        [
            -0.008454966358840466,
            0.044606275856494904,
            0.03435646370053291
        ],
        [
            -0.017302952706813812,
            0.04535782337188721,
            0.03767570108175278
        ],
        [
            0.051967889070510864,
            -0.00897487998008728,
            0.02425648644566536
        ],
        [
            0.01337418332695961,
            0.030078329145908356,
            0.029592720791697502
        ],
        [
            0.06439751386642456,
            -0.016308145597577095,
            0.014730531722307205
        ],
        [
            0.03839631378650665,
            -0.014003191143274307,
            0.01662112958729267
        ],
        [
            0.046714622527360916,
            -0.01824609749019146,
            0.007328864187002182
        ],
        [
            0.07521340250968933,
            -0.023589586839079857,
            0.003117920830845833
        ],
        [
            0.05868922919034958,
            -0.02294444851577282,
            -0.002149134874343872
        ],
        [
            0.0933813825249672,
            -0.02583756111562252,
            0.005169250071048737
        ],
        [
            0.08472881466150284,
            -0.02396288327872753,
            0.005480147898197174
        ],
        [
