{
    "pred_cam": [
        5.958957672119141,
        -0.1569659560918808,
        0.0055206045508384705
    ],
    "pred_mano_params": {
        "global_orient": [
            [
                [
                    -0.9076229333877563,
                    -0.39870715141296387,
                    -0.13135164976119995
                ],
                [
                    0.3250259459018707,
                    -0.46943002939224243,
                    -0.8209711313247681
                ],
                [
                    0.2656666338443756,
                    -0.7878249287605286,
                    0.5556556582450867
                ]
            ]
        ],
        "hand_pose": [
            [
                [
                    0.8851745128631592,
                    -0.40625229477882385,
                    -0.2267710566520691
                ],
                [
                    0.43238553404808044,
                    0.8982594013214111,
                    0.07856693118810654
                ],
                [
                    0.1717812418937683,
                    -0.16759797930717468,
                    0.9707739353179932
                ]
            ],
            [
                [
                    0.5029861927032471,
                    -0.826369047164917,
                    0.25321754813194275
                ],
                [
                    0.8634499311447144,
                    0.46749693155288696,
                    -0.18947525322437286
                ],
                [
                    0.038198068737983704,
                    0.31394413113594055,
                    0.9486727714538574
                ]
            ],
            [
                [
                    0.704771876335144,
                    -0.6691051125526428,
                    0.23578578233718872
                ],
                [
                    0.6204171180725098,
                    0.7424907088279724,
                    0.25256696343421936
                ],
                [
                    -0.34406259655952454,
                    -0.03171655163168907,
                    0.9384108185768127
                ]
            ],
            [
                [
                    0.6990468502044678,
                    -0.6194362640380859,
                    -0.3572565019130707
                ],
                [
                    0.7051885724067688,
                    0.6799722909927368,
                    0.20086504518985748
                ],
                [
                    0.1185014396905899,
                    -0.3923472762107849,
                    0.9121518731117249
                ]
            ],
            [
                [
                    0.08342701941728592,
                    -0.9630817174911499,
                    -0.2559559941291809
                ],
                [
                    0.9849299192428589,
                    0.04064111411571503,
                    0.16811113059520721
                ],
                [
                    -0.15150243043899536,
                    -0.2661237418651581,
                    0.9519585371017456
                ]
            ],
            [
                [
                    0.7816967964172363,
                    -0.5953785181045532,
                    0.1856733113527298
                ],
                [
                    0.5945755243301392,
                    0.8013052344322205,
                    0.0662567988038063
                ],
                [
                    -0.18822886049747467,
                    0.05860407277941704,
                    0.9803752303123474
                ]
            ],
            [
                [
                    0.15419727563858032,
                    -0.9862116575241089,
                    -0.06008162721991539
                ],
                [
                    0.4602985084056854,
                    0.01789603754878044,
                    0.88758385181427
                ],
                [
                    -0.8742703199386597,
                    -0.16451846063137054,
                    0.4567112624645233
                ]
            ],
            [
                [
                    0.6514873504638672,
                    -0.7480651140213013,
                    -0.12634384632110596
                ],
                [
                    0.626630425453186,
                    0.43671658635139465,
                    0.6454555988311768
                ],
                [
                    -0.42766639590263367,
                    -0.49967706203460693,
                    0.7532756924629211
                ]
            ],
            [
                [
                    0.9811010956764221,
                    -0.1927213817834854,
                    0.017294691875576973
                ],
                [
                    0.1900300681591034,
                    0.9765129089355469,
                    0.10154411941766739
                ],
                [
                    -0.03645820915699005,
                    -0.09633853286504745,
                    0.9946807622909546
                ]
            ],
            [
                [
                    0.22385384142398834,
                    -0.9679017663002014,
                    -0.11426166445016861
                ],
                [
                    0.9482953548431396,
                    0.18923963606357574,
                    0.25480255484580994
                ],
                [
                    -0.2250009924173355,
                    -0.16539232432842255,
                    0.9602187871932983
                ]
            ],
            [
                [
                    0.5109020471572876,
                    -0.8530322313308716,
                    -0.10637214779853821
                ],
                [
                    0.6615215539932251,
                    0.3111136555671692,
                    0.6823469996452332
                ],
                [
                    -0.5489702224731445,
                    -0.4189799726009369,
                    0.7232478260993958
                ]
            ],
            [
                [
                    0.9305751919746399,
                    -0.3358296751976013,
                    0.14576776325702667
                ],
                [
                    0.3321612477302551,
                    0.9419199228286743,
                    0.049555618315935135
                ],
                [
                    -0.15394380688667297,
                    0.0023031786549836397,
                    0.98807692527771
                ]
            ],
            [
                [
                    0.8262290954589844,
                    0.10334987938404083,
                    -0.5537727475166321
                ],
                [
                    -0.5136857032775879,
                    0.5417408347129822,
                    -0.6653148531913757
                ],
                [
                    0.2312411069869995,
                    0.8341676592826843,
                    0.5006914138793945
                ]
            ],
            [
                [
                    0.8918067812919617,
                    -0.379677414894104,
                    -0.24601958692073822
                ],
                [
                    0.45215290784835815,
                    0.7294301390647888,
                    0.5133121609687805
                ],
                [
                    -0.015438956208527088,
                    -0.569013774394989,
                    0.8221830129623413
                ]
            ],
            [
                [
                    0.756205677986145,
                    -0.6537783145904541,
                    -0.026959490031003952
                ],
                [
                    0.5714677572250366,
                    0.6799458861351013,
                    -0.45945432782173157
                ],
                [
                    0.3187122642993927,
                    0.33203554153442383,
                    0.88779217004776
                ]
            ]
        ],
        "betas": [
            -0.0398678183555603,
            -0.01573804020881653,
            -0.06767278909683228,
            -0.018859893083572388,
            0.040764957666397095,
            0.0036707930266857147,
            0.08682337403297424,
            -0.034390777349472046,
            -0.05474558472633362,
            -0.016613125801086426
        ]
    },
    "pred_cam_t": [
        -0.1569659560918808,
        0.0055206045508384705,
        6.555257320404053
    ],
    "focal_length": [
        5000.0,
        5000.0
    ],
    "pred_keypoints_3d": [
        [
            0.09596801549196243,
            0.006402055267244577,
            0.006204389501363039
        ],
        [
            0.12070190161466599,
            -0.015386376529932022,
            0.02638334222137928
        ],
        [
            0.14833879470825195,
            -0.02908899635076523,
            0.027149347588419914
        ],
        [
            0.1742165982723236,
            -0.034265290945768356,
            0.02070673555135727
        ],
        [
            0.2055937498807907,
            -0.02391219697892666,
            0.02844133973121643
        ],
        [
            0.17554739117622375,
            -0.03687083721160889,
            -0.0016541979275643826
        ],
        [
            0.20853105187416077,
            -0.03873536363244057,
            -0.004047980532050133
        ],
        [
            0.21791154146194458,
            -0.028678089380264282,
            0.013459891080856323
        ],
        [
            0.21173164248466492,
            -0.021209564059972763,
            0.03570898622274399
        ],
        [
            0.18317252397537231,
            -0.020983679220080376,
            -0.019729917868971825
        ],
        [
            0.2122107297182083,
            -0.0096955057233572,
            -0.013349730521440506
        ],
        [
            0.20391809940338135,
            -0.005168789532035589,
            0.007991110906004906
        ],
        [
            0.18814052641391754,
            -0.010219167917966843,
            0.02708352729678154
        ],
        [
            0.1754632294178009,
            0.003547417465597391,
            -0.02730296179652214
        ],
        [
            0.19352568686008453,
            0.01315520890057087,
            -0.0068181343376636505
        ],
        [
            0.18029440939426422,
            0.013018503785133362,
            0.014242623001337051
        ],
        [
            0.16652850806713104,
            0.007682552561163902,
            0.03483995795249939
        ],
        [
            0.16825240850448608,
            0.024174463003873825,
            -0.02829786390066147
        ],
        [
            0.17638371884822845,
            0.024887211620807648,
            -0.008787056431174278
        ],
        [
            0.16296984255313873,
            0.02397385984659195,
            0.004632353782653809
        ],
        [
            0.1479579210281372,
            0.022042758762836456,
            0.01670740358531475
        ]
    ],
    "pred_vertices": [
        [
            0.14440631866455078,
            -0.014892274513840675,
            0.014007005840539932
        ],
        [
            0.13463130593299866,
            -0.00970163568854332,
            0.01691897213459015
        ],
        [
            0.14236235618591309,
            -0.014985747635364532,
            0.017969351261854172
        ],
        [
            0.14967364072799683,
            -0.020753245800733566,
            0.016894076019525528
        ],
        [
            0.13627755641937256,
            -0.005177449434995651,
            0.032821595668792725
        ],
        [
            0.1311492621898651,
            -0.010323744267225266,
            0.04263501241803169
        ],
        [
            0.1472826600074768,
            -0.018406111747026443,
            0.03938940539956093
        ],
        [
            0.14942733943462372,
            -0.011879313737154007,
            0.031638264656066895
        ],
        [
            0.1537957787513733,
            -0.026608077809214592,
            0.016734465956687927
        ],
        [
            0.149336040019989,
            -0.019280849024653435,
            0.0188111774623394
        ],
        [
            0.15281003713607788,
            -0.030540145933628082,
            0.013754703104496002
        ],
        [
            0.15560266375541687,
            -0.04061536863446236,
            0.009515086188912392
        ],
        [
            0.15833668410778046,
            -0.034239672124385834,
            0.01344018429517746
        ],
        [
            0.16106119751930237,
            -0.04461793601512909,
            0.005380725022405386
        ],
        [
            0.1460532546043396,
            -0.04391897842288017,
            0.0056959460489451885
        ],
        [
            0.15761283040046692,
            -0.04611679166555405,
            -0.0030762888491153717
        ],
        [
            0.13796773552894592,
            -0.028943706303834915,
            -0.014268863946199417
        ],
        [
            0.13655079901218414,
            -0.0174095518887043,
            -0.021292872726917267
        ],
        [
            0.1529683619737625,
            -0.021132079884409904,
            -0.02720714919269085
        ],
        [
            0.15306812524795532,
            -0.03194472938776016,
            -0.018444040790200233
        ],
        [
            0.1476706564426422,
            -0.0014338050968945026,
            -0.03203677386045456
        ],
        [
            0.15146923065185547,
            -0.012449303641915321,
            -0.029630810022354126
        ],
        [
            0.13436341285705566,
            -0.009289881214499474,
            -0.024651989340782166
        ],
        [
            0.13171540200710297,
            0.0004648170433938503,
            -0.02653389796614647
        ],
        [
            0.1385723352432251,
            -0.002476857975125313,
            0.007916329428553581
        ],
        [
            0.12871697545051575,
            0.002164442092180252,
            0.011600485071539879
        ],
        [
            0.1294345110654831,
            -0.002892162650823593,
            0.013467416167259216
        ],
        [
            0.1394803822040558,
            -0.00720188207924366,
            0.010277812369167805
        ],
        [
            0.15223051607608795,
            -0.03528037294745445,
            0.015776464715600014
        ],
        [
            0.14188481867313385,
            -0.03989117965102196,
            0.0174502395093441
        ],
        [
            0.14741162955760956,
            -0.03691120073199272,
            0.013412347063422203
        ],
        [
            0.15502363443374634,
            -0.03069964423775673,
            0.015009785071015358
        ],
        [
            0.10949459671974182,
            0.02162925712764263,
            0.019595373421907425
        ],
        [
            0.0959591194987297,
            0.020689360797405243,
            0.019317232072353363
        ],
        [
            0.09565118700265884,
            0.01545422151684761,
            0.022081226110458374
        ],
        [
            0.10791464149951935,
            0.01724863052368164,
            0.021488895639777184
        ],
        [
            0.10574379563331604,
            -0.0006581507623195648,
            0.03766467422246933
        ],
        [
            0.09457603842020035,
            -2.796575427055359e-05,
            0.032036688178777695
        ],
        [
            0.08582526445388794,
            -0.01065576821565628,
            0.031228432431817055
        ],
        [
            0.09636519104242325,
            -0.01441384106874466,
            0.03500019758939743
        ],
        [
            0.11894331872463226,
            -0.004753757268190384,
            0.04174191877245903
        ],
        [
            0.1103656068444252,
            -0.01605946570634842,
            0.04245491325855255
        ],
        [
            0.12567979097366333,
            -0.020286008715629578,
            0.04473217576742172
        ],
        [
            0.14363525807857513,
            -0.026943178847432137,
            0.04113741219043732
        ],
        [
            0.09544353932142258,
            0.03058607503771782,
            0.011133847758173943
        ],
        [
            0.10543112456798553,
            0.0330757275223732,
            0.010599564760923386
        ],
        [
            0.20259666442871094,
            -0.0372965931892395,
            0.009072255343198776
        ],
        [
            0.20287862420082092,
            -0.0313013419508934,
            0.007496709004044533
        ],
        [
            0.20079255104064941,
            -0.03191322833299637,
            0.007251370698213577
        ],
        [
            0.20108462870121002,
            -0.037612538784742355,
            0.008663879707455635
        ],
        [
            0.0975491926074028,
            0.03202197700738907,
            -0.00904867984354496
        ],
        [
            0.09481234848499298,
            0.026017464697360992,
            -0.01665095053613186
        ],
        [
            0.08864801377058029,
            0.028948700055480003,
            -0.013992048799991608
        ],
        [
            0.09073556214570999,
            0.03301441669464111,
            -0.005772104486823082
        ],
        [
            0.10649662464857101,
            0.030710773542523384,
            -0.013429293408989906
        ],
        [
            0.10355179011821747,
            0.021815236657857895,
            -0.01971658132970333
        ],
        [
            0.2111237347126007,
            -0.04401648789644241,
            0.002024613320827484
        ],
        [
            0.20802195370197296,
            -0.043912842869758606,
            0.006314314901828766
        ],
        [
            0.2054302990436554,
            -0.045304179191589355,
            0.0033099465072155
        ],
        [
            0.2072276771068573,
            -0.04495169594883919,
            -0.0018446235917508602
        ],
        [
            0.15752147138118744,
            -0.026761718094348907,
            0.014894943684339523
        ],
        [
            0.15414240956306458,
            -0.018674267455935478,
            0.012410270050168037
        ],
        [
            0.17374123632907867,
            -0.031734924763441086,
            0.009324183687567711
        ],
        [
            0.16593493521213531,
            -0.025960441678762436,
            0.009174522943794727
        ],
        [
            0.16445986926555634,
            -0.03235907852649689,
            0.012054014019668102
        ],
        [
            0.17074048519134521,
            -0.03716721013188362,
            0.010629751719534397
        ],
        [
            0.15914086997509003,
            -0.005892198532819748,
            -0.0016999002546072006
        ],
        [
            0.1484571099281311,
            -0.003133930265903473,
            0.002044958993792534
        ],
        [
            0.15044046938419342,
            -0.008903378620743752,
            0.004579349420964718
        ],
        [
            0.16259191930294037,
            -0.012959797866642475,
            0.002044081687927246
        ],
        [
            0.14701293408870697,
            0.010417787358164787,
            -0.0020325202494859695
        ],
        [
            0.15726794302463531,
            0.006317052990198135,
            -0.005866598337888718
        ],
        [
            0.15491405129432678,
            0.014425480738282204,
            -0.007714312523603439
        ],
        [
            0.14863118529319763,
            0.01641840860247612,
            -0.0038256999105215073
        ],
        [
            0.1743660867214203,
            -0.003957717679440975,
            -0.010295997373759747
        ],
        [
            0.17943909764289856,
            -0.006924775429069996,
            -0.01113992091268301
        ],
        [
            0.17859554290771484,
            -0.0035826743114739656,
            -0.012483680620789528
        ],
        [
            0.17317305505275726,
            -0.0007460042834281921,
            -0.011742383241653442
        ],
        [
            0.0820869728922844,
            0.030981937423348427,
            -0.011982504278421402
        ],
        [
            0.08408880233764648,
            0.0330607146024704,
            -0.002580951899290085
        ],
        [
            0.143619105219841,
            0.020420944318175316,
            -0.033995725214481354
        ],
        [
            0.14022870361804962,
            0.02967412769794464,
            -0.028263896703720093
        ],
        [
            0.15360137820243835,
            0.029776865616440773,
            -0.031738124787807465
        ],
        [
            0.15410657227039337,
            0.019281640648841858,
            -0.038723304867744446
        ],
        [
            0.09389729052782059,
            0.016218163073062897,
            -0.019887661561369896
        ],
        [
            0.08730127662420273,
            0.020439617335796356,
            -0.019128698855638504
        ],
        [
            0.21341754496097565,
            -0.040408819913864136,
            -0.002808110788464546
        ],
        [
            0.20924322307109833,
            -0.041118819266557693,
            -0.0064877718687057495
        ],
        [
            0.11696374416351318,
            -0.02942507155239582,
            0.03843821585178375
        ],
        [
            0.1387389898300171,
            -0.03453119844198227,
            0.0381440632045269
        ],
        [
            0.10092390328645706,
            -0.024632787331938744,
            0.032813623547554016
        ],
        [
            0.09051910787820816,
            -0.021168097853660583,
            0.026245804503560066
        ],
        [
            0.08136919885873795,
            -0.018859615549445152,
            0.023143114522099495
        ],
        [
            0.16959016025066376,
            -0.021868955343961716,
            0.00540730357170105
        ],
        [
            0.14856140315532684,
            -0.012126287445425987,
            0.009182173758745193
        ],
        [
            0.1379239559173584,
            0.002184435725212097,
            0.006044970825314522
        ],
        [
            0.1398191750049591,
            0.03167640045285225,
            -0.003351982682943344
        ],
        [
            0.13064473867416382,
            0.03397973254323006,
            0.0007562190294265747
        ],
        [
            0.1347261369228363,
            0.0247344970703125,
            0.0047483667731285095
        ],
        [
            0.141712486743927,
            0.02435486391186714,
            -0.00018434599041938782
        ],
        [
            0.14281582832336426,
            0.03540503978729248,
            -0.02023044414818287
        ],
        [
            0.14631026983261108,
            0.03380855172872543,
            -0.012960033491253853
        ],
        [
            0.15305794775485992,
            0.03222554549574852,
            -0.016068607568740845
        ],
        [
            0.1523723006248474,
            0.034048084169626236,
            -0.0237592626363039
        ],
        [
            0.1512393206357956,
            -0.04064691439270973,
            0.020506814122200012
        ],
        [
            0.13781458139419556,
            -0.042008403688669205,
            0.022711843252182007
        ],
        [
            0.1005573719739914,
            0.03483503311872482,
            0.0007533952593803406
        ],
        [
            0.09353284537792206,
            0.03334299474954605,
            0.004017112776637077
        ],
        [
            0.08505301922559738,
            0.0325968861579895,
            0.005138125270605087
        ],
        [
            0.11912595480680466,
            0.011273786425590515,
            0.017296331003308296
        ],
        [
            0.10689722001552582,
            0.014292843639850616,
            0.023133188486099243
        ],
        [
            0.10788726806640625,
            0.01077861338853836,
            0.026120802387595177
        ],
        [
            0.11872836202383041,
            0.008071832358837128,
            0.01808413304388523
        ],
        [
            0.12869499623775482,
            -0.0024875998497009277,
            0.022470438852906227
        ],
        [
            0.12188248336315155,
            0.0018847547471523285,
            0.03265300393104553
        ],
        [
            0.1399206817150116,
            -0.007454242557287216,
            0.02175617404282093
        ],
        [
            0.09379755705595016,
            0.00877288356423378,
            0.02652759477496147
        ],
        [
            0.08549041301012039,
            0.015885964035987854,
            0.02394375205039978
        ],
        [
            0.08430496603250504,
            0.007817503064870834,
            0.027509039267897606
        ],
        [
            0.0855693444609642,
            0.023800481110811234,
            0.018135864287614822
        ],
        [
            0.0855167955160141,
            0.02998211234807968,
            0.011705692857503891
        ],
        [
            0.07914701104164124,
            0.02288757637143135,
            -0.02025267295539379
        ],
        [
            0.08370904624462128,
            -0.00030615925788879395,
            0.029286231845617294
        ],
        [
            0.15663334727287292,
            -0.017899028956890106,
            0.0307864211499691
        ],
        [
            0.16247087717056274,
            -0.02243754453957081,
            0.029786309227347374
        ],
        [
            0.1609165072441101,
            -0.02051694318652153,
            0.022526424378156662
        ],
        [
            0.1554841846227646,
            -0.017246371135115623,
            0.02274235710501671
        ],
        [
            0.16910913586616516,
            -0.04729686304926872,
            0.000867877621203661
        ],
        [
            0.17048586905002594,
            -0.0430692583322525,
            0.007814910262823105
        ],
        [
            0.16224735975265503,
            -0.039588216692209244,
            0.011195927858352661
        ],
        [
            0.11956263333559036,
            0.024282041937112808,
            0.014241712167859077
        ],
        [
            0.11568357795476913,
            0.034044019877910614,
            0.0070108454674482346
        ],
        [
            0.17734909057617188,
            -0.027827821671962738,
            0.00548697542399168
        ],
        [
            0.20350372791290283,
            -0.04610496386885643,
            -0.004372346214950085
        ],
        [
            0.20182543992996216,
            -0.046875301748514175,
            0.0014995853416621685
        ],
        [
            0.18517786264419556,
            -0.04807280749082565,
            -0.00014973804354667664
        ],
        [
            0.18663690984249115,
            -0.047379039227962494,
            -0.006953743286430836
        ],
        [
            0.18454748392105103,
            -0.02799205668270588,
            -0.0026748531963676214
        ],
        [
            0.18179486691951752,
            -0.02915334701538086,
            0.0040601696819067
        ],
        [
            0.18398575484752655,
            -0.029272863641381264,
            0.0027156705036759377
        ],
        [
            0.18727773427963257,
            -0.02636459842324257,
            -0.0023066282738000154
        ],
        [
            0.17380477488040924,
            0.0044964151456952095,
            -0.013906018808484077
        ],
        [
            0.16957958042621613,
            0.00694645568728447,
            -0.012961829081177711
        ],
        [
            0.1692044883966446,
            -0.03231561556458473,
            -0.020067885518074036
        ],
        [
            0.16520774364471436,
            -0.04406333714723587,
            -0.015011380426585674
        ],
        [
            0.1532006710767746,
            -0.041626717895269394,
            -0.011414553970098495
        ],
        [
            0.15726551413536072,
            0.0009777853265404701,
            -0.004108310677111149
        ],
        [
            0.16668567061424255,
            -0.0008499780669808388,
            -0.007653530687093735
        ],
        [
            0.16576601564884186,
            0.002865762449800968,
            -0.009172041900455952
        ],
        [
            0.1727733463048935,
            -0.020343447104096413,
            0.0021376926451921463
        ],
        [
            0.17928358912467957,
            -0.024207433685660362,
            0.0008204616606235504
        ],
        [
            0.17669373750686646,
            -0.020230647176504135,
            -0.00214424729347229
        ],
        [
            0.17072978615760803,
            -0.015873216092586517,
            -0.0005562324076890945
        ],
        [
            0.12743031978607178,
            0.030310213565826416,
            -0.023937206715345383
        ],
        [
            0.13105887174606323,
            0.03723522275686264,
            -0.015032032504677773
        ],
        [
            0.20470282435417175,
            -0.041641898453235626,
            0.008771995082497597
        ],
        [
            0.2029227912425995,
            -0.042574040591716766,
            0.007293974980711937
        ],
        [
            0.14688727259635925,
            0.0035632653161883354,
            -0.0003009885549545288
        ],
        [
            0.13976147770881653,
            -0.03696368262171745,
            -0.006561374757438898
        ],
        [
            0.13724461197853088,
            0.007401084527373314,
            0.004362035542726517
        ],
        [
            0.16806858777999878,
            0.008120345883071423,
            -0.03218478709459305
        ],
        [
            0.17012734711170197,
            0.013622276484966278,
            -0.025875438004732132
        ],
        [
            0.17300905287265778,
            0.013071956112980843,
            -0.023130832239985466
        ],
        [
            0.1744263917207718,
            0.009744751267135143,
            -0.027502303943037987
        ],
        [
            0.20063409209251404,
            -0.02579876221716404,
            -0.0025046556256711483
        ],
        [
            0.20018640160560608,
            -0.027225954458117485,
            0.0032416395843029022
        ],
        [
            0.20174220204353333,
            -0.02710868790745735,
            0.003226321190595627
        ],
        [
            0.2040705680847168,
            -0.025631852447986603,
            -0.0022031497210264206
        ],
        [
            0.17984573543071747,
            -0.03344307094812393,
            0.007622783072292805
        ],
        [
            0.17766840755939484,
            -0.039169348776340485,
            0.00904286839067936
        ],
        [
            0.18358249962329865,
            -0.039027176797389984,
            0.008018353953957558
        ],
        [
            0.18413251638412476,
            -0.03339555859565735,
            0.005938841495662928
        ],
        [
            0.17772416770458221,
            -0.044892147183418274,
            0.005547567270696163
        ],
        [
            0.18375800549983978,
            -0.044870417565107346,
            0.005160297732800245
        ],
        [
            0.20229105651378632,
            -0.028298426419496536,
            -0.008332335390150547
        ],
        [
            0.20437932014465332,
            -0.03528529033064842,
            -0.011000284925103188
        ],
        [
            0.18849001824855804,
            -0.0350356288254261,
            -0.013867009431123734
        ],
        [
            0.18981961905956268,
            -0.028700606897473335,
            -0.009266109205782413
        ],
        [
            0.11655320972204208,
            0.001794375479221344,
            -0.023109333589673042
        ],
        [
            0.11586219817399979,
            0.01287566777318716,
            -0.024619773030281067
        ],
        [
            0.1309637576341629,
            0.011835625395178795,
            -0.028461113572120667
        ],
        [
            0.14614754915237427,
            0.010979462414979935,
            -0.03379274159669876
        ],
        [
            0.16045992076396942,
            0.009464891627430916,
            -0.036977242678403854
        ],
        [
            0.16107764840126038,
            -0.002614821307361126,
            -0.037221238017082214
        ],
        [
            0.1291337013244629,
            0.02003226801753044,
            -0.02846650965511799
        ],
        [
            0.18102627992630005,
            -0.029037445783615112,
            -0.012824080884456635
        ],
        [
            0.17737270891666412,
            -0.035360805690288544,
            -0.015580140985548496
        ],
        [
            0.1772853285074234,
            -0.030805332586169243,
            -0.017931664362549782
        ],
        [
            0.13767336308956146,
            0.014803027734160423,
            0.003169989213347435
        ],
        [
            0.20037168264389038,
            -0.04439791291952133,
            0.006171660963445902
        ],
        [
            0.08661995083093643,
            -0.02047772705554962,
            0.0013393070548772812
        ],
        [
            0.08649755269289017,
            -0.011850794777274132,
            -0.009298605844378471
        ],
        [
            0.09471634775400162,
            -0.014955248683691025,
            -0.008966382592916489
        ],
        [
            0.09524084627628326,
            -0.024215903133153915,
            0.003966501448303461
        ],
        [
            0.19979099929332733,
            -0.032616183161735535,
            0.008006103336811066
        ],
        [
            0.19932428002357483,
            -0.03891401365399361,
            0.009185247123241425
        ],
        [
            0.16942346096038818,
            0.013369690626859665,
            -0.01384907029569149
        ],
        [
            0.17312106490135193,
            0.010263316333293915,
            -0.014955827035009861
        ],
        [
            0.1724289357662201,
            0.012967590242624283,
            -0.016758935526013374
        ],
        [
            0.1704060435295105,
            0.017231592908501625,
            -0.015489776618778706
        ],
        [
            0.11439443379640579,
            0.018757568672299385,
            -0.024183649569749832
        ],
        [
            0.162852942943573,
            0.03218929469585419,
            -0.027087047696113586
        ],
        [
            0.16360804438591003,
            0.021575823426246643,
            -0.034687768667936325
        ],
        [
            0.10293956845998764,
            0.013287791982293129,
            -0.02141072414815426
        ],
        [
            0.10319500416517258,
            0.003501810133457184,
            -0.02070753276348114
        ],
        [
            0.09361233562231064,
            0.005256332457065582,
            -0.01930989697575569
        ],
        [
            0.16832388937473297,
            -0.013934657908976078,
            -0.030555367469787598
        ],
        [
            0.1192602664232254,
            -0.0063592372462153435,
            -0.021578291431069374
        ],
        [
            0.1050834059715271,
            -0.00368337519466877,
            -0.018695708364248276
        ],
        [
            0.09373258799314499,
            -0.001907041296362877,
            -0.016934234648942947
        ],
        [
            0.08550701290369034,
            -0.00023373961448669434,
            -0.016548655927181244
        ],
        [
            0.08623695373535156,
            0.007472424767911434,
            -0.019084829837083817
        ],
        [
            0.20443356037139893,
            -0.041358135640621185,
            -0.008717701770365238
        ],
        [
            0.21008853614330292,
            -0.03430349379777908,
            -0.00919852964580059
        ],
        [
            0.07746192067861557,
            0.009693149477243423,
            -0.02044822834432125
        ],
        [
            0.07713936269283295,
            0.0011231191456317902,
            -0.016893096268177032
        ],
        [
            0.10667240619659424,
            -0.011989183723926544,
            -0.015007776208221912
        ],
        [
            0.10855495184659958,
            -0.021483968943357468,
            -0.008637950755655766
        ],
        [
            0.12036233395338058,
            -0.014139425940811634,
            -0.017680197954177856
        ],
        [
            0.12329839169979095,
            -0.023845655843615532,
            -0.012081013061106205
        ],
        [
            0.16498331725597382,
            -0.024897858500480652,
            -0.03111608512699604
        ],
        [
            0.21981562674045563,
            -0.025817517191171646,
            0.004462718963623047
        ],
        [
            0.21283937990665436,
            -0.027729690074920654,
            -0.0039887260645627975
        ],
        [
            0.2084171622991562,
            -0.0254405215382576,
            -0.0007440634071826935
        ],
        [
            0.21661612391471863,
            -0.023104602470993996,
            0.005364477634429932
        ],
        [
            0.20705299079418182,
            -0.02786870114505291,
            -0.006767988204956055
        ],
        [
            0.21436940133571625,
            -0.03332122787833214,
            -0.005207942798733711
        ],
        [
            0.1252756118774414,
            -0.03358151763677597,
            -0.0010551991872489452
        ],
        [
            0.1825656294822693,
            -0.02416403219103813,
            -0.004571078345179558
        ],
        [
            0.11037904769182205,
            -0.031082581728696823,
            0.007360090501606464
        ],
        [
            0.13311773538589478,
            -0.04261910542845726,
            0.009171327576041222
        ],
        [
            0.1238204687833786,
            -0.03973136842250824,
            0.01771547645330429
        ],
        [
            0.09686781466007233,
            -0.02855280227959156,
            0.0181181188672781
        ],
        [
            0.11144237220287323,
            -0.03506840765476227,
            0.026292966678738594
        ],
        [
            0.07988154888153076,
            -0.02124013565480709,
            0.011966549791395664
        ],
        [
            0.08845573663711548,
