{
    "pred_cam": [
        6.755061626434326,
        0.12531140446662903,
        0.017953451722860336
    ],
    "pred_mano_params": {
        "global_orient": [
            [
                [
                    -0.7587809562683105,
                    0.45597144961357117,
                    -0.465125173330307
                ],
                [
                    0.4365518093109131,
                    -0.173956960439682,
                    -0.8827011585235596
                ],
                [
                    -0.4833983778953552,
                    -0.8728280663490295,
                    -0.06705993413925171
                ]
            ]
        ],
        "hand_pose": [
            [
                [
                    0.8987948298454285,
                    -0.32767900824546814,
                    -0.2911946773529053
                ],
                [
                    0.35703131556510925,
                    0.9326134920120239,
                    0.05254225432872772
                ],
                [
                    0.2543551027774811,
                    -0.15119032561779022,
                    0.9552198648452759
                ]
            ],
            [
                [
                    0.5829740166664124,
                    -0.7864061594009399,
                    0.2042221575975418
                ],
                [
                    0.8111661672592163,
                    0.5489904880523682,
                    -0.2015412598848343
                ],
                [
                    0.04637724533677101,
                    0.28315138816833496,
                    0.9579532742500305
                ]
            ],
            [
                [
                    0.9597254991531372,
                    -0.27722597122192383,
                    0.04552585631608963
                ],
                [
                    0.2723575532436371,
                    0.9578585624694824,
                    0.09126017987728119
                ],
                [
                    -0.06890701502561569,
                    -0.07518542557954788,
                    0.9947858452796936
                ]
            ],
            [
                [
                    0.48896318674087524,
                    -0.8192801475524902,
                    -0.2994913160800934
                ],
                [
                    0.8720390200614929,
                    0.45063239336013794,
                    0.19099311530590057
                ],
                [
                    -0.021516377106308937,
                    -0.35455670952796936,
                    0.9347869157791138
                ]
            ],
            [
                [
                    0.8995108604431152,
                    -0.420573353767395,
                    -0.11831401288509369
                ],
                [
                    0.4367809295654297,
                    0.8719440698623657,
                    0.2212146371603012
                ],
                [
                    0.010126225650310516,
                    -0.25066229701042175,
                    0.9680215716362
                ]
            ],
            [
                [
                    0.9988062381744385,
                    -0.04068408161401749,
                    0.027031797915697098
                ],
                [
                    0.04211273044347763,
                    0.9976211190223694,
                    -0.0545760914683342
                ],
                [
                    -0.024747123941779137,
                    0.05564934015274048,
                    0.9981434941291809
                ]
            ],
            [
                [
                    0.4947632849216461,
                    -0.7772451043128967,
                    0.38871482014656067
                ],
                [
                    0.6308342218399048,
                    0.6288688778877258,
                    0.45450201630592346
                ],
                [
                    -0.5977101922035217,
                    0.020343679934740067,
                    0.8014540672302246
                ]
            ],
            [
                [
                    0.913917064666748,
                    -0.39658698439598083,
                    -0.08645467460155487
                ],
                [
                    0.3911857306957245,
                    0.8037424087524414,
                    0.44829878211021423
                ],
                [
                    -0.10830216109752655,
                    -0.4435277283191681,
                    0.8896930813789368
                ]
            ],
            [
                [
                    0.970531702041626,
                    -0.22486110031604767,
                    0.08663517981767654
                ],
                [
                    0.21852758526802063,
                    0.9728006720542908,
                    0.07684047520160675
                ],
                [
                    -0.10155720263719559,
                    -0.05564394220709801,
                    0.9932722449302673
                ]
            ],
            [
                [
                    0.426003634929657,
                    -0.8987597823143005,
                    0.10369054228067398
                ],
                [
                    0.8895311951637268,
                    0.4370048940181732,
                    0.1332702934741974
                ],
                [
                    -0.16509124636650085,
                    0.03546233847737312,
                    0.9856405258178711
                ]
            ],
            [
                [
                    0.9701266288757324,
                    -0.23608911037445068,
                    0.055823180824518204
                ],
                [
                    0.16857336461544037,
                    0.8214948773384094,
                    0.5447285771369934
                ],
                [
                    -0.1744629442691803,
                    -0.5190454125404358,
                    0.8367524147033691
                ]
            ],
            [
                [
                    0.9907185435295105,
                    -0.13556383550167084,
                    -0.009961397387087345
                ],
                [
                    0.1340516209602356,
                    0.9865445494651794,
                    -0.09359543025493622
                ],
                [
                    0.022515518590807915,
                    0.09139139205217361,
                    0.9955605268478394
                ]
            ],
            [
                [
                    0.987358570098877,
                    -0.07960458099842072,
                    0.13706202805042267
                ],
                [
                    0.15833808481693268,
                    0.45605039596557617,
                    -0.8757549524307251
                ],
                [
                    0.007206904236227274,
                    0.8863864541053772,
                    0.462889701128006
                ]
            ],
            [
                [
                    0.9480074644088745,
                    -0.30252155661582947,
                    0.09880585968494415
                ],
                [
                    0.21004469692707062,
                    0.8280116319656372,
                    0.5198826193809509
                ],
                [
                    -0.23908811807632446,
                    -0.4720989465713501,
                    0.8485042452812195
                ]
            ],
            [
                [
                    0.9696407318115234,
                    -0.23557135462760925,
                    0.06559696048498154
                ],
                [
                    0.24408024549484253,
                    0.9160367846488953,
                    -0.31827864050865173
                ],
                [
                    0.014888105913996696,
                    0.3246268928050995,
                    0.9457249045372009
                ]
            ]
        ],
        "betas": [
            0.0101042240858078,
            -0.057142168283462524,
            0.07250803709030151,
            0.005499333143234253,
            0.05588817596435547,
            0.07657599449157715,
            0.042885392904281616,
            -0.037500590085983276,
            -0.07813853025436401,
            -0.06457856297492981
        ]
    },
    "pred_cam_t": [
        -0.12531140446662903,
        0.017953451722860336,
        5.782700538635254
    ],
    "focal_length": [
        5000.0,
        5000.0
    ],
    "pred_keypoints_3d": [
        [
            0.09566209465265274,
            0.006389236077666283,
            0.00619222316890955
        ],
        [
            0.09483246505260468,
            -0.024281581863760948,
            0.029586825519800186
        ],
        [
            0.09103456139564514,
            -0.03751826658844948,
            0.05704987794160843
        ],
        [
            0.08902119845151901,
            -0.04715755954384804,
            0.08224335312843323
        ],
        [
            0.07790441066026688,
            -0.05290047079324722,
            0.1150331124663353
        ],
        [
            0.15050539374351501,
            -0.049404047429561615,
            0.05196366831660271
        ],
        [
            0.17383526265621185,
            -0.05570678412914276,
            0.07435452193021774
        ],
        [
            0.16785642504692078,
            -0.05225953087210655,
            0.09538592398166656
        ],
        [
            0.15681684017181396,
            -0.04756093770265579,
            0.11716584116220474
        ],
        [
            0.16840031743049622,
            -0.03171907365322113,
            0.053511735051870346
        ],
        [
            0.16979344189167023,
            -0.02891673892736435,
            0.08504138141870499
        ],
        [
            0.1576457917690277,
            -0.02529696375131607,
            0.10450820624828339
        ],
        [
            0.14788225293159485,
            -0.021939191967248917,
            0.1284789890050888
        ],
        [
            0.16837584972381592,
            -0.005106892436742783,
            0.050998806953430176
        ],
        [
            0.16810549795627594,
            -0.0068791029043495655,
            0.07977750897407532
        ],
        [
            0.1569284349679947,
            -0.0049624391831457615,
            0.10176009684801102
        ],
        [
            0.1479836106300354,
            -0.0035689212381839752,
            0.125810906291008
        ],
        [
            0.16350969672203064,
            0.016183890402317047,
            0.05107066035270691
        ],
        [
            0.16607634723186493,
            0.013070759363472462,
            0.07174629718065262
        ],
        [
            0.15698611736297607,
            0.01435907930135727,
            0.08826568722724915
        ],
        [
            0.14553026854991913,
            0.014247139915823936,
            0.10322271287441254
        ]
    ],
    "pred_vertices": [
        [
            0.11790893971920013,
            -0.02705015055835247,
            0.045373424887657166
        ],
        [
            0.10989837348461151,
            -0.021554578095674515,
            0.04213714599609375
        ],
        [
            0.108645960688591,
            -0.027202904224395752,
            0.05034736543893814
        ],
        [
            0.11681340634822845,
            -0.03434652090072632,
            0.05160423368215561
        ],
        [
            0.0899600237607956,
            -0.014104865491390228,
            0.04616629332304001
        ],
        [
            0.07965153455734253,
            -0.017964020371437073,
            0.04160136356949806
        ],
        [
            0.08140996098518372,
            -0.025359343737363815,
            0.05477524921298027
        ],
        [
            0.08940048515796661,
            -0.020306412130594254,
            0.05769278481602669
        ],
        [
            0.11600872874259949,
            -0.04055241495370865,
            0.05617591366171837
        ],
        [
            0.10753926634788513,
            -0.031691160053014755,
            0.05731336027383804
        ],
        [
            0.11369229853153229,
            -0.044273629784584045,
            0.05671781301498413
        ],
        [
            0.12577466666698456,
            -0.05291428416967392,
            0.04802428185939789
        ],
        [
            0.12518635392189026,
            -0.04788145422935486,
            0.05197921022772789
        ],
        [
            0.135010227560997,
            -0.05622008070349693,
            0.04576905444264412
        ],
        [
            0.1245310828089714,
            -0.0534011535346508,
            0.03704721853137016
        ],
        [
            0.14062979817390442,
            -0.05501299351453781,
            0.037868235260248184
        ],
        [
            0.13904577493667603,
            -0.031357333064079285,
            0.01863447204232216
        ],
        [
            0.1429317593574524,
            -0.01815226301550865,
            0.016827967017889023
        ],
        [
            0.15755072236061096,
            -0.023806700482964516,
            0.025640375912189484
        ],
        [
            0.15137368440628052,
            -0.03629887476563454,
            0.02727958932518959
        ],
        [
            0.15586504340171814,
            -0.0028091715648770332,
            0.024915684014558792
        ],
        [
            0.15752796828746796,
            -0.014618300832808018,
            0.025741633027791977
        ],
        [
            0.14367252588272095,
            -0.009135693311691284,
            0.015785522758960724
        ],
        [
            0.1427297592163086,
            0.001130562275648117,
            0.015732042491436005
        ],
        [
            0.11922182142734528,
            -0.011725833639502525,
            0.03863605111837387
        ],
        [
            0.1112385243177414,
            -0.006813002750277519,
            0.034445054829120636
        ],
        [
            0.111302450299263,
            -0.013133630156517029,
            0.03574229031801224
        ],
        [
            0.11838142573833466,
            -0.017408663406968117,
            0.0399613156914711
        ],
        [
            0.10115528106689453,
            -0.04840193688869476,
            0.05994880944490433
        ],
        [
            0.10521085560321808,
            -0.050549592822790146,
            0.04483552649617195
        ],
        [
            0.11138634383678436,
            -0.049244485795497894,
            0.0501319020986557
        ],
        [
            0.103135846555233,
            -0.044605713337659836,
            0.06370248645544052
        ],
        [
            0.09114981442689896,
            0.014565087854862213,
            0.028659073635935783
        ],
        [
            0.08377573639154434,
            0.016618890687823296,
            0.017436228692531586
        ],
        [
            0.08196259289979935,
            0.01101226732134819,
            0.0167800635099411
        ],
        [
            0.0895853266119957,
            0.010111920535564423,
            0.02674148976802826
        ],
        [
            0.0778922438621521,
            -0.008386258035898209,
            0.0233304463326931
        ],
        [
            0.07538209855556488,
            -0.005450408905744553,
            0.014079444110393524
        ],
        [
            0.0712667778134346,
            -0.013331525027751923,
            0.004106190055608749
        ],
        [
            0.07438584417104721,
            -0.018931232392787933,
            0.011884205043315887
        ],
        [
            0.07943982630968094,
            -0.013234559446573257,
            0.032841481268405914
        ],
        [
            0.07477971911430359,
            -0.02253686636686325,
            0.023906536400318146
        ],
        [
            0.0757397711277008,
            -0.026270370930433273,
            0.034732282161712646
        ],
        [
            0.07816001772880554,
            -0.03255949541926384,
            0.049819521605968475
        ],
        [
            0.08935903757810593,
            0.02808498591184616,
            0.01595250889658928
        ],
        [
            0.09519432485103607,
            0.028432972729206085,
            0.024380788207054138
        ],
        [
            0.1605614721775055,
            -0.05731235444545746,
            0.07938112318515778
        ],
        [
            0.1611752212047577,
            -0.051282308995723724,
            0.08028426766395569
        ],
        [
            0.15989243984222412,
            -0.051362425088882446,
            0.07794253528118134
        ],
        [
            0.1596529185771942,
            -0.05721774697303772,
            0.07749931514263153
        ],
        [
            0.10688721388578415,
            0.03393687307834625,
            0.007615052163600922
        ],
        [
            0.11207421123981476,
            0.030733101069927216,
            -0.0004283040761947632
        ],
        [
            0.10617361217737198,
            0.034203507006168365,
            -0.0029829293489456177
        ],
        [
            0.10028661787509918,
            0.03558313101530075,
            0.0042488835752010345
        ],
        [
            0.11555973440408707,
            0.031701382249593735,
            0.012088682502508163
        ],
        [
            0.1198183000087738,
            0.025569237768650055,
            0.0036192387342453003
        ],
        [
            0.17218469083309174,
            -0.06274155527353287,
            0.07847749441862106
        ],
        [
            0.16705046594142914,
            -0.06348170340061188,
            0.07925915718078613
        ],
        [
            0.16738004982471466,
            -0.06365499645471573,
            0.07500006258487701
        ],
        [
            0.17229944467544556,
            -0.062140852212905884,
            0.07307624071836472
        ],
        [
            0.12474802881479263,
            -0.04064130038022995,
            0.05205574631690979
        ],
        [
            0.12512415647506714,
            -0.03154784440994263,
            0.049340005964040756
        ],
        [
            0.14032554626464844,
            -0.047023508697748184,
            0.058078471571207047
        ],
        [
            0.13522407412528992,
            -0.039795611053705215,
            0.05372162163257599
        ],
        [
            0.13221633434295654,
            -0.046404216438531876,
            0.05276433750987053
        ],
        [
            0.13783101737499237,
            -0.05194642394781113,
            0.05506462603807449
        ],
        [
            0.13878309726715088,
            -0.01666131243109703,
            0.04864536225795746
        ],
        [
            0.12944647669792175,
            -0.012725075706839561,
            0.04294363781809807
        ],
        [
            0.1289946436882019,
            -0.019295793026685715,
            0.04422764107584953
        ],
        [
            0.13821592926979065,
            -0.024945750832557678,
            0.05109516903758049
        ],
        [
            0.1310100257396698,
            0.001337531954050064,
            0.0439755953848362
        ],
        [
            0.14031216502189636,
            -0.0037379190325737,
            0.0490155965089798
        ],
        [
            0.14013125002384186,
            0.004878249950706959,
            0.0488693043589592
        ],
        [
            0.13306793570518494,
            0.00710979662835598,
            0.046238016337156296
        ],
        [
            0.15468817949295044,
            -0.01566777005791664,
            0.05635851249098778
        ],
        [
            0.1581059843301773,
            -0.01893433928489685,
            0.05832437053322792
        ],
        [
            0.15862508118152618,
            -0.014952041208744049,
            0.05955708399415016
        ],
        [
            0.15485471487045288,
            -0.011853533796966076,
            0.05611581727862358
        ],
        [
            0.10064897686243057,
            0.037048257887363434,
            -0.006478063762187958
        ],
        [
            0.09392233937978745,
            0.03627810254693031,
            0.0006709322333335876
        ],
        [
            0.15313422679901123,
            0.018953166902065277,
            0.027427926659584045
        ],
        [
            0.14632461965084076,
            0.02724733203649521,
            0.03108235076069832
        ],
        [
            0.15761391818523407,
            0.02578134834766388,
            0.038697026669979095
        ],
        [
            0.16274237632751465,
            0.0170446690171957,
            0.032313331961631775
        ],
        [
            0.1150117889046669,
            0.022425577044487,
            -0.005943745374679565
        ],
        [
            0.1103283241391182,
            0.027681607753038406,
            -0.00945153459906578
        ],
        [
            0.17670176923274994,
            -0.058240365236997604,
            0.07795746624469757
        ],
        [
            0.1765776425600052,
            -0.0574602410197258,
            0.07264626771211624
        ],
        [
            0.07971783727407455,
            -0.03483933210372925,
            0.024401400238275528
        ],
        [
            0.08056291937828064,
            -0.040622130036354065,
            0.04412618651986122
        ],
        [
            0.07900239527225494,
            -0.028488054871559143,
            0.01047118753194809
        ],
        [
            0.07898753136396408,
            -0.022861268371343613,
            0.001234356313943863
        ],
        [
            0.0760706290602684,
            -0.018390845507383347,
            -0.005763087421655655
        ],
        [
            0.14007720351219177,
            -0.03570758178830147,
            0.05564383417367935
        ],
        [
            0.1244097650051117,
            -0.023313963785767555,
            0.04466622322797775
        ],
        [
            0.11986947804689407,
            -0.006545571610331535,
            0.038317397236824036
        ],
        [
            0.12636350095272064,
            0.023170799016952515,
            0.04427110403776169
        ],
        [
            0.1174396499991417,
            0.026278717443346977,
            0.03969677537679672
        ],
        [
            0.1173303872346878,
            0.01576722040772438,
            0.042058005928993225
        ],
        [
            0.1255035549402237,
            0.015138763934373856,
            0.045043665915727615
        ],
        [
            0.14128372073173523,
            0.03012797236442566,
            0.03923339396715164
        ],
        [
            0.13796180486679077,
            0.026051560416817665,
            0.04548110440373421
        ],
        [
            0.14571937918663025,
            0.023990143090486526,
            0.04896123707294464
        ],
        [
            0.1507147252559662,
            0.027971304953098297,
            0.04428797960281372
        ],
        [
            0.09454736858606339,
            -0.051621053367853165,
            0.057770177721977234
        ],
        [
            0.09832313656806946,
            -0.05080949887633324,
            0.04112415760755539
        ],
        [
            0.10033924877643585,
            0.03351742774248123,
            0.01596907526254654
        ],
        [
            0.09385797381401062,
            0.03282739967107773,
            0.011631760746240616
        ],
        [
            0.08820468187332153,
            0.03373543918132782,
            0.005281265825033188
        ],
        [
            0.10065533965826035,
            0.0026688650250434875,
            0.03177843987941742
        ],
        [
            0.08853175491094589,
            0.007012948393821716,
            0.025446012616157532
        ],
        [
            0.08808103203773499,
            0.002725590020418167,
            0.02576003596186638
        ],
        [
            0.10137804597616196,
            -0.0010218359529972076,
            0.030829450115561485
        ],
        [
            0.10182108730077744,
            -0.013466745615005493,
            0.03941135108470917
        ],
        [
            0.09040951728820801,
            -0.008110478520393372,
            0.03537029027938843
        ],
        [
            0.10088413208723068,
            -0.01776944473385811,
            0.049538563936948776
        ],
        [
            0.07834607362747192,
            0.004017438739538193,
            0.014795418828725815
        ],
        [
            0.07448089867830276,
            0.013185665011405945,
            0.009942885488271713
        ],
        [
            0.0716574639081955,
            0.004935022443532944,
            0.008055217564105988
        ],
        [
            0.07859613746404648,
            0.022105194628238678,
            0.009582597762346268
        ],
        [
            0.08331859111785889,
            0.02955905720591545,
            0.008210230618715286
        ],
        [
            0.10641641914844513,
            0.03202132135629654,
            -0.015706341713666916
        ],
        [
            0.0705474242568016,
            -0.0030348971486091614,
            0.0057423412799835205
        ],
        [
            0.089134082198143,
            -0.026338517665863037,
            0.06478936970233917
        ],
        [
            0.08770431578159332,
            -0.0318148210644722,
            0.07084524631500244
        ],
        [
            0.0954696387052536,
            -0.03273247927427292,
            0.07094674557447433
        ],
        [
            0.09757727384567261,
            -0.02773391082882881,
            0.06502415984869003
        ],
        [
            0.14497946202754974,
            -0.059036433696746826,
            0.046894870698451996
        ],
        [
            0.14011041820049286,
            -0.05691376328468323,
            0.052362989634275436
        ],
        [
            0.13112878799438477,
            -0.052841052412986755,
            0.05006744712591171
        ],
        [
            0.10091542452573776,
            0.016274593770503998,
            0.03474593907594681
        ],
        [
            0.10384342819452286,
            0.028035974130034447,
            0.030957290902733803
        ],
        [
            0.14516779780387878,
            -0.043036412447690964,
            0.060004036873579025
        ],
        [
            0.17174267768859863,
            -0.06188816577196121,
            0.06827983260154724
        ],
        [
            0.16638216376304626,
            -0.06393340229988098,
            0.07052771002054214
        ],
        [
            0.157063826918602,
            -0.06192794814705849,
            0.05667990446090698
        ],
        [
            0.16303010284900665,
            -0.05978796258568764,
            0.0538782961666584
        ],
        [
            0.1557944416999817,
            -0.04210812970995903,
            0.06060504540801048
        ],
        [
            0.14943736791610718,
            -0.044580042362213135,
            0.06211228296160698
        ],
        [
            0.15205886960029602,
            -0.04459651559591293,
            0.06285212934017181
        ],
        [
            0.15761561691761017,
            -0.041023965924978256,
            0.06309489905834198
        ],
        [
            0.15754073858261108,
            -0.0056510185822844505,
            0.058062344789505005
        ],
        [
            0.15392754971981049,
            -0.0032206494361162186,
            0.055195000022649765
        ],
        [
            0.16175788640975952,
            -0.03940783441066742,
            0.03877644240856171
        ],
        [
            0.15583565831184387,
            -0.05104713514447212,
            0.034947559237480164
        ],
        [
            0.14571040868759155,
            -0.04765470698475838,
            0.02993275597691536
        ],
        [
            0.1391865611076355,
            -0.009197553619742393,
            0.04815298691391945
        ],
        [
            0.14767597615718842,
            -0.011976754292845726,
            0.053170278668403625
        ],
        [
            0.1482534259557724,
            -0.007856090553104877,
            0.05294916406273842
        ],
        [
            0.14440089464187622,
            -0.0341048426926136,
            0.056873250752687454
        ],
        [
            0.14950807392597198,
            -0.03871113434433937,
            0.05999347195029259
        ],
        [
            0.1501123160123825,
            -0.03361701965332031,
            0.05744992196559906
        ],
        [
            0.1451854109764099,
            -0.02875857800245285,
            0.055202417075634
        ],
        [
            0.13561977446079254,
            0.029394861310720444,
            0.023312292993068695
        ],
        [
            0.1300804316997528,
            0.03303956240415573,
            0.03302110731601715
        ],
        [
            0.16275320947170258,
            -0.06159287691116333,
            0.07932554185390472
        ],
        [
            0.1624445617198944,
            -0.061791688203811646,
            0.0765022486448288
        ],
        [
            0.1299871802330017,
            -0.005515042692422867,
            0.04261001944541931
        ],
        [
            0.13388122618198395,
            -0.041861094534397125,
            0.023595906794071198
        ],
        [
            0.12042680382728577,
            -0.001034121960401535,
            0.03845813870429993
        ],
        [
            0.1680583506822586,
            0.0015960000455379486,
            0.04309628903865814
        ],
        [
            0.16513954102993011,
            0.00527805183082819,
            0.05019503831863403
        ],
        [
            0.1658557653427124,
            0.003255428746342659,
            0.054709576070308685
        ],
        [
            0.16991713643074036,
            0.0001808044034987688,
            0.051699183881282806
        ],
        [
            0.1665193736553192,
            -0.042686983942985535,
            0.07312826812267303
        ],
        [
            0.16210420429706573,
            -0.045446187257766724,
            0.07590397447347641
        ],
        [
            0.16298404335975647,
            -0.04585617035627365,
            0.07747513800859451
        ],
        [
            0.16830897331237793,
            -0.04336084425449371,
            0.07607155293226242
        ],
        [
            0.14601504802703857,
            -0.04927961528301239,
            0.06139986962080002
        ],
        [
            0.14406026899814606,
            -0.054732367396354675,
            0.058818597346544266
        ],
        [
            0.14890964329242706,
            -0.0552215501666069,
            0.062884621322155
        ],
        [
            0.150220587849617,
            -0.04942295327782631,
            0.06369801610708237
        ],
        [
            0.14741018414497375,
            -0.059226926416158676,
            0.05542070046067238
        ],
        [
            0.15180858969688416,
            -0.060033392161130905,
            0.059716563671827316
        ],
        [
            0.17209520936012268,
            -0.04387121647596359,
            0.06999345868825912
        ],
        [
            0.17608818411827087,
            -0.050055183470249176,
            0.06779830157756805
        ],
        [
            0.1681210845708847,
            -0.04663529992103577,
            0.054475218057632446
        ],
        [
            0.16473796963691711,
            -0.04195750877261162,
            0.06003126874566078
        ],
        [
            0.13147005438804626,
            0.00472957082092762,
            0.005889564752578735
        ],
        [
            0.13137835264205933,
            0.015718350186944008,
            0.008037246763706207
        ],
        [
            0.14279446005821228,
            0.01249098964035511,
            0.017688967287540436
        ],
        [
            0.1552380621433258,
            0.009746002033352852,
            0.026420582085847855
        ],
        [
            0.16594308614730835,
            0.0059861717745661736,
            0.035317711532115936
        ],
        [
            0.16762836277484894,
            -0.005771996919065714,
            0.03218687325716019
        ],
        [
            0.14108507335186005,
            0.020538123324513435,
            0.018860992044210434
        ],
        [
            0.16058628261089325,
            -0.03988385200500488,
            0.05261409655213356
        ],
        [
            0.16264128684997559,
            -0.04481359198689461,
            0.04600311815738678
        ],
        [
            0.16329610347747803,
            -0.04006439819931984,
            0.0470866858959198
        ],
        [
            0.12107416987419128,
            0.006151793524622917,
            0.04048537462949753
        ],
        [
            0.16172070801258087,
            -0.06255319714546204,
            0.0729803740978241
        ],
        [
            0.09678512811660767,
            -0.015997473150491714,
            -0.012400377541780472
        ],
        [
            0.10449633747339249,
            -0.005176626145839691,
            -0.01519228145480156
        ],
        [
            0.10917319357395172,
            -0.01001916453242302,
            -0.009422894567251205
        ],
        [
            0.10005052387714386,
            -0.02214357629418373,
            -0.00538640096783638
        ],
        [
            0.158843532204628,
            -0.051699429750442505,
            0.07695834338665009
        ],
        [
            0.15823525190353394,
            -0.05797060206532478,
            0.07561563700437546
        ],
        [
            0.15538570284843445,
            0.0031612245365977287,
            0.05653364583849907
        ],
        [
            0.1587609499692917,
            2.0211562514305115e-05,
            0.05885280296206474
        ],
        [
            0.16092756390571594,
            0.002696824725717306,
            0.0587596520781517
        ],
        [
            0.15827882289886475,
            0.007231160998344421,
            0.05857560783624649
        ],
        [
            0.12967705726623535,
            0.021422505378723145,
            0.008969064801931381
        ],
        [
            0.16223718225955963,
            0.02423161081969738,
            0.04688733443617821
        ],
        [
            0.16712616384029388,
            0.01640872098505497,
            0.04022988677024841
        ],
        [
            0.12156417965888977,
            0.018083132803440094,
            -0.00047273188829421997
        ],
        [
            0.12194938957691193,
            0.00859716348350048,
            -0.0029843859374523163
        ],
        [
            0.11529950797557831,
            0.011971797794103622,
            -0.009351875633001328
        ],
        [
            0.16825631260871887,
            -0.019509121775627136,
            0.038083966821432114
        ],
        [
            0.13247710466384888,
            -0.003922782838344574,
            0.006277814507484436
        ],
        [
            0.1219492256641388,
            0.0009134169667959213,
            -0.002674803137779236
        ],
        [
            0.11398879438638687,
            0.0045816320925951,
            -0.010252095758914948
        ],
        [
            0.10890153050422668,
            0.007834626361727715,
            -0.01608557626605034
        ],
        [
            0.11075783520936966,
            0.01561722718179226,
            -0.014393046498298645
        ],
        [
            0.1751013696193695,
            -0.056372642517089844,
            0.06762358546257019
        ],
        [
            0.17829278111457825,
            -0.05042712390422821,
            0.07336237281560898
        ],
        [
            0.10670959204435349,
            0.019945133477449417,
            -0.021352674812078476
        ],
        [
            0.10430820286273956,
            0.011020412668585777,
            -0.02246638387441635
        ],
        [
            0.12050285190343857,
            -0.008199017494916916,
            -0.0020785443484783173
        ],
        [
            0.1174614429473877,
            -0.019458560273051262,
            1.3846904039382935e-05
        ],
        [
            0.13058339059352875,
            -0.012498440220952034,
            0.00679326057434082
        ],
        [
            0.12860645353794098,
            -0.023875221610069275,
            0.009326133877038956
        ],
        [
            0.16845136880874634,
            -0.029170356690883636,
            0.032312966883182526
        ],
        [
            0.17527127265930176,
            -0.04766072705388069,
            0.09121699631214142
        ],
        [
            0.17562884092330933,
            -0.045984897762537,
            0.08019429445266724
        ],
        [
            0.17000432312488556,
            -0.04415351524949074,
            0.08017950505018234
        ],
        [
            0.17194987833499908,
            -0.04492884501814842,
            0.09072479605674744
        ],
        [
            0.17387588322162628,
            -0.044654782861471176,
            0.07459037005901337
        ],
        [
            0.17824356257915497,
            -0.051079265773296356,
            0.07887572050094604
        ],
        [
            0.12125959992408752,
            -0.03685083985328674,
            0.01542925089597702
        ],
        [
            0.15485884249210358,
            -0.03751056641340256,
            0.05891789123415947
        ],
        [
            0.10625267028808594,
            -0.03316620737314224,
            0.007600661367177963
        ],
        [
            0.11477963626384735,
            -0.04993807524442673,
            0.028040405362844467
        ],
        [
            0.10234368592500687,
            -0.045926786959171295,
            0.023793891072273254
        ],
        [
            0.08971227705478668,
            -0.029518980532884598,
            0.0007743202149868011
        ],
        [
            0.08919879794120789,
            -0.0394819974899292,
            0.015387516468763351
        ],
        [
            0.08434375375509262,
            -0.017809446901082993,
            -0.01270889863371849
        ],
        [
            0.08852237462997437,
            -0.022874362766742706,
            -0.006603866815567017
        ],
        [
            0.08828583359718323,
            -0.045451387763023376,
            0.03245788812637329
        ],
        [
            0.16039711236953735,
