{
    "pred_cam": [
        5.6443867683410645,
        -0.0531310960650444,
        -0.14638644456863403
    ],
    "pred_mano_params": {
        "global_orient": [
            [
                [
                    0.936259388923645,
                    0.13498307764530182,
                    -0.3243423104286194
                ],
                [
                    0.1737205684185028,
                    -0.9803489446640015,
                    0.09347225725650787
                ],
                [
                    -0.30535149574279785,
                    -0.14385920763015747,
                    -0.9413102269172668
                ]
            ]
        ],
        "hand_pose": [
            [
                [
                    0.8829224705696106,
                    -0.39588236808776855,
                    -0.2524382174015045
                ],
                [
                    0.4378713369369507,
                    0.8883222341537476,
                    0.13839171826839447
                ],
                [
                    0.16945964097976685,
                    -0.2327246367931366,
                    0.957665205001831
                ]
            ],
            [
                [
                    0.9637702703475952,
                    -0.2648908793926239,
                    -0.031298067420721054
                ],
                [
                    0.25258657336235046,
                    0.9440557360649109,
                    -0.2120347023010254
                ],
                [
                    0.08571317791938782,
                    0.19644728302955627,
                    0.976760745048523
                ]
            ],
            [
                [
                    0.956756591796875,
                    -0.23560433089733124,
                    0.17060895264148712
                ],
                [
                    0.2530452609062195,
                    0.9633837938308716,
                    -0.08865491300821304
                ],
                [
                    -0.14347442984580994,
                    0.12799295783042908,
                    0.9813423752784729
                ]
            ],
            [
                [
                    0.8311038017272949,
                    -0.555700957775116,
                    0.02151383087038994
                ],
                [
                    0.5507798790931702,
                    0.8278579711914062,
                    0.10626733303070068
                ],
                [
                    -0.07686325907707214,
                    -0.07646980881690979,
                    0.99410480260849
                ]
            ],
            [
                [
                    0.9866334199905396,
                    -0.10347750037908554,
                    -0.12588489055633545
                ],
                [
                    0.11735416203737259,
                    0.9871647357940674,
                    0.10832251608371735
                ],
                [
                    0.11306017637252808,
                    -0.12164771556854248,
                    0.9861132502555847
                ]
            ],
            [
                [
                    0.9023772478103638,
                    -0.37233197689056396,
                    0.2169889360666275
                ],
                [
                    0.34415730834007263,
                    0.9256696105003357,
                    0.1571352630853653
                ],
                [
                    -0.25936654210090637,
                    -0.06711695343255997,
                    0.9634439945220947
                ]
            ],
            [
                [
                    0.9063277840614319,
                    -0.013276904821395874,
                    0.4223667085170746
                ],
                [
                    0.049209143966436386,
                    0.9960222244262695,
                    -0.07428501546382904
                ],
                [
                    -0.4197003245353699,
                    0.08811087906360626,
                    0.9033759832382202
                ]
            ],
            [
                [
                    0.9851519465446472,
                    -0.16854751110076904,
                    -0.03267062082886696
                ],
                [
                    0.16877275705337524,
                    0.9158471822738647,
                    0.36433467268943787
                ],
                [
                    -0.03148641064763069,
                    -0.36443892121315,
                    0.9306948781013489
                ]
            ],
            [
                [
                    0.9528334736824036,
                    -0.25531095266342163,
                    0.16408753395080566
                ],
                [
                    0.17166520655155182,
                    0.8992493152618408,
                    0.40234529972076416
                ],
                [
                    -0.2502787709236145,
                    -0.355199933052063,
                    0.9006628394126892
                ]
            ],
            [
                [
                    0.8926159143447876,
                    -0.38654625415802,
                    0.231988787651062
                ],
                [
                    0.41333332657814026,
                    0.9071609973907471,
                    -0.07883252203464508
                ],
                [
                    -0.17997874319553375,
                    0.1662558615207672,
                    0.969518780708313
                ]
            ],
            [
                [
                    0.9807737469673157,
                    -0.19236767292022705,
                    -0.032825782895088196
                ],
                [
                    0.18840539455413818,
                    0.8895581960678101,
                    0.4161604940891266
                ],
                [
                    -0.05085539072751999,
                    -0.41434383392333984,
                    0.9086984395980835
                ]
            ],
            [
                [
                    0.9218950867652893,
                    -0.297836571931839,
                    0.24779601395130157
                ],
                [
                    0.26222681999206543,
                    0.9504754543304443,
                    0.1668340563774109
                ],
                [
                    -0.28521329164505005,
                    -0.08882475644350052,
                    0.9543393850326538
                ]
            ],
            [
                [
                    0.8579465746879578,
                    0.15906286239624023,
                    -0.4884941279888153
                ],
                [
                    -0.49660930037498474,
                    0.5002695322036743,
                    -0.7093021273612976
                ],
                [
                    0.13155502080917358,
                    0.851134181022644,
                    0.5081966519355774
                ]
            ],
            [
                [
                    0.8520801663398743,
                    -0.5232731103897095,
                    0.012027869932353497
                ],
                [
                    0.4916045367717743,
                    0.8079779148101807,
                    0.32480254769325256
                ],
                [
                    -0.17967870831489563,
                    -0.27084484696388245,
                    0.9457053542137146
                ]
            ],
            [
                [
                    0.9840491414070129,
                    -0.17717993259429932,
                    0.015950951725244522
                ],
                [
                    0.1529349386692047,
                    0.7967623472213745,
                    -0.5846199989318848
                ],
                [
                    0.09087379276752472,
                    0.5777343511581421,
                    0.811150312423706
                ]
            ]
        ],
        "betas": [
            -0.10133057832717896,
            -0.08571428060531616,
            -0.14146745204925537,
            -0.1906297504901886,
            -0.11513084173202515,
            0.0304868146777153,
            0.10599754750728607,
            -0.26979243755340576,
            -0.09953233599662781,
            0.16479627788066864
        ]
    },
    "pred_cam_t": [
        -0.0531310960650444,
        -0.14638644456863403,
        6.920592308044434
    ],
    "focal_length": [
        5000.0,
        5000.0
    ],
    "pred_keypoints_3d": [
        [
            0.09622418880462646,
            0.006411627400666475,
            0.006302576512098312
        ],
        [
            0.06322431564331055,
            0.019974421709775925,
            -0.008350187912583351
        ],
        [
            0.032528363168239594,
            0.022519873455166817,
            -0.008300097659230232
        ],
        [
            0.008249720558524132,
            0.02892402559518814,
            0.0022149058058857918
        ],
        [
            -0.015607901848852634,
            0.04695400595664978,
            0.021657800301909447
        ],
        [
            0.006038561463356018,
            -0.0019361763261258602,
            0.014550825580954552
        ],
        [
            -0.02329702116549015,
            0.002479471731930971,
            0.029697421938180923
        ],
        [
            -0.038513824343681335,
            0.014814693480730057,
            0.04057968035340309
        ],
        [
            -0.055193714797496796,
            0.032191164791584015,
            0.04898974299430847
        ],
        [
            0.008094720542430878,
            -0.008987758308649063,
            0.038797520101070404
        ],
        [
            -0.018661784008145332,
            0.001965387724339962,
            0.05261123552918434
        ],
        [
            -0.034591007977724075,
            0.015010954812169075,
            0.063990518450737
        ],
        [
            -0.052841998636722565,
            0.03277912363409996,
            0.06894037127494812
        ],
        [
            0.02746427059173584,
            -0.006420230958610773,
            0.05724959447979927
        ],
        [
            0.00019772909581661224,
            -0.001982654444873333,
            0.06657369434833527
        ],
        [
            -0.018149342387914658,
            0.011753224767744541,
            0.0767551064491272
        ],
        [
            -0.038540005683898926,
            0.026668531820178032,
            0.07975803315639496
        ],
        [
            0.04416262358427048,
            0.00024330336600542068,
            0.06973570585250854
        ],
        [
            0.02601197361946106,
            -0.0040560257621109486,
            0.07989155501127243
        ],
        [
            0.009343959391117096,
            -0.0002744188532233238,
            0.08840485662221909
        ],
        [
            -0.008696637116372585,
            0.00795133225619793,
            0.0907292291522026
        ]
    ],
    "pred_vertices": [
        [
            0.04322458431124687,
            0.014575600624084473,
            0.008395081385970116
        ],
        [
            0.05389726907014847,
            0.01693951152265072,
            0.006243984214961529
        ],
        [
            0.0444033108651638,
            0.0175187848508358,
            0.004791824147105217
        ],
        [
            0.03540775924921036,
            0.01571083813905716,
            0.00474565802142024
        ],
        [
            0.05553368106484413,
            0.0331232026219368,
            0.002504272386431694
        ],
        [
            0.05772379785776138,
            0.038555800914764404,
            -0.008643281646072865
        ],
        [
            0.040721625089645386,
            0.037102241069078445,
            -0.006699295714497566
        ],
        [
            0.04244200140237808,
            0.032876063138246536,
            0.0032338672317564487
        ],
        [
            0.028724651783704758,
            0.013898625038564205,
            0.0018615471199154854
        ],
        [
            0.036497458815574646,
            0.01810370571911335,
            0.003966122400015593
        ],
        [
            0.02680864743888378,
            0.009734323248267174,
            -0.0008445587009191513
        ],
        [
            0.02031763084232807,
            0.0021462407894432545,
            -0.00394870899617672
        ],
        [
            0.021394014358520508,
            0.00866958498954773,
            0.0003886101767420769
        ],
        [
            0.014274590648710728,
            -0.002236616797745228,
            -0.0018256958574056625
        ],
        [
            0.02694552019238472,
            -0.0046164654195308685,
            -0.008838004432618618
        ],
        [
            0.016890941187739372,
            -0.010932937264442444,
            -0.000211348757147789
        ],
        [
            0.04325808584690094,
            -0.01736205257475376,
            0.009421760216355324
        ],
        [
            0.05074969679117203,
            -0.018491188064217567,
            0.020725000649690628
        ],
        [
            0.03561609238386154,
            -0.020945973694324493,
            0.027989715337753296
        ],
        [
            0.02916768006980419,
            -0.01876111701130867,
            0.016076508909463882
        ],
        [
            0.05104933679103851,
            -0.016507167369127274,
            0.04135345667600632
        ],
        [
            0.04178431257605553,
            -0.019313128665089607,
            0.034550268203020096
        ],
        [
            0.05702247470617294,
            -0.018144743517041206,
            0.027221808210015297
        ],
        [
            0.06449528783559799,
            -0.01568029820919037,
            0.03388204425573349
        ],
        [
            0.05502701550722122,
            0.013452635146677494,
            0.01819685474038124
        ],
        [
            0.06569506973028183,
            0.01633816957473755,
            0.015276188030838966
        ],
        [
            0.06229696422815323,
            0.015760626643896103,
            0.010914347134530544
        ],
        [
            0.05170353874564171,
            0.01356879435479641,
            0.013888531364500523
        ],
        [
            0.023251289501786232,
            0.013144215568900108,
            -0.007289128378033638
        ],
        [
            0.03113902546465397,
            0.007473763078451157,
            -0.014602402225136757
        ],
        [
            0.027693791314959526,
            0.006174582056701183,
            -0.007984910160303116
        ],
        [
            0.023591581732034683,
            0.01419074833393097,
            -0.0019389726221561432
        ],
        [
            0.09179514646530151,
            0.027770258486270905,
            0.016915805637836456
        ],
        [
            0.10299067944288254,
            0.024072114378213882,
            0.010170778259634972
        ],
        [
            0.10052768141031265,
            0.024051181972026825,
            0.004844147711992264
        ],
        [
            0.09090200066566467,
            0.026994533836841583,
            0.012109441682696342
        ],
        [
            0.08359380066394806,
            0.032604388892650604,
            -0.009625837206840515
        ],
        [
            0.09348946064710617,
            0.025565851479768753,
            -0.011735346168279648
        ],
        [
            0.0955980122089386,
            0.018248144537210464,
            -0.023304548114538193
        ],
        [
            0.08476219326257706,
            0.022236838936805725,
            -0.023056145757436752
        ],
        [
            0.07033083587884903,
            0.03722289204597473,
            -0.008726079016923904
        ],
        [
            0.07219198346138,
            0.03113895282149315,
            -0.021554647013545036
        ],
        [
            0.057494498789310455,
            0.03520238772034645,
            -0.019694186747074127
        ],
        [
            0.03875352814793587,
            0.03573073074221611,
            -0.015782995149493217
        ],
        [
            0.10874365270137787,
            0.021383164450526237,
            0.021320590749382973
        ],
        [
            0.10145780444145203,
            0.024184443056583405,
            0.0279378741979599
        ],
        [
            -0.02715522050857544,
            0.012824001722037792,
            0.025204433128237724
        ],
        [
            -0.02429966628551483,
            0.014422132633626461,
            0.0301459189504385
        ],
        [
            -0.02025098353624344,
            0.013237686827778816,
            0.027073843404650688
        ],
        [
            -0.023777790367603302,
            0.011516470462083817,
            0.022803451865911484
        ],
        [
            0.10844139009714127,
            0.00516064278781414,
            0.03329935669898987
        ],
        [
            0.10806615650653839,
            -0.004799435846507549,
            0.03150413557887077
        ],
        [
            0.11470352858304977,
            -0.0025179246440529823,
            0.029575102031230927
        ],
        [
            0.11463867127895355,
            0.006867663469165564,
            0.029347065836191177
        ],
        [
            0.10017836093902588,
            0.0029747136868536472,
            0.03848981484770775
        ],
        [
            0.09857227653265,
            -0.007317676674574614,
            0.03387005627155304
        ],
        [
            -0.03262796252965927,
            0.0014733728021383286,
            0.027061525732278824
        ],
        [
            -0.03239687159657478,
            0.005701486486941576,
            0.024075912311673164
        ],
        [
            -0.02874372899532318,
            0.0025340095162391663,
            0.02178274840116501
        ],
        [
            -0.028051316738128662,
            -0.001854902831837535,
            0.025032319128513336
        ],
        [
            0.026009326800704002,
            0.012986574321985245,
            0.00516859395429492
        ],
        [
            0.033153608441352844,
            0.013720168732106686,
            0.011046509258449078
        ],
        [
            0.009641841053962708,
            0.009487037546932697,
            0.011766208335757256
        ],
        [
            0.01945868507027626,
            0.010310912504792213,
            0.012780383229255676
        ],
        [
            0.017383281141519547,
            0.009591082111001015,
            0.00578282168135047
        ],
        [
            0.00949783343821764,
            0.007458875887095928,
            0.005769400857388973
        ],
        [
            0.035663217306137085,
            0.008462600409984589,
            0.03013445809483528
        ],
        [
            0.04625851660966873,
            0.010473746806383133,
            0.02530130371451378
        ],
        [
            0.04161627218127251,
            0.010447738692164421,
            0.020615078508853912
        ],
        [
            0.029078925028443336,
            0.009216293692588806,
            0.024569105356931686
        ],
        [
            0.05416674539446831,
            0.012822136282920837,
            0.03689580410718918
        ],
        [
            0.0430835485458374,
            0.010306041687726974,
            0.04072629660367966
        ],
        [
            0.04872449114918709,
            0.011985370889306068,
            0.047005943953990936
        ],
        [
            0.05557387322187424,
            0.014421874657273293,
            0.04317591339349747
        ],
        [
            0.02326839789748192,
            0.004941311199218035,
            0.04439246654510498
        ],
        [
            0.016653431579470634,
            0.0026039299555122852,
            0.04651615768671036
        ],
        [
            0.018108149990439415,
            0.002691626315936446,
            0.049437832087278366
        ],
        [
            0.025633031502366066,
            0.004888175521045923,
            0.04729292914271355
        ],
        [
            0.12124481797218323,
            -0.0013997661881148815,
            0.027139239013195038
        ],
        [
            0.12018235772848129,
            0.008058344013988972,
            0.02481583133339882
        ],
        [
            0.06499477475881577,
            -0.008740668185055256,
            0.055693671107292175
        ],
        [
            0.07146205753087997,
            -0.0003980272449553013,
            0.05965948849916458
        ],
        [
            0.061377737671136856,
            -0.0015129628591239452,
            0.06759297102689743
        ],
        [
            0.05743822827935219,
            -0.010012634098529816,
            0.06119091436266899
        ],
        [
            0.10403559356927872,
            -0.012285744771361351,
            0.02550244703888893
        ],
        [
            0.11176812648773193,
            -0.011145093478262424,
            0.025282733142375946
        ],
        [
            -0.03080051764845848,
            -0.0009488698560744524,
            0.03257090970873833
        ],
        [
            -0.025954298675060272,
            -0.003593399189412594,
            0.03056645207107067
        ],
        [
            0.06001362204551697,
            0.0239062812179327,
            -0.02708318457007408
        ],
        [
            0.038431987166404724,
            0.028535816818475723,
            -0.022724125534296036
        ],
        [
            0.07606740295886993,
            0.017125753685832024,
            -0.0274035781621933
        ],
        [
            0.08659642934799194,
            0.010486502200365067,
            -0.02637564018368721
        ],
        [
            0.09553792327642441,
            0.006639812607318163,
            -0.027416471391916275
        ],
        [
            0.018409373238682747,
            0.009715390391647816,
            0.019417008385062218
        ],
        [
            0.041442230343818665,
            0.012579388916492462,
            0.014988509938120842
        ],
        [
            0.05798147991299629,
            0.013774532824754715,
            0.02234199456870556
        ],
        [
            0.07088252902030945,
            0.019873950630426407,
            0.04980739951133728
        ],
        [
            0.08025504648685455,
            0.022222038358449936,
            0.04490897059440613
        ],
        [
            0.0719173476099968,
            0.022168876603245735,
            0.038171544671058655
        ],
        [
            0.06551772356033325,
            0.0194905623793602,
            0.04385146126151085
        ],
        [
            0.07091396301984787,
            0.009036654606461525,
            0.061799682676792145
        ],
        [
            0.06578899919986725,
            0.01480579748749733,
            0.05938969552516937
        ],
        [
            0.05738032981753349,
            0.012594806961715221,
            0.06459245085716248
        ],
        [
            0.0614960715174675,
            0.00727540347725153,
            0.06786920875310898
        ],
        [
            0.022025292739272118,
            0.016385074704885483,
            -0.014057861641049385
        ],
        [
            0.034275710582733154,
            0.010465105064213276,
            -0.020534377545118332
        ],
        [
            0.10692346841096878,
            0.015527951531112194,
            0.0318354070186615
        ],
        [
            0.11204491555690765,
            0.01607399433851242,
            0.02595806121826172
        ],
        [
            0.11883993446826935,
            0.014679135754704475,
            0.021045148372650146
        ],
        [
            0.0783652514219284,
            0.02313077077269554,
            0.014906544238328934
        ],
        [
            0.09026296436786652,
            0.026811709627509117,
            0.008731622248888016
        ],
        [
            0.08763136714696884,
            0.02800360880792141,
            0.005280453711748123
        ],
        [
            0.07703278958797455,
            0.022191494703292847,
            0.012061040848493576
        ],
        [
            0.06256624311208725,
            0.023245977237820625,
            0.006538937799632549
        ],
        [
            0.07085034251213074,
            0.03248890861868858,
            0.0020965784788131714
        ],
        [
            0.050656579434871674,
            0.023392388597130775,
            0.0076418910175561905
        ],
        [
            0.09867026656866074,
            0.024480972439050674,
            -0.003025071695446968
        ],
        [
            0.10939477384090424,
            0.023541513830423355,
            -0.00038028135895729065
        ],
        [
            0.10624787211418152,
            0.02277900092303753,
            -0.008607771247625351
        ],
        [
            0.11352246254682541,
            0.022059844806790352,
            0.008354179561138153
        ],
        [
            0.11686992645263672,
            0.019274042919278145,
            0.016093462705612183
        ],
        [
            0.11998526006937027,
            -0.01290136482566595,
            0.02400818094611168
        ],
        [
            0.10261264443397522,
            0.02060237154364586,
            -0.015747111290693283
        ],
        [
            0.03365563601255417,
            0.032342616468667984,
            0.0027216793969273567
        ],
        [
            0.02612478658556938,
            0.03309052065014839,
            0.002891967073082924
        ],
        [
            0.02650185115635395,
            0.02567189186811447,
            0.006020841188728809
        ],
        [
            0.03401947766542435,
            0.024207524955272675,
            0.006175572983920574
        ],
        [
            0.006335792131721973,
            -0.005913239903748035,
            0.0024985256604850292
        ],
        [
            0.0068885767832398415,
            0.00221512489952147,
            0.002686590887606144
        ],
        [
            0.01559382677078247,
            0.005213520955294371,
            -0.0003690808080136776
        ],
        [
            0.08460765331983566,
            0.026583818718791008,
            0.02605193294584751
        ],
        [
            0.09324277937412262,
            0.02387167699635029,
            0.03507886454463005
        ],
        [
            0.008575569838285446,
            0.008785661309957504,
            0.018186040222644806
        ],
        [
            -0.023457590490579605,
            -0.00464016804471612,
            0.0233398899435997
        ],
        [
            -0.02415301464498043,
            -0.00019060098566114902,
            0.019374458119273186
        ],
        [
            -0.008061281405389309,
            -0.004445160739123821,
            0.010457905940711498
        ],
        [
            -0.00809453334659338,
            -0.009473387151956558,
            0.015138634480535984
        ],
        [
            0.00297962361946702,
            0.003463256638497114,
            0.02531689777970314
        ],
        [
            0.003972146660089493,
            0.007943752221763134,
            0.019806409254670143
        ],
        [
            0.0017714002169668674,
            0.007208915427327156,
            0.02150077186524868
        ],
        [
            0.0006824336014688015,
            0.00519515760242939,
            0.027662009000778198
        ],
        [
            0.025417916476726532,
            0.0036800208035856485,
            0.055173199623823166
        ],
        [
            0.03190822899341583,
            0.0059117418713867664,
            0.053317759186029434
        ],
        [
            0.015380295924842358,
            -0.016724493354558945,
            0.024045735597610474
        ],
        [
            0.01247743982821703,
            -0.018626460805535316,
            0.011247210204601288
        ],
        [
            0.023507703095674515,
            -0.017040599137544632,
            0.0054525574669241905
        ],
        [
            0.04064645618200302,
            0.00923516321927309,
            0.03569232299923897
        ],
        [
            0.031490083783864975,
            0.007475957274436951,
            0.04084182158112526
        ],
        [
            0.033858850598335266,
            0.007691609673202038,
            0.04432234913110733
        ],
        [
            0.016510140150785446,
            0.008290298283100128,
            0.0237063430249691
        ],
        [
            0.009085611440241337,
            0.00686404574662447,
            0.024264009669423103
        ],
        [
            0.013621727004647255,
            0.005508388392627239,
            0.028159283101558685
        ],
        [
            0.020642390474677086,
            0.007455774582922459,
            0.02758106403052807
        ],
        [
            0.08243176341056824,
            -0.00027449894696474075,
            0.05236024409532547
        ],
        [
            0.08213284611701965,
            0.010932891629636288,
            0.05508487671613693
        ],
        [
            -0.030244741588830948,
            0.00974879041314125,
            0.02323302999138832
        ],
        [
            -0.02681206911802292,
            0.007468690630048513,
            0.020826295018196106
        ],
        [
            0.05093652755022049,
            0.01114916056394577,
            0.03081497550010681
        ],
        [
            0.037091974169015884,
            -0.013850187882781029,
            0.0001889485865831375
        ],
        [
            0.06122404336929321,
            0.014481369405984879,
            0.026760492473840714
        ],
        [
            0.03796198219060898,
            -0.01222090795636177,
            0.05847162380814552
        ],
        [
            0.03739059343934059,
            -0.006952070165425539,
            0.06221882253885269
        ],
        [
            0.03020516410470009,
            -0.006223407573997974,
            0.06339683383703232
        ],
        [
            0.029174411669373512,
            -0.011613056063652039,
            0.06181599944829941
        ],
        [
            -0.012478498741984367,
            0.0072471266612410545,
            0.03502518683671951
        ],
        [
            -0.013748353347182274,
            0.011336972005665302,
            0.031025726348161697
        ],
        [
            -0.01765098050236702,
            0.012365492060780525,
            0.03275154158473015
        ],
        [
            -0.016893628984689713,
            0.00835365615785122,
            0.03688912093639374
        ],
        [
            0.003273974172770977,
            0.008431865833699703,
            0.013981016352772713
        ],
        [
            0.002348892856389284,
            0.006397985387593508,
            0.008149742148816586
        ],
        [
            -0.003187161171808839,
            0.006620991975069046,
            0.011666132137179375
        ],
        [
            -0.0007322739693336189,
            0.007837756536900997,
            0.01701383851468563
        ],
        [
            -0.0003263019025325775,
            0.0006801013369113207,
            0.005916443653404713
        ],
        [
            -0.0059588695876300335,
            0.0013966620899736881,
            0.009189251810312271
        ],
        [
            -0.01367589645087719,
            0.000919382378924638,
            0.03641291707754135
        ],
        [
            -0.017363037914037704,
            -0.005155335646122694,
            0.033763717859983444
        ],
        [
            -0.0030153472907841206,
            -0.009023996070027351,
            0.027833687141537666
        ],
        [
            -0.0020783147774636745,
            -0.001271642278879881,
            0.030608564615249634
        ],
        [
            0.07760825753211975,
            -0.016022607684135437,
            0.02657567337155342
        ],
        [
            0.08386340737342834,
            -0.012417073361575603,
            0.03512534499168396
        ],
        [
            0.07098866999149323,
            -0.011959418654441833,
            0.04257871210575104
        ],
        [
            0.05895712226629257,
            -0.012601057067513466,
            0.05028538405895233
        ],
        [
            0.04693502187728882,
            -0.01239988673478365,
            0.05682110786437988
        ],
        [
            0.040172312408685684,
            -0.018435396254062653,
            0.048412322998046875
        ],
        [
            0.07643375545740128,
            -0.008633007295429707,
            0.0477009154856205
        ],
        [
            0.0071076154708862305,
            -0.006424807943403721,
            0.028177563101053238
        ],
        [
            0.006871427875012159,
            -0.012476330623030663,
            0.023021288216114044
        ],
        [
            0.009786026552319527,
            -0.012771240435540676,
            0.027048476040363312
        ],
        [
            0.064507395029068,
            0.01694478839635849,
            0.033013466745615005
        ],
        [
            -0.022587602958083153,
            0.004834657069295645,
            0.018075909465551376
        ],
        [
            0.09085480123758316,
            -0.011851739138364792,
            -0.0154164619743824
        ],
        [
            0.09567198157310486,
            -0.017397306859493256,
            -0.0038635358214378357
        ],
        [
            0.0871327742934227,
            -0.016553226858377457,
            -0.002515919506549835
        ],
        [
            0.08159264922142029,
            -0.009158803150057793,
            -0.015520798042416573
        ],
        [
            -0.016364041715860367,
            0.012462529353797436,
            0.024750366806983948
        ],
        [
            -0.01970364898443222,
            0.01029360294342041,
            0.019720256328582764
        ],
        [
            0.034047387540340424,
            0.005504368804395199,
            0.05972301959991455
        ],
        [
            0.02800656296312809,
            0.0028429534286260605,
            0.06017254665493965
        ],
        [
            0.027925441041588783,
            0.0001861408818513155,
            0.06299260258674622
        ],
        [
            0.0336875393986702,
            0.0031866133213043213,
            0.06517571955919266
        ],
        [
            0.08799730241298676,
            -0.009728331118822098,
            0.03849104046821594
        ],
        [
            0.054548028856515884,
            -0.0028992025181651115,
            0.07217870652675629
        ],
        [
            0.052232835441827774,
            -0.010174259543418884,
            0.06655706465244293
        ],
        [
            0.09492435306310654,
            -0.012833504006266594,
            0.02817480079829693
        ],
        [
            0.08970878273248672,
            -0.01658397726714611,
            0.020730899646878242
        ],
        [
            0.09870322048664093,
            -0.016795845702290535,
            0.017007913440465927
        ],
        [
            0.02632793039083481,
            -0.01854858547449112,
            0.04155881330370903
        ],
        [
            0.07108651846647263,
            -0.017896201461553574,
            0.021113568916916847
        ],
        [
            0.08436635136604309,
            -0.017627539113163948,
            0.015313325449824333
        ],
        [
            0.09486297518014908,
            -0.01795901730656624,
            0.010580025613307953
        ],
        [
            0.10270461440086365,
            -0.018672406673431396,
            0.007857106626033783
        ],
        [
            0.10609468072652817,
            -0.0171942338347435,
            0.015172041952610016
        ],
        [
            -0.020900221541523933,
            -0.005976526066660881,
            0.029047776013612747
        ],
        [
            -0.02253199741244316,
            -0.0025939675979316235,
            0.03626510873436928
        ],
        [
            0.114743173122406,
            -0.019386403262615204,
            0.013529334217309952
        ],
        [
            0.11054370552301407,
            -0.020228739827871323,
            0.005259539932012558
        ],
        [
            0.07862996309995651,
            -0.01780647598206997,
            0.008106488734483719
        ],
        [
            0.0719592273235321,
            -0.01591555029153824,
            -0.0012127421796321869
        ],
        [
            0.06599149107933044,
            -0.01786055974662304,
            0.014039214700460434
        ],
        [
            0.0582599937915802,
            -0.016605036333203316,
            0.00546187162399292
        ],
        [
            0.02365034446120262,
            -0.023289456963539124,
            0.032383762300014496
        ],
        [
            -0.033803537487983704,
            0.008360786363482475,
            0.04539113491773605
        ],
        [
            -0.024300342425704002,
            0.004038861487060785,
            0.04108162224292755
        ],
        [
            -0.021905023604631424,
            0.009213961660861969,
            0.03978703171014786
        ],
        [
            -0.03127897530794144,
            0.011780072003602982,
            0.04597191512584686
        ],
        [
            -0.018488753587007523,
            0.002761789597570896,
            0.03837928920984268
        ],
        [
            -0.027330070734024048,
            -7.263664156198502e-05,
            0.038294825702905655
        ],
        [
            0.05110470950603485,
            -0.010844152420759201,
            -0.006544521078467369
        ],
        [
            0.00768658984452486,
            0.0028423978947103024,
            0.02941053733229637
        ],
        [
            0.06503701210021973,
            -0.005639811046421528,
            -0.015506008639931679
        ],
        [
            0.038743868470191956,
            -0.003861319040879607,
            -0.01538657583296299
        ],
        [
            0.04851507395505905,
            0.002937859855592251,
            -0.021447032690048218
        ],
        [
            0.07774501293897629,
            0.0017260676249861717,
            -0.024945300072431564
        ],
        [
            0.0618693083524704,
            0.009674672037363052,
            -0.02755303680896759
        ],
        [
            0.09592434018850327,
            -0.004458075389266014,
            -0.024328937754034996
        ],
        [
