{
    "pred_cam": [
        11.396718978881836,
        0.1235748752951622,
        -0.029800456017255783
    ],
    "pred_mano_params": {
        "global_orient": [
            [
                [
                    -0.5290690660476685,
                    0.3457297682762146,
                    -0.7749559879302979
                ],
                [
                    0.27962350845336914,
                    -0.7912048101425171,
                    -0.5438801646232605
                ],
                [
                    -0.8011844754219055,
                    -0.5044460892677307,
                    0.3219278156757355
                ]
            ]
        ],
        "hand_pose": [
            [
                [
                    0.5111162066459656,
                    -0.7947646975517273,
                    -0.3272756040096283
                ],
                [
                    0.8523824214935303,
                    0.5176342725753784,
                    0.07415463030338287
                ],
                [
                    0.11047360301017761,
                    -0.31686562299728394,
                    0.9420146942138672
                ]
            ],
            [
                [
                    0.8771281242370605,
                    -0.47238028049468994,
                    0.08662021160125732
                ],
                [
                    0.4549316167831421,
                    0.7594538331031799,
                    -0.4650452733039856
                ],
                [
                    0.15389417111873627,
                    0.44731059670448303,
                    0.881039023399353
                ]
            ],
            [
                [
                    0.8521740436553955,
                    -0.12632358074188232,
                    0.5077811479568481
                ],
                [
                    0.031241334974765778,
                    0.9809734225273132,
                    0.19161206483840942
                ],
                [
                    -0.5223249197006226,
                    -0.14742305874824524,
                    0.839906632900238
                ]
            ],
            [
                [
                    0.2660014033317566,
                    -0.933164656162262,
                    -0.24175803363323212
                ],
                [
                    0.9491162896156311,
                    0.20967088639736176,
                    0.23498179018497467
                ],
                [
                    -0.1685870885848999,
                    -0.2919619381427765,
                    0.9414544701576233
                ]
            ],
            [
                [
                    0.9296099543571472,
                    -0.3600524365901947,
                    -0.07866141200065613
                ],
                [
                    0.36824920773506165,
                    0.9160079956054688,
                    0.15912866592407227
                ],
                [
                    0.014759822748601437,
                    -0.17689459025859833,
                    0.984119176864624
                ]
            ],
            [
                [
                    0.8397291302680969,
                    -0.48588719964027405,
                    0.24242255091667175
                ],
                [
                    0.48193687200546265,
                    0.8725879788398743,
                    0.07954251766204834
                ],
                [
                    -0.25018370151519775,
                    0.050038211047649384,
                    0.9669045209884644
                ]
            ],
            [
                [
                    -0.17836298048496246,
                    -0.8232997059822083,
                    -0.5388546586036682
                ],
                [
                    0.9515143632888794,
                    -0.28379911184310913,
                    0.11865311115980148
                ],
                [
                    -0.2506135106086731,
                    -0.4915645718574524,
                    0.8340007662773132
                ]
            ],
            [
                [
                    0.7631633877754211,
                    -0.6146773099899292,
                    0.19938264787197113
                ],
                [
                    0.5500103235244751,
                    0.779833197593689,
                    0.2989127039909363
                ],
                [
                    -0.3392200767993927,
                    -0.11845671385526657,
                    0.9332190155982971
                ]
            ],
            [
                [
                    0.8931763172149658,
                    -0.39987480640411377,
                    0.20575758814811707
                ],
                [
                    0.07769065350294113,
                    0.5878633856773376,
                    0.8052209615707397
                ],
                [
                    -0.4429449439048767,
                    -0.7032188773155212,
                    0.5561321973800659
                ]
            ],
            [
                [
                    -0.03989808261394501,
                    -0.9874247312545776,
                    -0.15297222137451172
                ],
                [
                    0.9973882436752319,
                    -0.04858071357011795,
                    0.053447119891643524
                ],
                [
                    -0.06020651012659073,
                    -0.1504402607679367,
                    0.9867841005325317
                ]
            ],
            [
                [
                    0.9120224714279175,
                    -0.3951698839664459,
                    0.10979916900396347
                ],
                [
                    0.27922961115837097,
                    0.7943409085273743,
                    0.5394936203956604
                ],
                [
                    -0.30040961503982544,
                    -0.4613710939884186,
                    0.8347998857498169
                ]
            ],
            [
                [
                    0.8275904655456543,
                    -0.4758744537830353,
                    0.29772064089775085
                ],
                [
                    0.3907453417778015,
                    0.8691673874855042,
                    0.3030942678451538
                ],
                [
                    -0.40300390124320984,
                    -0.13450495898723602,
                    0.9052603840827942
                ]
            ],
            [
                [
                    0.9780216217041016,
                    -0.18638268113136292,
                    -0.09346175193786621
                ],
                [
                    -0.0800289437174797,
                    0.07835319638252258,
                    -0.9937081933021545
                ],
                [
                    0.19253303110599518,
                    0.9793478846549988,
                    0.06171511113643646
                ]
            ],
            [
                [
                    0.9062972664833069,
                    -0.405109703540802,
                    -0.12046300619840622
                ],
                [
                    0.41857433319091797,
                    0.8209030628204346,
                    0.38847610354423523
                ],
                [
                    -0.058486998081207275,
                    -0.4024975895881653,
                    0.9135507345199585
                ]
            ],
            [
                [
                    0.9414424896240234,
                    -0.07769381999969482,
                    -0.3281001150608063
                ],
                [
                    -0.14315032958984375,
                    0.7889341115951538,
                    -0.5975707769393921
                ],
                [
                    0.30527693033218384,
                    0.6095461845397949,
                    0.7316141724586487
                ]
            ]
        ],
        "betas": [
            -0.059560686349868774,
            -0.09202983975410461,
            -0.06318804621696472,
            0.03394034504890442,
            -0.09030932188034058,
            0.04565083980560303,
            0.0491814911365509,
            -0.08645668625831604,
            -0.014696255326271057,
            -0.0914691686630249
        ]
    },
    "pred_cam_t": [
        -0.1235748752951622,
        -0.029800456017255783,
        3.4275214672088623
    ],
    "focal_length": [
        5000.0,
        5000.0
    ],
    "pred_keypoints_3d": [
        [
            0.09602289646863937,
            0.006399060599505901,
            0.006232346873730421
        ],
        [
            0.08334935456514359,
            -0.0020529059693217278,
            0.041738901287317276
        ],
        [
            0.08833032101392746,
            0.01010506134480238,
            0.06966470181941986
        ],
        [
            0.10143626481294632,
            0.023029319941997528,
            0.0896696075797081
        ],
        [
            0.12771229445934296,
            0.04095625877380371,
            0.10602045804262161
        ],
        [
            0.12502144277095795,
            -0.025439728051424026,
            0.08630973845720291
        ],
        [
            0.12928062677383423,
            -0.00938914343714714,
            0.11496090888977051
        ],
        [
            0.12329266965389252,
            0.009585214778780937,
            0.12496529519557953
        ],
        [
            0.10735965520143509,
            0.021994933485984802,
            0.13854077458381653
        ],
        [
            0.14846134185791016,
            -0.017118871212005615,
            0.0820050910115242
        ],
        [
            0.14288653433322906,
            0.004940405488014221,
            0.10422877222299576
        ],
        [
            0.1303020715713501,
            0.022792614996433258,
            0.11245571821928024
        ],
        [
            0.1088804379105568,
            0.035246241837739944,
            0.11865004152059555
        ],
        [
            0.15883216261863708,
            0.0011704014614224434,
            0.06537535786628723
        ],
        [
            0.15175116062164307,
            0.025848746299743652,
            0.0788501426577568
        ],
        [
            0.1342630684375763,
            0.043457601219415665,
            0.0808875635266304
        ],
        [
            0.11095301806926727,
            0.051100682467222214,
            0.08585915714502335
        ],
        [
            0.16272473335266113,
            0.01851896569132805,
            0.05264584720134735
        ],
        [
            0.15619491040706635,
            0.03864631801843643,
            0.05183275043964386
        ],
        [
            0.14010578393936157,
            0.04751420393586159,
            0.04695216566324234
        ],
        [
            0.11911499500274658,
            0.04232672601938248,
            0.04617112874984741
        ]
    ],
    "pred_vertices": [
        [
            0.10429096221923828,
            -0.003193216398358345,
            0.059966571629047394
        ],
        [
            0.09941262006759644,
            0.00024204328656196594,
            0.05097731575369835
        ],
        [
            0.09987691789865494,
            0.0011909063905477524,
            0.05863480642437935
        ],
        [
            0.10214997828006744,
            -0.004942048341035843,
            0.06763948500156403
        ],
        [
            0.09034040570259094,
            0.016507865861058235,
            0.045002054423093796
        ],
        [
            0.07794289290904999,
            0.01656019501388073,
            0.04424247890710831
        ],
        [
            0.08270787447690964,
            0.020301172509789467,
            0.05907028168439865
        ],
        [
            0.09274372458457947,
            0.02048742026090622,
            0.05618683993816376
        ],
        [
            0.10191912949085236,
            -0.006496261805295944,
            0.07300662994384766
        ],
        [
            0.10041914135217667,
            0.0030471738427877426,
            0.06519114971160889
        ],
        [
            0.10190264880657196,
            -0.007274666801095009,
            0.073451928794384
        ],
        [
            0.10438492149114609,
            -0.02265877276659012,
            0.0775609165430069
        ],
        [
            0.10475626587867737,
            -0.016698826104402542,
            0.0778825432062149
        ],
        [
            0.10983209311962128,
            -0.029489343985915184,
            0.08075252175331116
        ],
        [
            0.10219485312700272,
            -0.028635313734412193,
            0.06982438266277313
        ],
        [
            0.11551971733570099,
            -0.03558534011244774,
            0.0761946439743042
        ],
        [
            0.12150370329618454,
            -0.02837110497057438,
            0.04711754620075226
        ],
        [
            0.1303541660308838,
            -0.02089797332882881,
            0.039254896342754364
        ],
        [
            0.14226266741752625,
            -0.024694256484508514,
            0.05313462018966675
        ],
        [
            0.1316773146390915,
            -0.03111257590353489,
            0.05986877903342247
        ],
        [
            0.1491927057504654,
            -0.009114418178796768,
            0.04063422977924347
        ],
        [
            0.14581972360610962,
            -0.017699599266052246,
            0.04826448857784271
        ],
        [
            0.1346319168806076,
            -0.015040619298815727,
            0.03366311267018318
        ],
        [
            0.1379019320011139,
            -0.007251252885907888,
            0.0277789905667305
        ],
        [
            0.11086432635784149,
            0.004554141312837601,
            0.047487035393714905
        ],
        [
            0.10484664142131805,
            0.007968377321958542,
            0.039385151118040085
        ],
        [
            0.10211697220802307,
            0.003173215314745903,
            0.04314276576042175
        ],
        [
            0.10778342932462692,
            0.001078302040696144,
            0.05117309093475342
        ],
        [
            0.09547542780637741,
            0.0008346002432517707,
            0.07818889617919922
        ],
        [
            0.09004749357700348,
            -0.013222034089267254,
            0.07035602629184723
        ],
        [
            0.09710094332695007,
            -0.012558408081531525,
            0.07280944287776947
        ],
        [
            0.09966671466827393,
            0.0036627626977860928,
            0.07661867141723633
        ],
        [
            0.09524936974048615,
            0.02733832597732544,
            0.018696509301662445
        ],
        [
            0.08922331035137177,
            0.024483991786837578,
            0.006746523082256317
        ],
        [
            0.08521495014429092,
            0.020550386980175972,
            0.008907489478588104
        ],
        [
            0.09168630838394165,
            0.023340726271271706,
            0.019213661551475525
        ],
        [
            0.0738421380519867,
            0.012489739805459976,
            0.024835549294948578
        ],
        [
            0.0721227377653122,
            0.009647734463214874,
            0.015049532055854797
        ],
        [
            0.06548944115638733,
            -0.0005897004157304764,
            0.010698765516281128
        ],
        [
            0.06631587445735931,
            -8.025392889976501e-05,
            0.0216282457113266
        ],
        [
            0.07614368945360184,
            0.014042720198631287,
            0.03489068150520325
        ],
        [
            0.066803939640522,
            0.005017424002289772,
            0.03393582999706268
        ],
        [
            0.06938275694847107,
            0.009803803637623787,
            0.045882124453783035
        ],
        [
            0.0756528228521347,
            0.015939852222800255,
            0.06295526772737503
        ],
        [
            0.09890911728143692,
            0.0302304495126009,
            0.0005111098289489746
        ],
        [
            0.10454608500003815,
            0.033688437193632126,
            0.00851491093635559
        ],
        [
            0.11629776656627655,
            -0.00413735955953598,
            0.11347443610429764
        ],
        [
            0.11935386806726456,
            0.00041301362216472626,
            0.11083173751831055
        ],
        [
            0.11835376173257828,
            -0.003529610112309456,
            0.10666537284851074
        ],
        [
            0.1158754974603653,
            -0.007283711805939674,
            0.11008910089731216
        ],
        [
            0.117399200797081,
            0.023868050426244736,
            -0.005338162183761597
        ],
        [
            0.12078069895505905,
            0.015009386464953423,
            -0.008762247860431671
        ],
        [
            0.11667676270008087,
            0.017906630411744118,
            -0.014086730778217316
        ],
        [
            0.11188347637653351,
            0.025151681154966354,
            -0.010469913482666016
        ],
        [
            0.12470641732215881,
            0.02212929166853428,
            0.001365065574645996
        ],
        [
            0.12599527835845947,
            0.0111467894166708,
            -0.000949569046497345
        ],
        [
            0.12440785765647888,
            -0.011257210746407509,
            0.12053694576025009
        ],
        [
            0.11935339868068695,
            -0.010140771046280861,
            0.11951065063476562
        ],
        [
            0.1204805001616478,
            -0.014308374375104904,
            0.11597190052270889
        ],
        [
            0.12587963044643402,
            -0.015578541904687881,
            0.11572276055812836
        ],
        [
            0.10579253733158112,
            -0.011088410392403603,
            0.07456546276807785
        ],
        [
            0.10899319499731064,
            -0.005961142480373383,
            0.06795062869787216
        ],
        [
            0.11574077606201172,
            -0.017224816605448723,
            0.08478059619665146
        ],
        [
            0.11494565010070801,
            -0.012708651833236217,
            0.07827994227409363
        ],
        [
            0.10999364405870438,
            -0.0173281691968441,
            0.07998420298099518
        ],
        [
            0.11206057667732239,
            -0.021432487294077873,
            0.0850185975432396
        ],
        [
            0.1271069049835205,
            0.0005174968391656876,
            0.0627390444278717
        ],
        [
            0.12003612518310547,
            0.0031283628195524216,
            0.053900111466646194
        ],
        [
            0.11703324317932129,
            -0.0009055882692337036,
            0.05838916450738907
        ],
        [
            0.12333176285028458,
            -0.003991865552961826,
            0.06910306215286255
        ],
        [
            0.12691177427768707,
            0.013614488765597343,
            0.04726071655750275
        ],
        [
            0.13348722457885742,
            0.009720969945192337,
            0.05612356960773468
        ],
        [
            0.13644924759864807,
            0.016011491417884827,
            0.05103977769613266
        ],
        [
            0.1309647560119629,
            0.018541745841503143,
            0.046306364238262177
        ],
        [
            0.14226441085338593,
            0.0006089899688959122,
            0.07202547043561935
        ],
        [
            0.14412717521190643,
            -0.0018013706430792809,
            0.07537512481212616
        ],
        [
            0.1450744867324829,
            0.0015076817944645882,
            0.07419690489768982
        ],
        [
            0.14332270622253418,
            0.002976651769131422,
            0.07003200799226761
        ],
        [
            0.11267207562923431,
            0.019638042896986008,
            -0.01975143700838089
        ],
        [
            0.10624867677688599,
            0.025535088032484055,
            -0.015222884714603424
        ],
        [
            0.15522494912147522,
            0.009523873217403889,
            0.029635455459356308
        ],
        [
            0.15142670273780823,
            0.01972222328186035,
            0.02623428776860237
        ],
        [
            0.16014181077480316,
            0.020050596445798874,
            0.035696595907211304
        ],
        [
            0.16376595199108124,
            0.00800413265824318,
            0.03709181025624275
        ],
        [
            0.12012548744678497,
            0.004686285741627216,
            -0.007883578538894653
        ],
        [
            0.11783576011657715,
            0.007938952185213566,
            -0.014645524322986603
        ],
        [
            0.13040973246097565,
            -0.009410757571458817,
            0.11933054029941559
        ],
        [
            0.1312401443719864,
            -0.01348025817424059,
            0.11401955783367157
        ],
        [
            0.06685185432434082,
            -0.0035560987889766693,
            0.04447765275835991
        ],
        [
            0.0726519525051117,
            0.006426752544939518,
            0.0652799904346466
        ],
        [
            0.06632418930530548,
            -0.008596749976277351,
            0.028098225593566895
        ],
        [
            0.06826677173376083,
            -0.011242147535085678,
            0.016434460878372192
        ],
        [
            0.06770926713943481,
            -0.012018568813800812,
            0.0068539828062057495
        ],
        [
            0.12091544270515442,
            -0.010259528644382954,
            0.0784197598695755
        ],
        [
            0.11128613352775574,
            -0.002267727628350258,
            0.05972751975059509
        ],
        [
            0.113552525639534,
            0.008113552816212177,
            0.04462351277470589
        ],
        [
            0.13115951418876648,
            0.03141156584024429,
            0.034367166459560394
        ],
        [
            0.1243220865726471,
            0.033947598189115524,
            0.027078986167907715
        ],
        [
            0.12001734972000122,
            0.02769385650753975,
            0.03475509211421013
        ],
        [
            0.12716564536094666,
            0.02627571113407612,
            0.03926695138216019
        ],
        [
            0.1475367397069931,
            0.028515543788671494,
            0.029794853180646896
        ],
        [
            0.14259856939315796,
            0.030382011085748672,
            0.03598052263259888
        ],
        [
            0.147403746843338,
            0.028377071022987366,
            0.04112890362739563
        ],
        [
            0.1540292352437973,
            0.026838548481464386,
            0.0368010587990284
        ],
        [
            0.08858558535575867,
            0.0019307427573949099,
            0.08089348673820496
        ],
        [
            0.08306759595870972,
            -0.012100392952561378,
            0.0684238076210022
        ],
        [
            0.1112823486328125,
            0.03070184402167797,
            8.58604907989502e-05
        ],
        [
            0.10493908822536469,
            0.02969178929924965,
            -0.0045490562915802
        ],
        [
            0.09998898208141327,
            0.028253640979528427,
            -0.011467806994915009
        ],
        [
            0.09861740469932556,
            0.016942035406827927,
            0.029752399772405624
        ],
        [
            0.08913135528564453,
            0.020569249987602234,
            0.01963682472705841
        ],
        [
            0.08661644160747528,
            0.017672773450613022,
            0.022112876176834106
        ],
        [
            0.0971948653459549,
            0.012922486290335655,
            0.03086741641163826
        ],
        [
            0.09607142955064774,
            0.006442442536354065,
            0.04150475934147835
        ],
        [
            0.0872022807598114,
            0.013348497450351715,
            0.034512363374233246
        ],
        [
            0.0991189032793045,
            0.01013287715613842,
            0.04984798654913902
        ],
        [
            0.07887628674507141,
            0.015489291399717331,
            0.010512620210647583
        ],
        [
            0.07923147082328796,
            0.020329872146248817,
            0.0004279911518096924
        ],
        [
            0.07335200160741806,
            0.0140906423330307,
            0.002943791449069977
        ],
        [
            0.08654261380434036,
            0.025343559682369232,
            -0.0038380026817321777
        ],
        [
            0.09383496642112732,
            0.02847074344754219,
            -0.007928721606731415
        ],
        [
            0.11589297652244568,
            0.008600824512541294,
            -0.02295631915330887
        ],
        [
            0.06910566985607147,
            0.007431942969560623,
            0.005445308983325958
        ],
        [
            0.09417210519313812,
            0.022083204239606857,
            0.06451891362667084
        ],
        [
            0.09595054388046265,
            0.0243685282766819,
            0.07201102375984192
        ],
        [
            0.10157572478055954,
            0.01893015205860138,
            0.07132714986801147
        ],
        [
            0.1004466637969017,
            0.01620260439813137,
            0.06460408866405487
        ],
        [
            0.1165185496211052,
            -0.032496485859155655,
            0.08618567883968353
        ],
        [
            0.11225645989179611,
            -0.0267192292958498,
            0.08668336272239685
        ],
        [
            0.1072339117527008,
            -0.023246152326464653,
            0.08094779402017593
        ],
        [
            0.10507097840309143,
            0.029080986976623535,
            0.024885155260562897
        ],
        [
            0.11244063824415207,
            0.03452618792653084,
            0.016033682972192764
        ],
        [
            0.12085524201393127,
            -0.014322798699140549,
            0.08492191880941391
        ],
        [
            0.1279367357492447,
            -0.019491661339998245,
            0.11251171678304672
        ],
        [
            0.12175007909536362,
            -0.01902151294052601,
            0.11248328536748886
        ],
        [
            0.12027730792760849,
            -0.029523061588406563,
            0.09768584370613098
        ],
        [
            0.1273777186870575,
            -0.029859634116292,
            0.09820929169654846
        ],
        [
            0.12837204337120056,
            -0.014069213531911373,
            0.08764968812465668
        ],
        [
            0.12086813151836395,
            -0.01411830447614193,
            0.08697152137756348
        ],
        [
            0.12164223194122314,
            -0.01322949305176735,
            0.0879179835319519
        ],
        [
            0.12766025960445404,
            -0.010289907455444336,
            0.08892890065908432
        ],
        [
            0.14695116877555847,
            0.006602431647479534,
            0.06694148480892181
        ],
        [
            0.14514553546905518,
            0.008540838956832886,
            0.06439109146595001
        ],
        [
            0.1400354653596878,
            -0.029060382395982742,
            0.0736265704035759
        ],
        [
            0.1313973367214203,
            -0.038632676005363464,
            0.07692126929759979
        ],
        [
            0.12228364497423172,
            -0.03689630702137947,
            0.06709440052509308
        ],
        [
            0.1303769201040268,
            0.005575064569711685,
            0.058277130126953125
        ],
        [
            0.13707062602043152,
            0.0036881454288959503,
            0.06575571000576019
        ],
        [
            0.13899661600589752,
            0.006349572911858559,
            0.06343591213226318
        ],
        [
            0.12531515955924988,
            -0.009482747875154018,
            0.07951341569423676
        ],
        [
            0.12691642343997955,
            -0.012270554900169373,
            0.0844777524471283
        ],
        [
            0.13073942065238953,
            -0.010221952572464943,
            0.08124708384275436
        ],
        [
            0.1282033771276474,
            -0.006566252559423447,
            0.07598463445901871
        ],
        [
            0.1426079124212265,
            0.02034507319331169,
            0.01629341021180153
        ],
        [
            0.13877341151237488,
            0.030644066631793976,
            0.020749546587467194
        ],
        [
            0.11636006832122803,
            -0.007714901119470596,
            0.11674454063177109
        ],
        [
            0.11673200130462646,
            -0.011417435482144356,
            0.11345061659812927
        ],
        [
            0.12331581115722656,
            0.008074863813817501,
            0.049759428948163986
        ],
        [
            0.11283916234970093,
            -0.031589824706315994,
            0.055753614753484726
        ],
        [
            0.11622892320156097,
            0.012126867659389973,
            0.04184712842106819
        ],
        [
            0.16082079708576202,
            0.0024105720221996307,
            0.05620808154344559
        ],
        [
            0.1580262929201126,
            0.011612429283559322,
            0.05890962481498718
        ],
        [
            0.1574012190103531,
            0.01088918186724186,
            0.060392897576093674
        ],
        [
            0.16045594215393066,
            0.006132424343377352,
            0.06142556667327881
        ],
        [
            0.1296244114637375,
            -0.003129989840090275,
            0.10102538019418716
        ],
        [
            0.12364509701728821,
            -0.0030854977667331696,
            0.10195058584213257
        ],
        [
            0.12322306632995605,
            -0.00038804300129413605,
            0.10440218448638916
        ],
        [
            0.1291210800409317,
            -0.0004308875650167465,
            0.10433562844991684
        ],
        [
            0.11603880673646927,
            -0.0173981711268425,
            0.08761890977621078
        ],
        [
            0.1132497638463974,
            -0.02216891199350357,
            0.08912614732980728
        ],
        [
            0.11396729201078415,
            -0.020275339484214783,
            0.09260180592536926
        ],
        [
            0.11744505167007446,
            -0.01570957526564598,
            0.09021598845720291
        ],
        [
            0.1143905520439148,
            -0.027813658118247986,
            0.09090562164783478
        ],
        [
            0.115470290184021,
            -0.02599302865564823,
            0.09531190991401672
        ],
        [
            0.1348257064819336,
            -0.0065025510266423225,
            0.10278978198766708
        ],
        [
            0.1363082081079483,
            -0.012580636888742447,
            0.10698320716619492
        ],
        [
            0.13713319599628448,
            -0.020286530256271362,
            0.09348312020301819
        ],
        [
            0.13424035906791687,
            -0.012621764093637466,
            0.09204837679862976
        ],
        [
            0.1286216676235199,
            -0.006694002076983452,
            0.015177331864833832
        ],
        [
            0.13292501866817474,
            0.0026923390105366707,
            0.010784804821014404
        ],
        [
            0.1425849199295044,
            0.0022191195748746395,
            0.023048046976327896
        ],
        [
            0.1534983068704605,
            0.0013218298554420471,
            0.034845128655433655
        ],
        [
            0.1620677411556244,
            0.0008768173865973949,
            0.047138966619968414
        ],
        [
            0.15923084318637848,
            -0.010450213216245174,
            0.05138979107141495
        ],
        [
            0.1441642940044403,
            0.009415393695235252,
            0.019064176827669144
        ],
        [
            0.1369556039571762,
            -0.02040691114962101,
            0.08263671398162842
        ],
        [
            0.13729479908943176,
            -0.02664014883339405,
            0.0835091769695282
        ],
        [
            0.14007696509361267,
            -0.024832148104906082,
            0.08009224385023117
        ],
        [
            0.11966728419065475,
            0.01842602714896202,
            0.0396173857152462
        ],
        [
            0.11765478551387787,
            -0.016508471220731735,
            0.11064803600311279
        ],
        [
            0.08788100630044937,
            -0.02146647684276104,
            0.0045036375522613525
        ],
        [
            0.09944739937782288,
            -0.017772920429706573,
            -0.0022902488708496094
        ],
        [
            0.10183865576982498,
            -0.019296681508421898,
            0.006078071892261505
        ],
        [
            0.08818776160478592,
            -0.02246888168156147,
            0.014642409980297089
        ],
        [
            0.11807835102081299,
            -0.006649349816143513,
            0.10447052866220474
        ],
        [
            0.11551713943481445,
            -0.011605667881667614,
            0.10742860287427902
        ],
        [
            0.14790078997612,
            0.013809308409690857,
            0.0621015802025795
        ],
        [
            0.14961570501327515,
            0.011022491380572319,
            0.06418769061565399
        ],
        [
            0.15189719200134277,
            0.013228103518486023,
            0.060919757932424545
        ],
        [
            0.15117762982845306,
            0.017039576545357704,
            0.06091763451695442
        ],
        [
            0.1336805820465088,
            0.008011670783162117,
            0.007916010916233063
        ],
        [
            0.16240015625953674,
            0.023105310276150703,
            0.04299590736627579
        ],
        [
            0.166097030043602,
            0.01342097856104374,
            0.04565418139100075
        ],
        [
            0.1245592013001442,
            0.0026361127384006977,
            0.0004012957215309143
        ],
        [
            0.12112949788570404,
            -0.005963414441794157,
            0.0037373900413513184
        ],
        [
            0.11620421707630157,
            -0.005101481918245554,
            -0.004724659025669098
        ],
        [
            0.15358367562294006,
            -0.01639663241803646,
            0.0639747902750969
        ],
        [
            0.12608133256435394,
            -0.013117313385009766,
            0.020522549748420715
        ],
        [
            0.1180901825428009,
            -0.01141323521733284,
            0.008250661194324493
        ],
        [
            0.11208958923816681,
            -0.010656248778104782,
            -0.001650385558605194
        ],
        [
            0.10862948000431061,
            -0.010132106021046638,
            -0.00924893468618393
        ],
        [
            0.11342336982488632,
            -0.004018125124275684,
            -0.011777304112911224
        ],
        [
            0.13294650614261627,
            -0.016606098040938377,
            0.110125333070755
        ],
        [
            0.13529759645462036,
            -0.00859658233821392,
            0.11106594651937485
        ],
        [
            0.11134657263755798,
            -0.003741501597687602,
            -0.020642079412937164
        ],
        [
            0.10562832653522491,
            -0.010191270150244236,
            -0.017125263810157776
        ],
        [
            0.11319229006767273,
            -0.01732170395553112,
            0.013424031436443329
        ],
        [
            0.1056617945432663,
            -0.023223718628287315,
            0.02089735120534897
        ],
        [
            0.12094669789075851,
            -0.018556460738182068,
            0.02521209418773651
        ],
        [
            0.1145373284816742,
            -0.024788785725831985,
            0.03313570097088814
        ],
        [
            0.15045158565044403,
            -0.027741901576519012,
            0.06463375687599182
        ],
        [
            0.13230322301387787,
            0.007252318784594536,
            0.12234396487474442
        ],
        [
            0.13439202308654785,
            0.0006436090916395187,
            0.11323021352291107
        ],
        [
            0.13022753596305847,
            0.0033042635768651962,
            0.10993203520774841
        ],
        [
            0.13070155680179596,
            0.010041208937764168,
            0.11961061507463455
        ],
        [
            0.1338062584400177,
            -0.00323578342795372,
            0.10665768384933472
        ],
        [
            0.13458234071731567,
            -0.004443429410457611,
            0.11633603274822235
        ],
        [
            0.10259436070919037,
            -0.0280381478369236,
            0.043948132544755936
        ],
        [
            0.13281166553497314,
            -0.01357569545507431,
            0.08447083085775375
        ],
        [
            0.0894734263420105,
            -0.02428511343896389,
            0.03320109099149704
        ],
        [
            0.09364353865385056,
            -0.02719988487660885,
            0.05976907163858414
        ],
        [
            0.08321692049503326,
            -0.021582284942269325,
            0.05285210162401199
        ],
        [
            0.0751616358757019,
            -0.01950538344681263,
            0.022720351815223694
        ],
        [
            0.07214179635047913,
            -0.016332369297742844,
            0.04120606184005737
        ],
        [
            0.07563015818595886,
            -0.018821418285369873,
            0.00257931649684906
        ],
        [
            0.07714632153511047,
            -0.019657880067825317,
            0.011812843382358551
        ],
        [
            0.0731603130698204,
            -0.008704965002834797,
            0.059315770864486694
        ],
        [
            0.11664274334907532,
            0.004967790096998215,
