{
    "pred_cam": [
        11.667741775512695,
        0.12707874178886414,
        -0.0205486249178648
    ],
    "pred_mano_params": {
        "global_orient": [
            [
                [
                    -0.5427967309951782,
                    0.2732923626899719,
                    -0.7941555380821228
                ],
                [
                    0.23911388218402863,
                    -0.8561570644378662,
                    -0.45806068181991577
                ],
                [
                    -0.8051064014434814,
                    -0.4385274052619934,
                    0.39937126636505127
                ]
            ]
        ],
        "hand_pose": [
            [
                [
                    0.5699829459190369,
                    -0.7075587511062622,
                    -0.41770827770233154
                ],
                [
                    0.7680593729019165,
                    0.6394180655479431,
                    -0.035060834139585495
                ],
                [
                    0.29189786314964294,
                    -0.30084067583084106,
                    0.9079045057296753
                ]
            ],
            [
                [
                    0.7940523624420166,
                    -0.5919333696365356,
                    0.1381872147321701
                ],
                [
                    0.5844516754150391,
                    0.681028425693512,
                    -0.4411536753177643
                ],
                [
                    0.167024165391922,
                    0.43106287717819214,
                    0.8867287039756775
                ]
            ],
            [
                [
                    0.810323178768158,
                    -0.3184865713119507,
                    0.49187660217285156
                ],
                [
                    0.22544218599796295,
                    0.944235622882843,
                    0.23998965322971344
                ],
                [
                    -0.5408807992935181,
                    -0.08357946574687958,
                    0.8369362950325012
                ]
            ],
            [
                [
                    0.06108851358294487,
                    -0.9351354837417603,
                    -0.3489839434623718
                ],
                [
                    0.9951029419898987,
                    0.02983899600803852,
                    0.09423301368951797
                ],
                [
                    -0.07770729064941406,
                    -0.3530314564704895,
                    0.932378888130188
                ]
            ],
            [
                [
                    0.9051855802536011,
                    -0.41475310921669006,
                    -0.0928378477692604
                ],
                [
                    0.4236958920955658,
                    0.8977879881858826,
                    0.12024301290512085
                ],
                [
                    0.033477555960416794,
                    -0.14817726612091064,
                    0.9883939027786255
                ]
            ],
            [
                [
                    0.7602789402008057,
                    -0.617653489112854,
                    0.2011963427066803
                ],
                [
                    0.6136678457260132,
                    0.7844887375831604,
                    0.08938220888376236
                ],
                [
                    -0.21304349601268768,
                    0.05551232397556305,
                    0.9754643440246582
                ]
            ],
            [
                [
                    -0.2527812421321869,
                    -0.7907094359397888,
                    -0.5575664043426514
                ],
                [
                    0.8666740655899048,
                    -0.4412252604961395,
                    0.23280099034309387
                ],
                [
                    -0.4300903081893921,
                    -0.42438066005706787,
                    0.7968208193778992
                ]
            ],
            [
                [
                    0.7584545612335205,
                    -0.6379566192626953,
                    0.13325944542884827
                ],
                [
                    0.5958355665206909,
                    0.7616066336631775,
                    0.25482428073883057
                ],
                [
                    -0.26405808329582214,
                    -0.11387192457914352,
                    0.957761287689209
                ]
            ],
            [
                [
                    0.9233766198158264,
                    -0.37937936186790466,
                    0.058710552752017975
                ],
                [
                    0.10039631277322769,
                    0.38625216484069824,
                    0.9169132113456726
                ],
                [
                    -0.3705350160598755,
                    -0.8407618999481201,
                    0.39474451541900635
                ]
            ],
            [
                [
                    -0.15145982801914215,
                    -0.9761374592781067,
                    -0.15561343729496002
                ],
                [
                    0.9870690107345581,
                    -0.15771932899951935,
                    0.028624875470995903
                ],
                [
                    -0.05248505622148514,
                    -0.14926567673683167,
                    0.9874032139778137
                ]
            ],
            [
                [
                    0.8933292031288147,
                    -0.4436954855918884,
                    0.0713946595788002
                ],
                [
                    0.3346230685710907,
                    0.7627663612365723,
                    0.5533668994903564
                ],
                [
                    -0.2999838590621948,
                    -0.4704485535621643,
                    0.829872190952301
                ]
            ],
            [
                [
                    0.6943836212158203,
                    -0.7114861011505127,
                    0.10779128968715668
                ],
                [
                    0.6077994704246521,
                    0.6600711345672607,
                    0.4414587914943695
                ],
                [
                    -0.38524168729782104,
                    -0.24102625250816345,
                    0.8907834887504578
                ]
            ],
            [
                [
                    0.993340253829956,
                    -0.1151592805981636,
                    0.003675807034596801
                ],
                [
                    0.012970710173249245,
                    0.08006850630044937,
                    -0.9967049956321716
                ],
                [
                    0.11448553204536438,
                    0.9901148676872253,
                    0.08102896809577942
                ]
            ],
            [
                [
                    0.9410068988800049,
                    -0.2909240424633026,
                    -0.1728271096944809
                ],
                [
                    0.3379698395729065,
                    0.8333834409713745,
                    0.4373195469379425
                ],
                [
                    0.016804484650492668,
                    -0.46993106603622437,
                    0.88254314661026
                ]
            ],
            [
                [
                    0.8023353815078735,
                    -0.3003234267234802,
                    -0.5158137679100037
                ],
                [
                    -0.28602364659309387,
                    0.5650493502616882,
                    -0.7738925814628601
                ],
                [
                    0.523878276348114,
                    0.7684562802314758,
                    0.3674594759941101
                ]
            ]
        ],
        "betas": [
            -0.09346607327461243,
            -0.10826686024665833,
            -0.059570103883743286,
            -0.021478742361068726,
            -0.07020431756973267,
            0.038745809346437454,
            0.03323337435722351,
            -0.08901259303092957,
            0.0028847157955169678,
            -0.06080183386802673
        ]
    },
    "pred_cam_t": [
        -0.12707874178886414,
        -0.0205486249178648,
        3.3479058742523193
    ],
    "focal_length": [
        5000.0,
        5000.0
    ],
    "pred_keypoints_3d": [
        [
            0.0961664468050003,
            0.006412774324417114,
            0.006254184991121292
        ],
        [
            0.08443430066108704,
            0.0021565412171185017,
            0.04286772757768631
        ],
        [
            0.08808610588312149,
            0.017705736681818962,
            0.06931132078170776
        ],
        [
            0.10073751211166382,
            0.02936895191669464,
            0.09039830416440964
        ],
        [
            0.13444013893604279,
            0.036875657737255096,
            0.09759892523288727
        ],
        [
            0.12636250257492065,
            -0.019784817472100258,
            0.08802294731140137
        ],
        [
            0.13934199512004852,
            -0.0017052721232175827,
            0.11261473596096039
        ],
        [
            0.136112779378891,
            0.019538018852472305,
            0.11863519251346588
        ],
        [
            0.12031301856040955,
            0.03605913370847702,
            0.12675008177757263
        ],
        [
            0.150138720870018,
            -0.013489887118339539,
            0.08212579786777496
        ],
        [
            0.14512303471565247,
            0.014777502045035362,
            0.09599921107292175
        ],
        [
            0.1324317455291748,
            0.03442643582820892,
            0.09672722220420837
        ],
        [
            0.11000676453113556,
            0.04599445313215256,
            0.0934983640909195
        ],
        [
            0.16100925207138062,
            0.0024548452347517014,
            0.06344622373580933
        ],
        [
            0.1545700579881668,
            0.029471034184098244,
            0.07201015949249268
        ],
        [
            0.13707873225212097,
            0.047031037509441376,
            0.06904950737953186
        ],
        [
            0.11234252154827118,
            0.04935155063867569,
            0.06610660254955292
        ],
        [
            0.16548894345760345,
            0.01829971745610237,
            0.048987191170454025
        ],
        [
            0.15658743679523468,
            0.03744516894221306,
            0.04666396975517273
        ],
        [
            0.14054815471172333,
            0.04442202299833298,
            0.03907504677772522
        ],
        [
            0.12000923603773117,
            0.035175248980522156,
            0.03500493988394737
        ]
    ],
    "pred_vertices": [
        [
            0.1058003306388855,
            0.001454085111618042,
            0.060970403254032135
        ],
        [
            0.10087241232395172,
            0.004415405914187431,
            0.05242372676730156
        ],
        [
            0.10103388130664825,
            0.00640568882226944,
            0.06037747859954834
        ],
        [
            0.10351765155792236,
            0.0007849335670471191,
            0.06919833272695541
        ],
        [
            0.0927610844373703,
            0.02081713080406189,
            0.04463652893900871
        ],
        [
            0.0806119367480278,
            0.021552417427301407,
            0.043116889894008636
        ],
        [
            0.08467445522546768,
            0.026841413229703903,
            0.05752253904938698
        ],
        [
            0.09464596956968307,
            0.02625933662056923,
            0.05585850402712822
        ],
        [
            0.10278888046741486,
            -2.8543174266815186e-05,
            0.0750541090965271
        ],
        [
            0.1013677716255188,
            0.009105203673243523,
            0.06693702936172485
        ],
        [
            0.10179027915000916,
            -0.0008048228919506073,
            0.07569471746683121
        ],
        [
            0.10439855605363846,
            -0.016077404841780663,
            0.08048144727945328
        ],
        [
            0.10564921796321869,
            -0.010212930850684643,
            0.08015785366296768
        ],
        [
            0.11008549481630325,
            -0.023084327578544617,
            0.08393976092338562
        ],
        [
            0.10144948214292526,
            -0.022609911859035492,
            0.07309314608573914
        ],
        [
            0.11516842246055603,
            -0.02995760180056095,
            0.07956121116876602
        ],
        [
            0.12101700901985168,
            -0.026107102632522583,
            0.04947252944111824
        ],
        [
            0.13011103868484497,
            -0.020039832219481468,
            0.04058927670121193
        ],
        [
            0.14247529208660126,
            -0.023404795676469803,
            0.05447883903980255
        ],
        [
            0.13156531751155853,
            -0.028387200087308884,
            0.062114883214235306
        ],
        [
            0.14993159472942352,
            -0.009531579911708832,
            0.04025452584028244
        ],
        [
            0.14625103771686554,
            -0.01710200496017933,
            0.048824507743120193
        ],
        [
            0.13454672694206238,
            -0.01502385176718235,
            0.03431444615125656
        ],
        [
            0.13810478150844574,
            -0.00804587360471487,
            0.027596302330493927
        ],
        [
            0.11258713901042938,
            0.007403180003166199,
            0.04707939177751541
        ],
        [
            0.10657630860805511,
            0.010441867634654045,
            0.039061713963747025
        ],
        [
            0.10373801738023758,
            0.006224986165761948,
            0.04370670020580292
        ],
        [
            0.1094038113951683,
            0.004525240510702133,
            0.05136275663971901
        ],
        [
            0.09419916570186615,
            0.007702438160777092,
            0.07925812155008316
        ],
        [
            0.08901811391115189,
            -0.006147362757474184,
            0.07215698063373566
        ],
        [
            0.0962405800819397,
            -0.005852852016687393,
            0.07500643283128738
        ],
        [
            0.0987326055765152,
            0.010132340714335442,
            0.07796324044466019
        ],
        [
            0.09729574620723724,
            0.028461147099733353,
            0.016709759831428528
        ],
        [
            0.09059341251850128,
            0.024902300909161568,
            0.005292512476444244
        ],
        [
            0.08645546436309814,
            0.0214480422437191,
            0.007958896458148956
        ],
        [
            0.09360034763813019,
            0.024723438546061516,
            0.017751336097717285
        ],
        [
            0.075745590031147,
            0.015341797843575478,
            0.024682991206645966
        ],
        [
            0.0731191337108612,
            0.011882301419973373,
            0.015370234847068787
        ],
        [
            0.06548792123794556,
            0.0018111132085323334,
            0.012184195220470428
        ],
        [
            0.06684514880180359,
            0.003194136545062065,
            0.02274126559495926
        ],
        [
            0.07865303754806519,
            0.017782554030418396,
            0.03438790142536163
        ],
        [
            0.06829346716403961,
            0.009475145488977432,
            0.034136928617954254
        ],
        [
            0.07132744789123535,
            0.015631433576345444,
            0.04466494917869568
        ],
        [
            0.07696492969989777,
            0.022889424115419388,
            0.06074653938412666
        ],
        [
            0.10037051886320114,
            0.02938612550497055,
            -0.001821763813495636
        ],
        [
            0.10654893517494202,
            0.033211514353752136,
            0.005615025758743286
        ],
        [
            0.1264946460723877,
            0.004775680601596832,
            0.11148848384618759
        ],
        [
            0.1295938491821289,
            0.00833147019147873,
            0.1075342446565628
        ],
        [
            0.12746217846870422,
            0.0045189931988716125,
            0.10491842031478882
        ],
        [
            0.1251414567232132,
            0.001651061698794365,
            0.10925967246294022
        ],
        [
            0.11816425621509552,
            0.021253105252981186,
            -0.007700249552726746
        ],
        [
            0.12081548571586609,
            0.01189463585615158,
            -0.010372184216976166
        ],
        [
            0.11667895317077637,
            0.014543594792485237,
            -0.015815697610378265
        ],
        [
            0.11252032965421677,
            0.02241174876689911,
            -0.012738227844238281
        ],
        [
            0.1256549060344696,
            0.01966005004942417,
            -0.0011308789253234863
        ],
        [
            0.1261138916015625,
            0.008440466597676277,
            -0.0024084895849227905
        ],
        [
            0.134942427277565,
            -0.0016909409314393997,
            0.11890897899866104
        ],
        [
            0.12987206876277924,
            -0.00018322281539440155,
            0.11829334497451782
        ],
        [
            0.12994073331356049,
            -0.004891788586974144,
            0.11562302708625793
        ],
        [
            0.13509511947631836,
            -0.006890132091939449,
            0.11487431824207306
        ],
        [
            0.10730840265750885,
            -0.005140503868460655,
            0.07604512572288513
        ],
        [
            0.11075422167778015,
            -0.0009665600955486298,
            0.06868857890367508
        ],
        [
            0.11744026094675064,
            -0.01092771627008915,
            0.08679038286209106
        ],
        [
            0.11669028550386429,
            -0.007161645218729973,
            0.07932816445827484
        ],
        [
            0.1113756000995636,
            -0.011195053346455097,
            0.08186521381139755
        ],
        [
            0.11351649463176727,
            -0.014898719266057014,
            0.08762173354625702
        ],
        [
            0.12916778028011322,
            0.003680318593978882,
            0.061967287212610245
        ],
        [
            0.12192104011774063,
            0.005941840820014477,
            0.05318017303943634
        ],
        [
            0.11882484704256058,
            0.002562815323472023,
            0.058198168873786926
        ],
        [
            0.12535732984542847,
            5.176663398742676e-05,
            0.06889443099498749
        ],
        [
            0.129183828830719,
            0.015294799581170082,
            0.045302268117666245
        ],
        [
            0.13585060834884644,
            0.011768029071390629,
            0.054223909974098206
        ],
        [
            0.1389763206243515,
            0.017352445051074028,
            0.048414744436740875
        ],
        [
            0.1334899663925171,
            0.019841259345412254,
            0.04372328519821167
        ],
        [
            0.14460782706737518,
            0.0031706439331173897,
            0.07071796804666519
        ],
        [
            0.14620722830295563,
            2.0467210561037064e-05,
            0.0736018568277359
        ],
        [
            0.1473432034254074,
            0.004029710777103901,
            0.07203538715839386
        ],
        [
            0.14570645987987518,
            0.00558251840993762,
            0.06843078136444092
        ],
        [
            0.11255352199077606,
            0.016003970056772232,
            -0.021487221121788025
        ],
        [
            0.10671798884868622,
            0.022726941853761673,
            -0.017315007746219635
        ],
        [
            0.1568322777748108,
            0.0075819483026862144,
            0.027217868715524673
        ],
        [
            0.1534861922264099,
            0.01766486093401909,
            0.022849813103675842
        ],
        [
            0.16258752346038818,
            0.01831153966486454,
            0.03218802437186241
        ],
        [
            0.16566957533359528,
            0.006077926605939865,
            0.03466833010315895
        ],
        [
            0.11952772736549377,
            0.0017661473248153925,
            -0.008480861783027649
        ],
        [
            0.11716297268867493,
            0.00450934749096632,
            -0.015454329550266266
        ],
        [
            0.14091601967811584,
            -0.0009394306689500809,
            0.11656981706619263
        ],
        [
            0.14040839672088623,
            -0.005866216495633125,
            0.11209988594055176
        ],
        [
            0.06746315956115723,
            0.0023000966757535934,
            0.04459511488676071
        ],
        [
            0.07307714223861694,
            0.01391217764467001,
            0.06363546848297119
        ],
        [
            0.06642894446849823,
            -0.004555650055408478,
            0.02949666976928711
        ],
        [
            0.06778690218925476,
            -0.008432723581790924,
            0.018522515892982483
        ],
        [
            0.06677520275115967,
            -0.010004582814872265,
            0.009346596896648407
        ],
        [
            0.12272104620933533,
            -0.005140058696269989,
            0.07899114489555359
        ],
        [
            0.11301550269126892,
            0.001744840294122696,
            0.05996914580464363
        ],
        [
            0.11539505422115326,
            0.010489974170923233,
            0.04372357577085495
        ],
        [
            0.1340678483247757,
            0.03151451423764229,
            0.03056330233812332
        ],
        [
            0.12711171805858612,
            0.033831000328063965,
            0.023341748863458633
        ],
        [
            0.12269528210163116,
            0.028627827763557434,
            0.031759943813085556
        ],
        [
            0.1299179196357727,
            0.027150779962539673,
            0.03611065819859505
        ],
        [
            0.15023663640022278,
            0.027013026177883148,
            0.02563297748565674
        ],
        [
            0.14554865658283234,
            0.029818231239914894,
            0.03176240622997284
        ],
        [
            0.15038752555847168,
            0.027983982115983963,
            0.036799363791942596
        ],
        [
            0.15693572163581848,
            0.02555288001894951,
            0.03257022425532341
        ],
        [
            0.08721140027046204,
            0.009562049992382526,
            0.08123186975717545
        ],
        [
            0.0821637511253357,
            -0.004637422040104866,
            0.06975771486759186
        ],
        [
            0.11273179948329926,
            0.02899152599275112,
            -0.0027416571974754333
        ],
        [
            0.1061396449804306,
            0.027973385527729988,
            -0.007033385336399078
        ],
        [
            0.10080935060977936,
            0.026218686252832413,
            -0.013614140450954437
        ],
        [
            0.10063821077346802,
            0.018847975879907608,
            0.028742309659719467
        ],
        [
            0.0910002589225769,
            0.022112218663096428,
            0.018534988164901733
        ],
        [
            0.08860664069652557,
            0.019521471112966537,
            0.02139146625995636
        ],
        [
            0.09919781982898712,
            0.014977766200900078,
            0.030448827892541885
        ],
        [
            0.09805159270763397,
            0.009758906438946724,
            0.04263581335544586
        ],
        [
            0.08982989192008972,
            0.01628008484840393,
            0.034562088549137115
        ],
        [
            0.10070870816707611,
            0.014541538432240486,
            0.050861068069934845
        ],
        [
            0.07995481789112091,
            0.016925983130931854,
            0.010212764143943787
        ],
        [
            0.08007659018039703,
            0.020876029506325722,
            -0.0002579241991043091
        ],
        [
            0.0739237368106842,
            0.01528286561369896,
            0.003026440739631653
        ],
        [
            0.08752760291099548,
            0.024955980479717255,
            -0.005246907472610474
        ],
        [
            0.09483329951763153,
            0.02719106152653694,
            -0.009886115789413452
        ],
        [
            0.11492402851581573,
            0.004513240419328213,
            -0.023735016584396362
        ],
        [
            0.06936217099428177,
            0.00914820097386837,
            0.006259195506572723
        ],
        [
            0.09556104242801666,
            0.028254512697458267,
            0.06419476866722107
        ],
        [
            0.09686518460512161,
            0.03060583584010601,
            0.07177773118019104
        ],
        [
            0.10213612020015717,
            0.02480257861316204,
            0.07189466059207916
        ],
        [
            0.10132651776075363,
            0.022213244810700417,
            0.06556329131126404
        ],
        [
            0.117451012134552,
            -0.026211224496364594,
            0.08951378613710403
        ],
        [
            0.11357349902391434,
            -0.02000775747001171,
            0.08985687792301178
        ],
        [
            0.1080762967467308,
            -0.016715995967388153,
            0.08363212645053864
        ],
        [
            0.10744848847389221,
            0.03010106459259987,
            0.022355228662490845
        ],
        [
            0.11480322480201721,
            0.034198544919490814,
            0.01273636519908905
        ],
        [
            0.12287549674510956,
            -0.00846397876739502,
            0.08622083812952042
        ],
        [
            0.13582420349121094,
            -0.011328693479299545,
            0.11224403977394104
        ],
        [
            0.12979620695114136,
            -0.009987746365368366,
            0.11309493333101273
        ],
        [
            0.12418051064014435,
            -0.021574219688773155,
            0.1008603572845459
        ],
        [
            0.13110797107219696,
            -0.02302829548716545,
            0.10021297633647919
        ],
        [
            0.1314716339111328,
            -0.00885232537984848,
            0.08773606270551682
        ],
        [
            0.12406598031520844,
            -0.007979599758982658,
            0.08806120604276657
        ],
        [
            0.12556175887584686,
            -0.007180030457675457,
            0.08849088102579117
        ],
        [
            0.13204966485500336,
            -0.005235835909843445,
            0.08787599205970764
        ],
        [
            0.14941956102848053,
            0.008246184326708317,
            0.06436888873577118
        ],
        [
            0.14764633774757385,
            0.010444375686347485,
            0.0622720941901207
        ],
        [
            0.1404603272676468,
            -0.025638850405812263,
            0.07538218796253204
        ],
        [
            0.1312166154384613,
            -0.03448868915438652,
            0.07947799563407898
        ],
        [
            0.12176259607076645,
            -0.0326443687081337,
            0.07020226120948792
        ],
        [
            0.13257938623428345,
            0.008059120737016201,
            0.056897539645433426
        ],
        [
            0.13941200077533722,
            0.006374357268214226,
            0.0642862319946289
        ],
        [
            0.1413799673318863,
            0.008707848377525806,
            0.061634138226509094
        ],
        [
            0.12723131477832794,
            -0.004595877602696419,
            0.07979664206504822
        ],
        [
            0.12898947298526764,
            -0.0070862737484276295,
            0.084999680519104
        ],
        [
            0.13276468217372894,
            -0.005687900818884373,
            0.08152244240045547
        ],
        [
            0.1303044706583023,
            -0.0022218478843569756,
            0.07585348188877106
        ],
        [
            0.1441754698753357,
            0.018026575446128845,
            0.013221006840467453
        ],
        [
            0.14115655422210693,
            0.028934020549058914,
            0.016795091331005096
        ],
        [
            0.12670427560806274,
            0.001960156485438347,
            0.11544933915138245
        ],
        [
            0.1260654777288437,
            -0.0019430890679359436,
            0.1132054403424263
        ],
        [
            0.12534725666046143,
            0.010250327177345753,
            0.048452142626047134
        ],
        [
            0.11219564825296402,
            -0.02779104933142662,
            0.05876782909035683
        ],
        [
            0.11820957064628601,
            0.014053650200366974,
            0.04047521948814392
        ],
        [
            0.16263465583324432,
            0.0026579019613564014,
            0.054397545754909515
        ],
        [
            0.16035951673984528,
            0.011776535771787167,
            0.05610844865441322
        ],
        [
            0.15975841879844666,
            0.011140144430100918,
            0.057128988206386566
        ],
        [
            0.16254225373268127,
            0.006719148717820644,
            0.05871381610631943
        ],
        [
            0.13743577897548676,
            0.0027949586510658264,
            0.09783073514699936
        ],
        [
            0.13179998099803925,
            0.00394991971552372,
            0.0997721254825592
        ],
        [
            0.13227076828479767,
            0.006495743989944458,
            0.10140077024698257
        ],
        [
            0.13812308013439178,
            0.005662202835083008,
            0.10047192871570587
        ],
        [
            0.11907623708248138,
            -0.010459249839186668,
            0.08993647992610931
        ],
        [
            0.11586400866508484,
            -0.014829121530056,
            0.0923127755522728
        ],
        [
            0.11818073689937592,
            -0.012249250896275043,
            0.09552818536758423
        ],
        [
            0.12165939062833786,
            -0.008645061403512955,
            0.09189343452453613
        ],
        [
            0.11702349781990051,
            -0.02022300660610199,
            0.09463126212358475
        ],
        [
            0.11952170729637146,
            -0.017684003338217735,
            0.09878980368375778
        ],
        [
            0.14244256913661957,
            -0.0010062586516141891,
            0.09925513714551926
        ],
        [
            0.14390289783477783,
            -0.0064918347634375095,
            0.1042671948671341
        ],
        [
            0.14096641540527344,
            -0.015924105420708656,
            0.09227480739355087
        ],
        [
            0.13884703814983368,
            -0.00831205490976572,
            0.08999686688184738
        ],
        [
            0.12828613817691803,
            -0.008001310750842094,
            0.015286803245544434
        ],
        [
            0.13301414251327515,
            0.0006321987602859735,
            0.009853802621364594
        ],
        [
            0.14322605729103088,
            0.0006063103210180998,
            0.021802466362714767
        ],
        [
            0.15473058819770813,
            8.464325219392776e-06,
            0.033339545130729675
        ],
        [
            0.16375790536403656,
            6.514834240078926e-05,
            0.04540254920721054
        ],
        [
            0.16028031706809998,
            -0.010488670319318771,
            0.050868891179561615
        ],
        [
            0.14511777460575104,
            0.007309817709028721,
            0.017056133598089218
        ],
        [
            0.13834533095359802,
            -0.01597294956445694,
            0.08376316726207733
        ],
        [
            0.138677716255188,
            -0.02265586331486702,
            0.08441358804702759
        ],
        [
            0.14100000262260437,
            -0.020491652190685272,
            0.08208873867988586
        ],
        [
            0.1219450831413269,
            0.019895553588867188,
            0.037525225430727005
        ],
        [
            0.12574294209480286,
            -0.007070697844028473,
            0.11156907677650452
        ],
        [
            0.08618080615997314,
            -0.020930824801325798,
            0.007392548024654388
        ],
        [
            0.09767606109380722,
            -0.018656667321920395,
            -5.335360765457153e-05
        ],
        [
            0.10032378137111664,
            -0.0195570457726717,
            0.008331656455993652
        ],
        [
            0.08681505918502808,
            -0.020999956876039505,
            0.017483830451965332
        ],
        [
            0.12635768949985504,
            0.0017677051946520805,
            0.10387000441551208
        ],
        [
            0.12373332679271698,
            -0.0023541953414678574,
            0.10796909779310226
        ],
        [
            0.15051762759685516,
            0.015241415239870548,
            0.059353552758693695
        ],
        [
            0.1522403359413147,
            0.012030435726046562,
            0.061106227338314056
        ],
        [
            0.1543593555688858,
            0.013588816858828068,
            0.05712178722023964
        ],
        [
            0.15394313633441925,
            0.01746430993080139,
            0.05756586045026779
        ],
        [
            0.13400457799434662,
            0.005613488145172596,
            0.006449595093727112
        ],
        [
            0.1653299480676651,
            0.02236948162317276,
            0.03950714319944382
        ],
        [
            0.168099507689476,
            0.012631470337510109,
            0.043088074773550034
        ],
        [
            0.12418040633201599,
            0.00019913038704544306,
            -0.00018422305583953857
        ],
        [
            0.12033906579017639,
            -0.007809307426214218,
            0.004079148173332214
        ],
        [
            0.11510524153709412,
            -0.007399473339319229,
            -0.004258058965206146
        ],
        [
            0.15453651547431946,
            -0.014663993380963802,
            0.06414568424224854
        ],
        [
            0.12555113434791565,
            -0.013727990910410881,
            0.021312400698661804
        ],
        [
            0.11714403331279755,
            -0.012614049017429352,
            0.009199097752571106
        ],
        [
            0.11077287793159485,
            -0.01236727274954319,
            -0.0005245879292488098
        ],
        [
            0.10702821612358093,
            -0.012315399013459682,
            -0.008025847375392914
        ],
        [
            0.11210256814956665,
            -0.006798523478209972,
            -0.011295638978481293
        ],
        [
            0.1406736969947815,
            -0.009569453075528145,
            0.10862326622009277
        ],
        [
            0.1445404440164566,
            -0.002033580094575882,
            0.10771404206752777
        ],
        [
            0.10968060791492462,
            -0.007220524363219738,
            -0.020086780190467834
        ],
        [
            0.10370102524757385,
            -0.012911081314086914,
            -0.015766121447086334
        ],
        [
            0.11209391802549362,
            -0.01769074983894825,
            0.015079312026500702
        ],
        [
            0.10447369515895844,
            -0.02234192192554474,
            0.023324035108089447
        ],
        [
            0.1202557384967804,
            -0.018356019631028175,
            0.0266793891787529
        ],
        [
            0.1137356162071228,
            -0.023368801921606064,
            0.03540137782692909
        ],
        [
            0.15097731351852417,
            -0.02585686184465885,
            0.06619945168495178
        ],
        [
            0.14454038441181183,
            0.016052357852458954,
            0.11555753648281097
        ],
        [
            0.14497539401054382,
            0.007359577342867851,
            0.10804688185453415
        ],
        [
            0.14057502150535583,
            0.00969499908387661,
            0.10474515706300735
        ],
        [
            0.14283645153045654,
            0.018148034811019897,
            0.1122908890247345
        ],
        [
            0.14283856749534607,
            0.0027165040373802185,
            0.10255270451307297
        ],
        [
            0.1451408565044403,
            0.0029968079179525375,
            0.11210077255964279
        ],
        [
            0.10174009203910828,
            -0.024672864004969597,
            0.046894218772649765
        ],
        [
            0.13474419713020325,
            -0.009180141612887383,
            0.08497422933578491
        ],
        [
            0.08849126100540161,
            -0.021074289456009865,
            0.03599109128117561
        ],
        [
            0.09257820248603821,
            -0.02149733155965805,
            0.06283073127269745
        ],
        [
            0.08236849308013916,
            -0.015812888741493225,
            0.0553046353161335
        ],
        [
            0.07425641268491745,
            -0.016443319618701935,
            0.025233745574951172
        ],
        [
            0.07162065804004669,
            -0.011136693879961967,
            0.04296061396598816
        ],
        [
            0.07405155897140503,
            -0.017649002373218536,
            0.005589023232460022
        ],
        [
            0.07589004933834076,
            -0.017755145207047462,
            0.014636725187301636
        ],
        [
            0.07273182272911072,
            -0.001521517988294363,
            0.05964304506778717
        ],
        [
            0.12825515866279602,
