{
    "pred_cam": [
        8.929011344909668,
        0.12344909459352493,
        -0.030867990106344223
    ],
    "pred_mano_params": {
        "global_orient": [
            [
                [
                    -0.5948157906532288,
                    0.48193082213401794,
                    -0.6433791518211365
                ],
                [
                    0.1774725615978241,
                    -0.701882004737854,
                    -0.6898297071456909
                ],
                [
                    -0.7840265035629272,
                    -0.5245038270950317,
                    0.3319610059261322
                ]
            ]
        ],
        "hand_pose": [
            [
                [
                    0.6054052114486694,
                    -0.6717974543571472,
                    -0.42681682109832764
                ],
                [
                    0.7794072031974792,
                    0.6090542078018188,
                    0.14689239859580994
                ],
                [
                    0.16127261519432068,
                    -0.4215935468673706,
                    0.8923283815383911
                ]
            ],
            [
                [
                    0.8881261348724365,
                    -0.4570331275463104,
                    0.04850497096776962
                ],
                [
                    0.4262886643409729,
                    0.7797089219093323,
                    -0.4586196541786194
                ],
                [
                    0.17178459465503693,
                    0.4279892146587372,
                    0.8873079419136047
                ]
            ],
            [
                [
                    0.9099180698394775,
                    -0.061171822249889374,
                    0.4102524518966675
                ],
                [
                    0.015367778018116951,
                    0.9933581352233887,
                    0.11403249949216843
                ],
                [
                    -0.41450321674346924,
                    -0.09745556116104126,
                    0.904814600944519
                ]
            ],
            [
                [
                    0.4481974244117737,
                    -0.8456270694732666,
                    -0.2898860573768616
                ],
                [
                    0.893864095211029,
                    0.41986969113349915,
                    0.1572147011756897
                ],
                [
                    -0.011230633594095707,
                    -0.32958194613456726,
                    0.9440601468086243
                ]
            ],
            [
                [
                    0.8997927308082581,
                    -0.4291311502456665,
                    -0.07886335253715515
                ],
                [
                    0.4359011948108673,
                    0.8762344121932983,
                    0.2054343968629837
                ],
                [
                    -0.01905551739037037,
                    -0.21922503411769867,
                    0.9754881262779236
                ]
            ],
            [
                [
                    0.8194332718849182,
                    -0.506409764289856,
                    0.26847410202026367
                ],
                [
                    0.498526930809021,
                    0.8608343005180359,
                    0.10215307772159576
                ],
                [
                    -0.28284305334091187,
                    0.050133928656578064,
                    0.9578551650047302
                ]
            ],
            [
                [
                    -0.12544991075992584,
                    -0.8728833794593811,
                    -0.4715261459350586
                ],
                [
                    0.9911109805107117,
                    -0.13148100674152374,
                    -0.020289883017539978
                ],
                [
                    -0.04428602755069733,
                    -0.4698801338672638,
                    0.8816185593605042
                ]
            ],
            [
                [
                    0.6204526424407959,
                    -0.7674382925033569,
                    0.16148385405540466
                ],
                [
                    0.6394550204277039,
                    0.6142696738243103,
                    0.4623526632785797
                ],
                [
                    -0.45402175188064575,
                    -0.18360626697540283,
                    0.8718675374984741
                ]
            ],
            [
                [
                    0.8968461155891418,
                    -0.41809993982315063,
                    0.14442786574363708
                ],
                [
                    0.13361144065856934,
                    0.5673055648803711,
                    0.8125959634780884
                ],
                [
                    -0.42168110609054565,
                    -0.7094764113426208,
                    0.5646487474441528
                ]
            ],
            [
                [
                    0.298311322927475,
                    -0.9307725429534912,
                    -0.21135945618152618
                ],
                [
                    0.9419499635696411,
                    0.3228372633457184,
                    -0.09222970902919769
                ],
                [
                    0.15407957136631012,
                    -0.1715768724679947,
                    0.9730471968650818
                ]
            ],
            [
                [
                    0.7242113351821899,
                    -0.6798709034919739,
                    0.11529747396707535
                ],
                [
                    0.5046249032020569,
                    0.6364609599113464,
                    0.5833276510238647
                ],
                [
                    -0.46996983885765076,
                    -0.36427050828933716,
                    0.8040120005607605
                ]
            ],
            [
                [
                    0.8123591542243958,
                    -0.5333856344223022,
                    0.23573791980743408
                ],
                [
                    0.4477441906929016,
                    0.8294878602027893,
                    0.33387887477874756
                ],
                [
                    -0.3736279606819153,
                    -0.16567929089069366,
                    0.9126623868942261
                ]
            ],
            [
                [
                    0.8063797950744629,
                    0.11201170086860657,
                    -0.5806936025619507
                ],
                [
                    -0.5423266887664795,
                    0.5316680073738098,
                    -0.650546669960022
                ],
                [
                    0.23586733639240265,
                    0.8395133018493652,
                    0.48947328329086304
                ]
            ],
            [
                [
                    0.7912173271179199,
                    -0.5505533218383789,
                    -0.26620712876319885
                ],
                [
                    0.604058027267456,
                    0.7714720964431763,
                    0.1998618245124817
                ],
                [
                    0.09533675760030746,
                    -0.318938672542572,
                    0.9429682493209839
                ]
            ],
            [
                [
                    0.9788146018981934,
                    -0.16571584343910217,
                    -0.12025083601474762
                ],
                [
                    0.08938907086849213,
                    0.8742474317550659,
                    -0.47718024253845215
                ],
                [
                    0.1842053085565567,
                    0.4563218653202057,
                    0.8705393671989441
                ]
            ]
        ],
        "betas": [
            -0.04428967833518982,
            -0.14772704243659973,
            -0.03423142433166504,
            -0.015129655599594116,
            -0.05946063995361328,
            0.015234317630529404,
            0.09151402115821838,
            -0.04980477690696716,
            0.03577139973640442,
            -0.08280649781227112
        ]
    },
    "pred_cam_t": [
        -0.12344909459352493,
        -0.030867990106344223,
        4.374784469604492
    ],
    "focal_length": [
        5000.0,
        5000.0
    ],
    "pred_keypoints_3d": [
        [
            0.09595110267400742,
            0.00638463394716382,
            0.00623979652300477
        ],
        [
            0.08617712557315826,
            -0.004798938054591417,
            0.04182663559913635
        ],
        [
            0.09670773893594742,
            -0.012309541925787926,
            0.06979584693908691
        ],
        [
            0.11459793150424957,
            -0.005039307288825512,
            0.08888718485832214
        ],
        [
            0.13473522663116455,
            0.013545583002269268,
            0.1113853007555008
        ],
        [
            0.13273346424102783,
            -0.01981484144926071,
            0.08499139547348022
        ],
        [
            0.1389477699995041,
            -0.004594182595610619,
            0.11369717121124268
        ],
        [
            0.1316775530576706,
            0.012159885838627815,
            0.12641051411628723
        ],
        [
            0.1188264787197113,
            0.022733371704816818,
            0.14458143711090088
        ],
        [
            0.15392211079597473,
            -0.0070092626847326756,
            0.08029500395059586
        ],
        [
            0.1522243171930313,
            0.013972204178571701,
            0.10413385182619095
        ],
        [
            0.13899481296539307,
            0.0298093743622303,
            0.11505622416734695
        ],
        [
            0.11725807189941406,
            0.0378812700510025,
            0.1256536841392517
        ],
        [
            0.16007404029369354,
            0.013084476813673973,
            0.06372614949941635
        ],
        [
            0.1594710648059845,
            0.03610043227672577,
            0.08136454969644547
        ],
        [
            0.13913552463054657,
            0.049288127571344376,
            0.08701836317777634
        ],
        [
            0.11496490240097046,
            0.05076823756098747,
            0.09327675402164459
        ],
        [
            0.16013175249099731,
            0.030985509976744652,
            0.05117778107523918
        ],
        [
            0.15394140779972076,
            0.051242269575595856,
            0.0502578467130661
        ],
        [
            0.1363449990749359,
            0.05591309815645218,
            0.044765375554561615
        ],
        [
            0.11732105910778046,
            0.045904140919446945,
            0.04415944963693619
        ]
    ],
    "pred_vertices": [
        [
            0.1074884757399559,
            -0.00215211883187294,
            0.05740174651145935
        ],
        [
            0.10115568339824677,
            0.0013273246586322784,
            0.04836348816752434
        ],
        [
            0.10295557975769043,
            -0.0020789876580238342,
            0.056607935577631
        ],
        [
            0.10653754323720932,
            -0.006203440949320793,
            0.06453924626111984
        ],
        [
            0.08771160989999771,
            0.008838102221488953,
            0.0540868304669857
        ],
        [
            0.07592266798019409,
            0.004301890730857849,
            0.05532719939947128
        ],
        [
            0.08507680147886276,
            -0.00016907602548599243,
            0.0700647383928299
        ],
        [
            0.0933939516544342,
            0.005570337176322937,
            0.06545388698577881
        ],
        [
            0.10780206322669983,
            -0.011089682579040527,
            0.06904086470603943
        ],
        [
            0.10454365611076355,
            -0.0045186784118413925,
            0.06345240026712418
        ],
        [
            0.10956700146198273,
            -0.015655748546123505,
            0.06741747260093689
        ],
        [
            0.11389422416687012,
            -0.0254716407507658,
            0.07226410508155823
        ],
        [
            0.11208774149417877,
            -0.017990045249462128,
            0.07436128705739975
        ],
        [
            0.11982464790344238,
            -0.02901727706193924,
            0.0769052654504776
        ],
        [
            0.11292093247175217,
            -0.031571246683597565,
            0.06370849907398224
        ],
        [
            0.12629416584968567,
            -0.033185116946697235,
            0.07162438333034515
        ],
        [
            0.12886013090610504,
            -0.022922001779079437,
            0.04501531645655632
        ],
        [
            0.1356445550918579,
            -0.013690423220396042,
            0.03784738481044769
        ],
        [
            0.1480143517255783,
            -0.015164594165980816,
            0.051223061978816986
        ],
        [
            0.13935786485671997,
            -0.023639773949980736,
            0.0577094703912735
        ],
        [
            0.15123409032821655,
            0.0014844108372926712,
            0.03884566202759743
        ],
        [
            0.14999419450759888,
            -0.007661334704607725,
            0.04638725891709328
        ],
        [
            0.13848765194416046,
            -0.007095515727996826,
            0.03230345621705055
        ],
        [
            0.13993555307388306,
            0.0012487429194152355,
            0.026482898741960526
        ],
        [
            0.1118156835436821,
            0.007248201407492161,
            0.04661749675869942
        ],
        [
            0.10470303893089294,
            0.010416876524686813,
            0.03808670490980148
        ],
        [
            0.10271802544593811,
            0.0061193592846393585,
            0.0407678596675396
        ],
        [
            0.10954531282186508,
            0.0034306151792407036,
            0.04959750548005104
        ],
        [
            0.10753405094146729,
            -0.01841907575726509,
            0.07103950530290604
        ],
        [
            0.10104528069496155,
            -0.026334675028920174,
            0.06404370069503784
        ],
        [
            0.1071588322520256,
            -0.022963088005781174,
            0.06557746976613998
        ],
        [
            0.10959479212760925,
            -0.013551689684391022,
            0.07033967226743698
        ],
        [
            0.09138362109661102,
            0.026628687977790833,
            0.01902397722005844
        ],
        [
            0.08572229743003845,
            0.022772902622818947,
            0.00729871541261673
        ],
        [
            0.08255306631326675,
            0.018286194652318954,
            0.0095895454287529
        ],
        [
            0.0885249599814415,
            0.0225086472928524,
            0.019608475267887115
        ],
        [
            0.07106088101863861,
            0.008299311622977257,
            0.029146388173103333
        ],
        [
            0.07147470861673355,
            0.005431964993476868,
            0.016953080892562866
        ],
        [
            0.06730294972658157,
            -0.006770344451069832,
            0.01195855438709259
        ],
        [
            0.06805218756198883,
            -0.007467510178685188,
            0.023699194192886353
        ],
        [
            0.07252988964319229,
            0.007648974657058716,
            0.04328719526529312
        ],
        [
            0.06703390926122665,
            -0.004961324855685234,
            0.03928068280220032
        ],
        [
            0.07084449380636215,
            -0.006300341337919235,
            0.0550462082028389
        ],
        [
            0.08145497739315033,
            -0.008659247308969498,
            0.07253248244524002
        ],
        [
            0.09385444223880768,
            0.030415046960115433,
            0.0008926764130592346
        ],
        [
            0.09892717748880386,
            0.034759946167469025,
            0.008741766214370728
        ],
        [
            0.12536409497261047,
            -0.0024579185992479324,
            0.1155993640422821
        ],
        [
            0.1267184168100357,
            0.002712009474635124,
            0.11274734884500504
        ],
        [
            0.1257031410932541,
            -0.0012290570884943008,
            0.10852745175361633
        ],
        [
            0.12487832456827164,
            -0.005556007847189903,
            0.11207734048366547
        ],
        [
            0.11304058134555817,
            0.027914825826883316,
            -0.005518317222595215
        ],
        [
            0.11805762350559235,
            0.01998303085565567,
            -0.00918576866388321
        ],
        [
            0.11330907046794891,
            0.022088099271059036,
            -0.014350265264511108
        ],
        [
            0.10724610090255737,
            0.028155535459518433,
            -0.010470114648342133
        ],
        [
            0.12068654596805573,
            0.027551550418138504,
            0.0010058805346488953
        ],
        [
            0.12411218136548996,
            0.017132746055722237,
            -0.00156354159116745
        ],
        [
            0.13613545894622803,
            -0.007657848298549652,
            0.12022093683481216
        ],
        [
            0.13087661564350128,
            -0.007729744538664818,
            0.1203690618276596
        ],
        [
            0.13208122551441193,
            -0.011431639082729816,
            0.11634590476751328
        ],
        [
            0.1375010907649994,
            -0.011359957046806812,
            0.11491293460130692
        ],
        [
            0.11118237674236298,
            -0.010602091439068317,
            0.07243326306343079
        ],
        [
            0.11280233412981033,
            -0.004016773775219917,
            0.06643650680780411
        ],
        [
            0.12177318334579468,
            -0.01398211158812046,
            0.08466868847608566
        ],
        [
            0.12008117139339447,
            -0.009366546757519245,
            0.07734045386314392
        ],
        [
            0.11633481085300446,
            -0.015335102565586567,
            0.07874520123004913
        ],
        [
            0.11937174201011658,
            -0.01905437558889389,
            0.08445359021425247
        ],
        [
            0.12900766730308533,
            0.006273615173995495,
            0.061918970197439194
        ],
        [
            0.12132301181554794,
            0.007451476529240608,
            0.05323642119765282
        ],
        [
            0.11928137391805649,
            0.002902381122112274,
            0.057522304356098175
        ],
        [
            0.12636131048202515,
            0.0010475143790245056,
            0.06828606128692627
        ],
        [
            0.1258750855922699,
            0.01914842240512371,
            0.04663209617137909
        ],
        [
            0.13331322371959686,
            0.016639359295368195,
            0.055389292538166046
        ],
        [
            0.1349000781774521,
            0.023439303040504456,
            0.050391413271427155
        ],
        [
            0.1288575530052185,
            0.024801425635814667,
            0.045706287026405334
        ],
        [
            0.143934965133667,
            0.009364025667309761,
            0.07120248675346375
        ],
        [
            0.14651057124137878,
            0.00759996147826314,
            0.07524987310171127
        ],
        [
            0.1479400247335434,
            0.012215739116072655,
            0.07514720410108566
        ],
        [
            0.1447153240442276,
            0.012147318571805954,
            0.06935032457113266
        ],
        [
            0.1088809072971344,
            0.0230658371001482,
            -0.01986146718263626
        ],
        [
            0.10153032094240189,
            0.027473358437418938,
            -0.015047267079353333
        ],
        [
            0.15339575707912445,
            0.02102918177843094,
            0.028178781270980835
        ],
        [
            0.14774209260940552,
            0.0303517896682024,
            0.025192711502313614
        ],
        [
            0.15677648782730103,
            0.032243240624666214,
            0.034142062067985535
        ],
        [
            0.1622333526611328,
            0.021178003400564194,
            0.035152629017829895
        ],
        [
            0.11949010193347931,
            0.009749374352395535,
            -0.008471086621284485
        ],
        [
            0.1164216473698616,
            0.012580370530486107,
            -0.015124700963497162
        ],
        [
            0.141176238656044,
            -0.004443919286131859,
            0.11796000599861145
        ],
        [
            0.14179746806621552,
            -0.007968610152602196,
            0.11233769357204437
        ],
        [
            0.07213179767131805,
            -0.017646122723817825,
            0.047845691442489624
        ],
        [
            0.08161157369613647,
            -0.018071606755256653,
            0.06971688568592072
        ],
        [
            0.07089728116989136,
            -0.016804160550236702,
            0.029852472245693207
        ],
        [
            0.0726868212223053,
            -0.016888167709112167,
            0.017130114138126373
        ],
        [
            0.07178427278995514,
            -0.017246421426534653,
            0.007205851376056671
        ],
        [
            0.12527500092983246,
            -0.0056855082511901855,
            0.07772133499383926
        ],
        [
            0.11396539211273193,
            0.000402337871491909,
            0.0585218146443367
        ],
        [
            0.11374792456626892,
            0.011152445338666439,
            0.04405032843351364
        ],
        [
            0.1261282116174698,
            0.03752043470740318,
            0.03397316858172417
        ],
        [
            0.11869809031486511,
            0.03868762403726578,
            0.02685658633708954
        ],
        [
            0.11598724871873856,
            0.031615249812603,
            0.03447749838232994
        ],
        [
            0.1234138011932373,
            0.03164036199450493,
            0.038842733949422836
        ],
        [
            0.14244747161865234,
            0.03808337450027466,
            0.029045823961496353
        ],
        [
            0.13757121562957764,
            0.03884159401059151,
            0.03543078526854515
        ],
        [
            0.14307786524295807,
            0.0378250814974308,
            0.04053769260644913
        ],
        [
            0.14956273138523102,
            0.03767876699566841,
            0.03580139949917793
        ],
        [
            0.10293348878622055,
            -0.022363658994436264,
            0.07511822134256363
        ],
        [
            0.09449409693479538,
            -0.028383683413267136,
            0.06357678025960922
        ],
        [
            0.10583314299583435,
            0.03332411125302315,
            0.00014627724885940552
        ],
        [
            0.09970550239086151,
            0.031147673726081848,
            -0.0043182894587516785
        ],
        [
            0.0949712023139,
            0.028860468417406082,
            -0.01109074056148529
        ],
        [
            0.09644609689712524,
            0.018300145864486694,
            0.029400348663330078
        ],
        [
            0.08626523613929749,
            0.019844505935907364,
            0.020188182592391968
        ],
        [
            0.08357496559619904,
            0.017393430694937706,
            0.02319629117846489
        ],
        [
            0.09514374285936356,
            0.015368862077593803,
            0.030229557305574417
        ],
        [
            0.09434236586093903,
            0.008091993629932404,
            0.043249405920505524
        ],
        [
            0.08270768821239471,
            0.012941304594278336,
            0.04028875380754471
        ],
        [
            0.09921719133853912,
            0.005468152463436127,
            0.05343388766050339
        ],
        [
            0.0770394429564476,
            0.012476603500545025,
            0.01159811019897461
        ],
        [
            0.07655973732471466,
            0.016946617513895035,
            0.001292102038860321
        ],
        [
            0.07199563086032867,
            0.009754631668329239,
            0.003922551870346069
        ],
        [
            0.082635797560215,
            0.023277422413229942,
            -0.0031300634145736694
        ],
        [
            0.08902078121900558,
            0.027825206518173218,
            -0.007398538291454315
        ],
        [
            0.1141507625579834,
            0.012950367294251919,
            -0.023361660540103912
        ],
        [
            0.0692654550075531,
            0.0022588949650526047,
            0.006392665207386017
        ],
        [
            0.09701220691204071,
            0.0025289207696914673,
            0.07276734709739685
        ],
        [
            0.10117053985595703,
            0.0014690952375531197,
            0.07837091386318207
        ],
        [
            0.10657786577939987,
            0.00013512279838323593,
            0.07296587526798248
        ],
        [
            0.10347409546375275,
            0.000639723613858223,
            0.06743021309375763
        ],
        [
            0.12712520360946655,
            -0.02965269237756729,
            0.08340126276016235
        ],
        [
            0.1213349923491478,
            -0.024722902104258537,
            0.08523746579885483
        ],
        [
            0.11547614634037018,
            -0.022782102227211,
            0.07850296795368195
        ],
        [
            0.10084177553653717,
            0.030077526345849037,
            0.024987537413835526
        ],
        [
            0.10669133067131042,
            0.03700648248195648,
            0.016069848090410233
        ],
        [
            0.1260666698217392,
            -0.010077722370624542,
            0.0849003866314888
        ],
        [
            0.13973242044448853,
            -0.014463571831583977,
            0.11095951497554779
        ],
        [
            0.1337163895368576,
            -0.015526633709669113,
            0.11217459291219711
        ],
        [
            0.13208672404289246,
            -0.025288620963692665,
            0.0970088467001915
        ],
        [
            0.13893814384937286,
            -0.023839209228754044,
            0.09627821296453476
        ],
        [
            0.13380035758018494,
            -0.008272425271570683,
            0.08758477866649628
        ],
        [
            0.12646716833114624,
            -0.010094771161675453,
            0.0875941812992096
        ],
        [
            0.12737274169921875,
            -0.009046985767781734,
            0.08862688392400742
        ],
        [
            0.1325356662273407,
            -0.004742137622088194,
            0.08890672773122787
        ],
        [
            0.14821060001850128,
            0.01801793836057186,
            0.06811453402042389
        ],
        [
            0.1450728476047516,
            0.018194131553173065,
            0.06380987167358398
        ],
        [
            0.14745448529720306,
            -0.020266171544790268,
            0.07157853245735168
        ],
        [
            0.1412753462791443,
            -0.031150110065937042,
            0.07387391477823257
        ],
        [
            0.13222602009773254,
            -0.03183366358280182,
            0.06328964978456497
        ],
        [
            0.13111676275730133,
            0.011922833509743214,
            0.057491082698106766
        ],
        [
            0.138251394033432,
            0.01138963084667921,
            0.06488596647977829
        ],
        [
            0.13961441814899445,
            0.014434861950576305,
            0.06262567639350891
        ],
        [
            0.12950292229652405,
            -0.004069925285875797,
            0.07875882834196091
        ],
        [
            0.13149937987327576,
            -0.006690900307148695,
            0.08409922569990158
        ],
        [
            0.13504210114479065,
            -0.003737769089639187,
            0.08047494292259216
        ],
        [
            0.13183429837226868,
            -0.0005742767825722694,
            0.07509303092956543
        ],
        [
            0.13878600299358368,
            0.029269706457853317,
            0.015482194721698761
        ],
        [
            0.13321909308433533,
            0.038469478487968445,
            0.020200394093990326
        ],
        [
            0.12690705060958862,
            -0.005995124578475952,
            0.1184958890080452
        ],
        [
            0.12731358408927917,
            -0.009455589577555656,
            0.11485567688941956
        ],
        [
            0.12349765747785568,
            0.012988746166229248,
            0.04910624027252197
        ],
        [
            0.12187732756137848,
            -0.02875657007098198,
            0.05178780108690262
        ],
        [
            0.11554725468158722,
            0.015593652613461018,
            0.04134177416563034
        ],
        [
            0.1616181880235672,
            0.014490177854895592,
            0.05388250574469566
        ],
        [
            0.15749575197696686,
            0.023845482617616653,
            0.0571412518620491
        ],
        [
            0.15798021852970123,
            0.02300867810845375,
            0.059893786907196045
        ],
        [
            0.16213864088058472,
            0.01803233101963997,
            0.06008048355579376
        ],
        [
            0.13516433537006378,
            0.0021740859374403954,
            0.10087578743696213
        ],
        [
            0.12969231605529785,
            0.0007070936262607574,
            0.10289110988378525
        ],
        [
            0.12915872037410736,
            0.003049401566386223,
            0.10561943054199219
        ],
        [
            0.13472312688827515,
            0.004422585479915142,
            0.10437261313199997
        ],
        [
            0.12281126528978348,
            -0.01448545977473259,
            0.08859582245349884
        ],
        [
            0.1215081661939621,
            -0.019850393757224083,
            0.0896545946598053
        ],
        [
            0.12283894419670105,
            -0.01796223595738411,
            0.09385756403207779
        ],
        [
            0.12451105564832687,
            -0.012607133015990257,
            0.09136952459812164
        ],
        [
            0.12460824847221375,
            -0.025132732465863228,
            0.0907498225569725
        ],
        [
            0.12626034021377563,
            -0.0231025293469429,
            0.09576788544654846
        ],
        [
            0.14123989641666412,
            0.00010544713586568832,
            0.10130616277456284
        ],
        [
            0.1449594497680664,
            -0.00555761530995369,
            0.10455262660980225
        ],
        [
            0.1449798047542572,
            -0.012103361077606678,
            0.09080560505390167
        ],
        [
            0.1399412304162979,
            -0.0054229856468737125,
            0.09057683497667313
        ],
        [
            0.13055521249771118,
            5.3666066378355026e-05,
            0.01417957991361618
        ],
        [
            0.13280442357063293,
            0.010138304904103279,
            0.009832240641117096
        ],
        [
            0.1424909234046936,
            0.01150794979184866,
            0.0218171589076519
        ],
        [
            0.15332520008087158,
            0.012637080624699593,
            0.03315393626689911
        ],
        [
            0.16206815838813782,
            0.013712538406252861,
            0.04508872330188751
        ],
        [
            0.16148675978183746,
            0.0018116999417543411,
            0.04889827221632004
        ],
        [
            0.14255857467651367,
            0.018854623660445213,
            0.01793387532234192
        ],
        [
            0.14357653260231018,
            -0.012455957941710949,
            0.08231715857982635
        ],
        [
            0.14495889842510223,
            -0.01846209168434143,
            0.08117649704217911
        ],
        [
            0.1472744345664978,
            -0.016349289566278458,
            0.0788138210773468
        ],
        [
            0.11761602759361267,
            0.02244076319038868,
            0.03917735815048218
        ],
        [
            0.1288985311985016,
            -0.014030780643224716,
            0.11131846904754639
        ],
        [
            0.09343225508928299,
            -0.02222265861928463,
            0.003779858350753784
        ],
        [
            0.10386542975902557,
            -0.016316933557391167,
            -0.002902381122112274
        ],
        [
            0.10675850510597229,
            -0.01741734892129898,
            0.005271419882774353
        ],
        [
            0.09434623271226883,
            -0.023340921849012375,
            0.013404056429862976
        ],
        [
            0.12576742470264435,
            -0.00419815257191658,
            0.10604537278413773
        ],
        [
            0.12508797645568848,
            -0.009716463275253773,
            0.10899773985147476
        ],
        [
            0.14704619348049164,
            0.023889407515525818,
            0.06141307204961777
        ],
        [
            0.14994987845420837,
            0.02267272397875786,
            0.06494124978780746
        ],
        [
            0.15265433490276337,
            0.025247657671570778,
            0.06205543875694275
        ],
        [
            0.14985798299312592,
            0.028693584725260735,
            0.06035802513360977
        ],
        [
            0.13242246210575104,
            0.015491771511733532,
            0.007046230137348175
        ],
        [
            0.15913011133670807,
            0.03525402396917343,
            0.041038043797016144
        ],
        [
            0.164603129029274,
            0.026516322046518326,
            0.04337301850318909
        ],
        [
            0.12443599104881287,
            0.008517839945852757,
            -0.00034346431493759155
        ],
        [
            0.12287498265504837,
            -0.000614081509411335,
            0.0029265806078910828
        ],
        [
            0.11767348647117615,
            -0.000645490363240242,
            -0.005393862724304199
        ],
        [
            0.15826231241226196,
            -0.005498251412063837,
            0.06173253059387207
        ],
        [
            0.12951961159706116,
            -0.006805943790823221,
            0.019448570907115936
        ],
        [
            0.12110927700996399,
            -0.00660343375056982,
            0.0074065327644348145
        ],
        [
            0.11484475433826447,
            -0.006938657723367214,
            -0.0023348256945610046
        ],
        [
            0.11114596575498581,
            -0.00700887618586421,
            -0.009846150875091553
        ],
        [
            0.11454250663518906,
            -3.9961421862244606e-05,
            -0.01236388087272644
        ],
        [
            0.14335526525974274,
            -0.010360674932599068,
            0.10792802274227142
        ],
        [
            0.14385850727558136,
            -0.002216682769358158,
            0.10904084891080856
        ],
        [
            0.11221364885568619,
            -6.61076046526432e-05,
            -0.02117890864610672
        ],
        [
            0.1080024316906929,
            -0.007557530887424946,
            -0.017661958932876587
        ],
        [
            0.11764518171548843,
            -0.013391228392720222,
            0.01255062222480774
        ],
        [
            0.11170715093612671,
            -0.020664067938923836,
            0.019347138702869415
        ],
        [
            0.12573349475860596,
            -0.013156027533113956,
            0.024103503674268723
        ],
        [
            0.12096931785345078,
            -0.02061871625483036,
            0.03157033771276474
        ],
        [
            0.15689565241336823,
            -0.016932429745793343,
            0.06208251044154167
        ],
        [
            0.1401587426662445,
            0.011989247053861618,
            0.12186741828918457
        ],
        [
            0.14140674471855164,
            0.006307395175099373,
            0.11200509965419769
        ],
        [
            0.1361897587776184,
            0.008046109229326248,
            0.10985931009054184
        ],
        [
            0.13750243186950684,
            0.014427541755139828,
            0.1196933463215828
        ],
        [
            0.14027924835681915,
            0.0027361279353499413,
            0.10546997934579849
        ],
        [
            0.14339230954647064,
            0.001378484070301056,
            0.11460625380277634
        ],
        [
            0.11089169234037399,
            -0.02716553583741188,
            0.04027925804257393
        ],
        [
            0.1378670483827591,
            -0.006427480839192867,
            0.0846274197101593
        ],
        [
            0.097079336643219,
            -0.026019789278507233,
            0.02990492433309555
        ],
        [
            0.10419543087482452,
            -0.03230961784720421,
            0.05371226742863655
        ],
        [
            0.09279273450374603,
            -0.029636314138770103,
            0.04827234894037247
        ],
        [
            0.08190084993839264,
            -0.02426816150546074,
            0.021650291979312897
        ],
        [
            0.08020763844251633,
            -0.025954660028219223,
            0.03960571810603142
        ],
        [
            0.08092524856328964,
            -0.022166738286614418,
            0.0022147968411445618
        ],
        [
            0.08297997713088989,
            -0.022989951074123383,
            0.011187173426151276
        ],
        [
            0.08309230208396912,
            -0.02640136331319809,
            0.057650625705718994
        ],
        [
            0.12511058151721954,
            0.006546977907419205,
