{
    "pred_cam": [
        9.043859481811523,
        0.1059771254658699,
        -0.020695265382528305
    ],
    "pred_mano_params": {
        "global_orient": [
            [
                [
                    -0.6443821787834167,
                    0.6188802123069763,
                    -0.44917577505111694
                ],
                [
                    0.12229067087173462,
                    -0.4964275658130646,
                    -0.8594210743904114
                ],
                [
                    -0.7548620104789734,
                    -0.6087256073951721,
                    0.2442058026790619
                ]
            ]
        ],
        "hand_pose": [
            [
                [
                    0.6017031669616699,
                    -0.7489296793937683,
                    -0.2775924801826477
                ],
                [
                    0.792071521282196,
                    0.6042470932006836,
                    0.08665008097887039
                ],
                [
                    0.10283959656953812,
                    -0.2720107138156891,
                    0.9567832350730896
                ]
            ],
            [
                [
                    0.924647867679596,
                    -0.35255780816078186,
                    0.14397704601287842
                ],
                [
                    0.3805941045284271,
                    0.8686192035675049,
                    -0.3172520399093628
                ],
                [
                    -0.013211523182690144,
                    0.34814321994781494,
                    0.9373483061790466
                ]
            ],
            [
                [
                    0.9359909296035767,
                    0.1004699096083641,
                    0.3373821973800659
                ],
                [
                    -0.12691988050937653,
                    0.9902613162994385,
                    0.05721823498606682
                ],
                [
                    -0.3283478021621704,
                    -0.09637626260519028,
                    0.9396272301673889
                ]
            ],
            [
                [
                    0.6176079511642456,
                    -0.7828182578086853,
                    -0.07586870342493057
                ],
                [
                    0.7759193778038025,
                    0.5907087922096252,
                    0.22138740122318268
                ],
                [
                    -0.12848977744579315,
                    -0.19559860229492188,
                    0.9722303152084351
                ]
            ],
            [
                [
                    0.8561182618141174,
                    -0.5147455334663391,
                    -0.04581093043088913
                ],
                [
                    0.5079457759857178,
                    0.8218492865562439,
                    0.25798240303993225
                ],
                [
                    -0.09514560550451279,
                    -0.2441329061985016,
                    0.9650629758834839
                ]
            ],
            [
                [
                    0.8779357075691223,
                    -0.3863159716129303,
                    0.2828230857849121
                ],
                [
                    0.3656957745552063,
                    0.922346830368042,
                    0.12467125803232193
                ],
                [
                    -0.3090234696865082,
                    -0.006026129703968763,
                    0.9510353207588196
                ]
            ],
            [
                [
                    0.18571051955223083,
                    -0.9072080254554749,
                    -0.3774721622467041
                ],
                [
                    0.9745745658874512,
                    0.12104806303977966,
                    0.188551664352417
                ],
                [
                    -0.1253633052110672,
                    -0.4028908312320709,
                    0.9066217541694641
                ]
            ],
            [
                [
                    0.6388270258903503,
                    -0.747979462146759,
                    0.18007463216781616
                ],
                [
                    0.5664767026901245,
                    0.6156826019287109,
                    0.5477582216262817
                ],
                [
                    -0.5205807089805603,
                    -0.24791458249092102,
                    0.8170276284217834
                ]
            ],
            [
                [
                    0.824751079082489,
                    -0.4400438964366913,
                    0.35517191886901855
                ],
                [
                    0.26743829250335693,
                    0.8569120168685913,
                    0.4406568706035614
                ],
                [
                    -0.4982594847679138,
                    -0.26844561100006104,
                    0.8244236707687378
                ]
            ],
            [
                [
                    0.4611011743545532,
                    -0.8849169015884399,
                    -0.06563390791416168
                ],
                [
                    0.8869099020957947,
                    0.4572884440422058,
                    0.06540756672620773
                ],
                [
                    -0.027866637334227562,
                    -0.08837086707353592,
                    0.9956977963447571
                ]
            ],
            [
                [
                    0.8349550366401672,
                    -0.5290984511375427,
                    0.15134352445602417
                ],
                [
                    0.35114285349845886,
                    0.7239710688591003,
                    0.5937714576721191
                ],
                [
                    -0.4237319231033325,
                    -0.44262927770614624,
                    0.7902724146842957
                ]
            ],
            [
                [
                    0.8674269914627075,
                    -0.42370137572288513,
                    0.2608592212200165
                ],
                [
                    0.35317906737327576,
                    0.8936018347740173,
                    0.27702024579048157
                ],
                [
                    -0.3504781723022461,
                    -0.14816482365131378,
                    0.9247767925262451
                ]
            ],
            [
                [
                    0.948168158531189,
                    0.11070284992456436,
                    -0.29786232113838196
                ],
                [
                    -0.3066476881504059,
                    0.5645720958709717,
                    -0.7663064002990723
                ],
                [
                    0.08333242684602737,
                    0.8179261684417725,
                    0.569256067276001
                ]
            ],
            [
                [
                    0.7257019281387329,
                    -0.5658928751945496,
                    -0.391308069229126
                ],
                [
                    0.6567025780677795,
                    0.7393492460250854,
                    0.14867545664310455
                ],
                [
                    0.20517894625663757,
                    -0.36486709117889404,
                    0.9081704616546631
                ]
            ],
            [
                [
                    0.9840314984321594,
                    -0.15462811291217804,
                    -0.08816001564264297
                ],
                [
                    0.10682585835456848,
                    0.9092273712158203,
                    -0.40236037969589233
                ],
                [
                    0.142373725771904,
                    0.3865175247192383,
                    0.9112266302108765
                ]
            ]
        ],
        "betas": [
            -0.04868936538696289,
            -0.060094982385635376,
            -0.050534456968307495,
            0.039060503244400024,
            0.08089843392372131,
            0.06757429987192154,
            0.03656783699989319,
            -0.028093457221984863,
            -0.04294008016586304,
            -0.0548783540725708
        ]
    },
    "pred_cam_t": [
        -0.1059771254658699,
        -0.020695265382528305,
        4.3192291259765625
    ],
    "focal_length": [
        5000.0,
        5000.0
    ],
    "pred_keypoints_3d": [
        [
            0.09601473808288574,
            0.006419721059501171,
            0.0062116654589772224
        ],
        [
            0.0903378278017044,
            -0.011113314889371395,
            0.04022657498717308
        ],
        [
            0.09398221224546432,
            -0.019296979531645775,
            0.06976348161697388
        ],
        [
            0.1054779663681984,
            -0.008516240864992142,
            0.09189076721668243
        ],
        [
            0.11497197300195694,
            0.011431206949055195,
            0.11957500874996185
        ],
        [
            0.1404740959405899,
            -0.019596721976995468,
            0.08120707422494888
        ],
        [
            0.1421160250902176,
            -0.008815720677375793,
            0.1124720424413681
        ],
        [
            0.13168150186538696,
            0.0011798897758126259,
            0.12941110134124756
        ],
        [
            0.12102045118808746,
            0.0034833261743187904,
            0.15178248286247253
        ],
        [
            0.15782354772090912,
            -0.0015361057594418526,
            0.07801410555839539
        ],
        [
            0.1566111296415329,
            0.009654679335653782,
            0.10773041844367981
        ],
        [
            0.1411488801240921,
            0.017725294455885887,
            0.12321960180997849
        ],
        [
            0.12064888328313828,
            0.01754651963710785,
            0.1385757029056549
        ],
        [
            0.158452108502388,
            0.021308932453393936,
            0.06404672563076019
        ],
        [
            0.15468209981918335,
            0.035564739257097244,
            0.08894243091344833
        ],
        [
            0.13513745367527008,
            0.04217278212308884,
            0.10279867053031921
        ],
        [
            0.11409478634595871,
            0.03879896178841591,
            0.115993432700634
        ],
        [
            0.15381747484207153,
            0.04009915143251419,
            0.05387680605053902
        ],
        [
            0.14524425566196442,
            0.0576370507478714,
            0.06205185875296593
        ],
        [
            0.12631332874298096,
            0.05905657634139061,
            0.063078872859478
        ],
        [
            0.11090119928121567,
            0.04851142317056656,
            0.06421880424022675
        ]
    ],
    "pred_vertices": [
        [
            0.11073736846446991,
            -0.00552461389452219,
            0.057646311819553375
        ],
        [
            0.103642538189888,
            -0.0028305351734161377,
            0.05006767809391022
        ],
        [
            0.10405845940113068,
            -0.006736127659678459,
            0.05905858427286148
        ],
        [
            0.10995233803987503,
            -0.010636327788233757,
            0.06524775922298431
        ],
        [
            0.08532963693141937,
            0.0008307620882987976,
            0.053216613829135895
        ],
        [
            0.07474655658006668,
            -0.006387703120708466,
            0.051640041172504425
        ],
        [
            0.08058427274227142,
            -0.01010473445057869,
            0.06772201508283615
        ],
        [
            0.08794000744819641,
            -0.0021142885088920593,
            0.06545242667198181
        ],
        [
            0.1107049509882927,
            -0.01563962921500206,
            0.07004422694444656
        ],
        [
            0.10413867235183716,
            -0.009513575583696365,
            0.06596826016902924
        ],
        [
            0.11153928935527802,
            -0.01921268366277218,
            0.06852492690086365
        ],
        [
            0.12105988711118698,
            -0.028215959668159485,
            0.07055141031742096
        ],
        [
            0.11826030164957047,
            -0.02168148197233677,
            0.07298772782087326
        ],
        [
            0.12873145937919617,
            -0.03072504512965679,
            0.07361133396625519
        ],
        [
            0.12158795446157455,
            -0.033273451030254364,
            0.06093853712081909
        ],
        [
            0.1360444575548172,
            -0.03268282487988472,
            0.06769527494907379
        ],
        [
            0.13606415688991547,
            -0.018748540431261063,
            0.04125513136386871
        ],
        [
            0.1401856392621994,
            -0.0072877658531069756,
            0.03500689938664436
        ],
        [
            0.15264350175857544,
            -0.007333668880164623,
            0.04793703183531761
        ],
        [
            0.14664269983768463,
            -0.01844046637415886,
            0.05363400653004646
        ],
        [
            0.15152810513973236,
            0.011014669202268124,
            0.03774242103099823
        ],
        [
            0.15272285044193268,
            0.000935358926653862,
            0.04400000348687172
        ],
        [
            0.14120183885097504,
            0.00041076866909861565,
            0.030285149812698364
        ],
        [
            0.1404549777507782,
            0.009525004774332047,
            0.025545340031385422
        ],
        [
            0.11260614544153214,
            0.006045478396117687,
            0.046719543635845184
        ],
        [
            0.10515734553337097,
            0.008290095254778862,
            0.038866836577653885
        ],
        [
            0.1047198474407196,
            0.0032284576445817947,
            0.04179788753390312
        ],
        [
            0.11151765286922455,
            0.0014020008966326714,
            0.04965531826019287
        ],
        [
            0.1065981388092041,
            -0.022106323391199112,
            0.07254420220851898
        ],
        [
            0.10571081936359406,
            -0.031080113723874092,
            0.06288957595825195
        ],
        [
            0.11089857667684555,
            -0.02651871368288994,
            0.06558934599161148
        ],
        [
            0.10727861523628235,
            -0.01685432717204094,
            0.07242332398891449
        ],
        [
            0.0872349962592125,
            0.02322288043797016,
            0.021522000432014465
        ],
        [
            0.08222050219774246,
            0.01963294856250286,
            0.00944414734840393
        ],
        [
            0.08035507798194885,
            0.014263225719332695,
            0.01108723133802414
        ],
        [
            0.0856984481215477,
            0.01847079209983349,
            0.021525096148252487
        ],
        [
            0.07274316996335983,
            -0.000815151259303093,
            0.027312424033880234
        ],
        [
            0.07331684976816177,
            -0.0018555987626314163,
            0.015845060348510742
        ],
        [
            0.07164444774389267,
            -0.013958818279206753,
            0.009391896426677704
        ],
        [
            0.07282093167304993,
            -0.01601027138531208,
            0.020129799842834473
        ],
        [
            0.07320576906204224,
            -0.0027188006788492203,
            0.04032183066010475
        ],
        [
            0.0706615000963211,
            -0.015670066699385643,
            0.0346749946475029
        ],
        [
            0.07217839360237122,
            -0.017774535343050957,
            0.04950673505663872
        ],
        [
            0.07866404205560684,
            -0.019443904981017113,
            0.06886351853609085
        ],
        [
            0.08813479542732239,
            0.02972124144434929,
            0.004043750464916229
        ],
        [
            0.0922386646270752,
            0.034126199781894684,
            0.012369967997074127
        ],
        [
            0.12915246188640594,
            -0.010178649798035622,
            0.11416304111480713
        ],
        [
            0.129283145070076,
            -0.004349102266132832,
            0.1129857674241066
        ],
        [
            0.1296227127313614,
            -0.006552543491125107,
            0.10800708830356598
        ],
        [
            0.1296129822731018,
            -0.011891507543623447,
            0.1103033646941185
        ],
        [
            0.10710474848747253,
            0.032699648290872574,
            -0.002701476216316223
        ],
        [
            0.1137469932436943,
            0.026726000010967255,
            -0.00740852952003479
        ],
        [
            0.10847429186105728,
            0.028268465772271156,
            -0.012271791696548462
        ],
        [
            0.10128717869520187,
            0.03218682110309601,
            -0.007590301334857941
        ],
        [
            0.11476404964923859,
            0.033357225358486176,
            0.0037552565336227417
        ],
        [
            0.12052860856056213,
            0.024461491033434868,
            -0.00017473846673965454
        ],
        [
            0.14040078222751617,
            -0.01416863314807415,
            0.1186075434088707
        ],
        [
            0.13541707396507263,
            -0.01525239460170269,
            0.1180458590388298
        ],
        [
            0.1375318318605423,
            -0.01733805611729622,
            0.11389829218387604
        ],
        [
            0.1425916701555252,
            -0.015836546197533607,
            0.11342523992061615
        ],
        [
            0.1163865476846695,
            -0.01450263150036335,
            0.07117480039596558
        ],
        [
            0.116631880402565,
            -0.006995572708547115,
            0.0654919296503067
        ],
        [
            0.12850315868854523,
            -0.01583896018564701,
            0.08124411106109619
        ],
        [
            0.12541726231575012,
            -0.01158626563847065,
            0.07507817447185516
        ],
        [
            0.12305176258087158,
            -0.018349867314100266,
            0.07597600668668747
        ],
        [
            0.12697522342205048,
            -0.02148381993174553,
            0.08064233511686325
        ],
        [
            0.12987719476222992,
            0.00745837576687336,
            0.061587780714035034
        ],
        [
            0.12186060845851898,
            0.0077831679955124855,
            0.05311315506696701
        ],
        [
            0.12112372368574142,
            0.002379046753048897,
            0.05692668631672859
        ],
        [
            0.12877002358436584,
            0.0010076728649437428,
            0.06726684421300888
        ],
        [
            0.12325369566679001,
            0.02099083550274372,
            0.04804702475667
        ],
        [
            0.13136520981788635,
            0.019305827096104622,
            0.05641870200634003
        ],
        [
            0.13111144304275513,
            0.026888076215982437,
            0.052393242716789246
        ],
        [
            0.12477792799472809,
            0.027286749333143234,
            0.04787277802824974
        ],
        [
            0.14410586655139923,
            0.013442203402519226,
            0.07124125212430954
        ],
        [
            0.1478351354598999,
            0.012444188818335533,
            0.07574915885925293
        ],
        [
            0.14796681702136993,
            0.015773342922329903,
            0.07533805817365646
        ],
        [
            0.14420917630195618,
            0.016265926882624626,
            0.06944160908460617
        ],
        [
            0.10375790297985077,
            0.028868528082966805,
            -0.01762104034423828
        ],
        [
            0.09573087096214294,
            0.03075975552201271,
            -0.012212224304676056
        ],
        [
            0.1485375463962555,
            0.031627070158720016,
            0.029885880649089813
        ],
        [
            0.1408551037311554,
            0.039686042815446854,
            0.028205133974552155
        ],
        [
            0.14927242696285248,
            0.04270685091614723,
            0.03731844946742058
        ],
        [
            0.15693672001361847,
            0.03312113508582115,
            0.03677567094564438
        ],
        [
            0.11762867867946625,
            0.017108019441366196,
            -0.008058011531829834
        ],
        [
            0.113752081990242,
            0.019939152523875237,
            -0.014314912259578705
        ],
        [
            0.14445199072360992,
            -0.009500384330749512,
            0.11801682412624359
        ],
        [
            0.1460818201303482,
            -0.011077775619924068,
            0.1123722493648529
        ],
        [
            0.0773036926984787,
            -0.02760348655283451,
            0.04188698157668114
        ],
        [
            0.08201196044683456,
            -0.02816471830010414,
            0.06578636169433594
        ],
        [
            0.07764588296413422,
            -0.024925194680690765,
            0.024432651698589325
        ],
        [
            0.0794435665011406,
            -0.02300311252474785,
            0.01264365017414093
        ],
        [
            0.07829229533672333,
            -0.022303111851215363,
            0.0033665597438812256
        ],
        [
            0.12980623543262482,
            -0.0067100562155246735,
            0.0757358968257904
        ],
        [
            0.11660458892583847,
            -0.0014717550948262215,
            0.057906247675418854
        ],
        [
            0.1133808046579361,
            0.010608866810798645,
            0.04448632523417473
        ],
        [
            0.11867839097976685,
            0.040341176092624664,
            0.03785935416817665
        ],
        [
            0.11096227914094925,
            0.04050469398498535,
            0.03088877722620964
        ],
        [
            0.11029195040464401,
            0.03211871534585953,
            0.037571653723716736
        ],
        [
            0.11762994527816772,
            0.03342081606388092,
            0.04193122312426567
        ],
        [
            0.1340588480234146,
            0.04542532563209534,
            0.03307824581861496
        ],
        [
            0.12945079803466797,
            0.04422000050544739,
            0.03957822173833847
        ],
        [
            0.13521897792816162,
            0.04403404891490936,
            0.0446665957570076
        ],
        [
            0.14111682772636414,
            0.04607096314430237,
            0.03983144462108612
        ],
        [
            0.10253386199474335,
            -0.02747596800327301,
            0.07555858790874481
        ],
        [
            0.09954774379730225,
            -0.034648358821868896,
            0.06124246120452881
        ],
        [
            0.09901479631662369,
            0.0354582741856575,
            0.003645658493041992
        ],
        [
            0.09346673637628555,
            0.032463811337947845,
            -0.0010528862476348877
        ],
        [
            0.08915837854146957,
            0.03004688024520874,
            -0.008058391511440277
        ],
        [
            0.09508594870567322,
            0.01501565333455801,
            0.03088579699397087
        ],
        [
            0.08444900065660477,
            0.015241268090903759,
            0.02164556086063385
        ],
        [
            0.08302275091409683,
            0.01174373459070921,
            0.024048034101724625
        ],
        [
            0.09516797959804535,
            0.011650247499346733,
            0.03147377073764801
        ],
        [
            0.09534510225057602,
            0.0026806965470314026,
            0.04478423297405243
        ],
        [
            0.0830899029970169,
            0.005032813176512718,
            0.03987354412674904
        ],
        [
            0.09739246964454651,
            0.00017866119742393494,
            0.055583033710718155
        ],
        [
            0.0766589567065239,
            0.007051928900182247,
            0.01206737756729126
        ],
        [
            0.07445726543664932,
            0.012630434706807137,
            0.0027457252144813538
        ],
        [
            0.07185589522123337,
            0.00424414686858654,
            0.004324622452259064
        ],
        [
            0.07871999591588974,
            0.020754218101501465,
            -0.0008215904235839844
        ],
        [
            0.08372737467288971,
            0.027193404734134674,
            -0.004507124423980713
        ],
        [
            0.1111762672662735,
            0.020806709304451942,
            -0.02246621996164322
        ],
        [
            0.07111798971891403,
            -0.0040010809898376465,
            0.00566931813955307
        ],
        [
            0.08986745774745941,
            -0.005092098377645016,
            0.07336783409118652
        ],
        [
            0.09275440871715546,
            -0.005333916284143925,
            0.07926502823829651
        ],
        [
            0.09903772175312042,
            -0.004647640511393547,
            0.07504680752754211
        ],
        [
            0.0974566712975502,
            -0.0049310773611068726,
            0.06963972747325897
        ],
        [
            0.1360749453306198,
            -0.03049188293516636,
            0.07921388000249863
        ],
        [
            0.12968528270721436,
            -0.026801766827702522,
            0.08115733414888382
        ],
        [
            0.12341971695423126,
            -0.02581179141998291,
            0.07552316784858704
        ],
        [
            0.09569805860519409,
            0.028124775737524033,
            0.027907583862543106
        ],
        [
            0.09940845519304276,
            0.03728240355849266,
            0.019947096705436707
        ],
        [
            0.13215292990207672,
            -0.011028178036212921,
            0.08202214539051056
        ],
        [
            0.1451115906238556,
            -0.01762114278972149,
            0.10897619277238846
        ],
        [
            0.13943716883659363,
            -0.019645866006612778,
            0.10929305106401443
        ],
        [
            0.13946816325187683,
            -0.026968814432621002,
            0.09210945665836334
        ],
        [
            0.14613455533981323,
            -0.02463866025209427,
            0.09224027395248413
        ],
        [
            0.13962183892726898,
            -0.008142233826220036,
            0.08531686663627625
        ],
        [
            0.13274118304252625,
            -0.011062386445701122,
            0.08465646952390671
        ],
        [
            0.1334264725446701,
            -0.010168629698455334,
            0.08607107400894165
        ],
        [
            0.13792194426059723,
            -0.005454220809042454,
            0.08759990334510803
        ],
        [
            0.1464197337627411,
            0.022829174995422363,
            0.06931076943874359
        ],
        [
            0.14298854768276215,
            0.02317696250975132,
            0.06466013193130493
        ],
        [
            0.15431232750415802,
            -0.014933077618479729,
            0.06754102557897568
        ],
        [
            0.15077543258666992,
            -0.02765856310725212,
            0.06923934817314148
        ],
        [
            0.14169126749038696,
            -0.028821442276239395,
            0.05900293216109276
        ],
        [
            0.13043087720870972,
            0.013962248340249062,
            0.057900652289390564
        ],
        [
            0.1377534717321396,
            0.014355417340993881,
            0.06517130136489868
        ],
        [
            0.1383187621831894,
            0.01790180616080761,
            0.06325796991586685
        ],
        [
            0.13362917304039001,
            -0.004265927243977785,
            0.07699482142925262
        ],
        [
            0.13677166402339935,
            -0.006558909080922604,
            0.08185268193483353
        ],
        [
            0.13886785507202148,
            -0.0026406417600810528,
            0.07866320013999939
        ],
        [
            0.13471588492393494,
            1.7262063920497894e-05,
            0.07381116598844528
        ],
        [
            0.13225127756595612,
            0.03761528432369232,
            0.018370620906352997
        ],
        [
            0.12480991333723068,
            0.04462767392396927,
            0.024272579699754715
        ],
        [
            0.1313183307647705,
            -0.013953978195786476,
            0.11621236801147461
        ],
        [
            0.13266322016716003,
            -0.01589190401136875,
            0.11237169802188873
        ],
        [
            0.12250499427318573,
            0.014163349755108356,
            0.049705296754837036
        ],
        [
            0.13069309294223785,
            -0.026900818571448326,
            0.04799831658601761
        ],
        [
            0.11395714432001114,
            0.01567690446972847,
            0.04231313616037369
        ],
        [
            0.1593681126832962,
            0.024356473237276077,
            0.054247140884399414
        ],
        [
            0.15386863052845,
            0.03173936530947685,
            0.05903387814760208
        ],
        [
            0.15462137758731842,
            0.03097366727888584,
            0.06283644586801529
        ],
        [
            0.15970875322818756,
            0.027016086503863335,
            0.06194864213466644
        ],
        [
            0.13867361843585968,
            -0.0002696402370929718,
            0.10157834738492966
        ],
        [
            0.13335749506950378,
            -0.0026537077501416206,
            0.10260601341724396
        ],
        [
            0.13241326808929443,
            -0.0011172322556376457,
            0.1066007986664772
        ],
        [
            0.13775214552879333,
            0.0012947842478752136,
            0.106454037129879
        ],
        [
            0.12962369620800018,
            -0.01606517657637596,
            0.08470264077186584
        ],
        [
            0.1289704442024231,
            -0.0218735933303833,
            0.08510898798704147
        ],
        [
            0.1296633780002594,
            -0.02026360295712948,
            0.08936186879873276
        ],
        [
            0.13084502518177032,
            -0.014424812979996204,
            0.08790775388479233
        ],
        [
            0.13255855441093445,
            -0.02688392624258995,
            0.08577004075050354
        ],
        [
            0.1334679126739502,
            -0.025279775261878967,
            0.09075591713190079
        ],
        [
            0.14495742321014404,
            -0.0015340978279709816,
            0.10237759351730347
        ],
        [
            0.1493285894393921,
            -0.007045657839626074,
            0.1049346923828125
        ],
        [
            0.1508660614490509,
            -0.011600753292441368,
            0.08938359469175339
        ],
        [
            0.14511260390281677,
            -0.005631427280604839,
            0.08991899341344833
        ],
        [
            0.13133923709392548,
            0.007623948156833649,
            0.013202086091041565
        ],
        [
            0.13094976544380188,
            0.018418172374367714,
            0.010215148329734802
        ],
        [
            0.14029575884342194,
            0.02061295509338379,
            0.022276364266872406
        ],
        [
            0.15069879591464996,
            0.022974397987127304,
            0.033604640513658524
        ],
        [
            0.15917226672172546,
            0.02468372881412506,
            0.045423753559589386
        ],
        [
            0.16159945726394653,
            0.012604434043169022,
            0.047551676630973816
        ],
        [
            0.13847114145755768,
            0.02819322608411312,
            0.01941411942243576
        ],
        [
            0.14945395290851593,
            -0.009338430128991604,
            0.07891429960727692
        ],
        [
            0.1519450843334198,
            -0.01551743783056736,
            0.07787074148654938
        ],
        [
            0.1536574512720108,
            -0.01205659843981266,
            0.07442959398031235
        ],
        [
            0.11424079537391663,
            0.023068983107805252,
            0.041054487228393555
        ],
        [
            0.1343713253736496,
            -0.018664132803678513,
            0.10824202746152878
        ],
        [
            0.1003299206495285,
            -0.021449824795126915,
            -0.00019236654043197632
        ],
        [
            0.10874616354703903,
            -0.012432685121893883,
            -0.005919516086578369
        ],
        [
            0.1121518462896347,
            -0.013895531184971333,
            0.00210551917552948
        ],
        [
            0.10196033120155334,
            -0.023547466844320297,
            0.009146995842456818
        ],
        [
            0.13000617921352386,
            -0.008500320836901665,
            0.10433822870254517
        ],
        [
            0.13000664114952087,
            -0.01450365036725998,
            0.10633356869220734
        ],
        [
            0.14360567927360535,
            0.029532182961702347,
            0.06324799358844757
        ],
        [
            0.146967813372612,
            0.028469650074839592,
            0.067318856716156
        ],
        [
            0.14905452728271484,
            0.03166676312685013,
            0.06585569679737091
        ],
        [
            0.14532962441444397,
            0.03515378385782242,
            0.06349177658557892
        ],
        [
            0.12917953729629517,
            0.02382420003414154,
            0.008179575204849243
        ],
        [
            0.1506715565919876,
            0.045965373516082764,
            0.04425269737839699
        ],
        [
            0.1585266888141632,
            0.03762850537896156,
            0.04496297240257263
        ],
        [
            0.12296479940414429,
            0.016087397933006287,
            -0.00012553483247756958
        ],
        [
            0.12372322380542755,
            0.006509985774755478,
            0.001936502754688263
        ],
        [
            0.11843936890363693,
            0.006269289646297693,
            -0.00636349618434906
        ],
        [
            0.16100317239761353,
            0.002899953629821539,
            0.0592307485640049
        ],
        [
            0.1321171522140503,
            0.00010064337402582169,
            0.017573602497577667
        ],
        [
            0.12357857823371887,
            -0.00025954353623092175,
            0.005616210401058197
        ],
        [
            0.11726255714893341,
            -0.0008554214145988226,
            -0.004132382571697235
        ],
        [
            0.11341822147369385,
            -0.0008484486024826765,
            -0.011630751192569733
        ],
        [
            0.11500519514083862,
            0.006997410207986832,
            -0.013239644467830658
        ],
        [
            0.14829453825950623,
            -0.012452774681150913,
            0.10728224366903305
        ],
        [
            0.14747802913188934,
            -0.004589994437992573,
            0.11055850982666016
        ],
        [
            0.11243852972984314,
            0.007539829704910517,
            -0.022029101848602295
        ],
        [
            0.11020363122224808,
            -0.0011311525013297796,
            -0.019505798816680908
        ],
        [
            0.1219606027007103,
            -0.008300126530230045,
            0.009895138442516327
        ],
        [
            0.1183016449213028,
            -0.01759079098701477,
            0.015765562653541565
        ],
        [
            0.1300734132528305,
            -0.007536302320659161,
            0.021437864750623703
        ],
        [
            0.1275298297405243,
            -0.016772974282503128,
            0.028030317276716232
        ],
        [
            0.16170498728752136,
            -0.008243057876825333,
            0.058198556303977966
        ],
        [
            0.13995760679244995,
            0.004186241887509823,
            0.1253499835729599
        ],
        [
            0.14272090792655945,
            0.0019654463976621628,
            0.11461782455444336
        ],
        [
            0.1373698115348816,
            0.0031613390892744064,
            0.11263671517372131
        ],
        [
            0.1367335319519043,
            0.006509577855467796,
            0.12394823133945465
        ],
        [
            0.14346547424793243,
            0.00028630997985601425,
            0.10782179236412048
        ],
        [
            0.14561843872070312,
            -0.0029822662472724915,
            0.11616925895214081
        ],
        [
            0.11944358795881271,
            -0.026637952774763107,
            0.03643134608864784
        ],
        [
            0.1426779329776764,
            -0.004594878293573856,
            0.08221428096294403
        ],
        [
            0.105680912733078,
            -0.027549730613827705,
            0.02557528391480446
        ],
        [
            0.11309027671813965,
            -0.03489967808127403,
            0.05034022778272629
        ],
        [
            0.10113085061311722,
            -0.03435765579342842,
            0.044214244931936264
        ],
        [
            0.09034739434719086,
            -0.02838894911110401,
            0.01640944927930832
        ],
        [
            0.08831547945737839,
            -0.03264838829636574,
            0.03403095901012421
        ],
        [
            0.08812156319618225,
            -0.024185966700315475,
            -0.0018897131085395813
        ],
        [
            0.09073417633771896,
            -0.025622757151722908,
            0.0066006481647491455
        ],
        [
            0.0884360522031784,
            -0.03463967889547348,
            0.05326766148209572
        ],
        [
            0.1266598105430603,
            -0.003806246444582939,
