{
    "pred_cam": [
        6.8610334396362305,
        -0.15057513117790222,
        -0.025666989386081696
    ],
    "pred_mano_params": {
        "global_orient": [
            [
                [
                    -0.9835807085037231,
                    -0.15083657205104828,
                    0.09908174723386765
                ],
                [
                    0.045672424137592316,
                    -0.739202618598938,
                    -0.6719325184822083
                ],
                [
                    0.1745934933423996,
                    -0.6563746929168701,
                    0.7339544892311096
                ]
            ]
        ],
        "hand_pose": [
            [
                [
                    0.6203197836875916,
                    -0.6639451384544373,
                    -0.4175885319709778
                ],
                [
                    0.7165745496749878,
                    0.6962151527404785,
                    -0.042489927262067795
                ],
                [
                    0.31894245743751526,
                    -0.27287596464157104,
                    0.9076421856880188
                ]
            ],
            [
                [
                    0.3226352035999298,
                    -0.9061127305030823,
                    0.27361688017845154
                ],
                [
                    0.9316593408584595,
                    0.2529813051223755,
                    -0.26078978180885315
                ],
                [
                    0.1670849770307541,
                    0.33905768394470215,
                    0.9258090853691101
                ]
            ],
            [
                [
                    0.6126355528831482,
                    -0.6053380370140076,
                    0.5081767439842224
                ],
                [
                    0.4659607708454132,
                    0.7959685325622559,
                    0.3864125609397888
                ],
                [
                    -0.6384028792381287,
                    6.037425191607326e-05,
                    0.7697023749351501
                ]
            ],
            [
                [
                    0.4895394444465637,
                    -0.7659956812858582,
                    -0.41665542125701904
                ],
                [
                    0.8165100812911987,
                    0.5703860521316528,
                    -0.08928098529577255
                ],
                [
                    0.3060432970523834,
                    -0.29649677872657776,
                    0.9046697020530701
                ]
            ],
            [
                [
                    0.3704524040222168,
                    -0.8853956460952759,
                    -0.28078365325927734
                ],
                [
                    0.9280564785003662,
                    0.3403153717517853,
                    0.15131604671478271
                ],
                [
                    -0.03841960057616234,
                    -0.3166385293006897,
                    0.9477677941322327
                ]
            ],
            [
                [
                    0.6899921298027039,
                    -0.6828586459159851,
                    0.2400311380624771
                ],
                [
                    0.675111711025238,
                    0.7267362475395203,
                    0.12680168449878693
                ],
                [
                    -0.26102694869041443,
                    0.0745556578040123,
                    0.9624481797218323
                ]
            ],
            [
                [
                    0.19213135540485382,
                    -0.9447308778762817,
                    -0.26564836502075195
                ],
                [
                    0.8651268482208252,
                    0.035259660333395004,
                    0.500312089920044
                ],
                [
                    -0.4632936418056488,
                    -0.3259451985359192,
                    0.8240865468978882
                ]
            ],
            [
                [
                    0.5369833707809448,
                    -0.8330544233322144,
                    -0.13292552530765533
                ],
                [
                    0.5843867063522339,
                    0.25370168685913086,
                    0.7707967758178711
                ],
                [
                    -0.6083922982215881,
                    -0.4915848970413208,
                    0.6230595111846924
                ]
            ],
            [
                [
                    0.900005578994751,
                    -0.34444060921669006,
                    0.2671152949333191
                ],
                [
                    0.3158487379550934,
                    0.9376777410507202,
                    0.14491379261016846
                ],
                [
                    -0.3003822863101959,
                    -0.04605519771575928,
                    0.9527063369750977
                ]
            ],
            [
                [
                    0.21127715706825256,
                    -0.9488532543182373,
                    -0.23460496962070465
                ],
                [
                    0.9616891145706177,
                    0.24469633400440216,
                    -0.12360323220491409
                ],
                [
                    0.17468829452991486,
                    -0.19950249791145325,
                    0.9642006158828735
                ]
            ],
            [
                [
                    0.2998516857624054,
                    -0.945029079914093,
                    -0.13041868805885315
                ],
                [
                    0.7258374691009521,
                    0.13728441298007965,
                    0.6740274429321289
                ],
                [
                    -0.6190710663795471,
                    -0.29677098989486694,
                    0.7271024584770203
                ]
            ],
            [
                [
                    0.8059779405593872,
                    -0.5303131937980652,
                    0.2629970908164978
                ],
                [
                    0.4548993408679962,
                    0.8391809463500977,
                    0.298063725233078
                ],
                [
                    -0.37876927852630615,
                    -0.12059558182954788,
                    0.9176004528999329
                ]
            ],
            [
                [
                    0.8188298344612122,
                    0.13557253777980804,
                    -0.5577973127365112
                ],
                [
                    -0.5195174217224121,
                    0.5883443355560303,
                    -0.6196390986442566
                ],
                [
                    0.24417082965373993,
                    0.7971643805503845,
                    0.5521861910820007
                ]
            ],
            [
                [
                    0.8626871705055237,
                    -0.48225948214530945,
                    -0.1523042917251587
                ],
                [
                    0.49926817417144775,
                    0.7640978097915649,
                    0.40851646661758423
                ],
                [
                    -0.08063557744026184,
                    -0.4284626245498657,
                    0.8999541997909546
                ]
            ],
            [
                [
                    0.8099372982978821,
                    -0.5014525651931763,
                    -0.30421510338783264
                ],
                [
                    0.24344149231910706,
                    0.7593114376068115,
                    -0.6034752726554871
                ],
                [
                    0.5336081981658936,
                    0.4147185683250427,
                    0.7370690107345581
                ]
            ]
        ],
        "betas": [
            -0.0017751902341842651,
            -0.023604363203048706,
            0.011135339736938477,
            -5.8263540267944336e-05,
            0.017083168029785156,
            -0.007546883076429367,
            0.06386139988899231,
            -0.03006836771965027,
            -0.07384338974952698,
            -0.06769582629203796
        ]
    },
    "pred_cam_t": [
        -0.15057513117790222,
        -0.025666989386081696,
        5.693384170532227
    ],
    "focal_length": [
        5000.0,
        5000.0
    ],
    "pred_keypoints_3d": [
        [
            0.09574233740568161,
            0.006385724060237408,
            0.006184210069477558
        ],
        [
            0.12436215579509735,
            -0.0006063608452677727,
            0.031131841242313385
        ],
        [
            0.15456120669841766,
            -0.005056152585893869,
            0.03521817922592163
        ],
        [
            0.18106602132320404,
            0.00013311021029949188,
            0.03295894339680672
        ],
        [
            0.20269526541233063,
            0.026041222736239433,
            0.027508750557899475
        ],
        [
            0.1853053867816925,
            -0.007659712806344032,
            0.009390867315232754
        ],
        [
            0.21097436547279358,
            0.01292860135436058,
            0.011856721714138985
        ],
        [
            0.20202401280403137,
            0.027316946536302567,
            0.026156101375818253
        ],
        [
            0.18885594606399536,
            0.02361934259533882,
            0.04539481922984123
        ],
        [
            0.18883034586906433,
            0.0054243337363004684,
            -0.011862189508974552
        ],
        [
            0.205063134431839,
            0.03259065002202988,
            -0.009810568764805794
        ],
        [
            0.1931803971529007,
            0.044625215232372284,
            0.0061567798256874084
        ],
        [
            0.17992420494556427,
            0.04198180139064789,
            0.02721944823861122
        ],
        [
            0.17419829964637756,
            0.023507777601480484,
            -0.025096826255321503
        ],
        [
            0.1838088184595108,
            0.049398139119148254,
            -0.01668423041701317
        ],
        [
            0.16890868544578552,
            0.04967435076832771,
            0.003126824274659157
        ],
        [
            0.1597917228937149,
            0.0390666164457798,
            0.023609334602952003
        ],
        [
            0.16070768237113953,
            0.03963804244995117,
            -0.03102901205420494
        ],
        [
            0.16365696489810944,
            0.05674835667014122,
            -0.019057590514421463
        ],
        [
            0.15151627361774445,
            0.05290713533759117,
            -0.005055021494626999
        ],
        [
            0.1429634541273117,
            0.04290222376585007,
            0.007149818353354931
        ]
    ],
    "pred_vertices": [
        [
            0.14748235046863556,
            0.005327163264155388,
            0.0191927719861269
        ],
        [
            0.136404350399971,
            0.007508950307965279,
            0.020878508687019348
        ],
        [
            0.1452116072177887,
            0.005246223881840706,
            0.023364685475826263
        ],
        [
            0.15408895909786224,
            0.002267579548060894,
            0.023459965363144875
        ],
        [
            0.13487985730171204,
            0.014452671632170677,
            0.03617881238460541
        ],
        [
            0.1308571845293045,
            0.009446835145354271,
            0.04681805893778801
        ],
        [
            0.14866653084754944,
            0.0065948236733675,
            0.04568217322230339
        ],
        [
            0.14888519048690796,
            0.01222757063806057,
            0.03659438341856003
        ],
        [
            0.15981251001358032,
            -0.0019740667194128036,
            0.024670574814081192
        ],
        [
            0.15281647443771362,
            0.003568096086382866,
            0.02525389939546585
        ],
        [
            0.16064071655273438,
            -0.0068441820330917835,
            0.022669073194265366
        ],
        [
            0.16695334017276764,
            -0.015704460442066193,
            0.02069326862692833
        ],
        [
            0.16691862046718597,
            -0.00800405815243721,
            0.02312486432492733
        ],
        [
            0.17390288412570953,
            -0.01832977868616581,
            0.01760135032236576
        ],
        [
            0.1594882309436798,
            -0.02290530875325203,
            0.017539285123348236
        ],
        [
            0.17255538702011108,
            -0.022884251549839973,
            0.009531454183161259
        ],
        [
            0.1486491560935974,
            -0.016059305518865585,
            -0.005144307855516672
        ],
        [
            0.14409847557544708,
            -0.00755650270730257,
            -0.014565126970410347
        ],
        [
            0.16155894100666046,
            -0.006710347719490528,
            -0.019277144223451614
        ],
        [
            0.16460081934928894,
            -0.01467474177479744,
            -0.008470989763736725
        ],
        [
            0.15002907812595367,
            0.00837686751037836,
            -0.02833937481045723
        ],
        [
            0.15726928412914276,
            0.0001800255849957466,
            -0.023478079587221146
        ],
        [
            0.13959901034832,
            -0.001611999236047268,
            -0.019721275195479393
        ],
        [
            0.1339990198612213,
            0.005978038534522057,
            -0.02383500151336193
        ],
        [
            0.13848698139190674,
            0.013258324936032295,
            0.010317113250494003
        ],
        [
            0.12739212810993195,
            0.015045775100588799,
            0.012718703597784042
        ],
        [
            0.12956775724887848,
            0.011233311146497726,
            0.01574726030230522
        ],
        [
            0.14067035913467407,
            0.009834662079811096,
            0.013714341446757317
        ],
        [
            0.16232125461101532,
            -0.011015232652425766,
            0.026790358126163483
        ],
        [
            0.15349921584129333,
            -0.018528815358877182,
            0.028233608230948448
        ],
        [
            0.15803763270378113,
            -0.014622742310166359,
            0.02371850423514843
        ],
        [
            0.16317875683307648,
            -0.006050633732229471,
            0.024909663945436478
        ],
        [
            0.1022913008928299,
            0.027872711420059204,
            0.015705909579992294
        ],
        [
            0.08992841094732285,
            0.022326545789837837,
            0.015547536313533783
        ],
        [
            0.09112811088562012,
            0.018050726503133774,
            0.01947682350873947
        ],
        [
            0.10210080444812775,
            0.023776214569807053,
            0.01858362928032875
        ],
        [
            0.1046096608042717,
            0.009785385802388191,
            0.03886210918426514
        ],
        [
            0.09436141699552536,
            0.005618060939013958,
            0.03286202251911163
        ],
        [
            0.0896587148308754,
            -0.007303372025489807,
            0.034445736557245255
        ],
        [
            0.10043469816446304,
            -0.006582311354577541,
            0.03907867148518562
        ],
        [
            0.11792843788862228,
            0.010926837101578712,
            0.044282905757427216
        ],
        [
            0.11338764429092407,
            -0.0022801831364631653,
            0.04707084596157074
        ],
        [
            0.12888799607753754,
            -0.0013414602726697922,
            0.050678882747888565
        ],
        [
            0.14844904839992523,
            -0.002120962366461754,
            0.04939636215567589
        ],
        [
            0.08690372854471207,
            0.02939208224415779,
            0.005262387916445732
        ],
        [
            0.09548838436603546,
            0.03494904562830925,
            0.004228672012686729
        ],
        [
            0.19991815090179443,
            0.009925412014126778,
            0.022545119747519493
        ],
        [
            0.19670908153057098,
            0.014107031747698784,
            0.01905445195734501
        ],
        [
            0.19655701518058777,
            0.01256667822599411,
            0.01919788122177124
        ],
        [
            0.19982419908046722,
            0.008776415139436722,
            0.022182950749993324
        ],
        [
            0.09012226015329361,
            0.027005000039935112,
            -0.014663388952612877
        ],
        [
            0.09017398208379745,
            0.018910856917500496,
            -0.020665358752012253
        ],
        [
            0.08319585025310516,
            0.02009185031056404,
            -0.01881173625588417
        ],
        [
            0.08312095701694489,
            0.026331814005970955,
            -0.011764376424252987
        ],
        [
            0.09935121983289719,
            0.0278541948646307,
            -0.018490437418222427
        ],
        [
            0.10002849996089935,
            0.017356883734464645,
            -0.022554811090230942
        ],
        [
            0.21250547468662262,
            0.010909248143434525,
            0.01937551610171795
        ],
        [
            0.208848774433136,
            0.009111367166042328,
            0.022936532273888588
        ],
        [
            0.20922277867794037,
            0.006008820608258247,
            0.02013479173183441
        ],
        [
            0.21194255352020264,
            0.0070612188428640366,
            0.015406280755996704
        ],
        [
            0.16355489194393158,
            -0.0010175583884119987,
            0.02286195009946823
        ],
        [
            0.15798717737197876,
            0.004750004969537258,
            0.018564727157354355
        ],
        [
            0.17952822148799896,
            -0.0017871884629130363,
            0.01899145171046257
        ],
        [
            0.17157182097434998,
            0.0011644423939287663,
            0.01715359464287758
        ],
        [
            0.17203305661678314,
            -0.0046301670372486115,
            0.02131800726056099
        ],
        [
            0.17901840806007385,
            -0.007031173445284367,
            0.021385543048381805
        ],
        [
            0.15974204242229462,
            0.015016401186585426,
            0.001925639808177948
        ],
        [
            0.14850102365016937,
            0.014713212847709656,
            0.004845995921641588
        ],
        [
            0.15201137959957123,
            0.010676884092390537,
            0.008658199571073055
        ],
        [
            0.16491328179836273,
            0.010550381615757942,
            0.007237374782562256
        ],
        [
            0.14308197796344757,
            0.02568742446601391,
            -0.002368459478020668
        ],
        [
            0.15442581474781036,
            0.02463899552822113,
            -0.005032596178352833
        ],
        [
            0.14977650344371796,
            0.030831528827548027,
            -0.00880306027829647
        ],
        [
            0.14280830323696136,
            0.03131433576345444,
            -0.005546757951378822
        ],
        [
            0.17426538467407227,
            0.019740894436836243,
            -0.006896532606333494
        ],
        [
            0.17925235629081726,
            0.018531611189246178,
            -0.007630971726030111
        ],
        [
            0.17876000702381134,
            0.02348427101969719,
            -0.009190712124109268
        ],
        [
            0.17253132164478302,
            0.022438375279307365,
            -0.00871542003005743
        ],
        [
            0.07619918882846832,
            0.020171083509922028,
            -0.017372820526361465
        ],
        [
            0.07659842073917389,
            0.024820571765303612,
            -0.00871257670223713
        ],
        [
            0.1389872431755066,
            0.02653195522725582,
            -0.0354597344994545
        ],
        [
            0.1324818879365921,
            0.035139743238687515,
            -0.03198826685547829
        ],
        [
            0.14457514882087708,
            0.03891889005899429,
            -0.03577899932861328
        ],
        [
            0.14921921491622925,
            0.028044506907463074,
            -0.039921361953020096
        ],
        [
            0.09281393885612488,
            0.008923931047320366,
            -0.02149159088730812
        ],
        [
            0.0851646140217781,
            0.010707679204642773,
            -0.021807752549648285
        ],
        [
            0.21353411674499512,
            0.014534610323607922,
            0.013880660757422447
        ],
        [
            0.21256092190742493,
            0.010714194737374783,
            0.010100217536091805
        ],
        [
            0.1243400052189827,
            -0.01348238717764616,
            0.04602626711130142
        ],
        [
            0.1467096507549286,
            -0.011447940021753311,
            0.0477510504424572
        ],
        [
            0.10822281986474991,
            -0.014978394843637943,
            0.03922329843044281
        ],
        [
            0.09791184961795807,
            -0.016463758423924446,
            0.03200552612543106
        ],
        [
            0.08883388340473175,
            -0.018048150464892387,
            0.028444107621908188
        ],
        [
            0.17372535169124603,
            0.005067294463515282,
            0.012581721879541874
        ],
        [
            0.1508978307247162,
            0.008127517998218536,
            0.013871966861188412
        ],
        [
            0.13652554154396057,
            0.0168573260307312,
            0.007387503050267696
        ],
        [
            0.1294800341129303,
            0.042319994419813156,
            -0.008691029623150826
        ],
        [
            0.11971632391214371,
            0.042188555002212524,
            -0.005307020619511604
        ],
        [
            0.1262323260307312,
            0.03602442145347595,
            0.0007259882986545563
        ],
        [
            0.1333765834569931,
            0.03697826713323593,
            -0.003936439752578735
        ],
        [
            0.13243041932582855,
            0.04304701089859009,
            -0.025629550218582153
        ],
        [
            0.13573139905929565,
            0.044372864067554474,
            -0.018334435299038887
        ],
        [
            0.1428479105234146,
            0.04443497210741043,
            -0.020940981805324554
        ],
        [
            0.1417861431837082,
            0.044127993285655975,
            -0.028822340071201324
        ],
        [
            0.16277992725372314,
            -0.015225742012262344,
            0.032810378819704056
        ],
        [
            0.14969834685325623,
            -0.020922278985381126,
            0.03376249969005585
        ],
        [
            0.09119191020727158,
            0.03273298218846321,
            -0.005781088024377823
        ],
        [
            0.08482122421264648,
            0.0297013558447361,
            -0.0023117121309041977
        ],
        [
            0.07699261605739594,
            0.026417165994644165,
            -0.001105576753616333
        ],
        [
            0.11492075026035309,
            0.0213108342140913,
            0.01602930948138237
        ],
        [
            0.10198263078927994,
            0.021120835095643997,
            0.020899586379528046
        ],
        [
            0.10382872819900513,
            0.018912257626652718,
            0.024726467207074165
        ],
        [
            0.11554525047540665,
            0.01853208616375923,
            0.017606621608138084
        ],
        [
            0.1280391961336136,
            0.013201462104916573,
            0.02494289167225361
        ],
        [
            0.11935167014598846,
            0.016654320061206818,
            0.03389229625463486
        ],
        [
            0.14009371399879456,
            0.011891501024365425,
            0.025723060593008995
        ],
        [
            0.09120111167430878,
            0.012289118953049183,
            0.025400351732969284
        ],
        [
            0.08127470314502716,
            0.015408579260110855,
            0.021113520488142967
        ],
        [
            0.08249927312135696,
            0.008406138978898525,
            0.02648603916168213
        ],
        [
            0.07924380153417587,
            0.02139439433813095,
            0.01360016968101263
        ],
        [
            0.07771750539541245,
            0.02561769261956215,
            0.005890561267733574
        ],
        [
            0.0768062025308609,
            0.009936618618667126,
            -0.023517651483416557
        ],
        [
            0.08445053547620773,
            0.0011310847476124763,
            0.030114877969026566
        ],
        [
            0.1575678586959839,
            0.00931225623935461,
            0.03719527646899223
        ],
        [
            0.16496291756629944,
            0.007611009292304516,
            0.03774160146713257
        ],
        [
            0.1637611836194992,
            0.006853777449578047,
            0.029950272291898727
        ],
        [
            0.15695524215698242,
            0.007912840694189072,
            0.028812535107135773
        ],
        [
            0.1831389218568802,
            -0.017647067084908485,
            0.014459043741226196
        ],
        [
            0.18145401775836945,
            -0.012402844615280628,
            0.020236970856785774
        ],
        [
            0.17254231870174408,
            -0.012056548148393631,
            0.022100621834397316
        ],
        [
            0.11131096631288528,
            0.03253641724586487,
            0.009942099452018738
        ],
        [
            0.10508999973535538,
            0.03853143751621246,
            0.0005880333483219147
        ],
        [
            0.1810740977525711,
            0.0021866015158593655,
            0.01462048850953579
        ],
        [
            0.21075588464736938,
            0.0034035416319966316,
            0.01313332561403513
        ],
        [
            0.20849157869815826,
            0.0021508587524294853,
            0.018785439431667328
        ],
        [
            0.19680717587471008,
            -0.009731357917189598,
            0.016063425689935684
        ],
        [
            0.19929775595664978,
            -0.009119641035795212,
            0.009393486194312572
        ],
        [
            0.18684972822666168,
            0.00467134453356266,
            0.0076085724867880344
        ],
        [
            0.18350201845169067,
            0.003154617501422763,
            0.014286620542407036
        ],
        [
            0.18437150120735168,
            0.00433554220944643,
            0.013281388208270073
        ],
        [
            0.1862482875585556,
            0.00798248965293169,
            0.007795709650963545
        ],
        [
            0.1718793660402298,
            0.028232261538505554,
            -0.01260486338287592
        ],
        [
            0.16693878173828125,
            0.02766200341284275,
            -0.011655994690954685
        ],
        [
            0.1803191751241684,
            -0.009464995935559273,
            -0.00924929790198803
        ],
        [
            0.1809498518705368,
            -0.020420342683792114,
            -0.0024643531069159508
        ],
        [
            0.1674933135509491,
            -0.02224048599600792,
            0.00036151427775621414
        ],
        [
            0.15597881376743317,
            0.020143408328294754,
            -0.0020445426926016808
        ],
        [
            0.1657792180776596,
            0.02086685039103031,
            -0.004992302507162094
        ],
        [
            0.16393613815307617,
            0.023659532889723778,
            -0.007321277633309364
        ],
        [
            0.1763511598110199,
            0.006960450205951929,
            0.0091725317761302
        ],
        [
            0.1824253797531128,
            0.005363001953810453,
            0.0092683807015419
        ],
        [
            0.18058694899082184,
            0.007885065861046314,
            0.005288821645081043
        ],
        [
            0.17365103960037231,
            0.010095804929733276,
            0.005505437031388283
        ],
        [
            0.11998067051172256,
            0.032316360622644424,
            -0.028246263042092323
        ],
        [
            0.12039106339216232,
            0.041827455163002014,
            -0.021282369270920753
        ],
        [
            0.204285129904747,
            0.008450505323708057,
            0.024003805592656136
        ],
        [
            0.20458713173866272,
            0.00645261537283659,
            0.0227174274623394
        ],
        [
            0.14504942297935486,
            0.0197783000767231,
            0.0009569814428687096
        ],
        [
            0.15233223140239716,
            -0.021158766001462936,
            0.0040913354605436325
        ],
        [
            0.1343269944190979,
            0.021000955253839493,
            0.00450067687779665
        ],
        [
            0.16627110540866852,
            0.023446250706911087,
            -0.030992988497018814
        ],
        [
            0.16622668504714966,
            0.0319330208003521,
            -0.026143889874219894
        ],
        [
            0.16837120056152344,
            0.032164428383111954,
            -0.02502403035759926
        ],
        [
            0.17101703584194183,
            0.02799975872039795,
            -0.028447572141885757
        ],
        [
            0.19534341990947723,
            0.01677185483276844,
            0.008817263878881931
        ],
        [
            0.19449298083782196,
            0.01596587523818016,
            0.014857467263936996
        ],
        [
            0.19531722366809845,
            0.016238681972026825,
            0.014075204730033875
        ],
        [
            0.19745184481143951,
            0.018530335277318954,
            0.008755018934607506
        ],
        [
            0.18342003226280212,
            -0.0006146132946014404,
            0.018798917531967163
        ],
        [
            0.18466895818710327,
            -0.005809996277093887,
            0.021438829600811005
        ],
        [
            0.18829910457134247,
            -0.0025475050788372755,
            0.02131461538374424
        ],
        [
            0.18598027527332306,
            0.0018302744720131159,
            0.017688913270831108
        ],
        [
            0.18789154291152954,
            -0.010720995254814625,
            0.01975483074784279
        ],
        [
            0.19245752692222595,
            -0.007381921634078026,
            0.02012532204389572
        ],
        [
            0.19973230361938477,
            0.015427011996507645,
            0.004099071491509676
        ],
        [
            0.20659616589546204,
            0.011456874199211597,
            0.0038759326562285423
        ],
        [
            0.19507434964179993,
            0.0007114913314580917,
            -0.0007715537212789059
        ],
        [
            0.19111065566539764,
            0.007140268571674824,
            0.0018311189487576485
        ],
        [
            0.11908549815416336,
            0.0027649281546473503,
            -0.020994680002331734
        ],
        [
            0.11491000652313232,
            0.012309105135500431,
            -0.025097303092479706
        ],
        [
            0.12966828048229218,
            0.01566976308822632,
            -0.028396597132086754
        ],
        [
            0.14447695016860962,
            0.018806038424372673,
            -0.033032383769750595
        ],
        [
            0.15872102975845337,
            0.021616648882627487,
            -0.0355292446911335
        ],
        [
            0.16354168951511383,
            0.010523260571062565,
            -0.03287467360496521
        ],
        [
            0.12527160346508026,
            0.022500528022646904,
            -0.030322443693876266
        ],
        [
            0.1884261965751648,
            0.0008352820295840502,
            -0.0015504315961152315
        ],
        [
            0.1877191662788391,
            -0.006861058063805103,
            -0.0033761532977223396
        ],
        [
            0.18705835938453674,
            -0.0038150837644934654,
            -0.005964543204754591
        ],
        [
            0.13240642845630646,
            0.027625229209661484,
            0.001575211063027382
        ],
        [
            0.20459455251693726,
            0.003536505624651909,
            0.02246515266597271
        ],
        [
            0.09617329388856888,
            -0.022399622946977615,
            0.007700509857386351
        ],
        [
            0.09417200088500977,
            -0.016913961619138718,
            -0.004643280524760485
        ],
        [
            0.10288985818624496,
            -0.01686166226863861,
            -0.0035157599486410618
        ],
        [
            0.10524453222751617,
            -0.022297125309705734,
            0.011142798699438572
        ],
        [
            0.19633321464061737,
            0.012285390868782997,
            0.020994696766138077
        ],
        [
            0.19963349401950836,
            0.007279146462678909,
            0.023690517991781235
        ],
        [
            0.16483981907367706,
            0.033008359372615814,
            -0.01455254852771759
        ],
        [
            0.16920319199562073,
            0.03218171000480652,
            -0.015617938712239265
        ],
        [
            0.16733434796333313,
            0.034193310886621475,
            -0.0193706713616848
        ],
        [
            0.16471481323242188,
            0.03714980185031891,
            -0.017487309873104095
        ],
        [
            0.11156755685806274,
            0.01726604998111725,
            -0.026051636785268784
        ],
        [
            0.15117552876472473,
            0.04458511620759964,
            -0.03360627964138985
        ],
        [
            0.15662939846515656,
            0.034532368183135986,
            -0.037761006504297256
        ],
        [
            0.10239198803901672,
            0.008987374603748322,
            -0.022196965292096138
        ],
        [
            0.10579825192689896,
            0.00029295776039361954,
            -0.019199175760149956
        ],
        [
            0.09610701352357864,
            -0.0010746857151389122,
            -0.018360164016485214
        ],
        [
            0.1742078959941864,
            0.004488726146519184,
            -0.023786213248968124
        ],
        [
            0.1241951733827591,
            -0.003411080688238144,
            -0.01757068745791912
        ],
        [
            0.10976575314998627,
            -0.00516851618885994,
            -0.015519820153713226
        ],
        [
            0.09837489575147629,
            -0.007036696188151836,
            -0.014338444918394089
        ],
        [
            0.0900614783167839,
            -0.008252140134572983,
            -0.014449375681579113
        ],
        [
            0.08842553198337555,
            -0.0015127025544643402,
            -0.01872720941901207
        ],
        [
            0.20974457263946533,
            0.007070346735417843,
            0.007773634046316147
        ],
        [
            0.2095901519060135,
            0.016073938459157944,
            0.0056702736765146255
        ],
        [
            0.07957684993743896,
            -0.0027581360191106796,
            -0.02062893845140934
        ],
        [
            0.08178602904081345,
            -0.009929792955517769,
            -0.015160257928073406
        ],
        [
            0.11367557942867279,
            -0.01138908788561821,
            -0.009956996887922287
        ],
        [
            0.11797644197940826,
            -0.018015407025814056,
            -0.0015960342716425657
        ],
        [
            0.12747399508953094,
            -0.009280191734433174,
            -0.011951957829296589
        ],
        [
            0.13293707370758057,
            -0.015912799164652824,
            -0.00426751421764493
        ],
        [
            0.17512451112270355,
            -0.006941518746316433,
            -0.02184077724814415
        ],
        [
            0.20470821857452393,
            0.029612738639116287,
            0.017107896506786346
        ],
        [
            0.20474103093147278,
            0.02294471487402916,
            0.008647342212498188
        ],
        [
            0.1991247534751892,
            0.021504433825612068,
            0.010202436707913876
        ],
        [
            0.20047707855701447,
            0.029342811554670334,
            0.01675550639629364
        ],
        [
            0.20231324434280396,
            0.01865510269999504,
            0.00555692333728075
        ],
        [
            0.21010982990264893,
            0.020144885405898094,
            0.009508421644568443
        ],
        [
            0.136972576379776,
            -0.02170388773083687,
            0.008558533154428005
        ],
        [
            0.18674765527248383,
            0.00683629373088479,
            0.004499947186559439
        ],
        [
            0.12133808434009552,
            -0.02269797772169113,
            0.015990421175956726
        ],
        [
            0.14650902152061462,
            -0.025360964238643646,
            0.020496927201747894
        ],
        [
            0.13594551384449005,
            -0.024144602939486504,
            0.028022075071930885
        ],
        [
            0.10694161802530289,
            -0.022810278460383415,
            0.025744274258613586
        ],
        [
            0.12200364470481873,
            -0.02240920066833496,
            0.03518993780016899
        ],
        [
            0.08917924761772156,
            -0.023119207471609116,
            0.018140845000743866
        ],
        [
            0.09809760749340057,
            -0.022742118686437607,
            0.020269837230443954
        ],
        [
            0.13841752707958221,
