{
    "pred_cam": [
        7.58421516418457,
        -0.1544942706823349,
        0.01714896410703659
    ],
    "pred_mano_params": {
        "global_orient": [
            [
                [
                    -0.7449344992637634,
                    -0.6597644686698914,
                    0.09891071915626526
                ],
                [
                    0.6187282204627991,
                    -0.7386912703514099,
                    -0.2674146592617035
                ],
                [
                    0.24949516355991364,
                    -0.13800758123397827,
                    0.9584915041923523
                ]
            ]
        ],
        "hand_pose": [
            [
                [
                    0.37847256660461426,
                    -0.8620862364768982,
                    -0.3369952440261841
                ],
                [
                    0.8410624265670776,
                    0.47231850028038025,
                    -0.263683944940567
                ],
                [
                    0.3864873945713043,
                    -0.18363690376281738,
                    0.9038279056549072
                ]
            ],
            [
                [
                    0.3916383385658264,
                    -0.8740452527999878,
                    0.28751400113105774
                ],
                [
                    0.906425952911377,
                    0.31278279423713684,
                    -0.2838290333747864
                ],
                [
                    0.15815000236034393,
                    0.3717684745788574,
                    0.9147550463676453
                ]
            ],
            [
                [
                    0.4549057185649872,
                    -0.7412998676300049,
                    0.4934929609298706
                ],
                [
                    0.5817967653274536,
                    0.6669318675994873,
                    0.46552592515945435
                ],
                [
                    -0.6742204427719116,
                    0.07534223049879074,
                    0.7346769571304321
                ]
            ],
            [
                [
                    0.16875267028808594,
                    -0.9118847846984863,
                    -0.3741505444049835
                ],
                [
                    0.9785202145576477,
                    0.20059289038181305,
                    -0.047547005116939545
                ],
                [
                    0.11840934306383133,
                    -0.3580901622772217,
                    0.9261482954025269
                ]
            ],
            [
                [
                    0.5031353831291199,
                    -0.8036786913871765,
                    -0.31773465871810913
                ],
                [
                    0.8618234992027283,
                    0.4938957989215851,
                    0.11544336378574371
                ],
                [
                    0.06414844840765,
                    -0.33191484212875366,
                    0.9411256313323975
                ]
            ],
            [
                [
                    0.40862399339675903,
                    -0.8519613742828369,
                    0.3273961544036865
                ],
                [
                    0.8443977236747742,
                    0.48904094099998474,
                    0.21870405972003937
                ],
                [
                    -0.3464375436306,
                    0.1870848387479782,
                    0.9192281365394592
                ]
            ],
            [
                [
                    0.12964555621147156,
                    -0.9668363332748413,
                    -0.22004428505897522
                ],
                [
                    0.7567915916442871,
                    -0.046903375536203384,
                    0.6519712209701538
                ],
                [
                    -0.6406702995300293,
                    -0.2510528564453125,
                    0.7256128191947937
                ]
            ],
            [
                [
                    0.3927599787712097,
                    -0.8479728698730469,
                    -0.3559236228466034
                ],
                [
                    0.7169429659843445,
                    0.03994035720825195,
                    0.695986807346344
                ],
                [
                    -0.575962245464325,
                    -0.5285326242446899,
                    0.6236351728439331
                ]
            ],
            [
                [
                    0.687869131565094,
                    -0.6866032481193542,
                    0.23539774119853973
                ],
                [
                    0.5047428011894226,
                    0.6855471730232239,
                    0.5246520638465881
                ],
                [
                    -0.521604061126709,
                    -0.24207662045955658,
                    0.8181247711181641
                ]
            ],
            [
                [
                    -0.021024346351623535,
                    -0.9928270578384399,
                    -0.11769673973321915
                ],
                [
                    0.9949328899383545,
                    -0.03235388547182083,
                    0.09519369900226593
                ],
                [
                    -0.09831881523132324,
                    -0.11509896069765091,
                    0.9884765148162842
                ]
            ],
            [
                [
                    0.37290266156196594,
                    -0.9048388600349426,
                    -0.20545120537281036
                ],
                [
                    0.7411576509475708,
                    0.15725594758987427,
                    0.6526529788970947
                ],
                [
                    -0.5582373738288879,
                    -0.39564773440361023,
                    0.7292693853378296
                ]
            ],
            [
                [
                    0.6182406544685364,
                    -0.767317533493042,
                    0.17030051350593567
                ],
                [
                    0.6112726926803589,
                    0.6055948138237,
                    0.5095101594924927
                ],
                [
                    -0.49408918619155884,
                    -0.21089987456798553,
                    0.8434435725212097
                ]
            ],
            [
                [
                    0.9355045557022095,
                    -0.07388611882925034,
                    -0.34550267457962036
                ],
                [
                    -0.29182419180870056,
                    0.3896755874156952,
                    -0.8734939098358154
                ],
                [
                    0.19917303323745728,
                    0.9179835319519043,
                    0.3429815173149109
                ]
            ],
            [
                [
                    0.8909873366355896,
                    -0.446687251329422,
                    -0.08131484687328339
                ],
                [
                    0.44259634613990784,
                    0.8145740628242493,
                    0.3749367296695709
                ],
                [
                    -0.10124247521162033,
                    -0.3700535297393799,
                    0.923477292060852
                ]
            ],
            [
                [
                    0.6120129227638245,
                    -0.5969206690788269,
                    -0.5187734365463257
                ],
                [
                    -0.07331401109695435,
                    0.6103234887123108,
                    -0.7887523174285889
                ],
                [
                    0.787442147731781,
                    0.5207599997520447,
                    0.3297632038593292
                ]
            ]
        ],
        "betas": [
            -0.012041479349136353,
            -0.08253428339958191,
            -0.016708791255950928,
            0.028146356344223022,
            0.01866203546524048,
            0.03262176364660263,
            0.07129062712192535,
            -0.04358363151550293,
            -0.05746161937713623,
            -0.04692736268043518
        ]
    },
    "pred_cam_t": [
        -0.1544942706823349,
        0.01714896410703659,
        5.1504998207092285
    ],
    "focal_length": [
        5000.0,
        5000.0
    ],
    "pred_keypoints_3d": [
        [
            0.09581414610147476,
            0.0063943397253751755,
            0.006204940378665924
        ],
        [
            0.1265452355146408,
            -0.003969300538301468,
            0.027111079543828964
        ],
        [
            0.15652821958065033,
            -0.010988479480147362,
            0.02729204297065735
        ],
        [
            0.18184974789619446,
            -0.013642840087413788,
            0.01796526461839676
        ],
        [
            0.18748843669891357,
            -0.007217354141175747,
            -0.014910319820046425
        ],
        [
            0.16701699793338776,
            -0.04984128475189209,
            0.004668962210416794
        ],
        [
            0.19554346799850464,
            -0.03771401196718216,
            -0.006752121262252331
        ],
        [
            0.19307610392570496,
            -0.015896787866950035,
            -0.003409715835005045
        ],
        [
            0.18129625916481018,
            -0.008239751681685448,
            0.015400826930999756
        ],
        [
            0.16710148751735687,
            -0.05023124814033508,
            -0.020517950877547264
        ],
        [
            0.189491868019104,
            -0.028625451028347015,
            -0.026730861514806747
        ],
        [
            0.18393975496292114,
            -0.007650185376405716,
            -0.01827271282672882
        ],
        [
            0.1720999926328659,
            -0.004598694853484631,
            0.003123663365840912
        ],
        [
            0.15681466460227966,
            -0.03421313315629959,
            -0.03928407281637192
        ],
        [
            0.17623159289360046,
            -0.012857336550951004,
            -0.037895094603300095
        ],
        [
            0.16393399238586426,
            0.0005771918222308159,
            -0.02104630321264267
        ],
        [
            0.1522393524646759,
            -0.004839897155761719,
            -9.933114051818848e-05
        ],
        [
            0.14946803450584412,
            -0.017376193776726723,
            -0.05106264352798462
        ],
        [
            0.16319388151168823,
            -0.002059957943856716,
            -0.04627921059727669
        ],
        [
            0.15039247274398804,
            0.005284649319946766,
            -0.03438019007444382
        ],
        [
            0.13759008049964905,
            -0.0028487034142017365,
            -0.025050263851881027
        ]
    ],
    "pred_vertices": [
        [
            0.1448240429162979,
            -0.016564033925533295,
            0.011182890273630619
        ],
        [
            0.13679185509681702,
            -0.008927129209041595,
            0.012800556607544422
        ],
        [
            0.1448657512664795,
            -0.011841937899589539,
            0.014411816373467445
        ],
        [
            0.15140238404273987,
            -0.019745726138353348,
            0.015389411710202694
        ],
        [
            0.14003370702266693,
            0.00796457752585411,
            0.01876598224043846
        ],
        [
            0.13846823573112488,
            0.011667780578136444,
            0.0305478498339653
        ],
        [
            0.15384536981582642,
            0.0049578286707401276,
            0.028737418353557587
        ],
        [
            0.15224279463291168,
            0.00377543643116951,
            0.018288832157850266
        ],
        [
            0.1559821516275406,
            -0.023848265409469604,
            0.01767157018184662
        ],
        [
            0.15195469558238983,
            -0.014012958854436874,
            0.015390186570584774
        ],
        [
            0.15563827753067017,
            -0.026937827467918396,
            0.01851871982216835
        ],
        [
            0.1556987762451172,
            -0.0402454249560833,
            0.02119390107691288
        ],
        [
            0.15832380950450897,
            -0.034048378467559814,
            0.018869586288928986
        ],
        [
            0.15831990540027618,
            -0.04794243723154068,
            0.019062094390392303
        ],
        [
            0.14591489732265472,
            -0.043345753103494644,
            0.023630568757653236
        ],
        [
            0.15278062224388123,
            -0.05464422330260277,
            0.015032792463898659
        ],
        [
            0.12794819474220276,
            -0.04307759553194046,
            0.001739194616675377
        ],
        [
            0.12349769473075867,
            -0.0379185676574707,
            -0.010206792503595352
        ],
        [
            0.1369386911392212,
            -0.048785045742988586,
            -0.017322702333331108
        ],
        [
            0.14069297909736633,
            -0.05210164934396744,
            -0.004216360859572887
        ],
        [
            0.12961673736572266,
            -0.03472122550010681,
            -0.03137938305735588
        ],
        [
            0.13438016176223755,
            -0.04279043525457382,
            -0.02386842854321003
        ],
        [
            0.12005363404750824,
            -0.033083513379096985,
            -0.017123905941843987
        ],
        [
            0.11672607064247131,
            -0.02606174349784851,
            -0.023881614208221436
        ],
        [
            0.13615742325782776,
            -0.009341251105070114,
            0.0004946226254105568
        ],
        [
            0.1284732073545456,
            -0.0018109828233718872,
            0.0031562140211462975
        ],
        [
            0.13020126521587372,
            -0.005290098488330841,
            0.007615504786372185
        ],
        [
            0.1382175087928772,
            -0.011953316628932953,
            0.004990201443433762
        ],
        [
            0.1605890691280365,
            -0.023763082921504974,
            0.024131866171956062
        ],
        [
            0.14876839518547058,
            -0.02875247597694397,
            0.030781395733356476
        ],
        [
            0.15212999284267426,
            -0.03066941350698471,
            0.02435440942645073
        ],
        [
            0.16125623881816864,
            -0.021679455414414406,
            0.01937597617506981
        ],
        [
            0.11318686604499817,
            0.022957801818847656,
            0.001956738531589508
        ],
        [
            0.10051733255386353,
            0.025168415158987045,
            0.006366143003106117
        ],
        [
            0.1012442335486412,
            0.02277689054608345,
            0.011766154319047928
        ],
        [
            0.1123642548918724,
            0.020856451243162155,
            0.0065995752811431885
        ],
        [
            0.114861398935318,
            0.01728585734963417,
            0.029039088636636734
        ],
        [
            0.1035294383764267,
            0.01684940606355667,
            0.028836699202656746
        ],
        [
            0.09569880366325378,
            0.010534174740314484,
            0.037674155086278915
        ],
        [
            0.1066349595785141,
            0.00793030858039856,
            0.03923149034380913
        ],
        [
            0.12730658054351807,
            0.015133343636989594,
            0.029911572113633156
        ],
        [
            0.12126952409744263,
            0.009109117090702057,
            0.04068634659051895
        ],
        [
            0.13579243421554565,
            0.006756193935871124,
            0.040473081171512604
        ],
        [
            0.15387414395809174,
            0.0009849555790424347,
            0.03719982132315636
        ],
        [
            0.09687423706054688,
            0.02800237387418747,
            -0.005607645958662033
        ],
        [
            0.10591960698366165,
            0.027318034321069717,
            -0.010541709139943123
        ],
        [
            0.18662354350090027,
            -0.030995700508356094,
            0.004003923386335373
        ],
        [
            0.18370561301708221,
            -0.028734494000673294,
            -0.001113035250455141
        ],
        [
            0.18285471200942993,
            -0.030118979513645172,
            0.00017738353926688433
        ],
        [
            0.18593010306358337,
            -0.03236008435487747,
            0.004579444415867329
        ],
        [
            0.09123516082763672,
            0.01659056916832924,
            -0.021470431238412857
        ],
        [
            0.08592408150434494,
            0.00808841735124588,
            -0.022188454866409302
        ],
        [
            0.08117838203907013,
            0.013348422944545746,
            -0.020358067005872726
        ],
        [
            0.08614186942577362,
            0.020891521126031876,
            -0.01775994896888733
        ],
        [
            0.09788363426923752,
            0.01088687777519226,
            -0.026391251012682915
        ],
        [
            0.0929161012172699,
            0.001016709953546524,
            -0.024263180792331696
        ],
        [
            0.1982802301645279,
            -0.03555372357368469,
            0.00036485062446445227
        ],
        [
            0.19511698186397552,
            -0.033963628113269806,
            0.004436642862856388
        ],
        [
            0.19408147037029266,
            -0.038289520889520645,
            0.004037511069327593
        ],
        [
            0.19591833651065826,
            -0.04080234467983246,
            -0.0004729670472443104
        ],
        [
            0.15714681148529053,
            -0.02780052088201046,
            0.015323725529015064
        ],
        [
            0.15266220271587372,
            -0.02258758433163166,
            0.009412109851837158
        ],
        [
            0.16674022376537323,
            -0.03838491439819336,
            0.009995225816965103
        ],
        [
            0.16166414320468903,
            -0.03301633894443512,
            0.008228480815887451
        ],
        [
            0.16160613298416138,
            -0.03579649329185486,
            0.014662233181297779
        ],
        [
            0.1659461110830307,
            -0.04067979380488396,
            0.015001194551587105
        ],
        [
            0.15133784711360931,
            -0.022334614768624306,
            -0.010294049978256226
        ],
        [
            0.1429201364517212,
            -0.015503372997045517,
            -0.006236902438104153
        ],
        [
            0.14583523571491241,
            -0.018923114985227585,
            -0.0013319384306669235
        ],
        [
            0.15593744814395905,
            -0.026303304359316826,
            -0.00414474681019783
        ],
        [
            0.13986875116825104,
            -0.007257133722305298,
            -0.017382590100169182
        ],
        [
            0.14792004227638245,
            -0.015070036053657532,
            -0.02052903175354004
        ],
        [
            0.14492051303386688,
            -0.009472012519836426,
            -0.026372233405709267
        ],
        [
            0.14058029651641846,
            -0.0041372403502464294,
            -0.022995561361312866
        ],
        [
            0.1615666300058365,
            -0.03020695596933365,
            -0.022206444293260574
        ],
        [
            0.16374419629573822,
            -0.034232527017593384,
            -0.022196490317583084
        ],
        [
            0.16395162045955658,
            -0.03064812906086445,
            -0.025110989809036255
        ],
        [
            0.16036993265151978,
            -0.027734264731407166,
            -0.024739563465118408
        ],
        [
            0.07582803070545197,
            0.017624638974666595,
            -0.018282895907759666
        ],
        [
            0.08117379248142242,
            0.024367649108171463,
            -0.013549409806728363
        ],
        [
            0.12447129935026169,
            -0.01801414228975773,
            -0.04549974203109741
        ],
        [
            0.12345157563686371,
            -0.0066408030688762665,
            -0.04622692987322807
        ],
        [
            0.13403767347335815,
            -0.01177995465695858,
            -0.05292711406946182
        ],
        [
            0.13223552703857422,
            -0.024301182478666306,
            -0.05143747851252556
        ],
        [
            0.08400566130876541,
            -0.00113716721534729,
            -0.017921146005392075
        ],
        [
            0.07812102138996124,
            0.004062622785568237,
            -0.01813281513750553
        ],
        [
            0.19885706901550293,
            -0.03602579981088638,
            -0.0062086195684969425
        ],
        [
            0.19604910910129547,
            -0.0410141721367836,
            -0.006814834661781788
        ],
        [
            0.12780407071113586,
            -0.0037123188376426697,
            0.04522423818707466
        ],
        [
            0.15058888494968414,
            -0.00704752653837204,
            0.04232243821024895
        ],
        [
            0.1104099228978157,
            -0.0019420348107814789,
            0.04315947741270065
        ],
        [
            0.09845216572284698,
            -0.0015842132270336151,
            0.03962930291891098
        ],
        [
            0.08892985433340073,
            0.00029336661100387573,
            0.03866218030452728
        ],
        [
            0.16293412446975708,
            -0.03318728506565094,
            0.0019922414794564247
        ],
        [
            0.14606647193431854,
            -0.01827205717563629,
            0.004586555063724518
        ],
        [
            0.1346912682056427,
            -0.006632652133703232,
            -0.003656790591776371
        ],
        [
            0.13243518769741058,
            0.009861249476671219,
            -0.029790837317705154
        ],
        [
            0.12549304962158203,
            0.016240030527114868,
            -0.02562321163713932
        ],
        [
            0.13087782263755798,
            0.010601650923490524,
            -0.018086310476064682
        ],
        [
            0.13546505570411682,
            0.005710754543542862,
            -0.023429540917277336
        ],
        [
            0.12879052758216858,
            0.0019389837980270386,
            -0.0449848473072052
        ],
        [
            0.13477356731891632,
            0.004216596484184265,
            -0.039880216121673584
        ],
        [
            0.1397157609462738,
            -0.000497475266456604,
            -0.04306475818157196
        ],
        [
            0.1359882950782776,
            -0.003495916724205017,
            -0.04950547590851784
        ],
        [
            0.16249267756938934,
            -0.022644495591521263,
            0.031185468658804893
        ],
        [
            0.14665904641151428,
            -0.025462795048952103,
            0.036844201385974884
        ],
        [
            0.09767540544271469,
            0.023889858275651932,
            -0.017207255586981773
        ],
        [
            0.09240876138210297,
            0.02631767839193344,
            -0.01185617595911026
        ],
        [
            0.08495236933231354,
            0.028387419879436493,
            -0.00807318277657032
        ],
        [
            0.12127004563808441,
            0.010754290968179703,
            0.004145614802837372
        ],
        [
            0.11189207434654236,
            0.019547458738088608,
            0.009927967563271523
        ],
        [
            0.11353456974029541,
            0.01796954870223999,
            0.013784852810204029
        ],
        [
            0.12110421061515808,
            0.00820845365524292,
            0.006849885918200016
        ],
        [
            0.13124674558639526,
            0.0012126155197620392,
            0.013106179423630238
        ],
        [
            0.1270478367805481,
            0.012435484677553177,
            0.01875891536474228
        ],
        [
            0.14158375561237335,
            -0.0018170475959777832,
            0.012112288735806942
        ],
        [
            0.10102957487106323,
            0.02050965651869774,
            0.019662749022245407
        ],
        [
            0.09253223985433578,
            0.02659425511956215,
            0.015835057944059372
        ],
        [
            0.09280715137720108,
            0.022714130580425262,
            0.023850690573453903
        ],
        [
            0.09037330746650696,
            0.029233235865831375,
            0.006628952920436859
        ],
        [
            0.08786764740943909,
            0.030171547085046768,
            -0.0018721222877502441
        ],
        [
            0.07012117654085159,
            0.007141578942537308,
            -0.01808096282184124
        ],
        [
            0.09303013235330582,
            0.017697438597679138,
            0.0304831825196743
        ],
        [
            0.16003289818763733,
            0.0001399517059326172,
            0.018810810521245003
        ],
        [
            0.16740092635154724,
            -0.0020547807216644287,
            0.018888048827648163
        ],
        [
            0.16431155800819397,
            -0.007725626230239868,
            0.013994250446557999
        ],
        [
            0.15736770629882812,
            -0.006331201642751694,
            0.0136196194216609
        ],
        [
            0.1648884117603302,
            -0.05275217071175575,
            0.0151183707639575
        ],
        [
            0.16639293730258942,
            -0.04570576176047325,
            0.016920272260904312
        ],
        [
            0.16036266088485718,
            -0.04083673283457756,
            0.019337043166160583
        ],
        [
            0.1204657256603241,
            0.019502583891153336,
            -0.006543457508087158
        ],
        [
            0.11402452737092972,
            0.023531898856163025,
            -0.01677875593304634
        ],
        [
            0.16732236742973328,
            -0.03809775412082672,
            0.003950959537178278
        ],
        [
            0.19359621405601501,
            -0.04471079632639885,
            -1.4883000403642654e-05
        ],
        [
            0.19224557280540466,
            -0.042018789798021317,
            0.005371576175093651
        ],
        [
            0.1778484731912613,
            -0.04988870769739151,
            0.011419367976486683
        ],
        [
            0.1790587157011032,
            -0.05390959978103638,
            0.005501816049218178
        ],
        [
            0.16937050223350525,
            -0.04135844483971596,
            -0.003843138460069895
        ],
        [
            0.16778670251369476,
            -0.03782343491911888,
            0.00264292536303401
        ],
        [
            0.16798362135887146,
            -0.03738129138946533,
            0.0010906187817454338
        ],
        [
            0.16924265027046204,
            -0.038157034665346146,
            -0.005668080877512693
        ],
        [
            0.15892787277698517,
            -0.02491707354784012,
            -0.030219778418540955
        ],
        [
            0.15657596290111542,
            -0.022076860070228577,
            -0.029534678906202316
        ],
        [
            0.15570604801177979,
            -0.05640336498618126,
            -0.009758910164237022
        ],
        [
            0.15570113062858582,
            -0.06279203295707703,
            0.002101114485412836
        ],
        [
            0.1444859355688095,
            -0.05590738728642464,
            0.0074495477601885796
        ],
        [
            0.14864619076251984,
            -0.018080752342939377,
            -0.015845898538827896
        ],
        [
            0.1559230238199234,
            -0.02387344464659691,
            -0.019976019859313965
        ],
        [
            0.15454182028770447,
            -0.021673809736967087,
            -0.023136937990784645
        ],
        [
            0.16450975835323334,
            -0.03438454493880272,
            -0.002171007916331291
        ],
        [
            0.16795769333839417,
            -0.038809336721897125,
            -0.002292472403496504
        ],
        [
            0.16687823832035065,
            -0.03733057901263237,
            -0.006404540501534939
        ],
        [
            0.1623460352420807,
            -0.03186647221446037,
            -0.00646837567910552
        ],
        [
            0.11326651275157928,
            -0.0005770251154899597,
            -0.03980609029531479
        ],
        [
            0.1198897510766983,
            0.00918620452284813,
            -0.038996919989585876
        ],
        [
            0.19079631567001343,
            -0.03260549157857895,
            0.005865542683750391
        ],
        [
            0.1901913434267044,
            -0.035255998373031616,
            0.006089231465011835
        ],
        [
            0.14050807058811188,
            -0.011418838053941727,
            -0.01171514205634594
        ],
        [
            0.13367913663387299,
            -0.04514148458838463,
            0.012120879255235195
        ],
        [
            0.13333699107170105,
            -0.0034649334847927094,
            -0.007991204038262367
        ],
        [
            0.14859777688980103,
            -0.03228207305073738,
            -0.04337945580482483
        ],
        [
            0.1530538946390152,
            -0.02427733689546585,
            -0.04348037764430046
        ],
        [
            0.15490403771400452,
            -0.023963455110788345,
            -0.04239009693264961
        ],
        [
            0.15496128797531128,
            -0.02932729944586754,
            -0.04321812465786934
        ],
        [
            0.18021516501903534,
            -0.0327078253030777,
            -0.010451741516590118
        ],
        [
            0.1803729087114334,
            -0.02974000573158264,
            -0.005038049537688494
        ],
        [
            0.18133443593978882,
            -0.029706504195928574,
            -0.00601348839700222
        ],
        [
            0.18280497193336487,
            -0.03147787228226662,
            -0.011728052981197834
        ],
        [
            0.16806581616401672,
            -0.038113072514534,
            0.008592573925852776
        ],
        [
            0.16942162811756134,
            -0.041081752628088,
            0.013769913464784622
        ],
        [
            0.17211107909679413,
            -0.038982316851615906,
            0.011631052009761333
        ],
        [
            0.16993394494056702,
            -0.03709762915968895,
            0.006108288653194904
        ],
        [
            0.1706508845090866,
            -0.04621400311589241,
            0.015287209302186966
        ],
        [
            0.17492671310901642,
            -0.044495951384305954,
            0.013463969342410564
        ],
        [
            0.1833353042602539,
            -0.03747913986444473,
            -0.013681747019290924
        ],
        [
            0.18915972113609314,
            -0.042450882494449615,
            -0.011869271285831928
        ],
        [
            0.17471744120121002,
            -0.050813786685466766,
            -0.008502403274178505
        ],
        [
            0.17263512313365936,
            -0.04340937361121178,
            -0.010229806415736675
        ],
        [
            0.10394762456417084,
            -0.019417058676481247,
            -0.017746463418006897
        ],
        [
            0.1025736853480339,
            -0.011646179482340813,
            -0.025703635066747665
        ],
        [
            0.11507745087146759,
            -0.018310043960809708,
            -0.032305825501680374
        ],
        [
            0.1271476000547409,
            -0.025826267898082733,
            -0.04009074717760086
        ],
        [
            0.13943436741828918,
            -0.03234529867768288,
            -0.04564369097352028
        ],
        [
            0.14051750302314758,
            -0.042021457105875015,
            -0.03819136694073677
        ],
        [
            0.1132519394159317,
            -0.01158183254301548,
            -0.03698327764868736
        ],
        [
            0.16714335978031158,
            -0.048669371753931046,
            -0.008539917878806591
        ],
        [
            0.1653241068124771,
            -0.0554392971098423,
            -0.006572389975190163
        ],
        [
            0.16410987079143524,
            -0.05335588753223419,
            -0.009971155785024166
        ],
        [
            0.13315948843955994,
            0.0013880804181098938,
            -0.013711327686905861
        ],
        [
            0.18947239220142365,
            -0.03786666691303253,
            0.00778903067111969
        ],
        [
            0.08585450053215027,
            -0.01517869159579277,
            0.022763092070817947
        ],
        [
            0.08152908831834793,
            -0.014748908579349518,
            0.009719393216073513
        ],
        [
            0.08934970945119858,
            -0.018832743167877197,
            0.009509976021945477
        ],
        [
            0.09508118033409119,
            -0.018512357026338577,
            0.024529915302991867
        ],
        [
            0.1826792061328888,
            -0.029673904180526733,
            0.0019570125732570887
        ],
        [
            0.1855458915233612,
            -0.03293118253350258,
            0.006887189112603664
        ],
        [
            0.15596908330917358,
            -0.017896266654133797,
            -0.03442404046654701
        ],
        [
            0.1577206552028656,
            -0.021484676748514175,
            -0.034705750644207
        ],
        [
            0.15561054646968842,
            -0.019996099174022675,
            -0.03795938193798065
        ],
        [
            0.15612797439098358,
            -0.0162517037242651,
            -0.03876831755042076
        ],
        [
            0.1012914702296257,
            -0.006532344967126846,
            -0.02871597558259964
        ],
        [
            0.14344851672649384,
            -0.009596491232514381,
            -0.054529715329408646
        ],
        [
            0.14241059124469757,
            -0.022082611918449402,
            -0.053332988172769547
        ],
        [
            0.0918426662683487,
            -0.006383370608091354,
            -0.019815294072031975
        ],
        [
            0.09247899055480957,
            -0.013542145490646362,
            -0.01313522644340992
        ],
        [
            0.0841091126203537,
            -0.009149476885795593,
            -0.010420616716146469
        ],
        [
            0.15037177503108978,
            -0.04803850129246712,
            -0.028443505987524986
        ],
        [
            0.10715682804584503,
            -0.025392018258571625,
            -0.01226674672216177
        ],
        [
            0.09508893638849258,
            -0.018291307613253593,
            -0.007685404270887375
        ],
        [
            0.08522199839353561,
            -0.013256002217531204,
            -0.004197083413600922
        ],
        [
            0.07771854102611542,
            -0.009867582470178604,
            -0.0025552455335855484
        ],
        [
            0.07733254879713058,
            -0.005625888705253601,
            -0.009496048092842102
        ],
        [
            0.1921781599521637,
            -0.044519588351249695,
            -0.00637234840542078
        ],
        [
            0.19334009289741516,
            -0.03849826753139496,
            -0.013374331407248974
        ],
        [
            0.06867275387048721,
            -0.0027321018278598785,
            -0.009286051616072655
        ],
        [
            0.06982935220003128,
            -0.00712653249502182,
            -0.0011861175298690796
        ],
        [
            0.09805738180875778,
            -0.022855373099446297,
            -0.00023922696709632874
        ],
        [
            0.10261000692844391,
            -0.026961524039506912,
            0.009868135675787926
        ],
        [
            0.10976210236549377,
            -0.029338423162698746,
            -0.004857388325035572
        ],
        [
            0.11491504311561584,
            -0.03425497189164162,
            0.004481468349695206
        ],
        [
            0.1479620337486267,
            -0.0571880042552948,
            -0.02150042913854122
        ],
        [
            0.1943114846944809,
            -0.019864164292812347,
            -0.012168089859187603
        ],
        [
            0.19123584032058716,
            -0.029876790940761566,
            -0.014993980526924133
        ],
        [
            0.18586769700050354,
            -0.02856125310063362,
            -0.012671712785959244
        ],
        [
            0.19015920162200928,
            -0.019214976578950882,
            -0.01225263625383377
        ],
        [
            0.18688669800758362,
            -0.03451387211680412,
            -0.014638944528996944
        ],
        [
            0.1958804577589035,
            -0.03312031179666519,
            -0.012826276943087578
        ],
        [
            0.12219477444887161,
            -0.03561727702617645,
            0.018195312470197678
        ],
        [
            0.1697385609149933,
            -0.041592806577682495,
            -0.006707798223942518
        ],
        [
            0.11147598922252655,
            -0.025224070996046066,
            0.027034910395741463
        ],
        [
            0.1354697197675705,
            -0.03703642636537552,
            0.029182523488998413
        ],
        [
            0.12957973778247833,
            -0.027053724974393845,
            0.03592517971992493
        ],
        [
            0.10213584452867508,
            -0.013496030122041702,
            0.03692804276943207
        ],
        [
            0.11981205642223358,
            -0.015531059354543686,
            0.042509883642196655
        ],
        [
            0.08359795808792114,
            -0.00785035640001297,
            0.03279362991452217
        ],
        [
            0.09220175445079803,
