{
    "pred_cam": [
        9.22098159790039,
        0.12754327058792114,
        -0.03736507147550583
    ],
    "pred_mano_params": {
        "global_orient": [
            [
                [
                    -0.7722022533416748,
                    0.6109259128570557,
                    -0.1745663434267044
                ],
                [
                    -0.12528496980667114,
                    -0.41575533151626587,
                    -0.9008058905601501
                ],
                [
                    -0.622902512550354,
                    -0.6737335920333862,
                    0.39758703112602234
                ]
            ]
        ],
        "hand_pose": [
            [
                [
                    0.7005872130393982,
                    -0.5673110485076904,
                    -0.43282294273376465
                ],
                [
                    0.6565793752670288,
                    0.7500364184379578,
                    0.07967954874038696
                ],
                [
                    0.27942991256713867,
                    -0.340005099773407,
                    0.8979506492614746
                ]
            ],
            [
                [
                    0.7960244417190552,
                    -0.5619983673095703,
                    0.22472864389419556
                ],
                [
                    0.6050158739089966,
                    0.7494593858718872,
                    -0.26882413029670715
                ],
                [
                    -0.01734629087150097,
                    0.3499549627304077,
                    0.9366059303283691
                ]
            ],
            [
                [
                    0.9306476712226868,
                    0.0008105001761578023,
                    0.3659157156944275
                ],
                [
                    -0.04024546593427658,
                    0.9941575527191162,
                    0.10015584528446198
                ],
                [
                    -0.3636966347694397,
                    -0.10793624818325043,
                    0.9252430200576782
                ]
            ],
            [
                [
                    0.9491492509841919,
                    -0.2614371180534363,
                    -0.17540346086025238
                ],
                [
                    0.28000617027282715,
                    0.9557026624679565,
                    0.09071400761604309
                ],
                [
                    0.1439175307750702,
                    -0.13521519303321838,
                    0.980308473110199
                ]
            ],
            [
                [
                    0.308327317237854,
                    -0.9216366410255432,
                    -0.23562712967395782
                ],
                [
                    0.9398497939109802,
                    0.25684699416160583,
                    0.2251933366060257
                ],
                [
                    -0.14702630043029785,
                    -0.29088732600212097,
                    0.9453929662704468
                ]
            ],
            [
                [
                    0.8607620000839233,
                    -0.46482452750205994,
                    0.20742946863174438
                ],
                [
                    0.4621398448944092,
                    0.884474515914917,
                    0.06427742540836334
                ],
                [
                    -0.2133438140153885,
                    0.040533870458602905,
                    0.9761359691619873
                ]
            ],
            [
                [
                    0.8917407393455505,
                    -0.4525447487831116,
                    -0.0012896202970296144
                ],
                [
                    0.4525451958179474,
                    0.8917414546012878,
                    5.8560966863296926e-05
                ],
                [
                    0.0011235064594075084,
                    -0.0006358327227644622,
                    0.9999991655349731
                ]
            ],
            [
                [
                    0.4447607696056366,
                    -0.8859285116195679,
                    -0.13160006701946259
                ],
                [
                    0.6473783254623413,
                    0.2164471596479416,
                    0.73078852891922
                ],
                [
                    -0.6189419031143188,
                    -0.4102211594581604,
                    0.6697981357574463
                ]
            ],
            [
                [
                    0.8626917004585266,
                    -0.49790456891059875,
                    0.08862250298261642
                ],
                [
                    0.37163448333740234,
                    0.742988646030426,
                    0.5566467642784119
                ],
                [
                    -0.3430024981498718,
                    -0.4472794234752655,
                    0.8260086178779602
                ]
            ],
            [
                [
                    0.8786806464195251,
                    -0.4351109564304352,
                    -0.19646583497524261
                ],
                [
                    0.41768014430999756,
                    0.8999468088150024,
                    -0.12505614757537842
                ],
                [
                    0.23122210800647736,
                    0.027824534103274345,
                    0.9725030660629272
                ]
            ],
            [
                [
                    0.36311206221580505,
                    -0.9171819686889648,
                    -0.1640937775373459
                ],
                [
                    0.7823804616928101,
                    0.20449627935886383,
                    0.588270366191864
                ],
                [
                    -0.505994439125061,
                    -0.3419918715953827,
                    0.7918403148651123
                ]
            ],
            [
                [
                    0.8929885625839233,
                    -0.427534282207489,
                    0.14066259562969208
                ],
                [
                    0.40656936168670654,
                    0.9003137946128845,
                    0.15535935759544373
                ],
                [
                    -0.1930619180202484,
                    -0.08154501765966415,
                    0.9777922630310059
                ]
            ],
            [
                [
                    0.7199516296386719,
                    0.16437971591949463,
                    -0.6742766499519348
                ],
                [
                    -0.6141368746757507,
                    0.603434145450592,
                    -0.5086287260055542
                ],
                [
                    0.32327330112457275,
                    0.7802861332893372,
                    0.5353950262069702
                ]
            ],
            [
                [
                    0.8319721817970276,
                    -0.4034562110900879,
                    -0.3808481693267822
                ],
                [
                    0.5225215554237366,
                    0.8005642294883728,
                    0.29337361454963684
                ],
                [
                    0.18653002381324768,
                    -0.4430800974369049,
                    0.8768617510795593
                ]
            ],
            [
                [
                    0.8948767185211182,
                    -0.40353506803512573,
                    0.19067010283470154
                ],
                [
                    0.4460499882698059,
                    0.7939528226852417,
                    -0.41313236951828003
                ],
                [
                    0.015330323949456215,
                    0.4547509551048279,
                    0.8904867172241211
                ]
            ]
        ],
        "betas": [
            -0.08572325110435486,
            -0.09683173894882202,
            0.01364019513130188,
            0.03490456938743591,
            0.06066492199897766,
            0.013316314667463303,
            0.0697823315858841,
            0.0204218327999115,
            -0.02464894950389862,
            -0.030966460704803467
        ]
    },
    "pred_cam_t": [
        -0.12754327058792114,
        -0.03736507147550583,
        4.236262798309326
    ],
    "focal_length": [
        5000.0,
        5000.0
    ],
    "pred_keypoints_3d": [
        [
            0.09612792730331421,
            0.006425817497074604,
            0.006217574700713158
        ],
        [
            0.10075711458921432,
            -0.00749337300658226,
            0.04209984093904495
        ],
        [
            0.12308256328105927,
            -0.010376163758337498,
            0.06330028921365738
        ],
        [
            0.14476042985916138,
            0.0017628176137804985,
            0.07434967905282974
        ],
        [
            0.15811757743358612,
            0.020168287679553032,
            0.10077080875635147
        ],
        [
            0.15767408907413483,
            0.001040804199874401,
            0.07312580943107605
        ],
        [
            0.1681639552116394,
            0.019616104662418365,
            0.0984477698802948
        ],
        [
            0.1575394570827484,
            0.029218778014183044,
            0.11550502479076385
        ],
        [
            0.14848600327968597,
            0.03193231672048569,
            0.13835807144641876
        ],
        [
            0.16924992203712463,
            0.022060386836528778,
            0.06512846052646637
        ],
        [
            0.18896076083183289,
            0.038047611713409424,
            0.08432511240243912
        ],
        [
            0.17340253293514252,
            0.045398272573947906,
            0.10012900829315186
        ],
        [
            0.1536019891500473,
            0.04420339688658714,
            0.11617446690797806
        ],
        [
            0.16185683012008667,
            0.042536795139312744,
            0.04939816892147064
        ],
        [
            0.17738835513591766,
            0.05987785384058952,
            0.06668489426374435
        ],
        [
            0.15890660881996155,
            0.06556037813425064,
            0.08234520256519318
        ],
        [
            0.1390596628189087,
            0.063860222697258,
            0.09779159724712372
        ],
        [
            0.15104719996452332,
            0.0583622120320797,
            0.03874164819717407
        ],
        [
            0.16033636033535004,
            0.0747830718755722,
            0.04845016449689865
        ],
        [
            0.14573122560977936,
            0.07906113564968109,
            0.05990136042237282
        ],
        [
            0.12949329614639282,
            0.07147982716560364,
            0.06716140359640121
        ]
    ],
    "pred_vertices": [
        [
            0.12121693789958954,
            0.005162758287042379,
            0.05255354940891266
        ],
        [
            0.111763596534729,
            0.00538592878729105,
            0.04536177217960358
        ],
        [
            0.11757677793502808,
            0.003173772245645523,
            0.05218975618481636
        ],
        [
            0.12402744591236115,
            0.0013090739957988262,
            0.05895787104964256
        ],
        [
            0.1002933606505394,
            0.004658711142838001,
            0.0562313087284565
        ],
        [
            0.09308404475450516,
            -0.004922696389257908,
            0.059630684554576874
        ],
        [
            0.10864938050508499,
            -0.0051201023161411285,
            0.0699230283498764
        ],
        [
            0.11166638135910034,
            0.0038898400962352753,
            0.06500809639692307
        ],
        [
            0.12883715331554413,
            -0.0024985438212752342,
            0.06207388639450073
        ],
        [
            0.12267979979515076,
            0.0015278840437531471,
            0.057980746030807495
        ],
        [
            0.13244633376598358,
            -0.006107707042247057,
            0.05851782113313675
        ],
        [
            0.14100134372711182,
            -0.012589098885655403,
            0.0624573715031147
        ],
        [
            0.13649815320968628,
            -0.006674450356513262,
            0.06632417440414429
        ],
        [
            0.14861692488193512,
            -0.012991925701498985,
            0.06625673919916153
        ],
        [
            0.1407506912946701,
            -0.018629979342222214,
            0.053561799228191376
        ],
        [
            0.15439258515834808,
            -0.013843151740729809,
            0.05920010432600975
        ],
        [
            0.1459793746471405,
            -0.004092704504728317,
            0.034320805221796036
        ],
        [
            0.14599129557609558,
            0.007040590979158878,
            0.026843514293432236
        ],
        [
            0.1586609035730362,
            0.011250624433159828,
            0.037120919674634933
        ],
        [
            0.15728497505187988,
            4.3301843106746674e-05,
            0.044469550251960754
        ],
        [
            0.15106481313705444,
            0.027087677270174026,
            0.025924254208803177
        ],
        [
            0.15617989003658295,
            0.018647409975528717,
            0.03252033144235611
        ],
        [
            0.1441774070262909,
            0.014040613546967506,
            0.021384242922067642
        ],
        [
            0.14017429947853088,
            0.02200760319828987,
            0.01615772396326065
        ],
        [
            0.11852428317070007,
            0.015040385536849499,
            0.04244040697813034
        ],
        [
            0.1087634488940239,
            0.014529654756188393,
            0.03579649329185486
        ],
        [
            0.10917921364307404,
            0.010111563839018345,
            0.038379281759262085
        ],
        [
            0.11878280341625214,
            0.010782146826386452,
            0.0453556552529335
        ],
        [
            0.13469398021697998,
            -0.010703103616833687,
            0.05821499228477478
        ],
        [
            0.12928688526153564,
            -0.020046470686793327,
            0.05490721017122269
        ],
        [
            0.1331366002559662,
            -0.01398658286780119,
            0.05559708923101425
        ],
        [
            0.13416005671024323,
            -0.0052725207060575485,
            0.05857938900589943
        ],
        [
            0.08597642928361893,
            0.02249915525317192,
            0.02150515466928482
        ],
        [
            0.08008162677288055,
            0.016369450837373734,
            0.010950922966003418
        ],
        [
            0.079857736825943,
            0.01096859946846962,
            0.013476718217134476
        ],
        [
            0.08538360148668289,
            0.017576497048139572,
            0.022405896335840225
        ],
        [
            0.07882051914930344,
            -0.003460691077634692,
            0.0350940003991127
        ],
        [
            0.07769301533699036,
            -0.005599661730229855,
            0.02213955670595169
        ],
        [
            0.07850055396556854,
            -0.01846195198595524,
            0.016785312443971634
        ],
        [
            0.08231508731842041,
            -0.018871791660785675,
            0.028217248618602753
        ],
        [
            0.0843089297413826,
            -0.003584254067391157,
            0.04906759411096573
        ],
        [
            0.08449379354715347,
            -0.017321372404694557,
            0.0443786159157753
        ],
        [
            0.09358040988445282,
            -0.016701586544513702,
            0.05857304483652115
        ],
        [
            0.11014331132173538,
            -0.014537516981363297,
            0.0703035444021225
        ],
        [
            0.08224685490131378,
            0.0268193781375885,
            0.003705974668264389
        ],
        [
            0.08649197220802307,
            0.033031169325113297,
            0.010653197765350342
        ],
        [
            0.15642252564430237,
            0.014564870856702328,
            0.103670135140419
        ],
        [
            0.15416914224624634,
            0.019770808517932892,
            0.10157253593206406
        ],
        [
            0.15391194820404053,
            0.01723199337720871,
            0.09814704209566116
        ],
        [
            0.15626715123653412,
            0.012649166397750378,
            0.1009790450334549
        ],
        [
            0.09844657778739929,
            0.033230945467948914,
            -0.006778966635465622
        ],
        [
            0.10556270182132721,
            0.028472591191530228,
            -0.012264948338270187
        ],
        [
            0.09931907802820206,
            0.028164831921458244,
            -0.016102056950330734
        ],
        [
            0.09222642332315445,
            0.03080812469124794,
            -0.010396625846624374
        ],
        [
            0.10659515112638474,
            0.03636356443166733,
            -0.0018548183143138885
        ],
        [
            0.11377111077308655,
            0.028703415766358376,
            -0.006270207464694977
        ],
        [
            0.169163316488266,
            0.015364103019237518,
            0.10533659160137177
        ],
        [
            0.16482050716876984,
            0.012744590640068054,
            0.10642266273498535
        ],
        [
            0.16630518436431885,
            0.010578545741736889,
            0.1025332659482956
        ],
        [
            0.17032603919506073,
            0.013263964094221592,
            0.10025568306446075
        ],
        [
            0.1318570375442505,
            -0.0005409745499491692,
            0.06582877039909363
        ],
        [
            0.12890097498893738,
            0.005911116022616625,
            0.060444656759500504
        ],
        [
            0.1456531435251236,
            0.0016592099564149976,
            0.07654111087322235
        ],
        [
            0.14015552401542664,
            0.004567415453493595,
            0.06947648525238037
        ],
        [
            0.1398642361164093,
            -0.0024434681981801987,
            0.07105334848165512
        ],
        [
            0.14569377899169922,
            -0.004160018637776375,
            0.07617373764514923
        ],
        [
            0.13744665682315826,
            0.022405501455068588,
            0.05403356999158859
        ],
        [
            0.12825803458690643,
            0.01969350129365921,
            0.04712618142366409
        ],
        [
            0.12946677207946777,
            0.014791750349104404,
            0.051252394914627075
        ],
        [
            0.13897112011909485,
            0.016619732603430748,
            0.060293637216091156
        ],
        [
            0.125538632273674,
            0.032242849469184875,
            0.04095514118671417
        ],
        [
            0.13511350750923157,
            0.03376345708966255,
            0.048028454184532166
        ],
        [
            0.13250991702079773,
            0.04076671600341797,
            0.04379250481724739
        ],
        [
            0.12549643218517303,
            0.038781631737947464,
            0.04011590778827667
        ],
        [
            0.15181590616703033,
            0.03321780636906624,
            0.061397939920425415
        ],
        [
            0.1587349772453308,
            0.033835820853710175,
            0.06538952142000198
        ],
        [
            0.15959198772907257,
            0.038120124489068985,
            0.06398520618677139
        ],
        [
            0.1516541987657547,
            0.03618818521499634,
            0.05904827266931534
        ],
        [
            0.0937831923365593,
            0.026984447613358498,
            -0.02043982967734337
        ],
        [
            0.08655134588479996,
            0.02756085991859436,
            -0.01370004191994667
        ],
        [
            0.1417970359325409,
            0.0450083464384079,
            0.017621077597141266
        ],
        [
            0.13280615210533142,
            0.05171336606144905,
            0.01715194061398506
        ],
        [
            0.14162158966064453,
            0.05774334445595741,
            0.023612715303897858
        ],
        [
            0.1490965634584427,
            0.04895181581377983,
            0.022358816117048264
        ],
        [
            0.11164237558841705,
            0.019976383075118065,
            -0.012914557009935379
        ],
        [
            0.10617808252573013,
            0.02107858471572399,
            -0.018506988883018494
        ],
        [
            0.17113947868347168,
            0.020725015550851822,
            0.10277945548295975
        ],
        [
            0.1718141734600067,
            0.01849530264735222,
            0.09747902303934097
        ],
        [
            0.09727897495031357,
            -0.025996439158916473,
            0.04925927892327309
        ],
        [
            0.11290507018566132,
            -0.022321205586194992,
            0.0655725747346878
        ],
        [
            0.09072645753622055,
            -0.025860920548439026,
            0.032641176134347916
        ],
        [
            0.08900045603513718,
            -0.02502315305173397,
            0.019727732986211777
        ],
        [
            0.08595222234725952,
            -0.025773486122488976,
            0.01011628657579422
        ],
        [
            0.1432323455810547,
            0.01028660498559475,
            0.06933895498514175
        ],
        [
            0.12611913681030273,
            0.010189356282353401,
            0.05299277603626251
        ],
        [
            0.11796127259731293,
            0.019317250698804855,
            0.03991764038801193
        ],
        [
            0.1145739033818245,
            0.048580244183540344,
            0.03049008548259735
        ],
        [
            0.10583159327507019,
            0.045870739966630936,
            0.02490341290831566
        ],
        [
            0.10858848690986633,
            0.03850571811199188,
            0.032145217061042786
        ],
        [
            0.11611615866422653,
            0.04218835011124611,
            0.03508599102497101
        ],
        [
            0.1264721304178238,
            0.056497763842344284,
            0.02295076847076416
        ],
        [
            0.12424755096435547,
            0.055342450737953186,
            0.030527567490935326
        ],
        [
            0.13187547028064728,
            0.05814560502767563,
            0.035178933292627335
        ],
        [
            0.1346561461687088,
            0.06030513718724251,
            0.028512947261333466
        ],
        [
            0.13436728715896606,
            -0.01683940552175045,
            0.06183905154466629
        ],
        [
            0.12498228251934052,
            -0.0250840000808239,
            0.05565854161977768
        ],
        [
            0.09108100831508636,
            0.034789860248565674,
            0.000765632838010788
        ],
        [
            0.08577951788902283,
            0.030040744692087173,
            -0.0025062114000320435
        ],
        [
            0.08116418868303299,
            0.025837697088718414,
            -0.008313275873661041
        ],
        [
            0.09615263342857361,
            0.01761414110660553,
            0.029941018670797348
        ],
        [
            0.08464916795492172,
            0.014188762754201889,
            0.023343652486801147
        ],
        [
            0.08391169458627701,
            0.010765972547233105,
            0.026927664875984192
        ],
        [
            0.09617242962121964,
            0.014503676444292068,
            0.03091483563184738
        ],
        [
            0.10159143805503845,
            0.007881054654717445,
            0.043482713401317596
        ],
        [
            0.08904207497835159,
            0.006259310990571976,
            0.044405415654182434
        ],
        [
            0.11095169186592102,
            0.007488736882805824,
            0.05166282132267952
        ],
        [
            0.07807815074920654,
            0.003270203247666359,
            0.01620444655418396
        ],
        [
            0.07338356971740723,
            0.006972220726311207,
            0.006498664617538452
        ],
        [
            0.07321607321500778,
            -0.001505289226770401,
            0.0093885138630867
        ],
        [
            0.0747966393828392,
            0.015340141020715237,
            0.0014987960457801819
        ],
        [
            0.07731565833091736,
            0.022263051941990852,
            -0.003588639199733734
        ],
        [
            0.10212782770395279,
            0.020306579768657684,
            -0.026012510061264038
        ],
        [
            0.07479649037122726,
            -0.009422681294381618,
            0.011669710278511047
        ],
        [
            0.11913584917783737,
            0.0023580421693623066,
            0.06967851519584656
        ],
        [
            0.12562955915927887,
            0.0022831959649920464,
            0.07226565480232239
        ],
        [
            0.12793707847595215,
            0.004730693995952606,
            0.06551390886306763
        ],
        [
            0.12301338464021683,
            0.004370040260255337,
            0.06275569647550583
        ],
        [
            0.1569603979587555,
            -0.010398169979453087,
            0.07151846587657928
        ],
        [
            0.1502474695444107,
            -0.008359089493751526,
            0.07559553533792496
        ],
        [
            0.14246879518032074,
            -0.009434761479496956,
            0.0698220357298851
        ],
        [
            0.09401589632034302,
            0.02995721623301506,
            0.025694113224744797
        ],
        [
            0.09384249895811081,
            0.038649093359708786,
            0.01644856482744217
        ],
        [
            0.14816564321517944,
            0.007268869783729315,
            0.07614288479089737
        ],
        [
            0.1717255413532257,
            0.011137708090245724,
            0.09597290307283401
        ],
        [
            0.16729120910167694,
            0.007855475880205631,
            0.0985511839389801
        ],
        [
            0.16392888128757477,
            -0.0027191101107746363,
            0.08467191457748413
        ],
        [
            0.16917887330055237,
            0.0009928577346727252,
            0.08184821158647537
        ],
        [
            0.1564461588859558,
            0.012782649137079716,
            0.07700802385807037
        ],
        [
            0.1501588374376297,
            0.00829123891890049,
            0.07865749299526215
        ],
        [
            0.15121999382972717,
            0.009953158907592297,
            0.07940597087144852
        ],
        [
            0.1544358879327774,
            0.01577283814549446,
            0.07836589962244034
        ],
        [
            0.15546570718288422,
            0.04385562986135483,
            0.057704128324985504
        ],
        [
            0.1487167924642563,
            0.0424632765352726,
            0.05401679873466492
        ],
        [
            0.16622541844844818,
            0.006545142270624638,
            0.056399866938591
        ],
        [
            0.16628298163414001,
            -0.005779913626611233,
            0.0588393360376358
        ],
        [
            0.1564948409795761,
            -0.009854108095169067,
            0.05029568076133728
        ],
        [
            0.1357382982969284,
            0.028439000248908997,
            0.04990632086992264
        ],
        [
            0.1439906358718872,
            0.031662531197071075,
            0.055900365114212036
        ],
        [
            0.14359547197818756,
            0.035205405205488205,
            0.053742408752441406
        ],
        [
            0.14666436612606049,
            0.013746789656579494,
            0.06968922913074493
        ],
        [
            0.15145643055438995,
            0.012710222974419594,
            0.07442846894264221
        ],
        [
            0.15200334787368774,
            0.01701480709016323,
            0.0707402378320694
        ],
        [
            0.14615625143051147,
            0.017947209998965263,
            0.0658772811293602
        ],
        [
            0.12397877871990204,
            0.04631422832608223,
            0.009091395884752274
        ],
        [
            0.11646616458892822,
            0.05224582180380821,
            0.0157473087310791
        ],
        [
            0.16018842160701752,
            0.012229177169501781,
            0.10563935339450836
        ],
        [
            0.16089965403079987,
            0.010205408558249474,
            0.10256965458393097
        ],
        [
            0.1267549991607666,
            0.02563336119055748,
            0.04319588094949722
        ],
        [
            0.1441287398338318,
            -0.012148765847086906,
            0.04141075164079666
        ],
        [
            0.11695718765258789,
            0.02406848967075348,
            0.03731017932295799
        ],
        [
            0.1603819727897644,
            0.043254248797893524,
            0.03774087131023407
        ],
        [
            0.15774933993816376,
            0.04995713010430336,
            0.041808050125837326
        ],
        [
            0.1610199362039566,
            0.049891166388988495,
            0.04584801197052002
        ],
        [
            0.16536059975624084,
            0.04634980484843254,
            0.04328612983226776
        ],
        [
            0.15804992616176605,
            0.02417784184217453,
            0.08895299583673477
        ],
        [
            0.15439902245998383,
            0.021006427705287933,
            0.09228765964508057
        ],
        [
            0.15431922674179077,
            0.022714920341968536,
            0.09504362940788269
        ],
        [
            0.15839113295078278,
            0.026456283405423164,
            0.09279879927635193
        ],
        [
            0.14882652461528778,
            0.0028445874340832233,
            0.08036710321903229
        ],
        [
            0.14991050958633423,
            -0.0029004267416894436,
            0.08115372061729431
        ],
        [
            0.15219911932945251,
            0.0004515367036219686,
            0.0850909948348999
        ],
        [
            0.15093040466308594,
            0.0058263009414076805,
            0.08260073512792587
        ],
        [
            0.1552402526140213,
            -0.0062550269067287445,
            0.08080079406499863
        ],
        [
            0.15764755010604858,
            -0.002892144722864032,
            0.08549585193395615
        ],
        [
            0.1643049418926239,
            0.024849729612469673,
            0.08749496191740036
        ],
        [
            0.17081190645694733,
            0.021423250436782837,
            0.08923462778329849
        ],
        [
            0.1684235781431198,
            0.013672517612576485,
            0.07552661746740341
        ],
        [
            0.16160693764686584,
            0.01797490566968918,
            0.07739907503128052
        ],
        [
            0.13037419319152832,
            0.016591917723417282,
            0.006044372916221619
        ],
        [
            0.12672671675682068,
            0.02655312605202198,
            0.0023632273077964783
        ],
        [
            0.13644856214523315,
            0.032215580344200134,
            0.012231919914484024
        ],
        [
            0.1464817374944687,
            0.03783218562602997,
            0.020932205021381378
        ],
        [
            0.15533360838890076,
            0.04255478084087372,
            0.03051886335015297
        ],
        [
            0.1609596312046051,
            0.03175448626279831,
            0.03311789780855179
        ],
        [
            0.13239556550979614,
            0.03870918229222298,
            0.00931602343916893
        ],
        [
            0.1666109561920166,
            0.01260174810886383,
            0.06868737936019897
        ],
        [
            0.16707520186901093,
            0.006975641939789057,
            0.06599534302949905
        ],
        [
            0.16886378824710846,
            0.00987398624420166,
            0.06243445351719856
        ],
        [
            0.11521071195602417,
            0.03112097643315792,
            0.03549671545624733
        ],
        [
            0.162034273147583,
            0.007363840006291866,
            0.09939740598201752
        ],
        [
            0.10607899725437164,
            -0.020373092964291573,
            0.0015878453850746155
        ],
        [
            0.11099286377429962,
            -0.010424909181892872,
            -0.006611265242099762
        ],
        [
            0.11587011069059372,
            -0.01003933884203434,
            0.0006875917315483093
        ],
        [
            0.10961395502090454,
            -0.020844243466854095,
            0.010649167001247406
        ],
        [
            0.1538131684064865,
            0.015157013200223446,
            0.09616013616323471
        ],
        [
            0.15628206729888916,
            0.00986296497285366,
            0.0986894890666008
        ],
        [
            0.1491900235414505,
            0.048808228224515915,
            0.051174186170101166
        ],
        [
            0.15510258078575134,
            0.04852065071463585,
            0.05399124696850777
        ],
        [
            0.15736429393291473,
            0.051012907177209854,
            0.05121973901987076
        ],
        [
            0.152034193277359,
            0.05461680144071579,
            0.049411602318286896
        ],
        [
            0.12332218885421753,
            0.031047651544213295,
            0.00034692883491516113
        ],
        [
            0.14677691459655762,
            0.061865050345659256,
            0.02787128835916519
        ],
        [
            0.1535629779100418,
            0.05413461849093437,
            0.026735343039035797
        ],
        [
            0.11825378239154816,
            0.021193766966462135,
            -0.0061150044202804565
        ],
        [
            0.12176090478897095,
            0.01236719824373722,
            -0.0034700781106948853
        ],
        [
            0.1154688149690628,
            0.00987919233739376,
            -0.010544389486312866
        ],
        [
            0.166920468211174,
            0.02385690249502659,
            0.04506443440914154
        ],
        [
            0.1338224858045578,
            0.010062627494335175,
            0.010749369859695435
        ],
        [
            0.1239459365606308,
            0.006245849654078484,
            0.000726744532585144
        ],
        [
            0.11651378870010376,
            0.002972852438688278,
            -0.007536172866821289
        ],
        [
            0.11161379516124725,
            0.0011518672108650208,
            -0.014112472534179688
        ],
        [
            0.11087280511856079,
            0.00893588736653328,
            -0.016654230654239655
        ],
        [
            0.17246024310588837,
            0.016450364142656326,
            0.09253578633069992
        ],
        [
            0.17041216790676117,
            0.02474089339375496,
            0.09436728060245514
        ],
        [
            0.10679957270622253,
            0.007766975089907646,
            -0.02477095276117325
        ],
        [
            0.10730259865522385,
            -0.0008474830538034439,
            -0.021149396896362305
        ],
        [
            0.12515044212341309,
            -0.0013520102947950363,
            0.005898617208003998
        ],
        [
            0.12474222481250763,
            -0.010426275432109833,
            0.013060085475444794
        ],
        [
            0.13448263704776764,
            0.0027433298528194427,
            0.015548378229141235
        ],
        [
            0.1353849321603775,
            -0.005901274271309376,
            0.02312161773443222
        ],
        [
            0.16790412366390228,
            0.01316582690924406,
            0.0448140874505043
        ],
        [
            0.16313323378562927,
            0.03382954001426697,
            0.10896235704421997
        ],
        [
            0.1646317094564438,
            0.030264481902122498,
            0.09831759333610535
        ],
        [
            0.15886744856834412,
            0.029128732159733772,
            0.09775175899267197
        ],
        [
            0.15901099145412445,
            0.0344960056245327,
            0.10801976174116135
        ],
        [
            0.1642494797706604,
            0.02750582993030548,
            0.09235875308513641
        ],
        [
            0.1694050282239914,
            0.026912329718470573,
            0.09970882534980774
        ],
        [
            0.13155391812324524,
            -0.016075221821665764,
            0.03264297917485237
        ],
        [
            0.15903468430042267,
            0.016643933951854706,
            0.07445000112056732
        ],
        [
            0.11692170053720474,
            -0.02165309526026249,
            0.02555202692747116
        ],
        [
            0.13141010701656342,
            -0.023606494069099426,
            0.045478664338588715
        ],
        [
            0.11956030130386353,
            -0.02675178460776806,
            0.04299242049455643
        ],
        [
            0.10136650502681732,
            -0.027334727346897125,
            0.021217577159404755
        ],
        [
            0.10535609722137451,
            -0.029540035873651505,
            0.03828097879886627
        ],
        [
            0.09489496052265167,
            -0.026041224598884583,
            0.002733491361141205
        ],
        [
            0.09915582090616226,
            -0.025766771286725998,
            0.010993130505084991
        ],
        [
            0.11312630772590637,
            -0.028522659093141556,
            0.05333045870065689
        ],
        [
            0.15348629653453827,
            0.021266527473926544,
            0.1114250048995018
        ],
        [
            0.1522255390882492,
