{
    "pred_cam": [
        10.993096351623535,
        0.12949906289577484,
        -0.03567735478281975
    ],
    "pred_mano_params": {
        "global_orient": [
            [
                [
                    -0.7857625484466553,
                    0.6112841367721558,
                    -0.09438665211200714
                ],
                [
                    -0.16398608684539795,
                    -0.35302191972732544,
                    -0.9211319088935852
                ],
                [
                    -0.596393883228302,
                    -0.7083129286766052,
                    0.3776334822177887
                ]
            ]
        ],
        "hand_pose": [
            [
                [
                    0.6270791888237,
                    -0.6101648807525635,
                    -0.4842214286327362
                ],
                [
                    0.7294116616249084,
                    0.6781127452850342,
                    0.09012050926685333
                ],
                [
                    0.27336835861206055,
                    -0.40970945358276367,
                    0.8702917695045471
                ]
            ],
            [
                [
                    0.81710284948349,
                    -0.5319679975509644,
                    0.22215521335601807
                ],
                [
                    0.5764827728271484,
                    0.7518189549446106,
                    -0.32005608081817627
                ],
                [
                    0.003239100333303213,
                    0.38958740234375,
                    0.9209837913513184
                ]
            ],
            [
                [
                    0.932556688785553,
                    0.03337991610169411,
                    0.3594770133495331
                ],
                [
                    -0.08998308330774307,
                    0.9857829809188843,
                    0.14189767837524414
                ],
                [
                    -0.34962978959083557,
                    -0.16467449069023132,
                    0.9223021268844604
                ]
            ],
            [
                [
                    0.9042279124259949,
                    -0.37619951367378235,
                    -0.202103391289711
                ],
                [
                    0.40306615829467773,
                    0.9081887602806091,
                    0.11283090710639954
                ],
                [
                    0.14110110700130463,
                    -0.18348589539527893,
                    0.9728429317474365
                ]
            ],
            [
                [
                    0.4104209542274475,
                    -0.8797483444213867,
                    -0.23999495804309845
                ],
                [
                    0.9046257138252258,
                    0.3596275746822357,
                    0.22873631119728088
                ],
                [
                    -0.11492156237363815,
                    -0.3109837770462036,
                    0.94344162940979
                ]
            ],
            [
                [
                    0.9031358361244202,
                    -0.3749774992465973,
                    0.2091354876756668
                ],
                [
                    0.37313592433929443,
                    0.9264424443244934,
                    0.049741290509700775
                ],
                [
                    -0.212403804063797,
                    0.03311280161142349,
                    0.9766209721565247
                ]
            ],
            [
                [
                    0.8985064625740051,
                    -0.43712836503982544,
                    -0.04006228223443031
                ],
                [
                    0.43408605456352234,
                    0.8983842134475708,
                    -0.06689707934856415
                ],
                [
                    0.06523392349481583,
                    0.04271697625517845,
                    0.9969553351402283
                ]
            ],
            [
                [
                    0.4728052020072937,
                    -0.8779497146606445,
                    -0.07523005455732346
                ],
                [
                    0.6132827401161194,
                    0.2665617763996124,
                    0.7435247898101807
                ],
                [
                    -0.6327239274978638,
                    -0.3976796567440033,
                    0.664463222026825
                ]
            ],
            [
                [
                    0.8843573331832886,
                    -0.45032477378845215,
                    0.12296250462532043
                ],
                [
                    0.33942824602127075,
                    0.801159143447876,
                    0.49288180470466614
                ],
                [
                    -0.3204694390296936,
                    -0.3941466510295868,
                    0.8613638877868652
                ]
            ],
            [
                [
                    0.8824137449264526,
                    -0.4346146285533905,
                    -0.18015581369400024
                ],
                [
                    0.4205901026725769,
                    0.9003235697746277,
                    -0.11189952492713928
                ],
                [
                    0.21083170175552368,
                    0.022969935089349747,
                    0.9772524833679199
                ]
            ],
            [
                [
                    0.41315263509750366,
                    -0.9001147150993347,
                    -0.13819724321365356
                ],
                [
                    0.7594560384750366,
                    0.25682052969932556,
                    0.5977205038070679
                ],
                [
                    -0.5025250911712646,
                    -0.3519045114517212,
                    0.7897036671638489
                ]
            ],
            [
                [
                    0.9147300720214844,
                    -0.37205934524536133,
                    0.15760913491249084
                ],
                [
                    0.35705989599227905,
                    0.9268829822540283,
                    0.11574157327413559
                ],
                [
                    -0.18914794921875,
                    -0.0495963878929615,
                    0.9806951880455017
                ]
            ],
            [
                [
                    0.711947500705719,
                    0.12621866166591644,
                    -0.6907963752746582
                ],
                [
                    -0.6078127026557922,
                    0.6034370064735413,
                    -0.5161662101745605
                ],
                [
                    0.3517022430896759,
                    0.7873580455780029,
                    0.5063327550888062
                ]
            ],
            [
                [
                    0.8222475051879883,
                    -0.39946991205215454,
                    -0.40537989139556885
                ],
                [
                    0.5205689072608948,
                    0.8157848715782166,
                    0.2519981563091278
                ],
                [
                    0.23003710806369781,
                    -0.4182330071926117,
                    0.8787286877632141
                ]
            ],
            [
                [
                    0.8540956377983093,
                    -0.4508291184902191,
                    0.2593716084957123
                ],
                [
                    0.5193449854850769,
                    0.7120797634124756,
                    -0.47246500849723816
                ],
                [
                    0.028307730332016945,
                    0.5382336974143982,
                    0.8423200845718384
                ]
            ]
        ],
        "betas": [
            -0.11995244026184082,
            -0.10099419951438904,
            0.06802982091903687,
            0.05878296494483948,
            0.05179634690284729,
            0.045320406556129456,
            0.09988142549991608,
            -0.027502983808517456,
            -0.04216918349266052,
            -0.04945603013038635
        ]
    },
    "pred_cam_t": [
        -0.12949906289577484,
        -0.03567735478281975,
        3.5533664226531982
    ],
    "focal_length": [
        5000.0,
        5000.0
    ],
    "pred_keypoints_3d": [
        [
            0.09626396000385284,
            0.006436673924326897,
            0.006226103752851486
        ],
        [
            0.103266142308712,
            -0.008114386349916458,
            0.041569724678993225
        ],
        [
            0.1267082691192627,
            -0.008689157664775848,
            0.06175566464662552
        ],
        [
            0.14735394716262817,
            0.006489218212664127,
            0.07089230418205261
        ],
        [
            0.15581363439559937,
            0.02790985442698002,
            0.09689375758171082
        ],
        [
            0.1607862412929535,
            0.0037051551043987274,
            0.07068699598312378
        ],
        [
            0.16766902804374695,
            0.023031337186694145,
            0.09669878333806992
        ],
        [
            0.1558302938938141,
            0.03098578378558159,
            0.11380413174629211
        ],
        [
            0.14731979370117188,
            0.03277170658111572,
            0.1368931531906128
        ],
        [
            0.17056217789649963,
            0.025768091902136803,
            0.06284056603908539
        ],
        [
            0.1863163411617279,
            0.043806783854961395,
            0.0838179886341095
        ],
        [
            0.17047801613807678,
            0.0495297834277153,
            0.10001656413078308
        ],
        [
            0.1525484025478363,
            0.048025429248809814,
            0.11828886717557907
        ],
        [
            0.1611006259918213,
            0.04613686352968216,
            0.04797028750181198
        ],
        [
            0.17608556151390076,
            0.0636654794216156,
            0.06560122221708298
        ],
        [
            0.15882211923599243,
            0.06794384866952896,
            0.08300852030515671
        ],
        [
            0.14124387502670288,
            0.0658143013715744,
            0.10102660953998566
        ],
        [
            0.14873436093330383,
            0.06145801395177841,
            0.038174379616975784
        ],
        [
            0.15773148834705353,
            0.07874032855033875,
            0.0465875081717968
        ],
        [
            0.14441950619220734,
            0.08286906778812408,
            0.05956277996301651
        ],
        [
            0.12953314185142517,
            0.07627695798873901,
            0.0697665736079216
        ]
    ],
    "pred_vertices": [
        [
            0.1231427937746048,
            0.005914067383855581,
            0.05158112570643425
        ],
        [
            0.11325760185718536,
            0.005683630704879761,
            0.04467141255736351
        ],
        [
            0.11944155395030975,
            0.004016507416963577,
            0.05110085383057594
        ],
        [
            0.12642505764961243,
            0.0022260062396526337,
            0.05769607424736023
        ],
        [
            0.10222731530666351,
            0.004043207969516516,
            0.055836908519268036
        ],
        [
            0.09603296220302582,
            -0.006248997058719397,
            0.05939773842692375
        ],
        [
            0.1119936928153038,
            -0.005000474397093058,
            0.06897453963756561
        ],
        [
            0.11390228569507599,
            0.004317590035498142,
            0.06394796073436737
        ],
        [
            0.13155244290828705,
            -0.0011463388800621033,
            0.060365088284015656
        ],
        [
            0.12486778199672699,
            0.002782740630209446,
            0.056528571993112564
        ],
        [
            0.13518348336219788,
            -0.004292395431548357,
            0.05633950233459473
        ],
        [
            0.14464963972568512,
            -0.010550189763307571,
            0.06008186191320419
        ],
        [
            0.13983604311943054,
            -0.005119851790368557,
            0.06431099027395248
        ],
        [
            0.1525818109512329,
            -0.010610943660140038,
            0.0636729896068573
        ],
        [
            0.14462099969387054,
            -0.01647171378135681,
            0.05109649524092674
        ],
        [
            0.15833167731761932,
            -0.010887076146900654,
            0.05647440254688263
        ],
        [
            0.1481010615825653,
            -0.0012446995824575424,
            0.032150041311979294
        ],
        [
            0.14698149263858795,
            0.010082267224788666,
            0.024992045015096664
        ],
        [
            0.15996915102005005,
            0.014974200166761875,
            0.03489938750863075
        ],
        [
            0.1596977263689041,
            0.0034749433398246765,
            0.04199940338730812
        ],
        [
            0.15053662657737732,
            0.030559290200471878,
            0.024430368095636368
        ],
        [
            0.15664640069007874,
            0.022321920841932297,
            0.030578389763832092
        ],
        [
            0.14442498981952667,
            0.01713351346552372,
            0.019773997366428375
        ],
        [
            0.13960804045200348,
            0.02495625801384449,
            0.014919709414243698
        ],
        [
            0.1194148063659668,
            0.015753887593746185,
            0.04193079099059105
        ],
        [
            0.10940448194742203,
            0.014667541719973087,
            0.035632289946079254
        ],
        [
            0.11017133295536041,
            0.01021745428442955,
            0.03801532834768295
        ],
        [
            0.1200709119439125,
            0.011453835293650627,
            0.04468400776386261
        ],
        [
            0.1378822773694992,
            -0.008050976321101189,
            0.05564805492758751
        ],
        [
            0.1332920789718628,
            -0.018381310626864433,
            0.052815452218055725
        ],
        [
            0.13653047382831573,
            -0.012072728015482426,
            0.053324684500694275
        ],
        [
            0.13674703240394592,
            -0.0027265604585409164,
            0.055958934128284454
        ],
        [
            0.0855071023106575,
            0.021374881267547607,
            0.022450625896453857
        ],
        [
            0.07966486364603043,
            0.01506899856030941,
            0.011897638440132141
        ],
        [
            0.07994462549686432,
            0.009563843719661236,
            0.014271203428506851
        ],
        [
            0.08530891686677933,
            0.01633617654442787,
            0.023231912404298782
        ],
        [
            0.08073945343494415,
            -0.005525676533579826,
            0.03548029065132141
        ],
        [
            0.07935216277837753,
            -0.007464912720024586,
            0.02251823991537094
        ],
        [
            0.08091878145933151,
            -0.02005806937813759,
            0.016774535179138184
        ],
        [
            0.08518794924020767,
            -0.020442504435777664,
            0.028086189180612564
        ],
        [
            0.08672269433736801,
            -0.005487112328410149,
            0.04923451691865921
        ],
        [
            0.08790013939142227,
            -0.01910323277115822,
            0.044242244213819504
        ],
        [
            0.09761807322502136,
            -0.017997438088059425,
            0.05820709839463234
        ],
        [
            0.11455409228801727,
            -0.014243333600461483,
            0.0693414956331253
        ],
        [
            0.08079966902732849,
            0.025877416133880615,
            0.004877019673585892
        ],
        [
            0.08484901487827301,
            0.0322502925992012,
            0.011862967163324356
        ],
        [
            0.15649496018886566,
            0.016327183693647385,
            0.10175737738609314
        ],
        [
            0.15356917679309845,
            0.021262407302856445,
            0.09975467622280121
        ],
        [
            0.15371540188789368,
            0.018475661054253578,
            0.09607602655887604
        ],
        [
            0.15665076673030853,
            0.01423738431185484,
            0.09885840862989426
        ],
        [
            0.09610970318317413,
            0.03380316495895386,
            -0.006084442138671875
        ],
        [
            0.10335063934326172,
            0.029693767428398132,
            -0.011991672217845917
        ],
        [
            0.09697750955820084,
            0.029031699523329735,
            -0.015589233487844467
        ],
        [
            0.08991993963718414,
            0.03101370856165886,
            -0.009527076035737991
        ],
        [
            0.10422597080469131,
            0.03742005303502083,
            -0.0014021620154380798
        ],
        [
            0.1117815226316452,
            0.030374452471733093,
            -0.0063179656863212585
        ],
        [
            0.16913168132305145,
            0.01867516338825226,
            0.1031850054860115
        ],
        [
            0.16515308618545532,
            0.015502153895795345,
            0.10432175546884537
        ],
        [
            0.1668776571750641,
            0.013508199714124203,
            0.10028336197137833
        ],
        [
            0.1704920083284378,
            0.016718260943889618,
            0.09792917221784592
        ],
        [
            0.13476556539535522,
            0.0006042159511707723,
            0.06425367295742035
        ],
        [
            0.13115286827087402,
            0.006928787566721439,
            0.059217773377895355
        ],
        [
            0.14883075654506683,
            0.0030117800924926996,
            0.07430190593004227
        ],
        [
            0.142919659614563,
            0.006044706329703331,
            0.06771912425756454
        ],
        [
            0.14322085678577423,
            -0.0009957482106983662,
            0.06906314939260483
        ],
        [
            0.1493268609046936,
            -0.0025717937387526035,
            0.07382839173078537
        ],
        [
            0.13829676806926727,
            0.02413700334727764,
            0.052967868745326996
        ],
        [
            0.12901751697063446,
            0.02097165212035179,
            0.04637371003627777
        ],
        [
            0.1307380199432373,
            0.01605573669075966,
            0.05029493197798729
        ],
        [
            0.14047282934188843,
            0.018293160945177078,
            0.05898589268326759
        ],
        [
            0.12517321109771729,
            0.033484019339084625,
            0.040663912892341614
        ],
        [
            0.13492800295352936,
            0.03550279140472412,
            0.04739166051149368
        ],
        [
            0.13167381286621094,
            0.04244489222764969,
            0.04345787316560745
        ],
        [
            0.12464811652898788,
            0.04004788026213646,
            0.040000058710575104
        ],
        [
            0.15207403898239136,
            0.035609230399131775,
            0.05992184951901436
        ],
        [
            0.15863099694252014,
            0.036451105028390884,
            0.0637030228972435
        ],
        [
            0.15948985517024994,
            0.04097641631960869,
            0.06261056661605835
        ],
        [
            0.15164582431316376,
            0.03874552622437477,
            0.057788293808698654
        ],
        [
            0.0913587287068367,
            0.027565494179725647,
            -0.019748777151107788
        ],
        [
            0.08434950560331345,
            0.02744251862168312,
            -0.012710817158222198
        ],
        [
            0.13957008719444275,
            0.047990333288908005,
            0.01698242872953415
        ],
        [
            0.1300812065601349,
            0.05411553755402565,
            0.01706673577427864
        ],
        [
            0.1387188583612442,
            0.06051897257566452,
            0.023248136043548584
        ],
        [
            0.14675793051719666,
            0.05228545516729355,
            0.02150682359933853
        ],
        [
            0.11003339290618896,
            0.021650979295372963,
            -0.013131100684404373
        ],
        [
            0.10426833480596542,
            0.022501304745674133,
            -0.018473289906978607
        ],
        [
            0.17036733031272888,
            0.02429310791194439,
            0.10064429044723511
        ],
        [
            0.17120036482810974,
            0.02207113429903984,
            0.09514538943767548
        ],
        [
            0.1017555445432663,
            -0.026875777170062065,
            0.04855365306138992
        ],
        [
            0.11787119507789612,
            -0.021788932383060455,
            0.06438672542572021
        ],
        [
            0.09443090856075287,
            -0.027004996314644814,
            0.032081488519907
        ],
        [
            0.09209742397069931,
            -0.026004141196608543,
            0.0191706083714962
        ],
        [
            0.08869415521621704,
            -0.026674523949623108,
            0.00961427390575409
        ],
        [
            0.1455499529838562,
            0.01191093772649765,
            0.06759034842252731
        ],
        [
            0.12777191400527954,
            0.011186798103153706,
            0.05202582851052284
        ],
        [
            0.11845675855875015,
            0.02004494145512581,
            0.03956370800733566
        ],
        [
            0.11263302713632584,
            0.04932659864425659,
            0.03108653798699379
        ],
        [
            0.10384900867938995,
            0.04613848775625229,
            0.025751421228051186
        ],
        [
            0.10742063075304031,
            0.03876839950680733,
            0.0326906181871891
        ],
        [
            0.11481719464063644,
            0.04291970655322075,
            0.035447604954242706
        ],
        [
            0.12366357445716858,
            0.05830302834510803,
            0.0232685599476099
        ],
        [
            0.12185025960206985,
            0.056791581213474274,
            0.030935250222682953
        ],
        [
            0.12952803075313568,
            0.06003415212035179,
            0.03534967452287674
        ],
        [
            0.13182900846004486,
            0.06252581626176834,
            0.028561707586050034
        ],
        [
            0.1384446918964386,
            -0.01402258314192295,
            0.05937473475933075
        ],
        [
            0.12958282232284546,
            -0.02368382178246975,
            0.0537390299141407
        ],
        [
            0.08894023299217224,
            0.03460486978292465,
            0.001818627119064331
        ],
        [
            0.08385814726352692,
            0.02953815832734108,
            -0.0013895854353904724
        ],
        [
            0.07931583374738693,
            0.025152532383799553,
            -0.0071639008820056915
        ],
        [
            0.0963473916053772,
            0.016942305490374565,
            0.030360419303178787
        ],
        [
            0.08485633134841919,
            0.012836616486310959,
            0.02409498393535614
        ],
        [
            0.08448587357997894,
            0.009226119145751,
            0.02757367119193077
        ],
        [
            0.09659452736377716,
            0.013760024681687355,
            0.031206127256155014
        ],
        [
            0.1027345284819603,
            0.007410304620862007,
            0.043164245784282684
        ],
        [
            0.0904056504368782,
            0.004749768879264593,
            0.04459794983267784
        ],
        [
            0.11239155381917953,
            0.00789562426507473,
            0.05082244053483009
        ],
        [
            0.07886017858982086,
            0.0016261553391814232,
            0.016827143728733063
        ],
        [
            0.07351160794496536,
            0.0052782390266656876,
            0.007391799241304398
        ],
        [
            0.07408963888883591,
            -0.003300771117210388,
            0.01003757119178772
        ],
        [
            0.07410025596618652,
            0.013897886499762535,
            0.0025911331176757812
        ],
        [
            0.0759277492761612,
            0.021144939586520195,
            -0.0023892149329185486
        ],
        [
            0.09997576475143433,
            0.021641964092850685,
            -0.025842715054750443
        ],
        [
            0.07632838934659958,
            -0.011165184900164604,
            0.012044057250022888
        ],
        [
            0.12152830511331558,
            0.0036442792043089867,
            0.06801901757717133
        ],
        [
            0.12794706225395203,
            0.004411244764924049,
            0.06992916762828827
        ],
        [
            0.1296292394399643,
            0.006960628554224968,
            0.06298236548900604
        ],
        [
            0.12488781660795212,
            0.0059170350432395935,
            0.060877762734889984
        ],
        [
            0.1608642190694809,
            -0.007389581762254238,
            0.06881855428218842
        ],
        [
            0.15412861108779907,
            -0.006233698688447475,
            0.07305166870355606
        ],
        [
            0.1462617665529251,
            -0.007654736749827862,
            0.06751555949449539
        ],
        [
            0.09318363666534424,
            0.02933349832892418,
            0.026553355157375336
        ],
        [
            0.09202806651592255,
            0.038275063037872314,
            0.017529409378767014
        ],
        [
            0.1506384313106537,
            0.008678003214299679,
            0.07394103705883026
        ],
        [
            0.17241288721561432,
            0.01496384758502245,
            0.09364499896764755
        ],
        [
            0.1685011386871338,
            0.010987327434122562,
            0.09620100259780884
        ],
        [
            0.1670338362455368,
            0.0002886902657337487,
            0.08202454447746277
        ],
        [
            0.1716877818107605,
            0.004889004398137331,
            0.07930701971054077
        ],
        [
            0.15766136348247528,
            0.014815520495176315,
            0.07468604296445847
        ],
        [
            0.15201115608215332,
            0.009456510655581951,
            0.07630186527967453
        ],
        [
            0.15254990756511688,
            0.011155755259096622,
            0.07698611170053482
        ],
        [
            0.15480993688106537,
            0.017482150346040726,
            0.07605285942554474
        ],
        [
            0.1548934429883957,
            0.04669134318828583,
            0.056615713983774185
        ],
        [
            0.14814583957195282,
            0.0450202152132988,
            0.05306173488497734
        ],
        [
            0.16860057413578033,
            0.010388199239969254,
            0.053810786455869675
        ],
        [
            0.16972030699253082,
            -0.0017714258283376694,
            0.056023016571998596
        ],
        [
            0.1598522812128067,
            -0.006669355556368828,
            0.04760226607322693
        ],
        [
            0.13599041104316711,
            0.030169138684868813,
            0.04910092428326607
        ],
        [
            0.144245445728302,
            0.03379424288868904,
            0.054819852113723755
        ],
        [
            0.14352291822433472,
            0.03739134967327118,
            0.052795689553022385
        ],
        [
            0.14865657687187195,
            0.015606768429279327,
            0.06790191680192947
        ],
        [
            0.15335613489151,
            0.014512255787849426,
            0.0723317340016365
        ],
        [
            0.1536957025527954,
            0.019206658005714417,
            0.06880888342857361
        ],
        [
            0.14774470031261444,
            0.01995854824781418,
            0.06428637355566025
        ],
        [
            0.12133743613958359,
            0.04831504076719284,
            0.009177330881357193
        ],
        [
            0.1136661246418953,
            0.05352764576673508,
            0.01632767915725708
        ],
        [
            0.1605752855539322,
            0.014432743191719055,
            0.10361883789300919
        ],
        [
            0.16157956421375275,
            0.012409981340169907,
            0.10036177933216095
        ],
        [
            0.12693655490875244,
            0.026902344077825546,
            0.042676858603954315
        ],
        [
            0.14711689949035645,
            -0.009611512534320354,
            0.03912004455924034
        ],
        [
            0.1170131117105484,
            0.024788087233901024,
            0.037131212651729584
        ],
        [
            0.1591452956199646,
            0.047105442732572556,
            0.03634525090456009
        ],
        [
            0.15629465878009796,
            0.053579770028591156,
            0.04064607620239258
        ],
        [
            0.1596677005290985,
            0.05359748378396034,
            0.04468735307455063
        ],
        [
            0.16412301361560822,
            0.050428539514541626,
            0.0418756902217865
        ],
        [
            0.15693004429340363,
            0.026071473956108093,
            0.08689700067043304
        ],
        [
            0.15381202101707458,
            0.022255342453718185,
            0.09020281583070755
        ],
        [
            0.15329115092754364,
            0.02401512861251831,
            0.09305106103420258
        ],
        [
            0.15677013993263245,
            0.02831728756427765,
            0.09080497175455093
        ],
        [
            0.1514364778995514,
            0.0038602971471846104,
            0.07790014892816544
        ],
        [
            0.15328189730644226,
            -0.0015194902662187815,
            0.07860719412565231
        ],
        [
            0.1548997014760971,
            0.0016692484496161342,
            0.082504041492939
        ],
        [
            0.1528404951095581,
            0.006908971816301346,
            0.08011456578969955
        ],
        [
            0.15886817872524261,
            -0.004187475889921188,
            0.07809816300868988
        ],
        [
            0.16081245243549347,
            -0.000851750373840332,
            0.08282529562711716
        ],
        [
            0.1630275845527649,
            0.027654852718114853,
            0.0854288637638092
        ],
        [
            0.1699707806110382,
            0.02511274442076683,
            0.08706586807966232
        ],
        [
            0.16903115808963776,
            0.017610633745789528,
            0.07322807610034943
        ],
        [
            0.16154734790325165,
            0.020845945924520493,
            0.07517272233963013
        ],
        [
            0.1297827959060669,
            0.01910460740327835,
            0.0050171054899692535
        ],
        [
            0.1252668797969818,
            0.02891378104686737,
            0.001752518117427826
        ],
        [
            0.13498567044734955,
            0.03500134497880936,
            0.011401541531085968
        ],
        [
            0.14494219422340393,
            0.041083190590143204,
            0.019885282963514328
        ],
        [
            0.15381763875484467,
            0.046170346438884735,
            0.029309334233403206
        ],
        [
            0.1603979468345642,
            0.03574763610959053,
            0.03136266767978668
        ],
        [
            0.13031843304634094,
            0.04128989577293396,
            0.008846860378980637
        ],
        [
            0.16818034648895264,
            0.016092492267489433,
            0.06649792194366455
        ],
        [
            0.16911576688289642,
            0.010893372818827629,
            0.06354028731584549
        ],
        [
            0.17085687816143036,
            0.013830052688717842,
            0.06021948531270027
        ],
        [
            0.11469750106334686,
            0.03176341950893402,
            0.03558594733476639
        ],
        [
            0.16342520713806152,
            0.009694989770650864,
            0.0970495417714119
        ],
        [
            0.10804535448551178,
            -0.01955402083694935,
            0.0004381313920021057
        ],
        [
            0.11190687119960785,
            -0.00902104377746582,
            -0.007706746459007263
        ],
        [
            0.11702509224414825,
            -0.008470550179481506,
            -0.0005713179707527161
        ],
        [
            0.1119849681854248,
            -0.020030830055475235,
            0.009394600987434387
        ],
        [
            0.15414270758628845,
            0.016251027584075928,
            0.09395761787891388
        ],
        [
            0.15736906230449677,
            0.011324113234877586,
            0.09639006853103638
        ],
        [
            0.14815615117549896,
            0.0515420064330101,
            0.050361812114715576
        ],
        [
            0.15412768721580505,
            0.051514483988285065,
            0.0530405156314373
        ],
        [
            0.1561392992734909,
            0.05427436903119087,
            0.050283193588256836
        ],
        [
            0.1506081074476242,
            0.057667288929224014,
            0.0485694520175457
        ],
        [
            0.12143673747777939,
            0.03322970122098923,
            1.952052116394043e-06
        ],
        [
            0.1438828557729721,
            0.06466175615787506,
            0.02708531729876995
        ],
        [
            0.15115250647068024,
            0.057530660182237625,
            0.025661613792181015
        ],
        [
            0.11682731658220291,
            0.023169614374637604,
            -0.0065471939742565155
        ],
        [
            0.12108245491981506,
            0.01451151818037033,
            -0.004289008677005768
        ],
        [
            0.11469869315624237,
            0.011756952852010727,
            -0.011206261813640594
        ],
        [
            0.16752326488494873,
            0.027984697371721268,
            0.04285547882318497
        ],
        [
            0.1339043229818344,
            0.012694310396909714,
            0.009404584765434265
        ],
        [
            0.12387950718402863,
            0.008427513763308525,
            -0.00034762173891067505
        ],
        [
            0.11636880040168762,
            0.004824092611670494,
            -0.008430585265159607
        ],
        [
            0.11134596914052963,
            0.002832060679793358,
            -0.014877475798130035
        ],
        [
            0.10993728041648865,
            0.010646479204297066,
            -0.017169728875160217
        ],
        [
            0.17231237888336182,
            0.0203494131565094,
            0.09025529772043228
        ],
        [
            0.1689259260892868,
            0.028148267418146133,
            0.09216822683811188
        ],
        [
            0.10563448816537857,
            0.009408881887793541,
            -0.02516358718276024
        ],
        [
            0.10691104829311371,
            0.0007222220301628113,
            -0.021809183061122894
        ],
        [
            0.12585783004760742,
            0.0007689017802476883,
            0.004541240632534027
        ],
        [
            0.12640532851219177,
            -0.008554134517908096,
            0.011505357921123505
        ],
        [
            0.13528838753700256,
            0.005274932831525803,
            0.013980593532323837
        ],
        [
            0.13713659346103668,
            -0.0035224808380007744,
            0.021284662187099457
        ],
        [
            0.1697332113981247,
            0.017433643341064453,
            0.042300306260585785
        ],
        [
            0.16092979907989502,
            0.03630931302905083,
            0.10722953081130981
        ],
        [
            0.16259805858135223,
            0.03305669128894806,
            0.09645914286375046
        ],
        [
            0.15697643160820007,
            0.03122037649154663,
            0.09596320241689682
        ],
        [
            0.15672239661216736,
            0.03644341230392456,
            0.10636909306049347
        ],
        [
            0.1624387502670288,
            0.030145594850182533,
            0.09030008316040039
        ],
        [
            0.1677999198436737,
            0.03028421476483345,
            0.09770449995994568
        ],
        [
            0.1344606727361679,
            -0.0142255499958992,
            0.030726205557584763
        ],
        [
            0.1603890210390091,
            0.019132042303681374,
            0.07235826551914215
        ],
        [
            0.12000977993011475,
            -0.020713213831186295,
            0.02407972514629364
        ],
        [
            0.13539829850196838,
            -0.021947909146547318,
            0.04336324334144592
        ],
        [
            0.1237872987985611,
            -0.025890666991472244,
            0.04131438955664635
        ],
        [
            0.10470879077911377,
            -0.02747015468776226,
            0.020201105624437332
        ],
        [
            0.10965735465288162,
            -0.029652543365955353,
            0.03713167831301689
        ],
        [
            0.09733326733112335,
            -0.026096660643815994,
            0.001874290406703949
        ],
        [
            0.1019309014081955,
            -0.025769755244255066,
            0.010024309158325195
        ],
        [
            0.11805516481399536,
            -0.028054997324943542,
            0.05198986828327179
        ],
        [
            0.15292686223983765,
            0.02259449101984501,
            0.10972494632005692
        ],
        [
            0.15099723637104034,
