{
    "pred_cam": [
        7.300734043121338,
        0.10754508525133133,
        0.06109129637479782
    ],
    "pred_mano_params": {
        "global_orient": [
            [
                [
                    0.13235247135162354,
                    -0.40324193239212036,
                    -0.9054715633392334
                ],
                [
                    0.939725399017334,
                    0.34161072969436646,
                    -0.014773276634514332
                ],
                [
                    0.31527599692344666,
                    -0.8489393591880798,
                    0.42414969205856323
                ]
            ]
        ],
        "hand_pose": [
            [
                [
                    0.7782560586929321,
                    -0.513322651386261,
                    -0.3616868555545807
                ],
                [
                    0.5266335606575012,
                    0.8472632765769958,
                    -0.06929672509431839
                ],
                [
                    0.3420155942440033,
                    -0.1365458369255066,
                    0.9297206997871399
                ]
            ],
            [
                [
                    0.9052353501319885,
                    -0.41907641291618347,
                    0.07017100602388382
                ],
                [
                    0.4185895621776581,
                    0.8511454463005066,
                    -0.3167557716369629
                ],
                [
                    0.07301913946866989,
                    0.31611135601997375,
                    0.9459079504013062
                ]
            ],
            [
                [
                    0.8295501470565796,
                    -0.543305516242981,
                    0.12909556925296783
                ],
                [
                    0.5275160670280457,
                    0.8382496237754822,
                    0.13807395100593567
                ],
                [
                    -0.1832306683063507,
                    -0.046439286321401596,
                    0.9819724559783936
                ]
            ],
            [
                [
                    0.5539076924324036,
                    -0.749121367931366,
                    -0.36332279443740845
                ],
                [
                    0.8116132020950317,
                    0.5831466913223267,
                    0.03498559817671776
                ],
                [
                    0.18566204607486725,
                    -0.31425634026527405,
                    0.9310062527656555
                ]
            ],
            [
                [
                    0.9561255574226379,
                    -0.28428205847740173,
                    -0.07076515257358551
                ],
                [
                    0.29103997349739075,
                    0.8941484689712524,
                    0.3402855396270752
                ],
                [
                    -0.0334625281393528,
                    -0.3459511697292328,
                    0.9376556277275085
                ]
            ],
            [
                [
                    0.9016326069831848,
                    -0.4224696457386017,
                    0.09261760860681534
                ],
                [
                    0.42359885573387146,
                    0.9058138132095337,
                    0.008080089464783669
                ],
                [
                    -0.08730790764093399,
                    0.031947437673807144,
                    0.9956689476966858
                ]
            ],
            [
                [
                    0.51778244972229,
                    -0.8313502073287964,
                    0.20188641548156738
                ],
                [
                    0.6128435730934143,
                    0.5250920653343201,
                    0.5905092358589172
                ],
                [
                    -0.5969289541244507,
                    -0.18203051388263702,
                    0.7813710570335388
                ]
            ],
            [
                [
                    0.8398451805114746,
                    -0.5387143492698669,
                    -0.06668515503406525
                ],
                [
                    0.45308032631874084,
                    0.6280248761177063,
                    0.6326949596405029
                ],
                [
                    -0.29896190762519836,
                    -0.5615795850753784,
                    0.7715245485305786
                ]
            ],
            [
                [
                    0.908275306224823,
                    -0.39055371284484863,
                    0.15001247823238373
                ],
                [
                    0.36473509669303894,
                    0.9148266911506653,
                    0.17337942123413086
                ],
                [
                    -0.20494939386844635,
                    -0.10276143252849579,
                    0.9733631610870361
                ]
            ],
            [
                [
                    0.5228977203369141,
                    -0.8490124344825745,
                    -0.07586686313152313
                ],
                [
                    0.8523949980735779,
                    0.5207369327545166,
                    0.047494933009147644
                ],
                [
                    -0.0008171114604920149,
                    -0.08950353413820267,
                    0.9959861040115356
                ]
            ],
            [
                [
                    0.8580358624458313,
                    -0.5104464292526245,
                    0.056735552847385406
                ],
                [
                    0.3799411654472351,
                    0.7051982283592224,
                    0.5986152291297913
                ],
                [
                    -0.34557080268859863,
                    -0.49207714200019836,
                    0.7990249991416931
                ]
            ],
            [
                [
                    0.9222821593284607,
                    -0.3643268048763275,
                    0.12907984852790833
                ],
                [
                    0.3531891107559204,
                    0.9300341010093689,
                    0.10145910829305649
                ],
                [
                    -0.157012939453125,
                    -0.047984324395656586,
                    0.9864301085472107
                ]
            ],
            [
                [
                    0.8129967451095581,
                    0.21815058588981628,
                    -0.5398578643798828
                ],
                [
                    -0.5649391412734985,
                    0.5200424194335938,
                    -0.6406244039535522
                ],
                [
                    0.14099638164043427,
                    0.8258124589920044,
                    0.546034574508667
                ]
            ],
            [
                [
                    0.7051270008087158,
                    -0.5156110525131226,
                    -0.48676595091819763
                ],
                [
                    0.6636715531349182,
                    0.7216121554374695,
                    0.1970178335905075
                ],
                [
                    0.24967160820960999,
                    -0.4619753360748291,
                    0.8510245680809021
                ]
            ],
            [
                [
                    0.43253082036972046,
                    -0.8981565833091736,
                    -0.07894112914800644
                ],
                [
                    0.8201479911804199,
                    0.4283062517642975,
                    -0.3793559968471527
                ],
                [
                    0.3745321035385132,
                    0.09933976829051971,
                    0.9218769669532776
                ]
            ]
        ],
        "betas": [
            -0.02509196102619171,
            -0.09539288282394409,
            -0.0007568895816802979,
            0.060277968645095825,
            0.017915546894073486,
            -0.012319523841142654,
            0.08956220746040344,
            -0.059269219636917114,
            -0.007803857326507568,
            -0.03706026077270508
        ]
    },
    "pred_cam_t": [
        -0.10754508525133133,
        0.06109129637479782,
        5.350489616394043
    ],
    "focal_length": [
        5000.0,
        5000.0
    ],
    "pred_keypoints_3d": [
        [
            0.09585272520780563,
            0.006394246593117714,
            0.006204176694154739
        ],
        [
            0.07551354169845581,
            -0.021924326196312904,
            0.022783130407333374
        ],
        [
            0.06331057846546173,
            -0.0501980185508728,
            0.021483037620782852
        ],
        [
            0.07096459716558456,
            -0.07427109777927399,
            0.011588283814489841
        ],
        [
            0.089822918176651,
            -0.09672612696886063,
            0.02646501734852791
        ],
        [
            0.06763136386871338,
            -0.07864178717136383,
            -0.008449493907392025
        ],
        [
            0.07827337086200714,
            -0.10990463942289352,
            -0.00960103701800108
        ],
        [
            0.09126142412424088,
            -0.12482255697250366,
            0.0005310503765940666
        ],
        [
            0.10419992357492447,
            -0.13239172101020813,
            0.02025226503610611
        ],
        [
            0.08703223615884781,
            -0.08320275694131851,
            -0.023877287283539772
        ],
        [
            0.10511808097362518,
            -0.10700953006744385,
            -0.013270186260342598
        ],
        [
            0.11680035293102264,
            -0.11850018799304962,
            0.003291470929980278
        ],
        [
            0.12469764798879623,
            -0.12876206636428833,
            0.025523599237203598
        ],
        [
            0.11083630472421646,
            -0.07156437635421753,
            -0.027615848928689957
        ],
        [
            0.1227768212556839,
            -0.09472443163394928,
            -0.015139820985496044
        ],
        [
            0.12903204560279846,
            -0.10133859515190125,
            0.00794206652790308
        ],
        [
            0.12994900345802307,
            -0.10662776976823807,
            0.03271085396409035
        ],
        [
            0.12992911040782928,
            -0.06118623912334442,
            -0.02547169104218483
        ],
        [
            0.13519202172756195,
            -0.0780106708407402,
            -0.01379387266933918
        ],
        [
            0.13553613424301147,
            -0.07927018404006958,
            0.005139891058206558
        ],
        [
            0.13109461963176727,
            -0.07588887959718704,
            0.02251759171485901
        ]
    ],
    "pred_vertices": [
        [
            0.08121234178543091,
            -0.04477735981345177,
            0.01057506538927555
        ],
        [
            0.08393067121505737,
            -0.03457814082503319,
            0.01411408931016922
        ],
        [
            0.07879992574453354,
            -0.042797595262527466,
            0.014260387048125267
        ],
        [
            0.07528959959745407,
            -0.050788648426532745,
            0.012500207871198654
        ],
        [
            0.08523580431938171,
            -0.035719648003578186,
            0.030365096405148506
        ],
        [
            0.07763505727052689,
            -0.03149835392832756,
            0.03968250751495361
        ],
        [
            0.07181400805711746,
            -0.04853237792849541,
            0.03528657555580139
        ],
        [
            0.08029865473508835,
            -0.0486651211977005,
            0.02841312065720558
        ],
        [
            0.06967225670814514,
            -0.054923273622989655,
            0.011554349213838577
        ],
        [
            0.07498002797365189,
            -0.04949621111154556,
            0.01461099088191986
        ],
        [
            0.06610894948244095,
            -0.052884720265865326,
            0.008317714557051659
        ],
        [
            0.058173809200525284,
            -0.05883112549781799,
            0.002200045622885227
        ],
        [
            0.0643472969532013,
            -0.06097789853811264,
            0.006996111944317818
        ],
        [
            0.05608264356851578,
            -0.06547865271568298,
            -0.0026534353382885456
        ],
        [
            0.05404994636774063,
            -0.049851126968860626,
            -0.0019576740451157093
        ],
        [
            0.05535323917865753,
            -0.06227266415953636,
            -0.01130305603146553
        ],
        [
            0.07127006351947784,
            -0.039904121309518814,
            -0.019570186734199524
        ],
        [
            0.08337204903364182,
            -0.036532722413539886,
            -0.02462521567940712
        ],
        [
            0.08317448198795319,
            -0.05318551883101463,
            -0.03106510266661644
        ],
        [
            0.07128715515136719,
            -0.05535142496228218,
            -0.024348273873329163
        ],
        [
            0.10215561836957932,
            -0.04410305619239807,
            -0.03205398470163345
        ],
        [
            0.09172177314758301,
            -0.04993724077939987,
            -0.03185856342315674
        ],
        [
            0.09144534915685654,
            -0.0329165942966938,
            -0.0266164131462574
        ],
        [
            0.10080160945653915,
            -0.028622884303331375,
            -0.026805387809872627
        ],
        [
            0.09373649954795837,
            -0.03699355199933052,
            0.0065167807042598724
        ],
        [
            0.09612666070461273,
            -0.026639007031917572,
            0.010852616280317307
        ],
        [
            0.09091642498970032,
            -0.028238534927368164,
            0.011894093826413155
        ],
        [
            0.08884065598249435,
            -0.03866343945264816,
            0.008115231990814209
        ],
        [
            0.062031421810388565,
            -0.05303112044930458,
            0.009087303653359413
        ],
        [
            0.054471731185913086,
            -0.04492108151316643,
            0.010428756475448608
        ],
        [
            0.059122756123542786,
            -0.04907691478729248,
            0.007025744765996933
        ],
        [
            0.06706301867961884,
            -0.05405038595199585,
            0.009350653737783432
        ],
        [
            0.11077965795993805,
            -0.004902012646198273,
            0.021817484870553017
        ],
        [
            0.10773308575153351,
            0.008301101624965668,
            0.02143881469964981
        ],
        [
            0.102170430123806,
            0.007685668766498566,
            0.023332057520747185
        ],
        [
            0.10602176934480667,
            -0.004123672842979431,
            0.022986719384789467
        ],
        [
            0.08562275767326355,
            -0.005406863987445831,
            0.036230992525815964
        ],
        [
            0.0854949802160263,
            0.006007656455039978,
            0.03076266497373581
        ],
        [
            0.07374401390552521,
            0.013190999627113342,
            0.028328992426395416
        ],
        [
            0.07100242376327515,
            0.0022446662187576294,
            0.031444184482097626
        ],
        [
            0.08249451220035553,
            -0.01915184035897255,
            0.03950193524360657
        ],
        [
            0.06990233063697815,
            -0.011951953172683716,
            0.03869453817605972
        ],
        [
            0.06641916185617447,
            -0.027856625616550446,
            0.04054785519838333
        ],
        [
            0.06224951893091202,
            -0.04767468944191933,
            0.036006707698106766
        ],
        [
            0.11858125030994415,
            0.01056630164384842,
            0.014930030331015587
        ],
        [
            0.12264766544103622,
            0.0011489763855934143,
            0.014740731567144394
        ],
        [
            0.07891955226659775,
            -0.11057346314191818,
            0.00308413989841938
        ],
        [
            0.08451948314905167,
            -0.1088884249329567,
            0.0016934722661972046
        ],
        [
            0.08191339671611786,
            -0.10463861376047134,
            0.0018705707043409348
        ],
        [
            0.07679155468940735,
            -0.10715020447969437,
            0.002858472988009453
        ],
        [
            0.12343686819076538,
            0.00927414745092392,
            -0.0047823525965213776
        ],
        [
            0.11834555864334106,
            0.011243961751461029,
            -0.013275854289531708
        ],
        [
            0.1198597326874733,
            0.017680607736110687,
            -0.01015554554760456
        ],
        [
            0.122859887778759,
            0.016040310263633728,
            -0.0013703592121601105
        ],
        [
            0.12416300177574158,
            0.0003341883420944214,
            -0.00925801508128643
        ],
        [
            0.11605619639158249,
            0.002061791718006134,
            -0.01694316789507866
        ],
        [
            0.07397244870662689,
            -0.11708898097276688,
            -0.006703465711325407
        ],
        [
            0.07349908351898193,
            -0.11587479710578918,
            -0.001665974035859108
        ],
        [
            0.07070060074329376,
            -0.11192397773265839,
            -0.0038551664911210537
        ],
        [
            0.0715075209736824,
            -0.11190926283597946,
            -0.009231708943843842
        ],
        [
            0.07161440700292587,
            -0.05947291851043701,
            0.009559892117977142
        ],
        [
            0.07960062474012375,
            -0.054964739829301834,
            0.008387438021600246
        ],
        [
            0.07071509957313538,
            -0.07584747672080994,
            0.0032798834145069122
        ],
        [
            0.0749519020318985,
            -0.06762325763702393,
            0.003944036550819874
        ],
        [
            0.06790955364704132,
            -0.06722454726696014,
            0.0057764435186982155
        ],
        [
            0.06476691365242004,
            -0.07415919005870819,
            0.0038048289716243744
        ],
        [
            0.09525527060031891,
            -0.05768239498138428,
            -0.003546645864844322
        ],
        [
            0.09563525021076202,
            -0.04677985981106758,
            0.0006158482283353806
        ],
        [
            0.089925117790699,
            -0.049654677510261536,
            0.0021954551339149475
        ],
        [
            0.08833908289670944,
            -0.062226638197898865,
            -0.0009817443788051605
        ],
        [
            0.10924018919467926,
            -0.04325464367866516,
            -0.0013566482812166214
        ],
        [
            0.10755644738674164,
            -0.054057199507951736,
            -0.005742384120821953
        ],
        [
            0.11542575061321259,
            -0.05064670741558075,
            -0.006379242986440659
        ],
        [
            0.11564889550209045,
            -0.04396606609225273,
            -0.0022572148591279984
        ],
        [
            0.1008043959736824,
            -0.07218845188617706,
            -0.012268616817891598
        ],
        [
            0.09901510179042816,
            -0.07709291577339172,
            -0.014047885313630104
        ],
        [
            0.10342961549758911,
            -0.07777360826730728,
            -0.014250184409320354
        ],
        [
            0.10430587083101273,
            -0.0708763375878334,
            -0.012891368009150028
        ],
        [
            0.12049943953752518,
            0.024384021759033203,
            -0.007833512499928474
        ],
        [
            0.12135543674230576,
            0.022479049861431122,
            0.0017898138612508774
        ],
        [
            0.12287439405918121,
            -0.03669095039367676,
            -0.03030594438314438
        ],
        [
            0.13073600828647614,
            -0.03259284421801567,
            -0.02333623543381691
        ],
        [
            0.13371683657169342,
            -0.04508001729846001,
            -0.027456801384687424
        ],
        [
            0.1242915615439415,
            -0.04634980857372284,
            -0.03489336371421814
        ],
        [
            0.10912355035543442,
            0.010697759687900543,
            -0.018039578571915627
        ],
        [
            0.11212285608053207,
            0.017819218337535858,
            -0.016610274091362953
        ],
        [
            0.0778547078371048,
            -0.11664414405822754,
            -0.011640754528343678
        ],
        [
            0.07571253180503845,
            -0.11093583703041077,
            -0.013523835688829422
        ],
        [
            0.05790430307388306,
            -0.020309284329414368,
            0.033115584403276443
        ],
        [
            0.054605431854724884,
            -0.043843548744916916,
            0.03182084485888481
        ],
        [
            0.06221357360482216,
            -0.0035859495401382446,
            0.027919592335820198
        ],
        [
            0.06514108180999756,
            0.007256649434566498,
            0.02184482291340828
        ],
        [
            0.06633806228637695,
            0.016624636948108673,
            0.019051823765039444
        ],
        [
            0.08004571497440338,
            -0.07036195695400238,
            0.0008290139958262444
        ],
        [
            0.08569346368312836,
            -0.04838025942444801,
            0.0062582828104496
        ],
        [
            0.09847858548164368,
            -0.035609159618616104,
            0.005373211577534676
        ],
        [
            0.12893187999725342,
            -0.032891906797885895,
            0.0007364749908447266
        ],
        [
            0.12903067469596863,
            -0.02341446653008461,
            0.005196657031774521
        ],
        [
            0.12010226398706436,
            -0.02897312119603157,
            0.007553938776254654
        ],
        [
            0.12165118753910065,
            -0.03594769537448883,
            0.0025897640734910965
        ],
        [
            0.1355452984571457,
            -0.03481573238968849,
            -0.014789998531341553
        ],
        [
            0.1335296332836151,
            -0.03907771781086922,
            -0.008220095187425613
        ],
        [
            0.13370853662490845,
            -0.04657987505197525,
            -0.011954909190535545
        ],
        [
            0.13650979101657867,
            -0.044496748596429825,
            -0.01884116418659687
        ],
        [
            0.055831924080848694,
            -0.05446651577949524,
            0.012068452313542366
        ],
        [
            0.0505669005215168,
            -0.04193268343806267,
            0.015083858743309975
        ],
        [
            0.12511028349399567,
            0.006488025188446045,
            0.00533914752304554
        ],
        [
            0.12206491827964783,
            0.013069778680801392,
            0.008343923836946487
        ],
        [
            0.11983755230903625,
            0.02126242220401764,
            0.009326992556452751
        ],
        [
            0.10267385840415955,
            -0.015977509319782257,
            0.01785656437277794
        ],
        [
            0.10280479490756989,
            -0.003666825592517853,
            0.024147823452949524
        ],
        [
            0.09916900843381882,
            -0.005353309214115143,
            0.026545051485300064
        ],
        [
            0.09943282604217529,
            -0.016184505075216293,
            0.01813901960849762
        ],
        [
            0.0891428291797638,
            -0.028160370886325836,
            0.020450593903660774
        ],
        [
            0.09107759594917297,
            -0.021104950457811356,
            0.03125198930501938
        ],
        [
            0.08505941927433014,
            -0.039469774812459946,
            0.018893716856837273
        ],
        [
            0.09475468099117279,
            0.008328258991241455,
            0.026697825640439987
        ],
        [
            0.10068521648645401,
            0.01771676540374756,
            0.02526950091123581
        ],
        [
            0.09209095686674118,
            0.017537929117679596,
            0.027540989220142365
        ],
        [
            0.10931369662284851,
            0.01903967559337616,
            0.020777367055416107
        ],
        [
            0.1163269430398941,
            0.02022002637386322,
            0.01538413017988205
        ],
        [
            0.11340397596359253,
            0.02622999995946884,
            -0.017301000654697418
        ],
        [
            0.0837872102856636,
            0.016840599477291107,
            0.028014985844492912
        ],
        [
            0.07598370313644409,
            -0.05596467852592468,
            0.027028091251850128
        ],
        [
            0.07458747923374176,
            -0.06113238260149956,
            0.024872904643416405
        ],
        [
            0.07720045745372772,
            -0.05758453905582428,
            0.018649142235517502
        ],
        [
            0.07745423913002014,
            -0.05316520109772682,
            0.019461311399936676
        ],
        [
            0.05614893138408661,
            -0.07455512881278992,
            -0.007143715396523476
        ],
        [
            0.059513743966817856,
            -0.07506870478391647,
            0.0002945093438029289
        ],
        [
            0.06045090779662132,
            -0.0660555437207222,
            0.003840215504169464
        ],
        [
            0.11575978249311447,
            -0.014256834983825684,
            0.016891730949282646
        ],
        [
            0.12575043737888336,
            -0.008712686598300934,
            0.011305104941129684
        ],
        [
            0.07578767836093903,
            -0.07815596461296082,
            3.2833777368068695e-05
        ],
        [
            0.06935687363147736,
            -0.10773894935846329,
            -0.011828555725514889
        ],
        [
            0.0679105743765831,
            -0.10754019021987915,
            -0.005922985263168812
        ],
        [
            0.06078404188156128,
            -0.09087828546762466,
            -0.007293874863535166
        ],
        [
            0.06243560463190079,
            -0.0917397141456604,
            -0.0139849204570055
        ],
        [
            0.07903609424829483,
            -0.08405979722738266,
            -0.007915046066045761
        ],
        [
            0.0764639750123024,
            -0.08180739730596542,
            -0.00156400166451931
        ],
        [
            0.07752712815999985,
            -0.08359695225954056,
            -0.0030100159347057343
        ],
        [
            0.08179178833961487,
            -0.08557096123695374,
            -0.007696088403463364
        ],
        [
            0.11103283613920212,
            -0.07233325392007828,
            -0.014518382027745247
        ],
        [
            0.11163242161273956,
            -0.06643366813659668,
            -0.013054890558123589
        ],
        [
            0.07370147109031677,
            -0.07149499654769897,
            -0.0258351881057024
        ],
        [
            0.06067078560590744,
            -0.06985386461019516,
            -0.02295204997062683
        ],
        [
            0.060542598366737366,
            -0.05702193081378937,
            -0.01891152933239937
        ],
        [
            0.10205024480819702,
            -0.05479635298252106,
            -0.004825957119464874
        ],
        [
            0.10234493017196655,
            -0.06434779614210129,
            -0.0087282108142972
        ],
        [
            0.10614024102687836,
            -0.06300340592861176,
            -0.009664583019912243
        ],
        [
            0.08259234577417374,
            -0.07310492545366287,
            -0.002148485742509365
        ],
        [
            0.08025451749563217,
            -0.07931766659021378,
            -0.004059896804392338
        ],
        [
            0.08411048352718353,
            -0.076909139752388,
            -0.00627127755433321
        ],
        [
            0.08717773109674454,
            -0.0706060379743576,
            -0.004066983237862587
        ],
        [
            0.12864309549331665,
            -0.020037442445755005,
            -0.019287630915641785
        ],
        [
            0.13463875651359558,
            -0.022909749299287796,
            -0.00958152674138546
        ],
        [
            0.07514551281929016,
            -0.11329679936170578,
            0.0018779896199703217
        ],
        [
            0.07259435206651688,
            -0.10978274047374725,
            0.0006651245057582855
        ],
        [
            0.10227701812982559,
            -0.0441833920776844,
            -0.00067925825715065
        ],
        [
            0.06229521334171295,
            -0.042884692549705505,
            -0.01308654434978962
        ],
        [
            0.10370194911956787,
            -0.03409603610634804,
            0.004489820450544357
        ],
        [
            0.11430489271879196,
            -0.0626191571354866,
            -0.032351937144994736
        ],
        [
            0.11969201266765594,
            -0.06511513888835907,
            -0.02594716288149357
        ],
        [
            0.11937215179204941,
            -0.06951576471328735,
            -0.024454914033412933
        ],
        [
            0.11631815880537033,
            -0.0703941360116005,
            -0.02960166335105896
        ],
        [
            0.0869826078414917,
            -0.0991622656583786,
            -0.008053066208958626
        ],
        [
            0.08521001785993576,
            -0.09975601732730865,
            -0.002480164635926485
        ],
        [
            0.08682019263505936,
            -0.10325371474027634,
            -0.0017881616950035095
        ],
        [
            0.08863486349582672,
            -0.1035282164812088,
            -0.0073461635038256645
        ],
        [
            0.07154270261526108,
            -0.08136332035064697,
            0.0015972703695297241
        ],
        [
            0.06531614810228348,
            -0.08107220381498337,
            0.0024179229512810707
        ],
        [
            0.0679001659154892,
            -0.08664842694997787,
            0.0015607485547661781
        ],
        [
            0.07351917773485184,
            -0.08525537699460983,
            -0.00010601850226521492
        ],
        [
            0.06056665629148483,
            -0.08263476192951202,
            -0.0014914243947714567
        ],
        [
            0.06283953785896301,
            -0.08869851380586624,
            -0.0017206408083438873
        ],
        [
            0.08509811758995056,
            -0.10057275742292404,
            -0.014053433202207088
        ],
        [
            0.07928120344877243,
            -0.10373275727033615,
            -0.017576884478330612
        ],
        [
            0.07477717846632004,
            -0.08910731226205826,
            -0.020005084574222565
        ],
        [
            0.08092118799686432,
            -0.088603176176548,
            -0.014714589342474937
        ],
        [
            0.09914252161979675,
            -0.01372884213924408,
            -0.02336653135716915
        ],
        [
            0.11006215959787369,
            -0.011265270411968231,
            -0.023092424497008324
        ],
        [
            0.11202051490545273,
            -0.02600228786468506,
            -0.02679731696844101
        ],
        [
            0.11424406617879868,
            -0.040411077439785004,
            -0.03178177401423454
        ],
        [
            0.11545680463314056,
            -0.05424311012029648,
            -0.035057976841926575
        ],
        [
            0.1036323830485344,
            -0.056925587356090546,
            -0.03736012056469917
        ],
        [
            0.11962955445051193,
            -0.02299290895462036,
            -0.025477584451436996
        ],
        [
            0.07843807339668274,
            -0.08218969404697418,
            -0.016867559403181076
        ],
        [
            0.07164455205202103,
            -0.07962137460708618,
            -0.02159123308956623
        ],
        [
            0.0763130635023117,
            -0.07931169122457504,
            -0.022235766053199768
        ],
        [
            0.11114946752786636,
            -0.03336692973971367,
            0.004440421238541603
        ],
        [
            0.06941128522157669,
            -0.10590112209320068,
            -0.0011507137678563595
        ],
        [
            0.06898823380470276,
            0.011665739119052887,
            -0.002739567309617996
        ],
        [
            0.07893943786621094,
            0.013320408761501312,
            -0.011983819305896759
        ],
        [
            0.07719779759645462,
            0.004743695259094238,
            -0.012099454179406166
        ],
        [
            0.06640267372131348,
            0.002616606652736664,
            -0.0006441008299589157
        ],
        [
            0.07983098179101944,
            -0.10133174806833267,
            0.0016634538769721985
        ],
        [
            0.07391884177923203,
            -0.10343877971172333,
            0.00249266903847456
        ],
        [
            0.11808156967163086,
            -0.06567735970020294,
            -0.013870148919522762
        ],
        [
            0.11658838391304016,
            -0.07086406648159027,
            -0.0155177628621459
        ],
        [
            0.11954160779714584,
            -0.07056475430727005,
            -0.017971346154808998
        ],
        [
            0.1228482574224472,
            -0.06701276451349258,
            -0.015327244065701962
        ],
        [
            0.11543852090835571,
            -0.008920498192310333,
            -0.021715641021728516
        ],
        [
            0.13645170629024506,
            -0.05389575660228729,
            -0.025428904220461845
        ],
        [
            0.1276574432849884,
            -0.05478862673044205,
            -0.03331785649061203
        ],
        [
            0.10792520642280579,
            0.0014022961258888245,
            -0.019986100494861603
        ],
        [
            0.09831328690052032,
            -0.0004143714904785156,
            -0.02082984521985054
        ],
        [
            0.09829217195510864,
            0.0092434361577034,
            -0.019214197993278503
        ],
        [
            0.0928116887807846,
            -0.06702876836061478,
            -0.03355630487203598
        ],
        [
            0.09141206741333008,
            -0.017737753689289093,
            -0.0231656301766634
        ],
        [
            0.09131088107824326,
            -0.0034679919481277466,
            -0.019945964217185974
        ],
        [
            0.09095506370067596,
            0.007936574518680573,
            -0.017975565046072006
        ],
        [
            0.0912122055888176,
            0.016284547746181488,
            -0.01735473982989788
        ],
        [
            0.0992596223950386,
            0.016832344233989716,
            -0.018639735877513885
        ],
        [
            0.07407921552658081,
            -0.10617710649967194,
            -0.01574655808508396
        ],
        [
            0.08187983930110931,
            -0.10900767147541046,
            -0.015792718157172203
        ],
        [
            0.10025035589933395,
            0.025830700993537903,
            -0.019614193588495255
        ],
        [
            0.09126674383878708,
            0.024715431034564972,
            -0.017473245039582253
        ],
        [
            0.0829007625579834,
            -0.006443046033382416,
            -0.01761154644191265
        ],
        [
            0.0730293020606041,
            -0.00985342264175415,
            -0.01272880844771862
        ],
        [
            0.08341047912836075,
            -0.020181186497211456,
            -0.020577188581228256
        ],
        [
            0.07357096672058105,
            -0.02471044287085533,
            -0.016562582924962044
        ],
        [
            0.08180615305900574,
            -0.06601455062627792,
            -0.03569494187831879
        ],
        [
            0.09329564869403839,
            -0.12245742231607437,
            -0.008392482064664364
        ],
        [
            0.08904364705085754,
            -0.11260757595300674,
            -0.012317297980189323
        ],
        [
            0.09071996808052063,
            -0.10943332314491272,
            -0.007704693824052811
        ],
        [
            0.0955134928226471,
            -0.11944206058979034,
            -0.00629589706659317
        ],
        [
            0.08704597502946854,
            -0.1055278480052948,
            -0.012654092162847519
        ],
        [
            0.08407598733901978,
            -0.11487936973571777,
            -0.013982947915792465
        ],
        [
            0.06258541345596313,
            -0.028149154037237167,
            -0.0070055751129984856
        ],
        [
            0.08211670815944672,
            -0.08260492980480194,
            -0.008769519627094269
        ],
        [
            0.06152554973959923,
            -0.013170726597309113,
            0.0018504634499549866
        ],
        [
            0.052664536982774734,
            -0.0370124913752079,
            0.0019130436703562737
        ],
        [
            0.05272195488214493,
            -0.02772611379623413,
            0.01092558167874813
        ],
        [
            0.060295864939689636,
            0.0002156570553779602,
            0.012779204174876213
        ],
        [
            0.054448068141937256,
            -0.015108853578567505,
            0.020153941586613655
        ],
        [
            0.06549149006605148,
            0.017958655953407288,
            0.007609340362250805
        ],
        [
            0.06371784210205078,
