{
    "pred_cam": [
        7.527055740356445,
        0.10071106255054474,
        0.06010418385267258
    ],
    "pred_mano_params": {
        "global_orient": [
            [
                [
                    0.12325973808765411,
                    -0.4508834183216095,
                    -0.8840312361717224
                ],
                [
                    0.9216619729995728,
                    0.38225993514060974,
                    -0.06645793467760086
                ],
                [
                    0.3678945302963257,
                    -0.8065862655639648,
                    0.46267935633659363
                ]
            ]
        ],
        "hand_pose": [
            [
                [
                    0.7988784909248352,
                    -0.5069634318351746,
                    -0.32369932532310486
                ],
                [
                    0.5226178169250488,
                    0.8514466285705566,
                    -0.04369526728987694
                ],
                [
                    0.2977645993232727,
                    -0.13426384329795837,
                    0.9451505541801453
                ]
            ],
            [
                [
                    0.8373714685440063,
                    -0.5372968912124634,
                    0.10060335695743561
                ],
                [
                    0.5404401421546936,
                    0.7861143350601196,
                    -0.29991427063941956
                ],
                [
                    0.08205725997686386,
                    0.3055097758769989,
                    0.9486465454101562
                ]
            ],
            [
                [
                    0.7777126431465149,
                    -0.6156924366950989,
                    0.12683013081550598
                ],
                [
                    0.5990558862686157,
                    0.7870415449142456,
                    0.14730077981948853
                ],
                [
                    -0.19051256775856018,
                    -0.03857932984828949,
                    0.9809263348579407
                ]
            ],
            [
                [
                    0.5418940782546997,
                    -0.7743690609931946,
                    -0.3266546428203583
                ],
                [
                    0.8286986351013184,
                    0.557068943977356,
                    0.05415492504835129
                ],
                [
                    0.14003324508666992,
                    -0.3000445067882538,
                    0.9435909390449524
                ]
            ],
            [
                [
                    0.7400684356689453,
                    -0.6475929021835327,
                    -0.18144488334655762
                ],
                [
                    0.6706409454345703,
                    0.6904061436653137,
                    0.27125662565231323
                ],
                [
                    -0.05039318650960922,
                    -0.32243281602859497,
                    0.9452501535415649
                ]
            ],
            [
                [
                    0.8333026170730591,
                    -0.545839786529541,
                    0.08755327761173248
                ],
                [
                    0.5459981560707092,
                    0.8374351859092712,
                    0.0242560226470232
                ],
                [
                    -0.08656009286642075,
                    0.027591321617364883,
                    0.9958644509315491
                ]
            ],
            [
                [
                    0.33851462602615356,
                    -0.9325858950614929,
                    0.12526540458202362
                ],
                [
                    0.5950618386268616,
                    0.31529492139816284,
                    0.7392499446868896
                ],
                [
                    -0.7289096117019653,
                    -0.17570628225803375,
                    0.6616782546043396
                ]
            ],
            [
                [
                    0.7417211532592773,
                    -0.659858226776123,
                    -0.12015344947576523
                ],
                [
                    0.5736628174781799,
                    0.5313200354576111,
                    0.6233859658241272
                ],
                [
                    -0.34750643372535706,
                    -0.5313061475753784,
                    0.7726274728775024
                ]
            ],
            [
                [
                    0.9426965713500977,
                    -0.3166927099227905,
                    0.10501838475465775
                ],
                [
                    0.30160263180732727,
                    0.9434385895729065,
                    0.13769356906414032
                ],
                [
                    -0.1426849365234375,
                    -0.09812945127487183,
                    0.9848916530609131
                ]
            ],
            [
                [
                    0.3772326111793518,
                    -0.9207221269607544,
                    -0.09983173757791519
                ],
                [
                    0.9259796142578125,
                    0.37311068177223206,
                    0.057881150394678116
                ],
                [
                    -0.016044165939092636,
                    -0.11427679657936096,
                    0.9933194518089294
                ]
            ],
            [
                [
                    0.5793269276618958,
                    -0.8096083998680115,
                    -0.09441613405942917
                ],
                [
                    0.6714276671409607,
                    0.408329039812088,
                    0.6184272170066833
                ],
                [
                    -0.4621310830116272,
                    -0.4216651916503906,
                    0.7801494598388672
                ]
            ],
            [
                [
                    0.9020378589630127,
                    -0.41151192784309387,
                    0.13032877445220947
                ],
                [
                    0.40180453658103943,
                    0.9107996225357056,
                    0.0948530063033104
                ],
                [
                    -0.15773655474185944,
                    -0.033194322139024734,
                    0.986923098564148
                ]
            ],
            [
                [
                    0.8589270114898682,
                    0.14975793659687042,
                    -0.4897109866142273
                ],
                [
                    -0.485398530960083,
                    0.5428361892700195,
                    -0.6853590607643127
                ],
                [
                    0.16319489479064941,
                    0.8263784646987915,
                    0.5389489531517029
                ]
            ],
            [
                [
                    0.8090740442276001,
                    -0.42185577750205994,
                    -0.40919047594070435
                ],
                [
                    0.557533323764801,
                    0.7711606621742249,
                    0.30735617876052856
                ],
                [
                    0.18589162826538086,
                    -0.4768112599849701,
                    0.8591247200965881
                ]
            ],
            [
                [
                    0.5290209054946899,
                    -0.8061081767082214,
                    -0.2651914954185486
                ],
                [
                    0.7500499486923218,
                    0.5903358459472656,
                    -0.2982090711593628
                ],
                [
                    0.39694082736968994,
                    -0.041148051619529724,
                    0.9169214367866516
                ]
            ]
        ],
        "betas": [
            -0.020549088716506958,
            -0.06229966878890991,
            0.016755223274230957,
            0.060236841440200806,
            0.05783885717391968,
            -0.02938004955649376,
            0.08813810348510742,
            -0.09372827410697937,
            0.0022669583559036255,
            -0.03568735718727112
        ]
    },
    "pred_cam_t": [
        -0.10071106255054474,
        0.06010418385267258,
        5.18961238861084
    ],
    "focal_length": [
        5000.0,
        5000.0
    ],
    "pred_keypoints_3d": [
        [
            0.09582677483558655,
            0.006394076161086559,
            0.006194448564201593
        ],
        [
            0.07699531316757202,
            -0.023463573306798935,
            0.021860620006918907
        ],
        [
            0.0671987310051918,
            -0.05267176404595375,
            0.021220240741968155
        ],
        [
            0.07238440215587616,
            -0.07726918160915375,
            0.0110450629144907
        ],
        [
            0.09285897016525269,
            -0.1023317351937294,
            0.017271041870117188
        ],
        [
            0.06906309723854065,
            -0.07833291590213776,
            -0.012502219527959824
        ],
        [
            0.07895398139953613,
            -0.10968621075153351,
            -0.015790555626153946
        ],
        [
            0.09235233813524246,
            -0.12345059961080551,
            -0.004631916061043739
        ],
        [
            0.10487471520900726,
            -0.12719909846782684,
            0.016277268528938293
        ],
        [
            0.08783720433712006,
            -0.08135353028774261,
            -0.029073597863316536
        ],
        [
            0.10609465092420578,
            -0.10547973960638046,
            -0.019606973975896835
        ],
        [
            0.11607888340950012,
            -0.10884668678045273,
            0.0011551901698112488
        ],
        [
            0.11922762542963028,
            -0.10641981661319733,
            0.026332445442676544
        ],
        [
            0.1111568734049797,
            -0.06883730739355087,
            -0.03313669189810753
        ],
        [
            0.12549424171447754,
            -0.0895509198307991,
            -0.01907866820693016
        ],
        [
            0.12826137244701385,
            -0.08365236967802048,
            0.0048384107649326324
        ],
        [
            0.12463264912366867,
            -0.07608312368392944,
            0.02862934023141861
        ],
        [
            0.13008365035057068,
            -0.05810267850756645,
            -0.031168388202786446
        ],
        [
            0.1341933310031891,
            -0.07260973006486893,
            -0.01635575480759144
        ],
        [
            0.1334482729434967,
            -0.0677110031247139,
            0.001954510807991028
        ],
        [
            0.12937752902507782,
            -0.05957780033349991,
            0.018174342811107635
        ]
    ],
    "pred_vertices": [
        [
            0.08292194455862045,
            -0.04574679955840111,
            0.00808417983353138
        ],
        [
            0.08570513129234314,
            -0.03581764176487923,
            0.012252315878868103
        ],
        [
            0.08135318756103516,
            -0.044394299387931824,
            0.012702146545052528
        ],
        [
            0.07755143940448761,
            -0.05225671827793121,
            0.010148907080292702
        ],
        [
            0.08830845355987549,
            -0.036855679005384445,
            0.029051760211586952
        ],
        [
            0.08111440390348434,
            -0.03304595500230789,
            0.03863731026649475
        ],
        [
            0.0762791857123375,
            -0.05005471408367157,
            0.0344371572136879
        ],
        [
            0.08417059481143951,
            -0.0501096211373806,
            0.027247782796621323
        ],
        [
            0.07230015844106674,
            -0.056903623044490814,
            0.009445464238524437
        ],
        [
            0.07808662950992584,
            -0.05151226744055748,
            0.013119151815772057
        ],
        [
            0.06848987191915512,
            -0.05539688095450401,
            0.006606675684452057
        ],
        [
            0.060025036334991455,
            -0.06041833758354187,
            0.00015492364764213562
        ],
        [
            0.06644730269908905,
            -0.062398895621299744,
            0.004433516412973404
        ],
        [
            0.05772380530834198,
            -0.06635928899049759,
            -0.005165905226022005
        ],
        [
            0.05537911504507065,
            -0.05129031836986542,
            -0.003350351005792618
        ],
        [
            0.0564429834485054,
            -0.06262868642807007,
            -0.013632365502417088
        ],
        [
            0.07116688787937164,
            -0.03901735320687294,
            -0.021374333649873734
        ],
        [
            0.08292566239833832,
            -0.034918125718832016,
            -0.026774175465106964
        ],
        [
            0.08284410089254379,
            -0.051228057593107224,
            -0.03432096540927887
        ],
        [
            0.07135846465826035,
            -0.054109469056129456,
            -0.027119513601064682
        ],
        [
            0.10159198939800262,
            -0.0417313389480114,
            -0.03590349480509758
        ],
        [
            0.091278076171875,
            -0.04777831584215164,
            -0.03538523241877556
        ],
        [
            0.09082041680812836,
            -0.030981827527284622,
            -0.028937088325619698
        ],
        [
            0.10007581114768982,
            -0.026460248976945877,
            -0.029358448460698128
        ],
        [
            0.09484075754880905,
            -0.03706584870815277,
            0.0038442593067884445
        ],
        [
            0.09715770184993744,
            -0.027018897235393524,
            0.008650846779346466
        ],
        [
            0.09208254516124725,
            -0.028974231332540512,
            0.009785158559679985
        ],
        [
            0.09009711444377899,
            -0.03907676786184311,
            0.005543245002627373
        ],
        [
            0.06409551948308945,
            -0.05578490346670151,
            0.00863577425479889
        ],
        [
            0.056686799973249435,
            -0.04734140634536743,
            0.009949322789907455
        ],
        [
            0.06119919568300247,
            -0.05155440792441368,
            0.0059514883905649185
        ],
        [
            0.0692385733127594,
            -0.05697612091898918,
            0.008355459198355675
        ],
        [
            0.11179988831281662,
            -0.005449369549751282,
            0.020383302122354507
        ],
        [
            0.10839825123548508,
            0.007667325437068939,
            0.02097168192267418
        ],
        [
            0.10292275995016098,
            0.006801791489124298,
            0.02305326610803604
        ],
        [
            0.10703608393669128,
            -0.004857510328292847,
            0.021782347932457924
        ],
        [
            0.08729574084281921,
            -0.00693705677986145,
            0.03563207760453224
        ],
        [
            0.0865316241979599,
            0.004438541829586029,
            0.03097151219844818
        ],
        [
            0.07456662505865097,
            0.011310949921607971,
            0.029572218656539917
        ],
        [
            0.07233908772468567,
            0.0002804100513458252,
            0.03208677098155022
        ],
        [
            0.08501257747411728,
            -0.02060801163315773,
            0.03852057829499245
        ],
        [
            0.07222434133291245,
            -0.013984479010105133,
            0.038563117384910583
        ],
        [
            0.06995004415512085,
            -0.029700353741645813,
            0.04005398228764534
        ],
        [
            0.06684919446706772,
            -0.049053698778152466,
            0.03562181070446968
        ],
        [
            0.11885111778974533,
            0.010624699294567108,
            0.014091946184635162
        ],
        [
            0.12316788733005524,
            0.0013527870178222656,
            0.013146981596946716
        ],
        [
            0.07967044413089752,
            -0.1096285805106163,
            -0.0027153361588716507
        ],
        [
            0.08527602255344391,
            -0.10784198343753815,
            -0.004185374826192856
        ],
        [
            0.0829046368598938,
            -0.10410840064287186,
            -0.003881341777741909
        ],
        [
            0.07776421308517456,
            -0.10660091787576675,
            -0.0028240876272320747
        ],
        [
            0.12280398607254028,
            0.010718539357185364,
            -0.005890160799026489
        ],
        [
            0.11723613739013672,
            0.013066485524177551,
            -0.013975121080875397
        ],
        [
            0.11872409284114838,
            0.01934279501438141,
            -0.010532025247812271
        ],
        [
            0.12221020460128784,
            0.01724250614643097,
            -0.0020299032330513
        ],
        [
            0.12356537580490112,
            0.0021177902817726135,
            -0.010991889983415604
        ],
        [
            0.11502517759799957,
            0.004069462418556213,
            -0.01812945492565632
        ],
        [
            0.07486966252326965,
            -0.11660683155059814,
            -0.012316429987549782
        ],
        [
            0.0743846446275711,
            -0.11524691432714462,
            -0.0072919754311442375
        ],
        [
            0.07161334902048111,
            -0.11150393635034561,
            -0.009489774703979492
        ],
        [
            0.07235059142112732,
            -0.11155875772237778,
            -0.014906124211847782
        ],
        [
            0.07364053279161453,
            -0.060546644032001495,
            0.006620669737458229
        ],
        [
            0.08132478594779968,
            -0.05560631304979324,
            0.005275925621390343
        ],
        [
            0.07268346846103668,
            -0.07619786262512207,
            -0.0007879035547375679
        ],
        [
            0.076725535094738,
            -0.06795518845319748,
            0.00022497959434986115
        ],
        [
            0.06983018666505814,
            -0.0679231509566307,
            0.0024321656674146652
        ],
        [
            0.06671206653118134,
            -0.07468277215957642,
            0.00013964995741844177
        ],
        [
            0.09635011851787567,
            -0.056913189589977264,
            -0.0075824074447155
        ],
        [
            0.09667546302080154,
            -0.046319033950567245,
            -0.002747040241956711
        ],
        [
            0.0911235362291336,
            -0.04948847368359566,
            -0.0010856632143259048
        ],
        [
            0.089683897793293,
            -0.06182749569416046,
            -0.004977216944098473
        ],
        [
            0.11007650196552277,
            -0.04223472625017166,
            -0.005110869184136391
        ],
        [
            0.10840730369091034,
            -0.05269718915224075,
            -0.010132765397429466
        ],
        [
            0.11612533032894135,
            -0.04892165958881378,
            -0.010887691751122475
        ],
        [
            0.1164427325129509,
            -0.042651671916246414,
            -0.006334502249956131
        ],
        [
            0.10190822929143906,
            -0.07060796022415161,
            -0.01740115135908127
        ],
        [
            0.10031726956367493,
            -0.07535523921251297,
            -0.01935737580060959
        ],
        [
            0.10457569360733032,
            -0.07546045631170273,
            -0.01946462318301201
        ],
        [
            0.10518234223127365,
            -0.0690675899386406,
            -0.018002575263381004
        ],
        [
            0.11931067705154419,
            0.02591218799352646,
            -0.007826950401067734
        ],
        [
            0.12069529294967651,
            0.023438401520252228,
            0.0016010850667953491
        ],
        [
            0.12234374135732651,
            -0.03380655124783516,
            -0.03482275828719139
        ],
        [
            0.13031457364559174,
            -0.0296773724257946,
            -0.02788861282169819
        ],
        [
            0.13335278630256653,
            -0.042130570858716965,
            -0.03277101367712021
        ],
        [
            0.12369178980588913,
            -0.04347405955195427,
            -0.0403321236371994
        ],
        [
            0.10781283676624298,
            0.012556120753288269,
            -0.018330654129385948
        ],
        [
            0.11067884415388107,
            0.019660823047161102,
            -0.01659182645380497
        ],
        [
            0.0787120833992958,
            -0.11618296056985855,
            -0.01733139157295227
        ],
        [
            0.07650736719369888,
            -0.1106748953461647,
            -0.019354669377207756
        ],
        [
            0.060459695756435394,
            -0.02243015170097351,
            0.0330924428999424
        ],
        [
            0.058753594756126404,
            -0.04555488005280495,
            0.031818486750125885
        ],
        [
            0.06345096975564957,
            -0.0055348798632621765,
            0.02850310131907463
        ],
        [
            0.06570109724998474,
            0.005576610565185547,
            0.02301480621099472
        ],
        [
            0.06659907847642899,
            0.015009209513664246,
            0.020866887643933296
        ],
        [
            0.08175099641084671,
            -0.07032112032175064,
            -0.0033000651746988297
        ],
        [
            0.08709201216697693,
            -0.04866962507367134,
            0.0032447725534439087
        ],
        [
            0.09948652237653732,
            -0.03543353080749512,
            0.002588462084531784
        ],
        [
            0.1296381801366806,
            -0.031408216804265976,
            -0.0033283084630966187
        ],
        [
            0.12973609566688538,
            -0.022313211113214493,
            0.0017089731991291046
        ],
        [
            0.1210474744439125,
            -0.028276164084672928,
            0.00419539213180542
        ],
        [
            0.12251203507184982,
            -0.03481016680598259,
            -0.0012696273624897003
        ],
        [
            0.13556525111198425,
            -0.0321408286690712,
            -0.019582297652959824
        ],
        [
            0.13394016027450562,
            -0.036699943244457245,
            -0.013007435947656631
        ],
        [
            0.1340453326702118,
            -0.04361791908740997,
            -0.017069673165678978
        ],
        [
            0.13649487495422363,
            -0.04146520048379898,
            -0.024231212213635445
        ],
        [
            0.058196406811475754,
            -0.056989021599292755,
            0.012436255812644958
        ],
        [
            0.05313481017947197,
            -0.04433337599039078,
            0.015077676624059677
        ],
        [
            0.12503677606582642,
            0.0073430463671684265,
            0.003950826823711395
        ],
        [
            0.12196211516857147,
            0.013637527823448181,
            0.007505554705858231
        ],
        [
            0.1195766031742096,
            0.021709129214286804,
            0.00910874828696251
        ],
        [
            0.10371983051300049,
            -0.016521453857421875,
            0.016004441305994987
        ],
        [
            0.10381563007831573,
            -0.004525609314441681,
            0.023054659366607666
        ],
        [
            0.10027467459440231,
            -0.006356909871101379,
            0.025383692234754562
        ],
        [
            0.1004505604505539,
            -0.016846943646669388,
            0.016306040808558464
        ],
        [
            0.09105813503265381,
            -0.029164716601371765,
            0.018865324556827545
        ],
        [
            0.09313368797302246,
            -0.022130727767944336,
            0.029777713119983673
        ],
        [
            0.08783633261919022,
            -0.04065757989883423,
            0.017634771764278412
        ],
        [
            0.0955939069390297,
            0.007098563015460968,
            0.026709847152233124
        ],
        [
            0.10128100216388702,
            0.0166514590382576,
            0.02568811923265457
        ],
        [
            0.09278424084186554,
            0.01611246168613434,
            0.028309255838394165
        ],
        [
            0.10966675728559494,
            0.01848197728395462,
            0.020902063697576523
        ],
        [
            0.11637802422046661,
            0.02018679678440094,
            0.01525532640516758
        ],
        [
            0.11171833425760269,
            0.028133347630500793,
            -0.01681900955736637
        ],
        [
            0.08451863378286362,
            0.015164695680141449,
            0.029114682227373123
        ],
        [
            0.08023606985807419,
            -0.0578811876475811,
            0.02570350095629692
        ],
        [
            0.07814402133226395,
            -0.0637977197766304,
            0.023531779646873474
        ],
        [
            0.08023703843355179,
            -0.06061786785721779,
            0.016914743930101395
        ],
        [
            0.08123688399791718,
            -0.05557474121451378,
            0.01790633052587509
        ],
        [
            0.05759000778198242,
            -0.07474978268146515,
            -0.010316272266209126
        ],
        [
            0.06132283806800842,
            -0.07556602358818054,
            -0.0031152330338954926
        ],
        [
            0.06236477941274643,
            -0.06705503165721893,
            0.0010258927941322327
        ],
        [
            0.1167936623096466,
            -0.014343857765197754,
            0.01465512439608574
        ],
        [
            0.12637142837047577,
            -0.008173510432243347,
            0.008943259716033936
        ],
        [
            0.07765807956457138,
            -0.07827446609735489,
            -0.004390273243188858
        ],
        [
            0.0701090469956398,
            -0.10738241672515869,
            -0.017252853140234947
        ],
        [
            0.06878703087568283,
            -0.10721153020858765,
            -0.011270713992416859
        ],
        [
            0.061930254101753235,
            -0.09059999883174896,
            -0.011696802452206612
        ],
        [
            0.06332211196422577,
            -0.09118383377790451,
            -0.01851380243897438
        ],
        [
            0.08049754798412323,
            -0.08377592265605927,
            -0.012754692696034908
        ],
        [
            0.07816501706838608,
            -0.08198244124650955,
            -0.006180150900036097
        ],
        [
            0.07904712855815887,
            -0.08372880518436432,
            -0.007731819059699774
        ],
        [
            0.08311117440462112,
            -0.08551331609487534,
            -0.012695507146418095
        ],
        [
            0.11178533732891083,
            -0.06959658861160278,
            -0.01971605233848095
        ],
        [
            0.11219687759876251,
            -0.06426960974931717,
            -0.018088825047016144
        ],
        [
            0.0741669163107872,
            -0.0699973851442337,
            -0.029698051512241364
        ],
        [
            0.061209917068481445,
            -0.06891482323408127,
            -0.0260755755007267
        ],
        [
            0.061010606586933136,
            -0.05663666874170303,
            -0.02123848907649517
        ],
        [
            0.10298896580934525,
            -0.05371594801545143,
            -0.009006166830658913
        ],
        [
            0.10331433266401291,
            -0.06294850260019302,
            -0.013494739308953285
        ],
        [
            0.10697664320468903,
            -0.061364445835351944,
            -0.014490071684122086
        ],
        [
            0.08421719074249268,
            -0.07280632108449936,
            -0.006557046435773373
        ],
        [
            0.08198212087154388,
            -0.0790763720870018,
            -0.008737475611269474
        ],
        [
            0.08563961833715439,
            -0.07622285932302475,
            -0.010984714142978191
        ],
        [
            0.08859872817993164,
            -0.07001014798879623,
            -0.008520546369254589
        ],
        [
            0.12810610234737396,
            -0.017446860671043396,
            -0.02274073101580143
        ],
        [
            0.13461054861545563,
            -0.020703747868537903,
            -0.013435864821076393
        ],
        [
            0.07596622407436371,
            -0.1125040277838707,
            -0.003826051950454712
        ],
        [
            0.07355108112096786,
            -0.10931791365146637,
            -0.004940655082464218
        ],
        [
            0.10317583382129669,
            -0.043428193777799606,
            -0.004184376448392868
        ],
        [
            0.06266886740922928,
            -0.04292507842183113,
            -0.014670007862150669
        ],
        [
            0.10462882369756699,
            -0.033711742609739304,
            0.0015788301825523376
        ],
        [
            0.11430387198925018,
            -0.05997996777296066,
            -0.037346187978982925
        ],
        [
            0.11993010342121124,
            -0.06224353611469269,
            -0.030830541625618935
        ],
        [
            0.12000181525945663,
            -0.06605850160121918,
            -0.029317324981093407
        ],
        [
            0.11690014600753784,
            -0.06715044379234314,
            -0.0342835932970047
        ],
        [
            0.08800259977579117,
            -0.09890802204608917,
            -0.013763056136667728
        ],
        [
            0.08638656139373779,
            -0.0996365025639534,
            -0.008143777959048748
        ],
        [
            0.08773118257522583,
            -0.10270823538303375,
            -0.007669312879443169
        ],
        [
            0.08952262252569199,
            -0.10303348302841187,
            -0.013307036831974983
        ],
        [
            0.0733521357178688,
            -0.08167825639247894,
            -0.00280043575912714
        ],
        [
            0.06715324521064758,
            -0.08143310993909836,
            -0.0016971752047538757
        ],
        [
            0.06952958554029465,
            -0.0868828222155571,
            -0.0029244855977594852
        ],
        [
            0.07511281967163086,
            -0.08546782284975052,
            -0.00474855350330472
        ],
        [
            0.06215749308466911,
            -0.08279459178447723,
            -0.005471197888255119
        ],
        [
            0.06425971537828445,
            -0.08869963884353638,
            -0.006098754703998566
        ],
        [
            0.08602985739707947,
            -0.10021978616714478,
            -0.019765086472034454
        ],
        [
            0.0801238939166069,
            -0.10341215878725052,
            -0.02316066436469555
        ],
        [
            0.07561249285936356,
            -0.08841589838266373,
            -0.024841587990522385
        ],
        [
            0.08194942027330399,
            -0.08817659318447113,
            -0.01984584890305996
        ],
        [
            0.09820877760648727,
            -0.011791519820690155,
            -0.02480228990316391
        ],
        [
            0.10907448083162308,
            -0.009042724967002869,
            -0.024906450882554054
        ],
        [
            0.11123071610927582,
            -0.023540273308753967,
            -0.02980080060660839
        ],
        [
            0.11362699419260025,
            -0.03779275342822075,
            -0.03605096414685249
        ],
        [
            0.11501074582338333,
            -0.051567599177360535,
            -0.04041413962841034
        ],
        [
            0.10319551825523376,
            -0.054405663162469864,
            -0.042106993496418
        ],
        [
            0.11886470019817352,
            -0.02036947011947632,
            -0.028648391366004944
        ],
        [
            0.0795769989490509,
            -0.08083178848028183,
            -0.02150285616517067
        ],
        [
            0.07246516644954681,
            -0.07854343950748444,
            -0.025802146643400192
        ],
        [
            0.0771586075425148,
            -0.07776667177677155,
            -0.0265951044857502
        ],
        [
            0.11205761134624481,
            -0.03274892270565033,
            0.0012390464544296265
        ],
        [
            0.07045882195234299,
            -0.10568133741617203,
            -0.006446933373808861
        ],
        [
            0.0683545470237732,
            0.011426910758018494,
            -0.001245683990418911
        ],
        [
            0.07786207646131516,
            0.01395406574010849,
            -0.010757052339613438
        ],
        [
            0.07631774246692657,
            0.005342006683349609,
            -0.011345965787768364
        ],
        [
            0.06603766977787018,
            0.002161778509616852,
            0.0003125453367829323
        ],
        [
            0.08110439777374268,
            -0.10135061293840408,
            -0.003847874701023102
        ],
        [
            0.07512573897838593,
            -0.10333826392889023,
            -0.0028920709155499935
        ],
        [
            0.11856386810541153,
            -0.06308359652757645,
            -0.018765565007925034
        ],
        [
            0.11722021549940109,
            -0.06778401881456375,
            -0.020643843337893486
        ],
        [
            0.12018578499555588,
            -0.06683284044265747,
            -0.022959962487220764
        ],
        [
            0.12317300587892532,
            -0.06376931816339493,
            -0.02022683620452881
        ],
        [
            0.11448071151971817,
            -0.0066301897168159485,
            -0.02363569661974907
        ],
        [
            0.13666588068008423,
            -0.051232725381851196,
            -0.029978513717651367
        ],
        [
            0.1273145228624344,
            -0.052370525896549225,
            -0.038211043924093246
        ],
        [
            0.1067642867565155,
            0.0033571571111679077,
            -0.020819399505853653
        ],
        [
            0.09716826677322388,
            0.0013294443488121033,
            -0.021319987252354622
        ],
        [
            0.09697605669498444,
            0.010875917971134186,
            -0.01909196749329567
        ],
        [
            0.09289514273405075,
            -0.06480562686920166,
            -0.03793364763259888
        ],
        [
            0.09058744460344315,
            -0.016011789441108704,
            -0.024472003802657127
        ],
        [
            0.09028244763612747,
            -0.001963406801223755,
            -0.02031315676867962
        ],
        [
            0.0897337943315506,
            0.00929269939661026,
            -0.01760142669081688
        ],
        [
            0.08980677276849747,
            0.017595253884792328,
            -0.016475588083267212
        ],
        [
            0.0977739617228508,
            0.018443413078784943,
            -0.018086396157741547
        ],
        [
            0.07481467723846436,
            -0.1058524027466774,
            -0.021271979436278343
        ],
        [
            0.08276718109846115,
            -0.1087360829114914,
            -0.021711762994527817
        ],
        [
            0.09848886728286743,
            0.02750479429960251,
            -0.018548518419265747
        ],
        [
            0.0896439403295517,
            0.026007995009422302,
            -0.016073651611804962
        ],
        [
            0.08205439895391464,
            -0.005311757326126099,
            -0.01778593473136425
        ],
        [
            0.07247073203325272,
            -0.009364418685436249,
            -0.012759389355778694
        ],
        [
            0.08275990188121796,
            -0.01883387565612793,
            -0.021657820791006088
        ],
        [
            0.07322277128696442,
            -0.023928463459014893,
            -0.0175130907446146
        ],
        [
            0.0816744714975357,
            -0.06387273967266083,
            -0.039609670639038086
        ],
        [
            0.09447754919528961,
            -0.12141687422990799,
            -0.013663345947861671
        ],
        [
            0.08998452126979828,
            -0.11199578642845154,
            -0.018151314929127693
        ],
        [
            0.09151701629161835,
            -0.10858380049467087,
            -0.013633846305310726
        ],
        [
            0.09653918445110321,
            -0.11815962195396423,
            -0.011739639565348625
        ],
        [
            0.0879625529050827,
            -0.10510900616645813,
            -0.01858479157090187
        ],
        [
            0.08505675196647644,
            -0.11440755426883698,
            -0.019728943705558777
        ],
        [
            0.06281335651874542,
            -0.028550632297992706,
            -0.007756165228784084
        ],
        [
            0.08369304239749908,
            -0.0816492885351181,
            -0.013699473813176155
        ],
        [
            0.06168147176504135,
            -0.01410837471485138,
            0.0019255783408880234
        ],
        [
            0.05385377258062363,
            -0.038658708333969116,
            0.001290758140385151
        ],
        [
            0.05410003662109375,
            -0.02969422936439514,
            0.010770931839942932
        ],
        [
            0.060573022812604904,
            -0.0011811181902885437,
            0.013697447255253792
        ],
        [
            0.05575165897607803,
            -0.017164215445518494,
            0.020441513508558273
        ],
        [
            0.0651945248246193,
            0.01696796715259552,
            0.009644320234656334
        ],
        [
            0.06362050026655197,
