{
    "pred_cam": [
        7.266438961029053,
        0.09954703599214554,
        0.05059840530157089
    ],
    "pred_mano_params": {
        "global_orient": [
            [
                [
                    0.14898252487182617,
                    -0.3600088953971863,
                    -0.9209765195846558
                ],
                [
                    0.9321088194847107,
                    0.36205998063087463,
                    0.009254463948309422
                ],
                [
                    0.33011698722839355,
                    -0.8598291873931885,
                    0.38950809836387634
                ]
            ]
        ],
        "hand_pose": [
            [
                [
                    0.8142233490943909,
                    -0.47699230909347534,
                    -0.3309360444545746
                ],
                [
                    0.5043843388557434,
                    0.8634718060493469,
                    -0.003589548636227846
                ],
                [
                    0.2874661386013031,
                    -0.16399626433849335,
                    0.9436463713645935
                ]
            ],
            [
                [
                    0.8991947174072266,
                    -0.42196986079216003,
                    0.1157165989279747
                ],
                [
                    0.4368315637111664,
                    0.8506219983100891,
                    -0.29260972142219543
                ],
                [
                    0.025041405111551285,
                    0.3136617839336395,
                    0.9492045640945435
                ]
            ],
            [
                [
                    0.854644238948822,
                    -0.5027263760566711,
                    0.1298055648803711
                ],
                [
                    0.4823158085346222,
                    0.8612602949142456,
                    0.1600070595741272
                ],
                [
                    -0.19223612546920776,
                    -0.07414183020591736,
                    0.9785439968109131
                ]
            ],
            [
                [
                    0.5927788615226746,
                    -0.7496309876441956,
                    -0.2943917214870453
                ],
                [
                    0.7996746301651001,
                    0.5912349224090576,
                    0.10469803959131241
                ],
                [
                    0.09556975215673447,
                    -0.29748040437698364,
                    0.9499324560165405
                ]
            ],
            [
                [
                    0.7635852694511414,
                    -0.6234336495399475,
                    -0.16813120245933533
                ],
                [
                    0.6440261602401733,
                    0.7165504097938538,
                    0.2679288387298584
                ],
                [
                    -0.04656136780977249,
                    -0.3128673732280731,
                    0.9486549496650696
                ]
            ],
            [
                [
                    0.8781720399856567,
                    -0.4745376408100128,
                    0.06023162975907326
                ],
                [
                    0.4761837124824524,
                    0.8792024254798889,
                    -0.015881424769759178
                ],
                [
                    -0.04541945829987526,
                    0.04262794181704521,
                    0.9980580806732178
                ]
            ],
            [
                [
                    0.3825967013835907,
                    -0.9006156325340271,
                    0.2061825841665268
                ],
                [
                    0.5030703544616699,
                    0.39024919271469116,
                    0.7711198329925537
                ],
                [
                    -0.7749451398849487,
                    -0.1913035362958908,
                    0.6023810505867004
                ]
            ],
            [
                [
                    0.8093060255050659,
                    -0.57865971326828,
                    -0.10087954252958298
                ],
                [
                    0.5381669402122498,
                    0.6616535782814026,
                    0.522102415561676
                ],
                [
                    -0.23537234961986542,
                    -0.4768306612968445,
                    0.8468957543373108
                ]
            ],
            [
                [
                    0.9654295444488525,
                    -0.25658175349235535,
                    0.045950260013341904
                ],
                [
                    0.2491331398487091,
                    0.9601233601570129,
                    0.1268691122531891
                ],
                [
                    -0.07667022943496704,
                    -0.11103547364473343,
                    0.9908545017242432
                ]
            ],
            [
                [
                    0.43957939743995667,
                    -0.8979384303092957,
                    -0.021827364340424538
                ],
                [
                    0.8902377486228943,
                    0.43232297897338867,
                    0.14343474805355072
                ],
                [
                    -0.11935911327600479,
                    -0.08248251676559448,
                    0.9894189834594727
                ]
            ],
            [
                [
                    0.7648892998695374,
                    -0.6432167291641235,
                    -0.03487899899482727
                ],
                [
                    0.5273022055625916,
                    0.5941089391708374,
                    0.6074429154396057
                ],
                [
                    -0.3699955642223358,
                    -0.4830183982849121,
                    0.7935971617698669
                ]
            ],
            [
                [
                    0.9347308874130249,
                    -0.3414178788661957,
                    0.09854932129383087
                ],
                [
                    0.3412880003452301,
                    0.9397727847099304,
                    0.01869915798306465
                ],
                [
                    -0.09899819642305374,
                    0.016155019402503967,
                    0.9949564933776855
                ]
            ],
            [
                [
                    0.8192614912986755,
                    0.041090093553066254,
                    -0.5719459652900696
                ],
                [
                    -0.5169866681098938,
                    0.48441991209983826,
                    -0.7057351469993591
                ],
                [
                    0.2480633556842804,
                    0.8738700151443481,
                    0.41810959577560425
                ]
            ],
            [
                [
                    0.7697913646697998,
                    -0.5006561279296875,
                    -0.39593520760536194
                ],
                [
                    0.6276620626449585,
                    0.7064910531044006,
                    0.3269721567630768
                ],
                [
                    0.11602404713630676,
                    -0.5002138614654541,
                    0.8580935597419739
                ]
            ],
            [
                [
                    0.5310577154159546,
                    -0.8473321795463562,
                    0.0024149268865585327
                ],
                [
                    0.7939397096633911,
                    0.49659475684165955,
                    -0.35078972578048706
                ],
                [
                    0.2960361838340759,
                    0.18820691108703613,
                    0.9364511370658875
                ]
            ]
        ],
        "betas": [
            -0.046355217695236206,
            -0.08339497447013855,
            0.010898172855377197,
            0.06373044848442078,
            0.03938007354736328,
            -0.013912279158830643,
            0.0847945362329483,
            -0.0874413549900055,
            -0.007352977991104126,
            -0.05264914035797119
        ]
    },
    "pred_cam_t": [
        -0.09954703599214554,
        0.05059840530157089,
        5.375741958618164
    ],
    "focal_length": [
        5000.0,
        5000.0
    ],
    "pred_keypoints_3d": [
        [
            0.09595188498497009,
            0.006404642481356859,
            0.006206694059073925
        ],
        [
            0.0741015374660492,
            -0.02146202139556408,
            0.021745052188634872
        ],
        [
            0.06652472913265228,
            -0.05128820240497589,
            0.01952693983912468
        ],
        [
            0.07488881051540375,
            -0.07576655596494675,
            0.011279141530394554
        ],
        [
            0.09240500628948212,
            -0.0992010310292244,
            0.026957744732499123
        ],
        [
            0.06565113365650177,
            -0.07767685502767563,
            -0.01042307261377573
        ],
        [
            0.07332909107208252,
            -0.10980831831693649,
            -0.011965925805270672
        ],
        [
            0.08311615884304047,
            -0.1263725906610489,
            -0.0008137673139572144
        ],
        [
            0.09241921454668045,
            -0.1368647962808609,
            0.019597120583057404
        ],
        [
            0.08551032096147537,
            -0.0826839953660965,
            -0.025192823261022568
        ],
        [
            0.09970256686210632,
            -0.10861130058765411,
            -0.013629506342113018
        ],
        [
            0.10734071582555771,
            -0.11345642060041428,
            0.0078532500192523
        ],
        [
            0.11062588542699814,
            -0.11312108486890793,
            0.0332847498357296
        ],
        [
            0.10982875525951385,
            -0.07173991948366165,
            -0.02791193500161171
        ],
        [
            0.11835965514183044,
            -0.09414365887641907,
            -0.011765632778406143
        ],
        [
            0.12124663591384888,
            -0.09390287101268768,
            0.01289236731827259
        ],
        [
            0.12012860924005508,
            -0.09220077842473984,
            0.038229651749134064
        ],
        [
            0.12917263805866241,
            -0.061981502920389175,
            -0.024909526109695435
        ],
        [
            0.1290833204984665,
            -0.07707088440656662,
            -0.010068211704492569
        ],
        [
            0.12747564911842346,
            -0.07529204338788986,
            0.008775485679507256
        ],
        [
            0.12419436126947403,
            -0.07029181718826294,
            0.02689773216843605
        ]
    ],
    "pred_vertices": [
        [
            0.0800175815820694,
            -0.04435909166932106,
            0.009464520961046219
        ],
        [
            0.0831938087940216,
            -0.033770252019166946,
            0.013245176523923874
        ],
        [
            0.0793764665722847,
            -0.041831329464912415,
            0.013058571144938469
        ],
        [
            0.07461434602737427,
            -0.0502169132232666,
            0.011084498837590218
        ],
        [
            0.08588176220655441,
            -0.03462599962949753,
            0.029421012848615646
        ],
        [
            0.07790795713663101,
            -0.031134355813264847,
            0.038482218980789185
        ],
        [
            0.07412251830101013,
            -0.04855326563119888,
            0.03371266648173332
        ],
        [
            0.08270415663719177,
            -0.04800259321928024,
            0.027160542085766792
        ],
        [
            0.06997932493686676,
            -0.05453066527843475,
            0.00983802042901516
        ],
        [
            0.0765608474612236,
            -0.0488346591591835,
            0.013122035190463066
        ],
        [
            0.067548006772995,
            -0.053268976509571075,
            0.006402822211384773
        ],
        [
            0.05782629922032356,
            -0.05845463275909424,
            2.2765249013900757e-05
        ],
        [
            0.0634036585688591,
            -0.06040951609611511,
            0.005058411508798599
        ],
        [
            0.05501258745789528,
            -0.0645977333188057,
            -0.004958692006766796
        ],
        [
            0.053838569670915604,
            -0.049632102251052856,
            -0.004238326568156481
        ],
        [
            0.05455358326435089,
            -0.06130494922399521,
            -0.013583474792540073
        ],
        [
            0.07084617763757706,
            -0.03906584903597832,
            -0.021047819405794144
        ],
        [
            0.08325859159231186,
            -0.03591568395495415,
            -0.025642091408371925
        ],
        [
            0.08283253014087677,
            -0.05249836668372154,
            -0.03230834752321243
        ],
        [
            0.07064096629619598,
            -0.054359182715415955,
            -0.0259714275598526
        ],
        [
            0.10220750421285629,
            -0.04419685900211334,
            -0.032768286764621735
        ],
        [
            0.09153644740581512,
            -0.04959278926253319,
            -0.03286755084991455
        ],
        [
            0.0915442481637001,
            -0.032550182193517685,
            -0.02733618952333927
        ],
        [
            0.10106297582387924,
            -0.028578970581293106,
            -0.027190519496798515
        ],
        [
            0.09251775592565536,
            -0.03697318211197853,
            0.005976764485239983
        ],
        [
            0.09491263329982758,
            -0.026639211922883987,
            0.010546423494815826
        ],
        [
            0.08960506319999695,
            -0.02789505198597908,
            0.011363223195075989
        ],
        [
            0.08753795176744461,
            -0.038480494171381,
            0.007363162934780121
        ],
        [
            0.06502154469490051,
            -0.054689325392246246,
            0.007199538871645927
        ],
        [
            0.05584520101547241,
            -0.04578879103064537,
            0.008150819689035416
        ],
        [
            0.06056785583496094,
            -0.04978323355317116,
            0.004841795191168785
        ],
        [
            0.07015714049339294,
            -0.055491894483566284,
            0.007566859945654869
        ],
        [
            0.10998119413852692,
            -0.005493141710758209,
            0.022322479635477066
        ],
        [
            0.10734045505523682,
            0.007833465933799744,
            0.021920371800661087
        ],
        [
            0.1016378104686737,
            0.0074009522795677185,
            0.023586522787809372
        ],
        [
            0.10507886111736298,
            -0.004510149359703064,
            0.023350482806563377
        ],
        [
            0.0844951793551445,
            -0.004993237555027008,
            0.03572137653827667
        ],
        [
            0.08449745178222656,
            0.006224937736988068,
            0.03039269521832466
        ],
        [
            0.07320977747440338,
            0.013500742614269257,
            0.027616679668426514
        ],
        [
            0.0703013688325882,
            0.0023974552750587463,
            0.030634254217147827
        ],
        [
            0.08174869418144226,
            -0.01852767914533615,
            0.038692817091941833
        ],
        [
            0.06919775158166885,
            -0.011968731880187988,
            0.037572309374809265
        ],
        [
            0.06657778471708298,
            -0.028275366872549057,
            0.038945943117141724
        ],
        [
            0.06458903849124908,
            -0.04838709160685539,
            0.03405348211526871
        ],
        [
            0.11849448829889297,
            0.009809978306293488,
            0.01580801047384739
        ],
        [
            0.12231941521167755,
            0.00024368613958358765,
            0.01570834405720234
        ],
        [
            0.07259887456893921,
            -0.1106349378824234,
            0.0007261838763952255
        ],
        [
            0.07847826927900314,
            -0.10967518389225006,
            -1.3647601008415222e-05
        ],
        [
            0.07651177793741226,
            -0.1052456647157669,
            -5.669984966516495e-05
        ],
        [
            0.07103677839040756,
            -0.10713236778974533,
            0.00039033684879541397
        ],
        [
            0.12406276166439056,
            0.008546590805053711,
            -0.0037741195410490036
        ],
        [
            0.11931726336479187,
            0.010746628046035767,
            -0.012420838698744774
        ],
        [
            0.12089604884386063,
            0.017119109630584717,
            -0.009183146059513092
        ],
        [
            0.12354527413845062,
            0.01531144231557846,
            -0.0003101862967014313
        ],
        [
            0.12472397089004517,
            -0.0003668591380119324,
            -0.008354226127266884
        ],
        [
            0.11690939217805862,
            0.0016618892550468445,
            -0.016290191560983658
        ],
        [
            0.06786736845970154,
            -0.1164029911160469,
            -0.009655103087425232
        ],
        [
            0.06706634163856506,
            -0.11517361551523209,
            -0.004675902426242828
        ],
        [
            0.06505107879638672,
            -0.11104847490787506,
            -0.006965786684304476
        ],
        [
            0.06635978072881699,
            -0.1110844761133194,
            -0.012180747464299202
        ],
        [
            0.07008921355009079,
            -0.05889391154050827,
            0.007929016835987568
        ],
        [
            0.07793878018856049,
            -0.054543547332286835,
            0.0071024214848876
        ],
        [
            0.06828910112380981,
            -0.07524138689041138,
            0.0014254096895456314
        ],
        [
            0.07291632890701294,
            -0.06703527271747589,
            0.002364269457757473
        ],
        [
            0.06594179570674896,
            -0.06645528972148895,
            0.003932282328605652
        ],
        [
            0.06242627277970314,
            -0.07325787842273712,
            0.0016865069046616554
        ],
        [
            0.09374797344207764,
            -0.0575815811753273,
            -0.004292560741305351
        ],
        [
            0.09432965517044067,
            -0.04674797132611275,
            1.5525147318840027e-05
        ],
        [
            0.08847823739051819,
            -0.04947764426469803,
            0.0013590119779109955
        ],
        [
            0.08659795671701431,
            -0.06196369230747223,
            -0.0020177271217107773
        ],
        [
            0.10810890793800354,
            -0.04357151687145233,
            -0.0014018639922142029
        ],
        [
            0.10622236877679825,
            -0.054214783012866974,
            -0.00601704977452755
        ],
        [
            0.11420102417469025,
            -0.05094613507390022,
            -0.006297502666711807
        ],
        [
            0.11452390253543854,
            -0.044424526393413544,
            -0.002064468339085579
        ],
        [
            0.0993652418255806,
            -0.07211209833621979,
            -0.01289409026503563
        ],
        [
            0.09762931615114212,
            -0.07708291709423065,
            -0.01471610739827156
        ],
        [
            0.10142970830202103,
            -0.07707804441452026,
            -0.014732046984136105
        ],
        [
            0.10275214165449142,
            -0.07070688158273697,
            -0.013392165303230286
        ],
        [
            0.1216474175453186,
            0.023795291781425476,
            -0.0067746322602033615
        ],
        [
            0.1221095472574234,
            0.02178548276424408,
            0.002860497683286667
        ],
        [
            0.12318388372659683,
            -0.037465646862983704,
            -0.030238276347517967
        ],
        [
            0.1308402270078659,
            -0.03344748541712761,
            -0.022896725684404373
        ],
        [
            0.13346458971500397,
            -0.046392153948545456,
            -0.026754338294267654
        ],
        [
            0.12439340353012085,
            -0.04745888337492943,
            -0.034933917224407196
        ],
        [
            0.11024908721446991,
            0.010517753660678864,
            -0.017531592398881912
        ],
        [
            0.11339283734560013,
            0.01754187047481537,
            -0.01591726392507553
        ],
        [
            0.07226593792438507,
            -0.11642183363437653,
            -0.014112097211182117
        ],
        [
            0.0710381343960762,
            -0.11056781560182571,
            -0.01600727066397667
        ],
        [
            0.05747160315513611,
            -0.021083567291498184,
            0.03127173334360123
        ],
        [
            0.05660565569996834,
            -0.045202694833278656,
            0.02966346964240074
        ],
        [
            0.0611511655151844,
            -0.0036700591444969177,
            0.026627419516444206
        ],
        [
            0.06437002122402191,
            0.007527589797973633,
            0.020749540999531746
        ],
        [
            0.06607310473918915,
            0.01708099991083145,
            0.018073832616209984
        ],
        [
            0.07802921533584595,
            -0.06993821263313293,
            -0.0005556391552090645
        ],
        [
            0.08419044315814972,
            -0.0481160506606102,
            0.005274258553981781
        ],
        [
            0.09734944999217987,
            -0.03572563827037811,
            0.005031287670135498
        ],
        [
            0.12809701263904572,
            -0.033783603459596634,
            0.0015026181936264038
        ],
        [
            0.1283450722694397,
            -0.02441209927201271,
            0.006070435047149658
        ],
        [
            0.11912982910871506,
            -0.029735680669546127,
            0.00809803232550621
        ],
        [
            0.12062881886959076,
            -0.03665820136666298,
            0.0031069107353687286
        ],
        [
            0.13524936139583588,
            -0.035771481692790985,
            -0.014067666605114937
        ],
        [
            0.1328357607126236,
            -0.03989511355757713,
            -0.0074620917439460754
        ],
        [
            0.13284754753112793,
            -0.0471578873693943,
            -0.011117752641439438
        ],
        [
            0.13596686720848083,
            -0.04551432654261589,
            -0.018040159717202187
        ],
        [
            0.058922603726387024,
            -0.05635778605937958,
            0.010271724313497543
        ],
        [
            0.05194363743066788,
            -0.04304340481758118,
            0.012816164642572403
        ],
        [
            0.12528561055660248,
            0.005605675280094147,
            0.006397180259227753
        ],
        [
            0.12231014668941498,
            0.012269146740436554,
            0.009357677772641182
        ],
        [
            0.12027131766080856,
            0.02054915577173233,
            0.010330704972147942
        ],
        [
            0.10143817961215973,
            -0.016163907945156097,
            0.017958084121346474
        ],
        [
            0.1017146110534668,
            -0.0038854479789733887,
            0.024399520829319954
        ],
        [
            0.09783885627985,
            -0.005299076437950134,
            0.026608124375343323
        ],
        [
            0.09800256788730621,
            -0.016073748469352722,
            0.018103599548339844
        ],
        [
            0.08852747082710266,
            -0.026741795241832733,
            0.019838877022266388
        ],
        [
            0.09009769558906555,
            -0.01995842531323433,
            0.03082941472530365
        ],
        [
            0.08622802793979645,
            -0.03796560317277908,
            0.01795646734535694
        ],
        [
            0.09400735050439835,
            0.008280530571937561,
            0.02663652040064335
        ],
        [
            0.10038066655397415,
            0.017472751438617706,
            0.02551686018705368
        ],
        [
            0.09166602045297623,
            0.017521053552627563,
            0.027445325627923012
        ],
        [
            0.10923651605844498,
            0.018560096621513367,
            0.021379485726356506
        ],
        [
            0.11648739874362946,
            0.019558429718017578,
            0.016253426671028137
        ],
        [
            0.11495086550712585,
            0.025927603244781494,
            -0.016483787447214127
        ],
        [
            0.08334094285964966,
            0.01701883226633072,
            0.027659563347697258
        ],
        [
            0.07927728444337845,
            -0.055947691202163696,
            0.025545647367835045
        ],
        [
            0.07802776247262955,
            -0.061862409114837646,
            0.023675914853811264
        ],
        [
            0.08062979578971863,
            -0.05851694941520691,
            0.017267480492591858
        ],
        [
            0.08083255589008331,
            -0.05329737067222595,
            0.01790405996143818
        ],
        [
            0.05446718633174896,
            -0.07319754362106323,
            -0.0097424341365695
        ],
        [
            0.05737984925508499,
            -0.07392124831676483,
            -0.002134560141712427
        ],
        [
            0.05893296003341675,
            -0.06518140435218811,
            0.001711011864244938
        ],
        [
            0.11489548534154892,
            -0.014989331364631653,
            0.017461957409977913
        ],
        [
            0.12527135014533997,
            -0.009689919650554657,
            0.012269988656044006
        ],
        [
            0.0734000876545906,
            -0.07785099744796753,
            -0.0015668747946619987
        ],
        [
            0.06488239765167236,
            -0.10678064078092575,
            -0.014787934720516205
        ],
        [
            0.06300324946641922,
            -0.10654481500387192,
            -0.009030554443597794
        ],
        [
            0.057541053742170334,
            -0.08942867070436478,
            -0.01038608979433775
        ],
        [
            0.05963992699980736,
            -0.09025337547063828,
            -0.016962990164756775
        ],
        [
            0.07652310281991959,
            -0.08397411555051804,
            -0.009392697364091873
        ],
        [
            0.07366609573364258,
            -0.08182162046432495,
            -0.0031338543631136417
        ],
        [
            0.0745394229888916,
            -0.08379354327917099,
            -0.0045394678600132465
        ],
        [
            0.07896807044744492,
            -0.08604177832603455,
            -0.008938033133745193
        ],
        [
            0.10925193876028061,
            -0.07184284925460815,
            -0.014538050629198551
        ],
        [
            0.11020985245704651,
            -0.06637050956487656,
            -0.013121661730110645
        ],
        [
            0.07271241396665573,
            -0.07039965689182281,
            -0.02756538614630699
        ],
        [
            0.05970441922545433,
            -0.06835654377937317,
            -0.02508183754980564
        ],
        [
            0.05984489992260933,
            -0.05602167546749115,
            -0.020919179543852806
        ],
        [
            0.10067212581634521,
            -0.05485369265079498,
            -0.005301477387547493
        ],
        [
            0.1008242517709732,
            -0.06433726102113724,
            -0.009283934719860554
        ],
        [
            0.1046627089381218,
            -0.06301477551460266,
            -0.010062508285045624
        ],
        [
            0.08060044050216675,
            -0.07274701446294785,
            -0.0034676985815167427
        ],
        [
            0.07808434963226318,
            -0.07908312976360321,
            -0.005457160994410515
        ],
        [
            0.0821995958685875,
            -0.07643942534923553,
            -0.007638990879058838
        ],
        [
            0.08530926704406738,
            -0.07027515023946762,
            -0.005235467106103897
        ],
        [
            0.1289874017238617,
            -0.020816273987293243,
            -0.018643075600266457
        ],
        [
            0.13452377915382385,
            -0.023920010775327682,
            -0.008660875260829926
        ],
        [
            0.06865331530570984,
            -0.11285142600536346,
            -0.000917334109544754
        ],
        [
            0.06677481532096863,
            -0.10922843962907791,
            -0.002243313007056713
        ],
        [
            0.10108967125415802,
            -0.04431735351681709,
            -0.0010008979588747025
        ],
        [
            0.06171854957938194,
            -0.0422043576836586,
            -0.014940828084945679
        ],
        [
            0.10265660285949707,
            -0.034364692866802216,
            0.004374153912067413
        ],
        [
            0.11395443975925446,
            -0.06318201124668121,
            -0.03229198604822159
        ],
        [
            0.11869116127490997,
            -0.0653819739818573,
            -0.025400688871741295
        ],
        [
            0.11832308024168015,
            -0.06976719945669174,
            -0.023465976119041443
        ],
        [
            0.11559778451919556,
            -0.07086173444986343,
            -0.028659993782639503
        ],
        [
            0.08293940871953964,
            -0.10011827945709229,
            -0.009329553693532944
        ],
        [
            0.08068915456533432,
            -0.10065564513206482,
            -0.003940901719033718
        ],
        [
            0.08186894655227661,
            -0.1043873280286789,
            -0.0032331664115190506
        ],
        [
            0.08410915732383728,
            -0.10481809079647064,
            -0.008641459047794342
        ],
        [
            0.06854376941919327,
            -0.0810507982969284,
            -0.00034634582698345184
        ],
        [
            0.062333639711141586,
            -0.0802685096859932,
            5.417037755250931e-05
        ],
        [
            0.06431729346513748,
            -0.0860913097858429,
            -0.0008548167534172535
        ],
        [
            0.07015834003686905,
            -0.08515874296426773,
            -0.0020256265997886658
        ],
        [
            0.05767205357551575,
            -0.0814242735505104,
            -0.004264517687261105
        ],
        [
            0.0593402236700058,
            -0.08759710192680359,
            -0.00459009874612093
        ],
        [
            0.08143242448568344,
            -0.10120890289545059,
            -0.015505836345255375
        ],
        [
            0.0756332129240036,
            -0.10369080305099487,
            -0.0195680670440197
        ],
        [
            0.0726175457239151,
            -0.08860903233289719,
            -0.021887730807065964
        ],
        [
            0.07835793495178223,
            -0.08880835771560669,
            -0.016104474663734436
        ],
        [
            0.09972582757472992,
            -0.01359587162733078,
            -0.02356458269059658
        ],
        [
            0.11072412878274918,
            -0.011470325291156769,
            -0.022874752059578896
        ],
        [
            0.11237972229719162,
            -0.026318438351154327,
            -0.02680932730436325
        ],
        [
            0.11441771686077118,
            -0.0409727469086647,
            -0.03205598145723343
        ],
        [
            0.11535859107971191,
            -0.05493900924921036,
            -0.035545557737350464
        ],
        [
            0.10356880724430084,
            -0.057154156267642975,
            -0.0381757989525795
        ],
        [
            0.12007403373718262,
            -0.02353130653500557,
            -0.02515987865626812
        ],
        [
            0.07656556367874146,
            -0.08113213628530502,
            -0.018682774156332016
        ],
        [
            0.0701950192451477,
            -0.07856868952512741,
            -0.023483268916606903
        ],
        [
            0.07485318183898926,
            -0.0780612975358963,
            -0.02413855493068695
        ],
        [
            0.11014141142368317,
            -0.03384876996278763,
            0.004613406956195831
        ],
        [
            0.06426895409822464,
            -0.10520400106906891,
            -0.004077373072504997
        ],
        [
            0.06937748938798904,
            0.012381546199321747,
            -0.0037292372435331345
        ],
        [
            0.07985181361436844,
            0.013972505927085876,
            -0.012588052079081535
        ],
        [
            0.07782961428165436,
            0.005429215729236603,
            -0.012851397506892681
        ],
        [
            0.0663096085190773,
            0.0032127350568771362,
            -0.00182395800948143
        ],
        [
            0.07484253495931625,
            -0.10178722441196442,
            -0.0002902466803789139
        ],
        [
            0.06870131194591522,
            -0.10330484807491302,
            -1.1259689927101135e-06
        ],
        [
            0.11666713654994965,
            -0.06571251899003983,
            -0.013276960700750351
        ],
        [
            0.11496693640947342,
            -0.0706784725189209,
            -0.014973338693380356
        ],
        [
            0.11789735406637192,
            -0.07043018937110901,
            -0.01695946976542473
        ],
        [
            0.12117025256156921,
            -0.06689205020666122,
            -0.014275492168962955
        ],
        [
            0.11615139991044998,
            -0.00929376482963562,
            -0.02127133123576641
        ],
        [
            0.13576796650886536,
            -0.055666763335466385,
            -0.02327362820506096
        ],
        [
            0.12718777358531952,
            -0.056310493499040604,
            -0.0322912335395813
        ],
        [
            0.1088489443063736,
            0.0012599527835845947,
            -0.01963459700345993
        ],
        [
            0.09920402616262436,
            -0.00025343894958496094,
            -0.02084898203611374
        ],
        [
            0.09940937906503677,
            0.009401775896549225,
            -0.01911972090601921
        ],
        [
            0.09225527197122574,
            -0.06662759184837341,
            -0.03454992175102234
        ],
        [
            0.09185366332530975,
            -0.017364315688610077,
            -0.023669958114624023
        ],
        [
            0.09206479042768478,
            -0.003099873661994934,
            -0.020259106531739235
        ],
        [
            0.09197470545768738,
            0.008306972682476044,
            -0.018170196563005447
        ],
        [
            0.09245867282152176,
            0.016642242670059204,
            -0.01745571382343769
        ],
        [
            0.10057850182056427,
            0.016957782208919525,
            -0.01843675598502159
        ],
        [
            0.07006917893886566,
            -0.10563662648200989,
            -0.018254023045301437
        ],
        [
            0.07757135480642319,
            -0.10933441668748856,
            -0.01775529608130455
        ],
        [
            0.10187073051929474,
            0.02593320608139038,
            -0.019291628152132034
        ],
        [
            0.09276668727397919,
            0.02506474405527115,
            -0.0174951683729887
        ],
        [
            0.08345656096935272,
            -0.0058404505252838135,
            -0.01827440969645977
        ],
        [
            0.07316519320011139,
            -0.009170472621917725,
            -0.013800487853586674
        ],
        [
            0.0836501270532608,
            -0.019584886729717255,
            -0.021385088562965393
        ],
        [
            0.0734722837805748,
            -0.023937370628118515,
            -0.017785128206014633
        ],
        [
            0.08135715126991272,
            -0.06517364084720612,
            -0.037054598331451416
        ],
        [
            0.08639193326234818,
            -0.12410856783390045,
            -0.009436028078198433
        ],
        [
            0.08390004187822342,
            -0.11373257637023926,
            -0.013592281378805637
        ],
        [
            0.0854666456580162,
            -0.11088551580905914,
            -0.008734051138162613
        ],
        [
            0.0887230783700943,
            -0.12149469554424286,
            -0.00695369578897953
        ],
        [
            0.08278532326221466,
            -0.10654792189598083,
            -0.014126786962151527
        ],
        [
            0.07884599268436432,
            -0.11534568667411804,
            -0.015813596546649933
        ],
        [
            0.06205499544739723,
            -0.02766139805316925,
            -0.008702527731657028
        ],
        [
            0.08003734052181244,
            -0.0819137915968895,
            -0.010351523756980896
        ],
        [
            0.06083432212471962,
            -0.01300659030675888,
            0.0002589132636785507
        ],
        [
            0.052520643919706345,
            -0.037136517465114594,
            -0.00035233423113822937
        ],
        [
            0.052387867122888565,
            -0.02818598598241806,
            0.00876920111477375
        ],
        [
            0.05947369709610939,
            0.00034493207931518555,
            0.011431220918893814
        ],
        [
            0.05360577255487442,
            -0.015727728605270386,
            0.018300388008356094
        ],
        [
            0.06568139046430588,
            0.018614910542964935,
            0.006620710715651512
        ],
        [
            0.06345397979021072,
