{
    "pred_cam": [
        9.187788009643555,
        0.12393587082624435,
        -0.030557159334421158
    ],
    "pred_mano_params": {
        "global_orient": [
            [
                [
                    -0.8261683583259583,
                    0.5624657869338989,
                    -0.03283447399735451
                ],
                [
                    -0.1655404418706894,
                    -0.2980300486087799,
                    -0.9400927424430847
                ],
                [
                    -0.5385557413101196,
                    -0.7712393999099731,
                    0.33933383226394653
                ]
            ]
        ],
        "hand_pose": [
            [
                [
                    0.5345824360847473,
                    -0.7187376618385315,
                    -0.44456470012664795
                ],
                [
                    0.8231414556503296,
                    0.5619975328445435,
                    0.08122145384550095
                ],
                [
                    0.19146732985973358,
                    -0.4093591868877411,
                    0.8920567631721497
                ]
            ],
            [
                [
                    0.872887372970581,
                    -0.44633519649505615,
                    0.19711029529571533
                ],
                [
                    0.4877602159976959,
                    0.8086186647415161,
                    -0.32897689938545227
                ],
                [
                    -0.012553083710372448,
                    0.38330236077308655,
                    0.92353755235672
                ]
            ],
            [
                [
                    0.9491821527481079,
                    0.09260207414627075,
                    0.3007957339286804
                ],
                [
                    -0.12953932583332062,
                    0.9859746098518372,
                    0.10523136705160141
                ],
                [
                    -0.2868323028087616,
                    -0.13884861767292023,
                    0.9478651285171509
                ]
            ],
            [
                [
                    0.8095694184303284,
                    -0.5320202708244324,
                    -0.24809642136096954
                ],
                [
                    0.5766533017158508,
                    0.7998426556587219,
                    0.16650167107582092
                ],
                [
                    0.10985580831766129,
                    -0.27786028385162354,
                    0.954319417476654
                ]
            ],
            [
                [
                    0.5593948364257812,
                    -0.8020771145820618,
                    -0.20916426181793213
                ],
                [
                    0.8186897039413452,
                    0.49513691663742065,
                    0.2908376455307007
                ],
                [
                    -0.12970927357673645,
                    -0.3339337408542633,
                    0.9336293339729309
                ]
            ],
            [
                [
                    0.9366330504417419,
                    -0.2852751612663269,
                    0.20331396162509918
                ],
                [
                    0.27960917353630066,
                    0.9584383368492126,
                    0.05669756978750229
                ],
                [
                    -0.21103830635547638,
                    0.003743641311302781,
                    0.9774705767631531
                ]
            ],
            [
                [
                    0.9462284445762634,
                    -0.304698646068573,
                    0.10867628455162048
                ],
                [
                    0.3117021322250366,
                    0.9486302137374878,
                    -0.054244209080934525
                ],
                [
                    -0.08656547963619232,
                    0.08520203828811646,
                    0.9925960898399353
                ]
            ],
            [
                [
                    0.5197839736938477,
                    -0.8539847731590271,
                    -0.023121099919080734
                ],
                [
                    0.48047587275505066,
                    0.2698526382446289,
                    0.8344593644142151
                ],
                [
                    -0.706376314163208,
                    -0.4448477625846863,
                    0.5505841374397278
                ]
            ],
            [
                [
                    0.854012131690979,
                    -0.4816488027572632,
                    0.1966663897037506
                ],
                [
                    0.39705491065979004,
                    0.8476791381835938,
                    0.35183435678482056
                ],
                [
                    -0.33617064356803894,
                    -0.22238343954086304,
                    0.9151692986488342
                ]
            ],
            [
                [
                    0.8001123070716858,
                    -0.5891174077987671,
                    -0.11296483129262924
                ],
                [
                    0.5893099308013916,
                    0.8071368336677551,
                    -0.03526969626545906
                ],
                [
                    0.11195606738328934,
                    -0.03835158050060272,
                    0.9929728507995605
                ]
            ],
            [
                [
                    0.5663204193115234,
                    -0.8239256739616394,
                    -0.02068224921822548
                ],
                [
                    0.6170152425765991,
                    0.4071977436542511,
                    0.6734108924865723
                ],
                [
                    -0.5464187264442444,
                    -0.39412757754325867,
                    0.7389791011810303
                ]
            ],
            [
                [
                    0.9513589143753052,
                    -0.2656591534614563,
                    0.15601739287376404
                ],
                [
                    0.2643594443798065,
                    0.963975727558136,
                    0.029408324509859085
                ],
                [
                    -0.15820956230163574,
                    0.01326680462807417,
                    0.9873164296150208
                ]
            ],
            [
                [
                    0.7240490913391113,
                    0.14953365921974182,
                    -0.6733443737030029
                ],
                [
                    -0.618314266204834,
                    0.5733495950698853,
                    -0.5375478863716125
                ],
                [
                    0.30568018555641174,
                    0.8055495023727417,
                    0.5075920224189758
                ]
            ],
            [
                [
                    0.8341265916824341,
                    -0.4463408887386322,
                    -0.3240564465522766
                ],
                [
                    0.5420019626617432,
                    0.7722477912902832,
                    0.33146214485168457
                ],
                [
                    0.10230676829814911,
                    -0.4521206319332123,
                    0.8860700726509094
                ]
            ],
            [
                [
                    0.870156466960907,
                    -0.4209060072898865,
                    0.2562534809112549
                ],
                [
                    0.4924922585487366,
                    0.725191593170166,
                    -0.4811949133872986
                ],
                [
                    0.016704948619008064,
                    0.5449177622795105,
                    0.8383231163024902
                ]
            ]
        ],
        "betas": [
            -0.145836740732193,
            -0.08480033278465271,
            0.04739862680435181,
            0.010888487100601196,
            0.025789082050323486,
            0.006830967962741852,
            0.08140702545642853,
            -0.041452258825302124,
            -0.02193225920200348,
            -0.020163804292678833
        ]
    },
    "pred_cam_t": [
        -0.12393587082624435,
        -0.030557159334421158,
        4.251567363739014
    ],
    "focal_length": [
        5000.0,
        5000.0
    ],
    "pred_keypoints_3d": [
        [
            0.09636280685663223,
            0.006441026926040649,
            0.006238680332899094
        ],
        [
            0.10669863224029541,
            -0.00940094143152237,
            0.040212806314229965
        ],
        [
            0.1313660889863968,
            -0.0108571108430624,
            0.05890072137117386
        ],
        [
            0.1524975746870041,
            0.0020698122680187225,
            0.07023768126964569
        ],
        [
            0.16218425333499908,
            0.019410336390137672,
            0.09895697236061096
        ],
        [
            0.16605600714683533,
            0.003127600997686386,
            0.06513877958059311
        ],
        [
            0.1701081097126007,
            0.019551629200577736,
            0.09368334710597992
        ],
        [
            0.15869435667991638,
            0.025509493425488472,
            0.11190950870513916
        ],
        [
            0.15170522034168243,
            0.026651863008737564,
            0.13578525185585022
        ],
        [
            0.17444339394569397,
            0.025898953899741173,
            0.05759076029062271
        ],
        [
            0.18550756573677063,
            0.04399045929312706,
            0.08143284171819687
        ],
        [
            0.17070141434669495,
            0.046477701514959335,
            0.0994071438908577
        ],
        [
            0.15615931153297424,
            0.04322943091392517,
            0.1205267533659935
        ],
        [
            0.16309857368469238,
            0.04660475254058838,
            0.044507432729005814
        ],
        [
            0.174411803483963,
            0.06277959048748016,
            0.06586521863937378
        ],
        [
            0.15940631926059723,
            0.0626601055264473,
            0.0857982188463211
        ],
        [
            0.14599820971488953,
            0.05831397324800491,
            0.10700267553329468
        ],
        [
            0.14944711327552795,
            0.061921633780002594,
            0.03649475425481796
        ],
        [
            0.1617734581232071,
            0.07652396708726883,
            0.04584059491753578
        ],
        [
            0.15245167911052704,
            0.0774042084813118,
            0.062473639845848083
        ],
        [
            0.14101547002792358,
            0.06932562589645386,
            0.07425011694431305
        ]
    ],
    "pred_vertices": [
        [
            0.12705311179161072,
            0.004658925347030163,
            0.04926520958542824
        ],
        [
            0.11683648079633713,
            0.0043219043873250484,
            0.043156251311302185
        ],
        [
            0.12366469204425812,
            0.0023584584705531597,
            0.04909122735261917
        ],
        [
            0.13105440139770508,
            0.0006896818522363901,
            0.0549982450902462
        ],
        [
            0.10677144676446915,
            0.0022879247553646564,
            0.05509611964225769
        ],
        [
            0.10081852227449417,
            -0.008122374303638935,
            0.05871335789561272
        ],
        [
            0.11729391664266586,
            -0.007310566958039999,
            0.0673978179693222
        ],
        [
            0.11901077628135681,
            0.0022313809022307396,
            0.06267683953046799
        ],
        [
            0.1366506814956665,
            -0.0027438520919531584,
            0.057346634566783905
        ],
        [
            0.1295853555202484,
            0.0009645554237067699,
            0.05421213433146477
        ],
        [
            0.14029568433761597,
            -0.005601146258413792,
            0.05347184091806412
        ],
        [
            0.14983467757701874,
            -0.0116184763610363,
            0.05553758144378662
        ],
        [
            0.14515289664268494,
            -0.006411219947040081,
            0.060216568410396576
        ],
        [
            0.15786682069301605,
            -0.01143602468073368,
            0.058231450617313385
        ],
        [
            0.1491958349943161,
            -0.017065461724996567,
            0.046252183616161346
        ],
        [
            0.16326940059661865,
            -0.011188406497240067,
            0.05068843811750412
        ],
        [
            0.15057632327079773,
            -0.0005720201879739761,
            0.027547460049390793
        ],
        [
            0.14850708842277527,
            0.011100192554295063,
            0.021013658493757248
        ],
        [
            0.16258031129837036,
            0.016135619953274727,
            0.02997005358338356
        ],
        [
            0.16314911842346191,
            0.004222005605697632,
            0.03661457449197769
        ],
        [
            0.15153519809246063,
            0.03188022971153259,
            0.021080084145069122
        ],
        [
            0.15851792693138123,
            0.023586682975292206,
            0.02630774676799774
        ],
        [
            0.14526337385177612,
            0.01830412819981575,
            0.016365647315979004
        ],
        [
            0.1397666335105896,
            0.026164814829826355,
            0.012295044958591461
        ],
        [
            0.12208717316389084,
            0.014977781102061272,
            0.04036220535635948
        ],
        [
            0.11167263984680176,
            0.013827888295054436,
            0.03485708683729172
        ],
        [
            0.11289538443088531,
            0.009227441623806953,
            0.036949191242456436
        ],
        [
            0.12315730005502701,
            0.010520576499402523,
            0.04286074638366699
        ],
        [
            0.1428247094154358,
            -0.009802477434277534,
            0.05328070744872093
        ],
        [
            0.13793131709098816,
            -0.019469618797302246,
            0.049183439463377
        ],
        [
            0.1413968950510025,
            -0.013137184083461761,
            0.04991251230239868
        ],
        [
            0.14187364280223846,
            -0.004478953778743744,
            0.05406692251563072
        ],
        [
            0.08648417145013809,
            0.020268186926841736,
            0.023962106555700302
        ],
        [
            0.07999783754348755,
            0.0142193753272295,
            0.013613775372505188
        ],
        [
            0.08064953982830048,
            0.008646011352539062,
            0.015700627118349075
        ],
        [
            0.08653164654970169,
            0.015229015611112118,
            0.024502508342266083
        ],
        [
            0.08366759866476059,
            -0.0070017362013459206,
            0.03604459390044212
        ],
        [
            0.08123359084129333,
            -0.00860440544784069,
            0.02320103347301483
        ],
        [
            0.08269990980625153,
            -0.020928751677274704,
            0.01679055765271187
        ],
        [
            0.08784813433885574,
            -0.02154008112847805,
            0.027737490832805634
        ],
        [
            0.09080677479505539,
            -0.007211836986243725,
            0.04923331364989281
        ],
        [
            0.09174544364213943,
            -0.020602919161319733,
            0.043676093220710754
        ],
        [
            0.10222659260034561,
            -0.019724950194358826,
            0.056859154254198074
        ],
        [
            0.11958187818527222,
            -0.016603216528892517,
            0.06711210310459137
        ],
        [
            0.08019506186246872,
            0.02536476030945778,
            0.007029898464679718
        ],
        [
            0.08459460735321045,
            0.03157857060432434,
            0.013963006436824799
        ],
        [
            0.1596209555864334,
            0.012072832323610783,
            0.09831646084785461
        ],
        [
            0.1564900130033493,
            0.017032098025083542,
            0.09686271846294403
        ],
        [
            0.1568339467048645,
            0.01448727771639824,
            0.09246358275413513
        ],
        [
            0.1599922776222229,
            0.010169708169996738,
            0.0948721393942833
        ],
        [
            0.09429445117712021,
            0.03430686146020889,
            -0.0047333501279354095
        ],
        [
            0.1011761948466301,
            0.030721517279744148,
            -0.011385597288608551
        ],
        [
            0.09456119686365128,
            0.029980532824993134,
            -0.014496244490146637
        ],
        [
            0.08794757723808289,
            0.03143889456987381,
            -0.007807206362485886
        ],
        [
            0.10264469683170319,
            0.03801477700471878,
            -0.0005379617214202881
        ],
        [
            0.11001728475093842,
            0.0314667783677578,
            -0.006373785436153412
        ],
        [
            0.1721290647983551,
            0.014781772159039974,
            0.0998852401971817
        ],
        [
            0.16831757128238678,
            0.011348877102136612,
            0.10069845616817474
        ],
        [
            0.17020347714424133,
            0.009816682897508144,
            0.09633977711200714
        ],
        [
            0.1736339032649994,
            0.013440740294754505,
            0.09437929093837738
        ],
        [
            0.13981138169765472,
            -0.0007540711667388678,
            0.06067885458469391
        ],
        [
            0.13555149734020233,
            0.005726385395973921,
            0.05621970444917679
        ],
        [
            0.15420404076576233,
            0.0018143120687454939,
            0.06890499591827393
        ],
        [
            0.1479613184928894,
            0.004961336497217417,
            0.06355565786361694
        ],
        [
            0.14861427247524261,
            -0.002119980752468109,
            0.06447520107030869
        ],
        [
            0.15481089055538177,
            -0.003674575826153159,
            0.06835230439901352
        ],
        [
            0.1415160894393921,
            0.02353694848716259,
            0.050171252340078354
        ],
        [
            0.13183298707008362,
            0.020351365208625793,
            0.04423900693655014
        ],
        [
            0.13404983282089233,
            0.01529760006815195,
            0.047768283635377884
        ],
        [
            0.14436407387256622,
            0.017488621175289154,
            0.05570296198129654
        ],
        [
            0.1271059513092041,
            0.032988373190164566,
            0.039485082030296326
        ],
        [
            0.1373068243265152,
            0.03504028171300888,
            0.04545716941356659
        ],
        [
            0.1335165649652481,
            0.04207790270447731,
            0.042161975055933
        ],
        [
            0.12631076574325562,
            0.03957575932145119,
            0.03919585049152374
        ],
        [
            0.1551542729139328,
            0.034831512719392776,
            0.056217439472675323
        ],
        [
            0.1610623598098755,
            0.035286225378513336,
            0.05969313159584999
        ],
        [
            0.16144606471061707,
            0.03979912027716637,
            0.05902625247836113
        ],
        [
            0.15434148907661438,
            0.03806956857442856,
            0.05435554310679436
        ],
        [
            0.08868156373500824,
            0.028490299358963966,
            -0.018264513462781906
        ],
        [
            0.08227035403251648,
            0.02780192345380783,
            -0.010707531124353409
        ],
        [
            0.13910818099975586,
            0.049076441675424576,
            0.015468992292881012
        ],
        [
            0.1294139325618744,
            0.054935798048973083,
            0.01657729223370552
        ],
        [
            0.1384771466255188,
            0.06142888590693474,
            0.02244318649172783
        ],
        [
            0.14654763042926788,
            0.053415145725011826,
            0.019636498764157295
        ],
        [
            0.10801909863948822,
            0.022979822009801865,
            -0.013431694358587265
        ],
        [
            0.10181485861539841,
            0.023849355056881905,
            -0.018253199756145477
        ],
        [
            0.17306864261627197,
            0.020675018429756165,
            0.09798434376716614
        ],
        [
            0.174013152718544,
            0.0190545953810215,
            0.09217570722103119
        ],
        [
            0.10577559471130371,
            -0.028220180422067642,
            0.0465729683637619
        ],
        [
            0.12261202186346054,
            -0.023915346711874008,
            0.061664022505283356
        ],
        [
            0.09738599509000778,
            -0.02788246050477028,
            0.030684974044561386
        ],
        [
            0.09412164241075516,
            -0.026506036520004272,
            0.01805492863059044
        ],
        [
            0.09006347507238388,
            -0.026974795386195183,
            0.008739933371543884
        ],
        [
            0.15037304162979126,
            0.010952710174024105,
            0.063364677131176
        ],
        [
            0.13142426311969757,
            0.010216235183179379,
            0.04952211305499077
        ],
        [
            0.12077772617340088,
            0.019360801205039024,
            0.03828580304980278
        ],
        [
            0.11330699920654297,
            0.048827022314071655,
            0.03172636777162552
        ],
        [
            0.10420592129230499,
            0.04553471505641937,
            0.02694825641810894
        ],
        [
            0.10858137905597687,
            0.03798146918416023,
            0.0332331508398056
        ],
        [
            0.11604420840740204,
            0.04229656979441643,
            0.035598739981651306
        ],
        [
            0.12341763824224472,
            0.058620333671569824,
            0.02347562275826931
        ],
        [
            0.12230506539344788,
            0.05669378861784935,
            0.031227294355630875
        ],
        [
            0.1304054856300354,
            0.060193050652742386,
            0.03523551672697067
        ],
        [
            0.13204170763492584,
            0.0630476325750351,
            0.02841070294380188
        ],
        [
            0.143196702003479,
            -0.016202682629227638,
            0.05656396597623825
        ],
        [
            0.13405492901802063,
            -0.024916909635066986,
            0.05009598657488823
        ],
        [
            0.087754987180233,
            0.03451693058013916,
            0.003741629421710968
        ],
        [
            0.08260461688041687,
            0.029404664412140846,
            0.0007105357944965363
        ],
        [
            0.07778031378984451,
            0.025088351219892502,
            -0.004889227449893951
        ],
        [
            0.09813898056745529,
            0.015920568257570267,
            0.03074868954718113
        ],
        [
            0.08628246933221817,
            0.011716335080564022,
            0.02521679550409317
        ],
        [
            0.08634517341852188,
            0.008024247363209724,
            0.02852346934378147
        ],
        [
            0.09862849116325378,
            0.01274716667830944,
            0.031396206468343735
        ],
        [
            0.10634375363588333,
            0.005998325068503618,
            0.04245319217443466
        ],
        [
            0.09407491236925125,
            0.00320222950540483,
            0.044703662395477295
        ],
        [
            0.11660711467266083,
            0.0062413290143013,
            0.049504585564136505
        ],
        [
            0.08002585917711258,
            0.0006164489313960075,
            0.01796187460422516
        ],
        [
            0.07381585240364075,
            0.004414061084389687,
            0.009156730026006699
        ],
        [
            0.0748748928308487,
            -0.004229363054037094,
            0.011355340480804443
        ],
        [
            0.07374189794063568,
            0.013242248445749283,
            0.004720505326986313
        ],
        [
            0.07492630928754807,
            0.02075772173702717,
            -4.675239324569702e-05
        ],
        [
            0.0969776064157486,
            0.023160263895988464,
            -0.02529272437095642
        ],
        [
            0.07750892639160156,
            -0.012078430503606796,
            0.012822378426790237
        ],
        [
            0.12696261703968048,
            0.0010510319843888283,
            0.06665226072072983
        ],
        [
            0.13345766067504883,
            0.0013105645775794983,
            0.06908538937568665
        ],
        [
            0.13518241047859192,
            0.004422709345817566,
            0.06227569282054901
        ],
        [
            0.13009008765220642,
            0.0038245124742388725,
            0.05945731699466705
        ],
        [
            0.16598376631736755,
            -0.008016528561711311,
            0.06299817562103271
        ],
        [
            0.15949049592018127,
            -0.007237197831273079,
            0.06732907146215439
        ],
        [
            0.15174269676208496,
            -0.008728884160518646,
            0.06253805756568909
        ],
        [
            0.09421122819185257,
            0.028294309973716736,
            0.02780941128730774
        ],
        [
            0.09201516211032867,
            0.03759806230664253,
            0.01931849494576454
        ],
        [
            0.15566135942935944,
            0.007455275859683752,
            0.06863125413656235
        ],
        [
            0.17572712898254395,
            0.012251664884388447,
            0.08972401171922684
        ],
        [
            0.17200858891010284,
            0.007826882414519787,
            0.09176255762577057
        ],
        [
            0.1714458018541336,
            -0.0017474638298153877,
            0.07603570818901062
        ],
        [
            0.17594261467456818,
            0.003415296319872141,
            0.0739760771393776
        ],
        [
            0.1618335098028183,
            0.013439732603728771,
            0.06955185532569885
        ],
        [
            0.15646299719810486,
            0.0076479241251945496,
            0.07074487209320068
        ],
        [
            0.15663261711597443,
            0.009086942300200462,
            0.0716056078672409
        ],
        [
            0.15854142606258392,
            0.015626149252057076,
            0.07142560929059982
        ],
        [
            0.1564246267080307,
            0.045781444758176804,
            0.05365343764424324
        ],
        [
            0.15029305219650269,
            0.044439032673835754,
            0.05016627907752991
        ],
        [
            0.1727907359600067,
            0.01108853705227375,
            0.04808866232633591
        ],
        [
            0.17463478446006775,
            -0.001191906165331602,
            0.05001881346106529
        ],
        [
            0.16407780349254608,
            -0.006492927670478821,
            0.041797935962677
        ],
        [
            0.13869841396808624,
            0.029659761115908623,
            0.046795811504125595
        ],
        [
            0.14724206924438477,
            0.03324923664331436,
            0.05189692601561546
        ],
        [
            0.1462029367685318,
            0.03691534325480461,
            0.05012592673301697
        ],
        [
            0.15328523516654968,
            0.014709928072988987,
            0.06360730528831482
        ],
        [
            0.15811750292778015,
            0.013460483402013779,
            0.06733826547861099
        ],
        [
            0.15811632573604584,
            0.018273252993822098,
            0.06425084918737411
        ],
        [
            0.1519293338060379,
            0.019128836691379547,
            0.060412269085645676
        ],
        [
            0.12020447850227356,
            0.04910193756222725,
            0.009149793535470963
        ],
        [
            0.11297985911369324,
            0.053719568997621536,
            0.017129838466644287
        ],
        [
            0.1637950986623764,
            0.010174555703997612,
            0.09992422163486481
        ],
        [
            0.16501465439796448,
            0.008464682847261429,
            0.09620697796344757
        ],
        [
            0.12925505638122559,
            0.02637541852891445,
            0.041013456881046295
        ],
        [
            0.15045227110385895,
            -0.009434963576495647,
            0.034223686903715134
        ],
        [
            0.11897329986095428,
            0.024162083864212036,
            0.03622101992368698
        ],
        [
            0.16042473912239075,
            0.048248786479234695,
            0.03326495736837387
        ],
        [
            0.15775726735591888,
            0.053812988102436066,
            0.03787703812122345
        ],
        [
            0.1605181097984314,
            0.05415579676628113,
            0.04262210428714752
        ],
        [
            0.1649705022573471,
            0.051791153848171234,
            0.03976105898618698
        ],
        [
            0.15982376039028168,
            0.023120762780308723,
            0.08376374840736389
        ],
        [
            0.15682169795036316,
            0.01875295117497444,
            0.08650575578212738
        ],
        [
            0.15611916780471802,
            0.020295310765504837,
            0.09005440771579742
        ],
        [
            0.15938997268676758,
            0.024949243292212486,
            0.08831210434436798
        ],
        [
            0.1560918092727661,
            0.0018994002602994442,
            0.07187274098396301
        ],
        [
            0.15823976695537567,
            -0.0032813847064971924,
            0.07242624461650848
        ],
        [
            0.1592007577419281,
            -0.0009216333273798227,
            0.07626587152481079
        ],
        [
            0.1569695919752121,
            0.004500003531575203,
            0.07431414723396301
        ],
        [
            0.16369998455047607,
            -0.005914850626140833,
            0.07177719473838806
        ],
        [
            0.16522125899791718,
            -0.0032712705433368683,
            0.07652653753757477
        ],
        [
            0.1658950001001358,
            0.025150343775749207,
            0.08268775045871735
        ],
        [
            0.17293070256710052,
            0.02282131277024746,
            0.08417733758687973
        ],
        [
            0.17281775176525116,
            0.01667271926999092,
            0.0692075565457344
        ],
        [
            0.16510745882987976,
            0.019395960494875908,
            0.07127123326063156
        ],
        [
            0.1292898803949356,
            0.020374426618218422,
            0.0029453374445438385
        ],
        [
            0.12417925149202347,
            0.030148819088935852,
            0.0005229078233242035
        ],
        [
            0.13448204100131989,
            0.03616868332028389,
            0.009659186005592346
        ],
        [
            0.14504866302013397,
            0.04230159893631935,
            0.01754990592598915
        ],
        [
            0.15468481183052063,
            0.047342699021101,
            0.026276495307683945
        ],
        [
            0.16216647624969482,
            0.03731761872768402,
            0.027393357828259468
        ],
        [
            0.1293722540140152,
            0.04240445792675018,
            0.0077872127294540405
        ],
        [
            0.17198234796524048,
            0.015848994255065918,
            0.06122130900621414
        ],
        [
            0.17352552711963654,
            0.011157574132084846,
            0.05842294171452522
        ],
        [
            0.17479413747787476,
            0.014317980967462063,
            0.05490637943148613
        ],
        [
            0.116297647356987,
            0.03111867606639862,
            0.035210102796554565
        ],
        [
            0.16700968146324158,
            0.006138007156550884,
            0.09229367971420288
        ],
        [
            0.10847075283527374,
            -0.01883986033499241,
            -0.0016402453184127808
        ],
        [
            0.11133618652820587,
            -0.00783124752342701,
            -0.009582377970218658
        ],
        [
            0.11699077486991882,
            -0.007392818108201027,
            -0.0028611943125724792
        ],
        [
            0.11308003962039948,
            -0.019548889249563217,
            0.006959728896617889
        ],
        [
            0.15738700330257416,
            0.012389508076012135,
            0.08953080326318741
        ],
        [
            0.16084524989128113,
            0.007445759139955044,
            0.09161438047885895
        ],
        [
            0.14994360506534576,
            0.05114239081740379,
            0.04797382652759552
        ],
        [
            0.1553865671157837,
            0.05091299116611481,
            0.05069682002067566
        ],
        [
            0.15706339478492737,
            0.05396505445241928,
            0.048320088535547256
        ],
        [
            0.15227855741977692,
            0.05708085000514984,
            0.046602360904216766
        ],
        [
            0.12006271630525589,
            0.034402310848236084,
            -0.0007121488451957703
        ],
        [
            0.14430075883865356,
            0.06552394479513168,
            0.026123374700546265
        ],
        [
            0.1511821448802948,
            0.05850343406200409,
            0.023525454103946686
        ],
        [
            0.11527545005083084,
            0.024462366476655006,
            -0.007345125079154968
        ],
        [
            0.11998912692070007,
            0.015872273594141006,
            -0.005838494747877121
        ],
        [
            0.113150455057621,
            0.013184266164898872,
            -0.012340456247329712
        ],
        [
            0.17000703513622284,
            0.029203593730926514,
            0.03804566711187363
        ],
        [
            0.13398420810699463,
            0.013923563063144684,
            0.00668010488152504
        ],
        [
            0.12330517172813416,
            0.009721942245960236,
            -0.0024204179644584656
        ],
        [
            0.11527159810066223,
            0.006197692826390266,
            -0.010032419115304947
        ],
        [
            0.1098148450255394,
            0.004298407584428787,
            -0.01614345610141754
        ],
        [
            0.10796796530485153,
            0.012154936790466309,
            -0.017952822148799896
        ],
        [
            0.17540587484836578,
            0.017944753170013428,
            0.08693266659975052
        ],
        [
            0.17148204147815704,
            0.02519715577363968,
            0.08978791534900665
        ],
        [
            0.10307834297418594,
            0.011108268052339554,
            -0.025623194873332977
        ],
        [
            0.10491330921649933,
            0.0023326296359300613,
            -0.022784966975450516
        ],
        [
            0.12593455612659454,
            0.0019268225878477097,
            0.0019357949495315552
        ],
        [
            0.12732486426830292,
            -0.007679678499698639,
            0.008407924324274063
        ],
        [
            0.1359986960887909,
            0.006351033225655556,
            0.010777823626995087
        ],
        [
            0.1387193351984024,
            -0.0027232468128204346,
            0.017506469041109085
        ],
        [
            0.17339059710502625,
            0.018824853003025055,
            0.03670760989189148
        ],
        [
            0.16352438926696777,
            0.03158590942621231,
            0.10581032931804657
        ],
        [
            0.1649835854768753,
            0.02936941385269165,
            0.0946972668170929
        ],
        [
            0.15944290161132812,
            0.02742406353354454,
            0.0940818190574646
        ],
        [
            0.15931546688079834,
            0.03170941025018692,
            0.10504300892353058
        ],
        [
            0.16499024629592896,
            0.02706744521856308,
            0.08807110786437988
        ],
        [
            0.17029765248298645,
            0.026714198291301727,
            0.09563636034727097
        ],
        [
            0.137125626206398,
            -0.014049511402845383,
            0.02667686715722084
        ],
        [
            0.16449739038944244,
            0.0179747361689806,
            0.06733548641204834
        ],
        [
            0.12221387773752213,
            -0.020648958161473274,
            0.02093920111656189
        ],
        [
            0.13931584358215332,
            -0.022387687116861343,
            0.038980573415756226
        ],
        [
            0.1274283230304718,
            -0.026569146662950516,
            0.03767329454421997
        ],
        [
            0.10676687210798264,
            -0.027617864310741425,
            0.017996840178966522
        ],
        [
            0.11291167140007019,
            -0.03045293316245079,
            0.034453749656677246
        ],
        [
            0.09808129817247391,
            -0.025792138651013374,
            0.00035046786069869995
        ],
        [
            0.10324624925851822,
            -0.025609144940972328,
            0.00813303142786026
        ],
        [
            0.12222662568092346,
            -0.029442597180604935,
            0.0488162599503994
        ],
        [
            0.1559416800737381,
            0.017627062276005745,
            0.10707761347293854
        ],
        [
