{
    "pred_cam": [
        7.701807022094727,
        -0.10846664011478424,
        0.0571160688996315
    ],
    "pred_mano_params": {
        "global_orient": [
            [
                [
                    0.19219310581684113,
                    -0.8495267033576965,
                    0.49129027128219604
                ],
                [
                    0.9808588027954102,
                    0.18224216997623444,
                    -0.06858412176370621
                ],
                [
                    -0.03126975893974304,
                    0.4950678050518036,
                    0.868291437625885
                ]
            ]
        ],
        "hand_pose": [
            [
                [
                    0.5680445432662964,
                    -0.8006386160850525,
                    -0.19053401052951813
                ],
                [
                    0.8013546466827393,
                    0.5908236503601074,
                    -0.09358493983745575
                ],
                [
                    0.18749971687793732,
                    -0.09952490031719208,
                    0.9772096276283264
                ]
            ],
            [
                [
                    0.9151625633239746,
                    -0.37124231457710266,
                    0.157024085521698
                ],
                [
                    0.40304049849510193,
                    0.8369964361190796,
                    -0.3701286315917969
                ],
                [
                    0.0059787980280816555,
                    0.40201497077941895,
                    0.9156134724617004
                ]
            ],
            [
                [
                    0.9551840424537659,
                    -0.23645853996276855,
                    0.17807528376579285
                ],
                [
                    0.15491867065429688,
                    0.9119404554367065,
                    0.3799535930156708
                ],
                [
                    -0.25223737955093384,
                    -0.33533841371536255,
                    0.9077028036117554
                ]
            ],
            [
                [
                    0.7174050807952881,
                    -0.6921977400779724,
                    -0.07869060337543488
                ],
                [
                    0.6839920878410339,
                    0.6784162521362305,
                    0.26815325021743774
                ],
                [
                    -0.13223010301589966,
                    -0.24619825184345245,
                    0.960157036781311
                ]
            ],
            [
                [
                    0.8303804993629456,
                    -0.5183594822883606,
                    -0.20438119769096375
                ],
                [
                    0.556135892868042,
                    0.7936543226242065,
                    0.2466285079717636
                ],
                [
                    0.03436581417918205,
                    -0.31845924258232117,
                    0.9473133683204651
                ]
            ],
            [
                [
                    0.7825596332550049,
                    -0.6075483560562134,
                    0.13596126437187195
                ],
                [
                    0.6118687391281128,
                    0.7908645272254944,
                    0.01224401593208313
                ],
                [
                    -0.1149657741189003,
                    0.07360877096652985,
                    0.9906384944915771
                ]
            ],
            [
                [
                    0.2093103975057602,
                    -0.9597252607345581,
                    -0.18739448487758636
                ],
                [
                    0.48533353209495544,
                    -0.06440794467926025,
                    0.8719536066055298
                ],
                [
                    -0.8489055037498474,
                    -0.27345776557922363,
                    0.4523055851459503
                ]
            ],
            [
                [
                    0.42854586243629456,
                    -0.8364310264587402,
                    -0.3416599929332733
                ],
                [
                    0.7274237871170044,
                    0.09511159360408783,
                    0.679564893245697
                ],
                [
                    -0.535913348197937,
                    -0.5397562980651855,
                    0.6491994857788086
                ]
            ],
            [
                [
                    0.6670637726783752,
                    -0.7427928447723389,
                    0.05731216073036194
                ],
                [
                    0.5285706520080566,
                    0.5260857343673706,
                    0.6662182807922363
                ],
                [
                    -0.5250133275985718,
                    -0.4141165614128113,
                    0.7435512542724609
                ]
            ],
            [
                [
                    0.031833466142416,
                    -0.9994627237319946,
                    -0.0077988747507333755
                ],
                [
                    0.8959325551986694,
                    0.02507541887462139,
                    0.4434818625450134
                ],
                [
                    -0.44304805994033813,
                    -0.02110481448471546,
                    0.8962494134902954
                ]
            ],
            [
                [
                    0.4035913944244385,
                    -0.892985999584198,
                    -0.19922339916229248
                ],
                [
                    0.7874711751937866,
                    0.22816531360149384,
                    0.5725641250610352
                ],
                [
                    -0.46583589911460876,
                    -0.38796466588974,
                    0.7952862977981567
                ]
            ],
            [
                [
                    0.5342224836349487,
                    -0.8399772644042969,
                    0.09510265290737152
                ],
                [
                    0.7506872415542603,
                    0.5231192708015442,
                    0.4035031795501709
                ],
                [
                    -0.3886835277080536,
                    -0.14416815340518951,
                    0.9100223183631897
                ]
            ],
            [
                [
                    0.9490037560462952,
                    -0.15957042574882507,
                    -0.2718992233276367
                ],
                [
                    -0.19320642948150635,
                    0.3871445059776306,
                    -0.9015489220619202
                ],
                [
                    0.24912485480308533,
                    0.9081059694290161,
                    0.3365715444087982
                ]
            ],
            [
                [
                    0.9498297572135925,
                    -0.3126533627510071,
                    0.008445966057479382
                ],
                [
                    0.2474975287914276,
                    0.7678507566452026,
                    0.5908893346786499
                ],
                [
                    -0.19122877717018127,
                    -0.5591538548469543,
                    0.8067084550857544
                ]
            ],
            [
                [
                    0.9576734900474548,
                    -0.2745244801044464,
                    -0.0865887925028801
                ],
                [
                    0.1764155626296997,
                    0.797430694103241,
                    -0.577045738697052
                ],
                [
                    0.22746175527572632,
                    0.5373459458351135,
                    0.8121086359024048
                ]
            ]
        ],
        "betas": [
            -0.11791688203811646,
            -0.060580700635910034,
            -0.003042280673980713,
            -0.0402093231678009,
            0.032388269901275635,
            -0.03738246113061905,
            -0.0038444101810455322,
            0.05745674669742584,
            -0.010211005806922913,
            -0.013151675462722778
        ]
    },
    "pred_cam_t": [
        -0.10846664011478424,
        0.0571160688996315,
        5.071861743927002
    ],
    "focal_length": [
        5000.0,
        5000.0
    ],
    "pred_keypoints_3d": [
        [
            0.09623298048973083,
            0.006435636896640062,
            0.006225864868611097
        ],
        [
            0.11761796474456787,
            -0.021964317187666893,
            0.021831907331943512
        ],
        [
            0.12943953275680542,
            -0.0502891018986702,
            0.017509672790765762
        ],
        [
            0.13705721497535706,
            -0.0758308693766594,
            0.011881067417562008
        ],
        [
            0.14966315031051636,
            -0.1016789972782135,
            -0.008646463043987751
        ],
        [
            0.09385854005813599,
            -0.08282230794429779,
            0.024472054094076157
        ],
        [
            0.10798601061105728,
            -0.10876957327127457,
            0.0094339894130826
        ],
        [
            0.12420372664928436,
            -0.11556316912174225,
            -0.004303032532334328
        ],
        [
            0.14562341570854187,
            -0.12013345956802368,
            -0.015324275940656662
        ],
        [
            0.07754285633563995,
            -0.0869639664888382,
            0.005528339184820652
        ],
        [
            0.09069620072841644,
            -0.1136864423751831,
            -0.005942369811236858
        ],
        [
            0.11102175712585449,
            -0.12012049555778503,
            -0.015646260231733322
        ],
        [
            0.13623134791851044,
            -0.11777952313423157,
            -0.01858113892376423
        ],
        [
            0.07058786600828171,
            -0.0730753093957901,
            -0.01647982746362686
        ],
        [
            0.09755247831344604,
            -0.08158549666404724,
            -0.02320156991481781
        ],
        [
            0.10946203023195267,
            -0.06013956665992737,
            -0.018580473959445953
        ],
        [
            0.10448338836431503,
            -0.042300790548324585,
            -0.002199530601501465
        ],
        [
            0.07004192471504211,
            -0.060267794877290726,
            -0.03433787077665329
        ],
        [
            0.09055376052856445,
            -0.06564310193061829,
            -0.03617499768733978
        ],
        [
            0.09641309082508087,
            -0.04917038232088089,
            -0.02847294881939888
        ],
        [
            0.08549221605062485,
            -0.039336808025836945,
            -0.016977842897176743
        ]
    ],
    "pred_vertices": [
        [
            0.1083158627152443,
            -0.04656179994344711,
            0.013082322664558887
        ],
        [
            0.11047579348087311,
            -0.035667210817337036,
            0.01110210083425045
        ],
        [
            0.114131860435009,
            -0.04372405633330345,
            0.011607042513787746
        ],
        [
            0.1124664694070816,
            -0.05322382226586342,
            0.016295231878757477
        ],
        [
            0.1267099827528,
            -0.02796163409948349,
            0.003954511135816574
        ],
        [
            0.13511165976524353,
            -0.02274060994386673,
            0.010845487006008625
        ],
        [
            0.13791728019714355,
            -0.03926794230937958,
            0.009634418413043022
        ],
        [
            0.13070082664489746,
            -0.0412377193570137,
            0.0028070975095033646
        ],
        [
            0.11426474153995514,
            -0.05918534845113754,
            0.01895010471343994
        ],
        [
            0.11742913722991943,
            -0.05114364251494408,
            0.011553019285202026
        ],
        [
            0.1136680543422699,
            -0.060752976685762405,
            0.021249020472168922
        ],
        [
            0.10595352947711945,
            -0.06621189415454865,
            0.03248225152492523
        ],
        [
            0.10924931615591049,
            -0.06573938578367233,
            0.026459230110049248
        ],
        [
            0.10062275826931,
            -0.07208123803138733,
            0.03550773113965988
        ],
        [
            0.10083495825529099,
            -0.05891122668981552,
            0.0384635254740715
        ],
        [
            0.09136161208152771,
            -0.07096575200557709,
            0.037885475903749466
        ],
        [
            0.07801841199398041,
            -0.04623052850365639,
            0.02654924988746643
        ],
        [
            0.07138261198997498,
            -0.041628144681453705,
            0.015272502787411213
        ],
        [
            0.06679029762744904,
            -0.058955539017915726,
            0.013625222258269787
        ],
        [
            0.07486211508512497,
            -0.06193703040480614,
            0.024775147438049316
        ],
        [
            0.06249912455677986,
            -0.04861503839492798,
            -0.004254101775586605
        ],
        [
            0.06470710039138794,
            -0.05521227791905403,
            0.005450265482068062
        ],
        [
            0.06827064603567123,
            -0.03740740939974785,
            0.007785511668771505
        ],
        [
            0.06666101515293121,
            -0.03218228742480278,
            -0.0009892657399177551
        ],
        [
            0.10165904462337494,
            -0.03698737546801567,
            0.002763723023235798
        ],
        [
            0.10437653213739395,
            -0.026377279311418533,
            0.001756119541823864
        ],
        [
            0.10594824701547623,
            -0.029048677533864975,
            0.00680640060454607
        ],
        [
            0.10394346714019775,
            -0.03945394232869148,
            0.007271701470017433
        ],
        [
            0.12149400264024734,
            -0.06143181771039963,
            0.023423027247190475
        ],
        [
            0.11609671264886856,
            -0.05265030264854431,
            0.03354060277342796
        ],
        [
            0.11284297704696655,
            -0.058092352002859116,
            0.02899518609046936
        ],
        [
            0.1207447350025177,
            -0.06256269663572311,
            0.018025226891040802
        ],
        [
            0.11181119084358215,
            -0.0010043233633041382,
            -0.011122176423668861
        ],
        [
            0.11006667464971542,
            0.011679321527481079,
            -0.00636668037623167
        ],
        [
            0.11237116903066635,
            0.010687001049518585,
            -0.0009182225912809372
        ],
        [
            0.11305636912584305,
            -0.0006529539823532104,
            -0.006068470422178507
        ],
        [
            0.12601950764656067,
            -0.000752471387386322,
            0.012802500277757645
        ],
        [
            0.1205362007021904,
            0.008506305515766144,
            0.0154039291664958
        ],
        [
            0.11879514902830124,
            0.013408072292804718,
            0.027639660984277725
        ],
        [
            0.12322577834129333,
            0.003063119947910309,
            0.027960877865552902
        ],
        [
            0.13125203549861908,
            -0.011850297451019287,
            0.011711126193404198
        ],
        [
            0.13159485161304474,
            -0.008343443274497986,
            0.024811359122395515
        ],
        [
            0.13675081729888916,
            -0.021103039383888245,
            0.02195429801940918
        ],
        [
            0.13962151110172272,
            -0.03882838785648346,
            0.018799198791384697
        ],
        [
            0.10242706537246704,
            0.01440151035785675,
            -0.016418667510151863
        ],
        [
            0.10309542715549469,
            0.0055184513330459595,
            -0.02174030989408493
        ],
        [
            0.11960932612419128,
            -0.10229954123497009,
            0.008797848597168922
        ],
        [
            0.11769729852676392,
            -0.10115370899438858,
            0.0032059382647275925
        ],
        [
            0.11526639759540558,
            -0.0973479375243187,
            0.006314504891633987
        ],
        [
            0.11749972403049469,
            -0.09945206344127655,
            0.01119546964764595
        ],
        [
            0.08259544521570206,
            0.011194691061973572,
            -0.02007073163986206
        ],
        [
            0.07440058887004852,
            0.011457093060016632,
            -0.014156120829284191
        ],
        [
            0.07657822966575623,
            0.018427729606628418,
            -0.014977643266320229
        ],
        [
            0.08522172272205353,
            0.018270045518875122,
            -0.01879735104739666
        ],
        [
            0.07906223088502884,
            0.001886814832687378,
            -0.021717054769396782
        ],
        [
            0.07200779765844345,
            0.0016179606318473816,
            -0.012866642326116562
        ],
        [
            0.11377709358930588,
            -0.1127130389213562,
            0.013657787814736366
        ],
        [
            0.11772961169481277,
            -0.10935860872268677,
            0.014132743701338768
        ],
        [
            0.11403397470712662,
            -0.10710248351097107,
            0.017053771764039993
        ],
        [
            0.10932449996471405,
            -0.10947886109352112,
            0.016358112916350365
        ],
        [
            0.1098918616771698,
            -0.062028802931308746,
            0.02047150582075119
        ],
        [
            0.10703179240226746,
            -0.05642746388912201,
            0.014002691954374313
        ],
        [
            0.10412318259477615,
            -0.07645238190889359,
            0.020761072635650635
        ],
        [
            0.10402482002973557,
            -0.06943638622760773,
            0.017630161717534065
        ],
        [
            0.10643661767244339,
            -0.06966784596443176,
            0.024125268682837486
        ],
        [
            0.10545323044061661,
            -0.07570363581180573,
            0.026513446122407913
        ],
        [
            0.09388464689254761,
            -0.05810043215751648,
            -0.0006275961641222239
        ],
        [
            0.09671998023986816,
            -0.046826425939798355,
            6.195204332470894e-05
        ],
        [
            0.09913806617259979,
            -0.05030530318617821,
            0.005253136157989502
        ],
        [
            0.09754728525876999,
            -0.06311845779418945,
            0.00549497501924634
        ],
        [
            0.09330536425113678,
            -0.041825633496046066,
            -0.012856725603342056
        ],
        [
            0.09023130685091019,
            -0.05308118090033531,
            -0.012134846299886703
        ],
        [
            0.0886303037405014,
            -0.048596303910017014,
            -0.01938842236995697
        ],
        [
            0.09202409535646439,
            -0.041756220161914825,
            -0.01921834424138069
        ],
        [
            0.08665579557418823,
            -0.07266286015510559,
            -0.008148057386279106
        ],
        [
            0.0857771709561348,
            -0.07860980182886124,
            -0.007381486240774393
        ],
        [
            0.08399511873722076,
            -0.07539758086204529,
            -0.008865228854119778
        ],
        [
            0.08516683429479599,
            -0.07052682340145111,
            -0.010640358552336693
        ],
        [
            0.07805424928665161,
            0.025460071861743927,
            -0.014868032187223434
        ],
        [
            0.08774932473897934,
            0.02490333467721939,
            -0.016662567853927612
        ],
        [
            0.06154591590166092,
            -0.0383305698633194,
            -0.0242056455463171
        ],
        [
            0.06760070472955704,
            -0.03186924010515213,
            -0.03155490756034851
        ],
        [
            0.06582050770521164,
            -0.04480106011033058,
            -0.0357859842479229
        ],
        [
            0.057958461344242096,
            -0.04912946745753288,
            -0.02659582905471325
        ],
        [
            0.07054657489061356,
            0.009207256138324738,
            -0.004748948849737644
        ],
        [
            0.07084249705076218,
            0.016818754374980927,
            -0.0068416958674788475
        ],
        [
            0.10918448865413666,
            -0.1143631562590599,
            0.0097127016633749
        ],
        [
            0.10499180853366852,
            -0.11031538993120193,
            0.012364993803203106
        ],
        [
            0.1294577270746231,
            -0.019346319139003754,
            0.034289874136447906
        ],
        [
            0.13624002039432526,
            -0.03932807967066765,
            0.028247211128473282
        ],
        [
            0.12128350138664246,
            -0.00444919615983963,
            0.03630945831537247
        ],
        [
            0.11376626789569855,
            0.005314752459526062,
            0.03613576292991638
        ],
        [
            0.11000578850507736,
            0.014230087399482727,
            0.036230605095624924
        ],
        [
            0.1005203127861023,
            -0.0717153549194336,
            0.012543801218271255
        ],
        [
            0.10346726328134537,
            -0.049330975860357285,
            0.009220627136528492
        ],
        [
            0.09998760372400284,
            -0.03498150780797005,
            -0.001713094301521778
        ],
        [
            0.09248699247837067,
            -0.0288650281727314,
            -0.0313178226351738
        ],
        [
            0.09581226110458374,
            -0.019117653369903564,
            -0.03058720752596855
        ],
        [
            0.09968239068984985,
            -0.025396686047315598,
            -0.022563040256500244
        ],
        [
            0.09543152153491974,
            -0.03256075084209442,
            -0.02457495406270027
        ],
        [
            0.07623745501041412,
            -0.03198328614234924,
            -0.037117812782526016
        ],
        [
            0.08372804522514343,
            -0.03517023101449013,
            -0.03598330169916153
        ],
        [
            0.08142915368080139,
            -0.04222249239683151,
            -0.03655276447534561
        ],
        [
            0.07390017807483673,
            -0.04167420044541359,
            -0.03874903917312622
        ],
        [
            0.1270335614681244,
            -0.0601218119263649,
            0.02817554958164692
        ],
        [
            0.12068263441324234,
            -0.04779014363884926,
            0.03654743731021881
        ],
        [
            0.09284760057926178,
            0.00991789996623993,
            -0.02284291759133339
        ],
        [
            0.0952964648604393,
            0.016465984284877777,
            -0.019123192876577377
        ],
        [
            0.09552226960659027,
            0.02446521818637848,
            -0.015852779150009155
        ],
        [
            0.10937753319740295,
            -0.01378186047077179,
            -0.003617720678448677
        ],
        [
            0.11407983303070068,
            -0.00040406733751296997,
            -0.0025542089715600014
        ],
        [
            0.11621540784835815,
            -0.00200730562210083,
            0.00106749776750803
        ],
        [
            0.10936020314693451,
            -0.014558553695678711,
            6.709806621074677e-05
        ],
        [
            0.11435411870479584,
            -0.025367185473442078,
            0.006417950615286827
        ],
        [
            0.12249815464019775,
            -0.014951460063457489,
            0.005035910755395889
        ],
        [
            0.11768044531345367,
            -0.035722315311431885,
            0.004400899633765221
        ],
        [
            0.11584663391113281,
            0.010953016579151154,
            0.0066224755719304085
        ],
        [
            0.11328692734241486,
            0.0207018181681633,
            0.0017116935923695564
        ],
        [
            0.1161552295088768,
            0.019767582416534424,
            0.01016040239483118
        ],
        [
            0.10799168795347214,
            0.022456102073192596,
            -0.006427783519029617
        ],
        [
            0.10195641219615936,
            0.02378702163696289,
            -0.012910258024930954
        ],
        [
            0.06906446069478989,
            0.025245308876037598,
            -0.006940735504031181
        ],
        [
            0.11743266135454178,
            0.018109582364559174,
            0.0182545967400074
        ],
        [
            0.13326393067836761,
            -0.05016375333070755,
            0.004273651167750359
        ],
        [
            0.1361853927373886,
            -0.05787200480699539,
            0.005641032010316849
        ],
        [
            0.12864239513874054,
            -0.05985407158732414,
            0.0050735753029584885
        ],
        [
            0.12535467743873596,
            -0.053011391311883926,
            0.004210752435028553
        ],
        [
            0.09757211059331894,
            -0.08013734966516495,
            0.03513810783624649
        ],
        [
            0.10373470932245255,
            -0.07801812887191772,
            0.031382687389850616
        ],
        [
            0.10599148273468018,
            -0.07039083540439606,
            0.0309576578438282
        ],
        [
            0.10763689130544662,
            -0.010282531380653381,
            -0.01700458489358425
        ],
        [
            0.10057558864355087,
            -0.004302658140659332,
            -0.02586236596107483
        ],
        [
            0.10091884434223175,
            -0.0785047709941864,
            0.01570916175842285
        ],
        [
            0.10514537245035172,
            -0.10767906159162521,
            0.019048307090997696
        ],
        [
            0.11029788106679916,
            -0.10481419414281845,
            0.020358745008707047
        ],
        [
            0.10192697495222092,
            -0.09157126396894455,
            0.030029738321900368
        ],
        [
            0.09612926095724106,
            -0.09530636668205261,
            0.028341319411993027
        ],
        [
            0.09531509876251221,
            -0.08499649167060852,
            0.012331288307905197
        ],
        [
            0.10099656879901886,
            -0.08075585961341858,
            0.014839217066764832
        ],
        [
            0.10085093975067139,
            -0.08212122321128845,
            0.013703570701181889
        ],
        [
            0.0972282811999321,
            -0.08564533293247223,
            0.009271537885069847
        ],
        [
            0.08240197598934174,
            -0.06858496367931366,
            -0.015547918155789375
        ],
        [
            0.08384471386671066,
            -0.06503923237323761,
            -0.017293740063905716
        ],
        [
            0.0749141052365303,
            -0.07733631879091263,
            0.020136123523116112
        ],
        [
            0.07912314683198929,
            -0.0787125751376152,
            0.03323343023657799
        ],
        [
            0.08187665045261383,
            -0.06562579423189163,
            0.03480558097362518
        ],
        [
            0.09168021380901337,
            -0.054505351930856705,
            -0.006874861195683479
        ],
        [
            0.08893696963787079,
            -0.0642583966255188,
            -0.008163629099726677
        ],
        [
            0.08752012997865677,
            -0.062407538294792175,
            -0.011570492759346962
        ],
        [
            0.0978323370218277,
            -0.07448293268680573,
            0.009807746857404709
        ],
        [
            0.09679853916168213,
            -0.08046159893274307,
            0.01134781539440155
        ],
        [
            0.09434019774198532,
            -0.07842975854873657,
            0.007748550735414028
        ],
        [
            0.09562104940414429,
            -0.07180793583393097,
            0.005691168829798698
        ],
        [
            0.07058458775281906,
            -0.019078128039836884,
            -0.028208835050463676
        ],
        [
            0.08022986352443695,
            -0.019807130098342896,
            -0.035132523626089096
        ],
        [
            0.11974077671766281,
            -0.10538963973522186,
            0.012525970116257668
        ],
        [
            0.11689528822898865,
            -0.10304627567529678,
            0.015223543159663677
        ],
        [
            0.09461662173271179,
            -0.043562132865190506,
            -0.006102198734879494
        ],
        [
            0.0861368179321289,
            -0.050798576325178146,
            0.03415404632687569
        ],
        [
            0.09858328104019165,
            -0.03292882442474365,
            -0.006672747898846865
        ],
        [
            0.06551959365606308,
            -0.06563252955675125,
            -0.01954667828977108
        ],
        [
            0.07217584550380707,
            -0.0655260682106018,
            -0.024855567142367363
        ],
        [
            0.07528140395879745,
            -0.06745127588510513,
            -0.024727458134293556
        ],
        [
            0.0714777261018753,
            -0.07029100507497787,
            -0.022235995158553123
        ],
        [
            0.10335910320281982,
            -0.0969952717423439,
            0.0022595925256609917
        ],
        [
            0.10872203856706619,
            -0.09498997032642365,
            0.003909892402589321
        ],
        [
            0.11125864088535309,
            -0.09746487438678741,
            0.0015165861696004868
        ],
        [
            0.10637436807155609,
            -0.10026536881923676,
            -0.00022279191762208939
        ],
        [
            0.10435609519481659,
            -0.07940743118524551,
            0.019584588706493378
        ],
        [
            0.10598324239253998,
            -0.0799807608127594,
            0.025492658838629723
        ],
        [
            0.10738623887300491,
            -0.08332634717226028,
            0.022820552811026573
        ],
        [
            0.10466209053993225,
            -0.08242283016443253,
            0.017370149493217468
        ],
        [
            0.10401406139135361,
            -0.08277726173400879,
            0.03039661794900894
        ],
        [
            0.10587675124406815,
            -0.08693470060825348,
            0.027963688597083092
        ],
        [
            0.09884858131408691,
            -0.10125593841075897,
            0.004045608453452587
        ],
        [
            0.0976463183760643,
            -0.1061156839132309,
            0.009656017646193504
        ],
        [
            0.08863932639360428,
            -0.09476104378700256,
            0.016177304089069366
        ],
        [
            0.09263180196285248,
            -0.09163123369216919,
            0.009771084412932396
        ],
        [
            0.06869803369045258,
            -0.01695539802312851,
            0.00235060416162014
        ],
        [
            0.06777175515890121,
            -0.013176985085010529,
            -0.008209406398236752
        ],
        [
            0.06531356275081635,
            -0.028280485421419144,
            -0.011847607791423798
        ],
        [
            0.061376072466373444,
            -0.043617621064186096,
            -0.01586158573627472
        ],
        [
            0.05961935222148895,
            -0.05819474533200264,
            -0.018892772495746613
        ],
        [
            0.058723825961351395,
            -0.06248509883880615,
            -0.007424953393638134
        ],
        [
            0.06561780720949173,
            -0.0241076797246933,
            -0.019202131778001785
        ],
        [
            0.08424842357635498,
            -0.08482376486063004,
            0.014249841682612896
        ],
        [
            0.08194086700677872,
            -0.08567846566438675,
            0.020688414573669434
        ],
        [
            0.07835187762975693,
            -0.0828305035829544,
            0.016867928206920624
        ],
        [
            0.09787403047084808,
            -0.03125987574458122,
            -0.01400492712855339
        ],
        [
            0.11371438205242157,
            -0.10110048949718475,
            0.01901579648256302
        ],
        [
            0.08887125551700592,
            0.006817832589149475,
            0.03450300544500351
        ],
        [
            0.07878836244344711,
            0.008842967450618744,
            0.025230787694454193
        ],
        [
            0.07976233959197998,
            5.192309617996216e-05,
            0.025929700583219528
        ],
        [
            0.09220293164253235,
            -0.002573437988758087,
            0.03591440990567207
        ],
        [
            0.1134374737739563,
            -0.09488999843597412,
            0.009088462218642235
        ],
        [
            0.1155209094285965,
            -0.0968412309885025,
            0.014721727930009365
        ],
        [
            0.08354602009057999,
            -0.06325000524520874,
            -0.023480338975787163
        ],
        [
            0.08203732222318649,
            -0.06684262305498123,
            -0.021228589117527008
        ],
        [
            0.08096674084663391,
            -0.06545748561620712,
            -0.023339180275797844
        ],
        [
            0.0821232870221138,
            -0.06335894763469696,
            -0.027430441230535507
        ],
        [
            0.06841226667165756,
            -0.010015368461608887,
            -0.01340025756508112
        ],
        [
            0.07169897854328156,
            -0.05216805636882782,
            -0.0403827503323555
        ],
        [
            0.06336246430873871,
            -0.05703207105398178,
            -0.03146517276763916
        ],
        [
            0.06976699829101562,
            -0.00042361021041870117,
            -0.0046476880088448524
        ],
        [
            0.0699232742190361,
            -0.0034682154655456543,
            0.004720369819551706
        ],
        [
            0.0704730674624443,
            0.006319031119346619,
            0.005900275427848101
        ],
        [
            0.06549843400716782,
            -0.07177414000034332,
            0.0019511887803673744
        ],
        [
            0.07005278766155243,
            -0.02181416004896164,
            0.009533717297017574
        ],
        [
            0.07172386348247528,
            -0.007220089435577393,
            0.011249743402004242
        ],
        [
            0.07246514409780502,
            0.004295274615287781,
            0.01293272152543068
        ],
        [
            0.07209079712629318,
            0.012673020362854004,
            0.013723814859986305
        ],
        [
            0.07004108279943466,
            0.01403413712978363,
            0.0059143295511603355
        ],
        [
            0.10071182996034622,
            -0.10771028697490692,
            0.014616601169109344
        ],
        [
            0.10171143710613251,
            -0.10940022766590118,
            0.006266510114073753
        ],
        [
            0.06795789301395416,
            0.022970102727413177,
            0.006187702529132366
        ],
        [
            0.07099367678165436,
            0.02103313058614731,
            0.014797881245613098
        ],
        [
            0.07507466524839401,
            -0.010893560945987701,
            0.019104283303022385
        ],
        [
            0.08111834526062012,
            -0.015408307313919067,
            0.028345119208097458
        ],
        [
            0.07361407577991486,
            -0.024860069155693054,
            0.01705659180879593
        ],
        [
            0.07900261878967285,
            -0.030347615480422974,
            0.026050930842757225
        ],
        [
            0.06410228461027145,
            -0.07191822677850723,
            0.013302015140652657
        ],
        [
            0.114649698138237,
            -0.11722521483898163,
            -0.005831792950630188
        ],
        [
            0.10674189031124115,
            -0.11037725955247879,
            -0.0015724021941423416
        ],
        [
            0.10954821109771729,
            -0.10545341670513153,
            -0.0031042862683534622
        ],
        [
            0.11583144962787628,
            -0.1136915311217308,
            -0.007894836366176605
        ],
        [
            0.10263878107070923,
            -0.1046798974275589,
            0.0012637972831726074
        ],
        [
            0.10614033043384552,
            -0.11341234296560287,
            0.003476017154753208
        ],
        [
            0.09038805216550827,
            -0.03545239195227623,
            0.03548860922455788
        ],
        [
            0.09235076606273651,
            -0.08404280245304108,
            0.0093990508466959
        ],
        [
            0.09729582816362381,
            -0.019844673573970795,
            0.03821549192070961
        ],
        [
            0.10308846831321716,
            -0.045961298048496246,
            0.04111536592245102
        ],
        [
            0.11056309193372726,
            -0.03479846566915512,
            0.04145034775137901
        ],
        [
            0.10642706602811813,
            -0.0043029263615608215,
            0.04067421332001686
        ],
        [
            0.1169852763414383,
            -0.019516117870807648,
            0.04188194125890732
        ],
        [
            0.09879406541585922,
            0.013896547257900238,
            0.037990450859069824
        ],
        [
            0.1008501946926117,
            0.004796773195266724,
            0.03870252147316933
        ],
        [
