{
    "pred_cam": [
        7.92884635925293,
        0.09918399900197983,
        0.0508686825633049
    ],
    "pred_mano_params": {
        "global_orient": [
            [
                [
                    0.14972060918807983,
                    -0.25580212473869324,
                    -0.9550650119781494
                ],
                [
                    0.8945395946502686,
                    0.44651198387145996,
                    0.020639754831790924
                ],
                [
                    0.4211682379245758,
                    -0.8574336171150208,
                    0.29567715525627136
                ]
            ]
        ],
        "hand_pose": [
            [
                [
                    0.7834873795509338,
                    -0.5450964570045471,
                    -0.29835784435272217
                ],
                [
                    0.572895884513855,
                    0.8195980191230774,
                    0.007027310784906149
                ],
                [
                    0.24070294201374054,
                    -0.1764337718486786,
                    0.9544281959533691
                ]
            ],
            [
                [
                    0.8497475981712341,
                    -0.5008830428123474,
                    0.16445432603359222
                ],
                [
                    0.5271697640419006,
                    0.8100318312644958,
                    -0.256788969039917
                ],
                [
                    -0.004591988865286112,
                    0.3049011528491974,
                    0.9523729681968689
                ]
            ],
            [
                [
                    0.8741043210029602,
                    -0.4752874970436096,
                    0.1002170592546463
                ],
                [
                    0.4623715281486511,
                    0.8773747682571411,
                    0.12816466391086578
                ],
                [
                    -0.1488429754972458,
                    -0.06569176912307739,
                    0.9866764545440674
                ]
            ],
            [
                [
                    0.5367462038993835,
                    -0.8118253946304321,
                    -0.22987626492977142
                ],
                [
                    0.8424950242042542,
                    0.5008594989776611,
                    0.19834783673286438
                ],
                [
                    -0.04588809236884117,
                    -0.30013203620910645,
                    0.9527932405471802
                ]
            ],
            [
                [
                    0.4457941949367523,
                    -0.8571544885635376,
                    -0.2579801678657532
                ],
                [
                    0.8935460448265076,
                    0.408953994512558,
                    0.18528911471366882
                ],
                [
                    -0.05331937223672867,
                    -0.31311798095703125,
                    0.9482163190841675
                ]
            ],
            [
                [
                    0.8844031095504761,
                    -0.46655651926994324,
                    -0.012494050897657871
                ],
                [
                    0.4659704267978668,
                    0.8841794729232788,
                    -0.03313771262764931
                ],
                [
                    0.026507601141929626,
                    0.02348523959517479,
                    0.9993726015090942
                ]
            ],
            [
                [
                    0.3704756498336792,
                    -0.8986558318138123,
                    0.23487339913845062
                ],
                [
                    0.5069836378097534,
                    0.40751969814300537,
                    0.7595362663269043
                ],
                [
                    -0.7782772183418274,
                    -0.16231271624565125,
                    0.6065799593925476
                ]
            ],
            [
                [
                    0.6347881555557251,
                    -0.7430735230445862,
                    -0.2118626981973648
                ],
                [
                    0.6941559314727783,
                    0.427980899810791,
                    0.5787745714187622
                ],
                [
                    -0.3393988311290741,
                    -0.5144649744033813,
                    0.7874860763549805
                ]
            ],
            [
                [
                    0.9417914152145386,
                    -0.3358597755432129,
                    0.015067248605191708
                ],
                [
                    0.33087271451950073,
                    0.9338883757591248,
                    0.1355571746826172
                ],
                [
                    -0.059599339962005615,
                    -0.12268126010894775,
                    0.9906548857688904
                ]
            ],
            [
                [
                    0.37908291816711426,
                    -0.9186062216758728,
                    0.11161882430315018
                ],
                [
                    0.877255916595459,
                    0.3951371908187866,
                    0.2725594639778137
                ],
                [
                    -0.2944795787334442,
                    -0.005404361989349127,
                    0.9556425213813782
                ]
            ],
            [
                [
                    0.585459291934967,
                    -0.7910944819450378,
                    -0.1772201657295227
                ],
                [
                    0.7130511403083801,
                    0.3984728157520294,
                    0.5768687725067139
                ],
                [
                    -0.3857402503490448,
                    -0.464100182056427,
                    0.7973804473876953
                ]
            ],
            [
                [
                    0.9331696033477783,
                    -0.35940563678741455,
                    0.004700708203017712
                ],
                [
                    0.35936239361763,
                    0.9326323866844177,
                    -0.0324883833527565
                ],
                [
                    0.007292474620044231,
                    0.03200642764568329,
                    0.9994610548019409
                ]
            ],
            [
                [
                    0.842465341091156,
                    0.0801590085029602,
                    -0.5327538847923279
                ],
                [
                    -0.49370092153549194,
                    0.5107173323631287,
                    -0.7038658857345581
                ],
                [
                    0.21566542983055115,
                    0.8560037016868591,
                    0.4698362350463867
                ]
            ],
            [
                [
                    0.8126967549324036,
                    -0.4221852719783783,
                    -0.4016011953353882
                ],
                [
                    0.5630871653556824,
                    0.7462871670722961,
                    0.3549483120441437
                ],
                [
                    0.1498558670282364,
                    -0.5146018266677856,
                    0.8442322611808777
                ]
            ],
            [
                [
                    0.5005207061767578,
                    -0.8579244613647461,
                    0.11595083773136139
                ],
                [
                    0.8009471297264099,
                    0.4080636501312256,
                    -0.43814122676849365
                ],
                [
                    0.3285767734050751,
                    0.31216925382614136,
                    0.8913964629173279
                ]
            ]
        ],
        "betas": [
            -0.04590746760368347,
            -0.10538902878761292,
            -0.04373568296432495,
            0.02312961220741272,
            0.039512813091278076,
            -0.0017446540296077728,
            0.07485893368721008,
            -0.04276317358016968,
            -0.017727360129356384,
            -0.04529502987861633
        ]
    },
    "pred_cam_t": [
        -0.09918399900197983,
        0.0508686825633049,
        4.926630973815918
    ],
    "focal_length": [
        5000.0,
        5000.0
    ],
    "pred_keypoints_3d": [
        [
            0.09598986059427261,
            0.006407186388969421,
            0.006218793336302042
        ],
        [
            0.07163496315479279,
            -0.021572649478912354,
            0.017031589522957802
        ],
        [
            0.06162533909082413,
            -0.05043085664510727,
            0.012620615772902966
        ],
        [
            0.0672268271446228,
            -0.07488604635000229,
            0.0021951254457235336
        ],
        [
            0.08133131265640259,
            -0.09955111145973206,
            0.01950416900217533
        ],
        [
            0.0644029974937439,
            -0.07454413175582886,
            -0.020421521738171577
        ],
        [
            0.0702691450715065,
            -0.1071157157421112,
            -0.02108023688197136
        ],
        [
            0.0769554153084755,
            -0.12295467406511307,
            -0.006930706091225147
        ],
        [
            0.0830407589673996,
            -0.13249677419662476,
            0.015230588614940643
        ],
        [
            0.08544518053531647,
            -0.07927669584751129,
            -0.033489275723695755
        ],
        [
            0.093898706138134,
            -0.10638356953859329,
            -0.0192145686596632
        ],
        [
            0.09594476222991943,
            -0.10203760862350464,
            0.0036295391619205475
        ],
        [
            0.09548195451498032,
            -0.09069178998470306,
            0.026700597256422043
        ],
        [
            0.11027640104293823,
            -0.06929757446050644,
            -0.03285074979066849
        ],
        [
            0.11144401133060455,
            -0.09249195456504822,
            -0.015559939667582512
        ],
        [
            0.11159966140985489,
            -0.08549995720386505,
            0.008307917043566704
        ],
        [
            0.11049240082502365,
            -0.07550274580717087,
            0.03181838616728783
        ],
        [
            0.12954998016357422,
            -0.06072334200143814,
            -0.027147607877850533
        ],
        [
            0.1273346096277237,
            -0.07706593722105026,
            -0.013846322894096375
        ],
        [
            0.12557919323444366,
            -0.0715576633810997,
            0.004278752952814102
        ],
        [
            0.12346615642309189,
            -0.06166713684797287,
            0.020215623080730438
        ]
    ],
    "pred_vertices": [
        [
            0.0777815654873848,
            -0.043863605707883835,
            0.003533991053700447
        ],
        [
            0.08090783655643463,
            -0.03407852724194527,
            0.008518688380718231
        ],
        [
            0.07640466094017029,
            -0.04214651137590408,
            0.00754673033952713
        ],
        [
            0.07185554504394531,
            -0.049739398062229156,
            0.0042177122086286545
        ],
        [
            0.08138241618871689,
            -0.036273129284381866,
            0.025081176310777664
        ],
        [
            0.07296125590801239,
            -0.032561469823122025,
            0.033497679978609085
        ],
        [
            0.06817883998155594,
            -0.049142565578222275,
            0.027316493913531303
        ],
        [
            0.07711643725633621,
            -0.04934694245457649,
            0.021627627313137054
        ],
        [
            0.06688205152750015,
            -0.053881362080574036,
            0.002269083634018898
        ],
        [
            0.07294916361570358,
            -0.04913514852523804,
            0.006855551153421402
        ],
        [
            0.06436529010534286,
            -0.052159518003463745,
            -0.0012326296418905258
        ],
        [
            0.05581427738070488,
            -0.05605363845825195,
            -0.009054997935891151
        ],
        [
            0.06094779819250107,
            -0.05870731174945831,
            -0.0037531349807977676
        ],
        [
            0.053571656346321106,
            -0.061543215066194534,
            -0.01487273070961237
        ],
        [
            0.05272170901298523,
            -0.046572908759117126,
            -0.012916887179017067
        ],
        [
            0.05412634089589119,
            -0.0576305091381073,
            -0.023318283259868622
        ],
        [
            0.07214195281267166,
            -0.035552725195884705,
            -0.027173850685358047
        ],
        [
            0.08506390452384949,
            -0.03262292966246605,
            -0.030220355838537216
        ],
        [
            0.08476060628890991,
            -0.048642829060554504,
            -0.03848686069250107
        ],
        [
            0.07189574837684631,
            -0.050455257296562195,
            -0.03352633863687515
        ],
        [
            0.10434138029813766,
            -0.04124511778354645,
            -0.03619519993662834
        ],
        [
            0.09357506036758423,
            -0.046094149351119995,
            -0.03784025460481644
        ],
        [
            0.09357884526252747,
            -0.029524117708206177,
            -0.030769485980272293
        ],
        [
            0.10315289348363876,
            -0.026023294776678085,
            -0.02933761104941368
        ],
        [
            0.09092145413160324,
            -0.03659794479608536,
            0.0018877331167459488
        ],
        [
            0.09327949583530426,
            -0.026866938918828964,
            0.0074856337159872055
        ],
        [
            0.08789580315351486,
            -0.028115805238485336,
            0.007645063102245331
        ],
        [
            0.08577801287174225,
            -0.03806070238351822,
            0.002643480896949768
        ],
        [
            0.060668159276247025,
            -0.05266290158033371,
            -0.0005671698600053787
        ],
        [
            0.05299774557352066,
            -0.043465789407491684,
            0.0003174096345901489
        ],
        [
            0.057742051780223846,
            -0.04774411767721176,
            -0.0030260905623435974
        ],
        [
            0.06564879417419434,
            -0.05420977622270584,
            4.330091178417206e-05
        ],
        [
            0.10780446231365204,
            -0.0073684826493263245,
            0.022484032437205315
        ],
        [
            0.10574038326740265,
            0.006038442254066467,
            0.022986268624663353
        ],
        [
            0.09990496933460236,
            0.005736514925956726,
            0.02403549663722515
        ],
        [
            0.10291160643100739,
            -0.006258182227611542,
            0.023066403344273567
        ],
        [
            0.08115462958812714,
            -0.006669625639915466,
            0.03319009393453598
        ],
        [
            0.0821957066655159,
            0.004886128008365631,
            0.02891641855239868
        ],
        [
            0.07149548828601837,
            0.012924239039421082,
            0.02571415901184082
        ],
        [
            0.0678323358297348,
            0.0019099488854408264,
            0.027422145009040833
        ],
        [
            0.07744485139846802,
            -0.020241927355527878,
            0.034893132746219635
        ],
        [
            0.06544771045446396,
            -0.012721255421638489,
            0.03307723253965378
        ],
        [
            0.06197497621178627,
            -0.028587810695171356,
            0.03313016518950462
        ],
        [
            0.05881036818027496,
            -0.047568079084157944,
            0.02678530476987362
        ],
        [
            0.11752718687057495,
            0.00799986720085144,
            0.018233265727758408
        ],
        [
            0.1209537535905838,
            -0.0016932412981987,
            0.017674848437309265
        ],
        [
            0.06755565106868744,
            -0.10666292905807495,
            -0.008398305624723434
        ],
        [
            0.07353134453296661,
            -0.10610127449035645,
            -0.008215706795454025
        ],
        [
            0.07211408019065857,
            -0.10196077823638916,
            -0.00869101844727993
        ],
        [
            0.06648176908493042,
            -0.10344471037387848,
            -0.00902592297643423
        ],
        [
            0.12497535347938538,
            0.008037902414798737,
            -0.0007034428417682648
        ],
        [
            0.12125079333782196,
            0.01113937795162201,
            -0.009542286396026611
        ],
        [
            0.1227242648601532,
            0.017162688076496124,
            -0.005643438547849655
        ],
        [
            0.12435970455408096,
            0.014527477324008942,
            0.0032479576766490936
        ],
        [
            0.12576596438884735,
            -0.0005072280764579773,
            -0.0059297047555446625
        ],
        [
            0.11890991032123566,
            0.002509869635105133,
            -0.014376536011695862
        ],
        [
            0.06406385451555252,
            -0.1130102276802063,
            -0.018981214612722397
        ],
        [
            0.06263335794210434,
            -0.11133559048175812,
            -0.014282073825597763
        ],
        [
            0.061332158744335175,
            -0.1074402779340744,
            -0.017035961151123047
        ],
        [
            0.06334643810987473,
            -0.10793432593345642,
            -0.02194376103579998
        ],
        [
            0.06752252578735352,
            -0.05765809118747711,
            -0.0001870226114988327
        ],
        [
            0.07562895864248276,
            -0.05356615036725998,
            9.665638208389282e-05
        ],
        [
            0.06600256264209747,
            -0.07275944203138351,
            -0.008180264383554459
        ],
        [
            0.07071983814239502,
            -0.06525803357362747,
            -0.006179973483085632
        ],
        [
            0.06366266310214996,
            -0.06446915864944458,
            -0.005269767716526985
        ],
        [
            0.06023642420768738,
            -0.07061310112476349,
            -0.008313853293657303
        ],
        [
            0.09242366254329681,
            -0.05630091577768326,
            -0.009893214330077171
        ],
        [
            0.09296146780252457,
            -0.0458880178630352,
            -0.00466238334774971
        ],
        [
            0.08690828830003738,
            -0.04846889525651932,
            -0.004136195406317711
        ],
        [
            0.08492006361484528,
            -0.06050562113523483,
            -0.00872325524687767
        ],
        [
            0.10692137479782104,
            -0.043252330273389816,
            -0.004432087764143944
        ],
        [
            0.1051192581653595,
            -0.05339498817920685,
            -0.010080786421895027
        ],
        [
            0.11320541054010391,
            -0.05049426108598709,
            -0.009311433881521225
        ],
        [
            0.11332736909389496,
            -0.04435526579618454,
            -0.00452156737446785
        ],
        [
            0.09857404977083206,
            -0.07020903378725052,
            -0.019161326810717583
        ],
        [
            0.09682991355657578,
            -0.07471699267625809,
            -0.021382402628660202
        ],
        [
            0.1002490371465683,
            -0.07419860363006592,
            -0.021041899919509888
        ],
        [
            0.10202912986278534,
            -0.06879974901676178,
            -0.01916731894016266
        ],
        [
            0.12346891313791275,
            0.023590832948684692,
            -0.002614140510559082
        ],
        [
            0.12285275012254715,
            0.02079170197248459,
            0.006799392402172089
        ],
        [
            0.12514100968837738,
            -0.03564208745956421,
            -0.03104078397154808
        ],
        [
            0.13214276731014252,
            -0.03257405385375023,
            -0.022638043388724327
        ],
        [
            0.13469095528125763,
            -0.04534709081053734,
            -0.02746252343058586
        ],
        [
            0.12647080421447754,
            -0.045347150415182114,
            -0.03657526895403862
        ],
        [
            0.11276767402887344,
            0.011740893125534058,
            -0.015494337305426598
        ],
        [
            0.11599016189575195,
            0.01847173273563385,
            -0.012995574623346329
        ],
        [
            0.06906872242689133,
            -0.11362223327159882,
            -0.022686537355184555
        ],
        [
            0.06855481117963791,
            -0.10804057866334915,
            -0.0250900536775589
        ],
        [
            0.05416255071759224,
            -0.02023192122578621,
            0.025112302973866463
        ],
        [
            0.05167516693472862,
            -0.04338020458817482,
            0.021951882168650627
        ],
        [
            0.0590689554810524,
            -0.0031325221061706543,
            0.02209119126200676
        ],
        [
            0.06331369280815125,
            0.00809408724308014,
            0.01753084734082222
        ],
        [
            0.0655955970287323,
            0.0176021009683609,
            0.015908457338809967
        ],
        [
            0.07600829750299454,
            -0.06807388365268707,
            -0.008846338838338852
        ],
        [
            0.08229367434978485,
            -0.04727480560541153,
            -0.0005669482052326202
        ],
        [
            0.09586498141288757,
            -0.03546851873397827,
            0.0015379153192043304
        ],
        [
            0.12683402001857758,
            -0.03469196334481239,
            0.0012427084147930145
        ],
        [
            0.12696121633052826,
            -0.025743018835783005,
            0.006603416055440903
        ],
        [
            0.11739969998598099,
            -0.030767500400543213,
            0.007243487983942032
        ],
        [
            0.11914245784282684,
            -0.03732435405254364,
            0.001855596899986267
        ],
        [
            0.13550825417041779,
            -0.03579092398285866,
            -0.013678383082151413
        ],
        [
            0.13225550949573517,
            -0.040305737406015396,
            -0.0077217333018779755
        ],
        [
            0.13244293630123138,
            -0.04729127511382103,
            -0.012049071490764618
        ],
        [
            0.13631820678710938,
            -0.045265402644872665,
            -0.01849239133298397
        ],
        [
            0.05417142063379288,
            -0.05368185043334961,
            0.0020057260990142822
        ],
        [
            0.04890376701951027,
            -0.040587443858385086,
            0.004858391359448433
        ],
        [
            0.12505710124969482,
            0.004248499870300293,
            0.009240079671144485
        ],
        [
            0.12205788493156433,
            0.01078997552394867,
            0.012447338551282883
        ],
        [
            0.12023657560348511,
            0.019038893282413483,
            0.013918261975049973
        ],
        [
            0.0994357094168663,
            -0.017310630530118942,
            0.016342181712388992
        ],
        [
            0.09951912611722946,
            -0.005575753748416901,
            0.02379126474261284
        ],
        [
            0.09542414546012878,
            -0.007014848291873932,
            0.025434214621782303
        ],
        [
            0.09607142955064774,
            -0.01716729626059532,
            0.016096871346235275
        ],
        [
            0.08576248586177826,
            -0.028015919029712677,
            0.016210585832595825
        ],
        [
            0.08654668182134628,
            -0.02185717225074768,
            0.027732327580451965
        ],
        [
            0.08258957415819168,
            -0.039178356528282166,
            0.01354207843542099
        ],
        [
            0.09208039939403534,
            0.006730712950229645,
            0.026365891098976135
        ],
        [
            0.09884131699800491,
            0.01565103977918625,
            0.02671803906559944
        ],
        [
            0.09000161290168762,
            0.01595567911863327,
            0.02777044102549553
        ],
        [
            0.10809079557657242,
            0.016663260757923126,
            0.023574499413371086
        ],
        [
            0.11586030572652817,
            0.01774996519088745,
            0.019327010959386826
        ],
        [
            0.11790496855974197,
            0.026814676821231842,
            -0.012696582823991776
        ],
        [
            0.08169269561767578,
            0.015847593545913696,
            0.027091214433312416
        ],
        [
            0.0731690376996994,
            -0.05671687424182892,
            0.018919682130217552
        ],
        [
            0.071277916431427,
            -0.0621773824095726,
            0.016156891360878944
        ],
        [
            0.07480376958847046,
            -0.058922700583934784,
            0.010208526626229286
        ],
        [
            0.07563934475183487,
            -0.05411328002810478,
            0.011598080396652222
        ],
        [
            0.053366925567388535,
            -0.06961546838283539,
            -0.020202042534947395
        ],
        [
            0.05552677810192108,
            -0.07083555310964584,
            -0.012484829872846603
        ],
        [
            0.05685862898826599,
            -0.06278102099895477,
            -0.00797275546938181
        ],
        [
            0.11280117183923721,
            -0.016650743782520294,
            0.017360646277666092
        ],
        [
            0.12383712828159332,
            -0.011448852717876434,
            0.013714093714952469
        ],
        [
            0.0712583139538765,
            -0.07536910474300385,
            -0.010755380615592003
        ],
        [
            0.062448650598526,
            -0.10358870029449463,
            -0.024650828912854195
        ],
        [
            0.059893906116485596,
            -0.10297546535730362,
            -0.019208544865250587
        ],
        [
            0.05560298636555672,
            -0.08547060191631317,
            -0.020969437435269356
        ],
        [
            0.05837962031364441,
            -0.0864400714635849,
            -0.027299778535962105
        ],
        [
            0.07479652762413025,
            -0.08103200048208237,
            -0.01826642081141472
        ],
        [
            0.07139262557029724,
            -0.0790640190243721,
            -0.012173939496278763
        ],
        [
            0.07222674041986465,
            -0.08095572143793106,
            -0.013357906602323055
        ],
        [
            0.07698621600866318,
            -0.08343113213777542,
            -0.017273414880037308
        ],
        [
            0.10851278901100159,
            -0.06974533200263977,
            -0.01971534825861454
        ],
        [
            0.10980580747127533,
            -0.0649494081735611,
            -0.017863068729639053
        ],
        [
            0.07364526391029358,
            -0.06636212766170502,
            -0.036249302327632904
        ],
        [
            0.0603642575442791,
            -0.06419523060321808,
            -0.034998245537281036
        ],
        [
            0.060389503836631775,
            -0.052019353955984116,
            -0.029732510447502136
        ],
        [
            0.09950459748506546,
            -0.053822074085474014,
            -0.009983066469430923
        ],
        [
            0.09974609315395355,
            -0.06291745603084564,
            -0.014728836715221405
        ],
        [
            0.10371083766222,
            -0.061712127178907394,
            -0.014991981908679008
        ],
        [
            0.07875974476337433,
            -0.07073969393968582,
            -0.011668138206005096
        ],
        [
            0.07626199722290039,
            -0.07661135494709015,
            -0.01428897399455309
        ],
        [
            0.08070529252290726,
            -0.0740390419960022,
            -0.015973184257745743
        ],
        [
            0.0836833268404007,
            -0.06841117888689041,
            -0.012728155590593815
        ],
        [
            0.13030892610549927,
            -0.02024318277835846,
            -0.017463309690356255
        ],
        [
            0.13465465605258942,
            -0.024380195885896683,
            -0.007312983274459839
        ],
        [
            0.06377498060464859,
            -0.10879521071910858,
            -0.010494455695152283
        ],
        [
            0.062495309859514236,
            -0.10545593500137329,
            -0.012172717601060867
        ],
        [
            0.09987623989582062,
            -0.04370179772377014,
            -0.0047912877053022385
        ],
        [
            0.06226181611418724,
            -0.038721539080142975,
            -0.02230111137032509
        ],
        [
            0.10125882923603058,
            -0.03429598733782768,
            0.0015258975327014923
        ],
        [
            0.11532909423112869,
            -0.06108829751610756,
            -0.036025092005729675
        ],
        [
            0.11925140023231506,
            -0.06405249983072281,
            -0.02897060289978981
        ],
        [
            0.11840881407260895,
            -0.06874334067106247,
            -0.026962503790855408
        ],
        [
            0.11599405109882355,
            -0.06936385482549667,
            -0.032263368368148804
        ],
        [
            0.0800788626074791,
            -0.09776823222637177,
            -0.01705918088555336
        ],
        [
            0.07718148082494736,
            -0.09801085293292999,
            -0.011976826004683971
        ],
        [
            0.07788816094398499,
            -0.10160450637340546,
            -0.01112655270844698
        ],
        [
            0.08082757890224457,
            -0.10253279656171799,
            -0.016169467940926552
        ],
        [
            0.06606927514076233,
            -0.07806151360273361,
            -0.009865731932222843
        ],
        [
            0.059946876019239426,
            -0.0770745575428009,
            -0.010055669583380222
        ],
        [
            0.06155197322368622,
            -0.08263444900512695,
            -0.01072944886982441
        ],
        [
            0.06753524392843246,
            -0.08204862475395203,
            -0.01128808781504631
        ],
        [
            0.05561859533190727,
            -0.0777769684791565,
            -0.014734706841409206
        ],
        [
            0.056886207312345505,
            -0.08377499878406525,
            -0.014996986836194992
        ],
        [
            0.07936027646064758,
            -0.09904550760984421,
            -0.023335542529821396
        ],
        [
            0.07399987429380417,
            -0.10143862664699554,
            -0.02800881490111351
        ],
        [
            0.07197293639183044,
            -0.08561927825212479,
            -0.03074253723025322
        ],
        [
            0.0770406574010849,
            -0.08617474138736725,
            -0.024457629770040512
        ],
        [
            0.10202228277921677,
            -0.011310964822769165,
            -0.024571597576141357
        ],
        [
            0.11294914782047272,
            -0.009756974875926971,
            -0.022611282765865326
        ],
        [
            0.11443719267845154,
            -0.024322662502527237,
            -0.02762439474463463
        ],
        [
            0.116493359208107,
            -0.03863765671849251,
            -0.033993739634752274
        ],
        [
            0.11728474497795105,
            -0.05243512988090515,
            -0.03869117796421051
        ],
        [
            0.10578608512878418,
            -0.05393337830901146,
            -0.0426134318113327
        ],
        [
            0.12202047556638718,
            -0.02201780304312706,
            -0.025018058717250824
        ],
        [
            0.07597973197698593,
            -0.07698586583137512,
            -0.027622856199741364
        ],
        [
            0.07035000622272491,
            -0.07489369809627533,
            -0.03272789344191551
        ],
        [
            0.07509864121675491,
            -0.07381001114845276,
            -0.03304397687315941
        ],
        [
            0.10868529975414276,
            -0.034148089587688446,
            0.0025510862469673157
        ],
        [
            0.06062478572130203,
            -0.10157406330108643,
            -0.014095962047576904
        ],
        [
            0.07092172652482986,
            0.014424294233322144,
            -0.005713891237974167
        ],
        [
            0.08225555717945099,
            0.016185425221920013,
            -0.013274241238832474
        ],
        [
            0.07995911687612534,
            0.007800966501235962,
            -0.014494776725769043
        ],
        [
            0.06737363338470459,
            0.0053413063287734985,
            -0.00494718924164772
        ],
        [
            0.07088664919137955,
            -0.09874814748764038,
            -0.009045368060469627
        ],
        [
            0.06465321034193039,
            -0.0998348593711853,
            -0.009520190767943859
        ],
        [
            0.11627420783042908,
            -0.06479410827159882,
            -0.01729181781411171
        ],
        [
            0.11435377597808838,
            -0.06937052309513092,
            -0.019366610795259476
        ],
        [
            0.1170647069811821,
            -0.0694873183965683,
            -0.020728472620248795
        ],
        [
            0.12077344208955765,
            -0.06640571355819702,
            -0.0179021917283535
        ],
        [
            0.11825283616781235,
            -0.00796547532081604,
            -0.02031993865966797
        ],
        [
            0.13624396920204163,
            -0.05522150546312332,
            -0.024601394310593605
        ],
        [
            0.1285719871520996,
            -0.05465419590473175,
            -0.034430619329214096
        ],
        [
            0.1112385168671608,
            0.0027516186237335205,
            -0.018504414707422256
        ],
        [
            0.10173457860946655,
            0.0017912015318870544,
            -0.020791303366422653
        ],
        [
            0.102127306163311,
            0.01125633716583252,
            -0.01820983737707138
        ],
        [
            0.09389352053403854,
            -0.06286288797855377,
            -0.04079711437225342
        ],
        [
            0.09407781809568405,
            -0.014690607786178589,
            -0.025788655504584312
        ],
        [
            0.09448490291833878,
            -0.0007591545581817627,
            -0.021168004721403122
        ],
        [
            0.0946214348077774,
            0.010432496666908264,
            -0.018110118806362152
        ],
        [
            0.09534699469804764,
            0.018655486404895782,
            -0.01662025973200798
        ],
        [
            0.10350541025400162,
            0.01868058741092682,
            -0.01677144318819046
        ],
        [
            0.06813090294599533,
            -0.10297591984272003,
            -0.027430405840277672
        ],
        [
            0.07542391121387482,
            -0.10731617361307144,
            -0.02595757693052292
        ],
        [
            0.10521352291107178,
            0.027650080621242523,
            -0.016728129237890244
        ],
        [
            0.09596959501504898,
            0.02705712616443634,
            -0.015907015651464462
        ],
        [
            0.08564261347055435,
            -0.0032493993639945984,
            -0.020285572856664658
        ],
        [
            0.07488419860601425,
            -0.0064165592193603516,
            -0.017183948308229446
        ],
        [
            0.08563180267810822,
            -0.016697712242603302,
            -0.024534989148378372
        ],
        [
            0.07500385493040085,
            -0.020840000361204147,
            -0.022357186302542686
        ],
        [
            0.08341026306152344,
            -0.0609985888004303,
            -0.04453277215361595
        ],
        [
            0.0817200094461441,
            -0.12163826823234558,
            -0.015059605240821838
        ],
        [
            0.08071858435869217,
            -0.11154425144195557,
            -0.020461004227399826
        ],
        [
            0.08165037631988525,
            -0.10840366035699844,
            -0.015611857175827026
        ],
        [
            0.0837896540760994,
            -0.11892960220575333,
            -0.012429680675268173
        ],
        [
            0.08023412525653839,
            -0.10456441342830658,
            -0.02170053869485855
        ],
        [
            0.07596821337938309,
            -0.11303992569446564,
            -0.023385390639305115
        ],
        [
            0.06259340047836304,
            -0.024675223976373672,
            -0.014810958877205849
        ],
        [
            0.0785464197397232,
            -0.0785905048251152,
            -0.019263530150055885
        ],
        [
            0.06113786622881889,
            -0.010600164532661438,
            -0.0048262812197208405
        ],
        [
            0.05160774663090706,
            -0.03417818993330002,
            -0.008062919601798058
        ],
        [
            0.05103078857064247,
            -0.025763999670743942,
            0.0017193146049976349
        ],
        [
            0.05920003727078438,
            0.001998983323574066,
            0.007203618064522743
        ],
        [
            0.051919106394052505,
            -0.013943925499916077,
            0.01219901442527771
        ],
        [
            0.06645363569259644,
            0.02000567317008972,
            0.004682958126068115
        ],
        [
            0.06386670470237732,
