{
    "pred_cam": [
        11.335667610168457,
        0.1288197934627533,
        -0.02261098101735115
    ],
    "pred_mano_params": {
        "global_orient": [
            [
                [
                    -0.8347800970077515,
                    0.5477433204650879,
                    -0.055852290242910385
                ],
                [
                    -0.1256658136844635,
                    -0.2883126735687256,
                    -0.9492543935775757
                ],
                [
                    -0.5360506772994995,
                    -0.7853999137878418,
                    0.3095102906227112
                ]
            ]
        ],
        "hand_pose": [
            [
                [
                    0.5867025852203369,
                    -0.6405055522918701,
                    -0.4955126941204071
                ],
                [
                    0.7684596180915833,
                    0.633368730545044,
                    0.09118044376373291
                ],
                [
                    0.25544068217277527,
                    -0.4342772960662842,
                    0.8638017177581787
                ]
            ],
            [
                [
                    0.8442820906639099,
                    -0.48366448283195496,
                    0.2307736724615097
                ],
                [
                    0.5356451272964478,
                    0.774883508682251,
                    -0.33561861515045166
                ],
                [
                    -0.016495918855071068,
                    0.4069695472717285,
                    0.9132927656173706
                ]
            ],
            [
                [
                    0.9458698034286499,
                    0.06956090033054352,
                    0.31700399518013
                ],
                [
                    -0.11583662033081055,
                    0.9847853183746338,
                    0.1295371651649475
                ],
                [
                    -0.3031701147556305,
                    -0.15924595296382904,
                    0.9395363926887512
                ]
            ],
            [
                [
                    0.8312907218933105,
                    -0.4829252362251282,
                    -0.27520686388015747
                ],
                [
                    0.5361891984939575,
                    0.82719486951828,
                    0.168076753616333
                ],
                [
                    0.14648118615150452,
                    -0.28728362917900085,
                    0.9465787410736084
                ]
            ],
            [
                [
                    0.5273348689079285,
                    -0.8202760815620422,
                    -0.22150641679763794
                ],
                [
                    0.8426194787025452,
                    0.4713965952396393,
                    0.2603413164615631
                ],
                [
                    -0.10913436859846115,
                    -0.3239326775074005,
                    0.9397644400596619
                ]
            ],
            [
                [
                    0.9410175085067749,
                    -0.28508707880973816,
                    0.18223993480205536
                ],
                [
                    0.2862783670425415,
                    0.9579312801361084,
                    0.02030782587826252
                ],
                [
                    -0.18036282062530518,
                    0.03306132182478905,
                    0.9830443859100342
                ]
            ],
            [
                [
                    0.9447129964828491,
                    -0.3167945146560669,
                    0.08460839837789536
                ],
                [
                    0.32184475660324097,
                    0.945223867893219,
                    -0.054477084428071976
                ],
                [
                    -0.06271584331989288,
                    0.07869598269462585,
                    0.9949239492416382
                ]
            ],
            [
                [
                    0.5001340508460999,
                    -0.8644880056381226,
                    -0.0502639003098011
                ],
                [
                    0.5265938639640808,
                    0.25754600763320923,
                    0.81016606092453
                ],
                [
                    -0.6874335408210754,
                    -0.4316602945327759,
                    0.5840415954589844
                ]
            ],
            [
                [
                    0.8703814148902893,
                    -0.46721938252449036,
                    0.15537773072719574
                ],
                [
                    0.388388454914093,
                    0.8454394936561584,
                    0.36658766865730286
                ],
                [
                    -0.30263930559158325,
                    -0.258724182844162,
                    0.9173174500465393
                ]
            ],
            [
                [
                    0.8196314573287964,
                    -0.5551848411560059,
                    -0.14132998883724213
                ],
                [
                    0.5531649589538574,
                    0.831127941608429,
                    -0.056875646114349365
                ],
                [
                    0.14903980493545532,
                    -0.03156173974275589,
                    0.9883273839950562
                ]
            ],
            [
                [
                    0.5332430005073547,
                    -0.8446819186210632,
                    -0.04652188718318939
                ],
                [
                    0.6524341702461243,
                    0.37562665343284607,
                    0.6582053303718567
                ],
                [
                    -0.5384992957115173,
                    -0.38133591413497925,
                    0.7513996362686157
                ]
            ],
            [
                [
                    0.9468956589698792,
                    -0.2874843180179596,
                    0.14401833713054657
                ],
                [
                    0.2904670238494873,
                    0.9568849205970764,
                    0.00032919918885454535
                ],
                [
                    -0.1379036158323288,
                    0.0415208674967289,
                    0.9895749092102051
                ]
            ],
            [
                [
                    0.7215825915336609,
                    0.1698785424232483,
                    -0.6711631417274475
                ],
                [
                    -0.6175448894500732,
                    0.5961809158325195,
                    -0.5130367279052734
                ],
                [
                    0.3129807412624359,
                    0.7846716642379761,
                    0.5351014137268066
                ]
            ],
            [
                [
                    0.7864952087402344,
                    -0.4186731278896332,
                    -0.4540243446826935
                ],
                [
                    0.5596007704734802,
                    0.7941257953643799,
                    0.23708906769752502
                ],
                [
                    0.2612895965576172,
                    -0.4405418038368225,
                    0.8588659167289734
                ]
            ],
            [
                [
                    0.8448460102081299,
                    -0.45139700174331665,
                    0.2871859073638916
                ],
                [
                    0.5345903635025024,
                    0.6910127997398376,
                    -0.486532986164093
                ],
                [
                    0.021170437335968018,
                    0.5645723938941956,
                    0.8251118659973145
                ]
            ]
        ],
        "betas": [
            -0.15071320533752441,
            -0.097087562084198,
            0.029586374759674072,
            0.013612121343612671,
            0.03771340847015381,
            0.007674146443605423,
            0.05069682002067566,
            -0.007364228367805481,
            -0.006806984543800354,
            -0.025215059518814087
        ]
    },
    "pred_cam_t": [
        -0.1288197934627533,
        -0.02261098101735115,
        3.445981502532959
    ],
    "focal_length": [
        5000.0,
        5000.0
    ],
    "pred_keypoints_3d": [
        [
            0.09639153629541397,
            0.006447415798902512,
            0.006241349503397942
        ],
        [
            0.10658390820026398,
            -0.010758660733699799,
            0.039599351584911346
        ],
        [
            0.1315709799528122,
            -0.014142926782369614,
            0.05764292925596237
        ],
        [
            0.15295247733592987,
            0.000507887452840805,
            0.06607842445373535
        ],
        [
            0.16304847598075867,
            0.01902736723423004,
            0.09380210936069489
        ],
        [
            0.16646340489387512,
            -0.0006422102451324463,
            0.06437252461910248
        ],
        [
            0.17373161017894745,
            0.016491055488586426,
            0.09185291081666946
        ],
        [
            0.16340315341949463,
            0.022493641823530197,
            0.11071993410587311
        ],
        [
            0.15740786492824554,
            0.023087121546268463,
            0.1348227858543396
        ],
        [
            0.17539504170417786,
            0.022120090201497078,
            0.05748916417360306
        ],
        [
            0.1882825642824173,
            0.03988073766231537,
            0.08067088574171066
        ],
        [
            0.17385785281658173,
            0.04268372431397438,
            0.09892475605010986
        ],
        [
            0.15915344655513763,
            0.04021788388490677,
            0.12006208300590515
        ],
        [
            0.16452428698539734,
            0.04352475702762604,
            0.04517028480768204
        ],
        [
            0.17743359506130219,
            0.05937487632036209,
            0.06587124615907669
        ],
        [
            0.1624290496110916,
            0.05977703630924225,
            0.08582022041082382
        ],
        [
            0.14839763939380646,
            0.05592477694153786,
            0.10671314597129822
        ],
        [
            0.151248961687088,
            0.059459391981363297,
            0.037770673632621765
        ],
        [
            0.1637081503868103,
            0.07386787235736847,
            0.047295376658439636
        ],
        [
            0.15382283926010132,
            0.07520058751106262,
            0.06359894573688507
        ],
        [
            0.14127950370311737,
            0.06794702261686325,
            0.07522620260715485
        ]
    ],
    "pred_vertices": [
        [
            0.1273636519908905,
            0.0024913435336202383,
            0.048927053809165955
        ],
        [
            0.11706766486167908,
            0.002646353328600526,
            0.04300880804657936
        ],
        [
            0.12390080094337463,
            0.00012717070057988167,
            0.04882533475756645
        ],
        [
            0.13126614689826965,
            -0.00183440325781703,
            0.054498009383678436
        ],
        [
            0.10707960277795792,
            -0.0002481313422322273,
            0.05503755062818527
        ],
        [
            0.10100551694631577,
            -0.010820300318300724,
            0.058192770928144455
        ],
        [
            0.1178363561630249,
            -0.01082176249474287,
            0.06657376885414124
        ],
        [
            0.11944718658924103,
            -0.0010555288754403591,
            0.06229860708117485
        ],
        [
            0.13657300174236298,
            -0.005633874796330929,
            0.05652063712477684
        ],
        [
            0.12971828877925873,
            -0.0017882674001157284,
            0.05372098460793495
        ],
        [
            0.1395537108182907,
            -0.008605089038610458,
            0.05199164152145386
        ],
        [
            0.1494840532541275,
            -0.01466783694922924,
            0.05419624224305153
        ],
        [
            0.1451139748096466,
            -0.00950113870203495,
            0.05924840271472931
        ],
        [
            0.15778249502182007,
            -0.014724716544151306,
            0.0569969117641449
        ],
        [
            0.14859093725681305,
            -0.019789882004261017,
            0.04473384842276573
        ],
        [
            0.16296114027500153,
            -0.014328680001199245,
            0.04932720214128494
        ],
        [
            0.1504981517791748,
            -0.0027015740051865578,
            0.02680375427007675
        ],
        [
            0.14871002733707428,
            0.009205106645822525,
            0.0206889770925045
        ],
        [
            0.1628851592540741,
            0.0135344248265028,
            0.029690150171518326
        ],
        [
            0.1631687432527542,
            0.0014187712222337723,
            0.03590400516986847
        ],
        [
            0.15226958692073822,
            0.029823176562786102,
            0.02139957994222641
        ],
        [
            0.1590292751789093,
            0.02118956297636032,
            0.02630848065018654
        ],
        [
            0.14564019441604614,
            0.016621753573417664,
            0.016304928809404373
        ],
        [
            0.14034554362297058,
            0.024748962372541428,
            0.012532826513051987
        ],
        [
            0.12263302505016327,
            0.013182609342038631,
            0.04036644101142883
        ],
        [
            0.11212991178035736,
            0.012539390474557877,
            0.034934304654598236
        ],
        [
            0.11321385204792023,
            0.007900492288172245,
            0.03693004325032234
        ],
        [
            0.12358500063419342,
            0.008649601601064205,
            0.042732540518045425
        ],
        [
            0.1420341432094574,
            -0.012468382716178894,
            0.050632596015930176
        ],
        [
            0.13724388182163239,
            -0.02231133170425892,
            0.04732781648635864
        ],
        [
            0.14053642749786377,
            -0.016048073768615723,
            0.048134300857782364
        ],
        [
            0.1408924162387848,
            -0.007256021723151207,
            0.05161931365728378
        ],
        [
            0.08707398176193237,
            0.01996229961514473,
            0.024464882910251617
        ],
        [
            0.08033088594675064,
            0.01443785335868597,
            0.01400180533528328
        ],
        [
            0.08084051311016083,
            0.00878545269370079,
            0.015913385897874832
        ],
        [
            0.0869813859462738,
            0.014923209324479103,
            0.024858076125383377
        ],
        [
            0.08361475169658661,
            -0.007869431748986244,
            0.03577040135860443
        ],
        [
            0.08101797103881836,
            -0.00877363421022892,
            0.022844888269901276
        ],
        [
            0.08206938952207565,
            -0.02094830572605133,
            0.01597769558429718
        ],
        [
            0.08732008188962936,
            -0.022223150357604027,
            0.026776853948831558
        ],
        [
            0.09086912870407104,
            -0.009004713036119938,
            0.04892558604478836
        ],
        [
            0.09141937643289566,
            -0.022235359996557236,
            0.04270860552787781
        ],
        [
            0.10227755457162857,
            -0.022461827844381332,
            0.05582467094063759
        ],
        [
            0.12029507756233215,
            -0.02010761760175228,
            0.06581757962703705
        ],
        [
            0.08077365905046463,
            0.02578219771385193,
            0.007768835872411728
        ],
        [
            0.08541089296340942,
            0.031629662960767746,
            0.01485079899430275
        ],
        [
            0.16318638622760773,
            0.009107794612646103,
            0.09712092578411102
        ],
        [
            0.16003215312957764,
            0.014139233157038689,
            0.09589274972677231
        ],
        [
            0.15997712314128876,
            0.011576531454920769,
            0.0917106494307518
        ],
        [
            0.16320852935314178,
            0.007209213450551033,
            0.09387689083814621
        ],
        [
            0.09501936286687851,
            0.03468368202447891,
            -0.0038284361362457275
        ],
        [
            0.10174018144607544,
            0.031135058030486107,
            -0.010657768696546555
        ],
        [
            0.09507758915424347,
            0.030681297183036804,
            -0.013734094798564911
        ],
        [
            0.0885666161775589,
            0.03210104629397392,
            -0.006936114281415939
        ],
        [
            0.10350562632083893,
            0.03800526261329651,
            0.0004209578037261963
        ],
        [
            0.1106378510594368,
            0.031459990888834,
            -0.005693670362234116
        ],
        [
            0.17588147521018982,
            0.011562786065042019,
            0.09769438207149506
        ],
        [
            0.17205576598644257,
            0.008214947767555714,
            0.09882794320583344
        ],
        [
            0.173507958650589,
            0.006634777411818504,
            0.0944371148943901
        ],
        [
            0.17683853209018707,
            0.010130086913704872,
            0.09211879968643188
        ],
        [
            0.14004968106746674,
            -0.0036824760027229786,
            0.060047708451747894
        ],
        [
            0.13595972955226898,
            0.0030752846505492926,
            0.05583299323916435
        ],
        [
            0.1548132449388504,
            -0.0018836210947483778,
            0.06871379911899567
        ],
        [
            0.14840570092201233,
            0.0016955658793449402,
            0.06310616433620453
        ],
        [
            0.14888755977153778,
            -0.005466279573738575,
            0.06385131925344467
        ],
        [
            0.15532612800598145,
            -0.0073503972962498665,
            0.06783412396907806
        ],
        [
            0.1423703134059906,
            0.020887218415737152,
            0.050298817455768585
        ],
        [
            0.13255995512008667,
            0.01814855821430683,
            0.044327832758426666
        ],
        [
            0.13466045260429382,
            0.012934735976159573,
            0.047689758241176605
        ],
        [
            0.14510086178779602,
            0.014589008875191212,
            0.055621277540922165
        ],
        [
            0.128144308924675,
            0.031054086983203888,
            0.0400165319442749
        ],
        [
            0.1384449154138565,
            0.032640453428030014,
            0.045982785522937775
        ],
        [
            0.1348225176334381,
            0.03987286612391472,
            0.042949508875608444
        ],
        [
            0.12752825021743774,
            0.03766230493783951,
            0.03995170444250107
        ],
        [
            0.15640419721603394,
            0.03159278631210327,
            0.056694187223911285
        ],
        [
            0.16248592734336853,
            0.03176845610141754,
            0.06015760451555252
        ],
        [
            0.1631249338388443,
            0.03650088980793953,
            0.05953041836619377
        ],
        [
            0.15571510791778564,
            0.03496626019477844,
            0.054909057915210724
        ],
        [
            0.0891212522983551,
            0.02947275899350643,
            -0.017490539699792862
        ],
        [
            0.082760751247406,
            0.028717678040266037,
            -0.009893503040075302
        ],
        [
            0.14034169912338257,
            0.04754573106765747,
            0.016452360898256302
        ],
        [
            0.1308402121067047,
            0.053610559552907944,
            0.017847035080194473
        ],
        [
            0.1400814652442932,
            0.05966205149888992,
            0.023829029873013496
        ],
        [
            0.147897869348526,
            0.051546137779951096,
            0.02069062925875187
        ],
        [
            0.1083398163318634,
            0.023274879902601242,
            -0.01300935447216034
        ],
        [
            0.10211946815252304,
            0.02447623386979103,
            -0.017752308398485184
        ],
        [
            0.17678870260715485,
            0.01742345653474331,
            0.0956609770655632
        ],
        [
            0.1771620213985443,
            0.01567731238901615,
            0.08979205787181854
        ],
        [
            0.10538771003484726,
            -0.030377298593521118,
            0.045097533613443375
        ],
        [
            0.12301842868328094,
            -0.027102123945951462,
            0.059920117259025574
        ],
        [
            0.09671944379806519,
            -0.028935182839632034,
            0.0293547585606575
        ],
        [
            0.09332264959812164,
            -0.026883834972977638,
            0.016866862773895264
        ],
        [
            0.08915400505065918,
            -0.026880253106355667,
            0.007643766701221466
        ],
        [
            0.15095357596874237,
            0.007572866044938564,
            0.06315332651138306
        ],
        [
            0.13190492987632751,
            0.007883579470217228,
            0.04930718615651131
        ],
        [
            0.12143424153327942,
            0.017651302739977837,
            0.03843128681182861
        ],
        [
            0.11472746729850769,
            0.047484349459409714,
            0.03290466591715813
        ],
        [
            0.10550300776958466,
            0.04459492117166519,
            0.028107337653636932
        ],
        [
            0.10972169041633606,
            0.03674381971359253,
            0.0340946763753891
        ],
        [
            0.11731618642807007,
            0.04076923802495003,
            0.03653226047754288
        ],
        [
            0.125007763504982,
            0.05723470449447632,
            0.024906862527132034
        ],
        [
            0.12391285598278046,
            0.055102236568927765,
            0.032589711248874664
        ],
        [
            0.13210758566856384,
            0.05823285132646561,
            0.03664425015449524
        ],
        [
            0.1337469220161438,
            0.06125403940677643,
            0.029906079173088074
        ],
        [
            0.1430504322052002,
            -0.01880042999982834,
            0.053614236414432526
        ],
        [
            0.1336597204208374,
            -0.027764668688178062,
            0.048085298389196396
        ],
        [
            0.08855592459440231,
            0.03480864316225052,
            0.004706360399723053
        ],
        [
            0.08323606848716736,
            0.02995198592543602,
            0.0015610381960868835
        ],
        [
            0.07824193686246872,
            0.02595188282430172,
            -0.004115793853998184
        ],
        [
            0.09863495826721191,
            0.015123809687793255,
            0.031028712168335915
        ],
        [
            0.08663474023342133,
            0.01139992568641901,
            0.025478985160589218
        ],
        [
            0.08661000430583954,
            0.00758473202586174,
            0.028710683807730675
        ],
        [
            0.09901747107505798,
            0.011950313113629818,
            0.031618066132068634
        ],
        [
            0.10659118741750717,
            0.004472430795431137,
            0.0426383912563324
        ],
        [
            0.09431420266628265,
            0.0017294306308031082,
            0.044863030314445496
        ],
        [
            0.11694896221160889,
            0.003923372831195593,
            0.0495619997382164
        ],
        [
            0.08000383526086807,
            0.0006957435980439186,
            0.0179380364716053
        ],
        [
            0.07382258027791977,
            0.004963926039636135,
            0.009317487478256226
        ],
        [
            0.07465434074401855,
            -0.0037791701033711433,
            0.011231418699026108
        ],
        [
            0.07396483421325684,
            0.013926016166806221,
            0.0051545798778533936
        ],
        [
            0.07530831545591354,
            0.021556543186306953,
            0.0006128326058387756
        ],
        [
            0.0971936285495758,
            0.02414039522409439,
            -0.024765703827142715
        ],
        [
            0.07708937674760818,
            -0.011753007769584656,
            0.012400519102811813
        ],
        [
            0.12731681764125824,
            -0.0024055438116192818,
            0.06573250889778137
        ],
        [
            0.13365775346755981,
            -0.0017838776111602783,
            0.06703389436006546
        ],
        [
            0.13452565670013428,
            0.0014657750725746155,
            0.06028211861848831
        ],
        [
            0.12992535531520844,
            0.0004921532236039639,
            0.0585746094584465
        ],
        [
            0.1664050817489624,
            -0.011600309982895851,
            0.06169488653540611
        ],
        [
            0.16003885865211487,
            -0.010904643684625626,
            0.06645267456769943
        ],
        [
            0.1518065333366394,
            -0.012067886069417,
            0.06157032400369644
        ],
        [
            0.09505296498537064,
            0.027633335441350937,
            0.028485681861639023
        ],
        [
            0.09304174780845642,
            0.037247803062200546,
            0.020336832851171494
        ],
        [
            0.1564241647720337,
            0.003744202433153987,
            0.06862590461969376
        ],
        [
            0.1786212921142578,
            0.008881914429366589,
            0.08755874633789062
        ],
        [
            0.17500776052474976,
            0.004575944505631924,
            0.08998829126358032
        ],
        [
            0.17318028211593628,
            -0.005003503058105707,
            0.07490678131580353
        ],
        [
            0.17750275135040283,
            3.0510593205690384e-05,
            0.07236623018980026
        ],
        [
            0.1630580574274063,
            0.009783015586435795,
            0.06931032240390778
        ],
        [
            0.15767432749271393,
            0.004131016321480274,
            0.07084841281175613
        ],
        [
            0.1580657809972763,
            0.005726861767470837,
            0.07163213938474655
        ],
        [
            0.16001805663108826,
            0.012219778262078762,
            0.07113977521657944
        ],
        [
            0.15819460153579712,
            0.04275030642747879,
            0.0543665736913681
        ],
        [
            0.15181271731853485,
            0.041570354253053665,
            0.050971053540706635
        ],
        [
            0.1730910986661911,
            0.007559600751847029,
            0.04740751534700394
        ],
        [
            0.17446427047252655,
            -0.00473072100430727,
            0.04866549372673035
        ],
        [
            0.16377440094947815,
            -0.00935836136341095,
            0.0406590960919857
        ],
        [
            0.13969992101192474,
            0.027185697108507156,
            0.047132961452007294
        ],
        [
            0.148384228348732,
            0.030382193624973297,
            0.052304815500974655
        ],
        [
            0.14744065701961517,
            0.03413482755422592,
            0.05066144838929176
        ],
        [
            0.15399733185768127,
            0.011247750371694565,
            0.06347370892763138
        ],
        [
            0.15892910957336426,
            0.009715333580970764,
            0.06729813665151596
        ],
        [
            0.15902557969093323,
            0.014690758660435677,
            0.06417019665241241
        ],
        [
            0.1527685821056366,
            0.01586754061281681,
            0.06034106761217117
        ],
        [
            0.12142772972583771,
            0.0482831634581089,
            0.010310396552085876
        ],
        [
            0.11440617591142654,
            0.05284037068486214,
            0.018489159643650055
        ],
        [
            0.16744162142276764,
            0.007121510803699493,
            0.09841760993003845
        ],
        [
            0.1682811975479126,
            0.00539698451757431,
            0.09480519592761993
        ],
        [
            0.13012397289276123,
            0.024340713396668434,
            0.04131333529949188
        ],
        [
            0.15012772381305695,
            -0.01171729527413845,
            0.03311769664287567
        ],
        [
            0.11974896490573883,
            0.02256127819418907,
            0.03653329238295555
        ],
        [
            0.1617354154586792,
            0.04550281539559364,
            0.033941932022571564
        ],
        [
            0.15927283465862274,
            0.05107337236404419,
            0.03877405822277069
        ],
        [
            0.1622725874185562,
            0.0511474646627903,
            0.04327307641506195
        ],
        [
            0.16660116612911224,
            0.04869329556822777,
            0.04019301384687424
        ],
        [
            0.16242261230945587,
            0.01995151862502098,
            0.08283477276563644
        ],
        [
            0.15964096784591675,
            0.015718337148427963,
            0.08595889806747437
        ],
        [
            0.15916329622268677,
            0.017354633659124374,
            0.08927454799413681
        ],
        [
            0.16237492859363556,
            0.02192840725183487,
            0.08719811588525772
        ],
        [
            0.15736371278762817,
            -0.001583188772201538,
            0.07200689613819122
        ],
        [
            0.15942838788032532,
            -0.006845412310212851,
            0.0722133070230484
        ],
        [
            0.1610354781150818,
            -0.004149005748331547,
            0.07618531584739685
        ],
        [
            0.15866099298000336,
            0.0012141570914536715,
            0.07437406480312347
        ],
        [
            0.16495677828788757,
            -0.009352857246994972,
            0.0711391344666481
        ],
        [
            0.16704747080802917,
            -0.006466520484536886,
            0.07594985514879227
        ],
        [
            0.16837139427661896,
            0.021861093118786812,
            0.08114974945783615
        ],
        [
            0.1754671186208725,
            0.019405866041779518,
            0.08207212388515472
        ],
        [
            0.17409706115722656,
            0.013159610331058502,
            0.06760695576667786
        ],
        [
            0.16658906638622284,
            0.01592898741364479,
            0.0702461302280426
        ],
        [
            0.12965424358844757,
            0.01955832540988922,
            0.0030921511352062225
        ],
        [
            0.12479940801858902,
            0.02953358367085457,
            0.0010351985692977905
        ],
        [
            0.13532152771949768,
            0.0349707305431366,
            0.010275419801473618
        ],
        [
            0.14607596397399902,
            0.04053961858153343,
            0.018268045037984848
        ],
        [
            0.1558658480644226,
            0.045012637972831726,
            0.02709471620619297
        ],
        [
            0.16300927102565765,
            0.034717727452516556,
            0.027788089588284492
        ],
        [
            0.13038834929466248,
            0.04139189422130585,
            0.008646748960018158
        ],
        [
            0.17309753596782684,
            0.012040875852108002,
            0.060699984431266785
        ],
        [
            0.17412926256656647,
            0.00737446453422308,
            0.057262055575847626
        ],
        [
            0.17560146749019623,
            0.010606657713651657,
            0.054238736629486084
        ],
        [
            0.11726008355617523,
            0.02961576171219349,
            0.03577044606208801
        ],
        [
            0.17007683217525482,
            0.0030150124803185463,
            0.09103762358427048
        ],
        [
            0.10767184942960739,
            -0.018873538821935654,
            -0.002585187554359436
        ],
        [
            0.11078053712844849,
            -0.00769859179854393,
            -0.010160736739635468
        ],
        [
            0.11651492118835449,
            -0.007640170864760876,
            -0.003484278917312622
        ],
        [
            0.11234055459499359,
            -0.019972456619143486,
            0.0059079378843307495
        ],
        [
            0.16040906310081482,
            0.00940793938934803,
            0.0890977680683136
        ],
        [
            0.16393674910068512,
            0.004447021055966616,
            0.09090842306613922
        ],
        [
            0.1516232192516327,
            0.0483296662569046,
            0.0489383339881897
        ],
        [
            0.15722768008708954,
            0.04793727397918701,
            0.05147012323141098
        ],
        [
            0.15895138680934906,
            0.050991468131542206,
            0.04905184730887413
        ],
        [
            0.154069185256958,
            0.05428416281938553,
            0.047637633979320526
        ],
        [
            0.12080172449350357,
            0.033927686512470245,
            -2.7529895305633545e-05
        ],
        [
            0.14596277475357056,
            0.06350784748792648,
            0.02757183089852333
        ],
        [
            0.1526891142129898,
            0.05640111491084099,
            0.024700697511434555
        ],
        [
            0.11568436026573181,
            0.02435384690761566,
            -0.006940849125385284
        ],
        [
            0.12016467750072479,
            0.015599764883518219,
            -0.005752932280302048
        ],
        [
            0.11319431662559509,
            0.01331324502825737,
            -0.012273866683244705
        ],
        [
            0.17076826095581055,
            0.026091085746884346,
            0.038085684180259705
        ],
        [
            0.1341872662305832,
            0.012867615558207035,
            0.006586004048585892
        ],
        [
            0.12333039939403534,
            0.009257102385163307,
            -0.0025579482316970825
        ],
        [
            0.11513294279575348,
            0.006209447979927063,
            -0.01020752266049385
        ],
        [
            0.10956837981939316,
            0.004658704623579979,
            -0.0163302943110466
        ],
        [
            0.10793571174144745,
            0.012610968202352524,
            -0.017875663936138153
        ],
        [
            0.17811879515647888,
            0.0144945764914155,
            0.08466547727584839
        ],
        [
            0.17457221448421478,
            0.021930666640400887,
            0.087582066655159
        ],
        [
            0.10293783992528915,
            0.01194179616868496,
            -0.02553274855017662
        ],
        [
            0.1045445129275322,
            0.0030375998467206955,
            -0.02299034222960472
        ],
        [
            0.12577199935913086,
            0.0012571010738611221,
            0.0015313848853111267
        ],
        [
            0.12693986296653748,
            -0.008554864674806595,
            0.007640670984983444
        ],
        [
            0.13601842522621155,
            0.005119333975017071,
            0.010420538485050201
        ],
        [
            0.138532355427742,
            -0.0042119817808270454,
            0.016811084002256393
        ],
        [
            0.1737103909254074,
            0.015647269785404205,
            0.03634370118379593
        ],
        [
            0.16793444752693176,
            0.028532724827528,
            0.1043039858341217
        ],
        [
            0.16858938336372375,
            0.026352277025580406,
            0.0930342897772789
        ],
        [
            0.16296593844890594,
            0.024475067853927612,
            0.0928526446223259
        ],
        [
            0.163670614361763,
            0.02869308739900589,
            0.10381435602903366
        ],
        [
            0.16796772181987762,
            0.023940254002809525,
            0.08643955737352371
        ],
        [
            0.17392729222774506,
            0.023573458194732666,
            0.09353411942720413
        ],
        [
            0.13665643334388733,
            -0.015734318643808365,
            0.02554009109735489
        ],
        [
            0.16570714116096497,
            0.01414891891181469,
            0.06723951548337936
        ],
        [
            0.1215425580739975,
            -0.021748261526226997,
            0.019677672535181046
        ],
        [
            0.1385958343744278,
            -0.02468946948647499,
            0.03739078342914581
        ],
        [
            0.12674307823181152,
            -0.028549494221806526,
            0.036042992025613785
        ],
        [
            0.10593473166227341,
            -0.028272947296500206,
            0.01661151647567749
        ],
        [
            0.11221099644899368,
            -0.03198041021823883,
            0.03278917446732521
        ],
        [
            0.09711884707212448,
            -0.025603054091334343,
            -0.000754915177822113
        ],
        [
            0.102363720536232,
            -0.025821436196565628,
            0.006930425763130188
        ],
        [
            0.1219206154346466,
            -0.032016195356845856,
            0.046976275742053986
        ],
        [
            0.16025075316429138,
            0.014592158608138561,
            0.10604359209537506
        ],
        [
            0.15807774662971497,
