{
    "pred_cam": [
        8.019250869750977,
        0.10266134887933731,
        0.0495639443397522
    ],
    "pred_mano_params": {
        "global_orient": [
            [
                [
                    0.165619894862175,
                    -0.3115849792957306,
                    -0.9356734752655029
                ],
                [
                    0.8931018114089966,
                    0.44977784156799316,
                    0.00830569677054882
                ],
                [
                    0.4182572662830353,
                    -0.8370273113250732,
                    0.35276925563812256
                ]
            ]
        ],
        "hand_pose": [
            [
                [
                    0.7798439264297485,
                    -0.5342133045196533,
                    -0.32628148794174194
                ],
                [
                    0.5661122798919678,
                    0.8243210911750793,
                    0.0034202048555016518
                ],
                [
                    0.26713356375694275,
                    -0.1873791664838791,
                    0.9452664852142334
                ]
            ],
            [
                [
                    0.8312806487083435,
                    -0.526296854019165,
                    0.1788410246372223
                ],
                [
                    0.5558383464813232,
                    0.7847238183021545,
                    -0.2743214964866638
                ],
                [
                    0.004033724311739206,
                    0.32744482159614563,
                    0.9448617100715637
                ]
            ],
            [
                [
                    0.8528667688369751,
                    -0.5070584416389465,
                    0.1245390847325325
                ],
                [
                    0.4889560043811798,
                    0.8592921495437622,
                    0.15012961626052856
                ],
                [
                    -0.18313996493816376,
                    -0.0671464204788208,
                    0.9807909727096558
                ]
            ],
            [
                [
                    0.5760992169380188,
                    -0.7809159755706787,
                    -0.24141241610050201
                ],
                [
                    0.817365825176239,
                    0.5521183013916016,
                    0.164555624127388
                ],
                [
                    0.004784101620316505,
                    -0.29212260246276855,
                    0.9563689827919006
                ]
            ],
            [
                [
                    0.7079716324806213,
                    -0.6769593954086304,
                    -0.2012515515089035
                ],
                [
                    0.7056201100349426,
                    0.6660767793655396,
                    0.24174794554710388
                ],
                [
                    -0.02960456721484661,
                    -0.3131578266620636,
                    0.9492396116256714
                ]
            ],
            [
                [
                    0.8969358801841736,
                    -0.44195279479026794,
                    0.013553754426538944
                ],
                [
                    0.442127525806427,
                    0.8968222141265869,
                    -0.015271619893610477
                ],
                [
                    -0.005405972246080637,
                    0.019690152257680893,
                    0.9997915029525757
                ]
            ],
            [
                [
                    0.363407164812088,
                    -0.9143780469894409,
                    0.17846013605594635
                ],
                [
                    0.5454142093658447,
                    0.3641114830970764,
                    0.7549477815628052
                ],
                [
                    -0.7552870512008667,
                    -0.17701874673366547,
                    0.6310355067253113
                ]
            ],
            [
                [
                    0.6612116694450378,
                    -0.7253810167312622,
                    -0.1913672536611557
                ],
                [
                    0.6710082292556763,
                    0.4577762186527252,
                    0.5832570791244507
                ],
                [
                    -0.3354802429676056,
                    -0.5140654444694519,
                    0.7894235849380493
                ]
            ],
            [
                [
                    0.9446088075637817,
                    -0.3264932334423065,
                    0.03341171145439148
                ],
                [
                    0.31751585006713867,
                    0.9348770380020142,
                    0.1587093025445938
                ],
                [
                    -0.083053357899189,
                    -0.13930946588516235,
                    0.9867598414421082
                ]
            ],
            [
                [
                    0.41049209237098694,
                    -0.9076452255249023,
                    0.08761518448591232
                ],
                [
                    0.8763614296913147,
                    0.41923442482948303,
                    0.23713535070419312
                ],
                [
                    -0.25196605920791626,
                    -0.020559629425406456,
                    0.9675177335739136
                ]
            ],
            [
                [
                    0.6135408878326416,
                    -0.7751216292381287,
                    -0.1508442759513855
                ],
                [
                    0.6883066296577454,
                    0.43131524324417114,
                    0.5832676291465759
                ],
                [
                    -0.3870418965816498,
                    -0.4616857171058655,
                    0.798150897026062
                ]
            ],
            [
                [
                    0.9304167032241821,
                    -0.3652730882167816,
                    0.030004320666193962
                ],
                [
                    0.36528903245925903,
                    0.9308799505233765,
                    0.005143305286765099
                ],
                [
                    -0.02980913035571575,
                    0.006174833048135042,
                    0.9995365142822266
                ]
            ],
            [
                [
                    0.8256857991218567,
                    0.0619860403239727,
                    -0.5607144236564636
                ],
                [
                    -0.5042668581008911,
                    0.5266824960708618,
                    -0.6843394637107849
                ],
                [
                    0.2528989911079407,
                    0.8477990627288818,
                    0.4661317765712738
                ]
            ],
            [
                [
                    0.8060083985328674,
                    -0.4623284637928009,
                    -0.36959829926490784
                ],
                [
                    0.5819582939147949,
                    0.7329713702201843,
                    0.35224640369415283
                ],
                [
                    0.10805141925811768,
                    -0.4990043044090271,
                    0.8598369359970093
                ]
            ],
            [
                [
                    0.5551472902297974,
                    -0.8316443562507629,
                    0.013378649950027466
                ],
                [
                    0.7605576515197754,
                    0.5010522603988647,
                    -0.41291481256484985
                ],
                [
                    0.3366949260234833,
                    0.23940381407737732,
                    0.9106712937355042
                ]
            ]
        ],
        "betas": [
            -0.051991790533065796,
            -0.11420062184333801,
            -0.0322384238243103,
            0.02947506308555603,
            0.03920814394950867,
            0.007131282240152359,
            0.08996215462684631,
            -0.06818965077400208,
            -0.01133371889591217,
            -0.06053987145423889
        ]
    },
    "pred_cam_t": [
        -0.10266134887933731,
        0.0495639443397522,
        4.871090888977051
    ],
    "focal_length": [
        5000.0,
        5000.0
    ],
    "pred_keypoints_3d": [
        [
            0.09602047502994537,
            0.006407270208001137,
            0.0062231216579675674
        ],
        [
            0.07264021039009094,
            -0.021906310692429543,
            0.018282374367117882
        ],
        [
            0.0631851777434349,
            -0.05084586888551712,
            0.013255596160888672
        ],
        [
            0.06914212554693222,
            -0.07538241147994995,
            0.0032236045226454735
        ],
        [
            0.08515989035367966,
            -0.10090985894203186,
            0.017430443316698074
        ],
        [
            0.06371308118104935,
            -0.07472092658281326,
            -0.019101420417428017
        ],
        [
            0.07068020105361938,
            -0.10703995823860168,
            -0.02084440365433693
        ],
        [
            0.07883516699075699,
            -0.1223827451467514,
            -0.006921299733221531
        ],
        [
            0.0859241634607315,
            -0.1304633468389511,
            0.015416018664836884
        ],
        [
            0.08398395031690598,
            -0.07914161682128906,
            -0.03346201777458191
        ],
        [
            0.09452807158231735,
            -0.10677870362997055,
            -0.02184923179447651
        ],
        [
            0.10005587339401245,
            -0.11115442216396332,
            0.00040261633694171906
        ],
        [
            0.10280707478523254,
            -0.11019079387187958,
            0.02600209042429924
        ],
        [
            0.10871551185846329,
            -0.06890109181404114,
            -0.03424716740846634
        ],
        [
            0.1121586486697197,
            -0.09277532994747162,
            -0.018221789970993996
        ],
        [
            0.11368345469236374,
            -0.08782898634672165,
            0.006103742867708206
        ],
        [
            0.11296090483665466,
            -0.07976076006889343,
            0.03031381405889988
        ],
        [
            0.12821826338768005,
            -0.06015738099813461,
            -0.029639629647135735
        ],
        [
            0.1279451549053192,
            -0.07615291327238083,
            -0.015743721276521683
        ],
        [
            0.12677356600761414,
            -0.0707722008228302,
            0.0024650823324918747
        ],
        [
            0.12431846559047699,
            -0.0610075518488884,
            0.01848696544766426
        ]
    ],
    "pred_vertices": [
        [
            0.07838103175163269,
            -0.04392310604453087,
            0.004268068820238113
        ],
        [
            0.08180956542491913,
            -0.03401413559913635,
            0.009235654026269913
        ],
        [
            0.07751769572496414,
            -0.042008429765701294,
            0.008325479924678802
        ],
        [
            0.07268381118774414,
            -0.04978450760245323,
            0.005197394639253616
        ],
        [
            0.08294752240180969,
            -0.03642314672470093,
            0.02572106197476387
        ],
        [
            0.07466577738523483,
            -0.03309807926416397,
            0.03449234366416931
        ],
        [
            0.07003962993621826,
            -0.049704667180776596,
            0.028050126507878304
        ],
        [
            0.07892975956201553,
            -0.04944806545972824,
            0.02207963541150093
        ],
        [
            0.06780532747507095,
            -0.05391831696033478,
            0.0033942610025405884
        ],
        [
            0.07422060519456863,
            -0.048961374908685684,
            0.0076378993690013885
        ],
        [
            0.06526919454336166,
            -0.052320994436740875,
            -9.778700768947601e-05
        ],
        [
            0.05600721761584282,
            -0.05628740042448044,
            -0.007327379658818245
        ],
        [
            0.06136023998260498,
            -0.058900706470012665,
            -0.002246527001261711
        ],
        [
            0.05329931154847145,
            -0.061802417039871216,
            -0.01296226866543293
        ],
        [
            0.05254759639501572,
            -0.046871453523635864,
            -0.01099289208650589
        ],
        [
            0.053296804428100586,
            -0.057829856872558594,
            -0.021382633596658707
        ],
        [
            0.07066202908754349,
            -0.0355597622692585,
            -0.026020336896181107
        ],
        [
            0.08331739902496338,
            -0.03248491510748863,
            -0.02979198470711708
        ],
        [
            0.08266594260931015,
            -0.04840128868818283,
            -0.03804771602153778
        ],
        [
            0.07017037272453308,
            -0.05039244145154953,
            -0.032391257584095
        ],
        [
            0.10227999091148376,
            -0.040838100016117096,
            -0.03696666285395622
        ],
        [
            0.09147480130195618,
            -0.04577900469303131,
            -0.0379723384976387
        ],
        [
            0.09176033735275269,
            -0.029292847961187363,
            -0.03084142692387104
        ],
        [
            0.10137436538934708,
            -0.02570408210158348,
            -0.02996552363038063
        ],
        [
            0.09117211401462555,
            -0.03661985322833061,
            0.0018990077078342438
        ],
        [
            0.09378314763307571,
            -0.02686363458633423,
            0.007474049925804138
        ],
        [
            0.08850932121276855,
            -0.028087694197893143,
            0.008003950119018555
        ],
        [
            0.08614443987607956,
            -0.03810041770339012,
            0.0029615964740514755
        ],
        [
            0.06187639385461807,
            -0.05328631401062012,
            0.0005045626312494278
        ],
        [
            0.05379116162657738,
            -0.044009774923324585,
            0.0018494538962841034
        ],
        [
            0.05849596858024597,
            -0.04813585802912712,
            -0.0016471054404973984
        ],
        [
            0.06692560017108917,
            -0.05465324595570564,
            0.0009667687118053436
        ],
        [
            0.10894297063350677,
            -0.007362179458141327,
            0.021687649190425873
        ],
        [
            0.10676316916942596,
            0.00602780282497406,
            0.022398140281438828
        ],
        [
            0.10098777711391449,
            0.0056539252400398254,
            0.023796457797288895
        ],
        [
            0.10405883193016052,
            -0.00630582869052887,
            0.022598199546337128
        ],
        [
            0.08274069428443909,
            -0.007085852324962616,
            0.03411030024290085
        ],
        [
            0.08351321518421173,
            0.0045403167605400085,
            0.029758945107460022
        ],
        [
            0.0725763589143753,
            0.012468770146369934,
            0.027200311422348022
        ],
        [
            0.06906372308731079,
            0.001351088285446167,
            0.029029415920376778
        ],
        [
            0.07915367186069489,
            -0.020731952041387558,
            0.03593696653842926
        ],
        [
            0.06698742508888245,
            -0.013412203639745712,
            0.034658364951610565
        ],
        [
            0.0635322853922844,
            -0.029434073716402054,
            0.03449864685535431
        ],
        [
            0.060580313205718994,
            -0.04855408892035484,
            0.02782703936100006
        ],
        [
            0.11823490262031555,
            0.008143968880176544,
            0.016959119588136673
        ],
        [
            0.1217343658208847,
            -0.001513563096523285,
            0.016126524657011032
        ],
        [
            0.06878147274255753,
            -0.10648272931575775,
            -0.007829859852790833
        ],
        [
            0.07475947588682175,
            -0.10572498291730881,
            -0.008025044575333595
        ],
        [
            0.07312795519828796,
            -0.10169705003499985,
            -0.008311890996992588
        ],
        [
            0.06754297763109207,
            -0.10335894674062729,
            -0.00830621924251318
        ],
        [
            0.12455803900957108,
            0.008396126329898834,
            -0.002414245158433914
        ],
        [
            0.12026949971914291,
            0.011517882347106934,
            -0.010996071621775627
        ],
        [
            0.12191151082515717,
            0.01752748340368271,
            -0.007136721163988113
        ],
        [
            0.12410827726125717,
            0.01485009491443634,
            0.001627173274755478
        ],
        [
            0.12513096630573273,
            -9.974837303161621e-05,
            -0.007759883999824524
        ],
        [
            0.1177370622754097,
            0.0029010921716690063,
            -0.015758853405714035
        ],
        [
            0.06483229994773865,
            -0.11288376152515411,
            -0.01823357306420803
        ],
        [
            0.06364315748214722,
            -0.1112838163971901,
            -0.013430292718112469
        ],
        [
            0.06204883009195328,
            -0.10741482675075531,
            -0.016046278178691864
        ],
        [
            0.06376824527978897,
            -0.10774324834346771,
            -0.02109162136912346
        ],
        [
            0.06800839304924011,
            -0.057842791080474854,
            0.0010122451931238174
        ],
        [
            0.07601971924304962,
            -0.0537043958902359,
            0.0008800029754638672
        ],
        [
            0.06593888998031616,
            -0.07307325303554535,
            -0.006939318962395191
        ],
        [
            0.07078112661838531,
            -0.06545892357826233,
            -0.005178805440664291
        ],
        [
            0.06379847973585129,
            -0.0647435262799263,
            -0.003855409100651741
        ],
        [
            0.06019017472863197,
            -0.07099199295043945,
            -0.0067449528723955154
        ],
        [
            0.09214282035827637,
            -0.056260108947753906,
            -0.010124824941158295
        ],
        [
            0.09288961440324783,
            -0.045869942754507065,
            -0.004849415272474289
        ],
        [
            0.08691630512475967,
            -0.048506926745176315,
            -0.0039770957082509995
        ],
        [
            0.08476631343364716,
            -0.060553647577762604,
            -0.008535264059901237
        ],
        [
            0.10681293904781342,
            -0.043080370873212814,
            -0.005448279902338982
        ],
        [
            0.10477658361196518,
            -0.05321185290813446,
            -0.011062050238251686
        ],
        [
            0.1128595620393753,
            -0.05021291226148605,
            -0.010758010670542717
        ],
        [
            0.11321325600147247,
            -0.04410760477185249,
            -0.005933348089456558
        ],
        [
            0.09782135486602783,
            -0.07010781019926071,
            -0.01980285719037056
        ],
        [
            0.0960247740149498,
            -0.07476779073476791,
            -0.022042587399482727
        ],
        [
            0.09952840209007263,
            -0.07434482872486115,
            -0.02192205749452114
        ],
        [
            0.10126198828220367,
            -0.0686790943145752,
            -0.020038001239299774
        ],
        [
            0.12276950478553772,
            0.0239420086145401,
            -0.004107199609279633
        ],
        [
            0.12274998426437378,
            0.02107410877943039,
            0.005311019718647003
        ],
        [
            0.12333734333515167,
            -0.03507736325263977,
            -0.033074915409088135
        ],
        [
            0.13077743351459503,
            -0.031983476132154465,
            -0.025072986260056496
        ],
        [
            0.13317492604255676,
            -0.044634606689214706,
            -0.030098438262939453
        ],
        [
            0.12444557994604111,
            -0.04471499100327492,
            -0.03876139596104622
        ],
        [
            0.11143185943365097,
            0.012067638337612152,
            -0.016431106254458427
        ],
        [
            0.11472956091165543,
            0.018812015652656555,
            -0.014070140197873116
        ],
        [
            0.06961923837661743,
            -0.11328518390655518,
            -0.02226814441382885
        ],
        [
            0.06875845789909363,
            -0.10760819911956787,
            -0.02456359751522541
        ],
        [
            0.05531538277864456,
            -0.021143052726984024,
            0.026919839903712273
        ],
        [
            0.05316992476582527,
            -0.04446274787187576,
            0.023288782685995102
        ],
        [
            0.059950508177280426,
            -0.0038447976112365723,
            0.024044577032327652
        ],
        [
            0.06389831751585007,
            0.007545202970504761,
            0.01941845566034317
        ],
        [
            0.06604986637830734,
            0.017146699130535126,
            0.017767831683158875
        ],
        [
            0.07589739561080933,
            -0.06822071224451065,
            -0.008162601850926876
        ],
        [
            0.08254031836986542,
            -0.04735906794667244,
            -0.00012224726378917694
        ],
        [
            0.09605840593576431,
            -0.03545229136943817,
            0.001253204420208931
        ],
        [
            0.1269502341747284,
            -0.034335676580667496,
            -0.0009049288928508759
        ],
        [
            0.1273149996995926,
            -0.025430135428905487,
            0.004510894417762756
        ],
        [
            0.11785542964935303,
            -0.030561670660972595,
            0.005687478929758072
        ],
        [
            0.11933361738920212,
            -0.03705956041812897,
            0.00014745816588401794
        ],
        [
            0.13470934331417084,
            -0.035216592252254486,
            -0.016337035223841667
        ],
        [
            0.13186955451965332,
            -0.03979803994297981,
            -0.010221321135759354
        ],
        [
            0.13182906806468964,
            -0.046680252999067307,
            -0.01456158421933651
        ],
        [
            0.13530735671520233,
            -0.04457001015543938,
            -0.02122572250664234
        ],
        [
            0.05546543002128601,
            -0.05452607944607735,
            0.003255840390920639
        ],
        [
            0.0497962087392807,
            -0.041269246488809586,
            0.006554689258337021
        ],
        [
            0.12526783347129822,
            0.0045340582728385925,
            0.007488928735256195
        ],
        [
            0.12239272147417068,
            0.011023133993148804,
            0.010925740003585815
        ],
        [
            0.1205732449889183,
            0.01924746483564377,
            0.012561298906803131
        ],
        [
            0.10031706839799881,
            -0.017324920743703842,
            0.016048092395067215
        ],
        [
            0.10068752616643906,
            -0.005664028227329254,
            0.02356467954814434
        ],
        [
            0.09667915850877762,
            -0.007148049771785736,
            0.02550957351922989
        ],
        [
            0.09694749861955643,
            -0.01717647910118103,
            0.016085274517536163
        ],
        [
            0.08693735301494598,
            -0.02793346717953682,
            0.016880590468645096
        ],
        [
            0.08804000914096832,
            -0.022015728056430817,
            0.02843308076262474
        ],
        [
            0.08393421769142151,
            -0.03900609537959099,
            0.014075998216867447
        ],
        [
            0.09326940774917603,
            0.006538979709148407,
            0.026614125818014145
        ],
        [
            0.0999864712357521,
            0.015545099973678589,
            0.02659285068511963
        ],
        [
            0.09120666235685349,
            0.0157431960105896,
            0.02817356586456299
        ],
        [
            0.1090322956442833,
            0.016677677631378174,
            0.022913655266165733
        ],
        [
            0.1165284663438797,
            0.01787332445383072,
            0.018212486058473587
        ],
        [
            0.11657378822565079,
            0.027171075344085693,
            -0.013821791857481003
        ],
        [
            0.0828615203499794,
            0.015540964901447296,
            0.027995793148875237
        ],
        [
            0.07506268471479416,
            -0.056975483894348145,
            0.019426167011260986
        ],
        [
            0.07322610169649124,
            -0.0626906231045723,
            0.0168234184384346
        ],
        [
            0.0764608308672905,
            -0.05924510955810547,
            0.010752920061349869
        ],
        [
            0.07732013612985611,
            -0.05408360809087753,
            0.012048818171024323
        ],
        [
            0.052790310233831406,
            -0.06994103640317917,
            -0.018331846222281456
        ],
        [
            0.055323656648397446,
            -0.07122743129730225,
            -0.010708149522542953
        ],
        [
            0.056929443031549454,
            -0.06306981295347214,
            -0.006209594197571278
        ],
        [
            0.11372989416122437,
            -0.016561701893806458,
            0.01618778705596924
        ],
        [
            0.1244824230670929,
            -0.011213921010494232,
            0.011915888637304306
        ],
        [
            0.07107139378786087,
            -0.07556646317243576,
            -0.00983667653053999
        ],
        [
            0.06252824515104294,
            -0.10354642570018768,
            -0.023746712133288383
        ],
        [
            0.06025997921824455,
            -0.10309682786464691,
            -0.018138980492949486
        ],
        [
            0.055292241275310516,
            -0.08594301342964172,
            -0.019452853128314018
        ],
        [
            0.05776456370949745,
            -0.08670428395271301,
            -0.025942042469978333
        ],
        [
            0.07435522973537445,
            -0.08107000589370728,
            -0.01763268932700157
        ],
        [
            0.07124672085046768,
            -0.07921252399682999,
            -0.011331699788570404
        ],
        [
            0.07213044911623001,
            -0.08101742714643478,
            -0.012607740238308907
        ],
        [
            0.07676538825035095,
            -0.08324847370386124,
            -0.016828667372465134
        ],
        [
            0.10776836425065994,
            -0.06974143534898758,
            -0.02100500278174877
        ],
        [
            0.10902068018913269,
            -0.06472641974687576,
            -0.01913202553987503
        ],
        [
            0.07185699045658112,
            -0.06625857949256897,
            -0.03532026708126068
        ],
        [
            0.05877164006233215,
            -0.06423371285200119,
            -0.03331034258008003
        ],
        [
            0.059046126902103424,
            -0.052108682692050934,
            -0.028024068102240562
        ],
        [
            0.09918300807476044,
            -0.05370624363422394,
            -0.010621132329106331
        ],
        [
            0.09922491759061813,
            -0.06278659403324127,
            -0.015435151755809784
        ],
        [
            0.1031486988067627,
            -0.06153175234794617,
            -0.015937000513076782
        ],
        [
            0.07851070910692215,
            -0.07084540277719498,
            -0.01117002684623003
        ],
        [
            0.07589294016361237,
            -0.07671251147985458,
            -0.013659431599080563
        ],
        [
            0.08023296296596527,
            -0.07415887713432312,
            -0.0155857615172863
        ],
        [
            0.08336730301380157,
            -0.06846693903207779,
            -0.012518873438239098
        ],
        [
            0.12915828824043274,
            -0.01971251517534256,
            -0.019713539630174637
        ],
        [
            0.13414199650287628,
            -0.023874372243881226,
            -0.009860441088676453
        ],
        [
            0.06493792682886124,
            -0.10872669517993927,
            -0.00969533808529377
        ],
        [
            0.063437320291996,
            -0.10546530038118362,
            -0.011223138310015202
        ],
        [
            0.09976188838481903,
            -0.043607912957668304,
            -0.005381215363740921
        ],
        [
            0.06120864674448967,
            -0.0388510636985302,
            -0.020662862807512283
        ],
        [
            0.10142830014228821,
            -0.034222912043333054,
            0.0009202882647514343
        ],
        [
            0.11345966160297394,
            -0.06051764264702797,
            -0.03765703737735748
        ],
        [
            0.1178927943110466,
            -0.06357279419898987,
            -0.03075910545885563
        ],
        [
            0.11722306162118912,
            -0.06827746331691742,
            -0.028994735330343246
        ],
        [
            0.11449921876192093,
            -0.06881701946258545,
            -0.034253090620040894
        ],
        [
            0.08040505647659302,
            -0.09725317358970642,
            -0.01705973967909813
        ],
        [
            0.07778837531805038,
            -0.0977097824215889,
            -0.011827885173261166
        ],
        [
            0.0787360891699791,
            -0.10109414905309677,
            -0.01107468269765377
        ],
        [
            0.08141674101352692,
            -0.10185593366622925,
            -0.016303014010190964
        ],
        [
            0.0660313218832016,
            -0.07839932292699814,
            -0.008730333298444748
        ],
        [
            0.059895604848861694,
            -0.07754165679216385,
            -0.008589162491261959
        ],
        [
            0.06166230887174606,
            -0.0830884799361229,
            -0.009471357800066471
        ],
        [
            0.06759104877710342,
            -0.0823020413517952,
            -0.010321320965886116
        ],
        [
            0.05539853498339653,
            -0.07828643918037415,
            -0.013083286583423615
        ],
        [
            0.05683254823088646,
            -0.08430510759353638,
            -0.01352443266659975
        ],
        [
            0.07939434051513672,
            -0.09843013435602188,
            -0.023313023149967194
        ],
        [
            0.07383298873901367,
            -0.1009380966424942,
            -0.027696242555975914
        ],
        [
            0.07115727663040161,
            -0.0853440910577774,
            -0.030087817460298538
        ],
        [
            0.07657609134912491,
            -0.08582441508769989,
            -0.024073706939816475
        ],
        [
            0.10038328915834427,
            -0.011039100587368011,
            -0.025030598044395447
        ],
        [
            0.11140452325344086,
            -0.009378775954246521,
            -0.023727720603346825
        ],
        [
            0.11273397505283356,
            -0.023893889039754868,
            -0.028942085802555084
        ],
        [
            0.11453606933355331,
            -0.038137197494506836,
            -0.03551245853304863
        ],
        [
            0.11517589539289474,
            -0.05188994109630585,
            -0.04030690714716911
        ],
        [
            0.10345163941383362,
            -0.053397707641124725,
            -0.04353341460227966
        ],
        [
            0.12044073641300201,
            -0.02152823656797409,
            -0.026776038110256195
        ],
        [
            0.07486063241958618,
            -0.07727721333503723,
            -0.02705797739326954
        ],
        [
            0.06896913051605225,
            -0.07479172199964523,
            -0.03175071254372597
        ],
        [
            0.0735495388507843,
            -0.07388313859701157,
            -0.03238376975059509
        ],
        [
            0.10890329629182816,
            -0.03400151804089546,
            0.0014950484037399292
        ],
        [
            0.061227865517139435,
            -0.10178197175264359,
            -0.013061122968792915
        ],
        [
            0.07016680389642715,
            0.01421857625246048,
            -0.004161221906542778
        ],
        [
            0.08102943748235703,
            0.016170404851436615,
            -0.012379221618175507
        ],
        [
            0.07875551283359528,
            0.007772237062454224,
            -0.013516975566744804
        ],
        [
            0.06675216555595398,
            0.005078360438346863,
            -0.003264838829636574
        ],
        [
            0.0716666728258133,
            -0.09874573349952698,
            -0.008564437739551067
        ],
        [
            0.06545303761959076,
            -0.09999846667051315,
            -0.008706905879080296
        ],
        [
            0.11550236493349075,
            -0.06445927917957306,
            -0.018944505602121353
        ],
        [
            0.1136133223772049,
            -0.06919308006763458,
            -0.021027779206633568
        ],
        [
            0.11635662615299225,
            -0.06924185156822205,
            -0.022663293406367302
        ],
        [
            0.12005594372749329,
            -0.06598606705665588,
            -0.019829925149679184
        ],
        [
            0.11682705581188202,
            -0.007543876767158508,
            -0.02174585871398449
        ],
        [
            0.13513046503067017,
            -0.05432667210698128,
            -0.027329852804541588
        ],
        [
            0.1268465518951416,
            -0.054013557732105255,
            -0.03671024367213249
        ],
        [
            0.10981679707765579,
            0.0030829906463623047,
            -0.019418248906731606
        ],
        [
            0.10019145160913467,
            0.002035588026046753,
            -0.021138224750757217
        ],
        [
            0.10064240545034409,
            0.011487402021884918,
            -0.018511563539505005
        ],
        [
            0.09172424674034119,
            -0.06250305473804474,
            -0.04111857712268829
        ],
        [
            0.09241016209125519,
            -0.01449362188577652,
            -0.025793835520744324
        ],
        [
            0.09295310825109482,
            -0.0005899444222450256,
            -0.02109757624566555
        ],
        [
            0.0931537002325058,
            0.010582678020000458,
            -0.0179734006524086
        ],
        [
            0.09388507157564163,
            0.018800638616085052,
            -0.016466740518808365
        ],
        [
            0.10202885419130325,
            0.01891220360994339,
            -0.017099857330322266
        ],
        [
            0.0680190846323967,
            -0.10265804827213287,
            -0.026815710589289665
        ],
        [
            0.07558529078960419,
            -0.10667960345745087,
            -0.02583109401166439
        ],
        [
            0.10364589840173721,
            0.02789492905139923,
            -0.017095448449254036
        ],
        [
            0.09446557611227036,
            0.027197591960430145,
            -0.015732914209365845
        ],
        [
            0.08420093357563019,
            -0.0031762123107910156,
            -0.019715148955583572
        ],
        [
            0.07367607206106186,
            -0.006484769284725189,
            -0.01600285992026329
        ],
        [
            0.08407047390937805,
            -0.016597703099250793,
            -0.024050168693065643
        ],
        [
            0.07363862544298172,
            -0.020864535123109818,
            -0.021278783679008484
        ],
        [
            0.0810326635837555,
            -0.060606762766838074,
            -0.04403114318847656
        ],
        [
            0.08304616808891296,
            -0.12097178399562836,
            -0.015353566035628319
        ],
        [
            0.08138953894376755,
            -0.11090806126594543,
            -0.020732790231704712
        ],
        [
            0.08250074088573456,
            -0.10773786157369614,
            -0.015929153189063072
        ],
        [
            0.08518274128437042,
            -0.11816662549972534,
            -0.012888912111520767
        ],
        [
            0.08057385683059692,
            -0.10383091866970062,
            -0.02181360125541687
        ],
        [
            0.07649791985750198,
            -0.11251455545425415,
            -0.023369107395410538
        ],
        [
            0.06180558353662491,
            -0.024875525385141373,
            -0.013124478980898857
        ],
        [
            0.07796871662139893,
            -0.07893075793981552,
            -0.01878051459789276
        ],
        [
            0.06073007732629776,
            -0.010942280292510986,
            -0.00299190916121006
        ],
        [
            0.05152663215994835,
            -0.03457655757665634,
            -0.006079712882637978
        ],
        [
            0.05130540207028389,
            -0.026305973529815674,
            0.003736734390258789
        ],
        [
            0.05924537777900696,
            0.001470722258090973,
            0.009238416329026222
        ],
        [
            0.052445247769355774,
            -0.014673061668872833,
            0.014277303591370583
        ],
        [
            0.06624198704957962,
            0.01966823637485504,
            0.006528329104185104
        ],
        [
            0.06369766592979431,
