{
    "pred_cam": [
        8.593160629272461,
        -0.1124887689948082,
        0.05017375200986862
    ],
    "pred_mano_params": {
        "global_orient": [
            [
                [
                    0.2018706053495407,
                    -0.8459392786026001,
                    0.49359381198883057
                ],
                [
                    0.9778924584388733,
                    0.20215299725532532,
                    -0.05348237603902817
                ],
                [
                    -0.05453864112496376,
                    0.49347826838493347,
                    0.8680464029312134
                ]
            ]
        ],
        "hand_pose": [
            [
                [
                    0.5742329359054565,
                    -0.7904003262519836,
                    -0.2133631557226181
                ],
                [
                    0.7929145693778992,
                    0.6018160581588745,
                    -0.09541429579257965
                ],
                [
                    0.2038208544254303,
                    -0.11438872665166855,
                    0.9723025560379028
                ]
            ],
            [
                [
                    0.880414605140686,
                    -0.44324445724487305,
                    0.16853611171245575
                ],
                [
                    0.47311848402023315,
                    0.7970072031021118,
                    -0.375417560338974
                ],
                [
                    0.032077252864837646,
                    0.4102606773376465,
                    0.9114038944244385
                ]
            ],
            [
                [
                    0.9345945715904236,
                    -0.29691991209983826,
                    0.19588647782802582
                ],
                [
                    0.1969129592180252,
                    0.8904616832733154,
                    0.41024792194366455
                ],
                [
                    -0.2962401807308197,
                    -0.34484291076660156,
                    0.8906880617141724
                ]
            ],
            [
                [
                    0.6346552968025208,
                    -0.7682112455368042,
                    -0.0840478241443634
                ],
                [
                    0.7491516470909119,
                    0.584892213344574,
                    0.31092268228530884
                ],
                [
                    -0.18969538807868958,
                    -0.2602933347225189,
                    0.9467116594314575
                ]
            ],
            [
                [
                    0.862241804599762,
                    -0.46608540415763855,
                    -0.1982511281967163
                ],
                [
                    0.504389762878418,
                    0.8258126974105835,
                    0.2522389888763428
                ],
                [
                    0.046153366565704346,
                    -0.31748679280281067,
                    0.9471389651298523
                ]
            ],
            [
                [
                    0.8140892386436462,
                    -0.5703158974647522,
                    0.10953771322965622
                ],
                [
                    0.5721470713615417,
                    0.8199741840362549,
                    0.017031768336892128
                ],
                [
                    -0.09953159093856812,
                    0.04880629479885101,
                    0.9938367605209351
                ]
            ],
            [
                [
                    0.2302645891904831,
                    -0.9594699144363403,
                    -0.16246743500232697
                ],
                [
                    0.4926573634147644,
                    -0.029039664193987846,
                    0.8697386980056763
                ],
                [
                    -0.8392061591148376,
                    -0.2803107798099518,
                    0.4660031199455261
                ]
            ],
            [
                [
                    0.382403165102005,
                    -0.8574585914611816,
                    -0.3442855775356293
                ],
                [
                    0.7112721800804138,
                    0.03533061221241951,
                    0.702028214931488
                ],
                [
                    -0.5897963047027588,
                    -0.513338565826416,
                    0.6233969926834106
                ]
            ],
            [
                [
                    0.6709292531013489,
                    -0.739130437374115,
                    0.05949926748871803
                ],
                [
                    0.5366851091384888,
                    0.5393965840339661,
                    0.6488608121871948
                ],
                [
                    -0.5116865038871765,
                    -0.4034073054790497,
                    0.7585772275924683
                ]
            ],
            [
                [
                    0.08454234898090363,
                    -0.9964144229888916,
                    0.003302300116047263
                ],
                [
                    0.8943579196929932,
                    0.07734348624944687,
                    0.44061538577079773
                ],
                [
                    -0.43929094076156616,
                    -0.03429722413420677,
                    0.897689938545227
                ]
            ],
            [
                [
                    0.3591903746128082,
                    -0.9076860547065735,
                    -0.2169981300830841
                ],
                [
                    0.8056589961051941,
                    0.18421952426433563,
                    0.5630068182945251
                ],
                [
                    -0.4710582196712494,
                    -0.3770531415939331,
                    0.7974553108215332
                ]
            ],
            [
                [
                    0.5219305157661438,
                    -0.8499165177345276,
                    0.0723220556974411
                ],
                [
                    0.7631933093070984,
                    0.5031713843345642,
                    0.4054066240787506
                ],
                [
                    -0.3809521794319153,
                    -0.15639835596084595,
                    0.9112710952758789
                ]
            ],
            [
                [
                    0.9322689771652222,
                    -0.18730801343917847,
                    -0.3095000088214874
                ],
                [
                    -0.21821607649326324,
                    0.391202449798584,
                    -0.8940594792366028
                ],
                [
                    0.28854167461395264,
                    0.9010418057441711,
                    0.32383227348327637
                ]
            ],
            [
                [
                    0.9452521800994873,
                    -0.3263069987297058,
                    -0.004689388442784548
                ],
                [
                    0.26828375458717346,
                    0.7688276767730713,
                    0.5804548859596252
                ],
                [
                    -0.18580114841461182,
                    -0.5499343276023865,
                    0.8142789006233215
                ]
            ],
            [
                [
                    0.9458412528038025,
                    -0.31248578429222107,
                    -0.08796035498380661
                ],
                [
                    0.20113331079483032,
                    0.7767831087112427,
                    -0.5967859029769897
                ],
                [
                    0.25481322407722473,
                    0.5467729568481445,
                    0.7975648045539856
                ]
            ]
        ],
        "betas": [
            -0.13203781843185425,
            -0.0754736065864563,
            -0.02768176794052124,
            -0.029646188020706177,
            0.04456260800361633,
            -0.058671243488788605,
            0.01783895492553711,
            0.06831449270248413,
            -0.02430129051208496,
            -0.0029505789279937744
        ]
    },
    "pred_cam_t": [
        -0.1124887689948082,
        0.05017375200986862,
        4.545766353607178
    ],
    "focal_length": [
        5000.0,
        5000.0
    ],
    "pred_keypoints_3d": [
        [
            0.09632779657840729,
            0.006444395054131746,
            0.006228561047464609
        ],
        [
            0.1174938902258873,
            -0.021830808371305466,
            0.022425973787903786
        ],
        [
            0.12779152393341064,
            -0.05079547315835953,
            0.018137682229280472
        ],
        [
            0.1339402049779892,
            -0.07663106918334961,
            0.01193537749350071
        ],
        [
            0.14492079615592957,
            -0.10164488852024078,
            -0.01036801841109991
        ],
        [
            0.09311003237962723,
            -0.08242642879486084,
            0.02652779221534729
        ],
        [
            0.10633917897939682,
            -0.10899672657251358,
            0.011678894981741905
        ],
        [
            0.12268304079771042,
            -0.11469309777021408,
            -0.002448820509016514
        ],
        [
            0.14463546872138977,
            -0.11672729253768921,
            -0.012967467308044434
        ],
        [
            0.07668986171483994,
            -0.08682894706726074,
            0.0077299196273088455
        ],
        [
            0.09305368363857269,
            -0.11211287975311279,
            -0.0028942879289388657
        ],
        [
            0.11398182809352875,
            -0.11781375855207443,
            -0.011807487346231937
        ],
        [
            0.13930156826972961,
            -0.11541830003261566,
            -0.014843356795608997
        ],
        [
            0.06979414820671082,
            -0.07336922734975815,
            -0.014568937942385674
        ],
        [
            0.09614698588848114,
            -0.08380159735679626,
            -0.02114062011241913
        ],
        [
            0.10834545642137527,
            -0.06233995780348778,
            -0.017233887687325478
        ],
        [
            0.10295617580413818,
            -0.04381951317191124,
            -0.0016899220645427704
        ],
        [
            0.0693136677145958,
            -0.06096857041120529,
            -0.03271571174263954
        ],
        [
            0.08955754339694977,
            -0.06727611273527145,
            -0.03479762375354767
        ],
        [
            0.09502576291561127,
            -0.05060669034719467,
            -0.027163157239556313
        ],
        [
            0.08382974565029144,
            -0.04037965089082718,
            -0.016357099637389183
        ]
    ],
    "pred_vertices": [
        [
            0.10777245461940765,
            -0.046358052641153336,
            0.01416409108787775
        ],
        [
            0.11002717167139053,
            -0.03530574217438698,
            0.011881005018949509
        ],
        [
            0.11328628659248352,
            -0.043320439755916595,
            0.012399041093885899
        ],
        [
            0.1116938441991806,
            -0.05290067940950394,
            0.01742049865424633
        ],
        [
            0.12634608149528503,
            -0.028229407966136932,
            0.004568617790937424
        ],
        [
            0.13497431576251984,
            -0.023325994610786438,
            0.011487245559692383
        ],
        [
            0.1369640976190567,
            -0.040142323821783066,
            0.010359562933444977
        ],
        [
            0.12961073219776154,
            -0.04169891029596329,
            0.003469141200184822
        ],
        [
            0.11314995586872101,
            -0.058744028210639954,
            0.020045962184667587
        ],
        [
            0.11620808392763138,
            -0.05078824236989021,
            0.012367508374154568
        ],
        [
            0.11216713488101959,
            -0.06023891270160675,
            0.022146718576550484
        ],
        [
            0.10490726679563522,
            -0.06560120731592178,
            0.03383184224367142
        ],
        [
            0.10836157202720642,
            -0.06528931856155396,
            0.02788747288286686
        ],
        [
            0.0997389554977417,
            -0.07145445048809052,
            0.03715869039297104
        ],
        [
            0.09989459812641144,
            -0.05819733068346977,
            0.039685558527708054
        ],
        [
            0.09049555659294128,
            -0.07020597904920578,
            0.03953912854194641
        ],
        [
            0.07757456600666046,
            -0.04563106596469879,
            0.027774887159466743
        ],
        [
            0.07098634541034698,
            -0.04121743142604828,
            0.016435731202363968
        ],
        [
            0.06606417149305344,
            -0.05865301936864853,
            0.015192439779639244
        ],
        [
            0.07417506724596024,
            -0.06142360717058182,
            0.026376768946647644
        ],
        [
            0.06200742349028587,
            -0.04849185422062874,
            -0.0028948700055480003
        ],
        [
            0.06409512460231781,
            -0.0549623966217041,
            0.006940270774066448
        ],
        [
            0.0679091289639473,
            -0.03711510822176933,
            0.008865430019795895
        ],
        [
            0.06634116172790527,
            -0.03205432370305061,
            -2.130866050720215e-05
        ],
        [
            0.10129934549331665,
            -0.03709223121404648,
            0.003737999126315117
        ],
        [
            0.10415233671665192,
            -0.026449408382177353,
            0.00248651672154665
        ],
        [
            0.10571026802062988,
            -0.028893262147903442,
            0.00756178330630064
        ],
        [
            0.1035546064376831,
            -0.03942685201764107,
            0.008269930258393288
        ],
        [
            0.11938519775867462,
            -0.061447348445653915,
            0.0238928385078907
        ],
        [
            0.11477910727262497,
            -0.05237530544400215,
            0.03433352708816528
        ],
        [
            0.11138216406106949,
            -0.057640835642814636,
            0.029844384640455246
        ],
        [
            0.11858690530061722,
            -0.06244653835892677,
            0.018511883914470673
        ],
        [
            0.111771360039711,
            -0.0015111789107322693,
            -0.010988404043018818
        ],
        [
            0.11018407344818115,
            0.011300839483737946,
            -0.006523844785988331
        ],
        [
            0.11250407248735428,
            0.010406985878944397,
            -0.0010517966002225876
        ],
        [
            0.11307670921087265,
            -0.001042298972606659,
            -0.005937847774475813
        ],
        [
            0.12635640799999237,
            -0.0009556785225868225,
            0.012950805015861988
        ],
        [
            0.12082114070653915,
            0.008439727127552032,
            0.015315905213356018
        ],
        [
            0.11910708993673325,
            0.013587713241577148,
            0.027435431256890297
        ],
        [
            0.12350991368293762,
            0.0031084343791007996,
            0.028007186949253082
        ],
        [
            0.13148535788059235,
            -0.012189909815788269,
            0.01212817057967186
        ],
        [
            0.13180722296237946,
            -0.00860363245010376,
            0.02515602484345436
        ],
        [
            0.13663509488105774,
            -0.021817460656166077,
            0.02261575497686863
        ],
        [
            0.13869905471801758,
            -0.0399506613612175,
            0.01951650157570839
        ],
        [
            0.1025388091802597,
            0.013873517513275146,
            -0.0166186336427927
        ],
        [
            0.10308834910392761,
            0.0048561543226242065,
            -0.021737203001976013
        ],
        [
            0.11798994988203049,
            -0.10198405385017395,
            0.01108795776963234
        ],
        [
            0.11599709838628769,
            -0.10072141140699387,
            0.005503103137016296
        ],
        [
            0.11378975957632065,
            -0.09711311012506485,
            0.00857887975871563
        ],
        [
            0.11603580415248871,
            -0.09925411641597748,
            0.013442130759358406
        ],
        [
            0.08265747129917145,
            0.010749481618404388,
            -0.02012518234550953
        ],
        [
            0.07447920739650726,
            0.01122063398361206,
            -0.0141987893730402
        ],
        [
            0.076718769967556,
            0.018155179917812347,
            -0.015181278809905052
        ],
        [
            0.08535285294055939,
            0.017832539975643158,
            -0.019010338932275772
        ],
        [
            0.07902687788009644,
            0.0014388039708137512,
            -0.021567855030298233
        ],
        [
            0.07199250161647797,
            0.001431584358215332,
            -0.012685826979577541
        ],
        [
            0.1122688576579094,
            -0.11261792480945587,
            0.01576237753033638
        ],
        [
            0.11622601002454758,
            -0.10922104120254517,
            0.016284562647342682
        ],
        [
            0.11255670338869095,
            -0.10701330006122589,
            0.01924452744424343
        ],
        [
            0.10780324041843414,
            -0.10939530283212662,
            0.018566548824310303
        ],
        [
            0.1091979593038559,
            -0.061767540872097015,
            0.02190842479467392
        ],
        [
            0.10645381361246109,
            -0.05631444603204727,
            0.015363313257694244
        ],
        [
            0.10349534451961517,
            -0.07628057897090912,
            0.02270650491118431
        ],
        [
            0.1033782809972763,
            -0.06926766782999039,
            0.019350389018654823
        ],
        [
            0.1057872474193573,
            -0.06938419491052628,
            0.025830235332250595
        ],
        [
            0.10479474812746048,
            -0.07543588429689407,
            0.028415268287062645
        ],
        [
            0.09329129755496979,
            -0.05824543908238411,
            0.0008625858463346958
        ],
        [
            0.09625087678432465,
            -0.0469815768301487,
            0.0012839250266551971
        ],
        [
            0.09864616394042969,
            -0.050356924533843994,
            0.00653887540102005
        ],
        [
            0.09691929817199707,
            -0.06315761804580688,
            0.0070935809053480625
        ],
        [
            0.09285017848014832,
            -0.0422489270567894,
            -0.011742769740521908
        ],
        [
            0.08966156095266342,
            -0.05346899479627609,
            -0.010757749900221825
        ],
        [
            0.08809293806552887,
            -0.04915075749158859,
            -0.018116667866706848
        ],
        [
            0.09155380725860596,
            -0.04232056438922882,
            -0.01810649037361145
        ],
        [
            0.08576354384422302,
            -0.07284330576658249,
            -0.006276329979300499
        ],
        [
            0.08496208488941193,
            -0.0784350037574768,
            -0.005272196605801582
        ],
        [
            0.08343981206417084,
            -0.0757562667131424,
            -0.00696820393204689
        ],
        [
            0.08444377034902573,
            -0.0708061084151268,
            -0.008859344758093357
        ],
        [
            0.07825610041618347,
            0.025179550051689148,
            -0.015229709446430206
        ],
        [
            0.08794552087783813,
            0.02449154108762741,
            -0.017025329172611237
        ],
        [
            0.06114746257662773,
            -0.038661472499370575,
            -0.023067530244588852
        ],
        [
            0.06724178791046143,
            -0.03245238587260246,
            -0.03060128726065159
        ],
        [
            0.06528809666633606,
            -0.045475609600543976,
            -0.034546688199043274
        ],
        [
            0.05746828392148018,
            -0.04944367706775665,
            -0.025220070034265518
        ],
        [
            0.07062860578298569,
            0.009215503931045532,
            -0.004734937567263842
        ],
        [
            0.0709909126162529,
            0.016778819262981415,
            -0.006998897064477205
        ],
        [
            0.10758912563323975,
            -0.11422370374202728,
            0.01182851567864418
        ],
        [
            0.10340366512537003,
            -0.11022862792015076,
            0.014592134393751621
        ],
        [
            0.1293344795703888,
            -0.019711442291736603,
            0.03486482799053192
        ],
        [
            0.13529115915298462,
            -0.04028020799160004,
            0.028950463980436325
        ],
        [
            0.12149101495742798,
            -0.004390724003314972,
            0.03657511621713638
        ],
        [
            0.11404909193515778,
            0.005617670714855194,
            0.036152660846710205
        ],
        [
            0.11033633351325989,
            0.014670141041278839,
            0.036032356321811676
        ],
        [
            0.0998648852109909,
            -0.07161249220371246,
            0.014352393336594105
        ],
        [
            0.10298198461532593,
            -0.049306243658065796,
            0.010450348258018494
        ],
        [
            0.09963207691907883,
            -0.035189978778362274,
            -0.0007725241594016552
        ],
        [
            0.0921100601553917,
            -0.02969912812113762,
            -0.030502764508128166
        ],
        [
            0.09552940726280212,
            -0.01994553953409195,
            -0.030004478991031647
        ],
        [
            0.09935885667800903,
            -0.026084553450345993,
            -0.021844740957021713
        ],
        [
            0.09503453969955444,
            -0.03326983377337456,
            -0.023683644831180573
        ],
        [
            0.0758497416973114,
            -0.032800402492284775,
            -0.036185070872306824
        ],
        [
            0.0832929015159607,
            -0.036056481301784515,
            -0.03500290960073471
        ],
        [
            0.08091308921575546,
            -0.043157562613487244,
            -0.03541658818721771
        ],
        [
            0.07340619713068008,
            -0.042542971670627594,
            -0.037601593881845474
        ],
        [
            0.12494739890098572,
            -0.06053664907813072,
            0.02864004485309124
        ],
        [
            0.11949920654296875,
            -0.047752950340509415,
            0.037301111966371536
        ],
        [
            0.0928894504904747,
            0.009323067963123322,
            -0.022906478494405746
        ],
        [
            0.09541793167591095,
            0.015939638018608093,
            -0.019339753314852715
        ],
        [
            0.09571842104196548,
            0.024004526436328888,
            -0.01623462326824665
        ],
        [
            0.10930226743221283,
            -0.01403818279504776,
            -0.003168337047100067
        ],
        [
            0.11416031420230865,
            -0.0007123947143554688,
            -0.0024165352806448936
        ],
        [
            0.11638814210891724,
            -0.002229444682598114,
            0.0012572156265377998
        ],
        [
            0.10936274379491806,
            -0.014651693403720856,
            0.0005482910200953484
        ],
        [
            0.11418783664703369,
            -0.025067858397960663,
            0.007003910839557648
        ],
        [
            0.12269553542137146,
            -0.014995992183685303,
            0.005497453734278679
        ],
        [
            0.11695059388875961,
            -0.03553757444024086,
            0.0050170812755823135
        ],
        [
            0.11605119705200195,
            0.01079270988702774,
            0.0064849164336919785
        ],
        [
            0.11350259184837341,
            0.020468421280384064,
            0.0013526584953069687
        ],
        [
            0.11639896780252457,
            0.019681699573993683,
            0.009815894067287445
        ],
        [
            0.10819941759109497,
            0.02209286391735077,
            -0.006811181548982859
        ],
        [
            0.10215606540441513,
            0.023337654769420624,
            -0.013302347622811794
        ],
        [
            0.0692809671163559,
            0.025218382477760315,
            -0.00728029478341341
        ],
        [
            0.11770164966583252,
            0.018173247575759888,
            0.017938174307346344
        ],
        [
            0.131685271859169,
            -0.05070776864886284,
            0.00487689021974802
        ],
        [
            0.13414396345615387,
            -0.058532677590847015,
            0.00610003899782896
        ],
        [
            0.12647631764411926,
            -0.060032010078430176,
            0.0055069089867174625
        ],
        [
            0.12360687553882599,
            -0.05306374654173851,
            0.004794026724994183
        ],
        [
            0.0966772735118866,
            -0.0795956626534462,
            0.03703998029232025
        ],
        [
            0.10296167433261871,
            -0.07763627916574478,
            0.03329019248485565
        ],
        [
            0.10522360354661942,
            -0.06992301344871521,
            0.03260868415236473
        ],
        [
            0.10747586190700531,
            -0.010903492569923401,
            -0.01664959080517292
        ],
        [
            0.10045036673545837,
            -0.005050070583820343,
            -0.02562769688665867
        ],
        [
            0.10027018934488297,
            -0.078357994556427,
            0.017701804637908936
        ],
        [
            0.10374432802200317,
            -0.10756618529558182,
            0.021295571699738503
        ],
        [
            0.10894335806369781,
            -0.10473352670669556,
            0.02262045256793499
        ],
        [
            0.10092932730913162,
            -0.09139648079872131,
            0.03213711082935333
        ],
        [
            0.09503349661827087,
            -0.09500505030155182,
            0.030500611290335655
        ],
        [
            0.09444413334131241,
            -0.08463035523891449,
            0.014433979988098145
        ],
        [
            0.10027764737606049,
            -0.08063889294862747,
            0.01686413399875164
        ],
        [
            0.10003498941659927,
            -0.08199264109134674,
            0.01574465073645115
        ],
        [
            0.0962635949254036,
            -0.08541944622993469,
            0.011350037530064583
        ],
        [
            0.08200079947710037,
            -0.06925323605537415,
            -0.013898835517466068
        ],
        [
            0.08323420584201813,
            -0.06547418236732483,
            -0.01566559076309204
        ],
        [
            0.07406395673751831,
            -0.07693162560462952,
            0.022048363462090492
        ],
        [
            0.07827529311180115,
            -0.07798495143651962,
            0.035206642001867294
        ],
        [
            0.08112761378288269,
            -0.06487446278333664,
            0.03644207492470741
        ],
        [
            0.09110695123672485,
            -0.054776381701231,
            -0.005464103072881699
        ],
        [
            0.08822934329509735,
            -0.06452514976263046,
            -0.006516584195196629
        ],
        [
            0.0868501216173172,
            -0.06275095790624619,
            -0.009974781423807144
        ],
        [
            0.09713371843099594,
            -0.07438157498836517,
            0.011685935780405998
        ],
        [
            0.09606724232435226,
            -0.08025404810905457,
            0.013377824798226357
        ],
        [
            0.09347853064537048,
            -0.07824700325727463,
            0.00973844900727272
        ],
        [
            0.09488267451524734,
            -0.0717945396900177,
            0.0075041428208351135
        ],
        [
            0.0703374445438385,
            -0.019603781402111053,
            -0.027558643370866776
        ],
        [
            0.07994890213012695,
            -0.020591557025909424,
            -0.034495413303375244
        ],
        [
            0.11819101870059967,
            -0.10517383366823196,
            0.014749964699149132
        ],
        [
            0.11546100676059723,
            -0.1029101312160492,
            0.01744099147617817
        ],
        [
            0.09416172653436661,
            -0.043839409947395325,
            -0.004950822331011295
        ],
        [
            0.08557076752185822,
            -0.05008450895547867,
            0.03541512414813042
        ],
        [
            0.09823092818260193,
            -0.033240463584661484,
            -0.005775401368737221
        ],
        [
            0.06472347676753998,
            -0.06588004529476166,
            -0.017801987007260323
        ],
        [
            0.07144445180892944,
            -0.06605201959609985,
            -0.023152876645326614
        ],
        [
            0.07464780658483505,
            -0.06828904151916504,
            -0.02302919700741768
        ],
        [
            0.07068856060504913,
            -0.07095259428024292,
            -0.020412782207131386
        ],
        [
            0.10202330350875854,
            -0.09680382162332535,
            0.0044577037915587425
        ],
        [
            0.1074431836605072,
            -0.09490524232387543,
            0.006096742115914822
        ],
        [
            0.10973561555147171,
            -0.0971694141626358,
            0.0038093682378530502
        ],
        [
            0.104814313352108,
            -0.09995006769895554,
            0.0020264536142349243
        ],
        [
            0.10368246585130692,
            -0.07935015857219696,
            0.02159024029970169
        ],
        [
            0.10528452694416046,
            -0.07987768203020096,
            0.02750234492123127
        ],
        [
            0.10658164322376251,
            -0.08333073556423187,
            0.024854177609086037
        ],
        [
            0.10386233031749725,
            -0.08238395303487778,
            0.01940390095114708
        ],
        [
            0.10320904105901718,
            -0.08259420096874237,
            0.03241250663995743
        ],
        [
            0.10496949404478073,
            -0.08687127381563187,
            0.030020464211702347
        ],
        [
            0.0974564328789711,
            -0.10100069642066956,
            0.006213902495801449
        ],
        [
            0.09625881910324097,
            -0.10589471459388733,
            0.011814648285508156
        ],
        [
            0.08747149258852005,
            -0.09431549906730652,
            0.01832633465528488
        ],
        [
            0.09146253019571304,
            -0.0912778303027153,
            0.011904807761311531
        ],
        [
            0.06854533404111862,
            -0.01677515357732773,
            0.0029628537595272064
        ],
        [
            0.06763339787721634,
            -0.01322166621685028,
            -0.00768314441666007
        ],
        [
            0.06502292305231094,
            -0.028378237038850784,
            -0.010967796668410301
        ],
        [
            0.060933902859687805,
            -0.04373643919825554,
            -0.01461067795753479
        ],
        [
            0.05900884419679642,
            -0.05832954868674278,
            -0.017308523878455162
        ],
        [
            0.05802902951836586,
            -0.06236996129155159,
            -0.005742071196436882
        ],
        [
            0.06534595787525177,
            -0.024376466870307922,
            -0.018415065482258797
        ],
        [
            0.08352500200271606,
            -0.08402831852436066,
            0.016324663534760475
        ],
        [
            0.08096779137849808,
            -0.08516901731491089,
            0.02277003973722458
        ],
        [
            0.07769753783941269,
            -0.08231018483638763,
            0.018813546746969223
        ],
        [
            0.09751813858747482,
            -0.03173629194498062,
            -0.013144390657544136
        ],
        [
            0.11242661625146866,
            -0.10106096416711807,
            0.021250132471323013
        ],
        [
            0.08907162398099899,
            0.007475420832633972,
            0.0345226526260376
        ],
        [
            0.07896854728460312,
            0.009422160685062408,
            0.02522481232881546
        ],
        [
            0.07985078543424606,
            0.0006376132369041443,
            0.026112694293260574
        ],
        [
            0.09231846779584885,
            -0.0019518882036209106,
            0.03613085299730301
        ],
        [
            0.11222424358129501,
            -0.09491556137800217,
            0.011257312260568142
        ],
        [
            0.11427033692598343,
            -0.09684591740369797,
            0.01693050190806389
        ],
        [
            0.08291292190551758,
            -0.06388057768344879,
            -0.021894872188568115
        ],
        [
            0.08161124587059021,
            -0.06767681986093521,
            -0.019632890820503235
        ],
        [
            0.08051237463951111,
            -0.06654755771160126,
            -0.021783743053674698
        ],
        [
            0.08159519731998444,
            -0.06417763233184814,
            -0.02589014358818531
        ],
        [
            0.06828761845827103,
            -0.01018078625202179,
            -0.012943914160132408
        ],
        [
            0.07102891802787781,
            -0.053055111318826675,
            -0.03898053243756294
        ],
        [
            0.06263996660709381,
            -0.057507071644067764,
            -0.02992432750761509
        ],
        [
            0.06975605338811874,
            -0.000406414270401001,
            -0.004414715338498354
        ],
        [
            0.06991484761238098,
            -0.0032454654574394226,
            0.005021755583584309
        ],
        [
            0.07056961953639984,
            0.006560780107975006,
            0.005978540517389774
        ],
        [
            0.06467761844396591,
            -0.0716954842209816,
            0.003739702282473445
        ],
        [
            0.0698675662279129,
            -0.021491706371307373,
            0.010250672698020935
        ],
        [
            0.07169248163700104,
            -0.006873801350593567,
            0.011631691828370094
        ],
        [
            0.07255737483501434,
            0.004673473536968231,
            0.013052113354206085
        ],
        [
            0.0722738727927208,
            0.013070128858089447,
            0.013652877882122993
        ],
        [
            0.07020965963602066,
            0.014278441667556763,
            0.005822580307722092
        ],
        [
            0.09930459409952164,
            -0.1075417622923851,
            0.01684802584350109
        ],
        [
            0.10011841356754303,
            -0.1092424988746643,
            0.00841469131410122
        ],
        [
            0.06820181757211685,
            0.023236386477947235,
            0.005906378850340843
        ],
        [
            0.07124639302492142,
            0.021457016468048096,
            0.014552013017237186
        ],
        [
            0.0750245749950409,
            -0.010408252477645874,
            0.019555583596229553
        ],
        [
            0.08105682581663132,
            -0.014792390167713165,
            0.028863726183772087
        ],
        [
            0.07340981811285019,
            -0.02441132813692093,
            0.01782737858593464
        ],
        [
            0.07876117527484894,
            -0.02975448966026306,
            0.026918228715658188
        ],
        [
            0.06310425698757172,
            -0.07189381122589111,
            0.01510474644601345
        ],
        [
            0.11313843727111816,
            -0.11652899533510208,
            -0.004001975059509277
        ],
        [
            0.1050783097743988,
            -0.11003358662128448,
            0.0004971884191036224
        ],
        [
            0.10781509429216385,
            -0.10499221831560135,
            -0.0008949339389801025
        ],
        [
            0.11420322954654694,
            -0.11287299543619156,
            -0.005931170657277107
        ],
        [
            0.10106728971004486,
            -0.1043863594532013,
            0.0034314850345253944
        ],
        [
            0.1045273020863533,
            -0.11318621039390564,
            0.005494765006005764
        ],
        [
            0.09002665430307388,
            -0.0347774513065815,
            0.03639645874500275
        ],
        [
            0.09145697206258774,
            -0.08338533341884613,
            0.011593884788453579
        ],
        [
            0.09715360403060913,
            -0.019278645515441895,
            0.03877212852239609
        ],
        [
            0.10233193635940552,
            -0.04532541707158089,
            0.0420859232544899
        ],
        [
            0.11000195890665054,
            -0.03441319987177849,
            0.04219794645905495
        ],
        [
            0.10655923187732697,
            -0.0038857609033584595,
            0.04092209413647652
        ],
        [
            0.1167985051870346,
            -0.01939975470304489,
            0.04240547493100166
        ],
        [
            0.09908973425626755,
            0.014521636068820953,
            0.03781668841838837
        ],
        [
            0.10107051581144333,
            0.005352333188056946,
            0.03873347491025925
        ],
        [
