{
    "pred_cam": [
        10.030704498291016,
        0.12236664444208145,
        -0.03433182090520859
    ],
    "pred_mano_params": {
        "global_orient": [
            [
                [
                    -0.8073329329490662,
                    0.5349275469779968,
                    -0.24913060665130615
                ],
                [
                    -0.04786235839128494,
                    -0.48015573620796204,
                    -0.8758765459060669
                ],
                [
                    -0.5881519317626953,
                    -0.6952000260353088,
                    0.4132484197616577
                ]
            ]
        ],
        "hand_pose": [
            [
                [
                    0.6322418451309204,
                    -0.5992328524589539,
                    -0.4911111295223236
                ],
                [
                    0.7408056259155273,
                    0.6531857252120972,
                    0.15670166909694672
                ],
                [
                    0.22688600420951843,
                    -0.46289125084877014,
                    0.8568864464759827
                ]
            ],
            [
                [
                    0.7900843024253845,
                    -0.5471481084823608,
                    0.27639782428741455
                ],
                [
                    0.6115758419036865,
                    0.7342733144760132,
                    -0.2946484088897705
                ],
                [
                    -0.0417352132499218,
                    0.40183529257774353,
                    0.914760410785675
                ]
            ],
            [
                [
                    0.918599009513855,
                    0.08912421762943268,
                    0.38501009345054626
                ],
                [
                    -0.14393101632595062,
                    0.9827762842178345,
                    0.11590795964002609
                ],
                [
                    -0.3680485785007477,
                    -0.16188782453536987,
                    0.9156050682067871
                ]
            ],
            [
                [
                    0.7561649084091187,
                    -0.6233351230621338,
                    -0.19916848838329315
                ],
                [
                    0.654143750667572,
                    0.7282272577285767,
                    0.2044040560722351
                ],
                [
                    0.017627708613872528,
                    -0.2848479449748993,
                    0.9584106802940369
                ]
            ],
            [
                [
                    0.6783871054649353,
                    -0.7153026461601257,
                    -0.16772900521755219
                ],
                [
                    0.7241596579551697,
                    0.6124526262283325,
                    0.3170088529586792
                ],
                [
                    -0.12403121590614319,
                    -0.3365173041820526,
                    0.9334732890129089
                ]
            ],
            [
                [
                    0.9444417953491211,
                    -0.23333068192005157,
                    0.2314874678850174
                ],
                [
                    0.22592875361442566,
                    0.9723933339118958,
                    0.05837313085794449
                ],
                [
                    -0.23871710896492004,
                    -0.0028303549624979496,
                    0.9710850119590759
                ]
            ],
            [
                [
                    0.9932017922401428,
                    -0.07443156093358994,
                    0.08949994295835495
                ],
                [
                    0.09307196736335754,
                    0.9695476293563843,
                    -0.2265280783176422
                ],
                [
                    -0.06991361081600189,
                    0.2333180010318756,
                    0.969883918762207
                ]
            ],
            [
                [
                    0.2966686487197876,
                    -0.9321781396865845,
                    -0.20744100213050842
                ],
                [
                    0.5150697827339172,
                    -0.02672901377081871,
                    0.8567314743995667
                ],
                [
                    -0.8041709661483765,
                    -0.3610118627548218,
                    0.47220712900161743
                ]
            ],
            [
                [
                    0.7775299549102783,
                    -0.604150652885437,
                    0.17449645698070526
                ],
                [
                    0.4876434803009033,
                    0.754469096660614,
                    0.43929523229599
                ],
                [
                    -0.3970526456832886,
                    -0.25647321343421936,
                    0.8812324404716492
                ]
            ],
            [
                [
                    0.9518170952796936,
                    -0.28814101219177246,
                    -0.10497145354747772
                ],
                [
                    0.27798715233802795,
                    0.9552175402641296,
                    -0.10140299052000046
                ],
                [
                    0.12948893010616302,
                    0.06733638048171997,
                    0.9892919063568115
                ]
            ],
            [
                [
                    0.37669798731803894,
                    -0.9160487651824951,
                    -0.13767068088054657
                ],
                [
                    0.7343721985816956,
                    0.204732745885849,
                    0.6471336483955383
                ],
                [
                    -0.564620316028595,
                    -0.3448754549026489,
                    0.7498431205749512
                ]
            ],
            [
                [
                    0.8780632019042969,
                    -0.45519381761550903,
                    0.14766031503677368
                ],
                [
                    0.4264662265777588,
                    0.8843065500259399,
                    0.19007498025894165
                ],
                [
                    -0.2170979231595993,
                    -0.10392571985721588,
                    0.9706018567085266
                ]
            ],
            [
                [
                    0.6675938367843628,
                    0.23175178468227386,
                    -0.7075377106666565
                ],
                [
                    -0.6782398223876953,
                    0.5812869668006897,
                    -0.44955113530158997
                ],
                [
                    0.3070981502532959,
                    0.7799977660179138,
                    0.5452468991279602
                ]
            ],
            [
                [
                    0.754073441028595,
                    -0.51764976978302,
                    -0.40424251556396484
                ],
                [
                    0.6250379681587219,
                    0.7546473145484924,
                    0.19958680868148804
                ],
                [
                    0.20174451172351837,
                    -0.40317001938819885,
                    0.8926102519035339
                ]
            ],
            [
                [
                    0.848339319229126,
                    -0.4616077244281769,
                    0.2593042552471161
                ],
                [
                    0.5290828347206116,
                    0.7208070755004883,
                    -0.44778168201446533
                ],
                [
                    0.019791115075349808,
                    0.5170642733573914,
                    0.8557177186012268
                ]
            ]
        ],
        "betas": [
            -0.11155900359153748,
            -0.06262487173080444,
            0.006797462701797485,
            -0.007215946912765503,
            0.028558194637298584,
            -0.00021158158779144287,
            0.04803451895713806,
            0.0012234598398208618,
            -0.0071754902601242065,
            -0.00628739595413208
        ]
    },
    "pred_cam_t": [
        -0.12236664444208145,
        -0.03433182090520859,
        3.8942928314208984
    ],
    "focal_length": [
        5000.0,
        5000.0
    ],
    "pred_keypoints_3d": [
        [
            0.09621322154998779,
            0.006429134868085384,
            0.006227591075003147
        ],
        [
            0.1009233221411705,
            -0.0076891956850886345,
            0.04206105321645737
        ],
        [
            0.12477798759937286,
            -0.014540383592247963,
            0.060553595423698425
        ],
        [
            0.14740082621574402,
            -0.0027112774550914764,
            0.0699973776936531
        ],
        [
            0.15917766094207764,
            0.015895461663603783,
            0.09688583016395569
        ],
        [
            0.15976756811141968,
            -0.00502417329698801,
            0.07055284827947617
        ],
        [
            0.1697523295879364,
            0.012841113843023777,
            0.0966358631849289
        ],
        [
            0.15890160202980042,
            0.020734470337629318,
            0.11445226520299911
        ],
        [
            0.15210330486297607,
            0.021269820630550385,
            0.13819381594657898
        ],
        [
            0.1731238067150116,
            0.014682418666779995,
            0.06184680014848709
        ],
        [
            0.18300729990005493,
            0.031203310936689377,
            0.08726607263088226
        ],
        [
            0.16867589950561523,
            0.03804484009742737,
            0.10445596277713776
        ],
        [
            0.15436896681785583,
            0.03963492810726166,
            0.12597084045410156
        ],
        [
            0.16717617213726044,
            0.03579722344875336,
            0.046225063502788544
        ],
        [
            0.188395157456398,
            0.04722737520933151,
            0.06242550164461136
        ],
        [
            0.17423728108406067,
            0.053820330649614334,
            0.08185723423957825
        ],
        [
            0.15679708123207092,
            0.05273084342479706,
            0.10002452880144119
        ],
        [
            0.1575741320848465,
            0.05264517664909363,
            0.03588879853487015
        ],
        [
            0.1756586730480194,
            0.06249786168336868,
            0.04113040864467621
        ],
        [
            0.16459640860557556,
            0.06782811880111694,
            0.0557253472507
        ],
        [
            0.14910824596881866,
            0.06283194571733475,
            0.0635027140378952
        ]
    ],
    "pred_vertices": [
        [
            0.12293577939271927,
            0.002588452771306038,
            0.051221542060375214
        ],
        [
            0.11327283084392548,
            0.0036665629595518112,
            0.04435811564326286
        ],
        [
            0.11943880468606949,
            0.00036583002656698227,
            0.050455816090106964
        ],
        [
            0.12570598721504211,
            -0.0017946166917681694,
            0.057257480919361115
        ],
        [
            0.10336042940616608,
            0.0036876294761896133,
            0.05602069944143295
        ],
        [
            0.09539424628019333,
            -0.005247032269835472,
            0.06015913933515549
        ],
        [
            0.11183895170688629,
            -0.0077072083950042725,
            0.06906574964523315
        ],
        [
            0.11520400643348694,
            0.0012294109910726547,
            0.06358014047145844
        ],
        [
            0.13022597134113312,
            -0.00641590403392911,
            0.05976853519678116
        ],
        [
            0.12466689944267273,
            -0.002176232635974884,
            0.05560259521007538
        ],
        [
            0.13311007618904114,
            -0.010487981140613556,
            0.05568542331457138
        ],
        [
            0.14120866358280182,
            -0.017429783940315247,
            0.059919219464063644
        ],
        [
            0.1375553160905838,
            -0.010949239134788513,
            0.06414315104484558
        ],
        [
            0.14907342195510864,
            -0.018398433923721313,
            0.06366574019193649
        ],
        [
            0.1399248242378235,
            -0.023372411727905273,
            0.05111030489206314
        ],
        [
            0.15458357334136963,
            -0.019799942150712013,
            0.05649907886981964
        ],
        [
            0.14605499804019928,
            -0.009159681387245655,
            0.032242849469184875
        ],
        [
            0.14689630270004272,
            0.001951918937265873,
            0.024699468165636063
        ],
        [
            0.16107432544231415,
            0.004910871386528015,
            0.0342986136674881
        ],
        [
            0.1587921380996704,
            -0.00614243745803833,
            0.04184854030609131
        ],
        [
            0.1534741073846817,
            0.021427154541015625,
            0.02339942753314972
        ],
        [
            0.15849871933460236,
            0.01256685983389616,
            0.02974764257669449
        ],
        [
            0.14544828236103058,
            0.009107954800128937,
            0.01924791932106018
        ],
        [
            0.14191240072250366,
            0.017426161095499992,
            0.014128543436527252
        ],
        [
            0.1208965927362442,
            0.012842178344726562,
            0.04137299954891205
        ],
        [
            0.11075761914253235,
            0.013364062644541264,
            0.035179197788238525
        ],
        [
            0.1107260212302208,
            0.008912633173167706,
            0.037724193185567856
        ],
        [
            0.12078231573104858,
            0.008553366176784039,
            0.04425998777151108
        ],
        [
            0.13547275960445404,
            -0.01506592333316803,
            0.05492653697729111
        ],
        [
            0.1287923902273178,
            -0.02392074465751648,
            0.052468881011009216
        ],
        [
            0.13301192224025726,
            -0.01827496662735939,
            0.0528438575565815
        ],
        [
            0.13518834114074707,
            -0.00971862580627203,
            0.05522624030709267
        ],
        [
            0.08843927830457687,
            0.023555731400847435,
            0.02181100845336914
        ],
        [
            0.08147721737623215,
            0.018016818910837173,
            0.01156458631157875
        ],
        [
            0.08080152422189713,
            0.01270572654902935,
            0.014187492430210114
        ],
        [
            0.08736946433782578,
            0.018773704767227173,
            0.022828921675682068
        ],
        [
            0.07941483706235886,
            -0.0014206403866410255,
            0.03655685484409332
        ],
        [
            0.07732193917036057,
            -0.0034066345542669296,
            0.023365888744592667
        ],
        [
            0.0765341967344284,
            -0.016397755593061447,
            0.017971836030483246
        ],
        [
            0.08087977766990662,
            -0.017229704186320305,
            0.029363665729761124
        ],
        [
            0.08596323430538177,
            -0.002386597916483879,
            0.050307441502809525
        ],
        [
            0.0842582955956459,
            -0.01614692620933056,
            0.04557536914944649
        ],
        [
            0.09457532316446304,
            -0.017128925770521164,
            0.05920986458659172
        ],
        [
            0.11264868080615997,
            -0.01732783578336239,
            0.06979230791330338
        ],
        [
            0.08437996357679367,
            0.02816091850399971,
            0.004122242331504822
        ],
        [
            0.08955436199903488,
            0.033930953592061996,
            0.010808680206537247
        ],
        [
            0.15777599811553955,
            0.007102742791175842,
            0.1013910174369812
        ],
        [
            0.15537405014038086,
            0.012440582737326622,
            0.09979768097400665
        ],
        [
            0.15513117611408234,
            0.010059055872261524,
            0.09608148038387299
        ],
        [
            0.1576082408428192,
            0.005360676907002926,
            0.09857472777366638
        ],
        [
            0.10065988451242447,
            0.032812830060720444,
            -0.007112365216016769
        ],
        [
            0.10703007131814957,
            0.027317441999912262,
            -0.012878652662038803
        ],
        [
            0.10062440484762192,
            0.02764284238219261,
            -0.016435880213975906
        ],
        [
            0.09408137202262878,
            0.03103422187268734,
            -0.010443374514579773
        ],
        [
            0.10927420854568481,
            0.03509453311562538,
            -0.0025227591395378113
        ],
        [
            0.11546444892883301,
            0.02671782858669758,
            -0.007227081805467606
        ],
        [
            0.1706417351961136,
            0.00786327850073576,
            0.10270191729068756
        ],
        [
            0.16632957756519318,
            0.005142813548445702,
            0.10370393842458725
        ],
        [
            0.16771142184734344,
            0.003291074186563492,
            0.09970357269048691
        ],
        [
            0.17160457372665405,
            0.006120225414633751,
            0.09747102856636047
        ],
        [
            0.13358435034751892,
            -0.004175510257482529,
            0.06406065076589584
        ],
        [
            0.13107503950595856,
            0.00266868993639946,
            0.058895520865917206
        ],
        [
            0.14791405200958252,
            -0.0037153023295104504,
            0.07413464784622192
        ],
        [
            0.14255309104919434,
            0.0002052451018244028,
            0.06745404750108719
        ],
        [
            0.14167167246341705,
            -0.006823264062404633,
            0.0689997747540474
        ],
        [
            0.14750973880290985,
            -0.00929699745029211,
            0.07377266883850098
        ],
        [
            0.1410166621208191,
            0.0182796698063612,
            0.05206756666302681
        ],
        [
            0.1312999129295349,
            0.01650327444076538,
            0.045618847012519836
        ],
        [
            0.13216985762119293,
            0.011484378017485142,
            0.049697428941726685
        ],
        [
            0.14219075441360474,
            0.012354166246950626,
            0.05827193707227707
        ],
        [
            0.12963858246803284,
            0.029314091429114342,
            0.039515420794487
        ],
        [
            0.1396208107471466,
            0.029913678765296936,
            0.046206284314394
        ],
        [
            0.13765737414360046,
            0.03725426644086838,
            0.04212959110736847
        ],
        [
            0.1302763670682907,
            0.03587913513183594,
            0.0386669859290123
        ],
        [
            0.15664471685886383,
            0.027262188494205475,
            0.058112114667892456
        ],
        [
            0.16237077116966248,
            0.026741383597254753,
            0.06180901825428009
        ],
        [
            0.16515246033668518,
            0.031071607023477554,
            0.061015114188194275
        ],
        [
            0.15687386691570282,
            0.030613210052251816,
            0.05622824281454086
        ],
        [
            0.09481794387102127,
            0.027021797373890877,
            -0.02051575481891632
        ],
        [
            0.08797795325517654,
            0.02837125025689602,
            -0.013465818017721176
        ],
        [
            0.14554721117019653,
            0.04000111669301987,
            0.015490736812353134
        ],
        [
            0.1374954730272293,
            0.047975681722164154,
            0.015339571982622147
        ],
        [
            0.14727994799613953,
            0.05300169810652733,
            0.021192997694015503
        ],
        [
            0.15305958688259125,
            0.043143197894096375,
            0.019842479377985
        ],
        [
            0.11219943314790726,
            0.01820867322385311,
            -0.013727076351642609
        ],
        [
            0.10663266479969025,
            0.01985352858901024,
            -0.019085757434368134
        ],
        [
            0.17245778441429138,
            0.013424496166408062,
            0.10051625967025757
        ],
        [
            0.1729176640510559,
            0.011445865966379642,
            0.09498106688261032
        ],
        [
            0.09630485624074936,
            -0.026402907446026802,
            0.04971836507320404
        ],
        [
            0.11406354606151581,
            -0.02528131753206253,
            0.06482692062854767
        ],
        [
            0.08867204934358597,
            -0.02500516176223755,
            0.03349389135837555
        ],
        [
            0.0863613560795784,
            -0.023939484730362892,
            0.020579155534505844
        ],
        [
            0.08283420652151108,
            -0.02447802945971489,
            0.010985717177391052
        ],
        [
            0.1460970640182495,
            0.005526507273316383,
            0.0670957863330841
        ],
        [
            0.1284133940935135,
            0.007227648515254259,
            0.051593802869319916
        ],
        [
            0.12070025503635406,
            0.017161987721920013,
            0.03885633498430252
        ],
        [
            0.11998243629932404,
            0.04670185595750809,
            0.02944255620241165
        ],
        [
            0.11069712787866592,
            0.04480097442865372,
            0.02418494038283825
        ],
        [
            0.1130400002002716,
            0.0372156947851181,
            0.0313548818230629
        ],
        [
            0.1210756003856659,
            0.04018951207399368,
            0.03399771451950073
        ],
        [
            0.1322147399187088,
            0.053452037274837494,
            0.021387415006756783
        ],
        [
            0.1304391622543335,
            0.052583154290914536,
            0.0291917584836483
        ],
        [
            0.13918322324752808,
            0.054994311183691025,
            0.03366831690073013
        ],
        [
            0.14145149290561676,
            0.056649237871170044,
            0.026629852131009102
        ],
        [
            0.13526691496372223,
            -0.021172314882278442,
            0.05862036347389221
        ],
        [
            0.12425925582647324,
            -0.02863367646932602,
            0.053582463413476944
        ],
        [
            0.09382278472185135,
            0.03516463190317154,
            0.000725816935300827
        ],
        [
            0.08793845027685165,
            0.03096858039498329,
            -0.0022703707218170166
        ],
        [
            0.08268535137176514,
            0.027225378900766373,
            -0.007827948778867722
        ],
        [
            0.0983293205499649,
            0.01776091195642948,
            0.029928935691714287
        ],
        [
            0.0863114446401596,
            0.015531315468251705,
            0.023903165012598038
        ],
        [
            0.08535685390233994,
            0.012286432087421417,
            0.027713492512702942
        ],
        [
            0.09798892587423325,
            0.014732789248228073,
            0.031011899933218956
        ],
        [
            0.1036878228187561,
            0.00725875049829483,
            0.04321137070655823
        ],
        [
            0.09127790480852127,
            0.007089593447744846,
            0.04520744830369949
        ],
        [
            0.11380669474601746,
            0.005308438092470169,
            0.05035429820418358
        ],
        [
            0.07833469659090042,
            0.005295822396874428,
            0.017164673656225204
        ],
        [
            0.073650062084198,
            0.009353240951895714,
            0.007509902119636536
        ],
        [
            0.07271367311477661,
            0.0009710665326565504,
            0.010520834475755692
        ],
        [
            0.07570744305849075,
            0.017492739483714104,
            0.002354715019464493
        ],
        [
            0.07870645076036453,
            0.024090789258480072,
            -0.0029053837060928345
        ],
        [
            0.1021980494260788,
            0.019472680985927582,
            -0.02639661729335785
        ],
        [
            0.0735621377825737,
            -0.007054300047457218,
            0.012821536511182785
        ],
        [
            0.12246043235063553,
            -0.0013807760551571846,
            0.0676327794790268
        ],
        [
            0.1284937709569931,
            -0.001601317897439003,
            0.06957250833511353
        ],
        [
            0.13021229207515717,
            0.0005589183419942856,
            0.06245115399360657
        ],
        [
            0.12555846571922302,
            0.00018460163846611977,
            0.0600585862994194
        ],
        [
            0.1579720824956894,
            -0.016214832663536072,
            0.06867670267820358
        ],
        [
            0.15162773430347443,
            -0.013843966647982597,
            0.07298639416694641
        ],
        [
            0.14347109198570251,
            -0.014168553985655308,
            0.06754164397716522
        ],
        [
            0.0973869115114212,
            0.030140405520796776,
            0.0255730040371418
        ],
        [
            0.0976799950003624,
            0.0387759730219841,
            0.016244668513536453
        ],
        [
            0.15049876272678375,
            0.0014921887777745724,
            0.07368406653404236
        ],
        [
            0.1731782853603363,
            0.004241432994604111,
            0.09322983771562576
        ],
        [
            0.16884715855121613,
            0.0007696393877267838,
            0.09572791308164597
        ],
        [
            0.1657128483057022,
            -0.009491665288805962,
            0.08164399862289429
        ],
        [
            0.17085419595241547,
            -0.005512934178113937,
            0.0788433775305748
        ],
        [
            0.15789709985256195,
            0.0061773331835865974,
            0.07426480203866959
        ],
        [
            0.15188643336296082,
            0.0017635077238082886,
            0.076256163418293
        ],
        [
            0.15261989831924438,
            0.0032657324336469173,
            0.0769990012049675
        ],
        [
            0.15563644468784332,
            0.009243324398994446,
            0.07599193602800369
        ],
        [
            0.1621353030204773,
            0.03753652051091194,
            0.0547538697719574
        ],
        [
            0.15489748120307922,
            0.037480976432561874,
            0.051363445818424225
        ],
        [
            0.16891664266586304,
            -0.00026389630511403084,
            0.05331973731517792
        ],
        [
            0.16771066188812256,
            -0.012380010448396206,
            0.05594079941511154
        ],
        [
            0.15687502920627594,
            -0.01616239920258522,
            0.04765718802809715
        ],
        [
            0.13976424932479858,
            0.024489741772413254,
            0.048016149550676346
        ],
        [
            0.14858676493167877,
            0.026844142004847527,
            0.053510166704654694
        ],
        [
            0.14850565791130066,
            0.030546851456165314,
            0.0514870248734951
        ],
        [
            0.14971275627613068,
            0.008613275364041328,
            0.06722290068864822
        ],
        [
            0.1539653092622757,
            0.006737215910106897,
            0.07175586372613907
        ],
        [
            0.15517541766166687,
            0.011157761327922344,
            0.06762568652629852
        ],
        [
            0.14962123334407806,
            0.012894087471067905,
            0.06338924914598465
        ],
        [
            0.1278790980577469,
            0.04331730306148529,
            0.007695630192756653
        ],
        [
            0.12142235040664673,
            0.05006181076169014,
            0.014608245342969894
        ],
        [
            0.161640927195549,
            0.004640686325728893,
            0.1030392199754715
        ],
        [
            0.1623188853263855,
            0.0028738100081682205,
            0.09987697005271912
        ],
        [
            0.1302533596754074,
            0.022585509344935417,
            0.04172363132238388
        ],
        [
            0.14352966845035553,
            -0.01708860695362091,
            0.03927022963762283
        ],
        [
            0.12008755654096603,
            0.021992476657032967,
            0.036259349435567856
        ],
        [
            0.1652430295944214,
            0.036435648798942566,
            0.034245774149894714
        ],
        [
            0.1644265353679657,
            0.04263458028435707,
            0.0375421904027462
        ],
        [
            0.16810651123523712,
            0.04242551326751709,
            0.04208672046661377
        ],
        [
            0.17140015959739685,
            0.03857016563415527,
            0.03938157856464386
        ],
        [
            0.15910807251930237,
            0.017380787059664726,
            0.08705189824104309
        ],
        [
            0.15558964014053345,
            0.013934291899204254,
            0.09035194665193558
        ],
        [
            0.15533550083637238,
            0.0157267265021801,
            0.09331198781728745
        ],
        [
            0.15932504832744598,
            0.019652627408504486,
            0.09120752662420273
        ],
        [
            0.15063413977622986,
            -0.003666254226118326,
            0.07787986099720001
        ],
        [
            0.15173283219337463,
            -0.009132220409810543,
            0.07853340357542038
        ],
        [
            0.15386991202831268,
            -0.00650072144344449,
            0.082451231777668
        ],
        [
            0.15244053304195404,
            -0.0010234327055513859,
            0.0801345631480217
        ],
        [
            0.15687350928783417,
            -0.01268413383513689,
            0.07792439311742783
        ],
        [
            0.15942181646823883,
            -0.009803405031561852,
            0.0825905129313469
        ],
        [
            0.16532298922538757,
            0.01822633668780327,
            0.08552197366952896
        ],
        [
            0.17189639806747437,
            0.014780959114432335,
            0.08700413256883621
        ],
        [
            0.16977423429489136,
            0.00746933463960886,
            0.07287825644016266
        ],
        [
            0.16278894245624542,
            0.01166996918618679,
            0.07496262341737747
        ],
        [
            0.13124753534793854,
            0.012996328994631767,
            0.004481028765439987
        ],
        [
            0.12844285368919373,
            0.02327483519911766,
            0.0008794479072093964
        ],
        [
            0.1389491707086563,
            0.027942301705479622,
            0.010320533066987991
        ],
        [
            0.1496075987815857,
            0.03248892351984978,
            0.018497712910175323
        ],
        [
            0.15913033485412598,
            0.03636113926768303,
            0.027646949514746666
        ],
        [
            0.16393634676933289,
            0.025135044008493423,
            0.030059410259127617
        ],
        [
            0.1354426145553589,
            0.03482729196548462,
            0.007558494806289673
        ],
        [
            0.16771355271339417,
            0.005698079243302345,
            0.06579288095235825
        ],
        [
            0.16905532777309418,
            0.0006170615088194609,
            0.06312375515699387
        ],
        [
            0.17076127231121063,
            0.0031441766768693924,
            0.06008428335189819
        ],
        [
            0.11900375783443451,
            0.02919454500079155,
            0.03447941690683365
        ],
        [
            0.1636611670255661,
            0.00011962000280618668,
            0.0967094823718071
        ],
        [
            0.10305821895599365,
            -0.021288404241204262,
            0.0014598667621612549
        ],
        [
            0.10867661237716675,
            -0.011973090469837189,
            -0.007068231701850891
        ],
        [
            0.11386984586715698,
            -0.01203893031924963,
            2.4266541004180908e-05
        ],
        [
            0.10683746635913849,
            -0.022032294422388077,
            0.010384336113929749
        ],
        [
            0.15523312985897064,
            0.007860488258302212,
            0.09400490671396255
        ],
        [
            0.15784969925880432,
            0.0025386791676282883,
            0.09624431282281876
        ],
        [
            0.15664023160934448,
            0.043729767203330994,
            0.04822525382041931
        ],
        [
            0.16257062554359436,
            0.04213845357298851,
            0.05076255276799202
        ],
        [
            0.1651913970708847,
            0.04396401718258858,
            0.04793844372034073
        ],
        [
            0.16090534627437592,
            0.0484546460211277,
            0.0457063652575016
        ],
        [
            0.12541218101978302,
            0.028091248124837875,
            -0.0010134652256965637
        ],
        [
            0.15414907038211823,
            0.0555814653635025,
            0.024201173335313797
        ],
        [
            0.15871796011924744,
            0.04713243246078491,
            0.022941172122955322
        ],
        [
            0.11917804926633835,
            0.018770650029182434,
            -0.007224511355161667
        ],
        [
            0.12188401818275452,
            0.009630456566810608,
            -0.004643432796001434
        ],
        [
            0.11507762968540192,
            0.007765296846628189,
            -0.011424005031585693
        ],
        [
            0.1703982651233673,
            0.016851458698511124,
            0.04168654978275299
        ],
        [
            0.13426145911216736,
            0.006153451278805733,
            0.009089440107345581
        ],
        [
            0.12361608445644379,
            0.0033269431442022324,
            -0.00047372281551361084
        ],
        [
            0.11553335189819336,
            0.0007892660796642303,
            -0.008382834494113922
        ],
        [
            0.11018957942724228,
            -0.0005578324198722839,
            -0.014728426933288574
        ],
        [
            0.11014728993177414,
            0.0072669219225645065,
            -0.017323974519968033
        ],
        [
            0.17368841171264648,
            0.009676720015704632,
            0.09001182019710541
        ],
        [
            0.17142212390899658,
            0.01793164573609829,
            0.09231358766555786
        ],
        [
            0.10561251640319824,
            0.006487131118774414,
            -0.025239448994398117
        ],
        [
            0.10538282245397568,
            -0.0021296143531799316,
            -0.021552421152591705
        ],
        [
            0.12426121532917023,
            -0.004338160157203674,
            0.004733182489871979
        ],
        [
            0.12313508987426758,
            -0.013268649578094482,
            0.011991143226623535
        ],
        [
            0.13440699875354767,
            -0.0011850614100694656,
            0.013940904289484024
        ],
        [
            0.13470911979675293,
            -0.009855026379227638,
            0.021543115377426147
        ],
        [
            0.1721203327178955,
            0.006080888211727142,
            0.04164150357246399
        ],
        [
            0.16448502242565155,
            0.025872355327010155,
            0.10804839432239532
        ],
        [
            0.16566209495067596,
            0.023285141214728355,
            0.09697705507278442
        ],
        [
            0.1598430722951889,
            0.022120419889688492,
            0.09655094891786575
        ],
        [
            0.1602839082479477,
            0.026554550975561142,
            0.1073843240737915
        ],
        [
            0.16518980264663696,
            0.02079765498638153,
            0.09068398177623749
        ],
        [
            0.1705741584300995,
            0.01983564719557762,
            0.09792427718639374
        ],
        [
            0.13005772233009338,
            -0.019625060260295868,
            0.031131122261285782
        ],
        [
            0.16069290041923523,
            0.009753908962011337,
            0.07098251581192017
        ],
        [
            0.11448142677545547,
            -0.023557523265480995,
            0.024829071015119553
        ],
        [
            0.12969712913036346,
            -0.02732984721660614,
            0.0435483492910862
        ],
        [
            0.11748137325048447,
            -0.029225680977106094,
            0.04177234694361687
        ],
        [
            0.09836454689502716,
            -0.02752242609858513,
            0.021437305957078934
        ],
        [
            0.10290010273456573,
            -0.030364448204636574,
            0.03815009444952011
        ],
        [
            0.09139152616262436,
            -0.025745443999767303,
            0.003142237663269043
        ],
        [
            0.09595435112714767,
            -0.025817137211561203,
            0.011271640658378601
        ],
        [
            0.1120954304933548,
            -0.03095146268606186,
            0.052419066429138184
        ],
        [
            0.15504521131515503,
            0.013031122274696827,
            0.10991081595420837
        ],
        [
