{
    "pred_cam": [
        7.320062160491943,
        -0.1492263823747635,
        -0.05118120461702347
    ],
    "pred_mano_params": {
        "global_orient": [
            [
                [
                    0.2950068712234497,
                    -0.9232296347618103,
                    -0.24620722234249115
                ],
                [
                    -0.6158156394958496,
                    -0.38073086738586426,
                    0.6897935271263123
                ],
                [
                    -0.7305765151977539,
                    -0.05187561362981796,
                    -0.6808574795722961
                ]
            ]
        ],
        "hand_pose": [
            [
                [
                    0.7732782959938049,
                    -0.5552260279655457,
                    -0.306210458278656
                ],
                [
                    0.6231285929679871,
                    0.7547617554664612,
                    0.20504985749721527
                ],
                [
                    0.1172669380903244,
                    -0.349369078874588,
                    0.9296181201934814
                ]
            ],
            [
                [
                    0.768943190574646,
                    -0.6261345148086548,
                    0.12915872037410736
                ],
                [
                    0.6393148303031921,
                    0.7525409460067749,
                    -0.15798328816890717
                ],
                [
                    0.0017215642146766186,
                    0.20405323803424835,
                    0.9789583086967468
                ]
            ],
            [
                [
                    0.40002721548080444,
                    -0.82441246509552,
                    0.40040287375450134
                ],
                [
                    0.8936328291893005,
                    0.4478417634963989,
                    0.029292939230799675
                ],
                [
                    -0.20346663892269135,
                    0.34609517455101013,
                    0.9158709645271301
                ]
            ],
            [
                [
                    0.5623061656951904,
                    -0.8268580436706543,
                    0.010843047872185707
                ],
                [
                    0.8251849412918091,
                    0.561923086643219,
                    0.057552941143512726
                ],
                [
                    -0.05368107184767723,
                    -0.02341485396027565,
                    0.9982836246490479
                ]
            ],
            [
                [
                    0.7402017712593079,
                    -0.5930193066596985,
                    -0.31690600514411926
                ],
                [
                    0.6507330536842346,
                    0.7504518032073975,
                    0.11562236398458481
                ],
                [
                    0.16925638914108276,
                    -0.29180511832237244,
                    0.9413830041885376
                ]
            ],
            [
                [
                    0.10817766934633255,
                    -0.9729537963867188,
                    0.20410428941249847
                ],
                [
                    0.8706924915313721,
                    0.19181254506111145,
                    0.4528824985027313
                ],
                [
                    -0.47978347539901733,
                    0.12872029840946198,
                    0.867893397808075
                ]
            ],
            [
                [
                    0.6254420876502991,
                    -0.6186100840568542,
                    0.4755457937717438
                ],
                [
                    0.5997248291969299,
                    0.7710064649581909,
                    0.21419432759284973
                ],
                [
                    -0.4991516172885895,
                    0.15123046934604645,
                    0.8532156944274902
                ]
            ],
            [
                [
                    0.9034872055053711,
                    -0.2704371511936188,
                    -0.3325275778770447
                ],
                [
                    0.4092549681663513,
                    0.7748452425003052,
                    0.48179376125335693
                ],
                [
                    0.1273624747991562,
                    -0.5713831186294556,
                    0.8107405304908752
                ]
            ],
            [
                [
                    0.19242602586746216,
                    -0.9444084763526917,
                    0.2665799558162689
                ],
                [
                    0.4384717643260956,
                    0.32577720284461975,
                    0.8376227021217346
                ],
                [
                    -0.8779036402702332,
                    -0.04429253935813904,
                    0.47678446769714355
                ]
            ],
            [
                [
                    0.7300863265991211,
                    -0.6337050795555115,
                    0.2557179927825928
                ],
                [
                    0.6567328572273254,
                    0.7540974617004395,
                    -0.006242389790713787
                ],
                [
                    -0.18888045847415924,
                    0.17249590158462524,
                    0.9667311906814575
                ]
            ],
            [
                [
                    0.6737484335899353,
                    -0.6587188243865967,
                    -0.3348919451236725
                ],
                [
                    0.7365633845329285,
                    0.5621628761291504,
                    0.37609484791755676
                ],
                [
                    -0.05947692692279816,
                    -0.5000624060630798,
                    0.8639445304870605
                ]
            ],
            [
                [
                    -0.02707662247121334,
                    -0.9539830088615417,
                    -0.2986358404159546
                ],
                [
                    0.7965384125709534,
                    -0.20109297335147858,
                    0.5701650381088257
                ],
                [
                    -0.6039812564849854,
                    -0.2224368155002594,
                    0.7653290629386902
                ]
            ],
            [
                [
                    0.9716863632202148,
                    0.20081773400306702,
                    -0.12449037283658981
                ],
                [
                    -0.2296738475561142,
                    0.679128110408783,
                    -0.6971620917320251
                ],
                [
                    -0.05545760318636894,
                    0.7060150504112244,
                    0.7060220837593079
                ]
            ],
            [
                [
                    0.9048535227775574,
                    -0.4180152714252472,
                    0.0806434154510498
                ],
                [
                    0.3116779625415802,
                    0.7794964909553528,
                    0.5433617830276489
                ],
                [
                    -0.2899948060512543,
                    -0.466528058052063,
                    0.8356162905693054
                ]
            ],
            [
                [
                    0.9124246835708618,
                    0.21205052733421326,
                    -0.35002249479293823
                ],
                [
                    -0.3628028631210327,
                    0.8148593902587891,
                    -0.45208221673965454
                ],
                [
                    0.18935483694076538,
                    0.5394801497459412,
                    0.820430338382721
                ]
            ]
        ],
        "betas": [
            -0.14640170335769653,
            -0.02256283164024353,
            0.010350435972213745,
            0.056279271841049194,
            -0.06313818693161011,
            0.06349925696849823,
            -0.0018974244594573975,
            -0.16337892413139343,
            0.06895388662815094,
            -0.11537176370620728
        ]
    },
    "pred_cam_t": [
        -0.1492263823747635,
        -0.05118120461702347,
        5.336361885070801
    ],
    "focal_length": [
        5000.0,
        5000.0
    ],
    "pred_keypoints_3d": [
        [
            0.0963376984000206,
            0.0064286584965884686,
            0.00624345988035202
        ],
        [
            0.09734633564949036,
            0.045272137969732285,
            0.006995676085352898
        ],
        [
            0.0969521626830101,
            0.07598535716533661,
            0.010906318202614784
        ],
        [
            0.10006333887577057,
            0.10243665426969528,
            0.01666891761124134
        ],
        [
            0.10031358897686005,
            0.13593453168869019,
            0.031314775347709656
        ],
        [
            0.06978220492601395,
            0.07746357470750809,
            0.057169217616319656
        ],
        [
            0.07789693772792816,
            0.0991639643907547,
            0.08094842731952667
        ],
        [
            0.09604612737894058,
            0.11199314892292023,
            0.08301634341478348
        ],
        [
            0.11197052150964737,
            0.11280341446399689,
            0.06429003179073334
        ],
        [
            0.07032915949821472,
            0.06337791681289673,
            0.0783504992723465
        ],
        [
            0.08885058760643005,
            0.08201716840267181,
            0.09640182554721832
        ],
        [
            0.11215192079544067,
            0.08309872448444366,
            0.09799270331859589
        ],
        [
            0.11935240775346756,
            0.08269471675157547,
            0.07449119538068771
        ],
        [
            0.08230481296777725,
            0.040070317685604095,
            0.08497262746095657
        ],
        [
            0.09099085628986359,
            0.06159535422921181,
            0.10241784155368805
        ],
        [
            0.11559124290943146,
            0.06481578946113586,
            0.10495343059301376
        ],
        [
            0.11812374740839005,
            0.061403632164001465,
            0.0807497501373291
        ],
        [
            0.09587857127189636,
            0.022848276421427727,
            0.08709520101547241
        ],
        [
            0.10350079834461212,
            0.03662019595503807,
            0.10138735175132751
        ],
        [
            0.12009548395872116,
            0.04250824451446533,
            0.108702652156353
        ],
        [
            0.12517359852790833,
            0.04848236218094826,
            0.09275265038013458
        ]
    ],
    "pred_vertices": [
        [
            0.09306889772415161,
            0.05548267811536789,
            0.032480545341968536
        ],
        [
            0.09791834652423859,
            0.0495799221098423,
            0.02568705379962921
        ],
        [
            0.09762007743120193,
            0.06072179228067398,
            0.0263525303453207
        ],
        [
            0.0922500491142273,
            0.06562332063913345,
            0.031901802867650986
        ],
        [
            0.11342935264110565,
            0.05397796630859375,
            0.013189747929573059
        ],
        [
            0.1144845113158226,
            0.05510374531149864,
            0.0010157153010368347
        ],
        [
            0.11215946078300476,
            0.07084585726261139,
            0.006557535380125046
        ],
        [
            0.11249800771474838,
            0.0680752545595169,
            0.016335949301719666
        ],
        [
            0.08958034962415695,
            0.07410134375095367,
            0.031167080625891685
        ],
        [
            0.09741127490997314,
            0.06972984969615936,
            0.02695876732468605
        ],
        [
            0.08565384894609451,
            0.07766429334878922,
            0.02801196090877056
        ],
        [
            0.0735209584236145,
            0.0776071846485138,
            0.032297927886247635
        ],
        [
            0.0808216854929924,
            0.07638333737850189,
            0.03527732193470001
        ],
        [
            0.06754566729068756,
            0.07871975004673004,
            0.03864748030900955
        ],
        [
            0.06676297634840012,
            0.07076266407966614,
            0.02619246393442154
        ],
        [
            0.0598892867565155,
            0.07292190194129944,
            0.04058840870857239
        ],
        [
            0.06199304759502411,
            0.0429825522005558,
            0.03757733106613159
        ],
        [
            0.06578169018030167,
            0.031370267271995544,
            0.04404693841934204
        ],
        [
            0.06138802692294121,
            0.040727511048316956,
            0.058456748723983765
        ],
        [
            0.05890187621116638,
            0.05197138339281082,
            0.05064927041530609
        ],
        [
            0.07278411090373993,
            0.023093920201063156,
            0.06256800144910812
        ],
        [
            0.06622593104839325,
            0.033109840005636215,
            0.06105709448456764
        ],
        [
            0.06935357302427292,
            0.02332834154367447,
            0.04683106392621994
        ],
        [
            0.07512012869119644,
            0.014924850314855576,
            0.048939693719148636
        ],
        [
            0.0967480018734932,
            0.03936142474412918,
            0.035439178347587585
        ],
        [
            0.1011260598897934,
            0.032686490565538406,
            0.028132259845733643
        ],
        [
            0.09884719550609589,
            0.03817196190357208,
            0.026704058051109314
        ],
        [
            0.09506349265575409,
            0.044522568583488464,
            0.03350181132555008
        ],
        [
            0.08654454350471497,
            0.08394725620746613,
            0.016707807779312134
        ],
        [
            0.07911481708288193,
            0.07443759590387344,
            0.013621687889099121
        ],
        [
            0.07970002293586731,
            0.07661804556846619,
            0.02156778983771801
        ],
        [
            0.08992542326450348,
            0.08417530357837677,
            0.021355431526899338
        ],
        [
            0.11846315860748291,
            0.012996405363082886,
            0.014876008033752441
        ],
        [
            0.11572405695915222,
            0.004960749298334122,
            0.004113532602787018
        ],
        [
            0.11357040703296661,
            0.009280942380428314,
            0.0006695762276649475
        ],
        [
            0.11605477333068848,
            0.015523388981819153,
            0.011415809392929077
        ],
        [
            0.11202602088451385,
            0.031347811222076416,
            -0.006310023367404938
        ],
        [
            0.10782726109027863,
            0.021947622299194336,
            -0.010976739227771759
        ],
        [
            0.09845016896724701,
            0.02241501957178116,
            -0.02144457772374153
        ],
        [
            0.09906168282032013,
            0.032006725668907166,
            -0.01718275621533394
        ],
        [
            0.11429093033075333,
            0.04347214102745056,
            -0.0022680163383483887
        ],
        [
            0.10490921139717102,
            0.04400331899523735,
            -0.013043303042650223
        ],
        [
            0.10720337927341461,
            0.05606585741043091,
            -0.007992807775735855
        ],
        [
            0.10648578405380249,
            0.07180352509021759,
            -0.0010126158595085144
        ],
        [
            0.11754198372364044,
            -0.005517181009054184,
            0.01156691461801529
        ],
        [
            0.1203426942229271,
            -0.0010693855583667755,
            0.020465679466724396
        ],
        [
            0.08416986465454102,
            0.10428771376609802,
            0.07096067070960999
        ],
        [
            0.0883103683590889,
            0.10036547482013702,
            0.07325106114149094
        ],
        [
            0.08664712309837341,
            0.09850936383008957,
            0.07083094865083694
        ],
        [
            0.08265724033117294,
            0.10269439965486526,
            0.06933670490980148
        ],
        [
            0.10539694130420685,
            -0.01578303426504135,
            0.024521589279174805
        ],
        [
            0.09540346264839172,
            -0.01799691468477249,
            0.024431511759757996
        ],
        [
            0.09862294048070908,
            -0.02213186025619507,
            0.019274987280368805
        ],
        [
            0.1074795052409172,
            -0.018885359168052673,
            0.017868801951408386
        ],
        [
            0.10267917811870575,
            -0.011574186384677887,
            0.03325878828763962
        ],
        [
            0.09138543158769608,
            -0.01163063570857048,
            0.031313538551330566
        ],
        [
            0.07679849117994308,
            0.10875328630208969,
            0.08065612614154816
        ],
        [
            0.07837463915348053,
            0.10940186679363251,
            0.07567280530929565
        ],
        [
            0.07458635419607162,
            0.10639602690935135,
            0.0749482586979866
        ],
        [
            0.07283402979373932,
            0.10429510474205017,
            0.07972093671560287
        ],
        [
            0.08663631975650787,
            0.07066920399665833,
            0.03735256940126419
        ],
        [
            0.09015407413244247,
            0.061653949320316315,
            0.039319634437561035
        ],
        [
            0.08035831153392792,
            0.07869944721460342,
            0.050603076815605164
        ],
        [
            0.08377951383590698,
            0.07078107446432114,
            0.047530416399240494
        ],
        [
            0.08081978559494019,
            0.07544010132551193,
            0.04244418814778328
        ],
        [
            0.07691148668527603,
            0.08084715157747269,
            0.04605153948068619
        ],
        [
            0.09059089422225952,
            0.04898940399289131,
            0.05529937148094177
        ],
        [
            0.09370054304599762,
            0.04264792799949646,
            0.045890312641859055
        ],
        [
            0.09136991947889328,
            0.048708535730838776,
            0.04409446194767952
        ],
        [
            0.08830010145902634,
            0.057213082909584045,
            0.053433388471603394
        ],
        [
            0.10076119005680084,
            0.03165730461478233,
            0.051872849464416504
        ],
        [
            0.09672313928604126,
            0.03862512856721878,
            0.06066981330513954
        ],
        [
            0.1011461466550827,
            0.031515076756477356,
            0.06309642642736435
        ],
        [
            0.10417499393224716,
            0.028235437348484993,
            0.05640695244073868
        ],
        [
            0.08809544891119003,
            0.05214269831776619,
            0.07355644553899765
        ],
        [
            0.08563840389251709,
            0.05537465214729309,
            0.07826577872037888
        ],
        [
            0.08811338990926743,
            0.053859956562519073,
            0.08015820384025574
        ],
        [
            0.08989971876144409,
            0.049048542976379395,
            0.07469587028026581
        ],
        [
            0.10062950849533081,
            -0.026308029890060425,
            0.013843730092048645
        ],
        [
            0.1087690070271492,
            -0.021331101655960083,
            0.011061541736125946
        ],
        [
            0.08689184486865997,
            0.007024809718132019,
            0.06791815161705017
        ],
        [
            0.0972803458571434,
            0.0025531798601150513,
            0.06654036045074463
        ],
        [
            0.09538988023996353,
            0.007476404309272766,
            0.079271599650383
        ],
        [
            0.08424163609743118,
            0.010909270495176315,
            0.07752375304698944
        ],
        [
            0.08572393655776978,
            -0.014485634863376617,
            0.02205768972635269
        ],
        [
            0.08856243640184402,
            -0.02067018672823906,
            0.018048010766506195
        ],
        [
            0.07794402539730072,
            0.10546749085187912,
            0.08592834323644638
        ],
        [
            0.07446461915969849,
            0.1006857305765152,
            0.08463270962238312
        ],
        [
            0.09408397972583771,
            0.05291053652763367,
            -0.011978525668382645
        ],
        [
            0.09717044234275818,
            0.07143394649028778,
            -0.0044275447726249695
        ],
        [
            0.09068911522626877,
            0.03822379559278488,
            -0.01641402766108513
        ],
        [
            0.0876871794462204,
            0.027802087366580963,
            -0.018815264105796814
        ],
        [
            0.08648789674043655,
            0.020186766982078552,
            -0.02324889600276947
        ],
        [
            0.08473832905292511,
            0.06844799965620041,
            0.053693510591983795
        ],
        [
            0.09192954748868942,
            0.052233390510082245,
            0.03909514471888542
        ],
        [
            0.09883414208889008,
            0.03504751995205879,
            0.03743090480566025
        ],
        [
            0.11468107998371124,
            0.014202192425727844,
            0.054475076496601105
        ],
        [
            0.11789792776107788,
            0.009176824241876602,
            0.045625846832990646
        ],
        [
            0.11417932063341141,
            0.01913108304142952,
            0.04355745017528534
        ],
        [
            0.111545629799366,
            0.021224860101938248,
            0.05174558237195015
        ],
        [
            0.10688361525535583,
            0.005151364952325821,
            0.0669497400522232
        ],
        [
            0.11078479886054993,
            0.012339992448687553,
            0.06591293215751648
        ],
        [
            0.10784604400396347,
            0.015875518321990967,
            0.07404220104217529
        ],
        [
            0.10402494668960571,
            0.009453341364860535,
            0.07700046896934509
        ],
        [
            0.08646105229854584,
            0.08550748229026794,
            0.009002510458230972
        ],
        [
            0.08044488728046417,
            0.07294297218322754,
            0.005936823785305023
        ],
        [
            0.11444195359945297,
            -0.010348785668611526,
            0.022541895508766174
        ],
        [
            0.11459649354219437,
            -0.01211860403418541,
            0.01486612856388092
        ],
        [
            0.11365306377410889,
            -0.016344431787729263,
            0.007456548511981964
        ],
        [
            0.11020544171333313,
            0.023970335721969604,
            0.020814843475818634
        ],
        [
            0.1145971268415451,
            0.017357267439365387,
            0.009020969271659851
        ],
        [
            0.1137351393699646,
            0.021328967064619064,
            0.007338479161262512
        ],
        [
            0.10802695155143738,
            0.026204310357570648,
            0.019769936800003052
        ],
        [
            0.10596448183059692,
            0.04395964741706848,
            0.020151343196630478
        ],
        [
            0.11368812620639801,
            0.039052970707416534,
            0.009916633367538452
        ],
        [
            0.10611960291862488,
            0.05638346076011658,
            0.022898519411683083
        ],
        [
            0.11107826232910156,
            0.014096271246671677,
            -0.0053720176219940186
        ],
        [
            0.11389896273612976,
            0.0037236958742141724,
            -0.008154258131980896
        ],
        [
            0.11007744073867798,
            0.00951550155878067,
            -0.013826847076416016
        ],
        [
            0.1158761978149414,
            -0.003956951200962067,
            -0.002220265567302704
        ],
        [
            0.11610628664493561,
            -0.011016149073839188,
            0.0033785924315452576
        ],
        [
            0.08862418681383133,
            -0.02771119400858879,
            0.013180665671825409
        ],
        [
            0.10503917932510376,
            0.014755934476852417,
            -0.01817408949136734
        ],
        [
            0.11035424470901489,
            0.07783843576908112,
            0.016876688227057457
        ],
        [
            0.10907437652349472,
            0.08673076331615448,
            0.016214635223150253
        ],
        [
            0.10419279336929321,
            0.08518250286579132,
            0.022249720990657806
        ],
        [
            0.10492676496505737,
            0.07635919749736786,
            0.02339668944478035
        ],
        [
            0.06348604708909988,
            0.0815473198890686,
            0.04721155762672424
        ],
        [
            0.07099802792072296,
            0.0831814706325531,
            0.04542359709739685
        ],
        [
            0.07506585121154785,
            0.07891727238893509,
            0.038254864513874054
        ],
        [
            0.11816421896219254,
            0.014859214425086975,
            0.026402223855257034
        ],
        [
            0.12001307308673859,
            0.0028995685279369354,
            0.03063805401325226
        ],
        [
            0.08171290904283524,
            0.07678662985563278,
            0.05636920407414436
        ],
        [
            0.06955961883068085,
            0.10015206784009933,
            0.07775892317295074
        ],
        [
            0.0714145228266716,
            0.10282108187675476,
            0.07248383015394211
        ],
        [
            0.06491812318563461,
            0.09064647555351257,
            0.0594787523150444
        ],
        [
            0.0623057521879673,
            0.08762796968221664,
            0.06538673490285873
        ],
        [
            0.07932750135660172,
            0.0770379826426506,
            0.06536831706762314
        ],
        [
            0.08129191398620605,
            0.07987304776906967,
            0.05884578078985214
        ],
        [
            0.08136358112096786,
            0.0806954875588417,
            0.060833901166915894
        ],
        [
            0.08204952627420425,
            0.07857874780893326,
            0.06724420189857483
        ],
        [
            0.09248536080121994,
            0.045747943222522736,
            0.08160774409770966
        ],
        [
            0.09430646896362305,
            0.04149559140205383,
            0.07648546993732452
        ],
        [
            0.06045205518603325,
            0.061291374266147614,
            0.06384816020727158
        ],
        [
            0.05424363166093826,
            0.06852845102548599,
            0.054841794073581696
        ],
        [
            0.05657491832971573,
            0.06241950765252113,
            0.04356411099433899
        ],
        [
            0.09389067441225052,
            0.04259231686592102,
            0.05765397101640701
        ],
        [
            0.09145574271678925,
            0.04763676971197128,
            0.06651391834020615
        ],
        [
            0.09317134320735931,
            0.0441344752907753,
            0.06824351847171783
        ],
        [
            0.08430291712284088,
            0.06780900061130524,
            0.05841720104217529
        ],
        [
            0.08204720914363861,
            0.07335640490055084,
            0.06189350783824921
        ],
        [
            0.0824027955532074,
            0.06744571030139923,
            0.0639408603310585
        ],
        [
            0.0855257660150528,
            0.06253575533628464,
            0.060159988701343536
        ],
        [
            0.09861326217651367,
            -0.003493737429380417,
            0.054587870836257935
        ],
        [
            0.11004994809627533,
            -0.0006140321493148804,
            0.05536847561597824
        ],
        [
            0.08081938326358795,
            0.10767357051372528,
            0.07201525568962097
        ],
        [
            0.07819119840860367,
            0.10564731061458588,
            0.0708736777305603
        ],
        [
            0.0968637615442276,
            0.03650826960802078,
            0.04834921285510063
        ],
        [
            0.06169469654560089,
            0.05371003597974777,
            0.03198329731822014
        ],
        [
            0.10143248736858368,
            0.030611690133810043,
            0.0396076999604702
        ],
        [
            0.07977841794490814,
            0.029488760977983475,
            0.08320192992687225
        ],
        [
            0.08744902908802032,
            0.030812356621026993,
            0.08594179898500443
        ],
        [
            0.08783555775880814,
            0.03607278689742088,
            0.08949294686317444
        ],
        [
            0.08163784444332123,
            0.03633401542901993,
            0.08966679871082306
        ],
        [
            0.08629739284515381,
            0.0882803201675415,
            0.07770269364118576
        ],
        [
            0.08792694658041,
            0.09167889505624771,
            0.07311395555734634
        ],
        [
            0.08889155834913254,
            0.0942646935582161,
            0.07504818588495255
        ],
        [
            0.0878225639462471,
            0.09185421466827393,
            0.08051316440105438
        ],
        [
            0.07942865043878555,
            0.082853302359581,
            0.054089415818452835
        ],
        [
            0.07543957978487015,
            0.08543325960636139,
            0.05045563355088234
        ],
        [
            0.07622764259576797,
            0.08878069370985031,
            0.05470573529601097
        ],
        [
            0.07984286546707153,
            0.084839828312397,
            0.057802535593509674
        ],
        [
            0.06905600428581238,
            0.08705317229032516,
            0.05096577852964401
        ],
        [
            0.06998544931411743,
            0.09073152393102646,
            0.055482830852270126
        ],
        [
            0.08162528276443481,
            0.0876818373799324,
            0.08237853646278381
        ],
        [
            0.07510058581829071,
            0.09113747626543045,
            0.08450055122375488
        ],
        [
            0.0689522922039032,
            0.07826969027519226,
            0.07399151474237442
        ],
        [
            0.07723154872655869,
            0.07808095216751099,
            0.07333224266767502
        ],
        [
            0.07608754187822342,
            0.006523501127958298,
            0.03613066300749779
        ],
        [
            0.08322518318891525,
            -0.001227356493473053,
            0.04021389037370682
        ],
        [
            0.08226850628852844,
            0.006790671497583389,
            0.05314873903989792
        ],
        [
            0.08043323457241058,
            0.01370260864496231,
            0.06647512316703796
        ],
        [
            0.07906084507703781,
            0.021589962765574455,
            0.07827694714069366
        ],
        [
            0.07014422863721848,
            0.029185626655817032,
            0.0744311735033989
        ],
        [
            0.08809588104486465,
            0.0009816475212574005,
            0.05458670109510422
        ],
        [
            0.07174967229366302,
            0.06927885115146637,
            0.06842640042304993
        ],
        [
            0.06404738873243332,
            0.0704192966222763,
            0.06630918383598328
        ],
        [
            0.06556601077318192,
            0.06641332805156708,
            0.06782310456037521
        ],
        [
            0.10613951086997986,
            0.025914274156093597,
            0.04319244250655174
        ],
        [
            0.0753721073269844,
            0.10294490307569504,
            0.0685267299413681
        ],
        [
            0.07178150862455368,
            0.013596102595329285,
            -0.007742144167423248
        ],
        [
            0.07103816419839859,
            0.0031208395957946777,
            0.0008514821529388428
        ],
        [
            0.07010774314403534,
            0.010209232568740845,
            0.005992121994495392
        ],
        [
            0.07186701148748398,
            0.02218032255768776,
            -0.003670278936624527
        ],
        [
            0.0857652872800827,
            0.09673722833395004,
            0.06856437027454376
        ],
        [
            0.08115328848361969,
            0.10082736611366272,
            0.06644024699926376
        ],
        [
            0.09704320132732391,
            0.03697185218334198,
            0.08080638945102692
        ],
        [
            0.09443935006856918,
            0.041488487273454666,
            0.08504000306129456
        ],
        [
            0.09334194660186768,
            0.03965763375163078,
            0.08823839575052261
        ],
        [
            0.09804084151983261,
            0.03482423350214958,
            0.0864265039563179
        ],
        [
            0.08770360052585602,
            -0.005326360464096069,
            0.040838539600372314
        ],
        [
            0.095815509557724,
            0.012996282428503036,
            0.08694025874137878
        ],
        [
            0.08573506772518158,
            0.0153754111379385,
            0.08511348068714142
        ],
        [
            0.08376391977071762,
            -0.007924042642116547,
            0.028798244893550873
        ],
        [
            0.07701338827610016,
            -0.0015884451568126678,
            0.02522476762533188
        ],
        [
            0.07791054993867874,
            -0.007876615971326828,
            0.01772012561559677
        ],
        [
            0.06587433069944382,
            0.04412512853741646,
            0.07441576570272446
        ],
        [
            0.07142192870378494,
            0.013847935944795609,
            0.034633737057447433
        ],
        [
            0.07335934787988663,
            0.0049409158527851105,
            0.023100614547729492
        ],
        [
            0.07424136996269226,
            -0.0022613555192947388,
            0.014019601047039032
        ],
        [
            0.07459045946598053,
            -0.008168511092662811,
            0.008045338094234467
        ],
        [
            0.07870762050151825,
            -0.013646718114614487,
            0.012694716453552246
        ],
        [
            0.07154547423124313,
            0.09579747915267944,
            0.08224135637283325
        ],
        [
            0.078647680580616,
            0.0960211232304573,
            0.08783873170614243
        ],
        [
            0.0783461257815361,
            -0.021079041063785553,
            0.007403098046779633
        ],
        [
            0.07429744303226471,
            -0.01432780921459198,
            0.0022577792406082153
        ],
        [
            0.06987203657627106,
            0.01280360296368599,
            0.019481293857097626
        ],
        [
            0.0672995001077652,
            0.022800475358963013,
            0.014423675835132599
        ],
        [
            0.06836587190628052,
            0.021235723048448563,
            0.030745454132556915
        ],
        [
            0.06527635455131531,
            0.03178451210260391,
            0.02679440751671791
        ],
        [
            0.057610344141721725,
            0.04899325221776962,
            0.06885255873203278
        ],
        [
            0.09425507485866547,
            0.1059800386428833,
            0.09002859890460968
        ],
        [
            0.08684796094894409,
            0.09760887175798416,
            0.08862846344709396
        ],
        [
            0.08966986835002899,
            0.09569547325372696,
            0.0837928056716919
        ],
        [
            0.09652972221374512,
            0.10286565124988556,
            0.08795420825481415
        ],
        [
            0.0842379629611969,
            0.09224778413772583,
            0.08528527617454529
        ],
        [
            0.08218947052955627,
            0.10093177855014801,
            0.08929843455553055
        ],
        [
            0.06587513536214828,
            0.04491342604160309,
            0.0190182663500309
        ],
        [
            0.08010721206665039,
            0.0705263614654541,
            0.06747757643461227
        ],
        [
            0.07108835875988007,
            0.03734983131289482,
            0.003828778862953186
        ],
        [
            0.06806454062461853,
            0.06234583631157875,
            0.014849554747343063
        ],
        [
            0.07438455522060394,
            0.057197872549295425,
            0.0034824497997760773
        ],
        [
            0.07775019109249115,
            0.03163323923945427,
            -0.01191401481628418
        ],
        [
            0.08082212507724762,
            0.04816669598221779,
            -0.009234216064214706
        ],
        [
            0.07730495184659958,
            0.015267327427864075,
            -0.019088786095380783
        ],
        [
            0.07685105502605438,
            0.022522203624248505,
            -0.014280535280704498
        ],
        [
            0.08514835685491562,
            0.06417001783847809,
            -0.004776310175657272
        ],
        [
            0.09276281297206879,
            0.10709764808416367,
            0.07326988130807877
        ],
        [
            0.09556926041841507,
            0.10274295508861542,
            0.07673116773366928
        ],
        [
