{
    "pred_cam": [
        8.263761520385742,
        0.12490400671958923,
        -0.038657303899526596
    ],
    "pred_mano_params": {
        "global_orient": [
            [
                [
                    -0.7971177697181702,
                    0.5308970212936401,
                    -0.28766563534736633
                ],
                [
                    -0.03513495996594429,
                    -0.5163798332214355,
                    -0.8556385636329651
                ],
                [
                    -0.602800726890564,
                    -0.6719377040863037,
                    0.4302685856819153
                ]
            ]
        ],
        "hand_pose": [
            [
                [
                    0.6007377505302429,
                    -0.6172634363174438,
                    -0.50803542137146
                ],
                [
                    0.7692785859107971,
                    0.6192601919174194,
                    0.1572488695383072
                ],
                [
                    0.2175421416759491,
                    -0.4852861166000366,
                    0.8468605279922485
                ]
            ],
            [
                [
                    0.7943077087402344,
                    -0.5496340394020081,
                    0.2588005065917969
                ],
                [
                    0.6065842509269714,
                    0.7411080598831177,
                    -0.2877749502658844
                ],
                [
                    -0.03362821787595749,
                    0.3855661451816559,
                    0.9220672249794006
                ]
            ],
            [
                [
                    0.9221823215484619,
                    0.07434321194887161,
                    0.37954312562942505
                ],
                [
                    -0.10672028362751007,
                    0.9921648502349854,
                    0.06495928019285202
                ],
                [
                    -0.37174007296562195,
                    -0.10040924698114395,
                    0.922890841960907
                ]
            ],
            [
                [
                    0.7451683282852173,
                    -0.6374878287315369,
                    -0.19578923285007477
                ],
                [
                    0.6666598320007324,
                    0.7195791006088257,
                    0.1943465918302536
                ],
                [
                    0.01699225604534149,
                    -0.2753457725048065,
                    0.9611950516700745
                ]
            ],
            [
                [
                    0.6636195182800293,
                    -0.72674560546875,
                    -0.17734144628047943
                ],
                [
                    0.7371536493301392,
                    0.5949418544769287,
                    0.3203883767127991
                ],
                [
                    -0.12733300030231476,
                    -0.3433438539505005,
                    0.9305381774902344
                ]
            ],
            [
                [
                    0.9390718340873718,
                    -0.240687757730484,
                    0.24538454413414001
                ],
                [
                    0.23103882372379303,
                    0.9705773591995239,
                    0.06782854348421097
                ],
                [
                    -0.2544901669025421,
                    -0.007002526894211769,
                    0.9670500755310059
                ]
            ],
            [
                [
                    0.997125506401062,
                    0.015319786965847015,
                    0.07420287281274796
                ],
                [
                    0.00765329971909523,
                    0.953971803188324,
                    -0.29979854822158813
                ],
                [
                    -0.07538028806447983,
                    0.29950466752052307,
                    0.9511123895645142
                ]
            ],
            [
                [
                    0.2668811082839966,
                    -0.9288777709007263,
                    -0.25682783126831055
                ],
                [
                    0.49029284715652466,
                    -0.09856455773115158,
                    0.8659664988517761
                ],
                [
                    -0.8296911716461182,
                    -0.3570308983325958,
                    0.4291171133518219
                ]
            ],
            [
                [
                    0.7377563714981079,
                    -0.6519513130187988,
                    0.17514272034168243
                ],
                [
                    0.5189300179481506,
                    0.7136411666870117,
                    0.47056132555007935
                ],
                [
                    -0.4317721426486969,
                    -0.2562728226184845,
                    0.8648104071617126
                ]
            ],
            [
                [
                    0.9646896719932556,
                    -0.24361418187618256,
                    -0.10013032704591751
                ],
                [
                    0.23054935038089752,
                    0.9648379683494568,
                    -0.1262325644493103
                ],
                [
                    0.12736159563064575,
                    0.09869026392698288,
                    0.9869343042373657
                ]
            ],
            [
                [
                    0.31148481369018555,
                    -0.9318047165870667,
                    -0.18632549047470093
                ],
                [
                    0.7580835819244385,
                    0.1254415214061737,
                    0.6399794816970825
                ],
                [
                    -0.5729629397392273,
                    -0.3405941426753998,
                    0.7454589605331421
                ]
            ],
            [
                [
                    0.8593929409980774,
                    -0.4930240213871002,
                    0.13554026186466217
                ],
                [
                    0.4578760266304016,
                    0.8600286245346069,
                    0.22516731917858124
                ],
                [
                    -0.22758135199546814,
                    -0.13144655525684357,
                    0.9648464322090149
                ]
            ],
            [
                [
                    0.6544023156166077,
                    0.2633783221244812,
                    -0.708794355392456
                ],
                [
                    -0.6998735666275024,
                    0.5658233761787415,
                    -0.4359138011932373
                ],
                [
                    0.28624218702316284,
                    0.7813294529914856,
                    0.554607629776001
                ]
            ],
            [
                [
                    0.6787782311439514,
                    -0.563385009765625,
                    -0.4710174798965454
                ],
                [
                    0.6909174919128418,
                    0.7072606086730957,
                    0.14971794188022614
                ],
                [
                    0.24878324568271637,
                    -0.42705950140953064,
                    0.8693256378173828
                ]
            ],
            [
                [
                    0.856166660785675,
                    -0.4575400650501251,
                    0.24007447063922882
                ],
                [
                    0.5162749886512756,
                    0.7386797070503235,
                    -0.43337327241897583
                ],
                [
                    0.020947476848959923,
                    0.4949841797351837,
                    0.868649423122406
                ]
            ]
        ],
        "betas": [
            -0.10253992676734924,
            -0.07606548070907593,
            -0.0050303637981414795,
            -0.01704046130180359,
            -0.00993037223815918,
            -0.032093651592731476,
            0.03765484690666199,
            -0.004630625247955322,
            0.0009256750345230103,
            0.023510515689849854
        ]
    },
    "pred_cam_t": [
        -0.12490400671958923,
        -0.038657303899526596,
        4.726963520050049
    ],
    "focal_length": [
        5000.0,
        5000.0
    ],
    "pred_keypoints_3d": [
        [
            0.09615194797515869,
            0.0064222924411296844,
            0.0062309205532073975
        ],
        [
            0.09965519607067108,
            -0.006865310482680798,
            0.04246579110622406
        ],
        [
            0.12289166450500488,
            -0.014975858852267265,
            0.061217278242111206
        ],
        [
            0.14531400799751282,
            -0.0022960007190704346,
            0.07000157237052917
        ],
        [
            0.1580154150724411,
            0.016737347468733788,
            0.09617453068494797
        ],
        [
            0.1579638421535492,
            -0.005518496967852116,
            0.07200159877538681
        ],
        [
            0.1667221337556839,
            0.013000295497477055,
            0.09805814921855927
        ],
        [
            0.15513062477111816,
            0.021456768736243248,
            0.11514046043157578
        ],
        [
            0.14665763080120087,
            0.022662265226244926,
            0.13841775059700012
        ],
        [
            0.17215850949287415,
            0.013463273644447327,
            0.06309691816568375
        ],
        [
            0.18170695006847382,
            0.030421879142522812,
            0.08836232870817184
        ],
        [
            0.1666354238986969,
            0.03812381625175476,
            0.10453914105892181
        ],
        [
            0.15129448473453522,
            0.04028470069169998,
            0.12526702880859375
        ],
        [
            0.16725599765777588,
            0.03434629738330841,
            0.04684820771217346
        ],
        [
            0.1895427256822586,
            0.044564563781023026,
            0.062405265867710114
        ],
        [
            0.17459654808044434,
            0.05238661915063858,
            0.08077530562877655
        ],
        [
            0.15557095408439636,
            0.05192551761865616,
            0.09726766496896744
        ],
        [
            0.1584736406803131,
            0.05122026801109314,
            0.035901524126529694
        ],
        [
            0.1778707206249237,
            0.05903330445289612,
            0.039708882570266724
        ],
        [
            0.16729962825775146,
            0.06555602699518204,
            0.054190393537282944
        ],
        [
            0.15152519941329956,
            0.06098690629005432,
            0.06131993606686592
        ]
    ],
    "pred_vertices": [
        [
            0.12179096043109894,
            0.0026983963325619698,
            0.0517222136259079
        ],
        [
            0.11237864196300507,
            0.003853042609989643,
            0.044639952480793
        ],
        [
            0.1183285117149353,
            0.00021096691489219666,
            0.050836216658353806
        ],
        [
            0.12428335100412369,
            -0.0017776470631361008,
            0.05786583945155144
        ],
        [
            0.10251396149396896,
            0.004366040229797363,
            0.05618596076965332
        ],
        [
            0.09413174539804459,
            -0.00421394407749176,
            0.06051226705312729
        ],
        [
            0.11052416265010834,
            -0.007372219115495682,
            0.0697765052318573
        ],
        [
            0.11413857340812683,
            0.0014233645051717758,
            0.06404498964548111
        ],
        [
            0.12841150164604187,
            -0.0066445497795939445,
            0.06050201505422592
        ],
        [
            0.1232089102268219,
            -0.002553693950176239,
            0.05608323961496353
        ],
        [
            0.1308068186044693,
            -0.010819299146533012,
            0.0564911812543869
        ],
        [
            0.1389673799276352,
            -0.017757169902324677,
            0.0611342191696167
        ],
        [
            0.13556775450706482,
            -0.011060910299420357,
            0.06517039239406586
        ],
        [
            0.146884948015213,
            -0.018825719133019447,
            0.06513132154941559
        ],
        [
            0.1376180648803711,
            -0.023792602121829987,
            0.05246295407414436
        ],
        [
            0.15250633656978607,
            -0.02054031938314438,
            0.05815500020980835
        ],
        [
            0.1448216587305069,
            -0.010138699784874916,
            0.033565375953912735
        ],
        [
            0.14620357751846313,
            0.0007352065294981003,
            0.025787580758333206
        ],
        [
            0.16027352213859558,
            0.00345469918102026,
            0.035583894699811935
        ],
        [
            0.15751054883003235,
            -0.007315433584153652,
            0.04334380477666855
        ],
        [
            0.15333640575408936,
            0.019893784075975418,
            0.024169128388166428
        ],
        [
            0.1579817831516266,
            0.011065943166613579,
            0.03081206977367401
        ],
        [
            0.14508986473083496,
            0.007775845006108284,
            0.02014654502272606
        ],
        [
            0.14192351698875427,
            0.01605590432882309,
            0.014761138707399368
        ],
        [
            0.1203128844499588,
            0.012880922295153141,
            0.04163102060556412
        ],
        [
            0.1103203296661377,
            0.013614795170724392,
            0.035238057374954224
        ],
        [
            0.11008548736572266,
            0.00920636672526598,
            0.03788220137357712
        ],
        [
            0.11998368799686432,
            0.00865251012146473,
            0.044609859585762024
        ],
        [
            0.13317866623401642,
            -0.01509014517068863,
            0.05561932921409607
        ],
        [
            0.12641221284866333,
            -0.02404148504137993,
            0.053494326770305634
        ],
        [
            0.13059158623218536,
            -0.018511038273572922,
            0.05380821228027344
        ],
        [
            0.13277333974838257,
            -0.009823581203818321,
            0.0558709055185318
        ],
        [
            0.0887036845088005,
            0.02418542467057705,
            0.021176762878894806
        ],
        [
            0.08174580335617065,
            0.018632009625434875,
            0.010948121547698975
        ],
        [
            0.08083046227693558,
            0.013440650887787342,
            0.013698499649763107
        ],
        [
            0.08744972944259644,
            0.019507858902215958,
            0.02229742333292961
        ],
        [
            0.07859593629837036,
            2.0381994545459747e-05,
            0.03656325489282608
        ],
        [
            0.0766068622469902,
            -0.002197960391640663,
            0.0232989639043808
        ],
        [
            0.07543811947107315,
            -0.01533120684325695,
            0.018180672079324722
        ],
        [
            0.07954210788011551,
            -0.01605532318353653,
            0.029715359210968018
        ],
        [
            0.08497828990221024,
            -0.0009785965085029602,
            0.05045236647129059
        ],
        [
            0.08272594958543777,
            -0.014797152951359749,
            0.046032823622226715
        ],
        [
            0.0928894504904747,
            -0.01611941307783127,
            0.059908073395490646
        ],
        [
            0.11118286848068237,
            -0.017018672078847885,
            0.07082509249448776
        ],
        [
            0.08513756841421127,
            0.028456149622797966,
            0.0033170245587825775
        ],
        [
            0.09038623422384262,
            0.0342027023434639,
            0.009938783943653107
        ],
        [
            0.15471136569976807,
            0.007346193306148052,
            0.10256858170032501
        ],
        [
            0.15236452221870422,
            0.012597238644957542,
            0.1006658747792244
        ],
        [
            0.1522780805826187,
            0.010085287503898144,
            0.0970151424407959
        ],
        [
            0.15468724071979523,
            0.005484933964908123,
            0.0997743308544159
        ],
        [
            0.10175924003124237,
            0.0322260856628418,
            -0.00767434760928154
        ],
        [
            0.10804402828216553,
            0.026376403868198395,
            -0.013159841299057007
        ],
        [
            0.10173860192298889,
            0.026830121874809265,
            -0.016850870102643967
        ],
        [
            0.0952056273818016,
            0.030588455498218536,
            -0.011092960834503174
        ],
        [
            0.11033932119607925,
            0.0343296080827713,
            -0.0029619932174682617
        ],
        [
            0.11632278561592102,
            0.02563929371535778,
            -0.0073257870972156525
        ],
        [
            0.16744394600391388,
            0.008325708098709583,
            0.10449942946434021
        ],
        [
            0.16312551498413086,
            0.005580873228609562,
            0.10537826269865036
        ],
        [
            0.16473768651485443,
            0.0035891281440854073,
            0.10145888477563858
        ],
        [
            0.1687195599079132,
            0.006421507336199284,
            0.09933289885520935
        ],
        [
            0.13193291425704956,
            -0.0040862467139959335,
            0.06490516662597656
        ],
        [
            0.12978248298168182,
            0.002777530811727047,
            0.05956793576478958
        ],
        [
            0.14606720209121704,
            -0.003843921236693859,
            0.0751928836107254
        ],
        [
            0.1410117894411087,
            0.00018449733033776283,
            0.06840503215789795
        ],
        [
            0.139868825674057,
            -0.0068053617142140865,
            0.07007073611021042
        ],
        [
            0.1455087959766388,
            -0.009352871216833591,
            0.0749816745519638
        ],
        [
            0.1403978019952774,
            0.01792258955538273,
            0.052602022886276245
        ],
        [
            0.13075625896453857,
            0.01630684919655323,
            0.046005286276340485
        ],
        [
            0.13136884570121765,
            0.011355842463672161,
            0.050206273794174194
        ],
        [
            0.14124445617198944,
            0.012118839658796787,
            0.05895685404539108
        ],
        [
            0.1296755075454712,
            0.029005663469433784,
            0.03957442566752434
        ],
        [
            0.13952957093715668,
            0.029453733935952187,
            0.04646695405244827
        ],
        [
            0.13792788982391357,
            0.036763064563274384,
            0.04218997806310654
        ],
        [
            0.13056650757789612,
            0.03552504628896713,
            0.03858400136232376
        ],
        [
            0.1562659591436386,
            0.026533277705311775,
            0.05871526896953583
        ],
        [
            0.1619296669960022,
            0.025902707129716873,
            0.06245947256684303
        ],
        [
            0.16503795981407166,
            0.030143577605485916,
            0.061651796102523804
        ],
        [
            0.15669256448745728,
            0.029875291511416435,
            0.056797098368406296
        ],
        [
            0.09601111710071564,
            0.02629988081753254,
            -0.021027423441410065
        ],
        [
            0.08909419178962708,
            0.028053680434823036,
            -0.014167644083499908
        ],
        [
            0.14625421166419983,
            0.03844645246863365,
            0.015651248395442963
        ],
        [
            0.13855679333209991,
            0.04675324261188507,
            0.015130966901779175
        ],
        [
            0.14842534065246582,
            0.051539096981287,
            0.020983126014471054
        ],
        [
            0.153722882270813,
            0.04142558202147484,
            0.020051361992955208
        ],
        [
            0.1129022166132927,
            0.01709110662341118,
            -0.013666503131389618
        ],
        [
            0.10751581937074661,
            0.018783388659358025,
            -0.01917106658220291
        ],
        [
            0.1693297177553177,
            0.013831328600645065,
            0.10222175717353821
        ],
        [
            0.17011934518814087,
            0.011717923916876316,
            0.0967620238661766
        ],
        [
            0.09424049407243729,
            -0.02549329400062561,
            0.050666842609643936
        ],
        [
            0.11227450519800186,
            -0.02501603774726391,
            0.06603477895259857
        ],
        [
            0.08689524233341217,
            -0.023933107033371925,
            0.03419854864478111
        ],
        [
            0.08487620204687119,
            -0.023075560107827187,
            0.021193936467170715
        ],
        [
            0.08154930174350739,
            -0.023786446079611778,
            0.011512883007526398
        ],
        [
            0.14474442601203918,
            0.005354237277060747,
            0.06797612458467484
        ],
        [
            0.1274241805076599,
            0.007261824328452349,
            0.05212022364139557
        ],
        [
            0.12032947689294815,
            0.017148206010460854,
            0.03900899738073349
        ],
        [
            0.1208503395318985,
            0.04641997814178467,
            0.0288681760430336
        ],
        [
            0.1116001307964325,
            0.044686462730169296,
            0.02345648780465126
        ],
        [
            0.11354412138462067,
            0.03722110390663147,
            0.030854858458042145
        ],
        [
            0.12162816524505615,
            0.04000399261713028,
            0.033602505922317505
        ],
        [
            0.13343557715415955,
            0.05255698040127754,
            0.020920945331454277
        ],
        [
            0.1315343677997589,
            0.0519564114511013,
            0.028723765164613724
        ],
        [
            0.14041602611541748,
            0.05426150560379028,
            0.03333659842610359
        ],
        [
            0.1427842527627945,
            0.0555964931845665,
            0.026245219632983208
        ],
        [
            0.13324794173240662,
            -0.02112087421119213,
            0.05932532250881195
        ],
        [
            0.12193997204303741,
            -0.028691433370113373,
            0.05470176041126251
        ],
        [
            0.09486686438322067,
            0.035019878298044205,
            -6.167590618133545e-05
        ],
        [
            0.08890935033559799,
            0.030957499518990517,
            -0.003062974661588669
        ],
        [
            0.08365999907255173,
            0.027245163917541504,
            -0.008625566959381104
        ],
        [
            0.0981990173459053,
            0.01832454651594162,
            0.029639724642038345
        ],
        [
            0.08625532686710358,
            0.01636752113699913,
            0.023447643965482712
        ],
        [
            0.08511552214622498,
            0.013306033797562122,
            0.027369514107704163
        ],
        [
            0.09772732108831406,
            0.015375478193163872,
            0.030826063826680183
        ],
        [
            0.10313134640455246,
            0.007793670520186424,
            0.04328735172748566
        ],
        [
            0.09074920415878296,
            0.00822223350405693,
            0.045162249356508255
        ],
        [
            0.11306436359882355,
            0.005368458107113838,
            0.05054087191820145
        ],
        [
            0.07803773134946823,
            0.006248549558222294,
            0.016842681914567947
        ],
        [
            0.07370280474424362,
            0.010157131589949131,
            0.0069688186049461365
        ],
        [
            0.07240885496139526,
            0.0019184459233656526,
            0.010182544589042664
        ],
        [
            0.07614914327859879,
            0.018058501183986664,
            0.0016473159193992615
        ],
        [
            0.07948297262191772,
            0.024390779435634613,
            -0.003711458295583725
        ],
        [
            0.10323844105005264,
            0.01836339943110943,
            -0.026546746492385864
        ],
        [
            0.0729251578450203,
            -0.006055194418877363,
            0.012704513967037201
        ],
        [
            0.12104057520627975,
            -0.0016169054433703423,
            0.06839732080698013
        ],
        [
            0.12666134536266327,
            -0.0016087628901004791,
            0.07022906839847565
        ],
        [
            0.12802496552467346,
            0.0004187487065792084,
            0.06307747215032578
        ],
        [
            0.1238340362906456,
            -0.0003234446048736572,
            0.06074722856283188
        ],
        [
            0.15578128397464752,
            -0.016643101349473,
            0.07035234570503235
        ],
        [
            0.14945712685585022,
            -0.014024934731423855,
            0.07441271841526031
        ],
        [
            0.14139163494110107,
            -0.014290621504187584,
            0.06880173087120056
        ],
        [
            0.09779120236635208,
            0.03052707388997078,
            0.024938233196735382
        ],
        [
            0.09856255352497101,
            0.038898151367902756,
            0.015399213880300522
        ],
        [
            0.14874368906021118,
            0.0012069586664438248,
            0.07464747130870819
        ],
        [
            0.1703914850950241,
            0.004398506134748459,
            0.09508423507213593
        ],
        [
            0.16597163677215576,
            0.000940181314945221,
            0.09748000651597977
        ],
        [
            0.16321925818920135,
            -0.009800932370126247,
            0.08339152485132217
        ],
        [
            0.16849005222320557,
            -0.00589316850528121,
            0.08070509135723114
        ],
        [
            0.15597055852413177,
            0.005687101744115353,
            0.07528693974018097
        ],
        [
            0.14982008934020996,
            0.0013885361840948462,
            0.07718188315629959
        ],
        [
            0.15042975544929504,
            0.002886734204366803,
            0.07788772881031036
        ],
        [
            0.15350748598575592,
            0.008839732967317104,
            0.07685013115406036
        ],
        [
            0.16246110200881958,
            0.036534469574689865,
            0.05513906106352806
        ],
        [
            0.15516163408756256,
            0.03671517223119736,
            0.05171874910593033
        ],
        [
            0.1676003485918045,
            -0.0014661038294434547,
            0.05490078777074814
        ],
        [
            0.16600950062274933,
            -0.013378937728703022,
            0.057809434831142426
        ],
        [
            0.15511737763881683,
            -0.01717805676162243,
            0.049305256456136703
        ],
        [
            0.13944438099861145,
            0.02406824752688408,
            0.0483892560005188
        ],
        [
            0.148244708776474,
            0.026270953938364983,
            0.05400320142507553
        ],
        [
            0.14834794402122498,
            0.029943687841296196,
            0.05191677436232567
        ],
        [
            0.1484367996454239,
            0.00831836462020874,
            0.06810054183006287
        ],
        [
            0.15241557359695435,
            0.006323575973510742,
            0.07269864529371262
        ],
        [
            0.15395385026931763,
            0.010716510936617851,
            0.0685664638876915
        ],
        [
            0.14858168363571167,
            0.012531583197414875,
            0.0641956701874733
        ],
        [
            0.12894809246063232,
            0.04219216853380203,
            0.007430817931890488
        ],
        [
            0.1226506382226944,
            0.04932548850774765,
            0.014013879001140594
        ],
        [
            0.15850026905536652,
            0.004993008449673653,
            0.10449576377868652
        ],
        [
            0.15935225784778595,
            0.0030957842245697975,
            0.10137774050235748
        ],
        [
            0.13000750541687012,
            0.022320570424199104,
            0.041948311030864716
        ],
        [
            0.14181777834892273,
            -0.017849262803792953,
            0.04067646712064743
        ],
        [
            0.11994301527738571,
            0.021925346925854683,
            0.036288946866989136
        ],
        [
            0.1655474752187729,
            0.03463490307331085,
            0.03475594520568848
        ],
        [
            0.16505227982997894,
            0.04080749675631523,
            0.03767457604408264
        ],
        [
            0.1688118875026703,
            0.04055311903357506,
            0.04227006435394287
        ],
        [
            0.17184928059577942,
            0.03645400330424309,
            0.039751943200826645
        ],
        [
            0.15655316412448883,
            0.01725500449538231,
            0.08792939782142639
        ],
        [
            0.15289847552776337,
            0.013865797780454159,
            0.09114204347133636
        ],
        [
            0.15257801115512848,
            0.015677381306886673,
            0.09408999979496002
        ],
        [
            0.15661874413490295,
            0.01958797127008438,
            0.09205556660890579
        ],
        [
            0.14843976497650146,
            -0.0039598289877176285,
            0.07890539616346359
        ],
        [
            0.14946715533733368,
            -0.009328187443315983,
            0.07976825535297394
        ],
        [
            0.15136931836605072,
            -0.006744505371898413,
            0.08364158123731613
        ],
        [
            0.15007799863815308,
            -0.0013191874604672194,
            0.08112403005361557
        ],
        [
            0.15449537336826324,
            -0.012971811927855015,
            0.07942264527082443
        ],
        [
            0.15688811242580414,
            -0.010068397037684917,
            0.08408386260271072
        ],
        [
            0.16283316910266876,
            0.01810547523200512,
            0.08667837083339691
        ],
        [
            0.16935719549655914,
            0.01477019488811493,
            0.08855263143777847
        ],
        [
            0.16772453486919403,
            0.006950836628675461,
            0.07437098771333694
        ],
        [
            0.16068492829799652,
            0.011250350624322891,
            0.07606574892997742
        ],
        [
            0.1313471645116806,
            0.011737333610653877,
            0.005031652748584747
        ],
        [
            0.128968745470047,
            0.021989835426211357,
            0.0011229291558265686
        ],
        [
            0.139383465051651,
            0.02654247358441353,
            0.010650329291820526
        ],
        [
            0.14994816482067108,
            0.030915172770619392,
            0.018905822187662125
        ],
        [
            0.15940383076667786,
            0.034701406955718994,
            0.028165657073259354
        ],
        [
            0.16371051967144012,
            0.02340126596391201,
            0.030964650213718414
        ],
        [
            0.13618968427181244,
            0.03345195949077606,
            0.007649857550859451
        ],
        [
            0.16616268455982208,
            0.0048479619435966015,
            0.06720084697008133
        ],
        [
            0.16737546026706696,
            -0.0002478810492902994,
            0.06472720205783844
        ],
        [
            0.16931255161762238,
            0.002025941852480173,
            0.06167043000459671
        ],
        [
            0.11914894729852676,
            0.029102588072419167,
            0.03431113064289093
        ],
        [
            0.16073296964168549,
            0.0002762945368885994,
            0.09822328388690948
        ],
        [
            0.10207287967205048,
            -0.021566040813922882,
            0.002326369285583496
        ],
        [
            0.1082012802362442,
            -0.012709412723779678,
            -0.0063066184520721436
        ],
        [
            0.11322951316833496,
            -0.012744764797389507,
            0.0008781552314758301
        ],
        [
            0.1055988222360611,
            -0.022165292873978615,
            0.011328212916851044
        ],
        [
            0.15238602459430695,
            0.00789614487439394,
            0.09492062032222748
        ],
        [
            0.1549282819032669,
            0.0026410548016428947,
            0.09742807596921921
        ],
        [
            0.15734604001045227,
            0.042762693017721176,
            0.04835169389843941
        ],
        [
            0.16321516036987305,
            0.04090109094977379,
            0.05092191696166992
        ],
        [
            0.16598665714263916,
            0.042409833520650864,
            0.04804118722677231
        ],
        [
            0.16199837625026703,
            0.047086235135793686,
            0.045580022037029266
        ],
        [
            0.12615495920181274,
            0.02683868445456028,
            -0.0009513683617115021
        ],
        [
            0.1554005891084671,
            0.05367695540189743,
            0.023840386420488358
        ],
        [
            0.1594688594341278,
            0.04506538435816765,
            0.02294582687318325
        ],
        [
            0.11975052207708359,
            0.017590127885341644,
            -0.007050558924674988
        ],
        [
            0.12208667397499084,
            0.008451787754893303,
            -0.00418458878993988
        ],
        [
            0.11537225544452667,
            0.0066397469490766525,
            -0.01104079931974411
        ],
        [
            0.16981571912765503,
            0.01521313190460205,
            0.04286906123161316
        ],
        [
            0.13403087854385376,
            0.00493405107408762,
            0.009863242506980896
        ],
        [
            0.12351282685995102,
            0.002221507951617241,
            0.00017648935317993164
        ],
        [
            0.11552286893129349,
            -0.0002478156238794327,
            -0.007817082107067108
        ],
        [
            0.11027856171131134,
            -0.001591203734278679,
            -0.014223620295524597
        ],
        [
            0.11055632680654526,
            0.006148941814899445,
            -0.01701153814792633
        ],
        [
            0.17104029655456543,
            0.009773231111466885,
            0.09178000688552856
        ],
        [
            0.1686665564775467,
            0.018066588789224625,
            0.09382438659667969
        ],
        [
            0.10617198050022125,
            0.00531109981238842,
            -0.024976953864097595
        ],
        [
            0.10557402670383453,
            -0.00318155437707901,
            -0.02108234167098999
        ],
        [
            0.12378726899623871,
            -0.005303084850311279,
            0.0055884793400764465
        ],
        [
            0.12217123806476593,
            -0.013956339098513126,
            0.013024911284446716
        ],
        [
            0.13384519517421722,
            -0.002259119413793087,
            0.01488540694117546
        ],
        [
            0.13367795944213867,
            -0.010714452713727951,
            0.02269325777888298
        ],
        [
            0.1712598353624344,
            0.0044114356860518456,
            0.04314927011728287
        ],
        [
            0.16091282665729523,
            0.02644716389477253,
            0.10893909633159637
        ],
        [
            0.16266770660877228,
            0.023451359942555428,
            0.09800209850072861
        ],
        [
            0.15690535306930542,
            0.022217310965061188,
            0.09731454402208328
        ],
        [
            0.15678174793720245,
            0.027133069932460785,
            0.10798415541648865
        ],
        [
            0.1624821275472641,
            0.020782241597771645,
            0.09178771078586578
        ],
        [
            0.16753557324409485,
            0.0201062373816967,
            0.09933207929134369
        ],
        [
            0.1284048855304718,
            -0.02008170261979103,
            0.03236690163612366
        ],
        [
            0.15923267602920532,
            0.00922913197427988,
            0.07204572856426239
        ],
        [
            0.11278674006462097,
            -0.02357395552098751,
            0.025899037718772888
        ],
        [
            0.12740102410316467,
            -0.027563458308577538,
            0.04483553022146225
        ],
        [
            0.11520485579967499,
            -0.029100991785526276,
            0.04295634105801582
        ],
        [
            0.09668074548244476,
            -0.027023613452911377,
            0.022337470203638077
        ],
        [
            0.10071288794279099,
            -0.0297347791492939,
            0.03919177129864693
        ],
        [
            0.0902276337146759,
            -0.025561539456248283,
            0.003871448338031769
        ],
        [
            0.0945829302072525,
            -0.025533951818943024,
            0.01209307461977005
        ],
        [
            0.10984901338815689,
            -0.030706971883773804,
            0.0536169670522213
        ],
        [
            0.15141256153583527,
            0.01364395022392273,
            0.11062239110469818
        ],
