{
    "pred_cam": [
        8.175002098083496,
        -0.1044095829129219,
        0.05070335417985916
    ],
    "pred_mano_params": {
        "global_orient": [
            [
                [
                    0.2167995572090149,
                    -0.7534098625183105,
                    0.6207829713821411
                ],
                [
                    0.9733896255493164,
                    0.21518927812576294,
                    -0.07877909392118454
                ],
                [
                    -0.07423289120197296,
                    0.6213430166244507,
                    0.7800142765045166
                ]
            ]
        ],
        "hand_pose": [
            [
                [
                    0.6313676238059998,
                    -0.7498477101325989,
                    -0.19774547219276428
                ],
                [
                    0.7565320730209351,
                    0.6516057252883911,
                    -0.055400196462869644
                ],
                [
                    0.17039377987384796,
                    -0.11462290585041046,
                    0.9786866307258606
                ]
            ],
            [
                [
                    0.8824702501296997,
                    -0.43386510014533997,
                    0.18167951703071594
                ],
                [
                    0.4702056646347046,
                    0.8035458922386169,
                    -0.3649941086769104
                ],
                [
                    0.01237037405371666,
                    0.40752312541007996,
                    0.91311115026474
                ]
            ],
            [
                [
                    0.9558805823326111,
                    -0.24349389970302582,
                    0.16432595252990723
                ],
                [
                    0.16503478586673737,
                    0.9079087376594543,
                    0.3853117525577545
                ],
                [
                    -0.24301405251026154,
                    -0.3411925137042999,
                    0.9080373048782349
                ]
            ],
            [
                [
                    0.6251931190490723,
                    -0.7764325737953186,
                    -0.07928499579429626
                ],
                [
                    0.7480368614196777,
                    0.5671319365501404,
                    0.34467700123786926
                ],
                [
                    -0.22265338897705078,
                    -0.2747977375984192,
                    0.9353671669960022
                ]
            ],
            [
                [
                    0.8939434289932251,
                    -0.40994948148727417,
                    -0.18112599849700928
                ],
                [
                    0.4452192187309265,
                    0.8586634993553162,
                    0.25392279028892517
                ],
                [
                    0.05143076181411743,
                    -0.30763334035873413,
                    0.9501140117645264
                ]
            ],
            [
                [
                    0.8859338164329529,
                    -0.4537931978702545,
                    0.09588069468736649
                ],
                [
                    0.45556893944740295,
                    0.8901925683021545,
                    0.003749280236661434
                ],
                [
                    -0.08705368638038635,
                    0.04035864770412445,
                    0.9953857660293579
                ]
            ],
            [
                [
                    0.2258320301771164,
                    -0.962157130241394,
                    -0.15249097347259521
                ],
                [
                    0.48139333724975586,
                    -0.025865642353892326,
                    0.8761228919029236
                ],
                [
                    -0.8469122052192688,
                    -0.2712647616863251,
                    0.4573347568511963
                ]
            ],
            [
                [
                    0.3876621425151825,
                    -0.866249680519104,
                    -0.3151659071445465
                ],
                [
                    0.7039307355880737,
                    0.057452648878097534,
                    0.7079412341117859
                ],
                [
                    -0.5951467752456665,
                    -0.4962969422340393,
                    0.6320520043373108
                ]
            ],
            [
                [
                    0.7100774645805359,
                    -0.7021167278289795,
                    0.05312325432896614
                ],
                [
                    0.5149765014648438,
                    0.5693033933639526,
                    0.6408531665802002
                ],
                [
                    -0.4801969826221466,
                    -0.42769819498062134,
                    0.7658231258392334
                ]
            ],
            [
                [
                    0.06277494132518768,
                    -0.9974808692932129,
                    0.03303300961852074
                ],
                [
                    0.8663603663444519,
                    0.07089458405971527,
                    0.49436190724372864
                ],
                [
                    -0.4954584240913391,
                    -0.002415058668702841,
                    0.8686282634735107
                ]
            ],
            [
                [
                    0.33772528171539307,
                    -0.9168990254402161,
                    -0.21269172430038452
                ],
                [
                    0.8053045272827148,
                    0.16449569165706635,
                    0.5695837736129761
                ],
                [
                    -0.487263947725296,
                    -0.36364448070526123,
                    0.7939372658729553
                ]
            ],
            [
                [
                    0.5628848075866699,
                    -0.8199706673622131,
                    0.10396534204483032
                ],
                [
                    0.733161211013794,
                    0.5534061193466187,
                    0.3952420651912689
                ],
                [
                    -0.38162195682525635,
                    -0.14625239372253418,
                    0.9126745462417603
                ]
            ],
            [
                [
                    0.9395738840103149,
                    -0.1287456750869751,
                    -0.3172152638435364
                ],
                [
                    -0.21988804638385773,
                    0.48323965072631836,
                    -0.8474248051643372
                ],
                [
                    0.2623932659626007,
                    0.8659700155258179,
                    0.4257297217845917
                ]
            ],
            [
                [
                    0.943579912185669,
                    -0.3306717276573181,
                    0.017694083973765373
                ],
                [
                    0.24935631453990936,
                    0.7446721792221069,
                    0.6190999150276184
                ],
                [
                    -0.21789513528347015,
                    -0.5797581672668457,
                    0.7851127982139587
                ]
            ],
            [
                [
                    0.956824004650116,
                    -0.290130078792572,
                    -0.017675552517175674
                ],
                [
                    0.21381883323192596,
                    0.743741512298584,
                    -0.6333484649658203
                ],
                [
                    0.1968994438648224,
                    0.6022235751152039,
                    0.7736650109291077
                ]
            ]
        ],
        "betas": [
            -0.11376991868019104,
            -0.003141075372695923,
            -0.044352591037750244,
            0.010595589876174927,
            0.03947865962982178,
            -0.08852725476026535,
            -0.006360113620758057,
            0.06425803899765015,
            -0.01222275197505951,
            0.001103818416595459
        ]
    },
    "pred_cam_t": [
        -0.1044095829129219,
        0.05070335417985916,
        4.778286457061768
    ],
    "focal_length": [
        5000.0,
        5000.0
    ],
    "pred_keypoints_3d": [
        [
            0.09622824192047119,
            0.00643752608448267,
            0.006201419048011303
        ],
        [
            0.11890147626399994,
            -0.02260240912437439,
            0.018542315810918808
        ],
        [
            0.1284554898738861,
            -0.05198182538151741,
            0.015432683750987053
        ],
        [
            0.1345219761133194,
            -0.07827862352132797,
            0.0115533247590065
        ],
        [
            0.14663837850093842,
            -0.1046183705329895,
            -0.008676583878695965
        ],
        [
            0.09386831521987915,
            -0.0825989693403244,
            0.02577480673789978
        ],
        [
            0.1031029149889946,
            -0.11064926534891129,
            0.010663550347089767
        ],
        [
            0.11713921278715134,
            -0.11830617487430573,
            -0.004922222346067429
        ],
        [
            0.13664472103118896,
            -0.12370123714208603,
            -0.01876886561512947
        ],
        [
            0.07461388409137726,
            -0.08625724166631699,
            0.00971888191998005
        ],
        [
            0.08927321434020996,
            -0.11160913109779358,
            -0.002904074266552925
        ],
        [
            0.10831412672996521,
            -0.11894939839839935,
            -0.014381149783730507
        ],
        [
            0.1326126754283905,
            -0.1216983050107956,
            -0.022474326193332672
        ],
        [
            0.06473883986473083,
            -0.07225999981164932,
            -0.011089169420301914
        ],
        [
            0.0902421772480011,
            -0.08277271687984467,
            -0.02010301873087883
        ],
        [
            0.10227175056934357,
            -0.06105157360434532,
            -0.017596809193491936
        ],
        [
            0.09931120276451111,
            -0.042053185403347015,
            -0.002019442617893219
        ],
        [
            0.06179073825478554,
            -0.05958575755357742,
            -0.028787624090909958
        ],
        [
            0.08131621778011322,
            -0.06637360900640488,
            -0.03379252925515175
        ],
        [
            0.08857107907533646,
            -0.05007404834032059,
            -0.02696298621594906
        ],
        [
            0.08011853694915771,
            -0.038678817451000214,
            -0.014639124274253845
        ]
    ],
    "pred_vertices": [
        [
            0.10744984447956085,
            -0.046823207288980484,
            0.011575683951377869
        ],
        [
            0.10986653715372086,
            -0.03603707626461983,
            0.008868232369422913
        ],
        [
            0.11344823241233826,
            -0.044501617550849915,
            0.009386099874973297
        ],
        [
            0.11188970506191254,
            -0.05368800833821297,
            0.014322981238365173
        ],
        [
            0.1263086497783661,
            -0.03008512407541275,
            0.0004837792366743088
        ],
        [
            0.13560672104358673,
            -0.025183767080307007,
            0.006292510777711868
        ],
        [
            0.13724000751972198,
            -0.04225761070847511,
            0.006032340228557587
        ],
        [
            0.12939096987247467,
            -0.04412198066711426,
            -4.645250737667084e-05
        ],
        [
            0.11393388360738754,
            -0.05987248942255974,
            0.017105262726545334
        ],
        [
            0.11650125682353973,
            -0.0523519292473793,
            0.00950319878757
        ],
        [
            0.11351887881755829,
            -0.0615621842443943,
            0.019977455958724022
        ],
        [
            0.1073162853717804,
            -0.0662807747721672,
            0.0318673700094223
        ],
        [
            0.10984530299901962,
            -0.06605016440153122,
            0.025211051106452942
        ],
        [
            0.10240606218576431,
            -0.0719023272395134,
            0.03561338037252426
        ],
        [
            0.10321275144815445,
            -0.058598004281520844,
            0.038450710475444794
        ],
        [
            0.09362948685884476,
            -0.07027173042297363,
            0.03932734578847885
        ],
        [
            0.07966160029172897,
            -0.0453823059797287,
            0.029868479818105698
        ],
        [
            0.07152701914310455,
            -0.04067612439393997,
            0.01974303461611271
        ],
        [
            0.065976083278656,
            -0.05796549469232559,
            0.019097253680229187
        ],
        [
            0.0756906121969223,
            -0.06105979159474373,
            0.028843410313129425
        ],
        [
            0.05946454405784607,
            -0.04743405431509018,
            0.0019329232163727283
        ],
        [
            0.06287702918052673,
            -0.05408041924238205,
            0.01127178966999054
        ],
        [
            0.06743203103542328,
            -0.036385778337717056,
            0.01279514841735363
        ],
        [
            0.06462392956018448,
            -0.0311572328209877,
            0.004323984496295452
        ],
        [
            0.09958620369434357,
            -0.037139780819416046,
            0.0024334024637937546
        ],
        [
            0.10245701670646667,
            -0.026561971753835678,
            0.000685911625623703
        ],
        [
            0.10476098209619522,
            -0.02918749675154686,
            0.005216960795223713
        ],
        [
            0.10246022045612335,
            -0.039615023881196976,
            0.006464228965342045
        ],
        [
            0.12068825960159302,
            -0.06247572973370552,
            0.0223112553358078
        ],
        [
            0.11732151359319687,
            -0.05308852717280388,
            0.03192306309938431
        ],
        [
            0.11350521445274353,
            -0.05856015160679817,
            0.02784469537436962
        ],
        [
            0.11957047134637833,
            -0.06392684578895569,
            0.01704043336212635
        ],
        [
            0.108536496758461,
            -0.0016484335064888,
            -0.013313865289092064
        ],
        [
            0.10804608464241028,
            0.011124595999717712,
            -0.00854152999818325
        ],
        [
            0.11117908358573914,
            0.010088063776493073,
            -0.003549676388502121
        ],
        [
            0.11062160134315491,
            -0.0012879669666290283,
            -0.00861637108027935
        ],
        [
            0.12698999047279358,
            -0.0019110292196273804,
            0.008182626217603683
        ],
        [
            0.12189377844333649,
            0.007696814835071564,
            0.011302917264401913
        ],
        [
            0.12218920141458511,
            0.012780517339706421,
            0.023717839270830154
        ],
        [
            0.12629245221614838,
            0.002227380871772766,
            0.02372344769537449
        ],
        [
            0.1321864128112793,
            -0.013614967465400696,
            0.006866196170449257
        ],
        [
            0.13399988412857056,
            -0.009774208068847656,
            0.019888442009687424
        ],
        [
            0.13827286660671234,
            -0.023250430822372437,
            0.017241965979337692
        ],
        [
            0.13953149318695068,
            -0.041321709752082825,
            0.015091612935066223
        ],
        [
            0.09895940124988556,
            0.014033026993274689,
            -0.01724718138575554
        ],
        [
            0.09845111519098282,
            0.005094975233078003,
            -0.022463664412498474
        ],
        [
            0.11499208211898804,
            -0.1045827642083168,
            0.008245706558227539
        ],
        [
            0.11241072416305542,
            -0.10346746444702148,
            0.00288543663918972
        ],
        [
            0.11081850528717041,
            -0.09960505366325378,
            0.005972122773528099
        ],
        [
            0.11354057490825653,
            -0.10166355967521667,
            0.010621080175042152
        ],
        [
            0.07870666682720184,
            0.011481374502182007,
            -0.017607394605875015
        ],
        [
            0.07157465815544128,
            0.012068301439285278,
            -0.010456942021846771
        ],
        [
            0.07381144165992737,
            0.01894872635602951,
            -0.011711057275533676
        ],
        [
            0.08171901106834412,
            0.018468767404556274,
            -0.016868751496076584
        ],
        [
            0.0746721476316452,
            0.002294979989528656,
            -0.018545199185609818
        ],
        [
            0.06910551339387894,
            0.002325870096683502,
            -0.008665491826832294
        ],
        [
            0.1092393770813942,
            -0.11451540887355804,
            0.01421455666422844
        ],
        [
            0.11342576146125793,
            -0.11139470338821411,
            0.014034321531653404
        ],
        [
            0.11036335676908493,
            -0.10885441303253174,
            0.01725158467888832
        ],
        [
            0.10544146597385406,
            -0.11090706288814545,
            0.017311222851276398
        ],
        [
            0.10970783233642578,
            -0.06237873435020447,
            0.018997155129909515
        ],
        [
            0.10603415966033936,
            -0.05669613182544708,
            0.01293309684842825
        ],
        [
            0.10377652943134308,
            -0.07689029723405838,
            0.020362306386232376
        ],
        [
            0.10327576100826263,
            -0.0696149617433548,
            0.017205268144607544
        ],
        [
            0.10670402646064758,
            -0.06992007791996002,
            0.02325676567852497
        ],
        [
            0.1059190109372139,
            -0.07607444375753403,
            0.025913404300808907
        ],
        [
            0.09069270640611649,
            -0.058011025190353394,
            0.000680999830365181
        ],
        [
            0.09398040175437927,
            -0.0468471460044384,
            0.0007488271221518517
        ],
        [
            0.09706481546163559,
            -0.05036675184965134,
            0.005519355647265911
        ],
        [
            0.09511624276638031,
            -0.06311871111392975,
            0.006213855929672718
        ],
        [
            0.0887330174446106,
            -0.041816115379333496,
            -0.01153646595776081
        ],
        [
            0.0854434221982956,
            -0.05294536054134369,
            -0.010177195072174072
        ],
        [
            0.08288112282752991,
            -0.04847726598381996,
            -0.017160765826702118
        ],
        [
            0.08646303415298462,
            -0.041754234582185745,
            -0.01761900633573532
        ],
        [
            0.08171897381544113,
            -0.07223353534936905,
            -0.005361407063901424
        ],
        [
            0.08101744204759598,
            -0.07775390148162842,
            -0.004249362275004387
        ],
        [
            0.07909869402647018,
            -0.07478480786085129,
            -0.0055313315242528915
        ],
        [
            0.08003571629524231,
            -0.0700838714838028,
            -0.007715990301221609
        ],
        [
            0.0755067840218544,
            0.025922410190105438,
            -0.011937429197132587
        ],
        [
            0.08476944267749786,
            0.025019310414791107,
            -0.015254865400493145
        ],
        [
            0.0557653084397316,
            -0.03728665038943291,
            -0.017710648477077484
        ],
        [
            0.06074526533484459,
            -0.031110968440771103,
            -0.026024870574474335
        ],
        [
            0.05789466202259064,
            -0.04401235654950142,
            -0.029779214411973953
        ],
        [
            0.051549412310123444,
            -0.04794162139296532,
            -0.019393939524888992
        ],
        [
            0.0691848173737526,
            0.010020270943641663,
            -0.0005203699693083763
        ],
        [
            0.06939339637756348,
            0.017594963312149048,
            -0.0027379621751606464
        ],
        [
            0.10404159873723984,
            -0.11596600711345673,
            0.010979014448821545
        ],
        [
            0.10053164511919022,
            -0.11159375309944153,
            0.013981699012219906
        ],
        [
            0.13228930532932281,
            -0.02056320756673813,
            0.03017308935523033
        ],
        [
            0.13697850704193115,
            -0.041079387068748474,
            0.02468312531709671
        ],
        [
            0.12516441941261292,
            -0.00516163557767868,
            0.03253680840134621
        ],
        [
            0.11814767867326736,
            0.004960767924785614,
            0.033076364547014236
        ],
        [
            0.11485763639211655,
            0.014020457863807678,
            0.033544816076755524
        ],
        [
            0.098977230489254,
            -0.07180242985486984,
            0.012751344591379166
        ],
        [
            0.10198856145143509,
            -0.04950502887368202,
            0.008686010725796223
        ],
        [
            0.0973026379942894,
            -0.0351230762898922,
            -0.0017054891213774681
        ],
        [
            0.08540323376655579,
            -0.028976935893297195,
            -0.029814135283231735
        ],
        [
            0.08909355103969574,
            -0.019329585134983063,
            -0.029738077893853188
        ],
        [
            0.09399116784334183,
            -0.025688212364912033,
            -0.02236023359000683
        ],
        [
            0.0892631858587265,
            -0.032719939947128296,
            -0.02358011156320572
        ],
        [
            0.06837163865566254,
            -0.03157999366521835,
            -0.03290526568889618
        ],
        [
            0.07582920789718628,
            -0.03502838313579559,
            -0.03294143080711365
        ],
        [
            0.07324060052633286,
            -0.042046792805194855,
            -0.03306590020656586
        ],
        [
            0.06548920273780823,
            -0.041226211935281754,
            -0.034040097147226334
        ],
        [
            0.12651284039020538,
            -0.06114550679922104,
            0.02667379379272461
        ],
        [
            0.12236660718917847,
            -0.04834623262286186,
            0.03437674790620804
        ],
        [
            0.08832123875617981,
            0.009836137294769287,
            -0.021969500929117203
        ],
        [
            0.09154956787824631,
            0.016320854425430298,
            -0.018786417320370674
        ],
        [
            0.09255945682525635,
            0.02431904524564743,
            -0.015699071809649467
        ],
        [
            0.10698757320642471,
            -0.014212556183338165,
            -0.005574035458266735
        ],
        [
            0.11225409060716629,
            -0.0010422319173812866,
            -0.005386019125580788
        ],
        [
            0.11504779756069183,
            -0.002701684832572937,
            -0.002221556380391121
        ],
        [
            0.10763080418109894,
            -0.014914251863956451,
            -0.0021316343918442726
        ],
        [
            0.11403728276491165,
            -0.026195809245109558,
            0.0034484248608350754
        ],
        [
            0.12247279286384583,
            -0.01624312996864319,
            0.000996410846710205
        ],
        [
            0.11683492362499237,
            -0.037226058542728424,
            0.0019476059824228287
        ],
        [
            0.1158943623304367,
            0.010286614298820496,
            0.003294982947409153
        ],
        [
            0.1128370463848114,
            0.02007582038640976,
            -0.0012272605672478676
        ],
        [
            0.11701622605323792,
            0.019106484949588776,
            0.006652109324932098
        ],
        [
            0.1063491627573967,
            0.021956026554107666,
            -0.008416203781962395
        ],
        [
            0.09936641901731491,
            0.023444361984729767,
            -0.013828195631504059
        ],
        [
            0.06789799779653549,
            0.026066400110721588,
            -0.0026706336066126823
        ],
        [
            0.11951137334108353,
            0.01746606081724167,
            0.014482698403298855
        ],
        [
            0.13164310157299042,
            -0.05322182551026344,
            0.0020282473415136337
        ],
        [
            0.1342804729938507,
            -0.06093418970704079,
            0.0039056125096976757
        ],
        [
            0.12662245333194733,
            -0.06250879168510437,
            0.003826878499239683
        ],
        [
            0.12361663579940796,
            -0.05552978813648224,
            0.00260013435035944
        ],
        [
            0.09894147515296936,
            -0.0799032598733902,
            0.03593779727816582
        ],
        [
            0.10472222417593002,
            -0.07824382185935974,
            0.03115956112742424
        ],
        [
            0.10721617937088013,
            -0.07054824382066727,
            0.03019382245838642
        ],
        [
            0.10317730903625488,
            -0.010818354785442352,
            -0.018321210518479347
        ],
        [
            0.09500552713871002,
            -0.004661932587623596,
            -0.0260060615837574
        ],
        [
            0.09978950023651123,
            -0.07894793152809143,
            0.015874400734901428
        ],
        [
            0.10193438082933426,
            -0.10874441266059875,
            0.02042326331138611
        ],
        [
            0.10742434859275818,
            -0.10625457763671875,
            0.02088187262415886
        ],
        [
            0.1016584113240242,
            -0.09223451465368271,
            0.03072630614042282
        ],
        [
            0.0953899621963501,
            -0.09546415507793427,
            0.03005753457546234
        ],
        [
            0.09329171478748322,
            -0.08529958873987198,
            0.013699132949113846
        ],
        [
            0.09963394701480865,
            -0.08169940114021301,
            0.015159443020820618
        ],
        [
            0.0991722047328949,
            -0.08325281739234924,
            0.014199591241776943
        ],
        [
            0.09464424103498459,
            -0.08656053990125656,
            0.010513624176383018
        ],
        [
            0.07675880193710327,
            -0.0682234838604927,
            -0.01226119790226221
        ],
        [
            0.07790275663137436,
            -0.06464044749736786,
            -0.014302516356110573
        ],
        [
            0.07444325089454651,
            -0.07646233588457108,
            0.02438385784626007
        ],
        [
            0.08067312836647034,
            -0.07758697867393494,
            0.036774974316358566
        ],
        [
            0.08404237776994705,
            -0.06469741463661194,
            0.037652600556612015
        ],
        [
            0.08764520287513733,
            -0.054379768669605255,
            -0.005184326320886612
        ],
        [
            0.08437798172235489,
            -0.06401859223842621,
            -0.0058789849281311035
        ],
        [
            0.08252665400505066,
            -0.062143027782440186,
            -0.00907595269382
        ],
        [
            0.09577349573373795,
            -0.07446936517953873,
            0.010537004098296165
        ],
        [
            0.09488515555858612,
            -0.08057070523500443,
            0.012259431183338165
        ],
        [
            0.09168080985546112,
            -0.07815321534872055,
            0.009205665439367294
        ],
        [
            0.09292390197515488,
            -0.0717039555311203,
            0.006849539931863546
        ],
        [
            0.06462004035711288,
            -0.01841389387845993,
            -0.023330166935920715
        ],
        [
            0.07300993800163269,
            -0.019526049494743347,
            -0.031723763793706894
        ],
        [
            0.11544394493103027,
            -0.10758846998214722,
            0.012033158913254738
        ],
        [
            0.11326050758361816,
            -0.1050744578242302,
            0.014855796471238136
        ],
        [
            0.09103234112262726,
            -0.04354706034064293,
            -0.005048627499490976
        ],
        [
            0.08853010088205338,
            -0.05002657696604729,
            0.03613713011145592
        ],
        [
            0.0951966643333435,
            -0.03305938467383385,
            -0.006396695040166378
        ],
        [
            0.05950010195374489,
            -0.06468918174505234,
            -0.013502325862646103
        ],
        [
            0.06524509191513062,
            -0.06491516530513763,
            -0.01980222389101982
        ],
        [
            0.06849414110183716,
            -0.06722851097583771,
            -0.02021961286664009
        ],
        [
            0.06499474495649338,
            -0.06984762847423553,
            -0.017012573778629303
        ],
        [
            0.09864875674247742,
            -0.0986047014594078,
            0.003449193201959133
        ],
        [
            0.1043352484703064,
            -0.0970449149608612,
            0.004242123104631901
        ],
        [
            0.10618531703948975,
            -0.09959007799625397,
            0.0017650257796049118
        ],
        [
            0.10091154277324677,
            -0.10209955275058746,
            0.0008014235645532608
        ],
        [
            0.10370441526174545,
            -0.08052154630422592,
            0.019355665892362595
        ],
        [
            0.10606364905834198,
            -0.0809212252497673,
            0.025035634636878967
        ],
        [
            0.10676014423370361,
            -0.08479896932840347,
            0.02242969162762165
        ],
        [
            0.1034083142876625,
            -0.08382350951433182,
            0.017356475815176964
        ],
        [
            0.10451444983482361,
            -0.08352648466825485,
            0.03035859949886799
        ],
        [
            0.10565066337585449,
            -0.08807172626256943,
            0.027910925447940826
        ],
        [
            0.09410146623849869,
            -0.10237456858158112,
            0.006016042083501816
        ],
        [
            0.09335535019636154,
            -0.10692068934440613,
            0.011973267421126366
        ],
        [
            0.08632902055978775,
            -0.09463846683502197,
            0.019042683765292168
        ],
        [
            0.08960890024900436,
            -0.09206542372703552,
            0.012017406523227692
        ],
        [
            0.0676594004034996,
            -0.015998661518096924,
            0.007102761417627335
        ],
        [
            0.06520091742277145,
            -0.012271814048290253,
            -0.0032145343720912933
        ],
        [
            0.06172170117497444,
            -0.027294974774122238,
            -0.006229578983038664
        ],
        [
            0.05672982707619667,
            -0.04248693957924843,
            -0.009400585666298866
        ],
        [
            0.05405881255865097,
            -0.05698062479496002,
            -0.011964168399572372
        ],
        [
            0.05478535592556,
            -0.06116362661123276,
            -0.0004446879029273987
        ],
        [
            0.060993969440460205,
            -0.023193232715129852,
            -0.013589708134531975
        ],
        [
            0.08261437714099884,
            -0.08372853696346283,
            0.017264414578676224
        ],
        [
            0.08102540671825409,
            -0.08495187014341354,
            0.02408209815621376
        ],
        [
            0.07728181034326553,
            -0.08186650276184082,
            0.020542487502098083
        ],
        [
            0.09337921440601349,
            -0.03142223134636879,
            -0.01354103535413742
        ],
        [
            0.11091599613428116,
            -0.1029144898056984,
            0.018875328823924065
        ],
        [
            0.09347781538963318,
            0.0073308274149894714,
            0.03526793420314789
        ],
        [
            0.08216840773820877,
            0.009590066969394684,
            0.027702413499355316
        ],
        [
            0.08293180912733078,
            0.0007748156785964966,
            0.028356319293379784
        ],
        [
            0.09655927866697311,
            -0.0021154358983039856,
            0.036267273128032684
        ],
        [
            0.10975611954927444,
            -0.09719002991914749,
            0.00872258935123682
        ],
        [
            0.11242415010929108,
            -0.09903059154748917,
            0.014143772423267365
        ],
        [
            0.07671942561864853,
            -0.06297113746404648,
            -0.020410822704434395
        ],
        [
            0.07565362006425858,
            -0.06667519360780716,
            -0.01793729141354561
        ],
        [
            0.07445278018712997,
            -0.06553448736667633,
            -0.019760023802518845
        ],
        [
            0.0748271569609642,
            -0.06318827718496323,
            -0.02415907010436058
        ],
        [
            0.06511833518743515,
            -0.009171508252620697,
            -0.008479829877614975
        ],
        [
            0.06272022426128387,
            -0.05169771611690521,
            -0.03514273464679718
        ],
        [
            0.05573836341500282,
            -0.05605580657720566,
            -0.024918612092733383
        ],
        [
            0.06812527775764465,
            0.00042778998613357544,
            -0.0001729610376060009
        ],
        [
            0.0696917474269867,
            -0.0025561973452568054,
            0.009073706343770027
        ],
        [
            0.0707271471619606,
            0.007207736372947693,
            0.010028233751654625
        ],
        [
            0.06251371651887894,
            -0.07071657478809357,
            0.007785858120769262
        ],
        [
            0.07000374048948288,
            -0.020855270326137543,
            0.014031562954187393
        ],
        [
            0.0724014937877655,
            -0.006325975060462952,
            0.015274968929588795
        ],
        [
            0.07377184182405472,
            0.005170062184333801,
            0.016664087772369385
        ],
        [
            0.07379232347011566,
            0.013554193079471588,
            0.01740649715065956
        ],
        [
            0.07055041193962097,
            0.014926902949810028,
            0.010016975924372673
        ],
        [
            0.09694385528564453,
            -0.10857968032360077,
            0.016616597771644592
        ],
        [
            0.09651695191860199,
            -0.11067818850278854,
            0.008253514766693115
        ],
        [
            0.0688389465212822,
            0.023917146027088165,
            0.010501869022846222
        ],
        [
            0.0731499195098877,
            0.02193562686443329,
            0.018539544194936752
        ],
        [
            0.07686886191368103,
            -0.010069191455841064,
            0.022529352456331253
        ],
        [
            0.08403898030519485,
            -0.014643967151641846,
            0.03069985844194889
        ],
        [
            0.07461721450090408,
            -0.023983679711818695,
            0.020926184952259064
        ],
        [
            0.08112480491399765,
            -0.029546894133090973,
            0.028983987867832184
        ],
        [
            0.06266360729932785,
            -0.07111137360334396,
            0.01926903799176216
        ],
        [
            0.10735403001308441,
            -0.11952508985996246,
            -0.005154203623533249
        ],
        [
            0.10036821663379669,
            -0.11217290908098221,
            -0.00014114752411842346
        ],
        [
            0.10324501991271973,
            -0.1074444130063057,
            -0.002171924337744713
        ],
        [
            0.1084216833114624,
            -0.11607072502374649,
            -0.007436716929078102
        ],
        [
            0.09710519015789032,
            -0.10617770254611969,
            0.0029334193095564842
        ],
        [
            0.1002551019191742,
            -0.11501523107290268,
            0.005067363381385803
        ],
        [
            0.09339740872383118,
            -0.03479640930891037,
            0.03659903258085251
        ],
        [
            0.08980526775121689,
            -0.08326499909162521,
            0.01138363592326641
        ],
        [
            0.10104351490736008,
            -0.019365310668945312,
            0.03803528472781181
        ],
        [
            0.10605952143669128,
            -0.04561835899949074,
            0.040605995804071426
        ],
        [
            0.11379772424697876,
            -0.034749262034893036,
            0.039832811802625656
        ],
        [
            0.11100029200315475,
            -0.0042695552110672,
            0.038913458585739136
        ],
        [
            0.1207582876086235,
            -0.019835516810417175,
            0.039171889424324036
        ],
        [
            0.10405110567808151,
            0.014099948108196259,
            0.037032391875982285
        ],
        [
            0.10576760023832321,
            0.0049752965569496155,
            0.03757704049348831
        ],
        [
