{
    "pred_cam": [
        9.52170181274414,
        -0.08256163448095322,
        0.036716289818286896
    ],
    "pred_mano_params": {
        "global_orient": [
            [
                [
                    0.3957127034664154,
                    -0.6317453980445862,
                    0.6665652394294739
                ],
                [
                    0.8702897429466248,
                    0.02617930807173252,
                    -0.4918438792228699
                ],
                [
                    0.2932698726654053,
                    0.7747337818145752,
                    0.5601609945297241
                ]
            ]
        ],
        "hand_pose": [
            [
                [
                    0.8454892635345459,
                    -0.5269595384597778,
                    -0.0863795131444931
                ],
                [
                    0.528477668762207,
                    0.8489252328872681,
                    -0.006101969629526138
                ],
                [
                    0.07654524594545364,
                    -0.040490493178367615,
                    0.9962435364723206
                ]
            ],
            [
                [
                    0.5856187343597412,
                    -0.7768429517745972,
                    0.2314428687095642
                ],
                [
                    0.80922532081604,
                    0.5437568426132202,
                    -0.2224474996328354
                ],
                [
                    0.04695812240242958,
                    0.3175588548183441,
                    0.9470751881599426
                ]
            ],
            [
                [
                    0.7908061146736145,
                    -0.6063333749771118,
                    0.08357901126146317
                ],
                [
                    0.5819048285484314,
                    0.7871311902999878,
                    0.20447781682014465
                ],
                [
                    -0.18976940214633942,
                    -0.11306728422641754,
                    0.9752964973449707
                ]
            ],
            [
                [
                    0.843908965587616,
                    -0.5353705883026123,
                    -0.03458293154835701
                ],
                [
                    0.5357984304428101,
                    0.8378103375434875,
                    0.10485180467367172
                ],
                [
                    -0.027160637080669403,
                    -0.10701485723257065,
                    0.9938863515853882
                ]
            ],
            [
                [
                    0.48593032360076904,
                    -0.8450123071670532,
                    -0.2232171595096588
                ],
                [
                    0.8705791234970093,
                    0.44541075825691223,
                    0.20904850959777832
                ],
                [
                    -0.07722523808479309,
                    -0.29591119289398193,
                    0.9520886540412903
                ]
            ],
            [
                [
                    0.78533935546875,
                    -0.6172716617584229,
                    0.04709431901574135
                ],
                [
                    0.6185339093208313,
                    0.7855432033538818,
                    -0.018377704545855522
                ],
                [
                    -0.02565058507025242,
                    0.04356216639280319,
                    0.9987214207649231
                ]
            ],
            [
                [
                    0.9027351140975952,
                    -0.3765532076358795,
                    0.20803144574165344
                ],
                [
                    0.35161080956459045,
                    0.9244473576545715,
                    0.14753642678260803
                ],
                [
                    -0.24786941707134247,
                    -0.06004020944237709,
                    0.9669312834739685
                ]
            ],
            [
                [
                    0.6555033326148987,
                    -0.7341172695159912,
                    -0.17716442048549652
                ],
                [
                    0.5909141302108765,
                    0.35251671075820923,
                    0.7256394028663635
                ],
                [
                    -0.47025105357170105,
                    -0.5803478956222534,
                    0.6648761630058289
                ]
            ],
            [
                [
                    0.7800919413566589,
                    -0.6144928932189941,
                    0.11770734190940857
                ],
                [
                    0.5242769718170166,
                    0.7446789741516113,
                    0.41302165389060974
                ],
                [
                    -0.34145304560661316,
                    -0.26048362255096436,
                    0.903082549571991
                ]
            ],
            [
                [
                    0.9321176409721375,
                    -0.36155208945274353,
                    0.020897874608635902
                ],
                [
                    0.36174386739730835,
                    0.932257354259491,
                    -0.006138983182609081
                ],
                [
                    -0.01726263388991356,
                    0.013281933031976223,
                    0.999762773513794
                ]
            ],
            [
                [
                    0.4382070302963257,
                    -0.8798299431800842,
                    -0.18404854834079742
                ],
                [
                    0.8272393345832825,
                    0.314640611410141,
                    0.4654850661754608
                ],
                [
                    -0.3516385555267334,
                    -0.35623103380203247,
                    0.8657076358795166
                ]
            ],
            [
                [
                    0.6362383365631104,
                    -0.7711142301559448,
                    0.024157052859663963
                ],
                [
                    0.7401639223098755,
                    0.6189351677894592,
                    0.2628241777420044
                ],
                [
                    -0.2176191210746765,
                    -0.14933864772319794,
                    0.9645412564277649
                ]
            ],
            [
                [
                    0.9559745192527771,
                    0.16472037136554718,
                    -0.24285784363746643
                ],
                [
                    -0.2861851453781128,
                    0.7063336372375488,
                    -0.6474495530128479
                ],
                [
                    0.0648905411362648,
                    0.6884475946426392,
                    0.7223774790763855
                ]
            ],
            [
                [
                    0.9477917551994324,
                    -0.31749826669692993,
                    0.02975824475288391
                ],
                [
                    0.25851696729660034,
                    0.8196383714675903,
                    0.5112357139587402
                ],
                [
                    -0.18670745193958282,
                    -0.47685202956199646,
                    0.8589251637458801
                ]
            ],
            [
                [
                    0.907681941986084,
                    -0.37013599276542664,
                    -0.19776980578899384
                ],
                [
                    0.20214144885540009,
                    0.7986084222793579,
                    -0.566889226436615
                ],
                [
                    0.36776673793792725,
                    0.4745776355266571,
                    0.7997022867202759
                ]
            ]
        ],
        "betas": [
            -0.05748927593231201,
            0.06972253322601318,
            -0.011696428060531616,
            0.008976131677627563,
            0.08217555284500122,
            0.05130275711417198,
            0.09249697625637054,
            0.02303186058998108,
            0.01557035744190216,
            -0.014223039150238037
        ]
    },
    "pred_cam_t": [
        -0.08256163448095322,
        0.036716289818286896,
        4.102470397949219
    ],
    "focal_length": [
        5000.0,
        5000.0
    ],
    "pred_keypoints_3d": [
        [
            0.09599141031503677,
            0.006401627324521542,
            0.006184241734445095
        ],
        [
            0.11349247395992279,
            -0.02784397453069687,
            0.0015765894204378128
        ],
        [
            0.12058090418577194,
            -0.05747523158788681,
            -0.003384580835700035
        ],
        [
            0.1242235079407692,
            -0.08322935551404953,
            -0.011176800355315208
        ],
        [
            0.12805885076522827,
            -0.10702594369649887,
            -0.03621874004602432
        ],
        [
            0.07815970480442047,
            -0.08102341741323471,
            -0.012147576548159122
        ],
        [
            0.07479497790336609,
            -0.10729281604290009,
            -0.032028570771217346
        ],
        [
            0.08756781369447708,
            -0.10716213285923004,
            -0.050241269171237946
        ],
        [
            0.10559055209159851,
            -0.0959630012512207,
            -0.06254281103610992
        ],
        [
            0.057074908167123795,
            -0.07470943033695221,
            -0.024668976664543152
        ],
        [
            0.053013876080513,
            -0.0963103324174881,
            -0.04764441400766373
        ],
        [
            0.06961719691753387,
            -0.09410823881626129,
            -0.06385648995637894
        ],
        [
            0.09159614890813828,
            -0.08478584885597229,
            -0.07247768342494965
        ],
        [
            0.04818607121706009,
            -0.05192168802022934,
            -0.03587549924850464
        ],
        [
            0.039560362696647644,
            -0.07364514470100403,
            -0.0529109463095665
        ],
        [
            0.05718059092760086,
            -0.07386598736047745,
            -0.0703858733177185
        ],
        [
            0.08051605522632599,
            -0.06604772806167603,
            -0.07368925213813782
        ],
        [
            0.04611583799123764,
            -0.03256652504205704,
            -0.04603918641805649
        ],
        [
            0.03868909552693367,
            -0.044543974101543427,
            -0.061798617243766785
        ],
        [
            0.05282152444124222,
            -0.047537416219711304,
            -0.07409612834453583
        ],
        [
            0.0707848072052002,
            -0.0469706729054451,
            -0.07472413778305054
        ]
    ],
    "pred_vertices": [
        [
            0.09754002094268799,
            -0.04546568542718887,
            -0.01227364968508482
        ],
        [
            0.10219881683588028,
            -0.036039289087057114,
            -0.01114033255726099
        ],
        [
            0.10553454607725143,
            -0.04628439620137215,
            -0.012512515299022198
        ],
        [
            0.10149804502725601,
            -0.054328516125679016,
            -0.012327615171670914
        ],
        [
            0.12115991115570068,
            -0.03272441774606705,
            -0.015489241108298302
        ],
        [
            0.13094522058963776,
            -0.030481144785881042,
            -0.00874220672994852
        ],
        [
            0.1307431161403656,
            -0.047414377331733704,
            -0.01165794488042593
        ],
        [
            0.12275224924087524,
            -0.04719552397727966,
            -0.017778826877474785
        ],
        [
            0.10340332239866257,
            -0.06252680718898773,
            -0.010568271391093731
        ],
        [
            0.10797587037086487,
            -0.05499879643321037,
            -0.013523507863283157
        ],
        [
            0.10357869416475296,
            -0.06599937379360199,
            -0.0055037811398506165
        ],
        [
            0.09617645293474197,
            -0.07171473652124405,
            0.0006013000383973122
        ],
        [
            0.09793532639741898,
            -0.06919655203819275,
            -0.006847376935184002
        ],
        [
            0.09021823853254318,
            -0.07689981907606125,
            0.0009097689762711525
        ],
        [
            0.09392473101615906,
            -0.06613992154598236,
            0.010309871286153793
        ],
        [
            0.0824555903673172,
            -0.0749092623591423,
            0.0062613580375909805
        ],
        [
            0.07234406471252441,
            -0.047092705965042114,
            0.009176956489682198
        ],
        [
            0.06458944827318192,
            -0.037511054426431656,
            0.0033290423452854156
        ],
        [
            0.056889742612838745,
            -0.051275886595249176,
            -0.0032710060477256775
        ],
        [
            0.06596127897500992,
            -0.05988280475139618,
            0.0025263559073209763
        ],
        [
            0.052261512726545334,
            -0.033050063997507095,
            -0.012890893965959549
        ],
        [
            0.054197464138269424,
            -0.04372222721576691,
            -0.007898831740021706
        ],
        [
            0.060953546315431595,
            -0.030037038028240204,
            -0.0003686249256134033
        ],
        [
            0.05878608301281929,
            -0.02122209593653679,
            -0.005346745252609253
        ],
        [
            0.0904843658208847,
            -0.0313117578625679,
            -0.015415391884744167
        ],
        [
            0.0950239896774292,
            -0.021467220038175583,
            -0.013483465649187565
        ],
        [
            0.09731288999319077,
            -0.026306476444005966,
            -0.011394821107387543
        ],
        [
            0.09323778003454208,
            -0.03569342941045761,
            -0.013403737917542458
        ],
        [
            0.11188048869371414,
            -0.068229541182518,
            0.0009012501686811447
        ],
        [
            0.10913518071174622,
            -0.06137869507074356,
            0.008911720477044582
        ],
        [
            0.10446053743362427,
            -0.06514530628919601,
            0.003360200673341751
        ],
        [
            0.11045987904071808,
            -0.06869691610336304,
            -0.004517565481364727
        ],
        [
            0.10461534559726715,
            0.005741886794567108,
            -0.016561949625611305
        ],
        [
            0.10715249925851822,
            0.015110492706298828,
            -0.007126355543732643
        ],
        [
            0.11043445765972137,
            0.011619336903095245,
            -0.00369315966963768
        ],
        [
            0.10703095048666,
            0.0037834271788597107,
            -0.012802369892597198
        ],
        [
            0.12510931491851807,
            -0.006705634295940399,
            1.287367194890976e-05
        ],
        [
            0.12158799171447754,
            0.001837410032749176,
            0.006934518925845623
        ],
        [
            0.12402088940143585,
            0.0012728050351142883,
            0.020622972398996353
        ],
        [
            0.12582135200500488,
            -0.008545532822608948,
            0.016692588105797768
        ],
        [
            0.12885621190071106,
            -0.018485330045223236,
            -0.005384101532399654
        ],
        [
            0.13139909505844116,
            -0.019039176404476166,
            0.008591004647314548
        ],
        [
            0.13370969891548157,
            -0.0314130038022995,
            0.002500180620700121
        ],
        [
            0.1331697702407837,
            -0.04812723025679588,
            -0.0024787457659840584
        ],
        [
            0.09812203049659729,
            0.02272713929414749,
            -0.012303080409765244
        ],
        [
            0.0953715443611145,
            0.017054617404937744,
            -0.020339999347925186
        ],
        [
            0.08748386800289154,
            -0.10087031871080399,
            -0.033043310046195984
        ],
        [
            0.08436814695596695,
            -0.09745686501264572,
            -0.03717105835676193
        ],
        [
            0.08447267860174179,
            -0.09603068232536316,
            -0.034893736243247986
        ],
        [
            0.08725301921367645,
            -0.09974724799394608,
            -0.03133959323167801
        ],
        [
            0.07792893052101135,
            0.023532383143901825,
            -0.010311171412467957
        ],
        [
            0.07161474227905273,
            0.022093623876571655,
            -0.0024681463837623596
        ],
        [
            0.07507933676242828,
            0.02844679355621338,
            -0.0013102702796459198
        ],
        [
            0.0822855681180954,
            0.029035121202468872,
            -0.007452618330717087
        ],
        [
            0.07233475148677826,
            0.016162194311618805,
            -0.01411341316998005
        ],
        [
            0.06754714995622635,
            0.01295054703950882,
            -0.0042929500341415405
        ],
        [
            0.08155602961778641,
            -0.11232751607894897,
            -0.03140591084957123
        ],
        [
            0.08598476648330688,
            -0.10949251055717468,
            -0.030745631083846092
        ],
        [
            0.08368443697690964,
            -0.10851135104894638,
            -0.027083970606327057
        ],
        [
            0.07849225401878357,
            -0.11014332622289658,
            -0.027100905776023865
        ],
        [
            0.09751661121845245,
            -0.0628373995423317,
            -0.012002663686871529
        ],
        [
            0.09420463442802429,
            -0.05433135852217674,
            -0.014977751299738884
        ],
        [
            0.08831561356782913,
            -0.07602524012327194,
            -0.017437715083360672
        ],
        [
            0.0893050953745842,
            -0.067228764295578,
            -0.01637597382068634
        ],
        [
            0.09335942566394806,
            -0.07069408148527145,
            -0.011523386463522911
        ],
        [
            0.09127606451511383,
            -0.07768270373344421,
            -0.011920249089598656
        ],
        [
            0.07762741297483444,
            -0.048092350363731384,
            -0.024302512407302856
        ],
        [
            0.08303060382604599,
            -0.03854261338710785,
            -0.020047472789883614
        ],
        [
            0.08579225093126297,
            -0.04411063343286514,
            -0.017699509859085083
        ],
        [
            0.08143603056669235,
            -0.05558617785573006,
            -0.022119535133242607
        ],
        [
            0.07765668630599976,
            -0.02823302522301674,
            -0.028325147926807404
        ],
        [
            0.07248777896165848,
            -0.03851669654250145,
            -0.03157147020101547
        ],
        [
            0.07002982497215271,
            -0.03156251832842827,
            -0.03599531948566437
        ],
        [
            0.07481200993061066,
            -0.025465771555900574,
            -0.03358723968267441
        ],
        [
            0.06484010815620422,
            -0.05788674205541611,
            -0.034700483083724976
        ],
        [
            0.061210207641124725,
            -0.0642489567399025,
            -0.03612558916211128
        ],
        [
            0.05876056104898453,
            -0.06308530271053314,
            -0.038257818669080734
        ],
        [
            0.06310341507196426,
            -0.055184319615364075,
            -0.03629189357161522
        ],
        [
            0.07809148728847504,
            0.03450431674718857,
            0.0009289905428886414
        ],
        [
            0.08667546510696411,
            0.03373245894908905,
            -0.003963124006986618
        ],
        [
            0.04921966791152954,
            -0.015837412327528,
            -0.025762679055333138
        ],
        [
            0.053586818277835846,
            -0.008137773722410202,
            -0.03261736035346985
        ],
        [
            0.047137707471847534,
            -0.01629859209060669,
            -0.03993887081742287
        ],
        [
            0.044043365865945816,
            -0.022334709763526917,
            -0.030532749369740486
        ],
        [
            0.06970857828855515,
            0.016391009092330933,
            0.006117306649684906
        ],
        [
            0.07123085111379623,
            0.02408605068922043,
            0.007014654576778412
        ],
        [
            0.07573986798524857,
            -0.11221790313720703,
            -0.03417045623064041
        ],
        [
            0.07289858162403107,
            -0.10958827286958694,
            -0.029936818405985832
        ],
        [
            0.12808126211166382,
            -0.031318299472332,
            0.015368683263659477
        ],
        [
            0.13035419583320618,
            -0.04933558404445648,
            0.006779883988201618
        ],
        [
            0.12353064119815826,
            -0.017591670155525208,
            0.022062677890062332
        ],
        [
            0.11891114711761475,
            -0.008208513259887695,
            0.026707762852311134
        ],
        [
            0.11790701001882553,
            -0.00032796710729599,
            0.031056243926286697
        ],
        [
            0.08413869142532349,
            -0.06682044267654419,
            -0.020886410027742386
        ],
        [
            0.09113576263189316,
            -0.045411307364702225,
            -0.015278670936822891
        ],
        [
            0.08825764060020447,
            -0.027445867657661438,
            -0.017869731411337852
        ],
        [
            0.0755622386932373,
            -0.008825339376926422,
            -0.03909314423799515
        ],
        [
            0.0811687484383583,
            -0.0005407817661762238,
            -0.03536316007375717
        ],
        [
            0.08502306044101715,
            -0.009956173598766327,
            -0.03210301697254181
        ],
        [
            0.0788479819893837,
            -0.015240993350744247,
            -0.035555150359869
        ],
        [
            0.05947965383529663,
            -0.007337987422943115,
            -0.04051641374826431
        ],
        [
            0.06514909863471985,
            -0.012148547917604446,
            -0.043505627661943436
        ],
        [
            0.06001162528991699,
            -0.019142232835292816,
            -0.047107771039009094
        ],
        [
            0.053923748433589935,
            -0.015123005956411362,
            -0.045466337352991104
        ],
        [
            0.1179368793964386,
            -0.06812051683664322,
            0.005563521757721901
        ],
        [
            0.11483370512723923,
            -0.057810764759778976,
            0.012773452326655388
        ],
        [
            0.08659947663545609,
            0.022506266832351685,
            -0.016401950269937515
        ],
        [
            0.09126637130975723,
            0.026467300951480865,
            -0.011554298922419548
        ],
        [
            0.09409268200397491,
            0.032140836119651794,
            -0.005898237228393555
        ],
        [
            0.10120000690221786,
            -0.00845695286989212,
            -0.01498931273818016
        ],
        [
            0.10891003906726837,
            0.0024057775735855103,
            -0.010346432216465473
        ],
        [
            0.11168898642063141,
            -0.0009173154830932617,
            -0.008960889652371407
        ],
        [
            0.10199739038944244,
            -0.010688945651054382,
            -0.012880738824605942
        ],
        [
            0.10846532136201859,
            -0.026832319796085358,
            -0.013290585950016975
        ],
        [
            0.11821028590202332,
            -0.01755479723215103,
            -0.012229356914758682
        ],
        [
            0.11079511791467667,
            -0.03914868086576462,
            -0.016298405826091766
        ],
        [
            0.11569905281066895,
            0.008307725191116333,
            0.0015942435711622238
        ],
        [
            0.11430294811725616,
            0.019285202026367188,
            0.0020432788878679276
        ],
        [
            0.1189451813697815,
            0.01457301527261734,
            0.00803428702056408
        ],
        [
            0.10768936574459076,
            0.024947352707386017,
            -0.0025647003203630447
        ],
        [
            0.10068967938423157,
            0.029602617025375366,
            -0.005688793957233429
        ],
        [
            0.0715164989233017,
            0.03184099495410919,
            0.010670363903045654
        ],
        [
            0.12167280912399292,
            0.00949520617723465,
            0.014166862703859806
        ],
        [
            0.12378248572349548,
            -0.056802473962306976,
            -0.017143048346042633
        ],
        [
            0.12552683055400848,
            -0.06482745707035065,
            -0.016243787482380867
        ],
        [
            0.11762995272874832,
            -0.06573085486888885,
            -0.016254954040050507
        ],
        [
            0.11535145342350006,
            -0.058331750333309174,
            -0.016920704394578934
        ],
        [
            0.08471779525279999,
            -0.08365708589553833,
            -0.0013666865415871143
        ],
        [
            0.09012405574321747,
            -0.0816098228096962,
            -0.006990464869886637
        ],
        [
            0.0946168377995491,
            -0.07443249970674515,
            -0.0047880192287266254
        ],
        [
            0.09720973670482635,
            0.00044243037700653076,
            -0.02383669838309288
        ],
        [
            0.08989668637514114,
            0.010306432843208313,
            -0.026881864294409752
        ],
        [
            0.08320105075836182,
            -0.07601626217365265,
            -0.021731417626142502
        ],
        [
            0.07657058537006378,
            -0.10822330415248871,
            -0.023176593706011772
        ],
        [
            0.08252404630184174,
            -0.10681554675102234,
            -0.023006148636341095
        ],
        [
            0.08243069797754288,
            -0.09493464231491089,
            -0.01071900688111782
        ],
        [
            0.07554929703474045,
            -0.09635787457227707,
            -0.01054107304662466
        ],
        [
            0.07450742274522781,
            -0.08152185380458832,
            -0.02451125904917717
        ],
        [
            0.08151236176490784,
            -0.07995779812335968,
            -0.023423010483384132
        ],
        [
            0.08022981137037277,
            -0.08175864815711975,
            -0.024471819400787354
        ],
        [
            0.07442362606525421,
            -0.08302996307611465,
            -0.027515212073922157
        ],
        [
            0.0568682998418808,
            -0.05446702241897583,
            -0.0414925254881382
        ],
        [
            0.06078873574733734,
            -0.047749556601047516,
            -0.04006538912653923
        ],
        [
            0.06127915158867836,
            -0.07189470529556274,
            -0.0073282914236187935
        ],
        [
            0.06848721206188202,
            -0.0780230164527893,
            0.002694481983780861
        ],
        [
            0.07405257225036621,
            -0.06767243146896362,
            0.007691827602684498
        ],
        [
            0.0748448297381401,
            -0.04203292727470398,
            -0.02776685729622841
        ],
        [
            0.069557785987854,
            -0.05013862997293472,
            -0.03213856369256973
        ],
        [
            0.06761658191680908,
            -0.047106556594371796,
            -0.034274064004421234
        ],
        [
            0.08012153953313828,
            -0.06800849735736847,
            -0.023409372195601463
        ],
        [
            0.07775518298149109,
            -0.07509621977806091,
            -0.024601424112915993
        ],
        [
            0.07518729567527771,
            -0.0703614130616188,
            -0.025417344644665718
        ],
        [
            0.07757118344306946,
            -0.06338278949260712,
            -0.024841833859682083
        ],
        [
            0.05927188694477081,
            0.0011980198323726654,
            -0.025346018373966217
        ],
        [
            0.06604062020778656,
            0.0023972131311893463,
            -0.03484741598367691
        ],
        [
            0.08808711171150208,
            -0.1052645742893219,
            -0.03106580674648285
        ],
        [
            0.08700928092002869,
            -0.10443783551454544,
            -0.028521496802568436
        ],
        [
            0.08021041750907898,
            -0.03276965022087097,
            -0.023510297760367393
        ],
        [
            0.0805731937289238,
            -0.05481959879398346,
            0.011952756904065609
        ],
        [
            0.08610118180513382,
            -0.02329367771744728,
            -0.020841948688030243
        ],
        [
            0.04377373680472374,
            -0.0419013574719429,
            -0.031422656029462814
        ],
        [
            0.04534319043159485,
            -0.04161108285188675,
            -0.038904689252376556
        ],
        [
            0.04457353800535202,
            -0.04735802859067917,
            -0.04092154651880264
        ],
        [
            0.04119293764233589,
            -0.04875772446393967,
            -0.036198414862155914
        ],
        [
            0.07334261387586594,
            -0.09299866855144501,
            -0.036572955548763275
        ],
        [
            0.07927065342664719,
            -0.09286685287952423,
            -0.036646030843257904
        ],
        [
            0.07931024581193924,
            -0.0941224917769432,
            -0.03799428045749664
        ],
        [
            0.07349462807178497,
            -0.09554366022348404,
            -0.03911251574754715
        ],
        [
            0.08626121282577515,
            -0.08092691004276276,
            -0.019924405962228775
        ],
        [
            0.0893201157450676,
            -0.08315029740333557,
            -0.014787813648581505
        ],
        [
            0.08798899501562119,
            -0.08705577999353409,
            -0.018391214311122894
        ],
        [
            0.08442613482475281,
            -0.08409669250249863,
            -0.022361071780323982
        ],
        [
            0.08760783076286316,
            -0.08715290576219559,
            -0.009813272394239902
        ],
        [
            0.08687838912010193,
            -0.09124217927455902,
            -0.013477897271513939
        ],
        [
            0.06825222074985504,
            -0.09648139029741287,
            -0.03437025099992752
        ],
        [
            0.06732598692178726,
            -0.10272422432899475,
            -0.029910489916801453
        ],
        [
            0.06562049686908722,
            -0.09064069390296936,
            -0.01914370432496071
        ],
        [
            0.06824937462806702,
            -0.08728625625371933,
            -0.025838633999228477
        ],
        [
            0.06431715190410614,
            -0.009714402258396149,
            0.0027301162481307983
        ],
        [
            0.06175534427165985,
            -0.001648925244808197,
            -0.00463259220123291
        ],
        [
            0.056109823286533356,
            -0.012845270335674286,
            -0.012835605069994926
        ],
        [
            0.04964276775717735,
            -0.023286383599042892,
            -0.02046927995979786
        ],
        [
            0.044903699308633804,
            -0.033771298825740814,
            -0.027907220646739006
        ],
        [
            0.045617587864398956,
            -0.04234103485941887,
            -0.01899411343038082
        ],
        [
            0.05555742606520653,
            -0.006210740655660629,
            -0.017658798024058342
        ],
        [
            0.06554412841796875,
            -0.07835054397583008,
            -0.018989047035574913
        ],
        [
            0.06499961763620377,
            -0.08107594400644302,
            -0.011331828311085701
        ],
        [
            0.061731692403554916,
            -0.07638046890497208,
            -0.013470266945660114
        ],
        [
            0.08399085700511932,
            -0.018626157194375992,
            -0.026314198970794678
        ],
        [
            0.08648882806301117,
            -0.10360738635063171,
            -0.024976558983325958
        ],
        [
            0.09610985219478607,
            -0.0041787996888160706,
            0.03316899761557579
        ],
        [
            0.08492150902748108,
            0.0022462233901023865,
            0.029191352427005768
        ],
        [
            0.0839715451002121,
            -0.005972087383270264,
            0.026114054024219513
        ],
        [
            0.09710585325956345,
            -0.01308497041463852,
            0.029858995229005814
        ],
        [
            0.08524486422538757,
            -0.09540869295597076,
            -0.03358612209558487
        ],
        [
            0.08807296305894852,
            -0.09894851595163345,
            -0.02900150790810585
        ],
        [
            0.05682671070098877,
            -0.04408552870154381,
            -0.04424211382865906
        ],
        [
            0.05359470471739769,
            -0.050335273146629333,
            -0.044296737760305405
        ],
        [
            0.04967232421040535,
            -0.04938734322786331,
            -0.044918499886989594
        ],
        [
            0.051791176199913025,
            -0.04318498075008392,
            -0.04776925966143608
        ],
        [
            0.06187215447425842,
            0.003273479640483856,
            -0.008073963224887848
        ],
        [
            0.04348316043615341,
            -0.021744828671216965,
            -0.04522676765918732
        ],
        [
            0.04060642421245575,
            -0.026566430926322937,
            -0.03666204959154129
        ],
        [
            0.06690415740013123,
            0.007871411740779877,
            0.0027963444590568542
        ],
        [
            0.0686931163072586,
            0.0010339021682739258,
            0.009660732001066208
        ],
        [
            0.07160978019237518,
            0.009179681539535522,
            0.014261998236179352
        ],
        [
            0.048921726644039154,
            -0.057508647441864014,
            -0.0167780052870512
        ],
        [
            0.06615391373634338,
            -0.01736055314540863,
            0.006640646606683731
        ],
        [
            0.07117980718612671,
            -0.00536259263753891,
            0.013264389708638191
        ],
        [
            0.07481659948825836,
            0.004082217812538147,
            0.018927570432424545
        ],
        [
            0.07658010721206665,
            0.011274196207523346,
            0.022907622158527374
        ],
        [
            0.0729982778429985,
            0.016127169132232666,
            0.01731693372130394
        ],
        [
            0.0711001306772232,
            -0.10636527836322784,
            -0.02611721307039261
        ],
        [
            0.06844723969697952,
            -0.10619284212589264,
            -0.03471183031797409
        ],
        [
            0.07318618893623352,
            0.02424304187297821,
            0.021600615233182907
        ],
        [
            0.07775671780109406,
            0.01845400780439377,
            0.02734830416738987
        ],
        [
            0.07548597455024719,
            -0.012418344616889954,
            0.017495296895503998
        ],
        [
            0.08221566677093506,
            -0.020627133548259735,
            0.02180572971701622
        ],
        [
            0.07062380760908127,
            -0.02375015616416931,
            0.01071595773100853
        ],
        [
            0.07655367255210876,
            -0.03293450176715851,
            0.014586500823497772
        ],
        [
            0.051489606499671936,
            -0.06220035254955292,
            -0.007370971143245697
        ],
        [
            0.07791147381067276,
            -0.1078399196267128,
            -0.05097127705812454
        ],
        [
            0.0713278204202652,
            -0.10400152951478958,
            -0.04271690547466278
        ],
        [
            0.07430874556303024,
            -0.09885286539793015,
            -0.042583659291267395
        ],
        [
            0.0783965215086937,
            -0.10353296250104904,
            -0.05114728957414627
        ],
        [
            0.06935550272464752,
            -0.09968449175357819,
            -0.03815508633852005
        ],
        [
            0.07147640734910965,
            -0.10875122249126434,
            -0.03924611583352089
        ],
        [
            0.0879165530204773,
            -0.041858501732349396,
            0.017886949703097343
        ],
        [
            0.07185418158769608,
            -0.07643534243106842,
            -0.02596013806760311
        ],
        [
            0.09802107512950897,
            -0.02902378886938095,
            0.024317443370819092
        ],
        [
            0.0989089161157608,
            -0.05503261461853981,
            0.017367154359817505
        ],
        [
            0.10808359086513519,
            -0.04532349854707718,
            0.020204856991767883
        ],
        [
            0.11032809317111969,
            -0.01718856394290924,
            0.029651522636413574
        ],
        [
            0.11693506687879562,
            -0.03192155063152313,
            0.024176351726055145
        ],
        [
            0.10779181122779846,
            -0.00030247122049331665,
            0.03588850796222687
        ],
        [
