{
    "pred_cam": [
        8.421416282653809,
        0.13105474412441254,
        -0.0318954698741436
    ],
    "pred_mano_params": {
        "global_orient": [
            [
                [
                    -0.8096160292625427,
                    0.46609315276145935,
                    -0.3567619323730469
                ],
                [
                    0.05055255442857742,
                    -0.5501841902732849,
                    -0.8335117101669312
                ],
                [
                    -0.584778904914856,
                    -0.6928596496582031,
                    0.4218757450580597
                ]
            ]
        ],
        "hand_pose": [
            [
                [
                    0.6714510321617126,
                    -0.5476484298706055,
                    -0.49923402070999146
                ],
                [
                    0.7041704654693604,
                    0.6813965439796448,
                    0.19960635900497437
                ],
                [
                    0.23086218535900116,
                    -0.48557180166244507,
                    0.8431622385978699
                ]
            ],
            [
                [
                    0.7867593169212341,
                    -0.5641101598739624,
                    0.25057846307754517
                ],
                [
                    0.6171016693115234,
                    0.7280229330062866,
                    -0.2986106276512146
                ],
                [
                    -0.013977584429085255,
                    0.3895670473575592,
                    0.9208921790122986
                ]
            ],
            [
                [
                    0.922643780708313,
                    0.0765715092420578,
                    0.3779752254486084
                ],
                [
                    -0.1348237246274948,
                    0.9822899699211121,
                    0.13011127710342407
                ],
                [
                    -0.3613184988498688,
                    -0.17100638151168823,
                    0.9166274070739746
                ]
            ],
            [
                [
                    0.8677485585212708,
                    -0.4862409830093384,
                    -0.10286975651979446
                ],
                [
                    0.49696916341781616,
                    0.8513317108154297,
                    0.16809511184692383
                ],
                [
                    0.005841560661792755,
                    -0.19698737561702728,
                    0.9803886413574219
                ]
            ],
            [
                [
                    0.5688104033470154,
                    -0.7916573286056519,
                    -0.22300982475280762
                ],
                [
                    0.8125727772712708,
                    0.4989790916442871,
                    0.30123957991600037
                ],
                [
                    -0.12720127403736115,
                    -0.3525599241256714,
                    0.9271036982536316
                ]
            ],
            [
                [
                    0.9384129047393799,
                    -0.2636945843696594,
                    0.22326302528381348
                ],
                [
                    0.26028263568878174,
                    0.9644773602485657,
                    0.045125626027584076
                ],
                [
                    -0.22723153233528137,
                    0.01576502062380314,
                    0.9737130999565125
                ]
            ],
            [
                [
                    0.9928733110427856,
                    0.01595318503677845,
                    0.11810228228569031
                ],
                [
                    0.017886539921164513,
                    0.9598267078399658,
                    -0.2800227701663971
                ],
                [
                    -0.1178249716758728,
                    0.2801395356655121,
                    0.9527009725570679
                ]
            ],
            [
                [
                    0.3979639410972595,
                    -0.9100066423416138,
                    -0.11624392867088318
                ],
                [
                    0.42893481254577637,
                    0.0725628137588501,
                    0.900416374206543
                ],
                [
                    -0.8109498620033264,
                    -0.40819427371025085,
                    0.41921091079711914
                ]
            ],
            [
                [
                    0.7835033535957336,
                    -0.5927636027336121,
                    0.18642370402812958
                ],
                [
                    0.471403568983078,
                    0.7624734044075012,
                    0.44318506121635437
                ],
                [
                    -0.40484708547592163,
                    -0.25935617089271545,
                    0.8768313527107239
                ]
            ],
            [
                [
                    0.9705866575241089,
                    -0.22489003837108612,
                    -0.08594149351119995
                ],
                [
                    0.21594035625457764,
                    0.9710375666618347,
                    -0.10225337743759155
                ],
                [
                    0.10644818842411041,
                    0.08068753033876419,
                    0.9910389184951782
                ]
            ],
            [
                [
                    0.3764941096305847,
                    -0.9151892066001892,
                    -0.1438082754611969
                ],
                [
                    0.7355672121047974,
                    0.2009396106004715,
                    0.6469652652740479
                ],
                [
                    -0.5631989240646362,
                    -0.34935930371284485,
                    0.7488358020782471
                ]
            ],
            [
                [
                    0.8741977214813232,
                    -0.45842334628105164,
                    0.16008225083351135
                ],
                [
                    0.4331624507904053,
                    0.8852277994155884,
                    0.16953468322753906
                ],
                [
                    -0.2194279283285141,
                    -0.07886521518230438,
                    0.9724358916282654
                ]
            ],
            [
                [
                    0.6654220223426819,
                    0.2988927662372589,
                    -0.684015154838562
                ],
                [
                    -0.6992079019546509,
                    0.5704389810562134,
                    -0.4309382438659668
                ],
                [
                    0.2613845765590668,
                    0.7650245428085327,
                    0.5885708332061768
                ]
            ],
            [
                [
                    0.7235389947891235,
                    -0.49748462438583374,
                    -0.4785398244857788
                ],
                [
                    0.6432265639305115,
                    0.7374823093414307,
                    0.20586255192756653
                ],
                [
                    0.25050121545791626,
                    -0.45675912499427795,
                    0.8535925149917603
                ]
            ],
            [
                [
                    0.8382506370544434,
                    -0.4757225811481476,
                    0.26650336384773254
                ],
                [
                    0.5452848076820374,
                    0.7306944131851196,
                    -0.41079220175743103
                ],
                [
                    0.0006906066555529833,
                    0.48966699838638306,
                    0.8719093799591064
                ]
            ]
        ],
        "betas": [
            -0.10671567916870117,
            -0.04185551404953003,
            -0.011930227279663086,
            -0.024332910776138306,
            -0.004523903131484985,
            -0.013280104845762253,
            0.026468664407730103,
            -0.03948703408241272,
            0.0006585419178009033,
            0.00012704730033874512
        ]
    },
    "pred_cam_t": [
        -0.13105474412441254,
        -0.0318954698741436,
        4.638471603393555
    ],
    "focal_length": [
        5000.0,
        5000.0
    ],
    "pred_keypoints_3d": [
        [
            0.09617899358272552,
            0.006423392333090305,
            0.006230139173567295
        ],
        [
            0.09920509904623032,
            -0.0078297583386302,
            0.042161136865615845
        ],
        [
            0.12124797701835632,
            -0.01951758936047554,
            0.060458097606897354
        ],
        [
            0.14596672356128693,
            -0.011888239532709122,
            0.06892740726470947
        ],
        [
            0.16233451664447784,
            0.0018386738374829292,
            0.09628209471702576
        ],
        [
            0.1580258458852768,
            -0.012515448965132236,
            0.07038750499486923
        ],
        [
            0.17199085652828217,
            0.003530704416334629,
            0.0958283543586731
        ],
        [
            0.16322697699069977,
            0.01293258462101221,
            0.11406503617763519
        ],
        [
            0.15773627161979675,
            0.014819411560893059,
            0.13806620240211487
        ],
        [
            0.17374800145626068,
            0.005251273047178984,
            0.0614619217813015
        ],
        [
            0.1912136673927307,
            0.017112599685788155,
            0.08536868542432785
        ],
        [
            0.1788858026266098,
            0.026770399883389473,
            0.10276386141777039
        ],
        [
            0.1647338718175888,
            0.031124858185648918,
            0.12393569946289062
        ],
        [
            0.17044594883918762,
            0.026833705604076385,
            0.04568959027528763
        ],
        [
            0.1940310150384903,
            0.03402222692966461,
            0.06101794168353081
        ],
        [
            0.18206270039081573,
            0.0425887294113636,
            0.08115430176258087
        ],
        [
            0.16555602848529816,
            0.04403325542807579,
            0.10012446343898773
        ],
        [
            0.1630192995071411,
            0.04467998072504997,
            0.03525685518980026
        ],
        [
            0.1830597221851349,
            0.05022149533033371,
            0.039632104337215424
        ],
        [
            0.17598475515842438,
            0.056309908628463745,
            0.05626390129327774
        ],
        [
            0.16134920716285706,
            0.05385936051607132,
            0.06655803322792053
        ]
    ],
    "pred_vertices": [
        [
            0.12240046262741089,
            -0.0006073787808418274,
            0.05118625611066818
        ],
        [
            0.11310915648937225,
            0.0015272051095962524,
            0.04446545988321304
        ],
        [
            0.11879296600818634,
            -0.003058677539229393,
            0.05067817494273186
        ],
        [
            0.12459242343902588,
            -0.005539429374039173,
            0.05731448903679848
        ],
        [
            0.10350014269351959,
            0.002424832433462143,
            0.056413277983665466
        ],
        [
            0.09420356154441833,
            -0.005185050889849663,
            0.06045945733785629
        ],
        [
            0.11014624685049057,
            -0.010659627616405487,
            0.06936369836330414
        ],
        [
            0.11495666950941086,
            -0.002341900020837784,
            0.06415663659572601
        ],
        [
            0.12833327054977417,
            -0.011032397858798504,
            0.05991709977388382
        ],
        [
            0.12352274358272552,
            -0.006628356873989105,
            0.055911559611558914
        ],
        [
            0.13024166226387024,
            -0.015656212344765663,
            0.055804453790187836
        ],
        [
            0.13761666417121887,
            -0.023017099127173424,
            0.059889622032642365
        ],
        [
            0.13503098487854004,
            -0.01599404215812683,
            0.06415379792451859
        ],
        [
            0.14546941220760345,
            -0.02472018077969551,
            0.06359247863292694
        ],
        [
            0.1353905349969864,
            -0.028653733432292938,
            0.051046378910541534
        ],
        [
            0.15056751668453217,
            -0.02671477384865284,
            0.05633974075317383
        ],
        [
            0.1435418725013733,
            -0.015153026208281517,
            0.03214408829808235
        ],
        [
            0.1457967758178711,
            -0.004298196639865637,
            0.024520903825759888
        ],
        [
            0.1598825454711914,
            -0.0030399546958506107,
            0.03405122458934784
        ],
        [
            0.15634755790233612,
            -0.013664929196238518,
            0.04166658967733383
        ],
        [
            0.1546628475189209,
            0.014164797030389309,
            0.023072443902492523
        ],
        [
            0.15845948457717896,
            0.004811140708625317,
            0.02944229170680046
        ],
        [
            0.1452634185552597,
            0.002923457883298397,
            0.01902683824300766
        ],
        [
            0.14280250668525696,
            0.011572521179914474,
            0.01386209949851036
        ],
        [
            0.12162099778652191,
            0.009913871064782143,
            0.041207775473594666
        ],
        [
            0.11165989935398102,
            0.011735202744603157,
            0.035063181072473526
        ],
        [
            0.11114620417356491,
            0.007335244677960873,
            0.03768733888864517
        ],
        [
            0.12098662555217743,
            0.005674975924193859,
            0.044142067432403564
        ],
        [
            0.1315581500530243,
            -0.02104686200618744,
            0.0543472021818161
        ],
        [
            0.1238749548792839,
            -0.028317011892795563,
            0.05223940685391426
        ],
        [
            0.1288619339466095,
            -0.023272475227713585,
            0.05273992940783501
        ],
        [
            0.13208958506584167,
            -0.015741243958473206,
            0.05496683344244957
        ],
        [
            0.09074976295232773,
            0.024525761604309082,
            0.021680772304534912
        ],
        [
            0.08308464288711548,
            0.01983654499053955,
            0.011513728648424149
        ],
        [
            0.08175168931484222,
            0.014707512222230434,
            0.014195937663316727
        ],
        [
            0.08911525458097458,
            0.019979622215032578,
            0.022746309638023376
        ],
        [
            0.07877686619758606,
            0.0010759737342596054,
            0.036792971193790436
        ],
        [
            0.07629367709159851,
            -0.0006475523114204407,
            0.023553792387247086
        ],
        [
            0.07374415546655655,
            -0.013540484011173248,
            0.018210366368293762
        ],
        [
            0.0779668465256691,
            -0.014873404987156391,
            0.02955775335431099
        ],
        [
            0.08526629209518433,
            -0.0008498895913362503,
            0.05056989565491676
        ],
        [
            0.08147675544023514,
            -0.014233190566301346,
            0.045775704085826874
        ],
        [
            0.09144142270088196,
            -0.01674751006066799,
            0.0593307800590992
        ],
        [
            0.10927063971757889,
            -0.02030263841152191,
            0.06961537897586823
        ],
        [
            0.08722424507141113,
            0.029453914612531662,
            0.0039697811007499695
        ],
        [
            0.09312314540147781,
            0.0345623679459095,
            0.0105702243745327
        ],
        [
            0.15973712503910065,
            -0.0006827814504504204,
            0.10140834003686905
        ],
        [
            0.1579090654850006,
            0.004894898273050785,
            0.09984029829502106
        ],
        [
            0.15717090666294098,
            0.0025412775576114655,
            0.09622224420309067
        ],
        [
            0.1591797173023224,
            -0.0024144239723682404,
            0.09861385077238083
        ],
        [
            0.10388174653053284,
            0.031888652592897415,
            -0.007365930825471878
        ],
        [
            0.10947508364915848,
            0.025573482736945152,
            -0.013103421777486801
        ],
        [
            0.10315269231796265,
            0.026686640456318855,
            -0.016630403697490692
        ],
        [
            0.09712748229503632,
            0.03093903884291649,
            -0.010653525590896606
        ],
        [
            0.11272246390581131,
            0.03308616951107979,
            -0.0028189755976200104
        ],
        [
            0.11777779459953308,
            0.023949619382619858,
            -0.0074796974658966064
        ],
        [
            0.17264999449253082,
            -0.001434512436389923,
            0.10194873809814453
        ],
        [
            0.16811156272888184,
            -0.0036210091784596443,
            0.10326147824525833
        ],
        [
            0.16900841891765594,
            -0.005666838027536869,
            0.09917968511581421
        ],
        [
            0.17312592267990112,
            -0.0033266209065914154,
            0.09666213393211365
        ],
        [
            0.13207919895648956,
            -0.008596326224505901,
            0.06403343379497528
        ],
        [
            0.13047616183757782,
            -0.001408446580171585,
            0.05880527198314667
        ],
        [
            0.14658130705356598,
            -0.00977033469825983,
            0.07430901378393173
        ],
        [
            0.14157824218273163,
            -0.005172336474061012,
            0.06739319115877151
        ],
        [
            0.1397959291934967,
            -0.012099060229957104,
            0.06901229918003082
        ],
        [
            0.14546328783035278,
            -0.015308357775211334,
            0.07385463267564774
        ],
        [
            0.14231103658676147,
            0.012852714397013187,
            0.05182791128754616
        ],
        [
            0.13241297006607056,
            0.012263121083378792,
            0.045401476323604584
        ],
        [
            0.1326548457145691,
            0.00719123799353838,
            0.04951292276382446
        ],
        [
            0.14275409281253815,
            0.0068751610815525055,
            0.05808220058679581
        ],
        [
            0.13237625360488892,
            0.025143086910247803,
            0.03920423239469528
        ],
        [
            0.1423797607421875,
            0.024537209421396255,
            0.045889802277088165
        ],
        [
            0.14136341214179993,
            0.032050736248493195,
            0.04176858067512512
        ],
        [
            0.13384845852851868,
            0.031574659049510956,
            0.038307685405015945
        ],
        [
            0.15920811891555786,
            0.0200960636138916,
            0.05796604976058006
        ],
        [
            0.16569194197654724,
            0.018981724977493286,
            0.06166308373212814
        ],
        [
            0.1684720367193222,
            0.022357719019055367,
            0.0602734200656414
        ],
        [
            0.15985983610153198,
            0.023180006071925163,
            0.055862609297037125
        ],
        [
            0.09731066972017288,
            0.02677975222468376,
            -0.020679380744695663
        ],
        [
            0.09073853492736816,
            0.02904941514134407,
            -0.01362578570842743
        ],
        [
            0.1492505669593811,
            0.03347950428724289,
            0.015064433217048645
        ],
        [
            0.14236652851104736,
            0.04247547686100006,
            0.014847222715616226
        ],
        [
            0.15280097723007202,
            0.04624544084072113,
            0.020573580637574196
        ],
        [
            0.15707437694072723,
            0.03568757697939873,
            0.01934666372835636
        ],
        [
            0.11343929916620255,
            0.015872180461883545,
            -0.01389509066939354
        ],
        [
            0.1081060990691185,
            0.01817241683602333,
            -0.01923307031393051
        ],
        [
            0.17500780522823334,
            0.0038491664454340935,
            0.09953556209802628
        ],
        [
            0.17496894299983978,
            0.0018269559368491173,
            0.09403084218502045
        ],
        [
            0.09164255857467651,
            -0.02597259357571602,
            0.04972696304321289
        ],
        [
            0.10927903652191162,
            -0.028098588809370995,
            0.06448843330144882
        ],
        [
            0.08449921756982803,
            -0.023408405482769012,
            0.0336022786796093
        ],
        [
            0.08241793513298035,
            -0.022150462493300438,
            0.020765338093042374
        ],
        [
            0.07887929677963257,
            -0.022388596087694168,
            0.011230483651161194
        ],
        [
            0.14578786492347717,
            -0.00031894631683826447,
            0.06705331057310104
        ],
        [
            0.12839359045028687,
            0.003438279964029789,
            0.051459893584251404
        ],
        [
            0.12196308374404907,
            0.014209546148777008,
            0.038654863834381104
        ],
        [
            0.12497537583112717,
            0.04353312775492668,
            0.029018087312579155
        ],
        [
            0.11549022048711777,
            0.04276879131793976,
            0.023792443796992302
        ],
        [
            0.116890087723732,
            0.03501003980636597,
            0.031018421053886414
        ],
        [
            0.12525410950183868,
            0.036974284797906876,
            0.03362375497817993
        ],
        [
            0.13792577385902405,
            0.048627208918333054,
            0.020856376737356186
        ],
        [
            0.13612711429595947,
            0.048051875084638596,
            0.0287016648799181
        ],
        [
            0.1452714502811432,
            0.049433447420597076,
            0.03314393013715744
        ],
        [
            0.1476481556892395,
            0.05069747194647789,
            0.026026882231235504
        ],
        [
            0.13059204816818237,
            -0.027286380529403687,
            0.05765405669808388
        ],
        [
            0.11876852065324783,
            -0.03247830271720886,
            0.05328927934169769
        ],
        [
            0.09744711965322495,
            0.03515896573662758,
            0.0004675053060054779
        ],
        [
            0.09107352793216705,
            0.03172685205936432,
            -0.002463296055793762
        ],
        [
            0.0853760614991188,
            0.028634246438741684,
            -0.007962793111801147
        ],
        [
            0.09991025924682617,
            0.017681056633591652,
            0.029827089980244637
        ],
        [
            0.08768627047538757,
            0.016960492357611656,
            0.023864127695560455
        ],
        [
            0.08639927953481674,
            0.013959314674139023,
            0.027747787535190582
        ],
        [
            0.09926632791757584,
            0.014802754856646061,
            0.030977869406342506
        ],
        [
            0.10433269292116165,
            0.006317991763353348,
            0.04349210113286972
        ],
        [
            0.09199260920286179,
            0.007906395941972733,
            0.04547436907887459
        ],
        [
            0.11411184817552567,
            0.0023913532495498657,
            0.05076463147997856
        ],
        [
            0.07837340235710144,
            0.007759825326502323,
            0.01726088672876358
        ],
        [
            0.0741911306977272,
            0.012234440073370934,
            0.007580317556858063
        ],
        [
            0.07219412177801132,
            0.004091269336640835,
            0.010670803487300873
        ],
        [
            0.0772542953491211,
            0.019979368895292282,
            0.0023366697132587433
        ],
        [
            0.08105774223804474,
            0.026079997420310974,
            -0.002993103116750717
        ],
        [
            0.10363847762346268,
            0.01830330491065979,
            -0.026512566953897476
        ],
        [
            0.07201255112886429,
            -0.003954241052269936,
            0.0130234956741333
        ],
        [
            0.12166669219732285,
            -0.006477209739387035,
            0.06819543242454529
        ],
        [
            0.1274813711643219,
            -0.007780096493661404,
            0.06979979574680328
        ],
        [
            0.12914448976516724,
            -0.005460898857563734,
            0.0628509372472763
        ],
        [
            0.12471318244934082,
            -0.005156173370778561,
            0.06075681373476982
        ],
        [
            0.15487416088581085,
            -0.0235940832644701,
            0.06836434453725815
        ],
        [
            0.14901337027549744,
            -0.02043665200471878,
            0.0729098916053772
        ],
        [
            0.14056779444217682,
            -0.01975984498858452,
            0.06754951924085617
        ],
        [
            0.10045678168535233,
            0.02992681786417961,
            0.025342486798763275
        ],
        [
            0.10180176049470901,
            0.038376688957214355,
            0.015933625400066376
        ],
        [
            0.14986330270767212,
            -0.004931456875056028,
            0.07391873002052307
        ],
        [
            0.1741645485162735,
            -0.005328614264726639,
            0.09228743612766266
        ],
        [
            0.16959340870380402,
            -0.008293693885207176,
            0.09506706893444061
        ],
        [
            0.16439609229564667,
            -0.017758619040250778,
            0.08112509548664093
        ],
        [
            0.16977937519550323,
            -0.014392416924238205,
            0.07804933190345764
        ],
        [
            0.158049076795578,
            -0.0012119438033550978,
            0.07450047135353088
        ],
        [
            0.15159547328948975,
            -0.004884014837443829,
            0.07669166475534439
        ],
        [
            0.1526462584733963,
            -0.003482661210000515,
            0.07748550921678543
        ],
        [
            0.15632370114326477,
            0.0020862920209765434,
            0.07639036327600479
        ],
        [
            0.16609492897987366,
            0.029105400666594505,
            0.054026875644922256
        ],
        [
            0.15878912806510925,
            0.030191320925951004,
            0.05090658366680145
        ],
        [
            0.16710823774337769,
            -0.009032988920807838,
            0.052973680198192596
        ],
        [
            0.16439272463321686,
            -0.02080053836107254,
            0.055548809468746185
        ],
        [
            0.15321850776672363,
            -0.023289617151021957,
            0.04751873016357422
        ],
        [
            0.14183923602104187,
            0.01914430782198906,
            0.04773262143135071
        ],
        [
            0.15094129741191864,
            0.02045658603310585,
            0.05324291065335274
        ],
        [
            0.15134665369987488,
            0.024110868573188782,
            0.05116758868098259
        ],
        [
            0.1498194932937622,
            0.0022926614619791508,
            0.06716881692409515
        ],
        [
            0.15392905473709106,
            -9.954767301678658e-05,
            0.07189825177192688
        ],
        [
            0.1556512713432312,
            0.00427799578756094,
            0.067576564848423
        ],
        [
            0.15025758743286133,
            0.006546796765178442,
            0.06322089582681656
        ],
        [
            0.1322031468153,
            0.038970451802015305,
            0.00729302316904068
        ],
        [
            0.1267322599887848,
            0.046542417258024216,
            0.014154389500617981
        ],
        [
            0.16336815059185028,
            -0.003562849946320057,
            0.10287997126579285
        ],
        [
            0.16360899806022644,
            -0.005443318746984005,
            0.0996701717376709
        ],
        [
            0.13213777542114258,
            0.018403146415948868,
            0.04145970940589905
        ],
        [
            0.13994354009628296,
            -0.02266772836446762,
            0.03918466717004776
        ],
        [
            0.12196096032857895,
            0.01905837282538414,
            0.03601839765906334
        ],
        [
            0.16842851042747498,
            0.02758408524096012,
            0.03361158072948456
        ],
        [
            0.16848993301391602,
            0.033631134778261185,
            0.03668558597564697
        ],
        [
            0.172381192445755,
            0.03293699771165848,
            0.04122728109359741
        ],
        [
            0.1750166267156601,
            0.028710076585412025,
            0.03845160827040672
        ],
        [
            0.1614515781402588,
            0.009513030759990215,
            0.08707208186388016
        ],
        [
            0.15776139497756958,
            0.006486190482974052,
            0.09057468175888062
        ],
        [
            0.15790317952632904,
            0.008145839907228947,
            0.09340036660432816
        ],
        [
            0.16218367218971252,
            0.01158177200704813,
            0.09101881831884384
        ],
        [
            0.14977838099002838,
            -0.010147004388272762,
            0.07827933877706528
        ],
        [
            0.15016862750053406,
            -0.015734361484646797,
            0.07869744300842285
        ],
        [
            0.1530720740556717,
            -0.013411310501396656,
            0.0826801136136055
        ],
        [
            0.15216685831546783,
            -0.00776968477293849,
            0.080547034740448
        ],
        [
            0.15490727126598358,
            -0.019885031506419182,
            0.0778007060289383
        ],
        [
            0.1581912785768509,
            -0.017343157902359962,
            0.08244889229536057
        ],
        [
            0.16761822998523712,
            0.009618191979825497,
            0.08512445539236069
        ],
        [
            0.1738167405128479,
            0.0053846752271056175,
            0.08617129921913147
        ],
        [
            0.16990721225738525,
            -0.001325408578850329,
            0.07230938225984573
        ],
        [
            0.16361646354198456,
            0.003657599678263068,
            0.07491214573383331
        ],
        [
            0.13168656826019287,
            0.008445492945611477,
            0.00429312139749527
        ],
        [
            0.13020429015159607,
            0.01895647682249546,
            0.0006182603538036346
        ],
        [
            0.14118888974189758,
            0.022335616871714592,
            0.009996715933084488
        ],
        [
            0.15227656066417694,
            0.02556663006544113,
            0.018093015998601913
        ],
        [
            0.1622084379196167,
            0.02831345610320568,
            0.02717757783830166
        ],
        [
            0.1653958261013031,
            0.0166171807795763,
            0.02965451590716839
        ],
        [
            0.13859400153160095,
            0.02958272397518158,
            0.007200077176094055
        ],
        [
            0.16768412292003632,
            -0.0030112750828266144,
            0.06533011049032211
        ],
        [
            0.1676148623228073,
            -0.00816878117620945,
            0.06262651085853577
        ],
        [
            0.16987590491771698,
            -0.006129136309027672,
            0.059261504560709
        ],
        [
            0.12179531157016754,
            0.026324640959501266,
            0.03418516740202904
        ],
        [
            0.16443268954753876,
            -0.008310159668326378,
            0.09634209424257278
        ],
        [
            0.09933814406394958,
            -0.021917197853326797,
            0.0016452595591545105
        ],
        [
            0.10610964894294739,
            -0.013524341396987438,
            -0.006951183080673218
        ],
        [
            0.11126077175140381,
            -0.014171690680086613,
            0.0001175031065940857
        ],
        [
            0.10296574234962463,
            -0.02300477959215641,
            0.010512802749872208
        ],
        [
            0.1568862348794937,
            0.00045399367809295654,
            0.09421367198228836
        ],
        [
            0.15895774960517883,
            -0.005197558552026749,
            0.09624656289815903
        ],
        [
            0.16136625409126282,
            0.03609044849872589,
            0.0476374588906765
        ],
        [
            0.16709676384925842,
            0.03354939445853233,
            0.05000372976064682
        ],
        [
            0.16989043354988098,
            0.034884192049503326,
            0.04716336354613304
        ],
        [
            0.16623686254024506,
            0.03997635468840599,
            0.04488566890358925
        ],
        [
            0.1278107464313507,
            0.024099409580230713,
            -0.0013030953705310822
        ],
        [
            0.16006028652191162,
            0.047700416296720505,
            0.0233717393130064
        ],
        [
            0.16321147978305817,
            0.038775283843278885,
            0.02218894474208355
        ],
        [
            0.12044792622327805,
            0.015596434473991394,
            -0.007428467273712158
        ],
        [
            0.12197476625442505,
            0.006215974688529968,
            -0.004776414483785629
        ],
        [
            0.11497433483600616,
            0.0051742978394031525,
            -0.0115140900015831
        ],
        [
            0.1708982288837433,
            0.007528617046773434,
            0.041187506169080734
        ],
        [
            0.1338118314743042,
            0.0013198815286159515,
            0.008945688605308533
        ],
        [
            0.12289664149284363,
            -0.0002116430550813675,
            -0.0005550757050514221
        ],
        [
            0.11454559117555618,
            -0.001769709400832653,
            -0.008412271738052368
        ],
        [
            0.10905633866786957,
            -0.00248787272721529,
            -0.014719687402248383
        ],
        [
            0.1099977195262909,
            0.005257949233055115,
            -0.017376556992530823
        ],
        [
            0.17515936493873596,
            4.2866915464401245e-05,
            0.08905521035194397
        ],
        [
            0.17404843866825104,
            0.008450922556221485,
            0.09142068028450012
        ],
        [
            0.10537312924861908,
            0.0049973139539361,
            -0.02525101602077484
        ],
        [
            0.10406440496444702,
            -0.0034849969670176506,
            -0.021494194865226746
        ],
        [
            0.12257317453622818,
            -0.007843542844057083,
            0.004725411534309387
        ],
        [
            0.12029697746038437,
            -0.016438450664281845,
            0.012019205838441849
        ],
        [
            0.13304471969604492,
            -0.005930306855589151,
            0.013853471726179123
        ],
        [
            0.13224050402641296,
            -0.014477724209427834,
            0.021510470658540726
        ],
        [
            0.17047810554504395,
            -0.0032086502760648727,
            0.04125429689884186
        ],
        [
            0.16898290812969208,
            0.01727576181292534,
            0.10724180936813354
        ],
        [
            0.16921542584896088,
            0.014422858133912086,
            0.09626441448926926
        ],
        [
            0.16329200565814972,
            0.013952788896858692,
            0.09616867452859879
        ],
        [
            0.164857879281044,
            0.018428856506943703,
            0.10678967833518982
        ],
        [
            0.16808944940567017,
            0.012031166814267635,
            0.09012937545776367
        ],
        [
            0.17372746765613556,
            0.010449555702507496,
            0.09698913246393204
        ],
        [
            0.12625251710414886,
            -0.023500613868236542,
            0.03109922632575035
        ],
        [
            0.16141235828399658,
            0.002296011196449399,
            0.07090068608522415
        ],
        [
            0.11021110415458679,
            -0.02535034529864788,
            0.02482929453253746
        ],
        [
            0.12461146712303162,
            -0.031243864446878433,
            0.043457791209220886
        ],
        [
            0.11220185458660126,
            -0.03155961632728577,
            0.04169121012091637
        ],
        [
            0.09375014156103134,
            -0.02716827020049095,
            0.021511226892471313
        ],
        [
            0.0976165384054184,
            -0.0306223314255476,
            0.03809250518679619
        ],
        [
            0.08719640225172043,
            -0.02483188360929489,
            0.003384031355381012
        ],
        [
            0.09167309105396271,
            -0.025347081944346428,
            0.011449098587036133
        ],
        [
            0.10636332631111145,
            -0.03293495625257492,
            0.05215881019830704
        ],
        [
            0.15822334587574005,
            0.005651017650961876,
