{
    "pred_cam": [
        8.266092300415039,
        0.14367064833641052,
        0.025716926902532578
    ],
    "pred_mano_params": {
        "global_orient": [
            [
                [
                    -0.7920113205909729,
                    -0.0607958547770977,
                    -0.6074718832969666
                ],
                [
                    0.5855706334114075,
                    -0.357122540473938,
                    -0.7277160882949829
                ],
                [
                    -0.17269974946975708,
                    -0.9320769309997559,
                    0.3184453547000885
                ]
            ]
        ],
        "hand_pose": [
            [
                [
                    0.8474440574645996,
                    -0.3731843829154968,
                    -0.377587229013443
                ],
                [
                    0.42665916681289673,
                    0.9019935131072998,
                    0.0661037415266037
                ],
                [
                    0.3159123361110687,
                    -0.21712027490139008,
                    0.923611581325531
                ]
            ],
            [
                [
                    0.7968347668647766,
                    -0.566887378692627,
                    0.20902875065803528
                ],
                [
                    0.6025444865226746,
                    0.7200115919113159,
                    -0.3442724049091339
                ],
                [
                    0.04466058313846588,
                    0.400277316570282,
                    0.9153051376342773
                ]
            ],
            [
                [
                    0.8836050629615784,
                    -0.36317816376686096,
                    0.2955394983291626
                ],
                [
                    0.31655576825141907,
                    0.9284254312515259,
                    0.19447001814842224
                ],
                [
                    -0.34501367807388306,
                    -0.07827997207641602,
                    0.9353275299072266
                ]
            ],
            [
                [
                    0.7921860814094543,
                    -0.5255366563796997,
                    -0.3102457821369171
                ],
                [
                    0.5761922597885132,
                    0.8116028308868408,
                    0.09645397216081619
                ],
                [
                    0.2011062651872635,
                    -0.25517070293426514,
                    0.9457506537437439
                ]
            ],
            [
                [
                    0.7472148537635803,
                    -0.6405936479568481,
                    -0.17694586515426636
                ],
                [
                    0.6644555926322937,
                    0.7148995995521545,
                    0.2177552729845047
                ],
                [
                    -0.01299410779029131,
                    -0.2802826166152954,
                    0.9598296284675598
                ]
            ],
            [
                [
                    0.8656495809555054,
                    -0.43665799498558044,
                    0.24490951001644135
                ],
                [
                    0.42579057812690735,
                    0.8994291424751282,
                    0.09863841533660889
                ],
                [
                    -0.2633500099182129,
                    0.018893875181674957,
                    0.9645153284072876
                ]
            ],
            [
                [
                    0.938008189201355,
                    -0.3296031653881073,
                    -0.1072496622800827
                ],
                [
                    0.29987213015556335,
                    0.9268712401390076,
                    -0.22580194473266602
                ],
                [
                    0.17383164167404175,
                    0.17964287102222443,
                    0.968251645565033
                ]
            ],
            [
                [
                    0.7696269154548645,
                    -0.6376055479049683,
                    0.03367031365633011
                ],
                [
                    0.4551815688610077,
                    0.5848832130432129,
                    0.6713579297065735
                ],
                [
                    -0.44775471091270447,
                    -0.5013689398765564,
                    0.740368127822876
                ]
            ],
            [
                [
                    0.8524369597434998,
                    -0.5151063799858093,
                    0.08953576534986496
                ],
                [
                    0.4365813434123993,
                    0.79552161693573,
                    0.4201691448688507
                ],
                [
                    -0.2876594364643097,
                    -0.3190780580043793,
                    0.9030178785324097
                ]
            ],
            [
                [
                    0.8463250994682312,
                    -0.4672776460647583,
                    -0.25570565462112427
                ],
                [
                    0.4323802590370178,
                    0.8830181360244751,
                    -0.1825549155473709
                ],
                [
                    0.31109654903411865,
                    0.043938733637332916,
                    0.94936203956604
                ]
            ],
            [
                [
                    0.7345179319381714,
                    -0.6784209609031677,
                    -0.015116465277969837
                ],
                [
                    0.5641614198684692,
                    0.5981282591819763,
                    0.5691787600517273
                ],
                [
                    -0.37710118293762207,
                    -0.4266001284122467,
                    0.822074830532074
                ]
            ],
            [
                [
                    0.7852175831794739,
                    -0.5867538452148438,
                    0.19787153601646423
                ],
                [
                    0.550094485282898,
                    0.8077041506767273,
                    0.2121558040380478
                ],
                [
                    -0.2843048870563507,
                    -0.057740453630685806,
                    0.956993579864502
                ]
            ],
            [
                [
                    0.9258929491043091,
                    0.24342645704746246,
                    -0.28890475630760193
                ],
                [
                    -0.3700318932533264,
                    0.7384988069534302,
                    -0.5636453032493591
                ],
                [
                    0.07614966481924057,
                    0.6287791132926941,
                    0.7738463878631592
                ]
            ],
            [
                [
                    0.8773840069770813,
                    -0.36643949151039124,
                    -0.3097085654735565
                ],
                [
                    0.45631933212280273,
                    0.8367440104484558,
                    0.30270788073539734
                ],
                [
                    0.1482226848602295,
                    -0.4069170653820038,
                    0.9013592600822449
                ]
            ],
            [
                [
                    0.7661198377609253,
                    -0.5901373028755188,
                    0.2545556128025055
                ],
                [
                    0.6397546529769897,
                    0.6623824834823608,
                    -0.38982492685317993
                ],
                [
                    0.06143701449036598,
                    0.4615056812763214,
                    0.8850074410438538
                ]
            ]
        ],
        "betas": [
            -0.11575707793235779,
            -0.09189525246620178,
            0.019918769598007202,
            -0.06197360157966614,
            0.03307729959487915,
            -0.021543700248003006,
            0.05932721495628357,
            -0.05594682693481445,
            -0.01974239945411682,
            -0.06395149230957031
        ]
    },
    "pred_cam_t": [
        -0.14367064833641052,
        0.025716926902532578,
        4.725630760192871
    ],
    "focal_length": [
        5000.0,
        5000.0
    ],
    "pred_keypoints_3d": [
        [
            0.09625840187072754,
            0.0064267488196492195,
            0.006241249851882458
        ],
        [
            0.10057318955659866,
            -0.02108156681060791,
            0.033257972449064255
        ],
        [
            0.10998661071062088,
            -0.046470191329717636,
            0.048223983496427536
        ],
        [
            0.1306522935628891,
            -0.060563430190086365,
            0.05897163599729538
        ],
        [
            0.1446717083454132,
            -0.0650954321026802,
            0.08997459709644318
        ],
        [
            0.15411649644374847,
            -0.05869673565030098,
            0.033028408885002136
        ],
        [
            0.18419186770915985,
            -0.06605345755815506,
            0.04488993063569069
        ],
        [
            0.19440069794654846,
            -0.061002541333436966,
            0.06405815482139587
        ],
        [
            0.195925772190094,
            -0.05731090158224106,
            0.08832718431949615
        ],
        [
            0.1738453209400177,
            -0.046335503458976746,
            0.022976938635110855
        ],
        [
            0.2012758105993271,
            -0.04555884748697281,
            0.03924151510000229
        ],
        [
            0.20571263134479523,
            -0.03741113841533661,
            0.060736965388059616
        ],
        [
            0.2033374309539795,
            -0.035043865442276,
            0.08615153282880783
        ],
        [
            0.17800872027873993,
            -0.020787939429283142,
            0.01555423904210329
        ],
        [
            0.2057580202817917,
            -0.021447032690048218,
            0.024203810840845108
        ],
        [
            0.213375061750412,
            -0.014263578690588474,
            0.04685907065868378
        ],
        [
            0.21032561361789703,
            -0.012990550138056278,
            0.07165879756212234
        ],
        [
            0.17817279696464539,
            0.0011238837614655495,
            0.013672110624611378
        ],
        [
            0.19920431077480316,
            0.004300141707062721,
            0.013515184633433819
        ],
        [
            0.2084604948759079,
            0.010150844231247902,
            0.02914361283183098
        ],
        [
            0.20731580257415771,
            0.01264230441302061,
            0.04766860604286194
        ]
    ],
    "pred_vertices": [
        [
            0.12686651945114136,
            -0.0285293310880661,
            0.03537094593048096
        ],
        [
            0.11922302842140198,
            -0.021228481084108353,
            0.03505057841539383
        ],
        [
            0.12160350382328033,
            -0.030111026018857956,
            0.041006192564964294
        ],
        [
            0.12751443684101105,
            -0.03642405569553375,
            0.040836576372385025
        ],
        [
            0.10714617371559143,
            -0.018529504537582397,
            0.05028124153614044
        ],
        [
            0.09499228000640869,
            -0.020984891802072525,
            0.05267272889614105
        ],
        [
            0.10399594902992249,
            -0.03507896885275841,
            0.058640796691179276
        ],
        [
            0.1129845529794693,
            -0.030238986015319824,
            0.056200578808784485
        ],
        [
            0.12792517244815826,
            -0.0442381389439106,
            0.04289530962705612
        ],
        [
            0.12356238067150116,
            -0.037268295884132385,
            0.045350488275289536
        ],
        [
            0.12559294700622559,
            -0.048696715384721756,
            0.0395396463572979
        ],
        [
            0.12983396649360657,
            -0.05731840431690216,
            0.03405945003032684
        ],
        [
            0.13229365646839142,
            -0.05165260657668114,
            0.039474375545978546
        ],
        [
            0.1361890286207199,
            -0.06222756952047348,
            0.03185621649026871
        ],
        [
            0.1230945736169815,
            -0.05739480257034302,
            0.024908117949962616
        ],
        [
            0.1373879462480545,
            -0.06260527670383453,
            0.022371195256710052
        ],
        [
            0.13155794143676758,
            -0.04016603156924248,
            0.004729149863123894
        ],
        [
            0.1367296576499939,
            -0.028838736936450005,
            -0.00045924820005893707
        ],
        [
            0.1515551656484604,
            -0.03717952221632004,
            0.0024622734636068344
        ],
        [
            0.14501821994781494,
            -0.047596871852874756,
            0.008324885740876198
        ],
        [
            0.1532706916332245,
            -0.01653054729104042,
            -0.0012020710855722427
        ],
        [
            0.15327265858650208,
            -0.028356142342090607,
            0.0007878076285123825
        ],
        [
            0.13856229186058044,
            -0.020422736182808876,
            -0.0033982135355472565
        ],
        [
            0.1396012008190155,
            -0.010205993428826332,
            -0.004910904914140701
        ],
        [
            0.12814737856388092,
            -0.01460811123251915,
            0.027636852115392685
        ],
        [
            0.11994525790214539,
            -0.007137104868888855,
            0.02660890482366085
        ],
        [
            0.11894918978214264,
            -0.012281306087970734,
            0.028651442378759384
        ],
        [
            0.12671342492103577,
            -0.019397404044866562,
            0.029852498322725296
        ],
        [
            0.11898020654916763,
            -0.054118216037750244,
            0.040447771549224854
        ],
        [
            0.11139032244682312,
            -0.053590983152389526,
            0.03402096405625343
        ],
        [
            0.11934998631477356,
            -0.05285487323999405,
            0.034759216010570526
        ],
        [
            0.12294889986515045,
            -0.05089094489812851,
            0.04254574328660965
        ],
        [
            0.10468277335166931,
            0.01733269914984703,
            0.026391705498099327
        ],
        [
            0.0934150442481041,
            0.02039501816034317,
            0.019469542428851128
        ],
        [
            0.09043857455253601,
            0.015505935996770859,
            0.02099677547812462
        ],
        [
            0.1014944314956665,
            0.013654112815856934,
            0.026626624166965485
        ],
        [
            0.08495796471834183,
            -0.0030298009514808655,
            0.03625361993908882
        ],
        [
            0.08005194365978241,
            0.001244761049747467,
            0.026303201913833618
        ],
        [
            0.07006517052650452,
            -0.0064061954617500305,
            0.01987050473690033
        ],
        [
            0.07482562214136124,
            -0.013142291456460953,
            0.026773279532790184
        ],
        [
            0.09004180133342743,
            -0.011280696839094162,
            0.04598608613014221
        ],
        [
            0.07965567708015442,
            -0.01890821009874344,
            0.03922898694872856
        ],
        [
            0.08643944561481476,
            -0.02806275710463524,
            0.04823242872953415
        ],
        [
            0.09746882319450378,
            -0.04150322079658508,
            0.055576834827661514
        ],
        [
            0.09978385269641876,
            0.029931049793958664,
            0.01346532255411148
        ],
        [
            0.10887882858514786,
            0.029314637184143066,
            0.018099987879395485
        ],
        [
            0.17727500200271606,
            -0.06388942897319794,
            0.05669201537966728
        ],
        [
            0.17958229780197144,
            -0.058288417756557465,
            0.055969059467315674
        ],
        [
            0.1756027638912201,
            -0.05837559327483177,
            0.05396992713212967
        ],
        [
            0.174314484000206,
            -0.06390431523323059,
            0.05496693775057793
        ],
        [
            0.11203651875257492,
            0.030213842168450356,
            -0.002789856866002083
        ],
        [
            0.11209182441234589,
            0.025124596431851387,
            -0.011638108640909195
        ],
        [
            0.10649777948856354,
            0.029874403029680252,
            -0.01188301108777523
        ],
        [
            0.10511105507612228,
            0.03329804539680481,
            -0.003129534423351288
        ],
        [
            0.12113676220178604,
            0.02602899633347988,
            -0.0021550990641117096
        ],
        [
            0.11959382146596909,
            0.018361812457442284,
            -0.010487662628293037
        ],
        [
            0.18419891595840454,
            -0.0724213719367981,
            0.049925293773412704
        ],
        [
            0.18065902590751648,
            -0.07173051685094833,
            0.05372881516814232
        ],
        [
            0.17773684859275818,
            -0.07213424891233444,
            0.04981749504804611
        ],
        [
            0.18048697710037231,
            -0.07189656794071198,
            0.045149531215429306
        ],
        [
            0.1334906816482544,
            -0.043718207627534866,
            0.040780775249004364
        ],
        [
            0.13438627123832703,
            -0.034733500331640244,
            0.03758677467703819
        ],
        [
            0.1484253704547882,
            -0.0533447191119194,
            0.04250821843743324
        ],
        [
            0.14364731311798096,
            -0.04518641158938408,
            0.03928884118795395
        ],
        [
            0.13919560611248016,
            -0.05102832615375519,
            0.04045048728585243
        ],
        [
            0.14400984346866608,
            -0.0576862171292305,
            0.041567929089069366
        ],
        [
            0.14915414154529572,
            -0.024152765050530434,
            0.0291270911693573
        ],
        [
            0.13904421031475067,
            -0.018282145261764526,
            0.027370182797312737
        ],
        [
            0.13786055147647858,
            -0.024320965632796288,
            0.029809290543198586
        ],
        [
            0.14812824130058289,
            -0.03181669861078262,
            0.03308279439806938
        ],
        [
            0.14388054609298706,
            -0.0050541311502456665,
            0.024955030530691147
        ],
        [
            0.15351249277591705,
            -0.012069430202245712,
            0.0265544131398201
        ],
        [
            0.15530261397361755,
            -0.003769233822822571,
            0.02509201318025589
        ],
        [
            0.14805173873901367,
            0.00010301172733306885,
            0.02508215606212616
        ],
        [
            0.16781722009181976,
            -0.02722889930009842,
            0.029328029602766037
        ],
        [
            0.17293868958950043,
            -0.031741026788949966,
            0.029794791713356972
        ],
        [
            0.1775185465812683,
            -0.02843576669692993,
            0.029028145596385002
        ],
        [
            0.16946284472942352,
            -0.02386639639735222,
            0.028067374601960182
        ],
        [
            0.10067276656627655,
            0.0338018536567688,
            -0.013038292527198792
        ],
        [
            0.09811335057020187,
            0.03534479811787605,
            -0.0035850945860147476
        ],
        [
            0.1562911719083786,
            0.00513804517686367,
            -0.0014332234859466553
        ],
        [
            0.15475066006183624,
            0.015243962407112122,
            0.0034371884539723396
        ],
        [
            0.16635800898075104,
            0.012130875140428543,
            0.005088023841381073
        ],
        [
            0.1650473028421402,
            0.002090655267238617,
            -0.000563647598028183
        ],
        [
            0.11033456772565842,
            0.015857907012104988,
            -0.01625581458210945
        ],
        [
            0.10570834577083588,
            0.021952316164970398,
            -0.018229272216558456
        ],
        [
            0.18818870186805725,
            -0.0692395493388176,
            0.046175047755241394
        ],
        [
            0.18381941318511963,
            -0.06825114786624908,
            0.041648395359516144
        ],
        [
            0.08255710452795029,
            -0.033206742256879807,
            0.036333560943603516
        ],
        [
            0.09439073503017426,
            -0.04664480313658714,
            0.048191845417022705
        ],
        [
            0.07658790796995163,
            -0.023515131324529648,
            0.024778258055448532
        ],
        [
            0.07343463599681854,
            -0.017398808151483536,
            0.015568623319268227
        ],
        [
            0.06843236833810806,
            -0.0128173828125,
            0.00960502214729786
        ],
        [
            0.14961569011211395,
            -0.04246847331523895,
            0.03830094635486603
        ],
        [
            0.1331673264503479,
            -0.026798659935593605,
            0.03266289085149765
        ],
        [
            0.12973050773143768,
            -0.01000802218914032,
            0.02617563121020794
        ],
        [
            0.14435513317584991,
            0.01719467155635357,
            0.023392628878355026
        ],
        [
            0.1348651796579361,
            0.022276803851127625,
            0.02251558192074299
        ],
        [
            0.13393324613571167,
            0.012379840016365051,
            0.026461336761713028
        ],
        [
            0.1424628347158432,
            0.009772313758730888,
            0.025778530165553093
        ],
        [
            0.15550963580608368,
            0.01972513645887375,
            0.012075752019882202
        ],
        [
            0.1555931270122528,
            0.016851304098963737,
            0.01957172527909279
        ],
        [
            0.1643596589565277,
            0.012809112668037415,
            0.020110979676246643
        ],
        [
            0.16531360149383545,
            0.015759091824293137,
            0.013159350492060184
        ],
        [
            0.11311887204647064,
            -0.05842981114983559,
            0.042237333953380585
        ],
        [
            0.1039232462644577,
            -0.05379917845129967,
            0.03485686331987381
        ],
        [
            0.11027506738901138,
            0.032238155603408813,
            0.007549063302576542
        ],
        [
            0.10252083092927933,
            0.03296995908021927,
            0.006761625409126282
        ],
        [
            0.09487158060073853,
            0.0347682349383831,
            0.00350240059196949
        ],
        [
            0.11160527914762497,
            0.004581019282341003,
            0.02779264561831951
        ],
        [
            0.0992250069975853,
            0.011181749403476715,
            0.027083616703748703
        ],
        [
            0.09769973158836365,
            0.007576685398817062,
            0.029622716829180717
        ],
        [
            0.11057325452566147,
            0.0016862116754055023,
            0.028052527457475662
        ],
        [
            0.11261914670467377,
            -0.012803524732589722,
            0.03839506208896637
        ],
        [
            0.10147368907928467,
            -0.006014619022607803,
            0.042182326316833496
        ],
        [
            0.11753614246845245,
            -0.022854693233966827,
            0.04494140297174454
        ],
        [
            0.08487405627965927,
            0.009794659912586212,
            0.022894149646162987
        ],
        [
            0.08124619722366333,
            0.019008807837963104,
            0.017812447622418404
        ],
        [
            0.07622816413640976,
            0.011730119585990906,
            0.019221629947423935
        ],
        [
            0.0863703042268753,
            0.026447810232639313,
            0.013824096880853176
        ],
        [
            0.0912468209862709,
            0.03227657824754715,
            0.009040353819727898
        ],
        [
            0.10024140030145645,
            0.026694122701883316,
            -0.022794850170612335
        ],
        [
            0.07255035638809204,
            0.004116050899028778,
            0.019234512001276016
        ],
        [
            0.1162208765745163,
            -0.03832913190126419,
            0.05862318351864815
        ],
        [
            0.11950692534446716,
            -0.04426984488964081,
            0.059861600399017334
        ],
        [
            0.12414118647575378,
            -0.042675938457250595,
            0.05390258878469467
        ],
        [
            0.12152634561061859,
            -0.037947967648506165,
            0.05209705978631973
        ],
        [
            0.14515483379364014,
            -0.06700004637241364,
            0.03106563165783882
        ],
        [
            0.14382414519786835,
            -0.06338395178318024,
            0.03833035007119179
        ],
        [
            0.13564133644104004,
            -0.05758637934923172,
            0.038073718547821045
        ],
        [
            0.11633387207984924,
            0.016696743667125702,
            0.026996837928891182
        ],
        [
            0.1193489357829094,
            0.027024418115615845,
            0.020174207165837288
        ],
        [
            0.15418791770935059,
            -0.05056820437312126,
            0.04135395959019661
        ],
        [
            0.17812545597553253,
            -0.07227957993745804,
            0.040971528738737106
        ],
        [
            0.1746463030576706,
            -0.07293994724750519,
            0.045962143689394
        ],
        [
            0.16036465764045715,
            -0.07123738527297974,
            0.03709582984447479
        ],
        [
            0.1646030992269516,
            -0.0705353319644928,
            0.0316605344414711
        ],
        [
            0.16409161686897278,
            -0.052101943641901016,
            0.037292350083589554
        ],
        [
            0.15831701457500458,
            -0.05262468382716179,
            0.04180696979165077
        ],
        [
            0.16093529760837555,
            -0.052884332835674286,
            0.041444964706897736
        ],
        [
            0.16649368405342102,
            -0.050469037145376205,
            0.03868842497467995
        ],
        [
            0.17683283984661102,
            -0.019621793180704117,
            0.025957783684134483
        ],
        [
            0.1704179346561432,
            -0.01566312089562416,
            0.02581414394080639
        ],
        [
            0.15890519320964813,
            -0.05285564437508583,
            0.014754151925444603
        ],
        [
            0.1502133160829544,
            -0.0626143366098404,
            0.015589488670229912
        ],
        [
            0.13929787278175354,
            -0.05680485814809799,
            0.01331927441060543
        ],
        [
            0.15086466073989868,
            -0.017089104279875755,
            0.027169546112418175
        ],
        [
            0.16035190224647522,
            -0.021734751760959625,
            0.028584346175193787
        ],
        [
            0.16192565858364105,
            -0.018013155087828636,
            0.027424294501543045
        ],
        [
            0.15436245501041412,
            -0.0420047827064991,
            0.03721969202160835
        ],
        [
            0.15905049443244934,
            -0.04759787768125534,
            0.0386679470539093
        ],
        [
            0.16007891297340393,
            -0.04308852553367615,
            0.03550881892442703
        ],
        [
            0.15548603236675262,
            -0.03711286559700966,
            0.03445276990532875
        ],
        [
            0.14280162751674652,
            0.019378604367375374,
            9.957700967788696e-05
        ],
        [
            0.14369353652000427,
            0.025002095848321915,
            0.010216393508017063
        ],
        [
            0.177896186709404,
            -0.06866339594125748,
            0.05607534572482109
        ],
        [
            0.17511005699634552,
            -0.06903251260519028,
            0.053386032581329346
        ],
        [
            0.14089173078536987,
            -0.011484110727906227,
            0.025451067835092545
        ],
        [
            0.1270718276500702,
            -0.04826729744672775,
            0.011313600465655327
        ],
        [
            0.1314464509487152,
            -0.0048779696226119995,
            0.024991318583488464
        ],
        [
            0.17372363805770874,
            -0.014852570369839668,
            0.006156614050269127
        ],
        [
            0.17773374915122986,
            -0.010149677284061909,
            0.0112117575481534
        ],
        [
            0.18094883859157562,
            -0.013570841401815414,
            0.013219560496509075
        ],
        [
            0.1807619035243988,
            -0.017518015578389168,
            0.008672554045915604
        ],
        [
            0.17893123626708984,
            -0.052363865077495575,
            0.04409865289926529
        ],
        [
            0.17623165249824524,
            -0.053909093141555786,
            0.04910365119576454
        ],
        [
            0.1786685287952423,
            -0.05372621864080429,
            0.05103074759244919
        ],
        [
            0.18239694833755493,
            -0.052763063460588455,
            0.04648314043879509
        ],
        [
            0.15426290035247803,
            -0.05647299066185951,
            0.04358344525098801
        ],
        [
            0.1505870223045349,
            -0.06153111532330513,
            0.04310000315308571
        ],
        [
            0.15676532685756683,
            -0.06255972385406494,
            0.044844046235084534
        ],
        [
            0.1590694636106491,
            -0.057079631835222244,
            0.043912604451179504
        ],
        [
            0.15132857859134674,
            -0.0669008418917656,
            0.03932802006602287
        ],
        [
            0.1573251485824585,
            -0.06812305748462677,
            0.0416901633143425
        ],
        [
            0.18163278698921204,
            -0.05496327579021454,
            0.038865115493535995
        ],
        [
            0.18260885775089264,
            -0.06191018968820572,
            0.03605484589934349
        ],
        [
            0.17103858292102814,
            -0.05878230929374695,
            0.027470547705888748
        ],
        [
            0.1713281124830246,
            -0.05296243354678154,
            0.033228322863578796
        ],
        [
            0.12634025514125824,
            -0.004659395664930344,
            -0.009493673220276833
        ],
        [
            0.12946854531764984,
            0.006155615672469139,
            -0.009659919887781143
        ],
        [
            0.14270800352096558,
            0.0009448658674955368,
            -0.005166647955775261
        ],
        [
            0.1556960493326187,
            -0.004007594659924507,
            -0.0018671546131372452
        ],
        [
            0.16762761771678925,
            -0.009457538835704327,
            0.0026935264468193054
        ],
        [
            0.16531860828399658,
            -0.02166391909122467,
            0.0006384756416082382
        ],
        [
            0.14344918727874756,
            0.00912451557815075,
            -0.004836546257138252
        ],
        [
            0.1666010320186615,
            -0.05309699848294258,
            0.026981215924024582
        ],
        [
            0.1624045968055725,
            -0.0575367696583271,
            0.021696174517273903
        ],
        [
            0.16507142782211304,
            -0.05407113581895828,
            0.02040230482816696
        ],
        [
            0.1344607174396515,
            0.001990746706724167,
            0.025173673406243324
        ],
        [
            0.17224636673927307,
            -0.07056821137666702,
            0.04995298758149147
        ],
        [
            0.08368273824453354,
            -0.01643836870789528,
            -0.006309375166893005
        ],
        [
            0.0913110077381134,
            -0.008649777621030807,
            -0.014292970299720764
        ],
        [
            0.09707871079444885,
            -0.01398739218711853,
            -0.01039859652519226
        ],
        [
            0.08849848061800003,
            -0.02223598212003708,
            -0.0006430894136428833
        ],
        [
            0.17308124899864197,
            -0.05923300236463547,
            0.052590031176805496
        ],
        [
            0.17121143639087677,
            -0.06523898988962173,
            0.05303419753909111
        ],
        [
            0.1743822991847992,
            -0.010127580724656582,
            0.02351997047662735
        ],
        [
            0.17857784032821655,
            -0.014584011398255825,
            0.023114793002605438
        ],
        [
            0.18088342249393463,
            -0.012799174524843693,
            0.019737418740987778
        ],
        [
            0.1796756088733673,
            -0.006640457548201084,
            0.020672686398029327
        ],
        [
            0.12958066165447235,
            0.012145506218075752,
            -0.009162141010165215
        ],
        [
            0.1730881780385971,
            0.009968800470232964,
            0.005393022671341896
        ],
        [
            0.17235442996025085,
            0.0012126499786973,
            0.0006587160751223564
        ],
        [
            0.11764129996299744,
            0.010341279208660126,
            -0.0134966429322958
        ],
        [
            0.11487018316984177,
            0.0008681900799274445,
            -0.014019768685102463
        ],
        [
            0.10684221982955933,
            0.0053917765617370605,
            -0.01733505167067051
        ],
        [
            0.16794195771217346,
            -0.03563345968723297,
            0.007036639377474785
        ],
        [
            0.12569375336170197,
            -0.013274174183607101,
            -0.00796404667198658
        ],
        [
            0.11347266286611557,
            -0.0065400972962379456,
            -0.012222513556480408
        ],
        [
            0.10379431396722794,
            -0.001490715891122818,
            -0.01611126959323883
        ],
        [
            0.09730446338653564,
            0.002555660903453827,
            -0.01959974691271782
        ],
        [
            0.10128599405288696,
            0.009725730866193771,
            -0.020450569689273834
        ],
        [
            0.18089145421981812,
            -0.067644402384758,
            0.03767785057425499
        ],
        [
            0.1868533045053482,
            -0.06203301250934601,
            0.039923060685396194
        ],
        [
            0.09536014497280121,
            0.014444515109062195,
            -0.025582708418369293
        ],
        [
            0.09097900986671448,
            0.006357137113809586,
            -0.023784354329109192
        ],
        [
            0.11071239411830902,
            -0.014892898499965668,
            -0.009300339967012405
        ],
        [
            0.10664299130439758,
            -0.024182938039302826,
            -0.004250537604093552
        ],
        [
            0.12265661358833313,
            -0.0209854356944561,
            -0.005061633884906769
        ],
        [
            0.11980028450489044,
            -0.03096117451786995,
            -4.865974187850952e-05
        ],
        [
            0.162166565656662,
            -0.04458726570010185,
            0.004385104402899742
        ],
        [
            0.19824591279029846,
            -0.058885496109724045,
            0.05549725890159607
        ],
        [
            0.19136029481887817,
            -0.057278990745544434,
            0.046264827251434326
        ],
        [
            0.18760740756988525,
            -0.053918786346912384,
            0.04935968294739723
        ],
        [
            0.19628797471523285,
            -0.05527457594871521,
            0.05669080466032028
        ],
        [
            0.18553373217582703,
            -0.0555017925798893,
            0.042286522686481476
        ],
        [
            0.19125717878341675,
            -0.062953881919384,
            0.04462440311908722
        ],
        [
            0.1133154034614563,
            -0.04036624729633331,
            0.008946510031819344
        ],
        [
            0.16534684598445892,
            -0.04845063388347626,
            0.03558904677629471
        ],
        [
            0.09738709032535553,
            -0.03286316618323326,
            0.008356951177120209
        ],
        [
            0.11076832562685013,
            -0.05183843895792961,
            0.020813390612602234
        ],
        [
            0.09899432957172394,
            -0.04554157704114914,
            0.02284173108637333
        ],
        [
            0.08104508370161057,
            -0.026112105697393417,
            0.010356403887271881
        ],
        [
            0.08541607856750488,
            -0.03652334585785866,
            0.022927237674593925
        ],
        [
            0.07243755459785461,
            -0.014919191598892212,
            -0.0007204115390777588
        ],
        [
            0.07787258177995682,
            -0.020129650831222534,
            0.003707055002450943
        ],
        [
            0.09200558066368103,
            -0.04649495705962181,
            0.03485557809472084
        ],
        [
