{
    "pred_cam": [
        6.661859035491943,
        0.13951128721237183,
        0.021070774644613266
    ],
    "pred_mano_params": {
        "global_orient": [
            [
                [
                    -0.7778005599975586,
                    -0.09145396202802658,
                    -0.6218218803405762
                ],
                [
                    0.619045078754425,
                    -0.2825348675251007,
                    -0.7327736020088196
                ],
                [
                    -0.10867132246494293,
                    -0.9548875093460083,
                    0.2763698995113373
                ]
            ]
        ],
        "hand_pose": [
            [
                [
                    0.6906611323356628,
                    -0.5972082018852234,
                    -0.4078351855278015
                ],
                [
                    0.6676549315452576,
                    0.7432703375816345,
                    0.04226260259747505
                ],
                [
                    0.27789220213890076,
                    -0.30148229002952576,
                    0.9120769500732422
                ]
            ],
            [
                [
                    0.6907424330711365,
                    -0.6687940359115601,
                    0.2749353349208832
                ],
                [
                    0.7224454283714294,
                    0.6221009492874146,
                    -0.3017664849758148
                ],
                [
                    0.030782105401158333,
                    0.40706866979599,
                    0.9128787517547607
                ]
            ],
            [
                [
                    0.9106560945510864,
                    -0.31106117367744446,
                    0.27193060517311096
                ],
                [
                    0.2796013057231903,
                    0.9485338926315308,
                    0.14868278801441193
                ],
                [
                    -0.30418485403060913,
                    -0.05936674401164055,
                    0.9507612586021423
                ]
            ],
            [
                [
                    0.6083518266677856,
                    -0.7055853605270386,
                    -0.3633970618247986
                ],
                [
                    0.782293975353241,
                    0.6103227138519287,
                    0.12458876520395279
                ],
                [
                    0.13388146460056305,
                    -0.3600771129131317,
                    0.9232661128044128
                ]
            ],
            [
                [
                    0.6044837236404419,
                    -0.7753113508224487,
                    -0.18300749361515045
                ],
                [
                    0.7931988835334778,
                    0.5645313858985901,
                    0.22834162414073944
                ],
                [
                    -0.07372237741947174,
                    -0.28319013118743896,
                    0.9562261700630188
                ]
            ],
            [
                [
                    0.9048904776573181,
                    -0.3809446692466736,
                    0.18987953662872314
                ],
                [
                    0.37757131457328796,
                    0.9243398904800415,
                    0.05509626492857933
                ],
                [
                    -0.19650186598300934,
                    0.021836979314684868,
                    0.9802601337432861
                ]
            ],
            [
                [
                    0.8181777596473694,
                    -0.5701176524162292,
                    0.07450494170188904
                ],
                [
                    0.5735077857971191,
                    0.8184437155723572,
                    -0.03519470989704132
                ],
                [
                    -0.04091297835111618,
                    0.07152470201253891,
                    0.9965993762016296
                ]
            ],
            [
                [
                    0.4802074432373047,
                    -0.873386561870575,
                    -0.08122021704912186
                ],
                [
                    0.5580571889877319,
                    0.23276323080062866,
                    0.7964882254600525
                ],
                [
                    -0.6767370104789734,
                    -0.427805095911026,
                    0.5991742610931396
                ]
            ],
            [
                [
                    0.8592756390571594,
                    -0.4939165413379669,
                    0.13301049172878265
                ],
                [
                    0.4354425370693207,
                    0.8427649736404419,
                    0.3164442479610443
                ],
                [
                    -0.2683936357498169,
                    -0.21399441361427307,
                    0.9392396807670593
                ]
            ],
            [
                [
                    0.7105190753936768,
                    -0.6905847787857056,
                    -0.1351121962070465
                ],
                [
                    0.6860268712043762,
                    0.7225435376167297,
                    -0.08542845398187637
                ],
                [
                    0.15662004053592682,
                    -0.031992048025131226,
                    0.9871406555175781
                ]
            ],
            [
                [
                    0.6043422818183899,
                    -0.7964198589324951,
                    -0.022042544558644295
                ],
                [
                    0.6441107392311096,
                    0.4721088707447052,
                    0.6018592715263367
                ],
                [
                    -0.4689261317253113,
                    -0.3779268264770508,
                    0.7982979416847229
                ]
            ],
            [
                [
                    0.8436638712882996,
                    -0.5042307376861572,
                    0.18434374034404755
                ],
                [
                    0.4798656702041626,
                    0.8622106909751892,
                    0.1622394621372223
                ],
                [
                    -0.2407492846250534,
                    -0.04841534048318863,
                    0.9693790078163147
                ]
            ],
            [
                [
                    0.9397242069244385,
                    0.23871582746505737,
                    -0.24481254816055298
                ],
                [
                    -0.3403109610080719,
                    0.7226046323776245,
                    -0.6016901731491089
                ],
                [
                    0.03326970711350441,
                    0.6487352252006531,
                    0.7602866888046265
                ]
            ],
            [
                [
                    0.8568276762962341,
                    -0.40220946073532104,
                    -0.32260483503341675
                ],
                [
                    0.4920664131641388,
                    0.8247628808021545,
                    0.2786340117454529
                ],
                [
                    0.15400324761867523,
                    -0.39748433232307434,
                    0.9045934081077576
                ]
            ],
            [
                [
                    0.7470687627792358,
                    -0.5932797789573669,
                    0.2998455762863159
                ],
                [
                    0.6580348610877991,
                    0.5960822701454163,
                    -0.4600825905799866
                ],
                [
                    0.09422506392002106,
                    0.5410221815109253,
                    0.8357132077217102
                ]
            ]
        ],
        "betas": [
            -0.07712951302528381,
            -0.02765411138534546,
            0.039777278900146484,
            -0.022453516721725464,
            0.025829166173934937,
            -0.020855043083429337,
            0.02685752511024475,
            -0.03970104455947876,
            -0.024372518062591553,
            -0.05047813057899475
        ]
    },
    "pred_cam_t": [
        -0.13951128721237183,
        0.021070774644613266,
        5.863603591918945
    ],
    "focal_length": [
        5000.0,
        5000.0
    ],
    "pred_keypoints_3d": [
        [
            0.09603871405124664,
            0.0064138080924749374,
            0.006209564860910177
        ],
        [
            0.1001189723610878,
            -0.023162731900811195,
            0.030923902988433838
        ],
        [
            0.1082758754491806,
            -0.04934060573577881,
            0.04516798257827759
        ],
        [
            0.12861868739128113,
            -0.06380092352628708,
            0.05591871589422226
        ],
        [
            0.14156116545200348,
            -0.06569887697696686,
            0.08755224943161011
        ],
        [
            0.15237697958946228,
            -0.062090881168842316,
            0.026555148884654045
        ],
        [
            0.17940202355384827,
            -0.06678209453821182,
            0.04505274444818497
        ],
        [
            0.1810828447341919,
            -0.06000984460115433,
            0.06617306172847748
        ],
        [
            0.17448659241199493,
            -0.05521819740533829,
            0.0893993005156517
        ],
        [
            0.17219719290733337,
            -0.04954301565885544,
            0.017003634944558144
        ],
        [
            0.19486480951309204,
            -0.0467439629137516,
            0.03916465863585472
        ],
        [
            0.1888081431388855,
            -0.03895600885152817,
            0.06032051891088486
        ],
        [
            0.17713965475559235,
            -0.0360695905983448,
            0.08297791332006454
        ],
        [
            0.17693033814430237,
            -0.02364003285765648,
            0.011479906737804413
        ],
        [
            0.2007937729358673,
            -0.024667132645845413,
            0.027867652475833893
        ],
        [
            0.19694209098815918,
            -0.018182866275310516,
            0.0515734925866127
        ],
        [
            0.18500059843063354,
            -0.017019104212522507,
            0.07357896864414215
        ],
        [
            0.17769931256771088,
            -0.001696879044175148,
            0.01126132346689701
        ],
        [
            0.19750651717185974,
            0.0003202250227332115,
            0.018540209159255028
        ],
        [
            0.19271588325500488,
            0.005711909383535385,
            0.03613759204745293
        ],
        [
            0.18000714480876923,
            0.007556186988949776,
            0.0491199791431427
        ]
    ],
    "pred_vertices": [
        [
            0.12620657682418823,
            -0.03172138333320618,
            0.03197164833545685
        ],
        [
            0.11884334683418274,
            -0.02436249703168869,
            0.03241640701889992
        ],
        [
            0.12086591869592667,
            -0.03364621102809906,
            0.03793937712907791
        ],
        [
            0.12664149701595306,
            -0.0400843620300293,
            0.036977369338274
        ],
        [
            0.10698898136615753,
            -0.021541714668273926,
            0.04795914143323898
        ],
        [
            0.09472519904375076,
            -0.023565690964460373,
            0.0504152774810791
        ],
        [
            0.10294747352600098,
            -0.038089632987976074,
            0.05590633302927017
        ],
        [
            0.1121266633272171,
            -0.033480774611234665,
            0.05350933596491814
        ],
        [
            0.1266874372959137,
            -0.04800398275256157,
            0.03870544210076332
        ],
        [
            0.12246768176555634,
            -0.04099209979176521,
            0.041975393891334534
        ],
        [
            0.1240113154053688,
            -0.052031442523002625,
            0.035489361733198166
        ],
        [
            0.12810464203357697,
            -0.06048726662993431,
            0.028732256963849068
        ],
        [
            0.13088896870613098,
            -0.055186476558446884,
            0.034298498183488846
        ],
        [
            0.13439054787158966,
            -0.06535424292087555,
            0.025693807750940323
        ],
        [
            0.12122014164924622,
            -0.059726789593696594,
            0.01970825344324112
        ],
        [
            0.1357695311307907,
            -0.06550142914056778,
            0.016109498217701912
        ],
        [
            0.1299745738506317,
            -0.041118890047073364,
            0.00023267976939678192
        ],
        [
            0.135391503572464,
            -0.029512660577893257,
            -0.004268068820238113
        ],
        [
            0.15052305161952972,
            -0.03873128071427345,
            -0.002736316993832588
        ],
        [
            0.14369875192642212,
            -0.04941624775528908,
            0.002664899453520775
        ],
        [
            0.1528700590133667,
            -0.017742210999131203,
            -0.004865173250436783
        ],
        [
            0.15240328013896942,
            -0.029726460576057434,
            -0.0036896653473377228
        ],
        [
            0.1374354064464569,
            -0.02092849649488926,
            -0.006592266261577606
        ],
        [
            0.13880783319473267,
            -0.010670535266399384,
            -0.0073991864919662476
        ],
        [
            0.12775951623916626,
            -0.01709388941526413,
            0.025175977498292923
        ],
        [
            0.11985158175230026,
            -0.00943109393119812,
            0.02492361143231392
        ],
        [
            0.11878998577594757,
            -0.014848053455352783,
            0.026580922305583954
        ],
        [
            0.12624742090702057,
            -0.02208130806684494,
            0.02707177773118019
        ],
        [
            0.11715858429670334,
            -0.057100825011730194,
            0.03717548027634621
        ],
        [
            0.10960989445447922,
            -0.05607687681913376,
            0.030105257406830788
        ],
        [
            0.1175907552242279,
            -0.055695295333862305,
            0.03067602775990963
        ],
        [
            0.12118454277515411,
            -0.05403675138950348,
            0.03926142677664757
        ],
        [
            0.10530535131692886,
            0.015508521348237991,
            0.02690761908888817
        ],
        [
            0.09398503601551056,
            0.019419584423303604,
            0.020519260317087173
        ],
        [
            0.09089741110801697,
            0.014537900686264038,
            0.021751444786787033
        ],
        [
            0.10203224420547485,
            0.011915575712919235,
            0.026917589828372
        ],
        [
            0.08532607555389404,
            -0.004749715328216553,
            0.03541496768593788
        ],
        [
            0.08024431020021439,
            0.00028127431869506836,
            0.026124462485313416
        ],
        [
            0.06984081119298935,
            -0.00652649998664856,
            0.01944098435342312
        ],
        [
            0.07458233088254929,
            -0.013802040368318558,
            0.025660736486315727
        ],
        [
            0.09028337895870209,
            -0.013553984463214874,
            0.04433835297822952
        ],
        [
            0.0794643685221672,
            -0.02038615569472313,
            0.03748461231589317
        ],
        [
            0.08580760657787323,
            -0.030076559633016586,
            0.04585188627243042
        ],
        [
            0.09611496329307556,
            -0.044234275817871094,
            0.052872657775878906
        ],
        [
            0.10049828886985779,
            0.029140274971723557,
            0.015048249624669552
        ],
        [
            0.10967035591602325,
            0.027927055954933167,
            0.01942054182291031
        ],
        [
            0.16809575259685516,
            -0.06480498611927032,
            0.053746894001960754
        ],
        [
            0.16999506950378418,
            -0.05896075814962387,
            0.05355861037969589
        ],
        [
            0.16730764508247375,
            -0.05936308205127716,
            0.0509943887591362
        ],
        [
            0.16621850430965424,
            -0.06504468619823456,
            0.051667265594005585
        ],
        [
            0.11234741657972336,
            0.03030986338853836,
            -0.001443609595298767
        ],
        [
            0.11200866848230362,
            0.025891419500112534,
            -0.010612402111291885
        ],
        [
            0.10656633228063583,
            0.03079649619758129,
            -0.01038480643182993
        ],
        [
            0.10551969707012177,
            0.033614106476306915,
            -0.0013839351013302803
        ],
        [
            0.12132173031568527,
            0.0258437879383564,
            -0.0013862699270248413
        ],
        [
            0.11933041363954544,
            0.018850451335310936,
            -0.010161226615309715
        ],
        [
            0.17766879498958588,
            -0.07274525612592697,
            0.050051748752593994
        ],
        [
            0.1730138063430786,
            -0.0723029375076294,
            0.052458930760622025
        ],
        [
            0.17169368267059326,
            -0.07304688543081284,
            0.048073358833789825
        ],
        [
            0.1757090538740158,
            -0.07264961302280426,
            0.044538795948028564
        ],
        [
            0.13240176439285278,
            -0.04733392223715782,
            0.03598957508802414
        ],
        [
            0.13354001939296722,
            -0.03813210874795914,
            0.03339695930480957
        ],
        [
            0.14594097435474396,
            -0.05673372745513916,
            0.035951197147369385
        ],
        [
            0.14236000180244446,
            -0.04880432039499283,
            0.03380783647298813
        ],
        [
            0.1377643346786499,
            -0.054566822946071625,
            0.03454974666237831
        ],
        [
            0.1417972445487976,
            -0.06088898703455925,
            0.03499731421470642
        ],
        [
            0.14831043779850006,
            -0.027237379923462868,
            0.025271477177739143
        ],
        [
            0.13843877613544464,
            -0.020986294373869896,
            0.024292059242725372
        ],
        [
            0.13714297115802765,
            -0.02718265913426876,
            0.02629767172038555
        ],
        [
            0.14713157713413239,
            -0.03513306379318237,
            0.028659513220191002
        ],
        [
            0.14354439079761505,
            -0.007740423083305359,
            0.02272113598883152
        ],
        [
            0.1528668999671936,
            -0.015107616782188416,
            0.023418515920639038
        ],
        [
            0.15477026998996735,
            -0.006742088124155998,
            0.022451510652899742
        ],
        [
            0.14780572056770325,
            -0.0027098096907138824,
            0.023075582459568977
        ],
        [
            0.16618168354034424,
            -0.030764438211917877,
            0.024544045329093933
        ],
        [
            0.17002922296524048,
            -0.03518558666110039,
            0.025024641305208206
        ],
        [
            0.1742813140153885,
            -0.031757816672325134,
            0.02538227289915085
        ],
        [
            0.16763688623905182,
            -0.02722334675490856,
            0.023803869262337685
        ],
        [
            0.1008400246500969,
            0.03497616946697235,
            -0.011091806925833225
        ],
        [
            0.0985717624425888,
            0.03590903803706169,
            -0.00149637833237648
        ],
        [
            0.15655314922332764,
            0.0039534792304039,
            -0.003727661445736885
        ],
        [
            0.15504693984985352,
            0.013668281957507133,
            0.001895609311759472
        ],
        [
            0.16724418103694916,
            0.00997413881123066,
            0.0029110703617334366
        ],
        [
            0.1658683866262436,
            0.0003022700548171997,
            -0.003660549409687519
        ],
        [
            0.10985740274190903,
            0.017064601182937622,
            -0.015842709690332413
        ],
        [
            0.10537301748991013,
            0.023401755839586258,
            -0.01726006157696247
        ],
        [
            0.182392880320549,
            -0.06927673518657684,
            0.0476008802652359
        ],
        [
            0.1798008531332016,
            -0.06886593252420425,
            0.042110878974199295
        ],
        [
            0.08158370852470398,
            -0.03453250974416733,
            0.03381654992699623
        ],
        [
            0.09281983226537704,
            -0.04908318072557449,
            0.04534044861793518
        ],
        [
            0.07589812576770782,
            -0.023977912962436676,
            0.02289283275604248
        ],
        [
            0.07275080680847168,
            -0.017218470573425293,
            0.014241311699151993
        ],
        [
            0.06775107234716415,
            -0.012113161385059357,
            0.008784543722867966
        ],
        [
            0.14817100763320923,
            -0.046108633279800415,
            0.032696906477212906
        ],
        [
            0.1324826180934906,
            -0.02978893741965294,
            0.029101567342877388
        ],
        [
            0.12942208349704742,
            -0.012406840920448303,
            0.024030407890677452
        ],
        [
            0.1447010636329651,
            0.014570096507668495,
            0.022704709321260452
        ],
        [
            0.13546375930309296,
            0.019936636090278625,
            0.022519733756780624
        ],
        [
            0.1342712938785553,
            0.009794548153877258,
            0.025824900716543198
        ],
        [
            0.14260099828243256,
            0.007033824920654297,
            0.024667300283908844
        ],
        [
            0.15590715408325195,
            0.017570732161402702,
            0.010908662341535091
        ],
        [
            0.15577444434165955,
            0.014262506738305092,
            0.018266402184963226
        ],
        [
            0.16406507790088654,
            0.01010315865278244,
            0.018063602969050407
        ],
        [
            0.16570080816745758,
            0.013256849721074104,
            0.011161676608026028
        ],
        [
            0.11120693385601044,
            -0.06127562373876572,
            0.038992203772068024
        ],
        [
            0.10212095826864243,
            -0.056043289601802826,
            0.031138792634010315
        ],
        [
            0.11091206967830658,
            0.03158530592918396,
            0.00904662162065506
        ],
        [
            0.1031729131937027,
            0.03259531408548355,
            0.008510887622833252
        ],
        [
            0.09549102932214737,
            0.034894175827503204,
            0.005614942871034145
        ],
        [
            0.11191451549530029,
            0.0024402067065238953,
            0.027134250849485397
        ],
        [
            0.09973082691431046,
            0.0094786137342453,
            0.0272027887403965
        ],
        [
            0.09822683036327362,
            0.005712579935789108,
            0.02939974144101143
        ],
        [
            0.11088229715824127,
            -0.0005242042243480682,
            0.027120396494865417
        ],
        [
            0.1126873716711998,
            -0.01585179939866066,
            0.03626485913991928
        ],
        [
            0.10192486643791199,
            -0.008717365562915802,
            0.04058878496289253
        ],
        [
            0.11709311604499817,
            -0.026219159364700317,
            0.04235453903675079
        ],
        [
            0.08522698283195496,
            0.00888136401772499,
            0.023318106308579445
        ],
        [
            0.08172696828842163,
            0.018541745841503143,
            0.019093714654445648
        ],
        [
            0.0765266939997673,
            0.011337637901306152,
            0.020070400089025497
        ],
        [
            0.08698337525129318,
            0.02609475702047348,
            0.015539848245680332
        ],
        [
            0.09192124009132385,
            0.03209715336561203,
            0.0110555998980999
        ],
        [
            0.09995096921920776,
            0.02863384783267975,
            -0.021314460784196854
        ],
        [
            0.07261655479669571,
            0.003865376114845276,
            0.01958882436156273
        ],
        [
            0.11486411094665527,
            -0.04161251336336136,
            0.05576419085264206
        ],
        [
            0.11790303140878677,
            -0.04739467054605484,
            0.056951235979795456
        ],
        [
            0.1225413978099823,
            -0.04586860164999962,
            0.05093730241060257
        ],
        [
            0.12010424584150314,
            -0.04131142050027847,
            0.04913531243801117
        ],
        [
            0.1433187574148178,
            -0.06973081082105637,
            0.02497108280658722
        ],
        [
            0.14158184826374054,
            -0.06632290035486221,
            0.031966567039489746
        ],
        [
            0.13402147591114044,
            -0.06091751158237457,
            0.03201775252819061
        ],
        [
            0.1169089525938034,
            0.01452968642115593,
            0.027181368321180344
        ],
        [
            0.12009111046791077,
            0.02523256093263626,
            0.02104511298239231
        ],
        [
            0.15130393207073212,
            -0.0538250133395195,
            0.03506928309798241
        ],
        [
            0.17424049973487854,
            -0.07331763952970505,
            0.04009971022605896
        ],
        [
            0.16959187388420105,
            -0.07417163997888565,
            0.0439784899353981
        ],
        [
            0.15664733946323395,
            -0.07353810220956802,
            0.03260088711977005
        ],
        [
            0.1619516909122467,
            -0.07268562912940979,
            0.027990706264972687
        ],
        [
            0.16041071712970734,
            -0.05450943484902382,
            0.032087989151477814
        ],
        [
            0.15399621427059174,
            -0.05520535632967949,
            0.03609680384397507
        ],
        [
            0.15595906972885132,
            -0.054955124855041504,
            0.03625445067882538
        ],
        [
            0.16183213889598846,
            -0.05215384438633919,
            0.034374069422483444
        ],
        [
            0.17425327003002167,
            -0.02263665199279785,
            0.02307257428765297
        ],
        [
            0.16857564449310303,
            -0.01880330964922905,
            0.022291498258709908
        ],
        [
            0.15775074064731598,
            -0.05530402064323425,
            0.00858304463326931
        ],
        [
            0.1494603157043457,
            -0.06538276374340057,
            0.008975353091955185
        ],
        [
            0.13764247298240662,
            -0.05920099839568138,
            0.007197964936494827
        ],
        [
            0.15015286207199097,
            -0.020099492743611336,
            0.02377464808523655
        ],
        [
            0.1593286693096161,
            -0.025077491998672485,
            0.024500688537955284
        ],
        [
            0.16085264086723328,
            -0.021279094740748405,
            0.023598376661539078
        ],
        [
            0.15277934074401855,
            -0.04559493064880371,
            0.0316314660012722
        ],
        [
            0.1564943939447403,
            -0.05094341188669205,
            0.032680414617061615
        ],
        [
            0.1583157777786255,
            -0.04667378216981888,
            0.029841257259249687
        ],
        [
            0.15420271456241608,
            -0.04064472019672394,
            0.029407721012830734
        ],
        [
            0.1429648995399475,
            0.018424585461616516,
            -0.0004991283640265465
        ],
        [
            0.14415757358074188,
            0.02328750304877758,
            0.01005601417273283
        ],
        [
            0.16933828592300415,
            -0.06950920075178146,
            0.05360235273838043
        ],
        [
            0.16787466406822205,
            -0.07014577835798264,
            0.0506017692387104
        ],
        [
            0.14041012525558472,
            -0.014113157987594604,
            0.02283414639532566
        ],
        [
            0.1253456026315689,
            -0.04971195012331009,
            0.006418410688638687
        ],
        [
            0.13124820590019226,
            -0.007245928049087524,
            0.02320292964577675
        ],
        [
            0.17372553050518036,
            -0.016917996108531952,
            0.0031026583164930344
        ],
        [
            0.17757147550582886,
            -0.012620183639228344,
            0.009465987794101238
        ],
        [
            0.1802251935005188,
            -0.015590665861964226,
            0.01212257519364357
        ],
        [
            0.1805047243833542,
            -0.019369369372725487,
            0.007444131188094616
        ],
        [
            0.17281262576580048,
            -0.053147438913583755,
            0.042528681457042694
        ],
        [
            0.1690356433391571,
            -0.054826248437166214,
            0.04682646691799164
        ],
        [
            0.17072097957134247,
            -0.054500602185726166,
            0.04885388910770416
        ],
        [
            0.17560847103595734,
            -0.053261518478393555,
            0.04556170850992203
        ],
        [
            0.14982996881008148,
            -0.05909555032849312,
            0.037515271455049515
        ],
        [
            0.14675851166248322,
            -0.06420227140188217,
            0.03690832480788231
        ],
        [
            0.15144726634025574,
            -0.06476181000471115,
            0.039421938359737396
        ],
        [
            0.15373483300209045,
            -0.0591459721326828,
            0.038631271570920944
        ],
        [
            0.14767080545425415,
            -0.06942430138587952,
            0.03348597511649132
        ],
        [
            0.15267904102802277,
            -0.07041250914335251,
            0.03651272505521774
        ],
        [
            0.17703384160995483,
            -0.05561156943440437,
            0.03830832988023758
        ],
        [
            0.17929962277412415,
            -0.06259993463754654,
            0.036283329129219055
        ],
        [
            0.16875198483467102,
            -0.06042161211371422,
            0.024636777117848396
        ],
        [
            0.16781029105186462,
            -0.05432283133268356,
            0.030040808022022247
        ],
        [
            0.12546704709529877,
            -0.004348505288362503,
            -0.011123629286885262
        ],
        [
            0.12891678512096405,
            0.006336599588394165,
            -0.010571068152785301
        ],
        [
            0.1422910988330841,
            0.00036288052797317505,
            -0.006988683715462685
        ],
        [
            0.15571996569633484,
            -0.0053046513348817825,
            -0.004682796075940132
        ],
        [
            0.16798478364944458,
            -0.011498183012008667,
            -0.0012396741658449173
        ],
        [
            0.1652926653623581,
            -0.023450035601854324,
            -0.003881290555000305
        ],
        [
            0.14326447248458862,
            0.00852862000465393,
            -0.006107417866587639
        ],
        [
            0.16405028104782104,
            -0.055779531598091125,
            0.021557016298174858
        ],
        [
            0.1611579954624176,
            -0.059872061014175415,
            0.016512900590896606
        ],
        [
            0.16334481537342072,
            -0.056620437651872635,
            0.015003242529928684
        ],
        [
            0.13445404171943665,
            -0.00048295408487319946,
            0.02379530668258667
        ],
        [
            0.1660606563091278,
            -0.07189331948757172,
            0.04728306084871292
        ],
        [
            0.08248697966337204,
            -0.015039663761854172,
            -0.0076944828033447266
        ],
        [
            0.09014423936605453,
            -0.006899382919073105,
            -0.01521950215101242
        ],
        [
            0.09584604203701019,
            -0.012713126838207245,
            -0.01187978871166706
        ],
        [
            0.08726311475038528,
            -0.021415874361991882,
            -0.0026117973029613495
        ],
        [
            0.16551828384399414,
            -0.06036035344004631,
            0.04975004494190216
        ],
        [
            0.16395904123783112,
            -0.0665324330329895,
            0.04985798895359039
        ],
        [
            0.1725342571735382,
            -0.01311253197491169,
            0.020995108410716057
        ],
        [
            0.17655494809150696,
            -0.017399735748767853,
            0.021211538463830948
        ],
        [
            0.17921940982341766,
            -0.015271755866706371,
            0.018527157604694366
        ],
        [
            0.17806340754032135,
            -0.009632688015699387,
            0.01957615278661251
        ],
        [
            0.12922169268131256,
            0.012281952425837517,
            -0.009627541527152061
        ],
        [
            0.17488951981067657,
            0.0077470652759075165,
            0.004425574094057083
        ],
        [
            0.17384065687656403,
            -0.0008751926943659782,
            -0.0012933667749166489
        ],
        [
            0.11707121133804321,
            0.011151202023029327,
            -0.013688968494534492
        ],
        [
            0.1140071377158165,
            0.0018491484224796295,
            -0.014842523261904716
        ],
        [
            0.10603687912225723,
            0.006839454174041748,
            -0.0176157895475626
        ],
        [
            0.166912242770195,
            -0.037586864084005356,
            0.0020717568695545197
        ],
        [
            0.12458022683858871,
            -0.013025134801864624,
            -0.01019388996064663
        ],
        [
            0.11242568492889404,
            -0.005620729178190231,
            -0.013569172471761703
        ],
        [
            0.10280849039554596,
            -1.5273690223693848e-07,
            -0.01680857315659523
        ],
        [
            0.09636520594358444,
            0.00447440892457962,
            -0.019846899434924126
        ],
        [
            0.10054101794958115,
            0.011549703776836395,
            -0.020273355767130852
        ],
        [
            0.17757320404052734,
            -0.06853483617305756,
            0.037545397877693176
        ],
        [
            0.1827809363603592,
            -0.062316421419382095,
            0.041088178753852844
        ],
        [
            0.09464318305253983,
            0.016810283064842224,
            -0.024876669049263
        ],
        [
            0.09005935490131378,
            0.008761569857597351,
            -0.02356819622218609
        ],
        [
            0.10947021842002869,
            -0.014084726572036743,
            -0.011192744597792625
        ],
        [
            0.10525210201740265,
            -0.023639794439077377,
            -0.006792496889829636
        ],
        [
            0.121355339884758,
            -0.020855700597167015,
            -0.007785594090819359
        ],
        [
            0.11831028759479523,
            -0.031118066981434822,
            -0.0034798514097929
        ],
        [
            0.16156888008117676,
            -0.04674841836094856,
            -0.001655740663409233
        ],
        [
            0.18753114342689514,
            -0.05764897167682648,
            0.05934473127126694
        ],
        [
            0.18429742753505707,
            -0.056855209171772,
            0.04816168546676636
        ],
        [
            0.17936784029006958,
            -0.05386710911989212,
            0.04969958961009979
        ],
        [
            0.18492329120635986,
            -0.054229602217674255,
            0.05959821492433548
        ],
        [
            0.18013684451580048,
            -0.05576995015144348,
            0.04265858978033066
        ],
        [
            0.18529358506202698,
            -0.06259986013174057,
            0.04682417958974838
        ],
        [
            0.11171126365661621,
            -0.04110594838857651,
            0.005067789927124977
        ],
        [
            0.162513867020607,
            -0.051864948123693466,
            0.0298630204051733
        ],
        [
            0.09598632901906967,
            -0.033035095781087875,
            0.0054258499294519424
        ],
        [
            0.10896110534667969,
            -0.053404055535793304,
            0.01645459607243538
        ],
        [
            0.0973883643746376,
            -0.046805884689092636,
            0.019225187599658966
        ],
        [
            0.07995107769966125,
            -0.025786686688661575,
            0.00825495459139347
        ],
        [
            0.08414173871278763,
            -0.03718014061450958,
            0.02014501951634884
        ],
        [
            0.07143492996692657,
            -0.013590924441814423,
            -0.001731259748339653
        ],
        [
            0.07680909335613251,
            -0.019255664199590683,
            0.002143561840057373
        ],
        [
            0.09041808545589447,
            -0.0482427217066288,
            0.03172475844621658
