{
    "pred_cam": [
        6.074663162231445,
        -0.06423403322696686,
        0.04405904561281204
    ],
    "pred_mano_params": {
        "global_orient": [
            [
                [
                    0.5702968835830688,
                    0.816364049911499,
                    -0.09116603434085846
                ],
                [
                    0.5370756983757019,
                    -0.45454511046409607,
                    -0.7105901837348938
                ],
                [
                    -0.6215393543243408,
                    0.3562842905521393,
                    -0.6976749300956726
                ]
            ]
        ],
        "hand_pose": [
            [
                [
                    0.9633815288543701,
                    0.03651689738035202,
                    0.2656361162662506
                ],
                [
                    -0.07338468730449677,
                    0.9887657761573792,
                    0.13021868467330933
                ],
                [
                    -0.2578967213630676,
                    -0.14494390785694122,
                    0.9552384614944458
                ]
            ],
            [
                [
                    0.9736422300338745,
                    -0.2057969570159912,
                    -0.09832817316055298
                ],
                [
                    0.1769765168428421,
                    0.9536231160163879,
                    -0.24347972869873047
                ],
                [
                    0.143875390291214,
                    0.21966037154197693,
                    0.9649089574813843
                ]
            ],
            [
                [
                    0.9655197262763977,
                    -0.24070386588573456,
                    0.09916263073682785
                ],
                [
                    0.2488589882850647,
                    0.9652189016342163,
                    -0.08013512194156647
                ],
                [
                    -0.07642481476068497,
                    0.1020495742559433,
                    0.9918392300605774
                ]
            ],
            [
                [
                    0.9464846253395081,
                    -0.12393656373023987,
                    0.29800423979759216
                ],
                [
                    0.14576248824596405,
                    0.9879480004310608,
                    -0.052076660096645355
                ],
                [
                    -0.2879585027694702,
                    0.09272760152816772,
                    0.9531428813934326
                ]
            ],
            [
                [
                    0.9712473154067993,
                    -0.10509578883647919,
                    -0.21362008154392242
                ],
                [
                    0.13086986541748047,
                    0.9852449297904968,
                    0.11029796302318573
                ],
                [
                    0.19887621700763702,
                    -0.13508301973342896,
                    0.9706703424453735
                ]
            ],
            [
                [
                    0.8822104930877686,
                    -0.4223308265209198,
                    0.20818603038787842
                ],
                [
                    0.4298593997955322,
                    0.9028410911560059,
                    0.009948479011654854
                ],
                [
                    -0.19216042757034302,
                    0.08071406185626984,
                    0.9780387282371521
                ]
            ],
            [
                [
                    0.5930652022361755,
                    -0.7545081377029419,
                    0.2810535430908203
                ],
                [
                    0.6241833567619324,
                    0.6513411998748779,
                    0.431450754404068
                ],
                [
                    -0.5085948705673218,
                    -0.08044949918985367,
                    0.8572391867637634
                ]
            ],
            [
                [
                    0.9587451815605164,
                    -0.26201310753822327,
                    -0.11025793850421906
                ],
                [
                    0.262259840965271,
                    0.9649161100387573,
                    -0.012518665753304958
                ],
                [
                    0.10966971516609192,
                    -0.016914021223783493,
                    0.9938241839408875
                ]
            ],
            [
                [
                    0.9795257449150085,
                    -0.05266892910003662,
                    0.19430696964263916
                ],
                [
                    -0.06496431678533554,
                    0.830842912197113,
                    0.5527020692825317
                ],
                [
                    -0.190548837184906,
                    -0.5540090203285217,
                    0.8104104399681091
                ]
            ],
            [
                [
                    0.7902553081512451,
                    -0.5867463946342468,
                    0.1767067015171051
                ],
                [
                    0.5863125920295715,
                    0.8078362941741943,
                    0.06031671166419983
                ],
                [
                    -0.17814068496227264,
                    0.05593976378440857,
                    0.9824137091636658
                ]
            ],
            [
                [
                    0.9909424781799316,
                    -0.10648387670516968,
                    -0.08181852102279663
                ],
                [
                    0.1302926391363144,
                    0.9099022746086121,
                    0.3938295841217041
                ],
                [
                    0.03251034393906593,
                    -0.4009227752685547,
                    0.9155348539352417
                ]
            ],
            [
                [
                    0.8916405439376831,
                    -0.32290881872177124,
                    0.31734368205070496
                ],
                [
                    0.24560952186584473,
                    0.9338201880455017,
                    0.2601071298122406
                ],
                [
                    -0.3803328573703766,
                    -0.15397942066192627,
                    0.911941409111023
                ]
            ],
            [
                [
                    0.9920265674591064,
                    0.028900405392050743,
                    0.12267027795314789
                ],
                [
                    0.09880167245864868,
                    0.42592406272888184,
                    -0.8993479609489441
                ],
                [
                    -0.07823978364467621,
                    0.9042971730232239,
                    0.41967257857322693
                ]
            ],
            [
                [
                    0.9499055743217468,
                    -0.3105451166629791,
                    0.03523201867938042
                ],
                [
                    0.27266672253608704,
                    0.8785381317138672,
                    0.392203688621521
                ],
                [
                    -0.15274961292743683,
                    -0.36294981837272644,
                    0.9192035794258118
                ]
            ],
            [
                [
                    0.8884217739105225,
                    -0.13643424212932587,
                    -0.4382835328578949
                ],
                [
                    -0.11865752190351486,
                    0.8540967702865601,
                    -0.5063981413841248
                ],
                [
                    0.44342660903930664,
                    0.5019007325172424,
                    0.7426092028617859
                ]
            ]
        ],
        "betas": [
            -0.19369104504585266,
            -0.08670619130134583,
            -0.13272862136363983,
            -0.15258356928825378,
            -0.08756512403488159,
            -0.08800747245550156,
            0.025842875242233276,
            -0.08384668827056885,
            -0.035109058022499084,
            -0.033143967390060425
        ]
    },
    "pred_cam_t": [
        -0.06423403322696686,
        0.04405904561281204,
        6.4303975105285645
    ],
    "focal_length": [
        5000.0,
        5000.0
    ],
    "pred_keypoints_3d": [
        [
            0.09665818512439728,
            0.006448173895478249,
            0.006286408752202988
        ],
        [
            0.06758119910955429,
            -0.017870338633656502,
            -0.0023464644327759743
        ],
        [
            0.03805304318666458,
            -0.02513701468706131,
            -0.008854193612933159
        ],
        [
            0.010818872600793839,
            -0.027910759672522545,
            -0.00923566147685051
        ],
        [
            -0.02154424972832203,
            -0.026271848008036613,
            0.005646796897053719
        ],
        [
            0.039859965443611145,
            -0.053713634610176086,
            0.045146338641643524
        ],
        [
            0.026736926287412643,
            -0.08067150413990021,
            0.059766534715890884
        ],
        [
            0.010687097907066345,
            -0.09262393414974213,
            0.06994922459125519
        ],
        [
            -0.010272063314914703,
            -0.10468412190675735,
            0.07861662656068802
        ],
        [
            0.04130508005619049,
            -0.04177255928516388,
            0.06754438579082489
        ],
        [
            0.020809752866625786,
            -0.06051290035247803,
            0.08365541696548462
        ],
        [
            0.0022666361182928085,
            -0.0675923079252243,
            0.09637502580881119
        ],
        [
            -0.021749168634414673,
            -0.07513550668954849,
            0.102503702044487
        ],
        [
            0.048823390156030655,
            -0.016890661790966988,
            0.07497286796569824
        ],
        [
            0.022025398910045624,
            -0.02335827238857746,
            0.08485989272594452
        ],
        [
            -0.002518145367503166,
            -0.01976754143834114,
            0.08923476934432983
        ],
        [
            -0.027568690478801727,
            -0.023495720699429512,
            0.08712723106145859
        ],
        [
            0.05280369147658348,
            0.004748804494738579,
            0.07631398737430573
        ],
        [
            0.031880609691143036,
            0.006117608863860369,
            0.08058468997478485
        ],
        [
            0.013466376811265945,
            0.011547976173460484,
            0.08151460438966751
        ],
        [
            -0.007838845252990723,
            0.014670386910438538,
            0.07572562992572784
        ]
    ],
    "pred_vertices": [
        [
            0.05150691419839859,
            -0.024787873029708862,
            0.01950647681951523
        ],
        [
            0.055991098284721375,
            -0.018340598791837692,
            0.013353411108255386
        ],
        [
            0.04697053134441376,
            -0.0224514901638031,
            0.01097802072763443
        ],
        [
            0.04408061131834984,
            -0.03061554580926895,
            0.01660780794918537
        ],
        [
            0.053120121359825134,
            -0.004582297056913376,
            -0.002135971561074257
        ],
        [
            0.056818991899490356,
            -0.005234833806753159,
            -0.013797111809253693
        ],
        [
            0.042477626353502274,
            -0.010698307305574417,
            -0.01361156813800335
        ],
        [
            0.04111557453870773,
            -0.008451607078313828,
            -0.0037551801651716232
        ],
        [
            0.038718175143003464,
            -0.035845525562763214,
            0.014379188418388367
        ],
        [
            0.03954307734966278,
            -0.025288507342338562,
            0.00913596898317337
        ],
        [
            0.0380881167948246,
            -0.03901860490441322,
            0.011131417006254196
        ],
        [
            0.04414292424917221,
            -0.05106484889984131,
            0.019409697502851486
        ],
        [
            0.040877439081668854,
            -0.045425109565258026,
            0.02071024850010872
        ],
        [
            0.04534873366355896,
            -0.05635485053062439,
            0.027109742164611816
        ],
        [
            0.05478561669588089,
            -0.052890509366989136,
            0.017311938107013702
        ],
        [
            0.05365801602602005,
            -0.057463277131319046,
            0.031916238367557526
        ],
        [
            0.07655221968889236,
            -0.039037011563777924,
            0.03733058273792267
        ],
        [
            0.08070766925811768,
            -0.02797071821987629,
            0.044921185821294785
        ],
        [
            0.07072293013334274,
            -0.034828443080186844,
            0.05615876987576485
        ],
        [
            0.06686016172170639,
            -0.04466254636645317,
            0.04712473601102829
        ],
        [
            0.07544684410095215,
            -0.01537922490388155,
            0.06131797656416893
        ],
        [
            0.07246164977550507,
            -0.02657780796289444,
            0.059409189969301224
        ],
        [
            0.08341562747955322,
            -0.019943995401263237,
            0.048196546733379364
        ],
        [
            0.08540375530719757,
            -0.010033318772912025,
            0.05020689219236374
        ],
        [
            0.06097788363695145,
            -0.011446099728345871,
            0.025079362094402313
        ],
        [
            0.06624646484851837,
            -0.005299348384141922,
            0.01857263594865799
        ],
        [
            0.06385241448879242,
            -0.011341970413923264,
            0.01676597073674202
        ],
        [
            0.0586370974779129,
            -0.01649070531129837,
            0.022571001201868057
        ],
        [
            0.03340966999530792,
            -0.038035307079553604,
            -0.002820562571287155
        ],
        [
            0.04796817898750305,
            -0.04367292672395706,
            -0.00028759241104125977
        ],
        [
            0.043317124247550964,
            -0.04379948228597641,
            0.006506867706775665
        ],
        [
            0.03094654530286789,
            -0.034811753779649734,
            0.001014726236462593
        ],
        [
            0.07631776481866837,
            0.019745104014873505,
            0.005117110908031464
        ],
        [
            0.08793403953313828,
            0.021676048636436462,
            -0.0018763914704322815
        ],
        [
            0.08748842775821686,
            0.016768723726272583,
            -0.005222298204898834
        ],
        [
            0.07737709581851959,
            0.01564173772931099,
            0.0023131445050239563
        ],
        [
            0.076784148812294,
            0.001249808818101883,
            -0.01420903205871582
        ],
        [
            0.0867522656917572,
            0.0028753094375133514,
            -0.016336314380168915
        ],
        [
            0.09520074725151062,
            -0.00542314350605011,
            -0.02305387705564499
        ],
        [
            0.08631809055805206,
            -0.00997931882739067,
            -0.02139471098780632
        ],
        [
            0.0662403404712677,
            -0.0020615272223949432,
            -0.013183243572711945
        ],
        [
            0.07357588410377502,
            -0.010921124368906021,
            -0.021395597606897354
        ],
        [
            0.06195497512817383,
            -0.012661844491958618,
            -0.02105262503027916
        ],
        [
            0.04537615925073624,
            -0.016773749142885208,
            -0.0201164111495018
        ],
        [
            0.09152251482009888,
            0.03074265643954277,
            0.006678387522697449
        ],
        [
            0.08319506049156189,
            0.03098844736814499,
            0.012789309024810791
        ],
        [
            0.0167967788875103,
            -0.0834231749176979,
            0.05405339598655701
        ],
        [
            0.015074124559760094,
            -0.07982214540243149,
            0.05847303569316864
        ],
        [
            0.017578408122062683,
            -0.07628194242715836,
            0.055185072124004364
        ],
        [
            0.019150715321302414,
            -0.08031626045703888,
            0.051625367254018784
        ],
        [
            0.10052894800901413,
            0.029576748609542847,
            0.024941734969615936
        ],
        [
            0.10772179812192917,
            0.023485174402594566,
            0.028797555714845657
        ],
        [
            0.11101668328046799,
            0.027936210855841637,
            0.02397158369421959
        ],
        [
            0.10431351512670517,
            0.03229709714651108,
            0.01890910416841507
        ],
        [
            0.09548579156398773,
            0.025909151881933212,
            0.0328662246465683
        ],
        [
            0.10259568691253662,
            0.017206311225891113,
            0.03495701029896736
        ],
        [
            0.026649489998817444,
            -0.09035303443670273,
            0.05810193717479706
        ],
        [
            0.0229989942163229,
            -0.08981164544820786,
            0.05444839224219322
        ],
        [
            0.027035973966121674,
            -0.08678876608610153,
            0.052541546523571014
        ],
        [
            0.031071487814188004,
            -0.08648840337991714,
            0.056396644562482834
        ],
        [
            0.04195573180913925,
            -0.038222797214984894,
            0.0225230660289526
        ],
        [
            0.04637199640274048,
            -0.030080530792474747,
            0.02544734627008438
        ],
        [
            0.03336264193058014,
            -0.04837455973029137,
            0.03768423572182655
        ],
        [
            0.03971908614039421,
            -0.039754778146743774,
            0.033372893929481506
        ],
        [
            0.03941425681114197,
            -0.04519277811050415,
            0.028410010039806366
        ],
        [
            0.03606331720948219,
            -0.05212169140577316,
            0.03281543403863907
        ],
        [
            0.0493985153734684,
            -0.019851787015795708,
            0.043065767735242844
        ],
        [
            0.05618235468864441,
            -0.014489147812128067,
            0.03490166366100311
        ],
        [
            0.05368629842996597,
            -0.02040741592645645,
            0.03259085863828659
        ],
        [
            0.045359935611486435,
            -0.02713419310748577,
            0.04027954488992691
        ],
        [
            0.05772653967142105,
            -0.0013731718063354492,
            0.040415532886981964
        ],
        [
            0.05138025060296059,
            -0.007930241525173187,
            0.04817333072423935
        ],
        [
            0.053053829818964005,
            0.00028504058718681335,
            0.05033189803361893
        ],
        [
            0.05641475319862366,
            0.003943063318729401,
            0.044065799564123154
        ],
        [
            0.03994663432240486,
            -0.021659821271896362,
            0.06067578122019768
        ],
        [
            0.03634021803736687,
            -0.027073638513684273,
            0.06744948774576187
        ],
        [
            0.037910427898168564,
            -0.023555830121040344,
            0.06684796512126923
        ],
        [
            0.041793983429670334,
            -0.018550299108028412,
            0.0613604299724102
        ],
        [
            0.11514084041118622,
            0.031463995575904846,
            0.01934274286031723
        ],
        [
            0.10811921954154968,
            0.03400034084916115,
            0.012875653803348541
        ],
        [
            0.07673249393701553,
            0.006133778020739555,
            0.06522779166698456
        ],
        [
            0.07475053519010544,
            0.016494231298565865,
            0.061291102319955826
        ],
        [
            0.06668056547641754,
            0.013622408732771873,
            0.07164541631937027
        ],
        [
            0.07125324755907059,
            0.0030102310702204704,
            0.07367366552352905
        ],
        [
            0.11148866266012192,
            0.01372060552239418,
            0.02909998968243599
        ],
        [
            0.11601066589355469,
            0.019352074712514877,
            0.025929253548383713
        ],
        [
            0.028548751026391983,
            -0.08833611011505127,
            0.06377743929624557
        ],
        [
            0.03234726935625076,
            -0.08413179218769073,
            0.06190897524356842
        ],
        [
            0.07072839140892029,
            -0.023600131273269653,
            -0.020831812173128128
        ],
        [
            0.04968613013625145,
            -0.026145093142986298,
            -0.021210763603448868
        ],
        [
            0.0857943743467331,
            -0.020096812397241592,
            -0.019939430058002472
        ],
        [
            0.09603043645620346,
            -0.01686250790953636,
            -0.018574360758066177
        ],
        [
            0.1038912832736969,
            -0.013440493494272232,
            -0.02026737481355667
        ],
        [
            0.03791465610265732,
            -0.03711463883519173,
            0.03996708244085312
        ],
        [
            0.052619338035583496,
            -0.022876493632793427,
            0.026943592354655266
        ],
        [
            0.062244150787591934,
            -0.006721556186676025,
            0.027224380522966385
        ],
        [
            0.06156596913933754,
            0.020734908059239388,
            0.04195359721779823
        ],
        [
            0.0669841393828392,
            0.025389187037944794,
            0.03406192734837532
        ],
        [
            0.06266555190086365,
            0.01591741479933262,
            0.03116742894053459
        ],
        [
            0.059304095804691315,
            0.013522788882255554,
            0.03894668072462082
        ],
        [
            0.0673506110906601,
            0.022150591015815735,
            0.0576927550137043
        ],
        [
            0.0604775995016098,
            0.020371485501527786,
            0.05376006290316582
        ],
        [
            0.0561654232442379,
            0.016854550689458847,
            0.06051066145300865
        ],
        [
            0.06152208894491196,
            0.018497558310627937,
            0.06592734158039093
        ],
        [
            0.03414108604192734,
            -0.03873387724161148,
            -0.010575896129012108
        ],
        [
            0.05140567570924759,
            -0.042206767946481705,
            -0.007220527157187462
        ],
        [
            0.09235399216413498,
            0.03275759518146515,
            0.018817447125911713
        ],
        [
            0.09663170576095581,
            0.033110011368989944,
            0.012183330953121185
        ],
        [
            0.10320725291967392,
            0.03413993865251541,
            0.006795778870582581
        ],
        [
            0.07076738029718399,
            0.006323736160993576,
            0.011048100888729095
        ],
        [
            0.07806458324193954,
            0.012778066098690033,
            0.00039087235927581787
        ],
        [
            0.07681487500667572,
            0.009025432169437408,
            -0.0012435279786586761
        ],
        [
            0.07098418474197388,
            0.002412218600511551,
            0.010633561760187149
        ],
        [
            0.05999264121055603,
            -0.008927389979362488,
            0.008499938994646072
        ],
        [
            0.06479089707136154,
            -0.0005072467029094696,
            -0.0009124279022216797
        ],
        [
            0.04935793578624725,
            -0.01151084154844284,
            0.007155241444706917
        ],
        [
            0.0880657508969307,
            0.010898936539888382,
            -0.01075746864080429
        ],
        [
            0.09481038898229599,
            0.019602693617343903,
            -0.01208135113120079
        ],
        [
            0.09504826366901398,
            0.01228955015540123,
            -0.01720985770225525
        ],
        [
            0.09688744693994522,
            0.026742246001958847,
            -0.005585335195064545
        ],
        [
            0.09959795325994492,
            0.03216642886400223,
            0.00102156400680542
        ],
        [
            0.12308578193187714,
            0.023316912353038788,
            0.023175660520792007
        ],
        [
            0.09572464227676392,
            0.004673805087804794,
            -0.020657025277614594
        ],
        [
            0.033019572496414185,
            -0.012608878314495087,
            -0.005059828981757164
        ],
        [
            0.025460442528128624,
            -0.01576879248023033,
            -0.007126690819859505
        ],
        [
            0.02611067146062851,
            -0.019956666976213455,
            -0.00031288713216781616
        ],
        [
            0.03324761986732483,
            -0.017244704067707062,
            0.0024315211921930313
        ],
        [
            0.04518991708755493,
            -0.0615711584687233,
            0.03509142994880676
        ],
        [
            0.03904394432902336,
            -0.057836439460515976,
            0.032498814165592194
        ],
        [
            0.041308023035526276,
            -0.05154268816113472,
            0.02491067349910736
        ],
        [
            0.07046221941709518,
            0.019663263112306595,
            0.015246614813804626
        ],
        [
            0.07639473676681519,
            0.029315289109945297,
            0.02123306319117546
        ],
        [
            0.03173426166176796,
            -0.04727176949381828,
            0.04434803128242493
        ],
        [
            0.035012003034353256,
            -0.08317269384860992,
            0.05554402992129326
        ],
        [
            0.031351447105407715,
            -0.0834469348192215,
            0.05089534819126129
        ],
        [
            0.04134510084986687,
            -0.07100096344947815,
            0.044046834111213684
        ],
        [
            0.044749654829502106,
            -0.07142754644155502,
            0.04979775846004486
        ],
        [
            0.031815435737371445,
            -0.05343819409608841,
            0.05447666719555855
        ],
        [
            0.02996540442109108,
            -0.05340689420700073,
            0.04800112545490265
        ],
        [
            0.029496993869543076,
            -0.05701526254415512,
            0.050170477479696274
        ],
        [
            0.029321560636162758,
            -0.057971350848674774,
            0.05649981275200844
        ],
        [
            0.04057806357741356,
            -0.014165856875479221,
            0.06708678603172302
        ],
        [
            0.04419573023915291,
            -0.010127866640686989,
            0.06251557916402817
        ],
        [
            0.054844945669174194,
            -0.048055876046419144,
            0.056692615151405334
        ],
        [
            0.056963734328746796,
            -0.057207051664590836,
            0.04685405641794205
        ],
        [
            0.06237887591123581,
            -0.05323769524693489,
            0.03869034722447395
        ],
        [
            0.05129324644804001,
            -0.012966947630047798,
            0.045539043843746185
        ],
        [
            0.045193374156951904,
            -0.017020609229803085,
            0.05337836593389511
        ],
        [
            0.04625501111149788,
            -0.013370225206017494,
            0.055073752999305725
        ],
        [
            0.03681371733546257,
            -0.036961741745471954,
            0.04488489031791687
        ],
        [
            0.03221666440367699,
            -0.04435107856988907,
            0.04991193860769272
        ],
        [
            0.036169905215501785,
            -0.0375484824180603,
            0.05079919844865799
        ],
        [
            0.04011760279536247,
            -0.03201264142990112,
            0.04640213027596474
        ],
        [
            0.08329904824495316,
            0.020117424428462982,
            0.051675841212272644
        ],
        [
            0.07457847893238068,
            0.026951028034090996,
            0.0478389747440815
        ],
        [
            0.019514303654432297,
            -0.08713862299919128,
            0.052840884774923325
        ],
        [
            0.022744804620742798,
            -0.08412247151136398,
            0.05062634125351906
        ],
        [
            0.0578547902405262,
            -0.007854513823986053,
            0.037472452968358994
        ],
        [
            0.06999468803405762,
            -0.04665181413292885,
            0.029325857758522034
        ],
        [
            0.0631057620048523,
            -0.0016061998903751373,
            0.02933822199702263
        ],
        [
            0.05884324014186859,
            -0.011532679200172424,
            0.075912244617939
        ],
        [
            0.05221816152334213,
            -0.006166338920593262,
            0.07456765323877335
        ],
        [
            0.0472237691283226,
            -0.009445847943425179,
            0.0770346000790596
        ],
        [
            0.05087709426879883,
            -0.013951878994703293,
            0.07997503876686096
        ],
        [
            0.02317531406879425,
            -0.0693897157907486,
            0.06367724388837814
        ],
        [
            0.01994474232196808,
            -0.07034523785114288,
            0.05898169055581093
        ],
        [
            0.017851674929261208,
            -0.07334348559379578,
            0.06068136543035507
        ],
        [
            0.021082816645503044,
            -0.072789765894413,
            0.0654059574007988
        ],
        [
            0.031180130317807198,
            -0.05539589747786522,
            0.04249973222613335
        ],
        [
            0.03408199921250343,
            -0.058440644294023514,
            0.03773742914199829
        ],
        [
            0.031932372599840164,
            -0.06347563117742538,
            0.04162321239709854
        ],
        [
            0.029847532510757446,
            -0.06000450626015663,
            0.04597172513604164
        ],
        [
            0.03881658613681793,
            -0.06364914774894714,
            0.03787193074822426
        ],
        [
            0.036744531244039536,
            -0.06789488345384598,
            0.040919601917266846
        ],
        [
            0.028782811015844345,
            -0.07140324264764786,
            0.06646019965410233
        ],
        [
            0.03464607894420624,
            -0.07620517909526825,
            0.06538983434438705
        ],
        [
            0.041687797755002975,
            -0.06468433141708374,
            0.06093762069940567
        ],
        [
            0.0340634286403656,
            -0.06201096624135971,
            0.060981858521699905
        ],
        [
            0.09603753685951233,
            -0.005394322797656059,
            0.04025020822882652
        ],
        [
            0.09602345526218414,
            0.005424030125141144,
            0.043349090963602066
        ],
        [
            0.08550841361284256,
            0.0010489113628864288,
            0.05350062996149063
        ],
        [
            0.07611164450645447,
            -0.0031678620725870132,
            0.06449329853057861
        ],
        [
            0.06640242040157318,
            -0.007693749852478504,
            0.07363686710596085
        ],
        [
            0.06797081232070923,
            -0.01963125355541706,
            0.07154623419046402
        ],
        [
            0.08590119332075119,
            0.009302308782935143,
            0.05422287434339523
        ],
        [
            0.04211057350039482,
            -0.04813293740153313,
            0.058716289699077606
        ],
        [
            0.04779088497161865,
            -0.0548701174557209,
            0.0564768984913826
        ],
        [
            0.04919265955686569,
            -0.04859910160303116,
            0.05915340036153793
        ],
        [
            0.06239164620637894,
            0.00541653111577034,
            0.03203684091567993
        ],
        [
            0.02725720964372158,
            -0.08119963854551315,
            0.0484759658575058
        ],
        [
            0.11054651439189911,
            -0.01856376975774765,
            0.0002644099295139313
        ],
        [
            0.11527704447507858,
            -0.011162005364894867,
            0.010770164430141449
        ],
        [
            0.10863246768712997,
            -0.015846911817789078,
            0.014097172766923904
        ],
        [
            0.10241615772247314,
            -0.023721836507320404,
            0.0017846524715423584
        ],
        [
            0.019826186820864677,
            -0.0732748731970787,
            0.05275740474462509
        ],
        [
            0.02235349267721176,
            -0.07730160653591156,
            0.04864184185862541
        ],
        [
            0.044116053730249405,
            -0.004478754475712776,
            0.06576362252235413
        ],
        [
            0.04094809293746948,
            -0.00910799577832222,
            0.06984636932611465
        ],
        [
            0.04155546799302101,
            -0.00804583914577961,
            0.07332315295934677
        ],
        [
            0.042928263545036316,
            -0.0011846097186207771,
            0.07006289809942245
        ],
        [
            0.09626740217208862,
            0.011471301317214966,
            0.043392691761255264
        ],
        [
            0.05883125960826874,
            0.012852305546402931,
            0.07603597640991211
        ],
        [
            0.06378767639398575,
            0.0028855400159955025,
            0.07830921560525894
        ],
        [
            0.10514870285987854,
            0.008805133402347565,
            0.03437675163149834
        ],
        [
            0.10576437413692474,
            -0.000752422958612442,
            0.031958937644958496
        ],
        [
            0.11275601387023926,
            0.003096785396337509,
            0.026253968477249146
        ],
        [
            0.0599575936794281,
            -0.03245318681001663,
            0.06923936307430267
        ],
        [
            0.09397624433040619,
            -0.013773633167147636,
            0.038756079971790314
        ],
        [
            0.1039421483874321,
            -0.00794924609363079,
            0.029768317937850952
        ],
        [
            0.11224738508462906,
            -0.003705967217683792,
            0.022882305085659027
        ],
        [
            0.1186574250459671,
            -0.0003330223262310028,
            0.01867816224694252
        ],
        [
            0.11847628653049469,
            0.006813500076532364,
            0.02273927628993988
        ],
        [
            0.035718973726034164,
            -0.0802299827337265,
            0.06114642322063446
        ],
        [
            0.03092280589044094,
            -0.08009267598390579,
            0.06704723834991455
        ],
        [
            0.12621551752090454,
            0.010668482631444931,
            0.019807130098342896
        ],
        [
            0.12560535967350006,
            0.0026955530047416687,
            0.014959324151277542
        ],
        [
            0.10162121057510376,
            -0.016034452244639397,
            0.025846805423498154
        ],
        [
            0.0974261686205864,
            -0.02528253383934498,
            0.019637536257505417
        ],
        [
            0.09189434349536896,
            -0.021230705082416534,
            0.034562330693006516
        ],
        [
            0.08723359555006027,
            -0.03089435212314129,
            0.02939465455710888
        ],
        [
            0.06335646659135818,
            -0.04040592163801193,
            0.06354710459709167
        ],
        [
            0.01719049923121929,
            -0.0885886400938034,
            0.07534490525722504
        ],
        [
            0.023535525426268578,
            -0.08040930330753326,
            0.07089564204216003
        ],
        [
            0.019106674939393997,
            -0.07730381935834885,
            0.0686570256948471
        ],
        [
            0.014275457710027695,
            -0.08544610440731049,
            0.0751347467303276
        ],
        [
            0.02600644901394844,
            -0.07508477568626404,
            0.06794321537017822
        ],
        [
            0.027396462857723236,
            -0.08428889513015747,
            0.0690484493970871
        ],
        [
            0.0790892094373703,
            -0.03993670642375946,
            0.01847222074866295
        ],
        [
            0.03434523567557335,
            -0.043011173605918884,
            0.05602799728512764
        ],
        [
            0.08758015930652618,
            -0.03330308571457863,
            0.004761476069688797
        ],
        [
            0.0644608587026596,
            -0.048375748097896576,
            0.008517002686858177
        ],
        [
            0.06936489045619965,
            -0.041317928582429886,
            -0.002413243055343628
        ],
        [
            0.09509393572807312,
            -0.026153478771448135,
            -0.010279793292284012
        ],
        [
            0.07886546850204468,
            -0.032492298632860184,
            -0.01352115347981453
        ],
        [
            0.11071489751338959,
            -0.016682107001543045,
            -0.012282561510801315
        ],
        [
            0.10365131497383118,
            -0.021262064576148987,
            -0.009551402181386948
        ],
        [
