{
    "pred_cam": [
        7.032975196838379,
        -0.06694075465202332,
        0.03232744708657265
    ],
    "pred_mano_params": {
        "global_orient": [
            [
                [
                    0.2864428460597992,
                    0.9427090287208557,
                    -0.1710270494222641
                ],
                [
                    0.6260442137718201,
                    -0.3192908763885498,
                    -0.7114225029945374
                ],
                [
                    -0.7252717614173889,
                    0.09671138972043991,
                    -0.6816360950469971
                ]
            ]
        ],
        "hand_pose": [
            [
                [
                    0.9819298982620239,
                    -0.17552730441093445,
                    0.07073788344860077
                ],
                [
                    0.17352214455604553,
                    0.9842564463615417,
                    0.03360680490732193
                ],
                [
                    -0.07552312314510345,
                    -0.020724937319755554,
                    0.9969286918640137
                ]
            ],
            [
                [
                    0.6649373173713684,
                    -0.74671870470047,
                    -0.016416415572166443
                ],
                [
                    0.6954443454742432,
                    0.6269961595535278,
                    -0.35104525089263916
                ],
                [
                    0.27242511510849,
                    0.2220063954591751,
                    0.9362144470214844
                ]
            ],
            [
                [
                    0.8494811654090881,
                    -0.5210736989974976,
                    0.0828491747379303
                ],
                [
                    0.5192930102348328,
                    0.8534899353981018,
                    0.04347087815403938
                ],
                [
                    -0.0933624655008316,
                    0.00609530508518219,
                    0.9956135153770447
                ]
            ],
            [
                [
                    0.7470933794975281,
                    -0.6628109812736511,
                    0.050330035388469696
                ],
                [
                    0.6582590341567993,
                    0.7482393383979797,
                    0.08266143500804901
                ],
                [
                    -0.09244782477617264,
                    -0.0286256056278944,
                    0.9953059554100037
                ]
            ],
            [
                [
                    0.7978726625442505,
                    -0.5387548208236694,
                    -0.2704487442970276
                ],
                [
                    0.5652182102203369,
                    0.8245656490325928,
                    0.02489723265171051
                ],
                [
                    0.20958924293518066,
                    -0.17272737622261047,
                    0.962412416934967
                ]
            ],
            [
                [
                    0.8770144581794739,
                    -0.4502538740634918,
                    0.16768108308315277
                ],
                [
                    0.4561847746372223,
                    0.8898780941963196,
                    0.003520555328577757
                ],
                [
                    -0.15080086886882782,
                    0.07340599596500397,
                    0.9858348965644836
                ]
            ],
            [
                [
                    0.3002990186214447,
                    -0.9341457486152649,
                    -0.1928526610136032
                ],
                [
                    0.8535540699958801,
                    0.1729286015033722,
                    0.49146828055381775
                ],
                [
                    -0.42575329542160034,
                    -0.31219765543937683,
                    0.849274218082428
                ]
            ],
            [
                [
                    0.9352344274520874,
                    -0.3487052321434021,
                    -0.06116611137986183
                ],
                [
                    0.3371051251888275,
                    0.9299142360687256,
                    -0.1470363289117813
                ],
                [
                    0.10815156996250153,
                    0.11689402163028717,
                    0.9872381091117859
                ]
            ],
            [
                [
                    0.9692484140396118,
                    -0.10021483153104782,
                    0.22475461661815643
                ],
                [
                    -0.0434979684650898,
                    0.8291715383529663,
                    0.5572993755340576
                ],
                [
                    -0.2422097623348236,
                    -0.5499377846717834,
                    0.7993140816688538
                ]
            ],
            [
                [
                    0.4626917541027069,
                    -0.8864741325378418,
                    -0.008944104425609112
                ],
                [
                    0.8844084143638611,
                    0.4608706831932068,
                    0.07362055778503418
                ],
                [
                    -0.06114064157009125,
                    -0.04197385907173157,
                    0.9972462058067322
                ]
            ],
            [
                [
                    0.9474863409996033,
                    -0.2776680886745453,
                    -0.15865063667297363
                ],
                [
                    0.3181348443031311,
                    0.8688985705375671,
                    0.3792170584201813
                ],
                [
                    0.03255481645464897,
                    -0.4097752869129181,
                    0.9116054177284241
                ]
            ],
            [
                [
                    0.8467835783958435,
                    -0.43735623359680176,
                    0.30278223752975464
                ],
                [
                    0.3493788242340088,
                    0.8864973187446594,
                    0.3034089505672455
                ],
                [
                    -0.4011134207248688,
                    -0.15113601088523865,
                    0.9034743905067444
                ]
            ],
            [
                [
                    0.9618412852287292,
                    -0.036063529551029205,
                    0.2712209224700928
                ],
                [
                    0.27101632952690125,
                    0.26169267296791077,
                    -0.9263191223144531
                ],
                [
                    -0.03757018223404884,
                    0.9644772410392761,
                    0.2614806294441223
                ]
            ],
            [
                [
                    0.9449233412742615,
                    -0.3193390369415283,
                    0.07171084731817245
                ],
                [
                    0.2649206519126892,
                    0.8749276995658875,
                    0.4053622782230377
                ],
                [
                    -0.19218981266021729,
                    -0.3640385866165161,
                    0.9113391041755676
                ]
            ],
            [
                [
                    0.8251388669013977,
                    -0.2784033417701721,
                    -0.4915663003921509
                ],
                [
                    -0.09462475031614304,
                    0.7897326946258545,
                    -0.6061091423034668
                ],
                [
                    0.5569489002227783,
                    0.546638548374176,
                    0.6252952814102173
                ]
            ]
        ],
        "betas": [
            -0.034134119749069214,
            -0.06124565005302429,
            -0.07203406095504761,
            -0.12674251198768616,
            -0.043021202087402344,
            -0.062248192727565765,
            0.0462319552898407,
            -0.005283564329147339,
            -0.002927437424659729,
            -0.08805245161056519
        ]
    },
    "pred_cam_t": [
        -0.06694075465202332,
        0.03232744708657265,
        5.554192543029785
    ],
    "focal_length": [
        5000.0,
        5000.0
    ],
    "pred_keypoints_3d": [
        [
            0.09591643512248993,
            0.006380317732691765,
            0.006222791038453579
        ],
        [
            0.06995889544487,
            -0.022105658426880836,
            0.004670946858823299
        ],
        [
            0.039496950805187225,
            -0.026826493442058563,
            0.005891165696084499
        ],
        [
            0.012919295579195023,
            -0.027527619153261185,
            0.01150397676974535
        ],
        [
            -0.010208718478679657,
            -0.021856050938367844,
            0.03713027760386467
        ],
        [
            0.0622311532497406,
            -0.06186550855636597,
            0.05562444403767586
        ],
        [
            0.050529103726148605,
            -0.08514701575040817,
            0.07601580023765564
        ],
        [
            0.030675822868943214,
            -0.08261064440011978,
            0.08573795855045319
        ],
        [
            0.008451081812381744,
            -0.07157984375953674,
            0.08849029242992401
        ],
        [
            0.06795331835746765,
            -0.0501142218708992,
            0.07717037945985794
        ],
        [
            0.04273601993918419,
            -0.05751940980553627,
            0.0951557457447052
        ],
        [
            0.021916162222623825,
            -0.048035383224487305,
            0.09989552944898605
        ],
        [
            -0.0011080354452133179,
            -0.037285760045051575,
            0.0965665876865387
        ],
        [
            0.07331058382987976,
            -0.02463812194764614,
            0.08346999436616898
        ],
        [
            0.046409279108047485,
            -0.023730456829071045,
            0.09431421011686325
        ],
        [
            0.024647777900099754,
            -0.01157609187066555,
            0.09480153769254684
        ],
        [
            0.0013208761811256409,
            -0.0069282324984669685,
            0.08696536719799042
        ],
        [
            0.07419075816869736,
            -0.002810673788189888,
            0.08475764840841293
        ],
        [
            0.05442328751087189,
            0.004507596604526043,
            0.08707466721534729
        ],
        [
            0.03797464817762375,
            0.013939332216978073,
            0.08552227914333344
        ],
        [
            0.019076814875006676,
            0.020218776538968086,
            0.07635845243930817
        ]
    ],
    "pred_vertices": [
        [
            0.06119108200073242,
            -0.03146980702877045,
            0.029536686837673187
        ],
        [
            0.06278592348098755,
            -0.024520114064216614,
            0.022878497838974
        ],
        [
            0.054094139486551285,
            -0.028107933700084686,
            0.02281854674220085
        ],
        [
            0.05398238077759743,
            -0.03755458444356918,
            0.028483225032687187
        ],
        [
            0.056677065789699554,
            -0.008484359830617905,
            0.010088007897138596
        ],
        [
            0.05737981200218201,
            -0.008422832936048508,
            -0.0019521377980709076
        ],
        [
            0.04375932365655899,
            -0.012729249894618988,
            0.0012694336473941803
        ],
        [
            0.04478318989276886,
            -0.011180471628904343,
            0.011145265772938728
        ],
        [
            0.048530980944633484,
            -0.042128805071115494,
            0.027480075135827065
        ],
        [
            0.04670943319797516,
            -0.030344121158123016,
            0.02287346124649048
        ],
        [
            0.04632469266653061,
            -0.043629392981529236,
            0.024301454424858093
        ],
        [
            0.056979600340127945,
            -0.056940410286188126,
            0.030075307935476303
        ],
        [
            0.05417071282863617,
            -0.05243665724992752,
            0.03252853453159332
        ],
        [
            0.06179429218173027,
            -0.06309747695922852,
            0.036895278841257095
        ],
        [
            0.06647627055644989,
            -0.05732166767120361,
            0.025095582008361816
        ],
        [
            0.07108215987682343,
            -0.0635942742228508,
            0.03944188728928566
        ],
        [
            0.0922195315361023,
            -0.04188384860754013,
            0.039233967661857605
        ],
        [
            0.09684313833713531,
            -0.030451735481619835,
            0.04595911502838135
        ],
        [
            0.09194989502429962,
            -0.0395880825817585,
            0.06000623106956482
        ],
        [
            0.08703185617923737,
            -0.049600183963775635,
            0.05149628221988678
        ],
        [
            0.09478399902582169,
            -0.019464001059532166,
            0.0645311027765274
        ],
        [
            0.09299364686012268,
            -0.031038613989949226,
            0.06284800916910172
        ],
        [
            0.09907500445842743,
            -0.022161679342389107,
            0.04877787455916405
        ],
        [
            0.10004579275846481,
            -0.012160565704107285,
            0.05073860287666321
        ],
        [
            0.07011839002370834,
            -0.017116088420152664,
            0.032983921468257904
        ],
        [
            0.07220455259084702,
            -0.010547839105129242,
            0.0257168747484684
        ],
        [
            0.07017020881175995,
            -0.017146602272987366,
            0.02436891198158264
        ],
        [
            0.06780682504177094,
            -0.022496111690998077,
            0.03097938373684883
        ],
        [
            0.03627227246761322,
            -0.03993690013885498,
            0.011955184862017632
        ],
        [
            0.052651043981313705,
            -0.04663944989442825,
            0.01048152893781662
        ],
        [
            0.050086185336112976,
            -0.04749128222465515,
            0.018204331398010254
        ],
        [
            0.03499207645654678,
            -0.03707992285490036,
            0.01643587462604046
        ],
        [
            0.07439907640218735,
            0.01609821245074272,
            0.011365614831447601
        ],
        [
            0.08313444256782532,
            0.01993858814239502,
            0.0016711801290512085
        ],
        [
            0.08258644491434097,
            0.0150318443775177,
            -0.0016658976674079895
        ],
        [
            0.07528462260961533,
            0.012099537998437881,
            0.008187457919120789
        ],
        [
            0.07358752191066742,
            -0.0021926090121269226,
            -0.007455706596374512
        ],
        [
            0.08134114742279053,
            0.0011218264698982239,
            -0.01268475130200386
        ],
        [
            0.08843483030796051,
            -0.005304872989654541,
            -0.021826565265655518
        ],
        [
            0.0813388004899025,
            -0.01104407012462616,
            -0.017844028770923615
        ],
        [
            0.0655866265296936,
            -0.006069988012313843,
            -0.0034684650599956512
        ],
        [
            0.07031939923763275,
            -0.013417266309261322,
            -0.014002915471792221
        ],
        [
            0.0603925883769989,
            -0.01490413025021553,
            -0.010800428688526154
        ],
        [
            0.044594984501600266,
            -0.018187828361988068,
            -0.006187807768583298
        ],
        [
            0.08750350773334503,
            0.029301822185516357,
            0.009332455694675446
        ],
        [
            0.081264927983284,
            0.0281386598944664,
            0.01741141825914383
        ],
        [
            0.03907550871372223,
            -0.08110775798559189,
            0.06912079453468323
        ],
        [
            0.03982456028461456,
            -0.07648837566375732,
            0.07312322407960892
        ],
        [
            0.041379496455192566,
            -0.07546180486679077,
            0.06990502774715424
        ],
        [
            0.04082811623811722,
            -0.07999157905578613,
            0.06667600572109222
        ],
        [
            0.10122115164995193,
            0.029459772631525993,
            0.024262860417366028
        ],
        [
            0.10994928330183029,
            0.024622853845357895,
            0.025619611144065857
        ],
        [
            0.11106185615062714,
            0.029562190175056458,
            0.02034711092710495
        ],
        [
            0.10268685221672058,
            0.03281667083501816,
            0.01760610193014145
        ],
        [
            0.09928636252880096,
            0.024946996942162514,
            0.033015601336956024
        ],
        [
            0.10779592394828796,
            0.0175798237323761,
            0.03258137032389641
        ],
        [
            0.04507472738623619,
            -0.09128721058368683,
            0.07394658029079437
        ],
        [
            0.04154244065284729,
            -0.08955784142017365,
            0.07033748924732208
        ],
        [
            0.045992106199264526,
            -0.0888366773724556,
            0.06789211928844452
        ],
        [
            0.05067553371191025,
            -0.08976148813962936,
            0.07129590213298798
        ],
        [
            0.05519894137978554,
            -0.04584493115544319,
            0.03431608900427818
        ],
        [
            0.059172242879867554,
            -0.037521690130233765,
            0.036308810114860535
        ],
        [
            0.05347222089767456,
            -0.05645713210105896,
            0.05005957558751106
        ],
        [
            0.05695337429642677,
            -0.04805721342563629,
            0.045028507709503174
        ],
        [
            0.05603380501270294,
            -0.05327158421278,
            0.04013995826244354
        ],
        [
            0.055006157606840134,
            -0.060136184096336365,
            0.04475332796573639
        ],
        [
            0.06573706865310669,
            -0.02720598503947258,
            0.05270679295063019
        ],
        [
            0.06897235661745071,
            -0.02083713188767433,
            0.043431807309389114
        ],
        [
            0.06679922342300415,
            -0.027027951553463936,
            0.04161900654435158
        ],
        [
            0.06224099546670914,
            -0.03493628650903702,
            0.050767675042152405
        ],
        [
            0.07004234939813614,
            -0.0077850669622421265,
            0.04884732887148857
        ],
        [
            0.06737114489078522,
            -0.015269869938492775,
            0.05752817913889885
        ],
        [
            0.068421870470047,
            -0.0069623421877622604,
            0.05936061218380928
        ],
        [
            0.06908039003610611,
            -0.002804849296808243,
            0.05284728482365608
        ],
        [
            0.062659852206707,
            -0.03045409545302391,
            0.07065428793430328
        ],
        [
            0.061221230775117874,
            -0.03453003615140915,
            0.0758834183216095
        ],
        [
            0.06099724769592285,
            -0.03137539327144623,
            0.07620780169963837
        ],
        [
            0.06355956196784973,
            -0.027279432862997055,
            0.0711863785982132
        ],
        [
            0.11312317103147507,
            0.03374767303466797,
            0.014968499541282654
        ],
        [
            0.10432860255241394,
            0.03518913313746452,
            0.010872527956962585
        ],
        [
            0.09395342320203781,
            0.0022305306047201157,
            0.06878141313791275
        ],
        [
            0.08951543271541595,
            0.011958947405219078,
            0.06544191390275955
        ],
        [
            0.08473094552755356,
            0.00788116455078125,
            0.07680124789476395
        ],
        [
            0.09156423062086105,
            -0.0020644888281822205,
            0.07854703068733215
        ],
        [
            0.11500218510627747,
            0.015688348561525345,
            0.024330072104930878
        ],
        [
            0.11756706237792969,
            0.021957576274871826,
            0.020360931754112244
        ],
        [
            0.04881242290139198,
            -0.08970967680215836,
            0.07914023846387863
        ],
        [
            0.05392236262559891,
            -0.08784623444080353,
            0.07657607644796371
        ],
        [
            0.06865476816892624,
            -0.02536293864250183,
            -0.013846900314092636
        ],
        [
            0.04811553284525871,
            -0.02749437838792801,
            -0.009005609899759293
        ],
        [
            0.08262548595666885,
            -0.02100588008761406,
            -0.01702149584889412
        ],
        [
            0.09207101911306381,
            -0.01655690371990204,
            -0.01842837780714035
        ],
        [
            0.09847036004066467,
            -0.011870570480823517,
            -0.021998897194862366
        ],
        [
            0.05698863044381142,
            -0.045608386397361755,
            0.051641881465911865
        ],
        [
            0.06448861956596375,
            -0.029594071209430695,
            0.03642932325601578
        ],
        [
            0.07125277072191238,
            -0.01223936676979065,
            0.03490167483687401
        ],
        [
            0.07083484530448914,
            0.014466715976595879,
            0.05037786439061165
        ],
        [
            0.07292864471673965,
            0.019905615597963333,
            0.041800860315561295
        ],
        [
            0.06944607943296432,
            0.00999598577618599,
            0.03965378180146217
        ],
        [
            0.06891657412052155,
            0.007073458284139633,
            0.04772711917757988
        ],
        [
            0.08061592280864716,
            0.01655011810362339,
            0.06390757858753204
        ],
        [
            0.07338172197341919,
            0.013943854719400406,
            0.0616040974855423
        ],
        [
            0.07183325290679932,
            0.009914861992001534,
            0.06793245673179626
        ],
        [
            0.07795742154121399,
            0.012064578011631966,
            0.07228757441043854
        ],
        [
            0.034996531903743744,
            -0.03990040719509125,
            0.004269195720553398
        ],
        [
            0.0539923794567585,
            -0.044523488730192184,
            0.0030472539365291595
        ],
        [
            0.09133955836296082,
            0.031287163496017456,
            0.02081984281539917
        ],
        [
            0.09347481280565262,
            0.032404638826847076,
            0.013340115547180176
        ],
        [
            0.09798397123813629,
            0.034604690968990326,
            0.0064310356974601746
        ],
        [
            0.07285722345113754,
            0.001552000641822815,
            0.017902500927448273
        ],
        [
            0.07592282444238663,
            0.009225893765687943,
            0.006057262420654297
        ],
        [
            0.07514619827270508,
            0.004986036568880081,
            0.004832349717617035
        ],
        [
            0.07359079271554947,
            -0.0027055926620960236,
            0.01737387478351593
        ],
        [
            0.06525702774524689,
            -0.014704599976539612,
            0.018010471016168594
        ],
        [
            0.06701215356588364,
            -0.005840219557285309,
            0.008599720895290375
        ],
        [
            0.0552544966340065,
            -0.016033034771680832,
            0.019236868247389793
        ],
        [
            0.0826413482427597,
            0.009253725409507751,
            -0.0073661282658576965
        ],
        [
            0.08713292330503464,
            0.019100837409496307,
            -0.010075248777866364
        ],
        [
            0.08710899204015732,
            0.0119713693857193,
            -0.01540636271238327
        ],
        [
            0.08975562453269958,
            0.026407454162836075,
            -0.004060670733451843
        ],
        [
            0.09328602254390717,
            0.032139234244823456,
            0.0017866119742393494
        ],
        [
            0.1228855550289154,
            0.02702050283551216,
            0.015979722142219543
        ],
        [
            0.08796533197164536,
            0.004650697112083435,
            -0.01926303282380104
        ],
        [
            0.036600470542907715,
            -0.014603063464164734,
            0.01157691515982151
        ],
        [
            0.028590522706508636,
            -0.016788259148597717,
            0.011029744520783424
        ],
        [
            0.0304135512560606,
            -0.021651584655046463,
            0.017190923914313316
        ],
        [
            0.038214877247810364,
            -0.0199008546769619,
            0.018425971269607544
        ],
        [
            0.06422307342290878,
            -0.06897678226232529,
            0.044647179543972015
        ],
        [
            0.05774885043501854,
            -0.06548318266868591,
            0.04366582632064819
        ],
        [
            0.05722133815288544,
            -0.058914657682180405,
            0.03610847145318985
        ],
        [
            0.07168339937925339,
            0.01506417989730835,
            0.02260805293917656
        ],
        [
            0.07746618986129761,
            0.025344952940940857,
            0.027228176593780518
        ],
        [
            0.053598176687955856,
            -0.05497708171606064,
            0.05673709511756897
        ],
        [
            0.055235881358385086,
            -0.08810588717460632,
            0.06913056969642639
        ],
        [
            0.05063740909099579,
            -0.08751249313354492,
            0.06489015370607376
        ],
        [
            0.06063070148229599,
            -0.07799191772937775,
            0.055201057344675064
        ],
        [
            0.06541872769594193,
            -0.07877948880195618,
            0.05998159572482109
        ],
        [
            0.05641937255859375,
            -0.05978094041347504,
            0.06654848158359528
        ],
        [
            0.052949048578739166,
            -0.059700384736061096,
            0.06086735799908638
        ],
        [
            0.053070537745952606,
            -0.0621679350733757,
            0.06317779421806335
        ],
        [
            0.05475155636668205,
            -0.06247158348560333,
            0.06942655146121979
        ],
        [
            0.06297275424003601,
            -0.022179849445819855,
            0.0758020281791687
        ],
        [
            0.06496073305606842,
            -0.018862372264266014,
            0.07158728688955307
        ],
        [
            0.07898753881454468,
            -0.05542297288775444,
            0.06371448934078217
        ],
        [
            0.0794413760304451,
            -0.06449717283248901,
            0.05330304428935051
        ],
        [
            0.08111110329627991,
            -0.05852510407567024,
            0.043867893517017365
        ],
        [
            0.06723783910274506,
            -0.020198967307806015,
            0.054865285754203796
        ],
        [
            0.06448104232549667,
            -0.02521313913166523,
            0.06351874768733978
        ],
        [
            0.06536227464675903,
            -0.021502399817109108,
            0.06490679830312729
        ],
        [
            0.0572856105864048,
            -0.045522674918174744,
            0.056499771773815155
        ],
        [
            0.05533035844564438,
            -0.052265800535678864,
            0.06186920031905174
        ],
        [
            0.05845976248383522,
            -0.04637365788221359,
            0.061872415244579315
        ],
        [
            0.059859782457351685,
            -0.040530767291784286,
            0.05753311142325401
        ],
        [
            0.09419403970241547,
            0.017084773629903793,
            0.05416954308748245
        ],
        [
            0.08383654057979584,
            0.022462574765086174,
            0.05303093418478966
        ],
        [
            0.039546575397253036,
            -0.08579432964324951,
            0.06844590604305267
        ],
        [
            0.04250014200806618,
            -0.08497753739356995,
            0.06589297950267792
        ],
        [
            0.07028425484895706,
            -0.01409483328461647,
            0.04572344943881035
        ],
        [
            0.0842810869216919,
            -0.05018597096204758,
            0.03290770947933197
        ],
        [
            0.07189875096082687,
            -0.007093418389558792,
            0.036922112107276917
        ],
        [
            0.08118847012519836,
            -0.018014375120401382,
            0.08215318620204926
        ],
        [
            0.07294847071170807,
            -0.012922141700983047,
            0.08172844350337982
        ],
        [
            0.06992106139659882,
            -0.015279673039913177,
            0.0839342400431633
        ],
        [
            0.07410764694213867,
            -0.01950533501803875,
            0.08632229268550873
        ],
        [
            0.04930140823125839,
            -0.07092317193746567,
            0.07798931747674942
        ],
        [
            0.04488709941506386,
            -0.0714673101902008,
            0.07409638166427612
        ],
        [
            0.0437784381210804,
            -0.07242828607559204,
            0.07482156902551651
        ],
        [
            0.04775061085820198,
            -0.0725831538438797,
            0.07937280833721161
        ],
        [
            0.05236516147851944,
            -0.06199052557349205,
            0.05543592572212219
        ],
        [
            0.05379519611597061,
            -0.06556305289268494,
            0.05023782327771187
        ],
        [
            0.05197286605834961,
            -0.06928656250238419,
            0.054846297949552536
        ],
        [
            0.05171588808298111,
            -0.06533198058605194,
            0.05932246521115303
        ],
        [
            0.05794641003012657,
            -0.0708574503660202,
            0.04936514422297478
        ],
        [
            0.055863868445158005,
            -0.07428314536809921,
            0.05321553349494934
        ],
        [
            0.054540473967790604,
            -0.07406555116176605,
            0.0802030861377716
        ],
        [
            0.05818677321076393,
            -0.08062414079904556,
            0.07877424359321594
        ],
        [
            0.06649518758058548,
            -0.07081764191389084,
            0.07129785418510437
        ],
        [
            0.0601218156516552,
            -0.06666096299886703,
            0.07309611141681671
        ],
        [
            0.10651637613773346,
            -0.0056817494332790375,
            0.038328759372234344
        ],
        [
            0.10578478872776031,
            0.004881430417299271,
            0.041880540549755096
        ],
        [
            0.09952099621295929,
            -0.001309473067522049,
            0.05450987443327904
        ],
        [
            0.09437327086925507,
            -0.007314302027225494,
            0.06789274513721466
        ],
        [
            0.08824840933084488,
            -0.013623155653476715,
            0.0793580412864685
        ],
        [
            0.09102704375982285,
            -0.025399649515748024,
            0.07670522481203079
        ],
        [
            0.09890979528427124,
            0.0068899355828762054,
            0.05546778440475464
        ],
        [
            0.0656234472990036,
            -0.05552271381020546,
            0.06788531690835953
        ],
        [
            0.07216153293848038,
            -0.0625685453414917,
            0.06505651772022247
        ],
        [
            0.07221047580242157,
            -0.05636395514011383,
            0.06746818125247955
        ],
        [
            0.07098438590765,
            -0.0003347471356391907,
            0.04003100097179413
        ],
        [
            0.04673938453197479,
            -0.08439389616250992,
            0.0630713701248169
        ],
        [
            0.11105108261108398,
            -0.01593916118144989,
            -0.004581928253173828
        ],
        [
            0.11729900538921356,
            -0.007885213941335678,
            0.004501707851886749
        ],
        [
            0.11263702809810638,
            -0.013657107949256897,
            0.009251587092876434
        ],
        [
            0.10445448756217957,
            -0.022467732429504395,
            -0.001190871000289917
        ],
        [
            0.04245277866721153,
            -0.07491118460893631,
            0.06847348064184189
        ],
        [
            0.04315764456987381,
            -0.0793967992067337,
            0.06393853574991226
        ],
        [
            0.064564548432827,
            -0.013055847957730293,
            0.07423584163188934
        ],
        [
            0.06321083754301071,
            -0.01678590103983879,
            0.07806546241044998
        ],
        [
            0.06445380300283432,
            -0.014296610839664936,
            0.08071725070476532
        ],
        [
            0.06372468173503876,
            -0.009209326468408108,
            0.07781258225440979
        ],
        [
            0.10514223575592041,
            0.010858412832021713,
            0.04218512400984764
        ],
        [
            0.07768493890762329,
            0.007237609475851059,
            0.08143486082553864
        ],
        [
            0.08402230590581894,
            -0.0027526384219527245,
            0.08399882912635803
        ],
        [
            0.11124607920646667,
            0.00978885218501091,
            0.030871883034706116
        ],
        [
            0.11259651929140091,
            0.0005579367280006409,
            0.027895066887140274
        ],
        [
            0.11701633781194687,
            0.00552927702665329,
            0.02070886641740799
        ],
        [
            0.08395324647426605,
            -0.03879207745194435,
            0.07535544782876968
        ],
        [
            0.10541251301765442,
            -0.014203406870365143,
            0.03701663017272949
        ],
        [
            0.11137747764587402,
            -0.00676032155752182,
            0.0259300135076046
        ],
        [
            0.11662557721138,
            -0.0011640414595603943,
            0.017282549291849136
        ],
        [
            0.12102176249027252,
            0.0032204315066337585,
            0.011692352592945099
        ],
        [
            0.12088324129581451,
            0.010142859071493149,
            0.015970192849636078
        ],
        [
            0.0576065368950367,
            -0.0851927101612091,
            0.07437894493341446
        ],
        [
            0.05440661311149597,
            -0.08291143923997879,
            0.08169431984424591
        ],
        [
            0.12680278718471527,
            0.015213582664728165,
            0.01124381273984909
        ],
        [
            0.1260959506034851,
            0.007361467927694321,
            0.006370283663272858
        ],
        [
            0.10930565744638443,
            -0.015005659312009811,
            0.022380799055099487
        ],
        [
            0.10489611327648163,
            -0.024860989302396774,
            0.0171222947537899
        ],
        [
            0.10338476300239563,
            -0.021789679303765297,
            0.033169735223054886
        ],
        [
            0.09890972077846527,
            -0.032030146569013596,
            0.028988510370254517
        ],
        [
            0.08801817893981934,
            -0.04748152196407318,
            0.06988923251628876
        ],
        [
            0.038546741008758545,
            -0.08208932727575302,
            0.09095568209886551
        ],
        [
            0.04794372618198395,
            -0.0794566348195076,
            0.08591985702514648
        ],
        [
            0.045592330396175385,
            -0.07495752722024918,
            0.08296051621437073
        ],
        [
            0.0381728857755661,
            -0.07794271409511566,
            0.0898963063955307
        ],
        [
            0.05163917317986488,
            -0.0760771855711937,
            0.08205600827932358
        ],
        [
            0.049529507756233215,
            -0.08470768481492996,
            0.08450402319431305
        ],
        [
            0.0887954905629158,
            -0.04202813655138016,
            0.020308468490839005
        ],
        [
            0.0580647811293602,
            -0.05102599039673805,
            0.06644169241189957
        ],
        [
            0.09202582389116287,
            -0.03423997014760971,
            0.0051703788340091705
        ],
        [
            0.07228164374828339,
            -0.05134029686450958,
            0.014274273067712784
        ],
        [
            0.07310056686401367,
            -0.04357007145881653,
            0.0028705261647701263
        ],
        [
            0.09436075389385223,
            -0.025875024497509003,
            -0.010867945849895477
        ],
        [
            0.07850516587495804,
            -0.03371565788984299,
            -0.009847618639469147
        ],
        [
            0.10747848451137543,
            -0.013980433344841003,
            -0.01647353544831276
        ],
        [
            0.10216633975505829,
            -0.01972528174519539,
            -0.012208178639411926
        ],
        [
            0.06028587743639946,
            -0.036900416016578674,
            -0.007408570498228073
        ],
