{
    "pred_cam": [
        7.31775426864624,
        0.13944141566753387,
        0.023193787783384323
    ],
    "pred_mano_params": {
        "global_orient": [
            [
                [
                    -0.8424124717712402,
                    -0.012277409434318542,
                    -0.5386932492256165
                ],
                [
                    0.49594646692276,
                    -0.40852391719818115,
                    -0.7662540078163147
                ],
                [
                    -0.21066154539585114,
                    -0.9126650094985962,
                    0.3502345681190491
                ]
            ]
        ],
        "hand_pose": [
            [
                [
                    0.9587571620941162,
                    -0.2821134924888611,
                    -0.034593742340803146
                ],
                [
                    0.2835041880607605,
                    0.9578827023506165,
                    0.045673470944166183
                ],
                [
                    0.020251644775271416,
                    -0.053597234189510345,
                    0.9983572363853455
                ]
            ],
            [
                [
                    0.7569078207015991,
                    -0.6310092210769653,
                    0.17005272209644318
                ],
                [
                    0.6526481509208679,
                    0.7164075374603271,
                    -0.2465982437133789
                ],
                [
                    0.03377871960401535,
                    0.2976367175579071,
                    0.9540814757347107
                ]
            ],
            [
                [
                    0.8776292204856873,
                    -0.4445306360721588,
                    0.17933034896850586
                ],
                [
                    0.40964508056640625,
                    0.8898314833641052,
                    0.20097456872463226
                ],
                [
                    -0.24891315400600433,
                    -0.10291936248540878,
                    0.9630419015884399
                ]
            ],
            [
                [
                    0.9923310279846191,
                    -0.11801333725452423,
                    0.03676978498697281
                ],
                [
                    0.11808896064758301,
                    0.9930030703544617,
                    0.0001161899563157931
                ],
                [
                    -0.036526214331388474,
                    0.0042268056422472,
                    0.999323844909668
                ]
            ],
            [
                [
                    0.49873217940330505,
                    -0.8430827260017395,
                    -0.20119081437587738
                ],
                [
                    0.8637633919715881,
                    0.4641631841659546,
                    0.19612568616867065
                ],
                [
                    -0.0719648078083992,
                    -0.27159547805786133,
                    0.9597170948982239
                ]
            ],
            [
                [
                    0.7248920202255249,
                    -0.6695359349250793,
                    0.1620282232761383
                ],
                [
                    0.6729013919830322,
                    0.7385693192481995,
                    0.041460875421762466
                ],
                [
                    -0.14742863178253174,
                    0.07897437363862991,
                    0.9859146475791931
                ]
            ],
            [
                [
                    0.9862463474273682,
                    -0.15592166781425476,
                    -0.054832372814416885
                ],
                [
                    0.14372804760932922,
                    0.9728707075119019,
                    -0.18128657341003418
                ],
                [
                    0.08161132037639618,
                    0.17091228067874908,
                    0.9819005131721497
                ]
            ],
            [
                [
                    0.7521262764930725,
                    -0.6568190455436707,
                    0.05380277708172798
                ],
                [
                    0.4876151978969574,
                    0.6095686554908752,
                    0.6250258684158325
                ],
                [
                    -0.4433254301548004,
                    -0.4438633620738983,
                    0.77874755859375
                ]
            ],
            [
                [
                    0.776811957359314,
                    -0.6232998371124268,
                    0.08978033810853958
                ],
                [
                    0.503361701965332,
                    0.7002524733543396,
                    0.5062345266342163
                ],
                [
                    -0.378404825925827,
                    -0.3480570316314697,
                    0.8577097654342651
                ]
            ],
            [
                [
                    0.9695212244987488,
                    -0.13938578963279724,
                    -0.2014949768781662
                ],
                [
                    0.10824494808912277,
                    0.9814711809158325,
                    -0.15810507535934448
                ],
                [
                    0.21979914605617523,
                    0.13147540390491486,
                    0.9666449427604675
                ]
            ],
            [
                [
                    0.5624692440032959,
                    -0.8216349482536316,
                    -0.09243622422218323
                ],
                [
                    0.7199450731277466,
                    0.43171969056129456,
                    0.5434126257896423
                ],
                [
                    -0.40658023953437805,
                    -0.3722018897533417,
                    0.8343610763549805
                ]
            ],
            [
                [
                    0.6660082340240479,
                    -0.7427487969398499,
                    0.06897260993719101
                ],
                [
                    0.7138258218765259,
                    0.6614413261413574,
                    0.23010434210300446
                ],
                [
                    -0.21653106808662415,
                    -0.10401695966720581,
                    0.9707186222076416
                ]
            ],
            [
                [
                    0.9538381099700928,
                    0.19335363805294037,
                    -0.2297981083393097
                ],
                [
                    -0.2942062318325043,
                    0.7552220821380615,
                    -0.5857321619987488
                ],
                [
                    0.06029514968395233,
                    0.6263017654418945,
                    0.7772454619407654
                ]
            ],
            [
                [
                    0.9178563952445984,
                    -0.3245834708213806,
                    -0.22844073176383972
                ],
                [
                    0.3876536190509796,
                    0.8566755652427673,
                    0.3403405249118805
                ],
                [
                    0.08523067086935043,
                    -0.40093961358070374,
                    0.912131130695343
                ]
            ],
            [
                [
                    0.692901074886322,
                    -0.7057273387908936,
                    0.1477736383676529
                ],
                [
                    0.7075110077857971,
                    0.6259699463844299,
                    -0.32800889015197754
                ],
                [
                    0.13898296654224396,
                    0.3318291902542114,
                    0.9330450892448425
                ]
            ]
        ],
        "betas": [
            -0.09302279353141785,
            -0.15303093194961548,
            0.09589582681655884,
            -0.08418044447898865,
            0.07033681869506836,
            0.02310553938150406,
            0.0720767229795456,
            -0.040791600942611694,
            0.037786513566970825,
            -0.046570807695388794
        ]
    },
    "pred_cam_t": [
        -0.13944141566753387,
        0.023193787783384323,
        5.3380446434021
    ],
    "focal_length": [
        5000.0,
        5000.0
    ],
    "pred_keypoints_3d": [
        [
            0.09611165523529053,
            0.00641409307718277,
            0.006252078805118799
        ],
        [
            0.10261058807373047,
            -0.019129153341054916,
            0.03460577875375748
        ],
        [
            0.11329012364149094,
            -0.041696082800626755,
            0.0527009591460228
        ],
        [
            0.13291899859905243,
            -0.054311353713274,
            0.0665905550122261
        ],
        [
            0.14448726177215576,
            -0.05469786375761032,
            0.09835346043109894
        ],
        [
            0.15948781371116638,
            -0.05117136985063553,
            0.03691137582063675
        ],
        [
            0.18627744913101196,
            -0.06619492918252945,
            0.049199335277080536
        ],
        [
            0.1961269974708557,
            -0.06312752515077591,
            0.06891509145498276
        ],
        [
            0.19725023210048676,
            -0.05673423409461975,
            0.09268074482679367
        ],
        [
            0.17808058857917786,
            -0.037516720592975616,
            0.02645316906273365
        ],
        [
            0.2070150375366211,
            -0.04900377243757248,
            0.033267855644226074
        ],
        [
            0.2140675187110901,
            -0.04222995042800903,
            0.05451473593711853
        ],
        [
            0.20711976289749146,
            -0.03399638459086418,
            0.07739553600549698
        ],
        [
            0.17991285026073456,
            -0.012167256325483322,
            0.017718680202960968
        ],
        [
            0.2084522694349289,
            -0.017126064747571945,
            0.019761843606829643
        ],
        [
            0.21682167053222656,
            -0.010629954747855663,
            0.0422884002327919
        ],
        [
            0.2091958224773407,
            -0.006533805280923843,
            0.06564739346504211
        ],
        [
            0.17800012230873108,
            0.009519629180431366,
            0.014682753011584282
        ],
        [
            0.1990789771080017,
            0.012056376785039902,
            0.013429161161184311
        ],
        [
            0.20960354804992676,
            0.016987640410661697,
            0.02853643335402012
        ],
        [
            0.20673874020576477,
            0.018485751003026962,
            0.046719927340745926
        ]
    ],
    "pred_vertices": [
        [
            0.1295166015625,
            -0.0238167904317379,
            0.0377618782222271
        ],
        [
            0.12123562395572662,
            -0.01731182262301445,
            0.037145063281059265
        ],
        [
            0.12414854764938354,
            -0.025285452604293823,
            0.04416254907846451
        ],
        [
            0.13081061840057373,
            -0.031162774190306664,
            0.04397446662187576
        ],
        [
            0.1077483519911766,
            -0.014344673603773117,
            0.05179864913225174
        ],
        [
            0.09585659205913544,
            -0.017683610320091248,
            0.05367488041520119
        ],
        [
            0.10551896691322327,
            -0.029952064156532288,
            0.06129833683371544
        ],
        [
            0.11420047283172607,
            -0.02474413812160492,
            0.05909431725740433
        ],
        [
            0.13193945586681366,
            -0.03873394429683685,
            0.04693814739584923
        ],
        [
            0.12663763761520386,
            -0.031840067356824875,
            0.04932107776403427
        ],
        [
            0.130141019821167,
            -0.04382314905524254,
            0.04430019482970238
        ],
        [
            0.13526390492916107,
            -0.05198917165398598,
            0.038555219769477844
        ],
        [
            0.13705600798130035,
            -0.04587966948747635,
            0.04342425987124443
        ],
        [
            0.14177149534225464,
            -0.056078873574733734,
            0.036387622356414795
        ],
        [
            0.12875327467918396,
            -0.053293563425540924,
            0.029327858239412308
        ],
        [
            0.14285436272621155,
            -0.05666878819465637,
            0.026926690712571144
        ],
        [
            0.13553518056869507,
            -0.03625550493597984,
            0.0076713841408491135
        ],
        [
            0.13959325850009918,
            -0.02476547472178936,
            0.001941140741109848
        ],
        [
            0.1542699784040451,
            -0.03093332052230835,
            0.005949858576059341
        ],
        [
            0.14903591573238373,
            -0.041712306439876556,
            0.012057367712259293
        ],
        [
            0.15445971488952637,
            -0.010864662006497383,
            0.0009815897792577744
        ],
        [
            0.15544265508651733,
            -0.022322770208120346,
            0.0036031100898981094
        ],
        [
            0.14067000150680542,
            -0.01643558405339718,
            -0.0014370698481798172
        ],
        [
            0.14076179265975952,
            -0.006288411095738411,
            -0.0034495647996664047
        ],
        [
            0.12951922416687012,
            -0.010298380628228188,
            0.029041321948170662
        ],
        [
            0.12073573470115662,
            -0.0038100890815258026,
            0.02751798741519451
        ],
        [
            0.12029564380645752,
            -0.008946537971496582,
            0.029916910454630852
        ],
        [
            0.12856459617614746,
            -0.015095693990588188,
            0.031553901731967926
        ],
        [
            0.12320125102996826,
            -0.04979553073644638,
            0.04601079225540161
        ],
        [
            0.1163676306605339,
            -0.05013033002614975,
            0.03852526843547821
        ],
        [
            0.12435564398765564,
            -0.04876692593097687,
            0.039537686854600906
        ],
        [
            0.12691567838191986,
            -0.04625764116644859,
            0.04814682528376579
        ],
        [
            0.10309422761201859,
            0.01904364302754402,
            0.02592238411307335
        ],
        [
            0.09173434972763062,
            0.02061619609594345,
            0.018721673637628555
        ],
        [
            0.08922275900840759,
            0.015527874231338501,
            0.020417675375938416
        ],
        [
            0.10029656440019608,
            0.015051979571580887,
            0.026250118389725685
        ],
        [
            0.08508631587028503,
            -0.0024764500558376312,
            0.035894859582185745
        ],
        [
            0.08011366426944733,
            0.0005896203219890594,
            0.02597055584192276
        ],
        [
            0.07105564326047897,
            -0.008271005004644394,
            0.01993594691157341
        ],
        [
            0.07625407725572586,
            -0.014035344123840332,
            0.027020545676350594
        ],
        [
            0.09042348712682724,
            -0.009324818849563599,
            0.04607921838760376
        ],
        [
            0.08116727322340012,
            -0.018338829278945923,
            0.03959208354353905
        ],
        [
            0.08824711292982101,
            -0.02571716532111168,
            0.04928233474493027
        ],
        [
            0.09963750094175339,
            -0.03693125396966934,
            0.0582195483148098
        ],
        [
            0.09723969548940659,
            0.030432740226387978,
            0.01235230267047882
        ],
        [
            0.1062353327870369,
            0.030931882560253143,
            0.017118286341428757
        ],
        [
            0.17950722575187683,
            -0.06286723911762238,
            0.060383059084415436
        ],
        [
            0.1828414797782898,
            -0.05783021077513695,
            0.059713367372751236
        ],
        [
            0.1797632873058319,
            -0.05709227919578552,
            0.057798273861408234
        ],
        [
            0.17722366750240326,
            -0.06219702959060669,
            0.058704182505607605
        ],
        [
            0.1096336767077446,
            0.03113747388124466,
            -0.003744114190340042
        ],
        [
            0.11032511293888092,
            0.025680234655737877,
            -0.012327440083026886
        ],
        [
            0.10431724786758423,
            0.029856635257601738,
            -0.012859124690294266
        ],
        [
            0.10246948897838593,
            0.03353055194020271,
            -0.004297098144888878
        ],
        [
            0.11905767768621445,
            0.027854299172759056,
            -0.0027824118733406067
        ],
        [
            0.11840083450078964,
            0.019738631322979927,
            -0.010749204084277153
        ],
        [
            0.1853015422821045,
            -0.07281243801116943,
            0.054618582129478455
        ],
        [
            0.18165737390518188,
            -0.07130193710327148,
            0.05804664269089699
        ],
        [
            0.17925125360488892,
            -0.07122781872749329,
            0.054061971604824066
        ],
        [
            0.18243296444416046,
            -0.07186122238636017,
            0.04971940442919731
        ],
        [
            0.1374572515487671,
            -0.037869952619075775,
            0.04401801899075508
        ],
        [
            0.13750618696212769,
            -0.029106182977557182,
            0.04022511839866638
        ],
        [
            0.15414486825466156,
            -0.0454423651099205,
            0.04602154344320297
        ],
        [
            0.14789234101772308,
            -0.038297176361083984,
            0.04254185035824776
        ],
        [
            0.14395220577716827,
            -0.04424304515123367,
            0.043988220393657684
        ],
        [
            0.14944380521774292,
            -0.050094909965991974,
            0.04536639526486397
        ],
        [
            0.15137404203414917,
            -0.01758192479610443,
            0.03135160356760025
        ],
        [
            0.14071984589099884,
            -0.012856261804699898,
            0.02910737879574299
        ],
        [
            0.14008572697639465,
            -0.018834393471479416,
            0.031864967197179794
        ],
        [
            0.15105040371418,
            -0.025082221254706383,
            0.03569991514086723
        ],
        [
            0.14433172345161438,
            0.0005988534539937973,
            0.026058420538902283
        ],
        [
            0.15463198721408844,
            -0.005316551774740219,
            0.02821115218102932
        ],
        [
            0.15566715598106384,
            0.0030018016695976257,
            0.026342907920479774
        ],
        [
            0.14799880981445312,
            0.0061258189380168915,
            0.025981033220887184
        ],
        [
            0.17173713445663452,
            -0.018508192151784897,
            0.032135847955942154
        ],
        [
            0.17940454185009003,
            -0.02336481586098671,
            0.03159113600850105
        ],
        [
            0.18163396418094635,
            -0.0203842855989933,
            0.029729340225458145
        ],
        [
            0.17261503636837006,
            -0.015437967143952847,
            0.03027661330997944
        ],
        [
            0.09816944599151611,
            0.03313988447189331,
            -0.014254329726099968
        ],
        [
            0.0953313335776329,
            0.03486808389425278,
            -0.004919569939374924
        ],
        [
            0.15570440888404846,
            0.010678024962544441,
            -0.000402107834815979
        ],
        [
            0.1533014327287674,
            0.02080896869301796,
            0.003886731341481209
        ],
        [
            0.16504383087158203,
            0.01903310790657997,
            0.006058862432837486
        ],
        [
            0.16443108022212982,
            0.0087560024112463,
            0.0010106302797794342
        ],
        [
            0.10953641682863235,
            0.016088169068098068,
            -0.016486935317516327
        ],
        [
            0.10439012944698334,
            0.02161036804318428,
            -0.018815254792571068
        ],
        [
            0.19012853503227234,
            -0.07065523415803909,
            0.05113727226853371
        ],
        [
            0.18695807456970215,
            -0.06925147771835327,
            0.046434175223112106
        ],
        [
            0.0855262503027916,
            -0.03226478770375252,
            0.03762887045741081
        ],
        [
            0.09752149879932404,
            -0.04299352318048477,
            0.051078274846076965
        ],
        [
            0.07905390858650208,
            -0.02427610382437706,
            0.02547319605946541
        ],
        [
            0.07555646449327469,
            -0.019103340804576874,
            0.016098327934741974
        ],
        [
            0.0702623501420021,
            -0.015318561345338821,
            0.01004074513912201
        ],
        [
            0.15403206646442413,
            -0.035017143934965134,
            0.04149419441819191
        ],
        [
            0.13560466468334198,
            -0.021625977009534836,
            0.03481374308466911
        ],
        [
            0.13066479563713074,
            -0.005646470934152603,
            0.027341771870851517
        ],
        [
            0.1426355242729187,
            0.022621802985668182,
            0.02339363470673561
        ],
        [
            0.13268771767616272,
            0.026680970564484596,
            0.02215423807501793
        ],
        [
            0.1326758712530136,
            0.016971971839666367,
            0.026540234684944153
        ],
        [
            0.141459658741951,
            0.015190059319138527,
            0.026093773543834686
        ],
        [
            0.15356989204883575,
            0.025704214349389076,
            0.012266578152775764
        ],
        [
            0.15392851829528809,
            0.023210721090435982,
            0.01985931396484375
        ],
        [
            0.16321274638175964,
            0.02003004215657711,
            0.020840011537075043
        ],
        [
            0.16378143429756165,
            0.022800469771027565,
            0.013894514180719852
        ],
        [
            0.11726012825965881,
            -0.054121796041727066,
            0.04777565598487854
        ],
        [
            0.10881136357784271,
            -0.05073098838329315,
            0.03900972753763199
        ],
        [
            0.10751566290855408,
            0.03346053883433342,
            0.006460700184106827
        ],
        [
            0.09977076202630997,
            0.03340335935354233,
            0.005556000396609306
        ],
        [
            0.0920538678765297,
            0.034317512065172195,
            0.0021406281739473343
        ],
        [
            0.11126094311475754,
            0.007056761533021927,
            0.027938684448599815
        ],
        [
            0.09828634560108185,
            0.012376505881547928,
            0.02672913298010826
        ],
        [
            0.0970827117562294,
            0.008766915649175644,
            0.02926202304661274
        ],
        [
            0.11057604104280472,
            0.004054490476846695,
            0.028269438073039055
        ],
        [
            0.11352723091840744,
            -0.009291090071201324,
            0.03972526639699936
        ],
        [
            0.10154902189970016,
            -0.0033720359206199646,
            0.04241708666086197
        ],
        [
            0.11883580684661865,
            -0.0180351622402668,
            0.04755203425884247
        ],
        [
            0.08420631289482117,
            0.009374257177114487,
            0.0224086195230484
        ],
        [
            0.07980378717184067,
            0.01796867698431015,
            0.016992852091789246
        ],
        [
            0.07548116147518158,
            0.010304614901542664,
            0.018657119944691658
        ],
        [
            0.0842493399977684,
            0.02567998319864273,
            0.012722471728920937
        ],
        [
            0.08860864490270615,
            0.03174477815628052,
            0.007737480103969574
        ],
        [
            0.09856316447257996,
            0.025569021701812744,
            -0.023655110970139503
        ],
        [
            0.07254843413829803,
            0.0023782365024089813,
            0.018968895077705383
        ],
        [
            0.1180257499217987,
            -0.032269325107336044,
            0.06243249028921127
        ],
        [
            0.12133873999118805,
            -0.03813957795500755,
            0.06468027830123901
        ],
        [
            0.1265845000743866,
            -0.03699516877532005,
            0.0590055026113987
        ],
        [
            0.12402264773845673,
            -0.032209865748882294,
            0.056393131613731384
        ],
        [
            0.14996249973773956,
            -0.060309916734695435,
            0.03557008504867554
        ],
        [
            0.14907068014144897,
            -0.05609893798828125,
            0.042519811540842056
        ],
        [
            0.14090047776699066,
            -0.05124298855662346,
            0.042187146842479706
        ],
        [
            0.11472848057746887,
            0.019566377624869347,
            0.026684492826461792
        ],
        [
            0.11683064699172974,
            0.0297623872756958,
            0.01939469948410988
        ],
        [
            0.16040527820587158,
            -0.0429408960044384,
            0.04472663626074791
        ],
        [
            0.1799284815788269,
            -0.07140671461820602,
            0.04556803032755852
        ],
        [
            0.1761862188577652,
            -0.07101832330226898,
            0.05032868683338165
        ],
        [
            0.1630355715751648,
            -0.06584440916776657,
            0.04107436537742615
        ],
        [
            0.16738943755626678,
            -0.06628359109163284,
            0.035776738077402115
        ],
        [
            0.1708012819290161,
            -0.04645247757434845,
            0.040865588933229446
        ],
        [
            0.16512152552604675,
            -0.046307552605867386,
            0.045304760336875916
        ],
        [
            0.16782411932945251,
            -0.04787158593535423,
            0.04521825164556503
        ],
        [
            0.1738504320383072,
            -0.04710090532898903,
            0.04272400587797165
        ],
        [
            0.17987596988677979,
            -0.011522423475980759,
            0.026706334203481674
        ],
        [
            0.17294329404830933,
            -0.007302532903850079,
            0.02759518474340439
        ],
        [
            0.16318540275096893,
            -0.04510841891169548,
            0.018822982907295227
        ],
        [
            0.1550343781709671,
            -0.05578238517045975,
            0.020187336951494217
        ],
        [
            0.14447101950645447,
            -0.05110691487789154,
            0.017563888803124428
        ],
        [
            0.15244096517562866,
            -0.010511457920074463,
            0.02905294857919216
        ],
        [
            0.16256363689899445,
            -0.014027021825313568,
            0.030947715044021606
        ],
        [
            0.16381803154945374,
            -0.010298661887645721,
            0.029538167640566826
        ],
        [
            0.15891963243484497,
            -0.03434249013662338,
            0.040449053049087524
        ],
        [
            0.16522632539272308,
            -0.0399874746799469,
            0.04199780523777008
        ],
        [
            0.16492867469787598,
            -0.034815236926078796,
            0.038895606994628906
        ],
        [
            0.1590968370437622,
            -0.029513046145439148,
            0.037498801946640015
        ],
        [
            0.14112278819084167,
            0.023530419915914536,
            0.00012042000889778137
        ],
        [
            0.14135168492794037,
            0.029659124091267586,
            0.009902806021273136
        ],
        [
            0.17933866381645203,
            -0.06767648458480835,
            0.05998791754245758
        ],
        [
            0.17707249522209167,
            -0.06745493412017822,
            0.05733327567577362
        ],
        [
            0.14195652306079865,
            -0.006036313250660896,
            0.026852911338210106
        ],
        [
            0.13192105293273926,
            -0.04445520043373108,
            0.01477913185954094
        ],
        [
            0.1319005787372589,
            -0.0004535578191280365,
            0.0259095449000597
        ],
        [
            0.17450594902038574,
            -0.006870762910693884,
            0.007836964912712574
        ],
        [
            0.1781068742275238,
            -0.0020542112179100513,
            0.012093539349734783
        ],
        [
            0.18220573663711548,
            -0.005828104913234711,
            0.013534918427467346
        ],
        [
            0.1816343069076538,
            -0.009642258286476135,
            0.008964009582996368
        ],
        [
            0.18523947894573212,
            -0.052115123718976974,
            0.048458341509103775
        ],
        [
            0.18205630779266357,
            -0.05269673839211464,
            0.05329176411032677
        ],
        [
            0.1839967966079712,
            -0.053437553346157074,
            0.05494999513030052
        ],
        [
            0.18820832669734955,
            -0.05350369215011597,
            0.05069723725318909
        ],
        [
            0.16034235060214996,
            -0.04940696060657501,
            0.04704535752534866
        ],
        [
            0.15585960447788239,
            -0.054050758481025696,
            0.046774521470069885
        ],
        [
            0.16151615977287292,
            -0.056237202137708664,
            0.04849591106176376
        ],
        [
            0.1649763584136963,
            -0.05145358666777611,
            0.047566287219524384
        ],
        [
            0.1557081639766693,
            -0.059931300580501556,
            0.04326562583446503
        ],
        [
            0.16071896255016327,
            -0.061981748789548874,
            0.04555966705083847
        ],
        [
            0.18760211765766144,
            -0.05545579269528389,
            0.04342838004231453
        ],
        [
            0.18720124661922455,
            -0.06255070120096207,
            0.04077516496181488
        ],
        [
            0.17641541361808777,
            -0.05639588087797165,
            0.031961746513843536
        ],
        [
            0.1779734492301941,
            -0.05097224563360214,
            0.03759751468896866
        ],
        [
            0.12724383175373077,
            -0.002370435744524002,
            -0.008500661700963974
        ],
        [
            0.12933261692523956,
            0.008658209815621376,
            -0.009189240634441376
        ],
        [
            0.14280736446380615,
            0.005045119673013687,
            -0.004235494881868362
        ],
        [
            0.15586373209953308,
            0.0016632340848445892,
            -0.0004104040563106537
        ],
        [
            0.16792401671409607,
            -0.002107772044837475,
            0.0047889575362205505
        ],
        [
            0.1663423776626587,
            -0.014301391318440437,
            0.003493398427963257
        ],
        [
            0.14279381930828094,
            0.01320723444223404,
            -0.004319462925195694
        ],
        [
            0.17124025523662567,
            -0.045276761054992676,
            0.02927415817975998
        ],
        [
            0.1672508716583252,
            -0.051183611154556274,
            0.02574172429740429
        ],
        [
            0.16855967044830322,
            -0.04591654986143112,
            0.022703388705849648
        ],
        [
            0.13423433899879456,
            0.006658010184764862,
            0.025785494595766068
        ],
        [
            0.17417016625404358,
            -0.06789270788431168,
            0.05418255925178528
        ],
        [
            0.08601342886686325,
            -0.018160682171583176,
            -0.005358945578336716
        ],
        [
            0.09295061230659485,
            -0.010033182799816132,
            -0.01359235867857933
        ],
        [
            0.09912655502557755,
            -0.014596914872527122,
            -0.009380359202623367
        ],
        [
            0.09130001068115234,
            -0.023231294006109238,
            0.0005944967269897461
        ],
        [
            0.17758989334106445,
            -0.05691252648830414,
            0.056708358228206635
        ],
        [
            0.17426583170890808,
            -0.0623253770172596,
            0.05711253732442856
        ],
        [
            0.17636582255363464,
            -0.0017122002318501472,
            0.024845287203788757
        ],
        [
            0.1810445338487625,
            -0.006481096148490906,
            0.023622479289770126
        ],
        [
            0.1829552948474884,
            -0.005065751727670431,
            0.02011365070939064
        ],
        [
            0.18105648458003998,
            0.0017069410532712936,
            0.021313786506652832
        ],
        [
            0.12886831164360046,
            0.014610782265663147,
            -0.00899350456893444
        ],
        [
            0.17209544777870178,
            0.017674455419182777,
            0.006465483456850052
        ],
        [
            0.17164479196071625,
            0.00883630570024252,
            0.0020670853555202484
        ],
        [
            0.11727209389209747,
            0.01145712286233902,
            -0.013381410390138626
        ],
        [
            0.11543437838554382,
            0.001754237338900566,
            -0.013476522639393806
        ],
        [
            0.10708153247833252,
            0.005302388221025467,
            -0.017102055251598358
        ],
        [
            0.17056959867477417,
            -0.027969660237431526,
            0.00989115983247757
        ],
        [
            0.12740039825439453,
            -0.010907979682087898,
            -0.006574884057044983
        ],
        [
            0.11472141742706299,
            -0.00565003976225853,
            -0.011338040232658386
        ],
        [
            0.10469108819961548,
            -0.001779753714799881,
            -0.015587730333209038
        ],
        [
            0.09790881723165512,
            0.0014498271048069,
            -0.01933685690164566
        ],
        [
            0.10119154304265976,
            0.008930262178182602,
            -0.020479394122958183
        ],
        [
            0.1840950846672058,
            -0.06775835156440735,
            0.04236159473657608
        ],
        [
            0.19128715991973877,
            -0.06381617486476898,
            0.04481713846325874
        ],
        [
            0.09492051601409912,
            0.012801934033632278,
            -0.025904737412929535
        ],
        [
            0.09130793064832687,
            0.0044271983206272125,
            -0.023763468489050865
        ],
        [
            0.11273087561130524,
            -0.014073146507143974,
            -0.008055277168750763
        ],
        [
            0.10954752564430237,
            -0.023527683690190315,
            -0.0025898292660713196
        ],
        [
            0.12507528066635132,
            -0.018697969615459442,
            -0.003326229751110077
        ],
        [
            0.12315210700035095,
            -0.028663789853453636,
            0.0021813176572322845
        ],
        [
            0.164421945810318,
            -0.03629947826266289,
            0.008907230570912361
        ],
        [
            0.20093350112438202,
            -0.06171976402401924,
            0.060723721981048584
        ],
        [
            0.19541729986667633,
            -0.05954918637871742,
            0.051145318895578384
        ],
        [
            0.19209907948970795,
            -0.055425986647605896,
            0.05371013283729553
        ],
        [
            0.19940367341041565,
            -0.05779339745640755,
            0.061606913805007935
        ],
        [
            0.19105277955532074,
            -0.05700846016407013,
            0.046875156462192535
        ],
        [
            0.19447122514247894,
            -0.06513190269470215,
            0.04971647635102272
        ],
        [
            0.11766254901885986,
            -0.03826042264699936,
            0.011681171134114265
        ],
        [
            0.1712084412574768,
            -0.040109071880578995,
            0.03811415284872055
        ],
        [
            0.10116226971149445,
            -0.03254250809550285,
            0.010313529521226883
        ],
        [
            0.1161145269870758,
            -0.04931756854057312,
            0.0245689507573843
        ],
        [
            0.10372298210859299,
            -0.0440552681684494,
            0.02582390606403351
        ],
        [
            0.08411554992198944,
            -0.02732769027352333,
            0.011509884148836136
        ],
        [
            0.08923155814409256,
            -0.03643959388136864,
            0.024732526391744614
        ],
        [
            0.07460743188858032,
            -0.01749936118721962,
            -7.938593626022339e-06
        ],
        [
            0.08046402782201767,
            -0.0219879187643528,
            0.004634026437997818
        ],
        [
            0.0962139293551445,
            -0.0444805771112442,
            0.03771873563528061
