{
    "pred_cam": [
        6.083954334259033,
        -0.06305122375488281,
        0.00858260691165924
    ],
    "pred_mano_params": {
        "global_orient": [
            [
                [
                    0.25549161434173584,
                    0.9345561861991882,
                    -0.2476465404033661
                ],
                [
                    0.5783311128616333,
                    -0.3529984652996063,
                    -0.7354761958122253
                ],
                [
                    -0.7747626304626465,
                    0.044686295092105865,
                    -0.6306710839271545
                ]
            ]
        ],
        "hand_pose": [
            [
                [
                    0.9801433682441711,
                    -0.1965312510728836,
                    0.026351185515522957
                ],
                [
                    0.19038692116737366,
                    0.9698760509490967,
                    0.15196478366851807
                ],
                [
                    -0.05542321130633354,
                    -0.1439303606748581,
                    0.9880345463752747
                ]
            ],
            [
                [
                    0.5963797569274902,
                    -0.8002553582191467,
                    0.06263013929128647
                ],
                [
                    0.7872650027275085,
                    0.5678988099098206,
                    -0.2402181476354599
                ],
                [
                    0.1566682755947113,
                    0.19256776571273804,
                    0.9686964154243469
                ]
            ],
            [
                [
                    0.8800760507583618,
                    -0.43077361583709717,
                    0.19975048303604126
                ],
                [
                    0.446932852268219,
                    0.8935772776603699,
                    -0.04207952693104744
                ],
                [
                    -0.1603657305240631,
                    0.12630823254585266,
                    0.9789428114891052
                ]
            ],
            [
                [
                    0.6734520196914673,
                    -0.7339044213294983,
                    0.08858081698417664
                ],
                [
                    0.708901047706604,
                    0.6751395463943481,
                    0.20407314598560333
                ],
                [
                    -0.2095745950937271,
                    -0.07463845610618591,
                    0.9749397039413452
                ]
            ],
            [
                [
                    0.8518227934837341,
                    -0.4535590410232544,
                    -0.2620726525783539
                ],
                [
                    0.4753846526145935,
                    0.8794751167297363,
                    0.023083550855517387
                ],
                [
                    0.22001665830612183,
                    -0.14424842596054077,
                    0.9647719264030457
                ]
            ],
            [
                [
                    0.8666661381721497,
                    -0.46577978134155273,
                    0.1787147969007492
                ],
                [
                    0.46962201595306396,
                    0.8825725317001343,
                    0.02282390184700489
                ],
                [
                    -0.1683596819639206,
                    0.0641476958990097,
                    0.9836361408233643
                ]
            ],
            [
                [
                    0.38912931084632874,
                    -0.9211310744285583,
                    0.0097932955250144
                ],
                [
                    0.7967458963394165,
                    0.34188106656074524,
                    0.49831050634384155
                ],
                [
                    -0.46235743165016174,
                    -0.1861044466495514,
                    0.866943359375
                ]
            ],
            [
                [
                    0.915323793888092,
                    -0.4023345708847046,
                    0.01758745312690735
                ],
                [
                    0.4025628864765167,
                    0.9153115749359131,
                    -0.012162018567323685
                ],
                [
                    -0.011204798705875874,
                    0.01821224018931389,
                    0.9997714161872864
                ]
            ],
            [
                [
                    0.9447881579399109,
                    -0.2825544774532318,
                    0.1659465730190277
                ],
                [
                    0.12019075453281403,
                    0.7699455618858337,
                    0.6266881227493286
                ],
                [
                    -0.30484336614608765,
                    -0.5721423029899597,
                    0.7613958716392517
                ]
            ],
            [
                [
                    0.4565006494522095,
                    -0.8846274018287659,
                    0.09508691728115082
                ],
                [
                    0.8754863739013672,
                    0.4656654894351959,
                    0.12914836406707764
                ],
                [
                    -0.15852686762809753,
                    0.02429097890853882,
                    0.9870558381080627
                ]
            ],
            [
                [
                    0.926754355430603,
                    -0.3577307462692261,
                    -0.1146952286362648
                ],
                [
                    0.37003257870674133,
                    0.8165838718414307,
                    0.44301989674568176
                ],
                [
                    -0.06482352316379547,
                    -0.4530116617679596,
                    0.8891447186470032
                ]
            ],
            [
                [
                    0.8753362894058228,
                    -0.3922070264816284,
                    0.28277191519737244
                ],
                [
                    0.30899879336357117,
                    0.903580904006958,
                    0.2967512011528015
                ],
                [
                    -0.3718952238559723,
                    -0.1723809391260147,
                    0.9121286869049072
                ]
            ],
            [
                [
                    0.952664315700531,
                    0.08472370356321335,
                    0.2919805645942688
                ],
                [
                    0.22060663998126984,
                    0.46819525957107544,
                    -0.855643630027771
                ],
                [
                    -0.20919720828533173,
                    0.8795539140701294,
                    0.4273422956466675
                ]
            ],
            [
                [
                    0.8993856310844421,
                    -0.4360882639884949,
                    0.030535077676177025
                ],
                [
                    0.38850605487823486,
                    0.8293666839599609,
                    0.40151447057724
                ],
                [
                    -0.2004205286502838,
                    -0.3492533266544342,
                    0.9153434038162231
                ]
            ],
            [
                [
                    0.853347659111023,
                    -0.15527857840061188,
                    -0.4976809024810791
                ],
                [
                    -0.1838785856962204,
                    0.8036225438117981,
                    -0.5660207867622375
                ],
                [
                    0.487838476896286,
                    0.5745254158973694,
                    0.6572170257568359
                ]
            ]
        ],
        "betas": [
            -0.05943185091018677,
            -0.0038405656814575195,
            -0.14473825693130493,
            -0.07834777235984802,
            0.034476667642593384,
            -0.05841245502233505,
            0.007816970348358154,
            -0.011127859354019165,
            -0.0002327263355255127,
            -0.02060040831565857
        ]
    },
    "pred_cam_t": [
        -0.06305122375488281,
        0.00858260691165924,
        6.420577526092529
    ],
    "focal_length": [
        5000.0,
        5000.0
    ],
    "pred_keypoints_3d": [
        [
            0.09606912732124329,
            0.006409347057342529,
            0.0062166303396224976
        ],
        [
            0.06895056366920471,
            -0.021079067140817642,
            0.007999982684850693
        ],
        [
            0.039487868547439575,
            -0.030393289402127266,
            0.006599767133593559
        ],
        [
            0.012667760252952576,
            -0.03252774104475975,
            0.010776682756841183
        ],
        [
            -0.014374918304383755,
            -0.029891133308410645,
            0.03352554515004158
        ],
        [
            0.06349769234657288,
            -0.05813506990671158,
            0.06140455603599548
        ],
        [
            0.052356064319610596,
            -0.07901763170957565,
            0.08467042446136475
        ],
        [
            0.031019514426589012,
            -0.07627442479133606,
            0.0906609371304512
        ],
        [
            0.0071744173765182495,
            -0.06878434121608734,
            0.08828695863485336
        ],
        [
            0.07127552479505539,
            -0.04552571848034859,
            0.08183912932872772
        ],
        [
            0.04451420158147812,
            -0.0517037957906723,
            0.09802095592021942
        ],
        [
            0.023182112723588943,
            -0.04317043721675873,
            0.10248672217130661
        ],
        [
            -0.0003069564700126648,
            -0.033772073686122894,
            0.09823387116193771
        ],
        [
            0.0780499204993248,
            -0.019973093643784523,
            0.086392842233181
        ],
        [
            0.05126863345503807,
            -0.01976538635790348,
            0.09752993285655975
        ],
        [
            0.02903321385383606,
            -0.008576041087508202,
            0.09565828740596771
        ],
        [
            0.005783006548881531,
            -0.004685503430664539,
            0.08687199652194977
        ],
        [
            0.0798017755150795,
            0.001837264746427536,
            0.08652063459157944
        ],
        [
            0.060222137719392776,
            0.007106010802090168,
            0.09282798320055008
        ],
        [
            0.04280588775873184,
            0.014852394349873066,
            0.09199991077184677
        ],
        [
            0.025816908106207848,
            0.02027755230665207,
            0.08035651594400406
        ]
    ],
    "pred_vertices": [
        [
            0.06150151789188385,
            -0.029468365013599396,
            0.033472925424575806
        ],
        [
            0.062194839119911194,
            -0.02313748002052307,
            0.026224665343761444
        ],
        [
            0.05292683467268944,
            -0.028036456555128098,
            0.025642873719334602
        ],
        [
            0.05376169830560684,
            -0.03615114465355873,
            0.03253328800201416
        ],
        [
            0.05430284142494202,
            -0.009389713406562805,
            0.011686110869050026
        ],
        [
            0.05505675449967384,
            -0.009534269571304321,
            -0.0004867762327194214
        ],
        [
            0.041537486016750336,
            -0.01562979817390442,
            0.0019714590162038803
        ],
        [
            0.04241339862346649,
            -0.013581652194261551,
            0.011931192129850388
        ],
        [
            0.04803997650742531,
            -0.04167381674051285,
            0.031059104949235916
        ],
        [
            0.045520879328250885,
            -0.03122394159436226,
            0.02510775625705719
        ],
        [
            0.045932695269584656,
            -0.04422461986541748,
            0.02702631987631321
        ],
        [
            0.056984417140483856,
            -0.055922843515872955,
            0.03446474298834801
        ],
        [
            0.05413488671183586,
            -0.050753429532051086,
            0.03730433061718941
        ],
        [
            0.06209636479616165,
            -0.06119530647993088,
            0.04207523539662361
        ],
        [
            0.06663033366203308,
            -0.056568775326013565,
            0.029050106182694435
        ],
        [
            0.07167644798755646,
            -0.061696723103523254,
            0.04420846328139305
        ],
        [
            0.09317777305841446,
            -0.04020046442747116,
            0.04178351163864136
        ],
        [
            0.09856582432985306,
            -0.028583860024809837,
            0.04762953519821167
        ],
        [
            0.09447276592254639,
            -0.036907028406858444,
            0.06262855231761932
        ],
        [
            0.08860178291797638,
            -0.047174666076898575,
            0.05494886636734009
        ],
        [
            0.0982682928442955,
            -0.016565639525651932,
            0.06568685919046402
        ],
        [
            0.09598840028047562,
            -0.028181081637740135,
            0.06479579955339432
        ],
        [
            0.10130144655704498,
            -0.020247308537364006,
            0.049819957464933395
        ],
        [
            0.10279040038585663,
            -0.010179437696933746,
            0.05118165537714958
        ],
        [
            0.07141532003879547,
            -0.014803972095251083,
            0.03594067320227623
        ],
        [
            0.07316938042640686,
            -0.00851643830537796,
            0.028334591537714005
        ],
        [
            0.07053841650485992,
            -0.015099570155143738,
            0.027482159435749054
        ],
        [
            0.06869921088218689,
            -0.020245008170604706,
            0.034340906888246536
        ],
        [
            0.03616321086883545,
            -0.04269319400191307,
            0.013291183859109879
        ],
        [
            0.05255725607275963,
            -0.04796283319592476,
            0.013260085135698318
        ],
        [
            0.04991423711180687,
            -0.04840879887342453,
            0.021021226420998573
        ],
        [
            0.03460066765546799,
            -0.03963841497898102,
            0.01758291758596897
        ],
        [
            0.07537573575973511,
            0.017225593328475952,
            0.012493304908275604
        ],
        [
            0.08341852575540543,
            0.020281322300434113,
            0.0019779130816459656
        ],
        [
            0.08239251375198364,
            0.015309002250432968,
            -0.0010228753089904785
        ],
        [
            0.07582370936870575,
            0.013178408145904541,
            0.00958908349275589
        ],
        [
            0.07199189811944962,
            -0.0018128901720046997,
            -0.005530335009098053
        ],
        [
            0.07984901964664459,
            0.0011051930487155914,
            -0.011068075895309448
        ],
        [
            0.08632121980190277,
            -0.006158564239740372,
            -0.02067577838897705
        ],
        [
            0.07970276474952698,
            -0.011688832193613052,
            -0.016091041266918182
        ],
        [
            0.06346219033002853,
            -0.005938023328781128,
            -0.0016200244426727295
        ],
        [
            0.06866671144962311,
            -0.013870172202587128,
            -0.012047499418258667
        ],
        [
            0.05871865898370743,
            -0.016268163919448853,
            -0.009140435606241226
        ],
        [
            0.04299315810203552,
            -0.02120702713727951,
            -0.0054695867002010345
        ],
        [
            0.08874575793743134,
            0.02979251742362976,
            0.008835986256599426
        ],
        [
            0.0831243246793747,
            0.02923230081796646,
            0.017381154000759125
        ],
        [
            0.04183737188577652,
            -0.07624132931232452,
            0.07572336494922638
        ],
        [
            0.04184073582291603,
            -0.07112875580787659,
            0.07917334884405136
        ],
        [
            0.043398238718509674,
            -0.0704255998134613,
            0.0768824890255928
        ],
        [
            0.04337354749441147,
            -0.07543483376502991,
            0.07405740767717361
        ],
        [
            0.10355404019355774,
            0.030070552602410316,
            0.022661343216896057
        ],
        [
            0.11219915747642517,
            0.02495870180428028,
            0.02361854910850525
        ],
        [
            0.11310708522796631,
            0.029616201296448708,
            0.0180475115776062
        ],
        [
            0.10465751588344574,
            0.03307336941361427,
            0.01577741652727127
        ],
        [
            0.10207434743642807,
            0.026046056300401688,
            0.03172717243432999
        ],
        [
            0.11028729379177094,
            0.01831572875380516,
            0.03105669468641281
        ],
        [
            0.04709874838590622,
            -0.0856650173664093,
            0.08262260258197784
        ],
        [
            0.04415276646614075,
            -0.08442138135433197,
            0.07838181406259537
        ],
        [
            0.048531994223594666,
            -0.0840277373790741,
            0.07678347080945969
        ],
        [
            0.05264821648597717,
            -0.08448515832424164,
            0.08080453425645828
        ],
        [
            0.05542891100049019,
            -0.04350508376955986,
            0.039264313876628876
        ],
        [
            0.05988612771034241,
            -0.034852929413318634,
            0.04089277982711792
        ],
        [
            0.054559376090765,
            -0.05293199047446251,
            0.05571155622601509
        ],
        [
            0.057986561208963394,
            -0.04473135620355606,
            0.050349991768598557
        ],
        [
            0.056536976248025894,
            -0.050401389598846436,
            0.04564077407121658
        ],
        [
            0.055748678743839264,
            -0.05703626573085785,
            0.05062595009803772
        ],
        [
            0.06814311444759369,
            -0.02374664694070816,
            0.05642859637737274
        ],
        [
            0.07090684771537781,
            -0.01796642318367958,
            0.0466279573738575
        ],
        [
            0.06835990399122238,
            -0.02418135479092598,
            0.0452783964574337
        ],
        [
            0.06422550231218338,
            -0.03144242614507675,
            0.05512615293264389
        ],
        [
            0.07284417003393173,
            -0.0046758949756622314,
            0.051314402371644974
        ],
        [
            0.07054487615823746,
            -0.011626197025179863,
            0.06054079905152321
        ],
        [
            0.07199403643608093,
            -0.0032657328993082047,
            0.061949435621500015
        ],
        [
            0.07234214246273041,
            0.0005332678556442261,
            0.055158764123916626
        ],
        [
            0.06639234721660614,
            -0.025861267000436783,
            0.07469826936721802
        ],
        [
            0.06491957604885101,
            -0.029524464160203934,
            0.0798325389623642
        ],
        [
            0.06516429781913757,
            -0.026359006762504578,
            0.07989967614412308
        ],
        [
            0.06748580187559128,
            -0.022633381187915802,
            0.07499365508556366
        ],
        [
            0.11491924524307251,
            0.033486343920230865,
            0.012341327965259552
        ],
        [
            0.1058742105960846,
            0.03508033603429794,
            0.008835583925247192
        ],
        [
            0.09852278232574463,
            0.005307069048285484,
            0.06884364783763885
        ],
        [
            0.09422361105680466,
            0.015143018215894699,
            0.06551507115364075
        ],
        [
            0.090374656021595,
            0.011728433892130852,
            0.07768866419792175
        ],
        [
            0.09681669622659683,
            0.0015364866703748703,
            0.07899457216262817
        ],
        [
            0.1168527752161026,
            0.015765920281410217,
            0.022420726716518402
        ],
        [
            0.1193445473909378,
            0.021755000576376915,
            0.017965316772460938
        ],
        [
            0.04993370175361633,
            -0.0833880603313446,
            0.08806216716766357
        ],
        [
            0.055166471749544144,
            -0.08201160281896591,
            0.08631381392478943
        ],
        [
            0.06775558739900589,
            -0.026207778602838516,
            -0.01161157712340355
        ],
        [
            0.04730066657066345,
            -0.030211210250854492,
            -0.007727906107902527
        ],
        [
            0.08131551742553711,
            -0.021358009427785873,
            -0.014728724956512451
        ],
        [
            0.09028328955173492,
            -0.01706783100962639,
            -0.016849305480718613
        ],
        [
            0.09621493518352509,
            -0.012894418090581894,
            -0.021275416016578674
        ],
        [
            0.058567292988300323,
            -0.041882410645484924,
            0.05676205828785896
        ],
        [
            0.06553477048873901,
            -0.026980362832546234,
            0.04035092890262604
        ],
        [
            0.07289576530456543,
            -0.009869430214166641,
            0.037526924163103104
        ],
        [
            0.07454346865415573,
            0.017602520063519478,
            0.05171903222799301
        ],
        [
            0.07623949646949768,
            0.022529378533363342,
            0.04268539696931839
        ],
        [
            0.07223398983478546,
            0.012668546289205551,
            0.041305821388959885
        ],
        [
            0.0721588283777237,
            0.01016765646636486,
            0.04957197606563568
        ],
        [
            0.0854172632098198,
            0.019976764917373657,
            0.06449273973703384
        ],
        [
            0.07788009941577911,
            0.017503418028354645,
            0.06290490925312042
        ],
        [
            0.07673196494579315,
            0.013862110674381256,
            0.06994549930095673
        ],
        [
            0.08333654701709747,
            0.01601938158273697,
            0.07365789264440536
        ],
        [
            0.03515884280204773,
            -0.043358102440834045,
            0.005442753434181213
        ],
        [
            0.053916506469249725,
            -0.046251408755779266,
            0.0055362991988658905
        ],
        [
            0.09351861476898193,
            0.032136719673871994,
            0.01986706256866455
        ],
        [
            0.09512787312269211,
            0.03283298388123512,
            0.012223862111568451
        ],
        [
            0.0991687998175621,
            0.03454948961734772,
            0.00490986555814743
        ],
        [
            0.07364924997091293,
            0.0033130906522274017,
            0.020033452659845352
        ],
        [
            0.07612502574920654,
            0.010302253067493439,
            0.007677316665649414
        ],
        [
            0.07488401979207993,
            0.006183542311191559,
            0.006809532642364502
        ],
        [
            0.07398615777492523,
            -0.0007989071309566498,
            0.01981176808476448
        ],
        [
            0.06351814419031143,
            -0.013631235808134079,
            0.020821083337068558
        ],
        [
            0.06508750468492508,
            -0.0048258379101753235,
            0.010924827307462692
        ],
        [
            0.05305766314268112,
            -0.01682819053530693,
            0.021236153319478035
        ],
        [
            0.08174627274274826,
            0.009401842951774597,
            -0.006356492638587952
        ],
        [
            0.0863904058933258,
            0.018825452774763107,
            -0.009985275566577911
        ],
        [
            0.08569899946451187,
            0.011500068008899689,
            -0.014958836138248444
        ],
        [
            0.08978106826543808,
            0.02626154199242592,
            -0.004533149302005768
        ],
        [
            0.0940178856253624,
            0.03208133205771446,
            0.000756189227104187
        ],
        [
            0.12451371550559998,
            0.026417236775159836,
            0.012970343232154846
        ],
        [
            0.08611508458852768,
            0.003948956727981567,
            -0.018526993691921234
        ],
        [
            0.034374117851257324,
            -0.017878778278827667,
            0.011579137295484543
        ],
        [
            0.02660978026688099,
            -0.020633049309253693,
            0.010480547323822975
        ],
        [
            0.02879129908978939,
            -0.024949079379439354,
            0.016917534172534943
        ],
        [
            0.03653089702129364,
            -0.022644542157649994,
            0.018699651584029198
        ],
        [
            0.06506788730621338,
            -0.06625001132488251,
            0.05062495172023773
        ],
        [
            0.05846037715673447,
            -0.0627051442861557,
            0.049672141671180725
        ],
        [
            0.0573660172522068,
            -0.0567050576210022,
            0.04150175303220749
        ],
        [
            0.07345563173294067,
            0.016808442771434784,
            0.02390357106924057
        ],
        [
            0.0799298956990242,
            0.027061419561505318,
            0.027552329003810883
        ],
        [
            0.0549502857029438,
            -0.05095885321497917,
            0.06217854470014572
        ],
        [
            0.057114508002996445,
            -0.08286595344543457,
            0.07849784195423126
        ],
        [
            0.052787162363529205,
            -0.08280916512012482,
            0.07397643476724625
        ],
        [
            0.06226378306746483,
            -0.07410943508148193,
            0.06285888701677322
        ],
        [
            0.06708050519227982,
            -0.07418735325336456,
            0.0677376389503479
        ],
        [
            0.05802684649825096,
            -0.05483444407582283,
            0.07203315943479538
        ],
        [
            0.054177094250917435,
            -0.055433809757232666,
            0.06643538177013397
        ],
        [
            0.05426893010735512,
            -0.05758971348404884,
            0.06890517473220825
        ],
        [
            0.056007564067840576,
            -0.057030197232961655,
            0.07516861706972122
        ],
        [
            0.06753557920455933,
            -0.01719246432185173,
            0.07940564304590225
        ],
        [
            0.06929022073745728,
            -0.01416024100035429,
            0.0751313716173172
        ],
        [
            0.0812346488237381,
            -0.051763083785772324,
            0.06813830137252808
        ],
        [
            0.08069413155317307,
            -0.061438508331775665,
            0.05829405039548874
        ],
        [
            0.08204522728919983,
            -0.0565013661980629,
            0.04790722206234932
        ],
        [
            0.07006718218326569,
            -0.016690591350197792,
            0.058127596974372864
        ],
        [
            0.06781204789876938,
            -0.021148083731532097,
            0.06720654666423798
        ],
        [
            0.0689133033156395,
            -0.017372963950037956,
            0.0683688074350357
        ],
        [
            0.059214796870946884,
            -0.04150799289345741,
            0.06155665963888168
        ],
        [
            0.05710311979055405,
            -0.047825392335653305,
            0.0670972466468811
        ],
        [
            0.06095150113105774,
            -0.04204382747411728,
            0.06690767407417297
        ],
        [
            0.06216898187994957,
            -0.03656739369034767,
            0.06229621171951294
        ],
        [
            0.09821807593107224,
            0.019449101760983467,
            0.05357561632990837
        ],
        [
            0.0879831612110138,
            0.02519793063402176,
            0.05296448990702629
        ],
        [
            0.04244837164878845,
            -0.08098630607128143,
            0.07572479546070099
        ],
        [
            0.04520004987716675,
            -0.08051515370607376,
            0.07402881234884262
        ],
        [
            0.07264372706413269,
            -0.011150825768709183,
            0.048487208783626556
        ],
        [
            0.08488687872886658,
            -0.04868524149060249,
            0.0361853688955307
        ],
        [
            0.0738915354013443,
            -0.004641935229301453,
            0.03924306482076645
        ],
        [
            0.08612510561943054,
            -0.01384257897734642,
            0.0844057947397232
        ],
        [
            0.07838732749223709,
            -0.008562164381146431,
            0.08464554697275162
        ],
        [
            0.07486005872488022,
            -0.010699816048145294,
            0.08716540783643723
        ],
        [
            0.07887003570795059,
            -0.015039199031889439,
            0.08923080563545227
        ],
        [
            0.0505102314054966,
            -0.06460010260343552,
            0.08487332612276077
        ],
        [
            0.04623952507972717,
            -0.0656454861164093,
            0.08093628287315369
        ],
        [
            0.04533499479293823,
            -0.06676086783409119,
            0.08167335391044617
        ],
        [
            0.048874709755182266,
            -0.06638695299625397,
            0.08663839101791382
        ],
        [
            0.053548239171504974,
            -0.05832095444202423,
            0.06127720698714256
        ],
        [
            0.054929133504629135,
            -0.06230846792459488,
            0.05645505711436272
        ],
        [
            0.053330663591623306,
            -0.06573833525180817,
            0.06144576147198677
        ],
        [
            0.05296562239527702,
            -0.06126069277524948,
            0.06543488800525665
        ],
        [
            0.059224214404821396,
            -0.06767714023590088,
            0.05600770190358162
        ],
        [
            0.057403404265642166,
            -0.07078403234481812,
            0.060439303517341614
        ],
        [
            0.055667195469141006,
            -0.06743289530277252,
            0.08779964596033096
        ],
        [
            0.05938170105218887,
            -0.07419603317975998,
            0.08747200667858124
        ],
        [
            0.06803876906633377,
            -0.06485218554735184,
            0.07805341482162476
        ],
        [
            0.06151590123772621,
            -0.06054481491446495,
            0.07937734574079514
        ],
        [
            0.10858578979969025,
            -0.004567360505461693,
            0.03803915157914162
        ],
        [
            0.1084720641374588,
            0.006177142262458801,
            0.04108551889657974
        ],
        [
            0.10288640856742859,
            0.0008720364421606064,
            0.054402608424425125
        ],
        [
            0.09856106340885162,
            -0.004246590659022331,
            0.06841786205768585
        ],
        [
            0.09319952130317688,
            -0.00980150606483221,
            0.0806611031293869
        ],
        [
            0.09516976028680801,
            -0.02178117446601391,
            0.07844789326190948
        ],
        [
            0.10263614356517792,
            0.00913923978805542,
            0.05500132963061333
        ],
        [
            0.06841393560171127,
            -0.05084455385804176,
            0.07253329455852509
        ],
        [
            0.07405142486095428,
            -0.05796676129102707,
            0.07046561688184738
        ],
        [
            0.07487926632165909,
            -0.05200875923037529,
            0.07210258394479752
        ],
        [
            0.07343512773513794,
            0.0023021064698696136,
            0.0420801155269146
        ],
        [
            0.048784948885440826,
            -0.07995515316724777,
            0.07161381840705872
        ],
        [
            0.10973787307739258,
            -0.01675727590918541,
            -0.004600942134857178
        ],
        [
            0.1167411133646965,
            -0.008688125759363174,
            0.003592059016227722
        ],
        [
            0.11227063834667206,
            -0.014076419174671173,
            0.008999451994895935
        ],
        [
            0.10345237702131271,
            -0.022765446454286575,
            -0.0003297179937362671
        ],
        [
            0.044011618942022324,
            -0.06986245512962341,
            0.07569298893213272
        ],
        [
            0.04502509534358978,
            -0.07490208745002747,
            0.07176196575164795
        ],
        [
            0.06934310495853424,
            -0.008252810686826706,
            0.07780341804027557
        ],
        [
            0.0680018737912178,
            -0.011836625635623932,
            0.08172189444303513
        ],
        [
            0.06927739828824997,
            -0.009640367701649666,
            0.08426615595817566
        ],
        [
            0.06886886805295944,
            -0.004374233074486256,
            0.08160868287086487
        ],
        [
            0.10805290937423706,
            0.0121831726282835,
            0.04112742841243744
        ],
        [
            0.08369950950145721,
            0.011217277497053146,
            0.08348652720451355
        ],
        [
            0.09007968753576279,
            0.0011210357770323753,
            0.08529269695281982
        ],
        [
            0.11335361003875732,
            0.010325852781534195,
            0.02949899435043335
        ],
        [
            0.11412541568279266,
            0.000921100378036499,
            0.02688826620578766
        ],
        [
            0.11820672452449799,
            0.005381513386964798,
            0.019161634147167206
        ],
        [
            0.08753354102373123,
            -0.034821052104234695,
            0.07832742482423782
        ],
        [
            0.107050821185112,
            -0.013108110055327415,
            0.03723258897662163
        ],
        [
            0.1124892309308052,
            -0.00644143670797348,
            0.02538245916366577
        ],
        [
            0.11730240285396576,
            -0.0014382265508174896,
            0.016094528138637543
        ],
        [
            0.12143738567829132,
            0.0025246813893318176,
            0.009967774152755737
        ],
        [
            0.12189190089702606,
            0.009630654007196426,
            0.013919845223426819
        ],
        [
            0.059127889573574066,
            -0.07936347275972366,
            0.08363867551088333
        ],
        [
            0.05521903932094574,
            -0.07642802596092224,
            0.0909295454621315
        ],
        [
            0.12763811647891998,
            0.014254529029130936,
            0.008523069322109222
        ],
        [
            0.12626878917217255,
            0.006224498152732849,
            0.004081323742866516
        ],
        [
            0.10982810705900192,
            -0.014775872230529785,
            0.022396806627511978
        ],
        [
            0.10492075979709625,
            -0.024531926959753036,
            0.018002163618803024
        ],
        [
            0.10445461422204971,
            -0.0208106879144907,
            0.033925458788871765
        ],
        [
            0.09942106902599335,
            -0.031002962961792946,
            0.030603203922510147
        ],
        [
            0.09101724624633789,
            -0.04414592310786247,
            0.07347297668457031
        ],
        [
            0.03794471547007561,
            -0.07458119094371796,
            0.0968489944934845
        ],
        [
            0.048197515308856964,
            -0.07221435010433197,
            0.0933053195476532
        ],
        [
            0.04613471031188965,
            -0.0682232677936554,
            0.08946922421455383
        ],
        [
            0.03742459788918495,
            -0.07056742161512375,
            0.09534269571304321
        ],
        [
            0.05244400352239609,
            -0.06954748928546906,
            0.09013356268405914
        ],
        [
            0.050025664269924164,
            -0.07768100500106812,
            0.09278792887926102
        ],
        [
            0.08896966278553009,
            -0.04108661413192749,
            0.02290474623441696
        ],
        [
            0.060838282108306885,
            -0.046323928982019424,
            0.07128051668405533
        ],
        [
            0.09180882573127747,
            -0.03377540409564972,
            0.007331762462854385
        ],
        [
            0.07241122424602509,
            -0.05108018219470978,
            0.017605993896722794
        ],
        [
            0.07306655496358871,
            -0.04368823021650314,
            0.005814105272293091
        ],
        [
            0.09339749813079834,
            -0.026088953018188477,
            -0.008927252143621445
        ],
        [
            0.07816596329212189,
            -0.0340128019452095,
            -0.0072012245655059814
        ],
        [
            0.10546858608722687,
            -0.0151340551674366,
            -0.016310304403305054
        ],
        [
            0.10062582790851593,
            -0.02035265415906906,
            -0.011264745146036148
        ],
        [
            0.06023094058036804,
            -0.03847489506006241,
            -0.005150642246007919
        ],
