{
    "pred_cam": [
        11.287004470825195,
        -0.06871375441551208,
        0.029165856540203094
    ],
    "pred_mano_params": {
        "global_orient": [
            [
                [
                    0.6758935451507568,
                    -0.7037487626075745,
                    0.2188735008239746
                ],
                [
                    0.5078158974647522,
                    0.229470893740654,
                    -0.8303409814834595
                ],
                [
                    0.534126341342926,
                    0.6723695397377014,
                    0.5124726891517639
                ]
            ]
        ],
        "hand_pose": [
            [
                [
                    0.8898981809616089,
                    -0.44643568992614746,
                    0.09368205815553665
                ],
                [
                    0.45239827036857605,
                    0.8900661468505859,
                    -0.05583823099732399
                ],
                [
                    -0.05845505744218826,
                    0.09207194298505783,
                    0.994035005569458
                ]
            ],
            [
                [
                    0.4368795156478882,
                    -0.8879255652427673,
                    0.143959641456604
                ],
                [
                    0.8920632004737854,
                    0.4071090519428253,
                    -0.19617711007595062
                ],
                [
                    0.11558341234922409,
                    0.21412687003612518,
                    0.9699432849884033
                ]
            ],
            [
                [
                    0.7856624722480774,
                    -0.6169881224632263,
                    0.0453881174325943
                ],
                [
                    0.6119322180747986,
                    0.7858167886734009,
                    0.08961520344018936
                ],
                [
                    -0.09095826745033264,
                    -0.042632851749658585,
                    0.9949417114257812
                ]
            ],
            [
                [
                    0.9479024410247803,
                    -0.31689372658729553,
                    -0.03254663199186325
                ],
                [
                    0.3180740773677826,
                    0.9471468925476074,
                    0.041733719408512115
                ],
                [
                    0.017601285129785538,
                    -0.0499117337167263,
                    0.9985985159873962
                ]
            ],
            [
                [
                    0.19574248790740967,
                    -0.9408374428749084,
                    -0.2766041159629822
                ],
                [
                    0.9781439304351807,
                    0.16714008152484894,
                    0.12368811666965485
                ],
                [
                    -0.07013876736164093,
                    -0.29476961493492126,
                    0.9529908299446106
                ]
            ],
            [
                [
                    0.7831881046295166,
                    -0.6217619180679321,
                    -0.0053403680212795734
                ],
                [
                    0.6216505169868469,
                    0.783168613910675,
                    -0.014056921936571598
                ],
                [
                    0.012922465801239014,
                    0.007689371705055237,
                    0.9998869895935059
                ]
            ],
            [
                [
                    0.8231877684593201,
                    -0.5653935074806213,
                    -0.05188453197479248
                ],
                [
                    0.5632712841033936,
                    0.8017694354057312,
                    0.199727863073349
                ],
                [
                    -0.07132541388273239,
                    -0.1936386078596115,
                    0.9784767627716064
                ]
            ],
            [
                [
                    0.6798162460327148,
                    -0.7333686351776123,
                    -0.004505643155425787
                ],
                [
                    0.6029762029647827,
                    0.5554272532463074,
                    0.5726432204246521
                ],
                [
                    -0.4174560308456421,
                    -0.3920089900493622,
                    0.8197923302650452
                ]
            ],
            [
                [
                    0.8875719308853149,
                    -0.4528243839740753,
                    0.08465323597192764
                ],
                [
                    0.34711316227912903,
                    0.7782086730003357,
                    0.523358166217804
                ],
                [
                    -0.30286720395088196,
                    -0.43513375520706177,
                    0.847897469997406
                ]
            ],
            [
                [
                    0.8911653161048889,
                    -0.4426233172416687,
                    -0.09954314678907394
                ],
                [
                    0.4419107437133789,
                    0.8965469002723694,
                    -0.03030775487422943
                ],
                [
                    0.10266001522541046,
                    -0.016979971900582314,
                    0.9945715069770813
                ]
            ],
            [
                [
                    0.39003071188926697,
                    -0.9039350152015686,
                    -0.17543502151966095
                ],
                [
                    0.8366900682449341,
                    0.26835766434669495,
                    0.47742417454719543
                ],
                [
                    -0.38448113203048706,
                    -0.33299484848976135,
                    0.8609811663627625
                ]
            ],
            [
                [
                    0.7422934770584106,
                    -0.6700296401977539,
                    0.007792435120791197
                ],
                [
                    0.6503853797912598,
                    0.7232316136360168,
                    0.23223915696144104
                ],
                [
                    -0.16124282777309418,
                    -0.16732153296470642,
                    0.972627580165863
                ]
            ],
            [
                [
                    0.9886647462844849,
                    0.010078966617584229,
                    -0.14980117976665497
                ],
                [
                    -0.1208745613694191,
                    0.6452614068984985,
                    -0.7543388605117798
                ],
                [
                    0.08905794471502304,
                    0.7638953924179077,
                    0.6391655206680298
                ]
            ],
            [
                [
                    0.958047091960907,
                    -0.2759850323200226,
                    -0.07731838524341583
                ],
                [
                    0.2843310236930847,
                    0.8812298774719238,
                    0.3776106536388397
                ],
                [
                    -0.036079611629247665,
                    -0.3837527632713318,
                    0.9227308034896851
                ]
            ],
            [
                [
                    0.8902875781059265,
                    -0.3287853002548218,
                    -0.3151005208492279
                ],
                [
                    0.0896691381931305,
                    0.8049379587173462,
                    -0.5865444540977478
                ],
                [
                    0.4464835226535797,
                    0.4939383864402771,
                    0.7461081743240356
                ]
            ]
        ],
        "betas": [
            -0.07220244407653809,
            -0.08797287940979004,
            0.047605037689208984,
            0.008648008108139038,
            0.023530393838882446,
            0.03243324160575867,
            0.039182037115097046,
            -0.060860514640808105,
            0.03020264208316803,
            -0.08568954467773438
        ]
    },
    "pred_cam_t": [
        -0.06871375441551208,
        0.029165856540203094,
        3.460838556289673
    ],
    "focal_length": [
        5000.0,
        5000.0
    ],
    "pred_keypoints_3d": [
        [
            0.09602628648281097,
            0.006408311892300844,
            0.006225068122148514
        ],
        [
            0.09636850655078888,
            -0.030971497297286987,
            -0.0038260258734226227
        ],
        [
            0.09447744488716125,
            -0.057821836322546005,
            -0.018908120691776276
        ],
        [
            0.08915199339389801,
            -0.07621923089027405,
            -0.03816099464893341
        ],
        [
            0.0840839371085167,
            -0.0837361142039299,
            -0.07177450507879257
        ],
        [
            0.044468723237514496,
            -0.05689316987991333,
            -0.03388824313879013
        ],
        [
            0.03270469233393669,
            -0.07883793115615845,
            -0.05565398186445236
        ],
        [
            0.047888003289699554,
            -0.07964219897985458,
            -0.07188284397125244
        ],
        [
            0.06979138404130936,
            -0.071572445333004,
            -0.080126091837883
        ],
        [
            0.03207530826330185,
            -0.03936709091067314,
            -0.04728441312909126
        ],
        [
            0.016357967630028725,
            -0.05138567090034485,
            -0.07217554748058319
        ],
        [
            0.03579043596982956,
            -0.053330421447753906,
            -0.08494012802839279
        ],
        [
            0.061010174453258514,
            -0.051872238516807556,
            -0.08799351006746292
        ],
        [
            0.037408195436000824,
            -0.013920355588197708,
            -0.054031409323215485
        ],
        [
            0.02565351501107216,
            -0.02280275523662567,
            -0.07896608114242554
        ],
        [
            0.04645278677344322,
            -0.028363913297653198,
            -0.09138337522745132
        ],
        [
            0.0709504634141922,
            -0.033589817583560944,
            -0.09051977097988129
        ],
        [
            0.046803221106529236,
            0.005088851321488619,
            -0.0596570186316967
        ],
        [
            0.04383423924446106,
            0.004637731704860926,
            -0.08065061271190643
        ],
        [
            0.058038316667079926,
            -0.0012815394438803196,
            -0.09182441979646683
        ],
        [
            0.07500562071800232,
            -0.010882342234253883,
            -0.09237021207809448
        ]
    ],
    "pred_vertices": [
        [
            0.07790476083755493,
            -0.03630175441503525,
            -0.023898234590888023
        ],
        [
            0.08610880374908447,
            -0.030523885041475296,
            -0.020090311765670776
        ],
        [
            0.0859149768948555,
            -0.04006301611661911,
            -0.024192679673433304
        ],
        [
            0.07785210013389587,
            -0.045605115592479706,
            -0.026012375950813293
        ],
        [
            0.10647942125797272,
            -0.033545609563589096,
            -0.020183172076940536
        ],
        [
            0.11412288248538971,
            -0.037645164877176285,
            -0.011464664712548256
        ],
        [
            0.10910671949386597,
            -0.050748344510793686,
            -0.020154841244220734
        ],
        [
            0.10390911251306534,
            -0.04498843476176262,
            -0.026887385174632072
        ],
        [
            0.07623513042926788,
            -0.053233467042446136,
            -0.026692062616348267
        ],
        [
            0.08539348840713501,
            -0.04776625707745552,
            -0.02759178727865219
        ],
        [
            0.07455801963806152,
            -0.056414924561977386,
            -0.023444075137376785
        ],
        [
            0.0626731812953949,
            -0.059694625437259674,
            -0.01879047229886055
        ],
        [
            0.06663429737091064,
            -0.05723150074481964,
            -0.024563126266002655
        ],
        [
            0.05465292930603027,
            -0.061300311237573624,
            -0.01974770613014698
        ],
        [
            0.060984767973423004,
            -0.055775754153728485,
            -0.008413149043917656
        ],
        [
            0.047730837017297745,
            -0.0565459318459034,
            -0.014945315197110176
        ],
        [
            0.050450436770915985,
            -0.028069309890270233,
            -0.0064186714589595795
        ],
        [
            0.049543336033821106,
            -0.015124142169952393,
            -0.010757047683000565
        ],
        [
            0.03850173205137253,
            -0.02215581387281418,
            -0.02125505544245243
        ],
        [
            0.04094738885760307,
            -0.03478085994720459,
            -0.01651230826973915
        ],
        [
            0.04435783624649048,
            -0.0029768329113721848,
            -0.026969492435455322
        ],
        [
            0.04026303067803383,
            -0.013783641159534454,
            -0.024355491623282433
        ],
        [
            0.05061210319399834,
            -0.0064013004302978516,
            -0.01308928057551384
        ],
        [
            0.05386010929942131,
            0.002903662621974945,
            -0.016157377511262894
        ],
        [
            0.07880327105522156,
            -0.02015821449458599,
            -0.024103306233882904
        ],
        [
            0.08664950728416443,
            -0.01437799446284771,
            -0.019329892471432686
        ],
        [
            0.08581973612308502,
            -0.020041795447468758,
            -0.018199283629655838
        ],
        [
            0.07868693768978119,
            -0.025630945339798927,
            -0.022913895547389984
        ],
        [
            0.08096994459629059,
            -0.06363485008478165,
            -0.019572824239730835
        ],
        [
            0.0781177282333374,
            -0.058995332568883896,
            -0.008106768131256104
        ],
        [
            0.07369530200958252,
            -0.05842085927724838,
            -0.014930900186300278
        ],
        [
            0.08088362216949463,
            -0.06134003400802612,
            -0.024667317047715187
        ],
        [
            0.10834482312202454,
            0.004705682396888733,
            -0.014777623116970062
        ],
        [
            0.11262163519859314,
            0.010162755846977234,
            -0.003087267279624939
        ],
        [
            0.11297376453876495,
            0.005059882998466492,
            -6.613507866859436e-05
        ],
        [
            0.10854226350784302,
            0.001274067908525467,
            -0.011147283017635345
        ],
        [
            0.11596482992172241,
            -0.01742856577038765,
            0.001710686832666397
        ],
        [
            0.11537369340658188,
            -0.010134957730770111,
            0.009771063923835754
        ],
        [
            0.11421670764684677,
            -0.013871248811483383,
            0.02290256693959236
        ],
        [
            0.11223450303077698,
            -0.022354934364557266,
            0.017065543681383133
        ],
        [
            0.11567407846450806,
            -0.02767535299062729,
            -0.005634615197777748
        ],
        [
            0.11438441276550293,
            -0.03225135803222656,
            0.007672064006328583
        ],
        [
            0.113282710313797,
            -0.042644329369068146,
            -0.0008818022906780243
        ],
        [
            0.10856109857559204,
            -0.05566147342324257,
            -0.012060750275850296
        ],
        [
            0.10957673192024231,
            0.021898508071899414,
            -0.007545355707406998
        ],
        [
            0.10646258294582367,
            0.01954365149140358,
            -0.017023030668497086
        ],
        [
            0.04710651561617851,
            -0.0775124579668045,
            -0.053978972136974335
        ],
        [
            0.045895375311374664,
            -0.07246378064155579,
            -0.057458944618701935
        ],
        [
            0.046184804290533066,
            -0.07203294336795807,
            -0.055762387812137604
        ],
        [
            0.046994563192129135,
            -0.0768943503499031,
            -0.052651770412921906
        ],
        [
            0.09213747829198837,
            0.03240642696619034,
            -0.008083585649728775
        ],
        [
            0.08428041636943817,
            0.03318919241428375,
            -0.0016753822565078735
        ],
        [
            0.0899280309677124,
            0.03673512488603592,
            0.0013624802231788635
        ],
        [
            0.09777791053056717,
            0.03452474996447563,
            -0.0034689195454120636
        ],
        [
            0.08475948870182037,
            0.029447652399539948,
            -0.014192670583724976
        ],
        [
            0.07698695361614227,
            0.02766629308462143,
            -0.006084181368350983
        ],
        [
            0.0375649631023407,
            -0.08599947392940521,
            -0.055734626948833466
        ],
        [
            0.0425569973886013,
            -0.08519329875707626,
            -0.05400591343641281
        ],
        [
            0.040040552616119385,
            -0.08411985635757446,
            -0.05063141882419586
        ],
        [
            0.03445924445986748,
            -0.083759605884552,
            -0.05148771032691002
        ],
        [
            0.06989571452140808,
            -0.05101901292800903,
            -0.02762221172451973
        ],
        [
            0.07140466570854187,
            -0.04176633432507515,
            -0.02869683876633644
        ],
        [
            0.05627313628792763,
            -0.056707609444856644,
            -0.03724540397524834
        ],
        [
            0.06137072294950485,
            -0.050081461668014526,
            -0.03360550105571747
        ],
        [
            0.06232954561710358,
            -0.05559828132390976,
            -0.029362715780735016
        ],
        [
            0.05724587291479111,
            -0.06031946837902069,
            -0.03174498677253723
        ],
        [
            0.062003783881664276,
            -0.026875212788581848,
            -0.03823710232973099
        ],
        [
            0.07010312378406525,
            -0.02194547839462757,
            -0.03119685687124729
        ],
        [
            0.06938785314559937,
            -0.028429074212908745,
            -0.029888326302170753
        ],
        [
            0.06131706386804581,
            -0.03548629581928253,
            -0.03739394620060921
        ],
        [
            0.07206453382968903,
            -0.009302854537963867,
            -0.037445586174726486
        ],
        [
            0.06358713656663895,
            -0.015088096261024475,
            -0.043602731078863144
        ],
        [
            0.06569445133209229,
            -0.007277339696884155,
            -0.046454135328531265
        ],
        [
            0.07208457589149475,
            -0.0047727953642606735,
            -0.0421917550265789
        ],
        [
            0.048811737447977066,
            -0.02769685536623001,
            -0.05260429531335831
        ],
        [
            0.04224088788032532,
            -0.03113391622900963,
            -0.056146521121263504
        ],
        [
            0.04175321012735367,
            -0.028190147131681442,
            -0.058138977736234665
        ],
        [
            0.048899948596954346,
            -0.024223268032073975,
            -0.053402531892061234
        ],
        [
            0.09478369355201721,
            0.04009765386581421,
            0.005335494875907898
        ],
        [
            0.1028951108455658,
            0.03585808724164963,
            0.0015872269868850708
        ],
        [
            0.052554190158843994,
            0.015181606635451317,
            -0.03584810718894005
        ],
        [
            0.061554934829473495,
            0.02036692388355732,
            -0.03992466628551483
        ],
        [
            0.05420403927564621,
            0.017573844641447067,
            -0.04957108944654465
        ],
        [
            0.046058062463998795,
            0.012855824083089828,
            -0.042640067636966705
        ],
        [
            0.07809674739837646,
            0.02802969142794609,
            0.0050149038434028625
        ],
        [
            0.08273522555828094,
            0.0337274931371212,
            0.007865339517593384
        ],
        [
            0.03241369500756264,
            -0.08332091569900513,
            -0.05887841060757637
        ],
        [
            0.02950781024992466,
            -0.08097045123577118,
            -0.05484261363744736
        ],
        [
            0.10482954233884811,
            -0.043079666793346405,
            0.01027442142367363
        ],
        [
            0.1027696281671524,
            -0.05823209136724472,
            -0.004294577986001968
        ],
        [
            0.10488136112689972,
            -0.03014615923166275,
            0.019927341490983963
        ],
        [
            0.10396525263786316,
            -0.02058357372879982,
            0.026036128401756287
        ],
        [
            0.10577087104320526,
            -0.013877447694540024,
            0.03173370286822319
        ],
        [
            0.05794944986701012,
            -0.046548593789339066,
            -0.03869040682911873
        ],
        [
            0.07287164032459259,
            -0.03256490081548691,
            -0.027215823531150818
        ],
        [
            0.0792219340801239,
            -0.015358665958046913,
            -0.0258487481623888
        ],
        [
            0.08166006207466125,
            0.009870156645774841,
            -0.04354153573513031
        ],
        [
            0.08946485817432404,
            0.013661587610840797,
            -0.037388741970062256
        ],
        [
            0.0877019390463829,
            0.0032296720892190933,
            -0.0359111949801445
        ],
        [
            0.08071750402450562,
            0.002248411998152733,
            -0.04120898246765137
        ],
        [
            0.0688701719045639,
            0.019244417548179626,
            -0.046529874205589294
        ],
        [
            0.07225486636161804,
            0.012811729684472084,
            -0.04973136633634567
        ],
        [
            0.06586085259914398,
            0.009787699207663536,
            -0.05508902296423912
        ],
        [
            0.062043000012636185,
            0.01595482788980007,
            -0.05347449332475662
        ],
        [
            0.0852404311299324,
            -0.06807341426610947,
            -0.015102613717317581
        ],
        [
            0.08353178948163986,
            -0.0596076138317585,
            -0.0027753151953220367
        ],
        [
            0.10050545632839203,
            0.028051843866705894,
            -0.013081107288599014
        ],
        [
            0.10524430871009827,
            0.028432907536625862,
            -0.006863217800855637
        ],
        [
            0.10895910859107971,
            0.03109811060130596,
            0.0003410652279853821
        ],
        [
            0.09822764992713928,
            -0.006016895174980164,
            -0.01680585741996765
        ],
        [
            0.10882702469825745,
            -0.0011468641459941864,
            -0.00870305672287941
        ],
        [
            0.10913299769163132,
            -0.005341697484254837,
            -0.0075481124222278595
        ],
        [
            0.09716565907001495,
            -0.008616138249635696,
            -0.015031769871711731
        ],
        [
            0.09616944193840027,
            -0.024502690881490707,
            -0.018457621335983276
        ],
        [
            0.10818703472614288,
            -0.02098739519715309,
            -0.013392124325037003
        ],
        [
            0.09517984092235565,
            -0.034500882029533386,
            -0.024823011830449104
        ],
        [
            0.11458192765712738,
            -0.0010661222040653229,
            0.005132339894771576
        ],
        [
            0.11851426959037781,
            0.00890827551484108,
            0.007766079157590866
        ],
        [
            0.118879035115242,
            0.0017306767404079437,
            0.013116974383592606
        ],
        [
            0.11652790009975433,
            0.017692282795906067,
            0.003728862851858139
        ],
        [
            0.11338471621274948,
            0.025586236268281937,
            0.0008369274437427521
        ],
        [
            0.08568902313709259,
            0.039701469242572784,
            0.01321498304605484
        ],
        [
            0.1175030842423439,
            -0.004843365401029587,
            0.01821357011795044
        ],
        [
            0.10116235911846161,
            -0.0530073419213295,
            -0.030324038118124008
        ],
        [
            0.09904928505420685,
            -0.06013921648263931,
            -0.033324070274829865
        ],
        [
            0.09169415384531021,
            -0.05728878080844879,
            -0.03414435684680939
        ],
        [
            0.09293300658464432,
            -0.05065810680389404,
            -0.031580619513988495
        ],
        [
            0.04733121022582054,
            -0.06402426213026047,
            -0.02327629178762436
        ],
        [
            0.053763121366500854,
            -0.06386284530162811,
            -0.027918878942728043
        ],
        [
            0.060577087104320526,
            -0.06041523814201355,
            -0.02389783412218094
        ],
        [
            0.10115648806095123,
            0.004893481731414795,
            -0.023976922035217285
        ],
        [
            0.10007405281066895,
            0.017440926283597946,
            -0.025595787912607193
        ],
        [
            0.052340034395456314,
            -0.05390290170907974,
            -0.04210904985666275
        ],
        [
            0.03304756432771683,
            -0.08141610026359558,
            -0.04730462282896042
        ],
        [
            0.03913244977593422,
            -0.08241880685091019,
            -0.04641575366258621
        ],
        [
            0.04225016385316849,
            -0.07196995615959167,
            -0.03337543085217476
        ],
        [
            0.03537742793560028,
            -0.07059887051582336,
            -0.033829640597105026
        ],
        [
            0.04201268032193184,
            -0.05518379434943199,
            -0.046601928770542145
        ],
        [
            0.04879695177078247,
            -0.05678853392601013,
            -0.044718995690345764
        ],
        [
            0.04681726545095444,
            -0.05814725160598755,
            -0.04598657786846161
        ],
        [
            0.04133537784218788,
            -0.05694618448615074,
            -0.049553003162145615
        ],
        [
            0.04534550756216049,
            -0.019508657976984978,
            -0.05910820513963699
        ],
        [
            0.05145295709371567,
            -0.01627066731452942,
            -0.05530114471912384
        ],
        [
            0.03349796682596207,
            -0.04148261621594429,
            -0.029245799407362938
        ],
        [
            0.034938663244247437,
            -0.0516778901219368,
            -0.019854208454489708
        ],
        [
            0.04321243613958359,
            -0.04630158841609955,
            -0.012702813372015953
        ],
        [
            0.0631747618317604,
            -0.01981719397008419,
            -0.040512267500162125
        ],
        [
            0.05588734894990921,
            -0.023580819368362427,
            -0.04735172539949417
        ],
        [
            0.05606041103601456,
            -0.019716233015060425,
            -0.04883039742708206
        ],
        [
            0.05440210551023483,
            -0.045331988483667374,
            -0.04194282740354538
        ],
        [
            0.048593707382678986,
            -0.05033532902598381,
            -0.045295123010873795
        ],
        [
            0.04951300472021103,
            -0.04481866583228111,
            -0.04517488181591034
        ],
        [
            0.05492742359638214,
            -0.03993511572480202,
            -0.042400214821100235
        ],
        [
            0.06909121572971344,
            0.024681128561496735,
            -0.030125800520181656
        ],
        [
            0.07759566605091095,
            0.023641685023903847,
            -0.03807900846004486
        ],
        [
            0.04591713845729828,
            -0.08207910507917404,
            -0.0531051903963089
        ],
        [
            0.04478410631418228,
            -0.08147179335355759,
            -0.05086594074964523
        ],
        [
            0.07109837234020233,
            -0.015132900327444077,
            -0.03354502096772194
        ],
        [
            0.05347709357738495,
            -0.03951448202133179,
            -0.004886046051979065
        ],
        [
            0.07995031028985977,
            -0.010326642543077469,
            -0.028035514056682587
        ],
        [
            0.03742226958274841,
            -0.00385455135256052,
            -0.048081833869218826
        ],
        [
            0.04149562120437622,
            -0.0033424152061343193,
            -0.055683594197034836
        ],
        [
            0.03846762701869011,
            -0.007132972124963999,
            -0.0585649311542511
        ],
        [
            0.03349617123603821,
            -0.007371698040515184,
            -0.05468485504388809
        ],
        [
            0.037362657487392426,
            -0.06491480767726898,
            -0.059086065739393234
        ],
        [
            0.04292389005422592,
            -0.06709320098161697,
            -0.05862962827086449
        ],
        [
            0.042397867888212204,
            -0.06795250624418259,
            -0.05889177322387695
        ],
        [
            0.03667199984192848,
            -0.06677225232124329,
            -0.0608978345990181
        ],
        [
            0.052257999777793884,
            -0.05987703800201416,
            -0.04095973074436188
        ],
        [
            0.05346272885799408,
            -0.06367626041173935,
            -0.035864174365997314
        ],
        [
            0.051142867654561996,
            -0.06634737551212311,
            -0.039902739226818085
        ],
        [
            0.049478139728307724,
            -0.062009938061237335,
            -0.04378078132867813
        ],
        [
            0.04966597259044647,
            -0.06710630655288696,
            -0.031592678278684616
        ],
        [
            0.048054419457912445,
            -0.0701286792755127,
            -0.035457465797662735
        ],
        [
            0.030998049303889275,
            -0.06638463586568832,
            -0.057811420410871506
        ],
        [
            0.02714555896818638,
            -0.07230807840824127,
            -0.05436709150671959
        ],
        [
            0.029555954039096832,
            -0.06092684343457222,
            -0.0427374392747879
        ],
        [
            0.03386775776743889,
            -0.05858277902007103,
            -0.04870520159602165
        ],
        [
            0.06214669346809387,
            0.008854566141963005,
            -0.0049794986844062805
        ],
        [
            0.06529739499092102,
            0.018082037568092346,
            -0.010543107986450195
        ],
        [
            0.05701135843992233,
            0.012478459626436234,
            -0.021768875420093536
        ],
        [
            0.048245690762996674,
            0.007764585316181183,
            -0.0324079692363739
        ],
        [
            0.040946345776319504,
            0.002047177404165268,
            -0.04266537353396416
        ],
        [
            0.0356057845056057,
            -0.006857719272375107,
            -0.0358550101518631
        ],
        [
            0.06070195883512497,
            0.019080137833952904,
            -0.02494232729077339
        ],
        [
            0.03506813570857048,
            -0.04786354675889015,
            -0.04138198122382164
        ],
        [
            0.032559968531131744,
            -0.05152643844485283,
            -0.034191180020570755
        ],
        [
            0.032240841537714005,
            -0.04461150988936424,
            -0.035726435482501984
        ],
        [
            0.08152371644973755,
            -0.004509216174483299,
            -0.0324927419424057
        ],
        [
            0.04429228603839874,
            -0.08071654289960861,
            -0.04762636125087738
        ],
        [
            0.08491317927837372,
            -0.0066238269209861755,
            0.029813304543495178
        ],
        [
            0.07924188673496246,
            0.0051335543394088745,
            0.025995835661888123
        ],
        [
            0.07539673149585724,
            -0.0009933486580848694,
            0.020985804498195648
        ],
        [
            0.082404725253582,
            -0.014433477073907852,
            0.024661865085363388
        ],
        [
            0.047205448150634766,
            -0.07197185605764389,
            -0.055465616285800934
        ],
        [
            0.0479537695646286,
            -0.07668597251176834,
            -0.0509297139942646
        ],
        [
            0.05112072825431824,
            -0.010592769831418991,
            -0.05892423540353775
        ],
        [
            0.04547513276338577,
            -0.013909478671848774,
            -0.06118330731987953
        ],
        [
            0.04292170703411102,
            -0.010662868618965149,
            -0.06214975565671921
        ],
        [
            0.048786960542201996,
            -0.00649070180952549,
            -0.06313841044902802
        ],
        [
            0.06842301040887833,
            0.022735517472028732,
            -0.012694492936134338
        ],
        [
            0.05116215720772743,
            0.015772290527820587,
            -0.05649540573358536
        ],
        [
            0.043255895376205444,
            0.011679619550704956,
            -0.05022251605987549
        ],
        [
            0.07250752300024033,
            0.022602908313274384,
            -0.0005229078233242035
        ],
        [
            0.06932742148637772,
            0.01490212231874466,
            0.004751101136207581
        ],
        [
            0.07454098761081696,
            0.019771330058574677,
            0.011448439210653305
        ],
        [
            0.0313556008040905,
            -0.021829970180988312,
            -0.036780305206775665
        ],
        [
            0.05936386436223984,
            0.0008672438561916351,
            -0.002750404179096222
        ],
        [
            0.06771531701087952,
            0.007699117064476013,
            0.007054038345813751
        ],
        [
            0.07385986298322678,
            0.013175621628761292,
            0.015182986855506897
        ],
        [
            0.07774195075035095,
            0.017885573208332062,
            0.020928502082824707
        ],
        [
            0.0782155692577362,
            0.02458677440881729,
            0.016171958297491074
        ],
        [
            0.02884424850344658,
            -0.07748840004205704,
            -0.050601840019226074
        ],
        [
            0.0274825356900692,
            -0.07542875409126282,
            -0.05940147861838341
        ],
        [
            0.08109241724014282,
            0.030818115919828415,
            0.022192467004060745
        ],
        [
            0.081000417470932,
            0.02279176563024521,
            0.027001772075891495
        ],
        [
            0.06716462969779968,
            -0.0010531023144721985,
            0.010082945227622986
        ],
        [
            0.06808866560459137,
            -0.012215804308652878,
            0.013157792389392853
        ],
        [
            0.059309057891368866,
            -0.007379554212093353,
            0.0003187432885169983
        ],
        [
            0.059245266020298004,
            -0.01882387325167656,
            0.002661649137735367
        ],
        [
            0.03037310019135475,
            -0.028171982616186142,
            -0.028234686702489853
        ],
        [
            0.03891894593834877,
            -0.07658320665359497,
            -0.07377037405967712
        ],
        [
            0.03257755935192108,
            -0.07260596007108688,
            -0.06581878662109375
        ],
        [
            0.036929331719875336,
            -0.06896006315946579,
            -0.06408848613500595
        ],
        [
            0.04069114476442337,
            -0.07272471487522125,
            -0.0727756917476654
        ],
        [
            0.03131050616502762,
            -0.06912735849618912,
            -0.06124531477689743
        ],
        [
            0.030521728098392487,
            -0.07764549553394318,
            -0.06366659700870514
        ],
        [
            0.06421999633312225,
            -0.033068664371967316,
            0.004783716052770615
        ],
        [
            0.042920153588056564,
            -0.04855421185493469,
            -0.04762822017073631
        ],
        [
            0.07712830603122711,
            -0.02826155722141266,
            0.015379667282104492
        ],
        [
            0.0685921162366867,
            -0.05019030347466469,
            0.001667812466621399
        ],
        [
            0.08013793081045151,
            -0.04689076542854309,
            0.007929909974336624
        ],
        [
            0.09184928238391876,
            -0.024828527122735977,
            0.025334876030683517
        ],
        [
            0.09251481294631958,
            -0.04017052426934242,
            0.01676560938358307
        ],
        [
            0.09609226137399673,
            -0.009553469717502594,
