{
    "pred_cam": [
        3.882826805114746,
        -0.09608563035726547,
        0.0018462184816598892
    ],
    "pred_mano_params": {
        "global_orient": [
            [
                [
                    0.8643098473548889,
                    0.4800093173980713,
                    0.15019819140434265
                ],
                [
                    0.328766405582428,
                    -0.3131902813911438,
                    -0.8909682035446167
                ],
                [
                    -0.3806324005126953,
                    0.8194528222084045,
                    -0.4285043776035309
                ]
            ]
        ],
        "hand_pose": [
            [
                [
                    0.8936957716941833,
                    -0.364991694688797,
                    -0.2609385848045349
                ],
                [
                    0.42808231711387634,
                    0.8678116798400879,
                    0.25228652358055115
                ],
                [
                    0.13436304032802582,
                    -0.3371705710887909,
                    0.9318060874938965
                ]
            ],
            [
                [
                    0.5765505433082581,
                    -0.8004646301269531,
                    0.16384688019752502
                ],
                [
                    0.8035146594047546,
                    0.5191096067428589,
                    -0.2913578450679779
                ],
                [
                    0.14816716313362122,
                    0.29963594675064087,
                    0.9424780011177063
                ]
            ],
            [
                [
                    0.7096724510192871,
                    -0.5824976563453674,
                    0.3963099718093872
                ],
                [
                    0.5309443473815918,
                    0.8119325637817383,
                    0.24261848628520966
                ],
                [
                    -0.4631015658378601,
                    0.038238901644945145,
                    0.8854799866676331
                ]
            ],
            [
                [
                    0.4476257860660553,
                    -0.8940995335578918,
                    0.014737043529748917
                ],
                [
                    0.8860941529273987,
                    0.44571423530578613,
                    0.1271846890449524
                ],
                [
                    -0.12028428912162781,
                    -0.043872736394405365,
                    0.991769552230835
                ]
            ],
            [
                [
                    0.8508808016777039,
                    -0.4951946437358856,
                    -0.1754542887210846
                ],
                [
                    0.5227154493331909,
                    0.8314512372016907,
                    0.18830128014087677
                ],
                [
                    0.05263590067625046,
                    -0.25193458795547485,
                    0.9663118124008179
                ]
            ],
            [
                [
                    0.5280569195747375,
                    -0.7885231971740723,
                    0.3152572810649872
                ],
                [
                    0.714817464351654,
                    0.6131467223167419,
                    0.3362843990325928
                ],
                [
                    -0.4584669768810272,
                    0.04777409881353378,
                    0.887426495552063
                ]
            ],
            [
                [
                    0.7438091039657593,
                    -0.5678806900978088,
                    0.3525047302246094
                ],
                [
                    0.4622516930103302,
                    0.8179847598075867,
                    0.3423803448677063
                ],
                [
                    -0.48277467489242554,
                    -0.09171969443559647,
                    0.8709282875061035
                ]
            ],
            [
                [
                    0.9108673930168152,
                    -0.4126938581466675,
                    -0.0020809625275433064
                ],
                [
                    0.37941959500312805,
                    0.8354218006134033,
                    0.39763185381889343
                ],
                [
                    -0.1623617708683014,
                    -0.3629794716835022,
                    0.9175426363945007
                ]
            ],
            [
                [
                    0.7361598610877991,
                    -0.656882107257843,
                    0.16301745176315308
                ],
                [
                    0.4501105844974518,
                    0.6550447940826416,
                    0.6068910956382751
                ],
                [
                    -0.5054395794868469,
                    -0.3733929395675659,
                    0.7778872847557068
                ]
            ],
            [
                [
                    0.6317578554153442,
                    -0.7655767202377319,
                    0.12154978513717651
                ],
                [
                    0.7390174865722656,
                    0.6421722173690796,
                    0.20363695919513702
                ],
                [
                    -0.23395560681819916,
                    -0.03882182389497757,
                    0.971471905708313
                ]
            ],
            [
                [
                    0.6729890704154968,
                    -0.7195985317230225,
                    -0.17106647789478302
                ],
                [
                    0.7088781595230103,
                    0.561482310295105,
                    0.42688336968421936
                ],
                [
                    -0.21113382279872894,
                    -0.4085531234741211,
                    0.8879791498184204
                ]
            ],
            [
                [
                    0.4943615794181824,
                    -0.8459950089454651,
                    0.19974753260612488
                ],
                [
                    0.6525589823722839,
                    0.5129982233047485,
                    0.5576733946800232
                ],
                [
                    -0.5742590427398682,
                    -0.14534524083137512,
                    0.8056682348251343
                ]
            ],
            [
                [
                    0.8392797112464905,
                    0.29281872510910034,
                    -0.4581122100353241
                ],
                [
                    -0.543468713760376,
                    0.42724522948265076,
                    -0.7225671410560608
                ],
                [
                    -0.015854952856898308,
                    0.8554055690765381,
                    0.5177160501480103
                ]
            ],
            [
                [
                    0.8413560390472412,
                    -0.5284392833709717,
                    -0.11345452070236206
                ],
                [
                    0.5085457563400269,
                    0.7029175162315369,
                    0.49728071689605713
                ],
                [
                    -0.1830335259437561,
                    -0.47608694434165955,
                    0.8601394295692444
                ]
            ],
            [
                [
                    0.9790518283843994,
                    -0.08662859350442886,
                    -0.18426364660263062
                ],
                [
                    -0.0287268478423357,
                    0.8371554613113403,
                    -0.5462100505828857
                ],
                [
                    0.20157474279403687,
                    0.5400612354278564,
                    0.8171300292015076
                ]
            ]
        ],
        "betas": [
            0.07278826832771301,
            0.019477784633636475,
            -0.07134178280830383,
            0.04483070969581604,
            0.08613920211791992,
            -0.002402331680059433,
            -0.04635849595069885,
            -0.00927494466304779,
            -0.037949368357658386,
            -0.0012515485286712646
        ]
    },
    "pred_cam_t": [
        -0.09608563035726547,
        0.0018462184816598892,
        10.060324668884277
    ],
    "focal_length": [
        5000.0,
        5000.0
    ],
    "pred_keypoints_3d": [
        [
            0.09541638195514679,
            0.006378920283168554,
            0.006156977266073227
        ],
        [
            0.07108063250780106,
            -0.01961091160774231,
            -0.008360917679965496
        ],
        [
            0.04678463935852051,
            -0.038427382707595825,
            -0.00866919755935669
        ],
        [
            0.02139420248568058,
            -0.04752246290445328,
            -0.006634789984673262
        ],
        [
            -0.013995667919516563,
            -0.0497141070663929,
            -0.0045955730602145195
        ],
        [
            0.020059578120708466,
            -0.03924351558089256,
            0.026506435126066208
        ],
        [
            -0.01223481073975563,
            -0.04304998740553856,
            0.031837098300457
        ],
        [
            -0.025009196251630783,
            -0.03805426135659218,
            0.014424681663513184
        ],
        [
            -0.024348707869648933,
            -0.03964845463633537,
            -0.009585727006196976
        ],
        [
            0.012637071311473846,
            -0.021208414807915688,
            0.04226580634713173
        ],
        [
            -0.014335602521896362,
            -0.016060594469308853,
            0.026590371504426003
        ],
        [
            -0.021998126059770584,
            -0.0059056952595710754,
            0.00717812217772007
        ],
        [
            -0.013122839853167534,
            -0.007737493142485619,
            -0.01591579243540764
        ],
        [
            0.01910243183374405,
            0.004432720597833395,
            0.04526849836111069
        ],
        [
            -0.007809009402990341,
            0.002917675767093897,
            0.0354127362370491
        ],
        [
            -0.012195979245007038,
            0.010194134898483753,
            0.012209096923470497
        ],
        [
            0.0005392953753471375,
            0.003331858664751053,
            -0.007242999970912933
        ],
        [
            0.02487620711326599,
            0.025170523673295975,
            0.04253804311156273
        ],
        [
            0.00396294891834259,
            0.02572031505405903,
            0.04033089801669121
        ],
        [
            -0.010002580471336842,
            0.02722839266061783,
            0.027676410973072052
        ],
        [
            -0.00998220406472683,
            0.023072179406881332,
            0.00958026759326458
        ]
    ],
    "pred_vertices": [
        [
            0.04855797439813614,
            -0.01988925226032734,
            0.0052688587456941605
        ],
        [
            0.0574946291744709,
            -0.015679089352488518,
            0.0014624521136283875
        ],
        [
            0.050486836582422256,
            -0.022910434752702713,
            0.0013415850698947906
        ],
        [
            0.04370349645614624,
            -0.027448972687125206,
            0.0035214945673942566
        ],
        [
            0.054369181394577026,
            -0.012891430407762527,
            -0.013871349394321442
        ],
        [
            0.05958184599876404,
            -0.017566684633493423,
            -0.023900045081973076
        ],
        [
            0.04544292390346527,
            -0.027511682361364365,
            -0.020566336810588837
        ],
        [
            0.04291175305843353,
            -0.021157536655664444,
            -0.012642055749893188
        ],
        [
            0.04023309797048569,
            -0.034584105014801025,
            0.004341002553701401
        ],
        [
            0.04423645883798599,
            -0.028344230726361275,
            0.0009066537022590637
        ],
        [
            0.04135020077228546,
            -0.03921421989798546,
            0.0067282784730196
        ],
        [
            0.0397464856505394,
            -0.046101368963718414,
            0.013426089659333229
        ],
        [
            0.03632589429616928,
            -0.04013433679938316,
            0.00932304933667183
        ],
        [
            0.0348849818110466,
            -0.048389747738838196,
            0.019189924001693726
        ],
        [
            0.04972657933831215,
            -0.04768357425928116,
            0.01673835515975952
        ],
        [
            0.038888148963451385,
            -0.04786725714802742,
            0.027409890666604042
        ],
        [
            0.05772596597671509,
            -0.02739032357931137,
            0.03455929085612297
        ],
        [
            0.058809760957956314,
            -0.01470995508134365,
            0.03953256085515022
        ],
        [
            0.04312242567539215,
            -0.018395038321614265,
            0.047243911772966385
        ],
        [
            0.04307037964463234,
            -0.030501799657940865,
            0.040505945682525635
        ],
        [
            0.04819784313440323,
            0.0020369281992316246,
            0.04715333878993988
        ],
        [
            0.044687800109386444,
            -0.009326416999101639,
            0.04761559143662453
        ],
        [
            0.06077368184924126,
            -0.0061143673956394196,
            0.04122674837708473
        ],
        [
            0.06297440826892853,
            0.0038806255906820297,
            0.04110518842935562
        ],
        [
            0.05380412936210632,
            -0.0052900053560733795,
            0.008973976597189903
        ],
        [
            0.06298577040433884,
            -0.0009570512920618057,
            0.004140619188547134
        ],
        [
            0.06237221136689186,
            -0.006815299391746521,
            0.003333941102027893
        ],
        [
            0.05307663604617119,
            -0.01066356711089611,
            0.007476180791854858
        ],
        [
            0.041938699781894684,
            -0.046042684465646744,
            0.0013085361570119858
        ],
        [
            0.052993714809417725,
            -0.047120820730924606,
            0.0026557613164186478
        ],
        [
            0.0471474751830101,
            -0.04470385983586311,
            0.006865479052066803
        ],
        [
            0.03867457062005997,
            -0.041821349412202835,
            0.002429904416203499
        ],
        [
            0.08008915930986404,
            0.018224673345685005,
            -0.008250810205936432
        ],
        [
            0.09350456297397614,
            0.018216362223029137,
            -0.00890367105603218
        ],
        [
            0.09397782385349274,
            0.012755399569869041,
            -0.010786186903715134
        ],
        [
            0.08176501840353012,
            0.013845112174749374,
            -0.00942046195268631
        ],
        [
            0.08369190990924835,
            -0.005399592220783234,
            -0.022030260413885117
        ],
        [
            0.09534343332052231,
            -0.0034079663455486298,
            -0.01803671196103096
        ],
        [
            0.10509712249040604,
            -0.01322188600897789,
            -0.016534384340047836
        ],
        [
            0.09468034654855728,
            -0.017847806215286255,
            -0.018762361258268356
        ],
        [
            0.0706384927034378,
            -0.010831210762262344,
            -0.023956742137670517
        ],
        [
            0.08049105107784271,
            -0.020993880927562714,
            -0.024714799597859383
        ],
        [
            0.06620676070451736,
            -0.026329010725021362,
            -0.026185860857367516
        ],
        [
            0.04990581423044205,
            -0.035218920558691025,
            -0.023177701979875565
        ],
        [
            0.09382794797420502,
            0.02922586351633072,
            -0.002494078129529953
        ],
        [
            0.08389659225940704,
            0.031035974621772766,
            -0.0016099326312541962
        ],
        [
            -0.008551874198019505,
            -0.0452398881316185,
            0.01800217665731907
        ],
        [
            -0.008989620953798294,
            -0.039081670343875885,
            0.01794407330453396
        ],
        [
            -0.006105095148086548,
            -0.03983677178621292,
            0.018125876784324646
        ],
        [
            -0.00623931922018528,
            -0.04556429013609886,
            0.018388621509075165
        ],
        [
            0.09301264584064484,
            0.03373311460018158,
            0.01704820618033409
        ],
        [
            0.09667672961950302,
            0.029336124658584595,
            0.025304531678557396
        ],
        [
            0.1023535430431366,
            0.03220825269818306,
            0.021780597046017647
        ],
        [
            0.09942883253097534,
            0.03468555957078934,
            0.013227228075265884
        ],
        [
            0.08449125289916992,
            0.03239719942212105,
            0.02199004776775837
        ],
        [
            0.08852853626012802,
            0.02507462166249752,
            0.029508423060178757
        ],
        [
            -0.015157315880060196,
            -0.04966619610786438,
            0.028068849816918373
        ],
        [
            -0.012874117121100426,
            -0.050851743668317795,
            0.023431584239006042
        ],
        [
            -0.009338825941085815,
            -0.051271792501211166,
            0.026348475366830826
        ],
        [
            -0.010364074259996414,
            -0.04938400536775589,
            0.03154706954956055
        ],
        [
            0.03639111667871475,
            -0.03219112008810043,
            0.007031472399830818
        ],
        [
            0.03921736776828766,
            -0.023124180734157562,
            0.008118394762277603
        ],
        [
            0.020985882729291916,
            -0.03662307560443878,
            0.014680315740406513
        ],
        [
            0.028205815702676773,
            -0.02999570593237877,
            0.01333015225827694
        ],
        [
            0.030020903795957565,
            -0.03701787441968918,
            0.011414802633225918
        ],
        [
            0.02432342618703842,
            -0.041951846331357956,
            0.01434386894106865
        ],
        [
            0.03410280495882034,
            -0.007994966581463814,
            0.02031184919178486
        ],
        [
            0.04432974010705948,
            -0.005353502929210663,
            0.015464620664715767
        ],
        [
            0.04265197366476059,
            -0.011610018089413643,
            0.014057939872145653
        ],
        [
            0.031014788895845413,
            -0.01573089510202408,
            0.01804194040596485
        ],
        [
            0.04485919699072838,
            0.0086684450507164,
            0.017210042104125023
        ],
        [
            0.034982576966285706,
            0.004779411479830742,
            0.022251004353165627
        ],
        [
            0.036414436995983124,
            0.013187624514102936,
            0.022670727223157883
        ],
        [
            0.04274012893438339,
            0.014748796820640564,
            0.018176596611738205
        ],
        [
            0.01928245648741722,
            -0.004921061918139458,
            0.030839066952466965
        ],
        [
            0.014737938530743122,
            -0.006877699866890907,
            0.03371461480855942
        ],
        [
            0.013900211080908775,
            -0.004513496067374945,
            0.03334250673651695
        ],
        [
            0.020009031519293785,
            -0.001537085510790348,
            0.031076310202479362
        ],
        [
            0.10853412002325058,
            0.034306034445762634,
            0.019003484398126602
        ],
        [
            0.10575143992900848,
            0.034628067165613174,
            0.009616728872060776
        ],
        [
            0.0507744736969471,
            0.023364435881376266,
            0.04453194513916969
        ],
        [
            0.05217200517654419,
            0.03196107596158981,
            0.037576887756586075
        ],
        [
            0.04009084776043892,
            0.03229545056819916,
            0.0426681749522686
        ],
        [
            0.041827864944934845,
            0.022884028032422066,
            0.049313388764858246
        ],
        [
            0.09854310005903244,
            0.02031657099723816,
            0.030006028711795807
        ],
        [
            0.10469647496938705,
            0.02479313500225544,
            0.02811037003993988
        ],
        [
            -0.01685251109302044,
            -0.04484337940812111,
            0.032077252864837646
        ],
        [
            -0.01192096620798111,
            -0.04436054080724716,
            0.03514040634036064
        ],
        [
            0.07605976611375809,
            -0.03371082991361618,
            -0.020070482045412064
        ],
        [
            0.05575236678123474,
            -0.04219866171479225,
            -0.020216822624206543
        ],
        [
            0.09134864807128906,
            -0.02699866145849228,
            -0.015361620113253593
        ],
        [
            0.10163405537605286,
            -0.022458035498857498,
            -0.009972501546144485
        ],
        [
            0.11076853424310684,
            -0.01965584233403206,
            -0.007813751697540283
        ],
        [
            0.024531645700335503,
            -0.025492286309599876,
            0.016533806920051575
        ],
        [
            0.04448136314749718,
            -0.015644928440451622,
            0.009905535727739334
        ],
        [
            0.05421941727399826,
            -0.0002666860818862915,
            0.010030746459960938
        ],
        [
            0.05037980154156685,
            0.02992365136742592,
            0.014442648738622665
        ],
        [
            0.059378694742918015,
            0.03196297585964203,
            0.0093807652592659
        ],
        [
            0.05575255677103996,
            0.022144131362438202,
            0.007478483021259308
        ],
        [
            0.04891262948513031,
            0.022223113104701042,
            0.012869525700807571
        ],
        [
            0.04813997447490692,
            0.03607592359185219,
            0.029539719223976135
        ],
        [
            0.043716125190258026,
            0.03312094509601593,
            0.023577673360705376
        ],
        [
            0.036033403128385544,
            0.03181477263569832,
            0.028069715946912766
        ],
        [
            0.03857925534248352,
            0.035078972578048706,
            0.03433952108025551
        ],
        [
            0.0438246950507164,
            -0.051019635051488876,
            -0.004090793430805206
        ],
        [
            0.05749139189720154,
            -0.048827361315488815,
            -0.003018021583557129
        ],
        [
            0.08920957148075104,
            0.03466298431158066,
            0.00727187842130661
        ],
        [
            0.09599259495735168,
            0.033171556890010834,
            0.0038418546319007874
        ],
        [
            0.10431215167045593,
            0.032867446541786194,
            0.0022236481308937073
        ],
        [
            0.07138534635305405,
            0.007877195253968239,
            -0.003379788249731064
        ],
        [
            0.08279714733362198,
            0.010872002691030502,
            -0.010517127811908722
        ],
        [
            0.08169069141149521,
            0.007015012204647064,
            -0.012498416006565094
        ],
        [
            0.07179056107997894,
            0.0045283399522304535,
            -0.0033958852291107178
        ],
        [
            0.06191900372505188,
            -0.00885365903377533,
            -0.0041887834668159485
        ],
        [
            0.06745380163192749,
            -0.004167351871728897,
            -0.014992281794548035
        ],
        [
            0.051705338060855865,
            -0.01567452773451805,
            -0.002719346433877945
        ],
        [
            0.09594990313053131,
            0.005836516618728638,
            -0.014189325273036957
        ],
        [
            0.10387551784515381,
            0.013518288731575012,
            -0.013542849570512772
        ],
        [
            0.10541578382253647,
            0.005197469145059586,
            -0.01587456464767456
        ],
        [
            0.10360296070575714,
            0.022160451859235764,
            -0.009071305394172668
        ],
        [
            0.10361268371343613,
            0.029246216639876366,
            -0.003745265305042267
        ],
        [
            0.11263364553451538,
            0.02790067158639431,
            0.028196660801768303
        ],
        [
            0.10652384161949158,
            -0.00295918807387352,
            -0.016363997012376785
        ],
        [
            0.03652026504278183,
            -0.028302999213337898,
            -0.012467321008443832
        ],
        [
            0.030582433566451073,
            -0.03382445499300957,
            -0.012764040380716324
        ],
        [
            0.031844399869441986,
            -0.032701194286346436,
            -0.005193738266825676
        ],
        [
            0.0378335639834404,
            -0.027753310278058052,
            -0.004213007166981697
        ],
        [
            0.027464650571346283,
            -0.04980608448386192,
            0.025598203763365746
        ],
        [
            0.025313857942819595,
            -0.0473317913711071,
            0.01823599264025688
        ],
        [
            0.03290737420320511,
            -0.04436318948864937,
            0.01301440130919218
        ],
        [
            0.07033868134021759,
            0.021034955978393555,
            -0.002743389457464218
        ],
        [
            0.07393279671669006,
            0.031898126006126404,
            0.002400081604719162
        ],
        [
            0.01727163977921009,
            -0.03238096833229065,
            0.01761564239859581
        ],
        [
            -0.00615584384649992,
            -0.0493667870759964,
            0.03408202528953552
        ],
        [
            -0.004973839037120342,
            -0.0519685335457325,
            0.02854977920651436
        ],
        [
            0.01181941106915474,
            -0.05109589546918869,
            0.029373399913311005
        ],
        [
            0.010691054165363312,
            -0.04835696890950203,
            0.03560333698987961
        ],
        [
            0.011107404716312885,
            -0.03089417703449726,
            0.025084642693400383
        ],
        [
            0.012966673821210861,
            -0.034215036779642105,
            0.019167084246873856
        ],
        [
            0.010834656655788422,
            -0.034262366592884064,
            0.020495422184467316
        ],
        [
            0.007595897186547518,
            -0.030112862586975098,
            0.024499740451574326
        ],
        [
            0.017069052904844284,
            0.004069500602781773,
            0.03313703089952469
        ],
        [
            0.022439654916524887,
            0.006756124086678028,
            0.031161285936832428
        ],
        [
            0.027122117578983307,
            -0.031044406816363335,
            0.04294329509139061
        ],
        [
            0.03179942071437836,
            -0.04288635030388832,
            0.03988001495599747
        ],
        [
            0.043327201157808304,
            -0.041477102786302567,
            0.034718867391347885
        ],
        [
            0.03549540787935257,
            -0.0007533663883805275,
            0.02141827531158924
        ],
        [
            0.026400160044431686,
            -0.0023660529404878616,
            0.026068681851029396
        ],
        [
            0.026866450905799866,
            0.001651037484407425,
            0.02691238559782505
        ],
        [
            0.02153800055384636,
            -0.023573176935315132,
            0.01967911422252655
        ],
        [
            0.015561236068606377,
            -0.02761499024927616,
            0.02149530127644539
        ],
        [
            0.018367890268564224,
            -0.02239176630973816,
            0.024414559826254845
        ],
        [
            0.023409077897667885,
            -0.018522365018725395,
            0.021713554859161377
        ],
        [
            0.06450682133436203,
            0.03245697170495987,
            0.03295447677373886
        ],
        [
            0.059641268104314804,
            0.0376250185072422,
            0.023713363334536552
        ],
        [
            -0.01023662555962801,
            -0.049330685287714005,
            0.019869489595294
        ],
        [
            -0.007504208013415337,
            -0.049851320683956146,
            0.021382108330726624
        ],
        [
            0.04548126086592674,
            0.0016931500285863876,
            0.016597824171185493
        ],
        [
            0.056159380823373795,
            -0.037020519375801086,
            0.02802165597677231
        ],
        [
            0.054621003568172455,
            0.00517113134264946,
            0.01083381474018097
        ],
        [
            0.027347562834620476,
            0.009962888434529305,
            0.049452025443315506
        ],
        [
            0.023134402930736542,
            0.014257797971367836,
            0.044379644095897675
        ],
        [
            0.017572350800037384,
            0.012524716556072235,
            0.04285218566656113
        ],
        [
            0.018119581043720245,
            0.009446420706808567,
            0.0476626418530941
        ],
        [
            -0.005575300194323063,
            -0.03079935349524021,
            0.02576911449432373
        ],
        [
            -0.005409768782556057,
            -0.03404261916875839,
            0.020796971395611763
        ],
        [
            -0.006984776817262173,
            -0.034113090485334396,
            0.020630622282624245
        ],
        [
            -0.008694248273968697,
            -0.031064409762620926,
            0.025600992143154144
        ],
        [
            0.015150385908782482,
            -0.03919204697012901,
            0.017034241929650307
        ],
        [
            0.017842596396803856,
            -0.04465669393539429,
            0.017179906368255615
        ],
        [
            0.011988690122961998,
            -0.04517111927270889,
            0.018709465861320496
        ],
        [
            0.010935397818684578,
            -0.039251696318387985,
            0.018860358744859695
        ],
        [
            0.01858471892774105,
            -0.04921087622642517,
            0.022135544568300247
        ],
        [
            0.012590929865837097,
            -0.04971528798341751,
            0.02329476922750473
        ],
        [
            -0.006383358500897884,
            -0.03141803294420242,
            0.032162487506866455
        ],
        [
            -0.007405147887766361,
            -0.03722280636429787,
            0.03707033395767212
        ],
        [
            0.008132202550768852,
            -0.03478742390871048,
            0.03835529088973999
        ],
        [
            0.005792499054223299,
            -0.030307797715067863,
            0.032009512186050415
        ],
        [
            0.07744549214839935,
            0.005419529043138027,
            0.03678872063755989
        ],
        [
            0.07742392271757126,
            0.016496194526553154,
            0.03635614365339279
        ],
        [
            0.06306708604097366,
            0.01528480276465416,
            0.040789030492305756
        ],
        [
            0.04923887178301811,
            0.014466187916696072,
            0.04640471935272217
        ],
        [
            0.035903409123420715,
            0.012926074676215649,
            0.0505070835351944
        ],
        [
            0.03584235906600952,
            0.0009578547906130552,
            0.05338769033551216
        ],
        [
            0.06418859213590622,
            0.023236580193042755,
            0.03928668797016144
        ],
        [
            0.016880657523870468,
            -0.028032606467604637,
            0.03394075855612755
        ],
        [
            0.01946629211306572,
            -0.03450373187661171,
            0.03882836177945137
        ],
        [
            0.020135512575507164,
            -0.02991669811308384,
            0.0391707569360733
        ],
        [
            0.053684331476688385,
            0.012561919167637825,
            0.01085994765162468
        ],
        [
            -0.0040739960968494415,
            -0.05103966221213341,
            0.02335156500339508
        ],
        [
            0.10709026455879211,
            -0.018364815041422844,
            0.014223829843103886
        ],
        [
            0.10721966624259949,
            -0.008334940299391747,
            0.02336546592414379
        ],
        [
            0.0992438793182373,
            -0.011969894170761108,
            0.024090895429253578
        ],
        [
            0.09870100766420364,
            -0.022817930206656456,
            0.012728003785014153
        ],
        [
            -0.004778554663062096,
            -0.04058462381362915,
            0.01799234002828598
        ],
        [
            -0.003783878870308399,
            -0.04684365913271904,
            0.01874508522450924
        ],
        [
            0.021329322829842567,
            0.013115081004798412,
            0.03246130421757698
        ],
        [
            0.01664116606116295,
            0.009759271517395973,
            0.03425557538866997
        ],
        [
            0.015752550214529037,
            0.01195907685905695,
            0.036659106612205505
        ],
        [
            0.01842717081308365,
            0.017126522958278656,
            0.034561194479465485
        ],
        [
            0.07840177416801453,
            0.022145278751850128,
            0.034832313656806946
        ],
        [
            0.0313175693154335,
            0.03249380737543106,
            0.04365226626396179
        ],
        [
            0.033601172268390656,
            0.024285336956381798,
            0.0500820130109787
        ],
        [
            0.08994127064943314,
            0.017132725566625595,
            0.03254882991313934
        ],
        [
            0.09033551067113876,
            0.007455870509147644,
            0.03344109281897545
        ],
        [
            0.09959623217582703,
            0.009530523791909218,
            0.031187141314148903
        ],
        [
            0.02774391695857048,
            -0.011904862709343433,
            0.050990138202905655
        ],
        [
            0.0752115249633789,
            -0.002945500425994396,
            0.036817517131567
        ],
        [
            0.08882955461740494,
            3.0584633350372314e-06,
            0.032718803733587265
        ],
        [
            0.09982623904943466,
            0.002159375697374344,
            0.029951587319374084
        ],
        [
            0.10785702615976334,
            0.004216888919472694,
            0.028735747560858727
        ],
        [
            0.10673040896654129,
            0.012143038213253021,
            0.03005502186715603
        ],
        [
            -0.0070957886055111885,
            -0.043588317930698395,
            0.03677039593458176
        ],
        [
            -0.012939023785293102,
            -0.03721710294485092,
            0.03564366698265076
        ],
        [
            0.11534073948860168,
            0.015093701891601086,
            0.030354226008057594
        ],
        [
            0.11607596278190613,
            0.006128212437033653,
            0.028200410306453705
        ],
        [
            0.08755467087030411,
            -0.008839916437864304,
            0.030447185039520264
        ],
        [
            0.08604341000318527,
            -0.019196324050426483,
            0.025739632546901703
        ],
        [
            0.07435613125562668,
            -0.011272740550339222,
            0.03435257449746132
        ],
        [
            0.07176756113767624,
            -0.02184431627392769,
            0.030578656122088432
        ],
        [
            0.03075823187828064,
            -0.022502388805150986,
            0.05273523926734924
        ],
        [
            -0.025478489696979523,
            -0.03312792256474495,
            0.022525712847709656
        ],
        [
            -0.016999997198581696,
            -0.03251192346215248,
            0.029508939012885094
        ],
        [
            -0.013399027287960052,
            -0.031154071912169456,
            0.025018416345119476
        ],
        [
            -0.022917812690138817,
            -0.030617663636803627,
            0.02027236670255661
        ],
        [
            -0.010822617448866367,
            -0.03182671591639519,
            0.031002944335341454
        ],
        [
            -0.01792212575674057,
            -0.03748554363846779,
            0.032448168843984604
        ],
        [
            0.07002099603414536,
            -0.03349718078970909,
            0.020910143852233887
        ],
        [
            0.01476277131587267,
            -0.02455848827958107,
            0.027034062892198563
        ],
        [
            0.08424416184425354,
            -0.031002147123217583,
            0.010967686772346497
        ],
        [
            0.06249384209513664,
            -0.045646071434020996,
            0.011936676688492298
        ],
        [
            0.0712708830833435,
            -0.04276625066995621,
            0.002109762281179428
        ],
        [
            0.09666487574577332,
            -0.02869573049247265,
            -0.0007455814629793167
        ],
        [
            0.08268920332193375,
            -0.03733464702963829,
            -0.00787043385207653
        ],
        [
            0.11315558850765228,
            -0.020332152023911476,
            0.003458011895418167
        ],
        [
