{
    "pred_cam": [
        11.238160133361816,
        -0.07208014279603958,
        0.03006666526198387
    ],
    "pred_mano_params": {
        "global_orient": [
            [
                [
                    0.646007776260376,
                    -0.7384426593780518,
                    0.19332966208457947
                ],
                [
                    0.498052179813385,
                    0.21582719683647156,
                    -0.8398586511611938
                ],
                [
                    0.5784616470336914,
                    0.6388435363769531,
                    0.5072090029716492
                ]
            ]
        ],
        "hand_pose": [
            [
                [
                    0.8402762413024902,
                    -0.5328516364097595,
                    0.10002512484788895
                ],
                [
                    0.5386019349098206,
                    0.8415319919586182,
                    -0.04161710664629936
                ],
                [
                    -0.06199858710169792,
                    0.08884359151124954,
                    0.9941142797470093
                ]
            ],
            [
                [
                    0.42827123403549194,
                    -0.8913657665252686,
                    0.148495152592659
                ],
                [
                    0.8962366580963135,
                    0.3979772627353668,
                    -0.1958928257226944
                ],
                [
                    0.11551446467638016,
                    0.21698206663131714,
                    0.9693168997764587
                ]
            ],
            [
                [
                    0.8067141771316528,
                    -0.5894152522087097,
                    0.042448125779628754
                ],
                [
                    0.5840333104133606,
                    0.806175172328949,
                    0.09479795396327972
                ],
                [
                    -0.09009598940610886,
                    -0.051683735102415085,
                    0.9945910573005676
                ]
            ],
            [
                [
                    0.9136813282966614,
                    -0.4056861400604248,
                    -0.024599160999059677
                ],
                [
                    0.40627560019493103,
                    0.9099816679954529,
                    0.08290605992078781
                ],
                [
                    -0.011249059811234474,
                    -0.08574376255273819,
                    0.9962536096572876
                ]
            ],
            [
                [
                    0.19644545018672943,
                    -0.9360051155090332,
                    -0.2920677065849304
                ],
                [
                    0.9788467884063721,
                    0.1698421984910965,
                    0.11407240480184555
                ],
                [
                    -0.05716695263981819,
                    -0.3082985579967499,
                    0.9495702981948853
                ]
            ],
            [
                [
                    0.7958555817604065,
                    -0.6053227782249451,
                    -0.014080418273806572
                ],
                [
                    0.6050471067428589,
                    0.7959486842155457,
                    -0.01958760991692543
                ],
                [
                    0.02306411787867546,
                    0.007069592364132404,
                    0.9997090101242065
                ]
            ],
            [
                [
                    0.7996498942375183,
                    -0.5968847274780273,
                    -0.06548786163330078
                ],
                [
                    0.5928702354431152,
                    0.7675313949584961,
                    0.24372203648090363
                ],
                [
                    -0.09520997107028961,
                    -0.23371809720993042,
                    0.9676315784454346
                ]
            ],
            [
                [
                    0.7083006501197815,
                    -0.7057348489761353,
                    0.01576506905257702
                ],
                [
                    0.5862811207771301,
                    0.6005580425262451,
                    0.5436952114105225
                ],
                [
                    -0.3931724429130554,
                    -0.3758569061756134,
                    0.839134693145752
                ]
            ],
            [
                [
                    0.9022888541221619,
                    -0.422265887260437,
                    0.08698517084121704
                ],
                [
                    0.31723910570144653,
                    0.7869011759757996,
                    0.5292881727218628
                ],
                [
                    -0.291949063539505,
                    -0.4499756991863251,
                    0.8439714312553406
                ]
            ],
            [
                [
                    0.8877317309379578,
                    -0.4548940658569336,
                    -0.07073747366666794
                ],
                [
                    0.45603761076927185,
                    0.8899604678153992,
                    1.8758159058052115e-05
                ],
                [
                    0.06294502317905426,
                    -0.03227560222148895,
                    0.9974949359893799
                ]
            ],
            [
                [
                    0.4261493384838104,
                    -0.8886026740074158,
                    -0.16965284943580627
                ],
                [
                    0.8227391242980957,
                    0.30270880460739136,
                    0.4811110496520996
                ],
                [
                    -0.376161128282547,
                    -0.34460514783859253,
                    0.8600873351097107
                ]
            ],
            [
                [
                    0.7559394836425781,
                    -0.6545935273170471,
                    0.007917782291769981
                ],
                [
                    0.6356914639472961,
                    0.7368925213813782,
                    0.22996899485588074
                ],
                [
                    -0.15637078881263733,
                    -0.16880938410758972,
                    0.9731656908988953
                ]
            ],
            [
                [
                    0.9881026744842529,
                    -0.018639428541064262,
                    -0.15266169607639313
                ],
                [
                    -0.10785239189863205,
                    0.6236585974693298,
                    -0.7742207646369934
                ],
                [
                    0.10963978618383408,
                    0.7814745903015137,
                    0.6142284274101257
                ]
            ],
            [
                [
                    0.9569624662399292,
                    -0.28271058201789856,
                    -0.0655565857887268
                ],
                [
                    0.2849661707878113,
                    0.8726215958595276,
                    0.39664313197135925
                ],
                [
                    -0.05492910370230675,
                    -0.3982539772987366,
                    0.9156290888786316
                ]
            ],
            [
                [
                    0.917140007019043,
                    -0.24799410998821259,
                    -0.3120144009590149
                ],
                [
                    0.04362661391496658,
                    0.8406046628952026,
                    -0.5398894548416138
                ],
                [
                    0.39617010951042175,
                    0.48154217004776,
                    0.7817713022232056
                ]
            ]
        ],
        "betas": [
            -0.09102436900138855,
            -0.10639461874961853,
            0.025228440761566162,
            0.011249929666519165,
            0.015620291233062744,
            0.016706734895706177,
            0.0335635244846344,
            -0.06025722622871399,
            0.02946150302886963,
            -0.07550424337387085
        ]
    },
    "pred_cam_t": [
        -0.07208014279603958,
        0.03006666526198387,
        3.4758803844451904
    ],
    "focal_length": [
        5000.0,
        5000.0
    ],
    "pred_keypoints_3d": [
        [
            0.09612251818180084,
            0.006417727563530207,
            0.0062344130128622055
        ],
        [
            0.09707612544298172,
            -0.03078478015959263,
            -0.004519205540418625
        ],
        [
            0.0963408574461937,
            -0.05675671249628067,
            -0.021236488595604897
        ],
        [
            0.09262768924236298,
            -0.07444024831056595,
            -0.04155382513999939
        ],
        [
            0.08887441456317902,
            -0.08360844850540161,
            -0.07523255795240402
        ],
        [
            0.04680946096777916,
            -0.0561768114566803,
            -0.03777550905942917
        ],
        [
            0.03929871693253517,
            -0.07782290875911713,
            -0.06167659908533096
        ],
        [
            0.0567055270075798,
            -0.07713212817907333,
            -0.07555495202541351
        ],
        [
            0.07915136963129044,
            -0.06804868578910828,
            -0.0809551253914833
        ],
        [
            0.03510500118136406,
            -0.03840157389640808,
            -0.05147846043109894
        ],
        [
            0.0237111896276474,
            -0.05092151463031769,
            -0.07843400537967682
        ],
        [
            0.04488600045442581,
            -0.05193754658102989,
            -0.08825884759426117
        ],
        [
            0.07028557360172272,
            -0.04947585240006447,
            -0.08817058801651001
        ],
        [
            0.04074011743068695,
            -0.01281040720641613,
            -0.05744776874780655
        ],
        [
            0.030890949070453644,
            -0.022301096469163895,
            -0.08301948755979538
        ],
        [
            0.05213365703821182,
            -0.028216207399964333,
            -0.09457555413246155
        ],
        [
            0.07660945504903793,
            -0.033769283443689346,
            -0.0932113453745842
        ],
        [
            0.050377342849969864,
            0.006318653468042612,
            -0.062211260199546814
        ],
        [
            0.0497574582695961,
            0.0058614774607121944,
            -0.08343830704689026
        ],
        [
            0.06455469131469727,
            -9.003560990095139e-05,
            -0.09386205673217773
        ],
        [
            0.08157750964164734,
            -0.010108493268489838,
            -0.09406988322734833
        ]
    ],
    "pred_vertices": [
        [
            0.07967261970043182,
            -0.03565911948680878,
            -0.02568713389337063
        ],
        [
            0.08766452968120575,
            -0.02984631434082985,
            -0.021309347823262215
        ],
        [
            0.08778269588947296,
            -0.03906241059303284,
            -0.02578646130859852
        ],
        [
            0.07977557182312012,
            -0.044809963554143906,
            -0.028085969388484955
        ],
        [
            0.10812631249427795,
            -0.03243164345622063,
            -0.0205606147646904
        ],
        [
            0.11531729996204376,
            -0.0368632972240448,
            -0.011631729081273079
        ],
        [
            0.11094759404659271,
            -0.04954513534903526,
            -0.021226780489087105
        ],
        [
            0.10611207783222198,
            -0.043495163321495056,
            -0.02798105962574482
        ],
        [
            0.07829198241233826,
            -0.052298180758953094,
            -0.02920529618859291
        ],
        [
            0.08755606412887573,
            -0.04653717577457428,
            -0.029578208923339844
        ],
        [
            0.07660073041915894,
            -0.05548495799303055,
            -0.026427727192640305
        ],
        [
            0.06426917761564255,
            -0.059138793498277664,
            -0.02210863307118416
        ],
        [
            0.06850048154592514,
            -0.05652766674757004,
            -0.027485718950629234
        ],
        [
            0.056217074394226074,
            -0.06080111488699913,
            -0.023333102464675903
        ],
        [
            0.06199105456471443,
            -0.055521052330732346,
            -0.011777399107813835
        ],
        [
            0.0488625168800354,
            -0.05630987137556076,
            -0.018860194832086563
        ],
        [
            0.05121525004506111,
            -0.027902601286768913,
            -0.009509064257144928
        ],
        [
            0.05052775889635086,
            -0.014846978709101677,
            -0.013621531426906586
        ],
        [
            0.039853308349847794,
            -0.02165450155735016,
            -0.024862540885806084
        ],
        [
            0.0420755110681057,
            -0.0344240665435791,
            -0.020256906747817993
        ],
        [
            0.046107880771160126,
            -0.0023371633142232895,
            -0.02988220751285553
        ],
        [
            0.04187022149562836,
            -0.013202283531427383,
            -0.027692921459674835
        ],
        [
            0.0517154335975647,
            -0.006069289520382881,
            -0.01572633534669876
        ],
        [
            0.05510200560092926,
            0.003302689641714096,
            -0.01843801885843277
        ],
        [
            0.08054442703723907,
            -0.01956392452120781,
            -0.025484025478363037
        ],
        [
            0.0881226509809494,
            -0.013880811631679535,
            -0.020164377987384796
        ],
        [
            0.0872323215007782,
            -0.01955302804708481,
            -0.019162289798259735
        ],
        [
            0.08037415146827698,
            -0.025057725608348846,
            -0.024411523714661598
        ],
        [
            0.08303530514240265,
            -0.06275234371423721,
            -0.022939100861549377
        ],
        [
            0.07930155843496323,
            -0.05857640877366066,
            -0.01110205426812172
        ],
        [
            0.07525499165058136,
            -0.05779067799448967,
            -0.018113013356924057
        ],
        [
            0.08324797451496124,
            -0.06022727116942406,
            -0.027938546612858772
        ],
        [
            0.10953914374113083,
            0.005160104483366013,
            -0.01412149891257286
        ],
        [
            0.11318819224834442,
            0.010396551340818405,
            -0.0021018609404563904
        ],
        [
            0.11338897049427032,
            0.0052298493683338165,
            0.0008433759212493896
        ],
        [
            0.10955088585615158,
            0.0016485825181007385,
            -0.010527819395065308
        ],
        [
            0.11630710959434509,
            -0.017225001007318497,
            0.002279657870531082
        ],
        [
            0.11530555784702301,
            -0.010183338075876236,
            0.01048918068408966
        ],
        [
            0.11347509175539017,
            -0.014210525900125504,
            0.023412290960550308
        ],
        [
            0.11184483021497726,
            -0.02259156107902527,
            0.017224103212356567
        ],
        [
            0.11644840240478516,
            -0.027183089405298233,
            -0.005365006625652313
        ],
        [
            0.11450901627540588,
            -0.03222065046429634,
            0.007639758288860321
        ],
        [
            0.1139402687549591,
            -0.042305514216423035,
            -0.0013508200645446777
        ],
        [
            0.1099671870470047,
            -0.05483170598745346,
            -0.013448134064674377
        ],
        [
            0.1103520393371582,
            0.022221744060516357,
            -0.006483953446149826
        ],
        [
            0.10774131119251251,
            0.020050350576639175,
            -0.016173843294382095
        ],
        [
            0.053296901285648346,
            -0.07577869296073914,
            -0.05786939710378647
        ],
        [
            0.052314452826976776,
            -0.07065903395414352,
            -0.06132640317082405
        ],
        [
            0.05231921747326851,
            -0.07027161866426468,
            -0.05962582677602768
        ],
        [
            0.05293778330087662,
            -0.07520831376314163,
            -0.056567370891571045
        ],
        [
            0.09291693568229675,
            0.03270357847213745,
            -0.0077366456389427185
        ],
        [
            0.08472976088523865,
            0.03333810716867447,
            -0.0017389804124832153
        ],
        [
            0.09019798040390015,
            0.03683290630578995,
            0.0016707032918930054
        ],
        [
            0.09830014407634735,
            0.034734830260276794,
            -0.0027759000658988953
        ],
        [
            0.085869200527668,
            0.029876522719860077,
            -0.014297138899564743
        ],
        [
            0.07768622040748596,
            0.027900731191039085,
            -0.006643444299697876
        ],
        [
            0.044541459530591965,
            -0.08465366810560226,
            -0.06121647357940674
        ],
        [
            0.04920366406440735,
            -0.08366723358631134,
            -0.05877763032913208
        ],
        [
            0.04617321118712425,
            -0.08284345269203186,
            -0.05575113743543625
        ],
        [
            0.040761638432741165,
            -0.08273834735155106,
            -0.057379063218832016
        ],
        [
            0.07188074290752411,
            -0.05029407888650894,
            -0.03013092465698719
        ],
        [
            0.07341782003641129,
            -0.041064538061618805,
            -0.030898507684469223
        ],
        [
            0.058973461389541626,
            -0.05553802475333214,
            -0.04018110781908035
        ],
        [
            0.06363918632268906,
            -0.04927085340023041,
            -0.03639423847198486
        ],
        [
            0.06437133252620697,
            -0.05480511114001274,
            -0.032207097858190536
        ],
        [
            0.059617310762405396,
            -0.059296928346157074,
            -0.034796785563230515
        ],
        [
            0.06449726969003677,
            -0.02601582743227482,
            -0.04058841988444328
        ],
        [
            0.0722176730632782,
            -0.021217694506049156,
            -0.03305160254240036
        ],
        [
            0.07144419848918915,
            -0.027729958295822144,
            -0.03190971910953522
        ],
        [
            0.06378113478422165,
            -0.03464231640100479,
            -0.039937715977430344
        ],
        [
            0.07449216395616531,
            -0.00845317356288433,
            -0.0389399379491806
        ],
        [
            0.0663444772362709,
            -0.014120986685156822,
            -0.04562392830848694
        ],
        [
            0.06860360503196716,
            -0.006252659484744072,
            -0.04819115251302719
        ],
        [
            0.07476155459880829,
            -0.003830278292298317,
            -0.04358307272195816
        ],
        [
            0.052145328372716904,
            -0.0265228021889925,
            -0.055491939187049866
        ],
        [
            0.04615648090839386,
            -0.02996785007417202,
            -0.059405237436294556
        ],
        [
            0.0456131175160408,
            -0.027138428762555122,
            -0.06138915941119194
        ],
        [
            0.052303966134786606,
            -0.023081159219145775,
            -0.05627751722931862
        ],
        [
            0.09482471644878387,
            0.04012385755777359,
            0.005971737205982208
        ],
        [
            0.10313679277896881,
            0.03597387671470642,
            0.0025814324617385864
        ],
        [
            0.05475885421037674,
            0.015998948365449905,
            -0.03796786069869995
        ],
        [
            0.06399079412221909,
            0.021253634244203568,
            -0.04139600321650505
        ],
        [
            0.05721207708120346,
            0.01857481524348259,
            -0.05152633786201477
        ],
        [
            0.04860185086727142,
            0.013780040666460991,
            -0.0451958030462265
        ],
        [
            0.07821464538574219,
            0.028032250702381134,
            0.004506506025791168
        ],
        [
            0.08268018066883087,
            0.033678293228149414,
            0.007716447114944458
        ],
        [
            0.03972431644797325,
            -0.0821143388748169,
            -0.06497398018836975
        ],
        [
            0.03616802394390106,
            -0.08009419590234756,
            -0.06132733076810837
        ],
        [
            0.10488028824329376,
            -0.043246522545814514,
            0.009333092719316483
        ],
        [
            0.10376304388046265,
            -0.05782673880457878,
            -0.006134152412414551
        ],
        [
            0.1043679416179657,
            -0.030568532645702362,
            0.01949913054704666
        ],
        [
            0.10308732092380524,
            -0.021099336445331573,
            0.025831613689661026
        ],
        [
            0.10456057637929916,
            -0.014452889561653137,
            0.03177633881568909
        ],
        [
            0.060491207987070084,
            -0.045607950538396835,
            -0.04151780158281326
        ],
        [
            0.07479451596736908,
            -0.03190840408205986,
            -0.02915172278881073
        ],
        [
            0.08104632049798965,
            -0.014726242050528526,
            -0.02711115963757038
        ],
        [
            0.08436565101146698,
            0.010863618925213814,
            -0.044144824147224426
        ],
        [
            0.09182752668857574,
            0.014549784362316132,
            -0.03753070533275604
        ],
        [
            0.090019091963768,
            0.004076406359672546,
            -0.0363532155752182
        ],
        [
            0.0833258330821991,
            0.003185136243700981,
            -0.04201924428343773
        ],
        [
            0.07169461250305176,
            0.020274078473448753,
            -0.04760757088661194
        ],
        [
            0.07529547065496445,
            0.01392223872244358,
            -0.05072694271802902
        ],
        [
            0.06928907334804535,
            0.010967997834086418,
            -0.056394658982753754
        ],
        [
            0.06531907618045807,
            0.017063075676560402,
            -0.05493524670600891
        ],
        [
            0.08707810938358307,
            -0.06735123693943024,
            -0.01842115819454193
        ],
        [
            0.08443325757980347,
            -0.05936659500002861,
            -0.005544070154428482
        ],
        [
            0.10155719518661499,
            0.028472181409597397,
            -0.01237696036696434
        ],
        [
            0.10596753656864166,
            0.028736550360918045,
            -0.005899839103221893
        ],
        [
            0.10927710682153702,
            0.031253643333911896,
            0.0015643537044525146
        ],
        [
            0.09954237937927246,
            -0.005554355680942535,
            -0.016847480088472366
        ],
        [
            0.10970455408096313,
            -0.0008267723023891449,
            -0.008093144744634628
        ],
        [
            0.10994530469179153,
            -0.005031585693359375,
            -0.006978534162044525
        ],
        [
            0.09837603569030762,
            -0.008192300796508789,
            -0.0151359923183918
        ],
        [
            0.09760051965713501,
            -0.023711059242486954,
            -0.018936824053525925
        ],
        [
            0.10932955890893936,
            -0.02032236009836197,
            -0.013199232518672943
        ],
        [
            0.09709491580724716,
            -0.03323994576931,
            -0.025791283696889877
        ],
        [
            0.1147242933511734,
            -0.0010071247816085815,
            0.0060115233063697815
        ],
        [
            0.11849282681941986,
            0.008932169526815414,
            0.00904424861073494
        ],
        [
            0.11858345568180084,
            0.0016395002603530884,
            0.014260943979024887
        ],
        [
            0.11669912934303284,
            0.01779428869485855,
            0.005081295967102051
        ],
        [
            0.11368852853775024,
            0.025738056749105453,
            0.0021836645901203156
        ],
        [
            0.08532161265611649,
            0.03955058753490448,
            0.013337656855583191
        ],
        [
            0.11696799844503403,
            -0.005051199346780777,
            0.019129231572151184
        ],
        [
            0.10370811820030212,
            -0.051428262144327164,
            -0.0320056714117527
        ],
        [
            0.10191304981708527,
            -0.058556850999593735,
            -0.03552130609750748
        ],
        [
            0.0946226418018341,
            -0.055737629532814026,
            -0.03667343780398369
        ],
        [
            0.09556753933429718,
            -0.04907253012061119,
            -0.033649519085884094
        ],
        [
            0.04930073767900467,
            -0.0634564459323883,
            -0.027340328320860863
        ],
        [
            0.05603611469268799,
            -0.06298193335533142,
            -0.03138396516442299
        ],
        [
            0.06236712262034416,
            -0.059735484421253204,
            -0.02705090492963791
        ],
        [
            0.10283145308494568,
            0.005520671606063843,
            -0.0236903615295887
        ],
        [
            0.10180439054965973,
            0.01810891553759575,
            -0.025119412690401077
        ],
        [
            0.05546998605132103,
            -0.0526278018951416,
            -0.045220695436000824
        ],
        [
            0.03874824941158295,
            -0.08056691288948059,
            -0.053305964916944504
        ],
        [
            0.04469281807541847,
            -0.08130718767642975,
            -0.05162305757403374
        ],
        [
            0.045872483402490616,
            -0.071053147315979,
            -0.03783922642469406
        ],
        [
            0.0390065461397171,
            -0.06997867673635483,
            -0.03910434991121292
        ],
        [
            0.04597366973757744,
            -0.05388769507408142,
            -0.05055377259850502
        ],
        [
            0.052639108151197433,
            -0.05532769858837128,
            -0.04806451126933098
        ],
        [
            0.05104858800768852,
            -0.056619901210069656,
            -0.049504294991493225
        ],
        [
            0.0459614172577858,
            -0.05550891533493996,
            -0.0536796934902668
        ],
        [
            0.04918670654296875,
            -0.018440958112478256,
            -0.06212447211146355
        ],
        [
            0.054998643696308136,
            -0.015116551890969276,
            -0.05792864039540291
        ],
        [
            0.035302408039569855,
            -0.04086705297231674,
            -0.03356565535068512
        ],
        [
            0.036075543612241745,
            -0.05148742347955704,
            -0.024447238072752953
        ],
        [
            0.04412713646888733,
            -0.04614652320742607,
            -0.016552262008190155
        ],
        [
            0.06577403098344803,
            -0.018911607563495636,
            -0.042659178376197815
        ],
        [
            0.0588591992855072,
            -0.022535841912031174,
            -0.049904316663742065
        ],
        [
            0.059127215296030045,
            -0.018650226294994354,
            -0.05129919946193695
        ],
        [
            0.05717841908335686,
            -0.04432385042309761,
            -0.04493211209774017
        ],
        [
            0.05186132341623306,
            -0.04912438616156578,
            -0.048630405217409134
        ],
        [
            0.052543822675943375,
            -0.04374334588646889,
            -0.048361051827669144
        ],
        [
            0.057691119611263275,
            -0.038977447897195816,
            -0.04531390964984894
        ],
        [
            0.0710146501660347,
            0.025411363691091537,
            -0.031135305762290955
        ],
        [
            0.07995134592056274,
            0.024539344012737274,
            -0.038640204817056656
        ],
        [
            0.05223682150244713,
            -0.08042743802070618,
            -0.05731246992945671
        ],
        [
            0.05074542760848999,
            -0.07995469123125076,
            -0.05524077266454697
        ],
        [
            0.07332690805196762,
            -0.014360114932060242,
            -0.03520975634455681
        ],
        [
            0.0541766919195652,
            -0.039433930069208145,
            -0.008100859820842743
        ],
        [
            0.08188425749540329,
            -0.009653046727180481,
            -0.029162129387259483
        ],
        [
            0.040466226637363434,
            -0.0028274385258555412,
            -0.05143951624631882
        ],
        [
            0.045170724391937256,
            -0.0023073703050613403,
            -0.058794450014829636
        ],
        [
            0.042300350964069366,
            -0.006118929944932461,
            -0.062010690569877625
        ],
        [
            0.03705061227083206,
            -0.006374645512551069,
            -0.05846153944730759
        ],
        [
            0.04367814213037491,
            -0.06341694295406342,
            -0.06392443925142288
        ],
        [
            0.049262553453445435,
            -0.06534432619810104,
            -0.06278814375400543
        ],
        [
            0.048781171441078186,
            -0.06626106798648834,
            -0.06312844157218933
        ],
        [
            0.043319761753082275,
            -0.0652836486697197,
            -0.06587712466716766
        ],
        [
            0.055858779698610306,
            -0.05837870389223099,
            -0.04406260699033737
        ],
        [
            0.05666809529066086,
            -0.06232985854148865,
            -0.03906445950269699
        ],
        [
            0.055159762501716614,
            -0.06481622159481049,
            -0.04319167137145996
        ],
        [
            0.05369173735380173,
            -0.060419581830501556,
            -0.04712706804275513
        ],
        [
            0.05274025350809097,
            -0.06598919630050659,
            -0.0352250374853611
        ],
        [
            0.05178861692547798,
            -0.06887722760438919,
            -0.03919238969683647
        ],
        [
            0.03728484734892845,
            -0.06526090949773788,
            -0.06357064098119736
        ],
        [
            0.03334161639213562,
            -0.07151798903942108,
            -0.060863643884658813
        ],
        [
            0.03374014422297478,
            -0.06026056781411171,
            -0.048426833003759384
        ],
        [
            0.03855062276124954,
            -0.05750822275876999,
            -0.05383161082863808
        ],
        [
            0.06281887739896774,
            0.00904112495481968,
            -0.006707243621349335
        ],
        [
            0.06624531745910645,
            0.018383396789431572,
            -0.011915266513824463
        ],
        [
            0.058525048196315765,
            0.012993428856134415,
            -0.02368994802236557
        ],
        [
            0.050274964421987534,
            0.008489683270454407,
            -0.034914977848529816
        ],
        [
            0.0435175821185112,
            0.0029925983399152756,
            -0.04567820578813553
        ],
        [
            0.037790749222040176,
            -0.006005696952342987,
            -0.03932288661599159
        ],
        [
            0.06237155944108963,
            0.019669830799102783,
            -0.026529483497142792
        ],
        [
            0.0382857583463192,
            -0.046946726739406586,
            -0.04563744738698006
        ],
        [
            0.03514266014099121,
            -0.05094973370432854,
            -0.039094068109989166
        ],
        [
            0.03481150045990944,
            -0.04389547184109688,
            -0.04024163633584976
        ],
        [
            0.0836837887763977,
            -0.0037440620362758636,
            -0.03341706469655037
        ],
        [
            0.049898505210876465,
            -0.07931070029735565,
            -0.0520903617143631
        ],
        [
            0.08378063142299652,
            -0.007173039019107819,
            0.028916694223880768
        ],
        [
            0.07829989492893219,
            0.004696175456047058,
            0.025045741349458694
        ],
        [
            0.07473792135715485,
            -0.0013315379619598389,
            0.019713643938302994
        ],
        [
            0.08157575130462646,
            -0.014919675886631012,
            0.023461733013391495
        ],
        [
            0.05336616933345795,
            -0.07012610882520676,
            -0.059237074106931686
        ],
        [
            0.05375596880912781,
            -0.07498002052307129,
            -0.05476999655365944
        ],
        [
            0.054959528148174286,
            -0.009451275691390038,
            -0.06149119511246681
        ],
        [
            0.04946484789252281,
            -0.0128443269059062,
            -0.06421871483325958
        ],
        [
            0.046983588486909866,
            -0.00965556874871254,
            -0.06535874307155609
        ],
        [
            0.05301682651042938,
            -0.005408415570855141,
            -0.06581859290599823
        ],
        [
            0.06946814060211182,
            0.023092178627848625,
            -0.013803012669086456
        ],
        [
            0.0548967644572258,
            0.016801271587610245,
            -0.05876834690570831
        ],
        [
            0.04643962159752846,
            0.0126450564712286,
            -0.05304025858640671
        ],
        [
            0.07293160259723663,
            0.022710461169481277,
            -0.0014319494366645813
        ],
        [
            0.0694943219423294,
            0.01489800214767456,
            0.0035116858780384064
        ],
        [
            0.07434789091348648,
            0.019633710384368896,
            0.0105716772377491
        ],
        [
            0.03366757929325104,
            -0.020976822823286057,
            -0.04075763374567032
        ],
        [
            0.0599435418844223,
            0.0010018609464168549,
            -0.004789959639310837
        ],
        [
            0.06777611374855042,
            0.007645446807146072,
            0.005579788237810135
        ],
        [
            0.07348129898309708,
            0.01296377182006836,
            0.014131557196378708
        ],
        [
            0.07704422622919083,
            0.017557740211486816,
            0.020168345421552658
        ],
        [
            0.07774974405765533,
            0.024355396628379822,
            0.015580981969833374
        ],
        [
            0.03480353206396103,
            -0.0767485573887825,
            -0.057042621076107025
        ],
        [
            0.03448149561882019,
            -0.0744711309671402,
            -0.06596238166093826
        ],
        [
            0.08027920126914978,
            0.030464764684438705,
            0.02187248319387436
        ],
        [
            0.07995052635669708,
            0.022337760776281357,
            0.026505354791879654
        ],
        [
            0.06707657873630524,
            -0.0011700168251991272,
            0.008401673287153244
        ],
        [
            0.06786303222179413,
            -0.012430276721715927,
            0.011276323348283768
        ],
        [
            0.05973195284605026,
            -0.007310200482606888,
            -0.0018858760595321655
        ],
        [
            0.059562694281339645,
            -0.018819555640220642,
            0.000214308500289917
        ],
        [
            0.03181938827037811,
            -0.02754945494234562,
            -0.03248687833547592
        ],
        [
            0.04790020361542702,
            -0.07446185499429703,
            -0.0785742774605751
        ],
        [
            0.04029324650764465,
            -0.07109346240758896,
            -0.07147932797670364
        ],
        [
            0.04417326673865318,
            -0.0673113688826561,
            -0.06903643906116486
        ],
        [
            0.04934348165988922,
            -0.07057273387908936,
            -0.0772225484251976
        ],
        [
            0.03818553686141968,
            -0.06789547204971313,
            -0.06704933941364288
        ],
        [
            0.03820866346359253,
            -0.07632669061422348,
            -0.0698046162724495
        ],
        [
            0.06446012109518051,
            -0.03317959979176521,
            0.002230606973171234
        ],
        [
            0.04649704322218895,
            -0.04741229861974716,
            -0.05119117721915245
        ],
        [
            0.07681873440742493,
            -0.028639160096645355,
            0.013555888086557388
        ],
        [
            0.06908704340457916,
            -0.05020073056221008,
            -0.0012511909008026123
        ],
        [
            0.08031201362609863,
            -0.04707372188568115,
            0.00564415380358696
        ],
        [
            0.09102458506822586,
            -0.02542046457529068,
            0.024363327771425247
        ],
        [
            0.09221009910106659,
            -0.040616679936647415,
            0.015320595353841782
        ],
        [
            0.09470270574092865,
            -0.010195326060056686,
            0.034540895372629166
        ],
        [
