{
    "pred_cam": [
        11.228395462036133,
        -0.08046545833349228,
        0.022227734327316284
    ],
    "pred_mano_params": {
        "global_orient": [
            [
                [
                    0.5991111993789673,
                    -0.7932502031326294,
                    0.10871920734643936
                ],
                [
                    0.4508850574493408,
                    0.2220487892627716,
                    -0.8645212054252625
                ],
                [
                    0.6616406440734863,
                    0.5669642686843872,
                    0.49069657921791077
                ]
            ]
        ],
        "hand_pose": [
            [
                [
                    0.6499181985855103,
                    -0.7567878365516663,
                    0.06984645128250122
                ],
                [
                    0.7600040435791016,
                    0.6471905708312988,
                    -0.05948260426521301
                ],
                [
                    -0.00018825365987140685,
                    0.09174242615699768,
                    0.995782732963562
                ]
            ],
            [
                [
                    0.4774373471736908,
                    -0.8620275855064392,
                    0.17018239200115204
                ],
                [
                    0.8712402582168579,
                    0.4393113851547241,
                    -0.21896569430828094
                ],
                [
                    0.1139914020895958,
                    0.25281214714050293,
                    0.9607768058776855
                ]
            ],
            [
                [
                    0.8267249464988708,
                    -0.5617656707763672,
                    0.030744362622499466
                ],
                [
                    0.5525572299957275,
                    0.8210272192955017,
                    0.14350922405719757
                ],
                [
                    -0.10586050897836685,
                    -0.10165462642908096,
                    0.9891713261604309
                ]
            ],
            [
                [
                    0.6778984069824219,
                    -0.7297536730766296,
                    -0.0889572724699974
                ],
                [
                    0.7339574694633484,
                    0.6649147272109985,
                    0.13854576647281647
                ],
                [
                    -0.04195528104901314,
                    -0.15921080112457275,
                    0.986352801322937
                ]
            ],
            [
                [
                    0.36488690972328186,
                    -0.8865362405776978,
                    -0.2844487726688385
                ],
                [
                    0.9304608702659607,
                    0.33633726835250854,
                    0.14532636106014252
                ],
                [
                    -0.03316636383533478,
                    -0.3176961839199066,
                    0.9476123452186584
                ]
            ],
            [
                [
                    0.8052156567573547,
                    -0.5926341414451599,
                    -0.020311744883656502
                ],
                [
                    0.5923557281494141,
                    0.8054670691490173,
                    -0.018370483070611954
                ],
                [
                    0.027247415855526924,
                    0.0027604198548942804,
                    0.9996249079704285
                ]
            ],
            [
                [
                    0.6561557054519653,
                    -0.7425547242164612,
                    -0.13443297147750854
                ],
                [
                    0.7431238889694214,
                    0.6048346757888794,
                    0.28625500202178955
                ],
                [
                    -0.1312502771615982,
                    -0.2877281904220581,
                    0.9486758708953857
                ]
            ],
            [
                [
                    0.7773628830909729,
                    -0.6286051869392395,
                    0.023713864386081696
                ],
                [
                    0.5318827033042908,
                    0.6769444346427917,
                    0.5087700486183167
                ],
                [
                    -0.3358684778213501,
                    -0.38288599252700806,
                    0.8605757355690002
                ]
            ],
            [
                [
                    0.9193335175514221,
                    -0.38021019101142883,
                    0.1013219803571701
                ],
                [
                    0.2876807451248169,
                    0.8251579999923706,
                    0.48616260290145874
                ],
                [
                    -0.26845061779022217,
                    -0.41779717803001404,
                    0.867974579334259
                ]
            ],
            [
                [
                    0.6914756298065186,
                    -0.7193097472190857,
                    -0.06674466282129288
                ],
                [
                    0.7223944067955017,
                    0.6888679265975952,
                    0.06005953252315521
                ],
                [
                    0.002776852110400796,
                    -0.08974567800760269,
                    0.9959607720375061
                ]
            ],
            [
                [
                    0.5647894144058228,
                    -0.8160668015480042,
                    -0.12266965210437775
                ],
                [
                    0.7434373497962952,
                    0.43863075971603394,
                    0.5048801302909851
                ],
                [
                    -0.3582092821598053,
                    -0.3763481378555298,
                    0.8544285297393799
                ]
            ],
            [
                [
                    0.7722093462944031,
                    -0.6349917054176331,
                    0.021868029609322548
                ],
                [
                    0.6135061383247375,
                    0.754148006439209,
                    0.23424555361270905
                ],
                [
                    -0.1652357131242752,
                    -0.16747045516967773,
                    0.9719314575195312
                ]
            ],
            [
                [
                    0.9899632334709167,
                    -0.06792695075273514,
                    -0.12392988801002502
                ],
                [
                    -0.06394307315349579,
                    0.5667352080345154,
                    -0.8214149475097656
                ],
                [
                    0.12603159248828888,
                    0.8210951089859009,
                    0.5567035675048828
                ]
            ],
            [
                [
                    0.9377966523170471,
                    -0.34706082940101624,
                    0.009291636757552624
                ],
                [
                    0.3158949017524719,
                    0.8640748858451843,
                    0.39189931750297546
                ],
                [
                    -0.14404156804084778,
                    -0.36458665132522583,
                    0.9199612736701965
                ]
            ],
            [
                [
                    0.9316730499267578,
                    -0.2012539654970169,
                    -0.30246007442474365
                ],
                [
                    0.014152291230857372,
                    0.8520137667655945,
                    -0.5233280062675476
                ],
                [
                    0.36302199959754944,
                    0.4832901358604431,
                    0.7966464757919312
                ]
            ]
        ],
        "betas": [
            -0.09085816144943237,
            -0.07340496778488159,
            -0.021288156509399414,
            -0.011892646551132202,
            0.015112161636352539,
            0.0268850214779377,
            0.038141876459121704,
            -0.08935770392417908,
            0.03857119381427765,
            -0.06839171051979065
        ]
    },
    "pred_cam_t": [
        -0.08046545833349228,
        0.022227734327316284,
        3.47890305519104
    ],
    "focal_length": [
        5000.0,
        5000.0
    ],
    "pred_keypoints_3d": [
        [
            0.09614909440279007,
            0.0064148446545004845,
            0.006238131783902645
        ],
        [
            0.09687849879264832,
            -0.030358508229255676,
            -0.005856558680534363
        ],
        [
            0.09876427054405212,
            -0.05438719689846039,
            -0.025177447125315666
        ],
        [
            0.10064021497964859,
            -0.07014386355876923,
            -0.04727063328027725
        ],
        [
            0.10383033007383347,
            -0.07774797827005386,
            -0.08159459382295609
        ],
        [
            0.04949408397078514,
            -0.05258174613118172,
            -0.04509958624839783
        ],
        [
            0.0531032457947731,
            -0.07073132693767548,
            -0.07260803133249283
        ],
        [
            0.07362569868564606,
            -0.06707751750946045,
            -0.08052485436201096
        ],
        [
            0.09588468074798584,
            -0.05637580528855324,
            -0.0786060094833374
        ],
        [
            0.03993863984942436,
            -0.03386016935110092,
            -0.0592140331864357
        ],
        [
            0.04410291463136673,
            -0.04491940140724182,
            -0.08879218995571136
        ],
        [
            0.06736356019973755,
            -0.04478870704770088,
            -0.09113763272762299
        ],
        [
            0.09139931201934814,
            -0.04188210517168045,
            -0.0828990489244461
        ],
        [
            0.04711359739303589,
            -0.008317104540765285,
            -0.06353332102298737
        ],
        [
            0.04943658038973808,
            -0.01743358001112938,
            -0.09097561240196228
        ],
        [
            0.07314528524875641,
            -0.022799840196967125,
            -0.09644526243209839
        ],
        [
            0.09647315740585327,
            -0.02890101633965969,
            -0.08916476368904114
        ],
        [
            0.05789913982152939,
            0.010557006113231182,
            -0.06651392579078674
        ],
        [
            0.06405298411846161,
            0.01095674280077219,
            -0.08683976531028748
        ],
        [
            0.08092373609542847,
            0.005940574686974287,
            -0.09415065497159958
        ],
        [
            0.09798688441514969,
            -0.00397852249443531,
            -0.09265108406543732
        ]
    ],
    "pred_vertices": [
        [
            0.08161383867263794,
            -0.03380677476525307,
            -0.0289806816726923
        ],
        [
            0.0892406553030014,
            -0.028354166075587273,
            -0.023519432172179222
        ],
        [
            0.08989685773849487,
            -0.036897845566272736,
            -0.02855893410742283
        ],
        [
            0.08180292695760727,
            -0.042690448462963104,
            -0.03187917172908783
        ],
        [
            0.10973957180976868,
            -0.030344292521476746,
            -0.02069479040801525
        ],
        [
            0.11588464677333832,
            -0.035547032952308655,
            -0.011330276727676392
        ],
        [
            0.11311496794223785,
            -0.04709402099251747,
            -0.022312816232442856
        ],
        [
            0.10902319103479385,
            -0.040301647037267685,
            -0.029063604772090912
        ],
        [
            0.0805671215057373,
            -0.04986836761236191,
            -0.03378082439303398
        ],
        [
            0.09024295955896378,
            -0.04382815957069397,
            -0.03291899710893631
        ],
        [
            0.07915721833705902,
            -0.053135838359594345,
            -0.032002370804548264
        ],
        [
            0.06551355123519897,
            -0.05687855929136276,
            -0.02848941460251808
        ],
        [
            0.07017713040113449,
            -0.05405469611287117,
            -0.03301452472805977
        ],
        [
            0.057187940925359726,
            -0.05823483318090439,
            -0.030274581164121628
        ],
        [
            0.06217721104621887,
            -0.053745370358228683,
            -0.018389936536550522
        ],
        [
            0.049070678651332855,
            -0.05408204346895218,
            -0.026654521003365517
        ],
        [
            0.05163855478167534,
            -0.02569279633462429,
            -0.015558227896690369
        ],
        [
            0.05181727185845375,
            -0.0123831145465374,
            -0.01915648579597473
        ],
        [
            0.041246917098760605,
            -0.018355639651417732,
            -0.03204014152288437
        ],
        [
            0.04277968406677246,
            -0.03150663897395134,
            -0.027690818533301353
        ],
        [
            0.0489870086312294,
            0.0010230876505374908,
            -0.035583969205617905
        ],
        [
            0.04412609711289406,
            -0.009853646159172058,
            -0.034285105764865875
        ],
        [
            0.05356190353631973,
            -0.0035613998770713806,
            -0.020794816315174103
        ],
        [
            0.05752956122159958,
            0.005783708766102791,
            -0.022778574377298355
        ],
        [
            0.08298604190349579,
            -0.017772069200873375,
            -0.027947314083576202
        ],
        [
            0.09011323750019073,
            -0.012670908123254776,
            -0.021648749709129333
        ],
        [
            0.08883319050073624,
            -0.018382478505373,
            -0.020936880260705948
        ],
        [
            0.08248992264270782,
            -0.023329811170697212,
            -0.027133489027619362
        ],
        [
            0.08654031157493591,
            -0.06085976958274841,
            -0.02935497835278511
        ],
        [
            0.08015084266662598,
            -0.05727531015872955,
            -0.01699284464120865
        ],
        [
            0.07691559940576553,
            -0.05603436380624771,
            -0.024293387308716774
        ],
        [
            0.08730674535036087,
            -0.057852454483509064,
            -0.03399054333567619
        ],
        [
            0.11154920607805252,
            0.0053826868534088135,
            -0.01267695426940918
        ],
        [
            0.11410240828990936,
            0.010043509304523468,
            -0.00013233721256256104
        ],
        [
            0.1138065978884697,
            0.004769030958414078,
            0.002621348947286606
        ],
        [
            0.11102522909641266,
            0.0017274804413318634,
            -0.00920528918504715
        ],
        [
            0.11553522944450378,
            -0.017484251409769058,
            0.00341053307056427
        ],
        [
            0.11409822106361389,
            -0.011017967015504837,
            0.011791516095399857
        ],
        [
            0.11087571829557419,
            -0.015470325946807861,
            0.02416800707578659
        ],
        [
            0.10964643955230713,
            -0.023468859493732452,
            0.01737305149435997
        ],
        [
            0.11621984839439392,
            -0.0266483873128891,
            -0.004584450274705887
        ],
        [
            0.11296559870243073,
            -0.0324891172349453,
            0.007646989077329636
        ],
        [
            0.1133740246295929,
            -0.04178183525800705,
            -0.001796044409275055
        ],
        [
            0.11147800087928772,
            -0.05325992405414581,
            -0.015380676835775375
        ],
        [
            0.11213627457618713,
            0.022116191685199738,
            -0.004293821752071381
        ],
        [
            0.11048620939254761,
            0.020400183275341988,
            -0.014307122677564621
        ],
        [
            0.06505858898162842,
            -0.06807029992341995,
            -0.06450680643320084
        ],
        [
            0.0646606981754303,
            -0.06265608221292496,
            -0.06758303195238113
        ],
        [
            0.06394563615322113,
            -0.06233032047748566,
            -0.06558076292276382
        ],
        [
            0.0640978142619133,
            -0.06759662926197052,
            -0.06303400546312332
        ],
        [
            0.09529530256986618,
            0.03330013155937195,
            -0.006914958357810974
        ],
        [
            0.08657386153936386,
            0.03399515897035599,
            -0.0017664507031440735
        ],
        [
            0.09176647663116455,
            0.03714115172624588,
            0.00234328955411911
        ],
        [
            0.1002010628581047,
            0.03492707759141922,
            -0.0013320967555046082
        ],
        [
            0.08884517848491669,
            0.031047960743308067,
            -0.014279842376708984
        ],
        [
            0.07987499237060547,
            0.0290550347417593,
            -0.007599443197250366
        ],
        [
            0.05849821865558624,
            -0.07708760350942612,
            -0.07111521810293198
        ],
        [
            0.06213587522506714,
            -0.0760762095451355,
            -0.06732184439897537
        ],
        [
            0.058203861117362976,
            -0.07578298449516296,
            -0.06509596109390259
        ],
        [
            0.053607381880283356,
            -0.07584583014249802,
            -0.06825939565896988
        ],
        [
            0.07384327054023743,
            -0.04785443842411041,
            -0.034785881638526917
        ],
        [
            0.07570420950651169,
            -0.0387275330722332,
            -0.03493090718984604
        ],
        [
            0.062072932720184326,
            -0.051353633403778076,
            -0.04510276019573212
        ],
        [
            0.06618259102106094,
            -0.04622822254896164,
            -0.04146949201822281
        ],
        [
            0.06624101102352142,
            -0.051842398941516876,
            -0.03746914118528366
        ],
        [
            0.06202453374862671,
            -0.05555484816431999,
            -0.040255043655633926
        ],
        [
            0.06835684180259705,
            -0.022949131205677986,
            -0.04469839483499527
        ],
        [
            0.07543236762285233,
            -0.018767179921269417,
            -0.03631465882062912
        ],
        [
            0.07430640608072281,
            -0.025300495326519012,
            -0.03553382307291031
        ],
        [
            0.0672827884554863,
            -0.031554047018289566,
            -0.044452913105487823
        ],
        [
            0.07879622280597687,
            -0.005888059735298157,
            -0.04137447476387024
        ],
        [
            0.07115606218576431,
            -0.010938483290374279,
            -0.0489501953125
        ],
        [
            0.0739813968539238,
            -0.00305250845849514,
            -0.05086807906627655
        ],
        [
            0.07973310351371765,
            -0.0011067241430282593,
            -0.0457298718392849
        ],
        [
            0.05778595432639122,
            -0.022238539531826973,
            -0.059946268796920776
        ],
        [
            0.05362848937511444,
            -0.02512170746922493,
            -0.06387460976839066
        ],
        [
            0.05402839928865433,
            -0.022745594382286072,
            -0.06637716293334961
        ],
        [
            0.05850515142083168,
            -0.018955526873469353,
            -0.0606924444437027
        ],
        [
            0.09602461755275726,
            0.04009602963924408,
            0.007240854203701019
        ],
        [
            0.10449473559856415,
            0.035788603127002716,
            0.004554413259029388
        ],
        [
            0.05933013930916786,
            0.019464345648884773,
            -0.04183157905936241
        ],
        [
            0.06920139491558075,
            0.024422086775302887,
            -0.043788716197013855
        ],
        [
            0.06331124156713486,
            0.02231164276599884,
            -0.05473053455352783
        ],
        [
            0.053362760692834854,
            0.017733613029122353,
            -0.04991452768445015
        ],
        [
            0.07928038388490677,
            0.028715066611766815,
            0.003543160855770111
        ],
        [
            0.08357927203178406,
            0.034044213593006134,
            0.007436498999595642
        ],
        [
            0.05479394644498825,
            -0.07442253082990646,
            -0.07586651295423508
        ],
        [
            0.050231751054525375,
            -0.07301247119903564,
            -0.07306529581546783
        ],
        [
            0.10318406671285629,
            -0.043523021042346954,
            0.0075922757387161255
        ],
        [
            0.10438859462738037,
            -0.05710984766483307,
            -0.009205903857946396
        ],
        [
            0.10177230834960938,
            -0.03140385076403618,
            0.018485423177480698
        ],
        [
            0.10008956491947174,
            -0.02218858152627945,
            0.025162093341350555
        ],
        [
            0.1011362075805664,
            -0.015774965286254883,
            0.031541451811790466
        ],
        [
            0.0636957436800003,
            -0.04214703291654587,
            -0.046471815556287766
        ],
        [
            0.07719746977090836,
            -0.02972337044775486,
            -0.032665953040122986
        ],
        [
            0.08385253697633743,
            -0.012882808223366737,
            -0.029307272285223007
        ],
        [
            0.08982236683368683,
            0.013233162462711334,
            -0.04475967213511467
        ],
        [
            0.09666388481855392,
            0.01635306142270565,
            -0.03735561668872833
        ],
        [
            0.0944293886423111,
            0.0058926772326231,
            -0.03678951784968376
        ],
        [
            0.08834671229124069,
            0.005490027368068695,
            -0.043070584535598755
        ],
        [
            0.07765430212020874,
            0.023381641134619713,
            -0.04909197613596916
        ],
        [
            0.08152426779270172,
            0.017009031027555466,
            -0.05194423720240593
        ],
        [
            0.07619801163673401,
            0.01458936370909214,
            -0.05794994905591011
        ],
        [
            0.0719454288482666,
            0.02074558101594448,
            -0.056946977972984314
        ],
        [
            0.09022079408168793,
            -0.06571926921606064,
            -0.024703916162252426
        ],
        [
            0.08468954265117645,
            -0.058435551822185516,
            -0.010942652821540833
        ],
        [
            0.10421924293041229,
            0.028922948986291885,
            -0.010819360613822937
        ],
        [
            0.10794290900230408,
            0.02877815254032612,
            -0.0039018914103507996
        ],
        [
            0.11054015159606934,
            0.030879659578204155,
            0.003980711102485657
        ],
        [
            0.10140308737754822,
            -0.004903588443994522,
            -0.016792800277471542
        ],
        [
            0.1107783243060112,
            -0.0008514337241649628,
            -0.006831400096416473
        ],
        [
            0.11062228679656982,
            -0.005065929144620895,
            -0.00582195445895195
        ],
        [
            0.09982900321483612,
            -0.00758790597319603,
            -0.015256274491548538
        ],
        [
            0.09887222945690155,
            -0.022272814065217972,
            -0.019663970917463303
        ],
        [
            0.10995686054229736,
            -0.019403811544179916,
            -0.012605376541614532
        ],
        [
            0.0993826687335968,
            -0.03072507679462433,
            -0.02716880291700363
        ],
        [
            0.11432048678398132,
            -0.0016965381801128387,
            0.007665898650884628
        ],
        [
            0.118150994181633,
            0.007970552891492844,
            0.011458925902843475
        ],
        [
            0.11742711067199707,
            0.0004962868988513947,
            0.016352467238903046
        ],
        [
            0.1170910894870758,
            0.017028041183948517,
            0.007691055536270142
        ],
        [
            0.11467251181602478,
            0.02517399936914444,
            0.004822298884391785
        ],
        [
            0.0858103483915329,
            0.0396043062210083,
            0.013548411428928375
        ],
        [
            0.1151006817817688,
            -0.006305258721113205,
            0.020725838840007782
        ],
        [
            0.10765548795461655,
            -0.04777510464191437,
            -0.03409755602478981
        ],
        [
            0.10724705457687378,
            -0.05459577962756157,
            -0.03855207562446594
        ],
        [
            0.09991791844367981,
            -0.05211284011602402,
            -0.04056321084499359
        ],
        [
            0.09960058331489563,
            -0.045449212193489075,
            -0.03664229065179825
        ],
        [
            0.05126917362213135,
            -0.06041426211595535,
            -0.03536605462431908
        ],
        [
            0.05837630853056908,
            -0.059444643557071686,
            -0.037863731384277344
        ],
        [
            0.06369739770889282,
            -0.05695417895913124,
            -0.03303058072924614
        ],
        [
            0.10591037571430206,
            0.006360020488500595,
            -0.022877469658851624
        ],
        [
            0.10545828938484192,
            0.01902383752167225,
            -0.023895081132650375
        ],
        [
            0.0596529059112072,
            -0.04785439372062683,
            -0.05016014352440834
        ],
        [
            0.050279174000024796,
            -0.07432602345943451,
            -0.06467264890670776
        ],
        [
            0.05543120950460434,
            -0.07484513521194458,
            -0.061291489750146866
        ],
        [
            0.05170084536075592,
            -0.06628327816724777,
            -0.0460469014942646
        ],
        [
            0.04528915137052536,
            -0.0655936524271965,
            -0.049216482788324356
        ],
        [
            0.05255189538002014,
            -0.047930482774972916,
            -0.056770406663417816
        ],
        [
            0.05850562825798988,
            -0.04932815209031105,
            -0.052871011197566986
        ],
        [
            0.057858310639858246,
            -0.05005425214767456,
            -0.05444876104593277
        ],
        [
            0.05398121103644371,
            -0.04864620417356491,
            -0.059796880930662155
        ],
        [
            0.05778484791517258,
            -0.014203125610947609,
            -0.0662800669670105
        ],
        [
            0.0617971196770668,
            -0.011104174889624119,
            -0.061513207852840424
        ],
        [
            0.03739134222269058,
            -0.03726696968078613,
            -0.04215599596500397
        ],
        [
            0.03647085651755333,
            -0.048884350806474686,
            -0.033898159861564636
        ],
        [
            0.04410113766789436,
            -0.043842606246471405,
            -0.02418491244316101
        ],
        [
            0.07009018957614899,
            -0.015822844579815865,
            -0.04630588740110397
        ],
        [
            0.0638391524553299,
            -0.01886077970266342,
            -0.05413251370191574
        ],
        [
            0.06448857486248016,
            -0.014960561878979206,
            -0.05527567118406296
        ],
        [
            0.061004094779491425,
            -0.04054749384522438,
            -0.050094589591026306
        ],
        [
            0.05660007894039154,
            -0.044346392154693604,
            -0.05402512475848198
        ],
        [
            0.05699139088392258,
            -0.0396270826458931,
            -0.05376867204904556
        ],
        [
            0.061725273728370667,
            -0.035379666835069656,
            -0.05042571574449539
        ],
        [
            0.0754561573266983,
            0.027874158695340157,
            -0.03273296356201172
        ],
        [
            0.08518551290035248,
            0.026904834434390068,
            -0.03925447538495064
        ],
        [
            0.0642990916967392,
            -0.07281635701656342,
            -0.06471847742795944
        ],
        [
            0.062065571546554565,
            -0.07263023406267166,
            -0.06292452663183212
        ],
        [
            0.07702146470546722,
            -0.011885169893503189,
            -0.0380471870303154
        ],
        [
            0.05410624295473099,
            -0.03757500648498535,
            -0.014446765184402466
        ],
        [
            0.0850982517004013,
            -0.0077701471745967865,
            -0.031048346310853958
        ],
        [
            0.04653584212064743,
            0.0011798841878771782,
            -0.05790633708238602
        ],
        [
            0.053091708570718765,
            0.0015631737187504768,
            -0.06448487937450409
        ],
        [
            0.05183131620287895,
            -0.0018994375132024288,
            -0.06802424043416977
        ],
        [
            0.04594720900058746,
            -0.0023707482032477856,
            -0.06587694585323334
        ],
        [
            0.0560486800968647,
            -0.055526137351989746,
            -0.07128569483757019
        ],
        [
            0.061261024326086044,
            -0.057144150137901306,
            -0.0686468705534935
        ],
        [
            0.06124983727931976,
            -0.058159567415714264,
            -0.06957438588142395
        ],
        [
            0.05676392838358879,
            -0.05727227404713631,
            -0.0737297534942627
        ],
        [
            0.061009980738162994,
            -0.05259014666080475,
            -0.048526931554079056
        ],
        [
            0.06091443449258804,
            -0.05722164362668991,
            -0.0442061610519886
        ],
        [
            0.06134729087352753,
            -0.05866722762584686,
            -0.048033930361270905
        ],
        [
            0.060378000140190125,
            -0.053883589804172516,
            -0.051817234605550766
        ],
        [
            0.056930843740701675,
            -0.06129596382379532,
            -0.04153997451066971
        ],
        [
            0.05752317234873772,
            -0.06346118450164795,
            -0.045474786311388016
        ],
        [
            0.05015162006020546,
            -0.05792899802327156,
            -0.07314187288284302
        ],
        [
            0.04641537368297577,
            -0.06477587670087814,
            -0.07245516777038574
        ],
        [
            0.04156859591603279,
            -0.05508027598261833,
            -0.05875178426504135
        ],
        [
            0.04722026735544205,
            -0.0511561781167984,
            -0.06240566074848175
        ],
        [
            0.06436976790428162,
            0.010787373408675194,
            -0.01000547781586647
        ],
        [
            0.06863764673471451,
            0.02018747478723526,
            -0.014438189566135406
        ],
        [
            0.06179242208600044,
            0.015559537336230278,
            -0.027239058166742325
        ],
        [
            0.05417267978191376,
            0.011846950277686119,
            -0.039678916335105896
        ],
        [
            0.04796537384390831,
            0.007029447704553604,
            -0.05144045501947403
        ],
        [
            0.04100209102034569,
            -0.0020419685170054436,
            -0.04636167734861374
        ],
        [
            0.06618598103523254,
            0.02223743125796318,
            -0.02936321124434471
        ],
        [
            0.044216886162757874,
            -0.04242982715368271,
            -0.053340036422014236
        ],
        [
            0.039157118648290634,
            -0.047057587653398514,
            -0.048653826117515564
        ],
        [
            0.03936539962887764,
            -0.040161605924367905,
            -0.04917207360267639
        ],
        [
            0.08754883706569672,
            -0.0017721448093652725,
            -0.034836165606975555
        ],
        [
            0.0603034570813179,
            -0.07242453098297119,
            -0.059890732169151306
        ],
        [
            0.08101730048656464,
            -0.007620241492986679,
            0.02689039334654808
        ],
        [
            0.07642054557800293,
            0.0046393051743507385,
            0.022986948490142822
        ],
        [
            0.07321266084909439,
            -0.0010514110326766968,
            0.017062030732631683
        ],
        [
            0.07913166284561157,
            -0.015151657164096832,
            0.02088746428489685
        ],
        [
            0.06466314941644669,
            -0.062030401080846786,
            -0.06453454494476318
        ],
        [
            0.0642889067530632,
            -0.06745091080665588,
            -0.06074843183159828
        ],
        [
            0.06284794956445694,
            -0.005469546653330326,
            -0.06485796719789505
        ],
        [
            0.05879472568631172,
            -0.00869202520698309,
            -0.06839046627283096
        ],
        [
            0.0571434386074543,
            -0.005318362265825272,
            -0.06996811926364899
        ],
        [
            0.062378596514463425,
            -0.0014864648692309856,
            -0.06932684779167175
        ],
        [
            0.07220526784658432,
            0.024869894608855247,
            -0.01579080894589424
        ],
        [
            0.06262677907943726,
            0.020592520013451576,
            -0.0623258575797081
        ],
        [
            0.05271431803703308,
            0.016476014629006386,
            -0.05827712267637253
        ],
        [
            0.07444015890359879,
            0.02383539453148842,
            -0.003136970102787018
        ],
        [
            0.07024601846933365,
            0.015980498865246773,
            0.0010985881090164185
        ],
        [
            0.07453608512878418,
            0.02024964429438114,
            0.008817225694656372
        ],
        [
            0.037484362721443176,
            -0.016953952610492706,
            -0.048830546438694
        ],
        [
            0.06103239953517914,
            0.0027896203100681305,
            -0.008723132312297821
        ],
        [
            0.06805901974439621,
            0.008731886744499207,
            0.002680644392967224
        ],
        [
            0.07306461781263351,
            0.013496153056621552,
            0.01198878139257431
        ],
        [
            0.07615059614181519,
            0.01771436259150505,
            0.018543988466262817
        ],
        [
            0.07756112515926361,
            0.02463788352906704,
            0.01434546709060669
        ],
        [
            0.04726976156234741,
            -0.07033807039260864,
            -0.06898701936006546
        ],
        [
            0.049355216324329376,
            -0.0669843927025795,
            -0.07738633453845978
        ],
        [
            0.07962017506361008,
            0.030407831072807312,
            0.02111639827489853
        ],
        [
            0.07853810489177704,
            0.022139228880405426,
            0.02534196525812149
        ],
        [
            0.06675644963979721,
            -0.00014878436923027039,
            0.005053229629993439
        ],
        [
            0.0668376162648201,
            -0.011619117110967636,
            0.0074886903166770935
        ],
        [
            0.06022817641496658,
            -0.005625750869512558,
            -0.006188526749610901
        ],
        [
            0.059435054659843445,
            -0.017244145274162292,
            -0.00460510328412056
        ],
        [
            0.033026453107595444,
            -0.023929573595523834,
            -0.04138663783669472
        ],
        [
            0.06574399024248123,
            -0.06476756930351257,
            -0.08573943376541138
        ],
        [
            0.05612810701131821,
            -0.06268014758825302,
            -0.08078400045633316
        ],
        [
            0.05879712849855423,
            -0.05897360295057297,
            -0.07696211338043213
        ],
        [
            0.0664101392030716,
            -0.06100887432694435,
            -0.08364631235599518
        ],
        [
            0.05247719958424568,
            -0.06009508669376373,
            -0.07667943090200424
        ],
        [
            0.054147057235240936,
            -0.06820366531610489,
            -0.08029735088348389
        ],
        [
            0.06367137283086777,
            -0.03207096457481384,
            -0.002854384481906891
        ],
        [
            0.052518609911203384,
            -0.04257276654243469,
            -0.0568854920566082
        ],
        [
            0.07501117885112762,
            -0.028492063283920288,
            0.00981837883591652
        ],
        [
            0.06841732561588287,
            -0.049162909388542175,
            -0.0071032606065273285
        ],
        [
            0.07902292907238007,
            -0.04668238013982773,
            0.0010532066226005554
        ],
        [
            0.08816680312156677,
            -0.026151321828365326,
            0.0221950002014637
        ],
        [
            0.0900149792432785,
            -0.041049689054489136,
            0.012350544333457947
        ],
        [
            0.09120874851942062,
            -0.011258244514465332,
            0.03346136957406998
        ],
        [
