{
    "pred_cam": [
        2.931462287902832,
        -0.07950188964605331,
        0.0023410990834236145
    ],
    "pred_mano_params": {
        "global_orient": [
            [
                [
                    0.48080888390541077,
                    0.8764438629150391,
                    0.025865759700536728
                ],
                [
                    0.5574302077293396,
                    -0.28276413679122925,
                    -0.7805870175361633
                ],
                [
                    -0.6768267750740051,
                    0.3897314667701721,
                    -0.6245117783546448
                ]
            ]
        ],
        "hand_pose": [
            [
                [
                    0.7827821373939514,
                    -0.4825040102005005,
                    -0.39299115538597107
                ],
                [
                    0.5924403667449951,
                    0.7710801959037781,
                    0.23334476351737976
                ],
                [
                    0.190437912940979,
                    -0.41548189520835876,
                    0.8894426226615906
                ]
            ],
            [
                [
                    0.21978065371513367,
                    -0.9624873995780945,
                    -0.15910543501377106
                ],
                [
                    0.8352894186973572,
                    0.2699164152145386,
                    -0.4789956212043762
                ],
                [
                    0.5039724111557007,
                    -0.02762516774237156,
                    0.8632779717445374
                ]
            ],
            [
                [
                    0.18352310359477997,
                    -0.6347966194152832,
                    0.7505680918693542
                ],
                [
                    0.574946939945221,
                    0.6886349320411682,
                    0.4418347179889679
                ],
                [
                    -0.7973425984382629,
                    0.35044994950294495,
                    0.4913547933101654
                ]
            ],
            [
                [
                    0.5251627564430237,
                    -0.8408799767494202,
                    0.13086223602294922
                ],
                [
                    0.8202422261238098,
                    0.5411299467086792,
                    0.1854213923215866
                ],
                [
                    -0.226730614900589,
                    0.009962325915694237,
                    0.9739065766334534
                ]
            ],
            [
                [
                    0.5041474103927612,
                    -0.820390522480011,
                    -0.26980510354042053
                ],
                [
                    0.8368931412696838,
                    0.541210412979126,
                    -0.08186057955026627
                ],
                [
                    0.21317897737026215,
                    -0.18452823162078857,
                    0.9594290852546692
                ]
            ],
            [
                [
                    0.2094423621892929,
                    -0.9016951322555542,
                    0.3782588839530945
                ],
                [
                    0.8024032115936279,
                    0.37956616282463074,
                    0.460519939661026
                ],
                [
                    -0.5588228702545166,
                    0.20706377923488617,
                    0.8030202984809875
                ]
            ],
            [
                [
                    0.7091329097747803,
                    -0.5971530079841614,
                    0.37488511204719543
                ],
                [
                    0.5343258380889893,
                    0.8020508885383606,
                    0.2668527066707611
                ],
                [
                    -0.4600287973880768,
                    0.011076723225414753,
                    0.8878349661827087
                ]
            ],
            [
                [
                    0.9297096133232117,
                    -0.3467780351638794,
                    -0.12403634935617447
                ],
                [
                    0.3681723475456238,
                    0.8837422132492065,
                    0.28887516260147095
                ],
                [
                    0.009440605528652668,
                    -0.31423676013946533,
                    0.9492977261543274
                ]
            ],
            [
                [
                    0.5164259076118469,
                    -0.7933301329612732,
                    0.32238438725471497
                ],
                [
                    0.4236397445201874,
                    0.5638614296913147,
                    0.708935558795929
                ],
                [
                    -0.7442000508308411,
                    -0.2295377552509308,
                    0.6272788047790527
                ]
            ],
            [
                [
                    0.6811769604682922,
                    -0.7253769040107727,
                    0.09912770986557007
                ],
                [
                    0.7021052241325378,
                    0.6856067776679993,
                    0.19233202934265137
                ],
                [
                    -0.20747584104537964,
                    -0.06141405925154686,
                    0.9763104915618896
                ]
            ],
            [
                [
                    0.7071570754051208,
                    -0.6217090487480164,
                    -0.33675920963287354
                ],
                [
                    0.6914651989936829,
                    0.7075550556182861,
                    0.1457453966140747
                ],
                [
                    0.14766445755958557,
                    -0.33592215180397034,
                    0.9302427768707275
                ]
            ],
            [
                [
                    0.1416662633419037,
                    -0.9755181074142456,
                    0.16821113228797913
                ],
                [
                    0.5595508813858032,
                    0.21908672153949738,
                    0.799314558506012
                ],
                [
                    -0.8165987730026245,
                    -0.01911321096122265,
                    0.5768892168998718
                ]
            ],
            [
                [
                    0.9120577573776245,
                    0.4082094132900238,
                    -0.03893198445439339
                ],
                [
                    -0.21870455145835876,
                    0.4039335250854492,
                    -0.8882601261138916
                ],
                [
                    -0.34687021374702454,
                    0.8186591863632202,
                    0.45768797397613525
                ]
            ],
            [
                [
                    0.8276516199111938,
                    -0.5591417551040649,
                    -0.0485118106007576
                ],
                [
                    0.5431283116340637,
                    0.7761589288711548,
                    0.3202953040599823
                ],
                [
                    -0.1414376050233841,
                    -0.29144102334976196,
                    0.946074903011322
                ]
            ],
            [
                [
                    0.940254271030426,
                    -0.18607881665229797,
                    -0.28512540459632874
                ],
                [
                    -0.08754333108663559,
                    0.6771539449691772,
                    -0.7306153178215027
                ],
                [
                    0.3290258049964905,
                    0.7119250297546387,
                    0.6204069256782532
                ]
            ]
        ],
        "betas": [
            0.10130400955677032,
            -0.037372976541519165,
            0.02311721444129944,
            -0.046165138483047485,
            -0.030727237462997437,
            -0.027105849236249924,
            0.0012536942958831787,
            -0.01877981424331665,
            0.04535451531410217,
            -0.012584596872329712
        ]
    },
    "pred_cam_t": [
        -0.07950188964605331,
        0.0023410990834236145,
        13.325261116027832
    ],
    "focal_length": [
        5000.0,
        5000.0
    ],
    "pred_keypoints_3d": [
        [
            0.09518209099769592,
            0.006331218872219324,
            0.00617406889796257
        ],
        [
            0.07083997130393982,
            -0.022654131054878235,
            0.0003706282004714012
        ],
        [
            0.04818166047334671,
            -0.042536571621894836,
            -0.004889982752501965
        ],
        [
            0.023339059203863144,
            -0.052273064851760864,
            -0.000970388762652874
        ],
        [
            -0.0068414523266255856,
            -0.05272083729505539,
            0.017162101343274117
        ],
        [
            0.04906941205263138,
            -0.05701462924480438,
            0.05060790851712227
        ],
        [
            0.021610280498862267,
            -0.06374016404151917,
            0.06732045859098434
        ],
        [
            0.009820259176194668,
            -0.050208352506160736,
            0.054441407322883606
        ],
        [
            0.011293886229395866,
            -0.060158662497997284,
            0.03356194496154785
        ],
        [
            0.04852529242634773,
            -0.04309907928109169,
            0.0714133083820343
        ],
        [
            0.017273440957069397,
            -0.04758359119296074,
            0.0730459988117218
        ],
        [
            0.004697567783296108,
            -0.03138197213411331,
            0.06223158910870552
        ],
        [
            0.015014590695500374,
            -0.026619799435138702,
            0.04071611166000366
        ],
        [
            0.05193132162094116,
            -0.017174450680613518,
            0.07625754177570343
        ],
        [
            0.024803610518574715,
            -0.02415461465716362,
            0.08256302773952484
        ],
        [
            0.005598859861493111,
            -0.010865559801459312,
            0.07459573447704315
        ],
        [
            0.006842043250799179,
            -0.015492890030145645,
            0.05126320570707321
        ],
        [
            0.0524991974234581,
            0.004519662354141474,
            0.07550981640815735
        ],
        [
            0.03357774764299393,
            0.0012268908321857452,
            0.08407898992300034
        ],
        [
            0.014934305101633072,
            0.004049455281347036,
            0.08404739946126938
        ],
        [
            0.007813428528606892,
            0.002140405587852001,
            0.06773705780506134
        ]
    ],
    "pred_vertices": [
        [
            0.057647716253995895,
            -0.03111639991402626,
            0.02198350429534912
        ],
        [
            0.061646945774555206,
            -0.026015467941761017,
            0.015374567359685898
        ],
        [
            0.054995618760585785,
            -0.034484829753637314,
            0.013969026505947113
        ],
        [
            0.05252976343035698,
            -0.03980713710188866,
            0.01972072385251522
        ],
        [
            0.05338304117321968,
            -0.017531313002109528,
            0.0023711081594228745
        ],
        [
            0.05553124099969864,
            -0.016791872680187225,
            -0.009769530966877937
        ],
        [
            0.04420752450823784,
            -0.027803190052509308,
            -0.008794963359832764
        ],
        [
            0.04401504993438721,
            -0.02598007768392563,
            0.0015621501952409744
        ],
        [
            0.04977745562791824,
            -0.047649696469306946,
            0.01811613142490387
        ],
        [
            0.04941583424806595,
            -0.04026707261800766,
            0.01274188794195652
        ],
        [
            0.0512249581515789,
            -0.05208075791597366,
            0.015381267294287682
        ],
        [
            0.05660131201148033,
            -0.05915101617574692,
            0.024512281641364098
        ],
        [
            0.05171368271112442,
            -0.053532861173152924,
            0.02537018060684204
        ],
        [
            0.0572340190410614,
            -0.06258091330528259,
            0.033342745155096054
        ],
        [
            0.06720605492591858,
            -0.058574751019477844,
            0.022286783903837204
        ],
        [
            0.06489148736000061,
            -0.06225842982530594,
            0.03899811953306198
        ],
        [
            0.08291924744844437,
            -0.038068562746047974,
            0.04138534143567085
        ],
        [
            0.08486323058605194,
            -0.025953948497772217,
            0.047851912677288055
        ],
        [
            0.07627096772193909,
            -0.03385132551193237,
            0.0611567460000515
        ],
        [
            0.0742688700556755,
            -0.045005932450294495,
            0.05301375314593315
        ],
        [
            0.07761135697364807,
            -0.012984136119484901,
            0.06292134523391724
        ],
        [
            0.07650126516819,
            -0.024779992178082466,
            0.0626857578754425
        ],
        [
            0.08618724346160889,
            -0.017362676560878754,
            0.05012822151184082
        ],
        [
            0.08655118197202682,
            -0.00718996487557888,
            0.05101582407951355
        ],
        [
            0.06326987594366074,
            -0.014941297471523285,
            0.026516076177358627
        ],
        [
            0.06763219088315964,
            -0.008758001029491425,
            0.019340548664331436
        ],
        [
            0.06691333651542664,
            -0.015608575195074081,
            0.017912443727254868
        ],
        [
            0.06225520744919777,
            -0.020670142024755478,
            0.024393372237682343
        ],
        [
            0.04685339704155922,
            -0.05469021946191788,
            0.0019448231905698776
        ],
        [
            0.06043986603617668,
            -0.054574087262153625,
            0.0037400610744953156
        ],
        [
            0.056734904646873474,
            -0.055408354848623276,
            0.010763188824057579
        ],
        [
            0.04445115476846695,
            -0.052225083112716675,
            0.00601198710501194
        ],
        [
            0.07313384115695953,
            0.015799347311258316,
            0.004064969718456268
        ],
        [
            0.08408742398023605,
            0.01889408752322197,
            -0.0030874088406562805
        ],
        [
            0.08434583246707916,
            0.013874448835849762,
            -0.005924686789512634
        ],
        [
            0.07468727976083755,
            0.011900465935468674,
            0.0017007961869239807
        ],
        [
            0.07450461387634277,
            -0.003915071487426758,
            -0.012790806591510773
        ],
        [
            0.08498981595039368,
            -0.00034802407026290894,
            -0.015401065349578857
        ],
        [
            0.09516168385744095,
            -0.007586825639009476,
            -0.0215284526348114
        ],
        [
            0.08679985255002975,
            -0.013369616121053696,
            -0.019177265465259552
        ],
        [
            0.06398516893386841,
            -0.01014748215675354,
            -0.010240256786346436
        ],
        [
            0.07338927686214447,
            -0.016971908509731293,
            -0.018589600920677185
        ],
        [
            0.061711154878139496,
            -0.022023864090442657,
            -0.017595261335372925
        ],
        [
            0.04735232889652252,
            -0.03235594555735588,
            -0.01642250083386898
        ],
        [
            0.08613160997629166,
            0.02897629141807556,
            0.0044242143630981445
        ],
        [
            0.07800931483507156,
            0.02839694544672966,
            0.010428301990032196
        ],
        [
            0.020825184881687164,
            -0.06439636647701263,
            0.05169530212879181
        ],
        [
            0.02309887483716011,
            -0.05862429365515709,
            0.05281558632850647
        ],
        [
            0.024233462288975716,
            -0.06107744574546814,
            0.051888540387153625
        ],
        [
            0.02295064553618431,
            -0.06629583239555359,
            0.05139089375734329
        ],
        [
            0.0950465202331543,
            0.031077813357114792,
            0.022277086973190308
        ],
        [
            0.10304044187068939,
            0.026754749938845634,
            0.02653469517827034
        ],
        [
            0.10553865879774094,
            0.031194107607007027,
            0.021372325718402863
        ],
        [
            0.09827377647161484,
            0.03385566547513008,
            0.01608669012784958
        ],
        [
            0.0906880646944046,
            0.027283962815999985,
            0.030365291982889175
        ],
        [
            0.09901180863380432,
            0.020344171673059464,
            0.03318550065159798
        ],
        [
            0.015959495678544044,
            -0.06756561994552612,
            0.06293646991252899
        ],
        [
            0.016222521662712097,
            -0.06878823786973953,
            0.05746794864535332
        ],
        [
            0.020590070635080338,
            -0.07113562524318695,
            0.05947519838809967
        ],
        [
            0.021612798795104027,
            -0.06962466239929199,
            0.06581314653158188
        ],
        [
            0.050437990576028824,
            -0.04524732008576393,
            0.026515299454331398
        ],
        [
            0.05264023691415787,
            -0.035710837692022324,
            0.028680579736828804
        ],
        [
            0.043810728937387466,
            -0.0529174879193306,
            0.040200505405664444
        ],
        [
            0.0477040633559227,
            -0.04491747170686722,
            0.037325017154216766
        ],
        [
            0.04901046305894852,
            -0.05126970261335373,
            0.03306384012103081
        ],
        [
            0.046795494854450226,
            -0.05734182149171829,
            0.03731151670217514
        ],
        [
            0.05319574475288391,
            -0.022967929020524025,
            0.04515215754508972
        ],
        [
            0.058876171708106995,
            -0.01757325977087021,
            0.03659525141119957
        ],
        [
            0.05754990503191948,
            -0.023970525711774826,
            0.03487081080675125
        ],
        [
            0.050516463816165924,
            -0.030877897515892982,
            0.043089359998703
        ],
        [
            0.058288946747779846,
            -0.00411977618932724,
            0.040820635855197906
        ],
        [
            0.053130678832530975,
            -0.010664185509085655,
            0.04909275472164154
        ],
        [
            0.053436558693647385,
            -0.002264413982629776,
            0.050573330372571945
        ],
        [
            0.056185755878686905,
            0.0011681672185659409,
            0.043973639607429504
        ],
        [
            0.04546714201569557,
            -0.024384092539548874,
            0.062120672315359116
        ],
        [
            0.042914897203445435,
            -0.027782568708062172,
            0.06680506467819214
        ],
        [
            0.0422174446284771,
            -0.025936590507626534,
            0.06733670085668564
        ],
        [
            0.04588599503040314,
            -0.02117098867893219,
            0.06265775859355927
        ],
        [
            0.10896088182926178,
            0.03490028157830238,
            0.01643088459968567
        ],
        [
            0.10168811678886414,
            0.03560515493154526,
            0.009936824440956116
        ],
        [
            0.07560662180185318,
            0.008475571870803833,
            0.06413815915584564
        ],
        [
            0.07194550335407257,
            0.017863621935248375,
            0.059425946325063705
        ],
        [
            0.06474520266056061,
            0.014862984418869019,
            0.0700942799448967
        ],
        [
            0.07084888219833374,
            0.005389634519815445,
            0.07267986238002777
        ],
        [
            0.10828759521245956,
            0.017947372049093246,
            0.02766990289092064
        ],
        [
            0.11182856559753418,
            0.023870382457971573,
            0.024003934115171432
        ],
        [
            0.01741851307451725,
            -0.06353168934583664,
            0.06859713047742844
        ],
        [
            0.02222532220184803,
            -0.06479139626026154,
            0.07139386236667633
        ],
        [
            0.07337019592523575,
            -0.028999414294958115,
            -0.01804053597152233
        ],
        [
            0.05419789254665375,
            -0.03933267295360565,
            -0.018238816410303116
        ],
        [
            0.08759798109531403,
            -0.021913927048444748,
            -0.017040465027093887
        ],
        [
            0.09754164516925812,
            -0.017232581973075867,
            -0.016146834939718246
        ],
        [
            0.10524730384349823,
            -0.01338089257478714,
            -0.01833473891019821
        ],
        [
            0.04592936486005783,
            -0.04165331646800041,
            0.04278799518942833
        ],
        [
            0.057236045598983765,
            -0.027299366891384125,
            0.02948247268795967
        ],
        [
            0.06357283145189285,
            -0.00989602878689766,
            0.028259161859750748
        ],
        [
            0.058566704392433167,
            0.017953936010599136,
            0.040277574211359024
        ],
        [
            0.06314132362604141,
            0.022509654983878136,
            0.03199009224772453
        ],
        [
            0.060486339032649994,
            0.012405287474393845,
            0.030085299164056778
        ],
        [
            0.05757072567939758,
            0.010349288582801819,
            0.038039349019527435
        ],
        [
            0.06380501389503479,
            0.0217744130641222,
            0.05552779138088226
        ],
        [
            0.05736889690160751,
            0.018556514754891396,
            0.05203293636441231
        ],
        [
            0.05360480770468712,
            0.015114927664399147,
            0.059529032558202744
        ],
        [
            0.058697015047073364,
            0.018158676102757454,
            0.06438200175762177
        ],
        [
            0.04655911773443222,
            -0.05575619637966156,
            -0.005875973030924797
        ],
        [
            0.0626152753829956,
            -0.0527782067656517,
            -0.003628849983215332
        ],
        [
            0.08661104738712311,
            0.032169755548238754,
            0.016077429056167603
        ],
        [
            0.09070304781198502,
            0.032620154321193695,
            0.009535759687423706
        ],
        [
            0.09687785804271698,
            0.034368082880973816,
            0.004031039774417877
        ],
        [
            0.069875068962574,
            0.0026886239647865295,
            0.01104462519288063
        ],
        [
            0.07560203969478607,
            0.009237721562385559,
            6.794929504394531e-05
        ],
        [
            0.07458139955997467,
            0.005254283547401428,
            -0.0011352598667144775
        ],
        [
            0.07067272067070007,
            -0.0011088848114013672,
            0.010880161076784134
        ],
        [
            0.06250685453414917,
            -0.01758955791592598,
            0.01116938330233097
        ],
        [
            0.06347156316041946,
            -0.00836820900440216,
            0.0016233399510383606
        ],
        [
            0.05388004332780838,
            -0.025482721626758575,
            0.011358782649040222
        ],
        [
            0.08552737534046173,
            0.00801190733909607,
            -0.01086193323135376
        ],
        [
            0.09101638197898865,
            0.01718369871377945,
            -0.013080619275569916
        ],
        [
            0.09237158298492432,
            0.009758040308952332,
            -0.017488054931163788
        ],
        [
            0.0919056311249733,
            0.02501460537314415,
            -0.007371552288532257
        ],
        [
            0.09368526935577393,
            0.03132779896259308,
            -0.0014127716422080994
        ],
        [
            0.11807939410209656,
            0.028639931231737137,
            0.02082790434360504
        ],
        [
            0.09433440864086151,
            0.0022077560424804688,
            -0.0201418474316597
        ],
        [
            0.03834046423435211,
            -0.032529424875974655,
            0.0001700185239315033
        ],
        [
            0.03244772553443909,
            -0.03697606548666954,
            -0.000993773341178894
        ],
        [
            0.035936444997787476,
            -0.04045696184039116,
            0.005343534052371979
        ],
        [
            0.04205488786101341,
            -0.03641887754201889,
            0.0071726273745298386
        ],
        [
            0.054862216114997864,
            -0.06568267941474915,
            0.043347664177417755
        ],
        [
            0.049629054963588715,
            -0.0628470927476883,
            0.03869277611374855
        ],
        [
            0.05242426320910454,
            -0.05819634348154068,
            0.030520910397171974
        ],
        [
            0.06745748221874237,
            0.015743710100650787,
            0.01401904970407486
        ],
        [
            0.07167688012123108,
            0.026522081345319748,
            0.018914468586444855
        ],
        [
            0.04174351319670677,
            -0.04978564754128456,
            0.04495113343000412
        ],
        [
            0.027726532891392708,
            -0.07005086541175842,
            0.06643620133399963
        ],
        [
            0.02664485201239586,
            -0.07262962311506271,
            0.06015334278345108
        ],
        [
            0.0432761088013649,
            -0.06963041424751282,
            0.05389437451958656
        ],
        [
            0.044518571346998215,
            -0.06758609414100647,
            0.060499221086502075
        ],
        [
            0.04001898318529129,
            -0.049616653472185135,
            0.053795550018548965
        ],
        [
            0.03920575603842735,
            -0.05199266970157623,
            0.04698127135634422
        ],
        [
            0.03807492181658745,
            -0.05202233046293259,
            0.04858763888478279
        ],
        [
            0.03662104532122612,
            -0.04848640784621239,
            0.05413633584976196
        ],
        [
            0.04372313618659973,
            -0.016962949186563492,
            0.06716399639844894
        ],
        [
            0.04685641825199127,
            -0.012666991911828518,
            0.06326885521411896
        ],
        [
            0.06248971447348595,
            -0.0491393506526947,
            0.0628662258386612
        ],
        [
            0.06578738987445831,
            -0.059570394456386566,
            0.055867016315460205
        ],
        [
            0.07227633148431778,
            -0.055603932589292526,
            0.045117318630218506
        ],
        [
            0.05390627309679985,
            -0.01579096168279648,
            0.0469462014734745
        ],
        [
            0.04886091127991676,
            -0.019897494465112686,
            0.05500924214720726
        ],
        [
            0.04912825673818588,
            -0.016043545678257942,
            0.05635786056518555
        ],
        [
            0.04472993686795235,
            -0.04074916988611221,
            0.04725524038076401
        ],
        [
            0.041543733328580856,
            -0.045929476618766785,
            0.05019929260015488
        ],
        [
            0.04411502927541733,
            -0.04063160717487335,
            0.053162429481744766
        ],
        [
            0.04641824960708618,
            -0.03564925119280815,
            0.04931385815143585
        ],
        [
            0.07969870418310165,
            0.021639259532094002,
            0.049459006637334824
        ],
        [
            0.07011041790246964,
            0.02648945525288582,
            0.045177895575761795
        ],
        [
            0.018190564587712288,
            -0.06773760169744492,
            0.05351162701845169
        ],
        [
            0.021496014669537544,
            -0.07012654840946198,
            0.05406564474105835
        ],
        [
            0.05944598466157913,
            -0.010638812556862831,
            0.0385061614215374
        ],
        [
            0.0788450539112091,
            -0.047537773847579956,
            0.03379465267062187
        ],
        [
            0.06358802318572998,
            -0.004606805741786957,
            0.029884222894906998
        ],
        [
            0.06035097688436508,
            -0.01033475436270237,
            0.07686539739370346
        ],
        [
            0.053459931164979935,
            -0.006538042798638344,
            0.07554997503757477
        ],
        [
            0.04841548949480057,
            -0.009525129571557045,
            0.07683448493480682
        ],
        [
            0.05201681703329086,
            -0.012862153351306915,
            0.08005885779857635
        ],
        [
            0.026221919804811478,
            -0.05047333240509033,
            0.06028164178133011
        ],
        [
            0.024516195058822632,
            -0.05367125943303108,
            0.055018045008182526
        ],
        [
            0.025414863601326942,
            -0.055778857320547104,
            0.05542740970849991
        ],
        [
            0.026036694645881653,
            -0.052458152174949646,
            0.06098772585391998
        ],
        [
            0.040460873395204544,
            -0.05632229521870613,
            0.0433758944272995
        ],
        [
            0.043097980320453644,
            -0.06123974919319153,
            0.041665371507406235
        ],
        [
            0.03886042535305023,
            -0.06256477534770966,
            0.04484904929995537
        ],
        [
            0.03769981861114502,
            -0.056736599653959274,
            0.04627247899770737
        ],
        [
            0.046187322586774826,
            -0.06602968275547028,
            0.04476720467209816
        ],
        [
            0.041532762348651886,
            -0.06750756502151489,
            0.04817483574151993
        ],
        [
            0.02762899175286293,
            -0.05165960639715195,
            0.06676024943590164
        ],
        [
            0.027761168777942657,
            -0.05799252912402153,
            0.07163242995738983
        ],
        [
            0.042725853621959686,
            -0.05428318306803703,
            0.06596304476261139
        ],
        [
            0.03792045637965202,
            -0.04928762465715408,
            0.06173843517899513
        ],
        [
            0.09621746838092804,
            -0.0019631870090961456,
            0.04060128703713417
        ],
        [
            0.0944802463054657,
            0.008794225752353668,
            0.04261208325624466
        ],
        [
            0.08493557572364807,
            0.0038834214210510254,
            0.053130168467760086
        ],
        [
            0.07646068930625916,
            -0.000669039785861969,
            0.06448458135128021
        ],
        [
            0.06765668839216232,
            -0.005695919506251812,
            0.07418625801801682
        ],
        [
            0.07072596251964569,
            -0.01746249943971634,
            0.07394496351480484
        ],
        [
            0.08403423428535461,
            0.011983480304479599,
            0.05301745980978012
        ],
        [
            0.049035701900720596,
            -0.04738888517022133,
            0.060730524361133575
        ],
        [
            0.05395294725894928,
            -0.053181588649749756,
            0.06190835312008858
        ],
        [
            0.054984480142593384,
            -0.04912285506725311,
            0.06332249939441681
        ],
        [
            0.06181756407022476,
            0.002323143184185028,
            0.031920745968818665
        ],
        [
            0.02608048915863037,
            -0.07114724069833755,
            0.05488906055688858
        ],
        [
            0.11283765733242035,
            -0.015655536204576492,
            0.0022040605545043945
        ],
        [
            0.11615116894245148,
            -0.007084164768457413,
            0.011873725801706314
        ],
        [
            0.11036258935928345,
            -0.012416169047355652,
            0.015647277235984802
        ],
        [
            0.10579048842191696,
            -0.021493960171937943,
            0.00414518266916275
        ],
        [
            0.023828841745853424,
            -0.059842128306627274,
            0.0512700192630291
        ],
        [
            0.025005532428622246,
            -0.06655824929475784,
            0.050916366279125214
        ],
        [
            0.04581734538078308,
            -0.006856120191514492,
            0.06632380187511444
        ],
        [
            0.043274831026792526,
            -0.011601566337049007,
            0.06948883831501007
        ],
        [
            0.04353748634457588,
            -0.009928601793944836,
            0.07244861871004105
        ],
        [
            0.043951958417892456,
            -0.003712075762450695,
            0.07044398039579391
        ],
        [
            0.09374573081731796,
            0.01463908888399601,
            0.04205337539315224
        ],
        [
            0.05812254548072815,
            0.012721512466669083,
            0.075532928109169
        ],
        [
            0.06422274559736252,
            0.004495143890380859,
            0.07786533236503601
        ],
        [
            0.1028616726398468,
            0.012660443782806396,
            0.03337225317955017
        ],
        [
            0.10500228404998779,
            0.0032937191426753998,
            0.03190665692090988
        ],
        [
            0.11129036545753479,
            0.007628507912158966,
            0.025896508246660233
        ],
        [
            0.0645158514380455,
            -0.03155404329299927,
            0.07343422621488571
        ],
        [
            0.09555234760046005,
            -0.01055208221077919,
            0.039993710815906525
        ],
        [
            0.10439309477806091,
            -0.0041602179408073425,
            0.030465081334114075
        ],
        [
            0.11186518520116806,
            0.0006848201155662537,
            0.023199301213026047
        ],
        [
            0.1176842674612999,
            0.004599757492542267,
            0.01869003102183342
        ],
        [
            0.11631015688180923,
            0.011871382594108582,
            0.022000163793563843
        ],
        [
            0.02778700739145279,
            -0.06453245133161545,
            0.0704616904258728
        ],
        [
            0.022827554494142532,
            -0.057860005646944046,
            0.0721220150589943
        ],
        [
            0.12326102703809738,
            0.016627199947834015,
            0.018650412559509277
        ],
        [
            0.12400726974010468,
            0.008360806852579117,
            0.014613982290029526
        ],
        [
            0.10339058935642242,
            -0.012717965990304947,
            0.027342069894075394
        ],
        [
            0.10112468898296356,
            -0.02261728048324585,
            0.021968696266412735
        ],
        [
            0.09471242129802704,
            -0.018498200923204422,
            0.036611348390579224
        ],
        [
            0.09196927398443222,
            -0.02900354564189911,
            0.03240986913442612
        ],
        [
            0.06942375004291534,
            -0.041081029921770096,
            0.07088837027549744
        ],
        [
            0.013840576633810997,
            -0.04756726324558258,
            0.06249965727329254
        ],
        [
            0.021156881004571915,
            -0.051185499876737595,
            0.06685797870159149
        ],
        [
            0.02418646588921547,
            -0.05058218538761139,
            0.061890214681625366
        ],
        [
            0.016406135633587837,
            -0.04561205953359604,
            0.05995936691761017
        ],
        [
            0.025327879935503006,
            -0.05298416316509247,
            0.06674987822771072
        ],
        [
            0.01888878643512726,
            -0.055796992033720016,
            0.06964296847581863
        ],
        [
            0.08656228333711624,
            -0.03982530161738396,
            0.02196715958416462
        ],
        [
            0.04285130649805069,
            -0.043597523123025894,
            0.05658499151468277
        ],
        [
            0.09360432624816895,
            -0.03240441903471947,
            0.0074359215795993805
        ],
        [
            0.07558845728635788,
            -0.05245063081383705,
            0.012488901615142822
        ],
        [
            0.07850279659032822,
            -0.045115359127521515,
            0.000812925398349762
        ],
        [
            0.09877467155456543,
            -0.025114215910434723,
            -0.007519468665122986
        ],
        [
            0.08439460396766663,
            -0.034403931349515915,
            -0.010671965777873993
        ],
        [
            0.11275678873062134,
            -0.014927934855222702,
            -0.010260842740535736
        ],
        [
            0.10640951991081238,
            -0.019701216369867325,
            -0.007206916809082031
        ],
        [
