{
    "pred_cam": [
        7.261479377746582,
        0.14432355761528015,
        0.006173249334096909
    ],
    "pred_mano_params": {
        "global_orient": [
            [
                [
                    -0.8908334970474243,
                    -0.172880619764328,
                    -0.42015230655670166
                ],
                [
                    0.45227357745170593,
                    -0.42533034086227417,
                    -0.7839277386665344
                ],
                [
                    -0.043177567422389984,
                    -0.8883728981018066,
                    0.45708784461021423
                ]
            ]
        ],
        "hand_pose": [
            [
                [
                    0.9423669576644897,
                    -0.3092425763607025,
                    -0.12772409617900848
                ],
                [
                    0.3150700032711029,
                    0.9486625790596008,
                    0.027752866968512535
                ],
                [
                    0.11258470267057419,
                    -0.06639542430639267,
                    0.9914213418960571
                ]
            ],
            [
                [
                    0.7275281548500061,
                    -0.6630251407623291,
                    0.17635339498519897
                ],
                [
                    0.6855539083480835,
                    0.6925016641616821,
                    -0.22462698817253113
                ],
                [
                    0.02680831402540207,
                    0.28432220220565796,
                    0.9583539366722107
                ]
            ],
            [
                [
                    0.8029088377952576,
                    -0.5431917309761047,
                    0.2455202341079712
                ],
                [
                    0.5053865313529968,
                    0.8387125134468079,
                    0.20284438133239746
                ],
                [
                    -0.3161042630672455,
                    -0.03878292441368103,
                    0.9479314684867859
                ]
            ],
            [
                [
                    0.9528290629386902,
                    -0.29034972190856934,
                    -0.08839541673660278
                ],
                [
                    0.2922971844673157,
                    0.9562788009643555,
                    0.0096609340980649
                ],
                [
                    0.0817256048321724,
                    -0.03504294902086258,
                    0.9960386157035828
                ]
            ],
            [
                [
                    0.8174841403961182,
                    -0.5557456016540527,
                    -0.15121643245220184
                ],
                [
                    0.5759473443031311,
                    0.7878624200820923,
                    0.21807654201984406
                ],
                [
                    -0.0020573358051478863,
                    -0.2653668522834778,
                    0.9641452431678772
                ]
            ],
            [
                [
                    0.7752789258956909,
                    -0.6127533316612244,
                    0.15321852266788483
                ],
                [
                    0.6109963059425354,
                    0.7890462279319763,
                    0.06394924223423004
                ],
                [
                    -0.1600816249847412,
                    0.04403745010495186,
                    0.9861209392547607
                ]
            ],
            [
                [
                    0.9585534334182739,
                    -0.28480008244514465,
                    -0.008008559234440327
                ],
                [
                    0.2835932970046997,
                    0.9564397931098938,
                    -0.06926659494638443
                ],
                [
                    0.027386831119656563,
                    0.06412456184625626,
                    0.9975660443305969
                ]
            ],
            [
                [
                    0.9146167635917664,
                    -0.40175914764404297,
                    0.04545100778341293
                ],
                [
                    0.33972907066345215,
                    0.8245813846588135,
                    0.45238223671913147
                ],
                [
                    -0.21922676265239716,
                    -0.39831534028053284,
                    0.8906652331352234
                ]
            ],
            [
                [
                    0.8996710777282715,
                    -0.43053925037384033,
                    0.07230453938245773
                ],
                [
                    0.32656851410865784,
                    0.7736065983772278,
                    0.5430338978767395
                ],
                [
                    -0.2897326946258545,
                    -0.4649394452571869,
                    0.8365920186042786
                ]
            ],
            [
                [
                    0.9367941617965698,
                    -0.29772257804870605,
                    -0.183787539601326
                ],
                [
                    0.28007692098617554,
                    0.9529328346252441,
                    -0.11608600616455078
                ],
                [
                    0.2096986025571823,
                    0.05727405473589897,
                    0.9760871529579163
                ]
            ],
            [
                [
                    0.8334847092628479,
                    -0.552527904510498,
                    -0.004029387142509222
                ],
                [
                    0.47783133387565613,
                    0.7171053290367126,
                    0.5073828101158142
                ],
                [
                    -0.27745363116264343,
                    -0.4248211681842804,
                    0.8617114424705505
                ]
            ],
            [
                [
                    0.7097859978675842,
                    -0.6997878551483154,
                    0.08062655478715897
                ],
                [
                    0.662455141544342,
                    0.702031672000885,
                    0.26135170459747314
                ],
                [
                    -0.23949317634105682,
                    -0.13209232687950134,
                    0.9618703126907349
                ]
            ],
            [
                [
                    0.8939446806907654,
                    0.19169995188713074,
                    -0.40510988235473633
                ],
                [
                    -0.4142727255821228,
                    0.6983239054679871,
                    -0.5837137699127197
                ],
                [
                    0.17100003361701965,
                    0.6896337866783142,
                    0.7036790251731873
                ]
            ],
            [
                [
                    0.9127853512763977,
                    -0.36029067635536194,
                    -0.1923888623714447
                ],
                [
                    0.40822306275367737,
                    0.8200881481170654,
                    0.4010104238986969
                ],
                [
                    0.01329550240188837,
                    -0.4445740282535553,
                    0.895643413066864
                ]
            ],
            [
                [
                    0.6492558121681213,
                    -0.7403558492660522,
                    0.17418387532234192
                ],
                [
                    0.7471294403076172,
                    0.5779672265052795,
                    -0.3282551169395447
                ],
                [
                    0.14235304296016693,
                    0.3432594835758209,
                    0.9283902049064636
                ]
            ]
        ],
        "betas": [
            -0.12835001945495605,
            -0.16948482394218445,
            0.04085347056388855,
            -0.1325186789035797,
            0.054663658142089844,
            -0.011700015515089035,
            0.04062160849571228,
            -0.052101194858551025,
            -0.02230963110923767,
            -0.06485772132873535
        ]
    },
    "pred_cam_t": [
        -0.14432355761528015,
        0.006173249334096909,
        5.379413604736328
    ],
    "focal_length": [
        5000.0,
        5000.0
    ],
    "pred_keypoints_3d": [
        [
            0.09631916135549545,
            0.00643513398244977,
            0.006270852871239185
        ],
        [
            0.1096113994717598,
            -0.018270637840032578,
            0.03304888308048248
        ],
        [
            0.12871703505516052,
            -0.03935403376817703,
            0.04515520855784416
        ],
        [
            0.1526644378900528,
            -0.050390444695949554,
            0.0519404262304306
        ],
        [
            0.17168062925338745,
            -0.04969314858317375,
            0.07991054654121399
        ],
        [
            0.1673804670572281,
            -0.047651007771492004,
            0.024224214255809784
        ],
        [
            0.19814246892929077,
            -0.058235425502061844,
            0.030638013035058975
        ],
        [
            0.21065425872802734,
            -0.05248533561825752,
            0.04819091409444809
        ],
        [
            0.21133403480052948,
            -0.04447133466601372,
            0.07140622287988663
        ],
        [
            0.18286681175231934,
            -0.033328816294670105,
            0.01015140488743782
        ],
        [
            0.21429257094860077,
            -0.037300460040569305,
            0.01434702705591917
        ],
        [
            0.23019728064537048,
            -0.030938277021050453,
            0.030372105538845062
        ],
        [
            0.23636473715305328,
            -0.02503536269068718,
            0.05442022532224655
        ],
        [
            0.18168821930885315,
            -0.008050808683037758,
            0.0010095806792378426
        ],
        [
            0.21078474819660187,
            -0.009264271706342697,
            0.0019489864353090525
        ],
        [
            0.2276098132133484,
            -0.0028255274519324303,
            0.019284013658761978
        ],
        [
            0.23155246675014496,
            0.00021511316299438477,
            0.0438651442527771
        ],
        [
            0.17815595865249634,
            0.013488192111253738,
            -0.001759829930961132
        ],
        [
            0.19893093407154083,
            0.01796979457139969,
            -0.0035052746534347534
        ],
        [
            0.2140248566865921,
            0.02407514676451683,
            0.006531666964292526
        ],
        [
            0.22171607613563538,
            0.026483112946152687,
            0.02467789500951767
        ]
    ],
    "pred_vertices": [
        [
            0.13646818697452545,
            -0.02127477526664734,
            0.030011828988790512
        ],
        [
            0.1276100128889084,
            -0.014876026660203934,
            0.03048994578421116
        ],
        [
            0.13309648633003235,
            -0.02227293699979782,
            0.03544741868972778
        ],
        [
            0.13956935703754425,
            -0.028190722689032555,
            0.03511599823832512
        ],
        [
            0.12038832902908325,
            -0.012765612453222275,
            0.047625988721847534
        ],
        [
            0.11011489480733871,
            -0.01709066703915596,
            0.05319054797291756
        ],
        [
            0.12332326918840408,
            -0.028627850115299225,
            0.05669085681438446
        ],
        [
            0.13028059899806976,
            -0.02258278802037239,
            0.05177106335759163
        ],
        [
            0.1421929895877838,
            -0.035382337868213654,
            0.036925360560417175
        ],
        [
            0.13780683279037476,
            -0.028451204299926758,
            0.0391397699713707
        ],
        [
            0.14087983965873718,
            -0.04032956436276436,
            0.03401656448841095
        ],
        [
            0.1442299336194992,
            -0.048991937190294266,
            0.029035385698080063
        ],
        [
            0.14652615785598755,
            -0.04280339926481247,
            0.033755332231521606
        ],
        [
            0.1502264142036438,
            -0.053172238171100616,
            0.026364685967564583
        ],
        [
            0.13604897260665894,
            -0.05087306722998619,
            0.021647896617650986
        ],
        [
            0.1494169384241104,
            -0.05399773269891739,
            0.01703713834285736
        ],
        [
            0.13733279705047607,
            -0.034400030970573425,
            8.894316852092743e-05
        ],
        [
            0.13971008360385895,
            -0.022866830229759216,
            -0.006397200748324394
        ],
        [
            0.1554184854030609,
            -0.028443947434425354,
            -0.00560111366212368
        ],
        [
            0.15187186002731323,
            -0.03927512466907501,
            0.001631738618016243
        ],
        [
            0.15362413227558136,
            -0.008361535146832466,
            -0.010667374357581139
        ],
        [
            0.15564724802970886,
            -0.019771669059991837,
            -0.008160226047039032
        ],
        [
            0.13970208168029785,
            -0.014549939893186092,
            -0.009995306842029095
        ],
        [
            0.13890618085861206,
            -0.004445809870958328,
            -0.012096086516976357
        ],
        [
            0.1343192309141159,
            -0.008244331926107407,
            0.022034283727407455
        ],
        [
            0.12478776276111603,
            -0.0021031349897384644,
            0.022260410711169243
        ],
        [
            0.12468898296356201,
            -0.007016129791736603,
            0.02447940595448017
        ],
        [
            0.1339419186115265,
            -0.012936744838953018,
            0.02456650696694851
        ],
        [
            0.13649888336658478,
            -0.04646074399352074,
            0.03601795807480812
        ],
        [
            0.12705034017562866,
            -0.047716427594423294,
            0.03204905986785889
        ],
        [
            0.13465505838394165,
            -0.045727502554655075,
            0.030904151499271393
        ],
        [
            0.14032699167728424,
            -0.04261522367596626,
            0.037044424563646317
        ],
        [
            0.10642410069704056,
            0.019788822159171104,
            0.02403230220079422
        ],
        [
            0.09378543496131897,
            0.02068367600440979,
            0.019189544022083282
        ],
        [
            0.09189676493406296,
            0.015523310750722885,
            0.02144816517829895
        ],
        [
            0.10385522246360779,
            0.015692241489887238,
            0.025045087561011314
        ],
        [
            0.09259651601314545,
            -0.0023046359419822693,
            0.0386495441198349
        ],
        [
            0.08503057807683945,
            0.00029917433857917786,
            0.0294424369931221
        ],
        [
            0.0755229964852333,
            -0.009119052439928055,
            0.025340495631098747
        ],
        [
            0.08276315033435822,
            -0.014552723616361618,
            0.031796377152204514
        ],
        [
            0.10145621001720428,
            -0.008932825177907944,
            0.04758097976446152
        ],
        [
            0.09144706279039383,
            -0.018606316298246384,
            0.04352898895740509
        ],
        [
            0.10234934836626053,
            -0.025798920542001724,
            0.051201336085796356
        ],
        [
            0.11752244830131531,
            -0.03614981099963188,
            0.055461447685956955
        ],
        [
            0.09741725772619247,
            0.030624423176050186,
            0.011745797470211983
        ],
        [
            0.10717659443616867,
            0.03165604919195175,
            0.014629187062382698
        ],
        [
            0.19306106865406036,
            -0.05533483624458313,
            0.04283328354358673
        ],
        [
            0.19536897540092468,
            -0.04988472908735275,
            0.04137171432375908
        ],
        [
            0.19208386540412903,
            -0.04969671368598938,
            0.0402187705039978
        ],
        [
            0.1905677765607834,
            -0.05511806905269623,
            0.04173237830400467
        ],
        [
            0.10634160041809082,
            0.03155800700187683,
            -0.006499318405985832
        ],
        [
            0.10559113323688507,
            0.0259536299854517,
            -0.014982095919549465
        ],
        [
            0.099371038377285,
            0.029814595356583595,
            -0.014362355694174767
        ],
        [
            0.0990712121129036,
            0.03356946259737015,
            -0.0056539252400398254
        ],
        [
            0.11595376580953598,
            0.028781412169337273,
            -0.007415621541440487
        ],
        [
            0.11413130164146423,
            0.020447537302970886,
            -0.014987063594162464
        ],
        [
            0.19935576617717743,
            -0.06461537629365921,
            0.03648815304040909
        ],
        [
            0.19615401327610016,
            -0.0634601041674614,
            0.040469177067279816
        ],
        [
            0.1931113451719284,
            -0.06401894986629486,
            0.037015173584222794
        ],
        [
            0.19553646445274353,
            -0.06442476809024811,
            0.0321534126996994
        ],
        [
            0.14648008346557617,
            -0.03495320677757263,
            0.03474584221839905
        ],
        [
            0.14528965950012207,
            -0.026377730071544647,
            0.03128085285425186
        ],
        [
            0.16346251964569092,
            -0.042036354541778564,
            0.03418518602848053
        ],
        [
            0.15642394125461578,
            -0.03521837294101715,
            0.031814925372600555
        ],
        [
            0.1531577706336975,
            -0.0412917360663414,
            0.03392818197607994
        ],
        [
            0.15912628173828125,
            -0.04695182293653488,
            0.03442833572626114
        ],
        [
            0.15663452446460724,
            -0.01454930379986763,
            0.020026084035634995
        ],
        [
            0.14553676545619965,
            -0.010344665497541428,
            0.019917728379368782
        ],
        [
            0.14572115242481232,
            -0.01627841219305992,
            0.022768188267946243
        ],
        [
            0.15754953026771545,
            -0.021983914077281952,
            0.024419721215963364
        ],
        [
            0.14778074622154236,
            0.003223218023777008,
            0.01611698791384697
        ],
        [
            0.15854652225971222,
            -0.002196541056036949,
            0.016177762299776077
        ],
        [
            0.15871888399124146,
            0.0061375536024570465,
            0.014087715186178684
        ],
        [
            0.15105852484703064,
            0.008919330313801765,
            0.015269802883267403
        ],
        [
            0.1761319786310196,
            -0.014591542072594166,
            0.01675473526120186
        ],
        [
            0.18314506113529205,
            -0.01866109110414982,
            0.015262553468346596
        ],
        [
            0.1852617859840393,
            -0.015648411586880684,
            0.013380768708884716
        ],
        [
            0.17658212780952454,
            -0.011450313962996006,
            0.014883102849125862
        ],
        [
            0.09289077669382095,
            0.03276253491640091,
            -0.01456185057759285
        ],
        [
            0.09187160432338715,
            0.03453643620014191,
            -0.004875334911048412
        ],
        [
            0.15341828763484955,
            0.013304045423865318,
            -0.012326741591095924
        ],
        [
            0.1512494534254074,
            0.023336192592978477,
            -0.0076881092973053455
        ],
        [
            0.1633850783109665,
            0.022098710760474205,
            -0.007793314754962921
        ],
        [
            0.1624966561794281,
            0.01175350695848465,
            -0.012728113681077957
        ],
        [
            0.10447748005390167,
            0.016254249960184097,
            -0.01878967694938183
        ],
        [
            0.0986798033118248,
            0.021466758102178574,
            -0.02010977827012539
        ],
        [
            0.20309101045131683,
            -0.06198779493570328,
            0.032081834971904755
        ],
        [
            0.1989917755126953,
            -0.06138336658477783,
            0.027965694665908813
        ],
        [
            0.0964796394109726,
            -0.03261240944266319,
            0.04068379104137421
        ],
        [
            0.11353126168251038,
            -0.042361464351415634,
            0.049369245767593384
        ],
        [
            0.08593934029340744,
            -0.02500288560986519,
            0.03021484985947609
        ],
        [
            0.07983582466840744,
            -0.02001243084669113,
            0.02122209593653679
        ],
        [
            0.07305935770273209,
            -0.016493085771799088,
            0.01586676575243473
        ],
        [
            0.16196513175964355,
            -0.031716588884592056,
            0.029607446864247322
        ],
        [
            0.14198198914527893,
            -0.019147835671901703,
            0.026462487876415253
        ],
        [
            0.1349562704563141,
            -0.0036078374832868576,
            0.020138271152973175
        ],
        [
            0.14448586106300354,
            0.025137439370155334,
            0.013632722198963165
        ],
        [
            0.1343216449022293,
            0.028727751225233078,
            0.014353080652654171
        ],
        [
            0.1356620490550995,
            0.019095268100500107,
            0.018769757822155952
        ],
        [
            0.14423885941505432,
            0.017701413482427597,
            0.016606764867901802
        ],
        [
            0.1528475135564804,
            0.028452254831790924,
            0.00046558817848563194
        ],
        [
            0.154733806848526,
            0.026160234585404396,
            0.007882942445576191
        ],
        [
            0.16392213106155396,
            0.02342038042843342,
            0.007129644975066185
        ],
        [
            0.16319780051708221,
            0.026010969653725624,
            0.000161072239279747
        ],
        [
            0.13190707564353943,
            -0.05135522782802582,
            0.039296217262744904
        ],
        [
            0.12025803327560425,
            -0.04894249513745308,
            0.034637484699487686
        ],
        [
            0.10617978125810623,
            0.03402107208967209,
            0.003900400595739484
        ],
        [
            0.09839203208684921,
            0.033565253019332886,
            0.004548606928437948
        ],
        [
            0.09009409695863724,
            0.03399776667356491,
            0.0026989001780748367
        ],
        [
            0.11512023955583572,
            0.008291307836771011,
            0.024624764919281006
        ],
        [
            0.10202918946743011,
            0.012946132570505142,
            0.026062697172164917
        ],
        [
            0.10146310180425644,
            0.009388275444507599,
            0.029047399759292603
        ],
        [
            0.11435960978269577,
            0.005351018160581589,
            0.02519667148590088
        ],
        [
            0.12064838409423828,
            -0.007262393832206726,
            0.03474870324134827
        ],
        [
            0.1100275069475174,
            -0.0022028423845767975,
            0.041087258607149124
        ],
        [
            0.12930884957313538,
            -0.015369560569524765,
            0.03961413353681564
        ],
        [
            0.08769740909337997,
            0.009187955409288406,
            0.02463996782898903
        ],
        [
            0.08187296241521835,
            0.017429567873477936,
            0.019868547096848488
        ],
        [
            0.07839150726795197,
            0.009610939770936966,
            0.02250305563211441
        ],
        [
            0.08498632162809372,
            0.025240082293748856,
            0.01470415759831667
        ],
        [
            0.08796036243438721,
            0.031397443264722824,
            0.00890174601227045
        ],
        [
            0.09180937707424164,
            0.025038592517375946,
            -0.023766592144966125
        ],
        [
            0.07603523135185242,
            0.0015889368951320648,
            0.023577071726322174
        ],
        [
            0.13568268716335297,
            -0.029852375388145447,
            0.053431518375873566
        ],
        [
            0.14000944793224335,
            -0.03548174351453781,
            0.05446920543909073
        ],
        [
            0.14296697080135345,
            -0.03367904946208,
            0.04744720086455345
        ],
        [
            0.13915933668613434,
            -0.029051093384623528,
            0.0457267127931118
        ],
        [
            0.15859150886535645,
            -0.05716158449649811,
            0.02447129599750042
        ],
        [
            0.1586969941854477,
            -0.05292666703462601,
            0.0315634086728096
        ],
        [
            0.15024520456790924,
            -0.048310551792383194,
            0.03240436688065529
        ],
        [
            0.11797725409269333,
            0.02085733786225319,
            0.022439995780587196
        ],
        [
            0.11808285862207413,
            0.031027929857373238,
            0.01477139163762331
        ],
        [
            0.16903330385684967,
            -0.039057955145835876,
            0.03162815794348717
        ],
        [
            0.19207364320755005,
            -0.06447160243988037,
            0.02863837219774723
        ],
        [
            0.18928565084934235,
            -0.06436506658792496,
            0.034061696380376816
        ],
        [
            0.17363698780536652,
            -0.061267778277397156,
            0.027881890535354614
        ],
        [
            0.17680028080940247,
            -0.06142114847898483,
            0.021759767085313797
        ],
        [
            0.17860212922096252,
            -0.041435521095991135,
            0.025706660002470016
        ],
        [
            0.17393237352371216,
            -0.041660454124212265,
            0.031189341098070145
        ],
        [
            0.17665372788906097,
            -0.042700912803411484,
            0.030448585748672485
        ],
        [
            0.18182553350925446,
            -0.04123801365494728,
            0.02663394808769226
        ],
        [
            0.18264126777648926,
            -0.007011446636170149,
            0.0107659213244915
        ],
        [
            0.1758338212966919,
            -0.0033495305106043816,
            0.012276888824999332
        ],
        [
            0.16730131208896637,
            -0.04207953065633774,
            0.005566437728703022
        ],
        [
            0.16014312207698822,
            -0.05300779268145561,
            0.008498722687363625
        ],
        [
            0.14877283573150635,
            -0.04867931827902794,
            0.007760794833302498
        ],
        [
            0.15685723721981049,
            -0.007474025711417198,
            0.017491262406110764
        ],
        [
            0.16719967126846313,
            -0.010527286678552628,
            0.017326653003692627
        ],
        [
            0.16791415214538574,
            -0.006759100593626499,
            0.01568657159805298
        ],
        [
            0.1664511263370514,
            -0.030786551535129547,
            0.02760537713766098
        ],
        [
            0.17296786606311798,
            -0.03587821498513222,
            0.027954140678048134
        ],
        [
            0.17193898558616638,
            -0.03104962408542633,
            0.024913165718317032
        ],
        [
            0.16591714322566986,
            -0.026031356304883957,
            0.02461107261478901
        ],
        [
            0.13842067122459412,
            0.02551150508224964,
            -0.008977029472589493
        ],
        [
            0.14024685323238373,
            0.03185631334781647,
            0.0005197532009333372
        ],
        [
            0.19362305104732513,
            -0.06013534218072891,
            0.04266267269849777
        ],
        [
            0.19099454581737518,
            -0.060440417379140854,
            0.04056381434202194
        ],
        [
            0.14595040678977966,
            -0.003512941300868988,
            0.017414625734090805
        ],
        [
            0.1354866921901703,
            -0.04251917451620102,
            0.007590987719595432
        ],
        [
            0.13564537465572357,
            0.0016093701124191284,
            0.01846260204911232
        ],
        [
            0.17440050840377808,
            -0.0031389216892421246,
            -0.0075816260650753975
        ],
        [
            0.17824935913085938,
            0.0020388178527355194,
            -0.003410628065466881
        ],
        [
            0.18288084864616394,
            -0.001228652661666274,
            -0.002392199356108904
        ],
        [
            0.18218444287776947,
            -0.005149185657501221,
            -0.006983979605138302
        ],
        [
            0.19483919441699982,
            -0.04440299794077873,
            0.02988186664879322
        ],
        [
            0.1928129345178604,
            -0.04515489563345909,
            0.03530649095773697
        ],
        [
            0.1950862854719162,
            -0.04562200605869293,
            0.03644973039627075
        ],
        [
            0.19840772449970245,
            -0.04530718922615051,
            0.031441543251276016
        ],
        [
            0.1700548529624939,
            -0.045183874666690826,
            0.033983014523983
        ],
        [
            0.16615213453769684,
            -0.050278060138225555,
            0.03470243141055107
        ],
        [
            0.1723942905664444,
            -0.05160388723015785,
            0.03525589033961296
        ],
        [
            0.17490288615226746,
            -0.04648030176758766,
            0.03347574546933174
        ],
        [
            0.16598202288150787,
            -0.05616116523742676,
            0.03133915364742279
        ],
        [
            0.17180705070495605,
            -0.057502273470163345,
            0.03265441954135895
        ],
        [
            0.1966685801744461,
            -0.04767044633626938,
            0.024553334340453148
        ],
        [
            0.19689925014972687,
            -0.05492003262042999,
            0.02223827876150608
        ],
        [
            0.18335197865962982,
            -0.050669584423303604,
            0.01574854552745819
        ],
        [
            0.18526104092597961,
            -0.044758390635252,
            0.020752936601638794
        ],
        [
            0.12438735365867615,
            -0.0012238174676895142,
            -0.014341026544570923
        ],
        [
            0.12574318051338196,
            0.009886021725833416,
            -0.015531111508607864
        ],
        [
            0.14019443094730377,
            0.006965233013033867,
            -0.013375240378081799
        ],
        [
            0.15408802032470703,
            0.004231630824506283,
            -0.012305806390941143
        ],
        [
            0.16714586317539215,
            0.0010839030146598816,
            -0.009743768721818924
        ],
        [
            0.1661389023065567,
            -0.011305088177323341,
            -0.010827605612576008
        ],
        [
            0.13973720371723175,
            0.0151447094976902,
            -0.013518497347831726
        ],
        [
            0.17746558785438538,
            -0.04115283489227295,
            0.01495687011629343
        ],
        [
            0.17293301224708557,
            -0.04733721539378166,
            0.011651134118437767
        ],
        [
            0.17393380403518677,
            -0.04246576875448227,
            0.008997173979878426
        ],
        [
            0.1375570148229599,
            0.008832387626171112,
            0.01782337762415409
        ],
        [
            0.18762557208538055,
            -0.061314720660448074,
            0.038212694227695465
        ],
        [
            0.08540045469999313,
            -0.01890612579882145,
            -0.0026695318520069122
        ],
        [
            0.09014265239238739,
            -0.010570937767624855,
            -0.012353349477052689
        ],
        [
            0.09724129736423492,
            -0.014743104577064514,
            -0.009388772770762444
        ],
        [
            0.09197787195444107,
            -0.023628463968634605,
            0.00233503058552742
        ],
        [
            0.18982551991939545,
            -0.049775902181863785,
            0.03972379118204117
        ],
        [
            0.18748237192630768,
            -0.05560583248734474,
            0.04094000905752182
        ],
        [
            0.17831534147262573,
            0.0024286434054374695,
            0.009251775220036507
        ],
        [
            0.18311098217964172,
            -0.001883949153125286,
            0.007720369845628738
        ],
        [
            0.18446531891822815,
            -0.00024635205045342445,
            0.004092534072697163
        ],
        [
            0.1821218878030777,
            0.006169055588543415,
            0.005529067479074001
        ],
        [
            0.1250285506248474,
            0.01583135314285755,
            -0.015316620469093323
        ],
        [
            0.17059998214244843,
            0.021319005638360977,
            -0.008217671886086464
        ],
        [
            0.16993765532970428,
            0.012326627038419247,
            -0.012659030966460705
        ],
        [
            0.11292241513729095,
            0.01204826682806015,
            -0.01723959855735302
        ],
        [
            0.11158984899520874,
            0.002265043556690216,
            -0.01687086746096611
        ],
        [
            0.1024942547082901,
            0.005348337814211845,
            -0.018776003271341324
        ],
        [
            0.17194649577140808,
            -0.02459513396024704,
            -0.004858814179897308
        ],
        [
            0.12534740567207336,
            -0.009705275297164917,
            -0.01239066943526268
        ],
        [
            0.11169355362653732,
            -0.00512208417057991,
            -0.014563535340130329
        ],
        [
            0.10081962496042252,
            -0.0018049199134111404,
            -0.016757061704993248
        ],
        [
            0.09325949847698212,
            0.0010222066193819046,
            -0.019105082377791405
        ],
        [
            0.09586445987224579,
            0.00861976109445095,
            -0.020953763276338577
        ],
        [
            0.19499270617961884,
            -0.06045205891132355,
            0.02455519512295723
        ],
        [
            0.20203395187854767,
            -0.05543985590338707,
            0.02538331225514412
        ],
        [
            0.08844950795173645,
            0.012067724019289017,
            -0.025080112740397453
        ],
        [
            0.08576595783233643,
            0.0035766661167144775,
            -0.022173352539539337
        ],
        [
            0.1108202263712883,
            -0.013567481189966202,
            -0.010865453630685806
        ],
        [
            0.10916849970817566,
            -0.023052537813782692,
            -0.004684729501605034
        ],
        [
            0.124090775847435,
            -0.01754366047680378,
            -0.008676204830408096
        ],
        [
            0.12372924387454987,
            -0.027472492307424545,
            -0.002796182408928871
        ],
        [
            0.16651833057403564,
            -0.03370928019285202,
            -0.00492502748966217
        ],
        [
            0.2136947363615036,
            -0.05072532221674919,
            0.039316561073064804
        ],
        [
            0.20644646883010864,
            -0.0501851961016655,
            0.030697699636220932
        ],
        [
            0.20296213030815125,
            -0.046475157141685486,
            0.03365867957472801
        ],
        [
            0.21172276139259338,
            -0.047016438096761703,
            0.04022650420665741
        ],
        [
            0.20104072988033295,
            -0.048579733818769455,
            0.027260346338152885
        ],
        [
            0.20619159936904907,
            -0.05593617260456085,
            0.029693329706788063
        ],
        [
            0.12058702856302261,
            -0.03707505390048027,
            0.00761838536709547
        ],
        [
            0.17822740972042084,
            -0.03574568033218384,
            0.02337053418159485
        ],
        [
            0.10395943373441696,
            -0.03227357566356659,
            0.010000842623412609
        ],
        [
            0.12265364825725555,
            -0.04769471660256386,
            0.01989632286131382
        ],
        [
            0.11085541546344757,
            -0.04320913925766945,
            0.0241423137485981
        ],
        [
            0.08756756782531738,
            -0.02800670638680458,
            0.015129533596336842
        ],
        [
            0.0963909775018692,
            -0.0366874635219574,
            0.027090422809123993
        ],
        [
            0.07531953603029251,
            -0.01866961643099785,
            0.00494525209069252
        ],
        [
            0.08224774897098541,
            -0.022844571620225906,
            0.008658036589622498
        ],
        [
            0.10766758769750595,
