{
    "pred_cam": [
        5.406944751739502,
        -0.07958488911390305,
        -0.0018729902803897858
    ],
    "pred_mano_params": {
        "global_orient": [
            [
                [
                    0.6993971467018127,
                    0.7134566903114319,
                    0.0426991730928421
                ],
                [
                    0.6148421764373779,
                    -0.5701133608818054,
                    -0.5449219346046448
                ],
                [
                    -0.36443477869033813,
                    0.40737009048461914,
                    -0.8373989462852478
                ]
            ]
        ],
        "hand_pose": [
            [
                [
                    0.7866371273994446,
                    -0.5490965247154236,
                    -0.2823029160499573
                ],
                [
                    0.5615180134773254,
                    0.8263641595840454,
                    -0.04265904054045677
                ],
                [
                    0.25670894980430603,
                    -0.1249609887599945,
                    0.9583762884140015
                ]
            ],
            [
                [
                    0.9377760291099548,
                    -0.3405291736125946,
                    -0.0679415687918663
                ],
                [
                    0.3005542457103729,
                    0.8939947485923767,
                    -0.3323259651660919
                ],
                [
                    0.1739060878753662,
                    0.29122716188430786,
                    0.9407143592834473
                ]
            ],
            [
                [
                    0.9006792902946472,
                    -0.3424071967601776,
                    0.2674585282802582
                ],
                [
                    0.3220739960670471,
                    0.9393365383148193,
                    0.1179625615477562
                ],
                [
                    -0.2916247844696045,
                    -0.02010497823357582,
                    0.9563214182853699
                ]
            ],
            [
                [
                    0.5598582625389099,
                    -0.8260365128517151,
                    -0.06498049944639206
                ],
                [
                    0.8285112977027893,
                    0.557012140750885,
                    0.05750275403261185
                ],
                [
                    -0.011304446496069431,
                    -0.08603046834468842,
                    0.9962284564971924
                ]
            ],
            [
                [
                    0.9687886238098145,
                    -0.07424431294202805,
                    -0.23650847375392914
                ],
                [
                    0.10419793426990509,
                    0.9876782298088074,
                    0.11676688492298126
                ],
                [
                    0.2249249964952469,
                    -0.13776616752147675,
                    0.9645875096321106
                ]
            ],
            [
                [
                    0.8363438844680786,
                    -0.43528470396995544,
                    0.3332507014274597
                ],
                [
                    0.40867480635643005,
                    0.9002310037612915,
                    0.15022973716259003
                ],
                [
                    -0.36539536714553833,
                    0.010547429323196411,
                    0.9307925701141357
                ]
            ],
            [
                [
                    0.5430943965911865,
                    -0.8396666049957275,
                    -0.002915153279900551
                ],
                [
                    0.7474375367164612,
                    0.48185309767723083,
                    0.45733436942100525
                ],
                [
                    -0.3826037049293518,
                    -0.250554621219635,
                    0.8892900347709656
                ]
            ],
            [
                [
                    0.9343574047088623,
                    -0.33209481835365295,
                    -0.12918677926063538
                ],
                [
                    0.34097614884376526,
                    0.9385508894920349,
                    0.05345490574836731
                ],
                [
                    0.10349628329277039,
                    -0.093995600938797,
                    0.9901784062385559
                ]
            ],
            [
                [
                    0.8792020082473755,
                    -0.4554630219936371,
                    0.1398475617170334
                ],
                [
                    0.2574464976787567,
                    0.7011269330978394,
                    0.6649378538131714
                ],
                [
                    -0.4009054899215698,
                    -0.5486114025115967,
                    0.733689546585083
                ]
            ],
            [
                [
                    0.5959166288375854,
                    -0.8019869327545166,
                    0.041235145181417465
                ],
                [
                    0.7981290817260742,
                    0.5971601009368896,
                    0.07993629574775696
                ],
                [
                    -0.08873184770345688,
                    -0.014724399894475937,
                    0.9959467053413391
                ]
            ],
            [
                [
                    0.9449044466018677,
                    -0.2783401608467102,
                    -0.17228566110134125
                ],
                [
                    0.32297325134277344,
                    0.8784531950950623,
                    0.3521480858325958
                ],
                [
                    0.05332792550325394,
                    -0.3883899748325348,
                    0.9199507832527161
                ]
            ],
            [
                [
                    0.7080573439598083,
                    -0.5683741569519043,
                    0.4190533459186554
                ],
                [
                    0.3482927083969116,
                    0.7973169088363647,
                    0.49292802810668945
                ],
                [
                    -0.6142858266830444,
                    -0.2030680626630783,
                    0.7625066637992859
                ]
            ],
            [
                [
                    0.9798896908760071,
                    -0.19413253664970398,
                    -0.046139080077409744
                ],
                [
                    0.01739196665585041,
                    0.31343990564346313,
                    -0.9494487643241882
                ],
                [
                    0.19878077507019043,
                    0.9295524954795837,
                    0.31051287055015564
                ]
            ],
            [
                [
                    0.8690326809883118,
                    -0.4916279911994934,
                    0.05553468316793442
                ],
                [
                    0.4379386305809021,
                    0.8166007399559021,
                    0.37599602341651917
                ],
                [
                    -0.23019984364509583,
                    -0.3024320602416992,
                    0.9249556064605713
                ]
            ],
            [
                [
                    0.9587581753730774,
                    -0.05642547830939293,
                    -0.27856582403182983
                ],
                [
                    -0.08836504071950912,
                    0.8723485469818115,
                    -0.48083212971687317
                ],
                [
                    0.2701376974582672,
                    0.4856172204017639,
                    0.8313852548599243
                ]
            ]
        ],
        "betas": [
            0.011372581124305725,
            0.06359127163887024,
            -0.05936098098754883,
            0.011113673448562622,
            -0.007886260747909546,
            -0.08019281178712845,
            -0.025932788848876953,
            -0.02462419867515564,
            0.03768305480480194,
            -0.11154621839523315
        ]
    },
    "pred_cam_t": [
        -0.07958488911390305,
        -0.0018729902803897858,
        7.2245049476623535
    ],
    "focal_length": [
        5000.0,
        5000.0
    ],
    "pred_keypoints_3d": [
        [
            0.09566476941108704,
            0.006372042931616306,
            0.006162436679005623
        ],
        [
            0.06877397000789642,
            -0.013618175871670246,
            -0.01295778714120388
        ],
        [
            0.03844507783651352,
            -0.015674442052841187,
            -0.018201738595962524
        ],
        [
            0.012051178142428398,
            -0.009420604445040226,
            -0.0176823940128088
        ],
        [
            -0.020060990005731583,
            0.0030147023499011993,
            -0.008697254583239555
        ],
        [
            0.031212761998176575,
            -0.05613870918750763,
            0.018834074959158897
        ],
        [
            0.00017477944493293762,
            -0.06138560175895691,
            0.028775447979569435
        ],
        [
            -0.020120743662118912,
            -0.05319376289844513,
            0.03245209529995918
        ],
        [
            -0.041742946952581406,
            -0.042293936014175415,
            0.027411965653300285
        ],
        [
            0.028307877480983734,
            -0.049199532717466354,
            0.04286380112171173
        ],
        [
            -0.002834796905517578,
            -0.043420422822237015,
            0.04393618553876877
        ],
        [
            -0.023187099024653435,
            -0.032281484454870224,
            0.045372556895017624
        ],
        [
            -0.04458988457918167,
            -0.022716324776411057,
            0.0354333370923996
        ],
        [
            0.034597255289554596,
            -0.027102340012788773,
            0.05662057548761368
        ],
        [
            0.005881229415535927,
            -0.024791382253170013,
            0.056762609630823135
        ],
        [
            -0.013599429279565811,
            -0.009967179037630558,
            0.052818626165390015
        ],
        [
            -0.029633458703756332,
            -0.004584756679832935,
            0.03505204617977142
        ],
        [
            0.03865085914731026,
            -0.00670501496642828,
            0.06328282505273819
        ],
        [
            0.01886046677827835,
            0.0006500259041786194,
            0.06298606842756271
        ],
        [
            0.004368023946881294,
            0.012249574065208435,
            0.059191375970840454
        ],
        [
            -0.003729691728949547,
            0.02194887399673462,
            0.043284736573696136
        ]
    ],
    "pred_vertices": [
        [
            0.049087803810834885,
            -0.02317119389772415,
            0.004122016951441765
        ],
        [
            0.05593658983707428,
            -0.015359494835138321,
            0.0009293574839830399
        ],
        [
            0.048020001500844955,
            -0.017337683588266373,
            -0.0016971472650766373
        ],
        [
            0.04270898550748825,
            -0.027214694768190384,
            -8.40555876493454e-05
        ],
        [
            0.05660656839609146,
            0.0015790462493896484,
            -0.011073978617787361
        ],
        [
            0.060564570128917694,
            0.0016648806631565094,
            -0.02285187505185604
        ],
        [
            0.04530245065689087,
            -0.0018047317862510681,
            -0.022942794486880302
        ],
        [
            0.044848646968603134,
            1.2751668691635132e-05,
            -0.012443410232663155
        ],
        [
            0.0379350446164608,
            -0.03056674636900425,
            -0.0024443473666906357
        ],
        [
            0.04106089100241661,
            -0.018485162407159805,
            -0.0036659203469753265
        ],
        [
            0.03698892891407013,
            -0.03158414363861084,
            -0.003752797842025757
        ],
        [
            0.04039902985095978,
            -0.04774666950106621,
            -0.0006030267104506493
        ],
        [
            0.037714384496212006,
            -0.04245797172188759,
            8.598901331424713e-05
        ],
        [
            0.03984035924077034,
            -0.05583794414997101,
            0.0043061296455562115
        ],
        [
            0.050497133284807205,
            -0.05029037594795227,
            -0.0010567456483840942
        ],
        [
            0.046084411442279816,
            -0.059754349291324615,
            0.010405315086245537
        ],
        [
            0.06855933368206024,
            -0.04324864596128464,
            0.022290032356977463
        ],
        [
            0.07141117751598358,
            -0.03428138792514801,
            0.03251585736870766
        ],
        [
            0.05891431123018265,
            -0.04381213337182999,
            0.04081103578209877
        ],
        [
            0.05677695572376251,
            -0.05128490924835205,
            0.02921886183321476
        ],
        [
            0.0630565732717514,
            -0.025294732302427292,
            0.0501210056245327
        ],
        [
            0.06020570918917656,
            -0.035903528332710266,
            0.04541737586259842
        ],
        [
            0.07355102896690369,
            -0.027238229289650917,
            0.03781084716320038
        ],
        [
            0.07529908418655396,
            -0.018145930022001266,
            0.042251624166965485
        ],
        [
            0.05682048946619034,
            -0.012464087456464767,
            0.013125920668244362
        ],
        [
            0.06364329159259796,
            -0.005427282303571701,
            0.009174490347504616
        ],
        [
            0.06214673072099686,
            -0.010500047355890274,
            0.005908219143748283
        ],
        [
            0.05517978593707085,
            -0.016569219529628754,
            0.009429117664694786
        ],
        [
            0.03126373514533043,
            -0.026300763711333275,
            -0.013789255172014236
        ],
        [
            0.04569157212972641,
            -0.0362367257475853,
            -0.014141175895929337
        ],
        [
            0.04105282574892044,
            -0.0363747775554657,
            -0.008026596158742905
        ],
        [
            0.029952440410852432,
            -0.022915083914995193,
            -0.009754378348588943
        ],
        [
            0.07637763023376465,
            0.02079755812883377,
            0.003839530050754547
        ],
        [
            0.08910775184631348,
            0.0234137624502182,
            -2.0153820514678955e-06
        ],
        [
            0.0893106609582901,
            0.01939723640680313,
            -0.004399433732032776
        ],
        [
            0.07797792553901672,
            0.017391830682754517,
            0.0002573058009147644
        ],
        [
            0.08028491586446762,
            0.006749361753463745,
            -0.01928776688873768
        ],
        [
            0.09041064977645874,
            0.00816395878791809,
            -0.018656020984053612
        ],
        [
            0.09951388835906982,
            0.001028500497341156,
            -0.02477729693055153
        ],
        [
            0.08980751037597656,
            -0.0032380707561969757,
            -0.026132628321647644
        ],
        [
            0.06996329128742218,
            0.004063677042722702,
            -0.020878737792372704
        ],
        [
            0.07694782316684723,
            -0.0038642361760139465,
            -0.02895791083574295
        ],
        [
            0.06442331522703171,
            -0.005669713020324707,
            -0.030539169907569885
        ],
        [
            0.04597966745495796,
            -0.007616568356752396,
            -0.030124735087156296
        ],
        [
            0.09099670499563217,
            0.03006621077656746,
            0.010813139379024506
        ],
        [
            0.08164049685001373,
            0.029543600976467133,
            0.014931723475456238
        ],
        [
            -0.006129687651991844,
            -0.05558475852012634,
            0.019584456458687782
        ],
        [
            -0.0053089577704668045,
            -0.051168642938137054,
            0.023560570552945137
        ],
        [
            -0.00033904053270816803,
            -0.05137801915407181,
            0.021055767312645912
        ],
        [
            -0.0018119420856237411,
            -0.055915988981723785,
            0.017842797562479973
        ],
        [
            0.09597091376781464,
            0.024609684944152832,
            0.02966758981347084
        ],
        [
            0.10206417739391327,
            0.017473358660936356,
            0.03339629992842674
        ],
        [
            0.10633818060159683,
            0.02259960025548935,
            0.030463803559541702
        ],
        [
            0.10092268139123917,
            0.028332501649856567,
            0.025323372334241867
        ],
        [
            0.08939536660909653,
            0.01962745189666748,
            0.035300593823194504
        ],
        [
            0.09570019692182541,
            0.010378614068031311,
            0.03682806342840195
        ],
        [
            -0.006403882056474686,
            -0.06658564507961273,
            0.025791313499212265
        ],
        [
            -0.007414460182189941,
            -0.06419391930103302,
            0.021301336586475372
        ],
        [
            -0.0020707063376903534,
            -0.06578484922647476,
            0.020609667524695396
        ],
        [
            -9.563565254211426e-05,
            -0.06776613742113113,
            0.025429779663681984
        ],
        [
            0.03870202600955963,
            -0.03630411624908447,
            0.00231998972594738
        ],
        [
            0.04244578629732132,
            -0.0295212734490633,
            0.007071163505315781
        ],
        [
            0.02888030745089054,
            -0.04710891842842102,
            0.01054901909083128
        ],
        [
            0.03463500738143921,
            -0.040283218026161194,
            0.010664832778275013
        ],
        [
            0.03541060537099838,
            -0.044598691165447235,
            0.005136989988386631
        ],
        [
            0.0313180610537529,
            -0.05079861357808113,
            0.006393684074282646
        ],
        [
            0.04190543293952942,
            -0.023589003831148148,
            0.02597106620669365
        ],
        [
            0.0501093715429306,
            -0.0171742495149374,
            0.020749269053339958
        ],
        [
            0.04808811470866203,
            -0.02225411869585514,
            0.016880527138710022
        ],
        [
            0.03847726061940193,
            -0.029775047674775124,
            0.0209633931517601
        ],
        [
            0.050797391682863235,
            -0.005701020359992981,
            0.029031850397586823
        ],
        [
            0.04307663440704346,
            -0.013238709419965744,
            0.033710312098264694
        ],
        [
            0.0444769561290741,
            -0.005837824195623398,
            0.037785209715366364
        ],
        [
            0.048949990421533585,
            -0.0012267529964447021,
            0.03334744647145271
        ],
        [
            0.030753055587410927,
            -0.028461897745728493,
            0.03955647349357605
        ],
        [
            0.027137557044625282,
            -0.03237731754779816,
            0.042044829577207565
        ],
        [
            0.02599021978676319,
            -0.029678553342819214,
            0.04351155087351799
        ],
        [
            0.03139924630522728,
            -0.025486038997769356,
            0.041300997138023376
        ],
        [
            0.11134889721870422,
            0.026768434792757034,
            0.02765219658613205
        ],
        [
            0.10588212311267853,
            0.03105243295431137,
            0.02070799097418785
        ],
        [
            0.06412564963102341,
            -0.00497673824429512,
            0.0583135262131691
        ],
        [
            0.06337164342403412,
            0.00591619685292244,
            0.05610121786594391
        ],
        [
            0.05331740528345108,
            0.0019465591758489609,
            0.06310063600540161
        ],
        [
            0.05688692629337311,
            -0.009374869987368584,
            0.06447214633226395
        ],
        [
            0.10549123585224152,
            0.00771569088101387,
            0.03230098634958267
        ],
        [
            0.110651396214962,
            0.01355435699224472,
            0.03142498806118965
        ],
        [
            -0.0048152972012758255,
            -0.06568168848752975,
            0.03183860331773758
        ],
        [
            0.0013857390731573105,
            -0.06617256999015808,
            0.031159445643424988
        ],
        [
            0.07169251143932343,
            -0.017146456986665726,
            -0.030903246253728867
        ],
        [
            0.04852435365319252,
            -0.01731591299176216,
            -0.032186709344387054
        ],
        [
            0.08784599602222443,
            -0.014208164066076279,
            -0.027334876358509064
        ],
        [
            0.09854044020175934,
            -0.011554058641195297,
            -0.023206138983368874
        ],
        [
            0.10716553032398224,
            -0.008085008710622787,
            -0.022195816040039062
        ],
        [
            0.03242897242307663,
            -0.03874073922634125,
            0.016612399369478226
        ],
        [
            0.04824008792638779,
            -0.023358991369605064,
            0.010996993631124496
        ],
        [
            0.05762449651956558,
            -0.008441310375928879,
            0.016331475228071213
        ],
        [
            0.05465218424797058,
            0.015096660703420639,
            0.03598683699965477
        ],
        [
            0.06153165176510811,
            0.02082643285393715,
            0.030647456645965576
        ],
        [
            0.057752519845962524,
            0.012591525912284851,
            0.0249970443546772
        ],
        [
            0.05295334756374359,
            0.008897904306650162,
            0.031146280467510223
        ],
        [
            0.0570845901966095,
            0.012786706909537315,
            0.05224216729402542
        ],
        [
            0.051312707364559174,
            0.012431900948286057,
            0.0467231422662735
        ],
        [
            0.04593856260180473,
            0.00807897187769413,
            0.05094388127326965
        ],
        [
            0.049857910722494125,
            0.008181048557162285,
            0.05752518028020859
        ],
        [
            0.03141877055168152,
            -0.02669139951467514,
            -0.021448710933327675
        ],
        [
            0.04937479645013809,
            -0.03460298106074333,
            -0.0206011850386858
        ],
        [
            0.08934195339679718,
            0.029404666274785995,
            0.02291817218065262
        ],
        [
            0.09485569596290588,
            0.030898161232471466,
            0.017590664327144623
        ],
        [
            0.10235393792390823,
            0.03274371847510338,
            0.013994351029396057
        ],
        [
            0.0698293149471283,
            0.007018532603979111,
            0.005117136985063553
        ],
        [
            0.07906130701303482,
            0.015004683285951614,
            -0.0022962018847465515
        ],
        [
            0.07830216735601425,
            0.011749550700187683,
            -0.005210511386394501
        ],
        [
            0.07042182981967926,
            0.0033777952194213867,
            0.0036720484495162964
        ],
        [
            0.06202622875571251,
            -0.005205787718296051,
            -0.001590445637702942
        ],
        [
            0.06776133179664612,
            0.003870394080877304,
            -0.009192779660224915
        ],
        [
            0.05223480984568596,
            -0.005686655640602112,
            -0.0025788620114326477
        ],
        [
            0.09089501202106476,
            0.01477394625544548,
            -0.011034656316041946
        ],
        [
            0.09789910912513733,
            0.023085936903953552,
            -0.008763309568166733
        ],
        [
            0.09903378784656525,
            0.01703246682882309,
            -0.015212517231702805
        ],
        [
            0.09866300225257874,
            0.028553180396556854,
            -0.0006545074284076691
        ],
        [
            0.10001789033412933,
            0.03224145248532295,
            0.007348485291004181
        ],
        [
            0.11815738677978516,
            0.017570562660694122,
            0.03104267455637455
        ],
        [
            0.10015347599983215,
            0.010351099073886871,
            -0.020025162026286125
        ],
        [
            0.03645867854356766,
            -0.0019366554915904999,
            -0.013959061354398727
        ],
        [
            0.02862417697906494,
            -0.0022831354290246964,
            -0.015894964337348938
        ],
        [
            0.02858266420662403,
            -0.006956012919545174,
            -0.009362783282995224
        ],
        [
            0.03637136518955231,
            -0.007057301700115204,
            -0.006723096594214439
        ],
        [
            0.035487957298755646,
            -0.06219642609357834,
            0.009974767453968525
        ],
        [
            0.032271381467580795,
            -0.05652659386396408,
            0.0061551472172141075
        ],
        [
            0.037271078675985336,
            -0.05005738139152527,
            0.0019152704626321793
        ],
        [
            0.06859207153320312,
            0.019031822681427002,
            0.012299563735723495
        ],
        [
            0.07327169179916382,
            0.026640262454748154,
            0.02117905765771866
        ],
        [
            0.026686467230319977,
            -0.04548360034823418,
            0.016405940055847168
        ],
        [
            0.005543865263462067,
            -0.06873490661382675,
            0.025671876966953278
        ],
        [
            0.003958849236369133,
            -0.06707675755023956,
            0.02002473548054695
        ],
        [
            0.021926211193203926,
            -0.06600762158632278,
            0.015161561779677868
        ],
        [
            0.022852446883916855,
            -0.0681663304567337,
            0.02167375385761261
        ],
        [
            0.0232939925044775,
            -0.048669807612895966,
            0.025301866233348846
        ],
        [
            0.02362334355711937,
            -0.04720982536673546,
            0.01840801164507866
        ],
        [
            0.022073769941926003,
            -0.04785090684890747,
            0.02023257315158844
        ],
        [
            0.020540298894047737,
            -0.047547128051519394,
            0.026651686057448387
        ],
        [
            0.028965849429368973,
            -0.021415309980511665,
            0.04664022848010063
        ],
        [
            0.03364004194736481,
            -0.017813295125961304,
            0.04456925392150879
        ],
        [
            0.0427040159702301,
            -0.05600878968834877,
            0.034829456359148026
        ],
        [
            0.04547153413295746,
            -0.06467036157846451,
            0.02493082918226719
        ],
        [
            0.053753770887851715,
            -0.05787919461727142,
            0.01882272958755493
        ],
        [
            0.043396249413490295,
            -0.017575504258275032,
            0.030153987929224968
        ],
        [
            0.03614620119333267,
            -0.022779470309615135,
            0.03537537157535553
        ],
        [
            0.036800503730773926,
            -0.019599270075559616,
            0.037904102355241776
        ],
        [
            0.03046034835278988,
            -0.039092499762773514,
            0.020939936861395836
        ],
        [
            0.026080550625920296,
            -0.04411749914288521,
            0.02244427055120468
        ],
        [
            0.02843153290450573,
            -0.04086872935295105,
            0.025980638340115547
        ],
        [
            0.03238092362880707,
            -0.03529757261276245,
            0.024474404752254486
        ],
        [
            0.07367046177387238,
            0.010835861787199974,
            0.04954178258776665
        ],
        [
            0.06612194329500198,
            0.018907291814684868,
            0.045520003885030746
        ],
        [
            -0.007091498002409935,
            -0.06021703779697418,
            0.01895015873014927
        ],
        [
            -0.002282802015542984,
            -0.06129354238510132,
            0.017690259963274002
        ],
        [
            0.051368579268455505,
            -0.011381648480892181,
            0.024902720004320145
        ],
        [
            0.06333557516336441,
            -0.04853945970535278,
            0.012442261911928654
        ],
        [
            0.05813325196504593,
            -0.00399089977145195,
            0.019573144614696503
        ],
        [
            0.04356655851006508,
            -0.022792331874370575,
            0.06054549664258957
        ],
        [
            0.03737426549196243,
            -0.016270466148853302,
            0.058695659041404724
        ],
        [
            0.032717470079660416,
            -0.018319567665457726,
            0.05872761458158493
        ],
        [
            0.034889526665210724,
            -0.02362946607172489,
            0.061317313462495804
        ],
        [
            0.006860293447971344,
            -0.049728646874427795,
            0.03136446699500084
        ],
        [
            0.004947267472743988,
            -0.04876973107457161,
            0.02585630863904953
        ],
        [
            0.0010300632566213608,
            -0.04869113117456436,
            0.026526005938649178
        ],
        [
            0.00249323807656765,
            -0.04989299923181534,
            0.03198804706335068
        ],
        [
            0.024380233138799667,
            -0.04943571612238884,
            0.013003194704651833
        ],
        [
            0.02594761550426483,
            -0.0538027361035347,
            0.008795807138085365
        ],
        [
            0.020692339166998863,
            -0.05454890429973602,
            0.011428306810557842
        ],
        [
            0.02083050087094307,
            -0.0503377802670002,
            0.015794187784194946
        ],
        [
            0.027008026838302612,
            -0.059924595057964325,
            0.00932508148252964
        ],
        [
            0.02140459045767784,
            -0.06088801845908165,
            0.011461194604635239
        ],
        [
            0.008276807144284248,
            -0.054650433361530304,
            0.0353466160595417
        ],
        [
            0.008405204862356186,
            -0.06217500567436218,
            0.035400375723838806
        ],
        [
            0.023541029542684555,
            -0.060296475887298584,
            0.03311029449105263
        ],
        [
            0.02032896876335144,
            -0.052842289209365845,
            0.03218205273151398
        ],
        [
            0.08781401813030243,
            -0.012167561799287796,
            0.03577364608645439
        ],
        [
            0.08738453686237335,
            -0.0023566260933876038,
            0.04103408753871918
        ],
        [
            0.07500311732292175,
            -0.008118173107504845,
            0.0478094220161438
        ],
        [
            0.06335349380970001,
            -0.013990839943289757,
            0.05562910437583923
        ],
        [
            0.05174858123064041,
            -0.019634217023849487,
            0.061415836215019226
        ],
        [
            0.05322174355387688,
            -0.03136410564184189,
            0.05760659649968147
        ],
        [
            0.07543186843395233,
            -0.0002676472067832947,
            0.05028005316853523
        ],
        [
            0.02954413928091526,
            -0.05118589103221893,
            0.031755585223436356
        ],
        [
            0.03412780910730362,
            -0.05892948806285858,
            0.031373750418424606
        ],
        [
            0.034537989646196365,
            -0.05463971197605133,
            0.03423304110765457
        ],
        [
            0.05708588659763336,
            0.00227520614862442,
            0.023525208234786987
        ],
        [
            0.003483269363641739,
            -0.06300007551908493,
            0.016764037311077118
        ],
        [
            0.10971111059188843,
            -0.01763305440545082,
            -0.002371765673160553
        ],
        [
            0.11245714128017426,
            -0.012743037194013596,
            0.010208085179328918
        ],
        [
            0.10514164716005325,
            -0.01767309010028839,
            0.010967781767249107
        ],
        [
            0.10111391544342041,
            -0.02269166335463524,
            -0.003727652132511139
        ],
        [
            0.0037486255168914795,
            -0.05164333060383797,
            0.01966015063226223
        ],
        [
            0.0032026804983615875,
            -0.05675976723432541,
            0.01594967022538185
        ],
        [
            0.03296329826116562,
            -0.012757357209920883,
            0.048561908304691315
        ],
        [
            0.028998149558901787,
            -0.016842586919665337,
            0.05034636706113815
        ],
        [
            0.02905365079641342,
            -0.015657782554626465,
            0.053960077464580536
        ],
        [
            0.030860045924782753,
            -0.009750664234161377,
            0.052670516073703766
        ],
        [
            0.087723508477211,
            0.003482908010482788,
            0.04239709675312042
        ],
        [
            0.04509659484028816,
            0.001946898177266121,
            0.06479956954717636
        ],
        [
            0.04843922704458237,
            -0.009116280823946,
            0.06676113605499268
        ],
        [
            0.09814398735761642,
            0.002246994525194168,
            0.034987036138772964
        ],
        [
            0.09904103726148605,
            -0.006520915776491165,
            0.03075276128947735
        ],
        [
            0.10712381452322006,
            -0.0020484179258346558,
            0.027586020529270172
        ],
        [
            0.04513413459062576,
            -0.04258112981915474,
            0.05079937353730202
        ],
        [
            0.08591411262750626,
            -0.019829822704195976,
            0.032111190259456635
        ],
        [
            0.09757232666015625,
            -0.012912385165691376,
            0.026745479553937912
        ],
        [
            0.10716066509485245,
            -0.007850795984268188,
            0.02278127893805504
        ],
        [
            0.11437926441431046,
            -0.004144687205553055,
            0.020832471549510956
        ],
        [
            0.11350050568580627,
            0.0019413605332374573,
            0.026194928213953972
        ],
        [
            0.006976885721087456,
            -0.06632257997989655,
            0.031326547265052795
        ],
        [
            0.002459166571497917,
            -0.061515871435403824,
            0.03589094430208206
        ],
        [
            0.121690534055233,
            0.005839690566062927,
            0.0257541686296463
        ],
        [
            0.12196051329374313,
            -0.0008429959416389465,
            0.01931145414710045
        ],
        [
            0.09590870141983032,
            -0.019772134721279144,
            0.020739823579788208
        ],
        [
            0.09281342476606369,
            -0.027360949665308,
            0.012072436511516571
        ],
        [
            0.0845593810081482,
            -0.02607683464884758,
            0.026070578023791313
        ],
        [
            0.08084837347269058,
            -0.034146279096603394,
            0.018275737762451172
        ],
        [
            0.04913348704576492,
            -0.051937803626060486,
            0.04615458473563194
        ],
        [
            -0.014424985274672508,
            -0.05475610867142677,
            0.03969871625304222
        ],
        [
            -0.003490295261144638,
            -0.055518243461847305,
            0.03784128278493881
        ],
        [
            -0.0031298361718654633,
            -0.05070988088846207,
            0.03456529974937439
        ],
        [
            -0.013656936585903168,
            -0.05073244869709015,
            0.03878144174814224
        ],
        [
            0.003136761486530304,
            -0.05448807403445244,
            0.03565163165330887
        ],
        [
            -0.0036895237863063812,
            -0.06114668399095535,
            0.03683139383792877
        ],
        [
            0.07441867142915726,
            -0.04021264240145683,
            0.0049513112753629684
        ],
        [
            0.025428012013435364,
            -0.04483505338430405,
            0.028134288266301155
        ],
        [
            0.08518266677856445,
            -0.031867802143096924,
            -0.005504220724105835
        ],
        [
            0.06098515912890434,
            -0.04497098922729492,
            -0.007000502198934555
        ],
        [
            0.06746949255466461,
            -0.03686630725860596,
            -0.0156859140843153
        ],
        [
            0.09531892836093903,
            -0.02250020205974579,
            -0.017444906756281853
        ],
        [
            0.07850982248783112,
            -0.027354449033737183,
            -0.024047542363405228
        ],
        [
            0.11235508322715759,
            -0.013264846056699753,
            -0.013890175148844719
        ],
