{
    "pred_cam": [
        14.302934646606445,
        -0.0759027972817421,
        0.02395276352763176
    ],
    "pred_mano_params": {
        "global_orient": [
            [
                [
                    0.5751165747642517,
                    -0.8075169324874878,
                    0.13098567724227905
                ],
                [
                    0.44839775562286377,
                    0.17724265158176422,
                    -0.8760846853256226
                ],
                [
                    0.684237003326416,
                    0.5625845789909363,
                    0.4640239477157593
                ]
            ]
        ],
        "hand_pose": [
            [
                [
                    0.8528687357902527,
                    -0.5138417482376099,
                    0.0926361158490181
                ],
                [
                    0.5201284885406494,
                    0.8516298532485962,
                    -0.06475218385457993
                ],
                [
                    -0.045619308948516846,
                    0.10340781509876251,
                    0.9935922026634216
                ]
            ],
            [
                [
                    0.5189686417579651,
                    -0.8396862149238586,
                    0.1599954217672348
                ],
                [
                    0.8446801900863647,
                    0.4750586152076721,
                    -0.2466466873884201
                ],
                [
                    0.13109861314296722,
                    0.26314687728881836,
                    0.9558068513870239
                ]
            ],
            [
                [
                    0.6737717986106873,
                    -0.735306441783905,
                    0.07318458706140518
                ],
                [
                    0.7174624800682068,
                    0.6746769547462463,
                    0.17337384819984436
                ],
                [
                    -0.17685885727405548,
                    -0.06430721282958984,
                    0.9821330904960632
                ]
            ],
            [
                [
                    0.9363596439361572,
                    -0.35016438364982605,
                    0.024807142093777657
                ],
                [
                    0.34623488783836365,
                    0.9328832030296326,
                    0.09924888610839844
                ],
                [
                    -0.05789559334516525,
                    -0.0843435600399971,
                    0.9947533011436462
                ]
            ],
            [
                [
                    0.125603586435318,
                    -0.951008141040802,
                    -0.2825017273426056
                ],
                [
                    0.9882709383964539,
                    0.09501057118177414,
                    0.11955530941486359
                ],
                [
                    -0.08685743063688278,
                    -0.29420486092567444,
                    0.9517874121665955
                ]
            ],
            [
                [
                    0.6106991171836853,
                    -0.7914016246795654,
                    0.02701888605952263
                ],
                [
                    0.7913499474525452,
                    0.6111760139465332,
                    0.01513675507158041
                ],
                [
                    -0.028492549434304237,
                    0.012137391604483128,
                    0.9995203018188477
                ]
            ],
            [
                [
                    0.6263664364814758,
                    -0.748906672000885,
                    -0.21634218096733093
                ],
                [
                    0.7682136297225952,
                    0.5459111928939819,
                    0.33440813422203064
                ],
                [
                    -0.13233686983585358,
                    -0.3756589889526367,
                    0.9172607660293579
                ]
            ],
            [
                [
                    0.738322913646698,
                    -0.6633478999137878,
                    0.12185600399971008
                ],
                [
                    0.5646901726722717,
                    0.7067906260490417,
                    0.4261127710342407
                ],
                [
                    -0.3687876760959625,
                    -0.24579791724681854,
                    0.8964257836341858
                ]
            ],
            [
                [
                    0.9356529712677002,
                    -0.3362058997154236,
                    0.10732712596654892
                ],
                [
                    0.21186955273151398,
                    0.778310239315033,
                    0.5910537242889404
                ],
                [
                    -0.2822495400905609,
                    -0.5302818417549133,
                    0.7994600534439087
                ]
            ],
            [
                [
                    0.7931874990463257,
                    -0.6056060791015625,
                    -0.06399024277925491
                ],
                [
                    0.6086066961288452,
                    0.7919822335243225,
                    0.04860076308250427
                ],
                [
                    0.02124621346592903,
                    -0.07749441266059875,
                    0.9967663288116455
                ]
            ],
            [
                [
                    0.408041387796402,
                    -0.8970945477485657,
                    -0.16948093473911285
                ],
                [
                    0.814139723777771,
                    0.2735433876514435,
                    0.512201726436615
                ],
                [
                    -0.413132905960083,
                    -0.34698063135147095,
                    0.8419773578643799
                ]
            ],
            [
                [
                    0.6498821377754211,
                    -0.7599803805351257,
                    0.009112084284424782
                ],
                [
                    0.7296832203865051,
                    0.6272386312484741,
                    0.2722756862640381
                ],
                [
                    -0.21263964474201202,
                    -0.17029815912246704,
                    0.9621760845184326
                ]
            ],
            [
                [
                    0.9860036969184875,
                    -0.11945033073425293,
                    -0.1163116842508316
                ],
                [
                    -0.034324031323194504,
                    0.5372518301010132,
                    -0.8427232503890991
                ],
                [
                    0.16315224766731262,
                    0.8349204659461975,
                    0.5256322622299194
                ]
            ],
            [
                [
                    0.938878059387207,
                    -0.3442423343658447,
                    -0.002295014914125204
                ],
                [
                    0.3131224513053894,
                    0.8511943221092224,
                    0.42121559381484985
                ],
                [
                    -0.14304672181606293,
                    -0.3961886763572693,
                    0.9069576859474182
                ]
            ],
            [
                [
                    0.9450302720069885,
                    -0.15940767526626587,
                    -0.28549444675445557
                ],
                [
                    -0.009729092009365559,
                    0.8590223789215088,
                    -0.5118455290794373
                ],
                [
                    0.3268382251262665,
                    0.48648709058761597,
                    0.8102512359619141
                ]
            ]
        ],
        "betas": [
            -0.07572618126869202,
            -0.05188128352165222,
            0.03466340899467468,
            -0.019632786512374878,
            -0.0016790032386779785,
            -0.01175772026181221,
            -0.018553465604782104,
            -0.07582736015319824,
            0.03210623562335968,
            -0.10136955976486206
        ]
    },
    "pred_cam_t": [
        -0.0759027972817421,
        0.02395276352763176,
        2.7310829162597656
    ],
    "focal_length": [
        5000.0,
        5000.0
    ],
    "pred_keypoints_3d": [
        [
            0.09602087736129761,
            0.006408827379345894,
            0.0062211561016738415
        ],
        [
            0.09816363453865051,
            -0.029910912737250328,
            -0.00704439589753747
        ],
        [
            0.10193903744220734,
            -0.05205608904361725,
            -0.028239691630005836
        ],
        [
            0.10499300807714462,
            -0.06613370776176453,
            -0.051283761858940125
        ],
        [
            0.10957417637109756,
            -0.07277494668960571,
            -0.08571089804172516
        ],
        [
            0.0520995669066906,
            -0.05233891308307648,
            -0.04755115136504173
        ],
        [
            0.04662337526679039,
            -0.07174396514892578,
            -0.0737696960568428
        ],
        [
            0.06391145288944244,
            -0.07098713517189026,
            -0.08774801343679428
        ],
        [
            0.08634898066520691,
            -0.0611799955368042,
            -0.08786597847938538
        ],
        [
            0.0420951284468174,
            -0.033499233424663544,
            -0.06118396297097206
        ],
        [
            0.03207866847515106,
            -0.04526370391249657,
            -0.08899542689323425
        ],
        [
            0.05434376001358032,
            -0.04628142714500427,
            -0.09591846168041229
        ],
        [
            0.07717853784561157,
            -0.042899422347545624,
            -0.085979163646698
        ],
        [
            0.04846778139472008,
            -0.007600761950016022,
            -0.06460282951593399
        ],
        [
            0.04701487347483635,
            -0.01584787108004093,
            -0.09232617914676666
        ],
        [
            0.07101143896579742,
            -0.020873207598924637,
            -0.09656661748886108
        ],
        [
            0.0920349583029747,
            -0.025845792144536972,
            -0.08411290496587753
        ],
        [
            0.058655738830566406,
            0.01171107031404972,
            -0.0668354406952858
        ],
        [
            0.06684181839227676,
            0.013132224790751934,
            -0.0863637626171112
        ],
        [
            0.08403080701828003,
            0.007898540236055851,
            -0.09263532608747482
        ],
        [
            0.10123002529144287,
            -0.0030251238495111465,
            -0.08964945375919342
        ]
    ],
    "pred_vertices": [
        [
            0.08343207836151123,
            -0.03294955566525459,
            -0.030542055144906044
        ],
        [
            0.09080803394317627,
            -0.027288200333714485,
            -0.02471652626991272
        ],
        [
            0.09207312762737274,
            -0.03518836945295334,
            -0.03018571250140667
        ],
        [
            0.08411571383476257,
            -0.041495390236377716,
            -0.03382362425327301
        ],
        [
            0.11154485493898392,
            -0.028119396418333054,
            -0.02154211327433586
        ],
        [
            0.11763599514961243,
            -0.03366909921169281,
            -0.012423459440469742
        ],
        [
            0.11578838527202606,
            -0.04445382207632065,
            -0.02433387190103531
        ],
        [
            0.11167114973068237,
            -0.037384774535894394,
            -0.03071523644030094
        ],
        [
            0.08339852094650269,
            -0.04830389842391014,
            -0.03617742657661438
        ],
        [
            0.09297214448451996,
            -0.041612740606069565,
            -0.035003602504730225
        ],
        [
            0.08231570571660995,
            -0.051356811076402664,
            -0.034940205514431
        ],
        [
            0.06849519908428192,
            -0.05622445046901703,
            -0.03138722851872444
        ],
        [
            0.0729890838265419,
            -0.053277790546417236,
            -0.0355759859085083
        ],
        [
            0.060209453105926514,
            -0.05796884745359421,
            -0.033093251287937164
        ],
        [
            0.06496405601501465,
            -0.05367223918437958,
            -0.0213168952614069
        ],
        [
            0.05238266661763191,
            -0.053879305720329285,
            -0.029138006269931793
        ],
        [
            0.05324500799179077,
            -0.02636079117655754,
            -0.01707400009036064
        ],
        [
            0.05296389013528824,
            -0.012940732762217522,
            -0.02020932361483574
        ],
        [
            0.04364737495779991,
            -0.01879196986556053,
            -0.03306664526462555
        ],
        [
            0.04546042159199715,
            -0.03192029148340225,
            -0.029168719425797462
        ],
        [
            0.050018101930618286,
            0.0008427761495113373,
            -0.0361451730132103
        ],
        [
            0.04579940438270569,
            -0.010181142017245293,
            -0.03512948006391525
        ],
        [
            0.0543513298034668,
            -0.004046846181154251,
            -0.02155751734972
        ],
        [
            0.05794776603579521,
            0.005475327372550964,
            -0.023218344897031784
        ],
        [
            0.08416780084371567,
            -0.017062000930309296,
            -0.028900127857923508
        ],
        [
            0.09100168943405151,
            -0.011952083557844162,
            -0.022329814732074738
        ],
        [
            0.08990518003702164,
            -0.01768803596496582,
            -0.021793290972709656
        ],
        [
            0.08385784924030304,
            -0.022639375180006027,
            -0.028275929391384125
        ],
        [
            0.09004349261522293,
            -0.05861387774348259,
            -0.033205483108758926
        ],
        [
            0.08305082470178604,
            -0.05631660297513008,
            -0.020298872143030167
        ],
        [
            0.08001373708248138,
            -0.05474287271499634,
            -0.02754642255604267
        ],
        [
            0.09090214222669601,
            -0.055239416658878326,
            -0.03759021311998367
        ],
        [
            0.11169035732746124,
            0.006511759012937546,
            -0.012519434094429016
        ],
        [
            0.11389252543449402,
            0.010850712656974792,
            0.00019999593496322632
        ],
        [
            0.11373241990804672,
            0.0054748281836509705,
            0.0027911290526390076
        ],
        [
            0.11123514175415039,
            0.0027036964893341064,
            -0.00914938747882843
        ],
        [
            0.11613459885120392,
            -0.01667151227593422,
            0.002998601645231247
        ],
        [
            0.11441078782081604,
            -0.0106351338326931,
            0.011520542204380035
        ],
        [
            0.1112365797162056,
            -0.015578970313072205,
            0.023612648248672485
        ],
        [
            0.110406294465065,
            -0.023378461599349976,
            0.01648435741662979
        ],
        [
            0.11733720451593399,
            -0.025296732783317566,
            -0.005237746983766556
        ],
        [
            0.11415624618530273,
            -0.03185455873608589,
            0.006475035101175308
        ],
        [
            0.11516395211219788,
            -0.04058375582098961,
            -0.0034344717860221863
        ],
        [
            0.11411957442760468,
            -0.051134418696165085,
            -0.017943065613508224
        ],
        [
            0.11155343055725098,
            0.02297499030828476,
            -0.003594815731048584
        ],
        [
            0.11012165248394012,
            0.021537896245718002,
            -0.013672396540641785
        ],
        [
            0.060413334518671036,
            -0.07022043317556381,
            -0.06988909840583801
        ],
        [
            0.059582147747278214,
            -0.06495129317045212,
            -0.07313010096549988
        ],
        [
            0.059634387493133545,
            -0.06456588208675385,
            -0.07073719054460526
        ],
        [
            0.06005561351776123,
            -0.06966305524110794,
            -0.06806982308626175
        ],
        [
            0.09439849853515625,
            0.033688466995954514,
            -0.006049998104572296
        ],
        [
            0.08559189736843109,
            0.033920470625162125,
            -0.0009885579347610474
        ],
        [
            0.09061876684427261,
            0.03709962218999863,
            0.0032853111624717712
        ],
        [
            0.09916612505912781,
            0.035296738147735596,
            -0.000363372266292572
        ],
        [
            0.08813744783401489,
            0.03142985701560974,
            -0.013556376099586487
        ],
        [
            0.07915610074996948,
            0.028932174667716026,
            -0.007058911025524139
        ],
        [
            0.05149567127227783,
            -0.07875944674015045,
            -0.07364002615213394
        ],
        [
            0.05613476037979126,
            -0.07799509167671204,
            -0.07112389802932739
        ],
        [
            0.05306558310985565,
            -0.07716792821884155,
            -0.06785179674625397
        ],
        [
            0.047734566032886505,
            -0.07677453011274338,
            -0.06949802488088608
        ],
        [
            0.07631006836891174,
            -0.04709351062774658,
            -0.036967501044273376
        ],
        [
            0.07777391374111176,
            -0.03797483444213867,
            -0.036710649728775024
        ],
        [
            0.0644107311964035,
            -0.051707636564970016,
            -0.04860241711139679
        ],
        [
            0.06866870075464249,
            -0.04572553187608719,
            -0.043806444853544235
        ],
        [
            0.06897774338722229,
            -0.051520705223083496,
            -0.040067240595817566
        ],
        [
            0.06448405236005783,
            -0.05584242194890976,
            -0.043498240411281586
        ],
        [
            0.06999175995588303,
            -0.022222843021154404,
            -0.046080514788627625
        ],
        [
            0.07678361982107162,
            -0.01805173233151436,
            -0.03741303086280823
        ],
        [
            0.07587569206953049,
            -0.024640968069434166,
            -0.036860935389995575
        ],
        [
            0.0692080482840538,
            -0.030880078673362732,
            -0.04617505893111229
        ],
        [
            0.07977297902107239,
            -0.004907507449388504,
            -0.04198818653821945
        ],
        [
            0.0724252462387085,
            -0.009979162365198135,
            -0.04984927922487259
        ],
        [
            0.07503433525562286,
            -0.001956528052687645,
            -0.05142473429441452
        ],
        [
            0.08061526715755463,
            4.0236860513687134e-05,
            -0.046153850853443146
        ],
        [
            0.059633709490299225,
            -0.02153756283223629,
            -0.06233106926083565
        ],
        [
            0.05413064360618591,
            -0.02474234066903591,
            -0.06740975379943848
        ],
        [
            0.05455806106328964,
            -0.02170906402170658,
            -0.06859705597162247
        ],
        [
            0.060005538165569305,
            -0.018065454438328743,
            -0.06249242275953293
        ],
        [
            0.09471604228019714,
            0.04002583771944046,
            0.008322425186634064
        ],
        [
            0.10335441678762436,
            0.036096081137657166,
            0.00559641420841217
        ],
        [
            0.059580013155937195,
            0.019773896783590317,
            -0.0418560691177845
        ],
        [
            0.06926615536212921,
            0.02504817582666874,
            -0.043474361300468445
        ],
        [
            0.06390707939863205,
            0.0230265986174345,
            -0.05457519367337227
        ],
        [
            0.054012540727853775,
            0.018104270100593567,
            -0.050119951367378235
        ],
        [
            0.07841898500919342,
            0.028224052861332893,
            0.004059977829456329
        ],
        [
            0.08247606456279755,
            0.03356603533029556,
            0.008180290460586548
        ],
        [
            0.046864110976457596,
            -0.0759124606847763,
            -0.07729784399271011
        ],
        [
            0.04347158223390579,
            -0.07365858554840088,
            -0.07320064306259155
        ],
        [
            0.10482078790664673,
            -0.04332730919122696,
            0.005597345530986786
        ],
        [
            0.10703308880329132,
            -0.05568743497133255,
            -0.012287165969610214
        ],
        [
            0.1027611494064331,
            -0.03178921341896057,
            0.017183810472488403
        ],
        [
            0.10064708441495895,
            -0.022833220660686493,
            0.024240992963314056
        ],
        [
            0.10140442848205566,
            -0.0165167935192585,
            0.030841350555419922
        ],
        [
            0.06611624360084534,
            -0.04169146716594696,
            -0.048939820379018784
        ],
        [
            0.07888498902320862,
            -0.029034946113824844,
            -0.034094326198101044
        ],
        [
            0.08488314598798752,
            -0.012107249349355698,
            -0.030095219612121582
        ],
        [
            0.09019917249679565,
            0.014687515795230865,
            -0.04456300288438797
        ],
        [
            0.09680686891078949,
            0.017795199528336525,
            -0.036989808082580566
        ],
        [
            0.09491918981075287,
            0.007258675992488861,
            -0.036808788776397705
        ],
        [
            0.08895273506641388,
            0.006853042170405388,
            -0.04315862059593201
        ],
        [
            0.07784149050712585,
            0.02448948472738266,
            -0.04867842048406601
        ],
        [
            0.08196099102497101,
            0.018389500677585602,
            -0.05165581405162811
        ],
        [
            0.07702574133872986,
            0.015869230031967163,
            -0.05766698718070984
        ],
        [
            0.07257941365242004,
            0.021790940314531326,
            -0.0565899983048439
        ],
        [
            0.09370522201061249,
            -0.06367530673742294,
            -0.028811439871788025
        ],
        [
            0.0874619260430336,
            -0.05769936367869377,
            -0.01426977664232254
        ],
        [
            0.10350638628005981,
            0.029735136777162552,
            -0.00998641550540924
        ],
        [
            0.10713034868240356,
            0.029481392353773117,
            -0.0030401721596717834
        ],
        [
            0.10956715047359467,
            0.031415313482284546,
            0.004935339093208313
        ],
        [
            0.101933553814888,
            -0.003997519612312317,
            -0.017046701163053513
        ],
        [
            0.11102402955293655,
            2.4452805519104004e-05,
            -0.006828095763921738
        ],
        [
            0.1109425500035286,
            -0.0042229630053043365,
            -0.0058985985815525055
        ],
        [
            0.1003965213894844,
            -0.006794776767492294,
            -0.015563655644655228
        ],
        [
            0.10014728456735611,
            -0.02087194100022316,
            -0.020271968096494675
        ],
        [
            0.11092488467693329,
            -0.017984163016080856,
            -0.012936707586050034
        ],
        [
            0.10139356553554535,
            -0.028474152088165283,
            -0.028234252706170082
        ],
        [
            0.11437122523784637,
            -0.0011549927294254303,
            0.007662832736968994
        ],
        [
            0.1178572028875351,
            0.008534636348485947,
            0.011782463639974594
        ],
        [
            0.11732082068920135,
            0.0008747242391109467,
            0.016426291316747665
        ],
        [
            0.11654004454612732,
            0.01767243817448616,
            0.00829235464334488
        ],
        [
            0.11388005316257477,
            0.025822922587394714,
            0.005649261176586151
        ],
        [
            0.08445411920547485,
            0.038983095437288284,
            0.014486938714981079
        ],
        [
            0.11518565565347672,
            -0.00614587590098381,
            0.02053649351000786
        ],
        [
            0.11088082194328308,
            -0.04455670714378357,
            -0.03636953979730606
        ],
        [
            0.1108875572681427,
            -0.0511166974902153,
            -0.04134959354996681
        ],
        [
            0.10363060981035233,
            -0.04866337031126022,
            -0.043463289737701416
        ],
        [
            0.10289599001407623,
            -0.04231613501906395,
            -0.03901873528957367
        ],
        [
            0.05355963855981827,
            -0.06037906929850578,
            -0.03774335980415344
        ],
        [
            0.06061899662017822,
            -0.0596856027841568,
            -0.04089784622192383
        ],
        [
            0.06659949570894241,
            -0.05667659267783165,
            -0.03579563647508621
        ],
        [
            0.10615949332714081,
            0.007648944854736328,
            -0.022742170840501785
        ],
        [
            0.10528649389743805,
            0.020314086228609085,
            -0.02335166186094284
        ],
        [
            0.06143860146403313,
            -0.048378098756074905,
            -0.05375291407108307
        ],
        [
            0.045366283506155014,
            -0.07501980662345886,
            -0.06555011868476868
        ],
        [
            0.05117048695683479,
            -0.07601185888051987,
            -0.06361949443817139
        ],
        [
            0.050977036356925964,
            -0.06716404855251312,
            -0.04901930317282677
        ],
        [
            0.04427657276391983,
            -0.06587602198123932,
            -0.05076402798295021
        ],
        [
            0.05240965262055397,
            -0.04907478019595146,
            -0.060104936361312866
        ],
        [
            0.0587923601269722,
            -0.05076443403959274,
            -0.05714769661426544
        ],
        [
            0.05728811398148537,
            -0.05190252140164375,
            -0.05888225510716438
        ],
        [
            0.052614882588386536,
            -0.050395168364048004,
            -0.06338328868150711
        ],
        [
            0.058553874492645264,
            -0.013066604733467102,
            -0.06810501962900162
        ],
        [
            0.06317710131406784,
            -0.010098819620907307,
            -0.06293365359306335
        ],
        [
            0.040285345166921616,
            -0.03718980401754379,
            -0.04346922039985657
        ],
        [
            0.04008431360125542,
            -0.048546116799116135,
            -0.03518743813037872
        ],
        [
            0.04724512994289398,
            -0.04394940286874771,
            -0.026413585990667343
        ],
        [
            0.07149840146303177,
            -0.014984676614403725,
            -0.047410063445568085
        ],
        [
            0.0655132457613945,
            -0.01801900938153267,
            -0.05559755861759186
        ],
        [
            0.06597903370857239,
            -0.014038454741239548,
            -0.05652269721031189
        ],
        [
            0.06320558488368988,
            -0.040130093693733215,
            -0.05260588973760605
        ],
        [
            0.05823678895831108,
            -0.044576261192560196,
            -0.05723373591899872
        ],
        [
            0.059009648859500885,
            -0.039233818650245667,
            -0.05654069781303406
        ],
        [
            0.06379137933254242,
            -0.03475981950759888,
            -0.05252721905708313
        ],
        [
            0.07516556978225708,
            0.028403237462043762,
            -0.0322519987821579
        ],
        [
            0.08499293774366379,
            0.027997145429253578,
            -0.03866749256849289
        ],
        [
            0.05924177169799805,
            -0.07487232983112335,
            -0.06951679289340973
        ],
        [
            0.05769151449203491,
            -0.07441304624080658,
            -0.06708014756441116
        ],
        [
            0.07815349102020264,
            -0.011063382029533386,
            -0.03888924419879913
        ],
        [
            0.05618252605199814,
            -0.03806384652853012,
            -0.01654108613729477
        ],
        [
            0.08598196506500244,
            -0.006913116201758385,
            -0.03166048228740692
        ],
        [
            0.04767627269029617,
            0.001807698979973793,
            -0.05852006375789642
        ],
        [
            0.0544414222240448,
            0.00252335611730814,
            -0.06518487632274628
        ],
        [
            0.05234109237790108,
            -0.0008254391141235828,
            -0.06895902007818222
        ],
        [
            0.0463075190782547,
            -0.0013530789874494076,
            -0.0664805993437767
        ],
        [
            0.05117105320096016,
            -0.057380691170692444,
            -0.07446534931659698
        ],
        [
            0.056605562567710876,
            -0.059492211788892746,
            -0.07313728332519531
        ],
        [
            0.056378073990345,
            -0.06027454882860184,
            -0.07409250736236572
        ],
        [
            0.05104675143957138,
            -0.05904195457696915,
            -0.07689503580331802
        ],
        [
            0.06159074231982231,
            -0.054177720099687576,
            -0.05312507599592209
        ],
        [
            0.0619036927819252,
            -0.058533601462841034,
            -0.04838625714182854
        ],
        [
            0.06073436886072159,
            -0.060651879757642746,
            -0.052953653037548065
        ],
        [
            0.05965985357761383,
            -0.05592849850654602,
            -0.05661366879940033
        ],
        [
            0.0576116219162941,
            -0.06242014467716217,
            -0.0453311912715435
        ],
        [
            0.057008370757102966,
            -0.06498432159423828,
            -0.0496571846306324
        ],
        [
            0.04479895532131195,
            -0.05906635522842407,
            -0.07456663250923157
        ],
        [
            0.040660563856363297,
            -0.06530661880970001,
            -0.07246176153421402
        ],
        [
            0.03994517773389816,
            -0.05537806451320648,
            -0.05960896238684654
        ],
        [
            0.045253872871398926,
            -0.052283063530921936,
            -0.06433358788490295
        ],
        [
            0.06435708701610565,
            0.010273624211549759,
            -0.010233737528324127
        ],
        [
            0.0683327168226242,
            0.01993892714381218,
            -0.014310583472251892
        ],
        [
            0.061871930956840515,
            0.015513058751821518,
            -0.02733159065246582
        ],
        [
            0.054737746715545654,
            0.011936234310269356,
            -0.03996093198657036
        ],
        [
            0.04909827560186386,
            0.007334873080253601,
            -0.05197421461343765
        ],
        [
            0.04263279214501381,
            -0.002033873461186886,
            -0.04691038653254509
        ],
        [
            0.06604238599538803,
            0.02237621508538723,
            -0.02919561043381691
        ],
        [
            0.044282466173172,
            -0.04235367476940155,
            -0.05533359572291374
        ],
        [
            0.04058999940752983,
            -0.046828605234622955,
            -0.049545157700777054
        ],
        [
            0.04035178944468498,
            -0.039534252136945724,
            -0.05012775957584381
        ],
        [
            0.08827929198741913,
            -0.0007118023931980133,
            -0.03521808981895447
        ],
        [
            0.056342463940382004,
            -0.07415202260017395,
            -0.06360948085784912
        ],
        [
            0.08110181987285614,
            -0.008841745555400848,
            0.026233740150928497
        ],
        [
            0.07614628970623016,
            0.003441784530878067,
            0.02268977463245392
        ],
        [
            0.07322459667921066,
            -0.002187352627515793,
            0.016549531370401382
        ],
        [
            0.07953497767448425,
            -0.01629713550209999,
            0.019943971186876297
        ],
        [
            0.0603405199944973,
            -0.06459205597639084,
            -0.06968022137880325
        ],
        [
            0.06041184067726135,
            -0.06973954290151596,
            -0.06566561758518219
        ],
        [
            0.06418503820896149,
            -0.004384620115160942,
            -0.06598667055368423
        ],
        [
            0.059536162763834,
            -0.007473034784197807,
            -0.06996583193540573
        ],
        [
            0.05760464817285538,
            -0.004117065574973822,
            -0.07142940163612366
        ],
        [
            0.06374844908714294,
            -0.00023801065981388092,
            -0.07035209238529205
        ],
        [
            0.07175521552562714,
            0.024763111025094986,
            -0.015472959727048874
        ],
        [
            0.06397443264722824,
            0.021525034680962563,
            -0.06216214597225189
        ],
        [
            0.053856998682022095,
            0.017109710723161697,
            -0.05855299159884453
        ],
        [
            0.07384359836578369,
            0.023402899503707886,
            -0.002830296754837036
        ],
        [
            0.0698692798614502,
            0.015291545540094376,
            0.0010954216122627258
        ],
        [
            0.07388125360012054,
            0.019450418651103973,
            0.009004540741443634
        ],
        [
            0.0394064225256443,
            -0.016901733353734016,
            -0.0496775284409523
        ],
        [
            0.061320140957832336,
            0.0021335575729608536,
            -0.009246006608009338
        ],
        [
            0.06793752312660217,
            0.00792510062456131,
            0.002417035400867462
        ],
        [
            0.07262511551380157,
            0.012553099542856216,
            0.011933840811252594
        ],
        [
            0.0754459872841835,
            0.016656946390867233,
            0.018672898411750793
        ],
        [
            0.0766785740852356,
            0.02375568263232708,
            0.014710985124111176
        ],
        [
            0.04182165861129761,
            -0.07078003883361816,
            -0.06904886662960052
        ],
        [
            0.04203478619456291,
            -0.06783086061477661,
            -0.07751582562923431
        ],
        [
            0.07847429811954498,
            0.02935335598886013,
            0.021680079400539398
        ],
        [
            0.0776115357875824,
            0.020924434065818787,
            0.025628507137298584
        ],
        [
            0.06693360954523087,
            -0.0010802336037158966,
            0.004484478384256363
        ],
        [
            0.06734012812376022,
            -0.012665756046772003,
            0.006535641849040985
        ],
        [
            0.06079409271478653,
            -0.006384067237377167,
            -0.006987631320953369
        ],
        [
            0.060389697551727295,
            -0.018076986074447632,
            -0.005809210240840912
        ],
        [
            0.03678370267152786,
            -0.023958293721079826,
            -0.041951075196266174
        ],
        [
            0.05518787354230881,
            -0.06802249699831009,
            -0.09071234613656998
        ],
        [
            0.04769501835107803,
            -0.0648137778043747,
            -0.08335556089878082
        ],
        [
            0.051605306565761566,
            -0.061214905232191086,
            -0.0807495191693306
        ],
        [
            0.05654874071478844,
            -0.06421732157468796,
            -0.08916283398866653
        ],
        [
            0.0458616241812706,
            -0.06142507493495941,
            -0.07827659696340561
        ],
        [
            0.04555978253483772,
            -0.0699891746044159,
            -0.0818401426076889
        ],
        [
            0.06514737010002136,
            -0.03282215818762779,
            -0.0046997591853141785
        ],
        [
            0.05312344431877136,
            -0.042612604796886444,
            -0.06020743399858475
        ],
        [
            0.07605455070734024,
            -0.029480358585715294,
            0.008217595517635345
        ],
        [
            0.07067757099866867,
            -0.04943567141890526,
            -0.009855799376964569
        ],
        [
            0.08097343146800995,
            -0.0470462441444397,
            -0.0014895163476467133
        ],
        [
            0.0889231413602829,
            -0.027183305472135544,
            0.020895875990390778
        ],
        [
            0.09149038791656494,
            -0.04164633899927139,
            0.010272860527038574
        ],
        [
            0.09132470190525055,
            -0.012387383729219437,
            0.03279392793774605
        ],
        [
            0.0888773649930954,
