{
    "pred_cam": [
        14.43626880645752,
        -0.0847177729010582,
        0.026417240500450134
    ],
    "pred_mano_params": {
        "global_orient": [
            [
                [
                    0.4736795425415039,
                    -0.8773940205574036,
                    0.07620643824338913
                ],
                [
                    0.43467381596565247,
                    0.15765467286109924,
                    -0.8866812586784363
                ],
                [
                    0.7659545540809631,
                    0.4531277120113373,
                    0.45605799555778503
                ]
            ]
        ],
        "hand_pose": [
            [
                [
                    0.5600807070732117,
                    -0.8276180624961853,
                    0.03685060888528824
                ],
                [
                    0.8261980414390564,
                    0.5612823367118835,
                    0.04856862872838974
                ],
                [
                    -0.060879867523908615,
                    0.003243549494072795,
                    0.9981398582458496
                ]
            ],
            [
                [
                    0.35875561833381653,
                    -0.9124220609664917,
                    0.19692711532115936
                ],
                [
                    0.9217262268066406,
                    0.31297728419303894,
                    -0.2290545254945755
                ],
                [
                    0.14736071228981018,
                    0.26368749141693115,
                    0.9532856941223145
                ]
            ],
            [
                [
                    0.5531005859375,
                    -0.821092426776886,
                    0.14102119207382202
                ],
                [
                    0.7977147698402405,
                    0.570774495601654,
                    0.19459600746631622
                ],
                [
                    -0.2402726113796234,
                    0.004863527603447437,
                    0.9706932306289673
                ]
            ],
            [
                [
                    0.5277061462402344,
                    -0.8473034501075745,
                    -0.06002593785524368
                ],
                [
                    0.8322755694389343,
                    0.5016292333602905,
                    0.23597776889801025
                ],
                [
                    -0.16983400285243988,
                    -0.17448504269123077,
                    0.969902753829956
                ]
            ],
            [
                [
                    0.41473400592803955,
                    -0.8749480843544006,
                    -0.24992306530475616
                ],
                [
                    0.9081678986549377,
                    0.38086041808128357,
                    0.1737135797739029
                ],
                [
                    -0.05680456757545471,
                    -0.2990170419216156,
                    0.9525555372238159
                ]
            ],
            [
                [
                    0.4984413981437683,
                    -0.8657879829406738,
                    0.04435490071773529
                ],
                [
                    0.864400327205658,
                    0.5002404451370239,
                    0.05071086809039116
                ],
                [
                    -0.06609297543764114,
                    0.013063994236290455,
                    0.9977279305458069
                ]
            ],
            [
                [
                    0.4657416343688965,
                    -0.8518706560134888,
                    -0.23958520591259003
                ],
                [
                    0.8610494136810303,
                    0.3737916946411133,
                    0.34478071331977844
                ],
                [
                    -0.2041536420583725,
                    -0.3668734133243561,
                    0.9075930714607239
                ]
            ],
            [
                [
                    0.7907918691635132,
                    -0.5990950465202332,
                    0.12543292343616486
                ],
                [
                    0.4742385149002075,
                    0.7292541861534119,
                    0.493240624666214
                ],
                [
                    -0.3869704604148865,
                    -0.33056554198265076,
                    0.8608022332191467
                ]
            ],
            [
                [
                    0.8649417757987976,
                    -0.47918304800987244,
                    0.14919543266296387
                ],
                [
                    0.3272733986377716,
                    0.7639083862304688,
                    0.5561798810958862
                ],
                [
                    -0.38048362731933594,
                    -0.43223556876182556,
                    0.8175601363182068
                ]
            ],
            [
                [
                    0.6036784648895264,
                    -0.796369194984436,
                    -0.036992598325014114
                ],
                [
                    0.7948057651519775,
                    0.597581684589386,
                    0.1057351753115654
                ],
                [
                    -0.06209813803434372,
                    -0.09323196858167648,
                    0.9937060475349426
                ]
            ],
            [
                [
                    0.4276670217514038,
                    -0.8912686705589294,
                    -0.15080158412456512
                ],
                [
                    0.7808710932731628,
                    0.2802278995513916,
                    0.5583124160766602
                ],
                [
                    -0.45534753799438477,
                    -0.3565283417701721,
                    0.8158102035522461
                ]
            ],
            [
                [
                    0.42782872915267944,
                    -0.9007337689399719,
                    -0.07510832697153091
                ],
                [
                    0.8637387752532959,
                    0.38294118642807007,
                    0.32758399844169617
                ],
                [
                    -0.2663038969039917,
                    -0.205023854970932,
                    0.9418319463729858
                ]
            ],
            [
                [
                    0.9998592734336853,
                    0.010792816989123821,
                    0.012843526899814606
                ],
                [
                    0.0035994481295347214,
                    0.6097375750541687,
                    -0.7925951480865479
                ],
                [
                    -0.016385503113269806,
                    0.792529821395874,
                    0.6096129417419434
                ]
            ],
            [
                [
                    0.9243857860565186,
                    -0.3704070746898651,
                    -0.09115618467330933
                ],
                [
                    0.3812156319618225,
                    0.8885001540184021,
                    0.2554251551628113
                ],
                [
                    -0.013618997298181057,
                    -0.27086156606674194,
                    0.9625219106674194
                ]
            ],
            [
                [
                    0.7162386775016785,
                    -0.39408349990844727,
                    -0.5759344100952148
                ],
                [
                    -0.09347434341907501,
                    0.7636788487434387,
                    -0.6387935876846313
                ],
                [
                    0.6915668845176697,
                    0.5113637447357178,
                    0.5101396441459656
                ]
            ]
        ],
        "betas": [
            -0.07080283761024475,
            0.04121732711791992,
            0.011138707399368286,
            0.059854656457901,
            0.014559745788574219,
            -0.05728396028280258,
            -0.012813568115234375,
            -0.08740532398223877,
            0.05075015127658844,
            -0.08608409762382507
        ]
    },
    "pred_cam_t": [
        -0.0847177729010582,
        0.026417240500450134,
        2.7058584690093994
    ],
    "focal_length": [
        5000.0,
        5000.0
    ],
    "pred_keypoints_3d": [
        [
            0.09599487483501434,
            0.006407991051673889,
            0.006185856647789478
        ],
        [
            0.10029704868793488,
            -0.029574133455753326,
            -0.007603486999869347
        ],
        [
            0.10846087336540222,
            -0.05470804125070572,
            -0.023684561252593994
        ],
        [
            0.11543213576078415,
            -0.06829778105020523,
            -0.046179044991731644
        ],
        [
            0.11483389139175415,
            -0.059532083570957184,
            -0.07953044027090073
        ],
        [
            0.06023436784744263,
            -0.051333386451005936,
            -0.05445071682333946
        ],
        [
            0.07200870662927628,
            -0.06834888458251953,
            -0.08027508854866028
        ],
        [
            0.09341375529766083,
            -0.062318287789821625,
            -0.07955338805913925
        ],
        [
            0.10466361790895462,
            -0.049411967396736145,
            -0.06234648451209068
        ],
        [
            0.051967401057481766,
            -0.03214897960424423,
            -0.06878005713224411
        ],
        [
            0.06667467206716537,
            -0.04359504580497742,
            -0.09450148791074753
        ],
        [
            0.08946963399648666,
            -0.04265833646059036,
            -0.0897454097867012
        ],
        [
            0.1011982262134552,
            -0.03794343024492264,
            -0.0682198703289032
        ],
        [
            0.058548688888549805,
            -0.0061000920832157135,
            -0.07063544541597366
        ],
        [
            0.06862115859985352,
            -0.014522641897201538,
            -0.09635888040065765
        ],
        [
            0.09257134050130844,
            -0.01838742196559906,
            -0.09100791811943054
        ],
        [
            0.10149271041154861,
            -0.020291071385145187,
            -0.06798699498176575
        ],
        [
            0.06877684593200684,
            0.01331545040011406,
            -0.07100816816091537
        ],
        [
            0.08253584802150726,
            0.015119893476366997,
            -0.08702164888381958
        ],
        [
            0.100820392370224,
            0.010066361166536808,
            -0.08824745565652847
        ],
        [
            0.11420535296201706,
            -0.0010428354144096375,
            -0.0795295238494873
        ]
    ],
    "pred_vertices": [
        [
            0.08898515999317169,
            -0.03305010870099068,
            -0.033008091151714325
        ],
        [
            0.09556233882904053,
            -0.02822577767074108,
            -0.02653411403298378
        ],
        [
            0.09802061319351196,
            -0.03739815205335617,
            -0.0309920497238636
        ],
        [
            0.0903710424900055,
            -0.042429447174072266,
            -0.03595743328332901
        ],
        [
            0.11554562300443649,
            -0.02906409651041031,
            -0.01893654093146324
        ],
        [
            0.12022168934345245,
            -0.033624593168497086,
            -0.008186694234609604
        ],
        [
            0.12097827345132828,
            -0.04565785080194473,
            -0.018559683114290237
        ],
        [
            0.11756576597690582,
            -0.03919906169176102,
            -0.026228591799736023
        ],
        [
            0.09015613794326782,
            -0.05014155060052872,
            -0.0375957265496254
        ],
        [
            0.09980107098817825,
            -0.044469937682151794,
            -0.03457596153020859
        ],
        [
            0.0889592319726944,
            -0.053929124027490616,
            -0.03511771187186241
        ],
        [
            0.07453522831201553,
            -0.0573539137840271,
            -0.035069890320301056
        ],
        [
            0.07949431985616684,
            -0.053812216967344284,
            -0.039076387882232666
        ],
        [
            0.06619007885456085,
            -0.05828409641981125,
            -0.0386219248175621
        ],
        [
            0.06952961534261703,
            -0.05469241738319397,
            -0.025359410792589188
        ],
        [
            0.05727355554699898,
            -0.05460282415151596,
            -0.03623568266630173
        ],
        [
            0.05659182369709015,
            -0.026284271851181984,
            -0.023572012782096863
        ],
        [
            0.05659090355038643,
            -0.012665322050452232,
            -0.026430271565914154
        ],
        [
            0.04795859009027481,
            -0.018291857093572617,
            -0.04125162214040756
        ],
        [
            0.04963398724794388,
            -0.03171449899673462,
            -0.037361811846494675
        ],
        [
            0.05527645722031593,
            0.0017056278884410858,
            -0.04261830076575279
        ],
        [
            0.050872303545475006,
            -0.009506870061159134,
            -0.04254673421382904
        ],
        [
            0.058139704167842865,
            -0.0036674924194812775,
            -0.02734433487057686
        ],
        [
            0.061839111149311066,
            0.005971893668174744,
            -0.02826054021716118
        ],
        [
            0.08919072896242142,
            -0.01631961390376091,
            -0.030888576060533524
        ],
        [
            0.09502065181732178,
            -0.01139461062848568,
            -0.023628436028957367
        ],
        [
            0.0939398854970932,
            -0.017562516033649445,
            -0.023694660514593124
        ],
        [
            0.08888117969036102,
            -0.0221491027623415,
            -0.03053799271583557
        ],
        [
            0.09763479977846146,
            -0.06179442256689072,
            -0.03032071515917778
        ],
        [
            0.08818363398313522,
            -0.058406680822372437,
            -0.019971221685409546
        ],
        [
            0.08596803992986679,
            -0.057248305529356,
            -0.027757707983255386
        ],
        [
            0.0986626148223877,
            -0.05856110900640488,
            -0.03457923233509064
        ],
        [
            0.11401000618934631,
            0.0071488916873931885,
            -0.010374963283538818
        ],
        [
            0.11452950537204742,
            0.01115608960390091,
            0.0026496127247810364
        ],
        [
            0.11408885568380356,
            0.005726233124732971,
            0.0050088465213775635
        ],
        [
            0.1131187379360199,
            0.0032989569008350372,
            -0.007329314947128296
        ],
        [
            0.11625730991363525,
            -0.016247764229774475,
            0.0051859281957149506
        ],
        [
            0.11357265710830688,
            -0.010364215821027756,
            0.01335090771317482
        ],
        [
            0.10887321084737778,
            -0.01565171405673027,
            0.02514832466840744
        ],
        [
            0.1087990403175354,
            -0.023091819137334824,
            0.018209610134363174
        ],
        [
            0.11862410604953766,
            -0.024850688874721527,
            -0.0023272447288036346
        ],
        [
            0.11391399055719376,
            -0.031195059418678284,
            0.009409651160240173
        ],
        [
            0.11667543649673462,
            -0.04009955748915672,
            0.0010379999876022339
        ],
        [
            0.11906136572360992,
            -0.052231986075639725,
            -0.011862069368362427
        ],
        [
            0.11251398921012878,
            0.023370221257209778,
            -0.001096576452255249
        ],
        [
            0.1124337911605835,
            0.022200658917427063,
            -0.011313453316688538
        ],
        [
            0.07998104393482208,
            -0.06486726552248001,
            -0.06795471906661987
        ],
        [
            0.08016432821750641,
            -0.059326980262994766,
            -0.07104191929101944
        ],
        [
            0.07941464334726334,
            -0.059553831815719604,
            -0.06960183382034302
        ],
        [
            0.07894259691238403,
            -0.06484705954790115,
            -0.06717683374881744
        ],
        [
            0.09567095339298248,
            0.034039657562971115,
            -0.005522049963474274
        ],
        [
            0.08626440912485123,
            0.034033846110105515,
            -0.0016537383198738098
        ],
        [
            0.0906364843249321,
            0.03714362531900406,
            0.003330230712890625
        ],
        [
            0.09962908923625946,
            0.03553879261016846,
            0.0007872879505157471
        ],
        [
            0.09046277403831482,
            0.0319690927863121,
            -0.013841085135936737
        ],
        [
            0.08072427660226822,
            0.02916644513607025,
            -0.008658796548843384
        ],
        [
            0.07711211591959,
            -0.07406872510910034,
            -0.07661738991737366
        ],
        [
            0.07904483377933502,
            -0.07292965799570084,
            -0.07170980423688889
        ],
        [
            0.07463748753070831,
            -0.0730985626578331,
            -0.07113190740346909
        ],
        [
            0.07136126607656479,
            -0.07324329018592834,
            -0.07568856328725815
        ],
        [
            0.08285222202539444,
            -0.046923357993364334,
            -0.04032598435878754
        ],
        [
            0.08411106467247009,
            -0.03739694505929947,
            -0.03987174108624458
        ],
        [
            0.07251274585723877,
            -0.049558643251657486,
            -0.051950450986623764
        ],
        [
            0.07586989551782608,
            -0.04459317401051521,
            -0.04800039529800415
        ],
        [
            0.07560458779335022,
            -0.05058760568499565,
            -0.04427617788314819
        ],
        [
            0.0718737468123436,
            -0.05408080667257309,
            -0.04753590747714043
        ],
        [
            0.07737281918525696,
            -0.020970171317458153,
            -0.04963906854391098
        ],
        [
            0.08297383785247803,
            -0.017029738053679466,
            -0.04018095135688782
        ],
        [
            0.08205103874206543,
            -0.023703694343566895,
            -0.03993770852684975
        ],
        [
            0.07670135051012039,
            -0.029631447046995163,
            -0.050010696053504944
        ],
        [
            0.0864335149526596,
            -0.0037073828279972076,
            -0.04393863305449486
        ],
        [
            0.0801771953701973,
            -0.00857693050056696,
            -0.05267813056707382
        ],
        [
            0.08290815353393555,
            -0.0004596766084432602,
            -0.05363299697637558
        ],
        [
            0.08776609599590302,
            0.001384897157549858,
            -0.04778382554650307
        ],
        [
            0.06907223165035248,
            -0.01959964632987976,
            -0.0659894198179245
        ],
        [
            0.06611859053373337,
            -0.02233148366212845,
            -0.07023052126169205
        ],
        [
            0.06714481115341187,
            -0.020100563764572144,
            -0.07244988530874252
        ],
        [
            0.06998192518949509,
            -0.016374239698052406,
            -0.06632379442453384
        ],
        [
            0.09400375187397003,
            0.039981111884117126,
            0.008935235440731049
        ],
        [
            0.10299858450889587,
            0.03621753305196762,
            0.007269322872161865
        ],
        [
            0.0654628798365593,
            0.021053925156593323,
            -0.0462975949048996
        ],
        [
            0.07531558722257614,
            0.02647516317665577,
            -0.0462263859808445
        ],
        [
            0.07129353284835815,
            0.02465970627963543,
            -0.05812593922019005
        ],
        [
            0.06058359146118164,
            0.019510162994265556,
            -0.05551362410187721
        ],
        [
            0.078523650765419,
            0.028143219649791718,
            0.002248428761959076
        ],
        [
            0.08193892240524292,
            0.03339928388595581,
            0.007009953260421753
        ],
        [
            0.07501678913831711,
            -0.07155822962522507,
            -0.08243568986654282
        ],
        [
            0.06953687220811844,
            -0.07044659554958344,
            -0.08137422055006027
        ],
        [
            0.10527646541595459,
            -0.042601004242897034,
            0.008228685706853867
        ],
        [
            0.11119247227907181,
            -0.0566888302564621,
            -0.0071456655859947205
        ],
        [
            0.10125161707401276,
            -0.030929718166589737,
            0.018073424696922302
        ],
        [
            0.0982772707939148,
            -0.022477727383375168,
            0.02440749481320381
        ],
        [
            0.09821773320436478,
            -0.01670099049806595,
            0.031011685729026794
        ],
        [
            0.07396195083856583,
            -0.04020683839917183,
            -0.05300901457667351
        ],
        [
            0.08474665880203247,
            -0.028321169316768646,
            -0.03697526454925537
        ],
        [
            0.0900190994143486,
            -0.011251946911215782,
            -0.03179448843002319
        ],
        [
            0.09685344994068146,
            0.01612798124551773,
            -0.044637005776166916
        ],
        [
            0.10235393047332764,
            0.0190679170191288,
            -0.036249395459890366
        ],
        [
            0.10064500570297241,
            0.008452368900179863,
            -0.03657970950007439
        ],
        [
            0.09558162093162537,
            0.008189251646399498,
            -0.04360539838671684
        ],
        [
            0.08467888832092285,
            0.026133239269256592,
            -0.050136748701334
        ],
        [
            0.08941343426704407,
            0.020105276256799698,
            -0.05254174768924713
        ],
        [
            0.08531373739242554,
            0.01784629188477993,
            -0.05892367288470268
        ],
        [
            0.08032596856355667,
            0.023717086762189865,
            -0.058626171201467514
        ],
        [
            0.10112127661705017,
            -0.06646627187728882,
            -0.025263339281082153
        ],
        [
            0.09175202250480652,
            -0.059324961155653,
            -0.013086080551147461
        ],
        [
            0.10526540875434875,
            0.03026498109102249,
            -0.008323252201080322
        ],
        [
            0.10795298218727112,
            0.029848285019397736,
            -0.0009644106030464172
        ],
        [
            0.10931359231472015,
            0.031588733196258545,
            0.007315970957279205
        ],
        [
            0.10500583797693253,
            -0.0033219121396541595,
            -0.016779396682977676
        ],
        [
            0.11257563531398773,
            0.0006072074174880981,
            -0.005268283188343048
        ],
        [
            0.1123230904340744,
            -0.0036657676100730896,
            -0.00467512384057045
        ],
        [
            0.10323883593082428,
            -0.0062434859573841095,
            -0.01593342423439026
        ],
        [
            0.103947713971138,
            -0.021839793771505356,
            -0.021135173738002777
        ],
        [
            0.1132168397307396,
            -0.017990007996559143,
            -0.01195187121629715
        ],
        [
            0.10685256123542786,
            -0.03080303966999054,
            -0.02760145254433155
        ],
        [
            0.11412607133388519,
            -0.0009429380297660828,
            0.009691685438156128
        ],
        [
            0.1170179694890976,
            0.008556991815567017,
            0.01457773894071579
        ],
        [
            0.11595812439918518,
            0.0007922723889350891,
            0.018928445875644684
        ],
        [
            0.11604103446006775,
            0.017788050696253777,
            0.011187262833118439
        ],
        [
            0.11358156055212021,
            0.025993134826421738,
            0.008448749780654907
        ],
        [
            0.0830102413892746,
            0.03867163509130478,
            0.013647690415382385
        ],
        [
            0.113299161195755,
            -0.0063279904425144196,
            0.0226220041513443
        ],
        [
            0.11788010597229004,
            -0.046556901186704636,
            -0.030960168689489365
        ],
        [
            0.11888423562049866,
            -0.05273619294166565,
            -0.035534556955099106
        ],
        [
            0.11155504733324051,
            -0.05102396011352539,
            -0.03856111317873001
        ],
        [
            0.11001700162887573,
            -0.04514510557055473,
            -0.03489885851740837
        ],
        [
            0.060933295637369156,
            -0.05979081988334656,
            -0.04485628008842468
        ],
        [
            0.0681723952293396,
            -0.05839402973651886,
            -0.04592365026473999
        ],
        [
            0.07286515831947327,
            -0.0564003549516201,
            -0.04036686569452286
        ],
        [
            0.10990367829799652,
            0.008531123399734497,
            -0.02118178829550743
        ],
        [
            0.10895474255084991,
            0.021219227463006973,
            -0.02157684788107872
        ],
        [
            0.07108454406261444,
            -0.045874372124671936,
            -0.05698854848742485
        ],
        [
            0.06714928895235062,
            -0.07208096235990524,
            -0.07326862961053848
        ],
        [
            0.0710037350654602,
            -0.0726904422044754,
            -0.06841828674077988
        ],
        [
            0.06315997987985611,
            -0.06475723534822464,
            -0.0544876828789711
        ],
        [
            0.05783222243189812,
            -0.06398890167474747,
            -0.05938233807682991
        ],
        [
            0.06607992202043533,
            -0.04572141543030739,
            -0.06423760950565338
        ],
        [
            0.0710732564330101,
            -0.04740969464182854,
            -0.059177033603191376
        ],
        [
            0.07111379504203796,
            -0.0480375662446022,
            -0.06059978902339935
        ],
        [
            0.0687711238861084,
            -0.046359140425920486,
            -0.06681006401777267
        ],
        [
            0.07049886137247086,
            -0.011401869356632233,
            -0.07143816351890564
        ],
        [
            0.07317111641168594,
            -0.008401503786444664,
            -0.06610240042209625
        ],
        [
            0.04694777727127075,
            -0.036574941128492355,
            -0.05292864516377449
        ],
        [
            0.0453348308801651,
            -0.04885127395391464,
            -0.045724719762802124
        ],
        [
            0.05125090479850769,
            -0.04454859346151352,
            -0.034120477735996246
        ],
        [
            0.07896693795919418,
            -0.013674400746822357,
            -0.05055313557386398
        ],
        [
            0.07406365871429443,
            -0.016468986868858337,
            -0.05925572291016579
        ],
        [
            0.07474324107170105,
            -0.01248114462941885,
            -0.05999685823917389
        ],
        [
            0.07184259593486786,
            -0.03847072646021843,
            -0.05683937668800354
        ],
        [
            0.06865145266056061,
            -0.042183857411146164,
            -0.061242472380399704
        ],
        [
            0.06832535564899445,
            -0.03733697161078453,
            -0.06089364364743233
        ],
        [
            0.07226860523223877,
            -0.033263325691223145,
            -0.05684163048863411
        ],
        [
            0.0798703283071518,
            0.029456421732902527,
            -0.034208957105875015
        ],
        [
            0.09059758484363556,
            0.02928467094898224,
            -0.03922870382666588
        ],
        [
            0.07980798184871674,
            -0.06965101510286331,
            -0.06844456493854523
        ],
        [
            0.07734750211238861,
            -0.06994853168725967,
            -0.06777607649564743
        ],
        [
            0.08446696400642395,
            -0.009972510859370232,
            -0.04126020893454552
        ],
        [
            0.05964892357587814,
            -0.03835149109363556,
            -0.022555667906999588
        ],
        [
            0.0912739485502243,
            -0.005984876304864883,
            -0.03304900601506233
        ],
        [
            0.05691035836935043,
            0.0029300544410943985,
            -0.06517709791660309
        ],
        [
            0.06517579406499863,
            0.003806633874773979,
            -0.07041829079389572
        ],
        [
            0.06489540636539459,
            0.0006839539855718613,
            -0.07407526671886444
        ],
        [
            0.058639734983444214,
            -0.0002805502153933048,
            -0.07312318682670593
        ],
        [
            0.07404526323080063,
            -0.05271933972835541,
            -0.0773579403758049
        ],
        [
            0.07831044495105743,
            -0.054473038762807846,
            -0.07326710224151611
        ],
        [
            0.07790569961071014,
            -0.05529562011361122,
            -0.07417241483926773
        ],
        [
            0.07501561939716339,
            -0.05428706109523773,
            -0.079604871571064
        ],
        [
            0.07248343527317047,
            -0.050810106098651886,
            -0.054471906274557114
        ],
        [
            0.07149093598127365,
            -0.055589281022548676,
            -0.050731293857097626
        ],
        [
            0.07294023036956787,
            -0.056942056864500046,
            -0.05360359698534012
        ],
        [
            0.07293950021266937,
            -0.051972679793834686,
            -0.05741700902581215
        ],
        [
            0.06715449690818787,
            -0.05990028381347656,
            -0.04898327589035034
        ],
        [
            0.06858796626329422,
            -0.061878349632024765,
            -0.05225512012839317
        ],
        [
            0.06904181092977524,
            -0.0551711730659008,
            -0.08103767037391663
        ],
        [
            0.06555325537919998,
            -0.06228679046034813,
            -0.08176598697900772
        ],
        [
            0.056651368737220764,
            -0.05302673578262329,
            -0.06942658126354218
        ],
        [
            0.06301295012235641,
            -0.04876166954636574,
            -0.07135482132434845
        ],
        [
            0.06658762693405151,
            0.010476794093847275,
            -0.01430577039718628
        ],
        [
            0.07096949219703674,
            0.020291011780500412,
            -0.017559602856636047
        ],
        [
            0.06613940745592117,
            0.016197411343455315,
            -0.0315374881029129
        ],
        [
            0.06043839454650879,
            0.012953661382198334,
            -0.04539761692285538
        ],
        [
            0.056223347783088684,
            0.008606452494859695,
            -0.05838318169116974
        ],
        [
            0.04912786930799484,
            -0.001070849597454071,
            -0.05478767305612564
        ],
        [
            0.07049788534641266,
            0.023205576464533806,
            -0.03262243792414665
        ],
        [
            0.05634904280304909,
            -0.04033641144633293,
            -0.06198456510901451
        ],
        [
            0.050998754799366,
            -0.0456516407430172,
            -0.059653688222169876
        ],
        [
            0.05060786008834839,
            -0.03873076289892197,
            -0.05917754024267197
        ],
        [
            0.0939507856965065,
            0.0003594290465116501,
            -0.03609133139252663
        ],
        [
            0.07519933581352234,
            -0.07024392485618591,
            -0.0655413269996643
        ],
        [
            0.07870528101921082,
            -0.009298212826251984,
            0.02371949702501297
        ],
        [
            0.07415388524532318,
            0.0028535500168800354,
            0.01977817714214325
        ],
        [
            0.07210831344127655,
            -0.002631239593029022,
            0.013134881854057312
        ],
        [
            0.07802151143550873,
            -0.016423221677541733,
            0.01715366542339325
        ],
        [
            0.08054572343826294,
            -0.059569887816905975,
            -0.06841813772916794
        ],
        [
            0.07911158353090286,
            -0.06515071541070938,
            -0.06506801396608353
        ],
        [
            0.074849933385849,
            -0.0026746001094579697,
            -0.06883016228675842
        ],
        [
            0.07184980064630508,
            -0.00580587238073349,
            -0.07321399450302124
        ],
        [
            0.07063071429729462,
            -0.002389902714639902,
            -0.07489284127950668
        ],
        [
            0.07547006011009216,
            0.001382078044116497,
            -0.07296878099441528
        ],
        [
            0.0744934231042862,
            0.025203121826052666,
            -0.018129810690879822
        ],
        [
            0.07289904356002808,
            0.023082183673977852,
            -0.06574417650699615
        ],
        [
            0.06223267316818237,
            0.0182888675481081,
            -0.06421805173158646
        ],
        [
            0.0749497264623642,
            0.02347111701965332,
            -0.00532907247543335
        ],
        [
            0.0706029161810875,
            0.015208465978503227,
            -0.0021879374980926514
        ],
        [
            0.07347838580608368,
            0.019197165966033936,
            0.006304740905761719
        ],
        [
            0.047169703990221024,
            -0.015986375510692596,
            -0.05849149823188782
        ],
        [
            0.06355474889278412,
            0.00225217267870903,
            -0.013953138142824173
        ],
        [
            0.06859758496284485,
            0.007774382829666138,
            -0.001329079270362854
        ],
        [
            0.0719539225101471,
            0.012199586257338524,
            0.008861757814884186
        ],
        [
            0.07378394156694412,
            0.016154993325471878,
            0.016030989587306976
        ],
        [
            0.07542587071657181,
            0.02337438426911831,
            0.012451350688934326
        ],
        [
            0.06545018404722214,
            -0.06799536943435669,
            -0.07824628055095673
        ],
        [
            0.06987328827381134,
            -0.06428902596235275,
            -0.08571251481771469
        ],
        [
            0.07622221857309341,
            0.02879573032259941,
            0.019726477563381195
        ],
        [
            0.07494139671325684,
            0.020252102985978127,
            0.023308292031288147
        ],
        [
            0.06743989884853363,
            -0.001315966248512268,
            0.000349193811416626
        ],
        [
            0.06766979396343231,
            -0.012807060033082962,
            0.00218798965215683
        ],
        [
            0.06282110512256622,
            -0.006374480202794075,
            -0.01200883463025093
        ],
        [
            0.0623742938041687,
            -0.018085459247231483,
            -0.011157125234603882
        ],
        [
            0.041420161724090576,
            -0.023660819977521896,
            -0.052466921508312225
        ],
        [
            0.08798383176326752,
            -0.06022068113088608,
            -0.08737734705209732
        ],
        [
            0.07720288634300232,
            -0.05944681912660599,
            -0.0866771936416626
        ],
        [
            0.0778103917837143,
            -0.05567453056573868,
            -0.08210699260234833
        ],
        [
            0.08715564012527466,
            -0.05651978403329849,
            -0.08533447235822678
        ],
        [
            0.0721634104847908,
            -0.05716411769390106,
            -0.08381337672472
        ],
        [
            0.0756586566567421,
            -0.06514652073383331,
            -0.08688434958457947
        ],
        [
            0.06718207895755768,
            -0.03294553980231285,
            -0.009348887950181961
        ],
        [
            0.06482698768377304,
            -0.0399872288107872,
            -0.06401874125003815
        ],
        [
            0.07628626376390457,
            -0.029261896386742592,
            0.005167514085769653
        ],
        [
            0.07386596500873566,
            -0.050190865993499756,
            -0.012871544808149338
        ],
        [
            0.08294084668159485,
            -0.04728882759809494,
            -0.002891167998313904
        ],
        [
            0.0871240496635437,
            -0.026624061167240143,
            0.019544024020433426
        ],
        [
            0.09141986817121506,
            -0.040942005813121796,
            0.010235186666250229
        ],
        [
            0.08798135817050934,
            -0.012830700725317001,
            0.03158562257885933
        ],
        [
            0.08637025952339172,
            -0.018575411289930344,
