{
    "pred_cam": [
        14.74876594543457,
        -0.08404017239809036,
        0.0264524407684803
    ],
    "pred_mano_params": {
        "global_orient": [
            [
                [
                    0.45769405364990234,
                    -0.8876100182533264,
                    0.05162034556269646
                ],
                [
                    0.4999486207962036,
                    0.20891796052455902,
                    -0.8404788970947266
                ],
                [
                    0.7352330684661865,
                    0.41048964858055115,
                    0.539379894733429
                ]
            ]
        ],
        "hand_pose": [
            [
                [
                    0.5068496465682983,
                    -0.8602381348609924,
                    -0.0556224025785923
                ],
                [
                    0.8617271780967712,
                    0.503890335559845,
                    0.059336140751838684
                ],
                [
                    -0.023015616461634636,
                    -0.0780058354139328,
                    0.9966872334480286
                ]
            ],
            [
                [
                    0.39889100193977356,
                    -0.8905510306358337,
                    0.21864286065101624
                ],
                [
                    0.907979428768158,
                    0.35021811723709106,
                    -0.23004485666751862
                ],
                [
                    0.12829402089118958,
                    0.29028603434562683,
                    0.9483008980751038
                ]
            ],
            [
                [
                    0.48069316148757935,
                    -0.853630006313324,
                    0.20062394440174103
                ],
                [
                    0.8171952962875366,
                    0.5190590023994446,
                    0.25053876638412476
                ],
                [
                    -0.3180030286312103,
                    0.04351665824651718,
                    0.9470905661582947
                ]
            ],
            [
                [
                    0.2793644964694977,
                    -0.9466161727905273,
                    -0.16085168719291687
                ],
                [
                    0.940665066242218,
                    0.23621051013469696,
                    0.24362632632255554
                ],
                [
                    -0.1926257610321045,
                    -0.219368115067482,
                    0.9564375877380371
                ]
            ],
            [
                [
                    0.6301426291465759,
                    -0.7485271692276001,
                    -0.20646367967128754
                ],
                [
                    0.7756666541099548,
                    0.5946601629257202,
                    0.2114722728729248
                ],
                [
                    -0.035517022013664246,
                    -0.2934046983718872,
                    0.9553282856941223
                ]
            ],
            [
                [
                    0.4373036324977875,
                    -0.8961590528488159,
                    0.07526327669620514
                ],
                [
                    0.8944591283798218,
                    0.44210121035575867,
                    0.06700295209884644
                ],
                [
                    -0.09331928938627243,
                    0.038019295781850815,
                    0.9949101209640503
                ]
            ],
            [
                [
                    0.434153288602829,
                    -0.8816664814949036,
                    -0.1848653107881546
                ],
                [
                    0.8698337078094482,
                    0.35691216588020325,
                    0.3405921757221222
                ],
                [
                    -0.23430801928043365,
                    -0.3086712956428528,
                    0.9218578338623047
                ]
            ],
            [
                [
                    0.7860938310623169,
                    -0.6111483573913574,
                    0.09248900413513184
                ],
                [
                    0.45711809396743774,
                    0.6755255460739136,
                    0.5785399079322815
                ],
                [
                    -0.41605234146118164,
                    -0.4125082492828369,
                    0.8103934526443481
                ]
            ],
            [
                [
                    0.7838971614837646,
                    -0.5871759653091431,
                    0.20181557536125183
                ],
                [
                    0.4276665449142456,
                    0.7462666034698486,
                    0.5100857615470886
                ],
                [
                    -0.45011836290359497,
                    -0.31354501843452454,
                    0.8361117839813232
                ]
            ],
            [
                [
                    0.3475375175476074,
                    -0.9375882148742676,
                    -0.012087183073163033
                ],
                [
                    0.9201413989067078,
                    0.3385331630706787,
                    0.19681261479854584
                ],
                [
                    -0.18043726682662964,
                    -0.07952167093753815,
                    0.9803667068481445
                ]
            ],
            [
                [
                    0.5577110052108765,
                    -0.8253780603408813,
                    -0.087803415954113
                ],
                [
                    0.6900116801261902,
                    0.40223023295402527,
                    0.6017429828643799
                ],
                [
                    -0.461348295211792,
                    -0.3961840867996216,
                    0.7938486933708191
                ]
            ],
            [
                [
                    0.40689578652381897,
                    -0.9122405052185059,
                    -0.04746635630726814
                ],
                [
                    0.8602239489555359,
                    0.36517617106437683,
                    0.3558947741985321
                ],
                [
                    -0.3073280453681946,
                    -0.18564379215240479,
                    0.9333198070526123
                ]
            ],
            [
                [
                    0.9961329698562622,
                    0.06038885563611984,
                    0.0638141855597496
                ],
                [
                    0.014029051177203655,
                    0.6076822280883789,
                    -0.7940563559532166
                ],
                [
                    -0.08673092722892761,
                    0.7918810248374939,
                    0.6044850945472717
                ]
            ],
            [
                [
                    0.9079577326774597,
                    -0.4045400023460388,
                    -0.10936228930950165
                ],
                [
                    0.41887468099594116,
                    0.8838987350463867,
                    0.20800720155239105
                ],
                [
                    0.012517961673438549,
                    -0.23467084765434265,
                    0.9719942808151245
                ]
            ],
            [
                [
                    0.6232612729072571,
                    -0.48506277799606323,
                    -0.613399863243103
                ],
                [
                    -0.13130171597003937,
                    0.708340048789978,
                    -0.6935518980026245
                ],
                [
                    0.7709119319915771,
                    0.5128045082092285,
                    0.3777913451194763
                ]
            ]
        ],
        "betas": [
            -0.045967549085617065,
            0.09019726514816284,
            -0.00021401047706604004,
            0.08489009737968445,
            -0.0004239678382873535,
            -0.00034340471029281616,
            0.008333742618560791,
            -0.05434757471084595,
            0.05553106963634491,
            -0.059219807386398315
        ]
    },
    "pred_cam_t": [
        -0.08404017239809036,
        0.0264524407684803,
        2.648526668548584
    ],
    "focal_length": [
        5000.0,
        5000.0
    ],
    "pred_keypoints_3d": [
        [
            0.09587293863296509,
            0.006394197233021259,
            0.006170633248984814
        ],
        [
            0.10003931820392609,
            -0.03072437271475792,
            -0.004047649912536144
        ],
        [
            0.10919379442930222,
            -0.05774823576211929,
            -0.015870889648795128
        ],
        [
            0.11740696430206299,
            -0.0730566680431366,
            -0.03673749044537544
        ],
        [
            0.1145588606595993,
            -0.06294602155685425,
            -0.0692642331123352
        ],
        [
            0.06108485534787178,
            -0.05640292540192604,
            -0.049746040254831314
        ],
        [
            0.075119249522686,
            -0.07414239645004272,
            -0.07386905699968338
        ],
        [
            0.09671449661254883,
            -0.06944968551397324,
            -0.07150714099407196
        ],
        [
            0.10547471046447754,
            -0.05775441601872444,
            -0.052387431263923645
        ],
        [
            0.05349830910563469,
            -0.03856346011161804,
            -0.06602010875940323
        ],
        [
            0.07599039375782013,
            -0.04984121024608612,
            -0.08535195887088776
        ],
        [
            0.09835314750671387,
            -0.04936164617538452,
            -0.07895569503307343
        ],
        [
            0.106898233294487,
            -0.044709548354148865,
            -0.056098103523254395
        ],
        [
            0.060494955629110336,
            -0.012896050699055195,
            -0.0700862854719162
        ],
        [
            0.07853463292121887,
            -0.024205420166254044,
            -0.08953478932380676
        ],
        [
            0.10098324716091156,
            -0.027115939185023308,
            -0.07943155616521835
        ],
        [
            0.10465286672115326,
            -0.026849664747714996,
            -0.05504705384373665
        ],
        [
            0.07096223533153534,
            0.006282155402004719,
            -0.07194487750530243
        ],
        [
            0.08519122004508972,
            0.006065795198082924,
            -0.08756135404109955
        ],
        [
            0.10339678823947906,
            0.0009387228637933731,
            -0.08631538599729538
        ],
        [
            0.1138148307800293,
            -0.008679218590259552,
            -0.07452410459518433
        ]
    ],
    "pred_vertices": [
        [
            0.08940965682268143,
            -0.03685633838176727,
            -0.02919035032391548
        ],
        [
            0.09576626867055893,
            -0.03178572282195091,
            -0.023060820996761322
        ],
        [
            0.0983608067035675,
            -0.04160156846046448,
            -0.026207242161035538
        ],
        [
            0.09080778062343597,
            -0.046710945665836334,
            -0.03098570927977562
        ],
        [
            0.11540055274963379,
            -0.031488820910453796,
            -0.014746107161045074
        ],
        [
            0.11985357105731964,
            -0.03456656262278557,
            -0.0033214204013347626
        ],
        [
            0.12129519879817963,
            -0.04775281623005867,
            -0.011797580868005753
        ],
        [
            0.11790283769369125,
            -0.042331572622060776,
            -0.020341938361525536
        ],
        [
            0.09064684808254242,
            -0.05471239984035492,
            -0.031559575349092484
        ],
        [
            0.10029249638319016,
            -0.049041248857975006,
            -0.028664298355579376
        ],
        [
            0.08953119814395905,
            -0.05832669883966446,
            -0.02840319089591503
        ],
        [
            0.07493762671947479,
            -0.06126813590526581,
            -0.028966696932911873
        ],
        [
            0.07994183897972107,
            -0.05807032808661461,
            -0.033311937004327774
        ],
        [
            0.06650063395500183,
            -0.06225420907139778,
            -0.03296976536512375
        ],
        [
            0.069718137383461,
            -0.057516321539878845,
            -0.01969864033162594
        ],
        [
            0.05747983977198601,
            -0.058294255286455154,
            -0.031338226050138474
        ],
        [
            0.05677878111600876,
            -0.028630943968892097,
            -0.021531321108341217
        ],
        [
            0.05697474628686905,
            -0.015293924137949944,
            -0.02570927143096924
        ],
        [
            0.04825454205274582,
            -0.022266976535320282,
            -0.04052180051803589
        ],
        [
            0.049872368574142456,
            -0.035305872559547424,
            -0.03516378626227379
        ],
        [
            0.056000251322984695,
            -0.0024690795689821243,
            -0.043527424335479736
        ],
        [
            0.051454149186611176,
            -0.013651087880134583,
            -0.04255438596010208
        ],
        [
            0.058684900403022766,
            -0.006430976092815399,
            -0.027430817484855652
        ],
        [
            0.06253204494714737,
            0.0030458569526672363,
            -0.029128607362508774
        ],
        [
            0.08976143598556519,
            -0.01968640834093094,
            -0.028776507824659348
        ],
        [
            0.09540507197380066,
            -0.014249563217163086,
            -0.02191230282187462
        ],
        [
            0.0941988080739975,
            -0.02058553695678711,
            -0.021447665989398956
        ],
        [
            0.08936138451099396,
            -0.02555875852704048,
            -0.0278787799179554
        ],
        [
            0.09879066050052643,
            -0.06570875644683838,
            -0.022141292691230774
        ],
        [
            0.0885966420173645,
            -0.06105839088559151,
            -0.012882523238658905
        ],
        [
            0.08651293814182281,
            -0.06083129346370697,
            -0.020799919962882996
        ],
        [
            0.09975386410951614,
            -0.06294940412044525,
            -0.02664804831147194
        ],
        [
            0.11428932845592499,
            0.005364090204238892,
            -0.009887471795082092
        ],
        [
            0.11453787237405777,
            0.010581962764263153,
            0.002703234553337097
        ],
        [
            0.11397896707057953,
            0.005415860563516617,
            0.005529128015041351
        ],
        [
            0.11323822289705276,
            0.0018404759466648102,
            -0.006561502814292908
        ],
        [
            0.11560815572738647,
            -0.01627369225025177,
            0.007716361433267593
        ],
        [
            0.11294390261173248,
            -0.0096922367811203,
            0.015252195298671722
        ],
        [
            0.107924684882164,
            -0.013759154826402664,
            0.0274587981402874
        ],
        [
            0.10785992443561554,
            -0.02169525995850563,
            0.021292131394147873
        ],
        [
            0.11801321059465408,
            -0.02537073940038681,
            0.0012262389063835144
        ],
        [
            0.11308892071247101,
            -0.030423298478126526,
            0.01356961578130722
        ],
        [
            0.11622466146945953,
            -0.03991711884737015,
            0.006591621786355972
        ],
        [
            0.11957138776779175,
            -0.05360721796751022,
            -0.004347607493400574
        ],
        [
            0.11277338862419128,
            0.0223936066031456,
            -0.0022083595395088196
        ],
        [
            0.11294309049844742,
            0.02025541104376316,
            -0.012268498539924622
        ],
        [
            0.08212875574827194,
            -0.07063693553209305,
            -0.06108177453279495
        ],
        [
            0.08295372128486633,
            -0.06524044275283813,
            -0.06429547071456909
        ],
        [
            0.08188877999782562,
            -0.06522908061742783,
            -0.06277135014533997
        ],
        [
            0.08093834668397903,
            -0.07046090066432953,
            -0.06028246134519577
        ],
        [
            0.09621661901473999,
            0.032767798751592636,
            -0.008088655769824982
        ],
        [
            0.08673052489757538,
            0.03322361037135124,
            -0.004497356712818146
        ],
        [
            0.09099996834993362,
            0.03674609214067459,
            0.00029081106185913086
        ],
        [
            0.10003183782100677,
            0.03482293337583542,
            -0.001845724880695343
        ],
        [
            0.09119486808776855,
            0.029990825802087784,
            -0.016308143734931946
        ],
        [
            0.08130810409784317,
            0.027780205011367798,
            -0.011168047785758972
        ],
        [
            0.07947787642478943,
            -0.08003251254558563,
            -0.06964056938886642
        ],
        [
            0.08101809769868851,
            -0.07880064100027084,
            -0.06463407725095749
        ],
        [
            0.07655099034309387,
            -0.07869716733694077,
            -0.0643794983625412
        ],
        [
            0.07372306287288666,
            -0.0788167417049408,
            -0.06917418539524078
        ],
        [
            0.083346888422966,
            -0.05119495093822479,
            -0.03528276085853577
        ],
        [
            0.08468248695135117,
            -0.0415567047894001,
            -0.03579278290271759
        ],
        [
            0.07318985462188721,
            -0.05466470867395401,
            -0.046592120081186295
        ],
        [
            0.07655269652605057,
            -0.04927624762058258,
            -0.04340305179357529
        ],
        [
            0.07608769834041595,
            -0.055016376078128815,
            -0.03912476822733879
        ],
        [
            0.07232809066772461,
            -0.05879351496696472,
            -0.04203115403652191
        ],
        [
            0.07840067893266678,
            -0.025857051834464073,
            -0.04721343517303467
        ],
        [
            0.08380328863859177,
            -0.02113499492406845,
            -0.0380801185965538
        ],
        [
            0.08278431743383408,
            -0.02777167223393917,
            -0.03724663332104683
        ],
        [
            0.0776330977678299,
            -0.03450736030936241,
            -0.04678649455308914
        ],
        [
            0.0875345915555954,
            -0.008248452097177505,
            -0.0429367795586586
        ],
        [
            0.08144580572843552,
            -0.013815723359584808,
            -0.0512809157371521
        ],
        [
            0.08427395671606064,
            -0.005823999643325806,
            -0.052904367446899414
        ],
        [
            0.08901885151863098,
            -0.003540046513080597,
            -0.0471830889582634
        ],
        [
            0.07034783065319061,
            -0.025833135470747948,
            -0.06335699558258057
        ],
        [
            0.06757724285125732,
            -0.028565088286995888,
            -0.06620020419359207
        ],
        [
            0.06947588920593262,
            -0.026535023003816605,
            -0.06807941198348999
        ],
        [
            0.07153701782226562,
            -0.022605126723647118,
            -0.06386789679527283
        ],
        [
            0.09426696598529816,
            0.04006551206111908,
            0.005694471299648285
        ],
        [
            0.10326206684112549,
            0.036090120673179626,
            0.004628777503967285
        ],
        [
            0.0666237622499466,
            0.016477534547448158,
            -0.04841906949877739
        ],
        [
            0.07659751176834106,
            0.02181469462811947,
            -0.04848981276154518
        ],
        [
            0.07266980409622192,
            0.0189468152821064,
            -0.06033826991915703
        ],
        [
            0.06167036294937134,
            0.014075042679905891,
            -0.05768973007798195
        ],
        [
            0.07882294803857803,
            0.02781425043940544,
            -0.00027857720851898193
        ],
        [
            0.08217346668243408,
            0.03345717862248421,
            0.004063531756401062
        ],
        [
            0.07811310887336731,
            -0.07762337476015091,
            -0.07565608620643616
        ],
        [
            0.07260050624608994,
            -0.07608715444803238,
            -0.07498235255479813
        ],
        [
            0.10475409030914307,
            -0.041704870760440826,
            0.013663332909345627
        ],
        [
            0.11162669211626053,
            -0.0576496385037899,
            0.000640377402305603
        ],
        [
            0.10035419464111328,
            -0.029184427112340927,
            0.021767131984233856
        ],
        [
            0.0973099023103714,
            -0.020325366407632828,
            0.027082502841949463
        ],
        [
            0.09714928269386292,
            -0.014088749885559082,
            0.033117808401584625
        ],
        [
            0.07485869526863098,
            -0.0453086718916893,
            -0.04871081933379173
        ],
        [
            0.0853341594338417,
            -0.03218897432088852,
            -0.033795811235904694
        ],
        [
            0.09070010483264923,
            -0.014705153182148933,
            -0.030114419758319855
        ],
        [
            0.09816975891590118,
            0.011321153491735458,
            -0.0452219657599926
        ],
        [
            0.1034829393029213,
            0.01494760811328888,
            -0.03703327476978302
        ],
        [
            0.10167942941188812,
            0.004358207806944847,
            -0.0364006869494915
        ],
        [
            0.09680189192295074,
            0.0035157091915607452,
            -0.04347311332821846
        ],
        [
            0.08611644804477692,
            0.021005164831876755,
            -0.0520392507314682
        ],
        [
            0.09090632200241089,
            0.014700764790177345,
            -0.05367272347211838
        ],
        [
            0.08683311939239502,
            0.012035921216011047,
            -0.05992070585489273
        ],
        [
            0.08177880942821503,
            0.017966806888580322,
            -0.06042616069316864
        ],
        [
            0.10234414041042328,
            -0.06969847530126572,
            -0.016526132822036743
        ],
        [
            0.09204975515604019,
            -0.06114305555820465,
            -0.005788989365100861
        ],
        [
            0.10580994188785553,
            0.02863919734954834,
            -0.010250210762023926
        ],
        [
            0.10829880833625793,
            0.028896965086460114,
            -0.002815425395965576
        ],
        [
            0.10951091349124908,
            0.031404733657836914,
            0.005285777151584625
        ],
        [
            0.10527355968952179,
            -0.005616907030344009,
            -0.01561044529080391
        ],
        [
            0.11257399618625641,
            -0.0006357170641422272,
            -0.004326470196247101
        ],
        [
            0.11216966807842255,
            -0.004850722849369049,
            -0.003429315984249115
        ],
        [
            0.10335733741521835,
            -0.008503470569849014,
            -0.014634326100349426
        ],
        [
            0.10382214933633804,
            -0.02490163967013359,
            -0.018303360790014267
        ],
        [
            0.11278973519802094,
            -0.01982472464442253,
            -0.00938452035188675
        ],
        [
            0.10701136291027069,
            -0.03462105989456177,
            -0.023363279178738594
        ],
        [
            0.11379150301218033,
            -0.0007521361112594604,
            0.01077502965927124
        ],
        [
            0.11672909557819366,
            0.009094785898923874,
            0.014868445694446564
        ],
        [
            0.11545497179031372,
            0.001807328313589096,
            0.019893303513526917
        ],
        [
            0.1159578412771225,
            0.01796557381749153,
            0.010606415569782257
        ],
        [
            0.11367447674274445,
            0.025898385792970657,
            0.007055506110191345
        ],
        [
            0.08315400779247284,
            0.03931969776749611,
            0.010218411684036255
        ],
        [
            0.1125810444355011,
            -0.0048755258321762085,
            0.024175047874450684
        ],
        [
            0.11854925006628036,
            -0.05008898302912712,
            -0.023907415568828583
        ],
        [
            0.1199345588684082,
            -0.0564391128718853,
            -0.027690105140209198
        ],
        [
            0.11253465712070465,
            -0.0553891658782959,
            -0.030988987535238266
        ],
        [
            0.11065607517957687,
            -0.04944589361548424,
            -0.02811412699520588
        ],
        [
            0.06131160631775856,
            -0.06409426778554916,
            -0.03960586339235306
        ],
        [
            0.06853952258825302,
            -0.06296183913946152,
            -0.04028184711933136
        ],
        [
            0.07320788502693176,
            -0.06052873283624649,
            -0.03469521179795265
        ],
        [
            0.11053415387868881,
            0.00577380508184433,
            -0.020870644599199295
        ],
        [
            0.10974811762571335,
            0.018357526510953903,
            -0.022478636354207993
        ],
        [
            0.07215187698602676,
            -0.05128248780965805,
            -0.05173961818218231
        ],
        [
            0.06934680044651031,
            -0.0774497240781784,
            -0.06720093637704849
        ],
        [
            0.07268238812685013,
            -0.07805369794368744,
            -0.0619984045624733
        ],
        [
            0.06374329328536987,
            -0.06959579139947891,
            -0.04885547235608101
        ],
        [
            0.058912985026836395,
            -0.06881622970104218,
            -0.054274071007966995
        ],
        [
            0.06784020364284515,
            -0.05105115845799446,
            -0.058830540627241135
        ],
        [
            0.07243689894676208,
            -0.052747130393981934,
            -0.053327009081840515
        ],
        [
            0.07269658893346786,
            -0.05321473628282547,
            -0.054594188928604126
        ],
        [
            0.07095465064048767,
            -0.051551464945077896,
            -0.06104498356580734
        ],
        [
            0.07266070693731308,
            -0.017717136070132256,
            -0.06788361072540283
        ],
        [
            0.07464530318975449,
            -0.014572575688362122,
            -0.06427857279777527
        ],
        [
            0.0478694885969162,
            -0.041550181806087494,
            -0.05039338022470474
        ],
        [
            0.04576929658651352,
            -0.05302151292562485,
            -0.04221302270889282
        ],
        [
            0.0513823926448822,
            -0.04796735197305679,
            -0.0304136723279953
        ],
        [
            0.08010940998792648,
            -0.018691839650273323,
            -0.04874332994222641
        ],
        [
            0.07537286728620529,
            -0.0221989955753088,
            -0.05714287608861923
        ],
        [
            0.0761619359254837,
            -0.018286339938640594,
            -0.05820125341415405
        ],
        [
            0.0729382261633873,
            -0.04386114329099655,
            -0.05267234146595001
        ],
        [
            0.06997319310903549,
            -0.04781784489750862,
            -0.056408803910017014
        ],
        [
            0.0694119855761528,
            -0.04305988550186157,
            -0.056878868490457535
        ],
        [
            0.07336720079183578,
            -0.03869333863258362,
            -0.053285032510757446
        ],
        [
            0.0810014083981514,
            0.025752520188689232,
            -0.03665522485971451
        ],
        [
            0.09191940724849701,
            0.02498895302414894,
            -0.04130672663450241
        ],
        [
            0.0816895067691803,
            -0.07543468475341797,
            -0.06141899153590202
        ],
        [
            0.07911847531795502,
            -0.07553644478321075,
            -0.06088671460747719
        ],
        [
            0.0854274332523346,
            -0.014224901795387268,
            -0.03975921869277954
        ],
        [
            0.059766143560409546,
            -0.04068291187286377,
            -0.019131042063236237
        ],
        [
            0.09205888211727142,
            -0.009579814970493317,
            -0.03180493414402008
        ],
        [
            0.05893255025148392,
            -0.003693442791700363,
            -0.06604018807411194
        ],
        [
            0.0673423483967781,
            -0.003266739659011364,
            -0.0707177072763443
        ],
        [
            0.06834983080625534,
            -0.0064413882791996,
            -0.07307319343090057
        ],
        [
            0.06250109523534775,
            -0.0076421708799898624,
            -0.07277338206768036
        ],
        [
            0.07723613828420639,
            -0.058443427085876465,
            -0.07098689675331116
        ],
        [
            0.08102195709943771,
            -0.06021546572446823,
            -0.06646332144737244
        ],
        [
            0.08103515207767487,
            -0.061057571321725845,
            -0.06755705922842026
        ],
        [
            0.0786956176161766,
            -0.06015733256936073,
            -0.07323906570672989
        ],
        [
            0.07336663454771042,
            -0.05602867901325226,
            -0.04843083396553993
        ],
        [
            0.07197979092597961,
            -0.060613926500082016,
            -0.04472672939300537
        ],
        [
            0.07365024834871292,
            -0.062057606875896454,
            -0.04719991236925125
        ],
        [
            0.07414598762989044,
            -0.05715791508555412,
            -0.05113593861460686
        ],
        [
            0.0674607902765274,
            -0.06467080116271973,
            -0.043112050741910934
        ],
        [
            0.0690244659781456,
            -0.0668049231171608,
            -0.04618294537067413
        ],
        [
            0.07255319505929947,
            -0.06084313243627548,
            -0.07505418360233307
        ],
        [
            0.06891950964927673,
            -0.06782929599285126,
            -0.07592439651489258
        ],
        [
            0.05888475850224495,
            -0.058063723146915436,
            -0.06467984616756439
        ],
        [
            0.0655500739812851,
            -0.05390650033950806,
            -0.06609626114368439
        ],
        [
            0.06705345958471298,
            0.008813770487904549,
            -0.015464339405298233
        ],
        [
            0.07165100425481796,
            0.01822659745812416,
            -0.019485801458358765
        ],
        [
            0.0670468881726265,
            0.01289910078048706,
            -0.03319784626364708
        ],
        [
            0.0614265501499176,
            0.008454782888293266,
            -0.04704543575644493
        ],
        [
            0.05726729705929756,
            0.002885619178414345,
            -0.05983049049973488
        ],
        [
            0.04998676851391792,
            -0.006521504372358322,
            -0.05598364770412445
        ],
        [
            0.0715327113866806,
            0.0197681225836277,
            -0.03478367254137993
        ],
        [
            0.057843513786792755,
            -0.045671842992305756,
            -0.05769328773021698
        ],
        [
            0.05243873596191406,
            -0.0506896898150444,
            -0.056041281670331955
        ],
        [
            0.05215611681342125,
            -0.04429589584469795,
            -0.05610504001379013
        ],
        [
            0.0948837399482727,
            -0.0035677310079336166,
            -0.035336051136255264
        ],
        [
            0.07666374742984772,
            -0.07569091767072678,
            -0.05879571661353111
        ],
        [
            0.07797346264123917,
            -0.007321145385503769,
            0.024618040770292282
        ],
        [
            0.07370452582836151,
            0.004372783005237579,
            0.01941973716020584
        ],
        [
            0.07173684984445572,
            -0.001698274165391922,
            0.013255372643470764
        ],
        [
            0.07736444473266602,
            -0.014986392110586166,
            0.01874275505542755
        ],
        [
            0.0825899988412857,
            -0.06526748836040497,
            -0.06132318824529648
        ],
        [
            0.08068849891424179,
            -0.07070425897836685,
            -0.058046549558639526
        ],
        [
            0.07663755118846893,
            -0.009150844998657703,
            -0.06748957186937332
        ],
        [
            0.07436057180166245,
            -0.0124852629378438,
            -0.07041771709918976
        ],
        [
            0.07393142580986023,
            -0.009282088838517666,
            -0.0721781998872757
        ],
        [
            0.07751680910587311,
            -0.005630047060549259,
            -0.07170576602220535
        ],
        [
            0.07525993883609772,
            0.023033447563648224,
            -0.020411625504493713
        ],
        [
            0.07445260882377625,
            0.016478953883051872,
            -0.06791974604129791
        ],
        [
            0.06367722898721695,
            0.011785581707954407,
            -0.06626106798648834
        ],
        [
            0.07538583874702454,
            0.022491026669740677,
            -0.007490687072277069
        ],
        [
            0.07085216045379639,
            0.014612071216106415,
            -0.003716990351676941
        ],
        [
            0.07356549054384232,
            0.019355695694684982,
            0.004449494183063507
        ],
        [
            0.04870384931564331,
            -0.02165886014699936,
            -0.05800127238035202
        ],
        [
            0.0638970285654068,
            0.0006843246519565582,
            -0.014436833560466766
        ],
        [
            0.06872391700744629,
            0.0073186978697776794,
            -0.002223566174507141
        ],
        [
            0.07189803570508957,
            0.012647967785596848,
            0.0076041147112846375
        ],
        [
            0.07360441237688065,
            0.017247147858142853,
            0.014421343803405762
        ],
        [
            0.07540789246559143,
            0.024075642228126526,
            0.010237470269203186
        ],
        [
            0.06829303503036499,
            -0.07341668754816055,
            -0.07234976440668106
        ],
        [
            0.07359108328819275,
            -0.07013269513845444,
            -0.07944421470165253
        ],
        [
            0.07610294222831726,
            0.030158374458551407,
            0.017005860805511475
        ],
        [
            0.0746447816491127,
            0.022013526409864426,
            0.021332278847694397
        ],
        [
            0.06741514801979065,
            -0.001552816480398178,
            0.00026760250329971313
        ],
        [
            0.06744887679815292,
            -0.012804102152585983,
            0.0032072141766548157
        ],
        [
            0.0630231499671936,
            -0.007714025676250458,
            -0.011711928993463516
        ],
        [
            0.062414318323135376,
            -0.019293557852506638,
            -0.009751159697771072
        ],
        [
            0.04196740686893463,
            -0.028834432363510132,
            -0.05183446779847145
        ],
        [
            0.09209062159061432,
            -0.0673142746090889,
            -0.07980356365442276
        ],
        [
            0.0813438892364502,
            -0.06586799770593643,
            -0.08009994775056839
        ],
        [
            0.0818098708987236,
            -0.06195740029215813,
            -0.07562250643968582
        ],
        [
            0.09137694537639618,
            -0.06349454820156097,
            -0.07801652699708939
        ],
        [
            0.07607710361480713,
            -0.063078872859478,
            -0.07760737836360931
        ],
        [
            0.07946859300136566,
            -0.07146978378295898,
            -0.0802043154835701
        ],
        [
            0.06707990914583206,
            -0.03401986137032509,
            -0.006250690668821335
        ],
        [
            0.06588761508464813,
            -0.04566824436187744,
            -0.0590837188065052
        ],
        [
            0.07587603479623795,
            -0.028887450695037842,
            0.0081174336373806
        ],
        [
            0.07387455552816391,
            -0.05174218490719795,
            -0.007538609206676483
        ],
        [
            0.08274106681346893,
            -0.047765739262104034,
            0.002398386597633362
        ],
        [
            0.08631112426519394,
            -0.024765130132436752,
            0.022396259009838104
        ],
        [
            0.09087169915437698,
            -0.03987215831875801,
            0.014957617968320847
        ],
        [
            0.08697330951690674,
            -0.010138556361198425,
            0.033041030168533325
        ],
        [
            0.0854768455028534,
            -0.01636578142642975,
