{
    "pred_cam": [
        4.675030708312988,
        -0.0655168816447258,
        -0.0077254753559827805
    ],
    "pred_mano_params": {
        "global_orient": [
            [
                [
                    0.5242215991020203,
                    0.7782947421073914,
                    -0.34561410546302795
                ],
                [
                    0.3531513214111328,
                    -0.5679918527603149,
                    -0.7434174418449402
                ],
                [
                    -0.7749038338661194,
                    0.26766130328178406,
                    -0.5726094245910645
                ]
            ]
        ],
        "hand_pose": [
            [
                [
                    0.8721694946289062,
                    -0.48150551319122314,
                    -0.08644531667232513
                ],
                [
                    0.4892021417617798,
                    0.8579788208007812,
                    0.1566961407661438
                ],
                [
                    -0.0012818134855479002,
                    -0.1789548248052597,
                    0.9838564991950989
                ]
            ],
            [
                [
                    0.3820159435272217,
                    -0.9161945581436157,
                    0.12104332447052002
                ],
                [
                    0.8957171440124512,
                    0.3348284065723419,
                    -0.2925419509410858
                ],
                [
                    0.22749656438827515,
                    0.22017624974250793,
                    0.9485609531402588
                ]
            ],
            [
                [
                    0.7134756445884705,
                    -0.6516985893249512,
                    0.2573740780353546
                ],
                [
                    0.6406310200691223,
                    0.7555080652236938,
                    0.13711130619049072
                ],
                [
                    -0.28380343317985535,
                    0.06705623120069504,
                    0.9565349221229553
                ]
            ],
            [
                [
                    0.5134100914001465,
                    -0.8572362065315247,
                    0.039448875933885574
                ],
                [
                    0.8211036324501038,
                    0.5040905475616455,
                    0.2677341401576996
                ],
                [
                    -0.2493971884250641,
                    -0.10506578534841537,
                    0.9626849293708801
                ]
            ],
            [
                [
                    0.8187145590782166,
                    -0.5223479866981506,
                    -0.23845124244689941
                ],
                [
                    0.5599445104598999,
                    0.8182518482208252,
                    0.13009986281394958
                ],
                [
                    0.12715578079223633,
                    -0.24003411829471588,
                    0.9624006152153015
                ]
            ],
            [
                [
                    0.7967120409011841,
                    -0.5788333415985107,
                    0.17378702759742737
                ],
                [
                    0.5778771042823792,
                    0.8138146996498108,
                    0.06134812906384468
                ],
                [
                    -0.17694081366062164,
                    0.05155076086521149,
                    0.9828705191612244
                ]
            ],
            [
                [
                    0.6117078065872192,
                    -0.7718319892883301,
                    0.17346146702766418
                ],
                [
                    0.6474001407623291,
                    0.6144340634346008,
                    0.45093652606010437
                ],
                [
                    -0.4546279013156891,
                    -0.16354243457317352,
                    0.8755382299423218
                ]
            ],
            [
                [
                    0.8112984299659729,
                    -0.5844716429710388,
                    -0.013703734613955021
                ],
                [
                    0.5238485932350159,
                    0.7163416147232056,
                    0.46090924739837646
                ],
                [
                    -0.2595718204975128,
                    -0.38111361861228943,
                    0.8873414397239685
                ]
            ],
            [
                [
                    0.7656273245811462,
                    -0.6273669004440308,
                    0.1422174870967865
                ],
                [
                    0.4556635022163391,
                    0.6849585771560669,
                    0.5685091614723206
                ],
                [
                    -0.4540768265724182,
                    -0.37046271562576294,
                    0.8102911710739136
                ]
            ],
            [
                [
                    0.6315261125564575,
                    -0.7699633240699768,
                    0.09127578139305115
                ],
                [
                    0.7514656782150269,
                    0.6368092894554138,
                    0.17254939675331116
                ],
                [
                    -0.19098196923732758,
                    -0.04037883132696152,
                    0.9807627201080322
                ]
            ],
            [
                [
                    0.7791668176651001,
                    -0.5989677906036377,
                    -0.18476107716560364
                ],
                [
                    0.6119961738586426,
                    0.6632270812988281,
                    0.4308021366596222
                ],
                [
                    -0.135498046875,
                    -0.44873982667922974,
                    0.8833305239677429
                ]
            ],
            [
                [
                    0.7167476415634155,
                    -0.6534648537635803,
                    0.2434263676404953
                ],
                [
                    0.5437431931495667,
                    0.7422823905944824,
                    0.3916122317314148
                ],
                [
                    -0.43659594655036926,
                    -0.14832574129104614,
                    0.8873462080955505
                ]
            ],
            [
                [
                    0.9976443648338318,
                    0.0064140018075704575,
                    0.06829649955034256
                ],
                [
                    0.06413780152797699,
                    0.26589086651802063,
                    -0.9618670344352722
                ],
                [
                    -0.02432888187468052,
                    0.9639818072319031,
                    0.2648531496524811
                ]
            ],
            [
                [
                    0.881726086139679,
                    -0.46556413173675537,
                    -0.07621760666370392
                ],
                [
                    0.45903128385543823,
                    0.8093836307525635,
                    0.36631736159324646
                ],
                [
                    -0.10885494947433472,
                    -0.35797783732414246,
                    0.9273631572723389
                ]
            ],
            [
                [
                    0.7635977268218994,
                    -0.24078156054019928,
                    -0.5991182923316956
                ],
                [
                    -0.14201620221138,
                    0.8425196409225464,
                    -0.5196076035499573
                ],
                [
                    0.6298808455467224,
                    0.48185569047927856,
                    0.6091511845588684
                ]
            ]
        ],
        "betas": [
            -0.0046121180057525635,
            0.02309328317642212,
            -0.08967173099517822,
            -0.055303364992141724,
            -0.04933112859725952,
            -0.05065865069627762,
            0.06842678785324097,
            -0.06259730458259583,
            0.008407294750213623,
            -0.06787565350532532
        ]
    },
    "pred_cam_t": [
        -0.0655168816447258,
        -0.0077254753559827805,
        8.355560302734375
    ],
    "focal_length": [
        5000.0,
        5000.0
    ],
    "pred_keypoints_3d": [
        [
            0.0957774668931961,
            0.006366231013089418,
            0.006194465793669224
        ],
        [
            0.062141720205545425,
            -0.012437567114830017,
            0.005998876877129078
        ],
        [
            0.03154551610350609,
            -0.010865071788430214,
            0.009285197593271732
        ],
        [
            0.007738180458545685,
            -0.0022568972781300545,
            0.019070792943239212
        ],
        [
            -0.00533580407500267,
            0.013342639431357384,
            0.0473608672618866
        ],
        [
            0.038376934826374054,
            -0.03718772903084755,
            0.06130585819482803
        ],
        [
            0.012270137667655945,
            -0.04225527122616768,
            0.08097416907548904
        ],
        [
            -0.0020994385704398155,
            -0.027228524908423424,
            0.07310903072357178
        ],
        [
            -0.006122566759586334,
            -0.013922814279794693,
            0.05302966758608818
        ],
        [
            0.04615838825702667,
            -0.023774681612849236,
            0.081160768866539
        ],
        [
            0.01565135270357132,
            -0.016869759187102318,
            0.08672019094228745
        ],
        [
            -0.0004809591919183731,
            -0.002347206696867943,
            0.07824458181858063
        ],
        [
            -0.012263240292668343,
            0.009524160996079445,
            0.059144534170627594
        ],
        [
            0.05905447527766228,
            -0.0004494409076869488,
            0.08378177881240845
        ],
        [
            0.03220907598733902,
            0.0040964693762362,
            0.09350881725549698
        ],
        [
            0.014970697462558746,
            0.01867564022541046,
            0.08310804516077042
        ],
        [
            0.002157069742679596,
            0.022279255092144012,
            0.062258705496788025
        ],
        [
            0.06688256561756134,
            0.01983053795993328,
            0.0815681740641594
        ],
        [
            0.048423461616039276,
            0.027196716517210007,
            0.0887351855635643
        ],
        [
            0.03386801481246948,
            0.03571564704179764,
            0.08007363229990005
        ],
        [
            0.028292737901210785,
            0.03626351058483124,
            0.062281884253025055
        ]
    ],
    "pred_vertices": [
        [
            0.049984268844127655,
            -0.014167755842208862,
            0.030851732939481735
        ],
        [
            0.0548265278339386,
            -0.009702686220407486,
            0.023394517600536346
        ],
        [
            0.04584408923983574,
            -0.011470943689346313,
            0.0241231806576252
        ],
        [
            0.041744329035282135,
            -0.018451431766152382,
            0.03046141192317009
        ],
        [
            0.05255624279379845,
            0.004137169569730759,
            0.009085968136787415
        ],
        [
            0.052408114075660706,
            0.002008426934480667,
            -0.003130219876766205
        ],
        [
            0.037574462592601776,
            0.0013465285301208496,
            0.0015987902879714966
        ],
        [
            0.040583495050668716,
            0.00440191850066185,
            0.011168494820594788
        ],
        [
            0.03592047095298767,
            -0.021939218044281006,
            0.030519792810082436
        ],
        [
            0.03851848468184471,
            -0.01200474239885807,
            0.024629805237054825
        ],
        [
            0.0346045047044754,
            -0.023623019456863403,
            0.028915833681821823
        ],
        [
            0.03839917480945587,
            -0.03735460340976715,
            0.03641875833272934
        ],
        [
            0.036688294261693954,
            -0.03146869316697121,
            0.0370706170797348
        ],
        [
            0.039818618446588516,
            -0.04289146512746811,
            0.04413352906703949
        ],
        [
            0.0474313423037529,
            -0.0414438396692276,
            0.032732538878917694
        ],
        [
            0.04792137071490288,
            -0.04591119661927223,
            0.04828973114490509
        ],
        [
            0.0744684711098671,
            -0.031169498339295387,
            0.04603473097085953
        ],
        [
            0.08195099234580994,
            -0.02048347145318985,
            0.05122924968600273
        ],
        [
            0.0734909176826477,
            -0.024892941117286682,
            0.06633564829826355
        ],
        [
            0.06618054211139679,
            -0.03460630029439926,
            0.05921868979930878
        ],
        [
            0.08225274085998535,
            -0.005681398790329695,
            0.06677304953336716
        ],
        [
            0.07707861065864563,
            -0.016412433236837387,
            0.06729108095169067
        ],
        [
            0.08655039966106415,
            -0.01281270943582058,
            0.052785664796829224
        ],
        [
            0.09055972099304199,
            -0.0033576716668903828,
            0.05304332450032234
        ],
        [
            0.06207495182752609,
            -0.0023921318352222443,
            0.0327773243188858
        ],
        [
            0.06694874912500381,
            0.0017196256667375565,
            0.024631191045045853
        ],
        [
            0.06351413577795029,
            -0.004154229536652565,
            0.02399037405848503
        ],
        [
            0.05857304483652115,
            -0.007178770378232002,
            0.031385015696287155
        ],
        [
            0.026077624410390854,
            -0.0199495367705822,
            0.018680430948734283
        ],
        [
            0.03865520656108856,
            -0.03097386658191681,
            0.016914136707782745
        ],
        [
            0.03658800572156906,
            -0.0294599961489439,
            0.024352729320526123
        ],
        [
            0.026545431464910507,
            -0.01602368801832199,
            0.022223468869924545
        ],
        [
            0.07829061150550842,
            0.023026570677757263,
            0.006817243993282318
        ],
        [
            0.08841495960950851,
            0.022067183628678322,
            -0.00216655433177948
        ],
        [
            0.08651803433895111,
            0.01708311028778553,
            -0.004742063581943512
        ],
        [
            0.07805849611759186,
            0.018536610528826714,
            0.004333212971687317
        ],
        [
            0.07177566736936569,
            0.00328744575381279,
            -0.009282276034355164
        ],
        [
            0.08109830319881439,
            0.0027606040239334106,
            -0.013668142259120941
        ],
        [
            0.08641909807920456,
            -0.007328804582357407,
            -0.02046462893486023
        ],
        [
            0.0770857185125351,
            -0.009652763605117798,
            -0.016588296741247177
        ],
        [
            0.06182043254375458,
            0.002504464238882065,
            -0.005188141018152237
        ],
        [
            0.06459598243236542,
            -0.007908567786216736,
            -0.013712145388126373
        ],
        [
            0.052873142063617706,
            -0.00659586489200592,
            -0.010473273694515228
        ],
        [
            0.035505060106515884,
            -0.005274733528494835,
            -0.004608560353517532
        ],
        [
            0.09504363685846329,
            0.03089618682861328,
            0.004375621676445007
        ],
        [
            0.08824747800827026,
            0.033270932734012604,
            0.011666178703308105
        ],
        [
            0.010492779314517975,
            -0.0383271723985672,
            0.06651493161916733
        ],
        [
            0.012345921248197556,
            -0.032856814563274384,
            0.06900566816329956
        ],
        [
            0.013504208996891975,
            -0.03397981822490692,
            0.06777156889438629
        ],
        [
            0.011845255270600319,
            -0.03911810368299484,
            0.06593699753284454
        ],
        [
            0.10698370635509491,
            0.029785064980387688,
            0.020681925117969513
        ],
        [
            0.11357563734054565,
            0.02287544496357441,
            0.023935332894325256
        ],
        [
            0.11657620221376419,
            0.02612042799592018,
            0.018135249614715576
        ],
        [
            0.10992056876420975,
            0.03118622675538063,
            0.013840004801750183
        ],
        [
            0.10304112732410431,
            0.027862032875418663,
            0.029671788215637207
        ],
        [
            0.10876543819904327,
            0.01831759698688984,
            0.03159135580062866
        ],
        [
            0.006267670542001724,
            -0.045566633343696594,
            0.07625839859247208
        ],
        [
            0.006384333595633507,
            -0.04484499245882034,
            0.07089520245790482
        ],
        [
            0.010194513946771622,
            -0.047146741300821304,
            0.07179390639066696
        ],
        [
            0.011734163388609886,
            -0.04776214063167572,
            0.07737306505441666
        ],
        [
            0.03914798051118851,
            -0.024838052690029144,
            0.037278398871421814
        ],
        [
            0.045161131769418716,
            -0.017606588080525398,
            0.03812852501869202
        ],
        [
            0.03326598182320595,
            -0.03038080781698227,
            0.05229179933667183
        ],
        [
            0.03903816640377045,
            -0.024952232837677002,
            0.047847069799900055
        ],
        [
            0.03712598234415054,
            -0.030721841380000114,
            0.04392937943339348
        ],
        [
            0.033871930092573166,
            -0.035518426448106766,
            0.04863351956009865
        ],
        [
            0.053208425641059875,
            -0.0065513793379068375,
            0.05318614840507507
        ],
        [
            0.058916546404361725,
            -0.003426074981689453,
            0.043493300676345825
        ],
        [
            0.05509347841143608,
            -0.00892670825123787,
            0.042457930743694305
        ],
        [
            0.047612931579351425,
            -0.013076206669211388,
            0.052071698009967804
        ],
        [
            0.06374859809875488,
            0.009490879252552986,
            0.04685274139046669
        ],
        [
            0.05812843143939972,
            0.0050850557163357735,
            0.056245580315589905
        ],
        [
            0.0615900419652462,
            0.01290552131831646,
            0.05700165405869484
        ],
        [
            0.06414450705051422,
            0.01522253081202507,
            0.04991425946354866
        ],
        [
            0.04829951375722885,
            -0.005160324275493622,
            0.07098217308521271
        ],
        [
            0.04537197947502136,
            -0.007497804705053568,
            0.07562772184610367
        ],
        [
            0.04546336084604263,
            -0.005047451239079237,
            0.07640550285577774
        ],
        [
            0.04988005757331848,
            -0.002196710556745529,
            0.0712217167019844
        ],
        [
            0.12024529278278351,
            0.028350887820124626,
            0.012482687830924988
        ],
        [
            0.112702876329422,
            0.03158247470855713,
            0.007102608680725098
        ],
        [
            0.08803105354309082,
            0.015432569198310375,
            0.06704534590244293
        ],
        [
            0.08715164661407471,
            0.025415921583771706,
            0.0620577335357666
        ],
        [
            0.08074484765529633,
            0.025366295129060745,
            0.07360126078128815
        ],
        [
            0.08379256725311279,
            0.014269541017711163,
            0.07660777121782303
        ],
        [
            0.11556990444660187,
            0.01272652018815279,
            0.02481628954410553
        ],
        [
            0.12027047574520111,
            0.017021767795085907,
            0.020250171422958374
        ],
        [
            0.007827458903193474,
            -0.04308649152517319,
            0.08233007043600082
        ],
        [
            0.013150185346603394,
            -0.04487413913011551,
            0.08325200527906418
        ],
        [
            0.05849044770002365,
            -0.019047599285840988,
            -0.011202748864889145
        ],
        [
            0.036425717175006866,
            -0.015404026955366135,
            -0.0055945515632629395
        ],
        [
            0.0745457336306572,
            -0.019122246652841568,
            -0.013967003673315048
        ],
        [
            0.0856776162981987,
            -0.018142376095056534,
            -0.014948941767215729
        ],
        [
            0.09388212859630585,
            -0.01663261093199253,
            -0.018306966871023178
        ],
        [
            0.03953245282173157,
            -0.02130606584250927,
            0.0535595566034317
        ],
        [
            0.05259212106466293,
            -0.011698579415678978,
            0.03753051161766052
        ],
        [
            0.06448320299386978,
            0.0022039860486984253,
            0.03402981534600258
        ],
        [
            0.07151806354522705,
            0.030272768810391426,
            0.044871699064970016
        ],
        [
            0.07594244927167892,
            0.03298082947731018,
            0.035751182585954666
        ],
        [
            0.06961652636528015,
            0.024383336305618286,
            0.034862346947193146
        ],
        [
            0.06755125522613525,
            0.023443009704351425,
            0.04325328767299652
        ],
        [
            0.08030968904495239,
            0.0320056676864624,
            0.05897923931479454
        ],
        [
            0.07270780950784683,
            0.031246744096279144,
            0.05650344118475914
        ],
        [
            0.06925953924655914,
            0.029325667768716812,
            0.06405149400234222
        ],
        [
            0.07561159133911133,
            0.030450791120529175,
            0.06820240616798401
        ],
        [
            0.02327592857182026,
            -0.021344278007745743,
            0.011618118733167648
        ],
        [
            0.039749085903167725,
            -0.030956923961639404,
            0.009232871234416962
        ],
        [
            0.09850595146417618,
            0.033798202872276306,
            0.01574929803609848
        ],
        [
            0.10139919817447662,
            0.032735392451286316,
            0.008551307022571564
        ],
        [
            0.106843963265419,
            0.03207831829786301,
            0.0020384937524795532
        ],
        [
            0.07185700535774231,
            0.011394534260034561,
            0.015027806162834167
        ],
        [
            0.07784910500049591,
            0.015391018241643906,
            0.0026320144534111023
        ],
        [
            0.07574641704559326,
            0.011654667556285858,
            0.001732461154460907
        ],
        [
            0.07141011953353882,
            0.007235230877995491,
            0.01496744155883789
        ],
        [
            0.06010332703590393,
            -0.0020250342786312103,
            0.017282944172620773
        ],
        [
            0.06376715004444122,
            0.004584707319736481,
            0.006400749087333679
        ],
        [
            0.0502798929810524,
            -0.001359749585390091,
            0.019511517137289047
        ],
        [
            0.08497107028961182,
            0.010744862258434296,
            -0.009510770440101624
        ],
        [
            0.0927242562174797,
            0.0177931971848011,
            -0.012982584536075592
        ],
        [
            0.09070941060781479,
            0.01018691435456276,
            -0.01706957072019577
        ],
        [
            0.09715008735656738,
            0.02494635432958603,
            -0.007959283888339996
        ],
        [
            0.10193997621536255,
            0.030301813036203384,
            -0.002702072262763977
        ],
        [
            0.127211332321167,
            0.01927105337381363,
            0.015842899680137634
        ],
        [
            0.08934712409973145,
            0.00240296870470047,
            -0.01954461634159088
        ],
        [
            0.03196481615304947,
            0.003310125321149826,
            0.012384314090013504
        ],
        [
            0.024015508592128754,
            0.003590155392885208,
            0.013294130563735962
        ],
        [
            0.026286056265234947,
            -0.00022073928266763687,
            0.019966110587120056
        ],
        [
            0.03390085697174072,
            -0.0009287241846323013,
            0.019805021584033966
        ],
        [
            0.03886948525905609,
            -0.04659266769886017,
            0.052953556180000305
        ],
        [
            0.03453093022108078,
            -0.04155401885509491,
            0.049432072788476944
        ],
        [
            0.036941949278116226,
            -0.03746761754155159,
            0.0416259840130806
        ],
        [
            0.07459543645381927,
            0.025077007710933685,
            0.017642997205257416
        ],
        [
            0.08306694030761719,
            0.03377029299736023,
            0.021202728152275085
        ],
        [
            0.033154115080833435,
            -0.027081910520792007,
            0.05788949877023697
        ],
        [
            0.016572587192058563,
            -0.04915027320384979,
            0.07705112546682358
        ],
        [
            0.014566185884177685,
            -0.04915517568588257,
            0.07103019207715988
        ],
        [
            0.02952445112168789,
            -0.048958856612443924,
            0.06306789070367813
        ],
        [
            0.03217007964849472,
            -0.04924354702234268,
            0.06954928487539291
        ],
        [
            0.03255263715982437,
            -0.02840884029865265,
            0.06781113147735596
        ],
        [
            0.03013441525399685,
            -0.029009521007537842,
            0.061160944402217865
        ],
        [
            0.028975216671824455,
            -0.029646631330251694,
            0.0632084310054779
        ],
        [
            0.029187284409999847,
            -0.027652094140648842,
            0.06956510245800018
        ],
        [
            0.049988217651844025,
            0.0030236775055527687,
            0.07554688304662704
        ],
        [
            0.05376622825860977,
            0.005529973655939102,
            0.07092738151550293
        ],
        [
            0.05565200746059418,
            -0.03471192345023155,
            0.07121801376342773
        ],
        [
            0.053575970232486725,
            -0.045978717505931854,
            0.06367319822311401
        ],
        [
            0.058503709733486176,
            -0.04322989657521248,
            0.052656203508377075
        ],
        [
            0.05667433142662048,
            -2.8323382139205933e-05,
            0.054370537400245667
        ],
        [
            0.051907606422901154,
            -0.0021472303196787834,
            0.06334902346134186
        ],
        [
            0.053735919296741486,
            0.0014071008190512657,
            0.06431514769792557
        ],
        [
            0.03946441411972046,
            -0.02017265558242798,
            0.05819282308220863
        ],
        [
            0.03509291633963585,
            -0.023966221138834953,
            0.0629952922463417
        ],
        [
            0.039988841861486435,
            -0.02019890770316124,
            0.06388767063617706
        ],
        [
            0.043194957077503204,
            -0.016174934804439545,
            0.05920496582984924
        ],
        [
            0.0940781906247139,
            0.026331953704357147,
            0.050798702985048294
        ],
        [
            0.08610847592353821,
            0.0342908538877964,
            0.047604434192180634
        ],
        [
            0.00813070684671402,
            -0.04238516092300415,
            0.06735268235206604
        ],
        [
            0.010447513312101364,
            -0.04400096833705902,
            0.06737492233514786
        ],
        [
            0.062164999544620514,
            0.0029199905693531036,
            0.04482274502515793
        ],
        [
            0.06512153893709183,
            -0.0380374938249588,
            0.04038215056061745
        ],
        [
            0.06661947816610336,
            0.007198179140686989,
            0.03526552394032478
        ],
        [
            0.06912688910961151,
            0.0031511359848082066,
            0.0827445536851883
        ],
        [
            0.06336057186126709,
            0.009609061293303967,
            0.0817713588476181
        ],
        [
            0.05829548463225365,
            0.008552026934921741,
            0.0839509516954422
        ],
        [
            0.061007291078567505,
            0.003992734011262655,
            0.08695536851882935
        ],
        [
            0.01869077980518341,
            -0.02853321097791195,
            0.07704108953475952
        ],
        [
            0.015757160261273384,
            -0.029297279193997383,
            0.07175100594758987
        ],
        [
            0.015505081042647362,
            -0.02997223287820816,
            0.07234296202659607
        ],
        [
            0.016841920092701912,
            -0.029066961258649826,
            0.07836119085550308
        ],
        [
            0.02951144054532051,
            -0.03269026428461075,
            0.0565648153424263
        ],
        [
            0.03004312701523304,
            -0.0380009189248085,
            0.0534161776304245
        ],
        [
            0.026194976642727852,
            -0.03865145891904831,
            0.057094670832157135
        ],
        [
            0.02698305994272232,
            -0.03333432972431183,
            0.059997912496328354
        ],
        [
            0.03169392794370651,
            -0.04426562786102295,
            0.05504798889160156
        ],
        [
            0.027657033875584602,
            -0.04493515193462372,
            0.058475371450185776
        ],
        [
            0.020490169525146484,
            -0.031902652233839035,
            0.08245109021663666
        ],
        [
            0.019862188026309013,
            -0.03937060013413429,
            0.084898442029953
        ],
        [
            0.034680627286434174,
            -0.03794701397418976,
            0.07810075581073761
        ],
        [
            0.03102036751806736,
            -0.03113408386707306,
            0.07624808698892593
        ],
        [
            0.09962666034698486,
            -0.0017936136573553085,
            0.040805693715810776
        ],
        [
            0.10209088027477264,
            0.00897324550896883,
            0.042418189346790314
        ],
        [
            0.09326422214508057,
            0.00767144188284874,
            0.05476415529847145
        ],
        [
            0.08562149107456207,
            0.0063826777040958405,
            0.06783724576234818
        ],
        [
            0.07723411917686462,
            0.0047618732787668705,
            0.0791429802775383
        ],
        [
            0.07609789073467255,
            -0.007491804659366608,
            0.07906365394592285
        ],
        [
            0.0952368676662445,
            0.015671908855438232,
            0.05428019165992737
        ],
        [
            0.043519020080566406,
            -0.02901182696223259,
            0.0714736133813858
        ],
        [
            0.04569190368056297,
            -0.037212878465652466,
            0.0723896250128746
        ],
        [
            0.04889128357172012,
            -0.03217141330242157,
            0.07316294312477112
        ],
        [
            0.0677211806178093,
            0.014373164623975754,
            0.03710724413394928
        ],
        [
            0.013405727222561836,
            -0.045966118574142456,
            0.06670978665351868
        ],
        [
            0.10350236296653748,
            -0.021083131432533264,
            0.0010899081826210022
        ],
        [
            0.11142197251319885,
            -0.013805484399199486,
            0.00954253226518631
        ],
        [
            0.1048087626695633,
            -0.016809634864330292,
            0.014508567750453949
        ],
        [
            0.09489931166172028,
            -0.02442099153995514,
            0.0045561715960502625
        ],
        [
            0.01321578212082386,
            -0.03392065316438675,
            0.06673344224691391
        ],
        [
            0.01284058392047882,
            -0.04010560363531113,
            0.06448689103126526
        ],
        [
            0.05513034760951996,
            0.01146432664245367,
            0.07332924753427505
        ],
        [
            0.051716890186071396,
            0.008323537185788155,
            0.0774429589509964
        ],
        [
            0.053056903183460236,
            0.010050972923636436,
            0.08021840453147888
        ],
        [
            0.05500146001577377,
            0.015429413877427578,
            0.07710857689380646
        ],
        [
            0.10337242484092712,
            0.014790572226047516,
            0.041626088321208954
        ],
        [
            0.07380805909633636,
            0.027018453925848007,
            0.07901032269001007
        ],
        [
            0.07725819945335388,
            0.016531014814972878,
            0.08215804398059845
        ],
        [
            0.10965707898139954,
            0.009674271568655968,
            0.03166159987449646
        ],
        [
            0.10812989622354507,
            7.915496826171875e-05,
            0.030438542366027832
        ],
        [
            0.11443161964416504,
            0.0019361861050128937,
            0.023212037980556488
        ],
        [
            0.06526002287864685,
            -0.018317516893148422,
            0.07994836568832397
        ],
        [
            0.09591574966907501,
            -0.009667206555604935,
            0.04081377759575844
        ],
        [
            0.10473242402076721,
            -0.006752416491508484,
            0.02956157550215721
        ],
        [
            0.11210906505584717,
            -0.004850905388593674,
            0.02088911458849907
        ],
        [
            0.11806704849004745,
            -0.0032164324074983597,
            0.015284188091754913
        ],
        [
            0.11989337205886841,
            0.004123169928789139,
            0.018329180777072906
        ],
        [
            0.01836143247783184,
            -0.045162662863731384,
            0.08201971650123596
        ],
        [
            0.014565572142601013,
            -0.03842398151755333,
            0.08665868639945984
        ],
        [
            0.12742695212364197,
            0.006117246113717556,
            0.013654842972755432
        ],
        [
            0.12455344200134277,
            -0.0019465424120426178,
            0.010072983801364899
        ],
        [
            0.10031972825527191,
            -0.014493214897811413,
            0.027168627828359604
        ],
        [
            0.09340411424636841,
            -0.02330426126718521,
            0.02299206331372261
        ],
        [
            0.0917937159538269,
            -0.016890056431293488,
            0.03807201609015465
        ],
        [
            0.08461804687976837,
            -0.025893187150359154,
            0.03509838506579399
        ],
        [
            0.06636296957731247,
            -0.029175452888011932,
            0.0776192769408226
        ],
        [
            0.0014586709439754486,
            -0.026443103328347206,
            0.08193129301071167
        ],
        [
            0.010980576276779175,
            -0.0307722520083189,
            0.08459430187940598
        ],
        [
            0.013440711423754692,
            -0.028262466192245483,
            0.0798226073384285
        ],
        [
            0.004277344793081284,
            -0.023877467960119247,
            0.07999099045991898
        ],
        [
            0.01664666458964348,
            -0.03176222741603851,
            0.08352161943912506
        ],
        [
            0.009330136701464653,
            -0.03627604991197586,
            0.0858013704419136
        ],
        [
            0.072791188955307,
            -0.03402566909790039,
            0.027031343430280685
        ],
        [
            0.03828471153974533,
            -0.023171575739979744,
            0.06795483082532883
        ],
        [
            0.07911714166402817,
            -0.030454594641923904,
            0.011126205325126648
        ],
        [
            0.05514629930257797,
            -0.03951006755232811,
            0.021612688899040222
        ],
        [
            0.05838653817772865,
            -0.034622613340616226,
            0.009009230881929398
        ],
        [
            0.08447730541229248,
            -0.026174018159508705,
            -0.005713969469070435
        ],
        [
            0.06640288978815079,
            -0.028862997889518738,
            -0.004886846989393234
        ],
        [
            0.10152482986450195,
            -0.02045026607811451,
            -0.011336475610733032
        ],
        [
            0.09418434649705887,
            -0.023199090734124184,
            -0.007018953561782837
        ],
        [
            0.047046151012182236,
