{
    "pred_cam": [
        6.101807594299316,
        0.15254424512386322,
        0.00799831748008728
    ],
    "pred_mano_params": {
        "global_orient": [
            [
                [
                    -0.8980886936187744,
                    -0.21598882973194122,
                    -0.3831258714199066
                ],
                [
                    0.4382031559944153,
                    -0.3649344742298126,
                    -0.8214625716209412
                ],
                [
                    0.037610869854688644,
                    -0.9056333303451538,
                    0.42239052057266235
                ]
            ]
        ],
        "hand_pose": [
            [
                [
                    0.9394635558128357,
                    -0.32628941535949707,
                    -0.10461045056581497
                ],
                [
                    0.3238459825515747,
                    0.9452625513076782,
                    -0.040031224489212036
                ],
                [
                    0.11194610595703125,
                    0.0037302083801478148,
                    0.9937072396278381
                ]
            ],
            [
                [
                    0.9646335244178772,
                    -0.2617383599281311,
                    0.031227707862854004
                ],
                [
                    0.2598864734172821,
                    0.9245643615722656,
                    -0.2786390781402588
                ],
                [
                    0.044058505445718765,
                    0.2769002616405487,
                    0.9598880410194397
                ]
            ],
            [
                [
                    0.8509212732315063,
                    -0.5075963139533997,
                    0.13519972562789917
                ],
                [
                    0.48800528049468994,
                    0.8591277003288269,
                    0.15411195158958435
                ],
                [
                    -0.19438046216964722,
                    -0.06515896320343018,
                    0.9787597060203552
                ]
            ],
            [
                [
                    0.988947331905365,
                    -0.14385586977005005,
                    0.035898901522159576
                ],
                [
                    0.14721035957336426,
                    0.981541633605957,
                    -0.1220867857336998
                ],
                [
                    -0.017673367634415627,
                    0.1260220855474472,
                    0.9918700456619263
                ]
            ],
            [
                [
                    0.927643895149231,
                    -0.34740087389945984,
                    -0.13707496225833893
                ],
                [
                    0.3704865872859955,
                    0.9022871851921082,
                    0.2204936146736145
                ],
                [
                    0.04708130657672882,
                    -0.25532394647598267,
                    0.9657085537910461
                ]
            ],
            [
                [
                    0.7705935835838318,
                    -0.6340025663375854,
                    0.0650101825594902
                ],
                [
                    0.6352129578590393,
                    0.7723326086997986,
                    0.002611907897517085
                ],
                [
                    -0.051865436136722565,
                    0.03928259015083313,
                    0.9978811740875244
                ]
            ],
            [
                [
                    0.944280207157135,
                    -0.3241766095161438,
                    0.056960031390190125
                ],
                [
                    0.32432278990745544,
                    0.9459211230278015,
                    0.006916640792042017
                ],
                [
                    -0.05612191557884216,
                    0.011942187324166298,
                    0.9983524680137634
                ]
            ],
            [
                [
                    0.9889670610427856,
                    -0.12919452786445618,
                    0.07247710973024368
                ],
                [
                    0.11499753594398499,
                    0.9779828190803528,
                    0.17414122819900513
                ],
                [
                    -0.09337946027517319,
                    -0.16388525068759918,
                    0.982049822807312
                ]
            ],
            [
                [
                    0.9417113661766052,
                    -0.30704888701438904,
                    0.13747954368591309
                ],
                [
                    0.1918238401412964,
                    0.8257851600646973,
                    0.5303605794906616
                ],
                [
                    -0.2763752341270447,
                    -0.4730747938156128,
                    0.8365505933761597
                ]
            ],
            [
                [
                    0.9843897223472595,
                    -0.14064134657382965,
                    -0.10581496357917786
                ],
                [
                    0.12213639169931412,
                    0.9787583947181702,
                    -0.16466554999351501
                ],
                [
                    0.12672606110572815,
                    0.14917123317718506,
                    0.980657160282135
                ]
            ],
            [
                [
                    0.9437004923820496,
                    -0.3307706117630005,
                    -0.004492328967899084
                ],
                [
                    0.2986404001712799,
                    0.8460339307785034,
                    0.4416338801383972
                ],
                [
                    -0.14227883517742157,
                    -0.4181117117404938,
                    0.8971840739250183
                ]
            ],
            [
                [
                    0.7172103524208069,
                    -0.6962063312530518,
                    0.030102021992206573
                ],
                [
                    0.6748886704444885,
                    0.7047130465507507,
                    0.21887175738811493
                ],
                [
                    -0.1735931634902954,
                    -0.1366615742444992,
                    0.9752892851829529
                ]
            ],
            [
                [
                    0.9124343991279602,
                    0.2132216840982437,
                    -0.3492848873138428
                ],
                [
                    -0.39089134335517883,
                    0.7067199945449829,
                    -0.5897039175033569
                ],
                [
                    0.12110897153615952,
                    0.6745986342430115,
                    0.7281821370124817
                ]
            ],
            [
                [
                    0.862037181854248,
                    -0.35253942012786865,
                    -0.3641536235809326
                ],
                [
                    0.4751700460910797,
                    0.8121309280395508,
                    0.3386099934577942
                ],
                [
                    0.17636707425117493,
                    -0.4649293124675751,
                    0.8676032423973083
                ]
            ],
            [
                [
                    0.7787652015686035,
                    -0.6268333792686462,
                    0.024589672684669495
                ],
                [
                    0.5885076522827148,
                    0.7164537310600281,
                    -0.3746368885040283
                ],
                [
                    0.21721753478050232,
                    0.30622538924217224,
                    0.9268454909324646
                ]
            ]
        ],
        "betas": [
            -0.14171767234802246,
            -0.14935308694839478,
            0.003270566463470459,
            -0.10874906182289124,
            0.06500494480133057,
            -0.04287656396627426,
            0.02730545401573181,
            -0.04812127351760864,
            -0.01985393464565277,
            -0.11446496844291687
        ]
    },
    "pred_cam_t": [
        -0.15254424512386322,
        0.00799831748008728,
        6.401791572570801
    ],
    "focal_length": [
        5000.0,
        5000.0
    ],
    "pred_keypoints_3d": [
        [
            0.09641756117343903,
            0.006443038582801819,
            0.006262947805225849
        ],
        [
            0.11156704276800156,
            -0.019859880208969116,
            0.0304945670068264
        ],
        [
            0.130315363407135,
            -0.04206179454922676,
            0.041264355182647705
        ],
        [
            0.15597021579742432,
            -0.05085708573460579,
            0.04412016645073891
        ],
        [
            0.18314474821090698,
            -0.050269417464733124,
            0.06477852165699005
        ],
        [
            0.1692141592502594,
            -0.047562845051288605,
            0.016436215490102768
        ],
        [
            0.2003767341375351,
            -0.05807323008775711,
            0.020935669541358948
        ],
        [
            0.22041043639183044,
            -0.057637378573417664,
            0.030793722718954086
        ],
        [
            0.235654816031456,
            -0.05249094218015671,
            0.04984626546502113
        ],
        [
            0.1836729645729065,
            -0.03199436143040657,
            0.0025783926248550415
        ],
        [
            0.21426337957382202,
            -0.041137758642435074,
            0.0013320263242349029
        ],
        [
            0.23607082664966583,
            -0.04012974351644516,
            0.00992990005761385
        ],
        [
            0.252420574426651,
            -0.03518124669790268,
            0.029020056128501892
        ],
        [
            0.18160760402679443,
            -0.006140688434243202,
            -0.004658588208258152
        ],
        [
            0.20999200642108917,
            -0.011363677680492401,
            -0.008738281205296516
        ],
        [
            0.23329105973243713,
            -0.008851349353790283,
            5.042180418968201e-05
        ],
        [
            0.24774408340454102,
            -0.006466677412390709,
            0.020582906901836395
        ],
        [
            0.17762604355812073,
            0.015485404059290886,
            -0.00567987933754921
        ],
        [
            0.1985570639371872,
            0.01964510791003704,
            -0.00612424872815609
        ],
        [
            0.21676863729953766,
            0.023037243634462357,
            -0.0012676557525992393
        ],
        [
            0.23212715983390808,
            0.022754359990358353,
            0.012319695204496384
        ]
    ],
    "pred_vertices": [
        [
            0.13834898173809052,
            -0.022412052378058434,
            0.025945385918021202
        ],
        [
            0.1295352727174759,
            -0.016397908329963684,
            0.027429215610027313
        ],
        [
            0.1350553184747696,
            -0.0242852084338665,
            0.0319630391895771
        ],
        [
            0.14169305562973022,
            -0.029796646907925606,
            0.030622955411672592
        ],
        [
            0.12225142121315002,
            -0.015446815639734268,
            0.045127712190151215
        ],
        [
            0.11206933856010437,
            -0.020260754972696304,
            0.0507412925362587
        ],
        [
            0.12545126676559448,
            -0.03214786946773529,
            0.05346973240375519
        ],
        [
            0.1320931315422058,
            -0.02551916241645813,
            0.048811621963977814
        ],
        [
            0.1441134214401245,
            -0.03703690692782402,
            0.03208010643720627
        ],
        [
            0.13952982425689697,
            -0.030593547970056534,
            0.035326145589351654
        ],
        [
            0.1420738846063614,
            -0.041309572756290436,
            0.029070861637592316
        ],
        [
            0.1460263431072235,
            -0.04974610358476639,
            0.022875674068927765
        ],
        [
            0.14866182208061218,
            -0.043931297957897186,
            0.02782430499792099
        ],
        [
            0.1521383821964264,
            -0.053630389273166656,
            0.019454475492239
        ],
        [
            0.13744685053825378,
            -0.05118391662836075,
            0.01578008383512497
        ],
        [
            0.1507604718208313,
            -0.053806621581315994,
            0.010120194405317307
        ],
        [
            0.13755327463150024,
            -0.03314550966024399,
            -0.004959983751177788
        ],
        [
            0.139382004737854,
            -0.021114632487297058,
            -0.010756995528936386
        ],
        [
            0.15494464337825775,
            -0.02629447728395462,
            -0.010930987074971199
        ],
        [
            0.15209566056728363,
            -0.037752337753772736,
            -0.004416328854858875
        ],
        [
            0.15271547436714172,
            -0.0060376571491360664,
            -0.014615742489695549
        ],
        [
            0.15494179725646973,
            -0.0175013467669487,
            -0.012972191907465458
        ],
        [
            0.13905882835388184,
            -0.012581526301801205,
            -0.013771159574389458
        ],
        [
            0.13802470266819,
            -0.0023864582180976868,
            -0.015129243955016136
        ],
        [
            0.13549059629440308,
            -0.008677832782268524,
            0.01884211227297783
        ],
        [
            0.1259746104478836,
            -0.0027630776166915894,
            0.019983014091849327
        ],
        [
            0.12619812786579132,
            -0.007941767573356628,
            0.021909229457378387
        ],
        [
            0.1353716254234314,
            -0.013609563931822777,
            0.021101657301187515
        ],
        [
            0.13791897892951965,
            -0.04720725864171982,
            0.030864685773849487
        ],
        [
            0.12846940755844116,
            -0.04901225492358208,
            0.027189940214157104
        ],
        [
            0.13585427403450012,
            -0.046596117317676544,
            0.025882113724946976
        ],
        [
            0.14143523573875427,
            -0.04315289109945297,
            0.032063499093055725
        ],
        [
            0.10731248557567596,
            0.01870753988623619,
            0.02431425452232361
        ],
        [
            0.09440058469772339,
            0.01972312666475773,
            0.020280927419662476
        ],
        [
            0.09273157268762589,
            0.014375131577253342,
            0.022255780175328255
        ],
        [
            0.10489999502897263,
            0.014506470412015915,
            0.025151817128062248
        ],
        [
            0.09445619583129883,
            -0.004630032926797867,
            0.03788921982049942
        ],
        [
            0.08649542182683945,
            -0.001463714987039566,
            0.02940882369875908
        ],
        [
            0.07680024206638336,
            -0.010757919400930405,
            0.025217026472091675
        ],
        [
            0.08428660780191422,
            -0.01653221994638443,
            0.030772490426898003
        ],
        [
            0.10350069403648376,
            -0.011741746217012405,
            0.045878224074840546
        ],
        [
            0.09330909699201584,
            -0.021282896399497986,
            0.04172762855887413
        ],
        [
            0.10429179668426514,
            -0.029044654220342636,
            0.04857684671878815
        ],
        [
            0.11993185430765152,
            -0.03988545015454292,
            0.051933784037828445
        ],
        [
            0.09746662527322769,
            0.030243773013353348,
            0.013356849551200867
        ],
        [
            0.10736003518104553,
            0.031233426183462143,
            0.015746328979730606
        ],
        [
            0.20133474469184875,
            -0.0572124682366848,
            0.03286590427160263
        ],
        [
            0.2036900520324707,
            -0.05208351090550423,
            0.030973590910434723
        ],
        [
            0.19851742684841156,
            -0.05134713277220726,
            0.030506659299135208
        ],
        [
            0.19718526303768158,
            -0.056684136390686035,
            0.032115332782268524
        ],
        [
            0.10534703731536865,
            0.032591111958026886,
            -0.005273527931421995
        ],
        [
            0.10420772433280945,
            0.02756934054195881,
            -0.01408848725259304
        ],
        [
            0.09797222167253494,
            0.03127143532037735,
            -0.012846868485212326
        ],
        [
            0.09810362011194229,
            0.034410905092954636,
            -0.003884141566231847
        ],
        [
            0.11493396759033203,
            0.030048809945583344,
            -0.0069074472412467
        ],
        [
            0.1128116250038147,
            0.022216010838747025,
            -0.014951631426811218
        ],
        [
            0.20357808470726013,
            -0.06633447110652924,
            0.024227334186434746
        ],
        [
            0.20210635662078857,
            -0.06529699265956879,
            0.02909063920378685
        ],
        [
            0.19747421145439148,
            -0.06522201001644135,
            0.02658727951347828
        ],
        [
            0.1983567327260971,
            -0.06534908711910248,
            0.021265719085931778
        ],
        [
            0.14871765673160553,
            -0.036147505044937134,
            0.02920188196003437
        ],
        [
            0.14724966883659363,
            -0.027297940105199814,
            0.02629019320011139
        ],
        [
            0.16587750613689423,
            -0.042484939098358154,
            0.026865769177675247
        ],
        [
            0.15852729976177216,
            -0.03587731719017029,
            0.025505509227514267
        ],
        [
            0.15547031164169312,
            -0.04214460402727127,
            0.027434371411800385
        ],
        [
            0.1615975946187973,
            -0.047520410269498825,
            0.027191225439310074
        ],
        [
            0.15776704251766205,
            -0.014413110911846161,
            0.015203455463051796
        ],
        [
            0.14658716320991516,
            -0.010403187945485115,
            0.015976818278431892
        ],
        [
            0.1470315158367157,
            -0.016539059579372406,
            0.018403150141239166
        ],
        [
            0.15904460847377777,
            -0.022128887474536896,
            0.019007608294487
        ],
        [
            0.14840902388095856,
            0.0034505873918533325,
            0.01303469855338335
        ],
        [
            0.15926356613636017,
            -0.0017799939960241318,
            0.012139834463596344
        ],
        [
            0.15916676819324493,
            0.006682149134576321,
            0.0106618981808424
        ],
        [
            0.15154527127742767,
            0.009251309558749199,
            0.012420274317264557
        ],
        [
            0.17758366465568542,
            -0.013735173270106316,
            0.01061132550239563
        ],
        [
            0.18505991995334625,
            -0.01787203922867775,
            0.007496668957173824
        ],
        [
            0.1861010044813156,
            -0.014885306358337402,
            0.005973289255052805
        ],
        [
            0.1776653379201889,
            -0.010520314797759056,
            0.008996637538075447
        ],
        [
            0.09144791215658188,
            0.03410922735929489,
            -0.012479010969400406
        ],
        [
            0.09094761312007904,
            0.035185955464839935,
            -0.002638700418174267
        ],
        [
            0.15230931341648102,
            0.01558803953230381,
            -0.014856873080134392
        ],
        [
            0.15024322271347046,
            0.02519550733268261,
            -0.009456892497837543
        ],
        [
            0.16243934631347656,
            0.024187544360756874,
            -0.010208386927843094
        ],
        [
            0.16138729453086853,
            0.014273838140070438,
            -0.01575707644224167
        ],
        [
            0.10302140563726425,
            0.018126601353287697,
            -0.018516363576054573
        ],
        [
            0.09708327800035477,
            0.02332736738026142,
            -0.019132334738969803
        ],
        [
            0.20604205131530762,
            -0.06372685730457306,
            0.019095726311206818
        ],
        [
            0.20054826140403748,
            -0.06204395741224289,
            0.01670200563967228
        ],
        [
            0.0981980636715889,
            -0.03507182002067566,
            0.03788938373327255
        ],
        [
            0.11593804508447647,
            -0.045643098652362823,
            0.045552629977464676
        ],
        [
            0.08738324046134949,
            -0.02667193114757538,
            0.028268422931432724
        ],
        [
            0.08092382550239563,
            -0.02117166668176651,
            0.020026428624987602
        ],
        [
            0.07390055805444717,
            -0.017454002052545547,
            0.015382768586277962
        ],
        [
            0.16393084824085236,
            -0.03211687505245209,
            0.02314714342355728
        ],
        [
            0.14356350898742676,
            -0.01976681873202324,
            0.022122621536254883
        ],
        [
            0.13592688739299774,
            -0.0038826651871204376,
            0.017238125205039978
        ],
        [
            0.14465273916721344,
            0.025445356965065002,
            0.012305237352848053
        ],
        [
            0.13450127840042114,
            0.028803672641515732,
            0.013814505189657211
        ],
        [
            0.1362311989068985,
            0.018911074846982956,
            0.01745563931763172
        ],
        [
            0.144682839512825,
            0.0178119707852602,
            0.014747907407581806
        ],
        [
            0.15219596028327942,
            0.029781024903059006,
            -0.0010290974751114845
        ],
        [
            0.15449723601341248,
            0.02703595533967018,
            0.006101577542722225
        ],
        [
            0.1635601669549942,
            0.024487929418683052,
            0.004737513139843941
        ],
        [
            0.1625198870897293,
            0.027532335370779037,
            -0.0019905492663383484
        ],
        [
            0.13408340513706207,
            -0.052836183458566666,
            0.03377924859523773
        ],
        [
            0.12190321087837219,
            -0.05084038898348808,
            0.029931960627436638
        ],
        [
            0.10573101043701172,
            0.034333400428295135,
            0.005277827847748995
        ],
        [
            0.09799276292324066,
            0.03370082750916481,
            0.0063289739191532135
        ],
        [
            0.08960618823766708,
            0.03409215807914734,
            0.0049771894700825214
        ],
        [
            0.11630216240882874,
            0.007321760058403015,
            0.023557156324386597
        ],
        [
            0.10320582240819931,
            0.011662188917398453,
            0.026031674817204475
        ],
        [
            0.1028965637087822,
            0.007885560393333435,
            0.02871784381568432
        ],
        [
            0.11571421474218369,
            0.0042983293533325195,
            0.023917226120829582
        ],
        [
            0.12264564633369446,
            -0.009164303541183472,
            0.03246944770216942
        ],
        [
            0.11207163333892822,
            -0.004524022340774536,
            0.039422474801540375
        ],
        [
            0.13115128874778748,
            -0.01763184741139412,
            0.03682132437825203
        ],
        [
            0.08881141990423203,
            0.007772020995616913,
            0.025182243436574936
        ],
        [
            0.08260110765695572,
            0.01621437445282936,
            0.021399909630417824
        ],
        [
            0.07937502861022949,
            0.008169576525688171,
            0.023659002035856247
        ],
        [
            0.08530622720718384,
            0.024426940828561783,
            0.016623228788375854
        ],
        [
            0.08785992115736008,
            0.03103051520884037,
            0.011098606511950493
        ],
        [
            0.08996181935071945,
            0.027026504278182983,
            -0.022133266553282738
        ],
        [
            0.0771731361746788,
            4.4479966163635254e-05,
            0.024272512644529343
        ],
        [
            0.13759416341781616,
            -0.032803282141685486,
            0.049955446273088455
        ],
        [
            0.14239144325256348,
            -0.03795401751995087,
            0.04989371821284294
        ],
        [
            0.14440254867076874,
            -0.03508155420422554,
            0.043132882565259933
        ],
        [
            0.14039386808872223,
            -0.031189285218715668,
            0.0423518642783165
        ],
        [
            0.16046279668807983,
            -0.057280510663986206,
            0.016974855214357376
        ],
        [
            0.1610347330570221,
            -0.053356558084487915,
            0.024161288514733315
        ],
        [
            0.1525028944015503,
            -0.049158137291669846,
            0.025733932852745056
        ],
        [
            0.1187407523393631,
            0.020099328830838203,
            0.02217344008386135
        ],
        [
            0.11827455461025238,
            0.030775925144553185,
            0.01526712067425251
        ],
        [
            0.1712944507598877,
            -0.039304934442043304,
            0.02403699979186058
        ],
        [
            0.19421765208244324,
            -0.06477159261703491,
            0.01816616766154766
        ],
        [
            0.19271345436573029,
            -0.06496253609657288,
            0.02391825057566166
        ],
        [
            0.17579768598079681,
            -0.06113269180059433,
            0.019458159804344177
        ],
        [
            0.1783408373594284,
            -0.06115468591451645,
            0.013137280941009521
        ],
        [
            0.18060119450092316,
            -0.041254010051488876,
            0.01739601045846939
        ],
        [
            0.17627397179603577,
            -0.04169265180826187,
            0.023037049919366837
        ],
        [
            0.17911440134048462,
            -0.04279335215687752,
            0.022059708833694458
        ],
        [
            0.1840139627456665,
            -0.041372429579496384,
            0.01798885501921177
        ],
        [
            0.18343549966812134,
            -0.0059175314381718636,
            0.004421130288392305
        ],
        [
            0.17674097418785095,
            -0.0021886974573135376,
            0.007076990325003862
        ],
        [
            0.16770963370800018,
            -0.04039714112877846,
            -0.0013738488778471947
        ],
        [
            0.16096392273902893,
            -0.0520067922770977,
            0.0010879412293434143
        ],
        [
            0.14955547451972961,
            -0.047731757164001465,
            0.0012078862637281418
        ],
        [
            0.15773728489875793,
            -0.007170096039772034,
            0.01316503994166851
        ],
        [
            0.16820694506168365,
            -0.009987765923142433,
            0.0122270742431283
        ],
        [
            0.1687536984682083,
            -0.006094292737543583,
            0.010813148692250252
        ],
        [
            0.16833624243736267,
            -0.030982498079538345,
            0.020949337631464005
        ],
        [
            0.17502333223819733,
            -0.03589315339922905,
            0.020337168127298355
        ],
        [
            0.17387405037879944,
            -0.030781742185354233,
            0.01797158643603325
        ],
        [
            0.16755935549736023,
            -0.02600717917084694,
            0.018439047038555145
        ],
        [
            0.1373380720615387,
            0.027258271351456642,
            -0.009907994419336319
        ],
        [
            0.13959160447120667,
            0.03298288583755493,
            -8.223019540309906e-05
        ],
        [
            0.2010478526353836,
            -0.06196153908967972,
            0.0322096161544323
        ],
        [
            0.19672264158725739,
            -0.06181252747774124,
            0.03056790865957737
        ],
        [
            0.14675700664520264,
            -0.003399459645152092,
            0.01394464261829853
        ],
        [
            0.13622382283210754,
            -0.04183320328593254,
            0.002131320536136627
        ],
        [
            0.13643763959407806,
            0.0014641452580690384,
            0.01589416153728962
        ],
        [
            0.17339925467967987,
            -0.000666334293782711,
            -0.012375595048069954
        ],
        [
            0.17737868428230286,
            0.004160110838711262,
            -0.00798463448882103
        ],
        [
            0.18233342468738556,
            0.000354069285094738,
            -0.008174777030944824
        ],
        [
            0.18092800676822662,
            -0.003258377779275179,
            -0.013036749325692654
        ],
        [
            0.19808024168014526,
            -0.04533280059695244,
            0.019781529903411865
        ],
        [
            0.19686079025268555,
            -0.04623725637793541,
            0.02538963034749031
        ],
        [
            0.20085452497005463,
            -0.04718419536948204,
            0.026430649682879448
        ],
        [
            0.20257912576198578,
            -0.04672461375594139,
            0.02090565487742424
        ],
        [
            0.1725853681564331,
            -0.045276910066604614,
            0.026023831218481064
        ],
        [
            0.16874006390571594,
            -0.05046061798930168,
            0.026930589228868484
        ],
        [
            0.17522519826889038,
            -0.05172839015722275,
            0.027026411145925522
        ],
        [
            0.17761088907718658,
            -0.04660961031913757,
            0.025125496089458466
        ],
        [
            0.16837500035762787,
            -0.05620650574564934,
            0.02354877069592476
        ],
        [
            0.17443238198757172,
            -0.0575312077999115,
            0.024461381137371063
        ],
        [
            0.19853715598583221,
            -0.048536524176597595,
            0.014123356901109219
        ],
        [
            0.19762931764125824,
            -0.05547720566391945,
            0.011268812231719494
        ],
        [
            0.18427050113677979,
            -0.050652820616960526,
            0.006835244596004486
        ],
        [
            0.18687500059604645,
            -0.04497118294239044,
            0.011953496374189854
        ],
        [
            0.12338552623987198,
            0.0007171481847763062,
            -0.016377277672290802
        ],
        [
            0.12452447414398193,
            0.011903880164027214,
            -0.01685335673391819
        ],
        [
            0.13910894095897675,
            0.009094243869185448,
            -0.015679718926548958
        ],
        [
            0.1530451774597168,
            0.006591044366359711,
            -0.015481162816286087
        ],
        [
            0.16615530848503113,
            0.0036093657836318016,
            -0.013709399849176407
        ],
        [
            0.16495144367218018,
            -0.008585668168962002,
            -0.015380746684968472
        ],
        [
            0.13854661583900452,
            0.017245793715119362,
            -0.01521548256278038
        ],
        [
            0.1784895360469818,
            -0.03998563066124916,
            0.007188038434833288
        ],
        [
            0.1736741065979004,
            -0.046414706856012344,
            0.00391966849565506
        ],
        [
            0.1741047203540802,
            -0.04088536277413368,
            0.0015777666121721268
        ],
        [
            0.1382090151309967,
            0.008757928386330605,
            0.015660984441637993
        ],
        [
            0.19184549152851105,
            -0.06212850660085678,
            0.02826402708888054
        ],
        [
            0.08532403409481049,
            -0.018361590802669525,
            -0.003859536722302437
        ],
        [
            0.08943356573581696,
            -0.009316746145486832,
            -0.013158893212676048
        ],
        [
            0.09674980491399765,
            -0.013570308685302734,
            -0.010893669910728931
        ],
        [
            0.0922335833311081,
            -0.023275101557374,
            0.00039963051676750183
        ],
        [
            0.1942189633846283,
            -0.050767682492733,
            0.029906082898378372
        ],
        [
            0.1922655701637268,
            -0.05661381408572197,
            0.03127839043736458
        ],
        [
            0.17885909974575043,
            0.0037343427538871765,
            0.004403540398925543
        ],
        [
            0.18374234437942505,
            -0.0006488095968961716,
            0.0017326325178146362
        ],
        [
            0.18488775193691254,
            0.001000668853521347,
            -0.0018633855506777763
        ],
        [
            0.18221813440322876,
            0.007663407362997532,
            0.0008093300275504589
        ],
        [
            0.123740553855896,
            0.01781129091978073,
            -0.01618610881268978
        ],
        [
            0.16973592340946198,
            0.023621201515197754,
            -0.010712338611483574
        ],
        [
            0.16885975003242493,
            0.014995681121945381,
            -0.015845678746700287
        ],
        [
            0.1115979552268982,
            0.01396156009286642,
            -0.017728419974446297
        ],
        [
            0.11042381078004837,
            0.004151659086346626,
            -0.017966678366065025
        ],
        [
            0.10119359195232391,
            0.007204420864582062,
            -0.019152015447616577
        ],
        [
            0.17128342390060425,
            -0.022328168153762817,
            -0.010939696803689003
        ],
        [
            0.12456506490707397,
            -0.007856851443648338,
            -0.015058670192956924
        ],
        [
            0.11075776815414429,
            -0.0033761654049158096,
            -0.016175750643014908
        ],
        [
            0.09973312169313431,
            -9.93385910987854e-05,
            -0.017545465379953384
        ],
        [
            0.09201297909021378,
            0.0027525536715984344,
            -0.019274573773145676
        ],
        [
            0.09440682083368301,
            0.010505303740501404,
            -0.020727189257740974
        ],
        [
            0.19622960686683655,
            -0.060699328780174255,
            0.01374863088130951
        ],
        [
            0.20298781991004944,
            -0.05648476257920265,
            0.013773346319794655
        ],
        [
            0.0867207869887352,
            0.014104679226875305,
            -0.02417272888123989
        ],
        [
            0.0843270942568779,
            0.005380129441618919,
            -0.021736692637205124
        ],
        [
            0.11021356284618378,
            -0.012076593935489655,
            -0.013020318001508713
        ],
        [
            0.10904814302921295,
            -0.021976185962557793,
            -0.007461605593562126
        ],
        [
            0.12362997978925705,
            -0.01595909707248211,
            -0.011833315715193748
        ],
        [
            0.12374670058488846,
            -0.02627313882112503,
            -0.006649198941886425
        ],
        [
            0.165804922580719,
            -0.031116485595703125,
            -0.010743505321443081
        ],
        [
            0.2200164794921875,
            -0.05534765124320984,
            0.021644465625286102
        ],
        [
            0.20988799631595612,
            -0.0527355931699276,
            0.017211079597473145
        ],
        [
            0.20845825970172882,
            -0.04885484650731087,
            0.021325867623090744
        ],
        [
            0.21922777593135834,
            -0.05153243988752365,
            0.023447185754776
        ],
        [
            0.20339323580265045,
            -0.04997286945581436,
            0.016007736325263977
        ],
        [
            0.20858915150165558,
            -0.05822807550430298,
            0.016120200976729393
        ],
        [
            0.12127857655286789,
            -0.0366535410284996,
            0.003297068178653717
        ],
        [
            0.18018433451652527,
            -0.03504739701747894,
            0.015433011576533318
        ],
        [
            0.1047014370560646,
            -0.03223197162151337,
            0.006822322495281696
        ],
        [
            0.1238679364323616,
            -0.04814144968986511,
            0.014949149452149868
        ],
        [
            0.11221270263195038,
            -0.04419670253992081,
            0.020077086985111237
        ],
        [
            0.08845756202936172,
            -0.028531718999147415,
            0.012970628216862679
        ],
        [
            0.09778293967247009,
            -0.037980757653713226,
            0.02396685630083084
        ],
        [
            0.07563803344964981,
            -0.018830474466085434,
            0.004263769835233688
        ],
        [
            0.08278278261423111,
            -0.023089371621608734,
            0.007232364267110825
        ],
        [
