{
    "pred_cam": [
        6.791082382202148,
        0.1366416960954666,
        -0.020709730684757233
    ],
    "pred_mano_params": {
        "global_orient": [
            [
                [
                    -0.9085269570350647,
                    0.322550505399704,
                    -0.2655937075614929
                ],
                [
                    0.029800493270158768,
                    -0.5840141773223877,
                    -0.8111963272094727
                ],
                [
                    -0.41676226258277893,
                    -0.7449084520339966,
                    0.5209804773330688
                ]
            ]
        ],
        "hand_pose": [
            [
                [
                    0.8055797219276428,
                    -0.4259266257286072,
                    -0.4118592143058777
                ],
                [
                    0.49050405621528625,
                    0.8693454265594482,
                    0.06036710366606712
                ],
                [
                    0.3323360085487366,
                    -0.2506491243839264,
                    0.9092457890510559
                ]
            ],
            [
                [
                    0.7707067728042603,
                    -0.5928534865379333,
                    0.23352926969528198
                ],
                [
                    0.6370917558670044,
                    0.7105318307876587,
                    -0.29876193404197693
                ],
                [
                    0.011192074045538902,
                    0.37903738021850586,
                    0.9253137707710266
                ]
            ],
            [
                [
                    0.9013602137565613,
                    -0.198853000998497,
                    0.38471719622612
                ],
                [
                    0.13936826586723328,
                    0.974282443523407,
                    0.17705991864204407
                ],
                [
                    -0.41003209352493286,
                    -0.10597740113735199,
                    0.9058932065963745
                ]
            ],
            [
                [
                    0.8991129994392395,
                    -0.4075186252593994,
                    -0.15976373851299286
                ],
                [
                    0.41807517409324646,
                    0.907630443572998,
                    0.03768366947770119
                ],
                [
                    0.12964965403079987,
                    -0.10067512840032578,
                    0.9864357709884644
                ]
            ],
            [
                [
                    0.6652650833129883,
                    -0.7127498984336853,
                    -0.22228378057479858
                ],
                [
                    0.7459179162979126,
                    0.6217186450958252,
                    0.23889847099781036
                ],
                [
                    -0.0320768803358078,
                    -0.32473623752593994,
                    0.9452606439590454
                ]
            ],
            [
                [
                    0.8378457427024841,
                    -0.5038465857505798,
                    0.21012628078460693
                ],
                [
                    0.5039066076278687,
                    0.8618535995483398,
                    0.05732785910367966
                ],
                [
                    -0.20998255908489227,
                    0.05785210430622101,
                    0.97599196434021
                ]
            ],
            [
                [
                    0.9872415661811829,
                    -0.09395699948072433,
                    0.12855415046215057
                ],
                [
                    0.11665499210357666,
                    0.9762963056564331,
                    -0.1823105812072754
                ],
                [
                    -0.10837757587432861,
                    0.19498106837272644,
                    0.9748008251190186
                ]
            ],
            [
                [
                    0.5490694642066956,
                    -0.8010279536247253,
                    -0.2384888231754303
                ],
                [
                    0.620136022567749,
                    0.1991618275642395,
                    0.7587924003601074
                ],
                [
                    -0.5603160858154297,
                    -0.5645251870155334,
                    0.6060999631881714
                ]
            ],
            [
                [
                    0.7093660831451416,
                    -0.7025579810142517,
                    0.056673452258110046
                ],
                [
                    0.5664549469947815,
                    0.616094708442688,
                    0.5473171472549438
                ],
                [
                    -0.41943833231925964,
                    -0.35614532232284546,
                    0.8350041508674622
                ]
            ],
            [
                [
                    0.962555468082428,
                    -0.24655883014202118,
                    -0.1126750111579895
                ],
                [
                    0.22996771335601807,
                    0.9627571105957031,
                    -0.14217469096183777
                ],
                [
                    0.14353308081626892,
                    0.11093942821025848,
                    0.9834076762199402
                ]
            ],
            [
                [
                    0.5110175609588623,
                    -0.8429213762283325,
                    -0.16835848987102509
                ],
                [
                    0.7502183318138123,
                    0.34176623821258545,
                    0.5660108327865601
                ],
                [
                    -0.4195633828639984,
                    -0.41554713249206543,
                    0.8070235848426819
                ]
            ],
            [
                [
                    0.7173828482627869,
                    -0.689272940158844,
                    0.1013144925236702
                ],
                [
                    0.6554014682769775,
                    0.7170175313949585,
                    0.23734937608242035
                ],
                [
                    -0.23624275624752045,
                    -0.10386871546506882,
                    0.966126561164856
                ]
            ],
            [
                [
                    0.7138124108314514,
                    0.2582602798938751,
                    -0.6509789228439331
                ],
                [
                    -0.6356161236763,
                    0.6291782855987549,
                    -0.44735538959503174
                ],
                [
                    0.2940477132797241,
                    0.7331004738807678,
                    0.6132696866989136
                ]
            ],
            [
                [
                    0.8146147131919861,
                    -0.39449343085289,
                    -0.4251798391342163
                ],
                [
                    0.5291045308113098,
                    0.805741012096405,
                    0.26613879203796387
                ],
                [
                    0.2375948280096054,
                    -0.4417651295661926,
                    0.8650967478752136
                ]
            ],
            [
                [
                    0.8067224621772766,
                    -0.5652847290039062,
                    0.17219780385494232
                ],
                [
                    0.581662654876709,
                    0.7082018852233887,
                    -0.4001482427120209
                ],
                [
                    0.10424685478210449,
                    0.42296960949897766,
                    0.9001274108886719
                ]
            ]
        ],
        "betas": [
            -0.055918484926223755,
            -0.027045756578445435,
            -0.0025773048400878906,
            -0.03463086485862732,
            0.034407615661621094,
            -0.011453386396169662,
            0.032528072595596313,
            0.005256131291389465,
            0.014738351106643677,
            -0.03720316290855408
        ]
    },
    "pred_cam_t": [
        -0.1366416960954666,
        -0.020709730684757233,
        5.752028465270996
    ],
    "focal_length": [
        5000.0,
        5000.0
    ],
    "pred_keypoints_3d": [
        [
            0.09596346318721771,
            0.006402387283742428,
            0.006207673344761133
        ],
        [
            0.10602368414402008,
            -0.006246275268495083,
            0.04135270044207573
        ],
        [
            0.1309126317501068,
            -0.01621699333190918,
            0.056655608117580414
        ],
        [
            0.15712715685367584,
            -0.010367793962359428,
            0.060700368136167526
        ],
        [
            0.17808523774147034,
            0.005470823030918837,
            0.08272429555654526
        ],
        [
            0.1690472960472107,
            -0.010014102794229984,
            0.0577208511531353
        ],
        [
            0.1940072923898697,
            0.0043932609260082245,
            0.07396575063467026
        ],
        [
            0.1936594694852829,
            0.018545377999544144,
            0.09112915396690369
        ],
        [
            0.18951040506362915,
            0.02577708661556244,
            0.11415362358093262
        ],
        [
            0.18264371156692505,
            0.007162667810916901,
            0.0451158732175827
        ],
        [
            0.2069002389907837,
            0.021021882072091103,
            0.06034328043460846
        ],
        [
            0.20382888615131378,
            0.036210134625434875,
            0.07780000567436218
        ],
        [
            0.1934913843870163,
            0.04512116312980652,
            0.09930175542831421
        ],
        [
            0.17629870772361755,
            0.02796369418501854,
            0.029363129287958145
        ],
        [
            0.20223206281661987,
            0.03656239062547684,
            0.0389544740319252
        ],
        [
            0.19773350656032562,
            0.05036930367350578,
            0.05914117395877838
        ],
        [
            0.18243961036205292,
            0.05441422015428543,
            0.07836917042732239
        ],
        [
            0.1669529378414154,
            0.0453362762928009,
            0.01979912258684635
        ],
        [
            0.18660496175289154,
            0.05300719290971756,
            0.021853826940059662
        ],
        [
            0.18379023671150208,
            0.06372299790382385,
            0.03731022775173187
        ],
        [
            0.17039383947849274,
            0.06288862228393555,
            0.049567461013793945
        ]
    ],
    "pred_vertices": [
        [
            0.130625918507576,
            0.0015057595446705818,
            0.04556671157479286
        ],
        [
            0.12018907070159912,
            0.0035851988941431046,
            0.04091591387987137
        ],
        [
            0.12686508893966675,
            -0.0003042854368686676,
            0.046600498259067535
        ],
        [
            0.13399843871593475,
            -0.0028459932655096054,
            0.05161670595407486
        ],
        [
            0.11197972297668457,
            0.00482713058590889,
            0.05461147800087929
        ],
        [
            0.10363813489675522,
            -0.0026587732136249542,
            0.060122422873973846
        ],
        [
            0.12070851027965546,
            -0.0073073506355285645,
            0.06642463803291321
        ],
        [
            0.12471886724233627,
            0.0006410200148820877,
            0.060538798570632935
        ],
        [
            0.13834887742996216,
            -0.00798927154392004,
            0.05396533012390137
        ],
        [
            0.13266105949878693,
            -0.003455827012658119,
            0.051228463649749756
        ],
        [
            0.13976961374282837,
            -0.01296041440218687,
            0.04987417906522751
        ],
        [
            0.14741508662700653,
            -0.020275304093956947,
            0.05244797468185425
        ],
        [
            0.1456259787082672,
            -0.013128092512488365,
            0.05673598870635033
        ],
        [
            0.15547995269298553,
            -0.022011781111359596,
            0.05457807332277298
        ],
        [
            0.14350482821464539,
            -0.026362143456935883,
            0.04437980055809021
        ],
        [
            0.15865853428840637,
            -0.024440746754407883,
            0.04641701653599739
        ],
        [
            0.14733797311782837,
            -0.014196324162185192,
            0.023312333971261978
        ],
        [
            0.14800959825515747,
            -0.0038089239969849586,
            0.014906782656908035
        ],
        [
            0.16342230141162872,
            -0.0022590290755033493,
            0.021533947438001633
        ],
        [
            0.16139273345470428,
            -0.01242722850292921,
            0.03016059100627899
        ],
        [
            0.1564662605524063,
            0.014393369667232037,
            0.010925063863396645
        ],
        [
            0.16129760444164276,
            0.00532886479049921,
            0.01690780743956566
        ],
        [
            0.14644059538841248,
            0.003113947808742523,
            0.009314797818660736
        ],
        [
            0.14305610954761505,
            0.011512136086821556,
            0.004346385598182678
        ],
        [
            0.12775661051273346,
            0.011254938319325447,
            0.03527018427848816
        ],
        [
            0.11688201129436493,
            0.012883597984910011,
            0.031109444797039032
        ],
        [
            0.11700057983398438,
            0.008742222562432289,
            0.03406316041946411
        ],
        [
            0.12778615951538086,
            0.00724324956536293,
            0.038503680378198624
        ],
        [
            0.14022651314735413,
            -0.018966959789395332,
            0.04864639788866043
        ],
        [
            0.13240423798561096,
            -0.025868508964776993,
            0.04796941950917244
        ],
        [
            0.13765551149845123,
            -0.020851243287324905,
            0.04737987741827965
        ],
        [
            0.1412176936864853,
            -0.013630100525915623,
            0.04895423352718353
        ],
        [
            0.09366760402917862,
            0.025138244032859802,
            0.02153458073735237
        ],
        [
            0.08419666439294815,
            0.020093519240617752,
            0.01332562044262886
        ],
        [
            0.08342326432466507,
            0.015086596831679344,
            0.016417182981967926
        ],
        [
            0.09228094667196274,
            0.020641401410102844,
            0.023079318925738335
        ],
        [
            0.08459486067295074,
            0.0021628262475132942,
            0.039327967911958694
        ],
        [
            0.07984422147274017,
            3.726966679096222e-05,
            0.027093708515167236
        ],
        [
            0.07637761533260345,
            -0.012961620464920998,
            0.023004505783319473
        ],
        [
            0.0826193168759346,
            -0.013906600885093212,
            0.03315766528248787
        ],
        [
            0.09315530210733414,
            0.0008950363844633102,
            0.05175895243883133
        ],
        [
            0.08887088298797607,
            -0.012589502148330212,
            0.048155803233385086
        ],
        [
            0.10085339844226837,
            -0.014191761612892151,
            0.05963505804538727
        ],
        [
            0.11965294182300568,
            -0.01685388572514057,
            0.06676192581653595
        ],
        [
            0.08674759417772293,
            0.029320718720555305,
            0.004714220762252808
        ],
        [
            0.09379925578832626,
            0.0346357598900795,
            0.009787561371922493
        ],
        [
            0.1836765855550766,
            0.0047053005546331406,
            0.08331531286239624
        ],
        [
            0.18278756737709045,
            0.010242934338748455,
            0.08096861839294434
        ],
        [
            0.18045544624328613,
            0.007707509212195873,
            0.07863529026508331
        ],
        [
            0.18193624913692474,
            0.0028173234313726425,
            0.08141348510980606
        ],
        [
            0.10081908106803894,
            0.031109265983104706,
            -0.009729824960231781
        ],
        [
            0.1051674485206604,
            0.024529175832867622,
            -0.01615156978368759
        ],
        [
            0.09828022867441177,
            0.025533871725201607,
            -0.01841406151652336
        ],
        [
            0.09355928003787994,
            0.030084339901804924,
            -0.011576171964406967
        ],
        [
            0.11036355793476105,
            0.032399896532297134,
            -0.0070528313517570496
        ],
        [
            0.11439761519432068,
            0.023080550134181976,
            -0.012195464223623276
        ],
        [
            0.19565041363239288,
            0.0005857236683368683,
            0.08088496327400208
        ],
        [
            0.19133655726909637,
            -5.9023499488830566e-05,
            0.0837368294596672
        ],
        [
            0.19045057892799377,
            -0.0028691310435533524,
            0.08007580041885376
        ],
        [
            0.19397681951522827,
            -0.002164197154343128,
            0.07608875632286072
        ],
        [
            0.14257407188415527,
            -0.005925558507442474,
            0.05666075274348259
        ],
        [
            0.13990792632102966,
            0.0008426345884799957,
            0.051389582455158234
        ],
        [
            0.15930047631263733,
            -0.005979782901704311,
            0.06421080976724625
        ],
        [
            0.15242032706737518,
            -0.0025480794720351696,
            0.05789561942219734
        ],
        [
            0.15098242461681366,
            -0.009206695482134819,
            0.06035424396395683
        ],
        [
            0.15778744220733643,
            -0.011899449862539768,
            0.0644024908542633
        ],
        [
            0.1500185877084732,
            0.014511816203594208,
            0.04151475429534912
        ],
        [
            0.13908052444458008,
            0.01368345320224762,
            0.03715529665350914
        ],
        [
            0.14014774560928345,
            0.00884639099240303,
            0.041388675570487976
        ],
        [
            0.1517043560743332,
            0.00885879434645176,
            0.047849539667367935
        ],
        [
            0.1377975344657898,
            0.02622196264564991,
            0.030501432716846466
        ],
        [
            0.14888575673103333,
            0.025848612189292908,
            0.0351230762898922
        ],
        [
            0.14704227447509766,
            0.033125001937150955,
            0.03093380108475685
        ],
        [
            0.13903450965881348,
            0.03256650269031525,
            0.029044635593891144
        ],
        [
            0.16782569885253906,
            0.021864663809537888,
            0.04389067739248276
        ],
        [
            0.17519664764404297,
            0.020905498415231705,
            0.045819222927093506
        ],
        [
            0.17730215191841125,
            0.02436761185526848,
            0.04394858330488205
        ],
        [
            0.16798393428325653,
            0.024859558790922165,
            0.04152356833219528
        ],
        [
            0.09175841510295868,
            0.02549787610769272,
            -0.021227069199085236
        ],
        [
            0.08671771734952927,
            0.028128666803240776,
            -0.013138603419065475
        ],
        [
            0.14964760839939117,
            0.03336348012089729,
            0.003230370581150055
        ],
        [
            0.14281129837036133,
            0.04227210208773613,
            0.003975514322519302
        ],
        [
            0.15408414602279663,
            0.04627516120672226,
            0.0074749235063791275
        ],
        [
            0.15817172825336456,
            0.03570755198597908,
            0.005817960947751999
        ],
        [
            0.10888494551181793,
            0.014801070094108582,
            -0.017256595194339752
        ],
        [
            0.10260996222496033,
            0.016902823001146317,
            -0.02154487371444702
        ],
        [
            0.19831228256225586,
            0.004537662491202354,
            0.07677917927503586
        ],
        [
            0.19597718119621277,
            0.0018125269562005997,
            0.07195893675088882
        ],
        [
            0.09975657612085342,
            -0.023927416652441025,
            0.05039164796471596
        ],
        [
            0.11900845170021057,
            -0.024825841188430786,
            0.06190546602010727
        ],
        [
            0.08988236635923386,
            -0.022353176027536392,
            0.03603610768914223
        ],
        [
            0.08541186898946762,
            -0.021585583686828613,
            0.024019360542297363
        ],
        [
            0.08008814603090286,
            -0.022084567695856094,
            0.015597846359014511
        ],
        [
            0.15658038854599,
            0.002329221460968256,
            0.056539881974458694
        ],
        [
            0.13640913367271423,
            0.005268740467727184,
            0.04431784898042679
        ],
        [
            0.12754929065704346,
            0.015394462272524834,
            0.03250472992658615
        ],
        [
            0.12852057814598083,
            0.044123575091362,
            0.021160343661904335
        ],
        [
            0.11825300008058548,
            0.04320552945137024,
            0.017957810312509537
        ],
        [
            0.12104162573814392,
            0.03579719364643097,
            0.02508467249572277
        ],
        [
            0.1297069489955902,
            0.037794504314661026,
            0.025892777368426323
        ],
        [
            0.1395605057477951,
            0.04870731011033058,
            0.010454222559928894
        ],
        [
            0.13928508758544922,
            0.04850573092699051,
            0.0184653177857399
        ],
        [
            0.1488906592130661,
            0.04994913190603256,
            0.02099725231528282
        ],
        [
            0.14992351830005646,
            0.050921373069286346,
            0.01358607318252325
        ],
        [
            0.13930965960025787,
            -0.024999015033245087,
            0.05236728861927986
        ],
        [
            0.12733638286590576,
            -0.02984602004289627,
            0.04994391277432442
        ],
        [
            0.09605580568313599,
            0.03476294130086899,
            -0.000958658754825592
        ],
        [
            0.08924762159585953,
            0.031276240944862366,
            -0.002423349767923355
        ],
        [
            0.08258646726608276,
            0.028022026643157005,
            -0.006529580801725388
        ],
        [
            0.10428448766469955,
            0.018590644001960754,
            0.027976777404546738
        ],
        [
            0.09109997749328613,
            0.017650343477725983,
            0.024547407403588295
        ],
        [
            0.09057784080505371,
            0.014749068766832352,
            0.028649866580963135
        ],
        [
            0.10392381995916367,
            0.015771210193634033,
            0.0293315127491951
        ],
        [
            0.11090397834777832,
            0.008230747655034065,
            0.041536055505275726
        ],
        [
            0.09889905899763107,
            0.009522786363959312,
            0.04536917060613632
        ],
        [
            0.1216864287853241,
            0.004965789616107941,
            0.0475735068321228
        ],
        [
            0.08070621639490128,
            0.008249868638813496,
            0.020319055765867233
        ],
        [
            0.07473421096801758,
            0.012415947392582893,
            0.011572957038879395
        ],
        [
            0.07338407635688782,
            0.004425468854606152,
            0.015323866158723831
        ],
        [
            0.07668939232826233,
            0.019896768033504486,
            0.005508158355951309
        ],
        [
            0.07933618128299713,
            0.02573566883802414,
            -0.0007175952196121216
        ],
        [
            0.09678570181131363,
            0.016742272302508354,
            -0.027793314307928085
        ],
        [
            0.07368148863315582,
            -0.0035108355805277824,
            0.017987992614507675
        ],
        [
            0.13231167197227478,
            -0.003070661798119545,
            0.06327289342880249
        ],
        [
            0.13869711756706238,
            -0.004951519891619682,
            0.06394597887992859
        ],
        [
            0.13968302309513092,
            -0.0028908373787999153,
            0.056754220277071
        ],
        [
            0.1346728354692459,
            -0.0019532451406121254,
            0.055556319653987885
        ],
        [
            0.16549645364284515,
            -0.021512679755687714,
            0.057363566011190414
        ],
        [
            0.1609855443239212,
            -0.017375286668539047,
            0.06299325823783875
        ],
        [
            0.15151798725128174,
            -0.016845494508743286,
            0.05921700596809387
        ],
        [
            0.10386805981397629,
            0.030622189864516258,
            0.022984325885772705
        ],
        [
            0.1033334881067276,
            0.038593314588069916,
            0.013177581131458282
        ],
        [
            0.16312967240810394,
            -0.0011495118960738182,
            0.06249953433871269
        ],
        [
            0.1932394951581955,
            -0.0048678419552743435,
            0.07221013307571411
        ],
        [
            0.18927277624607086,
            -0.006079992279410362,
            0.07666420191526413
        ],
        [
            0.17875899374485016,
            -0.015154683962464333,
            0.06679808348417282
        ],
        [
            0.18342263996601105,
            -0.013723894953727722,
            0.06186734139919281
        ],
        [
            0.17293071746826172,
            0.0018314389744773507,
            0.06001458317041397
        ],
        [
            0.16706682741641998,
            -0.0004415195435285568,
            0.0639776811003685
        ],
        [
            0.1692488044500351,
            0.0007822085171937943,
            0.06394325941801071
        ],
        [
            0.17345108091831207,
            0.004992463625967503,
            0.06092790141701698
        ],
        [
            0.17358312010765076,
            0.03077949583530426,
            0.03814312443137169
        ],
        [
            0.16584084928035736,
            0.03160770982503891,
            0.03656669706106186
        ],
        [
            0.1741943657398224,
            -0.007819139398634434,
            0.03898918628692627
        ],
        [
            0.1713910549879074,
            -0.019826356321573257,
            0.042518649250268936
        ],
        [
            0.15948790311813354,
            -0.021365558728575706,
            0.03695385158061981
        ],
        [
            0.14873912930488586,
            0.020577676594257355,
            0.03729059174656868
        ],
        [
            0.158727765083313,
            0.02207619696855545,
            0.04087511822581291
        ],
        [
            0.15869107842445374,
            0.025601334869861603,
            0.03856584429740906
        ],
        [
            0.16070275008678436,
            0.004832244478166103,
            0.055666353553533554
        ],
        [
            0.16667509078979492,
            0.0030682983342558146,
            0.05923761427402496
        ],
        [
            0.16656312346458435,
            0.0066611869260668755,
            0.05484822019934654
        ],
        [
            0.16013258695602417,
            0.00871167704463005,
            0.05147445201873779
        ],
        [
            0.1314045488834381,
            0.03855251148343086,
            -0.0012694280594587326
        ],
        [
            0.12735691666603088,
            0.04644070938229561,
            0.006168162450194359
        ],
        [
            0.18684063851833344,
            0.001226034015417099,
            0.08450159430503845
        ],
        [
            0.18567310273647308,
            -0.0011082012206315994,
            0.08192460983991623
        ],
        [
            0.1380254179239273,
            0.019617967307567596,
            0.03306610882282257
        ],
        [
            0.14537696540355682,
            -0.021148495376110077,
            0.03127817064523697
        ],
        [
            0.12701453268527985,
            0.020099543035030365,
            0.02969967946410179
        ],
        [
            0.17192403972148895,
            0.028094535693526268,
            0.017990117892622948
        ],
        [
            0.17252632975578308,
            0.03449885919690132,
            0.02085386961698532
        ],
        [
            0.17716503143310547,
            0.03381207957863808,
            0.02433338761329651
        ],
        [
            0.1792556643486023,
            0.02930649369955063,
            0.021321099251508713
        ],
        [
            0.18307265639305115,
            0.011935839429497719,
            0.06768906861543655
        ],
        [
            0.18017397820949554,
            0.010546257719397545,
            0.07259191572666168
        ],
        [
            0.1814870983362198,
            0.012381535954773426,
            0.07454932481050491
        ],
        [
            0.18542292714118958,
            0.014150585047900677,
            0.07043041288852692
        ],
        [
            0.16500124335289001,
            -0.005150352604687214,
            0.06677138060331345
        ],
        [
            0.16447752714157104,
            -0.011176634579896927,
            0.06791117787361145
        ],
        [
            0.16949200630187988,
            -0.008190544322133064,
            0.07039756327867508
        ],
        [
            0.1690274477005005,
            -0.0028584362007677555,
            0.06765137612819672
        ],
        [
            0.16852694749832153,
            -0.01603073626756668,
            0.06636717170476913
        ],
        [
            0.17348220944404602,
            -0.013123690150678158,
            0.06959933787584305
        ],
        [
            0.18811994791030884,
            0.01012832298874855,
            0.06413009762763977
        ],
        [
            0.1932436227798462,
            0.0045789130963385105,
            0.06429152935743332
        ],
        [
            0.18420325219631195,
            -0.002059175167232752,
            0.054082244634628296
        ],
        [
            0.1801060289144516,
            0.004318032879382372,
            0.05722518637776375
        ],
        [
            0.13030603528022766,
            0.008058273233473301,
            -0.002698063850402832
        ],
        [
            0.12814293801784515,
            0.018372878432273865,
            -0.0064870938658714294
        ],
        [
            0.14074446260929108,
            0.022072849795222282,
            0.00037724152207374573
        ],
        [
            0.1532069742679596,
            0.02557009644806385,
            0.005990903824567795
        ],
        [
            0.16468146443367004,
            0.028612567111849785,
            0.012808762490749359
        ],
        [
            0.16822056472301483,
            0.016974065452814102,
            0.015206493437290192
        ],
        [
            0.13766036927700043,
            0.029176343232393265,
            -0.0021935775876045227
        ],
        [
            0.17842084169387817,
            -0.000812919344753027,
            0.05057660862803459
        ],
        [
            0.17765028774738312,
            -0.007716257590800524,
            0.04744486138224602
        ],
        [
            0.178683340549469,
            -0.004486303310841322,
            0.04456530138850212
        ],
        [
            0.12648014724254608,
            0.027251888066530228,
            0.027601655572652817
        ],
        [
            0.1849394291639328,
            -0.004525686614215374,
            0.07923919707536697
        ],
        [
            0.09819408506155014,
            -0.02209111675620079,
            0.002309277653694153
        ],
        [
            0.10307742655277252,
            -0.014113239012658596,
            -0.0077317580580711365
        ],
        [
            0.10952992737293243,
            -0.014520624652504921,
            -0.0018074922263622284
        ],
        [
            0.10357476025819778,
            -0.02287902683019638,
            0.010233521461486816
        ],
        [
            0.1792394369840622,
            0.005543495528399944,
            0.07750216126441956
        ],
        [
            0.18055565655231476,
            -0.0001185145229101181,
            0.07997767627239227
        ],
        [
            0.16754166781902313,
            0.03731269761919975,
            0.03266344964504242
        ],
        [
            0.1736915111541748,
            0.03497792407870293,
            0.033843234181404114
        ],
        [
            0.1758352369070053,
            0.03618369251489639,
            0.030419552698731422
        ],
        [
            0.17162352800369263,
            0.04120362550020218,
            0.0289941243827343
        ],
        [
            0.1254291981458664,
            0.023423099890351295,
            -0.008133873343467712
        ],
        [
            0.1616857647895813,
            0.048117056488990784,
            0.009020751342177391
        ],
        [
            0.16478362679481506,
            0.039149437099695206,
            0.007498743012547493
        ],
        [
            0.11701539158821106,
            0.014749491587281227,
            -0.012289930135011673
        ],
        [
            0.11903142929077148,
            0.00551188550889492,
            -0.009576283395290375
        ],
        [
            0.11085260659456253,
            0.0042346082627773285,
            -0.014750640839338303
        ],
        [
            0.17572854459285736,
            0.008290146477520466,
            0.02590716816484928
        ],
        [
            0.1332927793264389,
            0.0011501647531986237,
            0.0017540901899337769
        ],
        [
            0.12076178193092346,
            -0.0007142797112464905,
            -0.005345705896615982
        ],
        [
            0.11104562133550644,
            -0.002538517117500305,
            -0.011327851563692093
        ],
        [
            0.10443007946014404,
            -0.0034843645989894867,
            -0.016395628452301025
        ],
        [
            0.10481750965118408,
            0.004105276428163052,
            -0.01951747015118599
        ],
        [
            0.1942434310913086,
            -0.00048618903383612633,
            0.06775699555873871
        ],
        [
            0.19578197598457336,
            0.007981307804584503,
            0.06835277378559113
        ],
        [
            0.09872352331876755,
            0.0035373643040657043,
            -0.026307716965675354
        ],
        [
            0.09818849712610245,
            -0.0047349585220217705,
            -0.022003699094057083
        ],
        [
            0.12147286534309387,
            -0.008073598146438599,
            0.0002330392599105835
        ],
        [
            0.12078237533569336,
            -0.016332322731614113,
            0.008131720125675201
        ],
        [
            0.13349182903766632,
            -0.005827702581882477,
            0.0070326924324035645
        ],
        [
            0.13425667583942413,
            -0.013985695317387581,
            0.015053700655698776
        ],
        [
            0.17484718561172485,
            -0.0023650089278817177,
            0.026706479489803314
        ],
        [
            0.197968527674675,
            0.020375413820147514,
            0.08266644924879074
        ],
        [
            0.19447599351406097,
            0.015682164579629898,
            0.07283991575241089
        ],
        [
            0.1888255625963211,
            0.016797350719571114,
            0.0741841197013855
        ],
        [
            0.19421176612377167,
            0.02240907773375511,
            0.0826321393251419
        ],
        [
            0.19064663350582123,
            0.012836908921599388,
            0.06794440746307373
        ],
        [
            0.19790437817573547,
            0.010820525698363781,
            0.07333222776651382
        ],
        [
            0.13054288923740387,
            -0.022386331111192703,
            0.025973094627261162
        ],
        [
            0.17357712984085083,
            0.005142378620803356,
            0.056850843131542206
        ],
        [
            0.11370516568422318,
            -0.024582717567682266,
            0.022855378687381744
        ],
        [
            0.13155072927474976,
            -0.029317177832126617,
            0.038956426084041595
        ],
        [
            0.11901004612445831,
            -0.029727943241596222,
            0.039387818425893784
        ],
        [
            0.09679489582777023,
            -0.026599448174238205,
            0.02272813394665718
        ],
        [
            0.10389631241559982,
            -0.02921106480062008,
            0.038235731422901154
        ],
        [
            0.08667385578155518,
            -0.024848533794283867,
            0.006493017077445984
        ],
        [
            0.09269066900014877,
            -0.025131385773420334,
            0.013398267328739166
        ],
        [
            0.11474740505218506,
            -0.03033045493066311,
            0.05060180276632309
        ],
        [
