{
    "pred_cam": [
        12.127720832824707,
        -0.14027619361877441,
        0.01465756818652153
    ],
    "pred_mano_params": {
        "global_orient": [
            [
                [
                    -0.17552269995212555,
                    -0.9824181795120239,
                    -0.06360988318920135
                ],
                [
                    0.38396283984184265,
                    -0.008817809633910656,
                    -0.9233063459396362
                ],
                [
                    0.9065121412277222,
                    -0.18648506700992584,
                    0.37875980138778687
                ]
            ]
        ],
        "hand_pose": [
            [
                [
                    0.45609405636787415,
                    -0.861497700214386,
                    -0.22315900027751923
                ],
                [
                    0.8698700666427612,
                    0.48451220989227295,
                    -0.09259606897830963
                ],
                [
                    0.1878945678472519,
                    -0.15188680589199066,
                    0.9703742265701294
                ]
            ],
            [
                [
                    0.8797727227210999,
                    -0.4558759927749634,
                    0.13482239842414856
                ],
                [
                    0.4751755893230438,
                    0.8346561789512634,
                    -0.2784911096096039
                ],
                [
                    0.014427057467401028,
                    0.30907317996025085,
                    0.9509288668632507
                ]
            ],
            [
                [
                    0.6224564909934998,
                    -0.7719246745109558,
                    0.12915194034576416
                ],
                [
                    0.7420158982276917,
                    0.6345285177230835,
                    0.21630068123340607
                ],
                [
                    -0.24891842901706696,
                    -0.03880497068166733,
                    0.9677467942237854
                ]
            ],
            [
                [
                    0.3121373951435089,
                    -0.9296650886535645,
                    -0.19568634033203125
                ],
                [
                    0.949912965297699,
                    0.3020769953727722,
                    0.08009244501590729
                ],
                [
                    -0.015346808359026909,
                    -0.21088485419750214,
                    0.977390468120575
                ]
            ],
            [
                [
                    0.9502629041671753,
                    -0.2995830774307251,
                    -0.08514950424432755
                ],
                [
                    0.31129786372184753,
                    0.9221314191818237,
                    0.22971147298812866
                ],
                [
                    0.009701349772512913,
                    -0.2447931468486786,
                    0.9695268273353577
                ]
            ],
            [
                [
                    0.563198447227478,
                    -0.8262810111045837,
                    0.008192227222025394
                ],
                [
                    0.8254055380821228,
                    0.5630131959915161,
                    0.04149479418992996
                ],
                [
                    -0.03889869526028633,
                    -0.016607899218797684,
                    0.9991050958633423
                ]
            ],
            [
                [
                    0.29453006386756897,
                    -0.9466755986213684,
                    -0.1306035816669464
                ],
                [
                    0.8335719704627991,
                    0.18766286969184875,
                    0.5195578932762146
                ],
                [
                    -0.46734338998794556,
                    -0.2618929147720337,
                    0.8443945646286011
                ]
            ],
            [
                [
                    0.9606466293334961,
                    -0.27774226665496826,
                    -0.004160052631050348
                ],
                [
                    0.27562013268470764,
                    0.9512317180633545,
                    0.138534277677536
                ],
                [
                    -0.03451964631676674,
                    -0.13422907888889313,
                    0.9903489351272583
                ]
            ],
            [
                [
                    0.9261115789413452,
                    -0.3606126606464386,
                    0.11079603433609009
                ],
                [
                    0.27988651394844055,
                    0.853714108467102,
                    0.4391307234764099
                ],
                [
                    -0.2529442310333252,
                    -0.375673770904541,
                    0.8915651440620422
                ]
            ],
            [
                [
                    0.2877596318721771,
                    -0.9569592475891113,
                    -0.03772726655006409
                ],
                [
                    0.955276370048523,
                    0.2840054929256439,
                    0.08238875865936279
                ],
                [
                    -0.06812793761491776,
                    -0.059748128056526184,
                    0.9958858489990234
                ]
            ],
            [
                [
                    0.9298830032348633,
                    -0.36108294129371643,
                    0.07026143372058868
                ],
                [
                    0.27663514018058777,
                    0.812315046787262,
                    0.5134366154670715
                ],
                [
                    -0.24246762692928314,
                    -0.45799919962882996,
                    0.8552461862564087
                ]
            ],
            [
                [
                    0.596467912197113,
                    -0.8003857135772705,
                    -0.060072679072618484
                ],
                [
                    0.783602774143219,
                    0.5644869804382324,
                    0.25946319103240967
                ],
                [
                    -0.17376038432121277,
                    -0.20183460414409637,
                    0.9638828039169312
                ]
            ],
            [
                [
                    0.9892849922180176,
                    -0.11362271010875702,
                    -0.09167871624231339
                ],
                [
                    -0.02866002917289734,
                    0.4645927846431732,
                    -0.8850604891777039
                ],
                [
                    0.14315621554851532,
                    0.8782046437263489,
                    0.45635825395584106
                ]
            ],
            [
                [
                    0.9204296469688416,
                    -0.37208959460258484,
                    -0.1198272854089737
                ],
                [
                    0.38241085410118103,
                    0.7935084700584412,
                    0.47339871525764465
                ],
                [
                    -0.08106277137994766,
                    -0.48155349493026733,
                    0.8726598024368286
                ]
            ],
            [
                [
                    0.880096971988678,
                    0.27684712409973145,
                    -0.38572654128074646
                ],
                [
                    -0.37757861614227295,
                    0.9006519913673401,
                    -0.2150820642709732
                ],
                [
                    0.28786054253578186,
                    0.33493515849113464,
                    0.897192656993866
                ]
            ]
        ],
        "betas": [
            -0.05541953444480896,
            -0.08630728721618652,
            -0.03142368793487549,
            -0.04359951615333557,
            -0.04520672559738159,
            0.015012387186288834,
            0.03456875681877136,
            -0.06825459003448486,
            0.024646475911140442,
            -0.10950097441673279
        ]
    },
    "pred_cam_t": [
        -0.14027619361877441,
        0.01465756818652153,
        3.2209267616271973
    ],
    "focal_length": [
        5000.0,
        5000.0
    ],
    "pred_keypoints_3d": [
        [
            0.0959889143705368,
            0.006392499897629023,
            0.0062337308190763
        ],
        [
            0.11386924982070923,
            -0.026591813191771507,
            -0.0029314239509403706
        ],
        [
            0.1368294507265091,
            -0.042853884398937225,
            -0.015565445646643639
        ],
        [
            0.15756875276565552,
            -0.05044025555253029,
            -0.031393714249134064
        ],
        [
            0.176619291305542,
            -0.059978146106004715,
            -0.06082654744386673
        ],
        [
            0.11526896059513092,
            -0.04655122756958008,
            -0.06504406780004501
        ],
        [
            0.14516814053058624,
            -0.04933541640639305,
            -0.0789518803358078
        ],
        [
            0.16672353446483612,
            -0.04613754153251648,
            -0.07443758100271225
        ],
        [
            0.17878058552742004,
            -0.041087985038757324,
            -0.05376342311501503
        ],
        [
            0.1143144816160202,
            -0.026907524093985558,
            -0.08087855577468872
        ],
        [
            0.14555472135543823,
            -0.02569090947508812,
            -0.08681098371744156
        ],
        [
            0.16790153086185455,
            -0.02315216138958931,
            -0.08054710924625397
        ],
        [
            0.18004491925239563,
            -0.02223949134349823,
            -0.05844839662313461
        ],
        [
            0.11596391350030899,
            -0.00035099079832434654,
            -0.07755199819803238
        ],
        [
            0.1444760113954544,
            -0.0009719771333038807,
            -0.08280932903289795
        ],
        [
            0.16731879115104675,
            -0.0008426974527537823,
            -0.07289712131023407
        ],
        [
            0.17715102434158325,
            -0.004340009763836861,
            -0.050049569457769394
        ],
        [
            0.12064249813556671,
            0.019993960857391357,
            -0.07093449681997299
        ],
        [
            0.1418095827102661,
            0.021249685436487198,
            -0.07114759832620621
        ],
        [
            0.1596977263689041,
            0.021972257643938065,
            -0.06472449749708176
        ],
        [
            0.17360594868659973,
            0.01826559007167816,
            -0.05107061564922333
        ]
    ],
    "pred_vertices": [
        [
            0.12075505405664444,
            -0.027361271902918816,
            -0.0299716517329216
        ],
        [
            0.12035439163446426,
            -0.022118674591183662,
            -0.020525142550468445
        ],
        [
            0.12660855054855347,
            -0.028402695432305336,
            -0.023654896765947342
        ],
        [
            0.1251664161682129,
            -0.0350283607840538,
            -0.03207653760910034
        ],
        [
            0.13239751756191254,
            -0.019692163914442062,
            -0.003746919333934784
        ],
        [
            0.13181394338607788,
            -0.0259476937353611,
            0.0067872777581214905
        ],
        [
            0.1418931484222412,
            -0.03419526666402817,
            -0.0031104236841201782
        ],
        [
            0.14158686995506287,
            -0.026554837822914124,
            -0.01004638522863388
        ],
        [
            0.12777981162071228,
            -0.041013434529304504,
            -0.03431827947497368
        ],
        [
            0.13205881416797638,
            -0.033272892236709595,
            -0.026268459856510162
        ],
        [
            0.12714581191539764,
            -0.04356259107589722,
            -0.03405515477061272
        ],
        [
            0.11592350155115128,
            -0.0513496920466423,
            -0.042304690927267075
        ],
        [
            0.12113682180643082,
            -0.047267619520425797,
            -0.04177045822143555
        ],
        [
            0.11159589886665344,
            -0.05396082624793053,
            -0.05000536888837814
        ],
        [
            0.1060086339712143,
            -0.05097513273358345,
            -0.037867821753025055
        ],
        [
            0.10272980481386185,
            -0.05194166675209999,
            -0.05374894291162491
        ],
        [
            0.08943122625350952,
            -0.02641620859503746,
            -0.04266725108027458
        ],
        [
            0.08874765038490295,
            -0.012735087424516678,
            -0.04451168328523636
        ],
        [
            0.09200136363506317,
            -0.017423545941710472,
            -0.06203492730855942
        ],
        [
            0.09330672770738602,
            -0.03079366683959961,
            -0.0581168606877327
        ],
        [
            0.09490196406841278,
            0.0032590776681900024,
            -0.058206722140312195
        ],
        [
            0.09356219321489334,
            -0.008333059959113598,
            -0.061078689992427826
        ],
        [
            0.08893605321645737,
            -0.003614768385887146,
            -0.04405556246638298
        ],
        [
            0.09065613150596619,
            0.006382625550031662,
            -0.042227935045957565
        ],
        [
            0.117063969373703,
            -0.011828232556581497,
            -0.027615003287792206
        ],
        [
            0.11610749363899231,
            -0.00735899992287159,
            -0.017970010638237
        ],
        [
            0.11596204340457916,
            -0.013370119035243988,
            -0.018684912472963333
        ],
        [
            0.11748076230287552,
            -0.017520861700177193,
            -0.02766062691807747
        ],
        [
            0.1337771862745285,
            -0.04919235780835152,
            -0.02793135493993759
        ],
        [
            0.11898589134216309,
            -0.051079921424388885,
            -0.023858200758695602
        ],
        [
            0.1214306429028511,
            -0.048445798456668854,
            -0.030900701880455017
        ],
        [
            0.13646742701530457,
            -0.04471604526042938,
            -0.02999160811305046
        ],
        [
            0.11977080255746841,
            0.011401860043406487,
            0.004550643265247345
        ],
        [
            0.11149904131889343,
            0.013700321316719055,
            0.015129990875720978
        ],
        [
            0.11063268035650253,
            0.00797763466835022,
            0.016575686633586884
        ],
        [
            0.11781121790409088,
            0.00702563114464283,
            0.006381385028362274
        ],
        [
            0.11648677289485931,
            -0.013153772801160812,
            0.01717214286327362
        ],
        [
            0.1082458645105362,
            -0.009125988930463791,
            0.022329501807689667
        ],
        [
            0.09868220239877701,
            -0.01637253537774086,
            0.028230831027030945
        ],
        [
            0.10479572415351868,
            -0.02277061715722084,
            0.02231869101524353
        ],
        [
            0.12465805560350418,
            -0.019540194422006607,
            0.011781327426433563
        ],
        [
            0.11616041511297226,
            -0.02857651188969612,
            0.01759948581457138
        ],
        [
            0.12590257823467255,
            -0.03477190062403679,
            0.011152088642120361
        ],
        [
            0.13829103112220764,
            -0.042267344892024994,
            -0.0002647489309310913
        ],
        [
            0.11016511917114258,
            0.02595335617661476,
            0.011367514729499817
        ],
        [
            0.11655056476593018,
            0.02614162489771843,
            0.0032602623105049133
        ],
        [
            0.14995533227920532,
            -0.051065843552351,
            -0.06729917973279953
        ],
        [
            0.150734081864357,
            -0.045135147869586945,
            -0.06798646599054337
        ],
        [
            0.14643892645835876,
            -0.045560214668512344,
            -0.06618139147758484
        ],
        [
            0.14637912809848785,
            -0.05140853673219681,
            -0.06626003980636597
        ],
        [
            0.09804971516132355,
            0.03498099371790886,
            -0.0023025423288345337
        ],
        [
            0.08849376440048218,
            0.03334789723157883,
            -0.005128458142280579
        ],
        [
            0.08826493471860886,
            0.03624534606933594,
            0.0015961527824401855
        ],
        [
            0.09698714315891266,
            0.0360555499792099,
            0.005171328783035278
        ],
        [
            0.09942127019166946,
            0.0335099957883358,
            -0.012159176170825958
        ],
        [
            0.08932562172412872,
            0.028889356181025505,
            -0.014217033982276917
        ],
        [
            0.15024197101593018,
            -0.056831393390893936,
            -0.0787697434425354
        ],
        [
            0.1505005806684494,
            -0.05744342505931854,
            -0.07360367476940155
        ],
        [
            0.1452595591545105,
            -0.0578654520213604,
            -0.07421636581420898
        ],
        [
            0.14398236572742462,
            -0.056323036551475525,
            -0.0791340246796608
        ],
        [
            0.12310735881328583,
            -0.0406939834356308,
            -0.040077321231365204
        ],
        [
            0.12218448519706726,
            -0.03165595978498459,
            -0.038490649312734604
        ],
        [
            0.12243745476007462,
            -0.044580135494470596,
            -0.05491361767053604
        ],
        [
            0.12206405401229858,
            -0.03898745775222778,
            -0.050056129693984985
        ],
        [
            0.12063393741846085,
            -0.04538819193840027,
            -0.04761405661702156
        ],
        [
            0.12040260434150696,
            -0.049465108662843704,
            -0.052537236362695694
        ],
        [
            0.12018835544586182,
            -0.015351393260061741,
            -0.04976010322570801
        ],
        [
            0.11808474361896515,
            -0.012051396071910858,
            -0.03880472108721733
        ],
        [
            0.11838465183973312,
            -0.01871296763420105,
            -0.03936723992228508
        ],
        [
            0.12140816450119019,
            -0.02387387491762638,
            -0.05070498585700989
        ],
        [
            0.12068156898021698,
            0.001909445971250534,
            -0.039193715900182724
        ],
        [
            0.12195764482021332,
            -0.002460299991071224,
            -0.0500088669359684
        ],
        [
            0.12310487031936646,
            0.005983911454677582,
            -0.048772361129522324
        ],
        [
            0.12310204654932022,
            0.007581191137433052,
            -0.04118896275758743
        ],
        [
            0.12296558171510696,
            -0.013129264116287231,
            -0.0672944188117981
        ],
        [
            0.1228642612695694,
            -0.015393683686852455,
            -0.07158417254686356
        ],
        [
            0.12530085444450378,
            -0.012243667617440224,
            -0.07163958996534348
        ],
        [
            0.12349484860897064,
            -0.00966218113899231,
            -0.06671785563230515
        ],
        [
            0.08692289888858795,
            0.038670752197504044,
            0.008174300193786621
        ],
        [
            0.09549291431903839,
            0.03626599162817001,
            0.012367650866508484
        ],
        [
            0.10135090351104736,
            0.024222664535045624,
            -0.05416162312030792
        ],
        [
            0.10784208029508591,
            0.030737774446606636,
            -0.04755508154630661
        ],
        [
            0.11221534758806229,
            0.02977667935192585,
            -0.059909481555223465
        ],
        [
            0.10317392647266388,
            0.023078054189682007,
            -0.065071240067482
        ],
        [
            0.08125942945480347,
            0.02613738365471363,
            -0.007041089236736298
        ],
        [
            0.08005218207836151,
            0.031061217188835144,
            -0.0010299459099769592
        ],
        [
            0.15016770362854004,
            -0.05244839936494827,
            -0.08325260877609253
        ],
        [
            0.14381921291351318,
            -0.051518626511096954,
            -0.08280815184116364
        ],
        [
            0.11334705352783203,
            -0.04070570319890976,
            0.010144233703613281
        ],
        [
            0.13083907961845398,
            -0.048852887004613876,
            -0.0015531741082668304
        ],
        [
            0.10100939124822617,
            -0.031890619546175,
            0.017110534012317657
        ],
        [
            0.09263807535171509,
            -0.024706237018108368,
            0.02078859508037567
        ],
        [
            0.08711719512939453,
            -0.019617095589637756,
            0.026131056249141693
        ],
        [
            0.12272025644779205,
            -0.03448216989636421,
            -0.054765526205301285
        ],
        [
            0.11938504874706268,
            -0.02321355789899826,
            -0.03551708906888962
        ],
        [
            0.11743041127920151,
            -0.006662104278802872,
            -0.027693655341863632
        ],
        [
            0.12556979060173035,
            0.022743459790945053,
            -0.03271179273724556
        ],
        [
            0.12431320548057556,
            0.025172432884573936,
            -0.02269759029150009
        ],
        [
            0.12505468726158142,
            0.01454615406692028,
            -0.02427069842815399
        ],
        [
            0.12539643049240112,
            0.014624089002609253,
            -0.03288920968770981
        ],
        [
            0.11748933792114258,
            0.03200972080230713,
            -0.04460186883807182
        ],
        [
            0.12370193004608154,
            0.02693280018866062,
            -0.04345216229557991
        ],
        [
            0.12454576790332794,
            0.025213465094566345,
            -0.050949569791555405
        ],
        [
            0.11947322636842728,
            0.03027983568608761,
            -0.05425148457288742
        ],
        [
            0.13467936217784882,
            -0.054863281548023224,
            -0.02295268326997757
        ],
        [
            0.11841525882482529,
            -0.05326097831130028,
            -0.016641784459352493
        ],
        [
            0.10781509429216385,
            0.03281257301568985,
            0.0013835057616233826
        ],
        [
            0.10546311736106873,
            0.03174344450235367,
            0.008831486105918884
        ],
        [
            0.10112892091274261,
            0.03248966857790947,
            0.0161966010928154
        ],
        [
            0.11826964467763901,
            0.0007369928061962128,
            -0.006105698645114899
        ],
        [
            0.1165342852473259,
            0.003963090479373932,
            0.007696807384490967
        ],
        [
            0.11659234017133713,
            -0.00037203729152679443,
            0.008018426597118378
        ],
        [
            0.11661422997713089,
            -0.002537047490477562,
            -0.0063867270946502686
        ],
        [
            0.12196032702922821,
            -0.01525123417377472,
            -0.010784760117530823
        ],
        [
            0.12375794351100922,
            -0.012176480144262314,
            0.002049267292022705
        ],
        [
            0.13000302016735077,
            -0.020447026938199997,
            -0.015559457242488861
        ],
        [
            0.10896968096494675,
            0.0007390901446342468,
            0.020089194178581238
        ],
        [
            0.10653522610664368,
            0.009859230369329453,
            0.025894582271575928
        ],
        [
            0.10444203019142151,
            0.001525387167930603,
            0.028367966413497925
        ],
        [
            0.10626556724309921,
            0.019242916256189346,
            0.02293158322572708
        ],
        [
            0.1046932190656662,
            0.027371466159820557,
            0.01956041157245636
        ],
        [
            0.07586018741130829,
            0.03547907620668411,
            0.004987351596355438
        ],
        [
            0.10153255611658096,
            -0.006258845329284668,
            0.029363691806793213
        ],
        [
            0.14717301726341248,
            -0.03270050138235092,
            -0.014743834733963013
        ],
        [
            0.15253043174743652,
            -0.03809356316924095,
            -0.01902502030134201
        ],
        [
            0.14822284877300262,
            -0.03586084395647049,
            -0.0249188132584095
        ],
        [
            0.14283457398414612,
            -0.03091808222234249,
            -0.021717585623264313
        ],
        [
            0.11210506409406662,
            -0.055607184767723083,
            -0.05857627093791962
        ],
        [
            0.11767250299453735,
            -0.05388939380645752,
            -0.054277464747428894
        ],
        [
            0.11728397011756897,
            -0.05134866386651993,
            -0.046802036464214325
        ],
        [
            0.1229410171508789,
            0.013699952512979507,
            -0.006451472640037537
        ],
        [
            0.12023930996656418,
            0.026119638234376907,
            -0.007003173232078552
        ],
        [
            0.12335080653429031,
            -0.04008515179157257,
            -0.05901696905493736
        ],
        [
            0.13838332891464233,
            -0.05609254911541939,
            -0.0793418288230896
        ],
        [
            0.13966543972492218,
            -0.05812712386250496,
            -0.07377729564905167
        ],
        [
            0.1218976303935051,
            -0.05759837105870247,
            -0.0658959299325943
        ],
        [
            0.12031898647546768,
            -0.05556230992078781,
            -0.07260125875473022
        ],
        [
            0.12348222732543945,
            -0.037494007498025894,
            -0.0670127123594284
        ],
        [
            0.12447167932987213,
            -0.0401453971862793,
            -0.060147471725940704
        ],
        [
            0.12546370923519135,
            -0.039590127766132355,
            -0.0612095445394516
        ],
        [
            0.1266939342021942,
            -0.035858746618032455,
            -0.06674481928348541
        ],
        [
            0.1253979653120041,
            -0.003481632098555565,
            -0.06854618340730667
        ],
        [
            0.12420154362916946,
            -0.0015535233542323112,
            -0.06425924599170685
        ],
        [
            0.10176292061805725,
            -0.033978551626205444,
            -0.07179056107997894
        ],
        [
            0.09826120734214783,
            -0.046615343540906906,
            -0.06816788762807846
        ],
        [
            0.09483778476715088,
            -0.04341227933764458,
            -0.05518839508295059
        ],
        [
            0.12067729979753494,
            -0.007888700813055038,
            -0.04926735907793045
        ],
        [
            0.12256281077861786,
            -0.01011805608868599,
            -0.059097494930028915
        ],
        [
            0.12282414734363556,
            -0.006035179831087589,
            -0.059059031307697296
        ],
        [
            0.12310653179883957,
            -0.032425038516521454,
            -0.05890509486198425
        ],
        [
            0.12337598949670792,
            -0.035801030695438385,
            -0.06363088637590408
        ],
        [
            0.12277050316333771,
            -0.03124959208071232,
            -0.06435175240039825
        ],
        [
            0.1227542832493782,
            -0.027122313156723976,
            -0.058810941874980927
        ],
        [
            0.10384547710418701,
            0.03256552666425705,
            -0.03497494012117386
        ],
        [
            0.11516939103603363,
            0.03429107740521431,
            -0.03213886171579361
        ],
        [
            0.1501242071390152,
            -0.0554080493748188,
            -0.06939040124416351
        ],
        [
            0.1458643674850464,
            -0.055955953896045685,
            -0.06927600502967834
        ],
        [
            0.11866967380046844,
            -0.004831606522202492,
            -0.038510434329509735
        ],
        [
            0.09344138205051422,
            -0.037847138941287994,
            -0.04054350405931473
        ],
        [
            0.11824672669172287,
            -0.001186838373541832,
            -0.027745377272367477
        ],
        [
            0.11001579463481903,
            0.007067438680678606,
            -0.07409602403640747
        ],
        [
            0.1189192458987236,
            0.009443367831408978,
            -0.0719401016831398
        ],
        [
            0.12148431688547134,
            0.007562775164842606,
            -0.07381030172109604
        ],
        [
            0.11715824902057648,
            0.005582290701568127,
            -0.07754761725664139
        ],
        [
            0.14046533405780792,
            -0.03711565211415291,
            -0.07313430309295654
        ],
        [
            0.1422615945339203,
            -0.039707086980342865,
            -0.06808288395404816
        ],
        [
            0.14629945158958435,
            -0.04004090279340744,
            -0.06915776431560516
        ],
        [
            0.14551308751106262,
            -0.03771636262536049,
            -0.07454457134008408
        ],
        [
            0.12389155477285385,
            -0.0447939895093441,
            -0.05647541582584381
        ],
        [
            0.12241712957620621,
            -0.05054829642176628,
            -0.05530398339033127
        ],
        [
            0.12597332894802094,
            -0.0501575842499733,
            -0.057014577090740204
        ],
        [
            0.1264568269252777,
            -0.0441911481320858,
            -0.058651767671108246
        ],
        [
            0.119579017162323,
            -0.05503036081790924,
            -0.057677410542964935
        ],
        [
            0.1237480565905571,
            -0.05538983270525932,
            -0.060111962258815765
        ],
        [
            0.13869887590408325,
            -0.03855522722005844,
            -0.0792122334241867
        ],
        [
            0.1375826597213745,
            -0.04463602975010872,
            -0.08346790075302124
        ],
        [
            0.12106756120920181,
            -0.04227669537067413,
            -0.07819187641143799
        ],
        [
            0.12580738961696625,
            -0.036988645792007446,
            -0.0742497518658638
        ],
        [
            0.08512375503778458,
            0.009560221806168556,
            -0.028045229613780975
        ],
        [
            0.08874630182981491,
            0.020164862275123596,
            -0.027577601373195648
        ],
        [
            0.09410754591226578,
            0.017401617020368576,
            -0.041851114481687546
        ],
        [
            0.09848643839359283,
            0.015351476147770882,
            -0.056868381798267365
        ],
        [
            0.10361462831497192,
            0.012013628147542477,
            -0.07009880244731903
        ],
        [
            0.09810670465230942,
            0.0010765166953206062,
            -0.07207848876714706
        ],
        [
            0.09685292094945908,
            0.025003701448440552,
            -0.03976975008845329
        ],
        [
            0.11538238823413849,
            -0.03508784621953964,
            -0.07220076024532318
        ],
        [
            0.11024530231952667,
            -0.040184713900089264,
            -0.07427442073822021
        ],
        [
            0.10953819006681442,
            -0.03519768640398979,
            -0.07408487796783447
        ],
        [
            0.12103003263473511,
            0.005757579579949379,
            -0.02826755866408348
        ],
        [
            0.1408575177192688,
            -0.056788861751556396,
            -0.06868351995944977
        ],
        [
            0.07493756711483002,
            -0.013567063957452774,
            0.008589930832386017
        ],
        [
            0.07159613072872162,
            -0.0014872997999191284,
            0.0030958205461502075
        ],
        [
            0.07502049207687378,
            -0.006214272230863571,
            -0.003518514335155487
        ],
        [
            0.07984064519405365,
            -0.019960977137088776,
            0.0028314217925071716
        ],
        [
            0.14281338453292847,
            -0.04579147323966026,
            -0.06463887542486191
        ],
        [
            0.14223609864711761,
            -0.05215734988451004,
            -0.06447572261095047
        ],
        [
            0.1262064427137375,
            0.00457792729139328,
            -0.06471553444862366
        ],
        [
            0.12660937011241913,
            0.0022500823251903057,
            -0.06881112605333328
        ],
        [
            0.1261964738368988,
            0.005964686628431082,
            -0.06993450969457626
        ],
        [
            0.1279446929693222,
            0.008971692062914371,
            -0.06663431972265244
        ],
        [
            0.0909007340669632,
            0.025520090013742447,
            -0.02571053057909012
        ],
        [
            0.1194075420498848,
            0.028842786327004433,
            -0.0647713914513588
        ],
        [
            0.1108754351735115,
            0.02229119837284088,
            -0.07055538147687912
        ],
        [
            0.08391226828098297,
            0.02213609218597412,
            -0.015359468758106232
        ],
        [
            0.08006969094276428,
            0.013099323958158493,
            -0.015863031148910522
        ],
        [
            0.07648846507072449,
            0.016221772879362106,
            -0.007264763116836548
        ],
        [
            0.1019720807671547,
            -0.013262437656521797,
            -0.07558129727840424
        ],
        [
            0.08397358655929565,
            0.0011092722415924072,
            -0.02991485968232155
        ],
        [
            0.07927394658327103,
            0.005484661087393761,
            -0.016679637134075165
        ],
        [
            0.07493865489959717,
            0.008864836767315865,
            -0.0064670369029045105
        ],
        [
            0.07134754955768585,
            0.012011060491204262,
            0.0004210472106933594
        ],
        [
            0.07353396713733673,
            0.01973262056708336,
            -0.0011116638779640198
        ],
        [
            0.13790106773376465,
            -0.05063728243112564,
            -0.08255796879529953
        ],
        [
            0.14426660537719727,
            -0.044794581830501556,
            -0.0843852162361145
        ],
        [
            0.06872542947530746,
            0.02419273927807808,
            0.0052316635847091675
        ],
        [
            0.06707094609737396,
            0.015206383541226387,
            0.0069702789187431335
        ],
        [
            0.07890868186950684,
            -0.003741869702935219,
            -0.016367673873901367
        ],
        [
            0.0801001563668251,
            -0.015423784032464027,
            -0.015127036720514297
        ],
        [
            0.0837131142616272,
            -0.007644040510058403,
            -0.029086191207170486
        ],
        [
            0.08492673188447952,
            -0.019371146336197853,
            -0.029034804552793503
        ],
        [
            0.0949162170290947,
            -0.02234780415892601,
            -0.07527025789022446
        ],
        [
            0.1630839705467224,
            -0.04159450903534889,
            -0.0819280669093132
        ],
        [
            0.151784285902977,
            -0.04061495140194893,
            -0.08259519934654236
        ],
        [
            0.1512131243944168,
            -0.038495153188705444,
            -0.07716994732618332
        ],
        [
            0.16197028756141663,
            -0.03868264704942703,
            -0.07898242026567459
        ],
        [
            0.14474008977413177,
            -0.03917287662625313,
            -0.08024685084819794
        ],
        [
            0.15087038278579712,
            -0.04575426131486893,
            -0.0848761796951294
        ],
        [
            0.09049177169799805,
            -0.03361178934574127,
            -0.025332268327474594
        ],
        [
            0.12227289378643036,
            -0.033693473786115646,
            -0.06849779188632965
        ],
        [
            0.08846457302570343,
            -0.03131710737943649,
            -0.008244533091783524
        ],
        [
            0.10145509988069534,
            -0.04816673696041107,
            -0.02538909763097763
        ],
        [
            0.1024434044957161,
            -0.046193793416023254,
            -0.011990055441856384
        ],
        [
            0.08797653764486313,
            -0.029727129265666008,
            0.009930267930030823
        ],
        [
            0.10047426074743271,
            -0.041675493121147156,
            0.003966890275478363
        ],
        [
            0.07802282273769379,
            -0.017029400914907455,
            0.020359866321086884
        ],
        [
            0.08206313848495483,
            -0.022256378084421158,
