{
    "pred_cam": [
        6.466690540313721,
        0.1442408412694931,
        -0.025357715785503387
    ],
    "pred_mano_params": {
        "global_orient": [
            [
                [
                    -0.9244896769523621,
                    0.29843220114707947,
                    -0.23718562722206116
                ],
                [
                    0.04081776738166809,
                    -0.5411240458488464,
                    -0.8399516344070435
                ],
                [
                    -0.3790154457092285,
                    -0.7862080335617065,
                    0.48808225989341736
                ]
            ]
        ],
        "hand_pose": [
            [
                [
                    0.797207772731781,
                    -0.3767741024494171,
                    -0.47170010209083557
                ],
                [
                    0.43609607219696045,
                    0.899712324142456,
                    0.018382128328084946
                ],
                [
                    0.41746851801872253,
                    -0.22036093473434448,
                    0.8815673589706421
                ]
            ],
            [
                [
                    0.95888751745224,
                    -0.271327406167984,
                    0.08316368609666824
                ],
                [
                    0.2836569845676422,
                    0.907519519329071,
                    -0.3097531497478485
                ],
                [
                    0.008571850135922432,
                    0.32060837745666504,
                    0.9471730589866638
                ]
            ],
            [
                [
                    0.9380850791931152,
                    -0.2315322458744049,
                    0.25766101479530334
                ],
                [
                    0.19747225940227509,
                    0.9685498476028442,
                    0.15138012170791626
                ],
                [
                    -0.2846069037914276,
                    -0.09112653881311417,
                    0.9543033838272095
                ]
            ],
            [
                [
                    0.8824490904808044,
                    -0.4518737196922302,
                    -0.13074341416358948
                ],
                [
                    0.4554397463798523,
                    0.8902618288993835,
                    -0.0029332225676625967
                ],
                [
                    0.1177213117480278,
                    -0.05695733055472374,
                    0.9914119839668274
                ]
            ],
            [
                [
                    0.9194458723068237,
                    -0.3576725423336029,
                    -0.16336950659751892
                ],
                [
                    0.38931208848953247,
                    0.8864330053329468,
                    0.2503448724746704
                ],
                [
                    0.05527465417981148,
                    -0.2937803268432617,
                    0.9542734026908875
                ]
            ],
            [
                [
                    0.8517565131187439,
                    -0.49501657485961914,
                    0.17166684567928314
                ],
                [
                    0.49971646070480347,
                    0.8660066723823547,
                    0.017772318795323372
                ],
                [
                    -0.1574622392654419,
                    0.07064706832170486,
                    0.9849947690963745
                ]
            ],
            [
                [
                    0.9740716814994812,
                    -0.1291826367378235,
                    0.1857316642999649
                ],
                [
                    0.15710973739624023,
                    0.9769591093063354,
                    -0.1444554626941681
                ],
                [
                    -0.16279110312461853,
                    0.16989021003246307,
                    0.9719240665435791
                ]
            ],
            [
                [
                    0.7534255385398865,
                    -0.6405465602874756,
                    -0.14849257469177246
                ],
                [
                    0.5539536476135254,
                    0.4966774582862854,
                    0.6681668162345886
                ],
                [
                    -0.35423901677131653,
                    -0.5856719613075256,
                    0.7290425896644592
                ]
            ],
            [
                [
                    0.7344271540641785,
                    -0.6776368021965027,
                    -0.03775050491094589
                ],
                [
                    0.551977813243866,
                    0.5640226006507874,
                    0.6141653060913086
                ],
                [
                    -0.39488887786865234,
                    -0.471897155046463,
                    0.7882739901542664
                ]
            ],
            [
                [
                    0.9486671090126038,
                    -0.2968865633010864,
                    -0.10903728008270264
                ],
                [
                    0.2798057496547699,
                    0.9485394358634949,
                    -0.14826206862926483
                ],
                [
                    0.14744317531585693,
                    0.11014208197593689,
                    0.9829187393188477
                ]
            ],
            [
                [
                    0.7878406047821045,
                    -0.6042454242706299,
                    -0.11914154142141342
                ],
                [
                    0.5682951807975769,
                    0.6386772394180298,
                    0.5187793374061584
                ],
                [
                    -0.2373770773410797,
                    -0.4764229655265808,
                    0.8465656042098999
                ]
            ],
            [
                [
                    0.675049901008606,
                    -0.7360776662826538,
                    0.04997248947620392
                ],
                [
                    0.7075902223587036,
                    0.6651226282119751,
                    0.23859575390815735
                ],
                [
                    -0.20886285603046417,
                    -0.12570400536060333,
                    0.9698323011398315
                ]
            ],
            [
                [
                    0.6883800029754639,
                    0.2695212960243225,
                    -0.6734176278114319
                ],
                [
                    -0.6645203232765198,
                    0.6064976453781128,
                    -0.43654710054397583
                ],
                [
                    0.29076746106147766,
                    0.748009979724884,
                    0.5966032147407532
                ]
            ],
            [
                [
                    0.7512220740318298,
                    -0.4353224039077759,
                    -0.4961448907852173
                ],
                [
                    0.5960100293159485,
                    0.7703700065612793,
                    0.2264995276927948
                ],
                [
                    0.283614844083786,
                    -0.4658588171005249,
                    0.8381754755973816
                ]
            ],
            [
                [
                    0.8172954320907593,
                    -0.5595300197601318,
                    0.13767507672309875
                ],
                [
                    0.5624164938926697,
                    0.7226325273513794,
                    -0.40185806155204773
                ],
                [
                    0.12536314129829407,
                    0.40586745738983154,
                    0.9052931666374207
                ]
            ]
        ],
        "betas": [
            -0.07847750186920166,
            -0.0340765118598938,
            -0.019646406173706055,
            -0.023950904607772827,
            0.037153661251068115,
            -0.03538189083337784,
            0.02072998881340027,
            0.0002690553665161133,
            0.0055237263441085815,
            -0.037144631147384644
        ]
    },
    "pred_cam_t": [
        -0.1442408412694931,
        -0.025357715785503387,
        6.040570259094238
    ],
    "focal_length": [
        5000.0,
        5000.0
    ],
    "pred_keypoints_3d": [
        [
            0.0960780531167984,
            0.0064156549051404,
            0.006212323904037476
        ],
        [
            0.10763828456401825,
            -0.007915204390883446,
            0.04029538109898567
        ],
        [
            0.13358443975448608,
            -0.018570391461253166,
            0.05332833528518677
        ],
        [
            0.1595630645751953,
            -0.010711947456002235,
            0.05513426661491394
        ],
        [
            0.18194805085659027,
            0.005840091034770012,
            0.07522007077932358
        ],
        [
            0.17137831449508667,
            -0.011810912750661373,
            0.05397164076566696
        ],
        [
            0.19772906601428986,
            0.0033713513985276222,
            0.06709448993206024
        ],
        [
            0.20736441016197205,
            0.017926771193742752,
            0.08094166219234467
        ],
        [
            0.21472324430942535,
            0.02991674840450287,
            0.1014125794172287
        ],
        [
            0.18430721759796143,
            0.0061685084365308285,
            0.04174375906586647
        ],
        [
            0.2083825170993805,
            0.019692493602633476,
            0.05760518088936806
        ],
        [
            0.21539169549942017,
            0.03481391817331314,
            0.07398972660303116
        ],
        [
            0.21574148535728455,
            0.046924881637096405,
            0.09654133021831512
        ],
        [
            0.177138090133667,
            0.027701787650585175,
            0.02733740396797657
        ],
        [
            0.20273169875144958,
            0.03697051852941513,
            0.03730262070894241
        ],
        [
            0.2067323625087738,
            0.05238717794418335,
            0.05645136535167694
        ],
        [
            0.1971045583486557,
            0.059864871203899384,
            0.07825969159603119
        ],
        [
            0.16725754737854004,
            0.045453011989593506,
            0.019061336293816566
        ],
        [
            0.186815544962883,
            0.0530337356030941,
            0.02232944406569004
        ],
        [
            0.1896762251853943,
            0.06411269307136536,
            0.03756484016776085
        ],
        [
            0.17886045575141907,
            0.06542524695396423,
            0.052973806858062744
        ]
    ],
    "pred_vertices": [
        [
            0.13223613798618317,
            -0.0001896461471915245,
            0.04379367455840111
        ],
        [
            0.12155217677354813,
            0.0019364319741725922,
            0.03954184800386429
        ],
        [
            0.12852568924427032,
            -0.002279512584209442,
            0.04445955902338028
        ],
        [
            0.1358499377965927,
            -0.004898345097899437,
            0.04933684691786766
        ],
        [
            0.11442101746797562,
            0.0024900157004594803,
            0.05353526771068573
        ],
        [
            0.10653021186590195,
            -0.005408411845564842,
            0.05931956321001053
        ],
        [
            0.12427029013633728,
            -0.010254768654704094,
            0.06437735259532928
        ],
        [
            0.12758858501911163,
            -0.0018450058996677399,
            0.05851900205016136
        ],
        [
            0.140182226896286,
            -0.010127034969627857,
            0.05109500512480736
        ],
        [
            0.13443663716316223,
            -0.005610436201095581,
            0.048547230660915375
        ],
        [
            0.1411588042974472,
            -0.014630790799856186,
            0.04660129174590111
        ],
        [
            0.14934095740318298,
            -0.022088436409831047,
            0.04874592646956444
        ],
        [
            0.14775174856185913,
            -0.01522624958306551,
            0.053548865020275116
        ],
        [
            0.15770097076892853,
            -0.023869454860687256,
            0.05063045397400856
        ],
        [
            0.14516356587409973,
            -0.027775051072239876,
            0.04059509560465813
        ],
        [
            0.1604611724615097,
            -0.02581436187028885,
            0.04224478080868721
        ],
        [
            0.14829479157924652,
            -0.014480715617537498,
            0.020213276147842407
        ],
        [
            0.1485869437456131,
            -0.003648498561233282,
            0.012335602194070816
        ],
        [
            0.1642986536026001,
            -0.0022758841514587402,
            0.018418481573462486
        ],
        [
            0.16259406507015228,
            -0.012914404273033142,
            0.026591984555125237
        ],
        [
            0.15680518746376038,
            0.014837667346000671,
            0.008924072608351707
        ],
        [
            0.16193895041942596,
            0.0055155567824840546,
            0.014262113720178604
        ],
        [
            0.14674684405326843,
            0.003537767566740513,
            0.007164072245359421
        ],
        [
            0.14309929311275482,
            0.012147561646997929,
            0.0027608722448349
        ],
        [
            0.128949835896492,
            0.010138893499970436,
            0.03424295783042908
        ],
        [
            0.11784054338932037,
            0.011840704828500748,
            0.03059621900320053
        ],
        [
            0.1180407851934433,
            0.007504929322749376,
            0.0332871749997139
        ],
        [
            0.12910312414169312,
            0.0059362901374697685,
            0.03724066540598869
        ],
        [
            0.1419961303472519,
            -0.019947580993175507,
            0.044587843120098114
        ],
        [
            0.13432614505290985,
            -0.02751394733786583,
            0.04439696669578552
        ],
        [
            0.13920097053050995,
            -0.022338390350341797,
            0.04382584989070892
        ],
        [
            0.14261825382709503,
            -0.014634978957474232,
            0.045185722410678864
        ],
        [
            0.09420257061719894,
            0.024340858682990074,
            0.022567395120859146
        ],
        [
            0.0844491496682167,
            0.01960703730583191,
            0.014479279518127441
        ],
        [
            0.08384847640991211,
            0.01444116048514843,
            0.017349857836961746
        ],
        [
            0.09291210025548935,
            0.01975955069065094,
            0.023953957483172417
        ],
        [
            0.08619754016399384,
            0.00047048740088939667,
            0.03974822536110878
        ],
        [
            0.08087246865034103,
            -0.00112202949821949,
            0.0275050587952137
        ],
        [
            0.07734505832195282,
            -0.01397196389734745,
            0.022857148200273514
        ],
        [
            0.08405572175979614,
            -0.01536526158452034,
            0.03280758112668991
        ],
        [
            0.09550149738788605,
            -0.001385331153869629,
            0.05170643329620361
        ],
        [
            0.09110085666179657,
            -0.01478089764714241,
            0.04771358519792557
        ],
        [
            0.10394218564033508,
            -0.017027314752340317,
            0.058592163026332855
        ],
        [
            0.12367023527622223,
            -0.019887205213308334,
            0.06442759931087494
        ],
        [
            0.08657673001289368,
            0.029297173023223877,
            0.006247367709875107
        ],
        [
            0.09378085285425186,
            0.034437380731105804,
            0.011310150846838951
        ],
        [
            0.1932288259267807,
            0.005160560831427574,
            0.07858465611934662
        ],
        [
            0.19220151007175446,
            0.010484389029443264,
            0.07613148540258408
        ],
        [
            0.18816660344600677,
            0.007277045398950577,
            0.07408276200294495
        ],
        [
            0.1901688426733017,
            0.0025379816070199013,
            0.07678091526031494
        ],
        [
            0.1000734269618988,
            0.031973227858543396,
            -0.008635636419057846
        ],
        [
            0.10423701256513596,
            0.02576965093612671,
            -0.015552148222923279
        ],
        [
            0.09725143015384674,
            0.026806004345417023,
            -0.017495911568403244
        ],
        [
            0.09275216609239578,
            0.0309499129652977,
            -0.010253921151161194
        ],
        [
            0.10971171408891678,
            0.03325294703245163,
            -0.006273359060287476
        ],
        [
            0.11363904178142548,
            0.024232082068920135,
            -0.012035995721817017
        ],
        [
            0.2032390981912613,
            -0.0003249356523156166,
            0.072995126247406
        ],
        [
            0.20004476606845856,
            -0.00039022229611873627,
            0.07704086601734161
        ],
        [
            0.19763070344924927,
            -0.003663419745862484,
            0.07375936210155487
        ],
        [
            0.20000877976417542,
            -0.00332434568554163,
            0.06891990453004837
        ],
        [
            0.14473047852516174,
            -0.008041162975132465,
            0.05406384542584419
        ],
        [
            0.14182522892951965,
            -0.0009896839037537575,
            0.049298375844955444
        ],
        [
            0.16213582456111908,
            -0.008216466754674911,
            0.06124318018555641
        ],
        [
            0.15469244122505188,
            -0.00457462202757597,
            0.05522632971405983
        ],
        [
            0.1534341424703598,
            -0.011402256786823273,
            0.05744502320885658
        ],
        [
            0.16070176661014557,
            -0.014175538904964924,
            0.06121523678302765
        ],
        [
            0.151459738612175,
            0.013327271677553654,
            0.03978649899363518
        ],
        [
            0.14035528898239136,
            0.0126072708517313,
            0.035819604992866516
        ],
        [
            0.14162644743919373,
            0.0075616599060595036,
            0.03975468873977661
        ],
        [
            0.153456449508667,
            0.007369101978838444,
            0.04576347768306732
        ],
        [
            0.1386793702840805,
            0.025465166196227074,
            0.029879476875066757
        ],
        [
            0.1499498188495636,
            0.024964772164821625,
            0.034020110964775085
        ],
        [
            0.14784984290599823,
            0.03242764249444008,
            0.030287619680166245
        ],
        [
            0.13979128003120422,
            0.03189367055892944,
            0.02869901806116104
        ],
        [
            0.16924995183944702,
            0.02073385939002037,
            0.04168330878019333
        ],
        [
            0.17666193842887878,
            0.0198543481528759,
            0.04315495863556862
        ],
        [
            0.17842136323451996,
            0.02341315895318985,
            0.04166923463344574
        ],
        [
            0.1692008078098297,
            0.02382693625986576,
            0.039557911455631256
        ],
        [
            0.0906224474310875,
            0.026833491399884224,
            -0.020059645175933838
        ],
        [
            0.08587190508842468,
            0.028987986966967583,
            -0.011652261018753052
        ],
        [
            0.14948569238185883,
            0.03413308784365654,
            0.002507295459508896
        ],
        [
            0.1425606906414032,
            0.042900510132312775,
            0.003956809639930725
        ],
        [
            0.15401627123355865,
            0.04682736471295357,
            0.007239609956741333
        ],
        [
            0.15815579891204834,
            0.03641504421830177,
            0.004873393103480339
        ],
        [
            0.108011893928051,
            0.01614619977772236,
            -0.017302226275205612
        ],
        [
            0.10154715925455093,
            0.01839062198996544,
            -0.02123265340924263
        ],
        [
            0.20488007366657257,
            0.0031213779002428055,
            0.06807690858840942
        ],
        [
            0.20084911584854126,
            0.00037416908890008926,
            0.06421229243278503
        ],
        [
            0.10227760672569275,
            -0.026242617517709732,
            0.0490134134888649
        ],
        [
            0.12276260554790497,
            -0.027591736987233162,
            0.059289366006851196
        ],
        [
            0.09153589606285095,
            -0.02388189174234867,
            0.035070355981588364
        ],
        [
            0.08649836480617523,
            -0.022533755749464035,
            0.023166164755821228
        ],
        [
            0.0808292031288147,
            -0.022687511518597603,
            0.014830775558948517
        ],
        [
            0.1587558090686798,
            0.0003918004222214222,
            0.05399646610021591
        ],
        [
            0.13801325857639313,
            0.003777648787945509,
            0.04262636974453926
        ],
        [
            0.12861290574073792,
            0.014424556866288185,
            0.03170771524310112
        ],
        [
            0.1288580447435379,
            0.04374115914106369,
            0.02181832492351532
        ],
        [
            0.11847881227731705,
            0.04287774860858917,
            0.018966786563396454
        ],
        [
            0.12161783874034882,
            0.0351371094584465,
            0.02560548111796379
        ],
        [
            0.13028955459594727,
            0.037185583263635635,
            0.02618490532040596
        ],
        [
            0.13946625590324402,
            0.048973940312862396,
            0.0108944745734334
        ],
        [
            0.13946840167045593,
            0.04836319386959076,
            0.018904423341155052
        ],
        [
            0.14910642802715302,
            0.0497489832341671,
            0.021117819473147392
        ],
        [
            0.14994406700134277,
            0.051116835325956345,
            0.013728110119700432
        ],
        [
            0.14192655682563782,
            -0.02621638774871826,
            0.04786492884159088
        ],
        [
            0.12969493865966797,
            -0.03178465738892555,
            0.046461232006549835
        ],
        [
            0.0956147089600563,
            0.035133980214595795,
            0.0004942379891872406
        ],
        [
            0.08877947181463242,
            0.031639788299798965,
            -0.000882960855960846
        ],
        [
            0.08199773728847504,
            0.028500715270638466,
            -0.00489816814661026
        ],
        [
            0.10509566217660904,
            0.017588045448064804,
            0.02827773615717888
        ],
        [
            0.0918126329779625,
            0.016690712422132492,
            0.025337789207696915
        ],
        [
            0.09147848933935165,
            0.013600697740912437,
            0.029356859624385834
        ],
        [
            0.10477090626955032,
            0.014689918607473373,
            0.029521722346544266
        ],
        [
            0.11242178082466125,
            0.006494481116533279,
            0.0407540537416935
        ],
        [
            0.10074056684970856,
            0.0075936149805784225,
            0.04538312554359436
        ],
        [
            0.1235756054520607,
            0.002984505146741867,
            0.045801032334566116
        ],
        [
            0.08135675638914108,
            0.007401433773338795,
            0.02104063890874386
        ],
        [
            0.07499339431524277,
            0.011911931447684765,
            0.01269884780049324
        ],
        [
            0.07387259602546692,
            0.0037278663367033005,
            0.0161021389067173
        ],
        [
            0.07664085179567337,
            0.019712839275598526,
            0.006943520158529282
        ],
        [
            0.07899471372365952,
            0.025885995477437973,
            0.0009182170033454895
        ],
        [
            0.09548719972372055,
            0.018481843173503876,
            -0.02725808694958687
        ],
        [
            0.0743492916226387,
            -0.004327171016484499,
            0.01835981011390686
        ],
        [
            0.1353040635585785,
            -0.005651500076055527,
            0.06073538213968277
        ],
        [
            0.14153195917606354,
            -0.007007543463259935,
            0.06074253469705582
        ],
        [
            0.14146918058395386,
            -0.0044840918853878975,
            0.05371817201375961
        ],
        [
            0.1366710215806961,
            -0.0041142599657177925,
            0.052954040467739105
        ],
        [
            0.16812121868133545,
            -0.02334761805832386,
            0.05311362072825432
        ],
        [
            0.16393645107746124,
            -0.019521938636898994,
            0.059273913502693176
        ],
        [
            0.15394015610218048,
            -0.018988577648997307,
            0.055784016847610474
        ],
        [
            0.10441547632217407,
            0.029863551259040833,
            0.023895036429166794
        ],
        [
            0.10341551899909973,
            0.03833277150988579,
            0.01453028991818428
        ],
        [
            0.16579654812812805,
            -0.0032658118288964033,
            0.05943668633699417
        ],
        [
            0.19804346561431885,
            -0.006040698848664761,
            0.06490082293748856
        ],
        [
            0.19520358741283417,
            -0.006977743469178677,
            0.07014957815408707
        ],
        [
            0.18252751231193542,
            -0.016475699841976166,
            0.06170317903161049
        ],
        [
            0.18645168840885162,
            -0.015091251581907272,
            0.05624530836939812
        ],
        [
            0.17527644336223602,
            5.930056795477867e-05,
            0.05599565804004669
        ],
        [
            0.1700030267238617,
            -0.002333381213247776,
            0.06030857563018799
        ],
        [
            0.17239686846733093,
            -0.000942261191084981,
            0.0599135160446167
        ],
        [
            0.17614774405956268,
            0.0032729406375437975,
            0.056462857872247696
        ],
        [
            0.17433559894561768,
            0.030033137649297714,
            0.036455437541007996
        ],
        [
            0.16670392453670502,
            0.03076966665685177,
            0.035079848021268845
        ],
        [
            0.17562033236026764,
            -0.008664380759000778,
            0.03515809401869774
        ],
        [
            0.17293858528137207,
            -0.02095717564225197,
            0.03813599795103073
        ],
        [
            0.16089995205402374,
            -0.022199969738721848,
            0.03295080363750458
        ],
        [
            0.14994943141937256,
            0.019589772447943687,
            0.03592483699321747
        ],
        [
            0.1600557267665863,
            0.020998012274503708,
            0.039159294217824936
        ],
        [
            0.15986698865890503,
            0.02462582290172577,
            0.037035901099443436
        ],
        [
            0.16280800104141235,
            0.002982025034725666,
            0.05304155498743057
        ],
        [
            0.16895823180675507,
            0.0011065620929002762,
            0.05611315369606018
        ],
        [
            0.16856668889522552,
            0.004974705167114735,
            0.05197706073522568
        ],
        [
            0.16203263401985168,
            0.007119012996554375,
            0.04902644082903862
        ],
        [
            0.1309545636177063,
            0.03934508562088013,
            -0.001017395406961441
        ],
        [
            0.12710507214069366,
            0.046811025589704514,
            0.006980204954743385
        ],
        [
            0.19621992111206055,
            0.001428833231329918,
            0.07901690900325775
        ],
        [
            0.19363339245319366,
            -0.001579071395099163,
            0.07651631534099579
        ],
        [
            0.13907736539840698,
            0.01873445138335228,
            0.03208516910672188
        ],
        [
            0.14659824967384338,
            -0.02187589928507805,
            0.02785896509885788
        ],
        [
            0.12792588770389557,
            0.019268900156021118,
            0.029177192598581314
        ],
        [
            0.17226122319698334,
            0.028306473046541214,
            0.016176657751202583
        ],
        [
            0.1726704239845276,
            0.03452470153570175,
            0.019518710672855377
        ],
        [
            0.17744052410125732,
            0.03379739448428154,
            0.0228656567633152
        ],
        [
            0.17965133488178253,
            0.029518429189920425,
            0.019523847848176956
        ],
        [
            0.18756349384784698,
            0.010580371133983135,
            0.06194789707660675
        ],
        [
            0.18552471697330475,
            0.00935919675976038,
            0.06729218363761902
        ],
        [
            0.18837204575538635,
            0.011745288968086243,
            0.06963095813989639
        ],
        [
            0.19106049835681915,
            0.012986581772565842,
            0.06462404876947403
        ],
        [
            0.16836309432983398,
            -0.007084481418132782,
            0.06323713809251785
        ],
        [
            0.16800618171691895,
            -0.013199636712670326,
            0.06430143862962723
        ],
        [
            0.17363367974758148,
            -0.009801703505218029,
            0.06632263213396072
        ],
        [
            0.1727456897497177,
            -0.004532716237008572,
            0.06362869590520859
        ],
        [
            0.1720687597990036,
            -0.01780741475522518,
            0.062281813472509384
        ],
        [
            0.17762690782546997,
            -0.014544903300702572,
            0.06512618064880371
        ],
        [
            0.19178225100040436,
            0.00831226259469986,
            0.05757325142621994
        ],
        [
            0.19657164812088013,
            0.00258121220394969,
            0.05662437528371811
        ],
        [
            0.18613475561141968,
            -0.0038902191445231438,
            0.04830864071846008
        ],
        [
            0.18236958980560303,
            0.0025051801931113005,
            0.05206843465566635
        ],
        [
            0.13008348643779755,
            0.008911415934562683,
            -0.003948565572500229
        ],
        [
            0.1276693195104599,
            0.01939002051949501,
            -0.00710870698094368
        ],
        [
            0.14053642749786377,
            0.022878937423229218,
            -0.0005642734467983246
        ],
        [
            0.15324346721172333,
            0.026232942938804626,
            0.004720989614725113
        ],
        [
            0.16495560109615326,
            0.02901490405201912,
            0.01118757389485836
        ],
        [
            0.16876734793186188,
            0.01729191467165947,
            0.012848878279328346
        ],
        [
            0.137273371219635,
            0.030081680044531822,
            -0.002636432647705078
        ],
        [
            0.17996425926685333,
            -0.001945749158039689,
            0.04702828824520111
        ],
        [
            0.17922481894493103,
            -0.009191460907459259,
            0.04300973564386368
        ],
        [
            0.1801047921180725,
            -0.005445800255984068,
            0.04097481444478035
        ],
        [
            0.12723968923091888,
            0.026524290442466736,
            0.02747536078095436
        ],
        [
            0.19143199920654297,
            -0.005336873233318329,
            0.07331925630569458
        ],
        [
            0.09841929376125336,
            -0.021833224222064018,
            0.0007979720830917358
        ],
        [
            0.10285184532403946,
            -0.013295700773596764,
            -0.009040102362632751
        ],
        [
            0.10953427106142044,
            -0.013926476240158081,
            -0.0033881627023220062
        ],
        [
            0.10409075766801834,
            -0.022946912795305252,
            0.008504647761583328
        ],
        [
            0.1852559745311737,
            0.004511215724050999,
            0.07227186113595963
        ],
        [
            0.18721528351306915,
            -0.0009269136935472488,
            0.07477475702762604
        ],
        [
            0.1680884063243866,
            0.036690760403871536,
            0.03151668235659599
        ],
        [
            0.1742289662361145,
            0.03447073698043823,
            0.032475464046001434
        ],
        [
            0.1762283593416214,
            0.035936303436756134,
            0.02911912091076374
        ],
        [
            0.1718338429927826,
            0.040808405727148056,
            0.028098149225115776
        ],
        [
            0.12483875453472137,
            0.024494150653481483,
            -0.00838940218091011
        ],
        [
            0.1616676151752472,
            0.04866461083292961,
            0.008784541860222816
        ],
        [
            0.164792999625206,
            0.03984047472476959,
            0.006598364561796188
        ],
        [
            0.11633969843387604,
            0.01593616232275963,
            -0.012658517807722092
        ],
        [
            0.1185508444905281,
            0.006590140052139759,
            -0.010500270873308182
        ],
        [
            0.11018102616071701,
            0.0054822927340865135,
            -0.015414949506521225
        ],
        [
            0.17671172320842743,
            0.008166140876710415,
            0.02289550006389618
        ],
        [
            0.13330236077308655,
            0.0018186308443546295,
            3.595277667045593e-05
        ],
        [
            0.1205059215426445,
            0.00017346348613500595,
            -0.00665905699133873
        ],
        [
            0.11057239025831223,
            -0.0014571938663721085,
            -0.012354075908660889
        ],
        [
            0.10376986116170883,
            -0.002223803661763668,
            -0.017208144068717957
        ],
        [
            0.10396484285593033,
            0.005523106083273888,
            -0.01994951441884041
        ],
        [
            0.19817587733268738,
            -0.001976119354367256,
            0.06007957458496094
        ],
        [
            0.1999131590127945,
            0.005936343222856522,
            0.06047432869672775
        ],
        [
            0.09761840105056763,
            0.005228394642472267,
            -0.026520945131778717
        ],
        [
            0.09733524918556213,
            -0.0032653072848916054,
            -0.02262965589761734
        ],
        [
            0.12150796502828598,
            -0.007461091969162226,
            -0.0014933161437511444
        ],
        [
            0.12116483598947525,
            -0.016114894300699234,
            0.006020110100507736
        ],
        [
            0.1337738335132599,
            -0.005430388730019331,
            0.004940949380397797
        ],
        [
            0.13490207493305206,
            -0.01398254744708538,
            0.012502994388341904
        ],
        [
            0.17601259052753448,
            -0.002535449340939522,
            0.02321666292846203
        ],
        [
            0.2084602564573288,
            0.018688049167394638,
            0.07153559476137161
        ],
        [
            0.20100486278533936,
            0.01379830576479435,
            0.06449134647846222
        ],
        [
            0.19632497429847717,
            0.01581350341439247,
            0.06728275120258331
        ],
        [
            0.20520398020744324,
            0.021206915378570557,
            0.07247553765773773
        ],
        [
            0.19531825184822083,
            0.01100118551403284,
            0.06099548190832138
        ],
        [
            0.2039562612771988,
            0.00875046942383051,
            0.06442322582006454
        ],
        [
            0.1315823197364807,
            -0.023007696494460106,
            0.023131772875785828
        ],
        [
            0.17542573809623718,
            0.0036127844359725714,
            0.05350658670067787
        ],
        [
            0.11465167254209518,
            -0.02520127221941948,
            0.02066563069820404
        ],
        [
            0.13308879733085632,
            -0.030622974038124084,
            0.03557433933019638
        ],
        [
            0.1206948459148407,
            -0.03121989406645298,
            0.036621466279029846
        ],
        [
            0.0978444516658783,
            -0.027364857494831085,
            0.02118828520178795
        ],
        [
            0.105648472905159,
            -0.03075236640870571,
            0.0363246388733387
        ],
        [
            0.08708740025758743,
            -0.024927841499447823,
            0.005290962755680084
        ],
        [
            0.09336676448583603,
            -0.02547541633248329,
            0.012004584074020386
        ],
        [
            0.11740201711654663,
            -0.03258810564875603,
            0.04801416024565697
        ],
        [
            0.19900234043598175,
            0.013365066610276699,
