{
    "pred_cam": [
        12.010132789611816,
        -0.13374993205070496,
        0.01723431423306465
    ],
    "pred_mano_params": {
        "global_orient": [
            [
                [
                    -0.09673267602920532,
                    -0.9897127151489258,
                    -0.10541124641895294
                ],
                [
                    0.43215233087539673,
                    0.053640175610780716,
                    -0.9002039432525635
                ],
                [
                    0.8965975642204285,
                    -0.13263285160064697,
                    0.42251789569854736
                ]
            ]
        ],
        "hand_pose": [
            [
                [
                    0.6547937989234924,
                    -0.7128031849861145,
                    -0.2513095438480377
                ],
                [
                    0.711319088935852,
                    0.6935818195343018,
                    -0.11388325691223145
                ],
                [
                    0.2554800808429718,
                    -0.10419120639562607,
                    0.9611835479736328
                ]
            ],
            [
                [
                    0.8022248148918152,
                    -0.5743358135223389,
                    0.16301444172859192
                ],
                [
                    0.5949367880821228,
                    0.7462443709373474,
                    -0.2986128628253937
                ],
                [
                    0.04985547065734863,
                    0.3365379571914673,
                    0.9403492212295532
                ]
            ],
            [
                [
                    0.6483023166656494,
                    -0.7487756013870239,
                    0.1379823386669159
                ],
                [
                    0.7123757004737854,
                    0.6604973673820496,
                    0.2372005581855774
                ],
                [
                    -0.2687469720840454,
                    -0.055482421070337296,
                    0.9616115093231201
                ]
            ],
            [
                [
                    0.30583861470222473,
                    -0.9191019535064697,
                    -0.24842382967472076
                ],
                [
                    0.9512107968330383,
                    0.30614230036735535,
                    0.038405641913414
                ],
                [
                    0.040754370391368866,
                    -0.2480493187904358,
                    0.9678898453712463
                ]
            ],
            [
                [
                    0.9545068144798279,
                    -0.28511494398117065,
                    -0.08732805401086807
                ],
                [
                    0.29746013879776,
                    0.9308904409408569,
                    0.2120390385389328
                ],
                [
                    0.020837340503931046,
                    -0.2283693253993988,
                    0.9733515977859497
                ]
            ],
            [
                [
                    0.6212445497512817,
                    -0.7824318408966064,
                    0.04307499900460243
                ],
                [
                    0.7819543480873108,
                    0.6225680112838745,
                    0.030926082283258438
                ],
                [
                    -0.051014672964811325,
                    0.014470021240413189,
                    0.9985929727554321
                ]
            ],
            [
                [
                    0.24378424882888794,
                    -0.9357033371925354,
                    -0.25500693917274475
                ],
                [
                    0.8814963698387146,
                    0.10414428263902664,
                    0.46056294441223145
                ],
                [
                    -0.4043927490711212,
                    -0.3370656371116638,
                    0.8502078056335449
                ]
            ],
            [
                [
                    0.9612829089164734,
                    -0.2755625545978546,
                    -0.0007587510626763105
                ],
                [
                    0.27360817790031433,
                    0.9541303515434265,
                    0.12154784053564072
                ],
                [
                    -0.03277008607983589,
                    -0.1170494481921196,
                    0.9925853610038757
                ]
            ],
            [
                [
                    0.9390296339988708,
                    -0.30954989790916443,
                    0.14967340230941772
                ],
                [
                    0.22013062238693237,
                    0.8756344318389893,
                    0.4298917353153229
                ],
                [
                    -0.2641321122646332,
                    -0.3707334101200104,
                    0.8903880715370178
                ]
            ],
            [
                [
                    0.1720115840435028,
                    -0.9830945730209351,
                    -0.06274586170911789
                ],
                [
                    0.9835817217826843,
                    0.16786956787109375,
                    0.06623253971338272
                ],
                [
                    -0.054579731076955795,
                    -0.07310844957828522,
                    0.9958294034004211
                ]
            ],
            [
                [
                    0.9503211379051208,
                    -0.29700082540512085,
                    0.09316747635602951
                ],
                [
                    0.21258573234081268,
                    0.8379114866256714,
                    0.5027042031288147
                ],
                [
                    -0.22736968100070953,
                    -0.45792439579963684,
                    0.8594231605529785
                ]
            ],
            [
                [
                    0.6245560646057129,
                    -0.7804695963859558,
                    -0.028230035677552223
                ],
                [
                    0.758330225944519,
                    0.5974043607711792,
                    0.26085105538368225
                ],
                [
                    -0.1867215633392334,
                    -0.18432380259037018,
                    0.9649661779403687
                ]
            ],
            [
                [
                    0.9806482791900635,
                    -0.1781073808670044,
                    -0.08128144592046738
                ],
                [
                    -0.004775086883455515,
                    0.39328905940055847,
                    -0.9194024801254272
                ],
                [
                    0.19571946561336517,
                    0.9019986391067505,
                    0.38482776284217834
                ]
            ],
            [
                [
                    0.923994243144989,
                    -0.3721294105052948,
                    -0.08805831521749496
                ],
                [
                    0.3631214201450348,
                    0.781613826751709,
                    0.5071713328361511
                ],
                [
                    -0.11990576237440109,
                    -0.5005992650985718,
                    0.8573348522186279
                ]
            ],
            [
                [
                    0.8963680863380432,
                    0.3057521879673004,
                    -0.3209981620311737
                ],
                [
                    -0.39060652256011963,
                    0.8871558904647827,
                    -0.24572525918483734
                ],
                [
                    0.2096443921327591,
                    0.3456442654132843,
                    0.9146470427513123
                ]
            ]
        ],
        "betas": [
            -0.0145912766456604,
            -0.0614219605922699,
            -0.001792222261428833,
            -0.03125104308128357,
            -0.06850787997245789,
            -0.006526324898004532,
            0.03661549091339111,
            -0.05857613682746887,
            0.03241705894470215,
            -0.13157573342323303
        ]
    },
    "pred_cam_t": [
        -0.13374993205070496,
        0.01723431423306465,
        3.2524619102478027
    ],
    "focal_length": [
        5000.0,
        5000.0
    ],
    "pred_keypoints_3d": [
        [
            0.0957726240158081,
            0.0063698263838887215,
            0.00621041702106595
        ],
        [
            0.11077027767896652,
            -0.02808360755443573,
            -0.0024138703010976315
        ],
        [
            0.13334247469902039,
            -0.043880246579647064,
            -0.016157301142811775
        ],
        [
            0.15350297093391418,
            -0.052179254591464996,
            -0.03228427469730377
        ],
        [
            0.1728437840938568,
            -0.06488088518381119,
            -0.060398854315280914
        ],
        [
            0.10725373029708862,
            -0.05056359991431236,
            -0.06341943889856339
        ],
        [
            0.13084033131599426,
            -0.05645384266972542,
            -0.08574735373258591
        ],
        [
            0.15287980437278748,
            -0.05390331149101257,
            -0.0853772908449173
        ],
        [
            0.16922715306282043,
            -0.049045901745557785,
            -0.06802931427955627
        ],
        [
            0.10673968493938446,
            -0.031603287905454636,
            -0.08001301437616348
        ],
        [
            0.13746416568756104,
            -0.031045351177453995,
            -0.08798744529485703
        ],
        [
            0.160233274102211,
            -0.028829466551542282,
            -0.08366475254297256
        ],
        [
            0.17578910291194916,
            -0.02831137552857399,
            -0.06383179128170013
        ],
        [
            0.11040471494197845,
            -0.005159812979400158,
            -0.07796740531921387
        ],
        [
            0.13905993103981018,
            -0.006256687454879284,
            -0.08172331750392914
        ],
        [
            0.16203932464122772,
            -0.006278567481786013,
            -0.07231328636407852
        ],
        [
            0.17313286662101746,
            -0.009773744270205498,
            -0.050128694623708725
        ],
        [
            0.11681897938251495,
            0.01502715889364481,
            -0.07252752035856247
        ],
        [
            0.13788634538650513,
            0.016842512413859367,
            -0.07223007827997208
        ],
        [
            0.15563109517097473,
            0.017852861434221268,
            -0.06563553214073181
        ],
        [
            0.1702646166086197,
            0.013594968244433403,
            -0.052785687148571014
        ]
    ],
    "pred_vertices": [
        [
            0.11605087667703629,
            -0.03025517612695694,
            -0.029695939272642136
        ],
        [
            0.11632698774337769,
            -0.024455705657601357,
            -0.02043020725250244
        ],
        [
            0.12211877107620239,
            -0.030456408858299255,
            -0.023666389286518097
        ],
        [
            0.11989112943410873,
            -0.03789390251040459,
            -0.031717441976070404
        ],
        [
            0.1293482929468155,
            -0.02090052142739296,
            -0.004504308104515076
        ],
        [
            0.12925775349140167,
            -0.026868194341659546,
            0.0061090365052223206
        ],
        [
            0.13881702721118927,
            -0.03508884832262993,
            -0.004086580127477646
        ],
        [
            0.13826288282871246,
            -0.027641385793685913,
            -0.011128842830657959
        ],
        [
            0.12224942445755005,
            -0.04356827586889267,
            -0.03391048684716225
        ],
        [
            0.12740109860897064,
            -0.03516753762960434,
            -0.026471294462680817
        ],
        [
            0.12203345447778702,
            -0.045566778630018234,
            -0.03372003138065338
        ],
        [
            0.10951729118824005,
            -0.053817883133888245,
            -0.040805425494909286
        ],
        [
            0.11474248766899109,
            -0.05029261112213135,
            -0.040660858154296875
        ],
        [
            0.10435888171195984,
            -0.05679693818092346,
            -0.047978390008211136
        ],
        [
            0.10007232427597046,
            -0.05273989588022232,
            -0.035912565886974335
        ],
        [
            0.09548171609640121,
            -0.05418424680829048,
            -0.0509856641292572
        ],
        [
            0.08429329097270966,
            -0.027807321399450302,
            -0.040636416524648666
        ],
        [
            0.08435037732124329,
            -0.014209456741809845,
            -0.0430685430765152
        ],
        [
            0.08628550916910172,
            -0.01984574645757675,
            -0.06048121303319931
        ],
        [
            0.08695657551288605,
            -0.033035069704055786,
            -0.05584660544991493
        ],
        [
            0.09075921028852463,
            0.0006899945437908173,
            -0.05792006105184555
        ],
        [
            0.08851813524961472,
            -0.010888975113630295,
            -0.06011742353439331
        ],
        [
            0.08518265187740326,
            -0.005134135484695435,
            -0.043057236820459366
        ],
        [
            0.08766874670982361,
            0.0047658029943704605,
            -0.041796907782554626
        ],
        [
            0.11355921626091003,
            -0.01462956890463829,
            -0.027821052819490433
        ],
        [
            0.1134142279624939,
            -0.009800277650356293,
            -0.018355216830968857
        ],
        [
            0.11271340399980545,
            -0.015806972980499268,
            -0.018768802285194397
        ],
        [
            0.11356580257415771,
            -0.02031857520341873,
            -0.027636468410491943
        ],
        [
            0.1296074241399765,
            -0.05062742531299591,
            -0.028100576251745224
        ],
        [
            0.11436291038990021,
            -0.05240320414304733,
            -0.02304719015955925
        ],
        [
            0.11647210270166397,
            -0.05010009929537773,
            -0.03020421788096428
        ],
        [
            0.13227522373199463,
            -0.04624956101179123,
            -0.030388470739126205
        ],
        [
            0.11967113614082336,
            0.009598754346370697,
            0.003033749759197235
        ],
        [
            0.11219479143619537,
            0.012920115143060684,
            0.013908535242080688
        ],
        [
            0.11100367456674576,
            0.007331114262342453,
            0.015657655894756317
        ],
        [
            0.1174970343708992,
            0.005407363176345825,
            0.005186848342418671
        ],
        [
            0.11527765542268753,
            -0.013972081243991852,
            0.016777239739894867
        ],
        [
            0.10777631402015686,
            -0.00935356691479683,
            0.02228385955095291
        ],
        [
            0.09825323522090912,
            -0.0156044140458107,
            0.02892965078353882
        ],
        [
            0.10373606532812119,
            -0.02256608009338379,
            0.02291606366634369
        ],
        [
            0.12257321178913116,
            -0.02055690810084343,
            0.011221647262573242
        ],
        [
            0.11438807100057602,
            -0.029003482311964035,
            0.017708592116832733
        ],
        [
            0.12354045361280441,
            -0.03539144992828369,
            0.010959073901176453
        ],
        [
            0.1353190392255783,
            -0.04301624745130539,
            -0.0009400099515914917
        ],
        [
            0.11148452758789062,
            0.025041338056325912,
            0.00967366248369217
        ],
        [
            0.11739613115787506,
            0.024442005902528763,
            0.0012484118342399597
        ],
        [
            0.13805535435676575,
            -0.057797789573669434,
            -0.07466113567352295
        ],
        [
            0.1389586329460144,
            -0.051901914179325104,
            -0.07580473273992538
        ],
        [
            0.13565030694007874,
            -0.05209711194038391,
            -0.07312856614589691
        ],
        [
            0.13522973656654358,
            -0.05788436532020569,
            -0.07284312695264816
        ],
        [
            0.0992710217833519,
            0.03433104604482651,
            -0.0036934316158294678
        ],
        [
            0.08949415385723114,
            0.033257611095905304,
            -0.005912281572818756
        ],
        [
            0.08984977006912231,
            0.03643059730529785,
            0.0006636157631874084
        ],
        [
            0.0987197533249855,
            0.035783879458904266,
            0.003758557140827179
        ],
        [
            0.09995903819799423,
            0.03235361725091934,
            -0.013514429330825806
        ],
        [
            0.08949127793312073,
            0.02838844619691372,
            -0.014807306230068207
        ],
        [
            0.13521169126033783,
            -0.06390170007944107,
            -0.08557704836130142
        ],
        [
            0.1367180347442627,
            -0.06438624858856201,
            -0.08060309290885925
        ],
        [
            0.13166581094264984,
            -0.06445668637752533,
            -0.07994072139263153
        ],
        [
            0.12914490699768066,
            -0.06297961622476578,
            -0.08443447947502136
        ],
        [
            0.11703383922576904,
            -0.04407922178506851,
            -0.03931083530187607
        ],
        [
            0.11672507226467133,
            -0.035085320472717285,
            -0.03804884850978851
        ],
        [
            0.11598988622426987,
            -0.04914253205060959,
            -0.05437937378883362
        ],
        [
            0.11557982861995697,
            -0.042967990040779114,
            -0.0492277517914772
        ],
        [
            0.11400490999221802,
            -0.04916567727923393,
            -0.04643145203590393
        ],
        [
            0.11345016956329346,
            -0.053747329860925674,
            -0.05156327784061432
        ],
        [
            0.1151624545454979,
            -0.01926157996058464,
            -0.049862638115882874
        ],
        [
            0.11392350494861603,
            -0.015375236049294472,
            -0.03899548947811127
        ],
        [
            0.11373711377382278,
            -0.022046368569135666,
            -0.03928030654788017
        ],
        [
            0.11576397716999054,
            -0.02787500061094761,
            -0.050508029758930206
        ],
        [
            0.11742213368415833,
            -0.001687677577137947,
            -0.04012658819556236
        ],
        [
            0.11775743961334229,
            -0.0065659889951348305,
            -0.05075058713555336
        ],
        [
            0.11953046172857285,
            0.0018010400235652924,
            -0.0499260351061821
        ],
        [
            0.12008871883153915,
            0.003704402595758438,
            -0.042479321360588074
        ],
        [
            0.11697675287723541,
            -0.018096480518579483,
            -0.06744063645601273
        ],
        [
            0.11635223776102066,
            -0.020603224635124207,
            -0.07138104736804962
        ],
        [
            0.11889055371284485,
            -0.017314106225967407,
            -0.07150521129369736
        ],
        [
            0.11775469779968262,
            -0.014612182974815369,
            -0.06707197427749634
        ],
        [
            0.08906051516532898,
            0.03920593857765198,
            0.007178246974945068
        ],
        [
            0.09766228497028351,
            0.036391399800777435,
            0.010997302830219269
        ],
        [
            0.09882920980453491,
            0.021287407726049423,
            -0.055056825280189514
        ],
        [
            0.10609911382198334,
            0.0275149866938591,
            -0.04903724417090416
        ],
        [
            0.10975819081068039,
            0.025725454092025757,
            -0.06131396070122719
        ],
        [
            0.09998228400945663,
            0.019573213532567024,
            -0.06596212834119797
        ],
        [
            0.08170250058174133,
            0.02651045471429825,
            -0.007097296416759491
        ],
        [
            0.0811794102191925,
            0.031738728284835815,
            -0.0012705028057098389
        ],
        [
            0.1341882199048996,
            -0.05963682383298874,
            -0.09011256694793701
        ],
        [
            0.12823188304901123,
            -0.058324847370386124,
            -0.08823781460523605
        ],
        [
            0.11088056862354279,
            -0.04116220027208328,
            0.010797567665576935
        ],
        [
            0.12778326869010925,
            -0.049604274332523346,
            -0.0016971975564956665
        ],
        [
            0.09921593964099884,
            -0.031776487827301025,
            0.018277637660503387
        ],
        [
            0.0913635790348053,
            -0.023964043706655502,
            0.022167876362800598
        ],
        [
            0.08641727268695831,
            -0.01821194589138031,
            0.02757933735847473
        ],
        [
            0.11638794094324112,
            -0.038778021931648254,
            -0.05412571132183075
        ],
        [
            0.11464472860097885,
            -0.026416640728712082,
            -0.03530758246779442
        ],
        [
            0.11428577452898026,
            -0.009516425430774689,
            -0.02814524620771408
        ],
        [
            0.12405697256326675,
            0.018963759765028954,
            -0.03485514223575592
        ],
        [
            0.12355320900678635,
            0.02188108116388321,
            -0.0249570831656456
        ],
        [
            0.12348383665084839,
            0.011193489655852318,
            -0.026081770658493042
        ],
        [
            0.12332164496183395,
            0.01089385338127613,
            -0.03466168791055679
        ],
        [
            0.11597803980112076,
            0.02822881005704403,
            -0.0466206856071949
        ],
        [
            0.12186240404844284,
            0.022810757160186768,
            -0.045555971562862396
        ],
        [
            0.12216781079769135,
            0.02065969444811344,
            -0.052788782864809036
        ],
        [
            0.11729515343904495,
            0.025905340909957886,
            -0.05604226514697075
        ],
        [
            0.1306922733783722,
            -0.056110017001628876,
            -0.023014739155769348
        ],
        [
            0.11420989781618118,
            -0.05430745705962181,
            -0.01580040529370308
        ],
        [
            0.10904213786125183,
            0.03162628412246704,
            -0.000459037721157074
        ],
        [
            0.10705727338790894,
            0.031033199280500412,
            0.007133416831493378
        ],
        [
            0.1032242625951767,
            0.032390955835580826,
            0.014676213264465332
        ],
        [
            0.11675193160772324,
            -0.0014495477080345154,
            -0.006990253925323486
        ],
        [
            0.1160506084561348,
            0.002457480877637863,
            0.006719991564750671
        ],
        [
            0.11572015285491943,
            -0.001888670027256012,
            0.007222495973110199
        ],
        [
            0.1147523745894432,
            -0.0046816542744636536,
            -0.007018476724624634
        ],
        [
            0.11852949857711792,
            -0.017102807760238647,
            -0.011005211621522903
        ],
        [
            0.12126436829566956,
            -0.01374269649386406,
            0.0014510080218315125
        ],
        [
            0.12620270252227783,
            -0.021913930773735046,
            -0.016008395701646805
        ],
        [
            0.109018474817276,
            0.00034573301672935486,
            0.01956775039434433
        ],
        [
            0.10757450759410858,
            0.009880684316158295,
            0.025068029761314392
        ],
        [
            0.10506226867437363,
            0.0018249638378620148,
            0.028009667992591858
        ],
        [
            0.10779751092195511,
            0.0191184189170599,
            0.021714940667152405
        ],
        [
            0.10660480707883835,
            0.027177903801202774,
            0.018069975078105927
        ],
        [
            0.07766279578208923,
            0.03667062520980835,
            0.00475272536277771
        ],
        [
            0.10173988342285156,
            -0.005679681897163391,
            0.029500529170036316
        ],
        [
            0.14368602633476257,
            -0.03383900225162506,
            -0.015947334468364716
        ],
        [
            0.14898034930229187,
            -0.039414770901203156,
            -0.020255524665117264
        ],
        [
            0.1445295810699463,
            -0.0373232401907444,
            -0.026071660220623016
        ],
        [
            0.13910776376724243,
            -0.03220047801733017,
            -0.02276415377855301
        ],
        [
            0.1035650297999382,
            -0.0591774620115757,
            -0.05674586445093155
        ],
        [
            0.1099875196814537,
            -0.0579177588224411,
            -0.05308667570352554
        ],
        [
            0.11034631729125977,
            -0.05464974790811539,
            -0.04524019733071327
        ],
        [
            0.12235921621322632,
            0.011229777708649635,
            -0.00819869339466095
        ],
        [
            0.12047719210386276,
            0.023745523765683174,
            -0.009166955947875977
        ],
        [
            0.11692970991134644,
            -0.04490948095917702,
            -0.05902111902832985
        ],
        [
            0.12399675697088242,
            -0.06253235787153244,
            -0.08348286151885986
        ],
        [
            0.12659262120723724,
            -0.06454234570264816,
            -0.07835999131202698
        ],
        [
            0.11228075623512268,
            -0.06244546175003052,
            -0.06716553121805191
        ],
        [
            0.10917438566684723,
            -0.06035866215825081,
            -0.07317476719617844
        ],
        [
            0.11581423878669739,
            -0.04269184544682503,
            -0.06819625943899155
        ],
        [
            0.11795374751091003,
            -0.045296840369701385,
            -0.061798349022865295
        ],
        [
            0.1184997633099556,
            -0.04489624872803688,
            -0.06365930289030075
        ],
        [
            0.11848926544189453,
            -0.041349269449710846,
            -0.06937023997306824
        ],
        [
            0.1194743886590004,
            -0.008477700874209404,
            -0.06881117820739746
        ],
        [
            0.1190347895026207,
            -0.006549346260726452,
            -0.06503932178020477
        ],
        [
            0.0940871462225914,
            -0.03744253143668175,
            -0.06971205025911331
        ],
        [
            0.08969108015298843,
            -0.04933660477399826,
            -0.06470505893230438
        ],
        [
            0.08811578154563904,
            -0.04529743269085884,
            -0.05234919860959053
        ],
        [
            0.1161714643239975,
            -0.011848080903291702,
            -0.04971776157617569
        ],
        [
            0.11731558293104172,
            -0.014624906703829765,
            -0.05948249623179436
        ],
        [
            0.11783608794212341,
            -0.010579208843410015,
            -0.05962725728750229
        ],
        [
            0.11658214032649994,
            -0.03694527596235275,
            -0.058429211378097534
        ],
        [
            0.11657921224832535,
            -0.04069992154836655,
            -0.06353715807199478
        ],
        [
            0.11582525074481964,
            -0.03603693097829819,
            -0.06393636018037796
        ],
        [
            0.11640150099992752,
            -0.03157616779208183,
            -0.05853724852204323
        ],
        [
            0.10296410322189331,
            0.030161915346980095,
            -0.03642839565873146
        ],
        [
            0.11451631784439087,
            0.03119681589305401,
            -0.03426898270845413
        ],
        [
            0.13750196993350983,
            -0.0622083842754364,
            -0.0765199288725853
        ],
        [
            0.1337159425020218,
            -0.0624716654419899,
            -0.075385183095932
        ],
        [
            0.11500798165798187,
            -0.008223436772823334,
            -0.0390465185046196
        ],
        [
            0.08787640184164047,
            -0.03928542509675026,
            -0.03828715533018112
        ],
        [
            0.11547080427408218,
            -0.004133207723498344,
            -0.02848014235496521
        ],
        [
            0.10538165271282196,
            0.0026531731709837914,
            -0.07458800077438354
        ],
        [
            0.11458124965429306,
            0.004541526548564434,
            -0.07289431989192963
        ],
        [
            0.11641285568475723,
            0.002683644648641348,
            -0.0743025466799736
        ],
        [
            0.11201126873493195,
            0.000802584458142519,
            -0.07777249068021774
        ],
        [
            0.1291411966085434,
            -0.0435965359210968,
            -0.07891926169395447
        ],
        [
            0.13209062814712524,
            -0.04628380388021469,
            -0.07453242689371109
        ],
        [
            0.13504162430763245,
            -0.04667184501886368,
            -0.07619700580835342
        ],
        [
            0.13303980231285095,
            -0.04438721761107445,
            -0.0813092589378357
        ],
        [
            0.11773420870304108,
            -0.0498766228556633,
            -0.058043889701366425
        ],
        [
            0.11569438129663467,
            -0.05541430786252022,
            -0.05608683079481125
        ],
        [
            0.11905732750892639,
            -0.055440787225961685,
            -0.05975200608372688
        ],
        [
            0.11965121328830719,
            -0.04959665983915329,
            -0.061494387686252594
        ],
        [
            0.11194517463445663,
            -0.0596044547855854,
            -0.058244187384843826
        ],
        [
            0.11569280177354813,
            -0.06040556728839874,
            -0.062141064554452896
        ],
        [
            0.12566250562667847,
            -0.044921766966581345,
            -0.08418311923742294
        ],
        [
            0.12303190678358078,
            -0.05102398619055748,
            -0.08770005404949188
        ],
        [
            0.10950852930545807,
            -0.0472506508231163,
            -0.07892702519893646
        ],
        [
            0.11536450684070587,
            -0.042437635362148285,
            -0.07632029801607132
        ],
        [
            0.08320403099060059,
            0.008896248415112495,
            -0.027488790452480316
        ],
        [
            0.08754222840070724,
            0.01921279914677143,
            -0.027701016515493393
        ],
        [
            0.09184758365154266,
            0.01550842821598053,
            -0.042111340910196304
        ],
        [
            0.0952281802892685,
            0.012522004544734955,
            -0.05726969987154007
        ],
        [
            0.09944689273834229,
            0.00827995128929615,
            -0.07063645869493484
        ],
        [
            0.0931103453040123,
            -0.0023349160328507423,
            -0.07190307229757309
        ],
        [
            0.09521479904651642,
            0.022961515933275223,
            -0.04051103815436363
        ],
        [
            0.1077929213643074,
            -0.03976103663444519,
            -0.07152042537927628
        ],
        [
            0.10090473294258118,
            -0.04433225840330124,
            -0.07280478626489639
        ],
        [
            0.10189148783683777,
            -0.03943810984492302,
            -0.07281176745891571
        ],
        [
            0.11866499483585358,
            0.0025650151073932648,
            -0.029457077383995056
        ],
        [
            0.1292484700679779,
            -0.063211590051651,
            -0.07390601187944412
        ],
        [
            0.07364428043365479,
            -0.012018062174320221,
            0.010548360645771027
        ],
        [
            0.070790596306324,
            9.43206250667572e-05,
            0.0047525763511657715
        ],
        [
            0.07351098954677582,
            -0.005141623318195343,
            -0.0018027424812316895
        ],
        [
            0.07782048732042313,
            -0.019049201160669327,
            0.004805669188499451
        ],
        [
            0.13316722214221954,
            -0.05240095779299736,
            -0.07118464261293411
        ],
        [
            0.13206630945205688,
            -0.05864187330007553,
            -0.07052025943994522
        ],
        [
            0.12143625319004059,
            -0.0006338329985737801,
            -0.06577294319868088
        ],
        [
            0.12104251235723495,
            -0.002881312742829323,
            -0.069362111389637
        ],
        [
            0.12079961597919464,
            0.0010846108198165894,
            -0.07028456777334213
        ],
        [
            0.12322504073381424,
            0.0035566529259085655,
            -0.06781050562858582
        ],
        [
            0.09015791863203049,
            0.024466149508953094,
            -0.026196643710136414
        ],
        [
            0.11639358848333359,
            0.02417612448334694,
            -0.06619372218847275
        ],
        [
            0.10745162516832352,
            0.018121691420674324,
            -0.07164350897073746
        ],
        [
            0.08358923345804214,
            0.02200603112578392,
            -0.01534697413444519
        ],
        [
            0.07912711054086685,
            0.013265842571854591,
            -0.015236333012580872
        ],
        [
            0.07626228034496307,
            0.01697501912713051,
            -0.006623886525630951
        ],
        [
            0.09586454182863235,
            -0.01700187474489212,
            -0.07468046993017197
        ],
        [
            0.08138620853424072,
            0.0004931949079036713,
            -0.028901856392621994
        ],
        [
            0.07777821272611618,
            0.005712060257792473,
            -0.015658840537071228
        ],
        [
            0.07427798211574554,
            0.009795989841222763,
            -0.0054098814725875854
        ],
        [
            0.07129533588886261,
            0.013455728068947792,
            0.0014907792210578918
        ],
        [
            0.07391323894262314,
            0.020923037081956863,
            -0.0004961267113685608
        ],
        [
            0.12304769456386566,
            -0.0571049340069294,
            -0.08662328124046326
        ],
        [
            0.1288062185049057,
            -0.05159585177898407,
            -0.09022785723209381
        ],
        [
            0.0698070228099823,
            0.025952007621526718,
            0.005881257355213165
        ],
        [
            0.0676422119140625,
            0.017196835950016975,
            0.008098207414150238
        ],
        [
            0.07682085782289505,
            -0.0034342333674430847,
            -0.014906883239746094
        ],
        [
            0.07731872797012329,
            -0.015181884169578552,
            -0.013251073658466339
        ],
        [
            0.08059168606996536,
            -0.008163884282112122,
            -0.027663253247737885
        ],
        [
            0.0810374766588211,
            -0.01995122991502285,
            -0.027160730212926865
        ],
        [
            0.08808334171772003,
            -0.025496572256088257,
            -0.07353724539279938
        ],
        [
            0.1478743702173233,
            -0.0494871512055397,
            -0.09215512126684189
        ],
        [
            0.1368064433336258,
            -0.04779724031686783,
            -0.09042627364397049
        ],
        [
            0.13762623071670532,
            -0.045527610927820206,
            -0.08509254455566406
        ],
        [
            0.1475835144519806,
            -0.046446915715932846,
            -0.08917585015296936
        ],
        [
            0.1307498812675476,
            -0.0458700992166996,
            -0.08653406798839569
        ],
        [
            0.13501271605491638,
            -0.052921753376722336,
            -0.09218958020210266
        ],
        [
            0.08608071506023407,
            -0.034400809556245804,
            -0.023269351571798325
        ],
        [
            0.11504919081926346,
            -0.03879811242222786,
            -0.06825163215398788
        ],
        [
            0.08525429666042328,
            -0.031491462141275406,
            -0.006308060139417648
        ],
        [
            0.09650485217571259,
            -0.04928167164325714,
            -0.02351875975728035
        ],
        [
            0.09845847636461258,
            -0.04698273539543152,
            -0.01038549467921257
        ],
        [
            0.08593439310789108,
            -0.02919413149356842,
            0.01179252564907074
        ],
        [
            0.097671277821064,
            -0.04196791350841522,
            0.005460768938064575
        ],
        [
            0.0771881565451622,
            -0.015230540186166763,
            0.02224040776491165
        ],
        [
            0.0805848017334938,
            -0.02106824889779091,
