{
    "pred_cam": [
        6.15391731262207,
        -0.08762723952531815,
        -0.013611648231744766
    ],
    "pred_mano_params": {
        "global_orient": [
            [
                [
                    0.3647788166999817,
                    0.48153313994407654,
                    -0.7969079613685608
                ],
                [
                    -0.2844891846179962,
                    -0.7573121190071106,
                    -0.587830126285553
                ],
                [
                    -0.8865677118301392,
                    0.44113969802856445,
                    -0.1392604559659958
                ]
            ]
        ],
        "hand_pose": [
            [
                [
                    0.9905838370323181,
                    0.11270473897457123,
                    -0.07772540301084518
                ],
                [
                    -0.11034677922725677,
                    0.9933112263679504,
                    0.03400612622499466
                ],
                [
                    0.08103816211223602,
                    -0.025109171867370605,
                    0.9963946342468262
                ]
            ],
            [
                [
                    0.9998634457588196,
                    0.0022759572602808475,
                    0.016368404030799866
                ],
                [
                    0.0015039652353152633,
                    0.9738291501998901,
                    -0.22727636992931366
                ],
                [
                    -0.016457298770546913,
                    0.2272699475288391,
                    0.973692774772644
                ]
            ],
            [
                [
                    0.9956161379814148,
                    -0.027382802218198776,
                    0.08943576365709305
                ],
                [
                    0.020587142556905746,
                    0.9968920946121216,
                    0.07604134827852249
                ],
                [
                    -0.0912400409579277,
                    -0.07386676222085953,
                    0.9930855631828308
                ]
            ],
            [
                [
                    0.9966025948524475,
                    0.003423902904614806,
                    0.08229006081819534
                ],
                [
                    0.008092589676380157,
                    0.9902298450469971,
                    -0.13920950889587402
                ],
                [
                    -0.0819627195596695,
                    0.13940247893333435,
                    0.9868379235267639
                ]
            ],
            [
                [
                    0.9989632368087769,
                    0.03159850835800171,
                    -0.03277386352419853
                ],
                [
                    -0.020337730646133423,
                    0.953815758228302,
                    0.2997030019760132
                ],
                [
                    0.04073036462068558,
                    -0.2987256944179535,
                    0.9534695148468018
                ]
            ],
            [
                [
                    0.997088611125946,
                    -0.035116471350193024,
                    0.06768438220024109
                ],
                [
                    0.03987026587128639,
                    0.9967348575592041,
                    -0.07021380215883255
                ],
                [
                    -0.06499772518873215,
                    0.07270797342061996,
                    0.9952330589294434
                ]
            ],
            [
                [
                    0.8647316098213196,
                    -0.34925273060798645,
                    0.36091792583465576
                ],
                [
                    0.34554558992385864,
                    0.9352291822433472,
                    0.07710103690624237
                ],
                [
                    -0.3644687235355377,
                    0.05804188922047615,
                    0.9294049739837646
                ]
            ],
            [
                [
                    0.9933388829231262,
                    -0.06904236227273941,
                    -0.09225494414567947
                ],
                [
                    0.07617522031068802,
                    0.9941806197166443,
                    0.07617177814245224
                ],
                [
                    0.08645900338888168,
                    -0.08269193023443222,
                    0.9928175806999207
                ]
            ],
            [
                [
                    0.9606595039367676,
                    0.12603187561035156,
                    0.24748609960079193
                ],
                [
                    -0.15740203857421875,
                    0.9812441468238831,
                    0.11128561198711395
                ],
                [
                    -0.22881874442100525,
                    -0.1458623707294464,
                    0.9624791741371155
                ]
            ],
            [
                [
                    0.9754847884178162,
                    -0.1073996052145958,
                    0.19208016991615295
                ],
                [
                    0.14373937249183655,
                    0.9718688130378723,
                    -0.18657438457012177
                ],
                [
                    -0.16663870215415955,
                    0.2096099555492401,
                    0.9634807705879211
                ]
            ],
            [
                [
                    0.9958243370056152,
                    0.08693526685237885,
                    -0.027859218418598175
                ],
                [
                    -0.06963853538036346,
                    0.9207300543785095,
                    0.383935809135437
                ],
                [
                    0.05902837589383125,
                    -0.38039255142211914,
                    0.9229394197463989
                ]
            ],
            [
                [
                    0.9719583988189697,
                    -0.12044598907232285,
                    0.20196448266506195
                ],
                [
                    0.10934600979089737,
                    0.9918574094772339,
                    0.06528618186712265
                ],
                [
                    -0.2081834375858307,
                    -0.04137144610285759,
                    0.9772144556045532
                ]
            ],
            [
                [
                    0.9623981714248657,
                    -0.017717771232128143,
                    0.2710643410682678
                ],
                [
                    0.22765947878360748,
                    0.596987783908844,
                    -0.7692703008651733
                ],
                [
                    -0.14819233119487762,
                    0.8020546436309814,
                    0.5785735845565796
                ]
            ],
            [
                [
                    0.9126930236816406,
                    -0.39849019050598145,
                    0.09053748100996017
                ],
                [
                    0.28985223174095154,
                    0.7874595522880554,
                    0.5439605712890625
                ],
                [
                    -0.2880575656890869,
                    -0.470226526260376,
                    0.8342121243476868
                ]
            ],
            [
                [
                    0.995835542678833,
                    0.037061452865600586,
                    -0.08329437673091888
                ],
                [
                    -0.04966096952557564,
                    0.9867135882377625,
                    -0.15469376742839813
                ],
                [
                    0.07645450532436371,
                    0.15818604826927185,
                    0.9844449758529663
                ]
            ]
        ],
        "betas": [
            0.09200553596019745,
            -0.1260683536529541,
            0.07183977961540222,
            0.0911988914012909,
            -0.11875259876251221,
            -0.12818658351898193,
            -0.01351127028465271,
            -0.04748961329460144,
            -0.03969460725784302,
            -0.07328787446022034
        ]
    },
    "pred_cam_t": [
        -0.08762723952531815,
        -0.013611648231744766,
        6.347582817077637
    ],
    "focal_length": [
        5000.0,
        5000.0
    ],
    "pred_keypoints_3d": [
        [
            0.09519916772842407,
            0.006344888359308243,
            0.0061605824157595634
        ],
        [
            0.058522917330265045,
            0.009821462444961071,
            0.016900599002838135
        ],
        [
            0.029576964676380157,
            0.019971836358308792,
            0.015775170177221298
        ],
        [
            0.0054581500589847565,
            0.0319335050880909,
            0.01369926892220974
        ],
        [
            -0.027495786547660828,
            0.04483158513903618,
            0.010970274917781353
        ],
        [
            0.04450880363583565,
            0.023227190598845482,
            0.0786651223897934
        ],
        [
            0.0369718074798584,
            0.0267702117562294,
            0.1103653758764267
        ],
        [
            0.030912213027477264,
            0.03312932699918747,
            0.1306014060974121
        ],
        [
            0.02306555211544037,
            0.03781347721815109,
            0.15400028228759766
        ],
        [
            0.06286211311817169,
            0.03634300082921982,
            0.08946177363395691
        ],
        [
            0.05463451147079468,
            0.04496181011199951,
            0.11866085231304169
        ],
        [
            0.04762158915400505,
            0.054106056690216064,
            0.13874314725399017
        ],
        [
            0.0408475287258625,
            0.05988430604338646,
            0.16325320303440094
        ],
        [
            0.08479878306388855,
            0.04819780960679054,
            0.08026186376810074
        ],
        [
            0.07353368401527405,
            0.05696648359298706,
            0.10514425486326218
        ],
        [
            0.06589055806398392,
            0.06966468691825867,
            0.12487156689167023
        ],
        [
            0.055385954678058624,
            0.07745210081338882,
            0.1465684324502945
        ],
        [
            0.09977225959300995,
            0.05863627791404724,
            0.06857872009277344
        ],
        [
            0.09377922117710114,
            0.07229860126972198,
            0.08338961750268936
        ],
        [
            0.08823715150356293,
            0.08642154186964035,
            0.0945843756198883
        ],
        [
            0.07875160127878189,
            0.09659873694181442,
            0.1093955710530281
        ]
    ],
    "pred_vertices": [
        [
            0.054298385977745056,
            0.02471352554857731,
            0.03978702053427696
        ],
        [
            0.0570732057094574,
            0.023985043168067932,
            0.03016722947359085
        ],
        [
            0.046551115810871124,
            0.02662423811852932,
            0.0302463136613369
        ],
        [
            0.04413433000445366,
            0.025532428175210953,
            0.04099399223923683
        ],
        [
            0.05396665260195732,
            0.02609938010573387,
            0.00805184617638588
        ],
        [
            0.051372744143009186,
            0.01800064742565155,
            -0.0002635195851325989
        ],
        [
            0.037545137107372284,
            0.023758769035339355,
            0.002911459654569626
        ],
        [
            0.041402485221624374,
            0.030871141701936722,
            0.00847720354795456
        ],
        [
            0.035727545619010925,
            0.025244347751140594,
            0.041654765605926514
        ],
        [
            0.0382242351770401,
            0.028956959024071693,
            0.030032191425561905
        ],
        [
            0.03101305663585663,
            0.022663146257400513,
            0.0396810919046402
        ],
        [
            0.034859269857406616,
            0.013831133022904396,
            0.05498906597495079
        ],
        [
            0.036474741995334625,
            0.019879112020134926,
            0.053341299295425415
        ],
        [
            0.037143778055906296,
            0.012133198790252209,
            0.06490980833768845
        ],
        [
            0.040483228862285614,
            0.004423275589942932,
            0.05354496091604233
        ],
        [
            0.04473899304866791,
            0.007236316800117493,
            0.06832108646631241
        ],
        [
            0.07301471382379532,
            0.0034383703023195267,
            0.05914423614740372
        ],
        [
            0.08532264828681946,
            0.009378829970955849,
            0.05810856819152832
        ],
        [
            0.08029282093048096,
            0.016033118590712547,
            0.07161705195903778
        ],
        [
            0.06814780831336975,
            0.009988388046622276,
            0.07107044756412506
        ],
        [
            0.0961250439286232,
            0.025779971852898598,
            0.06345890462398529
        ],
        [
            0.08742233365774155,
            0.02067885920405388,
            0.06898843497037888
        ],
        [
            0.0929945632815361,
            0.013217443600296974,
            0.055685944855213165
        ],
        [
            0.10054961591959,
            0.018339363858103752,
            0.05124805495142937
        ],
        [
            0.07095007598400116,
            0.027315715327858925,
            0.035765327513217926
        ],
        [
            0.07454156130552292,
            0.025455843657255173,
            0.026544664055109024
        ],
        [
            0.06858572363853455,
            0.023552797734737396,
            0.02882251888513565
        ],
        [
            0.0653919130563736,
            0.02540464885532856,
            0.03693510591983795
        ],
        [
            0.021635709330439568,
            0.019109172746539116,
            0.02775430865585804
        ],
        [
            0.031377822160720825,
            0.007789710536599159,
            0.03411618247628212
        ],
        [
            0.030661404132843018,
            0.01417442224919796,
            0.0391860157251358
        ],
        [
            0.02244165539741516,
            0.02472781576216221,
            0.02802007645368576
        ],
        [
            0.08804182708263397,
            0.028547167778015137,
            0.0003229901194572449
        ],
        [
            0.0933590680360794,
            0.019246455281972885,
            -0.007895790040493011
        ],
        [
            0.08882080018520355,
            0.015543036162853241,
            -0.00765710324048996
        ],
        [
            0.0851990208029747,
            0.024539532139897346,
            0.000347919762134552
        ],
        [
            0.06907133758068085,
            0.009821653366088867,
            -0.0045466348528862
        ],
        [
            0.07572108507156372,
            0.003700949251651764,
            -0.008212819695472717
        ],
        [
            0.07372918725013733,
            -0.009646046906709671,
            -0.009995870292186737
        ],
        [
            0.06643925607204437,
            -0.006180021911859512,
            -0.004735678434371948
        ],
        [
            0.060360658913850784,
            0.01449350081384182,
            -0.0016196444630622864
        ],
        [
            0.05735227093100548,
            0.0011660698801279068,
            -0.00296049565076828
        ],
        [
            0.04854810610413551,
            0.006960973143577576,
            -0.0010344088077545166
        ],
        [
            0.034775663167238235,
            0.014934519305825233,
            0.0022759027779102325
        ],
        [
            0.10477515310049057,
            0.024851126596331596,
            -0.006686277687549591
        ],
        [
            0.10235108435153961,
            0.03276794031262398,
            -0.0008862093091011047
        ],
        [
            0.02703876979649067,
            0.031711433082818985,
            0.11192382872104645
        ],
        [
            0.03086725063621998,
            0.035831477493047714,
            0.11312880367040634
        ],
        [
            0.03172680735588074,
            0.03493814170360565,
            0.10731057077646255
        ],
        [
            0.027918603271245956,
            0.030857032164931297,
            0.1073233038187027
        ],
        [
            0.11922691762447357,
            0.0234646275639534,
            0.007246784865856171
        ],
        [
            0.12278389185667038,
            0.015866510570049286,
            0.012837111949920654
        ],
        [
            0.12501078844070435,
            0.01477157324552536,
            0.006043434143066406
        ],
        [
            0.1202947124838829,
            0.020607158541679382,
            0.0004040151834487915
        ],
        [
            0.1175820529460907,
            0.027260350063443184,
            0.016258805990219116
        ],
        [
            0.1189226508140564,
            0.01761811226606369,
            0.02195318043231964
        ],
        [
            0.031534966081380844,
            0.02077890746295452,
            0.11556972563266754
        ],
        [
            0.02745642513036728,
            0.023312048986554146,
            0.1140899509191513
        ],
        [
            0.029229024425148964,
            0.021469563245773315,
            0.10980899631977081
        ],
        [
            0.033966898918151855,
            0.019384749233722687,
            0.11087508499622345
        ],
        [
            0.04232501983642578,
            0.024033378809690475,
            0.051021184772253036
        ],
        [
            0.05129717290401459,
            0.026773495599627495,
            0.04838240146636963
        ],
        [
            0.03912964090704918,
            0.028851598501205444,
            0.07097917795181274
        ],
        [
            0.04572857543826103,
            0.028034329414367676,
            0.06125716120004654
        ],
        [
            0.03992488980293274,
            0.023332711309194565,
            0.060523852705955505
        ],
        [
            0.03611765056848526,
            0.02311924286186695,
            0.06918906420469284
        ],
        [
            0.0675850361585617,
            0.036315903067588806,
            0.05634942278265953
        ],
        [
            0.07094848155975342,
            0.03202265128493309,
            0.04591234028339386
        ],
        [
            0.06504195928573608,
            0.029537012800574303,
            0.04776790365576744
        ],
        [
            0.05969829857349396,
            0.03392548859119415,
            0.05881695821881294
        ],
        [
            0.0816681906580925,
            0.04057818278670311,
            0.042771123349666595
        ],
        [
            0.0776800885796547,
            0.0438460111618042,
            0.05351110175251961
        ],
        [
            0.08423325419425964,
            0.04838370904326439,
            0.05055893957614899
        ],
        [
            0.08549854159355164,
            0.04587627947330475,
            0.04293333366513252
        ],
        [
            0.06906027346849442,
            0.04749545454978943,
            0.07317353785037994
        ],
        [
            0.06775330752134323,
            0.04806132614612579,
            0.08228946477174759
        ],
        [
            0.07052502036094666,
            0.049344077706336975,
            0.08097385615110397
        ],
        [
            0.07246263325214386,
            0.048760101199150085,
            0.07227709144353867
        ],
        [
            0.1273665726184845,
            0.012567557394504547,
            -0.00019273161888122559
        ],
        [
            0.120756596326828,
            0.017061058431863785,
            -0.00584760308265686
        ],
        [
            0.110096774995327,
            0.038711123168468475,
            0.054440561681985855
        ],
        [
            0.11246970295906067,
            0.04560587927699089,
            0.04618760570883751
        ],
        [
            0.11104639619588852,
            0.05256398767232895,
            0.056830961257219315
        ],
        [
            0.10885387659072876,
            0.04332790896296501,
            0.06259136646986008
        ],
        [
            0.12027502059936523,
            0.007337145507335663,
            0.01816082000732422
        ],
        [
            0.12479203939437866,
            0.00656399130821228,
            0.011858530342578888
        ],
        [
            0.03729338198900223,
            0.021495796740055084,
            0.1174083799123764
        ],
        [
            0.03957045078277588,
            0.02073054015636444,
            0.1123083084821701
        ],
        [
            0.04955030232667923,
            -0.004869705066084862,
            0.005718749016523361
        ],
        [
            0.03303596004843712,
            0.006619386374950409,
            0.007514040917158127
        ],
        [
            0.06199187785387039,
            -0.011850129812955856,
            0.0028622671961784363
        ],
        [
            0.0708826556801796,
            -0.01599513180553913,
            0.0004410594701766968
        ],
        [
            0.07677411288022995,
            -0.019719980657100677,
            -0.0042946115136146545
        ],
        [
            0.04924790933728218,
            0.032890040427446365,
            0.06515854597091675
        ],
        [
            0.06016727164387703,
            0.027083810418844223,
            0.044777512550354004
        ],
        [
            0.07538322359323502,
            0.029847171157598495,
            0.03463752940297127
        ],
        [
            0.09681437909603119,
            0.051482491195201874,
            0.03096790611743927
        ],
        [
            0.09907419979572296,
            0.04778224229812622,
            0.021231025457382202
        ],
        [
            0.08978977799415588,
            0.04422991722822189,
            0.024964526295661926
        ],
        [
            0.09010007977485657,
            0.047775737941265106,
            0.03305388242006302
        ],
        [
            0.10879026353359222,
            0.05330247804522514,
            0.04152128845453262
        ],
        [
            0.1014011800289154,
            0.056066058576107025,
            0.04080897197127342
        ],
        [
            0.09993930906057358,
            0.05961262434720993,
            0.049563631415367126
        ],
        [
            0.10710529237985611,
            0.058047324419021606,
            0.051221683621406555
        ],
        [
            0.019235583022236824,
            0.013610994443297386,
            0.02287743240594864
        ],
        [
            0.031718600541353226,
            0.0029742252081632614,
            0.027861516922712326
        ],
        [
            0.11237303167581558,
            0.029212988913059235,
            0.0016954317688941956
        ],
        [
            0.11216393113136292,
            0.024356437847018242,
            -0.004310049116611481
        ],
        [
            0.11454130709171295,
            0.01871619001030922,
            -0.01010354608297348
        ],
        [
            0.08018436282873154,
            0.026661120355129242,
            0.01346065104007721
        ],
        [
            0.08321936428546906,
            0.021828563883900642,
            0.0004034861922264099
        ],
        [
            0.07957109808921814,
            0.019983883947134018,
            0.0014871731400489807
        ],
        [
            0.07794192433357239,
            0.024427903816103935,
            0.015404820442199707
        ],
        [
            0.06204816699028015,
            0.02492738515138626,
            0.019737232476472855
        ],
        [
            0.06577926874160767,
            0.022157203406095505,
            0.007300138473510742
        ],
        [
            0.05147309601306915,
            0.029401253908872604,
            0.019411373883485794
        ],
        [
            0.08341170102357864,
            0.009789761155843735,
            -0.008731178939342499
        ],
        [
            0.09182535111904144,
            0.009908830747008324,
            -0.015745125710964203
        ],
        [
            0.0855889618396759,
            0.0036197099834680557,
            -0.01568424701690674
        ],
        [
            0.1002226322889328,
            0.014838432893157005,
            -0.014953546226024628
        ],
        [
            0.10821180045604706,
            0.018260518088936806,
            -0.01310013234615326
        ],
        [
            0.13027076423168182,
            0.003119390457868576,
            0.00649455189704895
        ],
        [
            0.08035770058631897,
            -0.002717789262533188,
            -0.014124460518360138
        ],
        [
            0.031680554151535034,
            0.03242422267794609,
            0.009195417165756226
        ],
        [
            0.02287835255265236,
            0.033067334443330765,
            0.00851517915725708
        ],
        [
            0.02385972999036312,
            0.034685537219047546,
            0.015980791300535202
        ],
        [
            0.03260323032736778,
            0.03401260823011398,
            0.017500951886177063
        ],
        [
            0.03808440640568733,
            0.01187834795564413,
            0.07545716315507889
        ],
        [
            0.03477425128221512,
            0.017656102776527405,
            0.07213690876960754
        ],
        [
            0.03586236760020256,
            0.01714909076690674,
            0.06094767153263092
        ],
        [
            0.08912768959999084,
            0.03583180904388428,
            0.009138859808444977
        ],
        [
            0.10115690529346466,
            0.039262618869543076,
            0.007639482617378235
        ],
        [
            0.04275812208652496,
            0.03276268392801285,
            0.0754920095205307
        ],
        [
            0.036775853484869,
            0.017352081835269928,
            0.10770342499017715
        ],
        [
            0.03157724812626839,
            0.01918819546699524,
            0.10599420219659805
        ],
        [
            0.03667651489377022,
            0.014568550512194633,
            0.09090833365917206
        ],
        [
            0.04216260835528374,
            0.012852531857788563,
            0.09406965970993042
        ],
        [
            0.04672900587320328,
            0.03260529413819313,
            0.0868600532412529
        ],
        [
            0.04198845103383064,
            0.03240841254591942,
            0.08242126554250717
        ],
        [
            0.04223492741584778,
            0.03194201737642288,
            0.08649738878011703
        ],
        [
            0.04633188620209694,
            0.03323645517230034,
            0.09114938974380493
        ],
        [
            0.07777571678161621,
            0.05331689491868019,
            0.07657492905855179
        ],
        [
            0.07944633811712265,
            0.05276632308959961,
            0.06903017312288284
        ],
        [
            0.06279252469539642,
            0.019273146986961365,
            0.08215261995792389
        ],
        [
            0.0543745793402195,
            0.009301949292421341,
            0.07924678921699524
        ],
        [
            0.056584760546684265,
            0.0058059897273778915,
            0.07002027332782745
        ],
        [
            0.0736769586801529,
            0.039972539991140366,
            0.054183054715394974
        ],
        [
            0.07130778580904007,
            0.044517021626234055,
            0.06366180628538132
        ],
        [
            0.0748310536146164,
            0.0466688871383667,
            0.06303416192531586
        ],
        [
            0.05115401744842529,
            0.03532034158706665,
            0.06916578859090805
        ],
        [
            0.047571636736392975,
            0.035701386630535126,
            0.07785896211862564
        ],
        [
            0.0531279556453228,
            0.03744639456272125,
            0.07467056065797806
        ],
        [
            0.056616783142089844,
            0.03665073588490486,
            0.0672815591096878
        ],
        [
            0.115403912961483,
            0.03847966343164444,
            0.03567301109433174
        ],
        [
            0.1114157885313034,
            0.047702863812446594,
            0.03007253259420395
        ],
        [
            0.02578768879175186,
            0.027259692549705505,
            0.1125221699476242
        ],
        [
            0.027125442400574684,
            0.025815103203058243,
            0.10812640190124512
        ],
        [
            0.07685356587171555,
            0.03565419465303421,
            0.044020555913448334
        ],
        [
            0.060605600476264954,
            0.001264173537492752,
            0.05808507651090622
        ],
        [
            0.07974198460578918,
            0.03292039781808853,
            0.03333955630660057
        ],
        [
            0.09518738090991974,
            0.04346706345677376,
            0.07594835758209229
        ],
        [
            0.09419355541467667,
            0.050388727337121964,
            0.07478614896535873
        ],
        [
            0.090578094124794,
            0.051447827368974686,
            0.08051980286836624
        ],
        [
            0.09199097007513046,
            0.04623272269964218,
            0.08330700546503067
        ],
        [
            0.0438644140958786,
            0.035315416753292084,
            0.1056048721075058
        ],
        [
            0.038482967764139175,
            0.03651360049843788,
            0.10427169501781464
        ],
        [
            0.037266843020915985,
            0.037420615553855896,
            0.1086982861161232
        ],
        [
            0.04244092106819153,
            0.035931479185819626,
            0.11031129211187363
        ],
        [
            0.03787318244576454,
            0.02896185591816902,
            0.08002638071775436
        ],
        [
            0.03469016030430794,
            0.02351425029337406,
            0.0782681480050087
        ],
        [
            0.03412611410021782,
            0.024929342791438103,
            0.08556871116161346
        ],
        [
            0.03794188052415848,
            0.029262199997901917,
            0.08611111342906952
        ],
        [
            0.03476152569055557,
            0.017548194155097008,
            0.08133384585380554
        ],
        [
            0.03381135314702988,
            0.01898576132953167,
            0.08754698932170868
        ],
        [
            0.04743526130914688,
            0.03020668588578701,
            0.10726805031299591
        ],
        [
            0.047101542353630066,
            0.022777613252401352,
            0.10850074142217636
        ],
        [
            0.05211815610527992,
            0.02079954743385315,
            0.096534863114357
        ],
        [
            0.04995410889387131,
            0.028560834005475044,
            0.09593691676855087
        ],
        [
            0.10520870983600616,
            0.010383296757936478,
            0.039681706577539444
        ],
        [
            0.11244036257266998,
            0.0178939588367939,
            0.035974591970443726
        ],
        [
            0.10807213187217712,
            0.025922639295458794,
            0.04750000312924385
        ],
        [
            0.10473787784576416,
            0.033391691744327545,
            0.05897752568125725
        ],
        [
            0.10014420747756958,
            0.040691617876291275,
            0.06941409409046173
        ],
        [
            0.0936199501156807,
            0.0318383127450943,
            0.073851078748703
        ],
        [
            0.11293265968561172,
            0.030807970091700554,
            0.04340766370296478
        ],
        [
            0.055604077875614166,
            0.029059935361146927,
            0.08696259558200836
        ],
        [
            0.055523041635751724,
            0.0198332741856575,
            0.08666833490133286
        ],
        [
            0.059845227748155594,
            0.023680735379457474,
            0.08606410771608353
        ],
        [
            0.08437971770763397,
            0.03845984488725662,
            0.031649939715862274
        ],
        [
            0.028988737612962723,
            0.023047924041748047,
            0.10408301651477814
        ],
        [
            0.08848240226507187,
            -0.02068934217095375,
            0.01387084275484085
        ],
        [
            0.10062037408351898,
            -0.016224637627601624,
            0.017274096608161926
        ],
        [
            0.09524556994438171,
            -0.0132317915558815,
            0.02348668873310089
        ],
        [
            0.08122482895851135,
            -0.017594579607248306,
            0.0193757563829422
        ],
        [
            0.03247806802392006,
            0.03385672718286514,
            0.10264848172664642
        ],
        [
            0.028692102059721947,
            0.02899579331278801,
            0.10262041538953781
        ],
        [
            0.08474279195070267,
            0.05668775364756584,
            0.06952337920665741
        ],
        [
            0.08277822285890579,
            0.055964887142181396,
            0.07659366726875305
        ],
        [
            0.08576197177171707,
            0.05622081458568573,
            0.07907028496265411
        ],
        [
            0.08884719759225845,
            0.059634383767843246,
            0.07255737483501434
        ],
        [
            0.11573642492294312,
            0.021329980343580246,
            0.03255114704370499
        ],
        [
            0.10939466208219528,
            0.05694860965013504,
            0.06360838562250137
        ],
        [
            0.10799307376146317,
            0.04874878004193306,
            0.06834208965301514
        ],
        [
            0.11598803848028183,
            0.010550595819950104,
            0.025913789868354797
        ],
        [
            0.11014492809772491,
            0.0035874508321285248,
            0.029384639114141464
        ],
        [
            0.11415710300207138,
            -0.0009237192571163177,
            0.021866358816623688
        ],
        [
            0.08088222146034241,
            0.028804875910282135,
            0.081851065158844
        ],
        [
            0.09865817427635193,
            0.006383515894412994,
            0.043535880744457245
        ],
        [
            0.1040097028017044,
            -0.0001015588641166687,
            0.03195144981145859
        ],
        [
            0.1085144430398941,
            -0.005683489143848419,
            0.023073561489582062
        ],
        [
            0.11259255558252335,
            -0.009638499468564987,
            0.017057746648788452
        ],
        [
            0.11825419962406158,
            -0.0038517117500305176,
            0.016200751066207886
        ],
        [
            0.04263367876410484,
            0.019317876547574997,
            0.10863945633172989
        ],
        [
            0.04468376934528351,
            0.024531928822398186,
            0.11312458664178848
        ],
        [
            0.1240309476852417,
            -0.007926858961582184,
            0.010675080120563507
        ],
        [
            0.11700405925512314,
            -0.013915818184614182,
            0.011474989354610443
        ],
        [
            0.096151202917099,
            -0.004507903009653091,
            0.03370515629649162
        ],
        [
            0.08558794856071472,
            -0.009068094193935394,
            0.03484545275568962
        ],
        [
            0.09124484658241272,
            0.0020961910486221313,
            0.044790271669626236
        ],
        [
            0.0805448591709137,
            -0.0019733458757400513,
            0.04695311561226845
        ],
        [
            0.07577533274888992,
            0.020120907574892044,
            0.08109672367572784
        ],
        [
            0.03993219509720802,
            0.03153926134109497,
            0.12862861156463623
        ],
        [
            0.04354768618941307,
            0.031037621200084686,
            0.11832907795906067
        ],
        [
            0.041188374161720276,
            0.035925254225730896,
            0.11663005501031876
        ],
        [
            0.039323240518569946,
            0.03558067977428436,
            0.12790758907794952
        ],
        [
            0.04543676972389221,
            0.031117916107177734,
            0.11190629750490189
        ],
        [
            0.042351044714450836,
            0.025363052263855934,
            0.11822875589132309
        ],
        [
            0.06511015444993973,
            -0.004873165860772133,
            0.04480258375406265
        ],
        [
            0.05184701830148697,
            0.03701185807585716,
            0.08285658806562424
        ],
        [
            0.06792929768562317,
            -0.01182456687092781,
            0.029502693563699722
        ],
        [
            0.04557846486568451,
            -0.002941673621535301,
            0.04333583638072014
        ],
        [
            0.047627516090869904,
            -0.00657588429749012,
            0.030423641204833984
        ],
        [
            0.06970809400081635,
            -0.018289225175976753,
            0.012883692979812622
        ],
        [
            0.05403738096356392,
            -0.012411326169967651,
            0.016118932515382767
        ],
        [
            0.08343426138162613,
            -0.0238200593739748,
            0.0028703734278678894
        ],
        [
            0.07787345349788666,
            -0.020887041464447975,
            0.008912593126296997
        ],
        [
            0.03877635672688484,
            -0.0031113121658563614,
            0.01700780540704727
        ],
        [
            0.02646208181977272,
            0.03531189635396004,
            0.12278064340353012
        ],
        [
