{
    "pred_cam": [
        5.498312950134277,
        0.1686723679304123,
        0.006047539412975311
    ],
    "pred_mano_params": {
        "global_orient": [
            [
                [
                    -0.8389903903007507,
                    -0.519941508769989,
                    -0.1604866236448288
                ],
                [
                    0.31421148777008057,
                    -0.22212302684783936,
                    -0.923001766204834
                ],
                [
                    0.44425904750823975,
                    -0.8248164057731628,
                    0.3497306704521179
                ]
            ]
        ],
        "hand_pose": [
            [
                [
                    0.7622184157371521,
                    -0.5724900960922241,
                    -0.3021228611469269
                ],
                [
                    0.5849025845527649,
                    0.8090659379959106,
                    -0.0574561282992363
                ],
                [
                    0.2773304283618927,
                    -0.1329183280467987,
                    0.9515358805656433
                ]
            ],
            [
                [
                    0.9973773956298828,
                    0.07203326374292374,
                    0.0070451488718390465
                ],
                [
                    -0.0686986893415451,
                    0.9728305339813232,
                    -0.22109098732471466
                ],
                [
                    -0.022779636085033417,
                    0.2200271487236023,
                    0.9752277731895447
                ]
            ],
            [
                [
                    0.9790361523628235,
                    -0.19287601113319397,
                    0.065475232899189
                ],
                [
                    0.1967833787202835,
                    0.9786328077316284,
                    -0.05961530655622482
                ],
                [
                    -0.05257786065340042,
                    0.07124999165534973,
                    0.9960716962814331
                ]
            ],
            [
                [
                    0.9382818341255188,
                    -0.3201943039894104,
                    -0.13077758252620697
                ],
                [
                    0.30657926201820374,
                    0.9449828267097473,
                    -0.11408989131450653
                ],
                [
                    0.16011352837085724,
                    0.06695477664470673,
                    0.9848251342773438
                ]
            ],
            [
                [
                    0.9526141881942749,
                    -0.28198766708374023,
                    -0.11405766010284424
                ],
                [
                    0.3032647669315338,
                    0.9095345139503479,
                    0.28421369194984436
                ],
                [
                    0.023594604805111885,
                    -0.30533567070961,
                    0.9519523978233337
                ]
            ],
            [
                [
                    0.8157663941383362,
                    -0.5767059326171875,
                    0.04399440065026283
                ],
                [
                    0.5778903365135193,
                    0.8158465027809143,
                    -0.02091231197118759
                ],
                [
                    -0.023832421749830246,
                    0.04248349741101265,
                    0.9988129734992981
                ]
            ],
            [
                [
                    0.7668108940124512,
                    -0.5851225256919861,
                    0.2638799250125885
                ],
                [
                    0.5341483354568481,
                    0.8096672296524048,
                    0.24315525591373444
                ],
                [
                    -0.3559305965900421,
                    -0.04550307244062424,
                    0.9334039092063904
                ]
            ],
            [
                [
                    0.9670684337615967,
                    -0.23452477157115936,
                    -0.09887739270925522
                ],
                [
                    0.252696692943573,
                    0.9311090111732483,
                    0.2630213499069214
                ],
                [
                    0.0303806159645319,
                    -0.27934566140174866,
                    0.9597097635269165
                ]
            ],
            [
                [
                    0.8961638808250427,
                    -0.42315247654914856,
                    0.13353732228279114
                ],
                [
                    0.3575492203235626,
                    0.8668659329414368,
                    0.3474218249320984
                ],
                [
                    -0.2627713680267334,
                    -0.26360073685646057,
                    0.9281517863273621
                ]
            ],
            [
                [
                    0.9016406536102295,
                    -0.4322206974029541,
                    -0.015146289020776749
                ],
                [
                    0.4273987114429474,
                    0.8958439230918884,
                    -0.1216307133436203
                ],
                [
                    0.06614002585411072,
                    0.10319369286298752,
                    0.9924598932266235
                ]
            ],
            [
                [
                    0.9767757058143616,
                    -0.21094992756843567,
                    -0.0375404991209507
                ],
                [
                    0.20616263151168823,
                    0.8775814771652222,
                    0.4328368604183197
                ],
                [
                    -0.05836206302046776,
                    -0.4305240213871002,
                    0.9006902575492859
                ]
            ],
            [
                [
                    0.7754849791526794,
                    -0.6312136650085449,
                    0.013870172202587128
                ],
                [
                    0.6198434829711914,
                    0.7653264403343201,
                    0.1734054982662201
                ],
                [
                    -0.12007112056016922,
                    -0.1258760243654251,
                    0.9847528338432312
                ]
            ],
            [
                [
                    0.9004715085029602,
                    0.23574015498161316,
                    -0.36548271775245667
                ],
                [
                    -0.4162471890449524,
                    0.7107017636299133,
                    -0.5671343207359314
                ],
                [
                    0.1260528564453125,
                    0.6628194451332092,
                    0.7380928993225098
                ]
            ],
            [
                [
                    0.8932674527168274,
                    -0.25773414969444275,
                    -0.36830201745033264
                ],
                [
                    0.4085526466369629,
                    0.8072201013565063,
                    0.42600515484809875
                ],
                [
                    0.18750473856925964,
                    -0.5310072898864746,
                    0.8263614177703857
                ]
            ],
            [
                [
                    0.9365420341491699,
                    -0.1607191562652588,
                    -0.31154197454452515
                ],
                [
                    0.05308997631072998,
                    0.9434861540794373,
                    -0.32713189721107483
                ],
                [
                    0.34651193022727966,
                    0.2898330092430115,
                    0.8921470046043396
                ]
            ]
        ],
        "betas": [
            -0.004923969507217407,
            -0.04966035485267639,
            -0.10567861795425415,
            0.025579720735549927,
            0.06839364767074585,
            0.016873646527528763,
            0.053948402404785156,
            -0.053729742765426636,
            0.01645548641681671,
            -0.03482505679130554
        ]
    },
    "pred_cam_t": [
        -0.1686723679304123,
        0.006047539412975311,
        7.104452133178711
    ],
    "focal_length": [
        5000.0,
        5000.0
    ],
    "pred_keypoints_3d": [
        [
            0.09583383798599243,
            0.006392965093255043,
            0.006203931290656328
        ],
        [
            0.11996755003929138,
            -0.021543605253100395,
            0.017280103638768196
        ],
        [
            0.14186516404151917,
            -0.043086834251880646,
            0.014910077676177025
        ],
        [
            0.1652892678976059,
            -0.05137082189321518,
            0.003993137739598751
        ],
        [
            0.19786228239536285,
            -0.05268119275569916,
            -0.008982030674815178
        ],
        [
            0.16926848888397217,
            -0.0392049103975296,
            -0.0214972086250782
        ],
        [
            0.20227161049842834,
            -0.037452731281518936,
            -0.023322563618421555
        ],
        [
            0.22430139780044556,
            -0.03434497490525246,
            -0.02251257188618183
        ],
        [
            0.2493123710155487,
            -0.030661456286907196,
            -0.018900107592344284
        ],
        [
            0.17667528986930847,
            -0.01991691254079342,
            -0.03585748001933098
        ],
        [
            0.20650877058506012,
            -0.017887519672513008,
            -0.0464860275387764
        ],
        [
            0.22907856106758118,
            -0.012484809383749962,
            -0.044294364750385284
        ],
        [
            0.25062912702560425,
            -0.007082636468112469,
            -0.031624723225831985
        ],
        [
            0.1708381175994873,
            0.006140535697340965,
            -0.03622302785515785
        ],
        [
            0.19905301928520203,
            0.006177749019116163,
            -0.04236607253551483
        ],
        [
            0.2227453589439392,
            0.011730337515473366,
            -0.03742958977818489
        ],
        [
            0.2418915033340454,
            0.014893094077706337,
            -0.02136538177728653
        ],
        [
            0.16576242446899414,
            0.026756172999739647,
            -0.031306006014347076
        ],
        [
            0.18672408163547516,
            0.029449984431266785,
            -0.030585458502173424
        ],
        [
            0.20350466668605804,
            0.03394315391778946,
            -0.02289886213839054
        ],
        [
            0.21559004485607147,
            0.034481193870306015,
            -0.008350586518645287
        ]
    ],
    "pred_vertices": [
        [
            0.14296293258666992,
            -0.02015421725809574,
            0.0031148865818977356
        ],
        [
            0.13506965339183807,
            -0.015595130622386932,
            0.008770827203989029
        ],
        [
            0.14211978018283844,
            -0.023445844650268555,
            0.00907035544514656
        ],
        [
            0.1480233073234558,
            -0.027808139100670815,
            0.004516389220952988
        ],
        [
            0.13544811308383942,
            -0.01889076456427574,
            0.027254458516836166
        ],
        [
            0.12859781086444855,
            -0.025551870465278625,
            0.03493696078658104
        ],
        [
            0.14237406849861145,
            -0.03622788190841675,
            0.029615694656968117
        ],
        [
            0.14660415053367615,
            -0.028586769476532936,
            0.02451283112168312
        ],
        [
            0.15113608539104462,
            -0.034917570650577545,
            0.0032744109630584717
        ],
        [
            0.14787490665912628,
            -0.02978339232504368,
            0.009070036932826042
        ],
        [
            0.14828535914421082,
            -0.03880186751484871,
            0.0001808498054742813
        ],
        [
            0.15010496973991394,
            -0.04533097892999649,
            -0.00834119413048029
        ],
        [
            0.15414085984230042,
            -0.040247842669487,
            -0.0034404881298542023
        ],
        [
            0.1549178510904312,
            -0.04784436151385307,
            -0.01446654461324215
        ],
        [
            0.13955047726631165,
            -0.04626397415995598,
            -0.012003245763480663
        ],
        [
            0.15062838792800903,
            -0.04672858119010925,
            -0.02279140055179596
        ],
        [
            0.13150760531425476,
            -0.025222115218639374,
            -0.02678668685257435
        ],
        [
            0.1304704248905182,
            -0.01232922077178955,
            -0.030230773612856865
        ],
        [
            0.14513713121414185,
            -0.015609852969646454,
            -0.037442415952682495
        ],
        [
            0.1455281376838684,
            -0.028256192803382874,
            -0.03278080374002457
        ],
        [
            0.1409025490283966,
            0.004605269990861416,
            -0.03592447564005852
        ],
        [
            0.14396753907203674,
            -0.006659762468189001,
            -0.03738944232463837
        ],
        [
            0.12868189811706543,
            -0.003582920879125595,
            -0.031075645238161087
        ],
        [
            0.12679523229599,
            0.006413229741156101,
            -0.029914604499936104
        ],
        [
            0.13717526197433472,
            -0.005882371217012405,
            0.0006029903888702393
        ],
        [
            0.1285628080368042,
            -0.0014387350529432297,
            0.006258182227611542
        ],
        [
            0.12969549000263214,
            -0.00676320493221283,
            0.006840284913778305
        ],
        [
            0.13811613619327545,
            -0.011065816506743431,
            0.001654934138059616
        ],
        [
            0.14460089802742004,
            -0.045666035264730453,
            0.0017657876014709473
        ],
        [
            0.13502143323421478,
            -0.04714778810739517,
            0.0018848683685064316
        ],
        [
            0.14136160910129547,
            -0.043881796300411224,
            -0.001491200178861618
        ],
        [
            0.14849743247032166,
            -0.0416957288980484,
            0.002291252836585045
        ],
        [
            0.11200059205293655,
            0.016410833224654198,
            0.0211249440908432
        ],
        [
            0.09858284890651703,
            0.01664542779326439,
            0.02233269438147545
        ],
        [
            0.09801653772592545,
            0.010954508557915688,
            0.023673810064792633
        ],
        [
            0.1102672815322876,
            0.01195129007101059,
            0.021939225494861603
        ],
        [
            0.10647042095661163,
            -0.010174274444580078,
            0.03325808048248291
        ],
        [
            0.0957367792725563,
            -0.0063879042863845825,
            0.029162025079131126
        ],
        [
            0.08561351150274277,
            -0.015794459730386734,
            0.0268524419516325
        ],
        [
            0.09495062381029129,
            -0.021535543724894524,
            0.02796640433371067
        ],
        [
            0.11822343617677689,
            -0.017481427639722824,
            0.03562436252832413
        ],
        [
            0.10772469639778137,
            -0.027046041563153267,
            0.03354283422231674
        ],
        [
            0.1208856999874115,
            -0.03431486338376999,
            0.03400789201259613
        ],
        [
            0.13646116852760315,
            -0.04357784241437912,
            0.028519421815872192
        ],
        [
            0.09836075454950333,
            0.02834966406226158,
            0.017059732228517532
        ],
        [
            0.10832127183675766,
            0.029988884925842285,
            0.015894412994384766
        ],
        [
            0.20789524912834167,
            -0.0394597202539444,
            -0.013962985016405582
        ],
        [
            0.20830219984054565,
            -0.03372924029827118,
            -0.014760310761630535
        ],
        [
            0.20224511623382568,
            -0.034498102962970734,
            -0.013631951063871384
        ],
        [
            0.20303753018379211,
            -0.040195491164922714,
            -0.013507972471415997
        ],
        [
            0.09862226247787476,
            0.034744806587696075,
            -0.0021159909665584564
        ],
        [
            0.09453878551721573,
            0.03125572204589844,
            -0.01066516526043415
        ],
        [
            0.08909058570861816,
            0.03392738103866577,
            -0.006600137799978256
        ],
        [
            0.09238109737634659,
            0.03546954318881035,
            0.0020825527608394623
        ],
        [
            0.10693009197711945,
            0.033693261444568634,
            -0.007547922432422638
        ],
        [
            0.10238885134458542,
            0.0272132009267807,
            -0.015618879348039627
        ],
        [
            0.20843321084976196,
            -0.04518154636025429,
            -0.02510523423552513
        ],
        [
            0.20868277549743652,
            -0.04572379216551781,
            -0.020037855952978134
        ],
        [
            0.20356260240077972,
            -0.04663754999637604,
            -0.021087680011987686
        ],
        [
            0.2027663290500641,
            -0.04524026811122894,
            -0.026120860129594803
        ],
        [
            0.15433628857135773,
            -0.032875850796699524,
            -0.00046126358211040497
        ],
        [
            0.15155476331710815,
            -0.023900412023067474,
            -0.0006800461560487747
        ],
        [
            0.16836859285831451,
            -0.03667064011096954,
            -0.009293092414736748
        ],
        [
            0.16185817122459412,
            -0.030844099819660187,
            -0.00716673769056797
        ],
        [
            0.1600102186203003,
            -0.03772442787885666,
            -0.005762353539466858
        ],
        [
            0.16539408266544342,
            -0.04204345867037773,
            -0.008865054696798325
        ],
        [
            0.15648850798606873,
            -0.008208492770791054,
            -0.011750947684049606
        ],
        [
            0.14636194705963135,
            -0.005764146335422993,
            -0.00626298226416111
        ],
        [
            0.147965669631958,
            -0.012087848968803883,
            -0.005500763654708862
        ],
        [
            0.1594260334968567,
            -0.01621352881193161,
            -0.01035919226706028
        ],
        [
            0.14621804654598236,
            0.008403852581977844,
            -0.006691167131066322
        ],
        [
            0.15600481629371643,
            0.004745150916278362,
            -0.012439126148819923
        ],
        [
            0.15481936931610107,
            0.013198387809097767,
            -0.012014707550406456
        ],
        [
            0.14852485060691833,
            0.01450137048959732,
            -0.007163159549236298
        ],
        [
            0.17227160930633545,
            -0.00462776143103838,
            -0.022257301956415176
        ],
        [
            0.17787910997867584,
            -0.00689522922039032,
            -0.027418551966547966
        ],
        [
            0.1785888522863388,
            -0.003448206465691328,
            -0.0278253722935915
        ],
        [
            0.1716141253709793,
            -0.0010729031637310982,
            -0.022856131196022034
        ],
        [
            0.08308228105306625,
            0.035892799496650696,
            -0.003381837159395218
        ],
        [
            0.08620350807905197,
            0.035214751958847046,
            0.0059206001460552216
        ],
        [
            0.1394183337688446,
            0.02576359733939171,
            -0.031837813556194305
        ],
        [
            0.1386984884738922,
            0.03374553471803665,
            -0.024188119918107986
        ],
        [
            0.15031121671199799,
            0.0343744233250618,
            -0.029877841472625732
        ],
        [
            0.14793269336223602,
            0.025601204484701157,
            -0.036901071667671204
        ],
        [
            0.0922369435429573,
            0.022748515009880066,
            -0.01616671495139599
        ],
        [
            0.08631358295679092,
            0.027209950610995293,
            -0.013559101149439812
        ],
        [
            0.2083759307861328,
            -0.040984008461236954,
            -0.029647221788764
        ],
        [
            0.2025926411151886,
            -0.04055090993642807,
            -0.02986130863428116
        ],
        [
            0.11125070601701736,
            -0.03893861547112465,
            0.02546178735792637
        ],
        [
            0.13033349812030792,
            -0.04818122088909149,
            0.023260166868567467
        ],
        [
            0.0973660945892334,
            -0.030502066016197205,
            0.02248980477452278
        ],
        [
            0.08803378790616989,
            -0.02446957677602768,
            0.01854909025132656
        ],
        [
            0.07957737892866135,
            -0.02090313285589218,
            0.017616059631109238
        ],
        [
            0.16543376445770264,
            -0.026248816400766373,
            -0.010386474430561066
        ],
        [
            0.14630824327468872,
            -0.01626710407435894,
            -0.001602092757821083
        ],
        [
            0.13675174117088318,
            -0.00090751051902771,
            1.895800232887268e-05
        ],
        [
            0.14141526818275452,
            0.02945486642420292,
            -0.001618117094039917
        ],
        [
            0.13260318338871002,
            0.03125008940696716,
            0.004006095230579376
        ],
        [
            0.13600140810012817,
            0.021197251975536346,
            0.004769347608089447
        ],
        [
            0.14271776378154755,
            0.021597761660814285,
            -0.0008834637701511383
        ],
        [
            0.1432250738143921,
            0.036953531205654144,
            -0.016038771718740463
        ],
        [
            0.14787498116493225,
            0.03332582861185074,
            -0.010641708970069885
        ],
        [
            0.1553775519132614,
            0.032244496047496796,
            -0.015628397464752197
        ],
        [
            0.15244971215724945,
            0.03624814748764038,
            -0.02140347845852375
        ],
        [
            0.14212122559547424,
            -0.05202621594071388,
            0.004570458084344864
        ],
        [
            0.130067378282547,
            -0.050171054899692535,
            0.006394721567630768
        ],
        [
            0.10279916226863861,
            0.03462744131684303,
            0.0076112039387226105
        ],
        [
            0.09608655422925949,
            0.03297722712159157,
            0.011196397244930267
        ],
        [
            0.08784136176109314,
            0.032673873007297516,
            0.013077396899461746
        ],
        [
            0.12050557881593704,
            0.006590578705072403,
            0.01500624418258667
        ],
        [
            0.10918468236923218,
            0.008859049528837204,
            0.022819556295871735
        ],
        [
            0.11013288050889969,
            0.004643253982067108,
            0.02462892234325409
        ],
        [
            0.12027032673358917,
            0.0035164374858140945,
            0.014955852180719376
        ],
        [
            0.13042429089546204,
            -0.010317821055650711,
            0.017284080386161804
        ],
        [
            0.12324380874633789,
            -0.008370082825422287,
            0.02831786498427391
        ],
        [
            0.14033342897891998,
            -0.018450185656547546,
            0.01612773910164833
        ],
        [
            0.09581781923770905,
            0.00359991192817688,
            0.026433447375893593
        ],
        [
            0.08828810602426529,
            0.011714113876223564,
            0.02687969245016575
        ],
        [
            0.0865129604935646,
            0.003150712698698044,
            0.02843558043241501
        ],
        [
            0.08864982426166534,
            0.020811965689063072,
            0.023260556161403656
        ],
        [
            0.08864966779947281,
            0.028439052402973175,
            0.018641341477632523
        ],
        [
            0.07846657931804657,
            0.030509132891893387,
            -0.013012111186981201
        ],
        [
            0.08507008850574493,
            -0.005094397813081741,
            0.028090499341487885
        ],
        [
            0.15245679020881653,
            -0.03567899018526077,
            0.021464908495545387
        ],
        [
            0.1572027951478958,
            -0.04092354699969292,
            0.017790839076042175
        ],
        [
            0.15633627772331238,
            -0.03658755496144295,
            0.011922243982553482
        ],
        [
            0.15219147503376007,
            -0.03233242407441139,
            0.014265276491641998
        ],
        [
            0.16275392472743988,
            -0.04933876916766167,
            -0.019986823201179504
        ],
        [
            0.16471904516220093,
            -0.04698879271745682,
            -0.01259526051580906
        ],
        [
            0.15712368488311768,
            -0.044525980949401855,
            -0.007844210602343082
        ],
        [
            0.12166930735111237,
            0.01949547976255417,
            0.015473246574401855
        ],
        [
            0.11821290850639343,
            0.030942976474761963,
            0.011543244123458862
        ],
        [
            0.17166700959205627,
            -0.03208102285861969,
            -0.012532362714409828
        ],
        [
            0.19779972732067108,
            -0.045316431671381,
            -0.027940403670072556
        ],
        [
            0.1981039047241211,
            -0.04724827781319618,
            -0.02239443175494671
        ],
        [
            0.17907516658306122,
            -0.04905068129301071,
            -0.02154747024178505
        ],
        [
            0.1798853576183319,
            -0.0470108836889267,
            -0.02804466336965561
        ],
        [
            0.17811647057533264,
            -0.029821747913956642,
            -0.02072630636394024
        ],
        [
            0.17527012526988983,
            -0.03229775279760361,
            -0.01417428720742464
        ],
        [
            0.17746593058109283,
            -0.03170836344361305,
            -0.015487544238567352
        ],
        [
            0.18051718175411224,
            -0.02787536382675171,
            -0.019882796332240105
        ],
        [
            0.17537984251976013,
            0.0052462611347436905,
            -0.02655372954905033
        ],
        [
            0.16946904361248016,
            0.007264014333486557,
            -0.022222008556127548
        ],
        [
            0.16137324273586273,
            -0.029561473056674004,
            -0.035990748554468155
        ],
        [
            0.15748819708824158,
            -0.04198531061410904,
            -0.034487321972846985
        ],
        [
            0.14579884707927704,
            -0.03943711146712303,
            -0.02904636040329933
        ],
        [
            0.15531189739704132,
            -0.0008410317823290825,
            -0.01209820806980133
        ],
        [
            0.16455326974391937,
            -0.0022379113361239433,
            -0.017165154218673706
        ],
        [
            0.16423138976097107,
            0.001861543394625187,
            -0.01773816905915737
        ],
        [
            0.1685589998960495,
            -0.024125488474965096,
            -0.013549890369176865
        ],
        [
            0.17386680841445923,
            -0.027595236897468567,
            -0.016544990241527557
        ],
        [
            0.17273837327957153,
            -0.022739099338650703,
            -0.017959803342819214
        ],
        [
            0.16712825000286102,
            -0.01887299306690693,
            -0.01460335310548544
        ],
        [
            0.12656542658805847,
            0.034180715680122375,
            -0.019144242629408836
        ],
        [
            0.13195696473121643,
            0.0382985919713974,
            -0.009691666811704636
        ],
        [
            0.208256796002388,
            -0.04374266043305397,
            -0.01594737358391285
        ],
        [
            0.20329008996486664,
            -0.04465948045253754,
            -0.01637309417128563
        ],
        [
            0.14540450274944305,
            0.0014041243121027946,
            -0.006696581840515137
        ],
        [
            0.13324539363384247,
            -0.03503955528140068,
            -0.021757781505584717
        ],
        [
            0.13644476234912872,
            0.00458046980202198,
            -0.0002785399556159973
        ],
        [
            0.16117633879184723,
            0.011869587004184723,
            -0.03953562304377556
        ],
        [
            0.16620875895023346,
            0.016073420643806458,
            -0.03480186313390732
        ],
        [
            0.1713476926088333,
            0.013542705215513706,
            -0.03650733828544617
        ],
        [
            0.16925202310085297,
            0.010591122321784496,
            -0.04168505594134331
        ],
        [
            0.19608524441719055,
            -0.026770202443003654,
            -0.02175859361886978
        ],
        [
            0.19668123126029968,
            -0.029205963015556335,
            -0.0164357740432024
        ],
        [
            0.20202720165252686,
            -0.02896401472389698,
            -0.016678132116794586
        ],
        [
            0.20165416598320007,
            -0.02681494690477848,
            -0.021962204948067665
        ],
        [
            0.17356686294078827,
            -0.037151481956243515,
            -0.011270947754383087
        ],
        [
            0.17168478667736053,
            -0.04308593273162842,
            -0.010793132707476616
        ],
        [
            0.17774030566215515,
            -0.04209515452384949,
            -0.011939462274312973
        ],
        [
            0.17798589169979095,
            -0.036218445748090744,
            -0.013065050356090069
        ],
        [
            0.17160356044769287,
            -0.04770037159323692,
            -0.014961456879973412
        ],
        [
            0.17802901566028595,
            -0.047124385833740234,
            -0.015660608187317848
        ],
        [
            0.19591370224952698,
            -0.02858160436153412,
            -0.02810307964682579
        ],
        [
            0.1962309330701828,
            -0.034625884145498276,
            -0.03269091248512268
        ],
        [
            0.18067580461502075,
            -0.034344639629125595,
            -0.032851655036211014
        ],
        [
            0.18282102048397064,
            -0.02894000895321369,
            -0.026944931596517563
        ],
        [
            0.11262258142232895,
            0.007924005389213562,
            -0.025084879249334335
        ],
        [
            0.11299002170562744,
            0.018962474539875984,
            -0.02363535761833191
        ],
        [
            0.12709033489227295,
            0.017773792147636414,
            -0.028547924011945724
        ],
        [
            0.14041338860988617,
            0.017041053622961044,
            -0.03435250371694565
        ],
        [
            0.15335045754909515,
            0.015393419191241264,
            -0.0386393666267395
        ],
        [
            0.15224701166152954,
            0.00362789211794734,
            -0.04190990701317787
        ],
        [
            0.1263059824705124,
            0.02556249313056469,
            -0.026325810700654984
        ],
        [
            0.1748788058757782,
            -0.02873561717569828,
            -0.03089083731174469
        ],
        [
            0.16962796449661255,
            -0.034230999648571014,
            -0.03333333879709244
        ],
        [
            0.16919532418251038,
            -0.029630018398165703,
            -0.03516245633363724
        ],
        [
            0.13760966062545776,
            0.011911381967365742,
            0.0003559030592441559
        ],
        [
            0.19769635796546936,
            -0.045885004103183746,
            -0.017387980595231056
        ],
        [
            0.08299523591995239,
            -0.01716250367462635,
            -0.0040471721440553665
        ],
        [
            0.08295609802007675,
            -0.006308630108833313,
            -0.01201116107404232
        ],
        [
            0.09075659513473511,
            -0.010008499026298523,
            -0.013452832587063313
        ],
        [
            0.09117455780506134,
            -0.021872593089938164,
            -0.0037053748965263367
        ],
        [
            0.19667743146419525,
            -0.03509010374546051,
            -0.012925894930958748
        ],
        [
            0.1972922384738922,
            -0.04135744273662567,
            -0.013005011714994907
        ],
        [
            0.17028887569904327,
            0.013727471232414246,
            -0.023494860157370567
        ],
        [
            0.17496158182621002,
            0.01088428683578968,
            -0.02774379588663578
        ],
        [
            0.1751747727394104,
            0.013403978198766708,
            -0.030923424288630486
        ],
        [
            0.1726386547088623,
            0.01841862127184868,
            -0.026230309158563614
        ],
        [
            0.1122296079993248,
            0.024487020447850227,
            -0.02157546952366829
        ],
        [
            0.1584613025188446,
            0.034588128328323364,
            -0.03178626298904419
        ],
        [
            0.15599283576011658,
            0.02694907784461975,
            -0.03846922144293785
        ],
        [
            0.10063361376523972,
            0.019586309790611267,
            -0.019357830286026
        ],
        [
            0.09991790354251862,
            0.009993869811296463,
            -0.021148648113012314
        ],
        [
            0.09082306921482086,
            0.012092887423932552,
            -0.018316084519028664
        ],
        [
            0.16007272899150848,
            -0.009801649488508701,
            -0.04192865267395973
        ],
        [
            0.11459293961524963,
            -0.00048076361417770386,
            -0.026016544550657272
        ],
        [
            0.10123095661401749,
            0.0024348199367523193,
            -0.021188313141465187
        ],
        [
            0.09040799736976624,
            0.004586838185787201,
            -0.017816204577684402
        ],
        [
            0.08252206444740295,
            0.006748475134372711,
            -0.01605122908949852
        ],
        [
            0.08383958786725998,
            0.01477531623095274,
            -0.016639776527881622
        ],
        [
            0.19723859429359436,
            -0.040088947862386703,
            -0.031457290053367615
        ],
        [
            0.20216132700443268,
            -0.03434886038303375,
            -0.0316082127392292
        ],
        [
            0.07531111687421799,
            0.017973516136407852,
            -0.016310986131429672
        ],
        [
            0.07439742237329483,
            0.008825566619634628,
            -0.015014994889497757
        ],
        [
            0.1023135632276535,
            -0.00662311352789402,
            -0.019869619980454445
        ],
        [
            0.1037261113524437,
            -0.0172696802765131,
            -0.016491375863552094
        ],
        [
            0.11529771983623505,
            -0.009007718414068222,
            -0.02441110648214817
        ],
        [
            0.11778716742992401,
            -0.01985510066151619,
            -0.021890345960855484
        ],
        [
            0.15560239553451538,
            -0.019361667335033417,
            -0.04238918796181679
        ],
        [
            0.21974506974220276,
            -0.03032807633280754,
            -0.029588859528303146
        ],
        [
            0.2084447145462036,
            -0.02948034554719925,
            -0.028999734669923782
        ],
        [
            0.2082328051328659,
            -0.02709893323481083,
            -0.02371194027364254
        ],
        [
            0.21948958933353424,
            -0.02733130194246769,
            -0.026584535837173462
        ],
        [
            0.20159772038459778,
            -0.02869676984846592,
            -0.0276735108345747
        ],
        [
            0.20802612602710724,
            -0.034768182784318924,
            -0.03144626319408417
        ],
        [
            0.1195831224322319,
            -0.031900715082883835,
            -0.014207658357918262
        ],
        [
            0.17818096280097961,
            -0.025341734290122986,
            -0.02265487238764763
        ],
        [
            0.10537983477115631,
            -0.03015141561627388,
            -0.0041900258511304855
        ],
        [
            0.12658360600471497,
            -0.04455774277448654,
            -0.007089383900165558
        ],
        [
            0.11761089414358139,
            -0.04311707988381386,
            0.0025236010551452637
        ],
        [
            0.09263329207897186,
            -0.02947952225804329,
            0.007897794246673584
        ],
        [
            0.10565628111362457,
            -0.03943977504968643,
            0.012471934780478477
        ],
        [
            0.07708887755870819,
            -0.020123865455389023,
            0.006638208404183388
        ],
        [
            0.08500128984451294,
            -0.023911474272608757,
