{
    "pred_cam": [
        5.667370319366455,
        0.1521739363670349,
        -0.020951904356479645
    ],
    "pred_mano_params": {
        "global_orient": [
            [
                [
                    -0.9195842742919922,
                    0.34257271885871887,
                    -0.19237646460533142
                ],
                [
                    0.022875769063830376,
                    -0.4421260356903076,
                    -0.8966612219810486
                ],
                [
                    -0.39222627878189087,
                    -0.8289563059806824,
                    0.39873552322387695
                ]
            ]
        ],
        "hand_pose": [
            [
                [
                    0.9258706569671631,
                    -0.3365066349506378,
                    -0.17183373868465424
                ],
                [
                    0.3519158661365509,
                    0.9335606694221497,
                    0.06796814501285553
                ],
                [
                    0.13754549622535706,
                    -0.1234007328748703,
                    0.9827784299850464
                ]
            ],
            [
                [
                    0.9825090765953064,
                    -0.15556828677654266,
                    0.10234453529119492
                ],
                [
                    0.17844395339488983,
                    0.9436722993850708,
                    -0.27864009141921997
                ],
                [
                    -0.053232137113809586,
                    0.29202917218208313,
                    0.9549268484115601
                ]
            ],
            [
                [
                    0.9624422788619995,
                    -0.18040001392364502,
                    0.2028808891773224
                ],
                [
                    0.14940662682056427,
                    0.9759078025817871,
                    0.1590021401643753
                ],
                [
                    -0.22667700052261353,
                    -0.12271863222122192,
                    0.9662078619003296
                ]
            ],
            [
                [
                    0.910041868686676,
                    -0.40838757157325745,
                    -0.07101607322692871
                ],
                [
                    0.4089670479297638,
                    0.9125234484672546,
                    -0.006845757830888033
                ],
                [
                    0.06759955734014511,
                    -0.022813303396105766,
                    0.9974516034126282
                ]
            ],
            [
                [
                    0.9990915060043335,
                    -0.012804996222257614,
                    -0.04064683988690376
                ],
                [
                    0.0231800377368927,
                    0.9636433720588684,
                    0.2661845088005066
                ],
                [
                    0.03576057031750679,
                    -0.2668848931789398,
                    0.9630647301673889
                ]
            ],
            [
                [
                    0.9519186019897461,
                    -0.27535003423690796,
                    0.13428837060928345
                ],
                [
                    0.2823805809020996,
                    0.9586234092712402,
                    -0.03608886897563934
                ],
                [
                    -0.11879490315914154,
                    0.0722740888595581,
                    0.9902849793434143
                ]
            ],
            [
                [
                    0.9730535745620728,
                    -0.1022944450378418,
                    0.20664598047733307
                ],
                [
                    0.13427063822746277,
                    0.9799581170082092,
                    -0.1471516340970993
                ],
                [
                    -0.1874515861272812,
                    0.17093293368816376,
                    0.9672868847846985
                ]
            ],
            [
                [
                    0.9326834678649902,
                    -0.36011379957199097,
                    -0.02048577181994915
                ],
                [
                    0.31686997413635254,
                    0.7909019589424133,
                    0.5235145092010498
                ],
                [
                    -0.1723226010799408,
                    -0.49476462602615356,
                    0.8517704010009766
                ]
            ],
            [
                [
                    0.8503907322883606,
                    -0.5260262489318848,
                    -0.011492370627820492
                ],
                [
                    0.4351615905761719,
                    0.6908827424049377,
                    0.5773347616195679
                ],
                [
                    -0.2957533299922943,
                    -0.49596115946769714,
                    0.816426694393158
                ]
            ],
            [
                [
                    0.9526574015617371,
                    -0.28281840682029724,
                    -0.11161374300718307
                ],
                [
                    0.26606667041778564,
                    0.9531164765357971,
                    -0.14414428174495697
                ],
                [
                    0.147147536277771,
                    0.10762341320514679,
                    0.9832420349121094
                ]
            ],
            [
                [
                    0.9662241339683533,
                    -0.25647467374801636,
                    0.025135139003396034
                ],
                [
                    0.21155069768428802,
                    0.8450973033905029,
                    0.49097537994384766
                ],
                [
                    -0.14716441929340363,
                    -0.4690748453140259,
                    0.8708108067512512
                ]
            ],
            [
                [
                    0.7886273264884949,
                    -0.6134018301963806,
                    0.04248742759227753
                ],
                [
                    0.5973615050315857,
                    0.7807108163833618,
                    0.18343880772590637
                ],
                [
                    -0.14569209516048431,
                    -0.1192844957113266,
                    0.9821125268936157
                ]
            ],
            [
                [
                    0.6446494460105896,
                    0.22903767228126526,
                    -0.729361891746521
                ],
                [
                    -0.6978424787521362,
                    0.5658743381500244,
                    -0.43909233808517456
                ],
                [
                    0.3121584951877594,
                    0.7920404076576233,
                    0.5246227979660034
                ]
            ],
            [
                [
                    0.7946144938468933,
                    -0.44646409153938293,
                    -0.4114094376564026
                ],
                [
                    0.5850168466567993,
                    0.7442423701286316,
                    0.3222709596157074
                ],
                [
                    0.16230593621730804,
                    -0.49676257371902466,
                    0.8525747656822205
                ]
            ],
            [
                [
                    0.8222621083259583,
                    -0.5535174012184143,
                    0.1323004812002182
                ],
                [
                    0.5663979649543762,
                    0.7732621431350708,
                    -0.2850596606731415
                ],
                [
                    0.05548254773020744,
                    0.30932849645614624,
                    0.9493352770805359
                ]
            ]
        ],
        "betas": [
            -0.10361164808273315,
            -0.11602988839149475,
            0.011625736951828003,
            -0.015882521867752075,
            -0.004372686147689819,
            -0.05424726754426956,
            0.028711378574371338,
            0.0018712878227233887,
            -0.01332642138004303,
            -0.06395620107650757
        ]
    },
    "pred_cam_t": [
        -0.1521739363670349,
        -0.020951904356479645,
        6.892526626586914
    ],
    "focal_length": [
        5000.0,
        5000.0
    ],
    "pred_keypoints_3d": [
        [
            0.09618227183818817,
            0.006424369290471077,
            0.006230894476175308
        ],
        [
            0.10806220024824142,
            -0.010511515662074089,
            0.03902847692370415
        ],
        [
            0.13549406826496124,
            -0.0192513819783926,
            0.050425752997398376
        ],
        [
            0.16144132614135742,
            -0.01170966774225235,
            0.053763531148433685
        ],
        [
            0.1856382042169571,
            -0.00023954932112246752,
            0.07534501701593399
        ],
        [
            0.17180050909519196,
            -0.011855151504278183,
            0.05352651700377464
        ],
        [
            0.19922824203968048,
            -0.006723249331116676,
            0.07136347144842148
        ],
        [
            0.21223953366279602,
            -0.0001697535626590252,
            0.08822982758283615
        ],
        [
            0.22382165491580963,
            0.0035488680005073547,
            0.11003302037715912
        ],
        [
            0.18382087349891663,
            0.00798920076340437,
            0.04342283681035042
        ],
        [
            0.20803922414779663,
            0.019135359674692154,
            0.06088525056838989
        ],
        [
            0.22284626960754395,
            0.029104730114340782,
            0.07601367682218552
        ],
        [
            0.23813530802726746,
            0.03698662668466568,
            0.0955016016960144
        ],
        [
            0.1755940020084381,
            0.0303928442299366,
            0.03103296272456646
        ],
        [
            0.20067624747753143,
            0.03994788974523544,
            0.04214656352996826
        ],
        [
            0.21363620460033417,
            0.052393168210983276,
            0.05945264920592308
        ],
        [
            0.21724238991737366,
            0.060901157557964325,
            0.082978755235672
        ],
        [
            0.1647726595401764,
            0.04826226085424423,
            0.024290425702929497
        ],
        [
            0.18410231173038483,
            0.055998437106609344,
            0.028637439012527466
        ],
        [
            0.19390805065631866,
            0.06517533212900162,
            0.042196862399578094
        ],
        [
            0.1926911473274231,
            0.06872564554214478,
            0.06143338233232498
        ]
    ],
    "pred_vertices": [
        [
            0.13186906278133392,
            -0.0016541574150323868,
            0.04346694424748421
        ],
        [
            0.12092906981706619,
            0.00021737534552812576,
            0.03894483670592308
        ],
        [
            0.12827424705028534,
            -0.003665231168270111,
            0.043020099401474
        ],
        [
            0.13570557534694672,
            -0.006504709832370281,
            0.048295605927705765
        ],
        [
            0.11477585136890411,
            6.819702684879303e-05,
            0.05255179852247238
        ],
        [
            0.10768407583236694,
            -0.00857418030500412,
            0.05804276466369629
        ],
        [
            0.12596116960048676,
            -0.012283728457987309,
            0.06228633224964142
        ],
        [
            0.1285792738199234,
            -0.0033916234970092773,
            0.05682893469929695
        ],
        [
            0.14061036705970764,
            -0.01135035790503025,
            0.04936189949512482
        ],
        [
            0.13469775021076202,
            -0.006644967943429947,
            0.046614862978458405
        ],
        [
            0.1425119936466217,
            -0.01512930914759636,
            0.04444880411028862
        ],
        [
            0.15046000480651855,
            -0.022616690024733543,
            0.04644177481532097
        ],
        [
            0.14833489060401917,
            -0.01643090881407261,
            0.051893435418605804
        ],
        [
            0.15847568213939667,
            -0.024154402315616608,
            0.04845188558101654
        ],
        [
            0.1468050181865692,
            -0.027797874063253403,
            0.037933144718408585
        ],
        [
            0.16127437353134155,
            -0.025129297748208046,
            0.04002028703689575
        ],
        [
            0.1493530422449112,
            -0.012548809871077538,
            0.01918996497988701
        ],
        [
            0.14914187788963318,
            -0.0009707733988761902,
            0.012440618127584457
        ],
        [
            0.16451145708560944,
            0.0007790671661496162,
            0.018984122201800346
        ],
        [
            0.16328875720500946,
            -0.01066347025334835,
            0.025990517809987068
        ],
        [
            0.15623852610588074,
            0.01821143366396427,
            0.011021196842193604
        ],
        [
            0.16185244917869568,
            0.008768059313297272,
            0.015528788790106773
        ],
        [
            0.14696386456489563,
            0.006577394902706146,
            0.007944270968437195
        ],
        [
            0.14284823834896088,
            0.015339551493525505,
            0.004329681396484375
        ],
        [
            0.12827880680561066,
            0.009364712983369827,
            0.03517654538154602
        ],
        [
            0.11700501292943954,
            0.010655369609594345,
            0.031471531838178635
        ],
        [
            0.11723830550909042,
            0.006005275994539261,
            0.03360489383339882
        ],
        [
            0.12855498492717743,
            0.004865006078034639,
            0.037683773785829544
        ],
        [
            0.1441638022661209,
            -0.020055042579770088,
            0.042007483541965485
        ],
        [
            0.13643881678581238,
            -0.028060831129550934,
            0.04126783832907677
        ],
        [
            0.14103804528713226,
            -0.02263520285487175,
            0.04109150171279907
        ],
        [
            0.14467421174049377,
            -0.014744146727025509,
            0.04297557473182678
        ],
        [
            0.09288696944713593,
            0.022519588470458984,
            0.024243447929620743
        ],
        [
            0.08357837796211243,
            0.017987746745347977,
            0.01548529788851738
        ],
        [
            0.0832701101899147,
            0.012513240799307823,
            0.017826631665229797
        ],
        [
            0.09183821082115173,
            0.01771092228591442,
            0.02517072856426239
        ],
        [
            0.08631979674100876,
            -0.002991165965795517,
            0.03910507261753082
        ],
        [
            0.08117929846048355,
            -0.004047857131808996,
            0.026547055691480637
        ],
        [
            0.07860691100358963,
            -0.01655895635485649,
            0.020627915859222412
        ],
        [
            0.0853719562292099,
            -0.018280666321516037,
            0.030758341774344444
        ],
        [
            0.09599132835865021,
            -0.004990577697753906,
            0.05089794844388962
        ],
        [
            0.09253242611885071,
            -0.018261931836605072,
            0.045899275690317154
        ],
        [
            0.10588274151086807,
            -0.02016381360590458,
            0.05662131309509277
        ],
        [
            0.12585194408893585,
            -0.021838102489709854,
            0.06176441162824631
        ],
        [
            0.08520308136940002,
            0.028585869818925858,
            0.008300725370645523
        ],
        [
            0.09200610220432281,
            0.03366527333855629,
            0.01400178112089634
        ],
        [
            0.1951526254415512,
            -0.00698932446539402,
            0.0826646089553833
        ],
        [
            0.19579310715198517,
            -0.0012158779427409172,
            0.0817747637629509
        ],
        [
            0.19115996360778809,
            -0.0025387341156601906,
            0.07868996262550354
        ],
        [
            0.19169987738132477,
            -0.008071447722613811,
            0.08007816225290298
        ],
        [
            0.09877870231866837,
            0.03356010839343071,
            -0.005970817059278488
        ],
        [
            0.10344764590263367,
            0.028333954513072968,
            -0.013372130692005157
        ],
        [
            0.09643473476171494,
            0.029124531894922256,
            -0.015352655202150345
        ],
        [
            0.09155061095952988,
            0.03223392367362976,
            -0.007835403084754944
        ],
        [
            0.10829707980155945,
            0.035212840884923935,
            -0.003298252820968628
        ],
        [
            0.1128784716129303,
            0.027043070644140244,
            -0.009827155619859695
        ],
        [
            0.20364660024642944,
            -0.01342662051320076,
            0.07584188878536224
        ],
        [
            0.20026858150959015,
            -0.013607876375317574,
            0.07968354225158691
        ],
        [
            0.19748933613300323,
            -0.015055863186717033,
            0.07572555541992188
        ],
        [
            0.2002362608909607,
            -0.014193812385201454,
            0.07128573954105377
        ],
        [
            0.14482946693897247,
            -0.009616449475288391,
            0.053211506456136703
        ],
        [
            0.14157214760780334,
            -0.0023845708929002285,
            0.04923061281442642
        ],
        [
            0.1625363975763321,
            -0.008937169797718525,
            0.0607086643576622
        ],
        [
            0.15469586849212646,
            -0.005579400807619095,
            0.055117275565862656
        ],
        [
            0.15365371108055115,
            -0.012536080554127693,
            0.05648194998502731
        ],
        [
            0.16090776026248932,
            -0.015175940468907356,
            0.05995624512434006
        ],
        [
            0.15057484805583954,
            0.013377905823290348,
            0.04152783006429672
        ],
        [
            0.13956892490386963,
            0.012383888475596905,
            0.03726271167397499
        ],
        [
            0.14106667041778564,
            0.007055500987917185,
            0.04068892449140549
        ],
        [
            0.15286050736904144,
            0.006993016228079796,
            0.046933386474847794
        ],
        [
            0.13721054792404175,
            0.02563447691500187,
            0.03258030116558075
        ],
        [
            0.1484513282775879,
            0.0254166591912508,
            0.03689458221197128
        ],
        [
            0.14595535397529602,
            0.03306734561920166,
            0.0338556207716465
        ],
        [
            0.13794925808906555,
            0.03220674768090248,
            0.032035745680332184
        ],
        [
            0.16799384355545044,
            0.021723030135035515,
            0.044504016637802124
        ],
        [
            0.17572033405303955,
            0.02114834636449814,
            0.04596851393580437
        ],
        [
            0.17697353661060333,
            0.024687230587005615,
            0.044752150774002075
        ],
        [
            0.16774220764636993,
            0.024892542511224747,
            0.04264061525464058
        ],
        [
            0.08985616266727448,
            0.028980769217014313,
            -0.0180450901389122
        ],
        [
            0.08483387529850006,
            0.029980024322867393,
            -0.009571392089128494
        ],
        [
            0.14783041179180145,
            0.037536438554525375,
            0.006381101906299591
        ],
        [
            0.14036022126674652,
            0.04571244865655899,
            0.008542371913790703
        ],
        [
            0.15149500966072083,
            0.049892619252204895,
            0.01242583617568016
        ],
        [
            0.15623688697814941,
            0.04005435109138489,
            0.009174348786473274
        ],
        [
            0.10785804688930511,
            0.019170641899108887,
            -0.01596084237098694
        ],
        [
            0.10132687538862228,
            0.021393179893493652,
            -0.019796159118413925
        ],
        [
            0.20655569434165955,
            -0.009456295520067215,
            0.07212288677692413
        ],
        [
            0.20233294367790222,
            -0.009851346723735332,
            0.0677790641784668
        ],
        [
            0.10460761934518814,
            -0.029018951579928398,
            0.04642338305711746
        ],
        [
            0.1252797693014145,
            -0.02937435358762741,
            0.056234218180179596
        ],
        [
            0.09351751953363419,
            -0.02654334157705307,
            0.032565996050834656
        ],
        [
            0.0884074941277504,
            -0.024570191279053688,
            0.020514581352472305
        ],
        [
            0.08280832320451736,
            -0.02429964579641819,
            0.011887457221746445
        ],
        [
            0.158702090382576,
            -4.7909561544656754e-05,
            0.054532866925001144
        ],
        [
            0.13758721947669983,
            0.002775366883724928,
            0.04304829239845276
        ],
        [
            0.12776443362236023,
            0.013868909329175949,
            0.03308597207069397
        ],
        [
            0.12638002634048462,
            0.04399508982896805,
            0.02610105648636818
        ],
        [
            0.11608824133872986,
            0.04281027987599373,
            0.022956572473049164
        ],
        [
            0.1196126639842987,
            0.0346340574324131,
            0.02886936068534851
        ],
        [
            0.12816110253334045,
            0.03713378310203552,
            0.029835322871804237
        ],
        [
            0.13680094480514526,
            0.050885386765003204,
            0.015983952209353447
        ],
        [
            0.1367453634738922,
            0.04950282350182533,
            0.023892492055892944
        ],
        [
            0.14628618955612183,
            0.051202308386564255,
            0.026444794610142708
        ],
        [
            0.14710308611392975,
            0.05331364646553993,
            0.01925012655556202
        ],
        [
            0.14420825242996216,
            -0.026562221348285675,
            0.04489867761731148
        ],
        [
            0.1320570707321167,
            -0.03262140601873398,
            0.04309188947081566
        ],
        [
            0.0939684808254242,
            0.03553193062543869,
            0.003337278962135315
        ],
        [
            0.08737420290708542,
            0.0317554734647274,
            0.0014789365231990814
        ],
        [
            0.08088133484125137,
            0.028581419959664345,
            -0.0029925815761089325
        ],
        [
            0.1039905920624733,
            0.015827232971787453,
            0.029503770172595978
        ],
        [
            0.09088030457496643,
            0.014441261999309063,
            0.026251278817653656
        ],
        [
            0.090621218085289,
            0.010987738147377968,
            0.029981374740600586
        ],
        [
            0.10369104146957397,
            0.01274416595697403,
            0.030451824888586998
        ],
        [
            0.11167919635772705,
            0.004246283322572708,
            0.04026830196380615
        ],
        [
            0.10022805631160736,
            0.004475260153412819,
            0.04524184763431549
        ],
        [
            0.1233636885881424,
            0.0015065409243106842,
            0.044483914971351624
        ],
        [
            0.08118758350610733,
            0.005003879778087139,
            0.020804686471819878
        ],
        [
            0.07468029856681824,
            0.00989428348839283,
            0.012720461934804916
        ],
        [
            0.07405105233192444,
            0.0013579926453530788,
            0.015306852757930756
        ],
        [
            0.07590878009796143,
            0.01832515187561512,
            0.007795929908752441
        ],
        [
            0.07795808464288712,
            0.025210371240973473,
            0.0024689584970474243
        ],
        [
            0.0953785628080368,
            0.021700434386730194,
            -0.025913044810295105
        ],
        [
            0.07500413060188293,
            -0.006816958077251911,
            0.01684027910232544
        ],
        [
            0.13687646389007568,
            -0.006886797957122326,
            0.05874554067850113
        ],
        [
            0.1435331404209137,
            -0.008334456011652946,
            0.05909988284111023
        ],
        [
            0.143482506275177,
            -0.005321633070707321,
            0.05221433565020561
        ],
        [
            0.13806022703647614,
            -0.004715380724519491,
            0.051012858748435974
        ],
        [
            0.1681264340877533,
            -0.024086184799671173,
            0.05101058632135391
        ],
        [
            0.16400931775569916,
            -0.02058226801455021,
            0.05742846429347992
        ],
        [
            0.15451639890670776,
            -0.019967127591371536,
            0.05401376634836197
        ],
        [
            0.10275460034608841,
            0.02850586548447609,
            0.02629667893052101
        ],
        [
            0.10137064754962921,
            0.03781403228640556,
            0.017763933166861534
        ],
        [
            0.16669978201389313,
            -0.0037408682983368635,
            0.05979422852396965
        ],
        [
            0.19821134209632874,
            -0.015243720263242722,
            0.06676188111305237
        ],
        [
            0.19488665461540222,
            -0.016576474532485008,
            0.07146675884723663
        ],
        [
            0.1816992610692978,
            -0.020881110802292824,
            0.060474246740341187
        ],
        [
            0.1862480342388153,
            -0.01917504146695137,
            0.055713191628456116
        ],
        [
            0.17738275229930878,
            -0.001130216638557613,
            0.05788597837090492
        ],
        [
            0.17182691395282745,
            -0.0038408327382057905,
            0.06145797669887543
        ],
        [
            0.17484942078590393,
            -0.003410907695069909,
            0.06188921630382538
        ],
        [
            0.17966721951961517,
            0.0005133009981364012,
            0.05990423262119293
        ],
        [
            0.17245297133922577,
            0.03152695670723915,
            0.04022659733891487
        ],
        [
            0.16486425697803497,
            0.0320398323237896,
            0.03881113976240158
        ],
        [
            0.17610324919223785,
            -0.006465123035013676,
            0.035241372883319855
        ],
        [
            0.1734979748725891,
            -0.019362475723028183,
            0.036868877708911896
        ],
        [
            0.16186627745628357,
            -0.02060120552778244,
            0.031293563544750214
        ],
        [
            0.14873863756656647,
            0.019894912838935852,
            0.03827790915966034
        ],
        [
            0.15872621536254883,
            0.021602436900138855,
            0.04184214025735855
        ],
        [
            0.15835614502429962,
            0.0253819040954113,
            0.04006195068359375
        ],
        [
            0.1627373844385147,
            0.002775441622361541,
            0.053970396518707275
        ],
        [
            0.16987858712673187,
            0.0010056691244244576,
            0.05719508230686188
        ],
        [
            0.16829067468643188,
            0.00498985406011343,
            0.05316060408949852
        ],
        [
            0.16146542131900787,
            0.006932049989700317,
            0.05032484978437424
        ],
        [
            0.12906619906425476,
            0.042022425681352615,
            0.0029814187437295914
        ],
        [
            0.12464230507612228,
            0.048419348895549774,
            0.011580642312765121
        ],
        [
            0.1969670057296753,
            -0.011359546333551407,
            0.08207037299871445
        ],
        [
            0.19400884211063385,
            -0.012708136811852455,
            0.0788082629442215
        ],
        [
            0.137979656457901,
            0.018756534904241562,
            0.034131258726119995
        ],
        [
            0.1479305475950241,
            -0.020783953368663788,
            0.02602541074156761
        ],
        [
            0.12683267891407013,
            0.01888938993215561,
            0.031038466840982437
        ],
        [
            0.17055292427539825,
            0.03168923035264015,
            0.019810769706964493
        ],
        [
            0.1703212857246399,
            0.03740962594747543,
            0.02374972403049469
        ],
        [
            0.1752670407295227,
            0.03661871701478958,
            0.027123674750328064
        ],
        [
            0.17783209681510925,
            0.0329117625951767,
            0.0233292393386364
        ],
        [
            0.19211235642433167,
            0.003541388548910618,
            0.06771738827228546
        ],
        [
            0.18936070799827576,
            0.0016644694842398167,
            0.0724804624915123
        ],
        [
            0.19285565614700317,
            0.0026537738740444183,
            0.07558676600456238
        ],
        [
            0.19617116451263428,
            0.004290701821446419,
            0.07113965600728989
        ],
        [
            0.16929304599761963,
            -0.00889840628951788,
            0.06320496648550034
        ],
        [
            0.16809332370758057,
            -0.015177850611507893,
            0.06315723061561584
        ],
        [
            0.1738920956850052,
            -0.013553674332797527,
            0.0660291239619255
        ],
        [
            0.1741980016231537,
            -0.0077624330297112465,
            0.06460079550743103
        ],
        [
            0.17169009149074554,
            -0.020266175270080566,
            0.06057065352797508
        ],
        [
            0.17697356641292572,
            -0.018782686442136765,
            0.06404563039541245
        ],
        [
            0.19607669115066528,
            0.0013398658484220505,
            0.06306545436382294
        ],
        [
            0.1994694471359253,
            -0.004994633607566357,
            0.060776807367801666
        ],
        [
            0.18872609734535217,
            -0.006760992109775543,
            0.05088859051465988
        ],
        [
            0.18602290749549866,
            -0.0008476790972054005,
            0.05595996230840683
        ],
        [
            0.13016048073768616,
            0.011994502507150173,
            -0.0029262080788612366
        ],
        [
            0.12713462114334106,
            0.022585032507777214,
            -0.005098648369312286
        ],
        [
            0.13966892659664154,
            0.026172777637839317,
            0.0020047947764396667
        ],
        [
            0.15203355252742767,
            0.029719572514295578,
            0.00786050595343113
        ],
        [
            0.1633639931678772,
            0.03250737488269806,
            0.014843365177512169
        ],
        [
            0.16791680455207825,
            0.02096855640411377,
            0.01540091261267662
        ],
        [
            0.13598772883415222,
            0.03333083912730217,
            0.0005966909229755402
        ],
        [
            0.18020999431610107,
            -0.00107614416629076,
            0.047695036977529526
        ],
        [
            0.18048198521137238,
            -0.008513499051332474,
            0.04355651140213013
        ],
        [
            0.18026572465896606,
            -0.0038489936850965023,
            0.041193749755620956
        ],
        [
            0.1257316768169403,
            0.026226285845041275,
            0.030035706236958504
        ],
        [
            0.19134289026260376,
            -0.014880452305078506,
            0.07482526451349258
        ],
        [
            0.10048434883356094,
            -0.021021639928221703,
            -0.0017697513103485107
        ],
        [
            0.10450941324234009,
            -0.011263871565461159,
            -0.01073705404996872
        ],
        [
            0.11109672486782074,
            -0.012021662667393684,
            -0.005023591220378876
        ],
        [
            0.10607078671455383,
            -0.022553034126758575,
            0.006017658859491348
        ],
        [
            0.18750908970832825,
            -0.003955692518502474,
            0.07603254914283752
        ],
        [
            0.1880805492401123,
            -0.010085327550768852,
            0.07719702273607254
        ],
        [
            0.16587749123573303,
            0.0383036844432354,
            0.03586519882082939
        ],
        [
            0.1720767319202423,
            0.03630794957280159,
            0.036735545843839645
        ],
        [
            0.17396850883960724,
            0.03821268305182457,
            0.03365207836031914
        ],
        [
            0.1691894233226776,
            0.04280531033873558,
            0.0329059436917305
        ],
        [
            0.12400621920824051,
            0.02761020138859749,
            -0.005941919982433319
        ],
        [
            0.15885037183761597,
            0.05185629054903984,
            0.014229705557227135
        ],
        [
            0.16251131892204285,
            0.04353836178779602,
            0.011253375560045242
        ],
        [
            0.11611465364694595,
            0.0190134197473526,
            -0.011185649782419205
        ],
        [
            0.11889022588729858,
            0.009636358357965946,
            -0.009909383952617645
        ],
        [
            0.11068378388881683,
            0.00850676093250513,
            -0.015078473836183548
        ],
        [
            0.17632101476192474,
            0.011393968015909195,
            0.024612093344330788
        ],
        [
            0.1337602436542511,
            0.004757287912070751,
            0.000411301851272583
        ],
        [
            0.12118785083293915,
            0.003004251979291439,
            -0.006668128073215485
        ],
        [
            0.11147645115852356,
            0.001326514407992363,
            -0.012707553803920746
        ],
        [
            0.10482429713010788,
            0.0006211372092366219,
            -0.017757661640644073
        ],
        [
            0.1045617014169693,
            0.008610589429736137,
            -0.019720427691936493
        ],
        [
            0.19968679547309875,
            -0.010366183705627918,
            0.06306382268667221
        ],
        [
            0.20316573977470398,
            -0.0036419073585420847,
            0.06546887755393982
        ],
        [
            0.0983664020895958,
            0.008570211008191109,
            -0.026421919465065002
        ],
        [
            0.09857992827892303,
            -0.00028378143906593323,
            -0.02338823303580284
        ],
        [
            0.12260127067565918,
            -0.005033326335251331,
            -0.0022750087082386017
        ],
        [
            0.12266238033771515,
            -0.014449681155383587,
            0.00443321093916893
        ],
        [
            0.13461406528949738,
            -0.0029065171256661415,
            0.004577282816171646
        ],
        [
            0.13613861799240112,
            -0.012123942375183105,
            0.011307574808597565
        ],
        [
            0.17602677643299103,
            0.0008150767534971237,
            0.023985983803868294
        ],
        [
            0.21393939852714539,
            0.0027816854417324066,
            0.0793519914150238
        ],
        [
            0.20586439967155457,
            0.0022930633276700974,
            0.07143935561180115
        ],
        [
            0.2018071562051773,
            0.0047945138067007065,
            0.07470177859067917
        ],
        [
            0.21149595081806183,
            0.005740813910961151,
            0.08109511435031891
        ],
        [
            0.20005491375923157,
            0.0021279137581586838,
            0.06717544049024582
        ],
        [
            0.2073632776737213,
            -0.0031994713936001062,
            0.07000239193439484
        ],
        [
            0.13318926095962524,
            -0.022384971380233765,
            0.021016264334321022
        ],
        [
            0.1755276620388031,
            0.003752448596060276,
            0.05459771305322647
        ],
        [
            0.11656197905540466,
            -0.025390375405550003,
            0.01823556236922741
        ],
        [
            0.13514071702957153,
            -0.030892547219991684,
            0.03256484866142273
        ],
        [
            0.12292595207691193,
            -0.032267965376377106,
            0.03353855758905411
        ],
        [
            0.10004160553216934,
            -0.02858172357082367,
            0.01841769367456436
        ],
        [
            0.10804333537817001,
            -0.032672248780727386,
            0.03342817351222038
        ],
        [
            0.08931881934404373,
            -0.02524462528526783,
            0.002222660928964615
        ],
        [
            0.09554853290319443,
            -0.026071449741721153,
            0.009124960750341415
        ],
        [
            0.11999081820249557,
            -0.03426046296954155,
            0.04476615786552429
        ],
        [
