{
    "pred_cam": [
        5.6645588874816895,
        0.16248928010463715,
        0.01355930045247078
    ],
    "pred_mano_params": {
        "global_orient": [
            [
                [
                    -0.7507568001747131,
                    -0.5759397149085999,
                    -0.32350850105285645
                ],
                [
                    0.4018012583255768,
                    -0.009419811889529228,
                    -0.9156785011291504
                ],
                [
                    0.5243282318115234,
                    -0.8174378871917725,
                    0.23848529160022736
                ]
            ]
        ],
        "hand_pose": [
            [
                [
                    0.8322151303291321,
                    -0.552498459815979,
                    -0.04651183262467384
                ],
                [
                    0.5496648550033569,
                    0.8331211805343628,
                    -0.061462465673685074
                ],
                [
                    0.07270791381597519,
                    0.025584079325199127,
                    0.9970250129699707
                ]
            ],
            [
                [
                    0.9317456483840942,
                    -0.3602544665336609,
                    0.04546158015727997
                ],
                [
                    0.3601568341255188,
                    0.9009524583816528,
                    -0.24201615154743195
                ],
                [
                    0.04622867330908775,
                    0.24187079071998596,
                    0.9692066311836243
                ]
            ],
            [
                [
                    0.816210925579071,
                    -0.5740622878074646,
                    0.06520921736955643
                ],
                [
                    0.5718234181404114,
                    0.8188008666038513,
                    0.05082451552152634
                ],
                [
                    -0.08256980776786804,
                    -0.004195366986095905,
                    0.9965764880180359
                ]
            ],
            [
                [
                    0.7959789633750916,
                    -0.6011180281639099,
                    -0.07123612612485886
                ],
                [
                    0.598461389541626,
                    0.7991567850112915,
                    -0.05650131031870842
                ],
                [
                    0.09089279919862747,
                    0.0023417810443788767,
                    0.9958578944206238
                ]
            ],
            [
                [
                    0.8302293419837952,
                    -0.5281495451927185,
                    -0.17826183140277863
                ],
                [
                    0.5570539832115173,
                    0.7977297902107239,
                    0.23090696334838867
                ],
                [
                    0.020251361653208733,
                    -0.2910071909427643,
                    0.9565064907073975
                ]
            ],
            [
                [
                    0.7706794142723083,
                    -0.6367349028587341,
                    0.024938995018601418
                ],
                [
                    0.6371751427650452,
                    0.7705113291740417,
                    -0.01789366453886032
                ],
                [
                    -0.007822257466614246,
                    0.029680782929062843,
                    0.9995288848876953
                ]
            ],
            [
                [
                    0.7965967655181885,
                    -0.5768104195594788,
                    0.18089576065540314
                ],
                [
                    0.5576682090759277,
                    0.8166944980621338,
                    0.1483791172504425
                ],
                [
                    -0.23332317173480988,
                    -0.01731853000819683,
                    0.9722450375556946
                ]
            ],
            [
                [
                    0.975159764289856,
                    -0.21715500950813293,
                    0.04367101937532425
                ],
                [
                    0.19375193119049072,
                    0.9317949414253235,
                    0.306950181722641
                ],
                [
                    -0.10734819620847702,
                    -0.29086410999298096,
                    0.9507231116294861
                ]
            ],
            [
                [
                    0.957404375076294,
                    -0.27980902791023254,
                    0.07130014896392822
                ],
                [
                    0.2354585975408554,
                    0.8994618654251099,
                    0.3681405186653137
                ],
                [
                    -0.16714082658290863,
                    -0.3356711268424988,
                    0.9270321726799011
                ]
            ],
            [
                [
                    0.8313645124435425,
                    -0.5543512105941772,
                    -0.039085753262043
                ],
                [
                    0.5503717064857483,
                    0.8310543894767761,
                    -0.08024672418832779
                ],
                [
                    0.0769672617316246,
                    0.0452025905251503,
                    0.9960083365440369
                ]
            ],
            [
                [
                    0.8841221928596497,
                    -0.46677371859550476,
                    -0.021217739209532738
                ],
                [
                    0.4182034432888031,
                    0.7702375650405884,
                    0.48149770498275757
                ],
                [
                    -0.20840778946876526,
                    -0.434576153755188,
                    0.8761904835700989
                ]
            ],
            [
                [
                    0.7519187331199646,
                    -0.657419741153717,
                    -0.04916881397366524
                ],
                [
                    0.6551339626312256,
                    0.7368091940879822,
                    0.16706812381744385
                ],
                [
                    -0.07360585033893585,
                    -0.15783379971981049,
                    0.9847186207771301
                ]
            ],
            [
                [
                    0.9690815806388855,
                    0.18667402863502502,
                    -0.16134929656982422
                ],
                [
                    -0.24670839309692383,
                    0.7225517630577087,
                    -0.6457971334457397
                ],
                [
                    -0.003970348741859198,
                    0.6656363606452942,
                    0.7462656497955322
                ]
            ],
            [
                [
                    0.9071996808052063,
                    -0.2602566182613373,
                    -0.3305375576019287
                ],
                [
                    0.39111271500587463,
                    0.8111876845359802,
                    0.4347475469112396
                ],
                [
                    0.15498203039169312,
                    -0.5236803293228149,
                    0.8376988768577576
                ]
            ],
            [
                [
                    0.8978641033172607,
                    -0.17277395725250244,
                    -0.4049558937549591
                ],
                [
                    0.06810029596090317,
                    0.9632141590118408,
                    -0.2599628269672394
                ],
                [
                    0.43497413396835327,
                    0.20583362877368927,
                    0.8766013979911804
                ]
            ]
        ],
        "betas": [
            -0.03279605507850647,
            -0.07329028844833374,
            0.038678526878356934,
            -0.03356018662452698,
            0.03576439619064331,
            -0.016067024320364,
            0.03612565994262695,
            -0.026557832956314087,
            0.04006662964820862,
            -0.05646932125091553
        ]
    },
    "pred_cam_t": [
        -0.16248928010463715,
        0.01355930045247078,
        6.895947456359863
    ],
    "focal_length": [
        5000.0,
        5000.0
    ],
    "pred_keypoints_3d": [
        [
            0.09583999961614609,
            0.006390433292835951,
            0.006211088038980961
        ],
        [
            0.11449630558490753,
            -0.0268397256731987,
            0.012437436729669571
        ],
        [
            0.13124753534793854,
            -0.05269170552492142,
            0.012949231080710888
        ],
        [
            0.15316471457481384,
            -0.066916823387146,
            0.005684289615601301
        ],
        [
            0.1857260912656784,
            -0.07431671768426895,
            -0.0042496249079704285
        ],
        [
            0.15837717056274414,
            -0.047935646027326584,
            -0.030844882130622864
        ],
        [
            0.1890796720981598,
            -0.0596139021217823,
            -0.03424246236681938
        ],
        [
            0.20959550142288208,
            -0.06125129386782646,
            -0.025891313329339027
        ],
        [
            0.22562222182750702,
            -0.05742828920483589,
            -0.007113650441169739
        ],
        [
            0.1689774990081787,
            -0.028591860085725784,
            -0.04310687631368637
        ],
        [
            0.20061296224594116,
            -0.03104264661669731,
            -0.044696733355522156
        ],
        [
            0.21883779764175415,
            -0.02778955176472664,
            -0.030527228489518166
        ],
        [
            0.2287457287311554,
            -0.024299630895256996,
            -0.007336802780628204
        ],
        [
            0.16826322674751282,
            -0.0019898083992302418,
            -0.039924055337905884
        ],
        [
            0.1967751830816269,
            -0.005213236436247826,
            -0.04349277913570404
        ],
        [
            0.21738576889038086,
            -0.005362051539123058,
            -0.029654324054718018
        ],
        [
            0.22834911942481995,
            -0.006883461028337479,
            -0.006980340927839279
        ],
        [
            0.16736142337322235,
            0.018459377810359,
            -0.03215368837118149
        ],
        [
            0.1884869635105133,
            0.019685477018356323,
            -0.03315985947847366
        ],
        [
            0.2062978446483612,
            0.019352803006768227,
            -0.026564018800854683
        ],
        [
            0.22153057157993317,
            0.01559964008629322,
            -0.014391780830919743
        ]
    ],
    "pred_vertices": [
        [
            0.13767516613006592,
            -0.02857079915702343,
            -0.002276953309774399
        ],
        [
            0.1313680112361908,
            -0.023889629170298576,
            0.004444442689418793
        ],
        [
            0.13683047890663147,
            -0.03341670334339142,
            0.005242582410573959
        ],
        [
            0.14148733019828796,
            -0.03763160854578018,
            -0.0012497790157794952
        ],
        [
            0.12908156216144562,
            -0.027613665908575058,
            0.024227097630500793
        ],
        [
            0.12031611055135727,
            -0.03280491381883621,
            0.03106660209596157
        ],
        [
            0.1315247118473053,
            -0.04577063024044037,
            0.02741508185863495
        ],
        [
            0.13783913850784302,
            -0.039300139993429184,
            0.023034052923321724
        ],
        [
            0.14333395659923553,
            -0.045538753271102905,
            -0.002225089818239212
        ],
        [
            0.14111103117465973,
            -0.040895942598581314,
            0.005731739103794098
        ],
        [
            0.13995496928691864,
            -0.049166489392519,
            -0.00434204563498497
        ],
        [
            0.13978907465934753,
            -0.05359726399183273,
            -0.01580742932856083
        ],
        [
            0.14463303983211517,
            -0.04958311468362808,
            -0.011073034256696701
        ],
        [
            0.14330367743968964,
            -0.05540269613265991,
            -0.023110857233405113
        ],
        [
            0.12909862399101257,
            -0.05205181613564491,
            -0.019352193921804428
        ],
        [
            0.1389744132757187,
            -0.05245083197951317,
            -0.03122582472860813
        ],
        [
            0.1240549385547638,
            -0.026840636506676674,
            -0.03257543221116066
        ],
        [
            0.12531611323356628,
            -0.013452347368001938,
            -0.034350551664829254
        ],
        [
            0.13910073041915894,
            -0.018453262746334076,
            -0.0432836078107357
        ],
        [
            0.13714168965816498,
            -0.031576983630657196,
            -0.03995510935783386
        ],
        [
            0.13872313499450684,
            0.0019954247400164604,
            -0.0386127345263958
        ],
        [
            0.13963522017002106,
            -0.009430746547877789,
            -0.04183915629982948
        ],
        [
            0.12521237134933472,
            -0.004410404711961746,
            -0.03396225720643997
        ],
        [
            0.12528903782367706,
            0.005573971197009087,
            -0.031402334570884705
        ],
        [
            0.13411112129688263,
            -0.012555407360196114,
            -0.003064025193452835
        ],
        [
            0.12691766023635864,
            -0.007542353123426437,
            0.0033140629529953003
        ],
        [
            0.12740671634674072,
            -0.013424577191472054,
            0.003037247806787491
        ],
        [
            0.13427656888961792,
            -0.01816640794277191,
            -0.0027221962809562683
        ],
        [
            0.1348564177751541,
            -0.05623254552483559,
            -0.000502709299325943
        ],
        [
            0.12480717152357101,
            -0.05446682870388031,
            -0.0032572876662015915
        ],
        [
            0.13204652070999146,
            -0.052527058869600296,
            -0.006439670920372009
        ],
        [
            0.13951584696769714,
            -0.05324380844831467,
            0.0004443097859621048
        ],
        [
            0.11414436250925064,
            0.011166319251060486,
            0.02147967368364334
        ],
        [
            0.10099586844444275,
            0.01368902251124382,
            0.023364748805761337
        ],
        [
            0.099373459815979,
            0.008058808743953705,
            0.023917201906442642
        ],
        [
            0.11162471771240234,
            0.0070206038653850555,
            0.021610204130411148
        ],
        [
            0.10293924808502197,
            -0.014474131166934967,
            0.029650472104549408
        ],
        [
            0.09354443103075027,
            -0.008872553706169128,
            0.026830870658159256
        ],
        [
            0.08176504820585251,
            -0.01592255011200905,
            0.024121440947055817
        ],
        [
            0.08947212994098663,
            -0.022961758077144623,
            0.023944344371557236
        ],
        [
            0.1123276874423027,
            -0.023380544036626816,
            0.03131494298577309
        ],
        [
            0.10028344392776489,
            -0.030611295253038406,
            0.028581999242305756
        ],
        [
            0.11087523400783539,
            -0.039544105529785156,
            0.029305879026651382
        ],
        [
            0.12414711713790894,
            -0.05157409608364105,
            0.025692308321595192
        ],
        [
            0.10287061333656311,
            0.025881130248308182,
            0.019656486809253693
        ],
        [
            0.112958163022995,
            0.025835469365119934,
            0.018233176320791245
        ],
        [
            0.19091588258743286,
            -0.06167985871434212,
            -0.022443663328886032
        ],
        [
            0.19312216341495514,
            -0.056187789887189865,
            -0.023177646100521088
        ],
        [
            0.18842831254005432,
            -0.055447015911340714,
            -0.02283002808690071
        ],
        [
            0.18707206845283508,
            -0.061039820313453674,
            -0.022601906210184097
        ],
        [
            0.1037832573056221,
            0.0347210168838501,
            0.001426737755537033
        ],
        [
            0.09884539246559143,
            0.033214591443538666,
            -0.007301747798919678
        ],
        [
            0.09411543607711792,
            0.03627317398786545,
            -0.0026375912129878998
        ],
        [
            0.09791158884763718,
            0.0360017865896225,
            0.006021406501531601
        ],
        [
            0.11159124225378036,
            0.03286457806825638,
            -0.004546958953142166
        ],
        [
            0.10564914345741272,
            0.028481224551796913,
            -0.013140905648469925
        ],
        [
            0.19258053600788116,
            -0.06837200373411179,
            -0.033213622868061066
        ],
        [
            0.19146786630153656,
            -0.06857157498598099,
            -0.028150223195552826
        ],
        [
            0.1866791993379593,
            -0.06792794913053513,
            -0.030187584459781647
        ],
        [
            0.18714258074760437,
            -0.0667390525341034,
            -0.035379502922296524
        ],
        [
            0.14606696367263794,
            -0.04236425459384918,
            -0.007877545431256294
        ],
        [
            0.14487293362617493,
            -0.03284228965640068,
            -0.00717543251812458
        ],
        [
            0.15876230597496033,
            -0.046051014214754105,
            -0.018571285530924797
        ],
        [
            0.15330442786216736,
            -0.04022599756717682,
            -0.015200600028038025
        ],
        [
            0.15027686953544617,
            -0.04673072695732117,
            -0.014371305704116821
        ],
        [
            0.1544938087463379,
            -0.05099231004714966,
            -0.018256019800901413
        ],
        [
            0.15208449959754944,
            -0.016602007672190666,
            -0.016635822132229805
        ],
        [
            0.14281898736953735,
            -0.013097980991005898,
            -0.010327091440558434
        ],
        [
            0.1432477831840515,
            -0.019725846126675606,
            -0.01045604981482029
        ],
        [
            0.15348078310489655,
            -0.025142433121800423,
            -0.016398070380091667
        ],
        [
            0.14537717401981354,
            0.0008156858384609222,
            -0.008983444422483444
        ],
        [
            0.1540737748146057,
            -0.00377099122852087,
            -0.015686077997088432
        ],
        [
            0.15455113351345062,
            0.004656652919948101,
            -0.014161713421344757
        ],
        [
            0.14879271388053894,
            0.006416811607778072,
            -0.008818890899419785
        ],
        [
            0.16746598482131958,
            -0.014524964615702629,
            -0.027470843866467476
        ],
        [
            0.17218442261219025,
            -0.01689736917614937,
            -0.032260697335004807
        ],
        [
            0.174228698015213,
            -0.01390434242784977,
            -0.03225606679916382
        ],
        [
            0.16770151257514954,
            -0.010969726368784904,
            -0.02738916501402855
        ],
        [
            0.08868404477834702,
            0.03884891793131828,
            0.0011428706347942352
        ],
        [
            0.09190685302019119,
            0.036362506449222565,
            0.010134465992450714
        ],
        [
            0.14121782779693604,
            0.022421739995479584,
            -0.031483717262744904
        ],
        [
            0.1422891765832901,
            0.029304198920726776,
            -0.02273762971162796
        ],
        [
            0.1534280627965927,
            0.02859366312623024,
            -0.02894255891442299
        ],
        [
            0.14932522177696228,
            0.02137543447315693,
            -0.03704840689897537
        ],
        [
            0.09479843825101852,
            0.02605586312711239,
            -0.013719713315367699
        ],
        [
            0.0898887887597084,
            0.031154807657003403,
            -0.010269548743963242
        ],
        [
            0.1946284919977188,
            -0.06455881893634796,
            -0.03773318976163864
        ],
        [
            0.18906977772712708,
            -0.06242981553077698,
            -0.03918231651186943
        ],
        [
            0.10118524730205536,
            -0.04189270734786987,
            0.019808541983366013
        ],
        [
            0.11781175434589386,
            -0.05482584238052368,
            0.01943724974989891
        ],
        [
            0.08970603346824646,
            -0.03112369030714035,
            0.017294079065322876
        ],
        [
            0.08204221725463867,
            -0.023488521575927734,
            0.01448897272348404
        ],
        [
            0.07468236237764359,
            -0.01858847588300705,
            0.0146261528134346
        ],
        [
            0.15769465267658234,
            -0.03574952483177185,
            -0.018115349113941193
        ],
        [
            0.1410587728023529,
            -0.02417738363146782,
            -0.006981197744607925
        ],
        [
            0.13455668091773987,
            -0.007460353896021843,
            -0.0029745399951934814
        ],
        [
            0.144840270280838,
            0.02158478833734989,
            -0.0010413117706775665
        ],
        [
            0.1366957724094391,
            0.02419544756412506,
            0.005259964615106583
        ],
        [
            0.13813257217407227,
            0.013648634776473045,
            0.004564609378576279
        ],
        [
            0.1446416825056076,
            0.013571256771683693,
            -0.0013744309544563293
        ],
        [
            0.1476082056760788,
            0.03051869571208954,
            -0.014490459114313126
        ],
        [
            0.1516687572002411,
            0.025391051545739174,
            -0.009865295141935349
        ],
        [
            0.15866583585739136,
            0.023632129654288292,
            -0.015389908105134964
        ],
        [
            0.15625783801078796,
            0.028873782604932785,
            -0.020406873896718025
        ],
        [
            0.13062864542007446,
            -0.06181749701499939,
            0.002229718491435051
        ],
        [
            0.11891459673643112,
            -0.056416105479002,
            0.0011411551386117935
        ],
        [
            0.10816318541765213,
            0.0325118750333786,
            0.010863203555345535
        ],
        [
            0.10135480761528015,
            0.03162851557135582,
            0.014549106359481812
        ],
        [
            0.09323713928461075,
            0.03260277956724167,
            0.016824975609779358
        ],
        [
            0.12063261866569519,
            0.0007561817765235901,
            0.013313345611095428
        ],
        [
            0.10997821390628815,
            0.00412813201546669,
            0.02191498875617981
        ],
        [
            0.11007678508758545,
            -0.00026916712522506714,
            0.02274995669722557
        ],
        [
            0.11997818946838379,
            -0.0022588856518268585,
            0.01250351220369339
        ],
        [
            0.12741172313690186,
            -0.018360141664743423,
            0.013520609587430954
        ],
        [
            0.11988507211208344,
            -0.015311218798160553,
            0.024431444704532623
        ],
        [
            0.1352272778749466,
            -0.028343144804239273,
            0.013597410172224045
        ],
        [
            0.09577679634094238,
            0.0009951740503311157,
            0.02561051771044731
        ],
        [
            0.0900411531329155,
            0.010146353393793106,
            0.02778107300400734
        ],
        [
            0.08665504306554794,
            0.0019213780760765076,
            0.028275027871131897
        ],
        [
            0.09204114973545074,
            0.01946304552257061,
            0.02534482255578041
        ],
        [
            0.09337352216243744,
            0.027550632134079933,
            0.02175116539001465
        ],
        [
            0.08282850682735443,
            0.03573598712682724,
            -0.008867546916007996
        ],
        [
            0.08358705788850784,
            -0.005796939134597778,
            0.026924293488264084
        ],
        [
            0.1423044502735138,
            -0.04758094996213913,
            0.020785894244909286
        ],
        [
            0.14612486958503723,
            -0.05410144478082657,
            0.01801748014986515
        ],
        [
            0.14708003401756287,
            -0.04993588849902153,
            0.011925335973501205
        ],
        [
            0.14379377663135529,
            -0.04450201243162155,
            0.013470202684402466
        ],
        [
            0.14958027005195618,
            -0.057439833879470825,
            -0.029184872284531593
        ],
        [
            0.15250147879123688,
            -0.055683888494968414,
            -0.021995682269334793
        ],
        [
            0.14624051749706268,
            -0.0530446320772171,
            -0.016589634120464325
        ],
        [
            0.12404996156692505,
            0.013159304857254028,
            0.0157642625272274
        ],
        [
            0.12271416187286377,
            0.025539616122841835,
            0.013478118926286697
        ],
        [
            0.16315586864948273,
            -0.042058758437633514,
            -0.021708127111196518
        ],
        [
            0.1822618842124939,
            -0.0652017742395401,
            -0.03728411719202995
        ],
        [
            0.18143758177757263,
            -0.06680459529161453,
            -0.03161467984318733
        ],
        [
            0.16362304985523224,
            -0.06142079830169678,
            -0.031216353178024292
        ],
        [
            0.16498662531375885,
            -0.05990999564528465,
            -0.037847068160772324
        ],
        [
            0.16968370974063873,
            -0.041567035019397736,
            -0.03010818362236023
        ],
        [
            0.16683052480220795,
            -0.043605126440525055,
            -0.023922743275761604
        ],
        [
            0.16893503069877625,
            -0.04424558952450752,
            -0.025380142033100128
        ],
        [
            0.1730145364999771,
            -0.041822101920843124,
            -0.029935574159026146
        ],
        [
            0.1725476086139679,
            -0.005047644022852182,
            -0.02995012141764164
        ],
        [
            0.16716375946998596,
            -0.002561884932219982,
            -0.02564656361937523
        ],
        [
            0.15241111814975739,
            -0.035392679274082184,
            -0.04433324933052063
        ],
        [
            0.14580217003822327,
            -0.04744608327746391,
            -0.04348672926425934
        ],
        [
            0.1354212611913681,
            -0.04342461749911308,
            -0.0370224304497242
        ],
        [
            0.15233445167541504,
            -0.009145712479948997,
            -0.015998831018805504
        ],
        [
            0.16086417436599731,
            -0.011516875587403774,
            -0.02172383852303028
        ],
        [
            0.1613447070121765,
            -0.007394441403448582,
            -0.021740084514021873
        ],
        [
            0.16103650629520416,
            -0.03392030671238899,
            -0.021158747375011444
        ],
        [
            0.16597473621368408,
            -0.037901442497968674,
            -0.025225291028618813
        ],
        [
            0.1647026687860489,
            -0.032823558896780014,
            -0.025442011654376984
        ],
        [
            0.16029377281665802,
            -0.028576774522662163,
            -0.021353742107748985
        ],
        [
            0.13062188029289246,
            0.03131818771362305,
            -0.0170432161539793
        ],
        [
            0.1369832456111908,
            0.033062808215618134,
            -0.007446851581335068
        ],
        [
            0.19061174988746643,
            -0.06612108647823334,
            -0.024256180971860886
        ],
        [
            0.1863652914762497,
            -0.06563762575387955,
            -0.025390127673745155
        ],
        [
            0.14323553442955017,
            -0.0058652181178331375,
            -0.00981808640062809
        ],
        [
            0.12430766224861145,
            -0.03782524913549423,
            -0.028611481189727783
        ],
        [
            0.13529618084430695,
            -0.0020096059888601303,
            -0.002542153000831604
        ],
        [
            0.160085529088974,
            0.005832490511238575,
            -0.042149074375629425
        ],
        [
            0.16599860787391663,
            0.00850641168653965,
            -0.03705558925867081
        ],
        [
            0.1705702841281891,
            0.0054587810300290585,
            -0.03863375261425972
        ],
        [
            0.16820064187049866,
            0.0035841751378029585,
            -0.04406435042619705
        ],
        [
            0.18706783652305603,
            -0.046763643622398376,
            -0.03147183731198311
        ],
        [
            0.18656210601329803,
            -0.048997074365615845,
            -0.026109769940376282
        ],
        [
            0.19043409824371338,
            -0.050439249724149704,
            -0.02598685957491398
        ],
        [
            0.1916588544845581,
            -0.04861481860280037,
            -0.03139602020382881
        ],
        [
            0.16368232667446136,
            -0.0477345734834671,
            -0.02102738991379738
        ],
        [
            0.16002698242664337,
            -0.052988164126873016,
            -0.020529352128505707
        ],
        [
            0.16545866429805756,
            -0.0540744848549366,
            -0.02169111743569374
        ],
        [
            0.1678006947040558,
            -0.04865401238203049,
            -0.022907791659235954
        ],
        [
            0.1581278294324875,
            -0.05759704113006592,
            -0.024653274565935135
        ],
        [
            0.16358380019664764,
            -0.059097182005643845,
            -0.025286687538027763
        ],
        [
            0.1867683231830597,
            -0.04847434163093567,
            -0.03772810474038124
        ],
        [
            0.18536986410617828,
            -0.05449726805090904,
            -0.04200783371925354
        ],
        [
            0.17054124176502228,
            -0.048115819692611694,
            -0.04259635880589485
        ],
        [
            0.17448878288269043,
            -0.043839868158102036,
            -0.03710136190056801
        ],
        [
            0.11175154894590378,
            0.009017711505293846,
            -0.02559090405702591
        ],
        [
            0.11424712091684341,
            0.01955721154808998,
            -0.022779522463679314
        ],
        [
            0.12773515284061432,
            0.016459094360470772,
            -0.02861063741147518
        ],
        [
            0.14053116738796234,
            0.01404515840113163,
            -0.03527272120118141
        ],
        [
            0.15286952257156372,
            0.010581478476524353,
            -0.04054239019751549
        ],
        [
            0.14970743656158447,
            -0.00028078164905309677,
            -0.04564226418733597
        ],
        [
            0.12850023806095123,
            0.023928483948111534,
            -0.02532353065907955
        ],
        [
            0.1654650866985321,
            -0.03737365081906319,
            -0.037855181843042374
        ],
        [
            0.15980087220668793,
            -0.042948249727487564,
            -0.04250328242778778
        ],
        [
            0.16028133034706116,
            -0.03687835857272148,
            -0.04248938709497452
        ],
        [
            0.13785137236118317,
            0.0048520490527153015,
            -0.0010424889624118805
        ],
        [
            0.18127091228961945,
            -0.06511001288890839,
            -0.026527035981416702
        ],
        [
            0.07837266474962234,
            -0.012818053364753723,
            -0.006439941003918648
        ],
        [
            0.08019901067018509,
            -0.0011828877031803131,
            -0.012881604954600334
        ],
        [
            0.08713174611330032,
            -0.006036035716533661,
            -0.015207353979349136
        ],
        [
            0.0855218693614006,
            -0.018951572477817535,
            -0.007219117134809494
        ],
        [
            0.18443270027637482,
            -0.05446884036064148,
            -0.022479811683297157
        ],
        [
            0.18235525488853455,
            -0.06047852337360382,
            -0.022304637357592583
        ],
        [
            0.16926974058151245,
            0.0038433782756328583,
            -0.026202717795968056
        ],
        [
            0.17322967946529388,
            0.0007569976150989532,
            -0.03040006011724472
        ],
        [
            0.17393457889556885,
            0.0037741526030004025,
            -0.03312499448657036
        ],
        [
            0.17255154252052307,
            0.00849246047437191,
            -0.028384946286678314
        ],
        [
            0.11461792141199112,
            0.024818457663059235,
            -0.019962789490818977
        ],
        [
            0.16096490621566772,
            0.027814343571662903,
            -0.031532786786556244
        ],
        [
            0.15725262463092804,
            0.021526720374822617,
            -0.039027441293001175
        ],
        [
            0.10235869884490967,
            0.02185114659368992,
            -0.017736798152327538
        ],
        [
            0.0997716635465622,
            0.012854529544711113,
            -0.020706797018647194
        ],
        [
            0.09130281209945679,
            0.016195937991142273,
            -0.017158225178718567
        ],
        [
            0.15507178008556366,
            -0.014831454493105412,
            -0.04765933007001877
        ],
        [
            0.11205902695655823,
            0.0005651731044054031,
            -0.027714356780052185
        ],
        [
            0.09961529076099396,
            0.0052271392196416855,
            -0.021773217245936394
        ],
        [
            0.08947544544935226,
            0.00886174663901329,
            -0.017582861706614494
        ],
        [
            0.08217085897922516,
            0.012195171788334846,
            -0.01517806202173233
        ],
        [
            0.08498463034629822,
            0.019881930202245712,
            -0.01480969786643982
        ],
        [
            0.1840466558933258,
            -0.060215216130018234,
            -0.04079247638583183
        ],
        [
            0.19135722517967224,
            -0.05626107379794121,
            -0.04080411046743393
        ],
        [
            0.07722771167755127,
            0.024530306458473206,
            -0.013604924082756042
        ],
        [
            0.07461842149496078,
            0.015587525442242622,
            -0.013444829732179642
        ],
        [
            0.09897228330373764,
            -0.003987349569797516,
            -0.021694593131542206
        ],
        [
            0.09847872704267502,
            -0.015187563374638557,
            -0.019891878589987755
        ],
        [
            0.11116966605186462,
            -0.008126331493258476,
            -0.027238670736551285
        ],
        [
            0.11165834963321686,
            -0.01962110958993435,
            -0.026277221739292145
        ],
        [
            0.1490962654352188,
            -0.023530470207333565,
            -0.050058864057064056
        ],
        [
            0.20878180861473083,
            -0.056825220584869385,
            -0.03415870666503906
        ],
        [
            0.19838155806064606,
            -0.05340805649757385,
            -0.037183213979005814
        ],
        [
            0.19718590378761292,
            -0.05067821219563484,
            -0.03215176239609718
        ],
        [
            0.20792405307292938,
            -0.053455423563718796,
            -0.03155010566115379
        ],
        [
            0.19201704859733582,
            -0.05050017684698105,
            -0.03699573874473572
        ],
        [
            0.1970248967409134,
            -0.05845600366592407,
            -0.03944868966937065
        ],
        [
            0.11164329946041107,
            -0.03308603912591934,
            -0.020113706588745117
        ],
        [
            0.16901998221874237,
            -0.03551684319972992,
            -0.029835741966962814
        ],
        [
            0.0980946347117424,
            -0.029827911406755447,
            -0.009440314024686813
        ],
        [
            0.1166396215558052,
            -0.04838782548904419,
            -0.01383017934858799
        ],
        [
            0.10788391530513763,
            -0.04601436108350754,
            -0.0037557054311037064
        ],
        [
            0.08549968898296356,
            -0.027909662574529648,
            0.0030865035951137543
        ],
        [
            0.09628644585609436,
            -0.04057778790593147,
            0.0065192244946956635
        ],
        [
            0.07224494218826294,
            -0.016024116426706314,
            0.004088986665010452
        ],
        [
            0.07916036993265152,
