{
    "pred_cam": [
        5.440418243408203,
        0.16404655575752258,
        -0.03282066434621811
    ],
    "pred_mano_params": {
        "global_orient": [
            [
                [
                    -0.9195336103439331,
                    0.37835776805877686,
                    -0.1063171923160553
                ],
                [
                    -0.04884057492017746,
                    -0.37843450903892517,
                    -0.924338698387146
                ],
                [
                    -0.3899647891521454,
                    -0.8447678685188293,
                    0.36646246910095215
                ]
            ]
        ],
        "hand_pose": [
            [
                [
                    0.9467582106590271,
                    -0.2958816885948181,
                    -0.12689730525016785
                ],
                [
                    0.30393722653388977,
                    0.9514190554618835,
                    0.04923374578356743
                ],
                [
                    0.10616514831781387,
                    -0.08518127351999283,
                    0.9906932711601257
                ]
            ],
            [
                [
                    0.993372917175293,
                    -0.09045691043138504,
                    0.07090682536363602
                ],
                [
                    0.10658351331949234,
                    0.9558719396591187,
                    -0.2737676203250885
                ],
                [
                    -0.043013691902160645,
                    0.27951082587242126,
                    0.9591785073280334
                ]
            ],
            [
                [
                    0.9746884107589722,
                    -0.1446305513381958,
                    0.17048342525959015
                ],
                [
                    0.12317277491092682,
                    0.9837815165519714,
                    0.13039305806159973
                ],
                [
                    -0.18657727539539337,
                    -0.10609368234872818,
                    0.9766950011253357
                ]
            ],
            [
                [
                    0.9414539933204651,
                    -0.3322555124759674,
                    -0.05718858912587166
                ],
                [
                    0.3293916583061218,
                    0.9426443576812744,
                    -0.054061900824308395
                ],
                [
                    0.07187087088823318,
                    0.03205935284495354,
                    0.9968984723091125
                ]
            ],
            [
                [
                    0.997521698474884,
                    0.06388608366250992,
                    -0.029480434954166412
                ],
                [
                    -0.053477831184864044,
                    0.9607005715370178,
                    0.2723868787288666
                ],
                [
                    0.04572359472513199,
                    -0.2701352536678314,
                    0.9617361426353455
                ]
            ],
            [
                [
                    0.9699923396110535,
                    -0.21794965863227844,
                    0.10776293277740479
                ],
                [
                    0.2237294316291809,
                    0.9736269116401672,
                    -0.044673554599285126
                ],
                [
                    -0.0951843112707138,
                    0.06744274497032166,
                    0.9931724071502686
                ]
            ],
            [
                [
                    0.9801556468009949,
                    -0.14125536382198334,
                    0.13907523453235626
                ],
                [
                    0.165927454829216,
                    0.9684900045394897,
                    -0.18572880327701569
                ],
                [
                    -0.1084577888250351,
                    0.20511950552463531,
                    0.972709059715271
                ]
            ],
            [
                [
                    0.9363082647323608,
                    -0.3511732220649719,
                    0.002032461343333125
                ],
                [
                    0.29728713631629944,
                    0.7956898808479309,
                    0.5277290344238281
                ],
                [
                    -0.18694153428077698,
                    -0.4935128688812256,
                    0.8494102954864502
                ]
            ],
            [
                [
                    0.8578011393547058,
                    -0.5137097835540771,
                    0.01671731285750866
                ],
                [
                    0.4169684052467346,
                    0.7145416140556335,
                    0.561754047870636
                ],
                [
                    -0.3005237579345703,
                    -0.4749026894569397,
                    0.8271353840827942
                ]
            ],
            [
                [
                    0.9528802037239075,
                    -0.2654537260532379,
                    -0.14681114256381989
                ],
                [
                    0.23856136202812195,
                    0.9547042846679688,
                    -0.17784331738948822
                ],
                [
                    0.1873703896999359,
                    0.13443993031978607,
                    0.973045825958252
                ]
            ],
            [
                [
                    0.9902620315551758,
                    -0.13538505136966705,
                    0.03243359178304672
                ],
                [
                    0.10574309527873993,
                    0.8830026984214783,
                    0.4573014974594116
                ],
                [
                    -0.09055070579051971,
                    -0.44941869378089905,
                    0.8887200951576233
                ]
            ],
            [
                [
                    0.8456294536590576,
                    -0.5306673049926758,
                    0.05747200921177864
                ],
                [
                    0.5173060297966003,
                    0.8413172960281372,
                    0.1567789614200592
                ],
                [
                    -0.131549671292305,
                    -0.10284628719091415,
                    0.985960066318512
                ]
            ],
            [
                [
                    0.6995855569839478,
                    0.22944320738315582,
                    -0.6767096519470215
                ],
                [
                    -0.6513692736625671,
                    0.5941253304481506,
                    -0.47194623947143555
                ],
                [
                    0.29376542568206787,
                    0.7709546089172363,
                    0.5650937557220459
                ]
            ],
            [
                [
                    0.783133327960968,
                    -0.43826523423194885,
                    -0.44116419553756714
                ],
                [
                    0.5890440344810486,
                    0.7502040266990662,
                    0.30036818981170654
                ],
                [
                    0.19932223856449127,
                    -0.4950934648513794,
                    0.84566730260849
                ]
            ],
            [
                [
                    0.8097918629646301,
                    -0.5774884223937988,
                    0.10365462303161621
                ],
                [
                    0.5829189419746399,
                    0.7718242406845093,
                    -0.25395455956459045
                ],
                [
                    0.06665265560150146,
                    0.2660726010799408,
                    0.9616459608078003
                ]
            ]
        ],
        "betas": [
            -0.10914596915245056,
            -0.11651942133903503,
            0.013461112976074219,
            0.00036981701850891113,
            -0.010750830173492432,
            -0.029596608132123947,
            0.03562310338020325,
            -0.010155826807022095,
            -0.030782848596572876,
            -0.06822413206100464
        ]
    },
    "pred_cam_t": [
        -0.16404655575752258,
        -0.03282066434621811,
        7.180054664611816
    ],
    "focal_length": [
        5000.0,
        5000.0
    ],
    "pred_keypoints_3d": [
        [
            0.09621277451515198,
            0.006428128574043512,
            0.006232844199985266
        ],
        [
            0.10976589471101761,
            -0.010501964017748833,
            0.038400087505578995
        ],
        [
            0.13700801134109497,
            -0.017643161118030548,
            0.05127368122339249
        ],
        [
            0.16178470849990845,
            -0.007470279932022095,
            0.056176699697971344
        ],
        [
            0.18382205069065094,
            0.005457906052470207,
            0.07903888076543808
        ],
        [
            0.17346203327178955,
            -0.006414244417101145,
            0.05276466906070709
        ],
        [
            0.2012501209974289,
            -0.001083375420421362,
            0.06998904049396515
        ],
        [
            0.21581518650054932,
            0.005138437729328871,
            0.0856703668832779
        ],
        [
            0.23047858476638794,
            0.008904742076992989,
            0.1056770533323288
        ],
        [
            0.18354147672653198,
            0.014824073761701584,
            0.04336310550570488
        ],
        [
            0.20861223340034485,
            0.02656489983201027,
            0.05915146321058273
        ],
        [
            0.22540545463562012,
            0.036453694105148315,
            0.07209550589323044
        ],
        [
            0.24441224336624146,
            0.04469618201255798,
            0.08795526623725891
        ],
        [
            0.1732022762298584,
            0.03679905831813812,
            0.03179829567670822
        ],
        [
            0.19762484729290009,
            0.04883358255028725,
            0.041946426033973694
        ],
        [
            0.21224039793014526,
            0.06285381317138672,
            0.05651050806045532
        ],
        [
            0.22108255326747894,
            0.07353333383798599,
            0.07775595784187317
        ],
        [
            0.16072949767112732,
            0.0538109615445137,
            0.025709135457873344
        ],
        [
            0.17873269319534302,
            0.06444298475980759,
            0.029556702822446823
        ],
        [
            0.1874670833349228,
            0.07508230954408646,
            0.042766015976667404
        ],
        [
            0.18675416707992554,
            0.07883799821138382,
            0.06191587075591087
        ]
    ],
    "pred_vertices": [
        [
            0.13291239738464355,
            0.0004362533800303936,
            0.04344228655099869
        ],
        [
            0.1219765692949295,
            0.0014597494155168533,
            0.03920423984527588
        ],
        [
            0.1294761598110199,
            -0.0020153559744358063,
            0.04378283768892288
        ],
        [
            0.1371959000825882,
            -0.004261416383087635,
            0.04844573140144348
        ],
        [
            0.1145884096622467,
            -0.00031399913132190704,
            0.052973195910453796
        ],
        [
            0.10802140831947327,
            -0.009913947433233261,
            0.05765582621097565
        ],
        [
            0.1262105405330658,
            -0.012241126038134098,
            0.06280666589736938
        ],
        [
            0.12824684381484985,
            -0.0028327498584985733,
            0.05800098180770874
        ],
        [
            0.14239515364170074,
            -0.008759278804063797,
            0.04977153241634369
        ],
        [
            0.13587093353271484,
            -0.004669206216931343,
            0.04769831895828247
        ],
        [
            0.1444060355424881,
            -0.012239614501595497,
            0.04508460685610771
        ],
        [
            0.15325698256492615,
            -0.01885501854121685,
            0.04605090990662575
        ],
        [
            0.15059500932693481,
            -0.013096942566335201,
            0.05156514793634415
        ],
        [
            0.16133837401866913,
            -0.019678732380270958,
            0.04768196493387222
        ],
        [
            0.15007373690605164,
            -0.02403515949845314,
            0.03721566125750542
        ],
        [
            0.16408202052116394,
            -0.020077122375369072,
            0.03911192715167999
        ],
        [
            0.1509968489408493,
            -0.007948366925120354,
            0.018463142216205597
        ],
        [
            0.1496334671974182,
            0.0037771612405776978,
            0.012120470404624939
        ],
        [
            0.1646345853805542,
            0.006703835912048817,
            0.01879577711224556
        ],
        [
            0.1645665019750595,
            -0.005024590529501438,
            0.02536619082093239
        ],
        [
            0.15486404299736023,
            0.023543089628219604,
            0.011423779651522636
        ],
        [
            0.1613190919160843,
            0.014514725655317307,
            0.015604700893163681
        ],
        [
            0.14675118029117584,
            0.011248051188886166,
            0.007893115282058716
        ],
        [
            0.14182615280151367,
            0.01971348188817501,
            0.004597805440425873
        ],
        [
            0.12809355556964874,
            0.011325960978865623,
            0.0352727472782135
        ],
        [
            0.11684159934520721,
            0.011721353977918625,
            0.03159261494874954
        ],
        [
            0.11769546568393707,
            0.007095711305737495,
            0.03364567458629608
        ],
        [
            0.12888629734516144,
            0.006813438609242439,
            0.03767471760511398
        ],
        [
            0.1461115926504135,
            -0.01696697436273098,
            0.043040841817855835
        ],
        [
            0.13950711488723755,
            -0.02560359425842762,
            0.04110477492213249
        ],
        [
            0.14365269243717194,
            -0.019715122878551483,
            0.04132070764899254
        ],
        [
            0.1460304707288742,
            -0.011699918657541275,
            0.0443229079246521
        ],
        [
            0.09152184426784515,
            0.021490542218089104,
            0.02483433298766613
        ],
        [
            0.0826251432299614,
            0.016419589519500732,
            0.01593143492937088
        ],
        [
            0.08284121006727219,
            0.010852281004190445,
            0.01805081218481064
        ],
        [
            0.09095709770917892,
            0.016572585329413414,
            0.025536170229315758
        ],
        [
            0.08716136962175369,
            -0.005263551138341427,
            0.038332194089889526
        ],
        [
            0.08227165043354034,
            -0.00621507503092289,
            0.025920171290636063
        ],
        [
            0.08083227276802063,
            -0.018702665343880653,
            0.019600760191679
        ],
        [
            0.08762812614440918,
            -0.0202401764690876,
            0.029485851526260376
        ],
        [
            0.09654487669467926,
            -0.00697733461856842,
            0.05019184201955795
        ],
        [
            0.09439293295145035,
            -0.02029316872358322,
            0.04455888271331787
        ],
        [
            0.10731437802314758,
            -0.021580399945378304,
            0.05554153025150299
        ],
        [
            0.12704160809516907,
            -0.021746082231402397,
            0.06174439191818237
        ],
        [
            0.08322466164827347,
            0.02738623321056366,
            0.009135160595178604
        ],
        [
            0.08955554664134979,
            0.032875481992959976,
            0.01500995084643364
        ],
        [
            0.1983819603919983,
            -0.0018545901402831078,
            0.0814119279384613
        ],
        [
            0.19883950054645538,
            0.003933759406208992,
            0.08061406016349792
        ],
        [
            0.19389328360557556,
            0.002546267583966255,
            0.07769260555505753
        ],
        [
            0.1946692019701004,
            -0.0029799705371260643,
            0.07890675961971283
        ],
        [
            0.09621550142765045,
            0.03413441404700279,
            -0.004979319870471954
        ],
        [
            0.10131679475307465,
            0.029633186757564545,
            -0.012579835951328278
        ],
        [
            0.09424632042646408,
            0.029839714989066124,
            -0.014515019953250885
        ],
        [
            0.08912879973649979,
            0.032207783311605453,
            -0.006876848638057709
        ],
        [
            0.10555274784564972,
            0.03657883405685425,
            -0.002267807722091675
        ],
        [
            0.11084813624620438,
            0.02910035103559494,
            -0.009100425988435745
        ],
        [
            0.20642772316932678,
            -0.00789375975728035,
            0.07379390299320221
        ],
        [
            0.20336152613162994,
            -0.008259808644652367,
            0.07787080109119415
        ],
        [
            0.20032675564289093,
            -0.00966884009540081,
            0.0740378350019455
        ],
        [
            0.20277798175811768,
            -0.008617807179689407,
            0.06944377720355988
        ],
        [
            0.14648303389549255,
            -0.006672007031738758,
            0.052882738411426544
        ],
        [
            0.14252741634845734,
            0.000375168165192008,
            0.0490112267434597
        ],
        [
            0.16423262655735016,
            -0.004464723635464907,
            0.06014574319124222
        ],
        [
            0.15588489174842834,
            -0.0017740917392075062,
            0.05468969792127609
        ],
        [
            0.15550418198108673,
            -0.008817285299301147,
            0.055899813771247864
        ],
        [
            0.16306166350841522,
            -0.010849126614630222,
            0.05922388285398483
        ],
        [
            0.14991742372512817,
            0.017162153497338295,
            0.041745349764823914
        ],
        [
            0.13901859521865845,
            0.015296852216124535,
            0.037450071424245834
        ],
        [
            0.1410437375307083,
            0.010021287947893143,
            0.040694594383239746
        ],
        [
            0.15282128751277924,
            0.010830508545041084,
            0.04691743850708008
        ],
        [
            0.13541853427886963,
            0.028434155508875847,
            0.03324268013238907
        ],
        [
            0.14666281640529633,
            0.02911606803536415,
            0.03754616156220436
        ],
        [
            0.14345532655715942,
            0.0366063192486763,
            0.03477845713496208
        ],
        [
            0.13554611802101135,
            0.035064321011304855,
            0.032926853746175766
        ],
        [
            0.1666557341814041,
            0.027103055268526077,
            0.04505295678973198
        ],
        [
            0.1747635304927826,
            0.02726672776043415,
            0.04625893756747246
        ],
        [
            0.1754627376794815,
            0.03098071925342083,
            0.04513349011540413
        ],
        [
            0.16608452796936035,
            0.030260389670729637,
            0.0432530902326107
        ],
        [
            0.08769308775663376,
            0.029183298349380493,
            -0.017200034111738205
        ],
        [
            0.08263640850782394,
            0.029405519366264343,
            -0.008681967854499817
        ],
        [
            0.14472143352031708,
            0.042187776416540146,
            0.0074273888021707535
        ],
        [
            0.1365475356578827,
            0.04955945909023285,
            0.009910117834806442
        ],
        [
            0.14721201360225677,
            0.05457291752099991,
            0.01379268616437912
        ],
        [
            0.1528727412223816,
            0.04535223916172981,
            0.010230004787445068
        ],
        [
            0.10655269026756287,
            0.021014289930462837,
            -0.015513915568590164
        ],
        [
            0.09982023388147354,
            0.022758668288588524,
            -0.019251614809036255
        ],
        [
            0.20899014174938202,
            -0.0037762958090752363,
            0.06997237354516983
        ],
        [
            0.20456692576408386,
            -0.00413340050727129,
            0.06592942029237747
        ],
        [
            0.10731234401464462,
            -0.02991349622607231,
            0.0448242649435997
        ],
        [
            0.12753546237945557,
            -0.028933245688676834,
            0.05575818568468094
        ],
        [
            0.09638775885105133,
            -0.0277731753885746,
            0.030851829797029495
        ],
        [
            0.0912647396326065,
            -0.025761008262634277,
            0.019019529223442078
        ],
        [
            0.08571293205022812,
            -0.02566055953502655,
            0.010575849562883377
        ],
        [
            0.1594136655330658,
            0.004166608210653067,
            0.054286010563373566
        ],
        [
            0.13802975416183472,
            0.005364610347896814,
            0.0429481603205204
        ],
        [
            0.12711304426193237,
            0.015820300206542015,
            0.033333756029605865
        ],
        [
            0.12289351969957352,
            0.04593052342534065,
            0.027438338845968246
        ],
        [
            0.11273340880870819,
            0.043908048421144485,
            0.02426648512482643
        ],
        [
            0.11703351885080338,
            0.03588505834341049,
            0.02987707406282425
        ],
        [
            0.12532511353492737,
            0.03913407772779465,
            0.030920453369617462
        ],
        [
            0.13256782293319702,
            0.05411646515130997,
            0.017539313063025475
        ],
        [
            0.13269104063510895,
            0.0524514839053154,
            0.02539975941181183
        ],
        [
            0.14202670753002167,
            0.054930679500103,
            0.027946947142481804
        ],
        [
            0.14256992936134338,
            0.0573522187769413,
            0.020775284618139267
        ],
        [
            0.14668597280979156,
            -0.023593181744217873,
            0.045592911541461945
        ],
        [
            0.135435551404953,
            -0.030701005831360817,
            0.04256868362426758
        ],
        [
            0.09128990024328232,
            0.03530236333608627,
            0.0044095441699028015
        ],
        [
            0.0850624218583107,
            0.030993223190307617,
            0.0024257823824882507
        ],
        [
            0.07886207103729248,
            0.02739839069545269,
            -0.002147827297449112
        ],
        [
            0.10333994776010513,
            0.015707911923527718,
            0.029759971424937248
        ],
        [
            0.09033481776714325,
            0.01319055538624525,
            0.026433808729052544
        ],
        [
            0.09043191373348236,
            0.009581861086189747,
            0.029918938875198364
        ],
        [
            0.10344384610652924,
            0.01260711345821619,
            0.030531998723745346
        ],
        [
            0.11213658004999161,
            0.0044432347640395164,
            0.040618572384119034
        ],
        [
            0.10034129023551941,
            0.0032542403787374496,
            0.04507514834403992
        ],
        [
            0.12360022962093353,
            0.00242573581635952,
            0.0455639474093914
        ],
        [
            0.08147069811820984,
            0.003060434479266405,
            0.020670553669333458
        ],
        [
            0.0744970291852951,
            0.00763400923460722,
            0.012888334691524506
        ],
        [
            0.07467234134674072,
            -0.0010281035210937262,
            0.01513274759054184
        ],
        [
            0.07491113990545273,
            0.01632724143564701,
            0.008276566863059998
        ],
        [
            0.0762900784611702,
            0.02356778457760811,
            0.0031957700848579407
        ],
        [
            0.09383433312177658,
            0.02273360639810562,
            -0.02534414827823639
        ],
        [
            0.07638660073280334,
            -0.009151661768555641,
            0.016331762075424194
        ],
        [
            0.1366685926914215,
            -0.005661400966346264,
            0.060265399515628815
        ],
        [
            0.14331179857254028,
            -0.006425670348107815,
            0.0608220100402832
        ],
        [
            0.1432512402534485,
            -0.0030284011736512184,
            0.05415015667676926
        ],
        [
            0.13805991411209106,
            -0.0029562856070697308,
            0.05276758596301079
        ],
        [
            0.17083820700645447,
            -0.018969308584928513,
            0.04998061805963516
        ],
        [
            0.16657646000385284,
            -0.015947552397847176,
            0.05653725937008858
        ],
        [
            0.15704385936260223,
            -0.016073936596512794,
            0.05333232134580612
        ],
        [
            0.10079250484704971,
            0.0283054169267416,
            0.027103886008262634
        ],
        [
            0.09851042926311493,
            0.037754204124212265,
            0.018910055980086327
        ],
        [
            0.16808414459228516,
            0.001084332587197423,
            0.05936077982187271
        ],
        [
            0.20060572028160095,
            -0.009523051790893078,
            0.06497659534215927
        ],
        [
            0.19757448136806488,
            -0.01110878400504589,
            0.06977886706590652
        ],
        [
            0.18422004580497742,
            -0.0153890959918499,
            0.05905264616012573
        ],
        [
            0.18853992223739624,
            -0.0133528932929039,
            0.05424654856324196
        ],
        [
            0.178814098238945,
            0.004421005956828594,
            0.057410869747400284
        ],
        [
            0.17352615296840668,
            0.0012439519632607698,
            0.06091688573360443
        ],
        [
            0.17670342326164246,
            0.0017371535068377852,
            0.06133127585053444
        ],
        [
            0.1813332587480545,
            0.005879214499145746,
            0.05941714718937874
        ],
        [
            0.17016585171222687,
            0.03744237869977951,
            0.04088693857192993
        ],
        [
            0.16251784563064575,
            0.03721313551068306,
            0.0396500900387764
        ],
        [
            0.17694775760173798,
            -2.08904966711998e-05,
            0.034771159291267395
        ],
        [
            0.1754322350025177,
            -0.013211073353886604,
            0.03591764718294144
        ],
        [
            0.1641838401556015,
            -0.015160603448748589,
            0.030413877218961716
        ],
        [
            0.14746420085430145,
            0.023597393184900284,
            0.038738127797842026
        ],
        [
            0.1572953760623932,
            0.026123225688934326,
            0.042375463992357254
        ],
        [
            0.15657606720924377,
            0.029908183962106705,
            0.04071708396077156
        ],
        [
            0.1632196009159088,
            0.007360353134572506,
            0.05381552502512932
        ],
        [
            0.17081280052661896,
            0.00615827227011323,
            0.05692038685083389
        ],
        [
            0.16858088970184326,
            0.010138432495296001,
            0.05310022830963135
        ],
        [
            0.16145561635494232,
            0.011470060795545578,
            0.05031329020857811
        ],
        [
            0.12563194334506989,
            0.045047737658023834,
            0.004238612949848175
        ],
        [
            0.1206732913851738,
            0.05069820582866669,
            0.013080010190606117
        ],
        [
            0.20022326707839966,
            -0.006155712530016899,
            0.08055903017520905
        ],
        [
            0.19699175655841827,
            -0.0075011043809354305,
            0.07736881077289581
        ],
        [
            0.13682781159877777,
            0.021604418754577637,
            0.03455282747745514
        ],
        [
            0.15046505630016327,
            -0.016479920595884323,
            0.025120394304394722
        ],
        [
            0.12569938600063324,
            0.020801907405257225,
            0.03146057948470116
        ],
        [
            0.1679222732782364,
            0.03788651153445244,
            0.02063552848994732
        ],
        [
            0.16727808117866516,
            0.043625328689813614,
            0.024778682738542557
        ],
        [
            0.17222988605499268,
            0.04299364611506462,
            0.027844734489917755
        ],
        [
            0.17503276467323303,
            0.03951377421617508,
            0.023881133645772934
        ],
        [
            0.19405147433280945,
            0.009014185518026352,
            0.06687435507774353
        ],
        [
            0.19155506789684296,
            0.006882854737341404,
            0.07167574763298035
        ],
        [
            0.19527438282966614,
            0.007878286764025688,
            0.07465768605470657
        ],
        [
            0.19824069738388062,
            0.009743824601173401,
            0.07008499652147293
        ],
        [
            0.17128942906856537,
            -0.004017952363938093,
            0.06250493228435516
        ],
        [
            0.17040970921516418,
            -0.010399756953120232,
            0.06226273998618126
        ],
        [
            0.17628607153892517,
            -0.008585108444094658,
            0.0650588870048523
        ],
        [
            0.17631150782108307,
            -0.0027436453383415937,
            0.06385741382837296
        ],
        [
            0.17427140474319458,
            -0.015218029730021954,
            0.05945457145571709
        ],
        [
            0.17952199280261993,
            -0.01361590065062046,
            0.06283147633075714
        ],
        [
            0.19785431027412415,
            0.00704652164131403,
            0.061951905488967896
        ],
        [
            0.20130634307861328,
            0.0008839727379381657,
            0.05922411382198334
        ],
        [
            0.1903820037841797,
            -0.000739402137696743,
            0.049880556762218475
        ],
        [
            0.18762485682964325,
            0.004830979276448488,
            0.055281493812799454
        ],
        [
            0.12948937714099884,
            0.015470776706933975,
            -0.0027706213295459747
        ],
        [
            0.12548179924488068,
            0.025812732055783272,
            -0.0045539140701293945
        ],
        [
            0.13764898478984833,
            0.030290186405181885,
            0.002661198377609253
        ],
        [
            0.14962050318717957,
            0.03473587706685066,
            0.008642653003334999
        ],
        [
            0.16067413985729218,
            0.038266539573669434,
            0.015780560672283173
        ],
        [
            0.16620369255542755,
            0.0271577388048172,
            0.015943968668580055
        ],
        [
            0.1333175152540207,
            0.03712286055088043,
            0.001521185040473938
        ],
        [
            0.18110330402851105,
            0.005266554653644562,
            0.047224897891283035
        ],
        [
            0.18179067969322205,
            -0.002258197870105505,
            0.04282999783754349
        ],
        [
            0.18104016780853271,
            0.0026772283017635345,
            0.040611833333969116
        ],
        [
            0.12391561269760132,
            0.028039302676916122,
            0.030723456293344498
        ],
        [
            0.19413861632347107,
            -0.009637176990509033,
            0.07332273572683334
        ],
        [
            0.10300684720277786,
            -0.020193472504615784,
            -0.0028571076691150665
        ],
        [
            0.10607705265283585,
            -0.009792083874344826,
            -0.01141432300209999
        ],
        [
            0.11274123936891556,
            -0.01013574842363596,
            -0.005748916417360306
        ],
        [
            0.10876300930976868,
            -0.02146768942475319,
            0.0048003047704696655
        ],
        [
            0.18998225033283234,
            0.0010966397821903229,
            0.07507689297199249
        ],
        [
            0.1908341646194458,
            -0.00504171010106802,
            0.07600071281194687
        ],
        [
            0.16290906071662903,
            0.04364955052733421,
            0.03683225065469742
        ],
        [
            0.16926062107086182,
            0.04222486540675163,
            0.037487152963876724
        ],
        [
            0.17088823020458221,
            0.04440032318234444,
            0.03439365327358246
        ],
        [
            0.16571339964866638,
            0.04867091029882431,
            0.03388303145766258
        ],
        [
            0.12189438194036484,
            0.030556386336684227,
            -0.005207303911447525
        ],
        [
            0.15424245595932007,
            0.05702470615506172,
            0.015434401109814644
        ],
        [
            0.1588427573442459,
            0.04924315959215164,
            0.01233915239572525
        ],
        [
            0.11481425911188126,
            0.02145303599536419,
            -0.010757211595773697
        ],
        [
            0.11845862865447998,
            0.012325910851359367,
            -0.009828060865402222
        ],
        [
            0.11036691814661026,
            0.010626299306750298,
            -0.015029501169919968
        ],
        [
            0.17555665969848633,
            0.01809769496321678,
            0.02477257512509823
        ],
        [
            0.1337616741657257,
            0.008480955846607685,
            0.00030092522501945496
        ],
        [
            0.12137719988822937,
            0.005820152349770069,
            -0.006830137223005295
        ],
        [
            0.11183564364910126,
            0.0034621572121977806,
            -0.012920532375574112
        ],
        [
            0.10524704307317734,
            0.002327563241124153,
            -0.01798272505402565
        ],
        [
            0.10423401743173599,
            0.010330429300665855,
            -0.019654102623462677
        ],
        [
            0.20177419483661652,
            -0.004504533484578133,
            0.06133950874209404
        ],
        [
            0.20506298542022705,
            0.0021008928306400776,
            0.06374802440404892
        ],
        [
            0.0980321392416954,
            0.00995977595448494,
            -0.026345744729042053
        ],
        [
            0.0990791991353035,
            0.0010534171015024185,
            -0.02363598719239235
        ],
        [
            0.12355396151542664,
            -0.002209649421274662,
            -0.002737525850534439
        ],
        [
            0.12456043809652328,
            -0.011799288913607597,
            0.003589153289794922
        ],
        [
            0.13534234464168549,
            0.0007803784683346748,
            0.00418713316321373
        ],
        [
            0.13777923583984375,
            -0.008479475975036621,
            0.010575134307146072
        ],
        [
            0.17585229873657227,
            0.007604983635246754,
            0.023873433470726013
        ],
        [
            0.21667851507663727,
            0.008347008377313614,
            0.07677329331636429
        ],
        [
            0.20796847343444824,
            0.007905768230557442,
            0.06963583081960678
        ],
        [
            0.20415833592414856,
            0.010276452638208866,
            0.073268823325634
        ],
        [
            0.21436361968517303,
            0.01122331153601408,
            0.07879897952079773
        ],
        [
            0.20191369950771332,
            0.0077547552064061165,
            0.06581869721412659
        ],
        [
            0.20949368178844452,
            0.0024963454343378544,
            0.06794096529483795
        ],
        [
            0.1359347105026245,
            -0.019283849745988846,
            0.01996462792158127
        ],
        [
            0.17619335651397705,
            0.009570720605552197,
            0.054355770349502563
        ],
        [
            0.11960148811340332,
            -0.023732611909508705,
            0.016901075839996338
        ],
        [
            0.13870510458946228,
            -0.028043383732438087,
            0.0315675362944603
        ],
        [
            0.12652277946472168,
            -0.030647307634353638,
            0.03228531777858734
        ],
        [
            0.10327349603176117,
            -0.028528675436973572,
            0.01675628498196602
        ],
        [
            0.11151646077632904,
            -0.03249099850654602,
            0.03169291466474533
        ],
        [
            0.09227987378835678,
            -0.025607232004404068,
            0.000959690660238266
        ],
        [
            0.09857223927974701,
            -0.026106994599103928,
            0.007709279656410217
        ],
        [
            0.12332698702812195,
            -0.033579714596271515,
            0.04362750053405762
        ],
        [
            0.20675618946552277,
