{
    "pred_cam": [
        5.268909454345703,
        0.16473498940467834,
        -0.05294876545667648
    ],
    "pred_mano_params": {
        "global_orient": [
            [
                [
                    -0.9328871369361877,
                    0.26198282837867737,
                    0.247157022356987
                ],
                [
                    -0.3428853154182434,
                    -0.4359838366508484,
                    -0.8320742845535278
                ],
                [
                    -0.11023269593715668,
                    -0.8609779477119446,
                    0.49655377864837646
                ]
            ]
        ],
        "hand_pose": [
            [
                [
                    0.9602453708648682,
                    -0.2526457607746124,
                    -0.11873899400234222
                ],
                [
                    0.2530508041381836,
                    0.9673797488212585,
                    -0.011904444545507431
                ],
                [
                    0.11787330359220505,
                    -0.018615810200572014,
                    0.992854118347168
                ]
            ],
            [
                [
                    0.9913265109062195,
                    -0.10857569426298141,
                    0.07404810935258865
                ],
                [
                    0.11950816959142685,
                    0.9791615009307861,
                    -0.1641969084739685
                ],
                [
                    -0.05467725545167923,
                    0.17162209749221802,
                    0.983644425868988
                ]
            ],
            [
                [
                    0.9592242240905762,
                    -0.24076618254184723,
                    0.14805588126182556
                ],
                [
                    0.2243351936340332,
                    0.9671725034713745,
                    0.11937820911407471
                ],
                [
                    -0.17193779349327087,
                    -0.08129632472991943,
                    0.9817476272583008
                ]
            ],
            [
                [
                    0.9655662775039673,
                    -0.26005831360816956,
                    0.007169748190790415
                ],
                [
                    0.2597927749156952,
                    0.9623895883560181,
                    -0.07946104556322098
                ],
                [
                    0.013764417730271816,
                    0.07858756184577942,
                    0.9968122243881226
                ]
            ],
            [
                [
                    0.9958529472351074,
                    -0.07552783191204071,
                    -0.050719015300273895
                ],
                [
                    0.08620450645685196,
                    0.9615651965141296,
                    0.26069360971450806
                ],
                [
                    0.02908002957701683,
                    -0.26398470997810364,
                    0.9640883803367615
                ]
            ],
            [
                [
                    0.9543432593345642,
                    -0.2720493674278259,
                    0.12336109578609467
                ],
                [
                    0.2764599621295929,
                    0.9608206748962402,
                    -0.019836554303765297
                ],
                [
                    -0.11313137412071228,
                    0.05303529277443886,
                    0.9921634793281555
                ]
            ],
            [
                [
                    0.8858951926231384,
                    -0.3574611246585846,
                    0.2956538796424866
                ],
                [
                    0.33544108271598816,
                    0.9338671565055847,
                    0.12398125231266022
                ],
                [
                    -0.32041993737220764,
                    -0.010659934021532536,
                    0.9472155570983887
                ]
            ],
            [
                [
                    0.9222586750984192,
                    -0.3771195709705353,
                    -0.08496899157762527
                ],
                [
                    0.37753480672836304,
                    0.8314164876937866,
                    0.40769344568252563
                ],
                [
                    -0.08310455083847046,
                    -0.40807756781578064,
                    0.909156858921051
                ]
            ],
            [
                [
                    0.9357890486717224,
                    -0.34861209988594055,
                    0.052616190165281296
                ],
                [
                    0.27043190598487854,
                    0.8055098652839661,
                    0.5272763967514038
                ],
                [
                    -0.22619780898094177,
                    -0.4791903793811798,
                    0.8480631709098816
                ]
            ],
            [
                [
                    0.9502055048942566,
                    -0.29523494839668274,
                    -0.09972882270812988
                ],
                [
                    0.2860564887523651,
                    0.9533230066299438,
                    -0.0966801717877388
                ],
                [
                    0.12361713498830795,
                    0.06333795934915543,
                    0.9903066158294678
                ]
            ],
            [
                [
                    0.9654731750488281,
                    -0.2589491903781891,
                    -0.028404686599969864
                ],
                [
                    0.24733810126781464,
                    0.8769940733909607,
                    0.4119529128074646
                ],
                [
                    -0.08176413178443909,
                    -0.4047550559043884,
                    0.9107622504234314
                ]
            ],
            [
                [
                    0.8043287396430969,
                    -0.5856494307518005,
                    0.10034946352243423
                ],
                [
                    0.5563021898269653,
                    0.8015692830085754,
                    0.21912214159965515
                ],
                [
                    -0.20876581966876984,
                    -0.12042159587144852,
                    0.9705232977867126
                ]
            ],
            [
                [
                    0.7986511588096619,
                    0.0947798416018486,
                    -0.5942836999893188
                ],
                [
                    -0.5347824692726135,
                    0.5646464824676514,
                    -0.628635048866272
                ],
                [
                    0.2759782373905182,
                    0.8198726773262024,
                    0.5016421675682068
                ]
            ],
            [
                [
                    0.8883563280105591,
                    -0.3485693037509918,
                    -0.2988686263561249
                ],
                [
                    0.45300835371017456,
                    0.7715185880661011,
                    0.44670185446739197
                ],
                [
                    0.07487612962722778,
                    -0.5322204232215881,
                    0.843288242816925
                ]
            ],
            [
                [
                    0.8369443416595459,
                    -0.5470872521400452,
                    -0.014826219528913498
                ],
                [
                    0.5097258687019348,
                    0.7890790104866028,
                    -0.3428322374820709
                ],
                [
                    0.19925817847251892,
                    0.2793741524219513,
                    0.9392797350883484
                ]
            ]
        ],
        "betas": [
            -0.10778099298477173,
            -0.091000497341156,
            -0.033820390701293945,
            -0.0073358118534088135,
            -0.002925366163253784,
            0.046308159828186035,
            0.03239908814430237,
            0.029565319418907166,
            -0.06934577226638794,
            -0.062191933393478394
        ]
    },
    "pred_cam_t": [
        -0.16473498940467834,
        -0.05294876545667648,
        7.413773059844971
    ],
    "focal_length": [
        5000.0,
        5000.0
    ],
    "pred_keypoints_3d": [
        [
            0.09624744951725006,
            0.006433694623410702,
            0.006234551314264536
        ],
        [
            0.12118493765592575,
            -8.911639451980591e-05,
            0.03522961586713791
        ],
        [
            0.14978967607021332,
            0.005784020759165287,
            0.04551626741886139
        ],
        [
            0.1729079931974411,
            0.020145200192928314,
            0.046476565301418304
        ],
        [
            0.1919722557067871,
            0.04472442343831062,
            0.0610368512570858
        ],
        [
            0.18266969919204712,
            0.021832022815942764,
            0.03078719601035118
        ],
        [
            0.2116890549659729,
            0.03644315153360367,
            0.0373961366713047
        ],
        [
            0.22763881087303162,
            0.0488312803208828,
            0.046855609863996506
        ],
        [
            0.2437254935503006,
            0.060777440667152405,
            0.06199658662080765
        ],
        [
            0.18384665250778198,
            0.04258452355861664,
            0.01633515954017639
        ],
        [
            0.20954585075378418,
            0.06062131002545357,
            0.021930046379566193
        ],
        [
            0.2252107560634613,
            0.07594544440507889,
            0.03013317659497261
        ],
        [
            0.24300912022590637,
            0.09038802236318588,
            0.04240703582763672
        ],
        [
            0.16532057523727417,
            0.058705754578113556,
            0.005395283456891775
        ],
        [
            0.18714527785778046,
            0.07756887376308441,
            0.009088443592190742
        ],
        [
            0.19742771983146667,
            0.09697137027978897,
            0.020944755524396896
        ],
        [
            0.20366576313972473,
            0.10999538004398346,
            0.041591715067625046
        ],
        [
            0.14749367535114288,
            0.07068025320768356,
            0.0008679893799126148
        ],
        [
            0.16164596378803253,
            0.08565179258584976,
            0.006014867685735226
        ],
        [
            0.16657939553260803,
            0.09851803630590439,
            0.019195564091205597
        ],
        [
            0.16738948225975037,
            0.10460927337408066,
            0.03851742297410965
        ]
    ],
    "pred_vertices": [
        [
            0.141293466091156,
            0.0170426107943058,
            0.032562464475631714
        ],
        [
            0.12990951538085938,
            0.014599718153476715,
            0.03133315593004227
        ],
        [
            0.13842898607254028,
            0.014942938461899757,
            0.035109538584947586
        ],
        [
            0.1477254033088684,
            0.01506102830171585,
            0.03727284446358681
        ],
        [
            0.12380252033472061,
            0.015316803008317947,
            0.04664374142885208
        ],
        [
            0.12078673392534256,
            0.00602135993540287,
            0.05406546592712402
        ],
        [
            0.1385602056980133,
            0.010348421521484852,
            0.05660058185458183
        ],
        [
            0.1377713680267334,
            0.018374033272266388,
            0.04994925111532211
        ],
        [
            0.154291570186615,
            0.013041773810982704,
            0.03851420804858208
        ],
        [
            0.14584767818450928,
            0.015621858648955822,
            0.03832273930311203
        ],
        [
            0.15680934488773346,
            0.00990481860935688,
            0.03491293266415596
        ],
        [
            0.16668929159641266,
            0.004809989593923092,
            0.03315230831503868
        ],
        [
            0.16353963315486908,
            0.0105159692466259,
            0.03784665837883949
        ],
        [
            0.17441309988498688,
            0.005847381427884102,
            0.031994711607694626
        ],
        [
            0.1632533073425293,
            -0.00269121490418911,
            0.026260724291205406
        ],
        [
            0.17509375512599945,
            0.004250623285770416,
            0.02304096147418022
        ],
        [
            0.15435442328453064,
            0.008237821981310844,
            0.004689713940024376
        ],
        [
            0.14815476536750793,
            0.01779092848300934,
            -0.0026141218841075897
        ],
        [
            0.16274723410606384,
            0.025473151355981827,
            -0.0007866621017456055
        ],
        [
            0.16756463050842285,
            0.015597580000758171,
            0.0071452222764492035
        ],
        [
            0.14748601615428925,
            0.03784885257482529,
            -0.007481396198272705
        ],
        [
            0.15683412551879883,
            0.03152342513203621,
            -0.0039934199303388596
        ],
        [
            0.14241816103458405,
            0.02338552102446556,
            -0.006816305220127106
        ],
        [
            0.13475778698921204,
            0.029633022844791412,
            -0.009724585339426994
        ],
        [
            0.13150033354759216,
            0.024420179426670074,
            0.024368634447455406
        ],
        [
            0.12027595192193985,
            0.021268760785460472,
            0.023791586980223656
        ],
        [
            0.12316511571407318,
            0.0174196008592844,
            0.02604549750685692
        ],
        [
            0.13425540924072266,
            0.020805593580007553,
            0.027064677327871323
        ],
        [
            0.1590033769607544,
            0.005623525008559227,
            0.0358305424451828
        ],
        [
            0.15437322854995728,
            -0.004753924906253815,
            0.03475133329629898
        ],
        [
            0.15728457272052765,
            0.001768769696354866,
            0.032849110662937164
        ],
        [
            0.15806123614311218,
            0.011027179658412933,
            0.03590887039899826
        ],
        [
            0.09201160073280334,
            0.02330285683274269,
            0.02326384000480175
        ],
        [
            0.08307308703660965,
            0.014609716832637787,
            0.017893223091959953
        ],
        [
            0.08531032502651215,
            0.009754927828907967,
            0.02051466517150402
        ],
        [
            0.09304846823215485,
            0.01854277215898037,
            0.024591144174337387
        ],
        [
            0.09773321449756622,
            -0.0002728607505559921,
            0.03969130665063858
        ],
        [
            0.09119396656751633,
            -0.0051243361085653305,
            0.029950110241770744
        ],
        [
            0.09196857362985611,
            -0.0184057354927063,
            0.026249296963214874
        ],
        [
            0.1006932184100151,
            -0.015968427062034607,
            0.03391152247786522
        ],
        [
            0.10858859866857529,
            0.0034004440531134605,
            0.04872206598520279
        ],
        [
            0.10952258855104446,
            -0.010678192600607872,
            0.04629706218838692
        ],
        [
            0.12290305644273758,
            -0.005437006242573261,
            0.054237671196460724
        ],
        [
            0.14131659269332886,
            0.0013198116794228554,
            0.057113826274871826
        ],
        [
            0.07896903902292252,
            0.02382470667362213,
            0.009846663102507591
        ],
        [
            0.0847012847661972,
            0.0317283496260643,
            0.013019151985645294
        ],
        [
            0.21250620484352112,
            0.037242889404296875,
            0.04869098961353302
        ],
        [
            0.21099933981895447,
            0.042646028101444244,
            0.047053683549165726
        ],
        [
            0.2065306007862091,
            0.03990678861737251,
            0.045910727232694626
        ],
        [
            0.20903843641281128,
            0.03499790281057358,
            0.0475459024310112
        ],
        [
            0.08589448779821396,
            0.030536070466041565,
            -0.008040108717978
        ],
        [
            0.0901237353682518,
            0.025957737118005753,
            -0.01607755571603775
        ],
        [
            0.08303013443946838,
            0.02407025918364525,
            -0.01600428856909275
        ],
        [
            0.07938649505376816,
            0.026628389954566956,
            -0.0076405880972743034
        ],
        [
            0.09452194720506668,
            0.035644710063934326,
            -0.008398305624723434
        ],
        [
            0.09996691346168518,
            0.02842511236667633,
            -0.015345574356615543
        ],
        [
            0.22032219171524048,
            0.03206556290388107,
            0.040070679038763046
        ],
        [
            0.2184165120124817,
            0.03179261088371277,
            0.04483211785554886
        ],
        [
            0.21524733304977417,
            0.028944410383701324,
            0.04228257015347481
        ],
        [
            0.21641018986701965,
            0.029610615223646164,
            0.037191931158304214
        ],
        [
            0.15794607996940613,
            0.015521269291639328,
            0.03885558992624283
        ],
        [
            0.15129724144935608,
            0.02027873881161213,
            0.03506322205066681
        ],
        [
            0.17545822262763977,
            0.023253247141838074,
            0.04009762033820152
        ],
        [
            0.16552522778511047,
            0.022507403045892715,
            0.036962296813726425
        ],
        [
            0.16750392317771912,
            0.016108021140098572,
            0.03932337090373039
        ],
        [
            0.17592982947826385,
            0.01671675592660904,
            0.04057469218969345
        ],
        [
            0.15154993534088135,
            0.0364125594496727,
            0.02373945154249668
        ],
        [
            0.14093047380447388,
            0.03120557963848114,
            0.022892359644174576
        ],
        [
            0.14511722326278687,
            0.027340110391378403,
            0.026139352470636368
        ],
        [
            0.15726105868816376,
            0.03212840110063553,
            0.02868988737463951
        ],
        [
            0.1328430324792862,
            0.0419507659971714,
            0.018190057948231697
        ],
        [
            0.14411026239395142,
            0.04607575386762619,
            0.01904628984630108
        ],
        [
            0.13828635215759277,
            0.05177769809961319,
            0.01631738990545273
        ],
        [
            0.13098372519016266,
            0.04817042499780655,
            0.0170055590569973
        ],
        [
            0.16512222588062286,
            0.050632327795028687,
            0.021031387150287628
        ],
        [
            0.17323188483715057,
            0.05309366062283516,
            0.019755488261580467
        ],
        [
            0.17217124998569489,
            0.055912405252456665,
            0.018261093646287918
        ],
        [
            0.16312389075756073,
            0.052849575877189636,
            0.01913587562739849
        ],
        [
            0.07647047936916351,
            0.021342981606721878,
            -0.016665149480104446
        ],
        [
            0.07367310672998428,
            0.022062230855226517,
            -0.007196719758212566
        ],
        [
            0.13198378682136536,
            0.0525352880358696,
            -0.01100375596433878
        ],
        [
            0.12280000746250153,
            0.05776197090744972,
            -0.007308781147003174
        ],
        [
            0.1324649453163147,
            0.06619393080472946,
            -0.006840215530246496
        ],
        [
            0.1396046280860901,
            0.058275796473026276,
            -0.010961448773741722
        ],
        [
            0.09671579301357269,
            0.01843583583831787,
            -0.01918601244688034
        ],
        [
            0.08908408880233765,
            0.017734535038471222,
            -0.02111392840743065
        ],
        [
            0.22071072459220886,
            0.035785917192697525,
            0.03516354039311409
        ],
        [
            0.21615616977214813,
            0.03363772854208946,
            0.032702162861824036
        ],
        [
            0.1242789775133133,
            -0.016215117648243904,
            0.045282818377017975
        ],
        [
            0.14349570870399475,
            -0.006858335807919502,
            0.052605241537094116
        ],
        [
            0.11127877980470657,
            -0.020755242556333542,
            0.03398343175649643
        ],
        [
            0.10359220206737518,
            -0.022768991068005562,
            0.023779023438692093
        ],
        [
            0.0965312123298645,
            -0.025678163394331932,
            0.01732763648033142
        ],
        [
            0.16704434156417847,
            0.028906021267175674,
            0.034743450582027435
        ],
        [
            0.14425520598888397,
            0.022684000432491302,
            0.029766831547021866
        ],
        [
            0.12876978516578674,
            0.02806170843541622,
            0.022225186228752136
        ],
        [
            0.11487723886966705,
            0.05443836748600006,
            0.013874019496142864
        ],
        [
            0.10531165450811386,
            0.04954855144023895,
            0.013952823355793953
        ],
        [
            0.11286305636167526,
            0.04405145347118378,
            0.019180351868271828
        ],
        [
            0.11986061930656433,
            0.04924235865473747,
            0.01743457466363907
        ],
        [
            0.11938636004924774,
            0.06255955994129181,
            0.000573573459405452
        ],
        [
            0.12157505750656128,
            0.06245021894574165,
            0.008280406706035137
        ],
        [
            0.12982960045337677,
            0.06720732152462006,
            0.007967019453644753
        ],
        [
            0.12848515808582306,
            0.06859786808490753,
            0.0007162204710766673
        ],
        [
            0.16080358624458313,
            2.454221248626709e-05,
            0.039985716342926025
        ],
        [
            0.15154200792312622,
            -0.009999940171837807,
            0.03815189003944397
        ],
        [
            0.08317466825246811,
            0.03234216198325157,
            0.002108324784785509
        ],
        [
            0.07810602337121964,
            0.026361234486103058,
            0.0024902373552322388
        ],
        [
            0.07224428653717041,
            0.020561743527650833,
            0.00033880770206451416
        ],
        [
            0.10599511861801147,
            0.021418496966362,
            0.02516123652458191
        ],
        [
            0.09364213049411774,
            0.015270935371518135,
            0.02587798237800598
        ],
        [
            0.0955224335193634,
            0.012469610199332237,
            0.029252994805574417
        ],
        [
            0.10731610655784607,
            0.0185016468167305,
            0.025947898626327515
        ],
        [
            0.11940471082925797,
            0.015322260558605194,
            0.03425727039575577
        ],
        [
            0.10891783982515335,
            0.012369108386337757,
            0.041228409856557846
        ],
        [
            0.130859375,
            0.01834939420223236,
            0.037531495094299316
        ],
        [
            0.08680805563926697,
            0.0024765394628047943,
            0.024199964478611946
        ],
        [
            0.07723790407180786,
            0.0036959275603294373,
            0.018371593207120895
        ],
        [
            0.08035986870527267,
            -0.004064690321683884,
            0.02151908352971077
        ],
        [
            0.07411060482263565,
            0.01116054505109787,
            0.012768810614943504
        ],
        [
            0.07216063886880875,
            0.01737382262945175,
            0.00663597509264946
        ],
        [
            0.08207309991121292,
            0.015052452683448792,
            -0.02526453137397766
        ],
        [
            0.08450675755739212,
            -0.01112009771168232,
            0.02323341742157936
        ],
        [
            0.14700208604335785,
            0.018700160086154938,
            0.05138494819402695
        ],
        [
            0.15443769097328186,
            0.019331354647874832,
            0.05178676173090935
        ],
        [
            0.15369199216365814,
            0.02116709202528,
            0.044454291462898254
        ],
        [
            0.14768435060977936,
            0.020108912140130997,
            0.043383412063121796
        ],
        [
            0.1833983063697815,
            0.008893053978681564,
            0.031119687482714653
        ],
        [
            0.18007715046405792,
            0.01220326405018568,
            0.0379539430141449
        ],
        [
            0.1705460548400879,
            0.009283492341637611,
            0.03779686987400055
        ],
        [
            0.09923284500837326,
            0.032475680112838745,
            0.02203238010406494
        ],
        [
            0.09256470203399658,
            0.039286136627197266,
            0.013651005923748016
        ],
        [
            0.177388995885849,
            0.029240284115076065,
            0.03734154999256134
        ],
        [
            0.2130238264799118,
            0.02733817882835865,
            0.03426993638277054
        ],
        [
            0.21170572936534882,
            0.02625630795955658,
            0.03982704505324364
        ],
        [
            0.19696521759033203,
            0.017042750492691994,
            0.03491610661149025
        ],
        [
            0.19931043684482574,
            0.018605388700962067,
            0.02876579761505127
        ],
        [
            0.18612243235111237,
            0.03431300073862076,
            0.03167201951146126
        ],
        [
            0.18295170366764069,
            0.031064124777913094,
            0.03693832829594612
        ],
        [
            0.18602606654167175,
            0.032315779477357864,
            0.03621172904968262
        ],
        [
            0.18885625898838043,
            0.03663475066423416,
            0.032303132116794586
        ],
        [
            0.16428570449352264,
            0.0600922629237175,
            0.01533884834498167
        ],
        [
            0.15678094327449799,
            0.057771991938352585,
            0.016118338331580162
        ],
        [
            0.1796901673078537,
            0.025084247812628746,
            0.011940721422433853
        ],
        [
            0.18237674236297607,
            0.012286367826163769,
            0.015393668785691261
        ],
        [
            0.1716046780347824,
            0.007047243416309357,
            0.013725914061069489
        ],
        [
            0.14672958850860596,
            0.04131278768181801,
            0.020703302696347237
        ],
        [
            0.15599974989891052,
            0.0467744804918766,
            0.02114715613424778
        ],
        [
            0.15380260348320007,
            0.04976890981197357,
            0.019279811531305313
        ],
        [
            0.16960319876670837,
            0.03274834528565407,
            0.03279779478907585
        ],
        [
            0.1778891533613205,
            0.03410893678665161,
            0.0335438996553421
        ],
        [
            0.17362648248672485,
            0.03658773750066757,
            0.030260227620601654
        ],
        [
            0.1659177541732788,
            0.03550365939736366,
            0.029467761516571045
        ],
        [
            0.11247434467077255,
            0.049775466322898865,
            -0.009025676175951958
        ],
        [
            0.10822682827711105,
            0.05568043887615204,
            0.00010844750795513391
        ],
        [
            0.21538713574409485,
            0.033504512161016464,
            0.047938279807567596
        ],
        [
            0.21219153702259064,
            0.030915500596165657,
            0.04608879238367081
        ],
        [
            0.13641291856765747,
            0.03608080372214317,
            0.01994004286825657
        ],
        [
            0.15823078155517578,
            0.0015398375689983368,
            0.012643702328205109
        ],
        [
            0.12557516992092133,
            0.03208411484956741,
            0.020198581740260124
        ],
        [
            0.15745635330677032,
            0.05669504776597023,
            -0.0037630675360560417
        ],
        [
            0.15593963861465454,
            0.06263840198516846,
            0.0005223667249083519
        ],
        [
            0.16151371598243713,
            0.0640319287776947,
            0.0021651522256433964
        ],
        [
            0.16428974270820618,
            0.060914959758520126,
            -0.0023268647491931915
        ],
        [
            0.20220616459846497,
            0.04391288384795189,
            0.034936822950839996
        ],
        [
            0.20149561762809753,
            0.042560476809740067,
            0.04049740731716156
        ],
        [
            0.20572499930858612,
            0.04460523650050163,
            0.04178740829229355
        ],
        [
            0.20701588690280914,
            0.04605824127793312,
            0.036343418061733246
        ],
        [
            0.1826433390378952,
            0.025992948561906815,
            0.0399940200150013
        ],
        [
            0.18346811830997467,
            0.019645370543003082,
            0.041145987808704376
        ],
        [
            0.189230278134346,
            0.023379936814308167,
            0.04165460914373398
        ],
        [
            0.18744198977947235,
            0.02861158549785614,
            0.039477989077568054
        ],
        [
            0.1877276599407196,
            0.015296131372451782,
            0.03823143616318703
        ],
        [
            0.1930316984653473,
            0.018730565905570984,
            0.039532292634248734
        ],
        [
            0.20523712038993835,
            0.041752517223358154,
            0.02953607589006424
        ],
        [
            0.20961631834506989,
            0.036117374897003174,
            0.026914654299616814
        ],
        [
            0.19668696820735931,
            0.029821671545505524,
            0.021918142214417458
        ],
        [
            0.19402585923671722,
            0.035807572305202484,
            0.02675081416964531
        ],
        [
            0.12266317754983902,
            0.021177198737859726,
            -0.012749627232551575
        ],
        [
            0.11562347412109375,
            0.02970147877931595,
            -0.014670121483504772
        ],
        [
            0.12749481201171875,
            0.0383458212018013,
            -0.011820433661341667
        ],
        [
            0.13897085189819336,
            0.046805303543806076,
            -0.010131360031664371
        ],
        [
            0.14987482130527496,
            0.05426792427897453,
            -0.0070150624960660934
        ],
        [
            0.15802206099033356,
            0.04498127102851868,
            -0.006898787803947926
        ],
        [
            0.1212630569934845,
            0.043586455285549164,
            -0.012633473612368107
        ],
        [
            0.18510282039642334,
            0.0334915928542614,
            0.021627018228173256
        ],
        [
            0.18690520524978638,
            0.02532302774488926,
            0.018313473090529442
        ],
        [
            0.18399286270141602,
            0.029671702533960342,
            0.015770569443702698
        ],
        [
            0.12168008834123611,
            0.03838987648487091,
            0.019061941653490067
        ],
        [
            0.20880593359470367,
            0.027795180678367615,
            0.04401448741555214
        ],
        [
            0.10805616527795792,
            -0.019089411944150925,
            -0.0008688978850841522
        ],
        [
            0.10587602108716965,
            -0.01014898344874382,
            -0.011166684329509735
        ],
        [
            0.11355694383382797,
            -0.007789187133312225,
            -0.00760088674724102
        ],
        [
            0.11572055518627167,
            -0.01743769831955433,
            0.004994509741663933
        ],
        [
            0.20232167840003967,
            0.037604883313179016,
            0.04514641314744949
        ],
        [
            0.20504772663116455,
            0.03211051970720291,
            0.04676869511604309
        ],
        [
            0.15438109636306763,
            0.06334793567657471,
            0.013128047809004784
        ],
        [
            0.1611882746219635,
            0.06400594115257263,
            0.012239214964210987
        ],
        [
            0.16138426959514618,
            0.06605647504329681,
            0.008787892758846283
        ],
        [
            0.15474678575992584,
            0.06829892843961716,
            0.009864741005003452
        ],
        [
            0.11079759150743484,
            0.033237557858228683,
            -0.014927532523870468
        ],
        [
            0.13874530792236328,
            0.07161417603492737,
            -0.00584324449300766
        ],
        [
            0.14456261694431305,
            0.06452672928571701,
            -0.0099017433822155
        ],
        [
            0.1054178774356842,
            0.021772924810647964,
            -0.01700911670923233
        ],
        [
            0.11158377677202225,
            0.014145076274871826,
            -0.015968577936291695
        ],
        [
            0.10328233242034912,
            0.00956684723496437,
            -0.018432457000017166
        ],
        [
            0.17109359800815582,
            0.04011187329888344,
            0.0002786703407764435
        ],
        [
            0.1293106973171234,
            0.016147710382938385,
            -0.010092133656144142
        ],
        [
            0.11682741343975067,
            0.00924590602517128,
            -0.013096719980239868
        ],
        [
            0.10715324431657791,
            0.0035297274589538574,
            -0.015914414077997208
        ],
        [
            0.10012616217136383,
            -0.00011233612895011902,
            -0.01873389445245266
        ],
        [
            0.09655727446079254,
            0.006905142217874527,
            -0.021093269810080528
        ],
        [
            0.21209454536437988,
            0.03160443156957626,
            0.029621023684740067
        ],
        [
            0.2143079936504364,
            0.03914177417755127,
            0.029523782432079315
        ],
        [
            0.08929293602705002,
            0.0037329979240894318,
            -0.025706300511956215
        ],
        [
            0.09338027983903885,
            -0.003933321684598923,
            -0.022242862731218338
        ],
        [
            0.12206270545721054,
            0.002933446317911148,
            -0.008766699582338333
        ],
        [
            0.12739013135433197,
            -0.004719283431768417,
            -0.0017571449279785156
        ],
        [
            0.13383430242538452,
            0.009958073496818542,
            -0.005819400772452354
        ],
        [
            0.14031633734703064,
            0.003001198172569275,
            0.0008279681205749512
        ],
        [
            0.17386192083358765,
            0.0299968384206295,
            0.000925164669752121
        ],
        [
            0.2252800166606903,
            0.05059254914522171,
            0.037918202579021454
        ],
        [
            0.21600590646266937,
            0.04639648273587227,
            0.033489953726530075
        ],
        [
            0.21250933408737183,
            0.048403300344944,
            0.03767475485801697
        ],
        [
            0.22267629206180573,
            0.05307074263691902,
            0.04016213119029999
        ],
        [
            0.21011203527450562,
            0.04414263367652893,
            0.031540099531412125
        ],
        [
            0.21878710389137268,
            0.04138707369565964,
            0.03220019489526749
        ],
        [
            0.14435210824012756,
            -0.005669461563229561,
            0.012048568576574326
        ],
        [
            0.1811908781528473,
            0.038092877715826035,
            0.029162641614675522
        ],
        [
            0.12973281741142273,
            -0.01444881409406662,
            0.014116945676505566
        ],
        [
            0.1524347960948944,
            -0.010253503918647766,
            0.02452022023499012
        ],
        [
            0.1415828913450241,
            -0.01538805104792118,
            0.028816673904657364
        ],
        [
            0.11533544957637787,
            -0.02296748198568821,
            0.018930576741695404
        ],
        [
            0.1274222433567047,
            -0.02110014483332634,
            0.03207667917013168
        ],
        [
            0.10044980049133301,
            -0.02599240094423294,
            0.006453799083828926
        ],
        [
            0.10809509456157684,
            -0.02363738976418972,
            0.011173591017723083
        ],
        [
            0.1404019147157669,
            -0.01547258347272873,
            0.04198775812983513
        ],
        [
            0.22020164132118225,
            0.04484393820166588,
            0.051548972725868225
        ],
