{
    "pred_cam": [
        5.160342216491699,
        0.15940500795841217,
        -0.05761744827032089
    ],
    "pred_mano_params": {
        "global_orient": [
            [
                [
                    -0.9064362049102783,
                    0.3360711336135864,
                    0.2557918131351471
                ],
                [
                    -0.4011629521846771,
                    -0.4957219064235687,
                    -0.7702778577804565
                ],
                [
                    -0.13206660747528076,
                    -0.8008220195770264,
                    0.5841595530509949
                ]
            ]
        ],
        "hand_pose": [
            [
                [
                    0.95762699842453,
                    -0.2822585105895996,
                    -0.05727708339691162
                ],
                [
                    0.2866620123386383,
                    0.9533301591873169,
                    0.09479758143424988
                ],
                [
                    0.02784654125571251,
                    -0.10719988495111465,
                    0.9938474893569946
                ]
            ],
            [
                [
                    0.9955155849456787,
                    -0.043142758309841156,
                    0.08418706804513931
                ],
                [
                    0.062367476522922516,
                    0.9684712886810303,
                    -0.2411922812461853
                ],
                [
                    -0.07112704962491989,
                    0.24536119401454926,
                    0.9668189883232117
                ]
            ],
            [
                [
                    0.941697895526886,
                    -0.10588401556015015,
                    0.3193642497062683
                ],
                [
                    0.03401464596390724,
                    0.9742880463600159,
                    0.22272343933582306
                ],
                [
                    -0.334735631942749,
                    -0.19887511432170868,
                    0.9210866093635559
                ]
            ],
            [
                [
                    0.9484461545944214,
                    -0.3144966959953308,
                    0.039263322949409485
                ],
                [
                    0.3155612647533417,
                    0.9485865831375122,
                    -0.024591535329818726
                ],
                [
                    -0.029510699212551117,
                    0.03571373224258423,
                    0.9989262819290161
                ]
            ],
            [
                [
                    0.9977222681045532,
                    -0.06167367100715637,
                    -0.02732563205063343
                ],
                [
                    0.06688617169857025,
                    0.9570366740226746,
                    0.282147079706192
                ],
                [
                    0.008750584907829762,
                    -0.28333213925361633,
                    0.9589819312095642
                ]
            ],
            [
                [
                    0.8918668627738953,
                    -0.38829004764556885,
                    0.2319575995206833
                ],
                [
                    0.39306312799453735,
                    0.9191077351570129,
                    0.027248099446296692
                ],
                [
                    -0.22377416491508484,
                    0.06687229126691818,
                    0.9723442196846008
                ]
            ],
            [
                [
                    0.9287440776824951,
                    -0.3156730830669403,
                    0.19438335299491882
                ],
                [
                    0.3215198516845703,
                    0.9469015598297119,
                    0.001551941386424005
                ],
                [
                    -0.18455182015895844,
                    0.06105675548315048,
                    0.9809243679046631
                ]
            ],
            [
                [
                    0.8724539875984192,
                    -0.48567500710487366,
                    -0.054256077855825424
                ],
                [
                    0.41213953495025635,
                    0.6715710759162903,
                    0.6157379150390625
                ],
                [
                    -0.2626117169857025,
                    -0.5595641732215881,
                    0.7860807180404663
                ]
            ],
            [
                [
                    0.8326947689056396,
                    -0.550540566444397,
                    0.05936653912067413
                ],
                [
                    0.42054352164268494,
                    0.698508083820343,
                    0.57899010181427
                ],
                [
                    -0.3602255880832672,
                    -0.45715585350990295,
                    0.813170313835144
                ]
            ],
            [
                [
                    0.9372104406356812,
                    -0.3156876862049103,
                    -0.14824903011322021
                ],
                [
                    0.3010622262954712,
                    0.9468796849250793,
                    -0.11305022239685059
                ],
                [
                    0.17606256902217865,
                    0.06131967157125473,
                    0.9824671745300293
                ]
            ],
            [
                [
                    0.9246658682823181,
                    -0.3807579278945923,
                    -0.004052674397826195
                ],
                [
                    0.33376383781433105,
                    0.8053264617919922,
                    0.48994991183280945
                ],
                [
                    -0.1832885891199112,
                    -0.45439261198043823,
                    0.8717411160469055
                ]
            ],
            [
                [
                    0.6840020418167114,
                    -0.7212686538696289,
                    0.10914596915245056
                ],
                [
                    0.6646853685379028,
                    0.6778774261474609,
                    0.3141266107559204
                ],
                [
                    -0.3005572557449341,
                    -0.14231547713279724,
                    0.9430862665176392
                ]
            ],
            [
                [
                    0.7191192507743835,
                    0.10439414530992508,
                    -0.6870002746582031
                ],
                [
                    -0.6200602054595947,
                    0.5426847338676453,
                    -0.5665850639343262
                ],
                [
                    0.3136763870716095,
                    0.8334237337112427,
                    0.45498567819595337
                ]
            ],
            [
                [
                    0.8607126474380493,
                    -0.4521535038948059,
                    -0.23394669592380524
                ],
                [
                    0.5066286325454712,
                    0.7156062126159668,
                    0.4808691740036011
                ],
                [
                    -0.05001295357942581,
                    -0.5324141979217529,
                    0.845005214214325
                ]
            ],
            [
                [
                    0.9165574908256531,
                    -0.38583600521087646,
                    0.10513345152139664
                ],
                [
                    0.398647665977478,
                    0.8607258200645447,
                    -0.3165929913520813
                ],
                [
                    0.03166188299655914,
                    0.33208686113357544,
                    0.9427173137664795
                ]
            ]
        ],
        "betas": [
            -0.04070243239402771,
            -0.06250748038291931,
            0.00999903678894043,
            0.017052441835403442,
            0.012556284666061401,
            0.045232731848955154,
            0.030099987983703613,
            0.02755694091320038,
            -0.04693320393562317,
            -0.03892779350280762
        ]
    },
    "pred_cam_t": [
        -0.15940500795841217,
        -0.05761744827032089,
        7.56974983215332
    ],
    "focal_length": [
        5000.0,
        5000.0
    ],
    "pred_keypoints_3d": [
        [
            0.0958976000547409,
            0.00640599150210619,
            0.006205237470567226
        ],
        [
            0.1191907674074173,
            0.003825168125331402,
            0.03696158155798912
        ],
        [
            0.14783239364624023,
            0.012215272523462772,
            0.0447518415749073
        ],
        [
            0.16998937726020813,
            0.027839669957756996,
            0.045909665524959564
        ],
        [
            0.19181129336357117,
            0.050493981689214706,
            0.06079288199543953
        ],
        [
            0.17948195338249207,
            0.02848411723971367,
            0.034130048006772995
        ],
        [
            0.20744730532169342,
            0.04353605955839157,
            0.04323870688676834
        ],
        [
            0.2232356071472168,
            0.055439263582229614,
            0.05337291210889816
        ],
        [
            0.241636723279953,
            0.06175651401281357,
            0.068505197763443
        ],
        [
            0.1805441677570343,
            0.04783952236175537,
            0.017965156584978104
        ],
        [
            0.20425355434417725,
            0.06754110753536224,
            0.02568090707063675
        ],
        [
            0.21838879585266113,
            0.08346372842788696,
            0.035167355090379715
        ],
        [
            0.23289594054222107,
            0.09591402113437653,
            0.052273087203502655
        ],
        [
            0.16203507781028748,
            0.06186147779226303,
            0.004583670757710934
        ],
        [
            0.18153198063373566,
            0.08309073746204376,
            0.007138396613299847
        ],
        [
            0.1877882033586502,
            0.10310779511928558,
            0.020436253398656845
        ],
        [
            0.18796291947364807,
            0.11187303811311722,
            0.0436774417757988
        ],
        [
            0.1440241038799286,
            0.072374127805233,
            -0.002030915580689907
        ],
        [
            0.1564365029335022,
            0.08943463116884232,
            -0.0005845162086188793
        ],
        [
            0.15799736976623535,
            0.10268574953079224,
            0.01291649229824543
        ],
        [
            0.15480569005012512,
            0.10413248836994171,
            0.03177078068256378
        ]
    ],
    "pred_vertices": [
        [
            0.13811856508255005,
            0.02135000377893448,
            0.033569902181625366
        ],
        [
            0.1267286241054535,
            0.018005015328526497,
            0.03171047568321228
        ],
        [
            0.1350489854812622,
            0.019060486927628517,
            0.034835077822208405
        ],
        [
            0.14425131678581238,
            0.020021989941596985,
            0.038236796855926514
        ],
        [
            0.12134616822004318,
            0.02056429535150528,
            0.045912064611911774
        ],
        [
            0.11906001716852188,
            0.012178098782896996,
            0.05448257923126221
        ],
        [
            0.13682572543621063,
            0.017706051468849182,
            0.05594223737716675
        ],
        [
            0.135264053940773,
            0.024797284975647926,
            0.04826837033033371
        ],
        [
            0.15087571740150452,
            0.01848485879600048,
            0.03933490067720413
        ],
        [
            0.14241045713424683,
            0.020494455471634865,
            0.03763459622859955
        ],
        [
            0.15404225885868073,
            0.015581157989799976,
            0.035677842795848846
        ],
        [
            0.16402961313724518,
            0.010744983330368996,
            0.035951968282461166
        ],
        [
            0.16033391654491425,
            0.016574447974562645,
            0.04022212699055672
        ],
        [
            0.17171932756900787,
            0.01207722257822752,
            0.03557419031858444
        ],
        [
            0.16144971549510956,
            0.0026023946702480316,
            0.02973134070634842
        ],
        [
            0.17305095493793488,
            0.009861466474831104,
            0.02699769288301468
        ],
        [
            0.153558611869812,
            0.011135097593069077,
            0.00782160647213459
        ],
        [
            0.14745184779167175,
            0.019666820764541626,
            -0.0006133802235126495
        ],
        [
            0.161590576171875,
            0.02826194278895855,
            0.0012924131006002426
        ],
        [
            0.16630353033542633,
            0.019418802112340927,
            0.010287759825587273
        ],
        [
            0.14609459042549133,
            0.0390595942735672,
            -0.0072340574115514755
        ],
        [
            0.15555359423160553,
            0.03363647684454918,
            -0.002710975706577301
        ],
        [
            0.14172808825969696,
            0.024528220295906067,
            -0.005602944642305374
        ],
        [
            0.13396763801574707,
            0.030054733157157898,
            -0.009482691064476967
        ],
        [
            0.1288517564535141,
            0.02767876535654068,
            0.02460576221346855
        ],
        [
            0.11772752553224564,
            0.023823240771889687,
            0.023760737851262093
        ],
        [
            0.12036643177270889,
            0.020187225192785263,
            0.026447312906384468
        ],
        [
            0.13145963847637177,
            0.024386152625083923,
            0.027691273018717766
        ],
        [
            0.15726885199546814,
            0.012081203982234001,
            0.03626925125718117
        ],
        [
            0.15280570089817047,
            0.0011298079043626785,
            0.036709029227495193
        ],
        [
            0.15521563589572906,
            0.007551746442914009,
            0.03438121825456619
        ],
        [
            0.15593211352825165,
            0.017392681911587715,
            0.035817451775074005
        ],
        [
            0.08983152359724045,
            0.02442087233066559,
            0.02134922333061695
        ],
        [
            0.0816965401172638,
            0.014877323061227798,
            0.01629079505801201
        ],
        [
            0.08397006243467331,
            0.010425597429275513,
            0.019496383145451546
        ],
        [
            0.09095872938632965,
            0.019880177453160286,
            0.02325180172920227
        ],
        [
            0.09601862728595734,
            0.0031723901629447937,
            0.04072261601686478
        ],
        [
            0.0900648906826973,
            -0.0030157919973134995,
            0.030868079513311386
        ],
        [
            0.09169229865074158,
            -0.01647208072245121,
            0.028307806700468063
        ],
        [
            0.10004308074712753,
            -0.012736398726701736,
            0.03634674474596977
        ],
        [
            0.10670092701911926,
            0.008369474671781063,
            0.0496048629283905
        ],
        [
            0.10846500098705292,
            -0.0057018715888261795,
            0.048594165593385696
        ],
        [
            0.12194757163524628,
            0.0010951627045869827,
            0.05597412586212158
        ],
        [
            0.14026272296905518,
            0.009132960811257362,
            0.057647719979286194
        ],
        [
            0.07771221548318863,
            0.023077134042978287,
            0.007236828096210957
        ],
        [
            0.08283203095197678,
            0.031471915543079376,
            0.00999994296580553
        ],
        [
            0.20757238566875458,
            0.044450484216213226,
            0.05482504889369011
        ],
        [
            0.20639345049858093,
            0.04990357160568237,
            0.05319230258464813
        ],
        [
            0.2014010101556778,
            0.047032564878463745,
            0.051610980182886124
        ],
        [
            0.20379337668418884,
            0.042194049805402756,
            0.05342287942767143
        ],
        [
            0.08534963428974152,
            0.02851998060941696,
            -0.010700716637074947
        ],
        [
            0.09025368839502335,
            0.023493561893701553,
            -0.018023086711764336
        ],
        [
            0.08328722417354584,
            0.021271206438541412,
            -0.018188614398241043
        ],
        [
            0.07903467118740082,
            0.024364162236452103,
            -0.010330436751246452
        ],
        [
            0.09371951967477798,
            0.03397386893630028,
            -0.01098996214568615
        ],
        [
            0.09988030046224594,
            0.026509422808885574,
            -0.01694246008992195
        ],
        [
            0.21502526104450226,
            0.038848694413900375,
            0.04640110209584236
        ],
        [
            0.21309278905391693,
            0.03867652267217636,
            0.051096536219120026
        ],
        [
            0.20988675951957703,
            0.03599851578474045,
            0.04846416041254997
        ],
        [
            0.21107815206050873,
            0.03657953068614006,
            0.043380070477724075
        ],
        [
            0.1545184999704361,
            0.021370336413383484,
            0.04085883870720863
        ],
        [
            0.14796918630599976,
            0.025487150996923447,
            0.03653905540704727
        ],
        [
            0.1715351939201355,
            0.029997924342751503,
            0.04285965859889984
        ],
        [
            0.16197174787521362,
            0.028727101162075996,
            0.03915051370859146
        ],
        [
            0.16404268145561218,
            0.022584976628422737,
            0.04199781268835068
        ],
        [
            0.172228142619133,
            0.0235543642193079,
            0.04368647187948227
        ],
        [
            0.14828936755657196,
            0.04064702242612839,
            0.024049734696745872
        ],
        [
            0.13805504143238068,
            0.03483829274773598,
            0.023082228377461433
        ],
        [
            0.14216208457946777,
            0.03148314729332924,
            0.026864415034651756
        ],
        [
            0.15385261178016663,
            0.037133511155843735,
            0.02967054769396782
        ],
        [
            0.12981142103672028,
            0.044662997126579285,
            0.01697126030921936
        ],
        [
            0.14074480533599854,
            0.04944881796836853,
            0.01810287870466709
        ],
        [
            0.1348876655101776,
            0.05458960682153702,
            0.014529701322317123
        ],
        [
            0.1277507245540619,
            0.05064108967781067,
            0.015114741399884224
        ],
        [
            0.1612401157617569,
            0.055231619626283646,
            0.020807793363928795
        ],
        [
            0.16913381218910217,
            0.05807439237833023,
            0.020033055916428566
        ],
        [
            0.16821624338626862,
            0.060949552804231644,
            0.018103042617440224
        ],
        [
            0.15932993590831757,
            0.05720539763569832,
            0.01862923614680767
        ],
        [
            0.07693015038967133,
            0.018180880695581436,
            -0.01897003874182701
        ],
        [
            0.07353967428207397,
            0.019585486501455307,
            -0.00980178453028202
        ],
        [
            0.1301259696483612,
            0.052420467138290405,
            -0.012944317422807217
        ],
        [
            0.12055590003728867,
            0.05753369256854057,
            -0.01027162279933691
        ],
        [
            0.12958353757858276,
            0.06631872057914734,
            -0.010210134088993073
        ],
        [
            0.1373465359210968,
            0.058439210057258606,
            -0.013063088990747929
        ],
        [
            0.09734970331192017,
            0.016101080924272537,
            -0.020055335015058517
        ],
        [
            0.0899161696434021,
            0.014841798692941666,
            -0.022345537319779396
        ],
        [
            0.2156394124031067,
            0.04255352169275284,
            0.04155394062399864
        ],
        [
            0.2109827846288681,
            0.040493983775377274,
            0.03889713063836098
        ],
        [
            0.12381169199943542,
            -0.010471366345882416,
            0.04848608002066612
        ],
        [
            0.1428219974040985,
            0.0006217062473297119,
            0.054251350462436676
        ],
        [
            0.11106846481561661,
            -0.01682276651263237,
            0.037507858127355576
        ],
        [
            0.10377256572246552,
            -0.02031010016798973,
            0.027078740298748016
        ],
        [
            0.09710248559713364,
            -0.02429981529712677,
            0.02035965956747532
        ],
        [
            0.16332511603832245,
            0.035007327795028687,
            0.03654948249459267
        ],
        [
            0.14123554527759552,
            0.027075912803411484,
            0.030769824981689453
        ],
        [
            0.12615808844566345,
            0.03100014477968216,
            0.022004205733537674
        ],
        [
            0.11164937913417816,
            0.05570349469780922,
            0.010514205321669579
        ],
        [
            0.10237225890159607,
            0.05031919851899147,
            0.010490002110600471
        ],
        [
            0.10981155186891556,
            0.045734092593193054,
            0.016594301909208298
        ],
        [
            0.11662748456001282,
            0.05112927407026291,
            0.01478675939142704
        ],
        [
            0.11651059985160828,
            0.06283705681562424,
            -0.0031143261585384607
        ],
        [
            0.11828647553920746,
            0.06356173753738403,
            0.004646257497370243
        ],
        [
            0.12635467946529388,
            0.06879322975873947,
            0.004287239164113998
        ],
        [
            0.12521575391292572,
            0.06932216882705688,
            -0.0031405265908688307
        ],
        [
            0.15940973162651062,
            0.006976431235671043,
            0.04092559590935707
        ],
        [
            0.1503402590751648,
            -0.00390058197081089,
            0.04057379812002182
        ],
        [
            0.08196091651916504,
            0.031045082956552505,
            -0.0009588925167918205
        ],
        [
            0.07718934118747711,
            0.024901937693357468,
            -0.0003333697095513344
        ],
        [
            0.07173310965299606,
            0.018684182316064835,
            -0.0022793207317590714
        ],
        [
            0.10352179408073425,
            0.02339247055351734,
            0.024374336004257202
        ],
        [
            0.09158533066511154,
            0.016797922551631927,
            0.024982761591672897
        ],
        [
            0.09336941689252853,
            0.0144434105604887,
            0.028900261968374252
        ],
        [
            0.1047699898481369,
            0.02057499811053276,
            0.025661056861281395
        ],
        [
            0.11635124683380127,
            0.018609460443258286,
            0.034088049083948135
        ],
        [
            0.10630489140748978,
            0.016203517094254494,
            0.0413365475833416
        ],
        [
            0.12776824831962585,
            0.022577671334147453,
            0.036273229867219925
        ],
        [
            0.08558260649442673,
            0.003656681627035141,
            0.024029826745390892
        ],
        [
            0.07636430114507675,
            0.003801316022872925,
            0.01742013357579708
        ],
        [
            0.07963820546865463,
            -0.0034370608627796173,
            0.021458923816680908
        ],
        [
            0.07325306534767151,
            0.010546207427978516,
            0.0110096987336874
        ],
        [
            0.07141419500112534,
            0.016066845506429672,
            0.004249033518135548
        ],
        [
            0.08332771807909012,
            0.011462297290563583,
            -0.02661725878715515
        ],
        [
            0.08399544656276703,
            -0.010039445012807846,
            0.024060215801000595
        ],
        [
            0.1446445882320404,
            0.02570653147995472,
            0.04980314522981644
        ],
        [
            0.15214912593364716,
            0.026926249265670776,
            0.05063784122467041
        ],
        [
            0.15134376287460327,
            0.02790401689708233,
            0.04313695430755615
        ],
        [
            0.14490491151809692,
            0.02616812475025654,
            0.0416228249669075
        ],
        [
            0.1804547756910324,
            0.015459436923265457,
            0.035009000450372696
        ],
        [
            0.17663033306598663,
            0.018990669399499893,
            0.04148085042834282
        ],
        [
            0.16741542518138885,
            0.01577354595065117,
            0.04096461087465286
        ],
        [
            0.09665079414844513,
            0.03378301113843918,
            0.01969553902745247
        ],
        [
            0.09022994339466095,
            0.03943189978599548,
            0.010387307032942772
        ],
        [
            0.17338232696056366,
            0.03587351739406586,
            0.040028735995292664
        ],
        [
            0.20836368203163147,
            0.034316081553697586,
            0.03989678993821144
        ],
        [
            0.20683050155639648,
            0.03323313221335411,
            0.04542170464992523
        ],
        [
            0.19331534206867218,
            0.023777659982442856,
            0.0392121858894825
        ],
        [
            0.19595161080360413,
            0.02555878460407257,
            0.03326830267906189
        ],
        [
            0.18221646547317505,
            0.040940605103969574,
            0.035150136798620224
        ],
        [
            0.17892251908779144,
            0.03760464861989021,
            0.04040353745222092
        ],
        [
            0.1819988191127777,
            0.03882426768541336,
            0.040123194456100464
        ],
        [
            0.18492385745048523,
            0.043317072093486786,
            0.03652346506714821
        ],
        [
            0.1603422313928604,
            0.06416922807693481,
            0.014157688245177269
        ],
        [
            0.15304741263389587,
            0.06145216524600983,
            0.014721567742526531
        ],
        [
            0.17762994766235352,
            0.030078761279582977,
            0.014828445389866829
        ],
        [
            0.18055705726146698,
            0.01794542744755745,
            0.01941807009279728
        ],
        [
            0.1701425313949585,
            0.011658890172839165,
            0.0176406167447567
        ],
        [
            0.143461212515831,
            0.044991664588451385,
            0.02032054215669632
        ],
        [
            0.15237782895565033,
            0.05094415321946144,
            0.02077820897102356
        ],
        [
            0.1501949578523636,
            0.053656890988349915,
            0.018535379320383072
        ],
        [
            0.16579367220401764,
            0.03878377750515938,
            0.034452177584171295
        ],
        [
            0.17390140891075134,
            0.04057943820953369,
            0.03592389076948166
        ],
        [
            0.16969852149486542,
            0.04250212386250496,
            0.03175192326307297
        ],
        [
            0.16221559047698975,
            0.04099869728088379,
            0.030616091564297676
        ],
        [
            0.1108509749174118,
            0.048884447664022446,
            -0.011828932911157608
        ],
        [
            0.10581786930561066,
            0.05533535033464432,
            -0.003566685365512967
        ],
        [
            0.21018707752227783,
            0.040563326328992844,
            0.05414632707834244
        ],
        [
            0.20683324337005615,
            0.03807130455970764,
            0.052093133330345154
        ],
        [
            0.1335214078426361,
            0.039179477840662,
            0.01944456249475479
        ],
        [
            0.15710334479808807,
            0.005324486643075943,
            0.016323227435350418
        ],
        [
            0.12293633818626404,
            0.03464808315038681,
            0.019442422315478325
        ],
        [
            0.15502113103866577,
            0.05862986296415329,
            -0.004768277518451214
        ],
        [
            0.1531296670436859,
            0.06509935855865479,
            -0.0015129218809306622
        ],
        [
            0.15817873179912567,
            0.06676258891820908,
            0.0003953566774725914
        ],
        [
            0.16136886179447174,
            0.06333659589290619,
            -0.0034332331269979477
        ],
        [
            0.1976860612630844,
            0.0508214496076107,
            0.04014819115400314
        ],
        [
            0.1967606097459793,
            0.04934461787343025,
            0.04567202180624008
        ],
        [
            0.2007795125246048,
            0.05174235999584198,
            0.04752141609787941
        ],
        [
            0.20222318172454834,
            0.05315448343753815,
            0.0421445406973362
        ],
        [
            0.17857617139816284,
            0.0325121246278286,
            0.043419960886240005
        ],
        [
            0.1795087456703186,
            0.0263154748827219,
            0.04465257376432419
        ],
        [
            0.1850937008857727,
            0.029833536595106125,
            0.045585282146930695
        ],
        [
            0.18330733478069305,
            0.03506895527243614,
            0.04340308904647827
        ],
        [
            0.1840444952249527,
            0.0219265166670084,
            0.04203684628009796
        ],
        [
            0.18910765647888184,
            0.025274476036429405,
            0.0436105877161026
        ],
        [
            0.20089326798915863,
            0.048680804669857025,
            0.03489108011126518
        ],
        [
            0.2052629441022873,
            0.043005455285310745,
            0.03247267007827759
        ],
        [
            0.19349713623523712,
            0.03683856874704361,
            0.026509840041399002
        ],
        [
            0.1904204934835434,
            0.042735107243061066,
            0.031349677592515945
        ],
        [
            0.12257371842861176,
            0.02076192945241928,
            -0.01241837628185749
        ],
        [
            0.11529284715652466,
            0.028670433908700943,
            -0.015500679612159729
        ],
        [
            0.12645024061203003,
            0.03811277821660042,
            -0.012764195911586285
        ],
        [
            0.13729287683963776,
            0.04720335826277733,
            -0.011166288517415524
        ],
        [
            0.14764784276485443,
            0.05548841133713722,
            -0.008081813342869282
        ],
        [
            0.15628039836883545,
            0.04677373170852661,
            -0.0066726915538311005
        ],
        [
            0.12006622552871704,
            0.04289998859167099,
            -0.014401424676179886
        ],
        [
            0.18163421750068665,
            0.039310991764068604,
            0.024246184155344963
        ],
        [
            0.18422213196754456,
            0.03158407658338547,
            0.02189590036869049
        ],
        [
            0.18125838041305542,
            0.035087283700704575,
            0.01851942576467991
        ],
        [
            0.11884668469429016,
            0.040593221783638,
            0.017508728429675102
        ],
        [
            0.20386269688606262,
            0.03467379882931709,
            0.04938384145498276
        ],
        [
            0.10926777869462967,
            -0.018911998718976974,
            0.0022254958748817444
        ],
        [
            0.10729535669088364,
            -0.011078860610723495,
            -0.008989065885543823
        ],
        [
            0.11460846662521362,
            -0.008023697882890701,
            -0.0051909200847148895
        ],
        [
            0.11647172272205353,
            -0.016351215541362762,
            0.00840151496231556
        ],
        [
            0.19739322364330292,
            0.044300999492406845,
            0.05025481432676315
        ],
        [
            0.2000296413898468,
            0.03889967128634453,
            0.05195922404527664
        ],
        [
            0.15067024528980255,
            0.06665834039449692,
            0.010866014286875725
        ],
        [
            0.15724845230579376,
            0.06750940531492233,
            0.010385519824922085
        ],
        [
            0.15745756030082703,
            0.06923628598451614,
            0.00668287044391036
        ],
        [
            0.15105637907981873,
            0.07146698981523514,
            0.006856034509837627
        ],
        [
            0.110353022813797,
            0.03189151734113693,
            -0.016336005181074142
        ],
        [
            0.13550443947315216,
            0.07178305089473724,
            -0.010109041817486286
        ],
        [
            0.14195314049720764,
            0.06487686187028885,
            -0.01275645475834608
        ],
        [
            0.10569662600755692,
            0.0200602188706398,
            -0.017697244882583618
        ],
        [
            0.11212126910686493,
            0.012916505336761475,
            -0.015622735023498535
        ],
        [
            0.10425134003162384,
            0.0077177993953228,
            -0.018151137977838516
        ],
        [
            0.1691676527261734,
            0.04348616674542427,
            0.001551399938762188
        ],
        [
            0.1292601376771927,
            0.016360536217689514,
            -0.008952215313911438
        ],
        [
            0.11738695949316025,
            0.008585907518863678,
            -0.012030912563204765
        ],
        [
            0.10821884125471115,
            0.002156432718038559,
            -0.01487390510737896
        ],
        [
            0.10158755630254745,
            -0.002085614949464798,
            -0.01776115410029888
        ],
        [
            0.09784819930791855,
            0.004489339888095856,
            -0.02093222737312317
        ],
        [
            0.20751456916332245,
            0.038522638380527496,
            0.03528263792395592
        ],
        [
            0.20941409468650818,
            0.045985154807567596,
            0.035653006285429
        ],
        [
            0.09106046706438065,
            0.0005614794790744781,
            -0.025635700672864914
        ],
        [
            0.09527081251144409,
            -0.0065354593098163605,
            -0.02127694897353649
        ],
        [
            0.12261754274368286,
            0.002981957048177719,
            -0.006841415539383888
        ],
        [
            0.127806156873703,
            -0.0037441737949848175,
            0.001141529530286789
        ],
        [
            0.13378995656967163,
            0.010842129588127136,
            -0.0038868673145771027
        ],
        [
            0.1401192843914032,
            0.004850272089242935,
            0.0037036389112472534
        ],
        [
            0.17247918248176575,
            0.03363748639822006,
            0.0030911676585674286
        ],
        [
            0.2208499312400818,
            0.05699465051293373,
            0.04433070123195648
        ],
        [
            0.21154439449310303,
            0.05341324582695961,
            0.03985591232776642
        ],
        [
            0.20819561183452606,
            0.055617548525333405,
            0.043975263833999634
        ],
        [
            0.21872201561927795,
            0.059646278619766235,
            0.046710219234228134
        ],
        [
            0.2053913176059723,
            0.05111635848879814,
            0.03748935088515282
        ],
        [
            0.21400423347949982,
            0.04819047451019287,
            0.03858446329832077
        ],
        [
            0.14373263716697693,
            -0.002612525597214699,
            0.015698617324233055
        ],
        [
            0.17704474925994873,
            0.044172827154397964,
            0.031169544905424118
        ],
        [
            0.1296248435974121,
            -0.01187969371676445,
            0.017922500148415565
        ],
        [
            0.15130071341991425,
            -0.00557408481836319,
            0.02817590907216072
        ],
        [
            0.14079782366752625,
            -0.010812180116772652,
            0.03252270817756653
        ],
        [
            0.11573062837123871,
            -0.020433958619832993,
            0.022904235869646072
        ],
        [
            0.12718841433525085,
            -0.016660813242197037,
            0.03612818568944931
        ],
        [
            0.10161922127008438,
            -0.02547784149646759,
            0.009713465347886086
        ],
        [
            0.1088855117559433,
            -0.02226342260837555,
            0.014760585501790047
        ],
        [
            0.13984711468219757,
            -0.009426243603229523,
            0.04496920481324196
        ],
        [
            0.2161208987236023,
            0.05135910585522652,
            0.05781036615371704
        ],
        [
