{
    "pred_cam": [
        8.84605598449707,
        0.14837290346622467,
        0.013869747519493103
    ],
    "pred_mano_params": {
        "global_orient": [
            [
                [
                    -0.40592676401138306,
                    -0.9137548208236694,
                    -0.016600720584392548
                ],
                [
                    0.5189128518104553,
                    -0.21549347043037415,
                    -0.8272193670272827
                ],
                [
                    0.7522983551025391,
                    -0.34440484642982483,
                    0.5616337060928345
                ]
            ]
        ],
        "hand_pose": [
            [
                [
                    0.5821362137794495,
                    -0.8112890124320984,
                    0.054107245057821274
                ],
                [
                    0.809438943862915,
                    0.571936309337616,
                    -0.13303183019161224
                ],
                [
                    0.07698136568069458,
                    0.12123914062976837,
                    0.9896337389945984
                ]
            ],
            [
                [
                    0.8399664759635925,
                    -0.5422109365463257,
                    0.021532144397497177
                ],
                [
                    0.5315405130386353,
                    0.8141559958457947,
                    -0.23369798064231873
                ],
                [
                    0.10918305814266205,
                    0.20774368941783905,
                    0.9720708131790161
                ]
            ],
            [
                [
                    0.7170229554176331,
                    -0.6928579211235046,
                    0.07632780820131302
                ],
                [
                    0.6806723475456238,
                    0.7195631265640259,
                    0.13752853870391846
                ],
                [
                    -0.1502104103565216,
                    -0.046656906604766846,
                    0.9875525236129761
                ]
            ],
            [
                [
                    0.69931960105896,
                    -0.7126622200012207,
                    -0.05535842478275299
                ],
                [
                    0.7142345905303955,
                    0.699763298034668,
                    0.014151760376989841
                ],
                [
                    0.028652366250753403,
                    -0.049435507506132126,
                    0.9983661770820618
                ]
            ],
            [
                [
                    0.6641551852226257,
                    -0.702485978603363,
                    -0.2557561695575714
                ],
                [
                    0.7470414042472839,
                    0.6367787718772888,
                    0.1908976286649704
                ],
                [
                    0.028757182881236076,
                    -0.3178461194038391,
                    0.9477060437202454
                ]
            ],
            [
                [
                    0.6148126125335693,
                    -0.7877339124679565,
                    0.03848148137331009
                ],
                [
                    0.7873889207839966,
                    0.6158637404441833,
                    0.02702835015952587
                ],
                [
                    -0.04499049484729767,
                    0.013682524673640728,
                    0.9988937377929688
                ]
            ],
            [
                [
                    0.5552362203598022,
                    -0.8316507339477539,
                    -0.008354884572327137
                ],
                [
                    0.7111889719963074,
                    0.46955618262290955,
                    0.5231894850730896
                ],
                [
                    -0.43118780851364136,
                    -0.296435683965683,
                    0.8521754145622253
                ]
            ],
            [
                [
                    0.9698334336280823,
                    -0.225957989692688,
                    0.09146705269813538
                ],
                [
                    0.20626339316368103,
                    0.9606357216835022,
                    0.18610310554504395
                ],
                [
                    -0.12991802394390106,
                    -0.16162268817424774,
                    0.9782634973526001
                ]
            ],
            [
                [
                    0.963441014289856,
                    -0.2128092646598816,
                    0.16276845335960388
                ],
                [
                    0.1246735006570816,
                    0.8938459157943726,
                    0.4306924343109131
                ],
                [
                    -0.23714525997638702,
                    -0.394653856754303,
                    0.8876994848251343
                ]
            ],
            [
                [
                    0.6102052927017212,
                    -0.7859751582145691,
                    -0.0994606539607048
                ],
                [
                    0.7922194600105286,
                    0.6063321828842163,
                    0.06891714781522751
                ],
                [
                    0.006139021832495928,
                    -0.12084829062223434,
                    0.9926519393920898
                ]
            ],
            [
                [
                    0.8276191353797913,
                    -0.5612034201622009,
                    -0.009861218743026257
                ],
                [
                    0.49255838990211487,
                    0.7177385091781616,
                    0.49217647314071655
                ],
                [
                    -0.2691333293914795,
                    -0.41219189763069153,
                    0.8704395890235901
                ]
            ],
            [
                [
                    0.666435956954956,
                    -0.7453845143318176,
                    0.016282282769680023
                ],
                [
                    0.7135668396949768,
                    0.6440130472183228,
                    0.27580714225769043
                ],
                [
                    -0.2160683572292328,
                    -0.17218928039073944,
                    0.9610751271247864
                ]
            ],
            [
                [
                    0.9869593381881714,
                    0.04184773564338684,
                    -0.15543487668037415
                ],
                [
                    -0.14769291877746582,
                    0.6194348335266113,
                    -0.7710300087928772
                ],
                [
                    0.06401590257883072,
                    0.7839319109916687,
                    0.6175376176834106
                ]
            ],
            [
                [
                    0.9450114369392395,
                    -0.308881551027298,
                    -0.1074507012963295
                ],
                [
                    0.3248773217201233,
                    0.8489524722099304,
                    0.4168145954608917
                ],
                [
                    -0.03752578794956207,
                    -0.42880281805992126,
                    0.902618408203125
                ]
            ],
            [
                [
                    0.8834827542304993,
                    0.029921194538474083,
                    -0.4675073027610779
                ],
                [
                    -0.20821300148963928,
                    0.9190503358840942,
                    -0.33465468883514404
                ],
                [
                    0.41964951157569885,
                    0.3930026888847351,
                    0.818195104598999
                ]
            ]
        ],
        "betas": [
            0.012928858399391174,
            -0.058573007583618164,
            0.044923335313797,
            -0.026658445596694946,
            0.00474315881729126,
            -0.053027160465717316,
            -0.007899552583694458,
            -0.007921144366264343,
            0.05527092516422272,
            -0.03904053568840027
        ]
    },
    "pred_cam_t": [
        -0.14837290346622467,
        0.013869747519493103,
        4.415809631347656
    ],
    "focal_length": [
        5000.0,
        5000.0
    ],
    "pred_keypoints_3d": [
        [
            0.0955866351723671,
            0.006371408235281706,
            0.00619213841855526
        ],
        [
            0.11908367276191711,
            -0.02409672737121582,
            0.007938890717923641
        ],
        [
            0.14172105491161346,
            -0.04447048902511597,
            0.0036275098100304604
        ],
        [
            0.16302385926246643,
            -0.05726487189531326,
            -0.00711487140506506
        ],
        [
            0.18655508756637573,
            -0.06705044209957123,
            -0.03180355578660965
        ],
        [
            0.1357002854347229,
            -0.055203478783369064,
            -0.04660412669181824
        ],
        [
            0.1669866442680359,
            -0.06155725196003914,
            -0.0547281838953495
        ],
        [
            0.186733216047287,
            -0.05234019085764885,
            -0.050673358142375946
        ],
        [
            0.19728097319602966,
            -0.03582308441400528,
            -0.0357806459069252
        ],
        [
            0.13537943363189697,
            -0.03957987576723099,
            -0.06632787734270096
        ],
        [
            0.16397051513195038,
            -0.04149584844708443,
            -0.07990670204162598
        ],
        [
            0.18299821019172668,
            -0.03160441294312477,
            -0.0708804726600647
        ],
        [
            0.1903792917728424,
            -0.021722538396716118,
            -0.04900491237640381
        ],
        [
            0.1327810436487198,
            -0.013093287125229836,
            -0.06889700144529343
        ],
        [
            0.15999919176101685,
            -0.013515694066882133,
            -0.07838672399520874
        ],
        [
            0.18176260590553284,
            -0.009221674874424934,
            -0.06736122071743011
        ],
        [
            0.19236627221107483,
            -0.00885055772960186,
            -0.04482563957571983
        ],
        [
            0.13328059017658234,
            0.008589044213294983,
            -0.06640301644802094
        ],
        [
            0.15418747067451477,
            0.010486043989658356,
            -0.06892148405313492
        ],
        [
            0.17262348532676697,
            0.010727623477578163,
            -0.06451644003391266
        ],
        [
            0.1896858960390091,
            0.006273774430155754,
            -0.05432114377617836
        ]
    ],
    "pred_vertices": [
        [
            0.1310499906539917,
            -0.02916288562119007,
            -0.016418319195508957
        ],
        [
            0.1284351646900177,
            -0.022614985704421997,
            -0.008582714945077896
        ],
        [
            0.13545635342597961,
            -0.030097950249910355,
            -0.00916185975074768
        ],
        [
            0.136435866355896,
            -0.03700818866491318,
            -0.01597306877374649
        ],
        [
            0.13739712536334991,
            -0.01839807629585266,
            0.008981682360172272
        ],
        [
            0.1349140703678131,
            -0.022014014422893524,
            0.020387817174196243
        ],
        [
            0.14572899043560028,
            -0.03293634578585625,
            0.014148607850074768
        ],
        [
            0.14684709906578064,
            -0.02747964859008789,
            0.005597606301307678
        ],
        [
            0.13941657543182373,
            -0.044185735285282135,
            -0.016438333317637444
        ],
        [
            0.14120687544345856,
            -0.03607615455985069,
            -0.009873244911432266
        ],
        [
            0.13750678300857544,
            -0.04832056537270546,
            -0.015799764543771744
        ],
        [
            0.13056668639183044,
            -0.05657430738210678,
            -0.023567117750644684
        ],
        [
            0.13579408824443817,
            -0.0513092502951622,
            -0.02316375821828842
        ],
        [
            0.1291230320930481,
            -0.060376036912202835,
            -0.03078230284154415
        ],
        [
            0.1197296530008316,
            -0.056571777909994125,
            -0.020938510075211525
        ],
        [
            0.12092370539903641,
            -0.06038244813680649,
            -0.035985566675662994
        ],
        [
            0.10333976149559021,
            -0.03562825173139572,
            -0.033865757286548615
        ],
        [
            0.10142681002616882,
            -0.023034099489450455,
            -0.038812875747680664
        ],
        [
            0.10878611356019974,
            -0.030194180086255074,
            -0.0530904084444046
        ],
        [
            0.11092093586921692,
            -0.04215140640735626,
            -0.04643545299768448
        ],
        [
            0.10806907713413239,
            -0.009206383489072323,
            -0.05376914143562317
        ],
        [
            0.10880360752344131,
            -0.021081076934933662,
            -0.054161008447408676
        ],
        [
            0.10030123591423035,
            -0.014203047379851341,
            -0.04038190469145775
        ],
        [
            0.10029320418834686,
            -0.003936767578125,
            -0.04057975858449936
        ],
        [
            0.12524424493312836,
            -0.014130977913737297,
            -0.018357008695602417
        ],
        [
            0.12184871733188629,
            -0.007847018539905548,
            -0.010314837098121643
        ],
        [
            0.12275546044111252,
            -0.01365085318684578,
            -0.009614858776330948
        ],
        [
            0.12634503841400146,
            -0.01949484273791313,
            -0.01702355220913887
        ],
        [
            0.14000222086906433,
            -0.053792983293533325,
            -0.007194403558969498
        ],
        [
            0.12728992104530334,
            -0.053896255791187286,
            -0.0052305907011032104
        ],
        [
            0.13104163110256195,
            -0.05281207710504532,
            -0.012323904782533646
        ],
        [
            0.14323338866233826,
            -0.050180502235889435,
            -0.010028492659330368
        ],
        [
            0.11827093362808228,
            0.014923714101314545,
            0.00746222585439682
        ],
        [
            0.10789705067873001,
            0.017803475260734558,
            0.01563725620508194
        ],
        [
            0.1075817197561264,
            0.012495722621679306,
            0.01817695051431656
        ],
        [
            0.11671125888824463,
            0.010888472199440002,
            0.009860008955001831
        ],
        [
            0.11647561192512512,
            -0.0071839988231658936,
            0.02509371191263199
        ],
        [
            0.10653036832809448,
            -0.0031369663774967194,
            0.027248181402683258
        ],
        [
            0.09661673754453659,
            -0.010661568492650986,
            0.03292536363005638
        ],
        [
            0.10428866744041443,
            -0.01721501722931862,
            0.029869381338357925
        ],
        [
            0.12661787867546082,
            -0.014299914240837097,
            0.0228864848613739
        ],
        [
            0.11703503876924515,
            -0.022629786282777786,
            0.028883032500743866
        ],
        [
            0.12805551290512085,
            -0.029755186289548874,
            0.02557849884033203
        ],
        [
            0.14100834727287292,
            -0.03984054550528526,
            0.018378477543592453
        ],
        [
            0.10574397444725037,
            0.02859295904636383,
            0.009029924869537354
        ],
        [
            0.11347620189189911,
            0.02823578007519245,
            0.0023782625794410706
        ],
        [
            0.17030274868011475,
            -0.05748438835144043,
            -0.043175794184207916
        ],
        [
            0.17016352713108063,
            -0.05233881250023842,
            -0.046329718083143234
        ],
        [
            0.1662079244852066,
            -0.05265448987483978,
            -0.045098450034856796
        ],
        [
            0.1668134480714798,
            -0.05784107744693756,
            -0.04258904233574867
        ],
        [
            0.09559349715709686,
            0.0324898287653923,
            -0.00804593414068222
        ],
        [
            0.08710762858390808,
            0.028767328709363937,
            -0.012017972767353058
        ],
        [
            0.08515918999910355,
            0.03287259489297867,
            -0.006318137049674988
        ],
        [
            0.0929257720708847,
            0.034861475229263306,
            -0.0013821646571159363
        ],
        [
            0.09916315972805023,
            0.02925141341984272,
            -0.01680108904838562
        ],
        [
            0.09036336839199066,
            0.02276740036904812,
            -0.01949199289083481
        ],
        [
            0.1733969897031784,
            -0.06712182611227036,
            -0.05101243779063225
        ],
        [
            0.17294059693813324,
            -0.06554719805717468,
            -0.04605063423514366
        ],
        [
            0.16796162724494934,
            -0.06716263294219971,
            -0.04698432236909866
        ],
        [
            0.16741520166397095,
            -0.06827419996261597,
            -0.052290450781583786
        ],
        [
            0.1370721161365509,
            -0.04372674226760864,
            -0.022703424096107483
        ],
        [
            0.13490357995033264,
            -0.034605253487825394,
            -0.023372720927000046
        ],
        [
            0.14089924097061157,
            -0.04906287416815758,
            -0.036995675414800644
        ],
        [
            0.138380765914917,
            -0.04372689500451088,
            -0.03290234133601189
        ],
        [
            0.13717487454414368,
            -0.04956906661391258,
            -0.029320457950234413
        ],
        [
            0.13876494765281677,
            -0.05380624532699585,
            -0.033313386142253876
        ],
        [
            0.1334349513053894,
            -0.021378083154559135,
            -0.038226839154958725
        ],
        [
            0.12864358723163605,
            -0.016428472474217415,
            -0.02883797138929367
        ],
        [
            0.12987568974494934,
            -0.022875364869832993,
            -0.027805685997009277
        ],
        [
            0.135930135846138,
            -0.02954978309571743,
            -0.037010274827480316
        ],
        [
            0.1294691264629364,
            -0.002655399963259697,
            -0.03196045011281967
        ],
        [
            0.1336054503917694,
            -0.008754773065447807,
            -0.04111223667860031
        ],
        [
            0.13347728550434113,
            -0.00022703222930431366,
            -0.041694000363349915
        ],
        [
            0.13153918087482452,
            0.002809366211295128,
            -0.03475873917341232
        ],
        [
            0.1400490701198578,
            -0.022049274295568466,
            -0.055418744683265686
        ],
        [
            0.14206235110759735,
            -0.025308704003691673,
            -0.06070748716592789
        ],
        [
            0.14334847033023834,
            -0.02267308533191681,
            -0.061615120619535446
        ],
        [
            0.13973304629325867,
            -0.018758829683065414,
            -0.05582835152745247
        ],
        [
            0.08224257826805115,
            0.03629739210009575,
            -0.0008264258503913879
        ],
        [
            0.09002424776554108,
            0.03623580187559128,
            0.005170896649360657
        ],
        [
            0.11103887856006622,
            0.012532353401184082,
            -0.05359138920903206
        ],
        [
            0.11527500301599503,
            0.02117183431982994,
            -0.04797552153468132
        ],
        [
            0.12223194539546967,
            0.018772022798657417,
            -0.05854768306016922
        ],
        [
            0.11534792184829712,
            0.009910710155963898,
            -0.06273345649242401
        ],
        [
            0.08140422403812408,
            0.020229429006576538,
            -0.013446949422359467
        ],
        [
            0.07837329804897308,
            0.025978658348321915,
            -0.009051896631717682
        ],
        [
            0.173309326171875,
            -0.06516411155462265,
            -0.05704439803957939
        ],
        [
            0.16743870079517365,
            -0.0657743588089943,
            -0.05796892195940018
        ],
        [
            0.1158369854092598,
            -0.036134205758571625,
            0.023800984025001526
        ],
        [
            0.13353480398654938,
            -0.046288058161735535,
            0.017581649124622345
        ],
        [
            0.10244353115558624,
            -0.0272846557199955,
            0.02616611123085022
        ],
        [
            0.09306526929140091,
            -0.02081378921866417,
            0.02661304548382759
        ],
        [
            0.0861574113368988,
            -0.015936166048049927,
            0.029702164232730865
        ],
        [
            0.13958002626895905,
            -0.04012720286846161,
            -0.038621991872787476
        ],
        [
            0.13055825233459473,
            -0.02628982812166214,
            -0.02291703224182129
        ],
        [
            0.12496008723974228,
            -0.009160762652754784,
            -0.01956958696246147
        ],
        [
            0.13018600642681122,
            0.019454535096883774,
            -0.029587160795927048
        ],
        [
            0.12649405002593994,
            0.023531598970294,
            -0.02074722945690155
        ],
        [
            0.12888862192630768,
            0.013166138902306557,
            -0.019798774272203445
        ],
        [
            0.13106168806552887,
            0.011611253023147583,
            -0.028018280863761902
        ],
        [
            0.1238899677991867,
            0.02458241954445839,
            -0.04402315616607666
        ],
        [
            0.1303403079509735,
            0.02098223753273487,
            -0.04102054983377457
        ],
        [
            0.13328729569911957,
            0.01789095066487789,
            -0.04784756153821945
        ],
        [
            0.1283472776412964,
            0.021381257101893425,
            -0.052422720938920975
        ],
        [
            0.1397370994091034,
            -0.057857826352119446,
            -0.0007631853222846985
        ],
        [
            0.12521600723266602,
            -0.05433328449726105,
            0.002089034765958786
        ],
        [
            0.10456226021051407,
            0.03278264403343201,
            -0.0023889467120170593
        ],
        [
            0.10094697028398514,
            0.03284060209989548,
            0.004514187574386597
        ],
        [
            0.09521391987800598,
            0.03433337062597275,
            0.010630391538143158
        ],
        [
            0.12060631066560745,
            0.0026696883141994476,
            -0.0004903972148895264
        ],
        [
            0.11576689779758453,
            0.008120104670524597,
            0.011623583734035492
        ],
        [
            0.11664927005767822,
            0.004103846848011017,
            0.013061434030532837
        ],
        [
            0.11978744715452194,
            -0.0005606412887573242,
            -0.00020463764667510986
        ],
        [
            0.128359854221344,
            -0.014389872550964355,
            -0.00039523839950561523
        ],
        [
            0.12740817666053772,
            -0.008645568042993546,
            0.01169990748167038
        ],
        [
            0.13718050718307495,
            -0.021783530712127686,
            -0.002663504332304001
        ],
        [
            0.10635928064584732,
            0.006047740578651428,
            0.022972948849201202
        ],
        [
            0.10152267664670944,
            0.015448108315467834,
            0.025972697883844376
        ],
        [
            0.1001099944114685,
            0.007601577788591385,
            0.029924459755420685
        ],
        [
            0.1005987823009491,
            0.02382487803697586,
            0.020950868725776672
        ],
        [
            0.09866230934858322,
            0.030703339725732803,
            0.015606880187988281
        ],
        [
            0.07255398482084274,
            0.030718883499503136,
            -0.005025804042816162
        ],
        [
            0.0980093777179718,
            -0.00019606202840805054,
            0.03213891386985779
        ],
        [
            0.15227389335632324,
            -0.034813035279512405,
            0.0031058862805366516
        ],
        [
            0.15723982453346252,
            -0.041362375020980835,
            0.0009762682020664215
        ],
        [
            0.15386973321437836,
            -0.040775272995233536,
            -0.005947142839431763
        ],
        [
            0.14913007616996765,
            -0.03487320989370346,
            -0.004768650978803635
        ],
        [
            0.13185837864875793,
            -0.06338565051555634,
            -0.037715449929237366
        ],
        [
            0.13669316470623016,
            -0.059165630489587784,
            -0.03386298194527626
        ],
        [
            0.1341257095336914,
            -0.056112419813871384,
            -0.027609089389443398
        ],
        [
            0.12323510646820068,
            0.015461813658475876,
            -0.002993382513523102
        ],
        [
            0.1191244125366211,
            0.026812829077243805,
            -0.006746664643287659
        ],
        [
            0.14223089814186096,
            -0.045833420008420944,
            -0.042569637298583984
        ],
        [
            0.16157197952270508,
            -0.06864409148693085,
            -0.052773963660001755
        ],
        [
            0.16210998594760895,
            -0.06778279691934586,
            -0.046814218163490295
        ],
        [
            0.1434151828289032,
            -0.06524920463562012,
            -0.04202504828572273
        ],
        [
            0.1426655352115631,
            -0.06666609644889832,
            -0.04896095022559166
        ],
        [
            0.14416944980621338,
            -0.046871356666088104,
            -0.05179435387253761
        ],
        [
            0.14407919347286224,
            -0.046420685946941376,
            -0.04461134597659111
        ],
        [
            0.14537349343299866,
            -0.04679103195667267,
            -0.04585947096347809
        ],
        [
            0.14728358387947083,
            -0.04600082337856293,
            -0.05221153423190117
        ],
        [
            0.14200237393379211,
            -0.013681067153811455,
            -0.06001283600926399
        ],
        [
            0.13901202380657196,
            -0.010355925187468529,
            -0.05514676123857498
        ],
        [
            0.12212139368057251,
            -0.04686487838625908,
            -0.05756910890340805
        ],
        [
            0.11952617764472961,
            -0.05921125411987305,
            -0.051167163997888565
        ],
        [
            0.11301121115684509,
            -0.053367532789707184,
            -0.040706243366003036
        ],
        [
            0.13285616040229797,
            -0.014028964564204216,
            -0.039374224841594696
        ],
        [
            0.13715121150016785,
            -0.017752738669514656,
            -0.048037730157375336
        ],
        [
            0.13686750829219818,
            -0.013813057914376259,
            -0.04898298531770706
        ],
        [
            0.14055746793746948,
            -0.039058618247509,
            -0.043155737221241
        ],
        [
            0.1426352560520172,
            -0.04323948919773102,
            -0.04799308627843857
        ],
        [
            0.14140518009662628,
            -0.03902508690953255,
            -0.04858889803290367
        ],
        [
            0.13940943777561188,
            -0.03404322266578674,
            -0.04391636699438095
        ],
        [
            0.10839231312274933,
            0.02465766668319702,
            -0.03730820491909981
        ],
        [
            0.11853363364934921,
            0.028825324028730392,
            -0.03320237994194031
        ],
        [
            0.1715502291917801,
            -0.06211695820093155,
            -0.04320520907640457
        ],
        [
            0.16741877794265747,
            -0.06322361528873444,
            -0.04330826178193092
        ],
        [
            0.12821431457996368,
            -0.009325699880719185,
            -0.03012056276202202
        ],
        [
            0.1076422780752182,
            -0.045496437698602676,
            -0.028605952858924866
        ],
        [
            0.1250644326210022,
            -0.0037927143275737762,
            -0.020734865218400955
        ],
        [
            0.12465885281562805,
            -0.005947398021817207,
            -0.06795889884233475
        ],
        [
            0.13259460031986237,
            -0.002140456810593605,
            -0.06573498249053955
        ],
        [
            0.1362646371126175,
            -0.004651424940675497,
            -0.06783406436443329
        ],
        [
            0.1321982443332672,
            -0.007617743220180273,
            -0.0715315118432045
        ],
        [
            0.16138961911201477,
            -0.04882092773914337,
            -0.05582006648182869
        ],
        [
            0.16252876818180084,
            -0.04854799062013626,
            -0.05002899840474129
        ],
        [
            0.16594986617565155,
            -0.04919830709695816,
            -0.05029343068599701
        ],
        [
            0.16582384705543518,
            -0.0495203360915184,
            -0.056220609694719315
        ],
        [
            0.14322014153003693,
            -0.049146827310323715,
            -0.03939124569296837
        ],
        [
            0.14188072085380554,
            -0.054292332381010056,
            -0.035914719104766846
        ],
        [
            0.1457987278699875,
            -0.05412121117115021,
            -0.037430498749017715
        ],
        [
            0.14617329835891724,
            -0.04957433417439461,
            -0.04150952771306038
        ],
        [
            0.1398192197084427,
            -0.059930767863988876,
            -0.03643928840756416
        ],
        [
            0.14433367550373077,
            -0.060465067625045776,
            -0.03778509795665741
        ],
        [
            0.1607186496257782,
            -0.05303158983588219,
            -0.06073784828186035
        ],
        [
            0.1607920229434967,
            -0.060474567115306854,
            -0.061925482004880905
        ],
        [
            0.14364400506019592,
            -0.05724240466952324,
            -0.059654902666807175
        ],
        [
            0.1475267857313156,
            -0.050554607063531876,
            -0.0582195520401001
        ],
        [
            0.09162130206823349,
            0.0008663646876811981,
            -0.028929047286510468
        ],
        [
            0.09367047250270844,
            0.011741086840629578,
            -0.03025883436203003
        ],
        [
            0.10219846665859222,
            0.007271679118275642,
            -0.04206987842917442
        ],
        [
            0.10978993773460388,
            0.00322888046503067,
            -0.054599374532699585
        ],
        [
            0.11783068627119064,
            -0.0013828258961439133,
            -0.06520365923643112
        ],
        [
            0.11396978050470352,
            -0.013140055350959301,
            -0.06555359810590744
        ],
        [
            0.10346528142690659,
            0.015371710062026978,
            -0.04136477783322334
        ],
        [
            0.1365232616662979,
            -0.04629497975111008,
            -0.05755271017551422
        ],
        [
            0.1318105310201645,
            -0.05349746346473694,
            -0.05757185444235802
        ],
        [
            0.12992587685585022,
            -0.047323040664196014,
            -0.05921588093042374
        ],
        [
            0.126985564827919,
            0.0032388493418693542,
            -0.0223330557346344
        ],
        [
            0.16229844093322754,
            -0.06404642760753632,
            -0.04277890920639038
        ],
        [
            0.07716110348701477,
            -0.015693552792072296,
            0.009503696113824844
        ],
        [
            0.07357902079820633,
            -0.005897708237171173,
            0.0009186342358589172
        ],
        [
            0.0788344144821167,
            -0.011182557791471481,
            -0.0037366338074207306
        ],
        [
            0.08369751274585724,
            -0.021989967674016953,
            0.006256062537431717
        ],
        [
            0.16293823719024658,
            -0.05218224227428436,
            -0.04414641484618187
        ],
        [
            0.16266542673110962,
            -0.05786822363734245,
            -0.04107365012168884
        ],
        [
            0.14013159275054932,
            -0.004268955439329147,
            -0.056937191635370255
        ],
        [
            0.1422356367111206,
            -0.0079745352268219,
            -0.06125066429376602
        ],
        [
            0.14148125052452087,
            -0.005162002518773079,
            -0.06381765753030777
        ],
        [
            0.14189210534095764,
            -0.0003091180697083473,
            -0.05988079309463501
        ],
        [
            0.09470111131668091,
            0.017557213082909584,
            -0.029305461794137955
        ],
        [
            0.12974831461906433,
            0.018146688118577003,
            -0.06230911612510681
        ],
        [
            0.12293460965156555,
            0.009744085371494293,
            -0.06708163768053055
        ],
        [
            0.0861855000257492,
            0.015192151069641113,
            -0.019988063722848892
        ],
        [
            0.08374400436878204,
            0.005771009251475334,
            -0.01908225193619728
        ],
        [
            0.07808880507946014,
            0.009855328127741814,
            -0.012245509773492813
        ],
        [
            0.1197907030582428,
            -0.027472078800201416,
            -0.06605176627635956
        ],
        [
            0.0919858068227768,
            -0.007815124467015266,
            -0.028990335762500763
        ],
        [
            0.08413555473089218,
            -0.0018464289605617523,
            -0.018256936222314835
        ],
        [
            0.07739958167076111,
            0.002690684050321579,
            -0.010049756616353989
        ],
        [
            0.07207944244146347,
            0.006463490426540375,
            -0.0048189908266067505
        ],
        [
            0.07352115958929062,
            0.013963934034109116,
            -0.007666975259780884
        ],
        [
            0.1613890379667282,
            -0.06542523205280304,
            -0.05832313001155853
        ],
        [
            0.16733039915561676,
            -0.06023632735013962,
            -0.062145959585905075
        ],
        [
            0.06701940298080444,
            0.01870185136795044,
            -0.0034279078245162964
        ],
        [
            0.0662127137184143,
            0.010117106139659882,
            -1.6763806343078613e-06
        ],
        [
            0.08495862782001495,
            -0.010727621614933014,
            -0.015900373458862305
        ],
        [
            0.08716022223234177,
            -0.021297134459018707,
            -0.011864740401506424
        ],
        [
            0.09271853417158127,
            -0.016103286296129227,
            -0.026274971663951874
        ],
        [
            0.09531071782112122,
            -0.02705167979001999,
            -0.023367803543806076
        ],
        [
            0.11445337533950806,
            -0.03683562949299812,
            -0.06336306035518646
        ],
        [
            0.18358464539051056,
            -0.05209934711456299,
            -0.059576332569122314
        ],
        [
            0.172904834151268,
            -0.054015014320611954,
            -0.061369989067316055
        ],
        [
            0.17105288803577423,
            -0.05004509165883064,
            -0.05746368318796158
        ],
        [
            0.18157005310058594,
            -0.04854384809732437,
            -0.05817924067378044
        ],
        [
            0.166259303689003,
            -0.05331675708293915,
            -0.06075054034590721
        ],
        [
            0.1733182966709137,
            -0.05965499207377434,
            -0.0613478422164917
        ],
        [
            0.1010233536362648,
            -0.03885086998343468,
            -0.015666741877794266
        ],
        [
            0.14300233125686646,
            -0.042384061962366104,
            -0.05335136130452156
        ],
        [
            0.09505355358123779,
            -0.03336462751030922,
            -0.00023809075355529785
        ],
        [
            0.11206059157848358,
            -0.0518689826130867,
            -0.010422233492136002
        ],
        [
            0.10988710075616837,
            -0.04698086157441139,
            0.002041112631559372
        ],
        [
            0.09087590128183365,
            -0.028324343264102936,
            0.016494594514369965
        ],
        [
            0.10456044971942902,
            -0.03939782455563545,
            0.01577872782945633
        ],
        [
            0.07817107439041138,
            -0.016141105443239212,
            0.022032245993614197
        ],
        [
            0.08383434265851974,
            -0.02154320478439331,
