{
    "pred_cam": [
        10.63578987121582,
        0.14234058558940887,
        0.01544295996427536
    ],
    "pred_mano_params": {
        "global_orient": [
            [
                [
                    -0.3843176066875458,
                    -0.9227398633956909,
                    -0.029175138100981712
                ],
                [
                    0.5518938899040222,
                    -0.20429851114749908,
                    -0.8085018992424011
                ],
                [
                    0.7400764226913452,
                    -0.32682305574417114,
                    0.5877700448036194
                ]
            ]
        ],
        "hand_pose": [
            [
                [
                    0.5700312852859497,
                    -0.8187460899353027,
                    0.06869655847549438
                ],
                [
                    0.8183744549751282,
                    0.5583617687225342,
                    -0.13599784672260284
                ],
                [
                    0.07299017161130905,
                    0.1337425410747528,
                    0.9883245825767517
                ]
            ],
            [
                [
                    0.8540406823158264,
                    -0.5194610357284546,
                    0.027835311368107796
                ],
                [
                    0.5115759968757629,
                    0.8289625644683838,
                    -0.2260778248310089
                ],
                [
                    0.09436419606208801,
                    0.20731952786445618,
                    0.9737115502357483
                ]
            ],
            [
                [
                    0.6964709758758545,
                    -0.7140432596206665,
                    0.07120663672685623
                ],
                [
                    0.7003595232963562,
                    0.6980091333389282,
                    0.14926405251026154
                ],
                [
                    -0.15628387033939362,
                    -0.054087840020656586,
                    0.9862301349639893
                ]
            ],
            [
                [
                    0.6856547594070435,
                    -0.7244194746017456,
                    -0.0713723748922348
                ],
                [
                    0.7271061539649963,
                    0.6862363219261169,
                    0.019908111542463303
                ],
                [
                    0.034556493163108826,
                    -0.06554538756608963,
                    0.9972510933876038
                ]
            ],
            [
                [
                    0.6819348931312561,
                    -0.6851103901863098,
                    -0.256102591753006
                ],
                [
                    0.7310118675231934,
                    0.6500078439712524,
                    0.20763300359249115
                ],
                [
                    0.024217169731855392,
                    -0.32880622148513794,
                    0.9440869092941284
                ]
            ],
            [
                [
                    0.6178783774375916,
                    -0.7853522300720215,
                    0.03805423155426979
                ],
                [
                    0.7850463390350342,
                    0.6188941597938538,
                    0.025929618626832962
                ],
                [
                    -0.04391542449593544,
                    0.013852979987859726,
                    0.9989392161369324
                ]
            ],
            [
                [
                    0.5408934950828552,
                    -0.8409427404403687,
                    -0.015798352658748627
                ],
                [
                    0.713039219379425,
                    0.448501855134964,
                    0.5389074087142944
                ],
                [
                    -0.44610467553138733,
                    -0.30275630950927734,
                    0.8422169089317322
                ]
            ],
            [
                [
                    0.9724067449569702,
                    -0.2202371209859848,
                    0.07694646716117859
                ],
                [
                    0.205739825963974,
                    0.965069591999054,
                    0.16220907866954803
                ],
                [
                    -0.1099831685423851,
                    -0.14190225303173065,
                    0.9837517142295837
                ]
            ],
            [
                [
                    0.9639525413513184,
                    -0.20264624059200287,
                    0.17242377996444702
                ],
                [
                    0.11580555140972137,
                    0.9029653668403625,
                    0.4138146638870239
                ],
                [
                    -0.23955069482326508,
                    -0.37893009185791016,
                    0.8938833475112915
                ]
            ],
            [
                [
                    0.562774658203125,
                    -0.8231088519096375,
                    -0.0760042741894722
                ],
                [
                    0.8257924914360046,
                    0.555746853351593,
                    0.09598026424646378
                ],
                [
                    -0.03676305338740349,
                    -0.11677900701761246,
                    0.9924773573875427
                ]
            ],
            [
                [
                    0.8950835466384888,
                    -0.44483935832977295,
                    0.030714748427271843
                ],
                [
                    0.3775267004966736,
                    0.7926904559135437,
                    0.47866010665893555
                ],
                [
                    -0.23727412521839142,
                    -0.4168451726436615,
                    0.8774629235267639
                ]
            ],
            [
                [
                    0.7216066122055054,
                    -0.690908670425415,
                    0.04392203688621521
                ],
                [
                    0.658359706401825,
                    0.7044656872749329,
                    0.2651236355304718
                ],
                [
                    -0.21411778032779694,
                    -0.16239844262599945,
                    0.9632135629653931
                ]
            ],
            [
                [
                    0.987539529800415,
                    0.035801563411951065,
                    -0.15324440598487854
                ],
                [
                    -0.14449022710323334,
                    0.5921162962913513,
                    -0.7927930355072021
                ],
                [
                    0.06235524266958237,
                    0.8050568699836731,
                    0.5899112224578857
                ]
            ],
            [
                [
                    0.9488590955734253,
                    -0.3004755973815918,
                    -0.0968543291091919
                ],
                [
                    0.3115685284137726,
                    0.8418142199516296,
                    0.4407650828361511
                ],
                [
                    -0.05090581253170967,
                    -0.4484007656574249,
                    0.8923818469047546
                ]
            ],
            [
                [
                    0.8857405781745911,
                    0.059006109833717346,
                    -0.46041497588157654
                ],
                [
                    -0.2363734394311905,
                    0.9109863042831421,
                    -0.33798161149024963
                ],
                [
                    0.39948877692222595,
                    0.4081938862800598,
                    0.8208450078964233
                ]
            ]
        ],
        "betas": [
            0.009415477514266968,
            -0.009631931781768799,
            0.0556337833404541,
            -0.037881046533584595,
            0.01859530806541443,
            -0.036205001175403595,
            0.0256635844707489,
            0.005419060587882996,
            0.06093090772628784,
            -0.028321921825408936
        ]
    },
    "pred_cam_t": [
        -0.14234058558940887,
        0.01544295996427536,
        3.672740936279297
    ],
    "focal_length": [
        5000.0,
        5000.0
    ],
    "pred_keypoints_3d": [
        [
            0.09559765458106995,
            0.006366888992488384,
            0.00618338119238615
        ],
        [
            0.11839136481285095,
            -0.024613559246063232,
            0.008602955378592014
        ],
        [
            0.1410360187292099,
            -0.04502202197909355,
            0.0045491717755794525
        ],
        [
            0.16192159056663513,
            -0.05872577056288719,
            -0.0058683715760707855
        ],
        [
            0.18466196954250336,
            -0.07103506475687027,
            -0.030297469347715378
        ],
        [
            0.13362418115139008,
            -0.05785952880978584,
            -0.0450948141515255
        ],
        [
            0.1648285984992981,
            -0.06506709009408951,
            -0.05285168066620827
        ],
        [
            0.1849743127822876,
            -0.05654168128967285,
            -0.04932090640068054
        ],
        [
            0.19566209614276886,
            -0.03978390619158745,
            -0.034883130341768265
        ],
        [
            0.13339751958847046,
            -0.0428302064538002,
            -0.06531745940446854
        ],
        [
            0.1620095670223236,
            -0.045309584587812424,
            -0.07877551019191742
        ],
        [
            0.181427001953125,
            -0.03587064519524574,
            -0.07012472301721573
        ],
        [
            0.18952101469039917,
            -0.026101604104042053,
            -0.04846472293138504
        ],
        [
            0.13138487935066223,
            -0.016340896487236023,
            -0.06868502497673035
        ],
        [
            0.15909212827682495,
            -0.01781092956662178,
            -0.07650971412658691
        ],
        [
            0.1818571835756302,
            -0.01442914642393589,
            -0.06738878041505814
        ],
        [
            0.19595035910606384,
            -0.014139639213681221,
            -0.04680193215608597
        ],
        [
            0.13243360817432404,
            0.005425355397164822,
            -0.06686031073331833
        ],
        [
            0.15340058505535126,
            0.006684363819658756,
            -0.06911695003509521
        ],
        [
            0.17184430360794067,
            0.006817443296313286,
            -0.06483215093612671
        ],
        [
            0.18898116052150726,
            0.0024197641760110855,
            -0.05486713722348213
        ]
    ],
    "pred_vertices": [
        [
            0.1299189180135727,
            -0.030780751258134842,
            -0.0157364122569561
        ],
        [
            0.127456396818161,
            -0.023933257907629013,
            -0.008131854236125946
        ],
        [
            0.13435304164886475,
            -0.03142749145627022,
            -0.008654940873384476
        ],
        [
            0.1351478397846222,
            -0.038684647530317307,
            -0.015138749033212662
        ],
        [
            0.1368800550699234,
            -0.018856268376111984,
            0.008796900510787964
        ],
        [
            0.13465529680252075,
            -0.021923445165157318,
            0.02035774290561676
        ],
        [
            0.1453200876712799,
            -0.03305293247103691,
            0.014369003474712372
        ],
        [
            0.1463048756122589,
            -0.028062552213668823,
            0.00557534396648407
        ],
        [
            0.13805511593818665,
            -0.0458703488111496,
            -0.015442147850990295
        ],
        [
            0.14008015394210815,
            -0.03744116425514221,
            -0.009292040020227432
        ],
        [
            0.13623300194740295,
            -0.04989366978406906,
            -0.014641564339399338
        ],
        [
            0.12889094650745392,
            -0.05837062746286392,
            -0.021952245384454727
        ],
        [
            0.13419407606124878,
            -0.05321168899536133,
            -0.021821072325110435
        ],
        [
            0.12721379101276398,
            -0.0623893067240715,
            -0.028999492526054382
        ],
        [
            0.11809181421995163,
            -0.05804779380559921,
            -0.01916836015880108
        ],
        [
            0.11894632875919342,
            -0.06243972107768059,
            -0.03409218043088913
        ],
        [
            0.10186393558979034,
            -0.03717126324772835,
            -0.03261988237500191
        ],
        [
            0.10014332830905914,
            -0.024660054594278336,
            -0.03799104318022728
        ],
        [
            0.10713650286197662,
            -0.03248407319188118,
            -0.052194513380527496
        ],
        [
            0.10912215709686279,
            -0.04429192095994949,
            -0.04511374235153198
        ],
        [
            0.10692080855369568,
            -0.011445334181189537,
            -0.05359002202749252
        ],
        [
            0.1073702722787857,
            -0.023376213386654854,
            -0.05358181893825531
        ],
        [
            0.09920729696750641,
            -0.015837330371141434,
            -0.03983817622065544
        ],
        [
            0.09944029152393341,
            -0.005565255880355835,
            -0.04036964848637581
        ],
        [
            0.12446196377277374,
            -0.015643492341041565,
            -0.018083352595567703
        ],
        [
            0.12129224836826324,
            -0.009069889783859253,
            -0.010201893746852875
        ],
        [
            0.12201409041881561,
            -0.014926444739103317,
            -0.009325593709945679
        ],
        [
            0.1254393756389618,
            -0.02102123200893402,
            -0.01658405363559723
        ],
        [
            0.1389450877904892,
            -0.054940007627010345,
            -0.005823150277137756
        ],
        [
            0.12611305713653564,
            -0.054827697575092316,
            -0.003686320036649704
        ],
        [
            0.12975634634494781,
            -0.05412410944700241,
            -0.010879281908273697
        ],
        [
            0.14218884706497192,
            -0.051506903022527695,
            -0.008896410465240479
        ],
        [
            0.11851224303245544,
            0.014412734657526016,
            0.006908990442752838
        ],
        [
            0.10831446200609207,
            0.017803896218538284,
            0.01511462777853012
        ],
        [
            0.10790447145700455,
            0.012584693729877472,
            0.01782653108239174
        ],
        [
            0.11687519401311874,
            0.01047789677977562,
            0.00945241004228592
        ],
        [
            0.11641647666692734,
            -0.006961315870285034,
            0.025088027119636536
        ],
        [
            0.10660447925329208,
            -0.0027153678238391876,
            0.027380701154470444
        ],
        [
            0.09664115309715271,
            -0.009798750281333923,
            0.03342441841959953
        ],
        [
            0.10419919341802597,
            -0.016559641808271408,
            0.030445635318756104
        ],
        [
            0.1264125108718872,
            -0.01418951153755188,
            0.022802550345659256
        ],
        [
            0.11688940227031708,
            -0.022147756069898605,
            0.029329635202884674
        ],
        [
            0.12785425782203674,
            -0.029319491237401962,
            0.02603244036436081
        ],
        [
            0.14058509469032288,
            -0.03967052325606346,
            0.019006211310625076
        ],
        [
            0.10632254183292389,
            0.028429150581359863,
            0.008186891674995422
        ],
        [
            0.1139722391963005,
            0.027678119018673897,
            0.0014569759368896484
        ],
        [
            0.1683546006679535,
            -0.06068788096308708,
            -0.041593797504901886
        ],
        [
            0.1683894246816635,
            -0.055680714547634125,
            -0.04496289789676666
        ],
        [
            0.1643866002559662,
            -0.05582242086529732,
            -0.04373360797762871
        ],
        [
            0.16483844816684723,
            -0.0609283447265625,
            -0.041007738560438156
        ],
        [
            0.09604115039110184,
            0.032039396464824677,
            -0.008895918726921082
        ],
        [
            0.0874108076095581,
            0.028391391038894653,
            -0.01264016330242157
        ],
        [
            0.08563251048326492,
            0.03271971642971039,
            -0.0070450156927108765
        ],
        [
            0.09351947158575058,
            0.03468595817685127,
            -0.0022730454802513123
        ],
        [
            0.09940958023071289,
            0.028443576768040657,
            -0.017595551908016205
        ],
        [
            0.0904201939702034,
            0.02208087407052517,
            -0.019973155111074448
        ],
        [
            0.1711430847644806,
            -0.07079609483480453,
            -0.04899314045906067
        ],
        [
            0.17072822153568268,
            -0.06897545605897903,
            -0.04410991072654724
        ],
        [
            0.16570626199245453,
            -0.07048086076974869,
            -0.044970810413360596
        ],
        [
            0.16514723002910614,
            -0.07179490476846695,
            -0.050203148275613785
        ],
        [
            0.1355825513601303,
            -0.04564998298883438,
            -0.021621722728013992
        ],
        [
            0.13358086347579956,
            -0.036510027945041656,
            -0.022547485306859016
        ],
        [
            0.1390325129032135,
            -0.0514536015689373,
            -0.035791315138339996
        ],
        [
            0.13672490417957306,
            -0.04599305987358093,
            -0.03181637078523636
        ],
        [
            0.1354506015777588,
            -0.05168718844652176,
            -0.028040006756782532
        ],
        [
            0.13686732947826385,
            -0.056030455976724625,
            -0.03189683333039284
        ],
        [
            0.13219085335731506,
            -0.023696666583418846,
            -0.03779291361570358
        ],
        [
            0.12766066193580627,
            -0.018338115885853767,
            -0.02851613610982895
        ],
        [
            0.12875767052173615,
            -0.024790329858660698,
            -0.027292698621749878
        ],
        [
            0.1345217525959015,
            -0.03189024329185486,
            -0.036341309547424316
        ],
        [
            0.12876759469509125,
            -0.004674825817346573,
            -0.032066382467746735
        ],
        [
            0.13261175155639648,
            -0.01115841418504715,
            -0.041061438620090485
        ],
        [
            0.13267888128757477,
            -0.0026401206851005554,
            -0.04189421236515045
        ],
        [
            0.13093316555023193,
            0.0006538368761539459,
            -0.035051461309194565
        ],
        [
            0.13850075006484985,
            -0.02505628764629364,
            -0.05492199957370758
        ],
        [
            0.1403726488351822,
            -0.02850405126810074,
            -0.059946458786726
        ],
        [
            0.14154885709285736,
            -0.025884492322802544,
            -0.06072201952338219
        ],
        [
            0.13821902871131897,
            -0.021737683564424515,
            -0.05540207028388977
        ],
        [
            0.0828731507062912,
            0.036392126232385635,
            -0.0016234144568443298
        ],
        [
            0.09074383974075317,
            0.03634945675730705,
            0.004276558756828308
        ],
        [
            0.11040515452623367,
            0.010273128747940063,
            -0.054070934653282166
        ],
        [
            0.11489200592041016,
            0.01899656094610691,
            -0.048739343881607056
        ],
        [
            0.12170751392841339,
            0.016082486137747765,
            -0.059265442192554474
        ],
        [
            0.11455263197422028,
            0.007227538153529167,
            -0.06321115791797638
        ],
        [
            0.08147823810577393,
            0.01994583010673523,
            -0.01373029500246048
        ],
        [
            0.07864280045032501,
            0.025904182344675064,
            -0.009476184844970703
        ],
        [
            0.17113980650901794,
            -0.0691002756357193,
            -0.05509292334318161
        ],
        [
            0.16523976624011993,
            -0.06952192634344101,
            -0.05595610663294792
        ],
        [
            0.11549025028944016,
            -0.0357234850525856,
            0.024842936545610428
        ],
        [
            0.1330418884754181,
            -0.04611688107252121,
            0.018682409077882767
        ],
        [
            0.10214793682098389,
            -0.02671484276652336,
            0.027146723121404648
        ],
        [
            0.09281763434410095,
            -0.02008761093020439,
            0.027513083070516586
        ],
        [
            0.08601026237010956,
            -0.014960113912820816,
            0.030516773462295532
        ],
        [
            0.13791289925575256,
            -0.04259622469544411,
            -0.03767503798007965
        ],
        [
            0.12942735850811005,
            -0.028080396354198456,
            -0.02230948582291603
        ],
        [
            0.12428784370422363,
            -0.01069478690624237,
            -0.019439976662397385
        ],
        [
            0.13005420565605164,
            0.017502306029200554,
            -0.030404385179281235
        ],
        [
            0.12657983601093292,
            0.021934911608695984,
            -0.021669350564479828
        ],
        [
            0.12875333428382874,
            0.01154308207333088,
            -0.020409397780895233
        ],
        [
            0.13077226281166077,
            0.009683042764663696,
            -0.028587955981492996
        ],
        [
            0.12365871667861938,
            0.02234240062534809,
            -0.04495103284716606
        ],
        [
            0.13006946444511414,
            0.018688006326556206,
            -0.04187169671058655
        ],
        [
            0.1328321397304535,
            0.015320926904678345,
            -0.04856795817613602
        ],
        [
            0.12793311476707458,
            0.018769467249512672,
            -0.05325252562761307
        ],
        [
            0.13876104354858398,
            -0.058662787079811096,
            0.0008167363703250885
        ],
        [
            0.12421588599681854,
            -0.05490334331989288,
            0.003707699477672577
        ],
        [
            0.1050945445895195,
            0.03228890150785446,
            -0.0033574700355529785
        ],
        [
            0.10156789422035217,
            0.03265015408396721,
            0.003588959574699402
        ],
        [
            0.09596478939056396,
            0.03448408097028732,
            0.00973636656999588
        ],
        [
            0.12042394280433655,
            0.0017915740609169006,
            -0.0006930418312549591
        ],
        [
            0.11587201058864594,
            0.007772717624902725,
            0.011303573846817017
        ],
        [
            0.11664095520973206,
            0.003764018416404724,
            0.012815598398447037
        ],
        [
            0.11947526037693024,
            -0.0014509707689285278,
            -0.0003195516765117645
        ],
        [
            0.12756682932376862,
            -0.01536334678530693,
            -0.0003759525716304779
        ],
        [
            0.12700004875659943,
            -0.009100295603275299,
            0.011461075395345688
        ],
        [
            0.13629597425460815,
            -0.022766664624214172,
            -0.002628892660140991
        ],
        [
            0.10657988488674164,
            0.006311386823654175,
            0.022829875349998474
        ],
        [
            0.10201843082904816,
            0.015927419066429138,
            0.025602418929338455
        ],
        [
            0.10047361254692078,
            0.008244771510362625,
            0.029821276664733887
        ],
        [
            0.10123400390148163,
            0.024168778210878372,
            0.020327582955360413
        ],
        [
            0.0993904396891594,
            0.030927348881959915,
            0.014789864420890808
        ],
        [
            0.07298826426267624,
            0.03091556206345558,
            -0.005513645708560944
        ],
        [
            0.09823232889175415,
            0.0005769170820713043,
            0.032307516783475876
        ],
        [
            0.15165020525455475,
            -0.03556141257286072,
            0.003313615918159485
        ],
        [
            0.15655852854251862,
            -0.042317457497119904,
            0.0014410801231861115
        ],
        [
            0.15309566259384155,
            -0.04203953593969345,
            -0.005450371652841568
        ],
        [
            0.14838676154613495,
            -0.035994160920381546,
            -0.004474528133869171
        ],
        [
            0.12976844608783722,
            -0.06565503031015396,
            -0.03580068424344063
        ],
        [
            0.134704127907753,
            -0.06136838346719742,
            -0.03218913450837135
        ],
        [
            0.13231423497200012,
            -0.058108631521463394,
            -0.026062462478876114
        ],
        [
            0.12337909638881683,
            0.014508955180644989,
            -0.003620721399784088
        ],
        [
            0.11948271840810776,
            0.02583235874772072,
            -0.007683590054512024
        ],
        [
            0.14035198092460632,
            -0.04843880236148834,
            -0.041492052376270294
        ],
        [
            0.1592859923839569,
            -0.07201867550611496,
            -0.05065619945526123
        ],
        [
            0.1598564237356186,
            -0.07090839743614197,
            -0.044754914939403534
        ],
        [
            0.14114747941493988,
            -0.06779048591852188,
            -0.0399944931268692
        ],
        [
            0.1403578221797943,
            -0.06950776278972626,
            -0.04687512665987015
        ],
        [
            0.14219915866851807,
            -0.04984245076775551,
            -0.050645679235458374
        ],
        [
            0.14213766157627106,
            -0.049091074615716934,
            -0.04349048063158989
        ],
        [
            0.14343169331550598,
            -0.04952571913599968,
            -0.04469543695449829
        ],
        [
            0.14534667134284973,
            -0.04906410351395607,
            -0.05108725279569626
        ],
        [
            0.14042557775974274,
            -0.01676664873957634,
            -0.05943163484334946
        ],
        [
            0.13767017424106598,
            -0.013264263048768044,
            -0.05498430132865906
        ],
        [
            0.12008808553218842,
            -0.04962296783924103,
            -0.056226909160614014
        ],
        [
            0.11735231429338455,
            -0.061758119612932205,
            -0.049339618533849716
        ],
        [
            0.11109310388565063,
            -0.055417750030756,
            -0.038969844579696655
        ],
        [
            0.1317640244960785,
            -0.016367394477128983,
            -0.039160266518592834
        ],
        [
            0.1358330398797989,
            -0.02046194113790989,
            -0.04772782325744629
        ],
        [
            0.13562016189098358,
            -0.016532838344573975,
            -0.0487775057554245
        ],
        [
            0.13885408639907837,
            -0.041693203151226044,
            -0.04224202781915665
        ],
        [
            0.14076079428195953,
            -0.04606465995311737,
            -0.0469929538667202
        ],
        [
            0.13961872458457947,
            -0.0418676920235157,
            -0.0476493239402771
        ],
        [
            0.13780975341796875,
            -0.03667639195919037,
            -0.04312598705291748
        ],
        [
            0.10824289917945862,
            0.022978171706199646,
            -0.03809785842895508
        ],
        [
            0.11855969578027725,
            0.027042457833886147,
            -0.034211695194244385
        ],
        [
            0.1694466769695282,
            -0.0653674304485321,
            -0.04142024740576744
        ],
        [
            0.16528086364269257,
            -0.06636423617601395,
            -0.0414900928735733
        ],
        [
            0.1273813545703888,
            -0.01126035489141941,
            -0.03000904992222786
        ],
        [
            0.10606749355792999,
            -0.04700162261724472,
            -0.027048733085393906
        ],
        [
            0.12450633198022842,
            -0.005360070616006851,
            -0.02076854556798935
        ],
        [
            0.12356050312519073,
            -0.008990161120891571,
            -0.06792211532592773
        ],
        [
            0.13157527148723602,
            -0.005298454314470291,
            -0.06577307730913162
        ],
        [
            0.1352335661649704,
            -0.007878942415118217,
            -0.06756240129470825
        ],
        [
            0.1312125027179718,
            -0.01089352834969759,
            -0.07118628919124603
        ],
        [
            0.15952536463737488,
            -0.05234058201313019,
            -0.05457373335957527
        ],
        [
            0.160674050450325,
            -0.05182123929262161,
            -0.04879793897271156
        ],
        [
            0.16422614455223083,
            -0.052588604390621185,
            -0.049076199531555176
        ],
        [
            0.16408634185791016,
            -0.05318716913461685,
            -0.05497905984520912
        ],
        [
            0.14125682413578033,
            -0.051574524492025375,
            -0.03814662620425224
        ],
        [
            0.1398749202489853,
            -0.056566983461380005,
            -0.03444938361644745
        ],
        [
            0.14374905824661255,
            -0.0564863495528698,
            -0.03591282293200493
        ],
        [
            0.14419351518154144,
            -0.052123717963695526,
            -0.04020753130316734
        ],
        [
            0.13770194351673126,
            -0.062184788286685944,
            -0.03467682749032974
        ],
        [
            0.14216932654380798,
            -0.06282740086317062,
            -0.035962704569101334
        ],
        [
            0.15875698626041412,
            -0.05676424875855446,
            -0.05929800868034363
        ],
        [
            0.15865091979503632,
            -0.06425493955612183,
            -0.06015558913350105
        ],
        [
            0.14149288833141327,
            -0.06058801710605621,
            -0.058001093566417694
        ],
        [
            0.1455114632844925,
            -0.05390658229589462,
            -0.05688302218914032
        ],
        [
            0.09103015065193176,
            -0.00016386434435844421,
            -0.028739385306835175
        ],
        [
            0.09331372380256653,
            0.0106256864964962,
            -0.030445784330368042
        ],
        [
            0.10158617794513702,
            0.005564533174037933,
            -0.042243119329214096
        ],
        [
            0.10893615335226059,
            0.0009337589144706726,
            -0.05480397492647171
        ],
        [
            0.11673560738563538,
            -0.004212141036987305,
            -0.06539224833250046
        ],
        [
            0.11261360347270966,
            -0.015917740762233734,
            -0.06538619846105576
        ],
        [
            0.10305099189281464,
            0.013680685311555862,
            -0.04180631786584854
        ],
        [
            0.1344970464706421,
            -0.04933524876832962,
            -0.05632542818784714
        ],
        [
            0.12971892952919006,
            -0.05649474635720253,
            -0.0560782365500927
        ],
        [
            0.12789659202098846,
            -0.05026937276124954,
            -0.05793527141213417
        ],
        [
            0.1265728622674942,
            0.0015783682465553284,
            -0.022608682513237
        ],
        [
            0.16013801097869873,
            -0.06699895113706589,
            -0.04088296741247177
        ],
        [
            0.0766952633857727,
            -0.015179160982370377,
            0.010443177074193954
        ],
        [
            0.07321476936340332,
            -0.005556181073188782,
            0.0015858449041843414
        ],
        [
            0.07827892154455185,
            -0.011131953448057175,
            -0.0029703080654144287
        ],
        [
            0.08306146413087845,
            -0.021770700812339783,
            0.007332932204008102
        ],
        [
            0.1610030233860016,
            -0.055198945105075836,
            -0.04275759309530258
        ],
        [
            0.1606379896402359,
            -0.06074514985084534,
            -0.039445605129003525
        ],
        [
            0.13897177577018738,
            -0.007255826145410538,
            -0.0569070503115654
        ],
        [
            0.14092198014259338,
            -0.011106409132480621,
            -0.06086559593677521
        ],
        [
            0.1403331756591797,
            -0.008344976231455803,
            -0.06340303272008896
        ],
        [
            0.14081107079982758,
            -0.0034645739942789078,
            -0.059875935316085815
        ],
        [
            0.09450370818376541,
            0.01646035723388195,
            -0.029687173664569855
        ],
        [
            0.1292598992586136,
            0.015163660049438477,
            -0.06295575201511383
        ],
        [
            0.12217290699481964,
            0.0067241378128528595,
            -0.06751857697963715
        ],
        [
            0.0860532596707344,
            0.014586169272661209,
            -0.020178448408842087
        ],
        [
            0.08340030908584595,
            0.005248181521892548,
            -0.018937449902296066
        ],
        [
            0.07793101668357849,
            0.00968804582953453,
            -0.012152455747127533
        ],
        [
            0.11810384690761566,
            -0.030364297330379486,
            -0.06527882814407349
        ],
        [
            0.0911782905459404,
            -0.008871233090758324,
            -0.028532881289720535
        ],
        [
            0.08361412584781647,
            -0.0023628100752830505,
            -0.017872393131256104
        ],
        [
            0.07709946483373642,
            0.002599380910396576,
            -0.009710904210805893
        ],
        [
            0.0719461441040039,
            0.006676878780126572,
            -0.004529424011707306
        ],
        [
            0.07351947575807571,
            0.014054626226425171,
            -0.007641986012458801
        ],
        [
            0.15915900468826294,
            -0.06904439628124237,
            -0.05634409934282303
        ],
        [
            0.16526521742343903,
            -0.06420451402664185,
            -0.06039028614759445
        ],
        [
            0.06718483567237854,
            0.019094280898571014,
            -0.0034595131874084473
        ],
        [
            0.06622753292322159,
            0.010639980435371399,
            0.0002574324607849121
        ],
        [
            0.08425606787204742,
            -0.011190429329872131,
            -0.015237916260957718
        ],
        [
            0.08628447353839874,
            -0.021735843271017075,
            -0.010860346257686615
        ],
        [
            0.09176799654960632,
            -0.017093690112233162,
            -0.025544095784425735
        ],
        [
            0.0941614881157875,
            -0.028040941804647446,
            -0.022291529923677444
        ],
        [
            0.1125316172838211,
            -0.03958200290799141,
            -0.06232314929366112
        ],
        [
            0.18180568516254425,
            -0.05653764680027962,
            -0.058233536779880524
        ],
        [
            0.17106282711029053,
            -0.05816800147294998,
            -0.05992735177278519
        ],
        [
            0.16935190558433533,
            -0.05395207926630974,
            -0.056205250322818756
        ],
        [
            0.17991027235984802,
            -0.052856843918561935,
            -0.05698344111442566
        ],
        [
            0.16440249979496002,
            -0.05721407011151314,
            -0.059332117438316345
        ],
        [
            0.17129620909690857,
            -0.06381826847791672,
            -0.05963953211903572
        ],
        [
            0.099767304956913,
            -0.03979098051786423,
            -0.014226038008928299
        ],
        [
            0.14108267426490784,
            -0.04543989151716232,
            -0.052284009754657745
        ],
        [
            0.09415879100561142,
            -0.03367564082145691,
            0.0011218897998332977
        ],
        [
            0.11072183400392532,
            -0.052821673452854156,
            -0.008687347173690796
        ],
        [
            0.1088712140917778,
            -0.047454871237277985,
            0.0036569498479366302
        ],
        [
            0.0903603583574295,
            -0.02792162075638771,
            0.017742779105901718
        ],
        [
            0.10394446551799774,
            -0.03924466669559479,
            0.017224237322807312
        ],
        [
            0.07788734138011932,
            -0.01523943617939949,
            0.022968001663684845
        ],
        [
            0.0834101065993309,
            -0.02092158794403076,
