{
    "pred_cam": [
        8.762742042541504,
        0.14440646767616272,
        0.02619662508368492
    ],
    "pred_mano_params": {
        "global_orient": [
            [
                [
                    -0.40571069717407227,
                    -0.8903594613075256,
                    -0.20654024183750153
                ],
                [
                    0.4968757927417755,
                    -0.025184443220496178,
                    -0.8674561977386475
                ],
                [
                    0.7671462297439575,
                    -0.4545610845088959,
                    0.4526156783103943
                ]
            ]
        ],
        "hand_pose": [
            [
                [
                    0.5503492951393127,
                    -0.8345521092414856,
                    0.025268224999308586
                ],
                [
                    0.8282173871994019,
                    0.5418403744697571,
                    -0.1430554836988449
                ],
                [
                    0.10569591075181961,
                    0.0996580570936203,
                    0.9893919825553894
                ]
            ],
            [
                [
                    0.8934314846992493,
                    -0.44865742325782776,
                    0.022059926763176918
                ],
                [
                    0.44448646903038025,
                    0.8758957386016846,
                    -0.1877189576625824
                ],
                [
                    0.06489931792020798,
                    0.17751938104629517,
                    0.9819749593734741
                ]
            ],
            [
                [
                    0.7654725909233093,
                    -0.6430234909057617,
                    0.023926867172122
                ],
                [
                    0.6405237317085266,
                    0.7649958729743958,
                    0.0671616643667221
                ],
                [
                    -0.061490483582019806,
                    -0.03608468919992447,
                    0.9974551796913147
                ]
            ],
            [
                [
                    0.6676818132400513,
                    -0.7429024577140808,
                    -0.04792560636997223
                ],
                [
                    0.7441077828407288,
                    0.6679359078407288,
                    0.012853980995714664
                ],
                [
                    0.02246197871863842,
                    -0.0442441888153553,
                    0.9987682104110718
                ]
            ],
            [
                [
                    0.7770254611968994,
                    -0.5879232883453369,
                    -0.2248946577310562
                ],
                [
                    0.6278953552246094,
                    0.7491745352745056,
                    0.2109142392873764
                ],
                [
                    0.0444839745759964,
                    -0.3050960600376129,
                    0.9512819647789001
                ]
            ],
            [
                [
                    0.6756426095962524,
                    -0.7369652390480042,
                    -0.01972970739006996
                ],
                [
                    0.7372292280197144,
                    0.6753930449485779,
                    0.018364788964390755
                ],
                [
                    -0.00020890444284304976,
                    -0.026953354477882385,
                    0.9996366500854492
                ]
            ],
            [
                [
                    0.6162078976631165,
                    -0.7867186069488525,
                    0.036902014166116714
                ],
                [
                    0.7008633613586426,
                    0.5691293478012085,
                    0.4299795925617218
                ],
                [
                    -0.3592749238014221,
                    -0.23909351229667664,
                    0.902084231376648
                ]
            ],
            [
                [
                    0.9764565229415894,
                    -0.20706287026405334,
                    0.060478582978248596
                ],
                [
                    0.19330017268657684,
                    0.9643471837043762,
                    0.18074721097946167
                ],
                [
                    -0.09574839472770691,
                    -0.16480126976966858,
                    0.9816684126853943
                ]
            ],
            [
                [
                    0.9674436450004578,
                    -0.2027585655450821,
                    0.15146544575691223
                ],
                [
                    0.13033878803253174,
                    0.9121599793434143,
                    0.3885561525821686
                ],
                [
                    -0.21694383025169373,
                    -0.3561643660068512,
                    0.9088906645774841
                ]
            ],
            [
                [
                    0.6476036906242371,
                    -0.7575824856758118,
                    -0.0817202478647232
                ],
                [
                    0.7618004083633423,
                    0.6460298299789429,
                    0.048016153275966644
                ],
                [
                    0.016417521983385086,
                    -0.09334996342658997,
                    0.9954979419708252
                ]
            ],
            [
                [
                    0.8852055668830872,
                    -0.4651689827442169,
                    0.005380568094551563
                ],
                [
                    0.41639357805252075,
                    0.7974385023117065,
                    0.43670156598091125
                ],
                [
                    -0.2074306607246399,
                    -0.38433021306991577,
                    0.8995903730392456
                ]
            ],
            [
                [
                    0.73112952709198,
                    -0.6821510791778564,
                    0.010937349870800972
                ],
                [
                    0.6595574021339417,
                    0.710831344127655,
                    0.24434182047843933
                ],
                [
                    -0.17445261776447296,
                    -0.17143169045448303,
                    0.9696275591850281
                ]
            ],
            [
                [
                    0.9687981009483337,
                    0.04104507341980934,
                    -0.2444290667772293
                ],
                [
                    -0.2095600962638855,
                    0.6622412204742432,
                    -0.7193893790245056
                ],
                [
                    0.13234363496303558,
                    0.7481656074523926,
                    0.6501794457435608
                ]
            ],
            [
                [
                    0.9512571692466736,
                    -0.2639954686164856,
                    -0.15942496061325073
                ],
                [
                    0.30781933665275574,
                    0.8444428443908691,
                    0.4383646249771118
                ],
                [
                    0.01889900676906109,
                    -0.46607154607772827,
                    0.8845452070236206
                ]
            ],
            [
                [
                    0.9213369488716125,
                    0.10745012015104294,
                    -0.3736211061477661
                ],
                [
                    -0.2090408205986023,
                    0.9472146034240723,
                    -0.24307702481746674
                ],
                [
                    0.32778072357177734,
                    0.3020578920841217,
                    0.8951652646064758
                ]
            ]
        ],
        "betas": [
            0.016232624650001526,
            -0.03889557719230652,
            0.04275232553482056,
            -0.06385210156440735,
            0.05262643098831177,
            -0.03173673897981644,
            0.050460636615753174,
            -0.008754268288612366,
            0.051477059721946716,
            -0.0285814106464386
        ]
    },
    "pred_cam_t": [
        -0.14440646767616272,
        0.02619662508368492,
        4.457794189453125
    ],
    "focal_length": [
        5000.0,
        5000.0
    ],
    "pred_keypoints_3d": [
        [
            0.09560653567314148,
            0.006366749294102192,
            0.006192075554281473
        ],
        [
            0.11379718035459518,
            -0.027570489794015884,
            0.006432694848626852
        ],
        [
            0.1320265233516693,
            -0.05120096355676651,
            -0.0008844197727739811
        ],
        [
            0.15002965927124023,
            -0.06608586013317108,
            -0.014542853459715843
        ],
        [
            0.17056816816329956,
            -0.08056767284870148,
            -0.03982876241207123
        ],
        [
            0.13168556988239288,
            -0.0551307238638401,
            -0.04958949610590935
        ],
        [
            0.16291125118732452,
            -0.0643129050731659,
            -0.05480415001511574
        ],
        [
            0.18371330201625824,
            -0.06027001515030861,
            -0.04830929636955261
        ],
        [
            0.19789431989192963,
            -0.04800134524703026,
            -0.031996455043554306
        ],
        [
            0.13598376512527466,
            -0.03767496347427368,
            -0.06721603125333786
        ],
        [
            0.1657983660697937,
            -0.042530834674835205,
            -0.07689115405082703
        ],
        [
            0.1864212304353714,
            -0.03776295483112335,
            -0.06722505390644073
        ],
        [
            0.19735923409461975,
            -0.030780283734202385,
            -0.045535385608673096
        ],
        [
            0.13774575293064117,
            -0.010996016673743725,
            -0.06678780913352966
        ],
        [
            0.16505387425422668,
            -0.015240873210132122,
            -0.07503428310155869
        ],
        [
            0.18788641691207886,
            -0.015320781618356705,
            -0.06544684618711472
        ],
        [
            0.2018783688545227,
            -0.017643330618739128,
            -0.04483305662870407
        ],
        [
            0.14127014577388763,
            0.00993782002478838,
            -0.061607565730810165
        ],
        [
            0.16219204664230347,
            0.009412741288542747,
            -0.06452794373035431
        ],
        [
            0.18070626258850098,
            0.007518681697547436,
            -0.060995008796453476
        ],
        [
            0.19785593450069427,
            0.0010860878974199295,
            -0.052471134811639786
        ]
    ],
    "pred_vertices": [
        [
            0.12739866971969604,
            -0.03156734257936478,
            -0.017130788415670395
        ],
        [
            0.12489766627550125,
            -0.02530798316001892,
            -0.008688230067491531
        ],
        [
            0.13045722246170044,
            -0.03374536707997322,
            -0.010101936757564545
        ],
        [
            0.1312609761953354,
            -0.04004000127315521,
            -0.017388571053743362
        ],
        [
            0.1326575130224228,
            -0.0261228010058403,
            0.009564518928527832
        ],
        [
            0.1284855753183365,
            -0.030959047377109528,
            0.01989055424928665
        ],
        [
            0.1375359743833542,
            -0.042950473725795746,
            0.011916786432266235
        ],
        [
            0.14050523936748505,
            -0.03652585297822952,
            0.004673518240451813
        ],
        [
            0.13281913101673126,
            -0.04738900810480118,
            -0.018907975405454636
        ],
        [
            0.13499656319618225,
            -0.04062330722808838,
            -0.011574741452932358
        ],
        [
            0.12966153025627136,
            -0.050871461629867554,
            -0.019582625478506088
        ],
        [
            0.12308814376592636,
            -0.057355381548404694,
            -0.028240052983164787
        ],
        [
            0.1292446404695511,
            -0.05330713838338852,
            -0.026409318670630455
        ],
        [
            0.12227082997560501,
            -0.06041143462061882,
            -0.03565101698040962
        ],
        [
            0.1121036484837532,
            -0.05579400062561035,
            -0.026683535426855087
        ],
        [
            0.11485439538955688,
            -0.05854473263025284,
            -0.04158905893564224
        ],
        [
            0.10138402134180069,
            -0.03182261437177658,
            -0.03778131306171417
        ],
        [
            0.10202663391828537,
            -0.018728122115135193,
            -0.04126885533332825
        ],
        [
            0.10979144275188446,
            -0.025501692667603493,
            -0.055573903024196625
        ],
        [
            0.10929545015096664,
            -0.03822904825210571,
            -0.050308629870414734
        ],
        [
            0.11237175762653351,
            -0.004705870524048805,
            -0.05352404713630676
        ],
        [
            0.11131532490253448,
            -0.016435973346233368,
            -0.055425312370061874
        ],
        [
            0.1024436354637146,
            -0.009716248139739037,
            -0.0418221540749073
        ],
        [
            0.10403968393802643,
            0.0003844611346721649,
            -0.04071537032723427
        ],
        [
            0.12437297403812408,
            -0.01602027751505375,
            -0.017685629427433014
        ],
        [
            0.1210663765668869,
            -0.010018598288297653,
            -0.009173836559057236
        ],
        [
            0.1209610253572464,
            -0.015678470954298973,
            -0.008982166647911072
        ],
        [
            0.12444330751895905,
            -0.02146138809621334,
            -0.01689867302775383
        ],
        [
            0.1290513128042221,
            -0.057441990822553635,
            -0.013383954763412476
        ],
        [
            0.11739203333854675,
            -0.055995650589466095,
            -0.01110650971531868
        ],
        [
            0.12202955782413483,
            -0.05450458824634552,
            -0.01750688999891281
        ],
        [
            0.13328565657138824,
            -0.05414758250117302,
            -0.015254661440849304
        ],
        [
            0.11901402473449707,
            0.010854814201593399,
            0.01070249080657959
        ],
        [
            0.108366958796978,
            0.014529082924127579,
            0.01812046766281128
        ],
        [
            0.10696437954902649,
            0.009105868637561798,
            0.01996695250272751
        ],
        [
            0.11662496626377106,
            0.006912343204021454,
            0.012497305870056152
        ],
        [
            0.11211149394512177,
            -0.012887999415397644,
            0.0255906842648983
        ],
        [
            0.10259793698787689,
            -0.007147092372179031,
            0.027027219533920288
        ],
        [
            0.09100807458162308,
            -0.013454914093017578,
            0.030619703233242035
        ],
        [
            0.09788499772548676,
            -0.021054528653621674,
            0.027548395097255707
        ],
        [
            0.1213044822216034,
            -0.021854862570762634,
            0.023341070860624313
        ],
        [
            0.1097332164645195,
            -0.02892332896590233,
            0.0269976407289505
        ],
        [
            0.1198069229722023,
            -0.037952106446027756,
            0.02307138592004776
        ],
        [
            0.13101142644882202,
            -0.04924406111240387,
            0.014289464801549911
        ],
        [
            0.10867735743522644,
            0.02616395428776741,
            0.012717634439468384
        ],
        [
            0.11695410311222076,
            0.025227222591638565,
            0.006848178803920746
        ],
        [
            0.16583465039730072,
            -0.06306548416614532,
            -0.043041910976171494
        ],
        [
            0.16689789295196533,
            -0.05761030688881874,
            -0.045244742184877396
        ],
        [
            0.162650927901268,
            -0.05737950652837753,
            -0.044588807970285416
        ],
        [
            0.1621604710817337,
            -0.06294471025466919,
            -0.04295032471418381
        ],
        [
            0.1012885794043541,
            0.03345981985330582,
            -0.004646480083465576
        ],
        [
            0.09284263849258423,
            0.03165188431739807,
            -0.009850837290287018
        ],
        [
            0.09091232717037201,
            0.035398684442043304,
            -0.0038970261812210083
        ],
        [
            0.09827660024166107,
            0.035526275634765625,
            0.001970641314983368
        ],
        [
            0.10530272126197815,
            0.03060353919863701,
            -0.013340726494789124
        ],
        [
            0.09597019851207733,
            0.02601858228445053,
            -0.01765875518321991
        ],
        [
            0.16827251017093658,
            -0.07186613231897354,
            -0.05206548795104027
        ],
        [
            0.1674727201461792,
            -0.07096097618341446,
            -0.04700127989053726
        ],
        [
            0.1624593287706375,
            -0.07160476595163345,
            -0.04864347726106644
        ],
        [
            0.16251859068870544,
            -0.07182008028030396,
            -0.05400371551513672
        ],
        [
            0.1318204700946808,
            -0.04632044583559036,
            -0.024644184857606888
        ],
        [
            0.1312570422887802,
            -0.037051379680633545,
            -0.024273529648780823
        ],
        [
            0.13643737137317657,
            -0.050994906574487686,
            -0.03874800354242325
        ],
        [
            0.1344289481639862,
            -0.04570945352315903,
            -0.034405939280986786
        ],
        [
            0.1318908929824829,
            -0.05157634615898132,
            -0.031761907041072845
        ],
        [
            0.1332646757364273,
            -0.055654559284448624,
            -0.035976748913526535
        ],
        [
            0.1336228996515274,
            -0.022452883422374725,
            -0.03743405640125275
        ],
        [
            0.1285925656557083,
            -0.017803635448217392,
            -0.028015032410621643
        ],
        [
            0.12869001924991608,
            -0.024398161098361015,
            -0.027653858065605164
        ],
        [
            0.13467901945114136,
            -0.03099805861711502,
            -0.036976560950279236
        ],
        [
            0.131895512342453,
            -0.00410941056907177,
            -0.02935389056801796
        ],
        [
            0.13611361384391785,
            -0.009810198098421097,
            -0.038747284561395645
        ],
        [
            0.13741381466388702,
            -0.00137358158826828,
            -0.03833412379026413
        ],
        [
            0.13511942327022552,
            0.001193217933177948,
            -0.0312664732336998
        ],
        [
            0.14191892743110657,
            -0.022362984716892242,
            -0.05394268035888672
        ],
        [
            0.14392417669296265,
            -0.025279739871621132,
            -0.05932746082544327
        ],
        [
            0.14586013555526733,
            -0.02284972369670868,
            -0.059936825186014175
        ],
        [
            0.14224426448345184,
            -0.01902305893599987,
            -0.054007358849048615
        ],
        [
            0.087949737906456,
            0.038667984306812286,
            0.0016654729843139648
        ],
        [
            0.09489424526691437,
            0.0366726815700531,
            0.008328981697559357
        ],
        [
            0.11860557645559311,
            0.01607225276529789,
            -0.05033433437347412
        ],
        [
            0.12353744357824326,
            0.023304764181375504,
            -0.0434378907084465
        ],
        [
            0.13100749254226685,
            0.021012796089053154,
            -0.05358322709798813
        ],
        [
            0.12337702512741089,
            0.01380915753543377,
            -0.05918119475245476
        ],
        [
            0.08608900755643845,
            0.024386517703533173,
            -0.012863192707300186
        ],
        [
            0.08350211381912231,
            0.03006695955991745,
            -0.00809817761182785
        ],
        [
            0.16929005086421967,
            -0.06906784325838089,
            -0.05760227516293526
        ],
        [
            0.16364973783493042,
            -0.06851234287023544,
            -0.059069469571113586
        ],
        [
            0.10681901127099991,
            -0.041326433420181274,
            0.019454021006822586
        ],
        [
            0.12256394326686859,
            -0.053580012172460556,
            0.012016426771879196
        ],
        [
            0.09493816643953323,
            -0.030355822294950485,
            0.022243980318307877
        ],
        [
            0.08668841421604156,
            -0.022214893251657486,
            0.022737376391887665
        ],
        [
            0.08028504252433777,
            -0.01648782193660736,
            0.0257708877325058
        ],
        [
            0.13678830862045288,
            -0.04182033985853195,
            -0.039468586444854736
        ],
        [
            0.12824450433254242,
            -0.028294134885072708,
            -0.023182950913906097
        ],
        [
            0.12500539422035217,
            -0.011028742417693138,
            -0.018321432173252106
        ],
        [
            0.1357564926147461,
            0.017175935208797455,
            -0.024225100874900818
        ],
        [
            0.1317005157470703,
            0.020848779007792473,
            -0.015322919934988022
        ],
        [
            0.1323367804288864,
            0.010203802958130836,
            -0.015443719923496246
        ],
        [
            0.13521236181259155,
            0.009188000112771988,
            -0.02356540411710739
        ],
        [
            0.13208186626434326,
            0.024782447144389153,
            -0.0383865162730217
        ],
        [
            0.13755133748054504,
            0.01983458735048771,
            -0.03534359484910965
        ],
        [
            0.14083227515220642,
            0.017057355493307114,
            -0.04241173714399338
        ],
        [
            0.13691779971122742,
            0.021860461682081223,
            -0.046795204281806946
        ],
        [
            0.1273108720779419,
            -0.06254184991121292,
            -0.008131634443998337
        ],
        [
            0.11453013122081757,
            -0.05726633220911026,
            -0.004290834069252014
        ],
        [
            0.10947839915752411,
            0.03166045621037483,
            0.001847006380558014
        ],
        [
            0.10514959692955017,
            0.03159211575984955,
            0.008321218192577362
        ],
        [
            0.09906890988349915,
            0.03336920589208603,
            0.01398363709449768
        ],
        [
            0.12038590013980865,
            -0.0006312616169452667,
            0.0017518699169158936
        ],
        [
            0.11511500179767609,
            0.004158791154623032,
            0.013896919786930084
        ],
        [
            0.11527485400438309,
            -0.00012925639748573303,
            0.01509227603673935
        ],
        [
            0.11909981817007065,
            -0.0036007873713970184,
            0.0017604902386665344
        ],
        [
            0.1254287213087082,
            -0.01850391924381256,
            0.0007845573127269745
        ],
        [
            0.12422899901866913,
            -0.014687854796648026,
            0.013512928038835526
        ],
        [
            0.13290908932685852,
            -0.02724149078130722,
            -0.002469785511493683
        ],
        [
            0.10426931083202362,
            0.0024412162601947784,
            0.023863155394792557
        ],
        [
            0.10058042407035828,
            0.012189969420433044,
            0.027404651045799255
        ],
        [
            0.09754817187786102,
            0.004310663789510727,
            0.030231907963752747
        ],
        [
            0.10154187679290771,
            0.021087177097797394,
            0.023387804627418518
        ],
        [
            0.10132110118865967,
            0.028725042939186096,
            0.01878277212381363
        ],
        [
            0.07805074751377106,
            0.03526454046368599,
            -0.004094280302524567
        ],
        [
            0.09404080361127853,
            -0.0032250769436359406,
            0.03125450760126114
        ],
        [
            0.14442862570285797,
            -0.04438076913356781,
            0.000798393040895462
        ],
        [
            0.1477455049753189,
            -0.051367517560720444,
            -0.00289352610707283
        ],
        [
            0.14523553848266602,
            -0.048490241169929504,
            -0.009425584226846695
        ],
        [
            0.1420844942331314,
            -0.04218039661645889,
            -0.0068570710718631744
        ],
        [
            0.12561465799808502,
            -0.06326014548540115,
            -0.0424034483730793
        ],
        [
            0.1304963082075119,
            -0.060419224202632904,
            -0.03747525438666344
        ],
        [
            0.12756729125976562,
            -0.057502374053001404,
            -0.03135676681995392
        ],
        [
            0.12519030272960663,
            0.011641277000308037,
            0.000900663435459137
        ],
        [
            0.12333732843399048,
            0.02383766695857048,
            -0.0017941594123840332
        ],
        [
            0.13881073892116547,
            -0.04738331213593483,
            -0.043658073991537094
        ],
        [
            0.1566576510667801,
            -0.07104635238647461,
            -0.05497090518474579
        ],
        [
            0.15657556056976318,
            -0.07111088931560516,
            -0.04899401217699051
        ],
        [
            0.1374635547399521,
            -0.06643237173557281,
            -0.04553058370947838
        ],
        [
            0.13743148744106293,
            -0.06684108078479767,
            -0.05264276638627052
        ],
        [
            0.14160986244678497,
            -0.04741096869111061,
            -0.052528053522109985
        ],
        [
            0.14065669476985931,
            -0.04782455414533615,
            -0.045394979417324066
        ],
        [
            0.1420539766550064,
            -0.048135533928871155,
            -0.04649806395173073
        ],
        [
            0.1448441445827484,
            -0.04681809991598129,
            -0.05242181196808815
        ],
        [
            0.14574429392814636,
            -0.013937169685959816,
            -0.057560332119464874
        ],
        [
            0.14277367293834686,
            -0.01068850327283144,
            -0.05253290757536888
        ],
        [
            0.12090848386287689,
            -0.04356291517615318,
            -0.06075632572174072
        ],
        [
            0.11580325663089752,
            -0.05588827654719353,
            -0.05633220449090004
        ],
        [
            0.1088295727968216,
            -0.0499861016869545,
            -0.04597202688455582
        ],
        [
            0.13433264195919037,
            -0.01503528468310833,
            -0.03773383051156998
        ],
        [
            0.13897252082824707,
            -0.01847195439040661,
            -0.04635776951909065
        ],
        [
            0.13944746553897858,
            -0.014459819532930851,
            -0.046866171061992645
        ],
        [
            0.13842973113059998,
            -0.04043125361204147,
            -0.04370393231511116
        ],
        [
            0.14025402069091797,
            -0.04428022727370262,
            -0.048665232956409454
        ],
        [
            0.13987433910369873,
            -0.039923958480358124,
            -0.04899032786488533
        ],
        [
            0.13820016384124756,
            -0.03523440659046173,
            -0.04399603605270386
        ],
        [
            0.11606486141681671,
            0.02671436406672001,
            -0.03318484127521515
        ],
        [
            0.12618982791900635,
            0.028677597641944885,
            -0.027684513479471207
        ],
        [
            0.1663130223751068,
            -0.06779561191797256,
            -0.043756186962127686
        ],
        [
            0.1620340496301651,
            -0.06820136308670044,
            -0.044493257999420166
        ],
        [
            0.12941709160804749,
            -0.01063154824078083,
            -0.028464708477258682
        ],
        [
            0.10331138223409653,
            -0.042534876614809036,
            -0.03353826701641083
        ],
        [
            0.12605947256088257,
            -0.005665121600031853,
            -0.018816344439983368
        ],
        [
            0.13057272136211395,
            -0.002761046402156353,
            -0.06577007472515106
        ],
        [
            0.1386726051568985,
            -0.00044691842049360275,
            -0.06273465603590012
        ],
        [
            0.14212222397327423,
            -0.0034468905068933964,
            -0.06493276357650757
        ],
        [
            0.13798734545707703,
            -0.005359653849154711,
            -0.06918597966432571
        ],
        [
            0.15932828187942505,
            -0.05123396962881088,
            -0.054893121123313904
        ],
        [
            0.15973442792892456,
            -0.05185648053884506,
            -0.04905126243829727
        ],
        [
            0.16356539726257324,
            -0.05322326719760895,
            -0.049164630472660065
        ],
        [
            0.16410468518733978,
            -0.05273660272359848,
            -0.05501490458846092
        ],
        [
            0.1388252228498459,
            -0.05101795867085457,
            -0.04071049392223358
        ],
        [
            0.13646243512630463,
            -0.05630267783999443,
            -0.03814998269081116
        ],
        [
            0.14054113626480103,
            -0.05643785744905472,
            -0.03915499150753021
        ],
        [
            0.14197081327438354,
            -0.05151227116584778,
            -0.042502399533987045
        ],
        [
            0.13378098607063293,
            -0.061393965035676956,
            -0.03964214026927948
        ],
        [
            0.13840357959270477,
            -0.062401480972766876,
            -0.04056999832391739
        ],
        [
            0.15874582529067993,
            -0.05465538427233696,
            -0.06041968613862991
        ],
        [
            0.15798503160476685,
            -0.06176096946001053,
            -0.06277047842741013
        ],
        [
            0.14082656800746918,
            -0.056444328278303146,
            -0.06174659729003906
        ],
        [
            0.1453307867050171,
            -0.0505756139755249,
            -0.05893409252166748
        ],
        [
            0.0949297621846199,
            0.005311179906129837,
            -0.02950112894177437
        ],
        [
            0.09876127541065216,
            0.01578700728714466,
            -0.029287278652191162
        ],
        [
            0.1078156977891922,
            0.011222617700695992,
            -0.04059011489152908
        ],
        [
            0.11604053527116776,
            0.007314085960388184,
            -0.052597448229789734
        ],
        [
            0.12440088391304016,
            0.0025627249851822853,
            -0.06280839443206787
        ],
        [
            0.11885637789964676,
            -0.008324296213686466,
            -0.06503185629844666
        ],
        [
            0.11022727191448212,
            0.01888061687350273,
            -0.03878859430551529
        ],
        [
            0.13506874442100525,
            -0.04514589160680771,
            -0.058945685625076294
        ],
        [
            0.12946975231170654,
            -0.051451507955789566,
            -0.06050582602620125
        ],
        [
            0.12871938943862915,
            -0.04505158215761185,
            -0.06145983934402466
        ],
        [
            0.12921810150146484,
            0.0010657459497451782,
            -0.01935318484902382
        ],
        [
            0.15672391653060913,
            -0.06800421327352524,
            -0.044408008456230164
        ],
        [
            0.07375329732894897,
            -0.01253737136721611,
            0.00500798225402832
        ],
        [
            0.07272089272737503,
            -0.0014440231025218964,
            -0.002621140331029892
        ],
        [
            0.07758823782205582,
            -0.007006540894508362,
            -0.007371906191110611
        ],
        [
            0.07954439520835876,
            -0.019455142319202423,
            0.0016244612634181976
        ],
        [
            0.15889927744865417,
            -0.05621608719229698,
            -0.04379613697528839
        ],
        [
            0.15764397382736206,
            -0.0622100792825222,
            -0.041701529175043106
        ],
        [
            0.14496231079101562,
            -0.0046707456931471825,
            -0.05370595306158066
        ],
        [
            0.14691248536109924,
            -0.008239638060331345,
            -0.05825009196996689
        ],
        [
            0.14687633514404297,
            -0.005162011366337538,
            -0.06068002060055733
        ],
        [
            0.14762775599956512,
            -0.0006666677072644234,
            -0.05628403276205063
        ],
        [
            0.1005617007613182,
            0.02121678739786148,
            -0.02753407135605812
        ],
        [
            0.13818974792957306,
            0.01959632709622383,
            -0.057284876704216
        ],
        [
            0.1308472752571106,
            0.012965386733412743,
            -0.06320473551750183
        ],
        [
            0.09075361490249634,
            0.019339701160788536,
            -0.019479550421237946
        ],
        [
            0.08680276572704315,
            0.010403543710708618,
            -0.01996840164065361
        ],
        [
            0.08109963685274124,
            0.014632657170295715,
            -0.01325429230928421
        ],
        [
            0.12244926393032074,
            -0.023303860798478127,
            -0.06695479154586792
        ],
        [
            0.09393379092216492,
            -0.003259720280766487,
            -0.03062160685658455
        ],
        [
            0.08590473979711533,
            0.00277647003531456,
            -0.02005954459309578
        ],
        [
            0.0790518969297409,
            0.007480878382921219,
            -0.012036804109811783
        ],
        [
            0.07383329421281815,
            0.011527687311172485,
            -0.006898034363985062
        ],
        [
            0.07673153281211853,
            0.018946481868624687,
            -0.008650828152894974
        ],
        [
            0.15759524703025818,
            -0.06712508946657181,
            -0.05996806174516678
        ],
        [
            0.16472887992858887,
            -0.06259581446647644,
            -0.06233543902635574
        ],
        [
            0.07058144360780716,
            0.024243207648396492,
            -0.0045052096247673035
        ],
        [
            0.06807713955640793,
            0.015599764883518219,
            -0.0022430941462516785
        ],
        [
            0.08507385104894638,
            -0.0063069649040699005,
            -0.018742959946393967
        ],
        [
            0.0851365476846695,
            -0.017419777810573578,
            -0.01582997292280197
        ],
        [
            0.09308524429798126,
            -0.011781219393014908,
            -0.028883717954158783
        ],
        [
            0.09361027181148529,
            -0.023215768858790398,
            -0.027107104659080505
        ],
        [
            0.11554664373397827,
            -0.03192821890115738,
            -0.06608551740646362
        ],
        [
            0.1816125065088272,
            -0.05805768445134163,
            -0.057223476469516754
        ],
        [
            0.17090871930122375,
            -0.05759815126657486,
            -0.06005571410059929
        ],
        [
            0.16937178373336792,
            -0.05395400896668434,
            -0.05571228265762329
        ],
        [
            0.18013688921928406,
            -0.054406359791755676,
            -0.05535785108804703
        ],
        [
            0.16450268030166626,
            -0.0559278279542923,
            -0.060027480125427246
        ],
        [
            0.17047834396362305,
            -0.06319095194339752,
            -0.06094183027744293
        ],
        [
            0.09633033722639084,
            -0.036313511431217194,
            -0.020567018538713455
        ],
        [
            0.14138613641262054,
            -0.042832955718040466,
            -0.05377068743109703
        ],
        [
            0.08955337107181549,
            -0.03165626898407936,
            -0.005249418318271637
        ],
        [
            0.10409518331289291,
            -0.05113532394170761,
            -0.01645241305232048
        ],
        [
            0.10134551674127579,
            -0.047624535858631134,
            -0.003835059702396393
        ],
        [
            0.08443372696638107,
            -0.028067052364349365,
            0.011518143117427826
        ],
        [
            0.09600220620632172,
            -0.041209444403648376,
            0.010236196219921112
        ],
        [
            0.07324822247028351,
            -0.014479536563158035,
            0.017409324645996094
        ],
        [
            0.07845688611268997,
