{
    "pred_cam": [
        6.42458438873291,
        0.14374728500843048,
        -0.07758425176143646
    ],
    "pred_mano_params": {
        "global_orient": [
            [
                [
                    -0.5580528974533081,
                    -0.1465204805135727,
                    0.8167672753334045
                ],
                [
                    -0.7547757625579834,
                    -0.3193693459033966,
                    -0.5729893445968628
                ],
                [
                    0.34480521082878113,
                    -0.9362344145774841,
                    0.06763488054275513
                ]
            ]
        ],
        "hand_pose": [
            [
                [
                    0.884095311164856,
                    -0.4466053545475006,
                    -0.1375475525856018
                ],
                [
                    0.45388466119766235,
                    0.8906999826431274,
                    0.025343146175146103
                ],
                [
                    0.11119522154331207,
                    -0.08483646810054779,
                    0.9901710152626038
                ]
            ],
            [
                [
                    0.9964828491210938,
                    -0.004246984608471394,
                    0.08368916064500809
                ],
                [
                    0.024080516770482063,
                    0.9711024165153503,
                    -0.23744510114192963
                ],
                [
                    -0.08026232570409775,
                    0.23862525820732117,
                    0.9677891731262207
                ]
            ],
            [
                [
                    0.9282386898994446,
                    -0.36647242307662964,
                    0.06380343437194824
                ],
                [
                    0.36494961380958557,
                    0.9303879141807556,
                    0.0345003604888916
                ],
                [
                    -0.07200536876916885,
                    -0.008739539422094822,
                    0.9973660111427307
                ]
            ],
            [
                [
                    0.9108085632324219,
                    -0.4114901125431061,
                    0.03322141245007515
                ],
                [
                    0.41156432032585144,
                    0.9113675951957703,
                    0.004890734329819679
                ],
                [
                    -0.03228940814733505,
                    0.009218224324285984,
                    0.99943608045578
                ]
            ],
            [
                [
                    0.9964755773544312,
                    -0.08372347056865692,
                    0.005177630111575127
                ],
                [
                    0.07722300291061401,
                    0.939709484577179,
                    0.3331405222415924
                ],
                [
                    -0.03275714069604874,
                    -0.33156657218933105,
                    0.9428629279136658
                ]
            ],
            [
                [
                    0.9090330600738525,
                    -0.4162083566188812,
                    -0.020723702386021614
                ],
                [
                    0.4164811074733734,
                    0.9090768098831177,
                    0.011085000820457935
                ],
                [
                    0.014225766062736511,
                    -0.01870766282081604,
                    0.9997237920761108
                ]
            ],
            [
                [
                    0.8079856038093567,
                    -0.4188375174999237,
                    0.4144085645675659
                ],
                [
                    0.46257221698760986,
                    0.8865622878074646,
                    -0.005854365415871143
                ],
                [
                    -0.36494699120521545,
                    0.19642411172389984,
                    0.9100721478462219
                ]
            ],
            [
                [
                    0.9837725162506104,
                    -0.17941179871559143,
                    0.001735157216899097
                ],
                [
                    0.1624629944562912,
                    0.8948574066162109,
                    0.41573530435562134
                ],
                [
                    -0.07614054530858994,
                    -0.4087070822715759,
                    0.9094839096069336
                ]
            ],
            [
                [
                    0.9401112794876099,
                    -0.3363463282585144,
                    0.055334046483039856
                ],
                [
                    0.311587929725647,
                    0.9137829542160034,
                    0.2606026530265808
                ],
                [
                    -0.1382160484790802,
                    -0.22775408625602722,
                    0.9638591408729553
                ]
            ],
            [
                [
                    0.8888501524925232,
                    -0.44756942987442017,
                    0.09811704605817795
                ],
                [
                    0.45478618144989014,
                    0.887850284576416,
                    -0.06993803381919861
                ],
                [
                    -0.05581112951040268,
                    0.10678671300411224,
                    0.9927142262458801
                ]
            ],
            [
                [
                    0.9930543303489685,
                    -0.07535236328840256,
                    0.09036015719175339
                ],
                [
                    0.028689105063676834,
                    0.8999025821685791,
                    0.4351463317871094
                ],
                [
                    -0.11410461366176605,
                    -0.42953166365623474,
                    0.8958139419555664
                ]
            ],
            [
                [
                    0.9007325768470764,
                    -0.4336085021495819,
                    -0.02577924355864525
                ],
                [
                    0.43348976969718933,
                    0.8935288190841675,
                    0.11701670289039612
                ],
                [
                    -0.027704941108822823,
                    -0.11657577753067017,
                    0.9927953481674194
                ]
            ],
            [
                [
                    0.8680015802383423,
                    0.05046728998422623,
                    -0.4939901828765869
                ],
                [
                    -0.39151009917259216,
                    0.6814783215522766,
                    -0.6183098554611206
                ],
                [
                    0.30543920397758484,
                    0.7300961017608643,
                    0.6112827062606812
                ]
            ],
            [
                [
                    0.909619927406311,
                    -0.19429783523082733,
                    -0.36720556020736694
                ],
                [
                    0.39054638147354126,
                    0.7013043165206909,
                    0.5963603854179382
                ],
                [
                    0.14165133237838745,
                    -0.6858721375465393,
                    0.713802695274353
                ]
            ],
            [
                [
                    0.963388979434967,
                    0.2055501490831375,
                    0.17213590443134308
                ],
                [
                    -0.19478201866149902,
                    0.9777835607528687,
                    -0.07745488733053207
                ],
                [
                    -0.18423253297805786,
                    0.0410902202129364,
                    0.9820233583450317
                ]
            ]
        ],
        "betas": [
            -0.021213099360466003,
            -0.05182147026062012,
            -0.03408408164978027,
            -0.03086259961128235,
            0.03959393501281738,
            0.052958931773900986,
            0.06353588402271271,
            0.04877150058746338,
            -0.02643205225467682,
            -0.04280099272727966
        ]
    },
    "pred_cam_t": [
        -0.14374728500843048,
        -0.07758425176143646,
        6.080159664154053
    ],
    "focal_length": [
        5000.0,
        5000.0
    ],
    "pred_keypoints_3d": [
        [
            0.09585769474506378,
            0.006392977200448513,
            0.00620581628754735
        ],
        [
            0.13270768523216248,
            0.014746005646884441,
            0.014085793867707253
        ],
        [
            0.1571246087551117,
            0.03323488309979439,
            0.010737985372543335
        ],
        [
            0.16916424036026,
            0.05551927536725998,
            0.0010313000530004501
        ],
        [
            0.19385693967342377,
            0.07452669739723206,
            -0.01759282499551773
        ],
        [
            0.16275036334991455,
            0.06283024698495865,
            -0.017946213483810425
        ],
        [
            0.18027064204216003,
            0.09085723012685776,
            -0.018244020640850067
        ],
        [
            0.19173479080200195,
            0.10941171646118164,
            -0.013986846432089806
        ],
        [
            0.20335665345191956,
            0.1285262256860733,
            -0.002326473593711853
        ],
        [
            0.14624014496803284,
            0.08038682490587234,
            -0.025315430015325546
        ],
        [
            0.16055087745189667,
            0.10876474529504776,
            -0.02525319717824459
        ],
        [
            0.17160922288894653,
            0.12846848368644714,
            -0.019513240084052086
        ],
        [
            0.18391098082065582,
            0.147785946726799,
            -0.007468555122613907
        ],
        [
            0.12035447359085083,
            0.08477478474378586,
            -0.020154472440481186
        ],
        [
            0.13416151702404022,
            0.11020692437887192,
            -0.01952742040157318
        ],
        [
            0.14496928453445435,
            0.131165012717247,
            -0.011737528257071972
        ],
        [
            0.156565323472023,
            0.14941462874412537,
            0.0018120892345905304
        ],
        [
            0.10047193616628647,
            0.086366206407547,
            -0.011204428970813751
        ],
        [
            0.10797068476676941,
            0.10613050311803818,
            -0.010835157707333565
        ],
        [
            0.11459962278604507,
            0.12183079123497009,
            -0.0024886243045330048
        ],
        [
            0.1223452240228653,
            0.133331760764122,
            0.01069625187665224
        ]
    ],
    "pred_vertices": [
        [
            0.13783995807170868,
            0.03974556177854538,
            0.005446532741189003
        ],
        [
            0.13060203194618225,
            0.03245997801423073,
            0.010688342154026031
        ],
        [
            0.1390679031610489,
            0.037090059369802475,
            0.010492481291294098
        ],
        [
            0.14613550901412964,
            0.04167623445391655,
            0.005937548354268074
        ],
        [
            0.1360139548778534,
            0.028369735926389694,
            0.027697525918483734
        ],
        [
            0.14167997241020203,
            0.018783174455165863,
            0.0318298377096653
        ],
        [
            0.154344841837883,
            0.031312230974435806,
            0.02643406391143799
        ],
        [
            0.14756470918655396,
            0.03828882426023483,
            0.024764304980635643
        ],
        [
            0.1526702642440796,
            0.04331831634044647,
            0.003839375451207161
        ],
        [
            0.14635486900806427,
            0.041317567229270935,
            0.01015854999423027
        ],
        [
            0.15377643704414368,
            0.0416841134428978,
            -0.00017229653894901276
        ],
        [
            0.16078518331050873,
            0.04155317693948746,
            -0.010192151181399822
        ],
        [
            0.1590135097503662,
            0.0450839027762413,
            -0.003611672669649124
        ],
        [
            0.16475026309490204,
            0.04570620134472847,
            -0.015861254185438156
        ],
        [
            0.15717221796512604,
            0.03286798298358917,
            -0.015972254797816277
        ],
        [
            0.16072557866573334,
            0.04427700489759445,
            -0.024168871343135834
        ],
        [
            0.13377617299556732,
            0.035810116678476334,
            -0.02653450518846512
        ],
        [
            0.12121523171663284,
            0.04045657068490982,
            -0.026738222688436508
        ],
        [
            0.12901942431926727,
            0.05442557483911514,
            -0.03184806555509567
        ],
        [
            0.14122162759304047,
            0.04881894215941429,
            -0.030388101935386658
        ],
        [
            0.10938030481338501,
            0.057437241077423096,
            -0.025814978405833244
        ],
        [
            0.12049318850040436,
            0.056605517864227295,
            -0.029644392430782318
        ],
        [
            0.11247063428163528,
            0.04226363077759743,
            -0.025624115020036697
        ],
        [
            0.10289345681667328,
            0.043846245855093,
            -0.02227446436882019
        ],
        [
            0.1230282112956047,
            0.04030665010213852,
            0.0055037252604961395
        ],
        [
            0.11635349690914154,
            0.03241739049553871,
            0.010424882173538208
        ],
        [
            0.12133707851171494,
            0.03105725720524788,
            0.009917890653014183
        ],
        [
            0.12805335223674774,
            0.03892026096582413,
            0.005391620099544525
        ],
        [
            0.15718670189380646,
            0.03821514546871185,
            -0.0018314477056264877
        ],
        [
            0.15708130598068237,
            0.02698228880763054,
            -0.0038500428199768066
        ],
        [
            0.15556389093399048,
            0.034494008868932724,
            -0.004649681970477104
        ],
        [
            0.1549997329711914,
            0.04286263883113861,
            0.0008671507239341736
        ],
        [
            0.09595518559217453,
            0.020335666835308075,
            0.02596939541399479
        ],
        [
            0.09036344289779663,
            0.008142068982124329,
            0.024630291387438774
        ],
        [
            0.0954722911119461,
            0.005150191485881805,
            0.024328485131263733
        ],
        [
            0.09942375123500824,
            0.01678866147994995,
            0.025291267782449722
        ],
        [
            0.11951130628585815,
            0.002570435404777527,
            0.029836440458893776
        ],
        [
            0.1112184226512909,
            -0.0047497376799583435,
            0.024722322821617126
        ],
        [
            0.11514005064964294,
            -0.016172975301742554,
            0.0183254424482584
        ],
        [
            0.1245245411992073,
            -0.009804829955101013,
            0.019879091531038284
        ],
        [
            0.13099165260791779,
            0.010586686432361603,
            0.032588329166173935
        ],
        [
            0.13572171330451965,
            -0.0009815506637096405,
            0.026150211691856384
        ],
        [
            0.14729860424995422,
            0.00985443964600563,
            0.027019547298550606
        ],
        [
            0.15883375704288483,
            0.024467766284942627,
            0.021817825734615326
        ],
        [
            0.07892943918704987,
            0.013627782464027405,
            0.02261267974972725
        ],
        [
            0.08139578998088837,
            0.023448795080184937,
            0.023801367729902267
        ],
        [
            0.1864459067583084,
            0.09173670411109924,
            -0.008916795253753662
        ],
        [
            0.18219080567359924,
            0.09561064839363098,
            -0.008148997090756893
        ],
        [
            0.17950057983398438,
            0.0904451385140419,
            -0.007757038809359074
        ],
        [
            0.18433237075805664,
            0.08771796524524689,
            -0.009036053903400898
        ],
        [
            0.07024679332971573,
            0.021440058946609497,
            0.006119461730122566
        ],
        [
            0.07028669118881226,
            0.018867127597332,
            -0.0036648884415626526
        ],
        [
            0.06628502905368805,
            0.013855762779712677,
            -0.00014536641538143158
        ],
        [
            0.06768008321523666,
            0.014981046319007874,
            0.009122360497713089
        ],
        [
            0.0737958550453186,
            0.02995385229587555,
            0.0022645629942417145
        ],
        [
            0.07639523595571518,
            0.02575484663248062,
            -0.007921828888356686
        ],
        [
            0.18974949419498444,
            0.09143681824207306,
            -0.021129999309778214
        ],
        [
            0.19099116325378418,
            0.09012436866760254,
            -0.016331667080521584
        ],
        [
            0.18843939900398254,
            0.08601059019565582,
            -0.017949413508176804
        ],
        [
            0.18610145151615143,
            0.08726509660482407,
            -0.02243095077574253
        ],
        [
            0.153517484664917,
            0.04655332490801811,
            0.000961698591709137
        ],
        [
            0.14463944733142853,
            0.04708796739578247,
            0.0024298112839460373
        ],
        [
            0.16214556992053986,
            0.060359857976436615,
            -0.005979175679385662
        ],
        [
            0.15433663129806519,
            0.05558117851614952,
            -0.003527401015162468
        ],
        [
            0.15975160896778107,
            0.05116819217801094,
            -0.004205160774290562
        ],
        [
            0.16557788848876953,
            0.05525435134768486,
            -0.007461204193532467
        ],
        [
            0.13119086623191833,
            0.06009288877248764,
            -0.003209168091416359
        ],
        [
            0.1256900429725647,
            0.05046124383807182,
            0.0007233526557683945
        ],
        [
            0.13209974765777588,
            0.04938604310154915,
            0.0001448318362236023
        ],
        [
            0.13980694115161896,
            0.05942986160516739,
            -0.003370983526110649
        ],
        [
            0.11285282671451569,
            0.0556318461894989,
            0.003890885040163994
        ],
        [
            0.11926452070474625,
            0.06462753564119339,
            -0.000637521967291832
        ],
        [
            0.11123356968164444,
            0.06664018332958221,
            0.0016409903764724731
        ],
        [
            0.10824178904294968,
            0.06008100509643555,
            0.0053908973932266235
        ],
        [
            0.13259603083133698,
            0.07833036780357361,
            -0.009369666688144207
        ],
        [
            0.1363878697156906,
            0.08398918807506561,
            -0.013355846516788006
        ],
        [
            0.13357549905776978,
            0.08529669046401978,
            -0.01285669393837452
        ],
        [
            0.12906788289546967,
            0.0790942907333374,
            -0.009146226570010185
        ],
        [
            0.06256399303674698,
            0.008315019309520721,
            0.002309650182723999
        ],
        [
            0.06596467643976212,
            0.008323989808559418,
            0.011566858738660812
        ],
        [
            0.09039286524057388,
            0.06251876056194305,
            -0.01688484475016594
        ],
        [
            0.08401836454868317,
            0.06294164061546326,
            -0.007693147286772728
        ],
        [
            0.08712455630302429,
            0.07513551414012909,
            -0.011587454006075859
        ],
        [
            0.09316386282444,
            0.07137025892734528,
            -0.020484063774347305
        ],
        [
            0.07609651982784271,
            0.015212148427963257,
            -0.01149595808237791
        ],
        [
            0.0700419545173645,
            0.010825209319591522,
            -0.009002086706459522
        ],
        [
            0.18583796918392181,
            0.09491430968046188,
            -0.024386093020439148
        ],
        [
            0.18172568082809448,
            0.09055040031671524,
            -0.024721788242459297
        ],
        [
            0.14700502157211304,
            0.00142567977309227,
            0.015725094825029373
        ],
        [
            0.16028966009616852,
            0.018944110721349716,
            0.014598362147808075
        ],
        [
            0.13352400064468384,
            -0.009038455784320831,
            0.01255631260573864
        ],
        [
            0.12321100383996964,
            -0.014736976474523544,
            0.008581506088376045
        ],
        [
            0.11594511568546295,
            -0.020880378782749176,
            0.007069377228617668
        ],
        [
            0.15125606954097748,
            0.06147179752588272,
            -0.004700404591858387
        ],
        [
            0.13565737009048462,
            0.04533594846725464,
            0.0024865083396434784
        ],
        [
            0.11835800111293793,
            0.041927438229322433,
            0.006128113716840744
        ],
        [
            0.09276794642210007,
            0.057667285203933716,
            0.013118354603648186
        ],
        [
            0.08842300623655319,
            0.04885486513376236,
            0.017315750941634178
        ],
        [
            0.09898032248020172,
            0.04801969602704048,
            0.016093092039227486
        ],
        [
            0.10047981888055801,
            0.05575309693813324,
            0.012056687846779823
        ],
        [
            0.08433260768651962,
            0.06605204939842224,
            0.001588260754942894
        ],
        [
            0.09047926962375641,
            0.06750890612602234,
            0.006622457876801491
        ],
        [
            0.09355827420949936,
            0.07568533718585968,
            0.0025130193680524826
        ],
        [
            0.08768937736749649,
            0.07585612684488297,
            -0.0026464182883501053
        ],
        [
            0.16274519264698029,
            0.033640604466199875,
            -0.0019539184868335724
        ],
        [
            0.15926416218280792,
            0.020710516721010208,
            -0.0015357322990894318
        ],
        [
            0.0736391544342041,
            0.022466182708740234,
            0.016111336648464203
        ],
        [
            0.07292182743549347,
            0.014886409044265747,
            0.0178204495459795
        ],
        [
            0.07008086144924164,
            0.0069076865911483765,
            0.018014606088399887
        ],
        [
            0.10734987258911133,
            0.02565430849790573,
            0.01928357593715191
        ],
        [
            0.10194757580757141,
            0.01429574191570282,
            0.025145208463072777
        ],
        [
            0.10641704499721527,
            0.012888956815004349,
            0.0259909275919199
        ],
        [
            0.10994027554988861,
            0.02397943288087845,
            0.018450556322932243
        ],
        [
            0.1250806450843811,
            0.02739887684583664,
            0.01940392702817917
        ],
        [
            0.12313886731863022,
            0.019020162522792816,
            0.029073528945446014
        ],
        [
            0.13441510498523712,
            0.035401977598667145,
            0.018256470561027527
        ],
        [
            0.1017099916934967,
            -0.000322587788105011,
            0.024620378389954567
        ],
        [
            0.09126700460910797,
            -0.004090659320354462,
            0.025711040943861008
        ],
        [
            0.09850353747606277,
            -0.009199351072311401,
            0.02466411143541336
        ],
        [
            0.08267463743686676,
            0.0005277246236801147,
            0.024709023535251617
        ],
        [
            0.07508577406406403,
            0.004561379551887512,
            0.02234562858939171
        ],
        [
            0.06392618268728256,
            0.0048365965485572815,
            -0.009080566465854645
        ],
        [
            0.10528700053691864,
            -0.013310804963111877,
            0.02203054539859295
        ],
        [
            0.15555422008037567,
            0.04337781295180321,
            0.020692864432930946
        ],
        [
            0.16112495958805084,
            0.04777076840400696,
            0.016101060435175896
        ],
        [
            0.15553602576255798,
            0.0496998205780983,
            0.012459231540560722
        ],
        [
            0.15081536769866943,
            0.0458051860332489,
            0.015398005023598671
        ],
        [
            0.16887009143829346,
            0.05248880386352539,
            -0.020565064623951912
        ],
        [
            0.16893063485622406,
            0.05353689193725586,
            -0.012541905045509338
        ],
        [
            0.16394859552383423,
            0.04693058878183365,
            -0.008381424471735954
        ],
        [
            0.09628847241401672,
            0.03167182579636574,
            0.02318565919995308
        ],
        [
            0.08394701033830643,
            0.03381362184882164,
            0.02174062468111515
        ],
        [
            0.1592646688222885,
            0.06619188189506531,
            -0.007428912445902824
        ],
        [
            0.18310709297657013,
            0.08381029963493347,
            -0.024607183411717415
        ],
        [
            0.18572141230106354,
            0.08192136138677597,
            -0.01975623145699501
        ],
        [
            0.17677141726016998,
            0.06596019119024277,
            -0.02097247540950775
        ],
        [
            0.17437008023262024,
            0.06896506249904633,
            -0.026574835181236267
        ],
        [
            0.1597428172826767,
            0.0746542364358902,
            -0.014160750433802605
        ],
        [
            0.16188575327396393,
            0.07006197422742844,
            -0.009134743362665176
        ],
        [
            0.16293805837631226,
            0.07256262004375458,
            -0.010306007228791714
        ],
        [
            0.1608281284570694,
            0.07794332504272461,
            -0.013268135488033295
        ],
        [
            0.12453635036945343,
            0.08546314388513565,
            -0.010325010865926743
        ],
        [
            0.12069059163331985,
            0.08023979514837265,
            -0.007056478410959244
        ],
        [
            0.14823344349861145,
            0.06323397159576416,
            -0.030992716550827026
        ],
        [
            0.15787836909294128,
            0.05428105220198631,
            -0.03294575586915016
        ],
        [
            0.15165120363235474,
            0.04413026571273804,
            -0.029302004724740982
        ],
        [
            0.12404447793960571,
            0.06183987483382225,
            -0.0018672030419111252
        ],
        [
            0.1282428801059723,
            0.07094814628362656,
            -0.005332114174962044
        ],
        [
            0.12433511018753052,
            0.07235745340585709,
            -0.004893984645605087
        ],
        [
            0.15019460022449493,
            0.06586489081382751,
            -0.00664366502314806
        ],
        [
            0.155450239777565,
            0.07064282149076462,
            -0.009627138264477253
        ],
        [
            0.1497795283794403,
            0.07086672633886337,
            -0.009873093105852604
        ],
        [
            0.1446700394153595,
            0.06645791977643967,
            -0.006664191372692585
        ],
        [
            0.07957155257463455,
            0.050819601863622665,
            -0.004917796701192856
        ],
        [
            0.07960152626037598,
            0.054603543132543564,
            0.0060694869607687
        ],
        [
            0.18972578644752502,
            0.08999071270227432,
            -0.011886011809110641
        ],
        [
            0.18750183284282684,
            0.08597970008850098,
            -0.012907838448882103
        ],
        [
            0.11880171298980713,
            0.05234432592988014,
            0.0019715391099452972
        ],
        [
            0.14391571283340454,
            0.032799214124679565,
            -0.023839153349399567
        ],
        [
            0.11327871680259705,
            0.04373695328831673,
            0.007186666131019592
        ],
        [
            0.11068408191204071,
            0.07936514914035797,
            -0.023851709440350533
        ],
        [
            0.10970336198806763,
            0.08404891937971115,
            -0.01799892634153366
        ],
        [
            0.11425518989562988,
            0.08830946683883667,
            -0.0185752734541893
        ],
        [
            0.11529237776994705,
            0.08687184751033783,
            -0.024430014193058014
        ],
        [
            0.16857245564460754,
            0.09149247407913208,
            -0.013907264918088913
        ],
        [
            0.17177000641822815,
            0.0896277129650116,
            -0.009420976042747498
        ],
        [
            0.17461882531642914,
            0.09407537430524826,
            -0.009275796823203564
        ],
        [
            0.17191970348358154,
            0.09616628289222717,
            -0.013895112089812756
        ],
        [
            0.16555088758468628,
            0.06557510048151016,
            -0.007949840277433395
        ],
        [
            0.16956324875354767,
            0.060880642384290695,
            -0.00928096380084753
        ],
        [
            0.17216286063194275,
            0.066635861992836,
            -0.009921299293637276
        ],
        [
            0.16735823452472687,
            0.07011444121599197,
            -0.009297441691160202
        ],
        [
            0.17283017933368683,
            0.05943780764937401,
            -0.014756619930267334
        ],
        [
            0.17575091123580933,
            0.0649445429444313,
            -0.014867052435874939
        ],
        [
            0.16873879730701447,
            0.09163034707307816,
            -0.020439311861991882
        ],
        [
            0.17287494242191315,
            0.08942889422178268,
            -0.026365529745817184
        ],
        [
            0.16378144919872284,
            0.07721725106239319,
            -0.027510158717632294
        ],
        [
            0.1618213951587677,
            0.08055901527404785,
            -0.020271915942430496
        ],
        [
            0.09642882645130157,
            0.030444208532571793,
            -0.01996150054037571
        ],
        [
            0.08689448237419128,
            0.03437868878245354,
            -0.015671145170927048
        ],
        [
            0.0930103063583374,
            0.04781928285956383,
            -0.01796891912817955
        ],
        [
            0.0982043519616127,
            0.06095535308122635,
            -0.021251605823636055
        ],
        [
            0.10435742884874344,
            0.07315146923065186,
            -0.023508723825216293
        ],
        [
            0.11394911259412766,
            0.06897006928920746,
            -0.02976282313466072
        ],
        [
            0.08602610230445862,
            0.04935174062848091,
            -0.014021432027220726
        ],
        [
            0.15380194783210754,
            0.0732141062617302,
            -0.023058675229549408
        ],
        [
            0.15683603286743164,
            0.06783393025398254,
            -0.028590209782123566
        ],
        [
            0.15140677988529205,
            0.06939095258712769,
            -0.028553560376167297
        ],
        [
            0.10728882998228073,
            0.04727983474731445,
            0.009863724932074547
        ],
        [
            0.18533660471439362,
            0.0813983827829361,
            -0.014619620516896248
        ],
        [
            0.11032101511955261,
            -0.010785169899463654,
            -0.011978206224739552
        ],
        [
            0.0990622490644455,
            -0.004774771630764008,
            -0.016744190827012062
        ],
        [
            0.10542277991771698,
            0.0012293830513954163,
            -0.01763482205569744
        ],
        [
            0.11825060844421387,
            -0.005220964550971985,
            -0.011390759609639645
        ],
        [
            0.1770811527967453,
            0.08571141213178635,
            -0.00761303398758173
        ],
        [
            0.18230535089969635,
            0.08272408694028854,
            -0.009278535842895508
        ],
        [
            0.11494646221399307,
            0.08399315178394318,
            -0.0068521648645401
        ],
        [
            0.11923099309206009,
            0.08782321959733963,
            -0.010294481180608273
        ],
        [
            0.1169440895318985,
            0.0899532288312912,
            -0.012569415383040905
        ],
        [
            0.111448273062706,
            0.08876059204339981,
            -0.00838595163077116
        ],
        [
            0.0819622278213501,
            0.03514512628316879,
            -0.01242294255644083
        ],
        [
            0.0903240293264389,
            0.0828101709485054,
            -0.013768286444246769
        ],
        [
            0.09515929222106934,
            0.07929821312427521,
            -0.02136373333632946
        ],
        [
            0.08190590143203735,
            0.022427581250667572,
            -0.013766489923000336
        ],
        [
            0.08993268013000488,
            0.01879104971885681,
            -0.018082376569509506
        ],
        [
            0.08473856747150421,
            0.010656990110874176,
            -0.01654820516705513
        ],
        [
            0.12908238172531128,
            0.07115373015403748,
            -0.03179774060845375
        ],
        [
            0.10464350879192352,
            0.029421638697385788,
            -0.0226826760917902
        ],
        [
            0.09725987911224365,
            0.01722627878189087,
            -0.019822396337985992
        ],
        [
            0.09139762818813324,
            0.007421724498271942,
            -0.018067052587866783
        ],
        [
            0.0864650160074234,
            0.0006830766797065735,
            -0.017294634133577347
        ],
        [
            0.07969298213720322,
            0.004926495254039764,
            -0.015576865524053574
        ],
        [
            0.17799977958202362,
            0.08691991865634918,
            -0.026588957756757736
        ],
        [
            0.1763952523469925,
            0.09427966177463531,
            -0.02493753284215927
        ],
        [
            0.0733293667435646,
            -0.00164882093667984,
            -0.016003090888261795
        ],
        [
            0.08138002455234528,
            -0.006136834621429443,
            -0.017260726541280746
        ],
        [
            0.10604313015937805,
            0.014539666473865509,
            -0.020685872063040733
        ],
        [
            0.11696447432041168,
            0.011035755276679993,
            -0.01998237892985344
        ],
        [
            0.11284727603197098,
            0.026517778635025024,
            -0.023182224482297897
        ],
        [
            0.12410427629947662,
            0.02413182333111763,
            -0.023105541244149208
        ],
        [
            0.13576219975948334,
            0.06406214833259583,
            -0.035835228860378265
        ],
        [
            0.18485547602176666,
            0.11016634851694107,
            -0.020275581628084183
        ],
        [
            0.17716822028160095,
            0.10165480524301529,
            -0.020862624049186707
        ],
        [
            0.17591115832328796,
            0.10153807699680328,
            -0.015196549706161022
        ],
        [
            0.18269427120685577,
            0.11077302694320679,
            -0.01662006415426731
        ],
        [
            0.1723804473876953,
            0.09629164636135101,
            -0.019859328866004944
        ],
        [
            0.18060675263404846,
            0.0987628847360611,
            -0.024545961990952492
        ],
        [
            0.13700039684772491,
            0.01973038539290428,
            -0.018543066456913948
        ],
        [
            0.15354293584823608,
            0.07540018111467361,
            -0.013872126117348671
        ],
        [
            0.13177675008773804,
            0.005047563463449478,
            -0.011378026567399502
        ],
        [
            0.15172836184501648,
            0.020795699208974838,
            -0.01353294588625431
        ],
        [
            0.14900639653205872,
            0.010950371623039246,
            -0.005986245349049568
        ],
        [
            0.128291517496109,
            -0.009426429867744446,
            -0.002033129334449768
        ],
        [
            0.14340773224830627,
            -0.001248382031917572,
            0.0020737722516059875
        ],
        [
            0.11233596503734589,
            -0.01994573324918747,
            -0.0036318451166152954
        ],
        [
            0.11924782395362854,
            -0.013968892395496368,
            -0.003857133910059929
        ],
        [
            0.1555652767419815,
            0.010341886430978775,
            0.0051711201667785645
        ],
        [
