{
    "pred_cam": [
        8.724689483642578,
        -0.15157632529735565,
        0.011236809194087982
    ],
    "pred_mano_params": {
        "global_orient": [
            [
                [
                    -0.447055459022522,
                    -0.8800538778305054,
                    -0.1601455956697464
                ],
                [
                    0.26144713163375854,
                    0.04265985265374184,
                    -0.9642745852470398
                ],
                [
                    0.8554453253746033,
                    -0.4729538559913635,
                    0.2110162377357483
                ]
            ]
        ],
        "hand_pose": [
            [
                [
                    0.29740554094314575,
                    -0.953272819519043,
                    0.053113121539354324
                ],
                [
                    0.9470356106758118,
                    0.2874871492385864,
                    -0.1430899053812027
                ],
                [
                    0.12113435566425323,
                    0.09285573661327362,
                    0.988283634185791
                ]
            ],
            [
                [
                    0.8934816718101501,
                    -0.4489264488220215,
                    0.012468865141272545
                ],
                [
                    0.4423653185367584,
                    0.8749547600746155,
                    -0.19689354300498962
                ],
                [
                    0.07748102396726608,
                    0.18143659830093384,
                    0.9803455471992493
                ]
            ],
            [
                [
                    0.755286693572998,
                    -0.6539375185966492,
                    0.04367859661579132
                ],
                [
                    0.6526741981506348,
                    0.7565453052520752,
                    0.04068917781114578
                ],
                [
                    -0.059653013944625854,
                    -0.0022240998223423958,
                    0.9982167482376099
                ]
            ],
            [
                [
                    0.4420098662376404,
                    -0.8963672518730164,
                    -0.0339546762406826
                ],
                [
                    0.8966542482376099,
                    0.44045165181159973,
                    0.044871777296066284
                ],
                [
                    -0.02526620216667652,
                    -0.05027937516570091,
                    0.998415470123291
                ]
            ],
            [
                [
                    0.8898780345916748,
                    -0.40316927433013916,
                    -0.2134747952222824
                ],
                [
                    0.4445187449455261,
                    0.8715108036994934,
                    0.20705528557300568
                ],
                [
                    0.10256727784872055,
                    -0.27914753556251526,
                    0.9547545909881592
                ]
            ],
            [
                [
                    0.7301662564277649,
                    -0.6785305738449097,
                    -0.08033318817615509
                ],
                [
                    0.6816913485527039,
                    0.7314136624336243,
                    0.018192728981375694
                ],
                [
                    0.04641246423125267,
                    -0.06804615259170532,
                    0.9966019988059998
                ]
            ],
            [
                [
                    0.5508851408958435,
                    -0.8324425220489502,
                    0.05970821902155876
                ],
                [
                    0.752805769443512,
                    0.5265191793441772,
                    0.3950456976890564
                ],
                [
                    -0.3602903485298157,
                    -0.17267610132694244,
                    0.9167191386222839
                ]
            ],
            [
                [
                    0.9552646279335022,
                    -0.2863907516002655,
                    0.07382301241159439
                ],
                [
                    0.25639745593070984,
                    0.9263484477996826,
                    0.27593284845352173
                ],
                [
                    -0.14741043746471405,
                    -0.2446608543395996,
                    0.9583377838134766
                ]
            ],
            [
                [
                    0.9339768886566162,
                    -0.3382325768470764,
                    0.11526473611593246
                ],
                [
                    0.26441654562950134,
                    0.8711454272270203,
                    0.413750559091568
                ],
                [
                    -0.24035626649856567,
                    -0.3559555113315582,
                    0.9030640125274658
                ]
            ],
            [
                [
                    0.5177062749862671,
                    -0.8555249571800232,
                    -0.007559217978268862
                ],
                [
                    0.8546440005302429,
                    0.5167244076728821,
                    0.05078824982047081
                ],
                [
                    -0.039544589817523956,
                    -0.0327538400888443,
                    0.9986807703971863
                ]
            ],
            [
                [
                    0.9115075469017029,
                    -0.4104176461696625,
                    0.02667144127190113
                ],
                [
                    0.35823768377304077,
                    0.8241303563117981,
                    0.43871960043907166
                ],
                [
                    -0.20203901827335358,
                    -0.39034152030944824,
                    0.898228108882904
                ]
            ],
            [
                [
                    0.7650028467178345,
                    -0.6414949297904968,
                    -0.05705169215798378
                ],
                [
                    0.634088397026062,
                    0.7347335815429688,
                    0.2410362809896469
                ],
                [
                    -0.112705759704113,
                    -0.22056923806667328,
                    0.9688377380371094
                ]
            ],
            [
                [
                    0.947104811668396,
                    0.0704919621348381,
                    -0.31308695673942566
                ],
                [
                    -0.2882700264453888,
                    0.6156208515167236,
                    -0.7334244847297668
                ],
                [
                    0.1410423219203949,
                    0.7848833799362183,
                    0.603378176689148
                ]
            ],
            [
                [
                    0.8552305698394775,
                    -0.41878464818000793,
                    -0.3052871525287628
                ],
                [
                    0.5061637759208679,
                    0.8014454245567322,
                    0.318564772605896
                ],
                [
                    0.11126097291707993,
                    -0.42697158455848694,
                    0.8973942399024963
                ]
            ],
            [
                [
                    0.81343674659729,
                    0.1744779646396637,
                    -0.5548676252365112
                ],
                [
                    -0.31460466980934143,
                    0.9343441128730774,
                    -0.16740664839744568
                ],
                [
                    0.4892285466194153,
                    0.3107386529445648,
                    0.8149214386940002
                ]
            ]
        ],
        "betas": [
            -0.03586724400520325,
            -0.08371245861053467,
            -0.025550931692123413,
            -0.10221293568611145,
            0.03355017304420471,
            0.03384734317660332,
            0.08614426851272583,
            -0.05062016844749451,
            0.047169387340545654,
            0.005728095769882202
        ]
    },
    "pred_cam_t": [
        -0.15157632529735565,
        0.011236809194087982,
        4.477236747741699
    ],
    "focal_length": [
        5000.0,
        5000.0
    ],
    "pred_keypoints_3d": [
        [
            0.09590046107769012,
            0.006385502405464649,
            0.006238765083253384
        ],
        [
            0.11613930761814117,
            -0.02546030655503273,
            -0.0016100304201245308
        ],
        [
            0.13561369478702545,
            -0.04446475952863693,
            -0.015955902636051178
        ],
        [
            0.15624463558197021,
            -0.04767446592450142,
            -0.03326943516731262
        ],
        [
            0.17337597906589508,
            -0.0399651899933815,
            -0.0636734664440155
        ],
        [
            0.13660727441310883,
            -0.03682379797101021,
            -0.06240559369325638
        ],
        [
            0.16942957043647766,
            -0.04029259458184242,
            -0.05990597605705261
        ],
        [
            0.18679650127887726,
            -0.034786973148584366,
            -0.04711444303393364
        ],
        [
            0.19341330230236053,
            -0.024317586794495583,
            -0.02541472017765045
        ],
        [
            0.14014887809753418,
            -0.01519851479679346,
            -0.07491260021924973
        ],
        [
            0.17196647822856903,
            -0.015679094940423965,
            -0.07601878046989441
        ],
        [
            0.19154030084609985,
            -0.011439105495810509,
            -0.0639803558588028
        ],
        [
            0.20217621326446533,
            -0.0067128026857972145,
            -0.041220150887966156
        ],
        [
            0.1402703821659088,
            0.010579622350633144,
            -0.06765434890985489
        ],
        [
            0.16895705461502075,
            0.009139488451182842,
            -0.07151545584201813
        ],
        [
            0.19068121910095215,
            0.008344813250005245,
            -0.05942588299512863
        ],
        [
            0.20348428189754486,
            0.0045195166021585464,
            -0.03792786970734596
        ],
        [
            0.14243164658546448,
            0.02968335896730423,
            -0.05719945579767227
        ],
        [
            0.1635090410709381,
            0.031417928636074066,
            -0.05865735933184624
        ],
        [
            0.181280255317688,
            0.02968619018793106,
            -0.05211465805768967
        ],
        [
            0.19509483873844147,
            0.02263270504772663,
            -0.03994189202785492
        ]
    ],
    "pred_vertices": [
        [
            0.1298694908618927,
            -0.02254384383559227,
            -0.02508455514907837
        ],
        [
            0.1264800727367401,
            -0.018708521500229836,
            -0.015455275774002075
        ],
        [
            0.1320759356021881,
            -0.025837674736976624,
            -0.019227106124162674
        ],
        [
            0.13388198614120483,
            -0.030314529314637184,
            -0.027533993124961853
        ],
        [
            0.13446880877017975,
            -0.023296525701880455,
            0.0013841316103935242
        ],
        [
            0.13110534846782684,
            -0.03160889446735382,
            0.010159730911254883
        ],
        [
            0.14120012521743774,
            -0.04018165171146393,
            -0.0011861026287078857
        ],
        [
            0.1428266167640686,
            -0.030801672488451004,
            -0.005980230867862701
        ],
        [
            0.13543778657913208,
            -0.03646479547023773,
            -0.030829597264528275
        ],
        [
            0.1366327852010727,
            -0.031337738037109375,
            -0.02222093567252159
        ],
        [
            0.13230390846729279,
            -0.0388321690261364,
            -0.032226093113422394
        ],
        [
            0.1270272582769394,
            -0.04438543692231178,
            -0.042694613337516785
        ],
        [
            0.13296449184417725,
            -0.04077998548746109,
            -0.039652019739151
        ],
        [
            0.12687498331069946,
            -0.045881666243076324,
            -0.050731975585222244
        ],
        [
            0.11610901355743408,
            -0.04405251145362854,
            -0.04112577438354492
        ],
        [
            0.11961871385574341,
            -0.043228745460510254,
            -0.056554779410362244
        ],
        [
            0.10466110706329346,
            -0.018990278244018555,
            -0.046104662120342255
        ],
        [
            0.10463996976613998,
            -0.0053851548582315445,
            -0.04615031182765961
        ],
        [
            0.11306345462799072,
            -0.007798213977366686,
            -0.062019288539886475
        ],
        [
            0.11323759704828262,
            -0.021531425416469574,
            -0.06010633707046509
        ],
        [
            0.11435171961784363,
            0.011947966180741787,
            -0.054392553865909576
        ],
        [
            0.11407162249088287,
            0.0010121427476406097,
            -0.059334952384233475
        ],
        [
            0.10453563928604126,
            0.0035139136016368866,
            -0.04435550421476364
        ],
        [
            0.105501189827919,
            0.013083131052553654,
            -0.040634579956531525
        ],
        [
            0.12630847096443176,
            -0.0075699519366025925,
            -0.021720055490732193
        ],
        [
            0.12240783870220184,
            -0.004176024347543716,
            -0.011940877884626389
        ],
        [
            0.12238331884145737,
            -0.009714965708553791,
            -0.013133853673934937
        ],
        [
            0.12657268345355988,
            -0.01303411927074194,
            -0.02230990305542946
        ],
        [
            0.1338479369878769,
            -0.04564669728279114,
            -0.029201891273260117
        ],
        [
            0.12154678255319595,
            -0.04752802103757858,
            -0.026471134275197983
        ],
        [
            0.1256023347377777,
            -0.04361250251531601,
            -0.031724341213703156
        ],
        [
            0.13708113133907318,
            -0.04119830206036568,
            -0.029365554451942444
        ],
        [
            0.11894964426755905,
            0.010859587229788303,
            0.012480847537517548
        ],
        [
            0.1079409122467041,
            0.011921084485948086,
            0.02026812732219696
        ],
        [
            0.10685893893241882,
            0.006123369559645653,
            0.02065366506576538
        ],
        [
            0.11676202714443207,
            0.006441215053200722,
            0.013173632323741913
        ],
        [
            0.113829106092453,
            -0.01637824811041355,
            0.02062983065843582
        ],
        [
            0.10367869585752487,
            -0.01168527640402317,
            0.02326752245426178
        ],
        [
            0.09237942844629288,
            -0.01933663710951805,
            0.024769306182861328
        ],
        [
            0.09998577833175659,
            -0.025658460333943367,
            0.02004271000623703
        ],
        [
            0.12363705039024353,
            -0.02397150546312332,
            0.01601911336183548
        ],
        [
            0.11259275674819946,
            -0.032719746232032776,
            0.01763177663087845
        ],
        [
            0.12344346940517426,
            -0.040405940264463425,
            0.011135950684547424
        ],
        [
            0.13641145825386047,
            -0.048331521451473236,
            -0.001184031367301941
        ],
        [
            0.10763517767190933,
            0.02457554079592228,
            0.018034711480140686
        ],
        [
            0.11607936024665833,
            0.025645414367318153,
            0.012344293296337128
        ],
        [
            0.1690431386232376,
            -0.04128972068428993,
            -0.04767152667045593
        ],
        [
            0.16952498257160187,
            -0.03537072241306305,
            -0.04849271476268768
        ],
        [
            0.1651439070701599,
            -0.035859718918800354,
            -0.04899360239505768
        ],
        [
            0.1653442531824112,
            -0.04169294610619545,
            -0.04861830919981003
        ],
        [
            0.10010798275470734,
            0.03566679731011391,
            0.002827674150466919
        ],
        [
            0.09187789261341095,
            0.034775033593177795,
            -0.002931937575340271
        ],
        [
            0.08961125463247299,
            0.03675181418657303,
            0.003735162317752838
        ],
        [
            0.09684845805168152,
            0.03577648103237152,
            0.00968007743358612
        ],
        [
            0.1044311374425888,
            0.03543713688850403,
            -0.00621902197599411
        ],
        [
            0.09547464549541473,
            0.031549569219350815,
            -0.01184738427400589
        ],
        [
            0.1753143072128296,
            -0.04743457958102226,
            -0.05709148198366165
        ],
        [
            0.17312078177928925,
            -0.04780145734548569,
            -0.052356455475091934
        ],
        [
            0.1687198281288147,
            -0.04875636473298073,
            -0.05549183860421181
        ],
        [
            0.17017388343811035,
            -0.04776333272457123,
            -0.06059522181749344
        ],
        [
            0.1353532373905182,
            -0.03456501290202141,
            -0.03605356439948082
        ],
        [
            0.13441801071166992,
            -0.025802532210946083,
            -0.03330168128013611
        ],
        [
            0.1397709846496582,
            -0.03494971618056297,
            -0.05074483901262283
        ],
        [
            0.13827241957187653,
            -0.0313897430896759,
            -0.045282140374183655
        ],
        [
            0.13592563569545746,
            -0.03780326247215271,
            -0.044372741132974625
        ],
        [
            0.13726139068603516,
            -0.04036632552742958,
            -0.04926180839538574
        ],
        [
            0.13625238835811615,
            -0.00819007121026516,
            -0.04224717244505882
        ],
        [
            0.13083398342132568,
            -0.006390988826751709,
            -0.03209298476576805
        ],
        [
            0.1313026398420334,
            -0.012860145419836044,
            -0.03340904042124748
        ],
        [
            0.13779230415821075,
            -0.016511669382452965,
            -0.043933212757110596
        ],
        [
            0.13331453502178192,
            0.007390732876956463,
            -0.0298047736287117
        ],
        [
            0.13799327611923218,
            0.004522416740655899,
            -0.040228668600320816
        ],
        [
            0.13874110579490662,
            0.012676614336669445,
            -0.0376596674323082
        ],
        [
            0.1362399011850357,
            0.013190739788115025,
            -0.030212707817554474
        ],
        [
            0.14447128772735596,
            -0.003358032088726759,
            -0.05790720134973526
        ],
        [
            0.146293044090271,
            -0.004505855496972799,
            -0.06311014294624329
        ],
        [
            0.148544043302536,
            -0.0019780092407017946,
            -0.06238558143377304
        ],
        [
            0.14473594725131989,
            -9.282911196351051e-05,
            -0.056848347187042236
        ],
        [
            0.08633845299482346,
            0.038317736238241196,
            0.009861759841442108
        ],
        [
            0.09327443689107895,
            0.035072993487119675,
            0.01602838933467865
        ],
        [
            0.11911825835704803,
            0.03170379623770714,
            -0.045727379620075226
        ],
        [
            0.12346801161766052,
            0.0372251495718956,
            -0.036953724920749664
        ],
        [
            0.1310780942440033,
            0.038105037063360214,
            -0.047490160912275314
        ],
        [
            0.12401208281517029,
            0.032093919813632965,
            -0.05516441911458969
        ],
        [
            0.08564089238643646,
            0.02815362438559532,
            -0.007905252277851105
        ],
        [
            0.08262807875871658,
            0.032262761145830154,
            -0.0019158944487571716
        ],
        [
            0.1771010309457779,
            -0.04334859177470207,
            -0.061582375317811966
        ],
        [
            0.1719209849834442,
            -0.043279267847537994,
            -0.06448452174663544
        ],
        [
            0.11086373031139374,
            -0.043494872748851776,
            0.006909139454364777
        ],
        [
            0.12846964597702026,
            -0.05278804898262024,
            -0.004681076854467392
        ],
        [
            0.09793326258659363,
            -0.03363902494311333,
            0.012537680566310883
        ],
        [
            0.08892208337783813,
            -0.02613397128880024,
            0.014885030686855316
        ],
        [
            0.08187055587768555,
            -0.02161579579114914,
            0.019016839563846588
        ],
        [
            0.14036870002746582,
            -0.02620101161301136,
            -0.04918283224105835
        ],
        [
            0.13095657527446747,
            -0.017795410007238388,
            -0.030074037611484528
        ],
        [
            0.126686692237854,
            -0.002533135935664177,
            -0.021065257489681244
        ],
        [
            0.1358030140399933,
            0.026879865676164627,
            -0.01932419463992119
        ],
        [
            0.13141761720180511,
            0.027915306389331818,
            -0.00986887514591217
        ],
        [
            0.13270510733127594,
            0.017665259540081024,
            -0.01265726238489151
        ],
        [
            0.13575489819049835,
            0.018932335078716278,
            -0.02070831134915352
        ],
        [
            0.13180434703826904,
            0.0378095917403698,
            -0.031395696103572845
        ],
        [
            0.13753333687782288,
            0.03248607739806175,
            -0.02946476638317108
        ],
        [
            0.14096824824810028,
            0.03194541484117508,
            -0.037031374871730804
        ],
        [
            0.136799156665802,
            0.037558626383543015,
            -0.04037221893668175
        ],
        [
            0.1334349364042282,
            -0.05267691984772682,
            -0.02668190747499466
        ],
        [
            0.1191730797290802,
            -0.05135704204440117,
            -0.02067098766565323
        ],
        [
            0.10829800367355347,
            0.03272814303636551,
            0.00892302393913269
        ],
        [
            0.10385370254516602,
            0.03075404092669487,
            0.015059001743793488
        ],
        [
            0.09754826128482819,
            0.030660854652523994,
            0.020794644951820374
        ],
        [
            0.1210867315530777,
            0.002065340057015419,
            0.0010209232568740845
        ],
        [
            0.1154150664806366,
            0.003313269466161728,
            0.01382395625114441
        ],
        [
            0.11587868630886078,
            -0.0011514443904161453,
            0.013966389000415802
        ],
        [
            0.11988995969295502,
            -0.0009233858436346054,
            0.000327378511428833
        ],
        [
            0.12657280266284943,
            -0.014391055330634117,
            -0.004788070917129517
        ],
        [
            0.12570703029632568,
            -0.014191966503858566,
            0.008517473936080933
        ],
        [
            0.1341230869293213,
            -0.020905500277876854,
            -0.010554768145084381
        ],
        [
            0.1045854389667511,
            -0.001477101817727089,
            0.022676095366477966
        ],
        [
            0.10014573484659195,
            0.006853820756077766,
            0.028425760567188263
        ],
        [
            0.09758230298757553,
            -0.0016517695039510727,
            0.029058754444122314
        ],
        [
            0.10061502456665039,
            0.016527652740478516,
            0.026826322078704834
        ],
        [
            0.10000824928283691,
            0.025068985298275948,
            0.024320371448993683
        ],
        [
            0.07676731795072556,
            0.03595985844731331,
            0.0031053274869918823
        ],
        [
            0.09456539154052734,
            -0.009388888254761696,
            0.02802915871143341
        ],
        [
            0.14756008982658386,
            -0.036559589207172394,
            -0.011587247252464294
        ],
        [
            0.1520283967256546,
            -0.04039759933948517,
            -0.01712673529982567
        ],
        [
            0.1482876092195511,
            -0.03573135286569595,
            -0.021760012954473495
        ],
        [
            0.14397144317626953,
            -0.03214988857507706,
            -0.017667651176452637
        ],
        [
            0.13108788430690765,
            -0.04665549099445343,
            -0.057363662868738174
        ],
        [
            0.13507527112960815,
            -0.04473123699426651,
            -0.05175716057419777
        ],
        [
            0.13187210261821747,
            -0.043785691261291504,
            -0.04559705778956413
        ],
        [
            0.12524323165416718,
            0.014469856396317482,
            0.0033577606081962585
        ],
        [
            0.12268725037574768,
            0.026877928525209427,
            0.0037945732474327087
        ],
        [
            0.14178499579429626,
            -0.029955409467220306,
            -0.0542156845331192
        ],
        [
            0.1643957793712616,
            -0.047540049999952316,
            -0.06298371404409409
        ],
        [
            0.16281765699386597,
            -0.04894636571407318,
            -0.057336919009685516
        ],
        [
            0.14217326045036316,
            -0.04752090200781822,
            -0.05797671154141426
        ],
        [
            0.14386172592639923,
            -0.046405840665102005,
            -0.06493652611970901
        ],
        [
            0.1447342038154602,
            -0.02702188491821289,
            -0.061089321970939636
        ],
        [
            0.14265206456184387,
            -0.02920929715037346,
            -0.05459809675812721
        ],
        [
            0.14396022260189056,
            -0.02888317219913006,
            -0.05484023317694664
        ],
        [
            0.1477247178554535,
            -0.02592187561094761,
            -0.05961485579609871
        ],
        [
            0.14778012037277222,
            0.006194274872541428,
            -0.05815839394927025
        ],
        [
            0.14467653632164001,
            0.007713184226304293,
            -0.05335439741611481
        ],
        [
            0.12579308450222015,
            -0.023384619504213333,
            -0.07105288654565811
        ],
        [
            0.12175136804580688,
            -0.03700093552470207,
            -0.07040724903345108
        ],
        [
            0.11309295892715454,
            -0.034287650138139725,
            -0.058924295008182526
        ],
        [
            0.13651886582374573,
            -0.0008982932195067406,
            -0.04062934219837189
        ],
        [
            0.14141076803207397,
            -0.00174761563539505,
            -0.04969940334558487
        ],
        [
            0.1416727900505066,
            0.002291808370500803,
            -0.04910547286272049
        ],
        [
            0.14200656116008759,
            -0.023646162822842598,
            -0.0527152419090271
        ],
        [
            0.14354568719863892,
            -0.025700166821479797,
            -0.05813410133123398
        ],
        [
            0.14344841241836548,
            -0.02167411521077156,
            -0.057467326521873474
        ],
        [
            0.1416236162185669,
            -0.018595077097415924,
            -0.051617227494716644
        ],
        [
            0.1157059520483017,
            0.0374087318778038,
            -0.026229377835989
        ],
        [
            0.12560755014419556,
            0.03842037171125412,
            -0.020071174949407578
        ],
        [
            0.17058826982975006,
            -0.045628830790519714,
            -0.04906215891242027
        ],
        [
            0.16660185158252716,
            -0.0464504137635231,
            -0.051085278391838074
        ],
        [
            0.13123278319835663,
            0.0007063355296850204,
            -0.030675146728754044
        ],
        [
            0.10695575922727585,
            -0.03040229342877865,
            -0.044606149196624756
        ],
        [
            0.12742289900779724,
            0.002852370962500572,
            -0.020150374621152878
        ],
        [
            0.13285960257053375,
            0.0177801214158535,
            -0.06515347957611084
        ],
        [
            0.14075498282909393,
            0.019861871376633644,
            -0.061178188771009445
        ],
        [
            0.1444719135761261,
            0.01776311919093132,
            -0.06331032514572144
        ],
        [
            0.1408984363079071,
            0.016415458172559738,
            -0.06810099631547928
        ],
        [
            0.16323980689048767,
            -0.02797350473701954,
            -0.058670736849308014
        ],
        [
            0.16228270530700684,
            -0.029826059937477112,
            -0.05308133363723755
        ],
        [
            0.1663537323474884,
            -0.030691105872392654,
            -0.052318453788757324
        ],
        [
            0.16821326315402985,
            -0.028821149840950966,
            -0.05762367695569992
        ],
        [
            0.14051605761051178,
            -0.03350945562124252,
            -0.05107155814766884
        ],
        [
            0.13903804123401642,
            -0.039576251059770584,
            -0.050301264971494675
        ],
        [
            0.1421842724084854,
            -0.038676466792821884,
            -0.04940296337008476
        ],
        [
            0.1435234099626541,
            -0.03296801447868347,
            -0.0514715351164341
        ],
        [
            0.13711820542812347,
            -0.04436418041586876,
            -0.052677951753139496
        ],
        [
            0.14133670926094055,
            -0.044473666697740555,
            -0.052260734140872955
        ],
        [
            0.164723739027977,
            -0.03016183152794838,
            -0.06467948853969574
        ],
        [
            0.1659315675497055,
            -0.03663550689816475,
            -0.06834911555051804
        ],
        [
            0.14753782749176025,
            -0.03383396193385124,
            -0.07107647508382797
        ],
        [
            0.15038087964057922,
            -0.028082698583602905,
            -0.06635797768831253
        ],
        [
            0.0959116518497467,
            0.014473175629973412,
            -0.02868807315826416
        ],
        [
            0.09909132122993469,
            0.02477414533495903,
            -0.02567841112613678
        ],
        [
            0.10859482735395432,
            0.023765789344906807,
            -0.037616241723299026
        ],
        [
            0.1171998381614685,
            0.023581093177199364,
            -0.05028626322746277
        ],
        [
            0.12594150006771088,
            0.0220134686678648,
            -0.06148383766412735
        ],
        [
            0.12134814262390137,
            0.011644696816802025,
            -0.0666227638721466
        ],
        [
            0.1104852706193924,
            0.0308830663561821,
            -0.033830925822257996
        ],
        [
            0.13913264870643616,
            -0.024052249267697334,
            -0.06734275072813034
        ],
        [
            0.13544748723506927,
            -0.030438436195254326,
            -0.07148206979036331
        ],
        [
            0.1336226463317871,
            -0.02412191405892372,
            -0.07069133967161179
        ],
        [
            0.1301840841770172,
            0.009671781212091446,
            -0.018855556845664978
        ],
        [
            0.16125154495239258,
            -0.046928104013204575,
            -0.05237014219164848
        ],
        [
            0.07532203942537308,
            -0.012806359678506851,
            -0.0003607049584388733
        ],
        [
            0.0736956000328064,
            -0.00017217732965946198,
            -0.005009829998016357
        ],
        [
            0.07898309081792831,
            -0.004028676077723503,
            -0.010868500918149948
        ],
        [
            0.08166532218456268,
            -0.018334798514842987,
            -0.00512329488992691
        ],
        [
            0.16100718080997467,
            -0.035306286066770554,
            -0.049077022820711136
        ],
        [
            0.1603994220495224,
            -0.04177207127213478,
            -0.04849725589156151
        ],
        [
            0.14657661318778992,
            0.01399414986371994,
            -0.052930381149053574
        ],
        [
            0.148775115609169,
            0.011928653344511986,
            -0.05757538974285126
        ],
        [
            0.14875923097133636,
            0.015503454953432083,
            -0.059060633182525635
        ],
        [
            0.14908593893051147,
            0.018764667212963104,
            -0.05437484756112099
        ],
        [
            0.10051412880420685,
            0.029704328626394272,
            -0.022544298321008682
        ],
        [
            0.138517364859581,
            0.037997469305992126,
            -0.051413968205451965
        ],
        [
            0.13180677592754364,
            0.03251056745648384,
            -0.05916358530521393
        ],
        [
            0.090721994638443,
            0.02524184063076973,
            -0.015475105494260788
        ],
        [
            0.08732573688030243,
            0.016499388962984085,
            -0.018353763967752457
        ],
        [
            0.08128028362989426,
            0.01853763498365879,
            -0.01090935617685318
        ],
        [
            0.12615305185317993,
            -0.0021682223305106163,
            -0.07167952507734299
        ],
        [
            0.09544679522514343,
            0.0064210351556539536,
            -0.0320146307349205
        ],
        [
            0.0868876501917839,
            0.009108467027544975,
            -0.02043435350060463
        ],
        [
            0.07963421195745468,
            0.011202974244952202,
            -0.011645428836345673
        ],
        [
            0.074119932949543,
            0.013502031564712524,
            -0.005760267376899719
        ],
        [
            0.07658032327890396,
            0.02127554826438427,
            -0.005480527877807617
        ],
        [
            0.16584312915802002,
            -0.042515482753515244,
            -0.06675368547439575
        ],
        [
            0.17259985208511353,
            -0.036645516753196716,
            -0.06618110090494156
        ],
        [
            0.07001513242721558,
            0.024996552616357803,
            -0.00032030045986175537
        ],
        [
            0.06802211701869965,
            0.015929847955703735,
            -0.0003956109285354614
        ],
        [
            0.08656206727027893,
            -3.139860928058624e-05,
            -0.021523751318454742
        ],
        [
            0.08729913830757141,
            -0.011557532474398613,
            -0.021423496305942535
        ],
        [
            0.09507232904434204,
            -0.0023017190396785736,
            -0.032533466815948486
        ],
        [
            0.09624692797660828,
            -0.013806061819195747,
            -0.03366869315505028
        ],
        [
            0.11976839601993561,
            -0.011117123998701572,
            -0.0741797685623169
        ],
        [
            0.18661299347877502,
            -0.031004702672362328,
            -0.05574679747223854
        ],
        [
            0.17700523138046265,
            -0.03145807236433029,
            -0.0613894946873188
        ],
        [
            0.1737399697303772,
            -0.029128018766641617,
            -0.05706598237156868
        ],
        [
            0.18402384221553802,
            -0.02806493267416954,
            -0.0538116917014122
        ],
        [
            0.17048268020153046,
            -0.030722789466381073,
            -0.06283951550722122
        ],
        [
            0.17791976034641266,
            -0.03672241047024727,
            -0.06335274875164032
        ],
        [
            0.09953918308019638,
            -0.028074175119400024,
            -0.030448034405708313
        ],
        [
            0.1445462852716446,
            -0.022795798256993294,
            -0.06192310154438019
        ],
        [
            0.09250946342945099,
            -0.027913134545087814,
            -0.014459412544965744
        ],
        [
            0.10795919597148895,
            -0.04287205636501312,
            -0.03016876056790352
        ],
        [
            0.10520683974027634,
            -0.04312441498041153,
            -0.017113734036684036
        ],
        [
            0.08719771355390549,
            -0.02910079061985016,
            0.0025405585765838623
        ],
        [
            0.0997992604970932,
            -0.04107550531625748,
            -0.001863531768321991
        ],
        [
            0.07474721223115921,
            -0.017881685867905617,
            0.011159166693687439
        ],
        [
            0.0805271565914154,
            -0.022214902564883232,
            0.005788445472717285
