{
    "pred_cam": [
        10.453104972839355,
        -0.15729734301567078,
        0.006558183580636978
    ],
    "pred_mano_params": {
        "global_orient": [
            [
                [
                    -0.5094627737998962,
                    -0.8553667664527893,
                    -0.09378357231616974
                ],
                [
                    0.19786472618579865,
                    -0.010382050648331642,
                    -0.9801744222640991
                ],
                [
                    0.8374349474906921,
                    -0.5179188251495361,
                    0.17453618347644806
                ]
            ]
        ],
        "hand_pose": [
            [
                [
                    0.4087659418582916,
                    -0.9091281890869141,
                    -0.07997718453407288
                ],
                [
                    0.8935840129852295,
                    0.4165053963661194,
                    -0.1674240678548813
                ],
                [
                    0.18552087247371674,
                    -0.0030290817376226187,
                    0.9826356172561646
                ]
            ],
            [
                [
                    0.9545641541481018,
                    -0.297270268201828,
                    0.02091897837817669
                ],
                [
                    0.294506698846817,
                    0.9303051233291626,
                    -0.21862810850143433
                ],
                [
                    0.04553060978651047,
                    0.2148553431034088,
                    0.9755840301513672
                ]
            ],
            [
                [
                    0.7982926368713379,
                    -0.6018660068511963,
                    0.022049875929951668
                ],
                [
                    0.5997763276100159,
                    0.7977826595306396,
                    0.06173445284366608
                ],
                [
                    -0.054746877402067184,
                    -0.036057163029909134,
                    0.9978489875793457
                ]
            ],
            [
                [
                    0.45830434560775757,
                    -0.8872696757316589,
                    -0.0520523339509964
                ],
                [
                    0.8883754014968872,
                    0.4555017352104187,
                    0.05750970169901848
                ],
                [
                    -0.027316700667142868,
                    -0.07259897142648697,
                    0.996986985206604
                ]
            ],
            [
                [
                    0.966953456401825,
                    -0.21245601773262024,
                    -0.14093780517578125
                ],
                [
                    0.23861293494701385,
                    0.9488520622253418,
                    0.206745445728302
                ],
                [
                    0.08980480581521988,
                    -0.233542799949646,
                    0.9681905508041382
                ]
            ],
            [
                [
                    0.7677662968635559,
                    -0.6296202540397644,
                    -0.11879962682723999
                ],
                [
                    0.6354942917823792,
                    0.7719433307647705,
                    0.01582372933626175
                ],
                [
                    0.08174365758895874,
                    -0.08764541149139404,
                    0.9927921295166016
                ]
            ],
            [
                [
                    0.5486060380935669,
                    -0.8263810276985168,
                    0.12698771059513092
                ],
                [
                    0.7395979762077332,
                    0.5504982471466064,
                    0.38722923398017883
                ],
                [
                    -0.3899053633213043,
                    -0.11851642280817032,
                    0.9131963849067688
                ]
            ],
            [
                [
                    0.9646602272987366,
                    -0.2634078562259674,
                    0.006853995379060507
                ],
                [
                    0.25249162316322327,
                    0.9314958453178406,
                    0.2618463635444641
                ],
                [
                    -0.0753568559885025,
                    -0.250862181186676,
                    0.9650852680206299
                ]
            ],
            [
                [
                    0.9287424683570862,
                    -0.3574589192867279,
                    0.09828804433345795
                ],
                [
                    0.3103266656398773,
                    0.8946544528007507,
                    0.3213888704776764
                ],
                [
                    -0.2028171569108963,
                    -0.26798608899116516,
                    0.9418326020240784
                ]
            ],
            [
                [
                    0.5042934417724609,
                    -0.8625772595405579,
                    0.04060238599777222
                ],
                [
                    0.8603847026824951,
                    0.5059104561805725,
                    0.06158498302102089
                ],
                [
                    -0.07366298139095306,
                    0.003876770380884409,
                    0.9972755908966064
                ]
            ],
            [
                [
                    0.9721008539199829,
                    -0.231709823012352,
                    0.03647461533546448
                ],
                [
                    0.19869771599769592,
                    0.8960859775543213,
                    0.3969244360923767
                ],
                [
                    -0.12465568631887436,
                    -0.3786032199859619,
                    0.9171261787414551
                ]
            ],
            [
                [
                    0.7954514026641846,
                    -0.59950852394104,
                    -0.08858095109462738
                ],
                [
                    0.6040723919868469,
                    0.7726810574531555,
                    0.1950908750295639
                ],
                [
                    -0.04851381480693817,
                    -0.20869462192058563,
                    0.9767767786979675
                ]
            ],
            [
                [
                    0.9435266852378845,
                    0.0036433490458875895,
                    -0.3312765657901764
                ],
                [
                    -0.2664788067340851,
                    0.6024643182754517,
                    -0.752346932888031
                ],
                [
                    0.19684122502803802,
                    0.7981375455856323,
                    0.5694120526313782
                ]
            ],
            [
                [
                    0.8997861742973328,
                    -0.3806377053260803,
                    -0.2133069634437561
                ],
                [
                    0.43558910489082336,
                    0.8121007680892944,
                    0.38827115297317505
                ],
                [
                    0.02543613500893116,
                    -0.44227519631385803,
                    0.8965187072753906
                ]
            ],
            [
                [
                    0.8804711103439331,
                    0.26354318857192993,
                    -0.3941008448600769
                ],
                [
                    -0.3314741253852844,
                    0.9365165829658508,
                    -0.11428764462471008
                ],
                [
                    0.338962197303772,
                    0.2312612235546112,
                    0.9119335412979126
                ]
            ]
        ],
        "betas": [
            -0.005348265171051025,
            -0.1034838855266571,
            -0.06352663040161133,
            -0.11602261662483215,
            -0.007096409797668457,
            0.02476666122674942,
            0.0909491628408432,
            -0.009504035115242004,
            0.036614641547203064,
            -0.009712010622024536
        ]
    },
    "pred_cam_t": [
        -0.15729734301567078,
        0.006558183580636978,
        3.7369279861450195
    ],
    "focal_length": [
        5000.0,
        5000.0
    ],
    "pred_keypoints_3d": [
        [
            0.09578421711921692,
            0.0063696131110191345,
            0.006235410459339619
        ],
        [
            0.11881479620933533,
            -0.023446273058652878,
            -0.0014497330412268639
        ],
        [
            0.14158064126968384,
            -0.038573458790779114,
            -0.015499548055231571
        ],
        [
            0.16356796026229858,
            -0.04098958522081375,
            -0.031168799847364426
        ],
        [
            0.18400181829929352,
            -0.04010631889104843,
            -0.060878586024045944
        ],
        [
            0.14316301047801971,
            -0.03116423636674881,
            -0.061241548508405685
        ],
        [
            0.17621806263923645,
            -0.030484845861792564,
            -0.061853282153606415
        ],
        [
            0.19586063921451569,
            -0.025437457486987114,
            -0.05271980166435242
        ],
        [
            0.2084757685661316,
            -0.017152253538370132,
            -0.03275447338819504
        ],
        [
            0.14563138782978058,
            -0.009007841348648071,
            -0.07289043068885803
        ],
        [
            0.17739452421665192,
            -0.007111940532922745,
            -0.07273790240287781
        ],
        [
            0.19872447848320007,
            -0.0030883997678756714,
            -0.06412574648857117
        ],
        [
            0.2142079472541809,
            0.0018756955396384,
            -0.04423427954316139
        ],
        [
            0.14334161579608917,
            0.016375457867980003,
            -0.06491298973560333
        ],
        [
            0.17225585877895355,
            0.016281386837363243,
            -0.06683985888957977
        ],
        [
            0.19528649747371674,
            0.017521610483527184,
            -0.05753485858440399
        ],
        [
            0.21196913719177246,
            0.01672428473830223,
            -0.03833581134676933
        ],
        [
            0.1434033215045929,
            0.03519613668322563,
            -0.053852442651987076
        ],
        [
            0.1643780767917633,
            0.03791188448667526,
            -0.05488980934023857
        ],
        [
            0.182150200009346,
            0.03848077356815338,
            -0.04820287227630615
        ],
        [
            0.19659142196178436,
            0.034613389521837234,
            -0.036023154854774475
        ]
    ],
    "pred_vertices": [
        [
            0.13340266048908234,
            -0.018479017540812492,
            -0.023957692086696625
        ],
        [
            0.12913107872009277,
            -0.01505593117326498,
            -0.01429012045264244
        ],
        [
            0.13567090034484863,
            -0.02100181207060814,
            -0.017918720841407776
        ],
        [
            0.13824155926704407,
            -0.025479905307292938,
            -0.02639046311378479
        ],
        [
            0.1367618888616562,
            -0.019065529108047485,
            0.00281660258769989
        ],
        [
            0.13387499749660492,
            -0.02794358879327774,
            0.010875672101974487
        ],
        [
            0.1453995704650879,
            -0.03450588881969452,
            -0.0001529976725578308
        ],
        [
            0.1463889628648758,
            -0.02500004507601261,
            -0.00446455180644989
        ],
        [
            0.14077624678611755,
            -0.031015660613775253,
            -0.029890719801187515
        ],
        [
            0.14115990698337555,
            -0.025652650743722916,
            -0.02099350467324257
        ],
        [
            0.13845694065093994,
            -0.03348100930452347,
            -0.03182966262102127
        ],
        [
            0.133704274892807,
            -0.03954636678099632,
            -0.042462222278118134
        ],
        [
            0.13895541429519653,
            -0.03571988269686699,
            -0.038930974900722504
        ],
        [
            0.13385997712612152,
            -0.04099920019507408,
            -0.050511427223682404
        ],
        [
            0.12281717360019684,
            -0.04017746075987816,
            -0.04152583330869675
        ],
        [
            0.1266898661851883,
            -0.03864651173353195,
            -0.056531764566898346
        ],
        [
            0.10924965143203735,
            -0.01639275625348091,
            -0.04614972323179245
        ],
        [
            0.10810912400484085,
            -0.002897287718951702,
            -0.045797690749168396
        ],
        [
            0.1174582690000534,
            -0.004109448753297329,
            -0.061196133494377136
        ],
        [
            0.11861493438482285,
            -0.01776604726910591,
            -0.05961137264966965
        ],
        [
            0.11681383848190308,
            0.015309171751141548,
            -0.05299531668424606
        ],
        [
            0.11765077710151672,
            0.004610009025782347,
            -0.05823083594441414
        ],
        [
            0.10721324384212494,
            0.005853756796568632,
            -0.04375982657074928
        ],
        [
            0.10722033679485321,
            0.015291465446352959,
            -0.03972354903817177
        ],
        [
            0.12847022712230682,
            -0.004215063527226448,
            -0.020412307232618332
        ],
        [
            0.12377926707267761,
            -0.0014822790399193764,
            -0.010749973356723785
        ],
        [
            0.12420691549777985,
            -0.00688918586820364,
            -0.012045245617628098
        ],
        [
            0.12919624149799347,
            -0.009562738239765167,
            -0.021127406507730484
        ],
        [
            0.14069563150405884,
            -0.04019048437476158,
            -0.02889867126941681
        ],
        [
            0.1281638741493225,
            -0.04319838806986809,
            -0.02690984308719635
        ],
        [
            0.1321869045495987,
            -0.03884318098425865,
            -0.03186015039682388
        ],
        [
            0.14368052780628204,
            -0.03547779470682144,
            -0.028913386166095734
        ],
        [
            0.11793410778045654,
            0.012390073388814926,
            0.013792067766189575
        ],
        [
            0.1065254956483841,
            0.012351006269454956,
            0.021005690097808838
        ],
        [
            0.10587609559297562,
            0.006479386240243912,
            0.021167293190956116
        ],
        [
            0.11604595184326172,
            0.007780858315527439,
            0.014266140758991241
        ],
        [
            0.11458272486925125,
            -0.015262411907315254,
            0.020875945687294006
        ],
        [
            0.1040089800953865,
            -0.011599769815802574,
            0.023094959557056427
        ],
        [
            0.09345406293869019,
            -0.020121248438954353,
            0.023710139095783234
        ],
        [
            0.10188856720924377,
            -0.02560116909444332,
            0.019198603928089142
        ],
        [
            0.12527728080749512,
            -0.021619224920868874,
            0.01661832630634308
        ],
        [
            0.11521066725254059,
            -0.0313069112598896,
            0.017174065113067627
        ],
        [
            0.12711718678474426,
            -0.0373464897274971,
            0.010988488793373108
        ],
        [
            0.14130713045597076,
            -0.04286425560712814,
            -0.0006988272070884705
        ],
        [
            0.10534477233886719,
            0.024980317801237106,
            0.019156314432621002
        ],
        [
            0.11393190920352936,
            0.026874370872974396,
            0.013936236500740051
        ],
        [
            0.17849615216255188,
            -0.03291221335530281,
            -0.050476737320423126
        ],
        [
            0.17853772640228271,
            -0.02699577808380127,
            -0.050614140927791595
        ],
        [
            0.1736181676387787,
            -0.027948586270213127,
            -0.05055917426943779
        ],
        [
            0.17439664900302887,
            -0.03369682654738426,
            -0.05094968527555466
        ],
        [
            0.09779639542102814,
            0.03588312119245529,
            0.003905743360519409
        ],
        [
            0.09000028669834137,
            0.03456045687198639,
            -0.0022979378700256348
        ],
        [
            0.08724191039800644,
            0.03613033518195152,
            0.004278957843780518
        ],
        [
            0.09418812394142151,
            0.03551401197910309,
            0.010565154254436493
        ],
        [
            0.10258465260267258,
            0.036277152597904205,
            -0.004885166883468628
        ],
        [
            0.09429337084293365,
            0.03191870450973511,
            -0.01107698678970337
        ],
        [
            0.18298202753067017,
            -0.03748025745153427,
            -0.0615590438246727
        ],
        [
            0.18178947269916534,
            -0.03852985054254532,
            -0.056618355214595795
        ],
        [
            0.1769408881664276,
            -0.03953561186790466,
            -0.059017498046159744
        ],
        [
            0.17732644081115723,
            -0.03779023885726929,
            -0.06401199847459793
        ],
        [
            0.14046640694141388,
            -0.02966112270951271,
            -0.03497748449444771
        ],
        [
            0.1386251002550125,
            -0.02123321034014225,
            -0.0320267491042614
        ],
        [
            0.14602240920066833,
            -0.030121760442852974,
            -0.04915546253323555
        ],
        [
            0.14355996251106262,
            -0.026247525587677956,
            -0.043870601803064346
        ],
        [
            0.14177440106868744,
            -0.03287990391254425,
            -0.043268200010061264
        ],
        [
            0.14379896223545074,
            -0.0355868935585022,
            -0.048245564103126526
        ],
        [
            0.13950617611408234,
            -0.0034070564433932304,
            -0.04034801572561264
        ],
        [
            0.13342781364917755,
            -0.0023668073117733,
            -0.030474461615085602
        ],
        [
            0.13447780907154083,
            -0.008704748935997486,
            -0.03194471821188927
        ],
        [
            0.14178340137004852,
            -0.011503609828650951,
            -0.04219181463122368
        ],
        [
            0.13468746840953827,
            0.011445379815995693,
            -0.027673330157995224
        ],
        [
            0.1401381641626358,
            0.009293635375797749,
            -0.037882786244153976
        ],
        [
            0.1400928944349289,
            0.017384009435772896,
            -0.03507630154490471
        ],
        [
            0.13715039193630219,
            0.0174544807523489,
            -0.027768071740865707
        ],
        [
            0.1480645388364792,
            0.0025352579541504383,
            -0.055313967168331146
        ],
        [
            0.15025575459003448,
            0.0016031517880037427,
            -0.06033112853765488
        ],
        [
            0.1520206779241562,
            0.004390741232782602,
            -0.05929834023118019
        ],
        [
            0.14797668159008026,
            0.005830126814544201,
            -0.05415916442871094
        ],
        [
            0.08354207873344421,
            0.037221841514110565,
            0.010251693427562714
        ],
        [
            0.09035976231098175,
            0.034323789179325104,
            0.016674131155014038
        ],
        [
            0.11946545541286469,
            0.035028740763664246,
            -0.04360852763056755
        ],
        [
            0.12290531396865845,
            0.040597520768642426,
            -0.03450263664126396
        ],
        [
            0.1308726966381073,
            0.04245761036872864,
            -0.04477581009268761
        ],
        [
            0.12473370134830475,
            0.036107223480939865,
            -0.05283975601196289
        ],
        [
            0.08460348099470139,
            0.0276548583060503,
            -0.007759906351566315
        ],
        [
            0.08097017556428909,
            0.031314264982938766,
            -0.0018400102853775024
        ],
        [
            0.183698832988739,
            -0.03280533850193024,
            -0.06566961109638214
        ],
        [
            0.17788007855415344,
            -0.032752055674791336,
            -0.06734535098075867
        ],
        [
            0.11514323949813843,
            -0.041619643568992615,
            0.005834735929965973
        ],
        [
            0.1340961903333664,
            -0.04801122471690178,
            -0.004838518798351288
        ],
        [
            0.10098595917224884,
            -0.03355798125267029,
            0.011217355728149414
        ],
        [
            0.09117832779884338,
            -0.02692997269332409,
            0.013384275138378143
        ],
        [
            0.08355189114809036,
            -0.02306950092315674,
            0.017315782606601715
        ],
        [
            0.14541170001029968,
            -0.02090662717819214,
            -0.04737256094813347
        ],
        [
            0.13435223698616028,
            -0.013705170713365078,
            -0.02877790853381157
        ],
        [
            0.1284199357032776,
            0.0007876120507717133,
            -0.019596245139837265
        ],
        [
            0.1350497603416443,
            0.03066130355000496,
            -0.016570132225751877
        ],
        [
            0.13012556731700897,
            0.031039275228977203,
            -0.007339484989643097
        ],
        [
            0.13234944641590118,
            0.021041881293058395,
            -0.010344229638576508
        ],
        [
            0.13569578528404236,
            0.02280517667531967,
            -0.01817362755537033
        ],
        [
            0.1308472752571106,
            0.04164120554924011,
            -0.02853633090853691
        ],
        [
            0.13686102628707886,
            0.03672191873192787,
            -0.026470091193914413
        ],
        [
            0.14070788025856018,
            0.03679296374320984,
            -0.03397895768284798
        ],
        [
            0.13626381754875183,
            0.04216507077217102,
            -0.03739897534251213
        ],
        [
            0.1406097114086151,
            -0.04720553010702133,
            -0.026307053864002228
        ],
        [
            0.12582114338874817,
            -0.04728878289461136,
            -0.021308690309524536
        ],
        [
            0.10583911836147308,
            0.03341445326805115,
            0.010337330400943756
        ],
        [
            0.10125942528247833,
            0.03090994618833065,
            0.01616799831390381
        ],
        [
            0.09470785409212112,
            0.030124660581350327,
            0.0215291827917099
        ],
        [
            0.12127366662025452,
            0.004150189459323883,
            0.00228331983089447
        ],
        [
            0.11489178240299225,
            0.004515184089541435,
            0.014777131378650665
        ],
        [
            0.11565057188272476,
            8.974038064479828e-05,
            0.01485045999288559
        ],
        [
            0.12029686570167542,
            0.0010852692648768425,
            0.0014906451106071472
        ],
        [
            0.1281605213880539,
            -0.011083018034696579,
            -0.0033506453037261963
        ],
        [
            0.12666068971157074,
            -0.011569809168577194,
            0.009774692356586456
        ],
        [
            0.13676013052463531,
            -0.016103126108646393,
            -0.008856337517499924
        ],
        [
            0.10410548746585846,
            -0.0013505611568689346,
            0.022843219339847565
        ],
        [
            0.0987558662891388,
            0.00642898865044117,
            0.028553791344165802
        ],
        [
            0.09686218947172165,
            -0.002251286059617996,
            0.028795138001441956
        ],
        [
            0.09854133427143097,
            0.016131101176142693,
            0.027273453772068024
        ],
        [
            0.09740811586380005,
            0.0246569886803627,
            0.025015585124492645
        ],
        [
            0.07458266615867615,
            0.03435962647199631,
            0.002953566610813141
        ],
        [
            0.09457473456859589,
            -0.010142868384718895,
            0.027386292815208435
        ],
        [
            0.15221360325813293,
            -0.029917463660240173,
            -0.010174863040447235
        ],
        [
            0.1575557440519333,
            -0.03364688158035278,
            -0.015610754489898682
        ],
        [
            0.15396468341350555,
            -0.029290486127138138,
            -0.0206032432615757
        ],
        [
            0.1488266885280609,
            -0.025661488994956017,
            -0.016469020396471024
        ],
        [
            0.13837434351444244,
            -0.04134738817811012,
            -0.05742274224758148
        ],
        [
            0.14209026098251343,
            -0.03979336842894554,
            -0.051325295120477676
        ],
        [
            0.13835282623767853,
            -0.0388994924724102,
            -0.04499165341258049
        ],
        [
            0.12437272816896439,
            0.01676761731505394,
            0.005136050283908844
        ],
        [
            0.12083931267261505,
            0.028878727927803993,
            0.005792386829853058
        ],
        [
            0.14774438738822937,
            -0.02486627921462059,
            -0.05224774777889252
        ],
        [
            0.1715800017118454,
            -0.037856731563806534,
            -0.06582674384117126
        ],
        [
            0.17105434834957123,
            -0.04010733589529991,
            -0.06033613905310631
        ],
        [
            0.15066584944725037,
            -0.04136569797992706,
            -0.059302739799022675
        ],
        [
            0.1515498012304306,
            -0.03915615752339363,
            -0.06603088229894638
        ],
        [
            0.15046443045139313,
            -0.021054908633232117,
            -0.0593339279294014
        ],
        [
            0.14897039532661438,
            -0.02416423335671425,
            -0.05297381058335304
        ],
        [
            0.15031248331069946,
            -0.02351285144686699,
            -0.05352330952882767
        ],
        [
            0.1532600373029709,
            -0.019513754174113274,
            -0.05802847817540169
        ],
        [
            0.15047365427017212,
            0.012443828396499157,
            -0.055017270147800446
        ],
        [
            0.14712466299533844,
            0.01355794444680214,
            -0.050524868071079254
        ],
        [
            0.13152308762073517,
            -0.01823442056775093,
            -0.06989337503910065
        ],
        [
            0.12839196622371674,
            -0.03172336891293526,
            -0.06992974132299423
        ],
        [
            0.11956577003002167,
            -0.03030378185212612,
            -0.058835484087467194
        ],
        [
            0.1391124129295349,
            0.003804869018495083,
            -0.03851262480020523
        ],
        [
            0.14451128244400024,
            0.003640387672930956,
            -0.047307610511779785
        ],
        [
            0.1444254368543625,
            0.007667073514312506,
            -0.046587295830249786
        ],
        [
            0.14698544144630432,
            -0.018104497343301773,
            -0.05075763538479805
        ],
        [
            0.14901883900165558,
            -0.020089220255613327,
            -0.05593368038535118
        ],
        [
            0.14847584068775177,
            -0.015825895592570305,
            -0.05550259351730347
        ],
        [
            0.1461486518383026,
            -0.013041825965046883,
            -0.04971553385257721
        ],
        [
            0.11466152966022491,
            0.039775215089321136,
            -0.02416897565126419
        ],
        [
            0.12408319860696793,
            0.041359659284353256,
            -0.01749313995242119
        ],
        [
            0.17990221083164215,
            -0.036942340433597565,
            -0.052659772336483
        ],
        [
            0.17551133036613464,
            -0.03796425834298134,
            -0.05416051670908928
        ],
        [
            0.13319890201091766,
            0.004667325410991907,
            -0.028836607933044434
        ],
        [
            0.11249034106731415,
            -0.027491366490721703,
            -0.044940702617168427
        ],
        [
            0.12867183983325958,
            0.00616470817476511,
            -0.018494050949811935
        ],
        [
            0.13529342412948608,
            0.022826379165053368,
            -0.06264230608940125
        ],
        [
            0.14265908300876617,
            0.025407938286662102,
            -0.05827801674604416
        ],
        [
            0.1467803716659546,
            0.02363690547645092,
            -0.060205601155757904
        ],
        [
            0.14362703263759613,
            0.02207370474934578,
            -0.06517931073904037
        ],
        [
            0.1690923422574997,
            -0.01945493370294571,
            -0.05879349634051323
        ],
        [
            0.1690833866596222,
            -0.022103682160377502,
            -0.053493741899728775
        ],
        [
            0.17383946478366852,
            -0.02230958826839924,
            -0.05322692543268204
        ],
        [
            0.1745723932981491,
            -0.01971559226512909,
            -0.05839206650853157
        ],
        [
            0.14754191040992737,
            -0.02908281423151493,
            -0.04993358626961708
        ],
        [
            0.14649167656898499,
            -0.03521118685603142,
            -0.049700506031513214
        ],
        [
            0.15024344623088837,
            -0.03404849395155907,
            -0.049561478197574615
        ],
        [
            0.1506979763507843,
            -0.028038525953888893,
            -0.05083402618765831
        ],
        [
            0.14517419040203094,
            -0.039680153131484985,
            -0.052932437509298325
        ],
        [
            0.14994266629219055,
            -0.03931450843811035,
            -0.0532301589846611
        ],
        [
            0.169865220785141,
            -0.020756274461746216,
            -0.06514181941747665
        ],
        [
            0.1710226833820343,
            -0.02650764398276806,
            -0.06980747729539871
        ],
        [
            0.15302222967147827,
            -0.025781918317079544,
            -0.07063372433185577
        ],
        [
            0.15551310777664185,
            -0.02043629251420498,
            -0.06516893953084946
        ],
        [
            0.09696972370147705,
            0.015537691302597523,
            -0.028298761695623398
        ],
        [
            0.0991542786359787,
            0.025916688144207,
            -0.02483231946825981
        ],
        [
            0.10929174721240997,
            0.026039864867925644,
            -0.036238159984350204
        ],
        [
            0.11847519874572754,
            0.02695523202419281,
            -0.0484408363699913
        ],
        [
            0.12782235443592072,
            0.026416894048452377,
            -0.059253010898828506
        ],
        [
            0.12441449612379074,
            0.01591366156935692,
            -0.06484531611204147
        ],
        [
            0.11038606613874435,
            0.03313541039824486,
            -0.03218716010451317
        ],
        [
            0.14476053416728973,
            -0.01819625310599804,
            -0.06577116996049881
        ],
        [
            0.14112813770771027,
            -0.024102218449115753,
            -0.07035937160253525
        ],
        [
            0.1394246220588684,
            -0.018482547253370285,
            -0.0693458840250969
        ],
        [
            0.1307954490184784,
            0.01311350055038929,
            -0.01687140017747879
        ],
        [
            0.17001238465309143,
            -0.03896048665046692,
            -0.05510734021663666
        ],
        [
            0.07729876786470413,
            -0.014153458178043365,
            -0.0020348727703094482
        ],
        [
            0.0748886689543724,
            -0.0015191435813903809,
            -0.006329916417598724
        ],
        [
            0.08074258267879486,
            -0.0047453586012125015,
            -0.012000996619462967
        ],
        [
            0.08431773632764816,
            -0.019037973135709763,
            -0.0066534243524074554
        ],
        [
            0.16885074973106384,
            -0.02813003584742546,
            -0.0502336360514164
        ],
        [
            0.16915124654769897,
            -0.03453739732503891,
            -0.05050307884812355
        ],
        [
            0.1484968215227127,
            0.019959520548582077,
            -0.0498911589384079
        ],
        [
            0.1510809063911438,
            0.018193138763308525,
            -0.05434608459472656
        ],
        [
            0.15097352862358093,
            0.021680334582924843,
            -0.05575580894947052
        ],
        [
            0.15070247650146484,
            0.024929221719503403,
            -0.05115733668208122
        ],
        [
            0.0999969020485878,
            0.030820563435554504,
            -0.02150949090719223
        ],
        [
            0.13850650191307068,
            0.042939234524965286,
            -0.04860454425215721
        ],
        [
            0.13261225819587708,
            0.037143558263778687,
            -0.05658792704343796
        ],
        [
            0.09027157723903656,
            0.025403644889593124,
            -0.015111926943063736
        ],
        [
            0.08774205297231674,
            0.016550889238715172,
            -0.01841667667031288
        ],
        [
            0.08120255917310715,
            0.01785668544471264,
            -0.011257700622081757
        ],
        [
            0.13045679032802582,
            0.0027626461815088987,
            -0.06988812237977982
        ],
        [
            0.0973183661699295,
            0.007622314617037773,
            -0.03187336027622223
        ],
        [
            0.08800661563873291,
            0.009251229465007782,
            -0.020724918693304062
        ],
        [
            0.08019417524337769,
            0.010477831587195396,
            -0.012294769287109375
        ],
        [
            0.07423689216375351,
            0.01213015429675579,
            -0.006660036742687225
        ],
        [
            0.07603839784860611,
            0.020028408616781235,
            -0.006021656095981598
        ],
        [
            0.17179030179977417,
            -0.03233655169606209,
            -0.06897097826004028
        ],
        [
            0.17773641645908356,
            -0.02609897591173649,
            -0.0683656856417656
        ],
        [
            0.0689472034573555,
            0.02303905598819256,
            -0.0011209920048713684
        ],
        [
            0.06770330667495728,
            0.013880206272006035,
            -0.001567848026752472
        ],
        [
            0.08848139643669128,
            0.00018925033509731293,
            -0.02208179235458374
        ],
        [
            0.09015758335590363,
            -0.01124797947704792,
            -0.022330392152071
        ],
        [
            0.09766608476638794,
            -0.001030012033879757,
            -0.03266414627432823
        ],
        [
            0.0998283252120018,
            -0.012341181747615337,
            -0.03408342972397804
        ],
        [
            0.12491580843925476,
            -0.006480497308075428,
            -0.07302689552307129
        ],
        [
            0.1936711072921753,
            -0.02081586979329586,
            -0.060584694147109985
        ],
        [
            0.1829552948474884,
            -0.02123352140188217,
            -0.06399726867675781
        ],
        [
            0.18061666190624237,
            -0.019590768963098526,
            -0.05888110026717186
        ],
        [
            0.1915154606103897,
            -0.018314111977815628,
            -0.05776722729206085
        ],
        [
            0.17594793438911438,
            -0.02086195908486843,
            -0.06409876048564911
        ],
        [
            0.18369916081428528,
            -0.02615412510931492,
            -0.06676344573497772
        ],
        [
            0.10423426330089569,
            -0.02631000615656376,
            -0.031250081956386566
        ],
        [
            0.14990660548210144,
            -0.01685364916920662,
            -0.05996071174740791
        ],
        [
            0.09647674858570099,
            -0.027372416108846664,
            -0.0157993882894516
        ],
        [
            0.11411170661449432,
            -0.040043510496616364,
            -0.031122177839279175
        ],
        [
            0.1107630729675293,
            -0.04099290072917938,
            -0.018346522003412247
        ],
        [
            0.0904296413064003,
            -0.02965494431555271,
            0.0008337274193763733
        ],
        [
            0.10439087450504303,
            -0.04017483443021774,
            -0.0034356266260147095
        ],
        [
            0.07657168060541153,
            -0.01963057927787304,
            0.009250238537788391
        ],
        [
            0.08298049122095108,
            -0.023364506661891937,
            0.0040193721652030945
        ],
