{
    "pred_cam": [
        7.6261162757873535,
        -0.16334816813468933,
        -0.0055341944098472595
    ],
    "pred_mano_params": {
        "global_orient": [
            [
                [
                    -0.649444043636322,
                    -0.7540513873100281,
                    -0.0981270894408226
                ],
                [
                    0.14673736691474915,
                    0.002343247178941965,
                    -0.9891726970672607
                ],
                [
                    0.7461169958114624,
                    -0.6568112373352051,
                    0.10912570357322693
                ]
            ]
        ],
        "hand_pose": [
            [
                [
                    0.5382051467895508,
                    -0.8213291168212891,
                    -0.18908639252185822
                ],
                [
                    0.7998829483985901,
                    0.5684598684310913,
                    -0.19245952367782593
                ],
                [
                    0.2655606269836426,
                    -0.04766425862908363,
                    0.9629151821136475
                ]
            ],
            [
                [
                    0.9986317753791809,
                    -0.052116189152002335,
                    0.004300171975046396
                ],
                [
                    0.0521857813000679,
                    0.9879313111305237,
                    -0.14583685994148254
                ],
                [
                    0.0033521929290145636,
                    0.14586172997951508,
                    0.9892992973327637
                ]
            ],
            [
                [
                    0.9295118451118469,
                    -0.3687315583229065,
                    0.006689470261335373
                ],
                [
                    0.3680458664894104,
                    0.9263246059417725,
                    -0.08040428161621094
                ],
                [
                    0.023450976237654686,
                    0.07719876617193222,
                    0.9967398047447205
                ]
            ],
            [
                [
                    0.6942845582962036,
                    -0.71083664894104,
                    -0.11260607838630676
                ],
                [
                    0.7103832364082336,
                    0.7019510269165039,
                    -0.05119072645902634
                ],
                [
                    0.11543218791484833,
                    -0.04445252940058708,
                    0.99232017993927
                ]
            ],
            [
                [
                    0.9773613214492798,
                    -0.179014191031456,
                    -0.11277837306261063
                ],
                [
                    0.20133399963378906,
                    0.9507495760917664,
                    0.23566891252994537
                ],
                [
                    0.06503591686487198,
                    -0.25303974747657776,
                    0.9652674794197083
                ]
            ],
            [
                [
                    0.8489486575126648,
                    -0.5257959365844727,
                    -0.05314956232905388
                ],
                [
                    0.5271614193916321,
                    0.8496319055557251,
                    0.01505272462964058
                ],
                [
                    0.03724289685487747,
                    -0.040797390043735504,
                    0.9984731674194336
                ]
            ],
            [
                [
                    0.7101881504058838,
                    -0.694964587688446,
                    0.1125030368566513
                ],
                [
                    0.6614145040512085,
                    0.7133858799934387,
                    0.23154130578041077
                ],
                [
                    -0.24117107689380646,
                    -0.09002677351236343,
                    0.9662978649139404
                ]
            ],
            [
                [
                    0.9906087517738342,
                    -0.12654000520706177,
                    -0.051786910742521286
                ],
                [
                    0.13368363678455353,
                    0.9758647680282593,
                    0.17267490923404694
                ],
                [
                    0.028686746954917908,
                    -0.1779763549566269,
                    0.9836165308952332
                ]
            ],
            [
                [
                    0.9616062045097351,
                    -0.24203000962734222,
                    0.1293632984161377
                ],
                [
                    0.21333900094032288,
                    0.955786406993866,
                    0.2023826390504837
                ],
                [
                    -0.17262637615203857,
                    -0.16701418161392212,
                    0.9707245826721191
                ]
            ],
            [
                [
                    0.7176880240440369,
                    -0.6943717002868652,
                    -0.05264830216765404
                ],
                [
                    0.6926911473274231,
                    0.7196142077445984,
                    -0.04831421747803688
                ],
                [
                    0.07143449783325195,
                    -0.0017944814171642065,
                    0.9974436163902283
                ]
            ],
            [
                [
                    0.9850478768348694,
                    -0.17118552327156067,
                    0.01939910091459751
                ],
                [
                    0.15288656949996948,
                    0.9205000400543213,
                    0.3595905303955078
                ],
                [
                    -0.07941357791423798,
                    -0.35124799609184265,
                    0.9329085946083069
                ]
            ],
            [
                [
                    0.8465924859046936,
                    -0.5320199131965637,
                    -0.0153599102050066
                ],
                [
                    0.5260050892829895,
                    0.8319191932678223,
                    0.17671750485897064
                ],
                [
                    -0.08123902976512909,
                    -0.15768709778785706,
                    0.9841417074203491
                ]
            ],
            [
                [
                    0.8902464509010315,
                    0.276561439037323,
                    -0.36190488934516907
                ],
                [
                    -0.4332645833492279,
                    0.7592955827713013,
                    -0.48554307222366333
                ],
                [
                    0.14051032066345215,
                    0.5890535116195679,
                    0.7957844734191895
                ]
            ],
            [
                [
                    0.879777193069458,
                    -0.2824785113334656,
                    -0.38235849142074585
                ],
                [
                    0.41285496950149536,
                    0.852748453617096,
                    0.319954514503479
                ],
                [
                    0.23567532002925873,
                    -0.4393472969532013,
                    0.866851270198822
                ]
            ],
            [
                [
                    0.9202452898025513,
                    0.14425654709339142,
                    -0.3637837767601013
                ],
                [
                    -0.21619346737861633,
                    0.9622528553009033,
                    -0.16531729698181152
                ],
                [
                    0.3262038826942444,
                    0.23078015446662903,
                    0.9166959524154663
                ]
            ]
        ],
        "betas": [
            -0.04999899864196777,
            -0.019636482000350952,
            -0.11194123327732086,
            -0.05323520302772522,
            0.08435681462287903,
            0.025974120944738388,
            0.07962170243263245,
            0.003709465265274048,
            0.04504780471324921,
            0.015349239110946655
        ]
    },
    "pred_cam_t": [
        -0.16334816813468933,
        -0.0055341944098472595,
        5.122200965881348
    ],
    "focal_length": [
        5000.0,
        5000.0
    ],
    "pred_keypoints_3d": [
        [
            0.09602788835763931,
            0.006401683669537306,
            0.006219971925020218
        ],
        [
            0.12086315453052521,
            -0.022728629410266876,
            0.0011519892141222954
        ],
        [
            0.13780681788921356,
            -0.04295990988612175,
            -0.014837180264294147
        ],
        [
            0.15663452446460724,
            -0.045960456132888794,
            -0.03420811519026756
        ],
        [
            0.17648175358772278,
            -0.04246729239821434,
            -0.06386403739452362
        ],
        [
            0.15533824265003204,
            -0.027077730745077133,
            -0.054069049656391144
        ],
        [
            0.1883232295513153,
            -0.023561524227261543,
            -0.05471955984830856
        ],
        [
            0.2096889168024063,
            -0.018969323486089706,
            -0.050205692648887634
        ],
        [
            0.231401726603508,
            -0.011742200702428818,
            -0.03873704373836517
        ],
        [
            0.15913939476013184,
            -0.004200043622404337,
            -0.06402802467346191
        ],
        [
            0.19017931818962097,
            0.0016248691827058792,
            -0.06816000491380692
        ],
        [
            0.21230338513851166,
            0.007250574417412281,
            -0.06308838725090027
        ],
        [
            0.2332339882850647,
            0.01205505896359682,
            -0.04874362051486969
        ],
        [
            0.15484881401062012,
            0.02077365294098854,
            -0.05528900399804115
        ],
        [
            0.18311461806297302,
            0.02464325539767742,
            -0.060391880571842194
        ],
        [
            0.20699729025363922,
            0.029227230697870255,
            -0.05504640191793442
        ],
        [
            0.22843188047409058,
            0.029887326061725616,
            -0.04136473685503006
        ],
        [
            0.15259963274002075,
            0.03903697431087494,
            -0.04344369098544121
        ],
        [
            0.17289717495441437,
            0.04494856670498848,
            -0.0451463982462883
        ],
        [
            0.19107213616371155,
            0.04967786371707916,
            -0.04196618124842644
        ],
        [
            0.20937477052211761,
            0.05021228641271591,
            -0.03569088131189346
        ]
    ],
    "pred_vertices": [
        [
            0.13868717849254608,
            -0.01651224121451378,
            -0.018345918506383896
        ],
        [
            0.13330446183681488,
            -0.014132910408079624,
            -0.009360987693071365
        ],
        [
            0.13930760324001312,
            -0.021908052265644073,
            -0.013579703867435455
        ],
        [
            0.1433781534433365,
            -0.024220170453190804,
            -0.020828500390052795
        ],
        [
            0.13800865411758423,
            -0.024028286337852478,
            0.006335556507110596
        ],
        [
            0.13278302550315857,
            -0.03297995775938034,
            0.013207249343395233
        ],
        [
            0.14302052557468414,
            -0.041415952146053314,
            0.0008233487606048584
        ],
        [
            0.14638710021972656,
            -0.0322510302066803,
            -0.0025230422616004944
        ],
        [
            0.14513826370239258,
            -0.030719686299562454,
            -0.02504577487707138
        ],
        [
            0.14385220408439636,
            -0.028008900582790375,
            -0.01723713055253029
        ],
        [
            0.14057044684886932,
            -0.03370532765984535,
            -0.028244420886039734
        ],
        [
            0.14010579884052277,
            -0.03723810613155365,
            -0.03832729160785675
        ],
        [
            0.14594952762126923,
            -0.033582158386707306,
            -0.03353875130414963
        ],
        [
            0.14305242896080017,
            -0.03781287744641304,
            -0.045924872159957886
        ],
        [
            0.128754124045372,
            -0.0373433455824852,
            -0.03885028883814812
        ],
        [
            0.13676199316978455,
            -0.03482205793261528,
            -0.05250396579504013
        ],
        [
            0.11850489675998688,
            -0.013392955996096134,
            -0.04394875466823578
        ],
        [
            0.11719537526369095,
            -0.00010214745998382568,
            -0.04319245368242264
        ],
        [
            0.12897256016731262,
            -0.0005576820112764835,
            -0.05622142553329468
        ],
        [
            0.13009294867515564,
            -0.01414360199123621,
            -0.05533209070563316
        ],
        [
            0.12641623616218567,
            0.018379248678684235,
            -0.0473242849111557
        ],
        [
            0.12838394939899445,
            0.008007357828319073,
            -0.05293650180101395
        ],
        [
            0.11571680754423141,
            0.008503787219524384,
            -0.0409194752573967
        ],
        [
            0.11479215323925018,
            0.017741583287715912,
            -0.03645537048578262
        ],
        [
            0.13314196467399597,
            -0.002302004024386406,
            -0.014912344515323639
        ],
        [
            0.12702049314975739,
            0.00014319457113742828,
            -0.005813363939523697
        ],
        [
            0.12813158333301544,
            -0.005057795904576778,
            -0.007016673684120178
        ],
        [
            0.13413143157958984,
            -0.007515317294746637,
            -0.015653353184461594
        ],
        [
            0.13654373586177826,
            -0.041262269020080566,
            -0.02805524319410324
        ],
        [
            0.12775644659996033,
            -0.04269114136695862,
            -0.02536005526781082
        ],
        [
            0.1330898106098175,
            -0.0383133590221405,
            -0.029300395399332047
        ],
        [
            0.14062567055225372,
            -0.037393148988485336,
            -0.027479827404022217
        ],
        [
            0.11649701744318008,
            0.01239566970616579,
            0.01770397275686264
        ],
        [
            0.10408227145671844,
            0.011803974397480488,
            0.0229426771402359
        ],
        [
            0.1036769449710846,
            0.005928754806518555,
            0.02276863157749176
        ],
        [
            0.1149037629365921,
            0.007829422131180763,
            0.017734535038471222
        ],
        [
            0.11326198279857635,
            -0.01747731678187847,
            0.023014120757579803
        ],
        [
            0.10219354927539825,
            -0.012496208772063255,
            0.023587025701999664
        ],
        [
            0.09120634943246841,
            -0.021202897652983665,
            0.021877296268939972
        ],
        [
            0.09981513023376465,
            -0.026916518807411194,
            0.018317248672246933
        ],
        [
            0.12427681684494019,
            -0.02534964121878147,
            0.01950307935476303
        ],
        [
            0.11278281360864639,
            -0.03390181064605713,
            0.01784631982445717
        ],
        [
            0.12429999560117722,
            -0.04110944643616676,
            0.011853687465190887
        ],
        [
            0.13663330674171448,
            -0.048306167125701904,
            -0.0008058547973632812
        ],
        [
            0.10288684815168381,
            0.02454071119427681,
            0.021488294005393982
        ],
        [
            0.11213629692792892,
            0.026801414787769318,
            0.017862334847450256
        ],
        [
            0.19309790432453156,
            -0.02723645232617855,
            -0.04540565237402916
        ],
        [
            0.1929224580526352,
            -0.021410081535577774,
            -0.044839248061180115
        ],
        [
            0.1875426471233368,
            -0.022641979157924652,
            -0.04452912509441376
        ],
        [
            0.18864178657531738,
            -0.02826118655502796,
            -0.045674003660678864
        ],
        [
            0.0977075845003128,
            0.03609737381339073,
            0.005683481693267822
        ],
        [
            0.09105803817510605,
            0.03500356897711754,
            -0.0018511563539505005
        ],
        [
            0.08720681816339493,
            0.036220379173755646,
            0.00425904244184494
        ],
        [
            0.09305060654878616,
            0.035374730825424194,
            0.01161675900220871
        ],
        [
            0.10393102467060089,
            0.03694244474172592,
            -0.0021140053868293762
        ],
        [
            0.09684257209300995,
            0.032818667590618134,
            -0.009902797639369965
        ],
        [
            0.19587494432926178,
            -0.03022804856300354,
            -0.057520899921655655
        ],
        [
            0.19550496339797974,
            -0.03188473731279373,
            -0.05263221636414528
        ],
        [
            0.19053389132022858,
            -0.03295040503144264,
            -0.05453365668654442
        ],
        [
            0.19033464789390564,
            -0.030603360384702682,
            -0.059241633862257004
        ],
        [
            0.14760690927505493,
            -0.027315203100442886,
            -0.028719745576381683
        ],
        [
            0.14544223248958588,
            -0.018747545778751373,
            -0.025525089353322983
        ],
        [
            0.15682291984558105,
            -0.02718914858996868,
            -0.04151279106736183
        ],
        [
            0.15269207954406738,
            -0.023159315809607506,
            -0.036541543900966644
        ],
        [
            0.1509018838405609,
            -0.030062921345233917,
            -0.03662502020597458
        ],
        [
            0.1543789803981781,
            -0.032704465091228485,
            -0.04148057475686073
        ],
        [
            0.14751283824443817,
            -0.0004014456644654274,
            -0.032715775072574615
        ],
        [
            0.13973712921142578,
            3.779307007789612e-05,
            -0.023959148675203323
        ],
        [
            0.1411777138710022,
            -0.006192227825522423,
            -0.02551303431391716
        ],
        [
            0.1502859741449356,
            -0.008392758667469025,
            -0.03454902023077011
        ],
        [
            0.14021946489810944,
            0.013759661465883255,
            -0.020299121737480164
        ],
        [
            0.14750461280345917,
            0.012209787033498287,
            -0.029541630297899246
        ],
        [
            0.14693766832351685,
            0.020152084529399872,
            -0.02637936919927597
        ],
        [
            0.14260731637477875,
            0.01981094479560852,
            -0.019685573875904083
        ],
        [
            0.1587584912776947,
            0.0063607702031731606,
            -0.04580160975456238
        ],
        [
            0.1622609794139862,
            0.00573483994230628,
            -0.05121702700853348
        ],
        [
            0.16396723687648773,
            0.009000396355986595,
            -0.050659067928791046
        ],
        [
            0.15847547352313995,
            0.009774385020136833,
            -0.04487208276987076
        ],
        [
            0.08254360407590866,
            0.036978401243686676,
            0.009584710001945496
        ],
        [
            0.08830048143863678,
            0.03383452445268631,
            0.01694662868976593
        ],
        [
            0.12721236050128937,
            0.03749116510152817,
            -0.0366847962141037
        ],
        [
            0.1291525661945343,
            0.04280786216259003,
            -0.027066059410572052
        ],
        [
            0.13843883574008942,
            0.04533810913562775,
            -0.035437799990177155
        ],
        [
            0.13379129767417908,
            0.039075568318367004,
            -0.0441955029964447
        ],
        [
            0.08676254004240036,
            0.028301531448960304,
            -0.008538547903299332
        ],
        [
            0.08211378008127213,
            0.03163456544280052,
            -0.003111857920885086
        ],
        [
            0.19590990245342255,
            -0.025117171928286552,
            -0.0610966682434082
        ],
        [
            0.19028480350971222,
            -0.025185948237776756,
            -0.06196146458387375
        ],
        [
            0.11263111978769302,
            -0.04256998002529144,
            0.005688503384590149
        ],
        [
            0.12882006168365479,
            -0.05085429176688194,
            -0.005213368684053421
        ],
        [
            0.09979641437530518,
            -0.03365108370780945,
            0.009930111467838287
        ],
        [
            0.09042024612426758,
            -0.026901673525571823,
            0.01108989492058754
        ],
        [
            0.0823960080742836,
            -0.023546746000647545,
            0.0139218270778656
        ],
        [
            0.1551000326871872,
            -0.017648158594965935,
            -0.039362162351608276
        ],
        [
            0.14059625566005707,
            -0.011346193961799145,
            -0.0226210355758667
        ],
        [
            0.13279969990253448,
            0.002601159270852804,
            -0.013930454850196838
        ],
        [
            0.13833661377429962,
            0.032369956374168396,
            -0.008293330669403076
        ],
        [
            0.13176846504211426,
            0.032195162028074265,
            -2.2590160369873047e-05
        ],
        [
            0.13470444083213806,
            0.0224454365670681,
            -0.003141481429338455
        ],
        [
            0.13939282298088074,
            0.02464940771460533,
            -0.01019275188446045
        ],
        [
            0.13606581091880798,
            0.04372835531830788,
            -0.019942928105592728
        ],
        [
            0.14188456535339355,
            0.03886738419532776,
            -0.017341822385787964
        ],
        [
            0.147266685962677,
            0.039385221898555756,
            -0.02421959489583969
        ],
        [
            0.14301040768623352,
            0.044785864651203156,
            -0.02761155366897583
        ],
        [
            0.13456246256828308,
            -0.04834520444273949,
            -0.026839394122362137
        ],
        [
            0.12392837554216385,
            -0.04708469286561012,
            -0.020766470581293106
        ],
        [
            0.10461980104446411,
            0.03340739756822586,
            0.013275377452373505
        ],
        [
            0.09920060634613037,
            0.030564112588763237,
            0.018126197159290314
        ],
        [
            0.09190157800912857,
            0.029428649693727493,
            0.02228131890296936
        ],
        [
            0.12241562455892563,
            0.0050295377150177956,
            0.006872817873954773
        ],
        [
            0.11402712762355804,
            0.004549075849354267,
            0.018017128109931946
        ],
        [
            0.11534498631954193,
            -0.00010525621473789215,
            0.01826341450214386
        ],
        [
            0.12215598672628403,
            0.002095530740916729,
            0.006123296916484833
        ],
        [
            0.13182556629180908,
            -0.01214978564530611,
            0.0014983341097831726
        ],
        [
            0.1280372440814972,
            -0.01402826327830553,
            0.014188677072525024
        ],
        [
            0.13991796970367432,
            -0.019844962283968925,
            -0.005087807774543762
        ],
        [
            0.10205729305744171,
            -0.0020450297743082047,
            0.023918889462947845
        ],
        [
            0.0954144150018692,
            0.0054107410833239555,
            0.028881225734949112
        ],
        [
            0.09373732656240463,
            -0.003331908956170082,
            0.028463240712881088
        ],
        [
            0.09513190388679504,
            0.015188785269856453,
            0.02799559012055397
        ],
        [
            0.09412897378206253,
            0.02382710389792919,
            0.025933757424354553
        ],
        [
            0.07494385540485382,
            0.03435952216386795,
            0.0007153376936912537
        ],
        [
            0.09177422523498535,
            -0.011212849989533424,
            0.02624770998954773
        ],
        [
            0.15042386949062347,
            -0.0377226322889328,
            -0.009306620806455612
        ],
        [
            0.15360765159130096,
            -0.041029058396816254,
            -0.016086451709270477
        ],
        [
            0.15117669105529785,
            -0.03513635694980621,
            -0.019726701080799103
        ],
        [
            0.14827768504619598,
            -0.03208039328455925,
            -0.014638599008321762
        ],
        [
            0.149606391787529,
            -0.0375872440636158,
            -0.05237356573343277
        ],
        [
            0.1529282033443451,
            -0.0366961695253849,
            -0.04546669125556946
        ],
        [
            0.1472289264202118,
            -0.03616977855563164,
            -0.03951612487435341
        ],
        [
            0.12418684363365173,
            0.017285659909248352,
            0.010479353368282318
        ],
        [
            0.12032167613506317,
            0.029273157939314842,
            0.011153027415275574
        ],
        [
            0.15891613066196442,
            -0.021693414077162743,
            -0.044086892157793045
        ],
        [
            0.18466980755329132,
            -0.030751798301935196,
            -0.06054883450269699
        ],
        [
            0.18470604717731476,
            -0.03364342078566551,
            -0.05543794855475426
        ],
        [
            0.16433613002300262,
            -0.036561667919158936,
            -0.05403755605220795
        ],
        [
            0.164995014667511,
            -0.03353874012827873,
            -0.06037871539592743
        ],
        [
            0.1628277450799942,
            -0.01707460731267929,
            -0.05133166164159775
        ],
        [
            0.16086192429065704,
            -0.020844193175435066,
            -0.0452246218919754
        ],
        [
            0.1624375730752945,
            -0.019867202267050743,
            -0.04599049314856529
        ],
        [
            0.16515536606311798,
            -0.015217049047350883,
            -0.04994571954011917
        ],
        [
            0.1614709496498108,
            0.016719786450266838,
            -0.0461777038872242
        ],
        [
            0.1569366157054901,
            0.017345739528536797,
            -0.04116915166378021
        ],
        [
            0.14452843368053436,
            -0.014008949510753155,
            -0.06345432996749878
        ],
        [
            0.14131353795528412,
            -0.027143850922584534,
            -0.0646732822060585
        ],
        [
            0.1306026428937912,
            -0.0262690968811512,
            -0.0550837516784668
        ],
        [
            0.14665862917900085,
            0.006729963235557079,
            -0.03061871975660324
        ],
        [
            0.15363192558288574,
            0.007099045440554619,
            -0.03840560466051102
        ],
        [
            0.1533951312303543,
            0.011133948341012001,
            -0.03758874535560608
        ],
        [
            0.1571846902370453,
            -0.014619255438446999,
            -0.04241013154387474
        ],
        [
            0.16041827201843262,
            -0.016512775793671608,
            -0.04731876403093338
        ],
        [
            0.15966850519180298,
            -0.012051769532263279,
            -0.04686099663376808
        ],
        [
            0.1560295671224594,
            -0.009487618692219257,
            -0.04135318100452423
        ],
        [
            0.11916865408420563,
            0.04142988845705986,
            -0.018631666898727417
        ],
        [
            0.12736086547374725,
            0.04287280887365341,
            -0.010409709066152573
        ],
        [
            0.1942501962184906,
            -0.030906036496162415,
            -0.048275481909513474
        ],
        [
            0.18957039713859558,
            -0.03204311430454254,
            -0.04946155846118927
        ],
        [
            0.1390688121318817,
            0.007014737464487553,
            -0.02204134315252304
        ],
        [
            0.12093188613653183,
            -0.02410971000790596,
            -0.042680926620960236
        ],
        [
            0.1327151358127594,
            0.007935117930173874,
            -0.012558963149785995
        ],
        [
            0.1455262005329132,
            0.02688918448984623,
            -0.05393492802977562
        ],
        [
            0.1521247774362564,
            0.029653336852788925,
            -0.049035102128982544
        ],
        [
            0.15650779008865356,
            0.028025446459650993,
            -0.05153939127922058
        ],
        [
            0.15356756746768951,
            0.026749329641461372,
            -0.056907184422016144
        ],
        [
            0.18136729300022125,
            -0.013590006157755852,
            -0.05122608691453934
        ],
        [
            0.18179817497730255,
            -0.016823485493659973,
            -0.046271875500679016
        ],
        [
            0.18719717860221863,
            -0.016644233837723732,
            -0.04651810601353645
        ],
        [
            0.1871967911720276,
            -0.01347535103559494,
            -0.05136071890592575
        ],
        [
            0.15961381793022156,
            -0.02617284283041954,
            -0.04281580448150635
        ],
        [
            0.15854322910308838,
            -0.03234514966607094,
            -0.0431821271777153
        ],
        [
            0.16318854689598083,
            -0.03074934147298336,
            -0.04348484426736832
        ],
        [
            0.16318140923976898,
            -0.02464393898844719,
            -0.043967120349407196
        ],
        [
            0.157832071185112,
            -0.036309242248535156,
            -0.04734700173139572
        ],
        [
            0.1634126752614975,
            -0.03540026396512985,
            -0.04780115559697151
        ],
        [
            0.1818026602268219,
            -0.014223609119653702,
            -0.05780904367566109
        ],
        [
            0.18294137716293335,
            -0.019281676039099693,
            -0.0633576437830925
        ],
        [
            0.16533100605010986,
            -0.01990739069879055,
            -0.06345386803150177
        ],
        [
            0.1674492061138153,
            -0.01515729445964098,
            -0.057136937975883484
        ],
        [
            0.1027560830116272,
            0.017319368198513985,
            -0.0271337628364563
        ],
        [
            0.10410904884338379,
            0.027541710063815117,
            -0.022826772183179855
        ],
        [
            0.11606178432703018,
            0.028306912630796432,
            -0.03206831216812134
        ],
        [
            0.12706919014453888,
            0.02979997545480728,
            -0.041946180164813995
        ],
        [
            0.13806991279125214,
            0.02988520637154579,
            -0.05054323747754097
        ],
        [
            0.13560940325260162,
            0.019651994109153748,
            -0.057216107845306396
        ],
        [
            0.11635042726993561,
            0.035172585397958755,
            -0.027565021067857742
        ],
        [
            0.15847079455852509,
            -0.014034216292202473,
            -0.05897209793329239
        ],
        [
            0.15387360751628876,
            -0.01936063915491104,
            -0.06340297311544418
        ],
        [
            0.15280860662460327,
            -0.01410196628421545,
            -0.06282105296850204
        ],
        [
            0.1344081163406372,
            0.014831067994236946,
            -0.010262150317430496
        ],
        [
            0.18389147520065308,
            -0.033192798495292664,
            -0.05006302520632744
        ],
        [
            0.07941677421331406,
            -0.013699669390916824,
            -0.005798257887363434
        ],
        [
            0.07761213183403015,
            -0.0011033760383725166,
            -0.010006759315729141
        ],
        [
            0.08441562205553055,
            -0.003947967663407326,
            -0.01477721706032753
        ],
        [
            0.08703295141458511,
            -0.017933577299118042,
            -0.009327001869678497
        ],
        [
            0.18202200531959534,
            -0.023175301030278206,
            -0.04373200982809067
        ],
        [
            0.18297544121742249,
            -0.029445771127939224,
            -0.04486528038978577
        ],
        [
            0.15785691142082214,
            0.023902159184217453,
            -0.04040729999542236
        ],
        [
            0.16127273440361023,
            0.022500766441226006,
            -0.045291267335414886
        ],
        [
            0.16097237169742584,
            0.026167305186390877,
            -0.04702385142445564
        ],
        [
            0.1598999798297882,
            0.029297979548573494,
            -0.04156101495027542
        ],
        [
            0.10429146885871887,
            0.032264284789562225,
            -0.019154835492372513
        ],
        [
            0.1455066204071045,
            0.04643179103732109,
            -0.03885352611541748
        ],
        [
            0.14123722910881042,
            0.040923334658145905,
            -0.04722026735544205
        ],
        [
            0.0936526358127594,
            0.02647201344370842,
            -0.014912649989128113
        ],
        [
            0.09192637354135513,
            0.01773196831345558,
            -0.019008759409189224
        ],
        [
            0.08421456813812256,
            0.01861090026795864,
            -0.013024579733610153
        ],
        [
            0.1427350640296936,
            0.006952127441763878,
            -0.0627140998840332
        ],
        [
            0.10390572249889374,
            0.009560119360685349,
            -0.030971597880125046
        ],
        [
            0.09275723993778229,
            0.010518476366996765,
            -0.021577995270490646
        ],
        [
            0.08356820791959763,
            0.011238496750593185,
            -0.01454494521021843
        ],
        [
            0.07669372111558914,
            0.012545431032776833,
            -0.009898196905851364
        ],
        [
            0.07817785441875458,
            0.020466472953557968,
            -0.008616939187049866
        ],
        [
            0.18425919115543365,
            -0.024920959025621414,
            -0.06316225975751877
        ],
        [
            0.18949145078659058,
            -0.018675290048122406,
            -0.06235961988568306
        ],
        [
            0.07028336077928543,
            0.023145413026213646,
            -0.0048019252717494965
        ],
        [
            0.06933537870645523,
            0.013968002051115036,
            -0.005872655659914017
        ],
        [
            0.09369130432605743,
            0.0014957580715417862,
            -0.023247726261615753
        ],
        [
            0.09546402096748352,
            -0.009540647268295288,
            -0.023563411086797714
        ],
        [
            0.10461392998695374,
            0.000933096744120121,
            -0.03209095448255539
        ],
        [
            0.10715149343013763,
            -0.010080733336508274,
            -0.03357141092419624
        ],
        [
            0.13786475360393524,
            -0.0022944090887904167,
            -0.06622559577226639
        ],
        [
            0.2057926207780838,
            -0.013589048758149147,
            -0.05678500980138779
        ],
        [
            0.19455619156360626,
            -0.013994027860462666,
            -0.05796125531196594
        ],
        [
            0.19326676428318024,
            -0.012948937714099884,
            -0.05231171473860741
        ],
        [
            0.20450152456760406,
            -0.011430011130869389,
            -0.05323122814297676
        ],
        [
            0.1879296749830246,
            -0.014037862420082092,
            -0.05736260488629341
        ],
        [
            0.19514666497707367,
            -0.018580693751573563,
            -0.06151942163705826
        ],
        [
            0.11030739545822144,
            -0.023540470749139786,
            -0.03051591105759144
        ],
        [
            0.16288991272449493,
            -0.012937195599079132,
            -0.05178672447800636
        ],
        [
            0.09980383515357971,
            -0.025012081488966942,
            -0.016492333263158798
        ],
        [
            0.11788342893123627,
            -0.03746141865849495,
            -0.029875215142965317
        ],
        [
            0.11214852333068848,
            -0.03905859962105751,
            -0.018029626458883286
        ],
        [
            0.0912480428814888,
            -0.028319701552391052,
            -0.0014852620661258698
        ],
        [
            0.10390250384807587,
            -0.03879637271165848,
            -0.004373989999294281
        ],
        [
            0.07679751515388489,
            -0.01972714066505432,
            0.004915837198495865
        ],
        [
            0.08386234939098358,
            -0.022797729820013046,
