{
    "pred_cam": [
        8.391571044921875,
        0.14035843312740326,
        0.01974327117204666
    ],
    "pred_mano_params": {
        "global_orient": [
            [
                [
                    -0.4310895502567291,
                    -0.8428791165351868,
                    -0.32205045223236084
                ],
                [
                    0.5408462882041931,
                    0.044317252933979034,
                    -0.8399530649185181
                ],
                [
                    0.7222513556480408,
                    -0.5362748503684998,
                    0.43676331639289856
                ]
            ]
        ],
        "hand_pose": [
            [
                [
                    0.47047123312950134,
                    -0.8756545186042786,
                    0.1090225949883461
                ],
                [
                    0.8808144927024841,
                    0.45858079195022583,
                    -0.11776883900165558
                ],
                [
                    0.053129155188798904,
                    0.15143552422523499,
                    0.987038254737854
                ]
            ],
            [
                [
                    0.8943816423416138,
                    -0.447294145822525,
                    -0.0030681295320391655
                ],
                [
                    0.43285614252090454,
                    0.8672009110450745,
                    -0.24616703391075134
                ],
                [
                    0.11276975274085999,
                    0.21883922815322876,
                    0.9692226052284241
                ]
            ],
            [
                [
                    0.8467205166816711,
                    -0.5303282737731934,
                    0.04261881113052368
                ],
                [
                    0.5263792872428894,
                    0.8466748595237732,
                    0.07788810133934021
                ],
                [
                    -0.07739053666591644,
                    -0.04351579397916794,
                    0.9960507750511169
                ]
            ],
            [
                [
                    0.6068134903907776,
                    -0.7942016124725342,
                    -0.0319548137485981
                ],
                [
                    0.7946674227714539,
                    0.6053401231765747,
                    0.04546407237648964
                ],
                [
                    -0.016764111816883087,
                    -0.0529816672205925,
                    0.9984546899795532
                ]
            ],
            [
                [
                    0.9140326976776123,
                    -0.3648708760738373,
                    -0.17723803222179413
                ],
                [
                    0.3987938165664673,
                    0.8882280588150024,
                    0.22806639969348907
                ],
                [
                    0.07421302050352097,
                    -0.2791416049003601,
                    0.9573777318000793
                ]
            ],
            [
                [
                    0.8432885408401489,
                    -0.5369534492492676,
                    0.023353733122348785
                ],
                [
                    0.5371924042701721,
                    0.8434446454048157,
                    -0.005038026720285416
                ],
                [
                    -0.016992397606372833,
                    0.016793958842754364,
                    0.9997145533561707
                ]
            ],
            [
                [
                    0.6556620597839355,
                    -0.7526336908340454,
                    0.06041300669312477
                ],
                [
                    0.6639243960380554,
                    0.6127855777740479,
                    0.4286002218723297
                ],
                [
                    -0.35959920287132263,
                    -0.24090725183486938,
                    0.9014721512794495
                ]
            ],
            [
                [
                    0.97681725025177,
                    -0.2056930661201477,
                    0.05931586027145386
                ],
                [
                    0.19310489296913147,
                    0.9662330746650696,
                    0.17059925198554993
                ],
                [
                    -0.09240403026342392,
                    -0.1551901251077652,
                    0.9835534691810608
                ]
            ],
            [
                [
                    0.9730319976806641,
                    -0.17516402900218964,
                    0.15008728206157684
                ],
                [
                    0.10228545218706131,
                    0.9108366966247559,
                    0.399892657995224
                ],
                [
                    -0.20675182342529297,
                    -0.37375664710998535,
                    0.9041900038719177
                ]
            ],
            [
                [
                    0.678007960319519,
                    -0.733511745929718,
                    -0.04759960249066353
                ],
                [
                    0.7350119948387146,
                    0.6758486032485962,
                    0.05464522913098335
                ],
                [
                    -0.00791279599070549,
                    -0.07203617691993713,
                    0.9973706603050232
                ]
            ],
            [
                [
                    0.9355541467666626,
                    -0.3508681356906891,
                    0.04037241265177727
                ],
                [
                    0.29532238841056824,
                    0.8398527503013611,
                    0.4554470181465149
                ],
                [
                    -0.19370874762535095,
                    -0.414172500371933,
                    0.8893469572067261
                ]
            ],
            [
                [
                    0.8080579042434692,
                    -0.5863454341888428,
                    0.05693313479423523
                ],
                [
                    0.5620816946029663,
                    0.7963184714317322,
                    0.22347502410411835
                ],
                [
                    -0.17637047171592712,
                    -0.1485797017812729,
                    0.9730454683303833
                ]
            ],
            [
                [
                    0.9414219260215759,
                    0.06880461424589157,
                    -0.3301372528076172
                ],
                [
                    -0.3124474585056305,
                    0.546318531036377,
                    -0.7771181464195251
                ],
                [
                    0.12689079344272614,
                    0.8347466588020325,
                    0.5358140468597412
                ]
            ],
            [
                [
                    0.9267565608024597,
                    -0.31755223870277405,
                    -0.20070582628250122
                ],
                [
                    0.3707219064235687,
                    0.8594602942466736,
                    0.3519846498966217
                ],
                [
                    0.060725174844264984,
                    -0.4006101191043854,
                    0.9142340421676636
                ]
            ],
            [
                [
                    0.873755931854248,
                    -0.09842361509799957,
                    -0.47630172967910767
                ],
                [
                    -0.11239425837993622,
                    0.9119411706924438,
                    -0.3946273624897003
                ],
                [
                    0.47319984436035156,
                    0.3983415961265564,
                    0.7857517600059509
                ]
            ]
        ],
        "betas": [
            -0.06780895590782166,
            4.309415817260742e-05,
            -0.0063540637493133545,
            -0.07641813158988953,
            0.029069632291793823,
            -0.05640649050474167,
            0.030398279428482056,
            -0.042726218700408936,
            0.10261379927396774,
            -0.07479459047317505
        ]
    },
    "pred_cam_t": [
        -0.14035843312740326,
        0.01974327117204666,
        4.654968738555908
    ],
    "focal_length": [
        5000.0,
        5000.0
    ],
    "pred_keypoints_3d": [
        [
            0.09600561857223511,
            0.006391375325620174,
            0.006213217042386532
        ],
        [
            0.11122509092092514,
            -0.029100030660629272,
            0.008417652919888496
        ],
        [
            0.12902116775512695,
            -0.0530756339430809,
            0.0005385270342230797
        ],
        [
            0.147787407040596,
            -0.06592854112386703,
            -0.014339771121740341
        ],
        [
            0.17104335129261017,
            -0.06891131401062012,
            -0.040707290172576904
        ],
        [
            0.13179180026054382,
            -0.059098973870277405,
            -0.04575954005122185
        ],
        [
            0.16252389550209045,
            -0.07131633907556534,
            -0.044140905141830444
        ],
        [
            0.18247774243354797,
            -0.06763560324907303,
            -0.0349738672375679
        ],
        [
            0.19776959717273712,
            -0.05616878718137741,
            -0.018835343420505524
        ],
        [
            0.13922397792339325,
            -0.04222730174660683,
            -0.063093401491642
        ],
        [
            0.1698513925075531,
            -0.04994122311472893,
            -0.06711471080780029
        ],
        [
            0.19169597327709198,
            -0.049038439989089966,
            -0.05889342352747917
        ],
        [
            0.2106606811285019,
            -0.046606387943029404,
            -0.0417504757642746
        ],
        [
            0.1432597041130066,
            -0.015633847564458847,
            -0.06263228505849838
        ],
        [
            0.17040233314037323,
            -0.023434553295373917,
            -0.06908053159713745
        ],
        [
            0.19350747764110565,
            -0.02733980491757393,
            -0.06068750098347664
        ],
        [
            0.21037763357162476,
            -0.03367793932557106,
            -0.043032411485910416
        ],
        [
            0.14814400672912598,
            0.0050904108211398125,
            -0.05722254514694214
        ],
        [
            0.1691022664308548,
            0.002215971238911152,
            -0.059138406068086624
        ],
        [
            0.1872318834066391,
            -0.001744820736348629,
            -0.05487360432744026
        ],
        [
            0.2036340832710266,
            -0.010235890746116638,
            -0.045941054821014404
        ]
    ],
    "pred_vertices": [
        [
            0.1258680671453476,
            -0.034550733864307404,
            -0.013999402523040771
        ],
        [
            0.12255031615495682,
            -0.02779535949230194,
            -0.006149742752313614
        ],
        [
            0.12718763947486877,
            -0.036239322274923325,
            -0.007972456514835358
        ],
        [
            0.128673255443573,
            -0.04315604269504547,
            -0.014262299984693527
        ],
        [
            0.13026733696460724,
            -0.02786555141210556,
            0.010659512132406235
        ],
        [
            0.12602873146533966,
            -0.03248725086450577,
            0.021332018077373505
        ],
        [
            0.1348220705986023,
            -0.04468896985054016,
            0.013237591832876205
        ],
        [
            0.1375070959329605,
            -0.038019344210624695,
            0.005649752914905548
        ],
        [
            0.12942714989185333,
            -0.05025571584701538,
            -0.016145456582307816
        ],
        [
            0.13121259212493896,
            -0.04300428926944733,
            -0.009647369384765625
        ],
        [
            0.12579596042633057,
            -0.053041208535432816,
            -0.017436521127820015
        ],
        [
            0.120232492685318,
            -0.06002959609031677,
            -0.025556428357958794
        ],
        [
            0.12670886516571045,
            -0.056451134383678436,
            -0.02319648116827011
        ],
        [
            0.12020249664783478,
            -0.06330127269029617,
            -0.03272731602191925
        ],
        [
            0.10950767248868942,
            -0.057803187519311905,
            -0.02469450607895851
        ],
        [
            0.11353924870491028,
            -0.06116218492388725,
            -0.03929329663515091
        ],
        [
            0.10238832980394363,
            -0.03314434736967087,
            -0.036939587444067
        ],
        [
            0.10457252711057663,
            -0.020039135590195656,
            -0.040540605783462524
        ],
        [
            0.11303640902042389,
            -0.027692075818777084,
            -0.05420459806919098
        ],
        [
            0.1109142005443573,
            -0.040401119738817215,
            -0.048896096646785736
        ],
        [
            0.11724604666233063,
            -0.006972953677177429,
            -0.0518248975276947
        ],
        [
            0.11532969027757645,
            -0.01867019385099411,
            -0.05385296419262886
        ],
        [
            0.10583627223968506,
            -0.011022171005606651,
            -0.04109874367713928
        ],
        [
            0.10819759964942932,
            -0.0010228492319583893,
            -0.039883002638816833
        ],
        [
            0.12480348348617554,
            -0.018784891813993454,
            -0.014791581779718399
        ],
        [
            0.12105362117290497,
            -0.012414071708917618,
            -0.00651758536696434
        ],
        [
            0.11998682469129562,
            -0.018093515187501907,
            -0.006271570920944214
        ],
        [
            0.12411229312419891,
            -0.024257127195596695,
            -0.013927210122346878
        ],
        [
            0.1256783902645111,
            -0.05910390242934227,
            -0.01190052181482315
        ],
        [
            0.11388985067605972,
            -0.057851746678352356,
            -0.009255293756723404
        ],
        [
            0.11833099275827408,
            -0.056518204510211945,
            -0.015516001731157303
        ],
        [
            0.12953796982765198,
            -0.055625516921281815,
            -0.013813812285661697
        ],
        [
            0.1192847341299057,
            0.009013082832098007,
            0.012940540909767151
        ],
        [
            0.10827518999576569,
            0.013704095035791397,
            0.019314192235469818
        ],
        [
            0.10626220703125,
            0.008412133902311325,
            0.021070152521133423
        ],
        [
            0.11639177054166794,
            0.005274586379528046,
            0.014585856348276138
        ],
        [
            0.11000975966453552,
            -0.013696137815713882,
            0.027121763676404953
        ],
        [
            0.1003510057926178,
            -0.007391918450593948,
            0.02795318514108658
        ],
        [
            0.08798667788505554,
            -0.012713298201560974,
            0.030506681650877
        ],
        [
            0.0950339138507843,
            -0.020898647606372833,
            0.0281626358628273
        ],
        [
            0.11915786564350128,
            -0.02309529483318329,
            0.024837356060743332
        ],
        [
            0.10699385404586792,
            -0.02956566959619522,
            0.028331831097602844
        ],
        [
            0.1173071414232254,
            -0.039356403052806854,
            0.024738825857639313
        ],
        [
            0.12880174815654755,
            -0.05140247941017151,
            0.015958596020936966
        ],
        [
            0.11007619649171829,
            0.025255795568227768,
            0.0138583704829216
        ],
        [
            0.11880719661712646,
            0.023541536182165146,
            0.008767105638980865
        ],
        [
            0.1637561172246933,
            -0.06863721460103989,
            -0.031938277184963226
        ],
        [
            0.16563977301120758,
            -0.06354695558547974,
            -0.03456328809261322
        ],
        [
            0.16101901233196259,
            -0.06288464367389679,
            -0.034622833132743835
        ],
        [
            0.1598225235939026,
            -0.06814555823802948,
            -0.03248653560876846
        ],
        [
            0.10495363175868988,
            0.03292572498321533,
            -0.004274189472198486
        ],
        [
            0.09686297178268433,
            0.03172246366739273,
            -0.010281287133693695
        ],
        [
            0.0947108119726181,
            0.03570723533630371,
            -0.004526197910308838
        ],
        [
            0.1015097126364708,
            0.03532928600907326,
            0.002047412097454071
        ],
        [
            0.10951635241508484,
            0.029607748612761497,
            -0.012571804225444794
        ],
        [
            0.10021147131919861,
            0.025717295706272125,
            -0.017757639288902283
        ],
        [
            0.16631437838077545,
            -0.07856767624616623,
            -0.03964265435934067
        ],
        [
            0.1649997979402542,
            -0.07705014199018478,
            -0.03481702506542206
        ],
        [
            0.1600503772497177,
            -0.07741425931453705,
            -0.037178851664066315
        ],
        [
            0.16072265803813934,
            -0.07825171202421188,
            -0.042513053864240646
        ],
        [
            0.12995672225952148,
            -0.04975786432623863,
            -0.02105989120900631
        ],
        [
            0.13028447329998016,
            -0.0405028834939003,
            -0.02068682760000229
        ],
        [
            0.13563954830169678,
            -0.05470913648605347,
            -0.034751083701848984
        ],
        [
            0.13380290567874908,
            -0.049573469907045364,
            -0.0304710790514946
        ],
        [
            0.13044871389865875,
            -0.055094629526138306,
            -0.028080899268388748
        ],
        [
            0.13182708621025085,
            -0.059082385152578354,
            -0.03208567202091217
        ],
        [
            0.1353541910648346,
            -0.02630377747118473,
            -0.0336640439927578
        ],
        [
            0.12988705933094025,
            -0.02107316255569458,
            -0.024746693670749664
        ],
        [
            0.12932562828063965,
            -0.027696024626493454,
            -0.024330049753189087
        ],
        [
            0.13561363518238068,
            -0.03494695946574211,
            -0.033045001327991486
        ],
        [
            0.1344982385635376,
            -0.007657997310161591,
            -0.025837063789367676
        ],
        [
            0.13908159732818604,
            -0.013875128701329231,
            -0.03480032831430435
        ],
        [
            0.14110815525054932,
            -0.005540693178772926,
            -0.03430027514696121
        ],
        [
            0.13837216794490814,
            -0.00266307033598423,
            -0.027474109083414078
        ],
        [
            0.14509625732898712,
            -0.027126260101795197,
            -0.04940672963857651
        ],
        [
            0.1472712606191635,
            -0.030266448855400085,
            -0.05441708117723465
        ],
        [
            0.14957264065742493,
            -0.02814263291656971,
            -0.054942887276411057
        ],
        [
            0.14580225944519043,
            -0.023807600140571594,
            -0.049412332475185394
        ],
        [
            0.09151522815227509,
            0.03929073363542557,
            0.0007259026169776917
        ],
        [
            0.09763927757740021,
            0.036837074905633926,
            0.008065752685070038
        ],
        [
            0.12500840425491333,
            0.013283438980579376,
            -0.048068560659885406
        ],
        [
            0.12992577254772186,
            0.02022431790828705,
            -0.04078320786356926
        ],
        [
            0.13815882802009583,
            0.017159556970000267,
            -0.05012298375368118
        ],
        [
            0.13041941821575165,
            0.010516056790947914,
            -0.05632753297686577
        ],
        [
            0.0897810161113739,
            0.024950753897428513,
            -0.013906262814998627
        ],
        [
            0.0872662290930748,
            0.030910149216651917,
            -0.009412914514541626
        ],
        [
            0.16827833652496338,
            -0.07647985219955444,
            -0.0453026108443737
        ],
        [
            0.16280478239059448,
            -0.07564905285835266,
            -0.0477067269384861
        ],
        [
            0.10410089790821075,
            -0.042295701801776886,
            0.021129433065652847
        ],
        [
            0.12010274827480316,
            -0.05583757162094116,
            0.013921614736318588
        ],
        [
            0.09218131005764008,
            -0.030272722244262695,
            0.02302505075931549
        ],
        [
            0.08395364880561829,
            -0.021435491740703583,
            0.022561699151992798
        ],
        [
            0.07739944010972977,
            -0.015061929821968079,
            0.02471040189266205
        ],
        [
            0.13700923323631287,
            -0.04593661054968834,
            -0.03540831059217453
        ],
        [
            0.12802673876285553,
            -0.03149542212486267,
            -0.01987059786915779
        ],
        [
            0.12600165605545044,
            -0.013838348910212517,
            -0.015412203967571259
        ],
        [
            0.13978296518325806,
            0.013360831886529922,
            -0.020448941737413406
        ],
        [
            0.13521389663219452,
            0.017520185559988022,
            -0.011950414627790451
        ],
        [
            0.13494594395160675,
            0.006828732788562775,
            -0.011958986520767212
        ],
        [
            0.13848254084587097,
            0.005429277196526527,
            -0.019795220345258713
        ],
        [
            0.13810397684574127,
            0.02105342037975788,
            -0.03496035560965538
        ],
        [
            0.1428564339876175,
            0.015675392001867294,
            -0.03140201047062874
        ],
        [
            0.14662905037403107,
            0.01247704029083252,
            -0.03815271705389023
        ],
        [
            0.1435413360595703,
            0.017570527270436287,
            -0.042844247072935104
        ],
        [
            0.12448494136333466,
            -0.0643637403845787,
            -0.006714187562465668
        ],
        [
            0.11115105450153351,
            -0.05902864411473274,
            -0.002552248537540436
        ],
        [
            0.11236748099327087,
            0.03054944798350334,
            0.0030199140310287476
        ],
        [
            0.10743832588195801,
            0.030937211588025093,
            0.009090334177017212
        ],
        [
            0.10097259283065796,
            0.03324927017092705,
            0.014141455292701721
        ],
        [
            0.1203329861164093,
            -0.0028010085225105286,
            0.004291459918022156
        ],
        [
            0.11452783644199371,
            0.0026521682739257812,
            0.015899643301963806
        ],
        [
            0.11427301168441772,
            -0.0015896596014499664,
            0.017145078629255295
        ],
        [
            0.11859670281410217,
            -0.0056767649948596954,
            0.00426473468542099
        ],
        [
            0.12301406264305115,
            -0.020596593618392944,
            0.0025430619716644287
        ],
        [
            0.12232920527458191,
            -0.016410168260335922,
            0.01521412655711174
        ],
        [
            0.1298736035823822,
            -0.029224570840597153,
            -0.001346144825220108
        ],
        [
            0.10274854302406311,
            0.002018991857767105,
            0.024786312133073807
        ],
        [
            0.09942547231912613,
            0.01212821900844574,
            0.02784690633416176
        ],
        [
            0.09554021805524826,
            0.004533089697360992,
            0.03044905886054039
        ],
        [
            0.1014968603849411,
            0.020886681973934174,
            0.023859761655330658
        ],
        [
            0.10235903412103653,
            0.028468772768974304,
            0.019176192581653595
        ],
        [
            0.08191556483507156,
            0.03660621494054794,
            -0.005943946540355682
        ],
        [
            0.09143158793449402,
            -0.0027059726417064667,
            0.031239762902259827
        ],
        [
            0.14121083915233612,
            -0.04545876756310463,
            0.001828521490097046
        ],
        [
            0.14469397068023682,
            -0.0517420694231987,
            -0.002003692090511322
        ],
        [
            0.1415051966905594,
            -0.048906777054071426,
            -0.008470792323350906
        ],
        [
            0.13819622993469238,
            -0.04330110549926758,
            -0.005791924893856049
        ],
        [
            0.12408125400543213,
            -0.06644248962402344,
            -0.038741584867239
        ],
        [
            0.12870842218399048,
            -0.06366981565952301,
            -0.03358747810125351
        ],
        [
            0.12541307508945465,
            -0.060641057789325714,
            -0.028049854561686516
        ],
        [
            0.1264103204011917,
            0.009133618324995041,
            0.0036937296390533447
        ],
        [
            0.1258615255355835,
            0.02144492045044899,
            0.0007528960704803467
        ],
        [
            0.1388258934020996,
            -0.05143219977617264,
            -0.03945156931877136
        ],
        [
            0.15518884360790253,
            -0.0772414430975914,
            -0.0447227917611599
        ],
        [
            0.1541932374238968,
            -0.07665680348873138,
            -0.03879288583993912
        ],
        [
            0.13530699908733368,
            -0.07019868493080139,
            -0.0393805168569088
        ],
        [
            0.13642024993896484,
            -0.07131268829107285,
            -0.04640275985002518
        ],
        [
            0.14260923862457275,
            -0.052059106528759,
            -0.04748459532856941
        ],
        [
            0.1406240165233612,
            -0.051914628595113754,
            -0.040619395673274994
        ],
        [
            0.1420750617980957,
            -0.05242633447051048,
            -0.04123465344309807
        ],
        [
            0.14593958854675293,
            -0.0519348680973053,
            -0.046714283525943756
        ],
        [
            0.15015605092048645,
            -0.019131094217300415,
            -0.05275304615497589
        ],
        [
            0.14701110124588013,
            -0.015458615496754646,
            -0.04798427224159241
        ],
        [
            0.12320438772439957,
            -0.046865738928318024,
            -0.05820063501596451
        ],
        [
            0.11661696434020996,
            -0.059027351438999176,
            -0.05408602952957153
        ],
        [
            0.10875514149665833,
            -0.05226191133260727,
            -0.04434540122747421
        ],
        [
            0.13673585653305054,
            -0.018941538408398628,
            -0.033938392996788025
        ],
        [
            0.14185243844985962,
            -0.022904369980096817,
            -0.042105332016944885
        ],
        [
            0.14275701344013214,
            -0.018926098942756653,
            -0.04258022457361221
        ],
        [
            0.13917410373687744,
            -0.044756971299648285,
            -0.03944588452577591
        ],
        [
            0.14113692939281464,
            -0.04873387888073921,
            -0.04427019879221916
        ],
        [
            0.14108167588710785,
            -0.0444316491484642,
            -0.04448440670967102
        ],
        [
            0.13939327001571655,
            -0.03957893326878548,
            -0.039691261947155
        ],
        [
            0.12177833914756775,
            0.024454593658447266,
            -0.03132906183600426
        ],
        [
            0.13153265416622162,
            0.02564838156104088,
            -0.024882830679416656
        ],
        [
            0.1638094186782837,
            -0.07344011962413788,
            -0.032095663249492645
        ],
        [
            0.15938781201839447,
            -0.07351287454366684,
            -0.03350451588630676
        ],
        [
            0.13137082755565643,
            -0.013967771083116531,
            -0.025153376162052155
        ],
        [
            0.10279253870248795,
            -0.044082384556531906,
            -0.03227240592241287
        ],
        [
            0.1275811791419983,
            -0.008560573682188988,
            -0.015837043523788452
        ],
        [
            0.1366197168827057,
            -0.0066961245611310005,
            -0.06238488852977753
        ],
        [
            0.1445421278476715,
            -0.005082051269710064,
            -0.058719683438539505
        ],
        [
            0.14803026616573334,
            -0.008555857464671135,
            -0.060730043798685074
        ],
        [
            0.1440814733505249,
            -0.010134877637028694,
            -0.06531862914562225
        ],
        [
            0.16001303493976593,
            -0.05777420103549957,
            -0.046106502413749695
        ],
        [
            0.15940871834754944,
            -0.05785281956195831,
            -0.04017254337668419
        ],
        [
            0.16298329830169678,
            -0.059306032955646515,
            -0.03937049210071564
        ],
        [
            0.16437262296676636,
            -0.059464357793331146,
            -0.04511708766222
        ],
        [
            0.1377958506345749,
            -0.0545249804854393,
            -0.036052580922842026
        ],
        [
            0.13472716510295868,
            -0.059506095945835114,
            -0.0335712730884552
        ],
        [
            0.13847005367279053,
            -0.05981745198369026,
            -0.03346548601984978
        ],
        [
            0.14096975326538086,
            -0.055353034287691116,
            -0.03697144240140915
        ],
        [
            0.13160911202430725,
            -0.06446433067321777,
            -0.034842830151319504
        ],
        [
            0.13588157296180725,
            -0.06575055420398712,
            -0.03464527428150177
        ],
        [
            0.15990383923053741,
            -0.061702702194452286,
            -0.05135423317551613
        ],
        [
            0.15869712829589844,
            -0.06896129250526428,
            -0.05308368802070618
        ],
        [
            0.14243093132972717,
            -0.06213049963116646,
            -0.055698104202747345
        ],
        [
            0.14711624383926392,
            -0.056407127529382706,
            -0.0527106449007988
        ],
        [
            0.09849995374679565,
            0.004853773862123489,
            -0.02957237884402275
        ],
        [
            0.10319283604621887,
            0.015025004744529724,
            -0.029056135565042496
        ],
        [
            0.11289027333259583,
            0.009506231173872948,
            -0.03943368047475815
        ],
        [
            0.12187139689922333,
            0.004744991660118103,
            -0.05057351291179657
        ],
        [
            0.1307123750448227,
            -0.0008212067186832428,
            -0.05985965579748154
        ],
        [
            0.12442369759082794,
            -0.011268042959272861,
            -0.06263390928506851
        ],
        [
            0.11580386757850647,
            0.01699528656899929,
            -0.03742881119251251
        ],
        [
            0.1367780864238739,
            -0.04933105409145355,
            -0.054529108107089996
        ],
        [
            0.13134244084358215,
            -0.05576037988066673,
            -0.05667375028133392
        ],
        [
            0.1308683454990387,
            -0.04885677620768547,
            -0.057829856872558594
        ],
        [
            0.13137057423591614,
            -0.0020976662635803223,
            -0.016115400940179825
        ],
        [
            0.15392890572547913,
            -0.07313282042741776,
            -0.03457218036055565
        ],
        [
            0.07284833490848541,
            -0.0108913853764534,
            0.0032026246190071106
        ],
        [
            0.07337622344493866,
            0.00027231499552726746,
            -0.004719391465187073
        ],
        [
            0.07819315791130066,
            -0.0057653822004795074,
            -0.00891948863863945
        ],
        [
            0.07844451814889908,
            -0.018407557159662247,
            0.000626586377620697
        ],
        [
            0.15725700557231903,
            -0.061586398631334305,
            -0.03472188115119934
        ],
        [
            0.15501423180103302,
            -0.06718365103006363,
            -0.03229594603180885
        ],
        [
            0.14985544979572296,
            -0.009684840217232704,
            -0.0490708202123642
        ],
        [
            0.15191923081874847,
            -0.013561957515776157,
            -0.053480371832847595
        ],
        [
            0.15240292251110077,
            -0.010639217682182789,
            -0.05605199933052063
        ],
        [
            0.15305371582508087,
            -0.006026530638337135,
            -0.05155445635318756
        ],
        [
            0.10529468953609467,
            0.020356977358460426,
            -0.027156896889209747
        ],
        [
            0.14548134803771973,
            0.01505516842007637,
            -0.05324747413396835
        ],
        [
            0.13801825046539307,
            0.00904383510351181,
            -0.0597199872136116
        ],
        [
            0.0946037620306015,
            0.019414536654949188,
            -0.02004595473408699
        ],
        [
            0.08996172249317169,
            0.010778509080410004,
            -0.02083834633231163
        ],
        [
            0.08403293043375015,
            0.015575241297483444,
            -0.01468612253665924
        ],
        [
            0.12693744897842407,
            -0.02662583254277706,
            -0.0642431303858757
        ],
        [
            0.09688618779182434,
            -0.003676321357488632,
            -0.03072395920753479
        ],
        [
            0.08843716979026794,
            0.003198813647031784,
            -0.020948376506567
        ],
        [
            0.08127312362194061,
            0.008584950119256973,
            -0.01361043006181717
        ],
        [
            0.07595615833997726,
            0.013131190091371536,
            -0.009002812206745148
        ],
        [
            0.07962533086538315,
            0.020305857062339783,
            -0.010546505451202393
        ],
        [
            0.15724587440490723,
            -0.07395573705434799,
            -0.049836963415145874
        ],
        [
            0.164976567029953,
            -0.07015404850244522,
            -0.05128955841064453
        ],
        [
            0.07358550280332565,
            0.026157785207033157,
            -0.007004614919424057
        ],
        [
            0.07015621662139893,
            0.0177358016371727,
            -0.004935257136821747
        ],
        [
            0.08671078085899353,
            -0.005823243409395218,
            -0.019655589014291763
        ],
        [
            0.08558178693056107,
            -0.017006143927574158,
            -0.016475986689329147
        ],
        [
            0.09514312446117401,
            -0.012141667306423187,
            -0.02900506742298603
        ],
        [
            0.09449586272239685,
            -0.0236634761095047,
            -0.027015341445803642
        ],
        [
            0.11930018663406372,
            -0.03477981686592102,
            -0.06429747492074966
        ],
        [
            0.1817202866077423,
            -0.06658108532428741,
            -0.044361598789691925
        ],
        [
            0.1714613437652588,
            -0.0654379352927208,
            -0.04861340671777725
        ],
        [
            0.16977335512638092,
            -0.061201613396406174,
            -0.04489878565073013
        ],
        [
            0.1804947853088379,
            -0.06262365728616714,
            -0.043090879917144775
        ],
        [
            0.1651415228843689,
            -0.06321728229522705,
            -0.049704812467098236
        ],
        [
            0.1705440878868103,
            -0.07105572521686554,
            -0.04901536926627159
        ],
        [
            0.09538774192333221,
            -0.03710382059216499,
            -0.019805513322353363
        ],
        [
            0.14263567328453064,
            -0.04741038382053375,
            -0.04887993261218071
        ],
        [
            0.0880357101559639,
            -0.03173592686653137,
            -0.00485638901591301
        ],
        [
            0.1014445498585701,
            -0.0524950735270977,
            -0.014931529760360718
        ],
        [
            0.09851974248886108,
            -0.04861430078744888,
            -0.002398822456598282
        ],
        [
            0.08226312696933746,
            -0.027434244751930237,
            0.011509861797094345
        ],
        [
            0.0933326780796051,
            -0.04161601886153221,
            0.01150374487042427
        ],
        [
            0.07113105058670044,
            -0.012618817389011383,
            0.015600010752677917
        ],
        [
            0.07643274962902069,
            -0.019033577293157578,
