{
    "pred_cam": [
        7.056699752807617,
        0.1481405347585678,
        0.015533819794654846
    ],
    "pred_mano_params": {
        "global_orient": [
            [
                [
                    -0.4818856120109558,
                    -0.7650639414787292,
                    -0.4271572530269623
                ],
                [
                    0.44209593534469604,
                    0.2086104303598404,
                    -0.8723719120025635
                ],
                [
                    0.7565298080444336,
                    -0.6092280149459839,
                    0.2377052903175354
                ]
            ]
        ],
        "hand_pose": [
            [
                [
                    0.7860631346702576,
                    -0.6068986654281616,
                    -0.11738239973783493
                ],
                [
                    0.6055920124053955,
                    0.794163167476654,
                    -0.050629112869501114
                ],
                [
                    0.12394750863313675,
                    -0.03128815442323685,
                    0.9917953610420227
                ]
            ],
            [
                [
                    0.8750523924827576,
                    -0.45526638627052307,
                    0.1643649935722351
                ],
                [
                    0.48224881291389465,
                    0.8491203188896179,
                    -0.21547798812389374
                ],
                [
                    -0.041465770453214645,
                    0.267819344997406,
                    0.9625764489173889
                ]
            ],
            [
                [
                    0.8293458819389343,
                    -0.542512059211731,
                    0.13366378843784332
                ],
                [
                    0.5384345054626465,
                    0.8399060964584351,
                    0.0681610256433487
                ],
                [
                    -0.14924320578575134,
                    0.015440139919519424,
                    0.9886798858642578
                ]
            ],
            [
                [
                    0.9001607298851013,
                    -0.427095890045166,
                    -0.08543891459703445
                ],
                [
                    0.4227672219276428,
                    0.9039402008056641,
                    -0.06449835747480392
                ],
                [
                    0.10477864742279053,
                    0.02193811722099781,
                    0.9942536354064941
                ]
            ],
            [
                [
                    0.8206622004508972,
                    -0.5572029948234558,
                    -0.12664289772510529
                ],
                [
                    0.5699255466461182,
                    0.7821838855743408,
                    0.25174057483673096
                ],
                [
                    -0.04121256247162819,
                    -0.27877098321914673,
                    0.9594729542732239
                ]
            ],
            [
                [
                    0.8091123104095459,
                    -0.5847565531730652,
                    0.05828465148806572
                ],
                [
                    0.5859509706497192,
                    0.8103349804878235,
                    -0.0043136016465723515
                ],
                [
                    -0.04470768943428993,
                    0.037642136216163635,
                    0.9982906579971313
                ]
            ],
            [
                [
                    0.741065263748169,
                    -0.664358913898468,
                    0.09720904380083084
                ],
                [
                    0.636461615562439,
                    0.7411811351776123,
                    0.2134646326303482
                ],
                [
                    -0.21386662125587463,
                    -0.09632138162851334,
                    0.9721025228500366
                ]
            ],
            [
                [
                    0.9851250052452087,
                    -0.1657051295042038,
                    -0.04550250992178917
                ],
                [
                    0.16711238026618958,
                    0.9855092763900757,
                    0.029067756608128548
                ],
                [
                    0.0400264672935009,
                    -0.03623940795660019,
                    0.9985412359237671
                ]
            ],
            [
                [
                    0.9972099661827087,
                    -0.06472769379615784,
                    0.03718419373035431
                ],
                [
                    0.039125531911849976,
                    0.8774328827857971,
                    0.4781011641025543
                ],
                [
                    -0.06357300281524658,
                    -0.47531238198280334,
                    0.8775173425674438
                ]
            ],
            [
                [
                    0.9166426658630371,
                    -0.39915958046913147,
                    -0.02092519775032997
                ],
                [
                    0.3933626115322113,
                    0.9101454615592957,
                    -0.13000410795211792
                ],
                [
                    0.07093736529350281,
                    0.11093612015247345,
                    0.9912925958633423
                ]
            ],
            [
                [
                    0.9027242064476013,
                    -0.42961251735687256,
                    -0.022850997745990753
                ],
                [
                    0.38861316442489624,
                    0.7914825081825256,
                    0.4717363119125366
                ],
                [
                    -0.18457767367362976,
                    -0.4347279369831085,
                    0.8814435005187988
                ]
            ],
            [
                [
                    0.7652552127838135,
                    -0.6370043158531189,
                    -0.09279037266969681
                ],
                [
                    0.6426781415939331,
                    0.747803807258606,
                    0.16659624874591827
                ],
                [
                    -0.03673352301120758,
                    -0.18712297081947327,
                    0.9816495180130005
                ]
            ],
            [
                [
                    0.9912897944450378,
                    0.08810193091630936,
                    -0.09789087623357773
                ],
                [
                    -0.13133379817008972,
                    0.606000542640686,
                    -0.7845476269721985
                ],
                [
                    -0.00979822687804699,
                    0.7905703783035278,
                    0.6122928857803345
                ]
            ],
            [
                [
                    0.9314500689506531,
                    -0.2642238438129425,
                    -0.25017300248146057
                ],
                [
                    0.35112613439559937,
                    0.8330450057983398,
                    0.4274885356426239
                ],
                [
                    0.0954526886343956,
                    -0.48602649569511414,
                    0.8687157034873962
                ]
            ],
            [
                [
                    0.7450562715530396,
                    -0.2391723245382309,
                    -0.6226457953453064
                ],
                [
                    -0.07537546008825302,
                    0.8973289728164673,
                    -0.434878408908844
                ],
                [
                    0.6627289652824402,
                    0.3709411025047302,
                    0.6505328416824341
                ]
            ]
        ],
        "betas": [
            -0.07486292719841003,
            -0.1483328938484192,
            8.881092071533203e-06,
            -0.09865579009056091,
            0.038223832845687866,
            -0.03590018302202225,
            -0.02165117859840393,
            -0.04648694396018982,
            0.04341842234134674,
            -0.05728766322135925
        ]
    },
    "pred_cam_t": [
        -0.1481405347585678,
        0.015533819794654846,
        5.535519599914551
    ],
    "focal_length": [
        5000.0,
        5000.0
    ],
    "pred_keypoints_3d": [
        [
            0.09605603665113449,
            0.006414269097149372,
            0.0062520503997802734
        ],
        [
            0.10850229859352112,
            -0.03008490428328514,
            0.0036484599113464355
        ],
        [
            0.12426428496837616,
            -0.056417711079120636,
            0.00031698495149612427
        ],
        [
            0.143101766705513,
            -0.07258470356464386,
            -0.010766057297587395
        ],
        [
            0.17146442830562592,
            -0.07100054621696472,
            -0.030775781720876694
        ],
        [
            0.13374999165534973,
            -0.051738154143095016,
            -0.052462611347436905
        ],
        [
            0.1611567884683609,
            -0.06610157340765,
            -0.06422030925750732
        ],
        [
            0.18147842586040497,
            -0.07253889739513397,
            -0.057716161012649536
        ],
        [
            0.1986423134803772,
            -0.07590857148170471,
            -0.039894282817840576
        ],
        [
            0.14441406726837158,
            -0.03290659561753273,
            -0.0654875859618187
        ],
        [
            0.17048697173595428,
            -0.040207043290138245,
            -0.0823078379034996
        ],
        [
            0.1929941624403,
            -0.04459739848971367,
            -0.07760275155305862
        ],
        [
            0.21279072761535645,
            -0.05025293678045273,
            -0.06236923113465309
        ],
        [
            0.15007182955741882,
            -0.0073127178475260735,
            -0.05983810871839523
        ],
        [
            0.17251665890216827,
            -0.015033816918730736,
            -0.07654251903295517
        ],
        [
            0.19665659964084625,
            -0.021090218797326088,
            -0.07489974796772003
        ],
        [
            0.21695543825626373,
            -0.027565009891986847,
            -0.06102438271045685
        ],
        [
            0.1555599868297577,
            0.011637375690042973,
            -0.050309084355831146
        ],
        [
            0.17634712159633636,
            0.010105062276124954,
            -0.05465250834822655
        ],
        [
            0.19540630280971527,
            0.008863875642418861,
            -0.054810069501399994
        ],
        [
            0.21647204458713531,
            0.004594029858708382,
            -0.05081629753112793
        ]
    ],
    "pred_vertices": [
        [
            0.1261506825685501,
            -0.033754490315914154,
            -0.017304565757513046
        ],
        [
            0.122852623462677,
            -0.02890237793326378,
            -0.008819293230772018
        ],
        [
            0.1272761970758438,
            -0.03842282295227051,
            -0.009791579097509384
        ],
        [
            0.12868578732013702,
            -0.043133750557899475,
            -0.017977263778448105
        ],
        [
            0.12633250653743744,
            -0.031757939606904984,
            0.010951139032840729
        ],
        [
            0.11929994076490402,
            -0.03627306967973709,
            0.019911959767341614
        ],
        [
            0.12814714014530182,
            -0.04931226000189781,
            0.013908110558986664
        ],
        [
            0.1335393488407135,
            -0.043265994638204575,
            0.007877442985773087
        ],
        [
            0.12941589951515198,
            -0.05072448402643204,
            -0.0196724571287632
        ],
        [
            0.13096004724502563,
            -0.04583609104156494,
            -0.010579638183116913
        ],
        [
            0.12596869468688965,
            -0.05362601578235626,
            -0.020462745800614357
        ],
        [
            0.1205427348613739,
            -0.056816041469573975,
            -0.03243359178304672
        ],
        [
            0.12665262818336487,
            -0.054053280502557755,
            -0.029268702492117882
        ],
        [
            0.12087507545948029,
            -0.057965755462646484,
            -0.04101543873548508
        ],
        [
            0.10989319533109665,
            -0.05343947187066078,
            -0.03253387659788132
        ],
        [
            0.11519002169370651,
            -0.05335407704114914,
            -0.04736403375864029
        ],
        [
            0.10539783537387848,
            -0.025259898975491524,
            -0.04193468391895294
        ],
        [
            0.10878580808639526,
            -0.011987516656517982,
            -0.042737796902656555
        ],
        [
            0.11829859763383865,
            -0.017855966463685036,
            -0.05531495064496994
        ],
        [
            0.11472249776124954,
            -0.030876385048031807,
            -0.05306587368249893
        ],
        [
            0.12337201833724976,
            0.0013877898454666138,
            -0.04914720356464386
        ],
        [
            0.12101345509290695,
            -0.009391937404870987,
            -0.053378891199827194
        ],
        [
            0.11063611507415771,
            -0.003220459446310997,
            -0.04152624309062958
        ],
        [
            0.11345553398132324,
            0.006113288924098015,
            -0.038235221058130264
        ],
        [
            0.12563368678092957,
            -0.017267080023884773,
            -0.015634708106517792
        ],
        [
            0.12144368141889572,
            -0.012243486940860748,
            -0.007138218730688095
        ],
        [
            0.12047971040010452,
            -0.01817985437810421,
            -0.008247468620538712
        ],
        [
            0.12472400069236755,
            -0.02294052392244339,
            -0.015901077538728714
        ],
        [
            0.1234312504529953,
            -0.0609239898622036,
            -0.013712365180253983
        ],
        [
            0.11170576512813568,
            -0.057226333767175674,
            -0.01483340933918953
        ],
        [
            0.11770389974117279,
            -0.05599675327539444,
            -0.020139481872320175
        ],
        [
            0.12823310494422913,
            -0.0582415908575058,
            -0.01426640897989273
        ],
        [
            0.11836373060941696,
            0.005740508437156677,
            0.01585451513528824
        ],
        [
            0.10697425901889801,
            0.010172631591558456,
            0.021703913807868958
        ],
        [
            0.10438120365142822,
            0.004890009760856628,
            0.022151459008455276
        ],
        [
            0.11505179107189178,
            0.0020922645926475525,
            0.0162489116191864
        ],
        [
            0.10484178364276886,
            -0.01739441603422165,
            0.024088099598884583
        ],
        [
            0.09612978994846344,
            -0.01084182783961296,
            0.02496682107448578
        ],
        [
            0.08314767479896545,
            -0.015466134995222092,
            0.02535349875688553
        ],
        [
            0.089300736784935,
            -0.023342914879322052,
            0.02238779515028
        ],
        [
            0.11291782557964325,
            -0.026808448135852814,
            0.022294163703918457
        ],
        [
            0.09982070326805115,
            -0.032347917556762695,
            0.02306324988603592
        ],
        [
            0.10914227366447449,
            -0.04189151152968407,
            0.020899567753076553
        ],
        [
            0.1203293427824974,
            -0.05462060123682022,
            0.014514647424221039
        ],
        [
            0.11025863140821457,
            0.02228887937963009,
            0.018758483231067657
        ],
        [
            0.119386687874794,
            0.020730027928948402,
            0.01446031779050827
        ],
        [
            0.16356821358203888,
            -0.06978221982717514,
            -0.05248761922121048
        ],
        [
            0.16678278148174286,
            -0.06476543843746185,
            -0.052777066826820374
        ],
        [
            0.16279231011867523,
            -0.0633704885840416,
            -0.05175187438726425
        ],
        [
            0.16037674248218536,
            -0.06865302473306656,
            -0.05201029032468796
        ],
        [
            0.10800017416477203,
            0.0333842895925045,
            0.0019447654485702515
        ],
        [
            0.10069575905799866,
            0.03402000665664673,
            -0.005054578185081482
        ],
        [
            0.09811186790466309,
            0.03712152689695358,
            0.0010531097650527954
        ],
        [
            0.10395161807537079,
            0.03494881093502045,
            0.008150279521942139
        ],
        [
            0.11338052898645401,
            0.03113311156630516,
            -0.006209544837474823
        ],
        [
            0.10457026958465576,
            0.029112985357642174,
            -0.013035614043474197
        ],
        [
            0.16276252269744873,
            -0.07519147545099258,
            -0.06410035490989685
        ],
        [
            0.16217923164367676,
            -0.07581926137208939,
            -0.05899922922253609
        ],
        [
            0.15766555070877075,
            -0.07419061660766602,
            -0.06023971736431122
        ],
        [
            0.1577087789773941,
            -0.0723869651556015,
            -0.06516069918870926
        ],
        [
            0.1298520863056183,
            -0.04765734821557999,
            -0.026254190132021904
        ],
        [
            0.13063688576221466,
            -0.038299158215522766,
            -0.024507086724042892
        ],
        [
            0.13748089969158173,
            -0.05185326933860779,
            -0.04048093035817146
        ],
        [
            0.13476397097110748,
            -0.045703161507844925,
            -0.03532831370830536
        ],
        [
            0.13085223734378815,
            -0.051677532494068146,
            -0.034207966178655624
        ],
        [
            0.1327095925807953,
            -0.055987272411584854,
            -0.039504118263721466
        ],
        [
            0.1381540298461914,
            -0.022228900343179703,
            -0.034197594970464706
        ],
        [
            0.13180124759674072,
            -0.018135419115424156,
            -0.025145601481199265
        ],
        [
            0.13081051409244537,
            -0.02469690889120102,
            -0.025996346026659012
        ],
        [
            0.13777029514312744,
            -0.03082907572388649,
            -0.0351661741733551
        ],
        [
            0.1374439001083374,
            -0.005221016705036163,
            -0.023329809308052063
        ],
        [
            0.14290498197078705,
            -0.010207092389464378,
            -0.03270423412322998
        ],
        [
            0.14546462893486023,
            -0.0023148618638515472,
            -0.030572466552257538
        ],
        [
            0.14185801148414612,
            -0.00038594193756580353,
            -0.0236348956823349
        ],
        [
            0.1505843549966812,
            -0.02135516330599785,
            -0.04895857349038124
        ],
        [
            0.1532425433397293,
            -0.023907052353024483,
            -0.05582761764526367
        ],
        [
            0.15540187060832977,
            -0.020987138152122498,
            -0.05638597160577774
        ],
        [
            0.15145297348499298,
            -0.017830852419137955,
            -0.048771314322948456
        ],
        [
            0.09452031552791595,
            0.04000067710876465,
            0.006467297673225403
        ],
        [
            0.09945216029882431,
            0.03571196645498276,
            0.013841316103935242
        ],
        [
            0.13195133209228516,
            0.0198355782777071,
            -0.04148992896080017
        ],
        [
            0.13664641976356506,
            0.024999480694532394,
            -0.03282949700951576
        ],
        [
            0.14537644386291504,
            0.023252425715327263,
            -0.04193529486656189
        ],
        [
            0.13795067369937897,
            0.018264589831233025,
            -0.04924309253692627
        ],
        [
            0.0937044620513916,
            0.028658095747232437,
            -0.010614804923534393
        ],
        [
            0.09104345738887787,
            0.03395736962556839,
            -0.005426868796348572
        ],
        [
            0.16505475342273712,
            -0.07123228907585144,
            -0.06830122321844101
        ],
        [
            0.15992484986782074,
            -0.06799142807722092,
            -0.06864722818136215
        ],
        [
            0.09676139056682587,
            -0.04299384728074074,
            0.014348763972520828
        ],
        [
            0.1120649054646492,
            -0.05751879885792732,
            0.010081551969051361
        ],
        [
            0.08619923144578934,
            -0.03077109530568123,
            0.0155453160405159
        ],
        [
            0.07933872938156128,
            -0.02182348445057869,
            0.015512645244598389
        ],
        [
            0.07337721437215805,
            -0.015743646770715714,
            0.018126968294382095
        ],
        [
            0.1389561891555786,
            -0.04166935756802559,
            -0.038967669010162354
        ],
        [
            0.12878699600696564,
            -0.029230698943138123,
            -0.02244478091597557
        ],
        [
            0.12714171409606934,
            -0.012319909408688545,
            -0.015201769769191742
        ],
        [
            0.143325075507164,
            0.013937365263700485,
            -0.013649553060531616
        ],
        [
            0.13790632784366608,
            0.01695006527006626,
            -0.005022510886192322
        ],
        [
            0.13691599667072296,
            0.006541423499584198,
            -0.007086113095283508
        ],
        [
            0.14142033457756042,
            0.006210608407855034,
            -0.0146552175283432
        ],
        [
            0.14409488439559937,
            0.02408752404153347,
            -0.0263979434967041
        ],
        [
            0.14809156954288483,
            0.017760107293725014,
            -0.023626659065485
        ],
        [
            0.15271006524562836,
            0.015576949343085289,
            -0.030840881168842316
        ],
        [
            0.15023989975452423,
            0.021789731457829475,
            -0.03449714928865433
        ],
        [
            0.1199943944811821,
            -0.0661102682352066,
            -0.009407494217157364
        ],
        [
            0.10733866691589355,
            -0.05857180431485176,
            -0.008790947496891022
        ],
        [
            0.11423793435096741,
            0.029132474213838577,
            0.009457729756832123
        ],
        [
            0.10862863063812256,
            0.028894461691379547,
            0.014880046248435974
        ],
        [
            0.10174757987260818,
            0.030873000621795654,
            0.01947961002588272
        ],
        [
            0.11986155062913895,
            -0.004426930099725723,
            0.004951991140842438
        ],
        [
            0.11284871399402618,
            -0.00046804919838905334,
            0.016638539731502533
        ],
        [
            0.11209183931350708,
            -0.004691794514656067,
            0.016756370663642883
        ],
        [
            0.11815487593412399,
            -0.007170103490352631,
            0.0038380473852157593
        ],
        [
            0.12234288454055786,
            -0.02310684323310852,
            0.0010027401149272919
        ],
        [
            0.11899425834417343,
            -0.019761305302381516,
            0.0137157142162323
        ],
        [
            0.1289941519498825,
            -0.032811488956213,
            -0.0009112395346164703
        ],
        [
            0.09989715367555618,
            -0.001565534621477127,
            0.024049725383520126
        ],
        [
            0.09705156832933426,
            0.007948242127895355,
            0.028765056282281876
        ],
        [
            0.09229782223701477,
            0.00044232606887817383,
            0.029426787048578262
        ],
        [
            0.10020029544830322,
            0.01703914999961853,
            0.02671436220407486
        ],
        [
            0.10217501223087311,
            0.02521270327270031,
            0.02366390824317932
        ],
        [
            0.08569163829088211,
            0.03941943496465683,
            -0.0016313567757606506
        ],
        [
            0.08752694725990295,
            -0.006371483206748962,
            0.02836744859814644
        ],
        [
            0.1368657499551773,
            -0.05147071182727814,
            0.004790809005498886
        ],
        [
            0.13985544443130493,
            -0.05844605714082718,
            0.001711435616016388
        ],
        [
            0.13921739161014557,
            -0.05474219471216202,
            -0.00495278462767601
        ],
        [
            0.1365109235048294,
            -0.04876508563756943,
            -0.003041297197341919
        ],
        [
            0.12457334995269775,
            -0.05986803025007248,
            -0.049136754125356674
        ],
        [
            0.12919579446315765,
            -0.0596780925989151,
            -0.042917072772979736
        ],
        [
            0.12555675208568573,
            -0.056904327124357224,
            -0.0355411097407341
        ],
        [
            0.12656238675117493,
            0.006825000047683716,
            0.007677853107452393
        ],
        [
            0.1272287666797638,
            0.019459193572402,
            0.0070286765694618225
        ],
        [
            0.1415775567293167,
            -0.04817749932408333,
            -0.044194743037223816
        ],
        [
            0.1530522257089615,
            -0.07012012600898743,
            -0.06596436351537704
        ],
        [
            0.1528852880001068,
            -0.07236029207706451,
            -0.060459911823272705
        ],
        [
            0.136636421084404,
            -0.06525557488203049,
            -0.055406417697668076
        ],
        [
            0.13685593008995056,
            -0.06284161657094955,
            -0.06194370985031128
        ],
        [
            0.1458682119846344,
            -0.047287870198488235,
            -0.05385909974575043
        ],
        [
            0.14412365853786469,
            -0.049714479595422745,
            -0.04706010967493057
        ],
        [
            0.14569681882858276,
            -0.050176236778497696,
            -0.04884113743901253
        ],
        [
            0.14907844364643097,
            -0.04752843454480171,
            -0.05388996750116348
        ],
        [
            0.15651187300682068,
            -0.012364424765110016,
            -0.05283970758318901
        ],
        [
            0.15326137840747833,
            -0.009807419031858444,
            -0.046147700399160385
        ],
        [
            0.1270803064107895,
            -0.0363973043859005,
            -0.06204256787896156
        ],
        [
            0.11894345283508301,
            -0.04722016304731369,
            -0.060851819813251495
        ],
        [
            0.11177318543195724,
            -0.04295707866549492,
            -0.05105706676840782
        ],
        [
            0.1400875449180603,
            -0.015095549635589123,
            -0.03298676013946533
        ],
        [
            0.14620569348335266,
            -0.018053460866212845,
            -0.04117050766944885
        ],
        [
            0.14748992025852203,
            -0.014109669253230095,
            -0.04096837341785431
        ],
        [
            0.14172281324863434,
            -0.04000677540898323,
            -0.04267072305083275
        ],
        [
            0.14432768523693085,
            -0.04410060495138168,
            -0.048107270151376724
        ],
        [
            0.144562765955925,
            -0.03901754692196846,
            -0.04785335063934326
        ],
        [
            0.1422124058008194,
            -0.034639813005924225,
            -0.042214810848236084
        ],
        [
            0.12762650847434998,
            0.028203099966049194,
            -0.023823410272598267
        ],
        [
            0.13652868568897247,
            0.027420245110988617,
            -0.016422126442193985
        ],
        [
            0.162202388048172,
            -0.07381673902273178,
            -0.05474990978837013
        ],
        [
            0.15846046805381775,
            -0.07263201475143433,
            -0.055210359394550323
        ],
        [
            0.1338183879852295,
            -0.011236665770411491,
            -0.024122565984725952
        ],
        [
            0.10477964580059052,
            -0.037061549723148346,
            -0.03918478637933731
        ],
        [
            0.12909483909606934,
            -0.007190832868218422,
            -0.014496807008981705
        ],
        [
            0.14315322041511536,
            0.002105928957462311,
            -0.0585089847445488
        ],
        [
            0.15097908675670624,
            0.0028731077909469604,
            -0.05496157333254814
        ],
        [
            0.1536400467157364,
            -0.0006064907647669315,
            -0.059283651411533356
        ],
        [
            0.14897421002388,
            -0.0011051502078771591,
            -0.06380707770586014
        ],
        [
            0.16166183352470398,
            -0.05353974923491478,
            -0.05886152759194374
        ],
        [
            0.1618034392595291,
            -0.05647216737270355,
            -0.05384198948740959
        ],
        [
            0.16520220041275024,
            -0.05831651762127876,
            -0.0545613095164299
        ],
        [
            0.16599036753177643,
            -0.05600811541080475,
            -0.05994593724608421
        ],
        [
            0.1410643756389618,
            -0.053758736699819565,
            -0.04395018145442009
        ],
        [
            0.1368369162082672,
            -0.05842216685414314,
            -0.04321811720728874
        ],
        [
            0.141559898853302,
            -0.05989838019013405,
            -0.04567466676235199
        ],
        [
            0.14443615078926086,
            -0.05471178516745567,
            -0.04671194404363632
        ],
        [
            0.13334698975086212,
            -0.06192002817988396,
            -0.047193609178066254
        ],
        [
            0.13819274306297302,
            -0.06394358724355698,
            -0.04937158152461052
        ],
        [
            0.16011890769004822,
            -0.054171059280633926,
            -0.06512605398893356
        ],
        [
            0.15716789662837982,
            -0.05931125581264496,
            -0.06973301619291306
        ],
        [
            0.1431581825017929,
            -0.05117439851164818,
            -0.06631612032651901
        ],
        [
            0.14880748093128204,
            -0.048345159739255905,
            -0.061379238963127136
        ],
        [
            0.10298169404268265,
            0.010912463068962097,
            -0.028448540717363358
        ],
        [
            0.10825086385011673,
            0.020347680896520615,
            -0.02554502710700035
        ],
        [
            0.11876149475574493,
            0.015882033854722977,
            -0.035328589379787445
        ],
        [
            0.12853658199310303,
            0.012321099638938904,
            -0.045564815402030945
        ],
        [
            0.13807351887226105,
            0.0075945667922496796,
            -0.05435812473297119
        ],
        [
            0.13123857975006104,
            -0.0016339989379048347,
            -0.058884598314762115
        ],
        [
            0.12189991772174835,
            0.022539325058460236,
            -0.03176233917474747
        ],
        [
            0.14049313962459564,
            -0.04174039140343666,
            -0.06111173331737518
        ],
        [
            0.13325384259223938,
            -0.045053061097860336,
            -0.06320933252573013
        ],
        [
            0.1341741383075714,
            -0.03939865529537201,
            -0.06355389207601547
        ],
        [
            0.13333240151405334,
            -0.0011625215411186218,
            -0.01316545158624649
        ],
        [
            0.1539616733789444,
            -0.0715237632393837,
            -0.05522927641868591
        ],
        [
            0.07229305058717728,
            -0.007719516754150391,
            -0.0025161094963550568
        ],
        [
            0.07463538646697998,
            0.004418984055519104,
            -0.008078213781118393
        ],
        [
            0.07954181730747223,
            -0.0011657029390335083,
            -0.012748178094625473
        ],
        [
            0.07761147618293762,
            -0.014988098293542862,
            -0.0058556534349918365
        ],
        [
            0.15956757962703705,
            -0.06219220533967018,
            -0.050616826862096786
        ],
        [
            0.1565544605255127,
            -0.06779173761606216,
            -0.05076747387647629
        ],
        [
            0.15631718933582306,
            -0.003918696194887161,
            -0.046588048338890076
        ],
        [
            0.15813294053077698,
            -0.006751673296093941,
            -0.05292825400829315
        ],
        [
            0.15846748650074005,
            -0.0035780915059149265,
            -0.055632852017879486
        ],
        [
            0.15978741645812988,
            0.000504128634929657,
            -0.04904414713382721
        ],
        [
            0.1104266569018364,
            0.025006914511322975,
            -0.022513799369335175
        ],
        [
            0.15192699432373047,
            0.02161119505763054,
            -0.04598146677017212
        ],
        [
            0.1451626867055893,
            0.017232896760106087,
            -0.05311495438218117
        ],
        [
            0.09887941181659698,
            0.02386457473039627,
            -0.017044249922037125
        ],
        [
            0.09379829466342926,
            0.01597529463469982,
            -0.01993897184729576
        ],
        [
            0.08747585862874985,
            0.020133621990680695,
            -0.013753965497016907
        ],
        [
            0.1325920671224594,
            -0.016374293714761734,
            -0.0638880729675293
        ],
        [
            0.10096776485443115,
            0.0029374584555625916,
            -0.03131537511944771
        ],
        [
            0.09180698543787003,
            0.008727047592401505,
            -0.021607469767332077
        ],
        [
            0.08413839340209961,
            0.013369612395763397,
            -0.014317408204078674
        ],
        [
            0.07859261333942413,
            0.017491351813077927,
            -0.009577490389347076
        ],
        [
            0.08291596174240112,
            0.02444794774055481,
            -0.009333662688732147
        ],
        [
            0.15506355464458466,
            -0.06495333462953568,
            -0.06904653459787369
        ],
        [
            0.16311496496200562,
            -0.06203043833374977,
            -0.07002529501914978
        ],
        [
            0.07687251269817352,
            0.030112046748399734,
            -0.005513295531272888
        ],
        [
            0.07263629138469696,
            0.021810702979564667,
            -0.0054251402616500854
        ],
        [
            0.08933097869157791,
            -0.00016538426280021667,
            -0.022207625210285187
        ],
        [
            0.08711285889148712,
            -0.011508472263813019,
            -0.021378573030233383
        ],
        [
            0.0984598845243454,
            -0.005456782877445221,
            -0.03141901642084122
        ],
        [
            0.09687109291553497,
            -0.017023004591464996,
            -0.03170563280582428
        ],
        [
            0.12462344765663147,
            -0.02337757870554924,
            -0.06466297805309296
        ],
        [
            0.18084706366062164,
            -0.06690779328346252,
            -0.06526334583759308
        ],
        [
            0.17104025185108185,
            -0.06099402531981468,
            -0.06689624488353729
        ],
        [
            0.17090067267417908,
            -0.05892844498157501,
            -0.06144089251756668
        ],
        [
            0.18099889159202576,
            -0.0638701468706131,
            -0.06217455491423607
        ],
        [
            0.16530445218086243,
            -0.05708133429288864,
            -0.06573599576950073
        ],
        [
            0.16839081048965454,
            -0.06537223607301712,
            -0.06957734376192093
        ],
        [
            0.09614641964435577,
            -0.031646132469177246,
            -0.026938660070300102
        ],
        [
            0.14689724147319794,
            -0.041935596615076065,
            -0.05417337641119957
        ],
        [
            0.08698388934135437,
            -0.027939122170209885,
            -0.012496903538703918
        ],
        [
            0.10056667774915695,
            -0.048791490495204926,
            -0.023200463503599167
        ],
        [
            0.0957450345158577,
            -0.04627949744462967,
            -0.010657407343387604
        ],
        [
            0.07881402969360352,
            -0.02552148699760437,
            0.003400050103664398
        ],
        [
            0.08833563327789307,
            -0.040291331708431244,
            0.0030067823827266693
        ],
        [
            0.06876666843891144,
            -0.011348746716976166,
            0.009042840451002121
        ],
        [
            0.07383979111909866,
            -0.017252512276172638,
