{
    "pred_cam": [
        6.533534049987793,
        -0.07108817249536514,
        -0.059370554983615875
    ],
    "pred_mano_params": {
        "global_orient": [
            [
                [
                    0.4714224934577942,
                    -0.2517411708831787,
                    -0.845214307308197
                ],
                [
                    -0.6380409002304077,
                    -0.7589811086654663,
                    -0.1298132985830307
                ],
                [
                    -0.6088222861289978,
                    0.6004782319068909,
                    -0.5184219479560852
                ]
            ]
        ],
        "hand_pose": [
            [
                [
                    0.8713592886924744,
                    -0.4876362085342407,
                    -0.05425732210278511
                ],
                [
                    0.49007976055145264,
                    0.8703253269195557,
                    0.04853590577840805
                ],
                [
                    0.023553654551506042,
                    -0.06888262927532196,
                    0.9973466992378235
                ]
            ],
            [
                [
                    0.9616177678108215,
                    -0.2732287645339966,
                    0.025244317948818207
                ],
                [
                    0.2702154815196991,
                    0.9269716143608093,
                    -0.26020610332489014
                ],
                [
                    0.04769502207636833,
                    0.25704023241996765,
                    0.9652230143547058
                ]
            ],
            [
                [
                    0.9749846458435059,
                    -0.21303415298461914,
                    0.06341414898633957
                ],
                [
                    0.20411981642246246,
                    0.9710720181465149,
                    0.12391234934329987
                ],
                [
                    -0.08797726780176163,
                    -0.10786855965852737,
                    0.9902647733688354
                ]
            ],
            [
                [
                    0.6779336929321289,
                    -0.7323867082595825,
                    -0.06336908787488937
                ],
                [
                    0.7312469482421875,
                    0.6630083322525024,
                    0.16030535101890564
                ],
                [
                    -0.07539127767086029,
                    -0.15501484274864197,
                    0.985031247138977
                ]
            ],
            [
                [
                    0.9968727827072144,
                    -0.04016619175672531,
                    -0.06805445998907089
                ],
                [
                    0.054692890495061874,
                    0.9722878336906433,
                    0.2272995114326477
                ],
                [
                    0.05703876167535782,
                    -0.23031076788902283,
                    0.9714440703392029
                ]
            ],
            [
                [
                    0.9748291969299316,
                    -0.21539123356342316,
                    0.05757293105125427
                ],
                [
                    0.2180134803056717,
                    0.9749569296836853,
                    -0.043922193348407745
                ],
                [
                    -0.046670667827129364,
                    0.05536831170320511,
                    0.9973746538162231
                ]
            ],
            [
                [
                    0.5543206930160522,
                    -0.7603859901428223,
                    0.33844009041786194
                ],
                [
                    0.5423815846443176,
                    0.6384503245353699,
                    0.5460799336433411
                ],
                [
                    -0.6313087344169617,
                    -0.11913971602916718,
                    0.7663255929946899
                ]
            ],
            [
                [
                    0.9730685949325562,
                    -0.22591209411621094,
                    -0.045838531106710434
                ],
                [
                    0.23051142692565918,
                    0.9524186849594116,
                    0.1994069218635559
                ],
                [
                    -0.0013909670524299145,
                    -0.2046029269695282,
                    0.9788440465927124
                ]
            ],
            [
                [
                    0.9965087175369263,
                    0.052040696144104004,
                    0.0652850866317749
                ],
                [
                    -0.0685143992304802,
                    0.9565880298614502,
                    0.2832755148410797
                ],
                [
                    -0.04770908132195473,
                    -0.28675946593284607,
                    0.9568138718605042
                ]
            ],
            [
                [
                    0.6663197875022888,
                    -0.7294567823410034,
                    0.15463079512119293
                ],
                [
                    0.7150108218193054,
                    0.6838863492012024,
                    0.14511710405349731
                ],
                [
                    -0.21160653233528137,
                    0.013868296518921852,
                    0.9772564768791199
                ]
            ],
            [
                [
                    0.9915381669998169,
                    -0.12486972659826279,
                    -0.03549207001924515
                ],
                [
                    0.12932950258255005,
                    0.9265449047088623,
                    0.353254109621048
                ],
                [
                    -0.011225750669836998,
                    -0.35485509037971497,
                    0.9348539710044861
                ]
            ],
            [
                [
                    0.9401567578315735,
                    -0.30895596742630005,
                    0.14370620250701904
                ],
                [
                    0.27991920709609985,
                    0.9407729506492615,
                    0.1912892907857895
                ],
                [
                    -0.19429485499858856,
                    -0.13961580395698547,
                    0.9709567427635193
                ]
            ],
            [
                [
                    0.9561271071434021,
                    0.15547502040863037,
                    -0.24829113483428955
                ],
                [
                    -0.2909177839756012,
                    0.6036209464073181,
                    -0.7422995567321777
                ],
                [
                    0.03446469083428383,
                    0.7819650173187256,
                    0.6223688125610352
                ]
            ],
            [
                [
                    0.8786759972572327,
                    -0.4774179458618164,
                    -0.0007013954455032945
                ],
                [
                    0.4213307499885559,
                    0.7747563123703003,
                    0.4714159667491913
                ],
                [
                    -0.2245190590620041,
                    -0.41451746225357056,
                    0.8819106221199036
                ]
            ],
            [
                [
                    0.9669086933135986,
                    0.006077311001718044,
                    -0.2550502121448517
                ],
                [
                    -0.08873070776462555,
                    0.9453148245811462,
                    -0.3138579726219177
                ],
                [
                    0.2391953021287918,
                    0.3261027932167053,
                    0.9145723581314087
                ]
            ]
        ],
        "betas": [
            -0.03530073165893555,
            -0.0068006813526153564,
            0.07195651531219482,
            0.05801442265510559,
            0.05571940541267395,
            -0.039155177772045135,
            0.060279011726379395,
            -0.04466632008552551,
            -0.08028963208198547,
            -0.057132840156555176
        ]
    },
    "pred_cam_t": [
        -0.07108817249536514,
        -0.059370554983615875,
        5.9787702560424805
    ],
    "focal_length": [
        5000.0,
        5000.0
    ],
    "pred_keypoints_3d": [
        [
            0.09585721045732498,
            0.0064061908051371574,
            0.006173001602292061
        ],
        [
            0.06645752489566803,
            0.0302862711250782,
            -0.00196011271327734
        ],
        [
            0.045184627175331116,
            0.052647337317466736,
            -0.0015224134549498558
        ],
        [
            0.03259200230240822,
            0.07661336660385132,
            0.00019308924674987793
        ],
        [
            0.019562147557735443,
            0.10916654765605927,
            0.00626357039436698
        ],
        [
            0.03800005465745926,
            0.06407134234905243,
            0.04604426771402359
        ],
        [
            0.025716586038470268,
            0.09284602850675583,
            0.056557547301054
        ],
        [
            0.024257855489850044,
            0.11497405171394348,
            0.056300561875104904
        ],
        [
            0.023232899606227875,
            0.13971799612045288,
            0.052695877850055695
        ],
        [
            0.05434136465191841,
            0.06852341443300247,
            0.06481490284204483
        ],
        [
            0.05245816335082054,
            0.1001238003373146,
            0.0666041448712349
        ],
        [
            0.05365157872438431,
            0.12318703532218933,
            0.06382884830236435
        ],
        [
            0.053296614438295364,
            0.1488693654537201,
            0.06003209948539734
        ],
        [
            0.0808386355638504,
            0.0651823878288269,
            0.06757974624633789
        ],
        [
            0.0748540386557579,
            0.09340064227581024,
            0.06821508705615997
        ],
        [
            0.07650947570800781,
            0.11738307029008865,
            0.062198348343372345
        ],
        [
            0.07427750527858734,
            0.14058250188827515,
            0.05225207656621933
        ],
        [
            0.10248854756355286,
            0.06362525373697281,
            0.06463947892189026
        ],
        [
            0.09903489053249359,
            0.08436513692140579,
            0.06276050955057144
        ],
        [
            0.09812621772289276,
            0.10163526982069016,
            0.05503006651997566
        ],
        [
            0.09477700293064117,
            0.12062298506498337,
            0.04612066596746445
        ]
    ],
    "pred_vertices": [
        [
            0.06271421164274216,
            0.048681095242500305,
            0.01812657341361046
        ],
        [
            0.06864385306835175,
            0.043196626007556915,
            0.011468634009361267
        ],
        [
            0.06079830229282379,
            0.05000004172325134,
            0.010953426361083984
        ],
        [
            0.05470627546310425,
            0.05374089255928993,
            0.016589831560850143
        ],
        [
            0.07161479443311691,
            0.047906216233968735,
            -0.0068921372294425964
        ],
        [
            0.06755857169628143,
            0.04300233721733093,
            -0.017563078552484512
        ],
        [
            0.056373775005340576,
            0.055077873170375824,
            -0.013459395617246628
        ],
        [
            0.06231143698096275,
            0.05791627615690231,
            -0.005303036421537399
        ],
        [
            0.04719451069831848,
            0.05676334351301193,
            0.016691895201802254
        ],
        [
            0.05461116135120392,
            0.05569564923644066,
            0.010559726506471634
        ],
        [
            0.04240785539150238,
            0.05518282204866409,
            0.016963429749011993
        ],
        [
            0.03504224866628647,
            0.0514773428440094,
            0.025875914841890335
        ],
        [
            0.04059697315096855,
            0.056343890726566315,
            0.02371632494032383
        ],
        [
            0.031797144562006,
            0.05265359953045845,
            0.033143676817417145
        ],
        [
            0.03464454784989357,
            0.04035832732915878,
            0.026430554687976837
        ],
        [
            0.03233647719025612,
            0.046049971133470535,
            0.040038250386714935
        ],
        [
            0.05556540936231613,
            0.027916960418224335,
            0.04294520244002342
        ],
        [
            0.06819550693035126,
            0.026916593313217163,
            0.0481167808175087
        ],
        [
            0.06198014318943024,
            0.03850478678941727,
            0.059732936322689056
        ],
        [
            0.05003691464662552,
            0.03918120265007019,
            0.05268537998199463
        ],
        [
            0.08302083611488342,
            0.036809977144002914,
            0.06013259291648865
        ],
        [
            0.0711752399802208,
            0.03824988752603531,
            0.06058574840426445
        ],
        [
            0.07706809043884277,
            0.02575274556875229,
            0.04983295500278473
        ],
        [
            0.08738763630390167,
            0.025178052484989166,
            0.049826446920633316
        ],
        [
            0.07770413160324097,
            0.043303295969963074,
            0.021249037235975266
        ],
        [
            0.08357806503772736,
            0.037157345563173294,
            0.014329332858324051
        ],
        [
            0.07778490334749222,
            0.03792528808116913,
            0.013474244624376297
        ],
        [
            0.07234429568052292,
            0.04412044212222099,
            0.019745126366615295
        ],
        [
            0.03601878508925438,
            0.055253803730010986,
            0.008440608158707619
        ],
        [
            0.036179184913635254,
            0.04265551269054413,
            0.01012401282787323
        ],
        [
            0.03758435696363449,
            0.04832352325320244,
            0.015639008954167366
        ],
        [
            0.03971870616078377,
            0.059127166867256165,
            0.010179102420806885
        ],
        [
            0.10559506714344025,
            0.027296561747789383,
            -0.0019366145133972168
        ],
        [
            0.10765205323696136,
            0.014805324375629425,
            -0.006820477545261383
        ],
        [
            0.10224365442991257,
            0.014113646000623703,
            -0.009075835347175598
        ],
        [
            0.10141453146934509,
            0.025401707738637924,
            -0.0037627629935741425
        ],
        [
            0.08257610350847244,
            0.022676847875118256,
            -0.018194913864135742
        ],
        [
            0.08627106249332428,
            0.011789686977863312,
            -0.0173381008207798
        ],
        [
            0.07800973951816559,
            0.0008990615606307983,
            -0.019654102623462677
        ],
        [
            0.0718425065279007,
            0.009795919060707092,
            -0.01891361176967621
        ],
        [
            0.07550080120563507,
            0.03388230875134468,
            -0.0184008851647377
        ],
        [
            0.0667257308959961,
            0.023110482841730118,
            -0.021474506705999374
        ],
        [
            0.059583842754364014,
            0.03525920957326889,
            -0.020750675350427628
        ],
        [
            0.04931352287530899,
            0.04970088228583336,
            -0.016526538878679276
        ],
        [
            0.11855894327163696,
            0.0140174999833107,
            -1.36643648147583e-05
        ],
        [
            0.1188766360282898,
            0.02339429408311844,
            0.004115678369998932
        ],
        [
            0.024912154302001,
            0.09886406362056732,
            0.045965440571308136
        ],
        [
            0.030168399214744568,
            0.10067655146121979,
            0.04803529381752014
        ],
        [
            0.03133711591362953,
            0.09577494859695435,
            0.04635203257203102
        ],
        [
            0.025851890444755554,
            0.09479574859142303,
            0.0449063703417778
        ],
        [
            0.12256643176078796,
            0.009061269462108612,
            0.019323833286762238
        ],
        [
            0.11852924525737762,
            0.00229596346616745,
            0.025715157389640808
        ],
        [
            0.12233483046293259,
            -0.0014873892068862915,
            0.020743943750858307
        ],
        [
            0.124554842710495,
            0.004398763179779053,
            0.013676989823579788
        ],
        [
            0.11988475918769836,
            0.015248727053403854,
            0.02672548219561577
        ],
        [
            0.11295950412750244,
            0.007971160113811493,
            0.032048549503088
        ],
        [
            0.01719888299703598,
            0.09619476646184921,
            0.05567816644906998
        ],
        [
            0.01752435229718685,
            0.09709066152572632,
            0.0506209097802639
        ],
        [
            0.018070029094815254,
            0.09193824976682663,
            0.05088840425014496
        ],
        [
            0.018600618466734886,
            0.09050203859806061,
            0.05604036524891853
        ],
        [
            0.048480741679668427,
            0.05735202133655548,
            0.022593926638364792
        ],
        [
            0.05776868388056755,
            0.05512351542711258,
            0.023636432364583015
        ],
        [
            0.042461756616830826,
            0.06742943078279495,
            0.03509984165430069
        ],
        [
            0.049064043909311295,
            0.06219343841075897,
            0.031767867505550385
        ],
        [
            0.04273658245801926,
            0.060371462255716324,
            0.02871457301080227
        ],
        [
            0.03757373243570328,
            0.06389454752206802,
            0.03265935182571411
        ],
        [
            0.07151765376329422,
            0.05746038630604744,
            0.03806459531188011
        ],
        [
            0.07592292129993439,
            0.04986428841948509,
            0.030357880517840385
        ],
        [
            0.06950408220291138,
            0.051093921065330505,
            0.02912505716085434
        ],
        [
            0.0634097158908844,
            0.06001163274049759,
            0.03631962835788727
        ],
        [
            0.08988912403583527,
            0.050753653049468994,
            0.03288188949227333
        ],
        [
            0.08431242406368256,
            0.05773743987083435,
            0.04057228937745094
        ],
        [
            0.09290225058794022,
            0.057330068200826645,
            0.04106931388378143
        ],
        [
            0.09559644758701324,
            0.05321783199906349,
            0.03492176532745361
        ],
        [
            0.07191354781389236,
            0.06865329295396805,
            0.052584584802389145
        ],
        [
            0.06865795701742172,
            0.07223816961050034,
            0.056540798395872116
        ],
        [
            0.07151953130960464,
            0.07279255986213684,
            0.05709615722298622
        ],
        [
            0.07545696943998337,
            0.06819196790456772,
            0.053093746304512024
        ],
        [
            0.1254376471042633,
            -0.006096787750720978,
            0.01628013700246811
        ],
        [
            0.12555865943431854,
            -0.00038298964500427246,
            0.008216716349124908
        ],
        [
            0.10486233234405518,
            0.038342006504535675,
            0.05886193737387657
        ],
        [
            0.11380209773778915,
            0.04030932858586311,
            0.05228566750884056
        ],
        [
            0.11186974495649338,
            0.05032205581665039,
            0.06106440722942352
        ],
        [
            0.10264140367507935,
            0.045284099876880646,
            0.06651373952627182
        ],
        [
            0.10971780866384506,
            -0.002270825207233429,
            0.028982527554035187
        ],
        [
            0.11516200006008148,
            -0.006800562143325806,
            0.025537915527820587
        ],
        [
            0.020450178533792496,
            0.096472829580307,
            0.06098806485533714
        ],
        [
            0.022345349192619324,
            0.09087204933166504,
            0.060789622366428375
        ],
        [
            0.05327500402927399,
            0.02389438822865486,
            -0.01591099426150322
        ],
        [
            0.04282229393720627,
            0.04273549094796181,
            -0.013918284326791763
        ],
        [
            0.06194822117686272,
            0.009785689413547516,
            -0.014748778194189072
        ],
        [
            0.06801021099090576,
            4.278123378753662e-05,
            -0.012502152472734451
        ],
        [
            0.07233576476573944,
            -0.00801306962966919,
            -0.01338772103190422
        ],
        [
            0.05295243114233017,
            0.06512032449245453,
            0.03662402927875519
        ],
        [
            0.06593692302703857,
            0.0504307895898819,
            0.024294570088386536
        ],
        [
            0.08269578218460083,
            0.043140798807144165,
            0.022418469190597534
        ],
        [
            0.11210791021585464,
            0.0494038350880146,
            0.030106954276561737
        ],
        [
            0.11572220921516418,
            0.04297894611954689,
            0.022604141384363174
        ],
        [
            0.10535235702991486,
            0.04564289003610611,
            0.021142907440662384
        ],
        [
            0.10419893264770508,
            0.0502602681517601,
            0.02845175191760063
        ],
        [
            0.1175093725323677,
            0.0472542867064476,
            0.04599600285291672
        ],
        [
            0.11405718326568604,
            0.052858613431453705,
            0.04125086963176727
        ],
        [
            0.11140074580907822,
            0.0580204576253891,
            0.04757535830140114
        ],
        [
            0.11476077139377594,
            0.054355960339307785,
            0.05348406732082367
        ],
        [
            0.03186129406094551,
            0.05300820618867874,
            0.002351909875869751
        ],
        [
            0.035519540309906006,
            0.03857921063899994,
            0.0035142935812473297
        ],
        [
            0.12310802936553955,
            0.015979662537574768,
            0.011241555213928223
        ],
        [
            0.12270412594079971,
            0.010478705167770386,
            0.005676433444023132
        ],
        [
            0.12371028959751129,
            0.0031001120805740356,
            0.0014819949865341187
        ],
        [
            0.09374899417161942,
            0.03261101618409157,
            0.005079619586467743
        ],
        [
            0.09856066852807999,
            0.02422848343849182,
            -0.005190510302782059
        ],
        [
            0.09452824294567108,
            0.025046657770872116,
            -0.006881479173898697
        ],
        [
            0.090486079454422,
            0.03190820664167404,
            0.004973120987415314
        ],
        [
            0.0763549953699112,
            0.04088488966226578,
            0.0037583373486995697
        ],
        [
            0.08172883093357086,
            0.03705596923828125,
            -0.007974278181791306
        ],
        [
            0.06855925172567368,
            0.05002254992723465,
            0.004725061357021332
        ],
        [
            0.09560643881559372,
            0.01205248013138771,
            -0.013277210295200348
        ],
        [
            0.10461556911468506,
            0.00581727921962738,
            -0.014792844653129578
        ],
        [
            0.09656225144863129,
            0.0038168877363204956,
            -0.018049128353595734
        ],
        [
            0.11313566565513611,
            0.005896046757698059,
            -0.009860672056674957
        ],
        [
            0.12008456885814667,
            0.005163699388504028,
            -0.004258163273334503
        ],
        [
            0.11949139833450317,
            -0.013827741146087646,
            0.023318320512771606
        ],
        [
            0.08856559544801712,
            0.0016506239771842957,
            -0.019424445927143097
        ],
        [
            0.054646044969558716,
            0.06368707865476608,
            -0.004599031060934067
        ],
        [
            0.048116814345121384,
            0.06905294209718704,
            -0.004912085831165314
        ],
        [
            0.04869033768773079,
            0.06776659935712814,
            0.002819530665874481
        ],
        [
            0.054924316704273224,
            0.06234973296523094,
            0.0038983263075351715
        ],
        [
            0.02866523154079914,
            0.056838683784008026,
            0.04044632986187935
        ],
        [
            0.032028455287218094,
            0.06139872968196869,
            0.03480257838964462
        ],
        [
            0.03585467487573624,
            0.05677632614970207,
            0.02836480736732483
        ],
        [
            0.106778085231781,
            0.03512320667505264,
            0.006639473140239716
        ],
        [
            0.1181207001209259,
            0.031582340598106384,
            0.011252094060182571
        ],
        [
            0.0458001010119915,
            0.07046942412853241,
            0.03998224437236786
        ],
        [
            0.01987425424158573,
            0.0852692648768425,
            0.056707002222537994
        ],
        [
            0.019041433930397034,
            0.08643157035112381,
            0.050922416150569916
        ],
        [
            0.024332480505108833,
            0.0694669783115387,
            0.04632662609219551
        ],
        [
            0.024877071380615234,
            0.06877487152814865,
            0.05317959934473038
        ],
        [
            0.04449165612459183,
            0.07423216849565506,
            0.04968491196632385
        ],
        [
            0.04338251054286957,
            0.07371580600738525,
            0.04272937774658203
        ],
        [
            0.04230467230081558,
            0.07544894516468048,
            0.044621191918849945
        ],
        [
            0.04407166689634323,
            0.07792840898036957,
            0.05041689798235893
        ],
        [
            0.08079351484775543,
            0.07126560807228088,
            0.056530773639678955
        ],
        [
            0.0841417983174324,
            0.06705282628536224,
            0.05285009741783142
        ],
        [
            0.04656423628330231,
            0.053024712949991226,
            0.06033404543995857
        ],
        [
            0.03485499322414398,
            0.048437975347042084,
            0.054617565125226974
        ],
        [
            0.03919437900185585,
            0.03989885002374649,
            0.04645923525094986
        ],
        [
            0.07891395688056946,
            0.05683133751153946,
            0.03918909281492233
        ],
        [
            0.07574041932821274,
            0.06364373862743378,
            0.04633469134569168
        ],
        [
            0.07978370040655136,
            0.06340935081243515,
            0.04729897156357765
        ],
        [
            0.054187070578336716,
            0.06722914427518845,
            0.04078541323542595
        ],
        [
            0.049379631876945496,
            0.07159437239170074,
            0.04487519711256027
        ],
        [
            0.05440632626414299,
            0.06905656307935715,
            0.04612559825181961
        ],
        [
            0.059285346418619156,
            0.06559374183416367,
            0.04207584261894226
        ],
        [
            0.11648326367139816,
            0.030380260199308395,
            0.0438162162899971
        ],
        [
            0.12108533829450607,
            0.038708169013261795,
            0.03681378439068794
        ],
        [
            0.02036251127719879,
            0.09783494472503662,
            0.04700981080532074
        ],
        [
            0.020978588610887527,
            0.09325281530618668,
            0.04664715752005577
        ],
        [
            0.08306744694709778,
            0.0494113564491272,
            0.03158082067966461
        ],
        [
            0.045858174562454224,
            0.030782796442508698,
            0.036689743399620056
        ],
        [
            0.088130883872509,
            0.04326324537396431,
            0.02342245727777481
        ],
        [
            0.08752172440290451,
            0.056648753583431244,
            0.0692032128572464
        ],
        [
            0.09142260253429413,
            0.06296476721763611,
            0.06527525931596756
        ],
        [
            0.08866392076015472,
            0.06824635714292526,
            0.06618376821279526
        ],
        [
            0.08543459326028824,
            0.06550797075033188,
            0.07072105258703232
        ],
        [
            0.03883873298764229,
            0.09116455912590027,
            0.05538691207766533
        ],
        [
            0.037333689630031586,
            0.09243957698345184,
            0.04987943172454834
        ],
        [
            0.03587658330798149,
            0.09650517255067825,
            0.05060892179608345
        ],
        [
            0.036984700709581375,
            0.09571686387062073,
            0.0562380850315094
        ],
        [
            0.039673879742622375,
            0.07173413783311844,
            0.038532406091690063
        ],
        [
            0.034624937921762466,
            0.06866540759801865,
            0.036196235567331314
        ],
        [
            0.03298458456993103,
            0.07361328601837158,
            0.03882230818271637
        ],
        [
            0.03821278735995293,
            0.07526645809412003,
            0.04136999323964119
        ],
        [
            0.029203694313764572,
            0.06595924496650696,
            0.0389370322227478
        ],
        [
            0.027477538213133812,
            0.0710354819893837,
            0.04102861136198044
        ],
        [
            0.036234527826309204,
            0.08884558826684952,
            0.060863591730594635
        ],
        [
            0.029717251658439636,
            0.0862216055393219,
            0.06359250843524933
        ],
        [
            0.03580717742443085,
            0.07208094745874405,
            0.06093316525220871
        ],
        [
            0.04092993214726448,
            0.07730670273303986,
            0.05733368545770645
        ],
        [
            0.09134818613529205,
            0.013195231556892395,
            0.04115688055753708
        ],
        [
            0.10242164880037308,
            0.01493082195520401,
            0.04160730168223381
        ],
        [
            0.09878827631473541,
            0.02678314968943596,
            0.05048695206642151
        ],
        [
            0.09558644890785217,
            0.03792823106050491,
            0.06032400578260422
        ],
        [
            0.09172581881284714,
            0.048890866339206696,
            0.06828217208385468
        ],
        [
            0.07982877641916275,
            0.04604261368513107,
            0.06957430392503738
        ],
        [
            0.1069854348897934,
            0.027371317148208618,
            0.0492728129029274
        ],
        [
            0.047012511640787125,
            0.06647507101297379,
            0.056644752621650696
        ],
        [
            0.04039508476853371,
            0.06134349852800369,
            0.05894943326711655
        ],
        [
            0.04625628888607025,
            0.06080570071935654,
            0.060160182416439056
        ],
        [
            0.09534624963998795,
            0.04517184570431709,
            0.02428419515490532
        ],
        [
            0.021407626569271088,
            0.08780894428491592,
            0.046388451009988785
        ],
        [
            0.07276799529790878,
            -0.01095212996006012,
            0.008754298090934753
        ],
        [
            0.08259354531764984,
            -0.012485899031162262,
            0.01799606904387474
        ],
        [
            0.07774054259061813,
            -0.005768723785877228,
            0.020988017320632935
        ],
        [
            0.06699303537607193,
            -0.0033686310052871704,
            0.009938348084688187
        ],
        [
            0.03245297819375992,
            0.09167950600385666,
            0.04505313187837601
        ],
        [
            0.026548093184828758,
            0.09002114832401276,
            0.043410468846559525
        ],
        [
            0.09027616679668427,
            0.06847494095563889,
            0.054455168545246124
        ],
        [
            0.08636380732059479,
            0.07211748510599136,
            0.05800165981054306
        ],
        [
            0.08837101608514786,
            0.07246021926403046,
            0.06082244589924812
        ],
        [
            0.0939665138721466,
            0.07090290635824203,
            0.057176463305950165
        ],
        [
            0.1082964837551117,
            0.015328854322433472,
            0.0402429923415184
        ],
        [
            0.11073223501443863,
            0.05925796180963516,
            0.06337279081344604
        ],
        [
            0.10242706537246704,
            0.05375285446643829,
            0.06905132532119751
        ],
        [
            0.10513734072446823,
            0.0045378729701042175,
            0.03393090143799782
        ],
        [
            0.09551439434289932,
            0.002482697367668152,
            0.033952608704566956
        ],
        [
            0.09908466041088104,
            -0.005201295018196106,
            0.029022715985774994
        ],
        [
            0.06588970124721527,
            0.05227785184979439,
            0.06869623810052872
        ],
        [
            0.08265268057584763,
            0.01407523825764656,
            0.04127888381481171
        ],
        [
            0.08785341680049896,
            0.003056943416595459,
            0.03319361060857773
        ],
        [
            0.09176758676767349,
            -0.006091602146625519,
            0.027237143367528915
        ],
        [
            0.09511619806289673,
            -0.012941703200340271,
            0.02371395379304886
        ],
        [
            0.10282038897275925,
            -0.01116912066936493,
            0.025899574160575867
        ],
        [
            0.024309229105710983,
            0.08561728894710541,
            0.061242133378982544
        ],
        [
            0.028178654611110687,
            0.09224750101566315,
            0.06383082270622253
        ],
        [
            0.10709932446479797,
            -0.01891278475522995,
            0.02368054911494255
        ],
        [
            0.09831972420215607,
            -0.02019307017326355,
            0.02077849954366684
        ],
        [
            0.07890994101762772,
            0.003669038414955139,
            0.0308509673923254
        ],
        [
            0.06838521361351013,
            0.005164332687854767,
            0.026373544707894325
        ],
        [
            0.07427387684583664,
            0.014486294239759445,
            0.038578055799007416
        ],
        [
            0.06338508427143097,
            0.01670112833380699,
            0.03515752777457237
        ],
        [
            0.05619101598858833,
            0.047165289521217346,
            0.06817862391471863
        ],
        [
            0.027804866433143616,
            0.11050768196582794,
            0.06392461806535721
        ],
        [
            0.03152313083410263,
            0.10007769614458084,
            0.06292875111103058
        ],
        [
            0.03474322333931923,
            0.10105481743812561,
            0.05819254741072655
        ],
        [
            0.031181316822767258,
            0.11127384752035141,
            0.06144978478550911
        ],
        [
            0.03435081988573074,
            0.09409219771623611,
            0.061307504773139954
        ],
        [
            0.02628619410097599,
            0.09789872169494629,
            0.06405065953731537
        ],
        [
            0.05166911706328392,
            0.02025618776679039,
            0.02612912468612194
        ],
        [
            0.05067116394639015,
            0.07177387923002243,
            0.0503300279378891
        ],
        [
            0.056481942534446716,
            0.009807992726564407,
            0.01284199208021164
        ],
        [
            0.03862480819225311,
            0.02958383411169052,
            0.018584610894322395
        ],
        [
            0.043060995638370514,
            0.02371646836400032,
            0.007022306323051453
        ],
        [
            0.06079508736729622,
            0.0010569766163825989,
            -0.0021167993545532227
        ],
        [
            0.050217367708683014,
            0.014881804585456848,
            -0.005143523216247559
        ],
        [
            0.07192318141460419,
            -0.013582289218902588,
            -0.003573179244995117
        ],
        [
            0.06705552339553833,
            -0.006536558270454407,
            -0.0013100355863571167
        ],
        [
            0.04132810980081558,
            0.030350353568792343,
            -0.0065233223140239716
        ],
        [
            0.025568880140781403,
            0.10952955484390259,
            0.048284318298101425
        ],
        [
