{
    "pred_cam": [
        6.987347602844238,
        -0.06270024925470352,
        -0.06589776277542114
    ],
    "pred_mano_params": {
        "global_orient": [
            [
                [
                    0.5787968039512634,
                    -0.1681606024503708,
                    -0.7979450225830078
                ],
                [
                    -0.69260174036026,
                    -0.617894172668457,
                    -0.3721688389778137
                ],
                [
                    -0.43046140670776367,
                    0.7680683135986328,
                    -0.47410351037979126
                ]
            ]
        ],
        "hand_pose": [
            [
                [
                    0.7439706921577454,
                    -0.6268832683563232,
                    -0.2313545048236847
                ],
                [
                    0.6176242828369141,
                    0.7772659063339233,
                    -0.11999152600765228
                ],
                [
                    0.2550446391105652,
                    -0.053619977086782455,
                    0.9654414057731628
                ]
            ],
            [
                [
                    0.9797282218933105,
                    -0.19959798455238342,
                    -0.017124876379966736
                ],
                [
                    0.18793457746505737,
                    0.9453412890434265,
                    -0.2664777934551239
                ],
                [
                    0.06937728077173233,
                    0.25785747170448303,
                    0.9636889100074768
                ]
            ],
            [
                [
                    0.9334250688552856,
                    -0.35135501623153687,
                    0.07257560640573502
                ],
                [
                    0.3504306375980377,
                    0.9362409114837646,
                    0.025520646944642067
                ],
                [
                    -0.07691505551338196,
                    0.001611103187315166,
                    0.9970362782478333
                ]
            ],
            [
                [
                    0.5127169489860535,
                    -0.8400164246559143,
                    -0.1774648129940033
                ],
                [
                    0.8576058745384216,
                    0.49135804176330566,
                    0.15191903710365295
                ],
                [
                    -0.04041571915149689,
                    -0.2300863415002823,
                    0.972330629825592
                ]
            ],
            [
                [
                    0.9735759496688843,
                    -0.03320011869072914,
                    -0.22593724727630615
                ],
                [
                    0.061365868896245956,
                    0.991019606590271,
                    0.11880422383546829
                ],
                [
                    0.2199638932943344,
                    -0.12952975928783417,
                    0.9668701887130737
                ]
            ],
            [
                [
                    0.9568294286727905,
                    -0.21734648942947388,
                    0.19297148287296295
                ],
                [
                    0.23094666004180908,
                    0.9716418981552124,
                    -0.05075148493051529
                ],
                [
                    -0.17646852135658264,
                    0.09312663227319717,
                    0.9798910021781921
                ]
            ],
            [
                [
                    0.5388395190238953,
                    -0.7646828293800354,
                    0.3534289300441742
                ],
                [
                    0.5701202154159546,
                    0.6398915648460388,
                    0.5152685046195984
                ],
                [
                    -0.6201732754707336,
                    -0.076150082051754,
                    0.7807599902153015
                ]
            ],
            [
                [
                    0.9695830941200256,
                    -0.14469853043556213,
                    -0.1974106878042221
                ],
                [
                    0.1401483416557312,
                    0.9894425272941589,
                    -0.036904964596033096
                ],
                [
                    0.200666606426239,
                    0.008115652948617935,
                    0.9796259999275208
                ]
            ],
            [
                [
                    0.9872417449951172,
                    -0.014353597536683083,
                    0.15857957303524017
                ],
                [
                    -0.0680379569530487,
                    0.86240154504776,
                    0.501631498336792
                ],
                [
                    -0.14395953714847565,
                    -0.5060211420059204,
                    0.850422203540802
                ]
            ],
            [
                [
                    0.4876585900783539,
                    -0.8524860739707947,
                    0.18829917907714844
                ],
                [
                    0.837918758392334,
                    0.5175831913948059,
                    0.17320413887500763
                ],
                [
                    -0.24511462450027466,
                    0.07331494987010956,
                    0.9667179584503174
                ]
            ],
            [
                [
                    0.9828126430511475,
                    -0.09224765747785568,
                    -0.15990504622459412
                ],
                [
                    0.13441744446754456,
                    0.9513185024261475,
                    0.2773537039756775
                ],
                [
                    0.12653538584709167,
                    -0.2940807640552521,
                    0.9473675489425659
                ]
            ],
            [
                [
                    0.93292236328125,
                    -0.2321675419807434,
                    0.27523455023765564
                ],
                [
                    0.18253859877586365,
                    0.9638131856918335,
                    0.1942773014307022
                ],
                [
                    -0.31037962436676025,
                    -0.1310047209262848,
                    0.941542387008667
                ]
            ],
            [
                [
                    0.8666523098945618,
                    -0.09749467670917511,
                    -0.4892939031124115
                ],
                [
                    -0.41240671277046204,
                    0.41193172335624695,
                    -0.8125472068786621
                ],
                [
                    0.28077468276023865,
                    0.9059840440750122,
                    0.31679412722587585
                ]
            ],
            [
                [
                    0.8735566139221191,
                    -0.4814073145389557,
                    -0.0717352032661438
                ],
                [
                    0.4636339247226715,
                    0.7781752347946167,
                    0.42365893721580505
                ],
                [
                    -0.1481299251317978,
                    -0.4033489227294922,
                    0.9029768705368042
                ]
            ],
            [
                [
                    0.997714638710022,
                    -0.026576390489935875,
                    0.06212187930941582
                ],
                [
                    0.055530913174152374,
                    0.846300482749939,
                    -0.5298035740852356
                ],
                [
                    -0.03849351033568382,
                    0.5320425033569336,
                    0.845842182636261
                ]
            ]
        ],
        "betas": [
            0.1482381969690323,
            0.008561849594116211,
            0.02392113208770752,
            -0.01290103793144226,
            0.023651123046875,
            -0.017933126538991928,
            0.0090273916721344,
            -0.029629677534103394,
            0.010445162653923035,
            -0.07693785429000854
        ]
    },
    "pred_cam_t": [
        -0.06270024925470352,
        -0.06589776277542114,
        5.590461730957031
    ],
    "focal_length": [
        5000.0,
        5000.0
    ],
    "pred_keypoints_3d": [
        [
            0.09501420706510544,
            0.006319966167211533,
            0.006141305435448885
        ],
        [
            0.06331977248191833,
            0.022858303040266037,
            -0.007483289111405611
        ],
        [
            0.04649503529071808,
            0.048209019005298615,
            -0.004667531233280897
        ],
        [
            0.03999790921807289,
            0.07388968020677567,
            0.0001460420899093151
        ],
        [
            0.03642839565873146,
            0.10923513025045395,
            -0.00219737458974123
        ],
        [
            0.028906218707561493,
            0.062484730035066605,
            0.03007538616657257
        ],
        [
            0.02116744965314865,
            0.09430111944675446,
            0.03161017969250679
        ],
        [
            0.022668689489364624,
            0.11579737067222595,
            0.027043987065553665
        ],
        [
            0.027520563453435898,
            0.13784067332744598,
            0.016359176486730576
        ],
        [
            0.043507061898708344,
            0.07358168065547943,
            0.04705025628209114
        ],
        [
            0.04207509011030197,
            0.10305483639240265,
            0.036003805696964264
        ],
        [
            0.04714299365878105,
            0.12324955314397812,
            0.025997404009103775
        ],
        [
            0.04800174757838249,
            0.14518804848194122,
            0.01272805780172348
        ],
        [
            0.06976485252380371,
            0.07483720779418945,
            0.0506119467318058
        ],
        [
            0.06245320290327072,
            0.09981057047843933,
            0.038722023367881775
        ],
        [
            0.06620628386735916,
            0.12040624022483826,
            0.025818530470132828
        ],
        [
            0.06329227983951569,
            0.13920728862285614,
            0.009579122066497803
        ],
        [
            0.09129507839679718,
            0.07570917904376984,
            0.04830014333128929
        ],
        [
            0.08554259687662125,
            0.09466828405857086,
            0.04149376228451729
        ],
        [
            0.08411084115505219,
            0.1120331734418869,
            0.034474607557058334
        ],
        [
            0.07920461893081665,
            0.1294451206922531,
            0.022266695275902748
        ]
    ],
    "pred_vertices": [
        [
            0.05731317773461342,
            0.0436365120112896,
            0.00789635255932808
        ],
        [
            0.0651615709066391,
            0.03633858263492584,
            0.003325924277305603
        ],
        [
            0.05925619974732399,
            0.04218198359012604,
            0.003641989082098007
        ],
        [
            0.05033338442444801,
            0.04693586379289627,
            0.006382744759321213
        ],
        [
            0.07066907733678818,
            0.04011119529604912,
            -0.012278549373149872
        ],
        [
            0.0660274550318718,
            0.03502846881747246,
            -0.022322554141283035
        ],
        [
            0.05647378787398338,
            0.04845547676086426,
            -0.017535485327243805
        ],
        [
            0.06337438523769379,
            0.05063449218869209,
            -0.00986187532544136
        ],
        [
            0.044636230915784836,
            0.04930102825164795,
            0.007547419518232346
        ],
        [
            0.05441829934716225,
            0.0478680320084095,
            0.0038685277104377747
        ],
        [
            0.04247904568910599,
            0.04833005368709564,
            0.010301493108272552
        ],
        [
            0.031229311600327492,
            0.045736975967884064,
            0.016306288540363312
        ],
        [
            0.03549571335315704,
            0.050021737813949585,
            0.012405440211296082
        ],
        [
            0.025907687842845917,
            0.04807758331298828,
            0.021689482033252716
        ],
        [
            0.03151889145374298,
            0.0357859767973423,
            0.018974795937538147
        ],
        [
            0.026413556188344955,
            0.04375600814819336,
            0.029788201674818993
        ],
        [
            0.05111698806285858,
            0.0299764983355999,
            0.03598644584417343
        ],
        [
            0.0634474903345108,
            0.0320129320025444,
            0.04126739501953125
        ],
        [
            0.05511032044887543,
            0.04510928690433502,
            0.04996407777070999
        ],
        [
            0.04359584301710129,
            0.042319998145103455,
            0.0429241806268692
        ],
        [
            0.07597522437572479,
            0.04657268151640892,
            0.05066843703389168
        ],
        [
            0.06413979828357697,
            0.04638820141553879,
            0.05068869888782501
        ],
        [
            0.07218867540359497,
            0.03258947283029556,
            0.04318641498684883
        ],
        [
            0.08234259486198425,
            0.03351745009422302,
            0.043349623680114746
        ],
        [
            0.07158758491277695,
            0.042122241109609604,
            0.011599903926253319
        ],
        [
            0.07840089499950409,
            0.034959107637405396,
            0.006204910576343536
        ],
        [
            0.07299888879060745,
            0.03373114764690399,
            0.005205161869525909
        ],
        [
            0.06647412478923798,
            0.04141812026500702,
            0.010010616853833199
        ],
        [
            0.03896307945251465,
            0.05087694525718689,
            0.005937553942203522
        ],
        [
            0.035913120955228806,
            0.03704333305358887,
            0.005576262250542641
        ],
        [
            0.0376729890704155,
            0.04232562333345413,
            0.010170890018343925
        ],
        [
            0.0433216355741024,
            0.05388926714658737,
            0.007214577868580818
        ],
        [
            0.10194295644760132,
            0.025510434061288834,
            -0.006663888692855835
        ],
        [
            0.10593271255493164,
            0.012802429497241974,
            -0.00819656252861023
        ],
        [
            0.10082228481769562,
            0.010770812630653381,
            -0.010295279324054718
        ],
        [
            0.09813323616981506,
            0.022487439215183258,
            -0.008218009024858475
        ],
        [
            0.08105748891830444,
            0.014979220926761627,
            -0.021668020635843277
        ],
        [
            0.08565142005681992,
            0.0047582536935806274,
            -0.018295563757419586
        ],
        [
            0.07921105623245239,
            -0.006807982921600342,
            -0.017765725031495094
        ],
        [
            0.07192295789718628,
            0.0020763687789440155,
            -0.019536932930350304
        ],
        [
            0.07367762923240662,
            0.025630183517932892,
            -0.02313978597521782
        ],
        [
            0.06549383699893951,
            0.01495538279414177,
            -0.02438553422689438
        ],
        [
            0.057507097721099854,
            0.028098173439502716,
            -0.024558942764997482
        ],
        [
            0.04842489957809448,
            0.0446949228644371,
            -0.019852202385663986
        ],
        [
            0.1163979023694992,
            0.01527068018913269,
            -0.0014333054423332214
        ],
        [
            0.11516919732093811,
            0.025201592594385147,
            0.0002192482352256775
        ],
        [
            0.02131117507815361,
            0.09799187630414963,
            0.0204406026750803
        ],
        [
            0.02663573808968067,
            0.09943025559186935,
            0.022403713315725327
        ],
        [
            0.027082782238721848,
            0.09394127130508423,
            0.02173333801329136
        ],
        [
            0.021552642807364464,
            0.09345147013664246,
            0.02033260092139244
        ],
        [
            0.1201612800359726,
            0.01580265909433365,
            0.018265966325998306
        ],
        [
            0.11690196394920349,
            0.010351002216339111,
            0.025994013994932175
        ],
        [
            0.12136630713939667,
            0.006109386682510376,
            0.02217615395784378
        ],
        [
            0.12302570044994354,
            0.0103130042552948,
            0.01399938017129898
        ],
        [
            0.11626799404621124,
            0.023056760430336,
            0.023819565773010254
        ],
        [
            0.11037945002317429,
            0.01645829528570175,
            0.030643340200185776
        ],
        [
            0.013123614713549614,
            0.09880053997039795,
            0.029903635382652283
        ],
        [
            0.01370735839009285,
            0.09842167049646378,
            0.024852411821484566
        ],
        [
            0.013452383689582348,
            0.0932186171412468,
            0.026333779096603394
        ],
        [
            0.013718903064727783,
            0.09300936758518219,
            0.03163247928023338
        ],
        [
            0.042061448097229004,
            0.05153036117553711,
            0.010187134146690369
        ],
        [
            0.05078604817390442,
            0.05096059665083885,
            0.011251870542764664
        ],
        [
            0.03359154611825943,
            0.0630001649260521,
            0.01853024587035179
        ],
        [
            0.04062628746032715,
            0.058573853224515915,
            0.01699129119515419
        ],
        [
            0.03500904515385628,
            0.055206820368766785,
            0.014735991135239601
        ],
        [
            0.029317297041416168,
            0.05886359512805939,
            0.01718120090663433
        ],
        [
            0.06290093064308167,
            0.05893496423959732,
            0.024212053045630455
        ],
        [
            0.06854505836963654,
            0.05047430843114853,
            0.018741875886917114
        ],
        [
            0.06218140572309494,
            0.05035103112459183,
            0.01724132150411606
        ],
        [
            0.054699551314115524,
            0.059765689074993134,
            0.021868236362934113
        ],
        [
            0.08197063207626343,
            0.05392398312687874,
            0.0209914892911911
        ],
        [
            0.0752573013305664,
            0.061627693474292755,
            0.02659449353814125
        ],
        [
            0.0836934894323349,
            0.06257116794586182,
            0.027250202372670174
        ],
        [
            0.08712386339902878,
            0.05756755545735359,
            0.02236194536089897
        ],
        [
            0.06112484261393547,
            0.07267561554908752,
            0.03540996462106705
        ],
        [
            0.05756966769695282,
            0.07575671374797821,
            0.03774714097380638
        ],
        [
            0.060844603925943375,
            0.07711238414049149,
            0.03779309615492821
        ],
        [
            0.06480168551206589,
            0.07296564429998398,
            0.035922810435295105
        ],
        [
            0.1252290904521942,
            0.0010940656065940857,
            0.01903952658176422
        ],
        [
            0.12489977478981018,
            0.00459134578704834,
            0.009945325553417206
        ],
        [
            0.09724485874176025,
            0.05063379555940628,
            0.04905136674642563
        ],
        [
            0.10593145340681076,
            0.05212446302175522,
            0.0422806590795517
        ],
        [
            0.10231949388980865,
            0.0634254738688469,
            0.04839639365673065
        ],
        [
            0.09370233863592148,
            0.05874800309538841,
            0.05490664765238762
        ],
        [
            0.10879091918468475,
            0.005544520914554596,
            0.03012426383793354
        ],
        [
            0.1148972436785698,
            0.001192435622215271,
            0.02796429581940174
        ],
        [
            0.016165507957339287,
            0.09982764720916748,
            0.03519309684634209
        ],
        [
            0.017362793907523155,
            0.0939781442284584,
            0.036271899938583374
        ],
        [
            0.051088009029626846,
            0.01728249341249466,
            -0.018813230097293854
        ],
        [
            0.04143419861793518,
            0.038366056978702545,
            -0.01685314252972603
        ],
        [
            0.06092819571495056,
            0.002680383622646332,
            -0.015842273831367493
        ],
        [
            0.06838443875312805,
            -0.006638824939727783,
            -0.011197598651051521
        ],
        [
            0.07424730807542801,
            -0.014602936804294586,
            -0.009677434340119362
        ],
        [
            0.04370579123497009,
            0.06281836330890656,
            0.020851075649261475
        ],
        [
            0.05912573263049126,
            0.04786616563796997,
            0.012877412140369415
        ],
        [
            0.07640880346298218,
            0.04312204569578171,
            0.012777945026755333
        ],
        [
            0.1039205938577652,
            0.05512462556362152,
            0.018764637410640717
        ],
        [
            0.10859733074903488,
            0.04774829372763634,
            0.013142243027687073
        ],
        [
            0.0981970801949501,
            0.048425350338220596,
            0.011059645563364029
        ],
        [
            0.09616098552942276,
            0.05439099296927452,
            0.01694442331790924
        ],
        [
            0.10884994268417358,
            0.057712621986866,
            0.03455686941742897
        ],
        [
            0.1049184501171112,
            0.0613868311047554,
            0.028621315956115723
        ],
        [
            0.10142545402050018,
            0.06744612008333206,
            0.033490702509880066
        ],
        [
            0.10495879501104355,
            0.06585827469825745,
            0.040122322738170624
        ],
        [
            0.034029942005872726,
            0.049833156168460846,
            0.0005991961807012558
        ],
        [
            0.03476974368095398,
            0.03323676437139511,
            -0.00019260123372077942
        ],
        [
            0.1200655996799469,
            0.020496971905231476,
            0.008858457207679749
        ],
        [
            0.12070922553539276,
            0.013888999819755554,
            0.004875015467405319
        ],
        [
            0.12290934473276138,
            0.006020382046699524,
            0.0026499107480049133
        ],
        [
            0.08920952677726746,
            0.029925648123025894,
            -0.0016987137496471405
        ],
        [
            0.09549008309841156,
            0.02045949548482895,
            -0.009573917835950851
        ],
        [
            0.0914749950170517,
            0.020046520978212357,
            -0.011670377105474472
        ],
        [
            0.0860806405544281,
            0.02814965695142746,
            -0.0019725263118743896
        ],
        [
            0.07393676042556763,
            0.032879967242479324,
            -0.003133010119199753
        ],
        [
            0.07921702414751053,
            0.02909817174077034,
            -0.014267660677433014
        ],
        [
            0.06838707625865936,
            0.041952744126319885,
            -0.0009971745312213898
        ],
        [
            0.09467117488384247,
            0.0068788304924964905,
            -0.014045268297195435
        ],
        [
            0.10452421009540558,
            0.0018584653735160828,
            -0.013617098331451416
        ],
        [
            0.09703041613101959,
            -0.0019168183207511902,
            -0.01634024828672409
        ],
        [
            0.11263946443796158,
            0.0043655261397361755,
            -0.008886609226465225
        ],
        [
            0.11932094395160675,
            0.006074473261833191,
            -0.003361303359270096
        ],
        [
            0.12019328773021698,
            -0.005426481366157532,
            0.027578463777899742
        ],
        [
            0.089583620429039,
            -0.005252920091152191,
            -0.01729496940970421
        ],
        [
            0.05737782269716263,
            0.05717881768941879,
            -0.008369062095880508
        ],
        [
            0.05269097164273262,
            0.06340231001377106,
            -0.007305711507797241
        ],
        [
            0.05384126305580139,
            0.06163575500249863,
            0.0001433044672012329
        ],
        [
            0.05816619470715523,
            0.055391326546669006,
            -0.00010767951607704163
        ],
        [
            0.021417124196887016,
            0.054181113839149475,
            0.02661900967359543
        ],
        [
            0.02443479560315609,
            0.05690062791109085,
            0.019922196865081787
        ],
        [
            0.0294407457113266,
            0.051037997007369995,
            0.01585075818002224
        ],
        [
            0.10165940970182419,
            0.03519206866621971,
            -0.00030625611543655396
        ],
        [
            0.1129644364118576,
            0.03457252308726311,
            0.00502510741353035
        ],
        [
            0.03673559054732323,
            0.0670158639550209,
            0.022488746792078018
        ],
        [
            0.014355989173054695,
            0.08779074251651764,
            0.033583078533411026
        ],
        [
            0.013753323815762997,
            0.08752989768981934,
            0.027707414701581
        ],
        [
            0.017107563093304634,
            0.06884486973285675,
            0.027450066059827805
        ],
        [
            0.01731232926249504,
            0.06992273777723312,
            0.03425530716776848
        ],
        [
            0.03626086562871933,
            0.07246571779251099,
            0.03085750713944435
        ],
        [
            0.035606466233730316,
            0.07010889053344727,
            0.024223366752266884
        ],
        [
            0.03534607216715813,
            0.07204870879650116,
            0.02563449740409851
        ],
        [
            0.03728726506233215,
            0.07564117014408112,
            0.030751368030905724
        ],
        [
            0.07020110636949539,
            0.07685669511556625,
            0.03806290775537491
        ],
        [
            0.0735137015581131,
            0.07301735877990723,
            0.03619324043393135
        ],
        [
            0.037884242832660675,
            0.056852053850889206,
            0.046752799302339554
        ],
        [
            0.026898011565208435,
            0.0499720424413681,
            0.04267317056655884
        ],
        [
            0.03326256945729256,
            0.040073543787002563,
            0.03704820200800896
        ],
        [
            0.07016339898109436,
            0.05964445322751999,
            0.025492610409855843
        ],
        [
            0.06583648920059204,
            0.06731746345758438,
            0.03065480664372444
        ],
        [
            0.06979936361312866,
            0.06791140884160995,
            0.03162235766649246
        ],
        [
            0.0445670485496521,
            0.06594106554985046,
            0.024284392595291138
        ],
        [
            0.039799291640520096,
            0.06966947019100189,
            0.027043774724006653
        ],
        [
            0.04427565634250641,
            0.06914100795984268,
            0.028908761218190193
        ],
        [
            0.049682505428791046,
            0.06580984592437744,
            0.025947581976652145
        ],
        [
            0.11019514501094818,
            0.04105439409613609,
            0.03648165240883827
        ],
        [
            0.11381703615188599,
            0.047899652272462845,
            0.027787774801254272
        ],
        [
            0.016673574224114418,
            0.0978819727897644,
            0.021391689777374268
        ],
        [
            0.01653016358613968,
            0.09302815794944763,
            0.022133037447929382
        ],
        [
            0.07553769648075104,
            0.051360372453927994,
            0.020049503073096275
        ],
        [
            0.04164891690015793,
            0.030028123408555984,
            0.0295755323022604
        ],
        [
            0.08165423572063446,
            0.044277373701334,
            0.01374281570315361
        ],
        [
            0.07710038125514984,
            0.06840828061103821,
            0.054197534918785095
        ],
        [
            0.08041872829198837,
            0.07381198555231094,
            0.04879048839211464
        ],
        [
            0.07757408916950226,
            0.07845652848482132,
            0.04770634323358536
        ],
        [
            0.07427950203418732,
            0.0768740326166153,
            0.052401795983314514
        ],
        [
            0.03371301293373108,
            0.09046200662851334,
            0.03188319131731987
        ],
        [
            0.03251434862613678,
            0.09044408053159714,
            0.026170775294303894
        ],
        [
            0.03157166764140129,
            0.09502861648797989,
            0.025881413370370865
        ],
        [
            0.03246225416660309,
            0.095447838306427,
            0.03148684278130531
        ],
        [
            0.03202131763100624,
            0.06746023148298264,
            0.02041383646428585
        ],
        [
            0.026889994740486145,
            0.06428270787000656,
            0.018744371831417084
        ],
        [
            0.02627055160701275,
            0.06987518072128296,
            0.01976194977760315
        ],
        [
            0.031482797116041183,
            0.07154262810945511,
            0.022211406379938126
        ],
        [
            0.02180873416364193,
            0.06274578720331192,
            0.021744241937994957
        ],
        [
            0.02059030346572399,
            0.06860948354005814,
            0.022201379761099815
        ],
        [
            0.030686262995004654,
            0.0899912640452385,
            0.03755072504281998
        ],
        [
            0.023904990404844284,
            0.08904420584440231,
            0.04046504944562912
        ],
        [
            0.028169715777039528,
            0.07380171120166779,
            0.04176502674818039
        ],
        [
            0.034027595072984695,
            0.07723704725503922,
            0.03740306571125984
        ],
        [
            0.08821868896484375,
            0.02056824043393135,
            0.037922825664281845
        ],
        [
            0.09877198934555054,
            0.023886196315288544,
            0.0380118191242218
        ],
        [
            0.09322591871023178,
            0.03680264204740524,
            0.04364032670855522
        ],
        [
            0.08812472224235535,
            0.04936794936656952,
            0.05053841695189476
        ],
        [
            0.08236491680145264,
            0.06122303009033203,
            0.055739954113960266
        ],
        [
            0.07091841846704483,
            0.05742885172367096,
            0.05766601860523224
        ],
        [
            0.10119149088859558,
            0.03818651661276817,
            0.04240591824054718
        ],
        [
            0.037359386682510376,
            0.06830528378486633,
            0.03910365700721741
        ],
        [
            0.031538207083940506,
            0.06355094909667969,
            0.04297574982047081
        ],
        [
            0.03676128014922142,
            0.06436623632907867,
            0.04397083818912506
        ],
        [
            0.08840478211641312,
            0.047305360436439514,
            0.014161352068185806
        ],
        [
            0.016344532370567322,
            0.08735157549381256,
            0.023163849487900734
        ],
        [
            0.07432515174150467,
            -0.012587502598762512,
            0.012458059936761856
        ],
        [
            0.08410917222499847,
            -0.010617353022098541,
            0.021854033693671227
        ],
        [
            0.07823295891284943,
            -0.004192188382148743,
            0.02300313115119934
        ],
        [
            0.06720831245183945,
            -0.005686283111572266,
            0.011535000056028366
        ],
        [
            0.027761798352003098,
            0.08912928402423859,
            0.02146562747657299
        ],
        [
            0.021755749359726906,
            0.08800715208053589,
            0.020002879202365875
        ],
        [
            0.07929564267396927,
            0.0756755918264389,
            0.03736875206232071
        ],
        [
            0.07539130002260208,
            0.07900989055633545,
            0.03930763155221939
        ],
        [
            0.07735888659954071,
            0.08033968508243561,
            0.04155358672142029
        ],
        [
            0.08256420493125916,
            0.07921092212200165,
            0.03922536224126816
        ],
        [
            0.10449055582284927,
            0.024750057607889175,
            0.03668387979269028
        ],
        [
            0.09979264438152313,
            0.07221052795648575,
            0.048463109880685806
        ],
        [
            0.0920570120215416,
            0.0672769770026207,
            0.05520641803741455
        ],
        [
            0.10317249596118927,
            0.012545265257358551,
            0.03319547325372696
        ],
        [
            0.09406179189682007,
            0.009231895208358765,
            0.033667366951704025
        ],
        [
            0.09881873428821564,
            0.0012551620602607727,
            0.030801381915807724
        ],
        [
            0.05673562362790108,
            0.061097629368305206,
            0.05468801409006119
        ],
        [
            0.0796070396900177,
            0.02018856629729271,
            0.037789955735206604
        ],
        [
            0.08654448390007019,
            0.008506715297698975,
            0.03275904059410095
        ],
        [
            0.09188707172870636,
            -0.0010455623269081116,
            0.02927577681839466
        ],
        [
            0.09623058140277863,
            -0.007938884198665619,
            0.027577834203839302
        ],
        [
            0.10342617332935333,
            -0.004628479480743408,
            0.029245398938655853
        ],
        [
            0.01864704117178917,
            0.08865119516849518,
            0.038056645542383194
        ],
        [
            0.023136207833886147,
            0.09515067934989929,
            0.03913043066859245
        ],
        [
            0.10877285152673721,
            -0.01193419098854065,
            0.02902250550687313
        ],
        [
            0.1004907563328743,
            -0.015096873044967651,
            0.026505377143621445
        ],
        [
            0.07780285179615021,
            0.0072799548506736755,
            0.030250901356339455
        ],
        [
            0.06717278063297272,
            0.006218157708644867,
            0.025415845215320587
        ],
        [
            0.07148490101099014,
            0.018742918968200684,
            0.035059262067079544
        ],
        [
            0.06056118756532669,
            0.018512103706598282,
            0.03114517405629158
        ],
        [
            0.04762320965528488,
            0.0548875629901886,
            0.05616132542490959
        ],
        [
            0.025208432227373123,
            0.11305219680070877,
            0.03553158417344093
        ],
        [
            0.027325507253408432,
            0.10212510079145432,
            0.03701014444231987
        ],
        [
            0.030821459367871284,
            0.10150150209665298,
            0.032460279762744904
        ],
        [
            0.028838224709033966,
            0.1125774085521698,
            0.03339191526174545
        ],
        [
            0.029509149491786957,
            0.0954483300447464,
            0.036568522453308105
        ],
        [
            0.021874496713280678,
            0.10107514262199402,
            0.03820820897817612
        ],
        [
            0.04883228614926338,
            0.01857391744852066,
            0.02169228345155716
        ],
        [
            0.04038124904036522,
            0.07178159803152084,
            0.03196444734930992
        ],
        [
            0.05466024950146675,
            0.006729245185852051,
            0.011009201407432556
        ],
        [
            0.03637266531586647,
            0.02511335164308548,
            0.0134976115077734
        ],
        [
            0.04102499037981033,
            0.018557928502559662,
            0.0034038089215755463
        ],
        [
            0.06026711314916611,
            -0.0038779154419898987,
            -0.0017520226538181305
        ],
        [
            0.04831007122993469,
            0.009232141077518463,
            -0.007273554801940918
        ],
        [
            0.07430283725261688,
            -0.01796126365661621,
            0.0011914968490600586
        ],
        [
            0.06803634017705917,
            -0.010950282216072083,
            0.0012997835874557495
        ],
        [
            0.03939715027809143,
            0.025279562920331955,
            -0.009543303400278091
        ],
        [
            0.023876195773482323,
            0.10853739082813263,
            0.020463693886995316
        ],
        [
