{
    "pred_cam": [
        12.498597145080566,
        -0.13826987147331238,
        0.0019270963966846466
    ],
    "pred_mano_params": {
        "global_orient": [
            [
                [
                    -0.007306573912501335,
                    -0.999674916267395,
                    -0.024423403665423393
                ],
                [
                    0.291471004486084,
                    0.02123442105948925,
                    -0.9563438892364502
                ],
                [
                    0.9565517902374268,
                    -0.014106311835348606,
                    0.29122111201286316
                ]
            ]
        ],
        "hand_pose": [
            [
                [
                    0.44406095147132874,
                    -0.8928260207176208,
                    -0.07530990242958069
                ],
                [
                    0.8842263221740723,
                    0.4502558708190918,
                    -0.12415088713169098
                ],
                [
                    0.14475387334823608,
                    -0.011460443027317524,
                    0.9894012808799744
                ]
            ],
            [
                [
                    0.7544335722923279,
                    -0.6473885178565979,
                    0.1082509309053421
                ],
                [
                    0.6495988368988037,
                    0.7127800583839417,
                    -0.2645108699798584
                ],
                [
                    0.09408217668533325,
                    0.26987552642822266,
                    0.9582880139350891
                ]
            ],
            [
                [
                    0.707707941532135,
                    -0.7002653479576111,
                    0.09369082003831863
                ],
                [
                    0.6854968070983887,
                    0.7126976847648621,
                    0.14884954690933228
                ],
                [
                    -0.17100737988948822,
                    -0.041117243468761444,
                    0.9844114780426025
                ]
            ],
            [
                [
                    0.4026455879211426,
                    -0.8815760016441345,
                    -0.2463744729757309
                ],
                [
                    0.9087461233139038,
                    0.4172738492488861,
                    -0.00793909840285778
                ],
                [
                    0.10980454087257385,
                    -0.22069519758224487,
                    0.9691421985626221
                ]
            ],
            [
                [
                    0.7987483739852905,
                    -0.5855826139450073,
                    -0.1381814181804657
                ],
                [
                    0.6011913418769836,
                    0.7676718235015869,
                    0.22192110121250153
                ],
                [
                    -0.023875145241618156,
                    -0.2603325843811035,
                    0.9652238488197327
                ]
            ],
            [
                [
                    0.7058525681495667,
                    -0.7083392143249512,
                    -0.005258766934275627
                ],
                [
                    0.7082852721214294,
                    0.7056529521942139,
                    0.019644536077976227
                ],
                [
                    -0.010204131714999676,
                    -0.017590854316949844,
                    0.9997931718826294
                ]
            ],
            [
                [
                    0.3788955509662628,
                    -0.9127569794654846,
                    -0.1526855230331421
                ],
                [
                    0.8754655122756958,
                    0.3000396192073822,
                    0.3788619637489319
                ],
                [
                    -0.2999971807003021,
                    -0.2772200107574463,
                    0.9127709865570068
                ]
            ],
            [
                [
                    0.9592499136924744,
                    -0.2707875370979309,
                    0.08070750534534454
                ],
                [
                    0.24013325572013855,
                    0.9317915439605713,
                    0.2722141742706299
                ],
                [
                    -0.14891476929187775,
                    -0.241740882396698,
                    0.9588460326194763
                ]
            ],
            [
                [
                    0.9698753356933594,
                    -0.21376655995845795,
                    0.11681438982486725
                ],
                [
                    0.1692993938922882,
                    0.9362887740135193,
                    0.30773523449897766
                ],
                [
                    -0.17515552043914795,
                    -0.2786882519721985,
                    0.9442739486694336
                ]
            ],
            [
                [
                    0.3054805397987366,
                    -0.9467503428459167,
                    -0.10171212255954742
                ],
                [
                    0.9519758820533752,
                    0.30597078800201416,
                    0.011130264028906822
                ],
                [
                    0.020583361387252808,
                    -0.10022755712270737,
                    0.9947516322135925
                ]
            ],
            [
                [
                    0.9299135208129883,
                    -0.35528597235679626,
                    0.09504064917564392
                ],
                [
                    0.26966044306755066,
                    0.8343905806541443,
                    0.48070335388183594
                ],
                [
                    -0.2500881552696228,
                    -0.4213838279247284,
                    0.871717631816864
                ]
            ],
            [
                [
                    0.8112338781356812,
                    -0.5847064256668091,
                    -0.00424481276422739
                ],
                [
                    0.5756407976150513,
                    0.7973394393920898,
                    0.18134905397891998
                ],
                [
                    -0.10265140235424042,
                    -0.14955997467041016,
                    0.9834096431732178
                ]
            ],
            [
                [
                    0.9985273480415344,
                    0.022389568388462067,
                    -0.04941633343696594
                ],
                [
                    -0.05208658054471016,
                    0.6504082679748535,
                    -0.7577970027923584
                ],
                [
                    0.015174072235822678,
                    0.7592548727989197,
                    0.6506166458129883
                ]
            ],
            [
                [
                    0.9065082669258118,
                    -0.41070812940597534,
                    -0.09778360277414322
                ],
                [
                    0.4189970791339874,
                    0.8467704057693481,
                    0.3277517557144165
                ],
                [
                    -0.05181005969643593,
                    -0.3380807042121887,
                    0.9396898746490479
                ]
            ],
            [
                [
                    0.858608067035675,
                    -0.08615899085998535,
                    -0.5053402781486511
                ],
                [
                    -0.16029609739780426,
                    0.891218900680542,
                    -0.4243043065071106
                ],
                [
                    0.4869263768196106,
                    0.4453151822090149,
                    0.7513967752456665
                ]
            ]
        ],
        "betas": [
            -0.016007930040359497,
            0.01494172215461731,
            -0.015792399644851685,
            -0.033732086420059204,
            -0.025767117738723755,
            -0.023988094180822372,
            0.01595693826675415,
            -0.06484249234199524,
            0.05564133822917938,
            -0.05524858832359314
        ]
    },
    "pred_cam_t": [
        -0.13826987147331238,
        0.0019270963966846466,
        3.1253507137298584
    ],
    "focal_length": [
        5000.0,
        5000.0
    ],
    "pred_keypoints_3d": [
        [
            0.09575458616018295,
            0.006374310702085495,
            0.0061971889808773994
        ],
        [
            0.11086050420999527,
            -0.025642316788434982,
            -0.009119591675698757
        ],
        [
            0.12700776755809784,
            -0.04712566360831261,
            -0.024163618683815002
        ],
        [
            0.1446196287870407,
            -0.056847769767045975,
            -0.042351216077804565
        ],
        [
            0.16275379061698914,
            -0.05480125918984413,
            -0.0725436881184578
        ],
        [
            0.10107424855232239,
            -0.039241109043359756,
            -0.07203545421361923
        ],
        [
            0.1286516934633255,
            -0.042683880776166916,
            -0.089903324842453
        ],
        [
            0.14934459328651428,
            -0.036705244332551956,
            -0.08447079360485077
        ],
        [
            0.16197508573532104,
            -0.028504399582743645,
            -0.06505441665649414
        ],
        [
            0.09795987606048584,
            -0.018063683062791824,
            -0.08539609611034393
        ],
        [
            0.12580502033233643,
            -0.013541731052100658,
            -0.09998773038387299
        ],
        [
            0.1477421224117279,
            -0.0105733722448349,
            -0.09274497628211975
        ],
        [
            0.16332748532295227,
            -0.010911323130130768,
            -0.07276156544685364
        ],
        [
            0.1009310707449913,
            0.007988214492797852,
            -0.0797710046172142
        ],
        [
            0.127547949552536,
            0.010076936334371567,
            -0.0907774269580841
        ],
        [
            0.1519685983657837,
            0.010139482095837593,
            -0.08633400499820709
        ],
        [
            0.1727098524570465,
            0.006110241636633873,
            -0.07243846356868744
        ],
        [
            0.10727207362651825,
            0.027472278103232384,
            -0.07209645956754684
        ],
        [
            0.1271127313375473,
            0.031754110008478165,
            -0.0780261904001236
        ],
        [
            0.14597684144973755,
            0.03181161731481552,
            -0.07607900351285934
        ],
        [
            0.16456018388271332,
            0.027178620919585228,
            -0.07071494311094284
        ]
    ],
    "pred_vertices": [
        [
            0.11317671835422516,
            -0.024249162524938583,
            -0.03682096675038338
        ],
        [
            0.115201935172081,
            -0.020480435341596603,
            -0.02723221480846405
        ],
        [
            0.12031204998493195,
            -0.028534332290291786,
            -0.03155800700187683
        ],
        [
            0.11684272438287735,
            -0.032689690589904785,
            -0.04023000970482826
        ],
        [
            0.12932109832763672,
            -0.023174963891506195,
            -0.011667974293231964
        ],
        [
            0.12902545928955078,
            -0.02991977334022522,
            -0.001170724630355835
        ],
        [
            0.13552477955818176,
            -0.0398494154214859,
            -0.012328416109085083
        ],
        [
            0.13551965355873108,
            -0.03181717172265053,
            -0.019154056906700134
        ],
        [
            0.1182590052485466,
            -0.03986687213182449,
            -0.043092746287584305
        ],
        [
            0.12426897883415222,
            -0.03475398197770119,
            -0.035071585327386856
        ],
        [
            0.1164521649479866,
            -0.04388723522424698,
            -0.04240138828754425
        ],
        [
            0.10456715524196625,
            -0.04799067601561546,
            -0.049702003598213196
        ],
        [
            0.11043836921453476,
            -0.04363034665584564,
            -0.05003181844949722
        ],
        [
            0.09940899163484573,
            -0.04883045703172684,
            -0.05691387504339218
        ],
        [
            0.09524780511856079,
            -0.047444384545087814,
            -0.043443020433187485
        ],
        [
            0.09004373848438263,
            -0.04620063677430153,
            -0.05881217494606972
        ],
        [
            0.07994966953992844,
            -0.02115068957209587,
            -0.04355393722653389
        ],
        [
            0.07943032681941986,
            -0.007402087561786175,
            -0.0439361147582531
        ],
        [
            0.07958334684371948,
            -0.010398941114544868,
            -0.06196083500981331
        ],
        [
            0.08109353482723236,
            -0.02412867359817028,
            -0.059750862419605255
        ],
        [
            0.08371809870004654,
            0.009755379520356655,
            -0.056648608297109604
        ],
        [
            0.08155053853988647,
            -0.0014684740453958511,
            -0.06040684133768082
        ],
        [
            0.07996666431427002,
            0.0015884758904576302,
            -0.04260300099849701
        ],
        [
            0.08227122575044632,
            0.01132410578429699,
            -0.04010939970612526
        ],
        [
            0.11024226248264313,
            -0.008525319397449493,
            -0.03235553577542305
        ],
        [
            0.11128569394350052,
            -0.004838667809963226,
            -0.022471200674772263
        ],
        [
            0.11120957136154175,
            -0.010742491111159325,
            -0.023899700492620468
        ],
        [
            0.11057436466217041,
            -0.01420894917100668,
            -0.03307128697633743
        ],
        [
            0.12183357030153275,
            -0.05236893892288208,
            -0.03617117926478386
        ],
        [
            0.10882744938135147,
            -0.05133829265832901,
            -0.030924391001462936
        ],
        [
            0.11059926450252533,
            -0.04855272173881531,
            -0.0383245088160038
        ],
        [
            0.12468203902244568,
            -0.04832707718014717,
            -0.038637448102235794
        ],
        [
            0.11898432672023773,
            0.011257854290306568,
            0.0008514076471328735
        ],
        [
            0.11279838532209396,
            0.012554159387946129,
            0.01285833865404129
        ],
        [
            0.11209902167320251,
            0.006775502115488052,
            0.013843484222888947
        ],
        [
            0.11735480278730392,
            0.006882691755890846,
            0.0024701878428459167
        ],
        [
            0.1172533631324768,
            -0.01496242918074131,
            0.01174229383468628
        ],
        [
            0.11013920605182648,
            -0.010670550167560577,
            0.01826728880405426
        ],
        [
            0.1011885553598404,
            -0.0184157844632864,
            0.02522692084312439
        ],
        [
            0.10537639260292053,
            -0.024449577555060387,
            0.01805225759744644
        ],
        [
            0.1239783763885498,
            -0.02221059426665306,
            0.004963092505931854
        ],
        [
            0.11504678428173065,
            -0.030787358060479164,
            0.011575527489185333
        ],
        [
            0.12225038558244705,
            -0.038126107305288315,
            0.0037569403648376465
        ],
        [
            0.13115732371807098,
            -0.047541793435811996,
            -0.008859790861606598
        ],
        [
            0.11114346235990524,
            0.025114502757787704,
            0.010597825050354004
        ],
        [
            0.1159924641251564,
            0.026027586311101913,
            0.0016144216060638428
        ],
        [
            0.1335608810186386,
            -0.043664395809173584,
            -0.0774153620004654
        ],
        [
            0.1336740255355835,
            -0.03760147839784622,
            -0.07818634063005447
        ],
        [
            0.13028466701507568,
            -0.03823370486497879,
            -0.07642007619142532
        ],
        [
            0.13054269552230835,
            -0.04407482594251633,
            -0.07633592188358307
        ],
        [
            0.09713327884674072,
            0.035594403743743896,
            0.0002807006239891052
        ],
        [
            0.08718127012252808,
            0.03437879681587219,
            -0.000974215567111969
        ],
        [
            0.08820880204439163,
            0.03659696877002716,
            0.005908079445362091
        ],
        [
            0.09741538763046265,
            0.035954128950834274,
            0.007849462330341339
        ],
        [
            0.09676659107208252,
            0.03503335267305374,
            -0.00971376895904541
        ],
        [
            0.08631405234336853,
            0.030819812789559364,
            -0.010430023074150085
        ],
        [
            0.13423678278923035,
            -0.04940202459692955,
            -0.08890850096940994
        ],
        [
            0.13469798862934113,
            -0.04997182637453079,
            -0.08370143175125122
        ],
        [
            0.12960031628608704,
            -0.05076275393366814,
            -0.08422087877988815
        ],
        [
            0.12799103558063507,
            -0.04948534071445465,
            -0.08928529173135757
        ],
        [
            0.11315913498401642,
            -0.036615654826164246,
            -0.04829005151987076
        ],
        [
            0.11286413669586182,
            -0.027422461658716202,
            -0.04577638581395149
        ],
        [
            0.10987955331802368,
            -0.0376235693693161,
            -0.06325432658195496
        ],
        [
            0.11054501682519913,
            -0.03329523652791977,
            -0.05781511589884758
        ],
        [
            0.10934247076511383,
            -0.03993771970272064,
            -0.05573554337024689
        ],
        [
            0.10825544595718384,
            -0.04296434670686722,
            -0.060779690742492676
        ],
        [
            0.10941256582736969,
            -0.00983996968716383,
            -0.0548677071928978
        ],
        [
            0.10930320620536804,
            -0.007661172188818455,
            -0.04346180334687233
        ],
        [
            0.10930511355400085,
            -0.014233315363526344,
            -0.044718947261571884
        ],
        [
            0.11020742356777191,
            -0.018229810521006584,
            -0.05684029310941696
        ],
        [
            0.11222520470619202,
            0.006226697936654091,
            -0.04293676093220711
        ],
        [
            0.11153804510831833,
            0.002969170920550823,
            -0.05417013168334961
        ],
        [
            0.11318008601665497,
            0.01121614035218954,
            -0.0523856095969677
        ],
        [
            0.11446274816989899,
            0.012029638513922691,
            -0.044776979833841324
        ],
        [
            0.10928060114383698,
            -0.006066947244107723,
            -0.07225827127695084
        ],
        [
            0.10849212110042572,
            -0.007945608347654343,
            -0.07684414088726044
        ],
        [
            0.1110040619969368,
            -0.004527898970991373,
            -0.07732302695512772
        ],
        [
            0.1099625825881958,
            -0.002600360196083784,
            -0.0716094821691513
        ],
        [
            0.08811445534229279,
            0.038377758115530014,
            0.012793183326721191
        ],
        [
            0.09721459448337555,
            0.035467080771923065,
            0.015147261321544647
        ],
        [
            0.09145426005125046,
            0.02999141253530979,
            -0.05165547877550125
        ],
        [
            0.09919801354408264,
            0.03573402017354965,
            -0.04583478346467018
        ],
        [
            0.1012415736913681,
            0.03615200147032738,
            -0.05852228403091431
        ],
        [
            0.09138473868370056,
            0.030028654262423515,
            -0.06250216066837311
        ],
        [
            0.07949492335319519,
            0.02750259079039097,
            -0.0022861436009407043
        ],
        [
            0.07949668169021606,
            0.031814780086278915,
            0.004273742437362671
        ],
        [
            0.1334857940673828,
            -0.04508515074849129,
            -0.09356260299682617
        ],
        [
            0.1274009644985199,
            -0.04484622925519943,
            -0.09342493861913681
        ],
        [
            0.10922465473413467,
            -0.0419277548789978,
            0.004166513681411743
        ],
        [
            0.12256808578968048,
            -0.05262938514351845,
            -0.009309150278568268
        ],
        [
            0.09989748150110245,
            -0.03236548602581024,
            0.012905843555927277
        ],
        [
            0.09330132603645325,
            -0.025350138545036316,
            0.018339000642299652
        ],
        [
            0.08935078978538513,
            -0.021019788458943367,
            0.024954207241535187
        ],
        [
            0.11046598106622696,
            -0.028212539851665497,
            -0.06222961097955704
        ],
        [
            0.11085133254528046,
            -0.01916206255555153,
            -0.04158022999763489
        ],
        [
            0.11070625483989716,
            -0.003404853865504265,
            -0.031970176845788956
        ],
        [
            0.1187877207994461,
            0.02617797441780567,
            -0.03541068360209465
        ],
        [
            0.11926760524511337,
            0.027572697028517723,
            -0.02513166517019272
        ],
        [
            0.11941360682249069,
            0.01720620132982731,
            -0.027861222624778748
        ],
        [
            0.11832867562770844,
            0.018159162253141403,
            -0.036358002573251724
        ],
        [
            0.10922635346651077,
            0.036612823605537415,
            -0.04460659995675087
        ],
        [
            0.11535724997520447,
            0.031404975801706314,
            -0.04519430920481682
        ],
        [
            0.11491263657808304,
            0.03045523539185524,
            -0.052971601486206055
        ],
        [
            0.1094895526766777,
            0.03590914234519005,
            -0.05449587479233742
        ],
        [
            0.12256447970867157,
            -0.05823811888694763,
            -0.03119834139943123
        ],
        [
            0.108738973736763,
            -0.0538150854408741,
            -0.023552805185317993
        ],
        [
            0.107288658618927,
            0.032945457845926285,
            0.001959100365638733
        ],
        [
            0.1062401831150055,
            0.0311749167740345,
            0.009510323405265808
        ],
        [
            0.10332264006137848,
            0.03125515952706337,
            0.017529219388961792
        ],
        [
            0.11569758504629135,
            0.0020384229719638824,
            -0.010500974953174591
        ],
        [
            0.11635944992303848,
            0.0038297176361083984,
            0.0036072134971618652
        ],
        [
            0.11659052968025208,
            -0.0005008336156606674,
            0.0034244954586029053
        ],
        [
            0.11427801847457886,
            -0.0009947624057531357,
            -0.01097472757101059
        ],
        [
            0.11944836378097534,
            -0.015289509668946266,
            -0.017460424453020096
        ],
        [
            0.122941754758358,
            -0.013424258679151535,
            -0.004516951739788055
        ],
        [
            0.12574192881584167,
            -0.0228811576962471,
            -0.02346597984433174
        ],
        [
            0.11094999313354492,
            -0.0006776843219995499,
            0.016872435808181763
        ],
        [
            0.10978928953409195,
            0.007732700556516647,
            0.023877203464508057
        ],
        [
            0.10793693363666534,
            -0.0007516518235206604,
            0.02589893341064453
        ],
        [
            0.10923521965742111,
            0.017356345430016518,
            0.02193475514650345
        ],
        [
            0.10728070884943008,
            0.025792475789785385,
            0.01969580352306366
        ],
        [
            0.07656767964363098,
            0.035655587911605835,
            0.011313110589981079
        ],
        [
            0.10487920790910721,
            -0.008547727018594742,
            0.02666342258453369
        ],
        [
            0.13884513080120087,
            -0.03848829120397568,
            -0.024490952491760254
        ],
        [
            0.14241936802864075,
            -0.044051624834537506,
            -0.02912956476211548
        ],
        [
            0.13748271763324738,
            -0.04125690460205078,
            -0.03465726226568222
        ],
        [
            0.13373884558677673,
            -0.035809408873319626,
            -0.03105274960398674
        ],
        [
            0.09893743693828583,
            -0.04936963692307472,
            -0.06525392085313797
        ],
        [
            0.10523300617933273,
            -0.04753139615058899,
            -0.06210080534219742
        ],
        [
            0.10585594922304153,
            -0.046369992196559906,
            -0.054742373526096344
        ],
        [
            0.12028130888938904,
            0.01458458136767149,
            -0.010181024670600891
        ],
        [
            0.11789402365684509,
            0.026983747258782387,
            -0.009020328521728516
        ],
        [
            0.11006969958543777,
            -0.03275251016020775,
            -0.06732478737831116
        ],
        [
            0.12235965579748154,
            -0.0495087131857872,
            -0.08875975012779236
        ],
        [
            0.12410246580839157,
            -0.0513223260641098,
            -0.08315909653902054
        ],
        [
            0.10771187394857407,
            -0.05042949691414833,
            -0.0731537714600563
        ],
        [
            0.10520809888839722,
            -0.048700276762247086,
            -0.07971810549497604
        ],
        [
            0.10908614844083786,
            -0.02995620109140873,
            -0.07548446208238602
        ],
        [
            0.11092456430196762,
            -0.032480526715517044,
            -0.06877422332763672
        ],
        [
            0.1117207258939743,
            -0.03203827515244484,
            -0.06991167366504669
        ],
        [
            0.11211278289556503,
            -0.028559809550642967,
            -0.07575499266386032
        ],
        [
            0.11168551445007324,
            0.003742129309102893,
            -0.07330678403377533
        ],
        [
            0.11121173202991486,
            0.005166641902178526,
            -0.0685831606388092
        ],
        [
            0.08704310655593872,
            -0.026223478838801384,
            -0.07514554262161255
        ],
        [
            0.08391790091991425,
            -0.03947556018829346,
            -0.07203691452741623
        ],
        [
            0.08246701210737228,
            -0.037092942744493484,
            -0.05824003368616104
        ],
        [
            0.11020215600728989,
            -0.002479398623108864,
            -0.0537419319152832
        ],
        [
            0.11033564805984497,
            -0.0037445840425789356,
            -0.06391812860965729
        ],
        [
            0.11072736233472824,
            0.00031605176627635956,
            -0.06357535719871521
        ],
        [
            0.11018415540456772,
            -0.02579616755247116,
            -0.06620179116725922
        ],
        [
            0.1094689667224884,
            -0.02841479890048504,
            -0.07163159549236298
        ],
        [
            0.10913651436567307,
            -0.024273917078971863,
            -0.07131783664226532
        ],
        [
            0.11007906496524811,
            -0.02066216617822647,
            -0.06534810364246368
        ],
        [
            0.09733562916517258,
            0.036307282745838165,
            -0.03276541829109192
        ],
        [
            0.10900790989398956,
            0.037635404616594315,
            -0.03184124082326889
        ],
        [
            0.1341729611158371,
            -0.047960199415683746,
            -0.07949912548065186
        ],
        [
            0.13027113676071167,
            -0.04871855303645134,
            -0.07923711836338043
        ],
        [
            0.11013904213905334,
            -0.0005071712657809258,
            -0.04257284849882126
        ],
        [
            0.08355066180229187,
            -0.03280216455459595,
            -0.04309616982936859
        ],
        [
            0.11165354400873184,
            0.0020250212401151657,
            -0.03162462264299393
        ],
        [
            0.09572741389274597,
            0.015054099261760712,
            -0.07452839612960815
        ],
        [
            0.10498339682817459,
            0.01734893210232258,
            -0.07412595301866531
        ],
        [
            0.10681111365556717,
            0.015563860535621643,
            -0.0764327198266983
        ],
        [
            0.10177409648895264,
            0.014041260816156864,
            -0.07940882444381714
        ],
        [
            0.124405637383461,
            -0.030033033341169357,
            -0.08347904682159424
        ],
        [
            0.12677982449531555,
            -0.0323970653116703,
            -0.0785076692700386
        ],
        [
            0.12958402931690216,
            -0.03284621611237526,
            -0.07959036529064178
        ],
        [
            0.12841008603572845,
            -0.030582521110773087,
            -0.0850478783249855
        ],
        [
            0.1109505444765091,
            -0.037063177675008774,
            -0.06492967903614044
        ],
        [
            0.10977842658758163,
            -0.04303113743662834,
            -0.06354132294654846
        ],
        [
            0.11293698102235794,
            -0.04240690916776657,
            -0.06533391028642654
        ],
        [
            0.11310078203678131,
            -0.036491770297288895,
            -0.06729018688201904
        ],
        [
            0.10666655004024506,
            -0.047711778432130814,
            -0.06521042436361313
        ],
        [
            0.11033966392278671,
            -0.047900885343551636,
            -0.06776320934295654
        ],
        [
            0.12220777571201324,
            -0.0316661112010479,
            -0.08939830213785172
        ],
        [
            0.12112206965684891,
            -0.03801210969686508,
            -0.09340732544660568
        ],
        [
            0.1051892563700676,
            -0.03544585406780243,
            -0.08587521314620972
        ],
        [
            0.11021701991558075,
            -0.02998221293091774,
            -0.08300916850566864
        ],
        [
            0.07929140329360962,
            0.013110936619341373,
            -0.025049380958080292
        ],
        [
            0.08323894441127777,
            0.02353675104677677,
            -0.02418658882379532
        ],
        [
            0.08609206974506378,
            0.022161798551678658,
            -0.03923674672842026
        ],
        [
            0.08787690848112106,
            0.02156403660774231,
            -0.054677944630384445
        ],
        [
            0.09061884135007858,
            0.019582968205213547,
            -0.06875994056463242
        ],
        [
            0.08444511890411377,
            0.008983558043837547,
            -0.07093976438045502
        ],
        [
            0.08937300741672516,
            0.029445966705679893,
            -0.036943744868040085
        ],
        [
            0.10081756114959717,
            -0.02741335891187191,
            -0.07890374213457108
        ],
        [
            0.0950646847486496,
            -0.032783325761556625,
            -0.08003753423690796
        ],
        [
            0.09448612481355667,
            -0.027220632880926132,
            -0.0793050155043602
        ],
        [
            0.11451054364442825,
            0.008935246616601944,
            -0.03194142132997513
        ],
        [
            0.12571798264980316,
            -0.049688857048749924,
            -0.07815719395875931
        ],
        [
            0.07476639002561569,
            -0.0131833516061306,
            0.010407865047454834
        ],
        [
            0.07099904119968414,
            -0.0008080471307039261,
            0.006701856851577759
        ],
        [
            0.07306873798370361,
            -0.00487108901143074,
            -0.0008446648716926575
        ],
        [
            0.07818473875522614,
            -0.018783608451485634,
            0.0033343136310577393
        ],
        [
            0.1279457062482834,
            -0.03834792226552963,
            -0.07487794756889343
        ],
        [
            0.12735633552074432,
            -0.04480050876736641,
            -0.07431882619857788
        ],
        [
            0.11312370002269745,
            0.011404138058423996,
            -0.06889444589614868
        ],
        [
            0.11276449263095856,
            0.009493537247180939,
            -0.07312993705272675
        ],
        [
            0.11211077123880386,
            0.013551080599427223,
            -0.07378275692462921
        ],
        [
            0.11467228084802628,
            0.0161580890417099,
            -0.070809505879879
        ],
        [
            0.08585213124752045,
            0.02861315943300724,
            -0.022212490439414978
        ],
        [
            0.1065724790096283,
            0.03592716157436371,
            -0.06466890871524811
        ],
        [
            0.09731296449899673,
            0.030179502442479134,
            -0.06936720758676529
        ],
        [
            0.08057110756635666,
            0.024331171065568924,
            -0.011253759264945984
        ],
        [
            0.07646309584379196,
            0.015457285568118095,
            -0.011956676840782166
        ],
        [
            0.07446908950805664,
            0.017746957018971443,
            -0.0026391595602035522
        ],
        [
            0.08711034059524536,
            -0.0050064087845385075,
            -0.07661920040845871
        ],
        [
            0.07760113477706909,
            0.004906902089715004,
            -0.02750140056014061
        ],
        [
            0.07533411681652069,
            0.007973037660121918,
            -0.013350240886211395
        ],
        [
            0.07290224730968475,
            0.01036863587796688,
            -0.0022838711738586426
        ],
        [
            0.07061859220266342,
            0.01284872367978096,
            0.005381636321544647
        ],
        [
            0.07272537052631378,
            0.020654849708080292,
            0.004241146147251129
        ],
        [
            0.12157944589853287,
            -0.044182632118463516,
            -0.09229250252246857
        ],
        [
            0.12744024395942688,
            -0.03791829198598862,
            -0.09502361714839935
        ],
        [
            0.06924387067556381,
            0.024508394300937653,
            0.011722676455974579
        ],
        [
            0.06765522807836533,
            0.01542581431567669,
            0.012851491570472717
        ],
        [
            0.07480493187904358,
            -0.0012396350502967834,
            -0.013874106109142303
        ],
        [
            0.07569214701652527,
            -0.01272948645055294,
            -0.013946689665317535
        ],
        [
            0.07725368440151215,
            -0.0038749519735574722,
            -0.02751278504729271
        ],
        [
            0.07806529104709625,
            -0.01543905958533287,
            -0.028790876269340515
        ],
        [
            0.07998402416706085,
            -0.014040164649486542,
            -0.07569077610969543
        ],
        [
            0.14529746770858765,
            -0.03267209604382515,
            -0.09210280328989029
        ],
        [
            0.13414576649665833,
            -0.03289409354329109,
            -0.09292443841695786
        ],
        [
            0.13334062695503235,
            -0.030868234112858772,
            -0.08745437115430832
        ],
        [
            0.14382214844226837,
            -0.029894474893808365,
            -0.08915042877197266
        ],
        [
            0.12759369611740112,
            -0.0320940837264061,
            -0.09072573482990265
        ],
        [
            0.13370943069458008,
            -0.03809765353798866,
            -0.09523991495370865
        ],
        [
            0.08320847153663635,
            -0.02982570230960846,
            -0.027248196303844452
        ],
        [
            0.10831800848245621,
            -0.02633676305413246,
            -0.07614842802286148
        ],
        [
            0.08385542780160904,
            -0.028763242065906525,
            -0.00982104241847992
        ],
        [
            0.09254179894924164,
            -0.045365944504737854,
            -0.029976919293403625
        ],
        [
            0.09536802768707275,
            -0.04437006637454033,
            -0.016620710492134094
        ],
        [
            0.08629140257835388,
            -0.028793873265385628,
            0.008096113801002502
        ],
        [
            0.09596648812294006,
            -0.04076004773378372,
            -0.00030046701431274414
        ],
        [
            0.07962466031312943,
            -0.017777301371097565,
            0.021097876131534576
        ],
        [
            0.08206333965063095,
            -0.022114979103207588,
