{
    "pred_cam": [
        6.5161919593811035,
        0.1606988161802292,
        -0.0039483942091465
    ],
    "pred_mano_params": {
        "global_orient": [
            [
                [
                    -0.8898130655288696,
                    -0.38980695605278015,
                    -0.23724092543125153
                ],
                [
                    0.33440908789634705,
                    -0.20328661799430847,
                    -0.9202418923377991
                ],
                [
                    0.3104887902736664,
                    -0.89817875623703,
                    0.31124207377433777
                ]
            ]
        ],
        "hand_pose": [
            [
                [
                    0.892074465751648,
                    -0.4439001679420471,
                    -0.08459099382162094
                ],
                [
                    0.44376108050346375,
                    0.8958877921104431,
                    -0.021477002650499344
                ],
                [
                    0.08531767874956131,
                    -0.018379103392362595,
                    0.996184229850769
                ]
            ],
            [
                [
                    0.9417505264282227,
                    -0.3312723636627197,
                    0.05800541490316391
                ],
                [
                    0.3354361951351166,
                    0.9127792716026306,
                    -0.23305922746658325
                ],
                [
                    0.024259932339191437,
                    0.2389407604932785,
                    0.9707310795783997
                ]
            ],
            [
                [
                    0.806250274181366,
                    -0.5837398171424866,
                    0.0959596037864685
                ],
                [
                    0.5710466504096985,
                    0.8103262782096863,
                    0.13144204020500183
                ],
                [
                    -0.1544865369796753,
                    -0.05117778107523918,
                    0.9866684675216675
                ]
            ],
            [
                [
                    0.9101067781448364,
                    -0.41318273544311523,
                    0.0313979834318161
                ],
                [
                    0.41305407881736755,
                    0.9106427431106567,
                    0.010780137963593006
                ],
                [
                    -0.033046506345272064,
                    0.003157989587634802,
                    0.9994489550590515
                ]
            ],
            [
                [
                    0.9517693519592285,
                    -0.28808560967445374,
                    -0.10555437952280045
                ],
                [
                    0.3053768575191498,
                    0.9227473735809326,
                    0.23512166738510132
                ],
                [
                    0.029664864763617516,
                    -0.25601547956466675,
                    0.9662173390388489
                ]
            ],
            [
                [
                    0.7763066291809082,
                    -0.6262710094451904,
                    0.07164192944765091
                ],
                [
                    0.627102255821228,
                    0.7788278460502625,
                    0.013033601455390453
                ],
                [
                    -0.06395930796861649,
                    0.03480874374508858,
                    0.9973451495170593
                ]
            ],
            [
                [
                    0.8783938884735107,
                    -0.45034080743789673,
                    0.16005432605743408
                ],
                [
                    0.43658360838890076,
                    0.8923229575157166,
                    0.11469301581382751
                ],
                [
                    -0.1944710910320282,
                    -0.030868548899888992,
                    0.9804224371910095
                ]
            ],
            [
                [
                    0.9909638166427612,
                    -0.11343815922737122,
                    0.07157130539417267
                ],
                [
                    0.10058733075857162,
                    0.9814974069595337,
                    0.16292627155780792
                ],
                [
                    -0.08872911334037781,
                    -0.15425486862659454,
                    0.9840388298034668
                ]
            ],
            [
                [
                    0.9767745137214661,
                    -0.18684422969818115,
                    0.1048857793211937
                ],
                [
                    0.11968767642974854,
                    0.8817892670631409,
                    0.4562045633792877
                ],
                [
                    -0.17772632837295532,
                    -0.4330553412437439,
                    0.8836722373962402
                ]
            ],
            [
                [
                    0.8997560739517212,
                    -0.43554311990737915,
                    -0.02722461149096489
                ],
                [
                    0.43279650807380676,
                    0.8985954523086548,
                    -0.07220436632633209
                ],
                [
                    0.05591202154755592,
                    0.053183604031801224,
                    0.9970182776451111
                ]
            ],
            [
                [
                    0.9772857427597046,
                    -0.19411839544773102,
                    0.08503331243991852
                ],
                [
                    0.1355624794960022,
                    0.8810244202613831,
                    0.453231543302536
                ],
                [
                    -0.1628970056772232,
                    -0.43140938878059387,
                    0.8873277902603149
                ]
            ],
            [
                [
                    0.7871082425117493,
                    -0.6153936982154846,
                    0.04184748977422714
                ],
                [
                    0.596039891242981,
                    0.7763046026229858,
                    0.20515260100364685
                ],
                [
                    -0.15873603522777557,
                    -0.13653452694416046,
                    0.977834939956665
                ]
            ],
            [
                [
                    0.9318905472755432,
                    0.12602676451206207,
                    -0.3401429355144501
                ],
                [
                    -0.33686548471450806,
                    0.6484735608100891,
                    -0.6826446056365967
                ],
                [
                    0.13454222679138184,
                    0.7507324814796448,
                    0.6467604637145996
                ]
            ],
            [
                [
                    0.8482447266578674,
                    -0.33127906918525696,
                    -0.4132010042667389
                ],
                [
                    0.4870406687259674,
                    0.7944043874740601,
                    0.36292293667793274
                ],
                [
                    0.2080199271440506,
                    -0.509093165397644,
                    0.8351957201957703
                ]
            ],
            [
                [
                    0.7902435660362244,
                    -0.6127926707267761,
                    -0.0005304493824951351
                ],
                [
                    0.5742738246917725,
                    0.7408720254898071,
                    -0.34830769896507263
                ],
                [
                    0.21383339166641235,
                    0.2749432921409607,
                    0.9373801350593567
                ]
            ]
        ],
        "betas": [
            -0.12305763363838196,
            -0.06811702251434326,
            -0.0012478828430175781,
            -0.07629629969596863,
            0.051745325326919556,
            -0.02750062569975853,
            0.028903812170028687,
            -0.005029961466789246,
            0.016273200511932373,
            -0.07666769623756409
        ]
    },
    "pred_cam_t": [
        -0.1606988161802292,
        -0.0039483942091465,
        5.994682312011719
    ],
    "focal_length": [
        5000.0,
        5000.0
    ],
    "pred_keypoints_3d": [
        [
            0.09629375487565994,
            0.0064293332397937775,
            0.006237506400793791
        ],
        [
            0.11777087301015854,
            -0.022429637610912323,
            0.020824065431952477
        ],
        [
            0.1415763646364212,
            -0.04181212931871414,
            0.02493591234087944
        ],
        [
            0.1681692898273468,
            -0.04587051272392273,
            0.020626811310648918
        ],
        [
            0.19960206747055054,
            -0.043507739901542664,
            0.033711280673742294
        ],
        [
            0.17224863171577454,
            -0.04129790887236595,
            -0.010116517543792725
        ],
        [
            0.20453055202960968,
            -0.04893255978822708,
            -0.01008564606308937
        ],
        [
            0.22451864182949066,
            -0.04794951155781746,
            -0.00021811947226524353
        ],
        [
            0.23785781860351562,
            -0.0430130660533905,
            0.020242318511009216
        ],
        [
            0.1824241727590561,
            -0.022018270567059517,
            -0.023078711703419685
        ],
        [
            0.21416351199150085,
            -0.025389961898326874,
            -0.02344890683889389
        ],
        [
            0.2355479747056961,
            -0.023874085396528244,
            -0.014008566737174988
        ],
        [
            0.2511007785797119,
            -0.022334784269332886,
            0.0062439218163490295
        ],
        [
            0.17741604149341583,
            0.004435116425156593,
            -0.02416302263736725
        ],
        [
            0.20646756887435913,
            0.0036916411481797695,
            -0.025372914969921112
        ],
        [
            0.2297447919845581,
            0.005010129883885384,
            -0.016424154862761497
        ],
        [
            0.24663607776165009,
            0.002917317673563957,
            0.002280827611684799
        ],
        [
            0.17214787006378174,
            0.025363387539982796,
            -0.01983075588941574
        ],
        [
            0.1929885298013687,
            0.029753968119621277,
            -0.019927039742469788
        ],
        [
            0.21136760711669922,
            0.032209496945142746,
            -0.015318579971790314
        ],
        [
            0.22932812571525574,
            0.030709158629179,
            -0.004821731708943844
        ]
    ],
    "pred_vertices": [
        [
            0.14308445155620575,
            -0.021492157131433487,
            0.010469861328601837
        ],
        [
            0.13436657190322876,
            -0.016607239842414856,
            0.014781460165977478
        ],
        [
            0.14142009615898132,
            -0.02382216602563858,
            0.016744116321206093
        ],
        [
            0.14790461957454681,
            -0.02895638532936573,
            0.012914782389998436
        ],
        [
            0.13118326663970947,
            -0.01772305741906166,
            0.03354145586490631
        ],
        [
            0.1231587827205658,
            -0.024470675736665726,
            0.04031834751367569
        ],
        [
            0.13819321990013123,
            -0.03423492610454559,
            0.038804296404123306
        ],
        [
            0.14276006817817688,
            -0.026217900216579437,
            0.03398534283041954
        ],
        [
            0.15123134851455688,
            -0.03555790334939957,
            0.012720189988613129
        ],
        [
            0.1471843719482422,
            -0.029536260291934013,
            0.018233777955174446
        ],
        [
            0.14913833141326904,
            -0.03879973664879799,
            0.00991411879658699
        ],
        [
            0.15185126662254333,
            -0.04659561067819595,
            0.0008711731061339378
        ],
        [
            0.15495504438877106,
            -0.041620198637247086,
            0.006033238023519516
        ],
        [
            0.157017320394516,
            -0.04944073036313057,
            -0.004765609744936228
        ],
        [
            0.14211468398571014,
            -0.04769999533891678,
            -0.0044565689750015736
        ],
        [
            0.1538267433643341,
            -0.048277247697114944,
            -0.01364307850599289
        ],
        [
            0.136153906583786,
            -0.026377839967608452,
            -0.021263228729367256
        ],
        [
            0.13595445454120636,
            -0.013221870176494122,
            -0.024795087054371834
        ],
        [
            0.15165042877197266,
            -0.016841469332575798,
            -0.029879946261644363
        ],
        [
            0.15086503326892853,
            -0.0296324510127306,
            -0.025110527873039246
        ],
        [
            0.1475752890110016,
            0.0036578355357050896,
            -0.028602581471204758
        ],
        [
            0.15069398283958435,
            -0.007750559598207474,
            -0.02986256405711174
        ],
        [
            0.1345321387052536,
            -0.004305122420191765,
            -0.025826875120401382
        ],
        [
            0.1326972097158432,
            0.00583156943321228,
            -0.024823175743222237
        ],
        [
            0.13792261481285095,
            -0.006997428834438324,
            0.0070678479969501495
        ],
        [
            0.12857401371002197,
            -0.002466188743710518,
            0.011261878535151482
        ],
        [
            0.12942716479301453,
            -0.007983444258570671,
            0.011869272217154503
        ],
        [
            0.13857795298099518,
            -0.012326035648584366,
            0.008213261142373085
        ],
        [
            0.146928608417511,
            -0.04425375163555145,
            0.012147381901741028
        ],
        [
            0.13650210201740265,
            -0.047692276537418365,
            0.009622011333703995
        ],
        [
            0.1429930180311203,
            -0.04424281418323517,
            0.007211780175566673
        ],
        [
            0.15001603960990906,
            -0.039872199296951294,
            0.013291094452142715
        ],
        [
            0.11023686081171036,
            0.016023334115743637,
            0.023785317316651344
        ],
        [
            0.09671696275472641,
            0.016569243744015694,
            0.02279004268348217
        ],
        [
            0.09578315168619156,
            0.010813344269990921,
            0.02391127124428749
        ],
        [
            0.10823197662830353,
            0.011501606553792953,
            0.02417311817407608
        ],
        [
            0.10190586745738983,
            -0.009991943836212158,
            0.034258194267749786
        ],
        [
            0.09207747876644135,
            -0.0065605007112026215,
            0.028681280091404915
        ],
        [
            0.08236591517925262,
            -0.015743780881166458,
            0.024899257346987724
        ],
        [
            0.09137406200170517,
            -0.02149738371372223,
            0.027586326003074646
        ],
        [
            0.11300519108772278,
            -0.016840975731611252,
            0.03864731267094612
        ],
        [
            0.10310058295726776,
            -0.026794955134391785,
            0.035286795347929
        ],
        [
            0.11614061146974564,
            -0.033874206244945526,
            0.03852996602654457
        ],
        [
            0.13356992602348328,
            -0.04249758645892143,
            0.0372382327914238
        ],
        [
            0.09762201458215714,
            0.028423286974430084,
            0.017673425376415253
        ],
        [
            0.10775092989206314,
            0.02987378090620041,
            0.0181557796895504
        ],
        [
            0.2057000994682312,
            -0.05028795823454857,
            0.0018221484497189522
        ],
        [
            0.20734184980392456,
            -0.04460306838154793,
            0.0009800419211387634
        ],
        [
            0.20253485441207886,
            -0.04439786821603775,
            0.0008320463821291924
        ],
        [
            0.20182205736637115,
            -0.05011643469333649,
            0.0013193544000387192
        ],
        [
            0.10106874257326126,
            0.03500465303659439,
            -0.001279609277844429
        ],
        [
            0.09827431291341782,
            0.03164486959576607,
            -0.010490888729691505
        ],
        [
            0.0922822654247284,
            0.03442943096160889,
            -0.007277620956301689
        ],
        [
            0.09422536939382553,
            0.03583947569131851,
            0.0019101407378911972
        ],
        [
            0.11016227304935455,
            0.03374962508678436,
            -0.005357446148991585
        ],
        [
            0.10674683004617691,
            0.027402248233556747,
            -0.014202761463820934
        ],
        [
            0.20898683369159698,
            -0.057287439703941345,
            -0.00844389759004116
        ],
        [
            0.20748475193977356,
            -0.057362884283065796,
            -0.003459418658167124
        ],
        [
            0.20288537442684174,
            -0.05740714073181152,
            -0.0058476850390434265
        ],
        [
            0.20366182923316956,
            -0.05643938481807709,
            -0.01107023749500513
        ],
        [
            0.1546700894832611,
            -0.03442187234759331,
            0.008715125732123852
        ],
        [
            0.15201833844184875,
            -0.025466449558734894,
            0.007950792089104652
        ],
        [
            0.17037521302700043,
            -0.038348834961652756,
            0.0016636420041322708
        ],
        [
            0.1631034016609192,
            -0.0325857475399971,
            0.003047189675271511
        ],
        [
            0.1609167456626892,
            -0.039309147745370865,
            0.004232817329466343
        ],
        [
            0.16671064496040344,
            -0.04374230280518532,
            0.0017937403172254562
        ],
        [
            0.15893614292144775,
            -0.009751311503350735,
            -0.0022018831223249435
        ],
        [
            0.14810112118721008,
            -0.007045617327094078,
            0.0016918964684009552
        ],
        [
            0.1494160145521164,
            -0.013480789959430695,
            0.0026429370045661926
        ],
        [
            0.16142863035202026,
            -0.01789659634232521,
            -0.00041374191641807556
        ],
        [
            0.14842912554740906,
            0.007218791171908379,
            0.001401526853442192
        ],
        [
            0.1589539647102356,
            0.003313569352030754,
            -0.0028182845562696457
        ],
        [
            0.15801191329956055,
            0.011856730096042156,
            -0.0024558380246162415
        ],
        [
            0.15099374949932098,
            0.013301323167979717,
            0.00137411430478096
        ],
        [
            0.1763579547405243,
            -0.006368450820446014,
            -0.010205377824604511
        ],
        [
            0.18293499946594238,
            -0.008863634429872036,
            -0.014074759557843208
        ],
        [
            0.18361632525920868,
            -0.00569480936974287,
            -0.014632457867264748
        ],
        [
            0.17587822675704956,
            -0.002924464177340269,
            -0.010858437046408653
        ],
        [
            0.08585931360721588,
            0.03651238977909088,
            -0.004993133246898651
        ],
        [
            0.08748549968004227,
            0.03569471836090088,
            0.004748638719320297
        ],
        [
            0.1458173543214798,
            0.024886809289455414,
            -0.024112362414598465
        ],
        [
            0.1442602127790451,
            0.03295372799038887,
            -0.01646903157234192
        ],
        [
            0.15629692375659943,
            0.03329455107450485,
            -0.020030677318572998
        ],
        [
            0.15478858351707458,
            0.024574950337409973,
            -0.027458474040031433
        ],
        [
            0.09664244204759598,
            0.023145489394664764,
            -0.016425352543592453
        ],
        [
            0.09045146405696869,
            0.027768636122345924,
            -0.014732488431036472
        ],
        [
            0.21098381280899048,
            -0.05347030982375145,
            -0.012989851646125317
        ],
        [
            0.20538334548473358,
            -0.05209092050790787,
            -0.014962256886065006
        ],
        [
            0.10829292982816696,
            -0.039376646280288696,
            0.028443317860364914
        ],
        [
            0.12899267673492432,
            -0.04810725897550583,
            0.030994530767202377
        ],
        [
            0.09455134719610214,
            -0.030923549085855484,
            0.022655963897705078
        ],
        [
            0.08590039610862732,
            -0.024749498814344406,
            0.017033809795975685
        ],
        [
            0.07777301967144012,
            -0.020857978612184525,
            0.014726122841238976
        ],
        [
            0.16747429966926575,
            -0.02791750803589821,
            0.00043903011828660965
        ],
        [
            0.14708484709262848,
            -0.017691968008875847,
            0.006242010742425919
        ],
        [
            0.13772015273571014,
            -0.0019439924508333206,
            0.006476163864135742
        ],
        [
            0.14345848560333252,
            0.028502915054559708,
            0.005992462858557701
        ],
        [
            0.13381704688072205,
            0.03051108308136463,
            0.010212540626525879
        ],
        [
            0.13682256639003754,
            0.02031685598194599,
            0.011355999857187271
        ],
        [
            0.14443045854568481,
            0.020567214116454124,
            0.006803227588534355
        ],
        [
            0.14765770733356476,
            0.03603958338499069,
            -0.007696058601140976
        ],
        [
            0.15146911144256592,
            0.032235078513622284,
            -0.0017664264887571335
        ],
        [
            0.15986482799053192,
            0.030905986204743385,
            -0.0054665543138980865
        ],
        [
            0.15758267045021057,
            0.03504667058587074,
            -0.01133030466735363
        ],
        [
            0.14479506015777588,
            -0.05071154236793518,
            0.01480242982506752
        ],
        [
            0.1311599612236023,
            -0.05075066164135933,
            0.013397211208939552
        ],
        [
            0.10368514060974121,
            0.034736186265945435,
            0.009082281962037086
        ],
        [
            0.09641020745038986,
            0.033188167959451675,
            0.01154584065079689
        ],
        [
            0.08791740238666534,
            0.033036503940820694,
            0.012092571705579758
        ],
        [
            0.11933665722608566,
            0.005790110677480698,
            0.018732178956270218
        ],
        [
            0.1068725511431694,
            0.008369937539100647,
            0.02470642887055874
        ],
        [
            0.1072951927781105,
            0.0041689202189445496,
            0.026379164308309555
        ],
        [
            0.11891399323940277,
            0.002633269876241684,
            0.018383722752332687
        ],
        [
            0.12805527448654175,
            -0.010686706751585007,
            0.02209710329771042
        ],
        [
            0.11915124207735062,
            -0.00819045677781105,
            0.03182361274957657
        ],
        [
            0.13802754878997803,
            -0.017742600291967392,
            0.02336881123483181
        ],
        [
            0.09292373061180115,
            0.0034191086888313293,
            0.02608535811305046
        ],
        [
            0.08563794195652008,
            0.011790040880441666,
            0.025562833994627
        ],
        [
            0.08342191576957703,
            0.0031949952244758606,
            0.02671637199819088
        ],
        [
            0.08679638803005219,
            0.020974917337298393,
            0.022141871973872185
        ],
        [
            0.08772274106740952,
            0.02870713174343109,
            0.017680760473012924
        ],
        [
            0.08264925330877304,
            0.031266339123249054,
            -0.015358833596110344
        ],
        [
            0.08187190443277359,
            -0.005050335079431534,
            0.0261126309633255
        ],
        [
            0.14928115904331207,
            -0.03252311795949936,
            0.0330781415104866
        ],
        [
            0.1546248346567154,
            -0.03660549595952034,
            0.031297728419303894
        ],
        [
            0.1545790433883667,
            -0.032565291970968246,
            0.024944273754954338
        ],
        [
            0.15006370842456818,
            -0.029691483825445175,
            0.025518257170915604
        ],
        [
            0.1645897775888443,
            -0.05164108797907829,
            -0.009447174146771431
        ],
        [
            0.16604238748550415,
            -0.04894914850592613,
            -0.0019422913901507854
        ],
        [
            0.15826177597045898,
            -0.04608672112226486,
            0.0019458672031760216
        ],
        [
            0.12082736194133759,
            0.018905218690633774,
            0.01971087045967579
        ],
        [
            0.11829056590795517,
            0.03057229146361351,
            0.015386125072836876
        ],
        [
            0.17480389773845673,
            -0.03413126617670059,
            -0.0012424858286976814
        ],
        [
            0.19896624982357025,
            -0.0556635707616806,
            -0.013505938462913036
        ],
        [
            0.19783827662467957,
            -0.057062722742557526,
            -0.007829328998923302
        ],
        [
            0.17975693941116333,
            -0.0542074479162693,
            -0.009665969759225845
        ],
        [
            0.18161524832248688,
            -0.052848268300294876,
            -0.016169585287570953
        ],
        [
            0.18263886868953705,
            -0.03371988981962204,
            -0.008990064263343811
        ],
        [
            0.17934489250183105,
            -0.03566506505012512,
            -0.002967813052237034
        ],
        [
            0.1819012463092804,
            -0.03619654104113579,
            -0.004230238497257233
        ],
        [
            0.18613244593143463,
            -0.033511366695165634,
            -0.008473135530948639
        ],
        [
            0.18024501204490662,
            0.0030993171967566013,
            -0.013903112150728703
        ],
        [
            0.17390842735767365,
            0.005468850955367088,
            -0.010602599009871483
        ],
        [
            0.166896253824234,
            -0.031219638884067535,
            -0.026098176836967468
        ],
        [
            0.16182391345500946,
            -0.04388805478811264,
            -0.024615906178951263
        ],
        [
            0.150243878364563,
            -0.04095400869846344,
            -0.0209476538002491
        ],
        [
            0.1580350697040558,
            -0.002297033555805683,
            -0.002653965726494789
        ],
        [
            0.1679447591304779,
            -0.003894028253853321,
            -0.00628676638007164
        ],
        [
            0.16786828637123108,
            0.0002277139574289322,
            -0.006872579455375671
        ],
        [
            0.17113718390464783,
            -0.02594706416130066,
            -0.0022442787885665894
        ],
        [
            0.17752157151699066,
            -0.029811060056090355,
            -0.004803149960935116
        ],
        [
            0.17552275955677032,
            -0.024699298664927483,
            -0.006067992188036442
        ],
        [
            0.16963542997837067,
            -0.0207519493997097,
            -0.003474567085504532
        ],
        [
            0.13147492706775665,
            0.03377591446042061,
            -0.013616468757390976
        ],
        [
            0.13548047840595245,
            0.03773225098848343,
            -0.003382110968232155
        ],
        [
            0.2060399055480957,
            -0.054834071546792984,
            0.00023832730948925018
        ],
        [
            0.20189964771270752,
            -0.05491861328482628,
            -0.0012231268920004368
        ],
        [
            0.14741632342338562,
            0.00019572488963603973,
            0.0011833161115646362
        ],
        [
            0.13708080351352692,
            -0.03647672384977341,
            -0.01580692268908024
        ],
        [
            0.13762570917606354,
            0.0035843998193740845,
            0.006219595670700073
        ],
        [
            0.16830161213874817,
            0.01055281050503254,
            -0.028961777687072754
        ],
        [
            0.17260053753852844,
            0.014618673361837864,
            -0.023710312321782112
        ],
        [
            0.17802689969539642,
            0.011887547560036182,
            -0.024401094764471054
        ],
        [
            0.1767774373292923,
            0.009202464483678341,
            -0.029848067089915276
        ],
        [
            0.20083720982074738,
            -0.03642452880740166,
            -0.008424429222941399
        ],
        [
            0.20012632012367249,
            -0.03842120245099068,
            -0.0029998701065778732
        ],
        [
            0.2042103409767151,
            -0.03931489586830139,
            -0.0024624820798635483
        ],
        [
            0.20567676424980164,
            -0.03764423727989197,
            -0.00788247399032116
        ],
        [
            0.1764126867055893,
            -0.04005815088748932,
            -0.0002119261771440506
        ],
        [
            0.17330095171928406,
            -0.045681558549404144,
            0.00022926786914467812
        ],
        [
            0.1793738305568695,
            -0.04627019166946411,
            -0.000451128464192152
        ],
        [
            0.18109260499477386,
            -0.04063042253255844,
            -0.00168296555057168
        ],
        [
            0.17275123298168182,
            -0.050795696675777435,
            -0.003935402724891901
        ],
        [
            0.17869609594345093,
            -0.051651518791913986,
            -0.003942523151636124
        ],
        [
            0.20132245123386383,
            -0.0384817011654377,
            -0.01460319384932518
        ],
        [
            0.20107372105121613,
            -0.04486752301454544,
            -0.018651757389307022
        ],
        [
            0.18595580756664276,
            -0.0407128632068634,
            -0.02105756290256977
        ],
        [
            0.18863998353481293,
            -0.03567499294877052,
            -0.015327703207731247
        ],
        [
            0.11790546774864197,
            0.007712273858487606,
            -0.022246919572353363
        ],
        [
            0.11830956488847733,
            0.018830180168151855,
            -0.02062411606311798
        ],
        [
            0.13301339745521545,
            0.0172702856361866,
            -0.02322329767048359
        ],
        [
            0.14700916409492493,
            0.01618206687271595,
            -0.02675318531692028
        ],
        [
            0.16040095686912537,
            0.014221122488379478,
            -0.028804151341319084
        ],
        [
            0.15979623794555664,
            0.0024905065074563026,
            -0.0329122357070446
        ],
        [
            0.13208499550819397,
            0.025129009038209915,
            -0.020981211215257645
        ],
        [
            0.17859837412834167,
            -0.030963299795985222,
            -0.018488632515072823
        ],
        [
            0.1744937300682068,
            -0.03729851171374321,
            -0.02256472036242485
        ],
        [
            0.17392554879188538,
            -0.031386423856019974,
            -0.02382820099592209
        ],
        [
            0.13888870179653168,
            0.010929910466074944,
            0.007136743515729904
        ],
        [
            0.19698898494243622,
            -0.055142756551504135,
            -0.002888974267989397
        ],
        [
            0.0846356749534607,
            -0.01709052175283432,
            -0.006258376408368349
        ],
        [
            0.08605644106864929,
            -0.006002604961395264,
            -0.014107510447502136
        ],
        [
            0.0939212515950203,
            -0.009934339672327042,
            -0.014341048896312714
        ],
        [
            0.0926392450928688,
            -0.022174779325723648,
            -0.004604325629770756
        ],
        [
            0.19835063815116882,
            -0.04396331310272217,
            0.0007619187235832214
        ],
        [
            0.19706904888153076,
            -0.050194669514894485,
            0.001119932159781456
        ],
        [
            0.1752156913280487,
            0.011970975436270237,
            -0.011882674880325794
        ],
        [
            0.18016980588436127,
            0.008843464776873589,
            -0.01516712550073862
        ],
        [
            0.18095763027668,
            0.011436058208346367,
            -0.018201656639575958
        ],
        [
            0.17798900604248047,
            0.01666623167693615,
            -0.01442076824605465
        ],
        [
            0.11737217009067535,
            0.024412790313363075,
            -0.01859528198838234
        ],
        [
            0.16390779614448547,
            0.033501140773296356,
            -0.021427985280752182
        ],
        [
            0.16243942081928253,
            0.02589557319879532,
            -0.02832852117717266
        ],
        [
            0.10539843887090683,
            0.019759438931941986,
            -0.018305812031030655
        ],
        [
            0.1047271192073822,
            0.010116415098309517,
            -0.020310411229729652
        ],
        [
            0.09530623257160187,
            0.01243482157588005,
            -0.018903780728578568
        ],
        [
            0.16747333109378815,
            -0.011118377558887005,
            -0.032024089246988297
        ],
        [
            0.11980642378330231,
            -0.000817788764834404,
            -0.022983776405453682
        ],
        [
            0.10584595799446106,
            0.0024475064128637314,
            -0.020216453820466995
        ],
        [
            0.09462626278400421,
            0.004855182021856308,
            -0.018546514213085175
        ],
        [
            0.08657804131507874,
            0.007227426394820213,
            -0.018029382452368736
        ],
        [
            0.08817224204540253,
            0.01530083641409874,
            -0.018342506140470505
        ],
        [
            0.2003900110721588,
            -0.05065262317657471,
            -0.01718568056821823
        ],
        [
            0.2070566564798355,
            -0.04576927050948143,
            -0.016821257770061493
        ],
        [
            0.07972694933414459,
            0.01873268000781536,
            -0.01929069124162197
        ],
        [
            0.07840202748775482,
            0.00952540896832943,
            -0.018245231360197067
        ],
        [
            0.1064758151769638,
            -0.006718466058373451,
            -0.018863046541810036
        ],
        [
            0.10716062784194946,
            -0.01771068014204502,
            -0.015348309651017189
        ],
        [
            0.12003785371780396,
            -0.00946206133812666,
            -0.02135138027369976
        ],
        [
            0.12187992036342621,
            -0.020594410598278046,
            -0.018525227904319763
        ],
        [
            0.16300657391548157,
            -0.02065032161772251,
            -0.03359593451023102
        ],
        [
            0.2237657606601715,
            -0.04388132691383362,
            -0.008724062703549862
        ],
        [
            0.2133748084306717,
            -0.041872330009937286,
            -0.012750080786645412
        ],
        [
            0.21148547530174255,
            -0.03906591609120369,
            -0.00796070322394371
        ],
        [
            0.22238954901695251,
            -0.04059143736958504,
            -0.006262976676225662
        ],
        [
            0.20672756433486938,
            -0.039774760603904724,
            -0.01334962248802185
        ],
        [
            0.2127772718667984,
            -0.04718031734228134,
            -0.014857985079288483
        ],
        [
            0.12249952554702759,
            -0.03310992568731308,
            -0.010448820888996124
        ],
        [
            0.18099670112133026,
            -0.027616465464234352,
            -0.009806878864765167
        ],
        [
            0.10696019977331161,
            -0.03119678795337677,
            -0.002691579982638359
        ],
        [
            0.12873053550720215,
            -0.04601012542843819,
            -0.0016567381098866463
        ],
        [
            0.11844033002853394,
            -0.044332727789878845,
            0.006552832201123238
        ],
        [
            0.09223523736000061,
            -0.030147967860102654,
            0.0073563093319535255
        ],
        [
            0.10480678826570511,
            -0.0404055193066597,
            0.014465413987636566
        ],
        [
            0.07705995440483093,
            -0.019978443160653114,
            0.0034530246630311012
        ],
        [
            0.08496710658073425,
