{
    "pred_cam": [
        12.627883911132812,
        -0.13111859560012817,
        0.014838743954896927
    ],
    "pred_mano_params": {
        "global_orient": [
            [
                [
                    0.02775084227323532,
                    -0.9901319146156311,
                    -0.1373634785413742
                ],
                [
                    0.20982110500335693,
                    0.14012478291988373,
                    -0.9676467776298523
                ],
                [
                    0.9773459434509277,
                    -0.0019687458407133818,
                    0.2116391509771347
                ]
            ]
        ],
        "hand_pose": [
            [
                [
                    0.25682052969932556,
                    -0.9656062126159668,
                    -0.040592826902866364
                ],
                [
                    0.9544561505317688,
                    0.2600061297416687,
                    -0.14632226526737213
                ],
                [
                    0.1518440842628479,
                    -0.0011655153939500451,
                    0.9884036779403687
                ]
            ],
            [
                [
                    0.8051875829696655,
                    -0.5857944488525391,
                    0.09229204803705215
                ],
                [
                    0.587177574634552,
                    0.7657477259635925,
                    -0.26239830255508423
                ],
                [
                    0.0830390527844429,
                    0.2654716670513153,
                    0.9605358839035034
                ]
            ],
            [
                [
                    0.7566827535629272,
                    -0.6524491906166077,
                    0.04172935336828232
                ],
                [
                    0.6477693319320679,
                    0.7568314075469971,
                    0.08718422800302505
                ],
                [
                    -0.08846535533666611,
                    -0.03893980011343956,
                    0.995317816734314
                ]
            ],
            [
                [
                    0.3365495502948761,
                    -0.9027184844017029,
                    -0.26801806688308716
                ],
                [
                    0.936473548412323,
                    0.3506985902786255,
                    -0.005269315093755722
                ],
                [
                    0.09875024855136871,
                    -0.24921846389770508,
                    0.9633994102478027
                ]
            ],
            [
                [
                    0.8546594381332397,
                    -0.5009768009185791,
                    -0.13630644977092743
                ],
                [
                    0.5191872715950012,
                    0.8253470063209534,
                    0.22191652655601501
                ],
                [
                    0.0013250766787678003,
                    -0.2604316473007202,
                    0.9654914140701294
                ]
            ],
            [
                [
                    0.7368958592414856,
                    -0.6747747659683228,
                    -0.04078644514083862
                ],
                [
                    0.6756988763809204,
                    0.7370381951332092,
                    0.014339964836835861
                ],
                [
                    0.020384926348924637,
                    -0.03812641650438309,
                    0.9990649223327637
                ]
            ],
            [
                [
                    0.49352073669433594,
                    -0.8657097220420837,
                    -0.08357031643390656
                ],
                [
                    0.8281517624855042,
                    0.43839555978775024,
                    0.3492478132247925
                ],
                [
                    -0.26571035385131836,
                    -0.24156992137432098,
                    0.9332963228225708
                ]
            ],
            [
                [
                    0.9583821296691895,
                    -0.2777121365070343,
                    0.06617940962314606
                ],
                [
                    0.24581681191921234,
                    0.9206113219261169,
                    0.3033956289291382
                ],
                [
                    -0.14518217742443085,
                    -0.27450093626976013,
                    0.9505637288093567
                ]
            ],
            [
                [
                    0.9302195906639099,
                    -0.33271002769470215,
                    0.15490461885929108
                ],
                [
                    0.2714105546474457,
                    0.907757043838501,
                    0.3198646306991577
                ],
                [
                    -0.24703796207904816,
                    -0.2555016279220581,
                    0.9347143769264221
                ]
            ],
            [
                [
                    0.3481925129890442,
                    -0.9244114756584167,
                    -0.15564513206481934
                ],
                [
                    0.9353912472724915,
                    0.3535411059856415,
                    -0.00720276590436697
                ],
                [
                    0.06168525293469429,
                    -0.1430811583995819,
                    0.9877867698669434
                ]
            ],
            [
                [
                    0.8859670758247375,
                    -0.4586420953273773,
                    0.06862778961658478
                ],
                [
                    0.3758223354816437,
                    0.7967845797538757,
                    0.47317206859588623
                ],
                [
                    -0.2716982066631317,
                    -0.3934229910373688,
                    0.8782928586006165
                ]
            ],
            [
                [
                    0.7791415452957153,
                    -0.6267796754837036,
                    -0.009253277443349361
                ],
                [
                    0.6169131994247437,
                    0.764091968536377,
                    0.18863075971603394
                ],
                [
                    -0.11115957051515579,
                    -0.15267854928970337,
                    0.9820044636726379
                ]
            ],
            [
                [
                    0.9979985952377319,
                    0.0019417168805375695,
                    -0.06320656836032867
                ],
                [
                    -0.048720087856054306,
                    0.66081702709198,
                    -0.7489641308784485
                ],
                [
                    0.040313687175512314,
                    0.750544548034668,
                    0.6595890522003174
                ]
            ],
            [
                [
                    0.9192188382148743,
                    -0.3686720132827759,
                    -0.13826674222946167
                ],
                [
                    0.39355459809303284,
                    0.8712368011474609,
                    0.2933618724346161
                ],
                [
                    0.012308773584663868,
                    -0.3240792751312256,
                    0.9459498524665833
                ]
            ],
            [
                [
                    0.8354418873786926,
                    -0.03134499117732048,
                    -0.5486841797828674
                ],
                [
                    -0.1926623284816742,
                    0.9183104038238525,
                    -0.34581393003463745
                ],
                [
                    0.5147019028663635,
                    0.3946182131767273,
                    0.7611559629440308
                ]
            ]
        ],
        "betas": [
            0.010312050580978394,
            -0.005297243595123291,
            -0.005882203578948975,
            -0.05346164107322693,
            -0.0043600499629974365,
            -0.011012237519025803,
            0.0008681416511535645,
            -0.03992781043052673,
            0.036576688289642334,
            -0.014455199241638184
        ]
    },
    "pred_cam_t": [
        -0.13111859560012817,
        0.014838743954896927,
        3.093352794647217
    ],
    "focal_length": [
        5000.0,
        5000.0
    ],
    "pred_keypoints_3d": [
        [
            0.09562565386295319,
            0.006370913237333298,
            0.006196531467139721
        ],
        [
            0.10676991194486618,
            -0.02577747032046318,
            -0.011834277771413326
        ],
        [
            0.12009840458631516,
            -0.047422561794519424,
            -0.029130876064300537
        ],
        [
            0.1355079859495163,
            -0.05642751231789589,
            -0.04949837923049927
        ],
        [
            0.14984478056430817,
            -0.052822910249233246,
            -0.08151010423898697
        ],
        [
            0.09548064321279526,
            -0.032826945185661316,
            -0.07543541491031647
        ],
        [
            0.1256866455078125,
            -0.037003450095653534,
            -0.08804512023925781
        ],
        [
            0.14602233469486237,
            -0.03313813358545303,
            -0.08004387468099594
        ],
        [
            0.15861980617046356,
            -0.025537429377436638,
            -0.060125768184661865
        ],
        [
            0.09490472078323364,
            -0.010440681129693985,
            -0.08696455508470535
        ],
        [
            0.12407582998275757,
            -0.008041389286518097,
            -0.09925107657909393
        ],
        [
            0.1463669389486313,
            -0.007917296141386032,
            -0.09253469854593277
        ],
        [
            0.1632160246372223,
            -0.010802151635289192,
            -0.0737137496471405
        ],
        [
            0.1009187400341034,
            0.014473393559455872,
            -0.07928092032670975
        ],
        [
            0.1270461529493332,
            0.01540974248200655,
            -0.09147221595048904
        ],
        [
            0.1509639322757721,
            0.012171396054327488,
            -0.08579916507005692
        ],
        [
            0.1692293882369995,
            0.004111643880605698,
            -0.07044015824794769
        ],
        [
            0.10949921607971191,
            0.03234267979860306,
            -0.07012207061052322
        ],
        [
            0.12853911519050598,
            0.03513825684785843,
            -0.07883387804031372
        ],
        [
            0.14737644791603088,
            0.03317556530237198,
            -0.07944633066654205
        ],
        [
            0.16438427567481995,
            0.02523099258542061,
            -0.07543071359395981
        ]
    ],
    "pred_vertices": [
        [
            0.10928091406822205,
            -0.022270062938332558,
            -0.039276059716939926
        ],
        [
            0.11178337037563324,
            -0.019529128447175026,
            -0.029363960027694702
        ],
        [
            0.11590604484081268,
            -0.027621261775493622,
            -0.03442014381289482
        ],
        [
            0.11191852390766144,
            -0.03065669909119606,
            -0.04341418668627739
        ],
        [
            0.12530522048473358,
            -0.025430362671613693,
            -0.014183968305587769
        ],
        [
            0.12407617270946503,
            -0.03305267542600632,
            -0.0044182538986206055
        ],
        [
            0.12922607362270355,
            -0.042477600276470184,
            -0.01661842316389084
        ],
        [
            0.130265012383461,
            -0.03387719765305519,
            -0.022558853030204773
        ],
        [
            0.11235418170690536,
            -0.0375402495265007,
            -0.046899210661649704
        ],
        [
            0.1190069392323494,
            -0.03385293856263161,
            -0.038532257080078125
        ],
        [
            0.10977429896593094,
            -0.04115019366145134,
            -0.04653402045369148
        ],
        [
            0.09775716811418533,
            -0.043439533561468124,
            -0.054084401577711105
        ],
        [
            0.10414496809244156,
            -0.03986586257815361,
            -0.05403575673699379
        ],
        [
            0.0926661342382431,
            -0.04319991543889046,
            -0.06128750741481781
        ],
        [
            0.08855841308832169,
            -0.04235535115003586,
            -0.047740381211042404
        ],
        [
            0.08367887884378433,
            -0.03945755958557129,
            -0.06311581283807755
        ],
        [
            0.07670313119888306,
            -0.014776140451431274,
            -0.045447103679180145
        ],
        [
            0.07784466445446014,
            -0.0011418657377362251,
            -0.04463639482855797
        ],
        [
            0.0775943174958229,
            -0.002601815387606621,
            -0.06293655186891556
        ],
        [
            0.07743789255619049,
            -0.016530849039554596,
            -0.06199732422828674
        ],
        [
            0.08419547230005264,
            0.016271736472845078,
            -0.0557597316801548
        ],
        [
            0.08066609501838684,
            0.005814142059534788,
            -0.060539714992046356
        ],
        [
            0.0794554352760315,
            0.0075406162068247795,
            -0.04253922030329704
        ],
        [
            0.08291832357645035,
            0.016662850975990295,
            -0.03924423083662987
        ],
        [
            0.10820937901735306,
            -0.006880424916744232,
            -0.03352869302034378
        ],
        [
            0.10968274623155594,
            -0.004166943021118641,
            -0.023371830582618713
        ],
        [
            0.10894680768251419,
            -0.009804826229810715,
            -0.02524290233850479
        ],
        [
            0.1078772321343422,
            -0.012428917922079563,
            -0.034705642610788345
        ],
        [
            0.11378935724496841,
            -0.05046641826629639,
            -0.04142950102686882
        ],
        [
            0.10138600319623947,
            -0.04877562075853348,
            -0.03574077785015106
        ],
        [
            0.10340608656406403,
            -0.045461028814315796,
            -0.04284817725419998
        ],
        [
            0.11704805493354797,
            -0.04651155322790146,
            -0.04350573942065239
        ],
        [
            0.11920380592346191,
            0.00885794311761856,
            0.0010271891951560974
        ],
        [
            0.11324461549520493,
            0.009890605695545673,
            0.01313001662492752
        ],
        [
            0.11186575889587402,
            0.004188816994428635,
            0.013660363852977753
        ],
        [
            0.11707191169261932,
            0.004600361920893192,
            0.0023152828216552734
        ],
        [
            0.11433178186416626,
            -0.017839830368757248,
            0.00984317809343338
        ],
        [
            0.10780420899391174,
            -0.01320568099617958,
            0.016690455377101898
        ],
        [
            0.09800616651773453,
            -0.020347895100712776,
            0.023047171533107758
        ],
        [
            0.10138706862926483,
            -0.02627447247505188,
            0.015383943915367126
        ],
        [
            0.12009408324956894,
            -0.025340896099805832,
            0.0024679377675056458
        ],
        [
            0.11014360189437866,
            -0.0332535058259964,
            0.008319348096847534
        ],
        [
            0.11632655560970306,
            -0.04079846292734146,
            -0.0002797171473503113
        ],
        [
            0.12394379824399948,
            -0.049880702048540115,
            -0.013995766639709473
        ],
        [
            0.11310935020446777,
            0.022668559104204178,
            0.011924833059310913
        ],
        [
            0.11800948530435562,
            0.023716438561677933,
            0.003023579716682434
        ],
        [
            0.12888288497924805,
            -0.03914223611354828,
            -0.07545055449008942
        ],
        [
            0.12952761352062225,
            -0.03312297165393829,
            -0.07577873021364212
        ],
        [
            0.12555454671382904,
            -0.033558301627635956,
            -0.07454691082239151
        ],
        [
            0.12541300058364868,
            -0.03938779979944229,
            -0.07486288994550705
        ],
        [
            0.10049179941415787,
            0.03550102561712265,
            0.0026839151978492737
        ],
        [
            0.09048803150653839,
            0.0356132909655571,
            0.0014487579464912415
        ],
        [
            0.09176939725875854,
            0.037127189338207245,
            0.008465170860290527
        ],
        [
            0.10081277042627335,
            0.035218410193920135,
            0.010235033929347992
        ],
        [
            0.10007927566766739,
            0.03577374666929245,
            -0.007300771772861481
        ],
        [
            0.08921530097723007,
            0.032958678901195526,
            -0.008240468800067902
        ],
        [
            0.13075055181980133,
            -0.04425479471683502,
            -0.08707822859287262
        ],
        [
            0.13042718172073364,
            -0.045144759118556976,
            -0.08193047344684601
        ],
        [
            0.12526509165763855,
            -0.04551968351006508,
            -0.08321090787649155
        ],
        [
            0.12458570301532745,
            -0.04384559392929077,
            -0.08831523358821869
        ],
        [
            0.10773136466741562,
            -0.0335114486515522,
            -0.05171947181224823
        ],
        [
            0.10855956375598907,
            -0.024677172303199768,
            -0.04845922812819481
        ],
        [
            0.1036616712808609,
            -0.032653484493494034,
            -0.06639569997787476
        ],
        [
            0.10547097027301788,
            -0.0292078647762537,
            -0.06089940667152405
        ],
        [
            0.10342030972242355,
            -0.03571346402168274,
            -0.059390679001808167
        ],
        [
            0.10178792476654053,
            -0.03798162192106247,
            -0.06441199779510498
        ],
        [
            0.10725543648004532,
            -0.006212567910552025,
            -0.056039489805698395
        ],
        [
            0.10739371180534363,
            -0.005004541948437691,
            -0.04451267421245575
        ],
        [
            0.10661115497350693,
            -0.011375335976481438,
            -0.046292535960674286
        ],
        [
            0.10702624171972275,
            -0.01441778801381588,
            -0.058674879372119904
        ],
        [
            0.11196447163820267,
            0.008313334546983242,
            -0.04292295128107071
        ],
        [
            0.11092742532491684,
            0.006115373689681292,
            -0.05437690019607544
        ],
        [
            0.11356198787689209,
            0.013921481557190418,
            -0.05201207101345062
        ],
        [
            0.11488759517669678,
            0.013930636458098888,
            -0.044332247227430344
        ],
        [
            0.10745827108621597,
            -0.0010520305950194597,
            -0.07312268763780594
        ],
        [
            0.1062939316034317,
            -0.002545445691794157,
            -0.07768212258815765
        ],
        [
            0.10952641069889069,
            0.0005769804120063782,
            -0.07847798615694046
        ],
        [
            0.10865312814712524,
            0.002224064664915204,
            -0.07228913903236389
        ],
        [
            0.09189354628324509,
            0.038338713347911835,
            0.015464112162590027
        ],
        [
            0.1005597710609436,
            0.034167930483818054,
            0.017458409070968628
        ],
        [
            0.09433697909116745,
            0.03480313718318939,
            -0.04915190488100052
        ],
        [
            0.10274912416934967,
            0.039128031581640244,
            -0.04310861974954605
        ],
        [
            0.10474712401628494,
            0.04041335731744766,
            -0.05567347630858421
        ],
        [
            0.09432476758956909,
            0.03572918102145195,
            -0.05974039435386658
        ],
        [
            0.08205397427082062,
            0.02985399216413498,
            -0.0003265663981437683
        ],
        [
            0.0825628787279129,
            0.0335857979953289,
            0.0065552666783332825
        ],
        [
            0.13100716471672058,
            -0.039650484919548035,
            -0.09145072847604752
        ],
        [
            0.12495452165603638,
            -0.03895242512226105,
            -0.09209217131137848
        ],
        [
            0.10298099368810654,
            -0.04291130229830742,
            -0.00011285394430160522
        ],
        [
            0.11478598415851593,
            -0.053737495094537735,
            -0.014829948544502258
        ],
        [
            0.09497033804655075,
            -0.033058349043130875,
            0.009579941630363464
        ],
        [
            0.08933530002832413,
            -0.02571292780339718,
            0.0156761035323143
        ],
        [
            0.08598464727401733,
            -0.02147243544459343,
            0.022686392068862915
        ],
        [
            0.10587356984615326,
            -0.023813365027308464,
            -0.06490814685821533
        ],
        [
            0.10755462944507599,
            -0.01666235364973545,
            -0.04358741268515587
        ],
        [
            0.10927049815654755,
            -0.0019205166026949883,
            -0.03274248540401459
        ],
        [
            0.12085174024105072,
            0.02658560499548912,
            -0.03388035669922829
        ],
        [
            0.12146718800067902,
            0.027044173330068588,
            -0.023497268557548523
        ],
        [
            0.12035485357046127,
            0.017037732526659966,
            -0.027074947953224182
        ],
        [
            0.11941903829574585,
            0.01882237382233143,
            -0.03547704592347145
        ],
        [
            0.1127556711435318,
            0.0387226939201355,
            -0.042031776160001755
        ],
        [
            0.11817873269319534,
            0.03292720392346382,
            -0.04322967678308487
        ],
        [
            0.11767113953828812,
            0.032744940370321274,
            -0.05127721652388573
        ],
        [
            0.11298207938671112,
            0.03886071592569351,
            -0.05203154310584068
        ],
        [
            0.11389432847499847,
            -0.05689683184027672,
            -0.03725505247712135
        ],
        [
            0.10099619626998901,
            -0.05192859098315239,
            -0.02871815487742424
        ],
        [
            0.1102294996380806,
            0.03153911232948303,
            0.004027508199214935
        ],
        [
            0.10897940397262573,
            0.029307402670383453,
            0.011395081877708435
        ],
        [
            0.10611788183450699,
            0.02909720316529274,
            0.0194132998585701
        ],
        [
            0.11486000567674637,
            0.00109100341796875,
            -0.010935060679912567
        ],
        [
            0.11572767794132233,
            0.0016028322279453278,
            0.0032315626740455627
        ],
        [
            0.11544685065746307,
            -0.0027112606912851334,
            0.0027347728610038757
        ],
        [
            0.11311793327331543,
            -0.0016931556165218353,
            -0.011593230068683624
        ],
        [
            0.11663605272769928,
            -0.015829535201191902,
            -0.01911148428916931
        ],
        [
            0.1202375516295433,
            -0.015662867575883865,
            -0.006117343902587891
        ],
        [
            0.12193603068590164,
            -0.02349282056093216,
            -0.025846611708402634
        ],
        [
            0.1098371371626854,
            -0.0032974407076835632,
            0.016096077859401703
        ],
        [
            0.10970887541770935,
            0.004593918099999428,
            0.02373940497636795
        ],
        [
            0.1068536713719368,
            -0.003733184188604355,
            0.025086909532546997
        ],
        [
            0.11031177639961243,
            0.014321133494377136,
            0.022593393921852112
        ],
        [
            0.1093956008553505,
            0.023068923503160477,
            0.021081335842609406
        ],
        [
            0.08011297881603241,
            0.03716064989566803,
            0.013904847204685211
        ],
        [
            0.10287318378686905,
            -0.011126969009637833,
            0.025242924690246582
        ],
        [
            0.13264361023902893,
            -0.040105294436216354,
            -0.02875349298119545
        ],
        [
            0.13525782525539398,
            -0.04530959576368332,
            -0.03442671522498131
        ],
        [
            0.13061007857322693,
            -0.04131560027599335,
            -0.03931286185979843
        ],
        [
            0.127897709608078,
            -0.036157384514808655,
            -0.0348358191549778
        ],
        [
            0.09261294454336166,
            -0.043028574436903,
            -0.06935051083564758
        ],
        [
            0.0985976830124855,
            -0.04204009845852852,
            -0.0659797266125679
        ],
        [
            0.0992860347032547,
            -0.04167205095291138,
            -0.058899156749248505
        ],
        [
            0.12088406085968018,
            0.012883638963103294,
            -0.009694434702396393
        ],
        [
            0.12000570446252823,
            0.0253077931702137,
            -0.007493108510971069
        ],
        [
            0.10428819060325623,
            -0.027464797720313072,
            -0.0698418915271759
        ],
        [
            0.11875879764556885,
            -0.04340934753417969,
            -0.08857237547636032
        ],
        [
            0.11945196986198425,
            -0.04562348499894142,
            -0.08292190730571747
        ],
        [
            0.1012919470667839,
            -0.04412055015563965,
            -0.07513272762298584
        ],
        [
            0.09996509552001953,
            -0.04192391782999039,
            -0.08194874972105026
        ],
        [
            0.10405389219522476,
            -0.023776987567543983,
            -0.07682351022958755
        ],
        [
            0.10483411699533463,
            -0.026754407212138176,
            -0.07006414979696274
        ],
        [
            0.10585065931081772,
            -0.026204055175185204,
            -0.07059474289417267
        ],
        [
            0.10737857222557068,
            -0.022479873150587082,
            -0.0761168897151947
        ],
        [
            0.1111641377210617,
            0.008231893181800842,
            -0.07382157444953918
        ],
        [
            0.11080019176006317,
            0.009475558996200562,
            -0.0687204971909523
        ],
        [
            0.08329232782125473,
            -0.018068131059408188,
            -0.07763181626796722
        ],
        [
            0.07891126722097397,
            -0.031217655166983604,
            -0.0759359672665596
        ],
        [
            0.07713337987661362,
            -0.02965140901505947,
            -0.06169372424483299
        ],
        [
            0.10893096774816513,
            0.0008650184608995914,
            -0.05434837192296982
        ],
        [
            0.10889922082424164,
            0.00045478250831365585,
            -0.06460018455982208
        ],
        [
            0.10979863256216049,
            0.004382967017591,
            -0.06398097425699234
        ],
        [
            0.10592209547758102,
            -0.02105839177966118,
            -0.0685959905385971
        ],
        [
            0.10449792444705963,
            -0.02290872298181057,
            -0.07390888035297394
        ],
        [
            0.10517048835754395,
            -0.019047321751713753,
            -0.07350198924541473
        ],
        [
            0.10660640150308609,
            -0.01609025150537491,
            -0.0673031285405159
        ],
        [
            0.10089288651943207,
            0.038841839879751205,
            -0.03007148951292038
        ],
        [
            0.11258839070796967,
            0.03871259093284607,
            -0.029218442738056183
        ],
        [
            0.1294584572315216,
            -0.04333583265542984,
            -0.0777219906449318
        ],
        [
            0.1252579391002655,
            -0.04380664974451065,
            -0.07809465378522873
        ],
        [
            0.10908369719982147,
            0.0018873321823775768,
            -0.04306890070438385
        ],
        [
            0.07882413268089294,
            -0.026699798181653023,
            -0.04606078937649727
        ],
        [
            0.11085538566112518,
            0.0032964851707220078,
            -0.03197403997182846
        ],
        [
            0.09643516689538956,
            0.02167084626853466,
            -0.07327419519424438
        ],
        [
            0.10566814243793488,
            0.02287590503692627,
            -0.07309573143720627
        ],
        [
            0.10737600922584534,
            0.02093488723039627,
            -0.07560180872678757
        ],
        [
            0.10219276696443558,
            0.020398207008838654,
            -0.07848376780748367
        ],
        [
            0.12105327099561691,
            -0.024551115930080414,
            -0.08184073865413666
        ],
        [
            0.12240118533372879,
            -0.02729935571551323,
            -0.07668961584568024
        ],
        [
            0.12573513388633728,
            -0.02798469550907612,
            -0.07740382850170135
        ],
        [
            0.12554751336574554,
            -0.025385146960616112,
            -0.0827883705496788
        ],
        [
            0.10408386588096619,
            -0.03148842230439186,
            -0.06651877611875534
        ],
        [
            0.1026221439242363,
            -0.037500910460948944,
            -0.06595399230718613
        ],
        [
            0.10574343055486679,
            -0.036784831434488297,
            -0.06627736240625381
        ],
        [
            0.10655688494443893,
            -0.030809728428721428,
            -0.06793154776096344
        ],
        [
            0.09948890656232834,
            -0.041768305003643036,
            -0.06776374578475952
        ],
        [
            0.10323120653629303,
            -0.04199367016553879,
            -0.06926774978637695
        ],
        [
            0.11977146565914154,
            -0.02575598657131195,
            -0.08810488879680634
        ],
        [
            0.11894020438194275,
            -0.031739600002765656,
            -0.09261216968297958
        ],
        [
            0.10175761580467224,
            -0.028432641178369522,
            -0.08739745616912842
        ],
        [
            0.1066775992512703,
            -0.02343260496854782,
            -0.0836111307144165
        ],
        [
            0.0801570862531662,
            0.017540808767080307,
            -0.024125955998897552
        ],
        [
            0.0853281244635582,
            0.027280457317829132,
            -0.022450394928455353
        ],
        [
            0.08803956210613251,
            0.026805805042386055,
            -0.03749809414148331
        ],
        [
            0.08975720405578613,
            0.027240224182605743,
            -0.05278460681438446
        ],
        [
            0.09220438450574875,
            0.02613971382379532,
            -0.06689012050628662
        ],
        [
            0.0847797691822052,
            0.016667628660798073,
            -0.07004299759864807
        ],
        [
            0.09215599298477173,
            0.03339928016066551,
            -0.03466828167438507
        ],
        [
            0.09658502042293549,
            -0.020553918555378914,
            -0.08094558864831924
        ],
        [
            0.09109760820865631,
            -0.025154132395982742,
            -0.0827813595533371
        ],
        [
            0.09051010757684708,
            -0.019636156037449837,
            -0.08162304013967514
        ],
        [
            0.1145203486084938,
            0.009796753525733948,
            -0.03176359087228775
        ],
        [
            0.12030394375324249,
            -0.04438094422221184,
            -0.0776359811425209
        ],
        [
            0.07248705625534058,
            -0.010782727971673012,
            0.009026840329170227
        ],
        [
            0.07024946063756943,
            0.0021917857229709625,
            0.006409749388694763
        ],
        [
            0.07180602848529816,
            -0.0014570336788892746,
            -0.0014708638191223145
        ],
        [
            0.07517974078655243,
            -0.016147026792168617,
            0.0014541372656822205
        ],
        [
            0.12256200611591339,
            -0.03343053534626961,
            -0.07329562306404114
        ],
        [
            0.12157342582941055,
            -0.03984016180038452,
            -0.07325924932956696
        ],
        [
            0.11331259459257126,
            0.015546830371022224,
            -0.0686618834733963
        ],
        [
            0.11275248229503632,
            0.013809660449624062,
            -0.07310120761394501
        ],
        [
            0.11245723068714142,
            0.01795310340821743,
            -0.07343980669975281
        ],
        [
            0.11535242199897766,
            0.020243002101778984,
            -0.07037439197301865
        ],
        [
            0.08852028846740723,
            0.031793978065252304,
            -0.020105913281440735
        ],
        [
            0.1095343828201294,
            0.04026695713400841,
            -0.06211147457361221
        ],
        [
            0.09966082125902176,
            0.0360327772796154,
            -0.06667877733707428
        ],
        [
            0.08274701982736588,
            0.027326766401529312,
            -0.009514503180980682
        ],
        [
            0.07760739326477051,
            0.019123215228319168,
            -0.010896660387516022
        ],
        [
            0.07590028643608093,
            0.020859114825725555,
            -0.0014173537492752075
        ],
        [
            0.08572240173816681,
            0.0030973097309470177,
            -0.07719592750072479
        ],
        [
            0.07748612761497498,
            0.009854663163423538,
            -0.02723061665892601
        ],
        [
            0.07558508962392807,
            0.01199058722704649,
            -0.012887135148048401
        ],
        [
            0.0734652653336525,
            0.013739477843046188,
            -0.0016495734453201294
        ],
        [
            0.07150296866893768,
            0.015831734985113144,
            0.006218254566192627
        ],
        [
            0.07452709227800369,
            0.023379094898700714,
            0.005699187517166138
        ],
        [
            0.11889541894197464,
            -0.037893280386924744,
            -0.09183261543512344
        ],
        [
            0.12561218440532684,
            -0.03204640746116638,
            -0.09319521486759186
        ],
        [
            0.07152993232011795,
            0.02699500322341919,
            0.013506032526493073
        ],
        [
            0.06887567043304443,
            0.018120579421520233,
            0.013915665447711945
        ],
        [
            0.07396592199802399,
            0.002995908260345459,
            -0.01415727287530899
        ],
        [
            0.07346227765083313,
            -0.008439648896455765,
            -0.01520482450723648
        ],
        [
            0.07608921825885773,
            0.001233607530593872,
            -0.027969498187303543
        ],
        [
            0.07551202178001404,
            -0.010159451514482498,
            -0.030225377529859543
        ],
        [
            0.07755084335803986,
            -0.005076002795249224,
            -0.07712579518556595
        ],
        [
            0.14334428310394287,
            -0.02846568450331688,
            -0.08786967396736145
        ],
        [
            0.13228774070739746,
            -0.027730340138077736,
            -0.08994337916374207
        ],
        [
            0.1309255212545395,
            -0.025933681055903435,
            -0.08451967686414719
        ],
        [
            0.14169825613498688,
            -0.02571803703904152,
            -0.08494921773672104
        ],
        [
            0.1254911571741104,
            -0.026541495695710182,
            -0.08860819786787033
        ],
        [
            0.1318507194519043,
            -0.03272637724876404,
            -0.09263228625059128
        ],
        [
            0.07886575162410736,
            -0.02503536269068718,
            -0.030000001192092896
        ],
        [
            0.10388633608818054,
            -0.020607084035873413,
            -0.0781758725643158
        ],
        [
            0.07959502935409546,
            -0.025548385456204414,
            -0.012595146894454956
        ],
        [
            0.08616957068443298,
            -0.041184235364198685,
            -0.03411779925227165
        ],
        [
            0.08908058702945709,
            -0.0417119562625885,
            -0.020835496485233307
        ],
        [
            0.08196181803941727,
            -0.027420559898018837,
            0.00520741194486618
        ],
        [
            0.090060293674469,
            -0.03969433158636093,
            -0.004349440336227417
        ],
        [
            0.07675141096115112,
            -0.016769377514719963,
            0.019230768084526062
        ],
        [
            0.07862213253974915,
            -0.020761001855134964,
