{
    "pred_cam": [
        11.385446548461914,
        -0.06911346316337585,
        -0.0035654958337545395
    ],
    "pred_mano_params": {
        "global_orient": [
            [
                [
                    0.8019134402275085,
                    -0.5769128799438477,
                    0.15526193380355835
                ],
                [
                    0.1305156946182251,
                    -0.08443616330623627,
                    -0.9878441095352173
                ],
                [
                    0.5830097794532776,
                    0.812429666519165,
                    0.007585691753774881
                ]
            ]
        ],
        "hand_pose": [
            [
                [
                    0.8661007285118103,
                    -0.4821966886520386,
                    0.13174165785312653
                ],
                [
                    0.4866048991680145,
                    0.8736209273338318,
                    -0.001455624238587916
                ],
                [
                    -0.11439037322998047,
                    0.06536685675382614,
                    0.9912829995155334
                ]
            ],
            [
                [
                    0.4388427436351776,
                    -0.8869365453720093,
                    0.14408539235591888
                ],
                [
                    0.8911782503128052,
                    0.4090869128704071,
                    -0.19608478248119354
                ],
                [
                    0.11497130990028381,
                    0.21445614099502563,
                    0.9699434041976929
                ]
            ],
            [
                [
                    0.7822995185852051,
                    -0.6213405728340149,
                    0.04408286511898041
                ],
                [
                    0.6195195317268372,
                    0.7834656834602356,
                    0.04875432327389717
                ],
                [
                    -0.06483045965433121,
                    -0.010830286890268326,
                    0.9978374242782593
                ]
            ],
            [
                [
                    0.8162854909896851,
                    -0.5604961514472961,
                    -0.13972142338752747
                ],
                [
                    0.5549909472465515,
                    0.8280590772628784,
                    -0.07939289510250092
                ],
                [
                    0.16019700467586517,
                    -0.012736853212118149,
                    0.9870029091835022
                ]
            ],
            [
                [
                    0.18701031804084778,
                    -0.9407839179039001,
                    -0.2827593684196472
                ],
                [
                    0.9823497533798218,
                    0.17791752517223358,
                    0.0577436238527298
                ],
                [
                    -0.004016407765448093,
                    -0.2885672450065613,
                    0.9574512243270874
                ]
            ],
            [
                [
                    0.7822409868240356,
                    -0.6229690909385681,
                    0.002895411802455783
                ],
                [
                    0.622948408126831,
                    0.7821546196937561,
                    -0.013013849966228008
                ],
                [
                    0.005842566955834627,
                    0.011983660981059074,
                    0.9999110102653503
                ]
            ],
            [
                [
                    0.5846587419509888,
                    -0.7999619245529175,
                    -0.1350371390581131
                ],
                [
                    0.8071761727333069,
                    0.5903064012527466,
                    -0.00222229165956378
                ],
                [
                    0.08149104565382004,
                    -0.10769947618246078,
                    0.9908380508422852
                ]
            ],
            [
                [
                    0.703616201877594,
                    -0.7004149556159973,
                    -0.11976326256990433
                ],
                [
                    0.6383921504020691,
                    0.5490753054618835,
                    0.5394181609153748
                ],
                [
                    -0.3120574653148651,
                    -0.4559991955757141,
                    0.8334776759147644
                ]
            ],
            [
                [
                    0.9364899396896362,
                    -0.34921619296073914,
                    0.03216575086116791
                ],
                [
                    0.2983718514442444,
                    0.8416074514389038,
                    0.45019012689590454
                ],
                [
                    -0.18428462743759155,
                    -0.41200119256973267,
                    0.8923531770706177
                ]
            ],
            [
                [
                    0.5789931416511536,
                    -0.7985719442367554,
                    -0.16446813941001892
                ],
                [
                    0.753512442111969,
                    0.6011421084403992,
                    -0.26617124676704407
                ],
                [
                    0.3114256262779236,
                    0.03018253855407238,
                    0.9497910737991333
                ]
            ],
            [
                [
                    0.4535575211048126,
                    -0.874586284160614,
                    -0.17141883075237274
                ],
                [
                    0.8293965458869934,
                    0.3438175618648529,
                    0.4403303861618042
                ],
                [
                    -0.3261701166629791,
                    -0.341889351606369,
                    0.8813199400901794
                ]
            ],
            [
                [
                    0.8116239309310913,
                    -0.5832659602165222,
                    -0.032670825719833374
                ],
                [
                    0.577076256275177,
                    0.7918039560317993,
                    0.20007358491420746
                ],
                [
                    -0.09082723408937454,
                    -0.1812380701303482,
                    0.9792360067367554
                ]
            ],
            [
                [
                    0.9460440278053284,
                    0.274465411901474,
                    -0.17224827408790588
                ],
                [
                    -0.3226921856403351,
                    0.846385657787323,
                    -0.4236755669116974
                ],
                [
                    0.02950417622923851,
                    0.4563989043235779,
                    0.8892859220504761
                ]
            ],
            [
                [
                    0.943597137928009,
                    -0.30720099806785583,
                    -0.12349885702133179
                ],
                [
                    0.32968151569366455,
                    0.9061980247497559,
                    0.2647927403450012
                ],
                [
                    0.030569827184081078,
                    -0.29057297110557556,
                    0.9563643336296082
                ]
            ],
            [
                [
                    0.82843017578125,
                    -0.5421419143676758,
                    -0.14066140353679657
                ],
                [
                    0.3039205074310303,
                    0.6460714936256409,
                    -0.7001599669456482
                ],
                [
                    0.4704633355140686,
                    0.5372837781906128,
                    0.6999931335449219
                ]
            ]
        ],
        "betas": [
            -0.10200399160385132,
            -0.09004780650138855,
            -0.004673510789871216,
            -0.08953317999839783,
            0.06216415762901306,
            -0.02468102052807808,
            0.04488646984100342,
            -0.005603164434432983,
            0.035751283168792725,
            -0.04557153582572937
        ]
    },
    "pred_cam_t": [
        -0.06911346316337585,
        -0.0035654958337545395,
        3.430915117263794
    ],
    "focal_length": [
        5000.0,
        5000.0
    ],
    "pred_keypoints_3d": [
        [
            0.09619931876659393,
            0.006419579964131117,
            0.006240857765078545
        ],
        [
            0.08980461210012436,
            -0.021064456552267075,
            -0.020304815843701363
        ],
        [
            0.07672335207462311,
            -0.04450039193034172,
            -0.03565891459584236
        ],
        [
            0.06188822537660599,
            -0.05579815059900284,
            -0.055480897426605225
        ],
        [
            0.05640508607029915,
            -0.05038978531956673,
            -0.0889822468161583
        ],
        [
            0.03145689517259598,
            -0.02519722655415535,
            -0.04944043606519699
        ],
        [
            0.015539057552814484,
            -0.034243710339069366,
            -0.07708077877759933
        ],
        [
            0.02929668128490448,
            -0.028887253254652023,
            -0.0938011035323143
        ],
        [
            0.05124372988939285,
            -0.019017590209841728,
            -0.10024549067020416
        ],
        [
            0.020229533314704895,
            -0.0025235055945813656,
            -0.0504499152302742
        ],
        [
            0.006781838834285736,
            0.005826505366712809,
            -0.0781516581773758
        ],
        [
            0.027243973687291145,
            0.01232992298901081,
            -0.08750846236944199
        ],
        [
            0.052678078413009644,
            0.014398099854588509,
            -0.08696267008781433
        ],
        [
            0.02836614102125168,
            0.02253892831504345,
            -0.04506455361843109
        ],
        [
            0.023195069283246994,
            0.035365886986255646,
            -0.07062746584415436
        ],
        [
            0.04603459686040878,
            0.04061261564493179,
            -0.07919872552156448
        ],
        [
            0.07131656259298325,
            0.03870406001806259,
            -0.07958656549453735
        ],
        [
            0.039720263332128525,
            0.041185732930898666,
            -0.0425441712141037
        ],
        [
            0.038826800882816315,
            0.054976798593997955,
            -0.058738332241773605
        ],
        [
            0.054726652801036835,
            0.05976078659296036,
            -0.06817426532506943
        ],
        [
            0.07361747324466705,
            0.05689483508467674,
            -0.0739191323518753
        ]
    ],
    "pred_vertices": [
        [
            0.06839305907487869,
            -0.01476980745792389,
            -0.03655910864472389
        ],
        [
            0.07789814472198486,
            -0.012915530242025852,
            -0.0327155701816082
        ],
        [
            0.07440434396266937,
            -0.021867621690034866,
            -0.03916016221046448
        ],
        [
            0.0661218985915184,
            -0.022928044199943542,
            -0.04199020192027092
        ],
        [
            0.09572314471006393,
            -0.02312278375029564,
            -0.03710339590907097
        ],
        [
            0.10345366597175598,
            -0.031088363379240036,
            -0.031284186989068985
        ],
        [
            0.09261421114206314,
            -0.04110516607761383,
            -0.040364839136600494
        ],
        [
            0.08790500462055206,
            -0.03284522891044617,
            -0.04445945844054222
        ],
        [
            0.06229750066995621,
            -0.03062552958726883,
            -0.044126447290182114
        ],
        [
            0.07096617668867111,
            -0.028882840648293495,
            -0.043647557497024536
        ],
        [
            0.05945481359958649,
            -0.03583969175815582,
            -0.03962216526269913
        ],
        [
            0.04956623911857605,
            -0.03728165850043297,
            -0.037694722414016724
        ],
        [
            0.0534772127866745,
            -0.03255215659737587,
            -0.04359288513660431
        ],
        [
            0.041931454092264175,
            -0.03692827373743057,
            -0.03930427506566048
        ],
        [
            0.04996975511312485,
            -0.03794662654399872,
            -0.026158325374126434
        ],
        [
            0.036474741995334625,
            -0.03426716476678848,
            -0.031766172498464584
        ],
        [
            0.044763967394828796,
            -0.013838994316756725,
            -0.012825246900320053
        ],
        [
            0.045133836567401886,
            -0.0006693906616419554,
            -0.010507959872484207
        ],
        [
            0.03138512372970581,
            -0.0009097680449485779,
            -0.021099090576171875
        ],
        [
            0.03289136663079262,
            -0.014227092266082764,
            -0.02325354889035225
        ],
        [
            0.03912782296538353,
            0.018231939524412155,
            -0.017863072454929352
        ],
        [
            0.03396674990653992,
            0.00772433215752244,
            -0.02020472288131714
        ],
        [
            0.04715007171034813,
            0.007944777607917786,
            -0.008575960993766785
        ],
        [
            0.051295891404151917,
            0.017338698729872704,
            -0.007344383746385574
        ],
        [
            0.07174137234687805,
            -0.000400446355342865,
            -0.02951064705848694
        ],
        [
            0.08113706856966019,
            0.0020584571175277233,
            -0.024436628445982933
        ],
        [
            0.07988372445106506,
            -0.0032420996576547623,
            -0.02642272226512432
        ],
        [
            0.07104572653770447,
            -0.005639641545712948,
            -0.031119950115680695
        ],
        [
            0.06266483664512634,
            -0.04615950956940651,
            -0.03490540385246277
        ],
        [
            0.06454801559448242,
            -0.04424767568707466,
            -0.02628175914287567
        ],
        [
            0.0594487302005291,
            -0.04056674987077713,
            -0.031741078943014145
        ],
        [
            0.0621902234852314,
            -0.04276394098997116,
            -0.03925347328186035
        ],
        [
            0.10540588200092316,
            0.01452439185231924,
            -0.014856129884719849
        ],
        [
            0.11185821145772934,
            0.013171756640076637,
            -0.0030075199902057648
        ],
        [
            0.1118825227022171,
            0.00725184241309762,
            -0.00305233895778656
        ],
        [
            0.10563070327043533,
            0.009866018779575825,
            -0.01368071511387825
        ],
        [
            0.11219582706689835,
            -0.015549395233392715,
            -0.013164404779672623
        ],
        [
            0.11336398124694824,
            -0.011163964867591858,
            -0.002586737275123596
        ],
        [
            0.11311982572078705,
            -0.020829161629080772,
            0.0079185850918293
        ],
        [
            0.10899265110492706,
            -0.02590218558907509,
            1.274794340133667e-05
        ],
        [
            0.10895167291164398,
            -0.02310437709093094,
            -0.023420503363013268
        ],
        [
            0.10826665908098221,
            -0.03187812864780426,
            -0.012069303542375565
        ],
        [
            0.10294003784656525,
            -0.03874177485704422,
            -0.022181188687682152
        ],
        [
            0.09232806414365768,
            -0.04764612019062042,
            -0.033227890729904175
        ],
        [
            0.11008989810943604,
            0.02578122541308403,
            -0.0006610564887523651
        ],
        [
            0.10550112277269363,
            0.028643188998103142,
            -0.009340841323137283
        ],
        [
            0.030097689479589462,
            -0.03488709777593613,
            -0.07675790041685104
        ],
        [
            0.029235512018203735,
            -0.028744656592607498,
            -0.07752826064825058
        ],
        [
            0.029737666249275208,
            -0.029117528349161148,
            -0.07584179192781448
        ],
        [
            0.030160151422023773,
            -0.03489984571933746,
            -0.07528615742921829
        ],
        [
            0.09442916512489319,
            0.03629814088344574,
            0.006999216973781586
        ],
        [
            0.08760825544595718,
            0.03434918075799942,
            0.014275725930929184
        ],
        [
            0.09405069053173065,
            0.03552433103322983,
            0.017609797418117523
        ],
        [
            0.10083998739719391,
            0.035447947680950165,
            0.010992497205734253
        ],
        [
            0.08598573505878448,
            0.03729163482785225,
            0.0016390904784202576
        ],
        [
            0.07909110188484192,
            0.03225583955645561,
            0.009122930467128754
        ],
        [
            0.019499942660331726,
            -0.040987543761730194,
            -0.08089669793844223
        ],
        [
            0.024674348533153534,
            -0.041403524577617645,
            -0.07958991080522537
        ],
        [
            0.022533360868692398,
            -0.04174090176820755,
            -0.0757865458726883
        ],
        [
            0.016981128603219986,
            -0.04063208028674126,
            -0.07572383433580399
        ],
        [
            0.0576850026845932,
            -0.025368792936205864,
            -0.04497489333152771
        ],
        [
            0.06062693148851395,
            -0.016561275348067284,
            -0.042237211018800735
        ],
        [
            0.04283984377980232,
            -0.024153638631105423,
            -0.05410532280802727
        ],
        [
            0.04904259741306305,
            -0.020571976900100708,
            -0.048778556287288666
        ],
        [
            0.049591973423957825,
            -0.02760644257068634,
            -0.04766662418842316
        ],
        [
            0.04382382333278656,
            -0.030083810910582542,
            -0.05109419673681259
        ],
        [
            0.05249817669391632,
            0.0018181707710027695,
            -0.04180654138326645
        ],
        [
            0.06200602650642395,
            0.0020571709610521793,
            -0.034857653081417084
        ],
        [
            0.06053757667541504,
            -0.00415042182430625,
            -0.03671460598707199
        ],
        [
            0.05068212375044823,
            -0.006039763335138559,
            -0.04509104788303375
        ],
        [
            0.0650394856929779,
            0.016010921448469162,
            -0.0345253124833107
        ],
        [
            0.05514247715473175,
            0.014597615227103233,
            -0.04099622368812561
        ],
        [
            0.05802541971206665,
            0.022662760689854622,
            -0.040020912885665894
        ],
        [
            0.065171018242836,
            0.022287238389253616,
            -0.036438118666410446
        ],
        [
            0.03814787417650223,
            0.008929189294576645,
            -0.051653627306222916
        ],
        [
            0.03198523819446564,
            0.008668521419167519,
            -0.05491962283849716
        ],
        [
            0.03293273597955704,
            0.013265082612633705,
            -0.05642642825841904
        ],
        [
            0.03892265632748604,
            0.01237230934202671,
            -0.051010116934776306
        ],
        [
            0.09980800747871399,
            0.03613787516951561,
            0.021782338619232178
        ],
        [
            0.10668472945690155,
            0.0337502546608448,
            0.015073563903570175
        ],
        [
            0.048897385597229004,
            0.03819272294640541,
            -0.017920631915330887
        ],
        [
            0.05823907256126404,
            0.044014450162649155,
            -0.020433954894542694
        ],
        [
            0.048727020621299744,
            0.04698286950588226,
            -0.028298798948526382
        ],
        [
            0.04027051478624344,
            0.04005423188209534,
            -0.023426029831171036
        ],
        [
            0.08161759376525879,
            0.026999451220035553,
            0.018654298037290573
        ],
        [
            0.08736240863800049,
            0.030205780640244484,
            0.023038145154714584
        ],
        [
            0.014468777924776077,
            -0.036815643310546875,
            -0.08193574845790863
        ],
        [
            0.012160166166722775,
            -0.03628505766391754,
            -0.0769186019897461
        ],
        [
            0.09668097645044327,
            -0.04047590494155884,
            -0.010762132704257965
        ],
        [
            0.08783750236034393,
            -0.05023285746574402,
            -0.02523656003177166
        ],
        [
            0.10084004700183868,
            -0.032329805195331573,
            0.0008857212960720062
        ],
        [
            0.10252142697572708,
            -0.02658107504248619,
            0.009729437530040741
        ],
        [
            0.10611724853515625,
            -0.02402607724070549,
            0.01718113198876381
        ],
        [
            0.04565301537513733,
            -0.014732372015714645,
            -0.0509084090590477
        ],
        [
            0.06367986649274826,
            -0.009288002736866474,
            -0.03697780892252922
        ],
        [
            0.07258561253547668,
            0.004550425801426172,
            -0.02875513583421707
        ],
        [
            0.07647379487752914,
            0.035067569464445114,
            -0.03227781504392624
        ],
        [
            0.08542308956384659,
            0.03476272150874138,
            -0.026615111157298088
        ],
        [
            0.08239062875509262,
            0.025071319192647934,
            -0.030023260042071342
        ],
        [
            0.07477439939975739,
            0.02732553705573082,
            -0.033784203231334686
        ],
        [
            0.06458283960819244,
            0.04578985273838043,
            -0.027878254652023315
        ],
        [
            0.06678981333971024,
            0.04145847260951996,
            -0.03428775817155838
        ],
        [
            0.05940878018736839,
            0.04208892211318016,
            -0.0387258380651474
        ],
        [
            0.05616282671689987,
            0.047038719058036804,
            -0.033616937696933746
        ],
        [
            0.0661744773387909,
            -0.05248114839196205,
            -0.032260261476039886
        ],
        [
            0.07027362287044525,
            -0.047563835978507996,
            -0.022201044484972954
        ],
        [
            0.10141977667808533,
            0.034474700689315796,
            -0.000862807035446167
        ],
        [
            0.10689079761505127,
            0.03139317035675049,
            0.0038253776729106903
        ],
        [
            0.11180295795202255,
            0.029862448573112488,
            0.010615874081850052
        ],
        [
            0.09404158592224121,
            0.007222481071949005,
            -0.020552389323711395
        ],
        [
            0.10599952936172485,
            0.006578494794666767,
            -0.013102635741233826
        ],
        [
            0.10618762671947479,
            0.0020530549809336662,
            -0.014760706573724747
        ],
        [
            0.09323204308748245,
            0.004283063113689423,
            -0.020727401599287987
        ],
        [
            0.08923637866973877,
            -0.010862734168767929,
            -0.03179021552205086
        ],
        [
            0.10238386690616608,
            -0.011871008202433586,
            -0.027531590312719345
        ],
        [
            0.08371279388666153,
            -0.020273707807064056,
            -0.03983921557664871
        ],
        [
            0.11339335888624191,
            -0.0007559852674603462,
            -0.0020849406719207764
        ],
        [
            0.11887578666210175,
            0.0063515882939100266,
            0.004534710198640823
        ],
        [
            0.11891670525074005,
            -0.002546589821577072,
            0.0055984146893024445
        ],
        [
            0.11767081916332245,
            0.01608896441757679,
            0.005695898085832596
        ],
        [
            0.1154133677482605,
            0.024577001109719276,
            0.0075959712266922
        ],
        [
            0.09179533272981644,
            0.03253895789384842,
            0.030001875013113022
        ],
        [
            0.11715083569288254,
            -0.01070233341306448,
            0.007252398878335953
        ],
        [
            0.08209424465894699,
            -0.0391383171081543,
            -0.04782022535800934
        ],
        [
            0.07730884104967117,
            -0.04424859210848808,
            -0.0506647452712059
        ],
        [
            0.07107550650835037,
            -0.039483122527599335,
            -0.04898540675640106
        ],
        [
            0.07480011880397797,
            -0.034467291086912155,
            -0.04643263295292854
        ],
        [
            0.03432104364037514,
            -0.036823857575654984,
            -0.04317367449402809
        ],
        [
            0.04024960845708847,
            -0.034905001521110535,
            -0.0485072135925293
        ],
        [
            0.04753830283880234,
            -0.03462430089712143,
            -0.04417140409350395
        ],
        [
            0.097248874604702,
            0.019682709127664566,
            -0.021352726966142654
        ],
        [
            0.09786049276590347,
            0.031465984880924225,
            -0.016583647578954697
        ],
        [
            0.038929928094148636,
            -0.019114961847662926,
            -0.05641249939799309
        ],
        [
            0.01624326780438423,
            -0.0402582623064518,
            -0.07074037939310074
        ],
        [
            0.022204697132110596,
            -0.04199356585741043,
            -0.07112395018339157
        ],
        [
            0.02775159478187561,
            -0.03871820122003555,
            -0.055229708552360535
        ],
        [
            0.02108876407146454,
            -0.03677341341972351,
            -0.054150182753801346
        ],
        [
            0.028545506298542023,
            -0.017397286370396614,
            -0.05961325392127037
        ],
        [
            0.03502995893359184,
            -0.020394157618284225,
            -0.05951393395662308
        ],
        [
            0.03287758305668831,
            -0.02101799100637436,
            -0.06097829341888428
        ],
        [
            0.02732772007584572,
            -0.017907995730638504,
            -0.06291819363832474
        ],
        [
            0.03720811754465103,
            0.02056250534951687,
            -0.05287244915962219
        ],
        [
            0.042397815734148026,
            0.01977139338850975,
            -0.048900313675403595
        ],
        [
            0.02313477173447609,
            -0.013546627014875412,
            -0.03665461391210556
        ],
        [
            0.024098962545394897,
            -0.026851225644350052,
            -0.03307250887155533
        ],
        [
            0.03393302857875824,
            -0.026027139276266098,
            -0.024885408580303192
        ],
        [
            0.05439218133687973,
            0.00899125263094902,
            -0.04054680094122887
        ],
        [
            0.045929450541734695,
            0.009529469534754753,
            -0.04678924381732941
        ],
        [
            0.04656495153903961,
            0.013569855131208897,
            -0.046241626143455505
        ],
        [
            0.0420362688601017,
            -0.011852067895233631,
            -0.05249171331524849
        ],
        [
            0.03545640781521797,
            -0.014175407588481903,
            -0.056916553527116776
        ],
        [
            0.03710336983203888,
            -0.009553885087370872,
            -0.054035432636737823
        ],
        [
            0.04324350878596306,
            -0.007027171552181244,
            -0.050332002341747284
        ],
        [
            0.0677768737077713,
            0.0422639325261116,
            -0.011483412235975266
        ],
        [
            0.0750417411327362,
            0.04467666894197464,
            -0.020294494926929474
        ],
        [
            0.028441399335861206,
            -0.03926894813776016,
            -0.07782533764839172
        ],
        [
            0.027537016198039055,
            -0.039618588984012604,
            -0.07541745901107788
        ],
        [
            0.06369270384311676,
            0.009083506651222706,
            -0.0337819904088974
        ],
        [
            0.04618670418858528,
            -0.024311844259500504,
            -0.0164325088262558
        ],
        [
            0.07375770062208176,
            0.009943264536559582,
            -0.02836109884083271
        ],
        [
            0.02977800741791725,
            0.027825817465782166,
            -0.035814475268125534
        ],
        [
            0.03405281901359558,
            0.03254371136426926,
            -0.04309149086475372
        ],
        [
            0.031480833888053894,
            0.031209375709295273,
            -0.04598809406161308
        ],
        [
            0.02645081840455532,
            0.02872517704963684,
            -0.042952507734298706
        ],
        [
            0.021619655191898346,
            -0.020596468821167946,
            -0.07454773783683777
        ],
        [
            0.026914451271295547,
            -0.02315838821232319,
            -0.07577162981033325
        ],
        [
            0.026233768090605736,
            -0.023807939141988754,
            -0.07639782875776291
        ],
        [
            0.020547080785036087,
            -0.021432146430015564,
            -0.07698667049407959
        ],
        [
            0.03838377818465233,
            -0.025107041001319885,
            -0.05805627256631851
        ],
        [
            0.039500702172517776,
            -0.030877510085701942,
            -0.05548867583274841
        ],
        [
            0.03668166697025299,
            -0.031395889818668365,
            -0.05976954847574234
        ],
        [
            0.03524242341518402,
            -0.025654632598161697,
            -0.061079397797584534
        ],
        [
            0.03575192391872406,
            -0.03572098910808563,
            -0.05257274955511093
        ],
        [
            0.033531252294778824,
            -0.036568839102983475,
            -0.05703238770365715
        ],
        [
            0.015238993801176548,
            -0.022021424025297165,
            -0.07329706847667694
        ],
        [
            0.010972490534186363,
            -0.02855861373245716,
            -0.07235521078109741
        ],
        [
            0.015787910670042038,
            -0.023734765127301216,
            -0.057075731456279755
        ],
        [
            0.019805599004030228,
            -0.01925601437687874,
            -0.06191536411643028
        ],
        [
            0.06184932217001915,
            0.016405314207077026,
            0.003686431795358658
        ],
        [
            0.06561005115509033,
            0.026958078145980835,
            0.0027661286294460297
        ],
        [
            0.055096447467803955,
            0.028253916651010513,
            -0.00812382623553276
        ],
        [
            0.04392368346452713,
            0.030095174908638,
            -0.017986629158258438
        ],
        [
            0.0338049940764904,
            0.030549010261893272,
            -0.028310280293226242
        ],
        [
            0.028016824275255203,
            0.019555557519197464,
            -0.026200905442237854
        ],
        [
            0.05931495875120163,
            0.03536798059940338,
            -0.008287910372018814
        ],
        [
            0.02389521710574627,
            -0.012690356001257896,
            -0.051518939435482025
        ],
        [
            0.020623907446861267,
            -0.019617566838860512,
            -0.04590011388063431
        ],
        [
            0.02161446027457714,
            -0.012986203655600548,
            -0.044918954372406006
        ],
        [
            0.07562161237001419,
            0.017083872109651566,
            -0.02970074489712715
        ],
        [
            0.02744108997285366,
            -0.04031464457511902,
            -0.0720970630645752
        ],
        [
            0.08648441731929779,
            -0.015299723483622074,
            0.022465303540229797
        ],
        [
            0.08205440640449524,
            -0.0031704548746347427,
            0.025602072477340698
        ],
        [
            0.07673361897468567,
            -0.005648844875395298,
            0.019069276750087738
        ],
        [
            0.08228648453950882,
            -0.01888873614370823,
            0.014994058758020401
        ],
        [
            0.03081669844686985,
            -0.02922864258289337,
            -0.07561780512332916
        ],
        [
            0.031315818428993225,
            -0.03551505133509636,
            -0.07373572885990143
        ],
        [
            0.042684406042099,
            0.026609471067786217,
            -0.04908393695950508
        ],
        [
            0.037709448486566544,
            0.026182956993579865,
            -0.05167030543088913
        ],
        [
            0.03580814599990845,
            0.03029019944369793,
            -0.050208330154418945
        ],
        [
            0.04098095744848251,
            0.03305875509977341,
            -0.05038188770413399
        ],
        [
            0.06909047067165375,
            0.03187153860926628,
            0.0025992579758167267
        ],
        [
            0.04457072913646698,
            0.04876307025551796,
            -0.034394584596157074
        ],
        [
            0.036239877343177795,
            0.0426267609000206,
            -0.03064778447151184
        ],
        [
            0.07463893294334412,
            0.02541256695985794,
            0.012270629405975342
        ],
        [
            0.07104481756687164,
            0.01634828746318817,
            0.01368793472647667
        ],
        [
            0.0777345597743988,
            0.01689685508608818,
            0.020858127623796463
        ],
        [
            0.022930799052119255,
            0.0073257372714579105,
            -0.03400557488203049
        ],
        [
            0.058210574090480804,
            0.008560341782867908,
            0.002290792763233185
        ],
        [
            0.0686718225479126,
            0.009077691473066807,
            0.012529391795396805
        ],
        [
            0.07654818892478943,
            0.009399134665727615,
            0.021056007593870163
        ],
        [
            0.08178434520959854,
            0.01038473378866911,
            0.027575843036174774
        ],
        [
            0.08263760805130005,
            0.018486667424440384,
            0.0266035795211792
        ],
        [
            0.01230723038315773,
            -0.034979239106178284,
            -0.07147062569856644
        ],
        [
            0.010486394166946411,
            -0.029154565185308456,
            -0.07833386212587357
        ],
        [
            0.08712022006511688,
            0.020723067224025726,
            0.03428742662072182
        ],
        [
            0.08645662665367126,
            0.011418750509619713,
            0.0346071794629097
        ],
        [
            0.06722550094127655,
            6.52172602713108e-05,
            0.011067517101764679
        ],
        [
            0.06700979173183441,
            -0.010686002671718597,
            0.00846831500530243
        ],
        [
            0.05734724551439285,
            -6.261235103011131e-05,
            0.001019500195980072
        ],
        [
            0.055975623428821564,
            -0.010904500260949135,
            -0.0022478699684143066
        ],
        [
            0.021071622148156166,
            -0.002456500893458724,
            -0.029015952721238136
        ],
        [
            0.020638596266508102,
            -0.024683091789484024,
            -0.09314355999231339
        ],
        [
            0.015390126034617424,
            -0.024174312129616737,
            -0.08348666876554489
        ],
        [
            0.020262494683265686,
            -0.022003907710313797,
            -0.08087108284235
        ],
        [
            0.022870242595672607,
            -0.02176397293806076,
            -0.09077510237693787
        ],
        [
            0.014920970425009727,
            -0.022985072806477547,
            -0.07768698036670685
        ],
        [
            0.012907454743981361,
            -0.029481325298547745,
            -0.08352065086364746
        ],
        [
            0.05906040593981743,
            -0.02382379025220871,
            -0.006850510835647583
        ],
        [
            0.030692778527736664,
            -0.01069493405520916,
            -0.057365670800209045
        ],
        [
            0.07394178211688995,
            -0.025041822344064713,
            0.0025168582797050476
        ],
        [
            0.05966682732105255,
            -0.03791838139295578,
            -0.015606697648763657
        ],
        [
            0.0722416490316391,
            -0.03865096718072891,
            -0.010355595499277115
        ],
        [
            0.089834064245224,
            -0.028131159022450447,
            0.009968969970941544
        ],
        [
            0.08649322390556335,
            -0.037689801305532455,
            -0.002310030162334442
        ],
        [
            0.09762550890445709,
            -0.02107398584485054,
            0.023664072155952454
        ],
        [
