{
    "pred_cam": [
        15.49917221069336,
        -0.062450990080833435,
        -0.018501412123441696
    ],
    "pred_mano_params": {
        "global_orient": [
            [
                [
                    0.707758903503418,
                    -0.6788234114646912,
                    0.19564288854599
                ],
                [
                    0.14252837002277374,
                    -0.1340349167585373,
                    -0.9806734323501587
                ],
                [
                    0.6919270753860474,
                    0.7219650149345398,
                    0.0018871873617172241
                ]
            ]
        ],
        "hand_pose": [
            [
                [
                    0.9254546165466309,
                    -0.36592936515808105,
                    0.09812993556261063
                ],
                [
                    0.3723956346511841,
                    0.9262616038322449,
                    -0.057973604649305344
                ],
                [
                    -0.06967974454164505,
                    0.09019509702920914,
                    0.9934835433959961
                ]
            ],
            [
                [
                    0.47079750895500183,
                    -0.8679234981536865,
                    0.1582990288734436
                ],
                [
                    0.8800883293151855,
                    0.4494990408420563,
                    -0.1529548168182373
                ],
                [
                    0.0615978017449379,
                    0.21132786571979523,
                    0.9754723310470581
                ]
            ],
            [
                [
                    0.8045849204063416,
                    -0.5909846425056458,
                    0.05814003944396973
                ],
                [
                    0.5878251791000366,
                    0.8065091371536255,
                    0.06328193098306656
                ],
                [
                    -0.08428911864757538,
                    -0.016739509999752045,
                    0.9963007569313049
                ]
            ],
            [
                [
                    0.8772351145744324,
                    -0.4686058759689331,
                    -0.10424498468637466
                ],
                [
                    0.463134229183197,
                    0.883264422416687,
                    -0.07314812391996384
                ],
                [
                    0.12635353207588196,
                    0.015888690948486328,
                    0.9918580055236816
                ]
            ],
            [
                [
                    0.18447959423065186,
                    -0.925451397895813,
                    -0.33091846108436584
                ],
                [
                    0.9828316569328308,
                    0.17474648356437683,
                    0.059208065271377563
                ],
                [
                    0.003032643347978592,
                    -0.3361598253250122,
                    0.9418001174926758
                ]
            ],
            [
                [
                    0.8101053237915039,
                    -0.5857727527618408,
                    -0.024489758536219597
                ],
                [
                    0.5853437781333923,
                    0.8104648590087891,
                    -0.022790230810642242
                ],
                [
                    0.03319798409938812,
                    0.004127557389438152,
                    0.9994403123855591
                ]
            ],
            [
                [
                    0.610224187374115,
                    -0.7710238695144653,
                    -0.18206776678562164
                ],
                [
                    0.7910260558128357,
                    0.6056481003761292,
                    0.08641870319843292
                ],
                [
                    0.043638117611408234,
                    -0.19675512611865997,
                    0.9794811010360718
                ]
            ],
            [
                [
                    0.7429484128952026,
                    -0.66777503490448,
                    -0.045872822403907776
                ],
                [
                    0.6186398267745972,
                    0.6588823795318604,
                    0.4279705286026001
                ],
                [
                    -0.25556322932243347,
                    -0.3463387191295624,
                    0.9026278257369995
                ]
            ],
            [
                [
                    0.969543993473053,
                    -0.24393153190612793,
                    -0.02194904536008835
                ],
                [
                    0.2169356644153595,
                    0.8137226104736328,
                    0.5392536520957947
                ],
                [
                    -0.11368052661418915,
                    -0.5275917053222656,
                    0.8418573141098022
                ]
            ],
            [
                [
                    0.6718769669532776,
                    -0.7257537245750427,
                    -0.14786086976528168
                ],
                [
                    0.6889234781265259,
                    0.6856671571731567,
                    -0.2350425124168396
                ],
                [
                    0.2719663083553314,
                    0.05605483427643776,
                    0.9606727361679077
                ]
            ],
            [
                [
                    0.4552173614501953,
                    -0.8653584122657776,
                    -0.20959937572479248
                ],
                [
                    0.8327931761741638,
                    0.33052507042884827,
                    0.4440818428993225
                ],
                [
                    -0.315012127161026,
                    -0.37670671939849854,
                    0.871125340461731
                ]
            ],
            [
                [
                    0.8177787661552429,
                    -0.5725759863853455,
                    -0.05826425552368164
                ],
                [
                    0.5712028741836548,
                    0.7950619459152222,
                    0.2039702832698822
                ],
                [
                    -0.07046478986740112,
                    -0.20008325576782227,
                    0.9772418141365051
                ]
            ],
            [
                [
                    0.8947076797485352,
                    0.2734530568122864,
                    -0.3531596064567566
                ],
                [
                    -0.4167000651359558,
                    0.7957014441490173,
                    -0.43956828117370605
                ],
                [
                    0.16080832481384277,
                    0.5404466986656189,
                    0.8258680701255798
                ]
            ],
            [
                [
                    0.9315177798271179,
                    -0.3416173458099365,
                    -0.12478882074356079
                ],
                [
                    0.3635282814502716,
                    0.8641530275344849,
                    0.3479751646518707
                ],
                [
                    -0.011037703603506088,
                    -0.3695093095302582,
                    0.9291614890098572
                ]
            ],
            [
                [
                    0.8990052342414856,
                    -0.437937468290329,
                    0.0006367026944644749
                ],
                [
                    0.3362869322299957,
                    0.6894025206565857,
                    -0.6415880918502808
                ],
                [
                    0.2805365324020386,
                    0.57700514793396,
                    0.7670491337776184
                ]
            ]
        ],
        "betas": [
            -0.15029558539390564,
            -0.05596855282783508,
            -0.04606702923774719,
            -0.10997208952903748,
            0.05828869342803955,
            -0.04040638357400894,
            0.011672407388687134,
            -0.042561113834381104,
            0.020408377051353455,
            -0.01248258352279663
        ]
    },
    "pred_cam_t": [
        -0.062450990080833435,
        -0.018501412123441696,
        2.5202958583831787
    ],
    "focal_length": [
        5000.0,
        5000.0
    ],
    "pred_keypoints_3d": [
        [
            0.09642468392848969,
            0.00644334452226758,
            0.006255310960114002
        ],
        [
            0.0949699729681015,
            -0.020416054874658585,
            -0.021768994629383087
        ],
        [
            0.08103887736797333,
            -0.04060889780521393,
            -0.04073357954621315
        ],
        [
            0.06652041524648666,
            -0.04915822297334671,
            -0.062195565551519394
        ],
        [
            0.06414614617824554,
            -0.047736551612615585,
            -0.09696483612060547
        ],
        [
            0.04125181585550308,
            -0.025959685444831848,
            -0.05884933844208717
        ],
        [
            0.02566450834274292,
            -0.034121714532375336,
            -0.08707039058208466
        ],
        [
            0.039100661873817444,
            -0.028468044474720955,
            -0.10405250638723373
        ],
        [
            0.060927268117666245,
            -0.019011519849300385,
            -0.11168907582759857
        ],
        [
            0.029269181191921234,
            -0.0036445814184844494,
            -0.06077105179429054
        ],
        [
            0.01619751751422882,
            0.00338602252304554,
            -0.08911591023206711
        ],
        [
            0.036556489765644073,
            0.011467608623206615,
            -0.0976020097732544
        ],
        [
            0.06177908182144165,
            0.0162107702344656,
            -0.09698569029569626
        ],
        [
            0.035538479685783386,
            0.02160717360675335,
            -0.05360817909240723
        ],
        [
            0.030461903661489487,
            0.03341000899672508,
            -0.07975532859563828
        ],
        [
            0.05336696654558182,
            0.040057841688394547,
            -0.08738301694393158
        ],
        [
            0.07883423566818237,
            0.040144145488739014,
            -0.08660997450351715
        ],
        [
            0.04565667361021042,
            0.04063444212079048,
            -0.049054648727178574
        ],
        [
            0.04722703993320465,
            0.05430066958069801,
            -0.06537644565105438
        ],
        [
            0.06308107078075409,
            0.05999235063791275,
            -0.07451160997152328
        ],
        [
            0.08353278040885925,
            0.059257954359054565,
            -0.08003569394350052
        ]
    ],
    "pred_vertices": [
        [
            0.0755825787782669,
            -0.013813615776598454,
            -0.03996957838535309
        ],
        [
            0.08436334133148193,
            -0.011229835450649261,
            -0.03426339104771614
        ],
        [
            0.08099750429391861,
            -0.018944574519991875,
            -0.041333191096782684
        ],
        [
            0.07395423948764801,
            -0.021206911653280258,
            -0.04567905142903328
        ],
        [
            0.10119674354791641,
            -0.020353399217128754,
            -0.039073970168828964
        ],
        [
            0.10852938890457153,
            -0.029071258381009102,
            -0.03392297029495239
        ],
        [
            0.097309410572052,
            -0.03771360218524933,
            -0.04485935717821121
        ],
        [
            0.09300284087657928,
            -0.028775306418538094,
            -0.048071153461933136
        ],
        [
            0.07010705769062042,
            -0.028132211416959763,
            -0.04850633442401886
        ],
        [
            0.07758224010467529,
            -0.02514147013425827,
            -0.04671868309378624
        ],
        [
            0.06627689301967621,
            -0.032723505049943924,
            -0.04481875151395798
        ],
        [
            0.05741959065198898,
            -0.03633948042988777,
            -0.04440394788980484
        ],
        [
            0.062102481722831726,
            -0.03156810998916626,
            -0.04967837408185005
        ],
        [
            0.05049574747681618,
            -0.03695923462510109,
            -0.047296784818172455
        ],
        [
            0.056485507637262344,
            -0.037654899060726166,
            -0.0330754891037941
        ],
        [
            0.044300422072410583,
            -0.03487014025449753,
            -0.040387317538261414
        ],
        [
            0.04905689135193825,
            -0.015273289754986763,
            -0.02021484076976776
        ],
        [
            0.04847892373800278,
            -0.002151943976059556,
            -0.017588824033737183
        ],
        [
            0.03655460849404335,
            -0.002581880195066333,
            -0.029934491962194443
        ],
        [
            0.03892183676362038,
            -0.015766993165016174,
            -0.03217700123786926
        ],
        [
            0.042845215648412704,
            0.01678355783224106,
            -0.02515866607427597
        ],
        [
            0.03854990378022194,
            0.006133111193776131,
            -0.028442025184631348
        ],
        [
            0.049820996820926666,
            0.006481521762907505,
            -0.015164189040660858
        ],
        [
            0.05333131551742554,
            0.016011720523238182,
            -0.013115577399730682
        ],
        [
            0.07743556052446365,
            -0.00010100845247507095,
            -0.03267652168869972
        ],
        [
            0.08616232872009277,
            0.002576383762061596,
            -0.026034411042928696
        ],
        [
            0.08557359129190445,
            -0.002485978417098522,
            -0.027861785143613815
        ],
        [
            0.07724365592002869,
            -0.005194526165723801,
            -0.034281857311725616
        ],
        [
            0.06730060279369354,
            -0.04188711941242218,
            -0.04098888114094734
        ],
        [
            0.06979338824748993,
            -0.04213698208332062,
            -0.03201313316822052
        ],
        [
            0.06540478020906448,
            -0.03800157830119133,
            -0.037478186190128326
        ],
        [
            0.06732042878866196,
            -0.03803342580795288,
            -0.045037440955638885
        ],
        [
            0.10812962800264359,
            0.01565912924706936,
            -0.013148315250873566
        ],
        [
            0.11293201148509979,
            0.014173435047268867,
            -0.0005229488015174866
        ],
        [
            0.1132778748869896,
            0.008244934491813183,
            -0.000739075243473053
        ],
        [
            0.10851828753948212,
            0.010926937684416771,
            -0.012053526937961578
        ],
        [
            0.11617863923311234,
            -0.014334824867546558,
            -0.012582365423440933
        ],
        [
            0.11575204879045486,
            -0.010304950177669525,
            -0.001056920737028122
        ],
        [
            0.11438077688217163,
            -0.020283671095967293,
            0.008978970348834991
        ],
        [
            0.11163350939750671,
            -0.025382056832313538,
            -0.00024435296654701233
        ],
        [
            0.11389043927192688,
            -0.021614164113998413,
            -0.024488821625709534
        ],
        [
            0.11229024082422256,
            -0.031114207580685616,
            -0.01369040459394455
        ],
        [
            0.10734397172927856,
            -0.03763296827673912,
            -0.02575378306210041
        ],
        [
            0.09632375836372375,
            -0.04495915025472641,
            -0.038569480180740356
        ],
        [
            0.11025603115558624,
            0.02662275731563568,
            0.0019230246543884277
        ],
        [
            0.10679232329130173,
            0.029603900387883186,
            -0.007258377969264984
        ],
        [
            0.040010832250118256,
            -0.03456398844718933,
            -0.08699560910463333
        ],
        [
            0.039082519710063934,
            -0.02843349613249302,
            -0.0876520574092865
        ],
        [
            0.03946143016219139,
            -0.028646280989050865,
            -0.08589199185371399
        ],
        [
            0.04004982113838196,
            -0.034499604254961014,
            -0.08553889393806458
        ],
        [
            0.09321548044681549,
            0.036231063306331635,
            0.007638983428478241
        ],
        [
            0.08553431928157806,
            0.03374067693948746,
            0.01384938508272171
        ],
        [
            0.09139817953109741,
            0.035054925829172134,
            0.01809011399745941
        ],
        [
            0.09903568029403687,
            0.03549501672387123,
            0.0124778151512146
        ],
        [
            0.08555868268013,
            0.03709188848733902,
            0.0011702999472618103
        ],
        [
            0.07789962738752365,
            0.03149276226758957,
            0.007493786513805389
        ],
        [
            0.02955549769103527,
            -0.040864452719688416,
            -0.09132298082113266
        ],
        [
            0.034711312502622604,
            -0.04116057977080345,
            -0.08999970555305481
        ],
        [
            0.032597701996564865,
            -0.04163889214396477,
            -0.08630779385566711
        ],
        [
            0.027045302093029022,
            -0.040719687938690186,
            -0.08627603203058243
        ],
        [
            0.0664447769522667,
            -0.024653125554323196,
            -0.05041426420211792
        ],
        [
            0.06876585632562637,
            -0.016093917191028595,
            -0.04715404286980629
        ],
        [
            0.0527828112244606,
            -0.024478547275066376,
            -0.0624353289604187
        ],
        [
            0.058400049805641174,
            -0.02060893177986145,
            -0.055687543004751205
        ],
        [
            0.05906416475772858,
            -0.027579952031373978,
            -0.05471660941839218
        ],
        [
            0.05367676168680191,
            -0.030437637120485306,
            -0.05938612297177315
        ],
        [
            0.0598878376185894,
            0.0016891811974346638,
            -0.047626279294490814
        ],
        [
            0.06835418939590454,
            0.0020893989130854607,
            -0.03938794881105423
        ],
        [
            0.06743521988391876,
            -0.004098627716302872,
            -0.04155278205871582
        ],
        [
            0.05887427181005478,
            -0.006147148087620735,
            -0.051367633044719696
        ],
        [
            0.07074790447950363,
            0.016158003360033035,
            -0.03827140852808952
        ],
        [
            0.06187552958726883,
            0.01455478835850954,
            -0.0461013987660408
        ],
        [
            0.06431266665458679,
            0.022685477510094643,
            -0.04454389214515686
        ],
        [
            0.07089873403310776,
            0.02249545231461525,
            -0.040004655718803406
        ],
        [
            0.04661519080400467,
            0.008681985549628735,
            -0.05941872298717499
        ],
        [
            0.040476150810718536,
            0.008261707611382008,
            -0.06368519365787506
        ],
        [
            0.04128825291991234,
            0.012730304151773453,
            -0.06468663364648819
        ],
        [
            0.0471179261803627,
            0.01211041770875454,
            -0.05847793072462082
        ],
        [
            0.09648449718952179,
            0.03576117381453514,
            0.023055583238601685
        ],
        [
            0.10432738810777664,
            0.033890821039676666,
            0.017300158739089966
        ],
        [
            0.051693595945835114,
            0.03708455339074135,
            -0.02350381389260292
        ],
        [
            0.061022162437438965,
            0.0433228574693203,
            -0.024529628455638885
        ],
        [
            0.052938323467969894,
            0.046097055077552795,
            -0.033739764243364334
        ],
        [
            0.044143274426460266,
            0.038801465183496475,
            -0.030201181769371033
        ],
        [
            0.07930497825145721,
            0.025999881327152252,
            0.017158567905426025
        ],
        [
            0.0842527449131012,
            0.029277201741933823,
            0.022389084100723267
        ],
        [
            0.024532880634069443,
            -0.03678024932742119,
            -0.09232174605131149
        ],
        [
            0.022158890962600708,
            -0.03648035600781441,
            -0.08738463371992111
        ],
        [
            0.10055501759052277,
            -0.040400180965662,
            -0.014516811817884445
        ],
        [
            0.09165506809949875,
            -0.04836973920464516,
            -0.03104964829981327
        ],
        [
            0.10368628799915314,
            -0.03269500657916069,
            -0.0010806582868099213
        ],
        [
            0.10398619621992111,
            -0.02694103494286537,
            0.008811350911855698
        ],
        [
            0.10629159212112427,
            -0.024229254573583603,
            0.017164550721645355
        ],
        [
            0.05506044626235962,
            -0.014904246665537357,
            -0.05822912976145744
        ],
        [
            0.07081924378871918,
            -0.00900295190513134,
            -0.04139342159032822
        ],
        [
            0.07791736721992493,
            0.0048256972804665565,
            -0.03176252171397209
        ],
        [
            0.08100666850805283,
            0.03560248389840126,
            -0.033955443650484085
        ],
        [
            0.08908189088106155,
            0.03547946363687515,
            -0.02707117795944214
        ],
        [
            0.08695991337299347,
            0.025788918137550354,
            -0.031159047037363052
        ],
        [
            0.0798555314540863,
            0.02784636616706848,
            -0.03590644896030426
        ],
        [
            0.0682777464389801,
            0.045618653297424316,
            -0.03098560869693756
        ],
        [
            0.07151943445205688,
            0.04161124676465988,
            -0.03714597970247269
        ],
        [
            0.06502333283424377,
            0.04194622486829758,
            -0.04265045374631882
        ],
        [
            0.06100211292505264,
            0.04656791687011719,
            -0.03796280920505524
        ],
        [
            0.07019852101802826,
            -0.04860452935099602,
            -0.03881170600652695
        ],
        [
            0.07498303055763245,
            -0.045944783836603165,
            -0.027986448258161545
        ],
        [
            0.10130929946899414,
            0.034973323345184326,
            0.0007611066102981567
        ],
        [
            0.10621171444654465,
            0.03194797784090042,
            0.0060930028557777405
        ],
        [
            0.11018936336040497,
            0.030363067984580994,
            0.013484261929988861
        ],
        [
            0.09824427962303162,
            0.008034465834498405,
            -0.02039867267012596
        ],
        [
            0.10907597839832306,
            0.007578050717711449,
            -0.011515568941831589
        ],
        [
            0.10987600684165955,
            0.0030785510316491127,
            -0.013323880732059479
        ],
        [
            0.09784312546253204,
            0.005060013849288225,
            -0.02055947110056877
        ],
        [
            0.09524701535701752,
            -0.00884684082120657,
            -0.03224433958530426
        ],
        [
            0.10793541371822357,
            -0.010218225419521332,
            -0.02774345502257347
        ],
        [
            0.08947756886482239,
            -0.016753369942307472,
            -0.04141605272889137
        ],
        [
            0.11509858071804047,
            0.0001977980136871338,
            0.00011429935693740845
        ],
        [
            0.11913949251174927,
            0.007375163026154041,
            0.007768183946609497
        ],
        [
            0.11945578455924988,
            -0.0015671495348215103,
            0.008517742156982422
        ],
        [
            0.11733202636241913,
            0.017012150958180428,
            0.009034596383571625
        ],
        [
            0.11442718654870987,
            0.025327350944280624,
            0.010838359594345093
        ],
        [
            0.08756537735462189,
            0.03155454993247986,
            0.02997792512178421
        ],
        [
            0.1178961843252182,
            -0.009847212582826614,
            0.009571470320224762
        ],
        [
            0.08708757162094116,
            -0.0345761775970459,
            -0.05243854969739914
        ],
        [
            0.08219350874423981,
            -0.039221908897161484,
            -0.056031081825494766
        ],
        [
            0.07634185254573822,
            -0.03418358042836189,
            -0.05414707213640213
        ],
        [
            0.08018480986356735,
            -0.02964378334581852,
            -0.050685152411460876
        ],
        [
            0.04339616373181343,
            -0.03752352297306061,
            -0.05236221104860306
        ],
        [
            0.04981912672519684,
            -0.03533199429512024,
            -0.05719974637031555
        ],
        [
            0.056669384241104126,
            -0.034459035843610764,
            -0.05149693414568901
        ],
        [
            0.10068734735250473,
            0.020708266645669937,
            -0.020599760115146637
        ],
        [
            0.10012251138687134,
            0.032364215701818466,
            -0.01544639840722084
        ],
        [
            0.04874984547495842,
            -0.019486911594867706,
            -0.06497779488563538
        ],
        [
            0.026247821748256683,
            -0.04056879132986069,
            -0.08131399750709534
        ],
        [
            0.03226526454091072,
            -0.042008109390735626,
            -0.08173716068267822
        ],
        [
            0.03731768950819969,
            -0.03946395590901375,
            -0.06565844267606735
        ],
        [
            0.03059512749314308,
            -0.03783871605992317,
            -0.06460263580083847
        ],
        [
            0.03806100785732269,
            -0.01800750009715557,
            -0.0688648521900177
        ],
        [
            0.04454365372657776,
            -0.02072295919060707,
            -0.0685555636882782
        ],
        [
            0.042174432426691055,
            -0.02132652886211872,
            -0.07020790874958038
        ],
        [
            0.03655640408396721,
            -0.018355567008256912,
            -0.07211456447839737
        ],
        [
            0.04495516046881676,
            0.020236065611243248,
            -0.06055536866188049
        ],
        [
            0.050064146518707275,
            0.019643347710371017,
            -0.05577230080962181
        ],
        [
            0.031030364334583282,
            -0.015052116475999355,
            -0.046663254499435425
        ],
        [
            0.03237151727080345,
            -0.0283978134393692,
            -0.04316571354866028
        ],
        [
            0.04070547968149185,
            -0.02718442678451538,
            -0.033797793090343475
        ],
        [
            0.06129138171672821,
            0.008904803544282913,
            -0.045910462737083435
        ],
        [
            0.053729698061943054,
            0.009329060092568398,
            -0.053320400416851044
        ],
        [
            0.054117485880851746,
            0.013381223194301128,
            -0.05256517603993416
        ],
        [
            0.05148909240961075,
            -0.012107793241739273,
            -0.06019938364624977
        ],
        [
            0.04522769898176193,
            -0.014593184925615788,
            -0.06555536389350891
        ],
        [
            0.0466286763548851,
            -0.009879584424197674,
            -0.06234665960073471
        ],
        [
            0.05222625285387039,
            -0.00725291995331645,
            -0.05767650902271271
        ],
        [
            0.06917008757591248,
            0.041734907776117325,
            -0.014293782413005829
        ],
        [
            0.0774889811873436,
            0.04475422948598862,
            -0.021959520876407623
        ],
        [
            0.03843974322080612,
            -0.038974154740571976,
            -0.08816654235124588
        ],
        [
            0.037542056292295456,
            -0.03933482989668846,
            -0.08584458380937576
        ],
        [
            0.06958598643541336,
            0.009150818921625614,
            -0.03789304196834564
        ],
        [
            0.05141391232609749,
            -0.02535383403301239,
            -0.023697510361671448
        ],
        [
            0.07879345118999481,
            0.010247991420328617,
            -0.031093120574951172
        ],
        [
            0.03561505675315857,
            0.026718314737081528,
            -0.04385114088654518
        ],
        [
            0.040699489414691925,
            0.03162271901965141,
            -0.05044310912489891
        ],
        [
            0.03798467293381691,
            0.030304530635476112,
            -0.05395499989390373
        ],
        [
            0.032651111483573914,
            0.027575252577662468,
            -0.05138196796178818
        ],
        [
            0.031003082171082497,
            -0.020548447966575623,
            -0.0840640515089035
        ],
        [
            0.036379553377628326,
            -0.022774355486035347,
            -0.08536522090435028
        ],
        [
            0.035789597779512405,
            -0.023424673825502396,
            -0.08629260212182999
        ],
        [
            0.030013449490070343,
            -0.021311355754733086,
            -0.0868338942527771
        ],
        [
            0.047951944172382355,
            -0.02543693594634533,
            -0.06716625392436981
        ],
        [
            0.04919195920228958,
            -0.03133682906627655,
            -0.06467334926128387
        ],
        [
            0.04617278650403023,
            -0.031640954315662384,
            -0.06944973766803741
        ],
        [
            0.044625528156757355,
            -0.02589569054543972,
            -0.07048528641462326
        ],
        [
            0.0452447347342968,
            -0.03635195270180702,
            -0.062272049486637115
        ],
        [
            0.04308231920003891,
            -0.03702792525291443,
            -0.06716030836105347
        ],
        [
            0.024652281776070595,
            -0.022285159677267075,
            -0.08293664455413818
        ],
        [
            0.02060890942811966,
            -0.029004091396927834,
            -0.0823364332318306
        ],
        [
            0.02497314289212227,
            -0.024902228266000748,
            -0.06686658412218094
        ],
        [
            0.029033370316028595,
            -0.02006087452173233,
            -0.07130908966064453
        ],
        [
            0.06226484850049019,
            0.01513003557920456,
            -0.0007345974445343018
        ],
        [
            0.06566090881824493,
            0.025859003886580467,
            -0.0008440315723419189
        ],
        [
            0.05674342066049576,
            0.027094734832644463,
            -0.013100389391183853
        ],
        [
            0.04710917919874191,
            0.028828630223870277,
            -0.024408694356679916
        ],
        [
            0.038713954389095306,
            0.029285037890076637,
            -0.03598584979772568
        ],
        [
            0.0331169068813324,
            0.017986664548516273,
            -0.034784555435180664
        ],
        [
            0.06064698100090027,
            0.0343792699277401,
            -0.012505989521741867
        ],
        [
            0.03286576271057129,
            -0.013792585581541061,
            -0.06118350103497505
        ],
        [
            0.029476569965481758,
            -0.021051038056612015,
            -0.05572181195020676
        ],
        [
            0.03009260818362236,
            -0.01429433561861515,
            -0.0547911673784256
        ],
        [
            0.08053235709667206,
            0.017510242760181427,
            -0.03199183940887451
        ],
        [
            0.03745923563838005,
            -0.04008223116397858,
            -0.08257849514484406
        ],
        [
            0.08558154106140137,
            -0.016418490558862686,
            0.020280472934246063
        ],
        [
            0.0801461786031723,
            -0.004445040598511696,
            0.023214146494865417
        ],
        [
            0.07591751217842102,
            -0.006935455836355686,
            0.015931569039821625
        ],
        [
            0.0827261358499527,
            -0.020057933405041695,
            0.012127093970775604
        ],
        [
            0.04048571363091469,
            -0.028698988258838654,
            -0.08546289056539536
        ],
        [
            0.04119846969842911,
            -0.03505214303731918,
            -0.08393583446741104
        ],
        [
            0.05015880614519119,
            0.02640678361058235,
            -0.05579343065619469
        ],
        [
            0.045123182237148285,
            0.025878172367811203,
            -0.05919140204787254
        ],
        [
            0.042736053466796875,
            0.029712898656725883,
            -0.05797498673200607
        ],
        [
            0.04845254868268967,
            0.03270306438207626,
            -0.05719281733036041
        ],
        [
            0.06892377138137817,
            0.03092343732714653,
            -0.0003972351551055908
        ],
        [
            0.05013187229633331,
            0.04801272228360176,
            -0.04036979377269745
        ],
        [
            0.04134518653154373,
            0.041537344455718994,
            -0.037729013711214066
        ],
        [
            0.07334201037883759,
            0.02435450628399849,
            0.009811200201511383
        ],
        [
            0.06999050080776215,
            0.015094932168722153,
            0.01046251505613327
        ],
        [
            0.0756048932671547,
            0.015660876408219337,
            0.018515020608901978
        ],
        [
            0.029438508674502373,
            0.0057318247854709625,
            -0.0434991791844368
        ],
        [
            0.059214163571596146,
            0.007171794772148132,
            -0.0028459616005420685
        ],
        [
            0.06812553852796555,
            0.007758192252367735,
            0.00877620279788971
        ],
        [
            0.07473796606063843,
            0.008099446073174477,
            0.018333882093429565
        ],
        [
            0.07898640632629395,
            0.009063784964382648,
            0.02554628998041153
        ],
        [
            0.07959799468517303,
            0.017243079841136932,
            0.02493203431367874
        ],
        [
            0.022134944796562195,
            -0.03540560603141785,
            -0.08181694149971008
        ],
        [
            0.02023477852344513,
            -0.029369084164500237,
            -0.08849891275167465
        ],
        [
            0.08287268877029419,
            0.01938946545124054,
            0.03323128819465637
        ],
        [
            0.0825914591550827,
            0.010040046647191048,
            0.03318711370229721
        ],
        [
            0.06729450076818466,
            -0.0012857387773692608,
            0.006864398717880249
        ],
        [
            0.06804110109806061,
            -0.012050081975758076,
            0.003963254392147064
        ],
        [
            0.05891704559326172,
            -0.0014703436754643917,
            -0.004463128745555878
        ],
        [
            0.05854477733373642,
            -0.012272733263671398,
            -0.008163746446371078
        ],
        [
            0.027732722461223602,
            -0.004247113596647978,
            -0.039097823202610016
        ],
        [
            0.03039734810590744,
            -0.02434569038450718,
            -0.10317906737327576
        ],
        [
            0.025121204555034637,
            -0.024095527827739716,
            -0.09345512092113495
        ],
        [
            0.029985934495925903,
            -0.02187841758131981,
            -0.090838223695755
        ],
        [
            0.03269743174314499,
            -0.021431904286146164,
            -0.10084274411201477
        ],
        [
            0.02442254312336445,
            -0.02307954803109169,
            -0.08762802928686142
        ],
        [
            0.02276584878563881,
            -0.029490802437067032,
            -0.09362111240625381
        ],
        [
            0.06287174671888351,
            -0.02489776723086834,
            -0.01254235953092575
        ],
        [
            0.040303513407707214,
            -0.011225342750549316,
            -0.06642624735832214
        ],
        [
            0.07653646916151047,
            -0.02619517222046852,
            -0.0015507601201534271
        ],
        [
            0.06469479948282242,
            -0.0379321463406086,
            -0.02158082276582718
        ],
        [
            0.07649356126785278,
            -0.03882959857583046,
            -0.01522485539317131
        ],
        [
            0.09151092916727066,
            -0.02921847440302372,
            0.007359962910413742
        ],
        [
            0.08983835577964783,
            -0.038382019847631454,
            -0.006145436316728592
        ],
        [
            0.09676095098257065,
            -0.02179756760597229,
            0.0227232426404953
        ],
        [
