{
    "pred_cam": [
        7.101593494415283,
        0.1367081105709076,
        0.016467992216348648
    ],
    "pred_mano_params": {
        "global_orient": [
            [
                [
                    -0.9267651438713074,
                    -0.20123924314975739,
                    -0.31718939542770386
                ],
                [
                    0.32188570499420166,
                    0.009836246259510517,
                    -0.946727454662323
                ],
                [
                    0.1936386674642563,
                    -0.979492723941803,
                    0.05566014349460602
                ]
            ]
        ],
        "hand_pose": [
            [
                [
                    0.7801077961921692,
                    -0.6255560517311096,
                    -0.01056083757430315
                ],
                [
                    0.6242638230323792,
                    0.7771533131599426,
                    0.07954521477222443
                ],
                [
                    -0.041552599519491196,
                    -0.06864657998085022,
                    0.9967753887176514
                ]
            ],
            [
                [
                    0.18734627962112427,
                    -0.9473418593406677,
                    0.25970134139060974
                ],
                [
                    0.9778851866722107,
                    0.1548486351966858,
                    -0.1405790150165558
                ],
                [
                    0.09296198189258575,
                    0.2802950441837311,
                    0.9554018378257751
                ]
            ],
            [
                [
                    0.8766259551048279,
                    -0.47384676337242126,
                    0.08364327251911163
                ],
                [
                    0.46722212433815,
                    0.8798053860664368,
                    0.0874413400888443
                ],
                [
                    -0.11502359062433243,
                    -0.03757335990667343,
                    0.9926519393920898
                ]
            ],
            [
                [
                    0.7273944616317749,
                    -0.6837345361709595,
                    -0.05834710970520973
                ],
                [
                    0.68281090259552,
                    0.7126960158348083,
                    0.16072863340377808
                ],
                [
                    -0.06831195950508118,
                    -0.15675316751003265,
                    0.9852725267410278
                ]
            ],
            [
                [
                    0.1481761932373047,
                    -0.9364578127861023,
                    -0.3179473876953125
                ],
                [
                    0.9878055453300476,
                    0.12460972368717194,
                    0.09334120154380798
                ],
                [
                    -0.04779079183936119,
                    -0.327901154756546,
                    0.9435024261474609
                ]
            ],
            [
                [
                    0.9053872227668762,
                    -0.4244147837162018,
                    0.01209218893200159
                ],
                [
                    0.42458590865135193,
                    0.9049540162086487,
                    -0.028019661083817482
                ],
                [
                    0.0009490816737525165,
                    0.030502812936902046,
                    0.9995343089103699
                ]
            ],
            [
                [
                    0.8678227066993713,
                    -0.42133086919784546,
                    0.2633706331253052
                ],
                [
                    0.42995309829711914,
                    0.9024479985237122,
                    0.02698170766234398
                ],
                [
                    -0.24904651939868927,
                    0.08982166647911072,
                    0.9643173813819885
                ]
            ],
            [
                [
                    0.42917606234550476,
                    -0.8688029646873474,
                    -0.24696017801761627
                ],
                [
                    0.6803975701332092,
                    0.13115671277046204,
                    0.7210111021995544
                ],
                [
                    -0.5940260887145996,
                    -0.47747185826301575,
                    0.6474207639694214
                ]
            ],
            [
                [
                    0.8654559254646301,
                    -0.4964922368526459,
                    0.0669441744685173
                ],
                [
                    0.45164453983306885,
                    0.8310492634773254,
                    0.3246142268180847
                ],
                [
                    -0.21680232882499695,
                    -0.2507043182849884,
                    0.943474531173706
                ]
            ],
            [
                [
                    0.8594055771827698,
                    -0.5090757012367249,
                    0.047581806778907776
                ],
                [
                    0.510928213596344,
                    0.858585000038147,
                    -0.0422387570142746
                ],
                [
                    -0.019350305199623108,
                    0.06061111018061638,
                    0.9979738593101501
                ]
            ],
            [
                [
                    0.3452582061290741,
                    -0.9109814167022705,
                    -0.22563135623931885
                ],
                [
                    0.8293057680130005,
                    0.18358378112316132,
                    0.527777373790741
                ],
                [
                    -0.4393731653690338,
                    -0.3693368136882782,
                    0.818865954875946
                ]
            ],
            [
                [
                    0.8517131209373474,
                    -0.5212510228157043,
                    -0.05368556082248688
                ],
                [
                    0.523836076259613,
                    0.8443257808685303,
                    0.11273729801177979
                ],
                [
                    -0.013436325825750828,
                    -0.12414226680994034,
                    0.992173433303833
                ]
            ],
            [
                [
                    0.9738525152206421,
                    0.20519106090068817,
                    -0.09750901162624359
                ],
                [
                    -0.22106897830963135,
                    0.7570285797119141,
                    -0.6148465275764465
                ],
                [
                    -0.05234389007091522,
                    0.6203259825706482,
                    0.7825955748558044
                ]
            ],
            [
                [
                    0.8566928505897522,
                    -0.31223657727241516,
                    -0.41059187054634094
                ],
                [
                    0.4357757270336151,
                    0.8639969229698181,
                    0.2522079646587372
                ],
                [
                    0.27600154280662537,
                    -0.3949907422065735,
                    0.8762451410293579
                ]
            ],
            [
                [
                    0.4463008940219879,
                    -0.8703234195709229,
                    0.2082129269838333
                ],
                [
                    0.6844517588615417,
                    0.18209707736968994,
                    -0.7059507369995117
                ],
                [
                    0.5764905214309692,
                    0.4575781524181366,
                    0.676964521408081
                ]
            ]
        ],
        "betas": [
            -0.13409751653671265,
            -0.07404839992523193,
            0.003919064998626709,
            -0.04764983057975769,
            0.08452066779136658,
            -0.0119902603328228,
            0.06374365091323853,
            -0.026975631713867188,
            -0.0014045238494873047,
            -0.02976900339126587
        ]
    },
    "pred_cam_t": [
        -0.1367081105709076,
        0.016467992216348648,
        5.500525951385498
    ],
    "focal_length": [
        5000.0,
        5000.0
    ],
    "pred_keypoints_3d": [
        [
            0.09635502099990845,
            0.00643964484333992,
            0.006240006536245346
        ],
        [
            0.11369640380144119,
            -0.026168491691350937,
            0.018287666141986847
        ],
        [
            0.1289742887020111,
            -0.0523466132581234,
            0.024676796048879623
        ],
        [
            0.15421657264232635,
            -0.06207439303398132,
            0.027938930317759514
        ],
        [
            0.16490009427070618,
            -0.05231399089097977,
            0.05785033479332924
        ],
        [
            0.17301402986049652,
            -0.04187886044383049,
            -0.004649542272090912
        ],
        [
            0.20152656733989716,
            -0.054283373057842255,
            0.006992657668888569
        ],
        [
            0.19501155614852905,
            -0.04988585039973259,
            0.02789534255862236
        ],
        [
            0.17953729629516602,
            -0.042052336037158966,
            0.04572178050875664
        ],
        [
            0.18607251346111298,
            -0.021044142544269562,
            -0.010962110012769699
        ],
        [
            0.21346601843833923,
            -0.025435177609324455,
            0.004831690341234207
        ],
        [
            0.20226529240608215,
            -0.02208741009235382,
            0.025145119056105614
        ],
        [
            0.18482822179794312,
            -0.01900646649301052,
            0.043906889855861664
        ],
        [
            0.18199507892131805,
            0.005359876900911331,
            -0.007362809032201767
        ],
        [
            0.20989610254764557,
            0.0010981890372931957,
            -0.0003414945676922798
        ],
        [
            0.2058565467596054,
            0.00031290575861930847,
            0.02428625151515007
        ],
        [
            0.19337540864944458,
            -0.0004461277276277542,
            0.046509984880685806
        ],
        [
            0.17642807960510254,
            0.025267308577895164,
            0.00020855525508522987
        ],
        [
            0.19737102091312408,
            0.026755407452583313,
            0.0037696845829486847
        ],
        [
            0.19527699053287506,
            0.026158243417739868,
            0.022757457569241524
        ],
        [
            0.18463008105754852,
            0.023062998428940773,
            0.03760823234915733
        ]
    ],
    "pred_vertices": [
        [
            0.14116796851158142,
            -0.025797344744205475,
            0.014226872473955154
        ],
        [
            0.13246947526931763,
            -0.022180108353495598,
            0.018282528966665268
        ],
        [
            0.1375822275876999,
            -0.03200642764568329,
            0.02101626992225647
        ],
        [
            0.1448618620634079,
            -0.034976404160261154,
            0.016476836055517197
        ],
        [
            0.12150092422962189,
            -0.027675773948431015,
            0.03515801578760147
        ],
        [
            0.11050909757614136,
            -0.033519767224788666,
            0.03722868859767914
        ],
        [
            0.12240822613239288,
            -0.0461549311876297,
            0.0380256362259388
        ],
        [
            0.12986576557159424,
            -0.03909918665885925,
            0.0369621217250824
        ],
        [
            0.14713165163993835,
            -0.0429287813603878,
            0.015962041914463043
        ],
        [
            0.14140728116035461,
            -0.039559364318847656,
            0.022699248045682907
        ],
        [
            0.14439378678798676,
            -0.04659199342131615,
            0.012141318991780281
        ],
        [
            0.15000075101852417,
            -0.05007506161928177,
            0.0015273927710950375
        ],
        [
            0.15243889391422272,
            -0.04594508185982704,
            0.008050116710364819
        ],
        [
            0.15657103061676025,
            -0.05096166208386421,
            -0.003944274503737688
        ],
        [
            0.14147867262363434,
            -0.0488944835960865,
            -0.0061406539753079414
        ],
        [
            0.15583904087543488,
            -0.04773393273353577,
            -0.013200324960052967
        ],
        [
            0.140599325299263,
            -0.022694069892168045,
            -0.019410066306591034
        ],
        [
            0.14134807884693146,
            -0.009065171703696251,
            -0.020000755786895752
        ],
        [
            0.15819324553012848,
            -0.01256407331675291,
            -0.023067114874720573
        ],
        [
            0.15616728365421295,
            -0.026116956025362015,
            -0.021275468170642853
        ],
        [
            0.15402109920978546,
            0.0075537580996751785,
            -0.017836764454841614
        ],
        [
            0.15720251202583313,
            -0.003573804162442684,
            -0.021016765385866165
        ],
        [
            0.14032192528247833,
            -6.861984729766846e-06,
            -0.01931479200720787
        ],
        [
            0.1385144144296646,
            0.00984466914087534,
            -0.01651690900325775
        ],
        [
            0.13681551814079285,
            -0.009705053642392159,
            0.012468390166759491
        ],
        [
            0.12736086547374725,
            -0.0055469609797000885,
            0.01565767452120781
        ],
        [
            0.12856635451316833,
            -0.011488223448395729,
            0.015524273738265038
        ],
        [
            0.13735976815223694,
            -0.015387795865535736,
            0.012714164331555367
        ],
        [
            0.1384063959121704,
            -0.05382850393652916,
            0.013096542097628117
        ],
        [
            0.13051286339759827,
            -0.05291873216629028,
            0.006811845116317272
        ],
        [
            0.1382121592760086,
            -0.050345323979854584,
            0.006796077825129032
        ],
        [
            0.1417209506034851,
            -0.05061553418636322,
            0.01584145426750183
        ],
        [
            0.10666687786579132,
            0.011317256838083267,
            0.02785336598753929
        ],
        [
            0.09361087530851364,
            0.012921640649437904,
            0.024400461465120316
        ],
        [
            0.09238152951002121,
            0.007146457210183144,
            0.024034015834331512
        ],
        [
            0.10469983518123627,
            0.007011042907834053,
            0.02679174765944481
        ],
        [
            0.09493803977966309,
            -0.015618517994880676,
            0.029703959822654724
        ],
        [
            0.08721575140953064,
            -0.010303720831871033,
            0.023591026663780212
        ],
        [
            0.07795622199773788,
            -0.017896194010972977,
            0.016026349738240242
        ],
        [
            0.08542302995920181,
            -0.024468332529067993,
            0.01853051222860813
        ],
        [
            0.10308311134576797,
            -0.024219248443841934,
            0.034662775695323944
        ],
        [
            0.09354638308286667,
            -0.03185096010565758,
            0.02673179656267166
        ],
        [
            0.10289382934570312,
            -0.040622733533382416,
            0.03117983788251877
        ],
        [
            0.11684374511241913,
            -0.05256883054971695,
            0.03319472074508667
        ],
        [
            0.09581465274095535,
            0.025506287813186646,
            0.022202251479029655
        ],
        [
            0.10566320270299911,
            0.026179183274507523,
            0.024954069405794144
        ],
        [
            0.1869622766971588,
            -0.053481124341487885,
            0.012574110180139542
        ],
        [
            0.1888076364994049,
            -0.047476768493652344,
            0.013555128127336502
        ],
        [
            0.1887778490781784,
            -0.04793037101626396,
            0.013390805572271347
        ],
        [
            0.18731588125228882,
            -0.05355970188975334,
            0.012223773635923862
        ],
        [
            0.10324469953775406,
            0.03560875356197357,
            0.006130468100309372
        ],
        [
            0.1023256778717041,
            0.034392647445201874,
            -0.003956634551286697
        ],
        [
            0.0958569347858429,
            0.036855489015579224,
            -0.0014733029529452324
        ],
        [
            0.09590013325214386,
            0.036220043897628784,
            0.008012264966964722
        ],
        [
            0.11296448856592178,
            0.034657690674066544,
            0.0037463251501321793
        ],
        [
            0.11130277067422867,
            0.030457641929388046,
            -0.006743886973708868
        ],
        [
            0.1976678967475891,
            -0.06071558967232704,
            0.010834380984306335
        ],
        [
            0.1923733949661255,
            -0.060588620603084564,
            0.0119558647274971
        ],
        [
            0.19297873973846436,
            -0.060656946152448654,
            0.00816430989652872
        ],
        [
            0.1978345513343811,
            -0.059820160269737244,
            0.005673359148204327
        ],
        [
            0.1520894467830658,
            -0.03868876025080681,
            0.011834261938929558
        ],
        [
            0.14999860525131226,
            -0.029177727177739143,
            0.012299471534788609
        ],
        [
            0.16776791214942932,
            -0.04070591181516647,
            0.006798127666115761
        ],
        [
            0.1614304482936859,
            -0.035435136407613754,
            0.00792074203491211
        ],
        [
            0.15881000459194183,
            -0.042178500443696976,
            0.007200544700026512
        ],
        [
            0.1641814261674881,
            -0.045845188200473785,
            0.005054273176938295
        ],
        [
            0.15901345014572144,
            -0.011757245287299156,
            0.006989785470068455
        ],
        [
            0.14770977199077606,
            -0.009224198758602142,
            0.009221510030329227
        ],
        [
            0.14871437847614288,
            -0.015843994915485382,
            0.009046979248523712
        ],
        [
            0.16086755692958832,
            -0.020244982093572617,
            0.007441318593919277
        ],
        [
            0.14842648804187775,
            0.004805772565305233,
            0.012010290287435055
        ],
        [
            0.15948894619941711,
            0.0011728638783097267,
            0.009178404696285725
        ],
        [
            0.15873202681541443,
            0.009572572074830532,
            0.011107410304248333
        ],
        [
            0.15109583735466003,
            0.010618437081575394,
            0.013760928995907307
        ],
        [
            0.17725898325443268,
            -0.008014954626560211,
            0.0034509003162384033
        ],
        [
            0.18337157368659973,
            -0.010274611413478851,
            0.001561191864311695
        ],
        [
            0.1853727251291275,
            -0.007029056083410978,
            0.0019752096850425005
        ],
        [
            0.17725341022014618,
            -0.004383233841508627,
            0.003714504186064005
        ],
        [
            0.08914074301719666,
            0.03885935619473457,
            -0.00010317889973521233
        ],
        [
            0.08870179206132889,
            0.035947535187006,
            0.00937653984874487
        ],
        [
            0.15177205204963684,
            0.027675841003656387,
            -0.009454859420657158
        ],
        [
            0.14884303510189056,
            0.03421807289123535,
            -0.0006563970819115639
        ],
        [
            0.16185244917869568,
            0.03469957411289215,
            -0.0021368018351495266
        ],
        [
            0.1615401804447174,
            0.027553850784897804,
            -0.011370965279638767
        ],
        [
            0.10176528990268707,
            0.027409188449382782,
            -0.011783061549067497
        ],
        [
            0.09545343369245529,
            0.03198539465665817,
            -0.010406085290014744
        ],
        [
            0.20323455333709717,
            -0.05706363916397095,
            0.009893491864204407
        ],
        [
            0.20321162045001984,
            -0.056048110127449036,
            0.004783705808222294
        ],
        [
            0.09849152714014053,
            -0.04253944754600525,
            0.01844455860555172
        ],
        [
            0.11409683525562286,
            -0.0556715652346611,
            0.024563126266002655
        ],
        [
            0.08882312476634979,
            -0.03195714205503464,
            0.012088670395314693
        ],
        [
            0.08258478343486786,
            -0.024622291326522827,
            0.0068963742814958096
        ],
        [
            0.07548490911722183,
            -0.02027103304862976,
            0.004361996427178383
        ],
        [
            0.16621901094913483,
            -0.030436420813202858,
            0.007210347801446915
        ],
        [
            0.14571642875671387,
            -0.020695440471172333,
            0.01125365775078535
        ],
        [
            0.13673117756843567,
            -0.0045546069741249084,
            0.012878968380391598
        ],
        [
            0.14314882457256317,
            0.025084925815463066,
            0.019904812797904015
        ],
        [
            0.13285666704177856,
            0.02679729461669922,
            0.022523602470755577
        ],
        [
            0.1353175938129425,
            0.016339011490345,
            0.022066138684749603
        ],
        [
            0.14373239874839783,
            0.017051737755537033,
            0.019222933799028397
        ],
        [
            0.1504441201686859,
            0.03518909588456154,
            0.008994954638183117
        ],
        [
            0.15283715724945068,
            0.02992062270641327,
            0.014659306034445763
        ],
        [
            0.16209018230438232,
            0.029102209955453873,
            0.012175653129816055
        ],
        [
            0.16128352284431458,
            0.0345725417137146,
            0.006799208931624889
        ],
        [
            0.13411255180835724,
            -0.05984572321176529,
            0.013824231922626495
        ],
        [
            0.12353064864873886,
            -0.05537824705243111,
            0.008280979469418526
        ],
        [
            0.1036626547574997,
            0.03304864838719368,
            0.016507796943187714
        ],
        [
            0.0959954634308815,
            0.031499747186899185,
            0.017105620354413986
        ],
        [
            0.08755248785018921,
            0.03181811794638634,
            0.015932364389300346
        ],
        [
            0.11691360920667648,
            0.0017798244953155518,
            0.022602632641792297
        ],
        [
            0.10336166620254517,
            0.003993019461631775,
            0.026275109499692917
        ],
        [
            0.10352770239114761,
            -0.000481216236948967,
            0.026920555159449577
        ],
        [
            0.11701148003339767,
            -0.0012493319809436798,
            0.021513918414711952
        ],
        [
            0.12468820810317993,
            -0.017576705664396286,
            0.025287363678216934
        ],
        [
            0.11277716606855392,
            -0.01536213606595993,
            0.032027602195739746
        ],
        [
            0.1320243626832962,
            -0.02783023566007614,
            0.028260624036192894
        ],
        [
            0.08900207281112671,
            -0.00023949146270751953,
            0.02384183369576931
        ],
        [
            0.0820813924074173,
            0.008421272039413452,
            0.02390184998512268
        ],
        [
            0.0794452577829361,
            -5.080178380012512e-05,
            0.02267029695212841
        ],
        [
            0.08413144946098328,
            0.018035925924777985,
            0.022807948291301727
        ],
        [
            0.08611909300088882,
            0.02645282819867134,
            0.02033242955803871
        ],
        [
            0.08803416043519974,
            0.03606424480676651,
            -0.011809737421572208
        ],
        [
            0.07777806371450424,
            -0.007875725626945496,
            0.019858455285429955
        ],
        [
            0.13460558652877808,
            -0.04614269360899925,
            0.03630586341023445
        ],
        [
            0.13894328474998474,
            -0.05064490810036659,
            0.03520549461245537
        ],
        [
            0.14222440123558044,
            -0.04604680836200714,
            0.029806574806571007
        ],
        [
            0.13891974091529846,
            -0.042769648134708405,
            0.029971104115247726
        ],
        [
            0.164835587143898,
            -0.051882304251194,
            -0.007190513424575329
        ],
        [
            0.1642058938741684,
            -0.05047760158777237,
            0.0006376570090651512
        ],
        [
            0.15643100440502167,
            -0.04874643683433533,
            0.0033282246440649033
        ],
        [
            0.11790571361780167,
            0.014269398525357246,
            0.026666732504963875
        ],
        [
            0.11657046526670456,
            0.026776259765028954,
            0.024497341364622116
        ],
        [
            0.17270410060882568,
            -0.036409202963113785,
            0.006275597028434277
        ],
        [
            0.19577565789222717,
            -0.05907106399536133,
            0.0016924072988331318
        ],
        [
            0.19097363948822021,
            -0.06080685928463936,
            0.005072128959000111
        ],
        [
            0.17725910246372223,
            -0.0556490421295166,
            -0.0032645338214933872
        ],
        [
            0.18218116462230682,
            -0.05357642471790314,
            -0.00799340195953846
        ],
        [
            0.18179018795490265,
            -0.03550199791789055,
            0.002052539261057973
        ],
        [
            0.17647573351860046,
            -0.03824818134307861,
            0.0062943436205387115
        ],
        [
            0.1785152703523636,
            -0.03877871856093407,
            0.00620553083717823
        ],
        [
            0.18436604738235474,
            -0.03580055758357048,
            0.0045539927668869495
        ],
        [
            0.18263405561447144,
            0.0018520173616707325,
            0.0032959161326289177
        ],
        [
            0.17567478120326996,
            0.004039014223963022,
            0.005278068594634533
        ],
        [
            0.1723315268754959,
            -0.028438327834010124,
            -0.01931203156709671
        ],
        [
            0.16717009246349335,
            -0.041130274534225464,
            -0.021635305136442184
        ],
        [
            0.15427693724632263,
            -0.03855728730559349,
            -0.019751273095607758
        ],
        [
            0.15840895473957062,
            -0.004306604154407978,
            0.007968633435666561
        ],
        [
            0.1687150001525879,
            -0.005770187824964523,
            0.00604019733145833
        ],
        [
            0.16889967024326324,
            -0.0015839627012610435,
            0.006404460407793522
        ],
        [
            0.17030951380729675,
            -0.028211038559675217,
            0.005918334238231182
        ],
        [
            0.17656533420085907,
            -0.03184988349676132,
            0.00448654405772686
        ],
        [
            0.17514660954475403,
            -0.02663014829158783,
            0.0033711823634803295
        ],
        [
            0.16930881142616272,
            -0.02292008325457573,
            0.005511161871254444
        ],
        [
            0.13559627532958984,
            0.03509211540222168,
            -7.58189707994461e-05
        ],
        [
            0.13751238584518433,
            0.03657613694667816,
            0.011347020976245403
        ],
        [
            0.18841321766376495,
            -0.05807369202375412,
            0.012295855209231377
        ],
        [
            0.18894319236278534,
            -0.058374397456645966,
            0.010559349320828915
        ],
        [
            0.14731191098690033,
            -0.001972377300262451,
            0.010126547887921333
        ],
        [
            0.14006653428077698,
            -0.03406836837530136,
            -0.01608964055776596
        ],
        [
            0.13678987324237823,
            0.0009406395256519318,
            0.013772133737802505
        ],
        [
            0.17526385188102722,
            0.013048474676907063,
            -0.012682624161243439
        ],
        [
            0.178946852684021,
            0.01578197069466114,
            -0.006273861974477768
        ],
        [
            0.18405139446258545,
            0.012838834896683693,
            -0.005508221685886383
        ],
        [
            0.18394170701503754,
            0.011089333333075047,
            -0.011240635067224503
        ],
        [
            0.19543825089931488,
            -0.03957788646221161,
            0.00997750461101532
        ],
        [
            0.19157792627811432,
            -0.04242624342441559,
            0.013838802464306355
        ],
        [
            0.19256453216075897,
            -0.04275113344192505,
            0.01262421440333128
        ],
        [
            0.19794359803199768,
            -0.04052725434303284,
            0.010534827597439289
        ],
        [
            0.17242512106895447,
            -0.042602233588695526,
            0.006917385850101709
        ],
        [
            0.16939958930015564,
            -0.04778984561562538,
            0.005190212279558182
        ],
        [
            0.17367435991764069,
            -0.04896920919418335,
            0.006645627319812775
        ],
        [
            0.17620611190795898,
            -0.043404001742601395,
            0.007363400887697935
        ],
        [
            0.1696590930223465,
            -0.05218973383307457,
            0.0001708224881440401
        ],
        [
            0.17397566139698029,
            -0.05369284376502037,
            0.0019384882180020213
        ],
        [
            0.19992858171463013,
            -0.04091361165046692,
            0.005128633230924606
        ],
        [
            0.20242686569690704,
            -0.04765864089131355,
            0.0013578948564827442
        ],
        [
            0.18954375386238098,
            -0.04083390161395073,
            -0.007719767279922962
        ],
        [
            0.18970584869384766,
            -0.0367823988199234,
            -0.0009698961512185633
        ],
        [
            0.12347716838121414,
            0.012117160484194756,
            -0.016495738178491592
        ],
        [
            0.12377969920635223,
            0.022648097947239876,
            -0.012476367875933647
        ],
        [
            0.13873034715652466,
            0.02071998454630375,
            -0.012482410296797752
        ],
        [
            0.15331313014030457,
            0.019524987787008286,
            -0.013564825057983398
        ],
        [
            0.16717073321342468,
            0.017226723954081535,
            -0.01367887295782566
        ],
        [
            0.16719552874565125,
            0.006493899039924145,
            -0.019971394911408424
        ],
        [
            0.13752271234989166,
            0.0280610341578722,
            -0.008850970305502415
        ],
        [
            0.18065454065799713,
            -0.03044874593615532,
            -0.008228017017245293
        ],
        [
            0.17920121550559998,
            -0.03573491424322128,
            -0.014051362872123718
        ],
        [
            0.17839331924915314,
            -0.02947678230702877,
            -0.014659257605671883
        ],
        [
            0.13799667358398438,
            0.007868494838476181,
            0.016460899263620377
        ],
        [
            0.1874030977487564,
            -0.059224098920822144,
            0.009214218705892563
        ],
        [
            0.08693678677082062,
            -0.01293920911848545,
            -0.013195189647376537
        ],
        [
            0.09025013446807861,
            -0.0008237771689891815,
            -0.017927516251802444
        ],
        [
            0.09795281291007996,
            -0.005089154466986656,
            -0.01747000962495804
        ],
        [
            0.09431631863117218,
            -0.01851923204958439,
            -0.011280575767159462
        ],
        [
            0.1877315193414688,
            -0.04859718307852745,
            0.015458003617823124
        ],
        [
            0.18573807179927826,
            -0.05458858236670494,
            0.013350388035178185
        ],
        [
            0.17773795127868652,
            0.010689185000956059,
            0.005533108487725258
        ],
        [
            0.18327324092388153,
            0.007756915874779224,
            0.0030790395103394985
        ],
        [
            0.18497200310230255,
            0.01069729495793581,
            0.0007278779521584511
        ],
        [
            0.1819087266921997,
            0.015553569421172142,
            0.00431321794167161
        ],
        [
            0.122563436627388,
            0.02776263654232025,
            -0.00951293297111988
        ],
        [
            0.17061011493206024,
            0.034536026418209076,
            -0.002463221549987793
        ],
        [
            0.16994443535804749,
            0.02845190465450287,
            -0.010611942037940025
        ],
        [
            0.11066056787967682,
            0.023909857496619225,
            -0.012574747204780579
        ],
        [
            0.11020007729530334,
            0.014926883392035961,
            -0.016685741022229195
        ],
        [
            0.10073012113571167,
            0.01753067411482334,
            -0.016707729548215866
        ],
        [
            0.17418299615383148,
            -0.0074386801570653915,
            -0.020209360867738724
        ],
        [
            0.1253121942281723,
            0.0037953369319438934,
            -0.018673192709684372
        ],
        [
            0.11111100018024445,
            0.007334208115935326,
            -0.01804162934422493
        ],
        [
            0.09981880336999893,
            0.010086126625537872,
            -0.018129773437976837
        ],
        [
            0.09187629818916321,
            0.012839360162615776,
            -0.01871025562286377
        ],
        [
            0.09368716180324554,
            0.02069474384188652,
            -0.016975848004221916
        ],
        [
            0.2000412493944168,
            -0.05399930104613304,
            0.0005962313152849674
        ],
        [
            0.20639503002166748,
            -0.049114491790533066,
            0.0059559959918260574
        ],
        [
            0.08570099622011185,
            0.024813007563352585,
            -0.01883983239531517
        ],
        [
            0.0839696079492569,
            0.015679161995649338,
            -0.020061245188117027
        ],
        [
            0.11124630272388458,
            -0.0019369497895240784,
            -0.018605442717671394
        ],
        [
            0.11101751774549484,
            -0.013249142095446587,
            -0.017538052052259445
        ],
        [
            0.12502548098564148,
            -0.005012279376387596,
            -0.01893235743045807
        ],
        [
            0.12604771554470062,
            -0.016553208231925964,
            -0.018278710544109344
        ],
        [
            0.17086297273635864,
            -0.01627832092344761,
            -0.02576054073870182
        ],
        [
            0.2031521499156952,
            -0.046016983687877655,
            0.02400185912847519
        ],
        [
            0.20439089834690094,
            -0.04419468715786934,
            0.013194695115089417
        ],
        [
            0.19904059171676636,
            -0.041440460830926895,
            0.013274356722831726
        ],
        [
            0.20030803978443146,
            -0.04274674504995346,
            0.023309770971536636
        ],
        [
            0.20286251604557037,
            -0.04245147854089737,
            0.008195621892809868
        ],
        [
            0.2062414288520813,
            -0.04978276789188385,
            0.011447228491306305
        ],
        [
            0.12457568943500519,
            -0.03048294596374035,
            -0.01315873209387064
        ],
        [
            0.1804656684398651,
            -0.02926848642528057,
            0.0009844633750617504
        ],
        [
            0.10757402330636978,
            -0.028466273099184036,
            -0.00873558223247528
        ],
        [
            0.12742845714092255,
            -0.04624375328421593,
            -0.006004597060382366
        ],
        [
            0.1150798499584198,
            -0.044737592339515686,
            -0.0002502789720892906
        ],
        [
            0.09073130041360855,
            -0.02797066420316696,
            -0.0023560759145766497
        ],
        [
            0.09983666986227036,
            -0.04030880331993103,
            0.004504050128161907
        ],
        [
            0.07731696963310242,
            -0.01716839149594307,
            -0.006132947281002998
        ],
        [
            0.08475925028324127,
            -0.021476007997989655,
