{
    "pred_cam": [
        8.239721298217773,
        0.13695117831230164,
        0.015826374292373657
    ],
    "pred_mano_params": {
        "global_orient": [
            [
                [
                    -0.9320865869522095,
                    -0.16486307978630066,
                    -0.32254424691200256
                ],
                [
                    0.3208032250404358,
                    0.037827279418706894,
                    -0.9463902711868286
                ],
                [
                    0.16822580993175507,
                    -0.9855908751487732,
                    0.017630308866500854
                ]
            ]
        ],
        "hand_pose": [
            [
                [
                    0.721603512763977,
                    -0.6909415125846863,
                    -0.043452661484479904
                ],
                [
                    0.6921976804733276,
                    0.7211805582046509,
                    0.0275858324021101
                ],
                [
                    0.012277016416192055,
                    -0.04998386651277542,
                    0.9986745119094849
                ]
            ],
            [
                [
                    0.1898360550403595,
                    -0.9402276873588562,
                    0.2827264070510864
                ],
                [
                    0.9785811901092529,
                    0.1578403264284134,
                    -0.13215644657611847
                ],
                [
                    0.0796315148472786,
                    0.3017587959766388,
                    0.9500529170036316
                ]
            ],
            [
                [
                    0.9115444421768188,
                    -0.4040409326553345,
                    0.0764044001698494
                ],
                [
                    0.39714643359184265,
                    0.9132207036018372,
                    0.09111881256103516
                ],
                [
                    -0.10658980906009674,
                    -0.05271511152386665,
                    0.9929046630859375
                ]
            ],
            [
                [
                    0.6464251279830933,
                    -0.7576972842216492,
                    -0.08960673958063126
                ],
                [
                    0.760547399520874,
                    0.6305413246154785,
                    0.15487194061279297
                ],
                [
                    -0.06084530055522919,
                    -0.1682633012533188,
                    0.9838624596595764
                ]
            ],
            [
                [
                    0.2029801905155182,
                    -0.9249179363250732,
                    -0.32144322991371155
                ],
                [
                    0.9787749648094177,
                    0.1821768581867218,
                    0.09386790543794632
                ],
                [
                    -0.02826058119535446,
                    -0.333673894405365,
                    0.9422647953033447
                ]
            ],
            [
                [
                    0.9362196326255798,
                    -0.3513145446777344,
                    -0.008418509736657143
                ],
                [
                    0.35094955563545227,
                    0.9359434843063354,
                    -0.029057195410132408
                ],
                [
                    0.018087461590766907,
                    0.024249445647001266,
                    0.9995423555374146
                ]
            ],
            [
                [
                    0.8423137068748474,
                    -0.45402345061302185,
                    0.2904658317565918
                ],
                [
                    0.4589889943599701,
                    0.8867356777191162,
                    0.055035997182130814
                ],
                [
                    -0.282554030418396,
                    0.08696303516626358,
                    0.9553014039993286
                ]
            ],
            [
                [
                    0.42865559458732605,
                    -0.8565402030944824,
                    -0.28739044070243835
                ],
                [
                    0.719758927822113,
                    0.13149026036262512,
                    0.6816578507423401
                ],
                [
                    -0.5460783243179321,
                    -0.49904823303222656,
                    0.6728665232658386
                ]
            ],
            [
                [
                    0.8697207570075989,
                    -0.4913398027420044,
                    0.04659396782517433
                ],
                [
                    0.4561467468738556,
                    0.8362777829170227,
                    0.3042522966861725
                ],
                [
                    -0.18845678865909576,
                    -0.24336083233356476,
                    0.9514511823654175
                ]
            ],
            [
                [
                    0.8460339903831482,
                    -0.5253648161888123,
                    0.09065502136945724
                ],
                [
                    0.5295222401618958,
                    0.8478186726570129,
                    -0.028457004576921463
                ],
                [
                    -0.061908699572086334,
                    0.07207944244146347,
                    0.9954757690429688
                ]
            ],
            [
                [
                    0.347927451133728,
                    -0.9021669626235962,
                    -0.2550319731235504
                ],
                [
                    0.8431636095046997,
                    0.1821734607219696,
                    0.5058537721633911
                ],
                [
                    -0.40990445017814636,
                    -0.3910340666770935,
                    0.8240575194358826
                ]
            ],
            [
                [
                    0.8649301528930664,
                    -0.4974614977836609,
                    -0.06654229015111923
                ],
                [
                    0.5018900036811829,
                    0.8576839566230774,
                    0.11173464357852936
                ],
                [
                    0.0014885752461850643,
                    -0.13003957271575928,
                    0.9915076494216919
                ]
            ],
            [
                [
                    0.9722006916999817,
                    0.1907365918159485,
                    -0.13581408560276031
                ],
                [
                    -0.23335914313793182,
                    0.7416640520095825,
                    -0.6288704872131348
                ],
                [
                    -0.019220175221562386,
                    0.6430817246437073,
                    0.7655564546585083
                ]
            ],
            [
                [
                    0.8875563740730286,
                    -0.30481916666030884,
                    -0.345440149307251
                ],
                [
                    0.4087625741958618,
                    0.8669038414955139,
                    0.2852908670902252
                ],
                [
                    0.21250127255916595,
                    -0.3944147527217865,
                    0.894024670124054
                ]
            ],
            [
                [
                    0.4757537245750427,
                    -0.8497239947319031,
                    0.227216899394989
                ],
                [
                    0.6482664942741394,
                    0.16414400935173035,
                    -0.7435101270675659
                ],
                [
                    0.5944821238517761,
                    0.5010247826576233,
                    0.628939688205719
                ]
            ]
        ],
        "betas": [
            -0.1447131633758545,
            -0.08163592219352722,
            -0.01546776294708252,
            -0.04742756485939026,
            0.09215596318244934,
            0.004696648567914963,
            0.05704675614833832,
            -0.011921629309654236,
            -0.012051954865455627,
            -0.03322157263755798
        ]
    },
    "pred_cam_t": [
        -0.13695117831230164,
        0.015826374292373657,
        4.740755081176758
    ],
    "focal_length": [
        5000.0,
        5000.0
    ],
    "pred_keypoints_3d": [
        [
            0.09642335772514343,
            0.006447819992899895,
            0.006245574913918972
        ],
        [
            0.11320166289806366,
            -0.02658439613878727,
            0.018005002290010452
        ],
        [
            0.1293337643146515,
            -0.052328258752822876,
            0.02416236698627472
        ],
        [
            0.15411292016506195,
            -0.06300350278615952,
            0.028096115216612816
        ],
        [
            0.1643928736448288,
            -0.05225334316492081,
            0.05794420465826988
        ],
        [
            0.17330707609653473,
            -0.041941143572330475,
            -0.0031618764623999596
        ],
        [
            0.20083332061767578,
            -0.052784912288188934,
            0.011962765827775002
        ],
        [
            0.1919427067041397,
            -0.04806353151798248,
            0.03191808611154556
        ],
        [
            0.1755588799715042,
            -0.04077035188674927,
            0.04924042895436287
        ],
        [
            0.18666952848434448,
            -0.020994065329432487,
            -0.008398964069783688
        ],
        [
            0.21154995262622833,
            -0.024977397173643112,
            0.011236640624701977
        ],
        [
            0.19856834411621094,
            -0.021672111004590988,
            0.030488625168800354
        ],
        [
            0.18091988563537598,
            -0.01819613017141819,
            0.0491727739572525
        ],
        [
            0.1825549602508545,
            0.005321919918060303,
            -0.004223234951496124
        ],
        [
            0.2097681164741516,
            -0.00042814435437321663,
            0.004373152740299702
        ],
        [
            0.20427978038787842,
            -0.0008496292866766453,
            0.028750687837600708
        ],
        [
            0.1910272240638733,
            -0.0007191840559244156,
            0.05061598867177963
        ],
        [
            0.17678458988666534,
            0.02504388615489006,
            0.0036841589026153088
        ],
        [
            0.19742925465106964,
            0.025685738772153854,
            0.00892629288136959
        ],
        [
            0.19402161240577698,
            0.025803355500102043,
            0.027750244364142418
        ],
        [
            0.18244530260562897,
            0.023924335837364197,
            0.0421651266515255
        ]
    ],
    "pred_vertices": [
        [
            0.1408047080039978,
            -0.02604839950799942,
            0.014882702380418777
        ],
        [
            0.13191872835159302,
            -0.022354887798428535,
            0.01866176724433899
        ],
        [
            0.1371767520904541,
            -0.032004743814468384,
            0.021216176450252533
        ],
        [
            0.14450639486312866,
            -0.03514187037944794,
            0.016944294795393944
        ],
        [
            0.12096381187438965,
            -0.028226338326931,
            0.035113777965307236
        ],
        [
            0.11007007956504822,
            -0.034247055649757385,
            0.036831680685281754
        ],
        [
            0.12224431335926056,
            -0.046561501920223236,
            0.037520553916692734
        ],
        [
            0.12965404987335205,
            -0.03943195194005966,
            0.036720819771289825
        ],
        [
            0.14705230295658112,
            -0.042989280074834824,
            0.016226347535848618
        ],
        [
            0.14126043021678925,
            -0.03950635343790054,
            0.02276647835969925
        ],
        [
            0.1447947472333908,
            -0.046655427664518356,
            0.012159125879406929
        ],
        [
            0.15032657980918884,
            -0.05002053081989288,
            0.0017772638238966465
        ],
        [
            0.15243645012378693,
            -0.046043433248996735,
            0.008524795062839985
        ],
        [
            0.15697872638702393,
            -0.05089224502444267,
            -0.003418156411498785
        ],
        [
            0.14208585023880005,
            -0.04867195338010788,
            -0.0061481669545173645
        ],
        [
            0.15671588480472565,
            -0.047567568719387054,
            -0.012677168473601341
        ],
        [
            0.14157326519489288,
            -0.022214554250240326,
            -0.01862988993525505
        ],
        [
            0.14238770306110382,
            -0.008567226119339466,
            -0.01879844069480896
        ],
        [
            0.15948449075222015,
            -0.01205003447830677,
            -0.021480830386281013
        ],
        [
            0.15734270215034485,
            -0.02568044140934944,
            -0.02012903429567814
        ],
        [
            0.155093252658844,
            0.007970727048814297,
            -0.015755319967865944
        ],
        [
            0.15836849808692932,
            -0.0030969567596912384,
            -0.01914234273135662
        ],
        [
            0.14136196672916412,
            0.00048329494893550873,
            -0.017889197915792465
        ],
        [
            0.1394854635000229,
            0.010267374105751514,
            -0.014889828860759735
        ],
        [
            0.13658034801483154,
            -0.010044889524579048,
            0.013482678681612015
        ],
        [
            0.1269558221101761,
            -0.005922319367527962,
            0.01643075793981552
        ],
        [
            0.1280742883682251,
            -0.011793786659836769,
            0.01613975502550602
        ],
        [
            0.13707207143306732,
            -0.015697309747338295,
            0.013572469353675842
        ],
        [
            0.13897442817687988,
            -0.05408124625682831,
            0.012810705229640007
        ],
        [
            0.13103742897510529,
            -0.05283275991678238,
            0.006366373039782047
        ],
        [
            0.13876444101333618,
            -0.050303030759096146,
            0.006561644375324249
        ],
        [
            0.14231771230697632,
            -0.05094818398356438,
            0.01564299315214157
        ],
        [
            0.10594852268695831,
            0.010686539113521576,
            0.028352096676826477
        ],
        [
            0.09302964061498642,
            0.012451602146029472,
            0.02446172386407852
        ],
        [
            0.09178153425455093,
            0.006690522655844688,
            0.023895779624581337
        ],
        [
            0.10397384315729141,
            0.006410924717783928,
            0.027106544002890587
        ],
        [
            0.09418348968029022,
            -0.016235914081335068,
            0.029177937656641006
        ],
        [
            0.08658912777900696,
            -0.010761883109807968,
            0.02285826951265335
        ],
        [
            0.07764703035354614,
            -0.01810801401734352,
            0.014766177162528038
        ],
        [
            0.085113525390625,
            -0.024806521832942963,
            0.017465829849243164
        ],
        [
            0.10241192579269409,
            -0.024983946233987808,
            0.03426501527428627
        ],
        [
            0.09317970275878906,
            -0.03243580460548401,
            0.025851253420114517
        ],
        [
            0.10270269960165024,
            -0.041234105825424194,
            0.030431076884269714
        ],
        [
            0.11680011451244354,
            -0.05284471809864044,
            0.032445866614580154
        ],
        [
            0.09535753726959229,
            0.025084445253014565,
            0.022694410756230354
        ],
        [
            0.10511494427919388,
            0.025632042437791824,
            0.025829847902059555
        ],
        [
            0.18565376102924347,
            -0.0521496906876564,
            0.015882030129432678
        ],
        [
            0.1872156262397766,
            -0.04608287662267685,
            0.016925355419516563
        ],
        [
            0.18725457787513733,
            -0.04646839201450348,
            0.016749784350395203
        ],
        [
            0.18607264757156372,
            -0.05219053477048874,
            0.015571754425764084
        ],
        [
            0.10342736542224884,
            0.035580575466156006,
            0.007187501061707735
        ],
        [
            0.10287562012672424,
            0.034644946455955505,
            -0.002952907234430313
        ],
        [
            0.09631914645433426,
            0.03707006946206093,
            -0.0006478689610958099
        ],
        [
            0.09600924700498581,
            0.036173902451992035,
            0.008811036124825478
        ],
        [
            0.11323469877243042,
            0.034661129117012024,
            0.0051345922984182835
        ],
        [
            0.1119447574019432,
            0.030746057629585266,
            -0.005515758879482746
        ],
        [
            0.19667546451091766,
            -0.059174615889787674,
            0.015392608009278774
        ],
        [
            0.19129574298858643,
            -0.059138208627700806,
            0.015965720638632774
        ],
        [
            0.1922796368598938,
            -0.05928316339850426,
            0.012293165549635887
        ],
        [
            0.19730600714683533,
            -0.05840471759438515,
            0.010333070531487465
        ],
        [
            0.15183770656585693,
            -0.03894219174981117,
            0.012535756453871727
        ],
        [
            0.14971213042736053,
            -0.02950863540172577,
            0.013215906918048859
        ],
        [
            0.16730090975761414,
            -0.040829725563526154,
            0.007992898114025593
        ],
        [
            0.16122961044311523,
            -0.03575192391872406,
            0.009057031944394112
        ],
        [
            0.158640056848526,
            -0.04241446033120155,
            0.008032722398638725
        ],
        [
            0.16392497718334198,
            -0.04595956578850746,
            0.006088108289986849
        ],
        [
            0.1589605212211609,
            -0.012062943540513515,
            0.008753778412938118
        ],
        [
            0.14760056138038635,
            -0.009538345038890839,
            0.010646347887814045
        ],
        [
            0.1485878825187683,
            -0.016148392111063004,
            0.010324428789317608
        ],
        [
            0.16075801849365234,
            -0.020568223670125008,
            0.00903189554810524
        ],
        [
            0.14825555682182312,
            0.004409396089613438,
            0.01385129988193512
        ],
        [
            0.1593931019306183,
            0.0008041691035032272,
            0.01131204143166542
        ],
        [
            0.1585826873779297,
            0.009156216867268085,
            0.013437960296869278
        ],
        [
            0.15087391436100006,
            0.010161264799535275,
            0.015855630859732628
        ],
        [
            0.17717403173446655,
            -0.008309029042720795,
            0.0058799623511731625
        ],
        [
            0.18294543027877808,
            -0.010501891374588013,
            0.004232819192111492
        ],
        [
            0.18513689935207367,
            -0.00738448416814208,
            0.005059763323515654
        ],
        [
            0.1771942377090454,
            -0.004661479499191046,
            0.0063917674124240875
        ],
        [
            0.08955254405736923,
            0.039066918194293976,
            0.0005267001688480377
        ],
        [
            0.08875172585248947,
            0.03589974343776703,
            0.009902672842144966
        ],
        [
            0.15260133147239685,
            0.02790144644677639,
            -0.006924214772880077
        ],
        [
            0.14932121336460114,
            0.03420299291610718,
            0.0019387947395443916
        ],
        [
            0.1624847948551178,
            0.0346551239490509,
            0.0009021749719977379
        ],
        [
            0.16253474354743958,
            0.027785129845142365,
            -0.008565282449126244
        ],
        [
            0.10257837176322937,
            0.02787768840789795,
            -0.01097935251891613
        ],
        [
            0.09622775763273239,
            0.032445743680000305,
            -0.009714815765619278
        ],
        [
            0.20219658315181732,
            -0.055403806269168854,
            0.014961717650294304
        ],
        [
            0.2026107907295227,
            -0.05453743040561676,
            0.009915045462548733
        ],
        [
            0.09854546934366226,
            -0.04293946549296379,
            0.01746489107608795
        ],
        [
            0.11419074982404709,
            -0.05583484470844269,
            0.023678479716181755
        ],
        [
            0.08879141509532928,
            -0.03227490186691284,
            0.010998235084116459
        ],
        [
            0.08263369649648666,
            -0.02471553161740303,
            0.0056899054907262325
        ],
        [
            0.07560189813375473,
            -0.020191900432109833,
            0.002951516304165125
        ],
        [
            0.16597498953342438,
            -0.03076067566871643,
            0.008603788912296295
        ],
        [
            0.14549106359481812,
            -0.02101636491715908,
            0.012273315340280533
        ],
        [
            0.1365065574645996,
            -0.004918651655316353,
            0.014037854969501495
        ],
        [
            0.14276856184005737,
            0.024500597268342972,
            0.0221004169434309
        ],
        [
            0.13240137696266174,
            0.026189131662249565,
            0.02439824491739273
        ],
        [
            0.13483485579490662,
            0.015726983547210693,
            0.023749811574816704
        ],
        [
            0.1433427631855011,
            0.01647687703371048,
            0.02122853510081768
        ],
        [
            0.15053421258926392,
            0.03489866107702255,
            0.011683402583003044
        ],
        [
            0.15265540778636932,
            0.029456116259098053,
            0.017308462411165237
        ],
        [
            0.16194841265678406,
            0.028681986033916473,
            0.015115631744265556
        ],
        [
            0.16147096455097198,
            0.034304071217775345,
            0.009819624945521355
        ],
        [
            0.13452130556106567,
            -0.06003312021493912,
            0.013442904688417912
        ],
        [
            0.12400685995817184,
            -0.05526146665215492,
            0.007669083774089813
        ],
        [
            0.10345163941383362,
            0.03274010121822357,
            0.0175049789249897
        ],
        [
            0.0957491397857666,
            0.031213555485010147,
            0.017775604501366615
        ],
        [
            0.08734577149152756,
            0.03159891813993454,
            0.016300536692142487
        ],
        [
            0.11627484858036041,
            0.0012396741658449173,
            0.023212209343910217
        ],
        [
            0.10261435806751251,
            0.003404483199119568,
            0.026465337723493576
        ],
        [
            0.10270880162715912,
            -0.0010839365422725677,
            0.02700868993997574
        ],
        [
            0.11632636934518814,
            -0.0017460566014051437,
            0.022032327950000763
        ],
        [
            0.12392421066761017,
            -0.017909174785017967,
            0.02552931010723114
        ],
        [
            0.11191699653863907,
            -0.0160101018846035,
            0.032089658081531525
        ],
        [
            0.13152503967285156,
            -0.02796638011932373,
            0.028368307277560234
        ],
        [
            0.08837423473596573,
            -0.000687912106513977,
            0.02339145727455616
        ],
        [
            0.08149680495262146,
            0.008019331842660904,
            0.023409679532051086
        ],
        [
            0.07888330519199371,
            -0.00041020289063453674,
            0.02185371331870556
        ],
        [
            0.0836232379078865,
            0.017651110887527466,
            0.022657280787825584
        ],
        [
            0.08572962135076523,
            0.026124615222215652,
            0.020497262477874756
        ],
        [
            0.08886625617742538,
            0.036598365753889084,
            -0.011283720843493938
        ],
        [
            0.07730778306722641,
            -0.00815422460436821,
            0.018790239468216896
        ],
        [
            0.13462986052036285,
            -0.04639609530568123,
            0.03595986217260361
        ],
        [
            0.1390480101108551,
            -0.05112181603908539,
            0.034967370331287384
        ],
        [
            0.1426108479499817,
            -0.046555228531360626,
            0.029609400779008865
        ],
        [
            0.1391841173171997,
            -0.04290167614817619,
            0.029739338904619217
        ],
        [
            0.16540773212909698,
            -0.051827847957611084,
            -0.005962682422250509
        ],
        [
            0.1642422378063202,
            -0.050484176725149155,
            0.001752625685185194
        ],
        [
            0.15648707747459412,
            -0.04881380498409271,
            0.0039048967882990837
        ],
        [
            0.11725035309791565,
            0.013618117198348045,
            0.027660837396979332
        ],
        [
            0.11604474484920502,
            0.026185816153883934,
            0.02579144947230816
        ],
        [
            0.1720915287733078,
            -0.0364006944000721,
            0.007757039275020361
        ],
        [
            0.19558244943618774,
            -0.05787994712591171,
            0.0062183234840631485
        ],
        [
            0.19054292142391205,
            -0.05962464585900307,
            0.00913457851856947
        ],
        [
            0.1773039549589157,
            -0.05524877458810806,
            -0.000595123041421175
        ],
        [
            0.1826135367155075,
            -0.05320664122700691,
            -0.004952216986566782
        ],
        [
            0.18107259273529053,
            -0.03498310595750809,
            0.004234913736581802
        ],
        [
            0.17547507584095,
            -0.03774380683898926,
            0.008084261789917946
        ],
        [
            0.1773512065410614,
            -0.03800605237483978,
            0.008198197931051254
        ],
        [
            0.18324318528175354,
            -0.03486334905028343,
            0.006938356440514326
        ],
        [
            0.1826070100069046,
            0.0015044817700982094,
            0.006541242823004723
        ],
        [
            0.17562918365001678,
            0.0037559503689408302,
            0.008183176629245281
        ],
        [
            0.17345814406871796,
            -0.028184430673718452,
            -0.017530517652630806
        ],
        [
            0.1685822457075119,
            -0.040971849113702774,
            -0.020454101264476776
        ],
        [
            0.15536214411258698,
            -0.0382341630756855,
            -0.01909596286714077
        ],
        [
            0.1583450734615326,
            -0.004637730307877064,
            0.009914356283843517
        ],
        [
            0.16867773234844208,
            -0.006094588898122311,
            0.008299995213747025
        ],
        [
            0.16885463893413544,
            -0.0019128154963254929,
            0.008813172578811646
        ],
        [
            0.17007488012313843,
            -0.02849317342042923,
            0.007558860816061497
        ],
        [
            0.17607930302619934,
            -0.03186929598450661,
            0.006239474285393953
        ],
        [
            0.17499257624149323,
            -0.02688015252351761,
            0.005286151543259621
        ],
        [
            0.16921088099479675,
            -0.0232255682349205,
            0.0073379576206207275
        ],
        [
            0.13603274524211884,
            0.035111188888549805,
            0.002110919915139675
        ],
        [
            0.1375148594379425,
            0.036269307136535645,
            0.013650345616042614
        ],
        [
            0.18724538385868073,
            -0.05671491473913193,
            0.015842702239751816
        ],
        [
            0.18798106908798218,
            -0.05702228099107742,
            0.01420096680521965
        ],
        [
            0.14719054102897644,
            -0.0023137452080845833,
            0.011742161586880684
        ],
        [
            0.1409166157245636,
            -0.03368038684129715,
            -0.01567947492003441
        ],
        [
            0.13655173778533936,
            0.0005500447005033493,
            0.015086942352354527
        ],
        [
            0.17619572579860687,
            0.013183973729610443,
            -0.009543553926050663
        ],
        [
            0.17960011959075928,
            0.015651127323508263,
            -0.0027893385849893093
        ],
        [
            0.18472608923912048,
            0.012602107599377632,
            -0.0018084438052028418
        ],
        [
            0.1848677545785904,
            0.010973049327731133,
            -0.007594645023345947
        ],
        [
            0.19388681650161743,
            -0.038097091019153595,
            0.013648766092956066
        ],
        [
            0.18974022567272186,
            -0.0409163162112236,
            0.017235226929187775
        ],
        [
            0.19095125794410706,
            -0.041205570101737976,
            0.016225028783082962
        ],
        [
            0.19645197689533234,
            -0.03893576189875603,
            0.014614658430218697
        ],
        [
            0.17147709429264069,
            -0.04217509552836418,
            0.008546745404601097
        ],
        [
            0.1687953621149063,
            -0.04753125086426735,
            0.006749589461833239
        ],
        [
            0.1726990044116974,
            -0.048321086913347244,
            0.008699092082679272
        ],
        [
            0.1750413328409195,
            -0.04264632239937782,
            0.009386890567839146
        ],
        [
            0.16943281888961792,
            -0.051933176815509796,
            0.001972825964912772
        ],
        [
            0.17351917922496796,
            -0.05318757891654968,
            0.004224090836942196
        ],
        [
            0.19887056946754456,
            -0.0394807904958725,
            0.009337730705738068
        ],
        [
            0.20190191268920898,
            -0.04629405587911606,
            0.006120691541582346
        ],
        [
            0.18963594734668732,
            -0.04020112752914429,
            -0.004559570923447609
        ],
        [
            0.1891099512577057,
            -0.03585590794682503,
            0.001975580584257841
        ],
        [
            0.1244281455874443,
            0.01261349767446518,
            -0.015335358679294586
        ],
        [
            0.12461765855550766,
            0.023031219840049744,
            -0.011010600253939629
        ],
        [
            0.13959160447120667,
            0.02103707753121853,
            -0.010551245883107185
        ],
        [
            0.1542806178331375,
            0.01982896588742733,
            -0.01118613500148058
        ],
        [
            0.16817624866962433,
            0.017477761954069138,
            -0.0109143927693367
        ],
        [
            0.1683891862630844,
            0.006907322444021702,
            -0.017471643164753914
        ],
        [
            0.13827034831047058,
            0.02829425409436226,
            -0.006766221486032009
        ],
        [
            0.1807873547077179,
            -0.030314093455672264,
            -0.0057245055213570595
        ],
        [
            0.179982528090477,
            -0.03552161157131195,
            -0.011843683198094368
        ],
        [
            0.1791524738073349,
            -0.029370015487074852,
            -0.0122067304328084
        ],
        [
            0.13768398761749268,
            0.007398971356451511,
            0.018010213971138
        ],
        [
            0.18653209507465363,
            -0.058015741407871246,
            0.012872818857431412
        ],
        [
            0.08768141269683838,
            -0.012405931949615479,
            -0.014028883539140224
        ],
        [
            0.09119770675897598,
            -0.00013735145330429077,
            -0.018308211117982864
        ],
        [
            0.09886796027421951,
            -0.004458174109458923,
            -0.017691954970359802
        ],
        [
            0.09497334808111191,
            -0.01811543107032776,
            -0.011976586654782295
        ],
        [
            0.18592911958694458,
            -0.047149281948804855,
            0.018720947206020355
        ],
        [
            0.18433865904808044,
            -0.0532761849462986,
            0.016664374619722366
        ],
        [
            0.17772936820983887,
            0.010346628725528717,
            0.008771270513534546
        ],
        [
            0.18341603875160217,
            0.00738511374220252,
            0.006560275796800852
        ],
        [
            0.18531577289104462,
            0.010283596813678741,
            0.004401574842631817
        ],
        [
            0.18203668296337128,
            0.015124891884624958,
            0.007976176217198372
        ],
        [
            0.12330933660268784,
            0.02807547338306904,
            -0.007955002598464489
        ],
        [
            0.17137658596038818,
            0.03432825580239296,
            0.001113011152483523
        ],
        [
            0.17100267112255096,
            0.02849689871072769,
            -0.00731233274564147
        ],
        [
            0.11149583756923676,
            0.024356145411729813,
            -0.011541899293661118
        ],
        [
            0.1111544519662857,
            0.015488842502236366,
            -0.015916718170046806
        ],
        [
            0.1016884371638298,
            0.01813638210296631,
            -0.016202600672841072
        ],
        [
            0.17526866495609283,
            -0.0070779393427073956,
            -0.01773270219564438
        ],
        [
            0.12631744146347046,
            0.004340376704931259,
            -0.0176731925457716
        ],
        [
            0.11209139972925186,
            0.007930099964141846,
            -0.01745210960507393
        ],
        [
            0.1008070707321167,
            0.010737823322415352,
            -0.017864732071757317
        ],
        [
            0.09289173036813736,
            0.013545377179980278,
            -0.018650392070412636
        ],
        [
            0.09466345608234406,
            0.021343234926462173,
            -0.016644198447465897
        ],
        [
            0.1997825801372528,
            -0.052725862711668015,
            0.005367248319089413
        ],
        [
            0.2055201530456543,
            -0.04747926816344261,
            0.011162654496729374
        ],
        [
            0.08675253391265869,
            0.025551864877343178,
            -0.018690699711441994
        ],
        [
            0.08503572642803192,
            0.016459275037050247,
            -0.020217357203364372
        ],
        [
            0.1122155487537384,
            -0.001327618956565857,
            -0.01827021688222885
        ],
        [
            0.11190340667963028,
            -0.012698164209723473,
            -0.017512591555714607
        ],
        [
            0.12600615620613098,
            -0.004463519901037216,
            -0.01818813756108284
        ],
        [
            0.12696217000484467,
            -0.016034822911024094,
            -0.01782212033867836
        ],
        [
            0.17248252034187317,
            -0.015827829018235207,
            -0.023884357884526253
        ],
        [
            0.20039094984531403,
            -0.04411865025758743,
            0.028716854751110077
        ],
        [
            0.20266616344451904,
            -0.04239901155233383,
            0.0179996807128191
        ],
        [
            0.19724243879318237,
            -0.03979276493191719,
            0.017517875880002975
        ],
        [
            0.19749903678894043,
            -0.040953949093818665,
            0.027744654566049576
        ],
        [
            0.20163992047309875,
            -0.04082290455698967,
            0.012836368754506111
        ],
        [
            0.20485079288482666,
            -0.047997284680604935,
            0.016576072201132774
        ],
        [
            0.12529167532920837,
            -0.03012114018201828,
            -0.013141723349690437
        ],
        [
            0.18006788194179535,
            -0.029330650344491005,
            0.0031895767897367477
        ],
        [
            0.10814228653907776,
            -0.028228530660271645,
            -0.009213202632963657
        ],
        [
            0.128058061003685,
            -0.04599814862012863,
            -0.006351662799715996
        ],
        [
            0.11554218083620071,
            -0.044633254408836365,
            -0.0009104358032345772
        ],
        [
            0.091093510389328,
            -0.027913829311728477,
            -0.003338603535667062
        ],
        [
            0.1001293882727623,
            -0.04045572131872177,
            0.0035577034577727318
        ],
        [
            0.0778077021241188,
            -0.01679050549864769,
            -0.007418687455356121
        ],
        [
            0.08521619439125061,
            -0.021212678402662277,
            -0.006334373261779547
        ],
        [
