{
    "pred_cam": [
        2.565721273422241,
        0.10849689692258835,
        0.32135072350502014
    ],
    "pred_smpl_params": {
        "global_orient": [
            [
                [
                    -0.48206037282943726,
                    -0.3658198118209839,
                    -0.7961115837097168
                ],
                [
                    0.5565851330757141,
                    -0.8296144008636475,
                    0.04419191926717758
                ],
                [
                    -0.6766318678855896,
                    -0.42180073261260986,
                    0.6035341024398804
                ]
            ]
        ],
        "body_pose": [
            [
                [
                    0.9997966289520264,
                    0.005596281494945288,
                    -0.019374005496501923
                ],
                [
                    0.007519345264881849,
                    0.7879840135574341,
                    0.6156496405601501
                ],
                [
                    0.018711760640144348,
                    -0.6156701445579529,
                    0.7877816557884216
                ]
            ],
            [
                [
                    0.9928284883499146,
                    0.10580670833587646,
                    0.055645789951086044
                ],
                [
                    -0.11757012456655502,
                    0.7798819541931152,
                    0.6147856116294861
                ],
                [
                    0.021651290357112885,
                    -0.6169189810752869,
                    0.7867287397384644
                ]
            ],
            [
                [
                    0.997294008731842,
                    0.03513158857822418,
                    0.06457825750112534
                ],
                [
                    0.0057401456870138645,
                    0.8385326862335205,
                    -0.5448211431503296
                ],
                [
                    -0.07329140603542328,
                    0.5437175631523132,
                    0.836061954498291
                ]
            ],
            [
                [
                    0.9871656894683838,
                    0.156871497631073,
                    0.029919374734163284
                ],
                [
                    -0.0911778062582016,
                    0.7074398994445801,
                    -0.7008675932884216
                ],
                [
                    -0.13111227750778198,
                    0.689144492149353,
                    0.7126635909080505
                ]
            ],
            [
                [
                    0.9945749640464783,
                    -0.09736467152833939,
                    0.036617059260606766
                ],
                [
                    0.09587595611810684,
                    0.7214537262916565,
                    -0.6857932806015015
                ],
                [
                    0.040354516357183456,
                    0.6855835318565369,
                    0.7268747687339783
                ]
            ],
            [
                [
                    0.9972482323646545,
                    -0.038823202252388,
                    0.06315726786851883
                ],
                [
                    0.041940949857234955,
                    0.9979270696640015,
                    -0.04881170392036438
                ],
                [
                    -0.0611313134431839,
                    0.05132625252008438,
                    0.9968093037605286
                ]
            ],
            [
                [
                    0.9667928814888,
                    0.023029500618577003,
                    0.25452136993408203
                ],
                [
                    -0.03892791271209717,
                    0.9975802302360535,
                    0.057603947818279266
                ],
                [
                    -0.2525789141654968,
                    -0.06559906899929047,
                    0.9653499722480774
                ]
            ],
            [
                [
                    0.9762349128723145,
                    -0.020074857398867607,
                    -0.2157830148935318
                ],
                [
                    0.030728695914149284,
                    0.9984626770019531,
                    0.046131692826747894
                ],
                [
                    0.21452517807483673,
                    -0.051666103303432465,
                    0.9753509759902954
                ]
            ],
            [
                [
                    0.999211847782135,
                    -0.014537466689944267,
                    0.03693873807787895
                ],
                [
                    0.019173605367541313,
                    0.9915329217910767,
                    -0.12843184173107147
                ],
                [
                    -0.034758903086185455,
                    0.12903885543346405,
                    0.9910301566123962
                ]
            ],
            [
                [
                    0.9887204766273499,
                    -0.1320589780807495,
                    0.07065579295158386
                ],
                [
                    0.12830041348934174,
                    0.9901900291442871,
                    0.05534200742840767
                ],
                [
                    -0.07727107405662537,
                    -0.0456526093184948,
                    0.9959644079208374
                ]
            ],
            [
                [
                    0.9932670593261719,
                    0.1128334254026413,
                    -0.026252685114741325
                ],
                [
                    -0.10915225744247437,
                    0.987439751625061,
                    0.11423084139823914
                ],
                [
                    0.03881199657917023,
                    -0.1105961948633194,
                    0.9931073784828186
                ]
            ],
            [
                [
                    0.9833696484565735,
                    0.09969863295555115,
                    0.15180379152297974
                ],
                [
                    -0.04261256754398346,
                    0.9391787052154541,
                    -0.3407749533653259
                ],
                [
                    -0.17654567956924438,
                    0.3286389708518982,
                    0.9278082251548767
                ]
            ],
            [
                [
                    0.9298948645591736,
                    -0.08618762344121933,
                    -0.35758545994758606
                ],
                [
                    0.14539329707622528,
                    0.9791161417961121,
                    0.14209964871406555
                ],
                [
                    0.3378704786300659,
                    -0.18412823975086212,
                    0.9230061769485474
                ]
            ],
            [
                [
                    0.9127527475357056,
                    -0.09556873887777328,
                    0.397176593542099
                ],
                [
                    0.046797975897789,
                    0.9903112649917603,
                    0.1307423859834671
                ],
                [
                    -0.40582332015037537,
                    -0.10074837505817413,
                    0.9083817601203918
                ]
            ],
            [
                [
                    0.999061644077301,
                    0.04191825911402702,
                    -0.010895084589719772
                ],
                [
                    -0.04263487085700035,
                    0.9961152672767639,
                    -0.0770496279001236
                ],
                [
                    0.0076229749247431755,
                    0.07744183391332626,
                    0.9969677329063416
                ]
            ],
            [
                [
                    0.7171662449836731,
                    0.4754977524280548,
                    -0.5094846487045288
                ],
                [
                    -0.4014456570148468,
                    0.8794627785682678,
                    0.2557081878185272
                ],
                [
                    0.5696614384651184,
                    0.02114509604871273,
                    0.8216075301170349
                ]
            ],
            [
                [
                    0.525266706943512,
                    -0.6208069920539856,
                    0.5819739103317261
                ],
                [
                    0.5773438215255737,
                    0.7624226212501526,
                    0.2922086715698242
                ],
                [
                    -0.6251152157783508,
                    0.18251155316829681,
                    0.7588943243026733
                ]
            ],
            [
                [
                    0.11254660040140152,
                    -0.2781924307346344,
                    -0.9539089202880859
                ],
                [
                    0.2635173499584198,
                    0.9339896440505981,
                    -0.24129228293895721
                ],
                [
                    0.9580667018890381,
                    -0.22421494126319885,
                    0.1784258931875229
                ]
            ],
            [
                [
                    0.249322772026062,
                    0.2686721682548523,
                    0.9304049611091614
                ],
                [
                    -0.250724732875824,
                    0.9458955526351929,
                    -0.2059580683708191
                ],
                [
                    -0.9354010820388794,
                    -0.18192552030086517,
                    0.3031960427761078
                ]
            ],
            [
                [
                    0.9728600382804871,
                    -0.23119041323661804,
                    -0.009718419052660465
                ],
                [
                    0.23036615550518036,
                    0.9716367721557617,
                    -0.05341723933815956
                ],
                [
                    0.021792327985167503,
                    0.049728699028491974,
                    0.9985250234603882
                ]
            ],
            [
                [
                    0.9791447520256042,
                    0.20242369174957275,
                    0.01732543855905533
                ],
                [
                    -0.20250141620635986,
                    0.9792778491973877,
                    0.002837839536368847
                ],
                [
                    -0.016391973942518234,
                    -0.006287082098424435,
                    0.9998458623886108
                ]
            ],
            [
                [
                    0.9848267436027527,
                    0.15099631249904633,
                    -0.08553579449653625
                ],
                [
                    -0.14112083613872528,
                    0.9836742877960205,
                    0.11166803538799286
                ],
                [
                    0.1010008305311203,
                    -0.09790278971195221,
                    0.9900574684143066
                ]
            ],
            [
                [
                    0.9837530851364136,
                    -0.1766473799943924,
                    0.03202201426029205
                ],
                [
                    0.17074556648731232,
                    0.9757339954376221,
                    0.13707275688648224
                ],
                [
                    -0.055458519607782364,
                    -0.12937815487384796,
                    0.9900431036949158
                ]
            ]
        ],
        "betas": [
            0.08866049349308014,
            0.03252053260803223,
            -0.25621265172958374,
            0.07189801335334778,
            0.022165954113006592,
            -0.11903320997953415,
            0.07874009013175964,
            -0.015701353549957275,
            0.0540328174829483,
            -0.05017542839050293
        ]
    },
    "pred_cam_t": [
        0.10849689692258835,
        0.32135072350502014,
        15.224763870239258
    ],
    "focal_length": [
        5000.0,
        5000.0
    ],
    "pred_keypoints_3d": [
        [
            -0.4698144495487213,
            -0.462288498878479,
            0.0596139132976532
        ],
        [
            -0.3348652124404907,
            -0.5713244080543518,
            -0.026386529207229614
        ],
        [
            -0.21787036955356598,
            -0.5903642177581787,
            0.12220564484596252
        ],
        [
            -0.15223459899425507,
            -0.3917251229286194,
            0.27103888988494873
        ],
        [
            -0.37998324632644653,
            -0.27200934290885925,
            0.28676122426986694
        ],
        [
            -0.3749336004257202,
            -0.44997522234916687,
            -0.1489408016204834
        ],
        [
            -0.45801714062690735,
            -0.20015452802181244,
            -0.147548109292984
        ],
        [
            -0.5660369396209717,
            -0.23911552131175995,
            0.07664772868156433
        ],
        [
            -0.001992291770875454,
            -0.22358010709285736,
            0.027626141905784607
        ],
        [
            0.06690674275159836,
            -0.18620754778385162,
            0.10828224569559097
        ],
        [
            0.0324268639087677,
            0.02887958288192749,
            0.4274521470069885
        ],
        [
            0.23561310768127441,
            0.35801243782043457,
            0.5405687093734741
        ],
        [
            0.003674343228340149,
            -0.10997971892356873,
            0.015459504909813404
        ],
        [
            -0.08575334399938583,
            0.16676509380340576,
            0.2579765021800995
        ],
        [
            0.1600678563117981,
            0.44266968965530396,
            0.41808927059173584
        ],
        [
            -0.4898817837238312,
            -0.5162532329559326,
            0.08160381019115448
        ],
        [
            -0.5088383555412292,
            -0.4905910789966583,
            0.02245475724339485
        ],
        [
            -0.4439941644668579,
            -0.6123430728912354,
            0.076492540538311
        ],
        [
            -0.4881531596183777,
            -0.554478645324707,
            -0.056443750858306885
        ],
        [
            0.02014830708503723,
            0.5354446768760681,
            0.531760573387146
        ],
        [
            0.0526597797870636,
            0.5670629739761353,
            0.46130213141441345
        ],
        [
            0.22655045986175537,
            0.4578858017921448,
            0.40154701471328735
        ],
        [
            0.11807757616043091,
            0.3972049951553345,
            0.6999574303627014
        ],
        [
            0.1987532377243042,
            0.36267104744911194,
            0.7076998353004456
        ],
        [
            0.297724187374115,
            0.3937295377254486,
            0.5189933180809021
        ],
        [
            0.2448127120733261,
            0.3036653995513916,
            0.5161981582641602
        ],
        [
            0.028017323464155197,
            -0.01260992232710123,
            0.3833741545677185
        ],
        [
            0.07685385644435883,
            -0.33226168155670166,
            0.1005336344242096
        ],
        [
            -0.04849227890372276,
            -0.15496613085269928,
            -0.10159708559513092
        ],
        [
            -0.09178536385297775,
            0.14238333702087402,
            0.22575391829013824
        ],
        [
            0.15908274054527283,
            0.417472779750824,
            0.38295286893844604
        ],
        [
            -0.37819504737854004,
            -0.30179089307785034,
            0.26395416259765625
        ],
        [
            -0.1809278428554535,
            -0.4185248017311096,
            0.2843139171600342
        ],
        [
            -0.24635836482048035,
            -0.5939819812774658,
            0.09297444671392441
        ],
        [
            -0.3752191662788391,
            -0.4772369861602783,
            -0.14039337635040283
        ],
        [
            -0.48765829205513,
            -0.23971623182296753,
            -0.14731451869010925
        ],
        [
            -0.5640117526054382,
            -0.25733041763305664,
            0.06322365999221802
        ],
        [
            -0.33675408363342285,
            -0.5670167803764343,
            -0.02402045764029026
        ],
        [
            -0.521070122718811,
            -0.5829265713691711,
            0.022203844040632248
        ],
        [
            0.014284323900938034,
            -0.24397897720336914,
            -0.0009220085339620709
        ],
        [
            -0.30462947487831116,
            -0.5337778329849243,
            -0.022869188338518143
        ],
        [
            -0.1383686661720276,
            -0.4352479577064514,
            -0.04808685928583145
        ],
        [
            -0.42699623107910156,
            -0.5174157619476318,
            0.0170745812356472
        ],
        [
            -0.5353220105171204,
            -0.5989218354225159,
            0.025016900151968002
        ]
    ],
    "pred_vertices": [
        [
            -0.5571085214614868,
            -0.5015965700149536,
            0.019781745970249176
        ],
        [
            -0.5432819128036499,
            -0.49375560879707336,
            0.02545582503080368
        ],
        [
            -0.5414528846740723,
            -0.49600908160209656,
            0.011118978261947632
        ],
        [
            -0.5504206418991089,
            -0.5051255226135254,
            0.004174854606389999
        ],
        [
            -0.5328446626663208,
            -0.48947107791900635,
            0.01600201427936554
        ],
        [
            -0.5330337285995483,
            -0.48762527108192444,
            0.02777564898133278
        ],
        [
            -0.5350217819213867,
            -0.5000603795051575,
            -0.00041066110134124756
        ],
        [
            -0.5404691100120544,
            -0.5095775723457336,
            -0.008136440068483353
        ],
        [
            -0.4992123544216156,
            -0.49651429057121277,
            -0.01513718068599701
        ],
        [
            -0.4939519166946411,
            -0.5017417073249817,
            -0.02329658716917038
        ],
        [
            -0.5061556100845337,
            -0.5047397017478943,
            -0.020730920135974884
        ],
        [
            -0.5080441236495972,
            -0.4994874596595764,
            -0.012429378926753998
        ],
        [
            -0.4740634262561798,
            -0.4913933277130127,
            -0.019419662654399872
        ],
        [
            -0.465741902589798,
            -0.4826907217502594,
            -0.01202203705906868
        ],
        [
            -0.4555737376213074,
            -0.48740699887275696,
            -0.019584888592362404
        ],
        [
            -0.46296456456184387,
            -0.49660801887512207,
            -0.02679215371608734
        ],
        [
            -0.47569167613983154,
            -0.47885239124298096,
            0.02918088436126709
        ],
        [
            -0.4707600474357605,
            -0.47533389925956726,
            0.022889990359544754
        ],
        [
            -0.4779394567012787,
            -0.476826548576355,
            0.02004275470972061
        ],
        [
            -0.481749951839447,
            -0.4806089401245117,
            0.026708152145147324
        ],
        [
            -0.48401400446891785,
            -0.48057934641838074,
            0.04140361398458481
        ],
        [
            -0.48857584595680237,
            -0.48503535985946655,
            0.03978899493813515
        ],
        [
            -0.49220848083496094,
            -0.483408659696579,
            0.0468018464744091
        ],
        [
            -0.4874888062477112,
            -0.4775402247905731,
            0.04792872071266174
        ],
        [
            -0.4692743122577667,
            -0.4788312017917633,
            0.033334314823150635
        ],
        [
            -0.464111864566803,
            -0.47568827867507935,
            0.026434779167175293
        ],
        [
            -0.479900598526001,
            -0.4813404381275177,
            0.03482060134410858
        ],
        [
            -0.4762657880783081,
            -0.4787745475769043,
            0.03688139468431473
        ],
        [
            -0.4725103974342346,
            -0.46855226159095764,
            0.04301043227314949
        ],
        [
            -0.47697827219963074,
            -0.47090795636177063,
            0.04162420704960823
        ],
        [
            -0.47890064120292664,
            -0.466322660446167,
            0.04765861853957176
        ],
        [
            -0.47309860587120056,
            -0.4655599296092987,
            0.0477837473154068
        ],
        [
            -0.4703798294067383,
            -0.47525542974472046,
            0.03636280074715614
        ],
        [
            -0.4739950895309448,
            -0.4737223982810974,
            0.03742652386426926
        ],
        [
            -0.4704570770263672,
            -0.471255362033844,
            0.04015358164906502
        ],
        [
            -0.46719032526016235,
            -0.4736843705177307,
            0.03980313241481781
        ],
        [
            -0.48079460859298706,
            -0.47669821977615356,
            0.04241187870502472
        ],
        [
            -0.483547568321228,
            -0.47215625643730164,
            0.04823417216539383
        ],
        [
            -0.4857090413570404,
            -0.46774691343307495,
            0.054937977343797684
        ],
        [
            -0.47910207509994507,
            -0.4619171619415283,
            0.05437485873699188
        ],
        [
            -0.4592515230178833,
            -0.4727931320667267,
            0.008155830204486847
        ],
        [
            -0.46560266613960266,
            -0.4728274941444397,
            0.015321411192417145
        ],
        [
            -0.45956480503082275,
            -0.472867488861084,
            0.0194147489964962
        ],
        [
            -0.45487111806869507,
            -0.47187942266464233,
            0.013051744550466537
        ],
        [
            -0.46361052989959717,
            -0.4752472937107086,
            0.036755576729774475
        ],
        [
            -0.4496772289276123,
            -0.4690823256969452,
            0.03113018348813057
        ],
        [
            -0.45337456464767456,
            -0.46987852454185486,
            0.0315219946205616
        ],
        [
            -0.4536343514919281,
            -0.4687836766242981,
            0.0387486070394516
        ],
        [
            -0.4502700865268707,
            -0.46794265508651733,
            0.03772836923599243
        ],
        [
            -0.44481295347213745,
            -0.4741124212741852,
            -0.002037469297647476
        ],
        [
            -0.4433640241622925,
            -0.4714388847351074,
            0.004744943231344223
        ],
        [
            -0.43628740310668945,
            -0.4714639186859131,
            0.0022910945117473602
        ],
        [
            -0.436081200838089,
            -0.4751404821872711,
            -0.00439249724149704
        ],
        [
            -0.42988282442092896,
            -0.4716331958770752,
            0.003625825047492981
        ],
        [
            -0.42738431692123413,
            -0.47595295310020447,
            -0.0053353942930698395
        ],
        [
            -0.41094350814819336,
            -0.47407400608062744,
            0.0006916262209415436
        ],
        [
            -0.4184538424015045,
            -0.4749356806278229,
            -0.0025250576436519623
        ],
        [
            -0.423412948846817,
            -0.47074437141418457,
            0.0065595842897892
        ],
        [
            -0.4177345633506775,
            -0.4683153033256531,
            0.012049548327922821
        ],
        [
            -0.4211062788963318,
            -0.46632659435272217,
            0.026457268744707108
        ],
        [
            -0.4190670847892761,
            -0.46572601795196533,
            0.0326460637152195
        ],
        [
            -0.4079006314277649,
            -0.46213269233703613,
            0.025884363800287247
        ],
        [
            -0.41210269927978516,
            -0.46459832787513733,
            0.019505508244037628
        ],
        [
            -0.44248634576797485,
            -0.4708191752433777,
            0.028888419270515442
        ],
        [
            -0.4429246783256531,
            -0.4719300866127014,
            0.024164441972970963
        ],
        [
            -0.44491881132125854,
            -0.4702136516571045,
            0.024989187717437744
        ],
        [
            -0.44568532705307007,
            -0.46909067034721375,
            0.030153345316648483
        ],
        [
            -0.4431699216365814,
            -0.4720488488674164,
            0.020107779651880264
        ],
        [
            -0.4431565999984741,
            -0.47199705243110657,
            0.018253538757562637
        ],
        [
            -0.44458451867103577,
            -0.471437007188797,
            0.019090499728918076
        ],
        [
            -0.4440787136554718,
            -0.4716208577156067,
            0.020318426191806793
        ],
        [
            -0.4434043765068054,
            -0.4717111587524414,
            0.022394154220819473
        ],
        [
            -0.44142377376556396,
            -0.4711257517337799,
            0.0232367143034935
        ],
        [
            -0.44235119223594666,
            -0.47169724106788635,
            0.02107720449566841
        ],
        [
            -0.44037967920303345,
            -0.46958446502685547,
            0.027455274015665054
        ],
        [
            -0.43739771842956543,
            -0.46663039922714233,
            0.041714366525411606
        ],
        [
            -0.43805208802223206,
            -0.4663432538509369,
            0.03775466978549957
        ],
        [
            -0.44160711765289307,
            -0.46916165947914124,
            0.039352115243673325
        ],
        [
            -0.4414416551589966,
            -0.46959805488586426,
            0.042770568281412125
        ],
        [
            -0.4469021260738373,
            -0.47123420238494873,
            0.02142299711704254
        ],
        [
            -0.4484245181083679,
            -0.47117936611175537,
            0.019369706511497498
        ],
        [
            -0.4508434534072876,
            -0.47029754519462585,
            0.02458631992340088
        ],
        [
            -0.4478113651275635,
            -0.4705031216144562,
            0.025062598288059235
        ],
        [
            -0.4509671628475189,
            -0.47070053219795227,
            0.016935639083385468
        ],
        [
            -0.44624680280685425,
            -0.47152331471443176,
            0.016943439841270447
        ],
        [
            -0.4479527175426483,
            -0.4714798927307129,
            0.014009714126586914
        ],
        [
            -0.4413914680480957,
            -0.47164466977119446,
            0.01855902001261711
        ],
        [
            -0.4401642680168152,
            -0.47132572531700134,
            0.015244942158460617
        ],
        [
            -0.4430219531059265,
            -0.47103261947631836,
            0.015436403453350067
        ],
        [
            -0.4366357922554016,
            -0.47081661224365234,
            0.01689837872982025
        ],
        [
            -0.43917667865753174,
            -0.4710843861103058,
            0.02102537453174591
        ],
        [
            -0.43714165687561035,
            -0.4693406820297241,
            0.025101684033870697
        ],
        [
            -0.4352337121963501,
            -0.4673333764076233,
            0.030380379408597946
        ],
        [
            -0.4304773211479187,
            -0.46769121289253235,
            0.0263189859688282
        ],
        [
            -0.43331074714660645,
            -0.4693390130996704,
            0.02085726708173752
        ],
        [
            -0.4552801549434662,
            -0.4717196524143219,
            0.022931206971406937
        ],
        [
            -0.44306647777557373,
            -0.47097301483154297,
            0.010745290666818619
        ],
        [
            -0.4500357508659363,
            -0.4720700979232788,
            0.00861896201968193
        ],
        [
            -0.4382399320602417,
            -0.47056344151496887,
            0.009788397699594498
        ],
        [
            -0.4333289861679077,
            -0.4703395962715149,
            0.011002447456121445
        ],
        [
            -0.42860323190689087,
            -0.46994373202323914,
            0.015163581818342209
        ],
        [
            -0.4245344400405884,
            -0.46777939796447754,
            0.02047283947467804
        ],
        [
            -0.39686119556427,
            -0.4686247408390045,
            0.01780926063656807
        ],
        [
            -0.4033128023147583,
            -0.4706704616546631,
            0.010145425796508789
        ],
        [
            -0.5242001414299011,
            -0.4883306622505188,
            0.02742001786828041
        ],
        [
            -0.5252041220664978,
            -0.4874579906463623,
            0.018366079777479172
        ],
        [
            -0.5164880156517029,
            -0.48913586139678955,
            0.014884453266859055
        ],
        [
            -0.5186982154846191,
            -0.4889999032020569,
            0.013595934957265854
        ],
        [
            -0.5200305581092834,
            -0.4888286590576172,
            0.01985415816307068
        ],
        [
            -0.5168931484222412,
            -0.4887034296989441,
            0.01964373141527176
        ],
        [
            -0.5096256136894226,
            -0.4963182806968689,
            -0.00457334890961647
        ],
        [
            -0.5110272765159607,
            -0.4942370653152466,
            0.00182352215051651
        ],
        [
            -0.5070422291755676,
            -0.4947688579559326,
            0.0006928704679012299
        ],
        [
            -0.5034590363502502,
            -0.49469080567359924,
            -0.0070154182612895966
        ],
        [
            -0.4995993971824646,
            -0.489163339138031,
            0.009100280702114105
        ],
        [
            -0.5011336207389832,
            -0.4910336136817932,
            0.004266541451215744
        ],
        [
            -0.5072134137153625,
            -0.49135953187942505,
            0.009480275213718414
        ],
        [
            -0.5060673952102661,
            -0.4900799095630646,
            0.013055555522441864
        ],
        [
            -0.5051860213279724,
            -0.4895511865615845,
            0.017132464796304703
        ],
        [
            -0.504319965839386,
            -0.49009430408477783,
            0.021583810448646545
        ],
        [
            -0.4993155896663666,
            -0.48893240094184875,
            0.02010422572493553
        ],
        [
            -0.4992799758911133,
            -0.48853904008865356,
            0.014713216572999954
        ],
        [
            -0.5197547078132629,
            -0.4902498424053192,
            0.026243362575769424
        ],
        [
            -0.5169320702552795,
            -0.492783784866333,
            0.03284204751253128
        ],
        [
            -0.5143540501594543,
            -0.4921131730079651,
            0.030663013458251953
        ],
        [
            -0.5165967345237732,
            -0.4895244240760803,
            0.025442298501729965
        ],
        [
            -0.5043543577194214,
            -0.4985509514808655,
            0.037037141621112823
        ],
        [
            -0.5072242021560669,
            -0.4977516829967499,
            0.036720894277095795
        ],
        [
            -0.507968008518219,
            -0.4983723759651184,
            0.040638405829668045
        ],
        [
            -0.5032402276992798,
            -0.4982266426086426,
            0.04042757675051689
        ],
        [
            -0.5010330677032471,
            -0.4964592754840851,
            0.037816647440195084
        ],
        [
            -0.5031691789627075,
            -0.49719685316085815,
            0.035694804042577744
        ],
        [
            -0.574052095413208,
            -0.5116946697235107,
            0.030814073979854584
        ],
        [
            -0.5597881078720093,
            -0.501576840877533,
            0.035817183554172516
        ],
        [
            -0.5693424940109253,
            -0.5152990221977234,
            0.011512987315654755
        ],
        [
            -0.5587698817253113,
            -0.5198072195053101,
            -0.0034582316875457764
        ],
        [
            -0.5459475517272949,
            -0.5212833285331726,
            -0.01647992804646492
        ],
        [
            -0.44918087124824524,
            -0.47952669858932495,
            -0.010736111551523209
        ],
        [
            -0.4396599531173706,
            -0.482164591550827,
            -0.015469178557395935
        ],
        [
            -0.4457739591598511,
            -0.4929274618625641,
            -0.02635999768972397
        ],
        [
            -0.43429434299468994,
            -0.4944368004798889,
            -0.02791682630777359
        ],
        [
            -0.42832237482070923,
            -0.48328274488449097,
            -0.0164002887904644
        ],
        [
            -0.40599530935287476,
            -0.4832923114299774,
            -0.008006852120161057
        ],
        [
            -0.41671571135520935,
            -0.4832080900669098,
            -0.01402176171541214
        ],
        [
            -0.4221592843532562,
            -0.49698156118392944,
            -0.027402756735682487
        ],
        [
            -0.4324894845485687,
            -0.5117127895355225,
            -0.039378903806209564
        ],
        [
            -0.44256675243377686,
            -0.5067986249923706,
            -0.03706791624426842
        ],
        [
            -0.4455398917198181,
            -0.5266187191009521,
            -0.045726072043180466
        ],
        [
            -0.4211937487125397,
            -0.5204982161521912,
            -0.041130512952804565
        ],
        [
            -0.4416787624359131,
            -0.5352479219436646,
            -0.046994470059871674
        ],
        [
            -0.3884545564651489,
            -0.5104063153266907,
            -0.02893763780593872
        ],
        [
            -0.38079240918159485,
            -0.5103278756141663,
            -0.0328662246465683
        ],
        [
            -0.386210560798645,
            -0.521331250667572,
            -0.04740786924958229
        ],
        [
            -0.39456406235694885,
            -0.5212607383728027,
            -0.043712787330150604
        ],
        [
            -0.4521382451057434,
            -0.5017707347869873,
            -0.03370434418320656
        ],
        [
            -0.5149919986724854,
            -0.5131152272224426,
            -0.024314559996128082
        ],
        [
            -0.5166377425193787,
            -0.505094051361084,
            -0.016097374260425568
        ],
        [
            -0.5026190280914307,
            -0.5128352642059326,
            -0.028973205015063286
        ],
        [
            -0.5678105354309082,
            -0.5480455160140991,
            -0.02488572522997856
        ],
        [
            -0.5656476020812988,
            -0.5333319902420044,
            -0.013160858303308487
        ],
        [
            -0.5519031882286072,
            -0.5326183438301086,
            -0.024817712604999542
        ],
        [
            -0.5555599331855774,
            -0.5466048121452332,
            -0.033722516149282455
        ],
        [
            -0.596150279045105,
            -0.5592824220657349,
            0.008967548608779907
        ],
        [
            -0.58853679895401,
            -0.5337892770767212,
            0.019328191876411438
        ],
        [
            -0.579072117805481,
            -0.5341880917549133,
            0.004074137657880783
        ],
        [
            -0.5850595235824585,
            -0.5534452199935913,
            -0.006607063114643097
        ],
        [
            -0.5536361932754517,
            -0.5577751398086548,
            -0.040624216198921204
        ],
        [
            -0.5513395071029663,
            -0.574573278427124,
            -0.04867468774318695
        ],
        [
            -0.5636648535728455,
            -0.5862829685211182,
            -0.04503113403916359
        ],
        [
            -0.5692794322967529,
            -0.5667647123336792,
            -0.0348084382712841
        ],
        [
            -0.5783112645149231,
            -0.6020218729972839,
            -0.033943772315979004
        ],
        [
            -0.585027813911438,
            -0.5791807174682617,
            -0.020990125834941864
        ],
        [
            -0.42613762617111206,
            -0.541520893573761,
            -0.04933937266469002
        ],
        [
            -0.4436991810798645,
            -0.5491601824760437,
            -0.05024116113781929
        ],
        [
            -0.4058283567428589,
            -0.5200250744819641,
            -0.0393683984875679
        ],
        [
            -0.41110959649086,
            -0.5363178849220276,
            -0.04988712817430496
        ],
        [
            -0.5870559215545654,
            -0.6169858574867249,
            -0.017389141023159027
        ],
        [
            -0.5961399078369141,
            -0.5901827812194824,
            -0.002839989960193634
        ],
        [
            -0.5174297094345093,
            -0.6156662106513977,
            -0.062036361545324326
        ],
        [
            -0.5364358425140381,
            -0.6122751235961914,
            -0.05860523879528046
        ],
        [
            -0.5291562080383301,
            -0.5927609205245972,
            -0.059638846665620804
        ],
        [
            -0.5125818252563477,
            -0.598020076751709,
