{
    "pred_cam": [
        2.567051410675049,
        0.11175511032342911,
        0.31639426946640015
    ],
    "pred_smpl_params": {
        "global_orient": [
            [
                [
                    -0.45552581548690796,
                    -0.3695141673088074,
                    -0.809910774230957
                ],
                [
                    0.5590692758560181,
                    -0.8267428874969482,
                    0.06275099515914917
                ],
                [
                    -0.6927753686904907,
                    -0.4242115616798401,
                    0.5831867456436157
                ]
            ]
        ],
        "body_pose": [
            [
                [
                    0.9995899200439453,
                    -0.021079476922750473,
                    -0.019378868862986565
                ],
                [
                    0.028579145669937134,
                    0.7762147784233093,
                    0.6298204064369202
                ],
                [
                    0.0017658657161518931,
                    -0.6301160454750061,
                    0.7764989137649536
                ]
            ],
            [
                [
                    0.9944745302200317,
                    0.08767115324735641,
                    0.057742711156606674
                ],
                [
                    -0.10430983453989029,
                    0.7632563710212708,
                    0.6376200318336487
                ],
                [
                    0.01182839646935463,
                    -0.6401199698448181,
                    0.7681840062141418
                ]
            ],
            [
                [
                    0.9974867105484009,
                    0.04256517440080643,
                    0.05664244666695595
                ],
                [
                    -0.003566631581634283,
                    0.8285864591598511,
                    -0.559849739074707
                ],
                [
                    -0.07076326757669449,
                    0.5582407116889954,
                    0.8266558051109314
                ]
            ],
            [
                [
                    0.9854649305343628,
                    0.16604647040367126,
                    0.035883303731679916
                ],
                [
                    -0.09138187021017075,
                    0.6962058544158936,
                    -0.7120020389556885
                ],
                [
                    -0.14320765435695648,
                    0.6983737945556641,
                    0.7012600898742676
                ]
            ],
            [
                [
                    0.9946680665016174,
                    -0.09636066854000092,
                    0.036744821816682816
                ],
                [
                    0.09447116404771805,
                    0.7084678411483765,
                    -0.6993914842605591
                ],
                [
                    0.04136129468679428,
                    0.6991336345672607,
                    0.7137936353683472
                ]
            ],
            [
                [
                    0.9978287220001221,
                    -0.03477032482624054,
                    0.0559360608458519
                ],
                [
                    0.03692537173628807,
                    0.9985966086387634,
                    -0.03796599060297012
                ],
                [
                    -0.054537463933229446,
                    0.03994901478290558,
                    0.9977123141288757
                ]
            ],
            [
                [
                    0.9669924378395081,
                    0.02520822547376156,
                    0.25355497002601624
                ],
                [
                    -0.040973346680402756,
                    0.9975280165672302,
                    0.057088322937488556
                ],
                [
                    -0.2514890730381012,
                    -0.06559298187494278,
                    0.9656349420547485
                ]
            ],
            [
                [
                    0.9781312942504883,
                    -0.02579132467508316,
                    -0.20638301968574524
                ],
                [
                    0.03682731091976166,
                    0.9980794787406921,
                    0.04981106147170067
                ],
                [
                    0.2047019600868225,
                    -0.05632229149341583,
                    0.9772025942802429
                ]
            ],
            [
                [
                    0.9994531869888306,
                    -0.013176826760172844,
                    0.030326582491397858
                ],
                [
                    0.01671130210161209,
                    0.9927036166191101,
                    -0.11941593140363693
                ],
                [
                    -0.028531787917017937,
                    0.11985743045806885,
                    0.9923809766769409
                ]
            ],
            [
                [
                    0.9881061911582947,
                    -0.13539765775203705,
                    0.07289475202560425
                ],
                [
                    0.1310185045003891,
                    0.9894484281539917,
                    0.06185387074947357
                ],
                [
                    -0.08050046861171722,
                    -0.05156763270497322,
                    0.9954197406768799
                ]
            ],
            [
                [
                    0.9921993017196655,
                    0.1229868158698082,
                    -0.02037034183740616
                ],
                [
                    -0.1199958398938179,
                    0.9865109920501709,
                    0.11134213954210281
                ],
                [
                    0.03378918021917343,
                    -0.10802922397851944,
                    0.9935734272003174
                ]
            ],
            [
                [
                    0.9836417436599731,
                    0.09556619077920914,
                    0.15269587934017181
                ],
                [
                    -0.04515974968671799,
                    0.9514259696006775,
                    -0.3045474886894226
                ],
                [
                    -0.174383282661438,
                    0.2926698923110962,
                    0.9401780366897583
                ]
            ],
            [
                [
                    0.9221487045288086,
                    -0.09223408997058868,
                    -0.3756788372993469
                ],
                [
                    0.15452024340629578,
                    0.9781426191329956,
                    0.13914157450199127
                ],
                [
                    0.3546339273452759,
                    -0.1863592118024826,
                    0.9162449836730957
                ]
            ],
            [
                [
                    0.9058528542518616,
                    -0.10614195466041565,
                    0.4100787341594696
                ],
                [
                    0.05476555973291397,
                    0.989318311214447,
                    0.13509270548820496
                ],
                [
                    -0.4200373888015747,
                    -0.09991590678691864,
                    0.901989758014679
                ]
            ],
            [
                [
                    0.9993699193000793,
                    0.02917557768523693,
                    -0.02020944282412529
                ],
                [
                    -0.030138427391648293,
                    0.998339056968689,
                    -0.04909991845488548
                ],
                [
                    0.018743356689810753,
                    0.04967806488275528,
                    0.9985893368721008
                ]
            ],
            [
                [
                    0.7233408093452454,
                    0.4636105000972748,
                    -0.5117062926292419
                ],
                [
                    -0.3855503499507904,
                    0.8859722018241882,
                    0.2576901316642761
                ],
                [
                    0.5728253722190857,
                    0.01089075393974781,
                    0.8196050524711609
                ]
            ],
            [
                [
                    0.5237439870834351,
                    -0.6211572885513306,
                    0.5829715728759766
                ],
                [
                    0.5804294943809509,
                    0.7611103057861328,
                    0.28950420022010803
                ],
                [
                    -0.623533308506012,
                    0.18674781918525696,
                    0.7591649293899536
                ]
            ],
            [
                [
                    0.10203509032726288,
                    -0.27682992815971375,
                    -0.9554864168167114
                ],
                [
                    0.27469196915626526,
                    0.9309952259063721,
                    -0.2404002547264099
                ],
                [
                    0.9561032056808472,
                    -0.2379351258277893,
                    0.17103713750839233
                ]
            ],
            [
                [
                    0.2528666853904724,
                    0.2666127383708954,
                    0.9300408959388733
                ],
                [
                    -0.2525533437728882,
                    0.946142315864563,
                    -0.2025623470544815
                ],
                [
                    -0.9339568018913269,
                    -0.18366368114948273,
                    0.3065817952156067
                ]
            ],
            [
                [
                    0.9702891111373901,
                    -0.24175435304641724,
                    -0.009683173149824142
                ],
                [
                    0.24066750705242157,
                    0.968492329120636,
                    -0.06404468417167664
                ],
                [
                    0.024861160665750504,
                    0.05981144309043884,
                    0.9979000091552734
                ]
            ],
            [
                [
                    0.9776528477668762,
                    0.20895525813102722,
                    0.023078514263033867
                ],
                [
                    -0.20910373330116272,
                    0.9778844714164734,
                    0.004192814230918884
                ],
                [
                    -0.021692009642720222,
                    -0.008924920111894608,
                    0.9997248649597168
                ]
            ],
            [
                [
                    0.9853414297103882,
                    0.14785875380039215,
                    -0.0850885659456253
                ],
                [
                    -0.13766109943389893,
                    0.9837439060211182,
                    0.11531463265419006
                ],
                [
                    0.10075562447309494,
                    -0.10191090404987335,
                    0.9896780252456665
                ]
            ],
            [
                [
                    0.9837027788162231,
                    -0.17559771239757538,
                    0.03865543752908707
                ],
                [
                    0.16908033192157745,
                    0.976542592048645,
                    0.13332818448543549
                ],
                [
                    -0.06116080656647682,
                    -0.12461943924427032,
                    0.9903177618980408
                ]
            ]
        ],
        "betas": [
            0.0865212231874466,
            0.027136266231536865,
            -0.19852520525455475,
            0.12069031596183777,
            0.01928424835205078,
            -0.1230136975646019,
            0.07965447008609772,
            -0.01464623212814331,
            0.046314388513565063,
            -0.045974403619766235
        ]
    },
    "pred_cam_t": [
        0.11175511032342911,
        0.31639426946640015,
        15.216875076293945
    ],
    "focal_length": [
        5000.0,
        5000.0
    ],
    "pred_keypoints_3d": [
        [
            -0.4835851192474365,
            -0.46162378787994385,
            0.0526241660118103
        ],
        [
            -0.34251734614372253,
            -0.5640737414360046,
            -0.033412836492061615
        ],
        [
            -0.2286403477191925,
            -0.5863602161407471,
            0.11783739179372787
        ],
        [
            -0.1626371145248413,
            -0.38874495029449463,
            0.26725268363952637
        ],
        [
            -0.3877667486667633,
            -0.2643938362598419,
            0.2784615755081177
        ],
        [
            -0.37824782729148865,
            -0.4395652413368225,
            -0.15336523950099945
        ],
        [
            -0.46097466349601746,
            -0.19011834263801575,
            -0.14545083045959473
        ],
        [
            -0.5715175867080688,
            -0.23835620284080505,
            0.07533754408359528
        ],
        [
            -0.0020163010340183973,
            -0.22430624067783356,
            0.0276519525796175
        ],
        [
            0.06550651788711548,
            -0.18737435340881348,
            0.10973942279815674
        ],
        [
            0.01398373395204544,
            0.03048005700111389,
            0.4242689311504364
        ],
        [
            0.2151799201965332,
            0.3596322238445282,
            0.539297342300415
        ],
        [
            0.00592001061886549,
            -0.11085870116949081,
            0.014795826748013496
        ],
        [
            -0.09504354745149612,
            0.17074158787727356,
            0.2462996542453766
        ],
        [
            0.14805153012275696,
            0.44606977701187134,
            0.41035544872283936
        ],
        [
            -0.5022147297859192,
            -0.5172616243362427,
            0.07152461260557175
        ],
        [
            -0.5203676819801331,
            -0.48968246579170227,
            0.012967988848686218
        ],
        [
            -0.4525255262851715,
            -0.6111931800842285,
            0.06358178704977036
        ],
        [
            -0.4947793483734131,
            -0.5490525960922241,
            -0.06820826232433319
        ],
        [
            0.004763603210449219,
            0.5438404083251953,
            0.5151494145393372
        ],
        [
            0.041081637144088745,
            0.5732885599136353,
            0.4455726742744446
        ],
        [
            0.21565023064613342,
            0.4598369002342224,
            0.39662396907806396
        ],
        [
            0.09032055735588074,
            0.4035976231098175,
            0.6915926337242126
        ],
        [
            0.17011600732803345,
            0.3682973384857178,
            0.7042627334594727
        ],
        [
            0.2784619927406311,
            0.3943744897842407,
            0.5199248790740967
        ],
        [
            0.22494183480739594,
            0.30480295419692993,
            0.5164386034011841
        ],
        [
            0.01175263337790966,
            -0.011317835189402103,
            0.38076716661453247
        ],
        [
            0.07392805069684982,
            -0.3339996337890625,
            0.10330130159854889
        ],
        [
            -0.043383363634347916,
            -0.15622778236865997,
            -0.10372708737850189
        ],
        [
            -0.09984447062015533,
            0.14597217738628387,
            0.21457722783088684
        ],
        [
            0.1483960747718811,
            0.4201318025588989,
            0.3759206533432007
        ],
        [
            -0.3861958384513855,
            -0.29443222284317017,
            0.2558479905128479
        ],
        [
            -0.19202131032943726,
            -0.41492709517478943,
            0.28004133701324463
        ],
        [
            -0.25655263662338257,
            -0.5896042585372925,
            0.08772055059671402
        ],
        [
            -0.3795391917228699,
            -0.4672757387161255,
            -0.14585158228874207
        ],
        [
            -0.49064692854881287,
            -0.2293633222579956,
            -0.1468731015920639
        ],
        [
            -0.5694429874420166,
            -0.25609031319618225,
            0.06130152568221092
        ],
        [
            -0.3442669212818146,
            -0.5595608353614807,
            -0.030536387115716934
        ],
        [
            -0.528967559337616,
            -0.582240104675293,
            0.0081610307097435
        ],
        [
            0.015383952297270298,
            -0.24541626870632172,
            -0.000527889234945178
        ],
        [
            -0.3117262125015259,
            -0.526742160320282,
            -0.028033463284373283
        ],
        [
            -0.14198371767997742,
            -0.4325971007347107,
            -0.04965999349951744
        ],
        [
            -0.4373267889022827,
            -0.5132863521575928,
            0.008852970786392689
        ],
        [
            -0.5427273511886597,
            -0.5989866256713867,
            0.009845329448580742
        ]
    ],
    "pred_vertices": [
        [
            -0.5679740905761719,
            -0.5022355318069458,
            0.008255355060100555
        ],
        [
            -0.5547012686729431,
            -0.4941306710243225,
            0.014723420143127441
        ],
        [
            -0.5523439645767212,
            -0.49566566944122314,
            0.00034930184483528137
        ],
        [
            -0.5607233643531799,
            -0.5048128366470337,
            -0.0072736553847789764
        ],
        [
            -0.5441486239433289,
            -0.48905929923057556,
            0.005793403834104538
        ],
        [
            -0.5447617769241333,
            -0.48784780502319336,
            0.017649073153734207
        ],
        [
            -0.5454233884811401,
            -0.4989575743675232,
            -0.01114320382475853
        ],
        [
            -0.5502599477767944,
            -0.5083169937133789,
            -0.019454604014754295
        ],
        [
            -0.5093656778335571,
            -0.49351322650909424,
            -0.02454768866300583
        ],
        [
            -0.5036311745643616,
            -0.49817508459091187,
            -0.03279013931751251
        ],
        [
            -0.5158035755157471,
            -0.5016527771949768,
            -0.030748732388019562
        ],
        [
            -0.5181529521942139,
            -0.49686819314956665,
            -0.022265363484621048
        ],
        [
            -0.48429957032203674,
            -0.4871908128261566,
            -0.027866587042808533
        ],
        [
            -0.4765227437019348,
            -0.4785514771938324,
            -0.01984032802283764
        ],
        [
            -0.4659562110900879,
            -0.4825271964073181,
            -0.027316121384501457
        ],
        [
            -0.4727843105792999,
            -0.49166449904441833,
            -0.03513585776090622
        ],
        [
            -0.48788198828697205,
            -0.4769432544708252,
            0.021238740533590317
        ],
        [
            -0.4828885793685913,
            -0.47297579050064087,
            0.015252627432346344
        ],
        [
            -0.4899112582206726,
            -0.4746232032775879,
            0.012114457786083221
        ],
        [
            -0.49378669261932373,
            -0.4788290858268738,
            0.018496498465538025
        ],
        [
            -0.4965088665485382,
            -0.4795430898666382,
            0.03312786668539047
        ],
        [
            -0.5008429884910583,
            -0.48408904671669006,
            0.031160976737737656
        ],
        [
            -0.5047465562820435,
            -0.4829198122024536,
            0.03812521696090698
        ],
        [
            -0.500298798084259,
            -0.4769309163093567,
            0.03967161849141121
        ],
        [
            -0.48160210251808167,
            -0.4768412709236145,
            0.025615748018026352
        ],
        [
            -0.47634050250053406,
            -0.47320806980133057,
            0.01899467408657074
        ],
        [
            -0.49217209219932556,
            -0.4798424243927002,
            0.026646122336387634
        ],
        [
            -0.4887060523033142,
            -0.4772358536720276,
            0.028948325663805008
        ],
        [
            -0.48553821444511414,
            -0.46718254685401917,
            0.03566933795809746
        ],
        [
            -0.48986300826072693,
            -0.46963950991630554,
            0.034036941826343536
        ],
        [
            -0.49215131998062134,
            -0.46543338894844055,
            0.04021865874528885
        ],
        [
            -0.48638543486595154,
            -0.46445363759994507,
            0.04055914282798767
        ],
        [
            -0.48295697569847107,
            -0.47350960969924927,
            0.02879706397652626
        ],
        [
            -0.4866577386856079,
            -0.4721684455871582,
            0.029818348586559296
        ],
        [
            -0.4833044111728668,
            -0.46970248222351074,
            0.03276751935482025
        ],
        [
            -0.4799426794052124,
            -0.4719727039337158,
            0.032401394098997116
        ],
        [
            -0.49348562955856323,
            -0.4756300747394562,
            0.034439247101545334
        ],
        [
            -0.49658793210983276,
            -0.4714539051055908,
            0.04036964848637581
        ],
        [
            -0.4991271495819092,
            -0.46742865443229675,
            0.047201305627822876
        ],
        [
            -0.4927237629890442,
            -0.4613230228424072,
            0.04711636155843735
        ],
        [
            -0.47101569175720215,
            -0.46936771273612976,
            0.0009843334555625916
        ],
        [
            -0.47759827971458435,
            -0.47000056505203247,
            0.007966842502355576
        ],
        [
            -0.47167879343032837,
            -0.4699414372444153,
            0.012245047837495804
        ],
        [
            -0.466824471950531,
            -0.46850165724754333,
            0.006067853420972824
        ],
        [
            -0.47619593143463135,
            -0.47323083877563477,
            0.029377136379480362
        ],
        [
            -0.46229928731918335,
            -0.4663204848766327,
            0.024442825466394424
        ],
        [
            -0.4659883379936218,
            -0.46725332736968994,
            0.024687711149454117
        ],
        [
            -0.46651604771614075,
            -0.46649664640426636,
            0.03196030110120773
        ],
        [
            -0.4631422758102417,
            -0.4655011296272278,
            0.031079493463039398
        ],
        [
            -0.4562186002731323,
            -0.4696766138076782,
            -0.00884045660495758
        ],
        [
            -0.4550818204879761,
            -0.46724987030029297,
            -0.0018897727131843567
        ],
        [
            -0.4479220509529114,
            -0.4668954610824585,
            -0.0041416119784116745
        ],
        [
            -0.44736170768737793,
            -0.4702310264110565,
            -0.010999631136655807
        ],
        [
            -0.4415297508239746,
            -0.4668029248714447,
            -0.002664368599653244
        ],
        [
            -0.4385826587677002,
            -0.47063881158828735,
            -0.011741217225790024
        ],
        [
            -0.4223666191101074,
            -0.46851611137390137,
            -0.005139857530593872
        ],
        [
            -0.4297412633895874,
            -0.4694494605064392,
            -0.008626028895378113
        ],
        [
            -0.4351692795753479,
            -0.4657965898513794,
            0.00048534199595451355
        ],
        [
            -0.429747611284256,
            -0.46339839696884155,
            0.006246782839298248
        ],
        [
            -0.43366193771362305,
            -0.4622519910335541,
            0.020717937499284744
        ],
        [
            -0.43183717131614685,
            -0.461803138256073,
            0.027028478682041168
        ],
        [
            -0.4205613136291504,
            -0.4575307071208954,
            0.0207294300198555
        ],
        [
            -0.42448756098747253,
            -0.4598046541213989,
            0.014053750783205032
        ],
        [
            -0.4549627900123596,
            -0.4676642417907715,
            0.02232622355222702
        ],
        [
            -0.45521080493927,
            -0.46857982873916626,
            0.017535995692014694
        ],
        [
            -0.4572961628437042,
            -0.4669833481311798,
            0.01838536560535431
        ],
        [
            -0.45826593041419983,
            -0.46614035964012146,
            0.02358594909310341
        ],
        [
            -0.4553235173225403,
            -0.46852588653564453,
            0.013464432209730148
        ],
        [
            -0.45525825023651123,
            -0.4683886170387268,
            0.011615484952926636
        ],
        [
            -0.4567350745201111,
            -0.46792322397232056,
            0.012438282370567322
        ],
        [
            -0.45626699924468994,
            -0.4681894779205322,
            0.013683900237083435
        ],
        [
            -0.4556483030319214,
            -0.4683399796485901,
            0.015769299119710922
        ],
        [
            -0.45371463894844055,
            -0.4677125811576843,
            0.016690880060195923
        ],
        [
            -0.4545450806617737,
            -0.46818214654922485,
            0.014467541128396988
        ],
        [
            -0.4528588652610779,
            -0.4663304388523102,
            0.021013665944337845
        ],
        [
            -0.45044177770614624,
            -0.4638725817203522,
            0.03552012890577316
        ],
        [
            -0.45097219944000244,
            -0.4634370505809784,
            0.03154122456908226
        ],
        [
            -0.45447415113449097,
            -0.46645820140838623,
            0.0329103022813797
        ],
        [
            -0.45441240072250366,
            -0.4670328199863434,
            0.03632385656237602
        ],
        [
            -0.45914751291275024,
            -0.4679584205150604,
            0.014723259955644608
        ],
        [
            -0.46059882640838623,
            -0.46781331300735474,
            0.012615390121936798
        ],
        [
            -0.46321627497673035,
            -0.46726152300834656,
            0.01780819147825241
        ],
        [
            -0.4601849913597107,
            -0.4673801064491272,
            0.018360305577516556
        ],
        [
            -0.4630909562110901,
            -0.4673519730567932,
            0.010132625699043274
        ],
        [
            -0.45833420753479004,
            -0.4679749011993408,
            0.010242320597171783
        ],
        [
            -0.4599531590938568,
            -0.46786579489707947,
            0.007246933877468109
        ],
        [
            -0.45350998640060425,
            -0.4679785966873169,
            0.011980962008237839
        ],
        [
            -0.4521949887275696,
            -0.46745800971984863,
            0.008719854056835175
        ],
        [
            -0.4550732374191284,
            -0.46728891134262085,
            0.00884491577744484
        ],
        [
            -0.4487287998199463,
            -0.466901034116745,
            0.010489407926797867
        ],
        [
            -0.4513881802558899,
            -0.46744799613952637,
            0.014531556516885757
        ],
        [
            -0.44954246282577515,
            -0.4658315181732178,
            0.01874997466802597
        ],
        [
            -0.44787558913230896,
            -0.46400555968284607,
            0.024186596274375916
        ],
        [
            -0.44297629594802856,
            -0.4639939069747925,
            0.02023717761039734
        ],
        [
            -0.4455757737159729,
            -0.4654969573020935,
            0.014610368758440018
        ],
        [
            -0.46755218505859375,
            -0.46877866983413696,
            0.01594885066151619
        ],
        [
            -0.4549793004989624,
            -0.467037558555603,
            0.004150938242673874
        ],
        [
            -0.46184492111206055,
            -0.4683080315589905,
            0.001761559396982193
        ],
        [
            -0.45013532042503357,
            -0.46639323234558105,
            0.003350529819726944
        ],
        [
            -0.4452582597732544,
            -0.46602457761764526,
            0.004707101732492447
        ],
        [
            -0.4406757056713104,
            -0.4655763506889343,
            0.008991874754428864
        ],
        [
            -0.4368458390235901,
            -0.4635849893093109,
            0.01454923301935196
        ],
        [
            -0.40901821851730347,
            -0.4633804261684418,
            0.01268085464835167
        ],
        [
            -0.4151436686515808,
            -0.4652573764324188,
            0.004683155566453934
        ],
        [
            -0.5358958840370178,
            -0.48823344707489014,
            0.017531324177980423
        ],
        [
            -0.5366657972335815,
            -0.48698869347572327,
            0.008508700877428055
        ],
        [
            -0.5278107523918152,
            -0.488143652677536,
            0.005224578082561493
        ],
        [
            -0.5299698114395142,
            -0.48803213238716125,
            0.0038772262632846832
        ],
        [
            -0.5315037369728088,
            -0.4882071316242218,
            0.010091520845890045
        ],
        [
            -0.5283783078193665,
            -0.48795828223228455,
            0.009987063705921173
        ],
        [
            -0.5200913548469543,
            -0.4941951632499695,
            -0.014315934851765633
        ],
        [
            -0.5217739343643188,
            -0.4924541115760803,
            -0.007877252995967865
        ],
        [
            -0.5177299976348877,
            -0.492742657661438,
            -0.008916113525629044
        ],
        [
            -0.5139082074165344,
            -0.49219781160354614,
            -0.016494862735271454
        ],
        [
            -0.5107663869857788,
            -0.48723655939102173,
            -3.6694109439849854e-05
        ],
        [
            -0.5120689272880554,
            -0.488932341337204,
            -0.005008600652217865
        ],
        [
            -0.5183138847351074,
            -0.48975950479507446,
            1.5508383512496948e-05
        ],
        [
            -0.5173298120498657,
            -0.48860833048820496,
            0.0036881864070892334
        ],
        [
            -0.5166072845458984,
            -0.4882228970527649,
            0.007816478610038757
        ],
        [
            -0.5158484578132629,
            -0.4888988733291626,
            0.012253616005182266
        ],
        [
            -0.5108519792556763,
            -0.4875185787677765,
            0.010995842516422272
        ],
        [
            -0.5106654167175293,
            -0.486877977848053,
            0.005627136677503586
        ],
        [
            -0.5313796401023865,
            -0.4899350702762604,
            0.016420532017946243
        ],
        [
            -0.5286522507667542,
            -0.49261218309402466,
            0.022967182099819183
        ],
        [
            -0.5260632038116455,
            -0.4917905330657959,
            0.02091537043452263
        ],
        [
            -0.52823805809021,
            -0.4890696406364441,
            0.015753354877233505
        ],
        [
            -0.5160298347473145,
            -0.4980602562427521,
            0.02731025591492653
        ],
        [
            -0.5189087390899658,
            -0.49736854434013367,
            0.026936981827020645
        ],
        [
            -0.5197365283966064,
            -0.4981989562511444,
            0.030798204243183136
        ],
        [
            -0.5150266885757446,
            -0.497845858335495,
            0.030747342854738235
        ],
        [
            -0.5128307342529297,
            -0.495871901512146,
            0.02830711007118225
        ],
        [
            -0.5148745179176331,
            -0.4966064393520355,
            0.026091650128364563
        ],
        [
            -0.5848599672317505,
            -0.5135191082954407,
            0.01829613745212555
        ],
        [
            -0.5711346864700317,
            -0.5030754208564758,
            0.024189893156290054
        ],
        [
            -0.5794306993484497,
            -0.5160237550735474,
            -0.0010339953005313873
        ],
        [
            -0.5682817697525024,
            -0.5194346904754639,
            -0.015839293599128723
        ],
        [
            -0.555033266544342,
            -0.5198364853858948,
            -0.02850273810327053
        ],
        [
            -0.46012061834335327,
            -0.4748290479183197,
            -0.017919374629855156
        ],
        [
            -0.45034700632095337,
            -0.47689396142959595,
            -0.02248348481953144
        ],
        [
            -0.4557783901691437,
            -0.4873776435852051,
            -0.034007325768470764
        ],
        [
            -0.4441588819026947,
            -0.48844024538993835,
            -0.035292115062475204
        ],
        [
            -0.4389289319515228,
            -0.47755590081214905,
            -0.023131614550948143
        ],
        [
            -0.4167795479297638,
            -0.477331280708313,
            -0.014059867709875107
        ],
        [
            -0.4273418188095093,
            -0.4772513210773468,
            -0.020385906100273132
        ],
        [
            -0.4318821132183075,
            -0.4907025098800659,
            -0.0344986617565155
        ],
        [
            -0.4413606524467468,
            -0.5052551627159119,
            -0.047382205724716187
        ],
        [
            -0.4517066478729248,
            -0.5006540417671204,
            -0.0452255979180336
        ],
        [
            -0.45367181301116943,
            -0.5203186273574829,
            -0.054766908288002014
        ],
        [
            -0.42962026596069336,
            -0.513709306716919,
            -0.04918573424220085
        ],
        [
            -0.4494343400001526,
            -0.5287911295890808,
            -0.056336235255002975
        ],
        [
            -0.3967905044555664,
            -0.5034686326980591,
            -0.03583793342113495
        ],
        [
            -0.38859573006629944,
            -0.5030707120895386,
            -0.03968583792448044
        ],
        [
            -0.3935803771018982,
            -0.5135599970817566,
            -0.05481748282909393
        ],
        [
            -0.4023309051990509,
            -0.5137696266174316,
            -0.05125594884157181
        ],
        [
            -0.46157950162887573,
            -0.4961278736591339,
            -0.04192047193646431
        ],
        [
            -0.5241872072219849,
            -0.5101757049560547,
            -0.0350002758204937
        ],
        [
            -0.5263870358467102,
            -0.5025696754455566,
            -0.026455411687493324
        ],
        [
            -0.511695384979248,
            -0.5092188119888306,
            -0.039264168590307236
        ],
        [
            -0.5755903124809265,
            -0.5469475388526917,
            -0.03878167271614075
        ],
        [
            -0.5743458271026611,
            -0.5326923131942749,
            -0.026351455599069595
        ],
        [
            -0.5602880120277405,
            -0.5309352278709412,
            -0.03757172077894211
        ],
        [
            -0.5631539821624756,
            -0.5446497201919556,
            -0.047213517129421234
        ],
        [
            -0.6044166684150696,
            -0.5607688426971436,
            -0.006370089948177338
        ],
        [
            -0.5980695486068726,
            -0.5355523824691772,
            0.005367439240217209
        ],
        [
            -0.5881627798080444,
            -0.534887969493866,
            -0.009554114192724228
        ],
        [
            -0.5931209325790405,
            -0.5537834763526917,
            -0.021328385919332504
        ],
        [
            -0.560613751411438,
            -0.5554094910621643,
            -0.05452718585729599
        ],
        [
            -0.55743008852005,
            -0.5717365145683289,
            -0.06325187534093857
        ],
        [
            -0.5694212913513184,
            -0.5840193629264832,
            -0.06050311401486397
        ],
        [
            -0.5760377645492554,
            -0.5652199387550354,
            -0.04957568645477295
        ],
        [
            -0.5837851166725159,
            -0.600742518901825,
            -0.05057927593588829
        ],
        [
            -0.5917249321937561,
            -0.5787952542304993,
            -0.0368267223238945
        ],
        [
            -0.43358251452445984,
            -0.5344515442848206,
            -0.05861339718103409
        ],
        [
            -0.45087361335754395,
            -0.5426084399223328,
            -0.06032736599445343
        ],
        [
            -0.4140781760215759,
            -0.5129721760749817,
            -0.04706300422549248
        ],
        [
            -0.4185994267463684,
            -0.5288596749305725,
            -0.05853619799017906
        ],
        [
            -0.5924567580223083,
            -0.6167638897895813,
            -0.03500019386410713
        ],
        [
            -0.6029537916183472,
            -0.5910167098045349,
            -0.019524049013853073
        ],
        [
            -0.521664023399353,
            -0.6110350489616394,
            -0.07739953696727753
        ],
        [
            -0.5408860445022583,
            -0.6084161996841431,
            -0.07446007430553436
        ],
        [
            -0.534302294254303,
            -0.5886407494544983,
            -0.07433658093214035
        ],
        [
