{
    "pred_cam": [
        2.766557216644287,
        0.09667401015758514,
        0.3852897882461548
    ],
    "pred_smpl_params": {
        "global_orient": [
            [
                [
                    -0.5673558115959167,
                    -0.294094443321228,
                    -0.7691656947135925
                ],
                [
                    0.4852294921875,
                    -0.8740652203559875,
                    -0.023714078590273857
                ],
                [
                    -0.6653267741203308,
                    -0.38667619228363037,
                    0.6386092901229858
                ]
            ]
        ],
        "body_pose": [
            [
                [
                    0.9995622634887695,
                    0.001558927702717483,
                    -0.029544781893491745
                ],
                [
                    0.016158856451511383,
                    0.8077459335327148,
                    0.5893092751502991
                ],
                [
                    0.02478337660431862,
                    -0.5895286798477173,
                    0.8073671460151672
                ]
            ],
            [
                [
                    0.9905160069465637,
                    0.12810002267360687,
                    0.04968232661485672
                ],
                [
                    -0.1321992129087448,
                    0.7900378108024597,
                    0.5986347198486328
                ],
                [
                    0.037434209138154984,
                    -0.5995252728462219,
                    0.7994798421859741
                ]
            ],
            [
                [
                    0.9965224266052246,
                    0.035238467156887054,
                    0.07550648599863052
                ],
                [
                    0.009034729562699795,
                    0.855135440826416,
                    -0.5183258652687073
                ],
                [
                    -0.08283328264951706,
                    0.5172055959701538,
                    0.8518432974815369
                ]
            ],
            [
                [
                    0.9894803166389465,
                    0.1426454484462738,
                    0.024104222655296326
                ],
                [
                    -0.08519710600376129,
                    0.7092345952987671,
                    -0.6998053789138794
                ],
                [
                    -0.11691964417695999,
                    0.6903900504112244,
                    0.7139266729354858
                ]
            ],
            [
                [
                    0.9936302304267883,
                    -0.10736729204654694,
                    0.03422292694449425
                ],
                [
                    0.09905547648668289,
                    0.6873611211776733,
                    -0.7195294499397278
                ],
                [
                    0.053730420768260956,
                    0.7183361649513245,
                    0.69361811876297
                ]
            ],
            [
                [
                    0.9956371784210205,
                    -0.04023809731006622,
                    0.08418720960617065
                ],
                [
                    0.04511285573244095,
                    0.997364342212677,
                    -0.056825630366802216
                ],
                [
                    -0.08167877048254013,
                    0.0603756383061409,
                    0.9948282837867737
                ]
            ],
            [
                [
                    0.9734218716621399,
                    0.016253752633929253,
                    0.22844161093235016
                ],
                [
                    -0.037077806890010834,
                    0.995503842830658,
                    0.08716320246458054
                ],
                [
                    -0.22599776089191437,
                    -0.0933167040348053,
                    0.9696478843688965
                ]
            ],
            [
                [
                    0.98292475938797,
                    -0.010967524722218513,
                    -0.18368101119995117
                ],
                [
                    0.023410983383655548,
                    0.9975638389587402,
                    0.06571406126022339
                ],
                [
                    0.1825128197669983,
                    -0.06889212131500244,
                    0.9807869791984558
                ]
            ],
            [
                [
                    0.9982653260231018,
                    -0.014802592806518078,
                    0.056983985006809235
                ],
                [
                    0.021517401561141014,
                    0.9926502108573914,
                    -0.11909108608961105
                ],
                [
                    -0.0548023022711277,
                    0.1201106607913971,
                    0.9912468194961548
                ]
            ],
            [
                [
                    0.9891254305839539,
                    -0.12836091220378876,
                    0.07179339975118637
                ],
                [
                    0.12430883198976517,
                    0.9905273914337158,
                    0.058333199471235275
                ],
                [
                    -0.07860103249549866,
                    -0.048774298280477524,
                    0.9957122206687927
                ]
            ],
            [
                [
                    0.9927459359169006,
                    0.107036292552948,
                    -0.05476004630327225
                ],
                [
                    -0.09941194951534271,
                    0.9869278073310852,
                    0.12684942781925201
                ],
                [
                    0.06762170791625977,
                    -0.12048546969890594,
                    0.990409255027771
                ]
            ],
            [
                [
                    0.9838138818740845,
                    0.10170084238052368,
                    0.14753706753253937
                ],
                [
                    -0.06349675357341766,
                    0.9677708745002747,
                    -0.24369566142559052
                ],
                [
                    -0.16756615042686462,
                    0.230383038520813,
                    0.9585641026496887
                ]
            ],
            [
                [
                    0.9542534351348877,
                    -0.01104497816413641,
                    -0.29879486560821533
                ],
                [
                    0.059655867516994476,
                    0.9862582683563232,
                    0.15406426787376404
                ],
                [
                    0.29298725724220276,
                    -0.16484123468399048,
                    0.9417992234230042
                ]
            ],
            [
                [
                    0.9348192811012268,
                    -0.17308266460895538,
                    0.31008926033973694
                ],
                [
                    0.14651627838611603,
                    0.9833828806877136,
                    0.10719594359397888
                ],
                [
                    -0.3234902620315552,
                    -0.05477570369839668,
                    0.9446446895599365
                ]
            ],
            [
                [
                    0.9994030594825745,
                    0.03360208868980408,
                    -0.008024358190596104
                ],
                [
                    -0.03383835405111313,
                    0.998934268951416,
                    -0.031389862298965454
                ],
                [
                    0.006961041130125523,
                    0.03164265677332878,
                    0.9994750022888184
                ]
            ],
            [
                [
                    0.6209769248962402,
                    0.6021701693534851,
                    -0.5017756223678589
                ],
                [
                    -0.5573020577430725,
                    0.7893452048301697,
                    0.2575821578502655
                ],
                [
                    0.5511825084686279,
                    0.11968803405761719,
                    0.8257558345794678
                ]
            ],
            [
                [
                    0.5463831424713135,
                    -0.6882994771003723,
                    0.47718894481658936
                ],
                [
                    0.6740158796310425,
                    0.6995639204978943,
                    0.23730340600013733
                ],
                [
                    -0.4971599876880646,
                    0.19197435677051544,
                    0.8461546897888184
                ]
            ],
            [
                [
                    -0.1226087436079979,
                    -0.34489235281944275,
                    -0.9306000471115112
                ],
                [
                    0.25523802638053894,
                    0.8951770663261414,
                    -0.3653923571109772
                ],
                [
                    0.9590728282928467,
                    -0.28232479095458984,
                    -0.02172688953578472
                ]
            ],
            [
                [
                    0.25520631670951843,
                    0.30397889018058777,
                    0.9178597331047058
                ],
                [
                    -0.29274046421051025,
                    0.9290310144424438,
                    -0.22628362476825714
                ],
                [
                    -0.9215057492256165,
                    -0.21094566583633423,
                    0.3260815143585205
                ]
            ],
            [
                [
                    0.9672840237617493,
                    -0.2535797953605652,
                    -0.007674077991396189
                ],
                [
                    0.2534673511981964,
                    0.9672541618347168,
                    -0.01318428199738264
                ],
                [
                    0.010766050778329372,
                    0.010807817801833153,
                    0.9998837113380432
                ]
            ],
            [
                [
                    0.978302001953125,
                    0.20714521408081055,
                    -0.004008911084383726
                ],
                [
                    -0.20715230703353882,
                    0.9783076047897339,
                    -0.0014345616800710559
                ],
                [
                    0.00362478569149971,
                    0.00223388965241611,
                    0.9999908804893494
                ]
            ],
            [
                [
                    0.9808369874954224,
                    0.16859181225299835,
                    -0.09765050560235977
                ],
                [
                    -0.15811903774738312,
                    0.9816495180130005,
                    0.10659516602754593
                ],
                [
                    0.11382964998483658,
                    -0.08911208063364029,
                    0.9894957542419434
                ]
            ],
            [
                [
                    0.9806753993034363,
                    -0.19397354125976562,
                    0.02549481764435768
                ],
                [
                    0.1880594938993454,
                    0.9705573916435242,
                    0.15050575137138367
                ],
                [
                    -0.05393831431865692,
                    -0.14280274510383606,
                    0.9882802963256836
                ]
            ]
        ],
        "betas": [
            0.13447174429893494,
            0.07180607318878174,
            -0.20531176030635834,
            0.06670275330543518,
            0.03858417272567749,
            -0.15213623642921448,
            0.07989883422851562,
            -0.0034047961235046387,
            0.0550733357667923,
            -0.06972208619117737
        ]
    },
    "pred_cam_t": [
        0.09667401015758514,
        0.3852897882461548,
        14.119534492492676
    ],
    "focal_length": [
        5000.0,
        5000.0
    ],
    "pred_keypoints_3d": [
        [
            -0.45693734288215637,
            -0.5396877527236938,
            0.06839492172002792
        ],
        [
            -0.2936229109764099,
            -0.6132532954216003,
            -0.011729149147868156
        ],
        [
            -0.16358567774295807,
            -0.6092928647994995,
            0.13563847541809082
        ],
        [
            -0.06685107946395874,
            -0.4016417860984802,
            0.25318285822868347
        ],
        [
            -0.28583574295043945,
            -0.288615345954895,
            0.3313431143760681
        ],
        [
            -0.3422701954841614,
            -0.4996948838233948,
            -0.14657406508922577
        ],
        [
            -0.3972773849964142,
            -0.24168455600738525,
            -0.15733960270881653
        ],
        [
            -0.5052109956741333,
            -0.3182812035083771,
            0.05779372155666351
        ],
        [
            -0.0019863382913172245,
            -0.22424259781837463,
            0.027514226734638214
        ],
        [
            0.06618254631757736,
            -0.1776013821363449,
            0.10414648801088333
        ],
        [
            0.034480106085538864,
            0.040515705943107605,
            0.4232198894023895
        ],
        [
            0.22429877519607544,
            0.3892611861228943,
            0.5005039572715759
        ],
        [
            -0.008826090022921562,
            -0.11079762876033783,
            0.01269650086760521
        ],
        [
            -0.10813555121421814,
            0.169443741440773,
            0.24941542744636536
        ],
        [
            0.11855562031269073,
            0.47879743576049805,
            0.3771076202392578
        ],
        [
            -0.46368592977523804,
            -0.5977168083190918,
            0.08878514915704727
        ],
        [
            -0.4856410026550293,
            -0.5765601992607117,
            0.028745245188474655
        ],
        [
            -0.3945547938346863,
            -0.6784094572067261,
            0.08499725908041
        ],
        [
            -0.44494786858558655,
            -0.631051778793335,
            -0.04936552047729492
        ],
        [
            -0.024257808923721313,
            0.555847704410553,
            0.4989587068557739
        ],
        [
            -0.002077847719192505,
            0.589658260345459,
            0.4248824715614319
        ],
        [
            0.18102389574050903,
            0.5012111663818359,
            0.35503941774368286
        ],
        [
            0.11515399813652039,
            0.42621079087257385,
            0.6667484641075134
        ],
        [
            0.1989133358001709,
            0.39880985021591187,
            0.6695852279663086
        ],
        [
            0.2817082405090332,
            0.42799025774002075,
            0.47263896465301514
        ],
        [
            0.23506303131580353,
            0.33405348658561707,
            0.4782257378101349
        ],
        [
            0.030259963124990463,
            -0.002115100622177124,
            0.38036632537841797
        ],
        [
            0.09022154659032822,
            -0.32259315252304077,
            0.09875965118408203
        ],
        [
            -0.0623161718249321,
            -0.1645776629447937,
            -0.1006322056055069
        ],
        [
            -0.11360239237546921,
            0.142442524433136,
            0.21852047741413116
        ],
        [
            0.11737453192472458,
            0.45162713527679443,
            0.34311002492904663
        ],
        [
            -0.28880852460861206,
            -0.3185238540172577,
            0.3084489107131958
        ],
        [
            -0.09138340502977371,
            -0.42989248037338257,
            0.27483460307121277
        ],
        [
            -0.19420388340950012,
            -0.6182259321212769,
            0.10703671723604202
        ],
        [
            -0.3395769000053406,
            -0.5261915922164917,
            -0.13340365886688232
        ],
        [
            -0.4309646785259247,
            -0.2795092463493347,
            -0.1606956422328949
        ],
        [
            -0.5016033053398132,
            -0.33390185236930847,
            0.040663205087184906
        ],
        [
            -0.29474204778671265,
            -0.6083386540412903,
            -0.009623415768146515
        ],
        [
            -0.473382830619812,
            -0.6688525080680847,
            0.026894234120845795
        ],
        [
            0.01398434303700924,
            -0.24393151700496674,
            -0.00129930570255965
        ],
        [
            -0.2623309791088104,
            -0.5697258710861206,
            -0.011809980496764183
        ],
        [
            -0.11490677297115326,
            -0.45211365818977356,
            -0.040147703140974045
        ],
        [
            -0.39909544587135315,
            -0.5817375779151917,
            0.02725082077085972
        ],
        [
            -0.4832800030708313,
            -0.6882529854774475,
            0.028839219361543655
        ]
    ],
    "pred_vertices": [
        [
            -0.5290946364402771,
            -0.599008321762085,
            0.023676607757806778
        ],
        [
            -0.5181055068969727,
            -0.5880988836288452,
            0.030154649168252945
        ],
        [
            -0.5150305032730103,
            -0.5894156694412231,
            0.015891462564468384
        ],
        [
            -0.520947277545929,
            -0.6005038022994995,
            0.0083139818161726
        ],
        [
            -0.5085695385932922,
            -0.5811323523521423,
            0.021321501582860947
        ],
        [
            -0.5098499059677124,
            -0.5798927545547485,
            0.033045344054698944
        ],
        [
            -0.5072469711303711,
            -0.5914478898048401,
            0.004638485610485077
        ],
        [
            -0.5096157193183899,
            -0.6018328666687012,
            -0.0035507958382368088
        ],
        [
            -0.47282880544662476,
            -0.5789770483970642,
            -0.008329727686941624
        ],
        [
            -0.465839147567749,
            -0.5825560092926025,
            -0.016317572444677353
        ],
        [
            -0.4770808815956116,
            -0.588442325592041,
            -0.014252875000238419
        ],
        [
            -0.4807059168815613,
            -0.5839810371398926,
            -0.006006074137985706
        ],
        [
            -0.4495622515678406,
            -0.5674425363540649,
            -0.011252322234213352
        ],
        [
            -0.44411203265190125,
            -0.5571175217628479,
            -0.003372437320649624
        ],
        [
            -0.43268436193466187,
            -0.5589137077331543,
            -0.010409602895379066
        ],
        [
            -0.4371086657047272,
            -0.5695180296897888,
            -0.018040072172880173
        ],
        [
            -0.45682987570762634,
            -0.5567794442176819,
            0.03736404702067375
        ],
        [
            -0.45262399315834045,
            -0.552003800868988,
            0.03136148676276207
        ],
        [
            -0.45898744463920593,
            -0.555292010307312,
            0.02811940386891365
        ],
        [
            -0.46209073066711426,
            -0.5600032806396484,
            0.034560516476631165
        ],
        [
            -0.4650905728340149,
            -0.5607050657272339,
            0.049209244549274445
        ],
        [
            -0.4682721495628357,
            -0.5661448836326599,
            0.04732736200094223
        ],
        [
            -0.4725393056869507,
            -0.5656473636627197,
            0.0541665218770504
        ],
        [
            -0.46955302357673645,
            -0.5587639808654785,
            0.055595021694898605
        ],
        [
            -0.4508781433105469,
            -0.5551570653915405,
            0.0418461374938488
        ],
        [
            -0.4463251233100891,
            -0.5506826639175415,
            0.03521116450428963
        ],
        [
            -0.46063268184661865,
            -0.5603156089782715,
            0.04277265444397926
        ],
        [
            -0.4578213095664978,
            -0.5569266676902771,
            0.04510213062167168
        ],
        [
            -0.4571302533149719,
            -0.5460938215255737,
            0.051514916121959686
        ],
        [
            -0.46074146032333374,
            -0.5495094656944275,
            0.04988853633403778
        ],
        [
            -0.4641101062297821,
            -0.5457075238227844,
            0.05586664006114006
        ],
        [
            -0.458717942237854,
            -0.5434633493423462,
            0.05629824846982956
        ],
        [
            -0.4529934525489807,
            -0.552017092704773,
            0.04488169401884079
        ],
        [
            -0.4569430351257324,
            -0.5514573454856873,
            0.04578408598899841
        ],
        [
            -0.45429909229278564,
            -0.54820716381073,
            0.048702359199523926
        ],
        [
            -0.4504992961883545,
            -0.5497323870658875,
            0.048482414335012436
        ],
        [
            -0.46301591396331787,
            -0.5562093257904053,
            0.05040079355239868
        ],
        [
            -0.46714067459106445,
            -0.5525875091552734,
            0.056133829057216644
        ],
        [
            -0.47070667147636414,
            -0.548976480960846,
            0.06281185150146484
        ],
        [
            -0.46577930450439453,
            -0.5415704250335693,
            0.06265288591384888
        ],
        [
            -0.4413854479789734,
            -0.546356201171875,
            0.01720573753118515
        ],
        [
            -0.4478985667228699,
            -0.5482290983200073,
            0.024025700986385345
        ],
        [
            -0.44226962327957153,
            -0.5467219948768616,
            0.02845001593232155
        ],
        [
            -0.43764692544937134,
            -0.5444833636283875,
            0.022327624261379242
        ],
        [
            -0.4464592933654785,
            -0.5502836108207703,
            0.045612163841724396
        ],
        [
            -0.43426457047462463,
            -0.5405768156051636,
            0.040743909776210785
        ],
        [
            -0.4376642405986786,
            -0.5423014163970947,
            0.04096025228500366
        ],
        [
            -0.43856143951416016,
            -0.5414309501647949,
            0.04820041358470917
        ],
        [
            -0.4354608654975891,
            -0.5397430658340454,
            0.0473497249186039
        ],
        [
            -0.4265221357345581,
            -0.5437688827514648,
            0.007770897820591927
        ],
        [
            -0.426147997379303,
            -0.5409863591194153,
            0.01464804820716381
        ],
        [
            -0.4191484749317169,
            -0.5391082167625427,
            0.012551795691251755
        ],
        [
            -0.41764283180236816,
            -0.5424204468727112,
            0.005857797339558601
        ],
        [
            -0.4129024147987366,
            -0.5375444889068604,
            0.014220915734767914
        ],
        [
            -0.4089027941226959,
            -0.540911078453064,
            0.005318682640790939
        ],
        [
            -0.3937014937400818,
            -0.5350760221481323,
            0.012095710262656212
        ],
        [
            -0.4005967378616333,
            -0.5377179384231567,
            0.008545419201254845
        ],
        [
            -0.40699338912963867,
            -0.5350387096405029,
            0.017427964136004448
        ],
        [
            -0.4023842215538025,
            -0.53130042552948,
            0.023189719766378403
        ],
        [
            -0.40706437826156616,
            -0.5306107997894287,
            0.037398144602775574
        ],
        [
            -0.40554749965667725,
            -0.5295537114143372,
            0.04375416412949562
        ],
        [
            -0.3952663242816925,
            -0.5230848789215088,
            0.03756997361779213
        ],
        [
            -0.39827659726142883,
            -0.526371419429779,
            0.031002234667539597
        ],
        [
            -0.42679113149642944,
            -0.5404092073440552,
            0.03877633437514305
        ],
        [
            -0.42668256163597107,
            -0.5415483713150024,
            0.03400609642267227
        ],
        [
            -0.42909252643585205,
            -0.5404320359230042,
            0.03476148471236229
        ],
        [
            -0.43040090799331665,
            -0.5396096110343933,
            0.03989936038851738
        ],
        [
            -0.42666375637054443,
            -0.5417411923408508,
            0.029948610812425613
        ],
        [
            -0.42656004428863525,
            -0.5416790843009949,
            0.028107449412345886
        ],
        [
            -0.4281350374221802,
            -0.5415241122245789,
            0.028881289064884186
        ],
        [
            -0.4276776909828186,
            -0.5416387915611267,
            0.03006121516227722
        ],
        [
            -0.4271082878112793,
            -0.5415482521057129,
            0.03216269612312317
        ],
        [
            -0.4253859519958496,
            -0.5404409766197205,
            0.033093590289354324
        ],
        [
            -0.42600712180137634,
            -0.5411622524261475,
            0.030937504023313522
        ],
        [
            -0.42499223351478577,
            -0.5387213230133057,
            0.037387680262327194
        ],
        [
            -0.42349255084991455,
            -0.5352553129196167,
            0.051980212330818176
        ],
        [
            -0.4240490198135376,
            -0.5351136922836304,
            0.047912970185279846
        ],
        [
            -0.4268576502799988,
            -0.5387862920761108,
            0.049321260303258896
        ],
        [
            -0.42671698331832886,
            -0.5391651391983032,
            0.05284501612186432
        ],
        [
            -0.4305284023284912,
            -0.5419487357139587,
            0.031084243208169937
        ],
        [
            -0.431917279958725,
            -0.5422164797782898,
            0.02898898720741272
        ],
        [
            -0.43476247787475586,
            -0.5420287847518921,
            0.03408478945493698
        ],
        [
            -0.43180781602859497,
            -0.5414435267448425,
            0.03470221906900406
        ],
        [
            -0.43435949087142944,
            -0.542448878288269,
            0.026413220912218094
        ],
        [
            -0.4295969605445862,
            -0.542010486125946,
            0.026659604161977768
        ],
        [
            -0.4310420751571655,
            -0.5423300266265869,
            0.023698486387729645
        ],
        [
            -0.42495477199554443,
            -0.540850818157196,
            0.02848280966281891
        ],
        [
            -0.42365556955337524,
            -0.54019695520401,
            0.02526085451245308
        ],
        [
            -0.4265076518058777,
            -0.5406990647315979,
            0.02532079815864563
        ],
        [
            -0.42046451568603516,
            -0.5387789011001587,
            0.027048569172620773
        ],
        [
            -0.42309191823005676,
            -0.5397346019744873,
            0.031039003282785416
        ],
        [
            -0.4217735528945923,
            -0.537577748298645,
            0.0352376326918602
        ],
        [
            -0.42070671916007996,
            -0.5352315306663513,
            0.040640197694301605
        ],
        [
            -0.41578879952430725,
            -0.534302830696106,
            0.03678780421614647
        ],
        [
            -0.4178274869918823,
            -0.5365389585494995,
            0.031173139810562134
        ],
        [
            -0.43855220079421997,
            -0.5445231199264526,
            0.032228805124759674
        ],
        [
            -0.4263041019439697,
            -0.5405835509300232,
            0.020631864666938782
        ],
        [
            -0.4326598048210144,
            -0.5433897972106934,
            0.018143851310014725
        ],
        [
            -0.4216794967651367,
            -0.5389071106910706,
            0.019914476200938225
        ],
        [
            -0.4170391857624054,
            -0.5373777747154236,
            0.021348528563976288
        ],
        [
            -0.41274142265319824,
            -0.5357251763343811,
            0.025815315544605255
        ],
        [
            -0.4096974730491638,
            -0.5328018665313721,
            0.031230993568897247
        ],
        [
            -0.3824659287929535,
            -0.5265829563140869,
            0.029972657561302185
        ],
        [
            -0.38763582706451416,
            -0.5299736261367798,
            0.022007744759321213
        ],
        [
            -0.5011164546012878,
            -0.5783314108848572,
            0.03301993012428284
        ],
        [
            -0.5018668174743652,
            -0.5775813460350037,
            0.02399299666285515
        ],
        [
            -0.49293801188468933,
            -0.5768226385116577,
            0.0209038183093071
        ],
        [
            -0.49506819248199463,
            -0.5773310661315918,
            0.019479788839817047
        ],
        [
            -0.49663692712783813,
            -0.5775821805000305,
            0.025691688060760498
        ],
        [
            -0.493679404258728,
            -0.5765853524208069,
            0.02561727911233902
        ],
        [
            -0.48346468806266785,
            -0.5816248655319214,
            0.001696266233921051
        ],
        [
            -0.4857189953327179,
            -0.5800958871841431,
            0.008024508133530617
        ],
        [
            -0.48166540265083313,
            -0.5795449018478394,
            0.007118191570043564
        ],
        [
            -0.477775514125824,
            -0.5784285664558411,
            -0.000391300767660141
        ],
        [
            -0.4763405919075012,
            -0.572370707988739,
            0.015968218445777893
        ],
        [
            -0.4770623743534088,
            -0.5744794607162476,
            0.011034773662686348
        ],
        [
            -0.48314857482910156,
            -0.5765202045440674,
            0.015894830226898193
        ],
        [
            -0.4825776219367981,
            -0.5750452876091003,
            0.019547931849956512
        ],
        [
            -0.48209643363952637,
            -0.5743520855903625,
            0.023696675896644592
        ],
        [
            -0.48131391406059265,
            -0.5746923685073853,
            0.028247017413377762
        ],
        [
            -0.47672605514526367,
            -0.5722909569740295,
            0.027023322880268097
        ],
        [
            -0.47651299834251404,
            -0.5717960000038147,
            0.02159864827990532
        ],
        [
            -0.4963058829307556,
            -0.5791163444519043,
            0.032010629773139954
        ],
        [
            -0.4933224320411682,
            -0.5808923840522766,
            0.03875675052404404
        ],
        [
            -0.4908909797668457,
            -0.5795544385910034,
            0.036711305379867554
        ],
        [
            -0.493440181016922,
            -0.5775672197341919,
            0.031376369297504425
        ],
        [
            -0.4799345135688782,
            -0.5832518339157104,
            0.04359391704201698
        ],
        [
            -0.4828992187976837,
            -0.583220362663269,
            0.043120257556438446
        ],
        [
            -0.48365139961242676,
            -0.5840447545051575,
            0.04697149246931076
        ],
        [
            -0.4791043996810913,
            -0.5826861262321472,
            0.04703906923532486
        ],
        [
            -0.4773353636264801,
            -0.5803883671760559,
            0.04459157586097717
        ],
        [
            -0.4791197180747986,
            -0.581642746925354,
            0.042337168008089066
        ],
        [
            -0.5433706045150757,
            -0.6136935949325562,
            0.033675990998744965
        ],
        [
            -0.5323147773742676,
            -0.6000977158546448,
            0.03943995013833046
        ],
        [
            -0.5367863774299622,
            -0.6154996156692505,
            0.01436597853899002
        ],
        [
            -0.5247972011566162,
            -0.616608202457428,
            2.3601576685905457e-05
        ],
        [
            -0.5114660263061523,
            -0.6143611669540405,
            -0.012432899326086044
        ],
        [
            -0.428932785987854,
            -0.5498814582824707,
            -0.0011537866666913033
        ],
        [
            -0.4187633693218231,
            -0.5498884916305542,
            -0.005408826284110546
        ],
        [
            -0.4214564561843872,
            -0.5615888237953186,
            -0.016628412529826164
        ],
        [
            -0.4098040461540222,
            -0.560149610042572,
            -0.017605621367692947
        ],
        [
            -0.4074164927005768,
            -0.5480471253395081,
            -0.0058038486167788506
        ],
        [
            -0.38595151901245117,
            -0.5428346395492554,
            0.003729652613401413
        ],
        [
            -0.3961980640888214,
            -0.5451924800872803,
            -0.0028435979038476944
        ],
        [
            -0.3972629904747009,
            -0.5596919059753418,
            -0.016482919454574585
        ],
        [
            -0.4030712842941284,
            -0.5763493180274963,
            -0.028901033103466034
        ],
        [
            -0.4141591191291809,
            -0.5738831758499146,
            -0.02707849256694317
        ],
        [
            -0.4115231931209564,
            -0.5938451290130615,
            -0.03610658645629883
        ],
        [
            -0.3897360861301422,
            -0.5822435617446899,
            -0.029985614120960236
        ],
        [
            -0.4055580794811249,
            -0.60113525390625,
            -0.03732554614543915
        ],
        [
            -0.359262079000473,
            -0.5652861595153809,
            -0.016444800421595573
        ],
        [
            -0.3507766127586365,
            -0.5632697939872742,
            -0.020307838916778564
        ],
        [
            -0.35369765758514404,
            -0.5747618079185486,
            -0.03527650609612465
        ],
        [
            -0.36255109310150146,
            -0.5767408013343811,
            -0.03174090385437012
        ],
        [
            -0.4249592423439026,
            -0.5716487169265747,
            -0.02426827885210514
        ],
        [
            -0.48325735330581665,
            -0.5987123847007751,
            -0.018598783761262894
        ],
        [
            -0.4873245358467102,
            -0.5914568305015564,
            -0.010197228752076626
        ],
        [
            -0.47109270095825195,
            -0.5953067541122437,
            -0.0223765317350626
        ],
        [
            -0.525452733039856,
            -0.6455247402191162,
            -0.022395988926291466
        ],
        [
            -0.5278807878494263,
            -0.6308503150939941,
            -0.010475073009729385
        ],
        [
            -0.5140183568000793,
            -0.6265572905540466,
            -0.021373135969042778
        ],
        [
            -0.5135412812232971,
            -0.6407809853553772,
            -0.030704542994499207
        ],
        [
            -0.551138162612915,
            -0.6645606756210327,
            0.010060429573059082
        ],
        [
            -0.5507659912109375,
            -0.6384671926498413,
            0.020999928936362267
        ],
        [
            -0.5410046577453613,
            -0.6357151865959167,
            0.006192009896039963
        ],
        [
            -0.5412376523017883,
            -0.6555649042129517,
            -0.004892610013484955
        ],
        [
            -0.508405864238739,
            -0.6510566473007202,
            -0.03739890456199646
        ],
        [
            -0.5013331174850464,
            -0.6666209697723389,
            -0.0453948937356472
        ],
        [
            -0.5105420351028442,
            -0.6812354326248169,
            -0.04260798171162605
        ],
        [
            -0.521474301815033,
            -0.6639031767845154,
            -0.03246864676475525
        ],
        [
            -0.5209801197052002,
            -0.7003024816513062,
            -0.03231971710920334
        ],
        [
            -0.5339428186416626,
            -0.6802884340286255,
            -0.01953212358057499
        ],
        [
            -0.38901209831237793,
            -0.6034538745880127,
            -0.039085716009140015
        ],
        [
            -0.4040084779262543,
            -0.6149610280990601,
            -0.0409841388463974
        ],
        [
            -0.37455713748931885,
            -0.5783240795135498,
            -0.027643535286188126
        ],
        [
            -0.37557923793792725,
            -0.5949608683586121,
            -0.038988444954156876
        ],
        [
            -0.5264093279838562,
            -0.7175041437149048,
            -0.016410917043685913
        ],
        [
            -0.5428446531295776,
            -0.6941934823989868,
            -0.002186901867389679
        ],
        [
            -0.4572499394416809,
            -0.6973522305488586,
            -0.05747288465499878
        ],
        [
            -0.47684043645858765,
            -0.6991211175918579,
            -0.055151134729385376
        ],
        [
            -0.47470173239707947,
            -0.6783068776130676,
            -0.05542571097612381
        ],
        [
            -0.4570346772670746,
            -0.6791497468948364,
            -0.05798476189374924
