{
    "pred_cam": [
        2.5243287086486816,
        0.08639387786388397,
        0.41748785972595215
    ],
    "pred_smpl_params": {
        "global_orient": [
            [
                [
                    -0.5946125984191895,
                    -0.30067428946495056,
                    -0.745674729347229
                ],
                [
                    0.458873450756073,
                    -0.8884686231613159,
                    -0.0076605528593063354
                ],
                [
                    -0.6602052450180054,
                    -0.3467254042625427,
                    0.6662660837173462
                ]
            ]
        ],
        "body_pose": [
            [
                [
                    0.9999110102653503,
                    0.003113693790510297,
                    -0.012972774915397167
                ],
                [
                    0.004265641327947378,
                    0.8467245101928711,
                    0.5320144295692444
                ],
                [
                    0.012640897184610367,
                    -0.5320224165916443,
                    0.8466358780860901
                ]
            ],
            [
                [
                    0.9947822690010071,
                    0.0922195091843605,
                    0.04363098368048668
                ],
                [
                    -0.1008278876543045,
                    0.823519229888916,
                    0.5582560300827026
                ],
                [
                    0.015551142394542694,
                    -0.5597424507141113,
                    0.828520655632019
                ]
            ],
            [
                [
                    0.9976367950439453,
                    0.011910739354789257,
                    0.06766757369041443
                ],
                [
                    0.019543293863534927,
                    0.8949865102767944,
                    -0.4456648528575897
                ],
                [
                    -0.0658697634935379,
                    0.44593414664268494,
                    0.8926386833190918
                ]
            ],
            [
                [
                    0.9921295046806335,
                    0.12517106533050537,
                    0.003358237212523818
                ],
                [
                    -0.09655830264091492,
                    0.7818638682365417,
                    -0.6159264445304871
                ],
                [
                    -0.07972187548875809,
                    0.6107544898986816,
                    0.7877964973449707
                ]
            ],
            [
                [
                    0.9942153692245483,
                    -0.09984952211380005,
                    0.039571620523929596
                ],
                [
                    0.10084697604179382,
                    0.7410709261894226,
                    -0.663810133934021
                ],
                [
                    0.03695574030280113,
                    0.663960874080658,
                    0.7468536496162415
                ]
            ],
            [
                [
                    0.9959526658058167,
                    -0.04595859348773956,
                    0.07724093645811081
                ],
                [
                    0.04882108047604561,
                    0.9981732964515686,
                    -0.03558783605694771
                ],
                [
                    -0.07546427845954895,
                    0.039214782416820526,
                    0.9963771104812622
                ]
            ],
            [
                [
                    0.9793378710746765,
                    0.005703257862478495,
                    0.20215047895908356
                ],
                [
                    -0.019941775128245354,
                    0.9974539279937744,
                    0.06846869736909866
                ],
                [
                    -0.20124530792236328,
                    -0.07108522206544876,
                    0.976958155632019
                ]
            ],
            [
                [
                    0.9853266477584839,
                    -0.004212577827274799,
                    -0.17062704265117645
                ],
                [
                    0.012053814716637135,
                    0.9989166855812073,
                    0.04494556784629822
                ],
                [
                    0.17025287449359894,
                    -0.04634277522563934,
                    0.9843100309371948
                ]
            ],
            [
                [
                    0.9980446100234985,
                    -0.018970929086208344,
                    0.05955708026885986
                ],
                [
                    0.024406766518950462,
                    0.9954679012298584,
                    -0.09191339462995529
                ],
                [
                    -0.057543471455574036,
                    0.09318726509809494,
                    0.9939844012260437
                ]
            ],
            [
                [
                    0.9940530061721802,
                    -0.09712354838848114,
                    0.04925024136900902
                ],
                [
                    0.09455980360507965,
                    0.9941621422767639,
                    0.051961496472358704
                ],
                [
                    -0.054009418934583664,
                    -0.04699539393186569,
                    0.9974338412284851
                ]
            ],
            [
                [
                    0.9960848093032837,
                    0.07839233428239822,
                    -0.040862858295440674
                ],
                [
                    -0.07386631518602371,
                    0.9919896125793457,
                    0.10247150808572769
                ],
                [
                    0.04856851324439049,
                    -0.09905192255973816,
                    0.9938963651657104
                ]
            ],
            [
                [
                    0.9954326152801514,
                    0.03749604895710945,
                    0.08779522776603699
                ],
                [
                    -0.02676478773355484,
                    0.9923689961433411,
                    -0.12036388367414474
                ],
                [
                    -0.09163843095302582,
                    0.11746430397033691,
                    0.9888400435447693
                ]
            ],
            [
                [
                    0.9418323040008545,
                    0.06521101295948029,
                    -0.32969608902931213
                ],
                [
                    -0.028849733993411064,
                    0.9930611848831177,
                    0.11400473862886429
                ],
                [
                    0.3348428010940552,
                    -0.09786168485879898,
                    0.9371784329414368
                ]
            ],
            [
                [
                    0.9239711165428162,
                    -0.20743176341056824,
                    0.32132425904273987
                ],
                [
                    0.19349108636379242,
                    0.9782227873802185,
                    0.07510888576507568
                ],
                [
                    -0.329906702041626,
                    -0.007225072011351585,
                    0.9439858198165894
                ]
            ],
            [
                [
                    0.9978706240653992,
                    0.0019018847960978746,
                    -0.06519844383001328
                ],
                [
                    -0.009558850899338722,
                    0.9930467009544373,
                    -0.11733214557170868
                ],
                [
                    0.06452196091413498,
                    0.11770549416542053,
                    0.9909502863883972
                ]
            ],
            [
                [
                    0.5662806034088135,
                    0.6530705094337463,
                    -0.5028173327445984
                ],
                [
                    -0.6763935089111328,
                    0.7168269157409668,
                    0.16926617920398712
                ],
                [
                    0.47097572684288025,
                    0.24425023794174194,
                    0.8476577997207642
                ]
            ],
            [
                [
                    0.5473190546035767,
                    -0.7345900535583496,
                    0.4010228216648102
                ],
                [
                    0.7414751052856445,
                    0.6478323340415955,
                    0.17472243309020996
                ],
                [
                    -0.3881448805332184,
                    0.2017195224761963,
                    0.8992512226104736
                ]
            ],
            [
                [
                    0.378724604845047,
                    -0.19789890944957733,
                    -0.9041038751602173
                ],
                [
                    0.00328093976713717,
                    0.9771525263786316,
                    -0.21251413226127625
                ],
                [
                    0.9255036115646362,
                    0.07751800119876862,
                    0.3707210123538971
                ]
            ],
            [
                [
                    0.5207154750823975,
                    0.231561079621315,
                    0.8217267990112305
                ],
                [
                    -0.19972817599773407,
                    0.9688446521759033,
                    -0.14645399153232574
                ],
                [
                    -0.8300386071205139,
                    -0.08786112070083618,
                    0.5507416725158691
                ]
            ],
            [
                [
                    0.9894095659255981,
                    -0.14414161443710327,
                    -0.017087014392018318
                ],
                [
                    0.14441169798374176,
                    0.9893917441368103,
                    0.015789510682225227
                ],
                [
                    0.01462982501834631,
                    -0.01808985508978367,
                    0.9997293949127197
                ]
            ],
            [
                [
                    0.9890758991241455,
                    0.14729264378547668,
                    0.005805937573313713
                ],
                [
                    -0.14737999439239502,
                    0.9888814091682434,
                    0.01981615275144577
                ],
                [
                    -0.0028226105496287346,
                    -0.020455358549952507,
                    0.9997867345809937
                ]
            ],
            [
                [
                    0.9787339568138123,
                    0.17484600841999054,
                    -0.10727915912866592
                ],
                [
                    -0.15889820456504822,
                    0.9769452810287476,
                    0.14258070290088654
                ],
                [
                    0.1297355443239212,
                    -0.12250208854675293,
                    0.9839522242546082
                ]
            ],
            [
                [
                    0.9812965393066406,
                    -0.19137445092201233,
                    0.0208075363188982
                ],
                [
                    0.18502794206142426,
                    0.9674964547157288,
                    0.17238125205039978
                ],
                [
                    -0.053120583295822144,
                    -0.16530713438987732,
                    0.9848105311393738
                ]
            ]
        ],
        "betas": [
            0.0703812688589096,
            0.11703862249851227,
            -0.20990459620952606,
            -0.011338025331497192,
            0.04445970058441162,
            -0.09447645395994186,
            0.040165334939956665,
            0.006984591484069824,
            0.05973644554615021,
            -0.0497933030128479
        ]
    },
    "pred_cam_t": [
        0.08639387786388397,
        0.41748785972595215,
        15.474411010742188
    ],
    "focal_length": [
        5000.0,
        5000.0
    ],
    "pred_keypoints_3d": [
        [
            -0.4230307936668396,
            -0.6091874837875366,
            0.0871625766158104
        ],
        [
            -0.2608194351196289,
            -0.6392965912818909,
            -0.012792695313692093
        ],
        [
            -0.1312038004398346,
            -0.6192985773086548,
            0.13468267023563385
        ],
        [
            -0.02584215998649597,
            -0.4050990343093872,
            0.22975695133209229
        ],
        [
            -0.1870976686477661,
            -0.23327386379241943,
            0.33429306745529175
        ],
        [
            -0.3224130868911743,
            -0.5195104479789734,
            -0.14136476814746857
        ],
        [
            -0.34574028849601746,
            -0.2570723295211792,
            -0.14607639610767365
        ],
        [
            -0.4033530056476593,
            -0.1883196234703064,
            0.08908174932003021
        ],
        [
            -0.0018955366685986519,
            -0.2224738895893097,
            0.02720741555094719
        ],
        [
            0.06863715499639511,
            -0.17303508520126343,
            0.09950564801692963
        ],
        [
            0.05355203151702881,
            0.07363735139369965,
            0.397614061832428
        ],
        [
            0.23286306858062744,
            0.4299895167350769,
            0.4590895175933838
        ],
        [
            -0.010054456070065498,
            -0.10987808555364609,
            0.0086076520383358
        ],
        [
            -0.08130881935358047,
            0.19022074341773987,
            0.2298664152622223
        ],
        [
            0.1351507008075714,
            0.5089890360832214,
            0.3492545485496521
        ],
        [
            -0.418071448802948,
            -0.6692101955413818,
            0.1009712889790535
        ],
        [
            -0.4508092403411865,
            -0.6462523341178894,
            0.04714171588420868
        ],
        [
            -0.3392830193042755,
            -0.7350640892982483,
            0.07921788096427917
        ],
        [
            -0.41265738010406494,
            -0.6843217611312866,
            -0.04093848168849945
        ],
        [
            -0.0022118985652923584,
            0.580762505531311,
            0.47911614179611206
        ],
        [
            0.012942701578140259,
            0.6150238513946533,
            0.40417057275772095
        ],
        [
            0.19494271278381348,
            0.5337111949920654,
            0.32346877455711365
        ],
        [
            0.12279364466667175,
            0.47783541679382324,
            0.6211827993392944
        ],
        [
            0.20618021488189697,
            0.45106980204582214,
            0.6268787384033203
        ],
        [
            0.2895512580871582,
            0.4664337635040283,
            0.4294629693031311
        ],
        [
            0.244710311293602,
            0.37339043617248535,
            0.43961551785469055
        ],
        [
            0.04744521155953407,
            0.026782404631376266,
            0.3575901687145233
        ],
        [
            0.09163656830787659,
            -0.31732413172721863,
            0.09975743293762207
        ],
        [
            -0.06882677972316742,
            -0.16849391162395477,
            -0.09877406805753708
        ],
        [
            -0.08905541896820068,
            0.1610110104084015,
            0.20041808485984802
        ],
        [
            0.13403967022895813,
            0.48128217458724976,
            0.31535035371780396
        ],
        [
            -0.20179510116577148,
            -0.26265084743499756,
            0.31682711839675903
        ],
        [
            -0.04722687974572182,
            -0.4293724298477173,
            0.2548796832561493
        ],
        [
            -0.1594182252883911,
            -0.6340434551239014,
            0.10504680126905441
        ],
        [
            -0.3165678381919861,
            -0.5494305491447449,
            -0.12985992431640625
        ],
        [
            -0.3846776485443115,
            -0.28784245252609253,
            -0.13722556829452515
        ],
        [
            -0.4093815088272095,
            -0.20828703045845032,
            0.08148488402366638
        ],
        [
            -0.2648651599884033,
            -0.6327750086784363,
            -0.008748618885874748
        ],
        [
            -0.42451047897338867,
            -0.7338843941688538,
            0.03268400952219963
        ],
        [
            0.011176014319062233,
            -0.24341613054275513,
            8.196849375963211e-05
        ],
        [
            -0.23475778102874756,
            -0.5891810059547424,
            -0.010866979137063026
        ],
        [
            -0.10301771014928818,
            -0.45768722891807556,
            -0.03690812736749649
        ],
        [
            -0.36644667387008667,
            -0.6356067061424255,
            0.03550590202212334
        ],
        [
            -0.4307861626148224,
            -0.7544158697128296,
            0.03366391360759735
        ]
    ],
    "pred_vertices": [
        [
            -0.4902309775352478,
            -0.6752729415893555,
            0.04419342800974846
        ],
        [
            -0.48050546646118164,
            -0.6631741523742676,
            0.050713617354631424
        ],
        [
            -0.4791233539581299,
            -0.6624922752380371,
            0.036269672214984894
        ],
        [
            -0.4842432737350464,
            -0.6737284064292908,
            0.027926333248615265
        ],
        [
            -0.47352302074432373,
            -0.6537034511566162,
            0.04177073389291763
        ],
        [
            -0.4732886552810669,
            -0.6539539098739624,
            0.05371304973959923
        ],
        [
            -0.4726146161556244,
            -0.6620689034461975,
            0.024023231118917465
        ],
        [
            -0.4742948114871979,
            -0.6718993782997131,
            0.014853708446025848
        ],
        [
            -0.44297486543655396,
            -0.6425025463104248,
            0.008926618844270706
        ],
        [
            -0.4368460178375244,
            -0.644050121307373,
            -7.797777652740479e-05
        ],
        [
            -0.4465179145336151,
            -0.6518217325210571,
            0.002460263669490814
        ],
        [
            -0.44959864020347595,
            -0.6488226652145386,
            0.011470649391412735
        ],
        [
            -0.42244046926498413,
            -0.6268040537834167,
            0.004731800407171249
        ],
        [
            -0.4175662398338318,
            -0.6167643666267395,
            0.013109959661960602
        ],
        [
            -0.4070180654525757,
            -0.615790843963623,
            0.004601512104272842
        ],
        [
            -0.41070058941841125,
            -0.6261358261108398,
            -0.0036492962390184402
        ],
        [
            -0.42460766434669495,
            -0.622748076915741,
            0.05461136996746063
        ],
        [
            -0.4220677614212036,
            -0.6167807579040527,
            0.04877908155322075
        ],
        [
            -0.4281603693962097,
            -0.6207844614982605,
            0.045934658497571945
        ],
        [
            -0.4296166002750397,
            -0.626562237739563,
            0.052074287086725235
        ],
        [
            -0.43043938279151917,
            -0.6291545033454895,
            0.06668771803379059
        ],
        [
            -0.43296775221824646,
            -0.6348462700843811,
            0.06456312537193298
        ],
        [
            -0.43625709414482117,
            -0.6358149647712708,
            0.07184483110904694
        ],
        [
            -0.4342227578163147,
            -0.6286944150924683,
            0.07372359186410904
        ],
        [
            -0.41840752959251404,
            -0.6206344962120056,
            0.05852888152003288
        ],
        [
            -0.41564157605171204,
            -0.6147649884223938,
            0.05201931297779083
        ],
        [
            -0.4270530641078949,
            -0.6274287700653076,
            0.059953734278678894
        ],
        [
            -0.42447274923324585,
            -0.6237328052520752,
            0.062297891825437546
        ],
        [
            -0.42456483840942383,
            -0.6137852668762207,
            0.06981657445430756
        ],
        [
            -0.4277978241443634,
            -0.617559015750885,
            0.06824935972690582
        ],
        [
            -0.43077412247657776,
            -0.615089476108551,
            0.0749925896525383
        ],
        [
            -0.4258573055267334,
            -0.6119857430458069,
            0.07499867677688599
        ],
        [
            -0.4204462766647339,
            -0.6182410717010498,
            0.062163278460502625
        ],
        [
            -0.42424991726875305,
            -0.618449330329895,
            0.0636041983962059
        ],
        [
            -0.4217839241027832,
            -0.6151165962219238,
            0.06650858372449875
        ],
        [
            -0.4178807735443115,
            -0.6159647107124329,
            0.06562315672636032
        ],
        [
            -0.428859680891037,
            -0.6245585083961487,
            0.06823119521141052
        ],
        [
            -0.43266716599464417,
            -0.6223292350769043,
            0.07477477192878723
        ],
        [
            -0.4357621669769287,
            -0.6200889945030212,
            0.08212701976299286
        ],
        [
            -0.4321582317352295,
            -0.6119497418403625,
            0.0823085680603981
        ],
        [
            -0.41385579109191895,
            -0.6079168915748596,
            0.03432875871658325
        ],
        [
            -0.4189261198043823,
            -0.611640989780426,
            0.04160342365503311
        ],
        [
            -0.41315728425979614,
            -0.6095524430274963,
            0.045451030135154724
        ],
        [
            -0.4098224341869354,
            -0.6059691905975342,
            0.039188940078020096
        ],
        [
            -0.4142800569534302,
            -0.615486741065979,
            0.06229667365550995
        ],
        [
            -0.4046441316604614,
            -0.6033074259757996,
            0.0572601780295372
        ],
        [
            -0.40766292810440063,
            -0.6056199669837952,
            0.057646192610263824
        ],
        [
            -0.40767163038253784,
            -0.605687141418457,
            0.06494107842445374
        ],
        [
            -0.4050537347793579,
            -0.6033807396888733,
            0.06396115571260452
        ],
        [
            -0.4010249972343445,
            -0.6018686890602112,
            0.023595675826072693
        ],
        [
            -0.4001886248588562,
            -0.59980708360672,
            0.030649937689304352
        ],
        [
            -0.39396393299102783,
            -0.5965643525123596,
            0.027977697551250458
        ],
        [
            -0.39289695024490356,
            -0.598761796951294,
            0.020725585520267487
        ],
        [
            -0.38810914754867554,
            -0.5939638018608093,
            0.028910472989082336
        ],
        [
            -0.3848861753940582,
            -0.5956687927246094,
            0.0193353109061718
        ],
        [
            -0.37036603689193726,
            -0.5880988836288452,
            0.025019701570272446
        ],
        [
            -0.37700027227401733,
            -0.5915138125419617,
            0.021900027990341187
        ],
        [
            -0.38242366909980774,
            -0.5908131003379822,
            0.031666968017816544
        ],
        [
            -0.3778320848941803,
            -0.5869527459144592,
            0.03722202777862549
        ],
        [
            -0.3803085386753082,
            -0.5888118743896484,
            0.05200475826859474
        ],
        [
            -0.37816956639289856,
            -0.5881801843643188,
            0.058170974254608154
        ],
        [
            -0.37016764283180237,
            -0.579509437084198,
            0.051688697189092636
        ],
        [
            -0.3735944628715515,
            -0.5822724103927612,
            0.04500306397676468
        ],
        [
            -0.39770352840423584,
            -0.6017639636993408,
            0.054483141750097275
        ],
        [
            -0.39804092049598694,
            -0.6023719906806946,
            0.049680303782224655
        ],
        [
            -0.40045034885406494,
            -0.601816713809967,
            0.050840187817811966
        ],
        [
            -0.40115028619766235,
            -0.6017798781394958,
            0.05613322556018829
        ],
        [
            -0.39851632714271545,
            -0.6021464467048645,
            0.04566434025764465
        ],
        [
            -0.398665189743042,
            -0.6018837690353394,
            0.04386891797184944
        ],
        [
            -0.400129109621048,
            -0.6020905375480652,
            0.04483421891927719
        ],
        [
            -0.3994114398956299,
            -0.6023308038711548,
            0.04598284140229225
        ],
        [
            -0.39860838651657104,
            -0.6023343801498413,
            0.047951146960258484
        ],
        [
            -0.3969910740852356,
            -0.6010420322418213,
            0.048782914876937866
        ],
        [
            -0.3978409171104431,
            -0.60155189037323,
            0.04659832641482353
        ],
        [
            -0.3962995409965515,
            -0.5997471809387207,
            0.053137779235839844
        ],
        [
            -0.3934531807899475,
            -0.5974492430686951,
            0.06757277995347977
        ],
        [
            -0.39454159140586853,
            -0.5971269011497498,
            0.06368409842252731
        ],
        [
            -0.39649444818496704,
            -0.6013177037239075,
            0.06496370583772659
        ],
        [
            -0.3958441913127899,
            -0.6018769145011902,
            0.0683104395866394
        ],
        [
            -0.40198493003845215,
            -0.6030980944633484,
            0.04726412519812584
        ],
        [
            -0.4037046432495117,
            -0.6034188270568848,
            0.0453038364648819
        ],
        [
            -0.40583309531211853,
            -0.6042675971984863,
            0.05064192786812782
        ],
        [
            -0.40296316146850586,
            -0.6032097339630127,
            0.05095601826906204
        ],
        [
            -0.4063456952571869,
            -0.6038800477981567,
            0.04307706281542778
        ],
        [
            -0.4017607569694519,
            -0.602595865726471,
            0.04279666766524315
        ],
        [
            -0.40352293848991394,
            -0.6027311086654663,
            0.039977818727493286
        ],
        [
            -0.3971877694129944,
            -0.6008315086364746,
            0.04411929473280907
        ],
        [
            -0.3964501619338989,
            -0.5996655821800232,
            0.0408930666744709
        ],
        [
            -0.3991276025772095,
            -0.6006766557693481,
            0.0412517786026001
        ],
        [
            -0.39336639642715454,
            -0.5978823900222778,
            0.04241134971380234
        ],
        [
            -0.3952391743659973,
            -0.5996712446212769,
            0.04652400687336922
        ],
        [
            -0.39375728368759155,
            -0.5977656841278076,
            0.050722189247608185
        ],
        [
            -0.3923647105693817,
            -0.5958711504936218,
            0.056175291538238525
        ],
        [
            -0.3882484436035156,
            -0.5937529802322388,
            0.051933322101831436
        ],
        [
            -0.39062511920928955,
            -0.5956841111183167,
            0.046400800347328186
        ],
        [
            -0.40936243534088135,
            -0.6070283055305481,
            0.04896029084920883
        ],
        [
            -0.39956581592559814,
            -0.6000937819480896,
            0.036638353019952774
        ],
        [
            -0.4056841731071472,
            -0.6036159992218018,
            0.0345814973115921
        ],
        [
            -0.39544519782066345,
            -0.5975514650344849,
            0.03556959331035614
        ],
        [
            -0.39104199409484863,
            -0.5953668355941772,
            0.036586929112672806
        ],
        [
            -0.3867573142051697,
            -0.5932560563087463,
            0.040511664003133774
        ],
        [
            -0.3833508789539337,
            -0.5907161235809326,
            0.0459786020219326
        ],
        [
            -0.35850614309310913,
            -0.5799093246459961,
            0.04238986223936081
        ],
        [
            -0.3641085624694824,
            -0.5829962491989136,
            0.034511808305978775
        ],
        [
            -0.46505069732666016,
            -0.6511606574058533,
            0.05289477854967117
        ],
        [
            -0.4670689105987549,
            -0.6495088338851929,
            0.044176653027534485
        ],
        [
            -0.45891648530960083,
            -0.6469794511795044,
            0.04019264504313469
        ],
        [
            -0.46113184094429016,
            -0.6477907299995422,
            0.038966335356235504
        ],
        [
            -0.46176594495773315,
            -0.6487870216369629,
            0.04525401070713997
        ],
        [
            -0.45904725790023804,
            -0.6471627354621887,
            0.04496727138757706
        ],
        [
            -0.4514729380607605,
            -0.6479746103286743,
            0.019659224897623062
        ],
        [
            -0.4530579745769501,
            -0.6475688219070435,
            0.026334136724472046
        ],
        [
            -0.44942834973335266,
            -0.6460983157157898,
            0.024993393570184708
        ],
        [
            -0.446799099445343,
            -0.6435556411743164,
            0.01732144132256508
        ],
        [
            -0.4441224932670593,
            -0.6390954256057739,
            0.034002698957920074
        ],
        [
            -0.4452321529388428,
            -0.640680730342865,
            0.02893552929162979
        ],
        [
            -0.45003533363342285,
            -0.6444216966629028,
            0.0342291034758091
        ],
        [
            -0.44922974705696106,
            -0.6432510018348694,
            0.03791474178433418
        ],
        [
            -0.4482954740524292,
            -0.6428954005241394,
            0.04201274737715721
        ],
        [
            -0.4469667077064514,
            -0.6434438228607178,
            0.04629690200090408
        ],
        [
            -0.442958801984787,
            -0.6402331590652466,
            0.04492737352848053
        ],
        [
            -0.44355711340904236,
            -0.6391779780387878,
            0.039650604128837585
        ],
        [
            -0.4603341817855835,
            -0.6508182287216187,
            0.051349788904190063
        ],
        [
            -0.456254243850708,
            -0.6526687145233154,
            0.05734935402870178
        ],
        [
            -0.4543467164039612,
            -0.6507101058959961,
            0.05529523640871048
        ],
        [
            -0.45786407589912415,
            -0.6486320495605469,
            0.05057736858725548
        ],
        [
            -0.4421451985836029,
            -0.6532009243965149,
            0.060290079563856125
        ],
        [
            -0.44511595368385315,
            -0.653618574142456,
            0.06020231172442436
        ],
        [
            -0.44518715143203735,
            -0.6549490690231323,
            0.06398384273052216
        ],
        [
            -0.44096142053604126,
            -0.6528518199920654,
            0.06365087628364563
        ],
        [
            -0.43986526131629944,
            -0.6501036286354065,
            0.061312079429626465
        ],
        [
            -0.4417343735694885,
            -0.6513926982879639,
            0.05918528884649277
        ],
        [
            -0.5006421804428101,
            -0.6931344270706177,
            0.05369076132774353
        ],
        [
            -0.49138927459716797,
            -0.6781857013702393,
            0.06022712588310242
        ],
        [
            -0.49642419815063477,
            -0.6916635632514954,
            0.03382495045661926
        ],
        [
            -0.48665696382522583,
            -0.6892836093902588,
            0.018099091947078705
        ],
        [
            -0.47550496459007263,
            -0.6834811568260193,
            0.004828453063964844
        ],
        [
            -0.4035494327545166,
            -0.6073519587516785,
            0.014361228793859482
        ],
        [
            -0.39424121379852295,
            -0.6050680875778198,
            0.00895104929804802
        ],
        [
            -0.39659279584884644,
            -0.6156472563743591,
            -0.003057733178138733
        ],
        [
            -0.38556259870529175,
            -0.6122787594795227,
            -0.0052858926355838776
        ],
        [
            -0.3837335705757141,
            -0.601243257522583,
            0.007462654262781143
        ],
        [
            -0.3626846969127655,
            -0.5936466455459595,
            0.014837928116321564
        ],
        [
            -0.3729739189147949,
            -0.5969607830047607,
            0.009332984685897827
        ],
        [
            -0.373244047164917,
            -0.6100491285324097,
            -0.005534369498491287
        ],
        [
            -0.3776235580444336,
            -0.6260926723480225,
            -0.018869992345571518
        ],
        [
            -0.38879287242889404,
            -0.6254703998565674,
            -0.015764473006129265
        ],
        [
            -0.3840087950229645,
            -0.6439423561096191,
            -0.027114123106002808
        ],
        [
            -0.36367809772491455,
            -0.629524290561676,
            -0.02223001793026924
        ],
        [
            -0.3772009313106537,
            -0.6498335003852844,
            -0.02975018508732319
        ],
        [
            -0.33451706171035767,
            -0.6078752279281616,
            -0.010621516034007072
        ],
        [
            -0.3264009654521942,
            -0.6032183170318604,
            -0.015244015492498875
        ],
        [
            -0.3283023238182068,
            -0.6136431694030762,
            -0.030846770852804184
        ],
        [
            -0.33710169792175293,
            -0.6181027889251709,
            -0.02664010412991047
        ],
        [
            -0.39932653307914734,
            -0.6254896521568298,
            -0.011402759701013565
        ],
        [
            -0.45115232467651367,
            -0.6629476547241211,
            -0.002305649220943451
        ],
        [
            -0.4552692770957947,
            -0.6571298837661743,
            0.007380049675703049
        ],
        [
            -0.4407021999359131,
            -0.6565575003623962,
            -0.0071820951998233795
        ],
        [
            -0.48547282814979553,
            -0.7153605222702026,
            -0.007115639746189117
        ],
        [
            -0.48911404609680176,
            -0.7023125886917114,
            0.006098892539739609
        ],
        [
            -0.4772751033306122,
            -0.6946941614151001,
            -0.005254536867141724
        ],
        [
            -0.47571414709091187,
            -0.7076756358146667,
            -0.016291208565235138
        ],
        [
            -0.5032241940498352,
            -0.7413902878761292,
            0.025117740035057068
        ],
        [
            -0.5060246586799622,
            -0.7169734239578247,
            0.0390455536544323
        ],
        [
            -0.49882054328918457,
            -0.7110278010368347,
            0.02350940927863121
        ],
        [
            -0.4970812201499939,
            -0.7292397022247314,
            0.010397560894489288
        ],
        [
            -0.4702591300010681,
            -0.7161668539047241,
            -0.024957116693258286
        ],
        [
            -0.46192502975463867,
            -0.7290753126144409,
            -0.03523153066635132
        ],
        [
            -0.4681844115257263,
            -0.7452692985534668,
            -0.033224236220121384
        ],
        [
            -0.48005056381225586,
            -0.7315027117729187,
            -0.01997552439570427
        ],
        [
            -0.4739997684955597,
            -0.766808271408081,
            -0.0243302620947361
        ],
        [
            -0.487981379032135,
            -0.7506961226463318,
            -0.007852856069803238
        ],
        [
            -0.36051058769226074,
            -0.6486263275146484,
            -0.03409777581691742
        ],
        [
            -0.3738124370574951,
            -0.6622920632362366,
            -0.035305559635162354
        ],
        [
            -0.34875062108039856,
            -0.6228784322738647,
            -0.021436946466565132
        ],
        [
            -0.34823092818260193,
            -0.6377390623092651,
            -0.0344984345138073
        ],
        [
            -0.4742710590362549,
            -0.7861324548721313,
            -0.010134175419807434
        ],
        [
            -0.4919288754463196,
            -0.7676372528076172,
            0.008612863719463348
        ],
        [
            -0.41561755537986755,
            -0.7501524686813354,
            -0.05585560202598572
        ],
        [
            -0.4340372085571289,
            -0.7555180788040161,
            -0.051468972116708755
        ],
        [
            -0.43533992767333984,
            -0.7347822785377502,
            -0.0497421957552433
        ],
        [
            -0.41814303398132324,
            -0.7321770191192627,
            -0.054282721132040024
