{
    "pred_cam": [
        1.1596400737762451,
        -0.014988390728831291,
        0.1316438615322113
    ],
    "pred_smpl_params": {
        "global_orient": [
            [
                [
                    0.8367272615432739,
                    0.09122125804424286,
                    0.5399686694145203
                ],
                [
                    0.008040949702262878,
                    -0.9879685640335083,
                    0.1544453650712967
                ],
                [
                    0.5475608110427856,
                    -0.12488678097724915,
                    -0.8273937106132507
                ]
            ]
        ],
        "body_pose": [
            [
                [
                    0.9983158111572266,
                    0.05369170382618904,
                    -0.021972795948386192
                ],
                [
                    -0.05536532402038574,
                    0.9948921799659729,
                    -0.08440524339675903
                ],
                [
                    0.017328700050711632,
                    0.08547960966825485,
                    0.9961892366409302
                ]
            ],
            [
                [
                    0.9987906217575073,
                    0.0327308215200901,
                    0.03668637573719025
                ],
                [
                    -0.036846086382865906,
                    0.9923558831214905,
                    0.11777988821268082
                ],
                [
                    -0.032550912350416183,
                    -0.11898920685052872,
                    0.9923617243766785
                ]
            ],
            [
                [
                    0.999866247177124,
                    -0.0004987858119420707,
                    0.016348490491509438
                ],
                [
                    0.0025061783380806446,
                    0.9924036264419556,
                    -0.12299960851669312
                ],
                [
                    -0.016162950545549393,
                    0.12302412837743759,
                    0.992272138595581
                ]
            ],
            [
                [
                    0.9795966148376465,
                    -0.10596202313899994,
                    -0.17077012360095978
                ],
                [
                    0.056141287088394165,
                    0.9601659774780273,
                    -0.27373257279396057
                ],
                [
                    0.19297291338443756,
                    0.25856029987335205,
                    0.9465242028236389
                ]
            ],
            [
                [
                    0.9912706613540649,
                    0.007972602732479572,
                    0.13160119950771332
                ],
                [
                    0.03962218761444092,
                    0.9340135455131531,
                    -0.3550334870815277
                ],
                [
                    -0.12574784457683563,
                    0.3571486175060272,
                    0.9255443215370178
                ]
            ],
            [
                [
                    0.9961113333702087,
                    0.06999791413545609,
                    0.053502414375543594
                ],
                [
                    -0.06361686438322067,
                    0.9915717840194702,
                    -0.11286365240812302
                ],
                [
                    -0.06095170974731445,
                    0.10902110487222672,
                    0.9921689629554749
                ]
            ],
            [
                [
                    0.979614794254303,
                    0.060575395822525024,
                    0.19153454899787903
                ],
                [
                    -0.0755239725112915,
                    0.994560718536377,
                    0.07172843813896179
                ],
                [
                    -0.1861477792263031,
                    -0.08473169058561325,
                    0.9788612723350525
                ]
            ],
            [
                [
                    0.9839015007019043,
                    -0.10353924334049225,
                    -0.1456620842218399
                ],
                [
                    0.09886695444583893,
                    0.9943370223045349,
                    -0.03897757828235626
                ],
                [
                    0.14887291193008423,
                    0.023948930203914642,
                    0.9885662794113159
                ]
            ],
            [
                [
                    0.9982451796531677,
                    0.04304596409201622,
                    0.04066428542137146
                ],
                [
                    -0.04135768115520477,
                    0.9982828497886658,
                    -0.041484493762254715
                ],
                [
                    -0.0423801951110363,
                    0.03972991555929184,
                    0.9983113408088684
                ]
            ],
            [
                [
                    0.9884424209594727,
                    -0.14992675185203552,
                    -0.022441111505031586
                ],
                [
                    0.15138867497444153,
                    0.9839665293693542,
                    0.09429395198822021
                ],
                [
                    0.00794411450624466,
                    -0.0966014638543129,
                    0.9952914714813232
                ]
            ],
            [
                [
                    0.9816843867301941,
                    0.16938741505146027,
                    -0.08719880133867264
                ],
                [
                    -0.153682142496109,
                    0.9745813012123108,
                    0.16301225125789642
                ],
                [
                    0.11259455978870392,
                    -0.14662568271160126,
                    0.9827630519866943
                ]
            ],
            [
                [
                    0.9912288784980774,
                    0.1320275515317917,
                    -0.005836181342601776
                ],
                [
                    -0.1318981647491455,
                    0.9855663180351257,
                    -0.10612174868583679
                ],
                [
                    -0.008259051479399204,
                    0.10596071928739548,
                    0.9943360090255737
                ]
            ],
            [
                [
                    0.952176570892334,
                    0.30488553643226624,
                    -0.020116284489631653
                ],
                [
                    -0.30533361434936523,
                    0.9519110321998596,
                    -0.025232955813407898
                ],
                [
                    0.011455751955509186,
                    0.030168404802680016,
                    0.9994791746139526
                ]
            ],
            [
                [
                    0.9496739506721497,
                    -0.3054516315460205,
                    0.06941710412502289
                ],
                [
                    0.3066655397415161,
                    0.951789379119873,
                    -0.007299020886421204
                ],
                [
                    -0.06384096294641495,
                    0.028219524770975113,
                    0.9975610375404358
                ]
            ],
            [
                [
                    0.9939168691635132,
                    0.1071542426943779,
                    0.02544078230857849
                ],
                [
                    -0.09459106624126434,
                    0.948880672454834,
                    -0.30112797021865845
                ],
                [
                    -0.05640740320086479,
                    0.29688969254493713,
                    0.9532443284988403
                ]
            ],
            [
                [
                    0.5295482277870178,
                    0.7685509920120239,
                    -0.3590376377105713
                ],
                [
                    -0.8479394316673279,
                    0.49157366156578064,
                    -0.19837868213653564
                ],
                [
                    0.024029305204749107,
                    0.40949323773384094,
                    0.9119966626167297
                ]
            ],
            [
                [
                    0.5594400763511658,
                    -0.7231703996658325,
                    0.40503254532814026
                ],
                [
                    0.8015933036804199,
                    0.5963648557662964,
                    -0.04239167273044586
                ],
                [
                    -0.2108907848596573,
                    0.3483870029449463,
                    0.913318932056427
                ]
            ],
            [
                [
                    -0.3185979425907135,
                    -0.45447060465812683,
                    -0.8318364024162292
                ],
                [
                    -0.12324369698762894,
                    0.8899780511856079,
                    -0.43903306126594543
                ],
                [
                    0.9398437738418579,
                    -0.0373564288020134,
                    -0.3395557999610901
                ]
            ],
            [
                [
                    -0.26169803738594055,
                    0.4086635410785675,
                    0.874361515045166
                ],
                [
                    0.09201748669147491,
                    0.9123712778091431,
                    -0.39888766407966614
                ],
                [
                    -0.9607532620429993,
                    -0.023931579664349556,
                    -0.27636995911598206
                ]
            ],
            [
                [
                    0.9735468626022339,
                    -0.16629661619663239,
                    -0.15669037401676178
                ],
                [
                    0.18927492201328278,
                    0.9711053371429443,
                    0.1453598290681839
                ],
                [
                    0.1279900074005127,
                    -0.17117218673229218,
                    0.976892352104187
                ]
            ],
            [
                [
                    0.9717003107070923,
                    0.21121500432491302,
                    0.1057673990726471
                ],
                [
                    -0.21773430705070496,
                    0.9744958281517029,
                    0.054311517626047134
                ],
                [
                    -0.09159847348928452,
                    -0.0758037120103836,
                    0.9929066300392151
                ]
            ],
            [
                [
                    0.967531144618988,
                    0.23384754359722137,
                    -0.09591071307659149
                ],
                [
                    -0.22314946353435516,
                    0.9685201048851013,
                    0.11033181846141815
                ],
                [
                    0.11869227886199951,
                    -0.08534704148769379,
                    0.9892563223838806
                ]
            ],
            [
                [
                    0.9689394235610962,
                    -0.24572941660881042,
                    0.027810079976916313
                ],
                [
                    0.23977264761924744,
                    0.9610257744789124,
                    0.13761717081069946
                ],
                [
                    -0.060542795807123184,
                    -0.1266746073961258,
                    0.9900949597358704
                ]
            ]
        ],
        "betas": [
            -0.023607268929481506,
            -0.039998531341552734,
            0.03755629062652588,
            0.17186670005321503,
            0.011259138584136963,
            -0.047057680785655975,
            -0.0034997761249542236,
            0.018760383129119873,
            0.021531149744987488,
            -0.05403029918670654
        ]
    },
    "pred_cam_t": [
        -0.014988390728831291,
        0.1316438615322113,
        33.685020446777344
    ],
    "focal_length": [
        5000.0,
        5000.0
    ],
    "pred_keypoints_3d": [
        [
            0.23309695720672607,
            -0.7105280160903931,
            -0.18336427211761475
        ],
        [
            0.0910813957452774,
            -0.7183447480201721,
            -0.05605710297822952
        ],
        [
            -0.07358293235301971,
            -0.6451075673103333,
            -0.15168234705924988
        ],
        [
            -0.18470847606658936,
            -0.41672471165657043,
            -0.15252839028835297
        ],
        [
            0.06065629422664642,
            -0.39140477776527405,
            -0.21558694541454315
        ],
        [
            0.1948334276676178,
            -0.6229129433631897,
            0.08570177108049393
        ],
        [
            0.14374057948589325,
            -0.4038907289505005,
            0.21685859560966492
        ],
        [
            0.17397603392601013,
            -0.3749482035636902,
            -0.028217479586601257
        ],
        [
            -0.0018864248413592577,
            -0.22488240897655487,
            0.02817477658390999
        ],
        [
            -0.06885205209255219,
            -0.13670602440834045,
            0.00609816238284111
        ],
        [
            -0.12524519860744476,
            0.24156948924064636,
            -0.005859839729964733
        ],
        [
            -0.2439729869365692,
            0.5890121459960938,
            0.1497473567724228
        ],
        [
            0.04405830800533295,
            -0.13507770001888275,
            0.08306869864463806
        ],
        [
            0.0026398636400699615,
            0.22783513367176056,
            0.1667981892824173
        ],
        [
            -0.1090441644191742,
            0.5530713796615601,
            0.367949903011322
        ],
        [
            0.22114939987659454,
            -0.7685704231262207,
            -0.20005306601524353
        ],
        [
            0.26307544112205505,
            -0.7532695531845093,
            -0.15082603693008423
        ],
        [
            0.14105111360549927,
            -0.8288577795028687,
            -0.16868560016155243
        ],
        [
            0.23499000072479248,
            -0.7938618063926697,
            -0.06135086715221405
        ],
        [
            -0.037208814173936844,
            0.6838604211807251,
            0.2352365255355835
        ],
        [
            0.001318313181400299,
            0.6681915521621704,
            0.3089246153831482
        ],
        [
            -0.13786274194717407,
            0.5586928129196167,
            0.4297361373901367
        ],
        [
            -0.14894402027130127,
            0.7132692337036133,
            0.025060489773750305
        ],
        [
            -0.23570793867111206,
            0.700567901134491,
            0.02308904379606247
        ],
        [
            -0.2870873510837555,
            0.6066246032714844,
            0.20694014430046082
        ],
        [
            -0.2629362642765045,
            0.5335257649421692,
            0.14128375053405762
        ],
        [
            -0.11339219659566879,
            0.17789782583713531,
            -0.010157359763979912
        ],
        [
            -0.12533137202262878,
            -0.26129794120788574,
            -0.048730697482824326
        ],
        [
            0.11192798614501953,
            -0.2409723401069641,
            0.12143659591674805
        ],
        [
            0.018708743155002594,
            0.18508774042129517,
            0.16253703832626343
        ],
        [
            -0.10256387293338776,
            0.5102803707122803,
            0.376451313495636
        ],
        [
            0.04519832879304886,
            -0.4256956875324249,
            -0.19787344336509705
        ],
        [
            -0.17328578233718872,
            -0.4418688416481018,
            -0.1909053474664688
        ],
        [
            -0.03877641260623932,
            -0.6719304323196411,
            -0.1363494098186493
        ],
        [
            0.17801246047019958,
            -0.6529691219329834,
            0.06445588171482086
        ],
        [
            0.19285860657691956,
            -0.4238676428794861,
            0.2026837170124054
        ],
        [
            0.1800290048122406,
            -0.39663028717041016,
            -0.012089047580957413
        ],
        [
            0.09436734765768051,
            -0.7085901498794556,
            -0.05626702308654785
        ],
        [
            0.23082934319972992,
            -0.8392957448959351,
            -0.13706757128238678
        ],
        [
            -0.005993207450956106,
            -0.25142326951026917,
            0.03682827949523926
        ],
        [
            0.06985990703105927,
            -0.659245491027832,
            -0.03871637210249901
        ],
        [
            0.013132366351783276,
            -0.498575359582901,
            0.008310705423355103
        ],
        [
            0.1833067536354065,
            -0.7355191707611084,
            -0.1248316764831543
        ],
        [
            0.23560234904289246,
            -0.8592115640640259,
            -0.14034530520439148
        ]
    ],
    "pred_vertices": [
        [
            0.3004894256591797,
            -0.7840644121170044,
            -0.15597638487815857
        ],
        [
            0.29119691252708435,
            -0.770961344242096,
            -0.16040217876434326
        ],
        [
            0.29147782921791077,
            -0.7714109420776367,
            -0.14584240317344666
        ],
        [
            0.29668906331062317,
            -0.7833157777786255,
            -0.13858647644519806
        ],
        [
            0.28576016426086426,
            -0.762123703956604,
            -0.14973008632659912
        ],
        [
            0.2834510803222656,
            -0.7615045309066772,
            -0.16166618466377258
        ],
        [
            0.2867015600204468,
            -0.7714629173278809,
            -0.13267728686332703
        ],
        [
            0.28906574845314026,
            -0.7814211845397949,
            -0.12403948605060577
        ],
        [
            0.2618699073791504,
            -0.7511653900146484,
            -0.11152917891740799
        ],
        [
            0.25666871666908264,
            -0.7527728080749512,
            -0.10153819620609283
        ],
        [
            0.26491594314575195,
            -0.7609513998031616,
            -0.10591649264097214
        ],
        [
            0.2671198546886444,
            -0.7575299739837646,
            -0.1154853105545044
        ],
        [
            0.24373868107795715,
            -0.7343841791152954,
            -0.10306120663881302
        ],
        [
            0.23837099969387054,
            -0.7238207459449768,
            -0.11013360321521759
        ],
        [
            0.22936947643756866,
            -0.7227416634559631,
            -0.10017943382263184
        ],
        [
            0.23331107199192047,
            -0.7335543036460876,
            -0.0932001993060112
        ],
        [
            0.23841947317123413,
            -0.7271971702575684,
            -0.15221960842609406
        ],
        [
            0.2373044788837433,
            -0.7216201424598694,
            -0.14567066729068756
        ],
        [
            0.24353298544883728,
            -0.7261034250259399,
            -0.14420032501220703
        ],
        [
            0.24348099529743195,
            -0.7314558625221252,
            -0.1508612185716629
        ],
        [
            0.24182835221290588,
            -0.7326764464378357,
            -0.16558894515037537
        ],
        [
            0.2441253662109375,
            -0.7386268973350525,
            -0.1644056737422943
        ],
        [
            0.2460576444864273,
            -0.7393766641616821,
            -0.17209094762802124
        ],
        [
            0.24445176124572754,
            -0.7320759892463684,
            -0.17307546734809875
        ],
        [
            0.23171281814575195,
            -0.7246888875961304,
            -0.1546543836593628
        ],
        [
            0.2305515557527542,
            -0.7191723585128784,
            -0.14754381775856018
        ],
        [
            0.23975330591201782,
            -0.7314674854278564,
            -0.1581782102584839
        ],
        [
            0.23687808215618134,
            -0.7274271249771118,
            -0.1597469449043274
        ],
        [
            0.23693957924842834,
            -0.716749370098114,
            -0.16646413505077362
        ],
        [
            0.24002209305763245,
            -0.7208327651023865,
            -0.16564063727855682
        ],
        [
            0.24204431474208832,
            -0.7181696891784668,
            -0.17266738414764404
        ],
        [
            0.23760977387428284,
            -0.7146920561790466,
            -0.1717538833618164
        ],
        [
            0.23324862122535706,
            -0.7215718030929565,
            -0.15850985050201416
        ],
        [
            0.2368890941143036,
            -0.7218396663665771,
            -0.16060981154441833
        ],
        [
            0.23432880640029907,
            -0.7181397080421448,
            -0.16287776827812195
        ],
        [
            0.23035995662212372,
            -0.7189688086509705,
            -0.16147005558013916
        ],
        [
            0.24012033641338348,
            -0.7279401421546936,
            -0.16643956303596497
        ],
        [
            0.2432163655757904,
            -0.7255828380584717,
            -0.17331108450889587
        ],
        [
            0.24532240629196167,
            -0.7231067419052124,
            -0.1809513419866562
        ],
        [
            0.24267087876796722,
            -0.7145369648933411,
            -0.18003834784030914
        ],
        [
            0.2323468029499054,
            -0.7133377194404602,
            -0.12976181507110596
        ],
        [
            0.23566114902496338,
            -0.7168000936508179,
            -0.13793151080608368
        ],
        [
            0.2294047623872757,
            -0.7146756052970886,
            -0.14049074053764343
        ],
        [
            0.22744420170783997,
            -0.7114287614822388,
            -0.13373790681362152
        ],
        [
            0.22728759050369263,
            -0.7187545299530029,
            -0.15767976641654968
        ],
        [
            0.2200281023979187,
            -0.7062298059463501,
            -0.1507291942834854
        ],
        [
            0.22260884940624237,
            -0.7088150978088379,
            -0.1516800820827484
        ],
        [
            0.2215406596660614,
            -0.7081747055053711,
            -0.1588539481163025
        ],
        [
            0.2194242626428604,
            -0.7057256698608398,
            -0.15737545490264893
        ],
        [
            0.2219276875257492,
            -0.7074804902076721,
            -0.11691555380821228
        ],
        [
            0.219964399933815,
            -0.7053447961807251,
            -0.12356322258710861
        ],
        [
            0.21463099122047424,
            -0.701780378818512,
            -0.11983607709407806
        ],
        [
            0.21473193168640137,
            -0.7041541337966919,
            -0.11266009509563446
        ],
        [
            0.20926284790039062,
            -0.698808491230011,
            -0.11960886418819427
        ],
        [
            0.20752671360969543,
            -0.7009458541870117,
            -0.10983447730541229
        ],
        [
            0.193762868642807,
            -0.6922520995140076,
            -0.1131119579076767
        ],
        [
            0.20007920265197754,
            -0.6961451768875122,
            -0.111016184091568
        ],
        [
            0.20373734831809998,
            -0.6952579021453857,
            -0.12136051058769226
        ],
        [
            0.19899550080299377,
            -0.6905918121337891,
            -0.12586982548236847
        ],
        [
            0.1986677497625351,
            -0.6910848617553711,
            -0.1408727616071701
        ],
        [
            0.19571982324123383,
            -0.689750611782074,
            -0.14640672504901886
        ],
        [
            0.18999633193016052,
            -0.681241512298584,
            -0.13836316764354706
        ],
        [
            0.19423826038837433,
            -0.6849030256271362,
            -0.13247743248939514
        ],
        [
            0.21400442719459534,
            -0.7048152685165405,
            -0.14676779508590698
        ],
        [
            0.21493344008922577,
            -0.7059086561203003,
            -0.1421414166688919
        ],
        [
            0.2171432226896286,
            -0.7054378986358643,
            -0.14363940060138702
        ],
        [
            0.21708908677101135,
            -0.7049070596694946,
            -0.1489393264055252
        ],
        [
            0.215847447514534,
            -0.7063605785369873,
            -0.13827183842658997
        ],
        [
            0.21625180542469025,
            -0.7064036130905151,
            -0.13651390373706818
        ],
        [
            0.21756231784820557,
            -0.7065355777740479,
            -0.13772477209568024
        ],
        [
            0.21649497747421265,
            -0.7065443992614746,
            -0.13884012401103973
        ],
        [
            0.2154964804649353,
            -0.7062317132949829,
            -0.14059722423553467
        ],
        [
            0.21398496627807617,
            -0.7047145366668701,
            -0.14106734097003937
        ],
        [
            0.21515372395515442,
            -0.7055895328521729,
            -0.1390005201101303
        ],
        [
            0.21285197138786316,
            -0.7029381990432739,
            -0.1451655626296997
        ],
        [
            0.20793414115905762,
            -0.6987895369529724,
            -0.15863806009292603
        ],
        [
            0.20992256700992584,
            -0.6991558074951172,
            -0.15501907467842102
        ],
        [
            0.21122224628925323,
            -0.7033469676971436,
            -0.1567724645137787
        ],
        [
            0.20976001024246216,
            -0.703162670135498,
            -0.16006404161453247
        ],
        [
            0.21860206127166748,
            -0.7070722579956055,
            -0.1406312882900238
        ],
        [
            0.22090543806552887,
            -0.7078956365585327,
            -0.13874615728855133
        ],
        [
            0.22217614948749542,
            -0.7082846760749817,
            -0.14428088068962097
        ],
        [
            0.2195027470588684,
            -0.706908106803894,
            -0.14414922893047333
        ],
        [
            0.22355353832244873,
            -0.7088519930839539,
            -0.13697826862335205
        ],
        [
            0.21930477023124695,
            -0.7074004411697388,
            -0.13594186305999756
        ],
        [
            0.22128406167030334,
            -0.7077188491821289,
            -0.1335146278142929
        ],
        [
            0.21485799551010132,
            -0.7051844596862793,
            -0.13644492626190186
        ],
        [
            0.21460574865341187,
            -0.7044544219970703,
            -0.13305142521858215
        ],
        [
            0.21709895133972168,
            -0.7056066989898682,
            -0.13391147553920746
        ],
        [
            0.2117629498243332,
            -0.7020300030708313,
            -0.133961483836174
        ],
        [
            0.21288186311721802,
            -0.7034827470779419,
            -0.13842235505580902
        ],
        [
            0.2111784964799881,
            -0.7009108662605286,
            -0.14220011234283447
        ],
        [
            0.20925074815750122,
            -0.698273241519928,
            -0.1472463607788086
        ],
        [
            0.20609116554260254,
            -0.6962973475456238,
            -0.14231222867965698
        ],
        [
            0.20896181464195251,
            -0.6990246772766113,
            -0.13733655214309692
        ],
        [
            0.2253260612487793,
            -0.7113546133041382,
            -0.1433856189250946
        ],
        [
            0.21820934116840363,
            -0.7054861187934875,
            -0.12939374148845673
        ],
        [
            0.22435027360916138,
            -0.7092793583869934,
            -0.12850208580493927
        ],
        [
            0.21455030143260956,
            -0.7027781009674072,
            -0.12750035524368286
        ],
        [
            0.21042698621749878,
            -0.7000858783721924,
            -0.12768487632274628
        ],
        [
            0.2064797729253769,
            -0.6969414949417114,
            -0.13073426485061646
        ],
        [
            0.2024785280227661,
            -0.6937029361724854,
            -0.13553525507450104
        ],
        [
            0.18036743998527527,
            -0.6813473701477051,
            -0.12755344808101654
        ],
        [
            0.1870328038930893,
            -0.685610830783844,
            -0.12093143165111542
        ],
        [
            0.2760148048400879,
            -0.7578972578048706,
            -0.1593308448791504
        ],
        [
            0.27939218282699585,
            -0.7573039531707764,
            -0.1509338915348053
        ],
        [
            0.2720154821872711,
            -0.7548905611038208,
            -0.14544449746608734
        ],
        [
            0.2747036814689636,
            -0.7560317516326904,
            -0.14457173645496368
        ],
        [
            0.2740323543548584,
            -0.7561533451080322,
            -0.15101012587547302
        ],
        [
            0.2713693380355835,
            -0.7549908757209778,
            -0.15012283623218536
        ],
        [
            0.2675880193710327,
            -0.7565988898277283,
            -0.1240895688533783
        ],
        [
            0.2681225836277008,
            -0.7560441493988037,
            -0.1309976726770401
        ],
        [
            0.2651979327201843,
            -0.7542810440063477,
            -0.12885500490665436
        ],
        [
            0.2641109824180603,
            -0.7519379258155823,
            -0.12055401504039764
        ],
        [
            0.2593921720981598,
            -0.7459025382995605,
            -0.13647088408470154
        ],
        [
            0.261211633682251,
            -0.7480270266532898,
            -0.1316758692264557
        ],
        [
            0.2644278407096863,
            -0.7518622279167175,
            -0.13793763518333435
        ],
        [
            0.2632250189781189,
            -0.7502920627593994,
            -0.1414794623851776
        ],
        [
            0.26165562868118286,
            -0.7494745850563049,
            -0.14536219835281372
        ],
        [
            0.2598016858100891,
            -0.7495906352996826,
            -0.1494295746088028
        ],
        [
            0.2562204599380493,
            -0.7460564374923706,
            -0.1473604142665863
        ],
        [
            0.2578091621398926,
            -0.7454061508178711,
            -0.14207640290260315
        ],
        [
            0.27127641439437866,
            -0.7578673362731934,
            -0.15689782798290253
        ],
        [
            0.2664428651332855,
            -0.7590671181678772,
            -0.16220290958881378
        ],
        [
            0.264734148979187,
            -0.7572405338287354,
            -0.15978437662124634
        ],
        [
            0.26906657218933105,
            -0.7559078931808472,
            -0.15558715164661407
        ],
        [
            0.2519112527370453,
            -0.7580389976501465,
            -0.1629752665758133
        ],
        [
            0.25482118129730225,
            -0.7588539719581604,
            -0.16327965259552002
        ],
        [
            0.2541923522949219,
            -0.7598012685775757,
            -0.16708236932754517
        ],
        [
            0.250278502702713,
            -0.757387638092041,
            -0.16607876121997833
        ],
        [
            0.2496689260005951,
            -0.7546611428260803,
            -0.16356611251831055
        ],
        [
            0.2517390549182892,
            -0.7563063502311707,
            -0.16177664697170258
        ],
        [
            0.3079882860183716,
            -0.8026474118232727,
            -0.16790136694908142
        ],
        [
            0.29870152473449707,
            -0.786151111125946,
            -0.17166750133037567
        ],
        [
            0.30640918016433716,
            -0.8021237850189209,
            -0.1469467580318451
        ],
        [
            0.29938071966171265,
            -0.7993345260620117,
            -0.13012072443962097
        ],
        [
            0.29033488035202026,
            -0.7933396100997925,
            -0.11466819047927856
        ],
        [
            0.22531083226203918,
            -0.7136595845222473,
            -0.1087164431810379
        ],
        [
            0.2173105776309967,
            -0.7110885977745056,
            -0.10174895823001862
        ],
        [
            0.2203860878944397,
            -0.7222633361816406,
            -0.0910375639796257
        ],
        [
            0.21038782596588135,
            -0.718438982963562,
            -0.08698664605617523
        ],
        [
            0.2077852189540863,
            -0.7068421840667725,
            -0.09832625091075897
        ],
        [
            0.18801501393318176,
            -0.6968978643417358,
            -0.10185559093952179
        ],
        [
            0.19787581264972687,
            -0.7016337513923645,
            -0.09820084273815155
        ],
        [
            0.1992196887731552,
            -0.7152062654495239,
            -0.08454254269599915
        ],
        [
            0.20372331142425537,
            -0.7322177886962891,
            -0.0732908546924591
        ],
        [
            0.21387332677841187,
            -0.7318115234375,
            -0.07809895277023315
        ],
        [
            0.20908966660499573,
            -0.75081467628479,
            -0.06716933846473694
        ],
        [
            0.19143851101398468,
            -0.7340224385261536,
            -0.06803755462169647
        ],
        [
            0.20231454074382782,
            -0.7563227415084839,
            -0.06413023918867111
        ],
        [
            0.16796717047691345,
            -0.7088717222213745,
            -0.07431532442569733
        ],
        [
            0.1633220613002777,
            -0.7032018303871155,
            -0.06875644624233246
        ],
        [
            0.165597602725029,
            -0.7149184346199036,
            -0.05439291149377823
        ],
        [
            0.17139634490013123,
            -0.7203929424285889,
            -0.05952068045735359
        ],
        [
            0.2233314961194992,
            -0.7325819730758667,
            -0.08388052880764008
        ],
        [
            0.2690286338329315,
            -0.772894024848938,
            -0.10244826972484589
        ],
        [
            0.2722364664077759,
            -0.7663060426712036,
            -0.11246611177921295
        ],
        [
            0.260032057762146,
            -0.765920102596283,
            -0.09597636759281158
        ],
        [
            0.29842662811279297,
            -0.8279157876968384,
            -0.10653692483901978
        ],
        [
            0.3009618818759918,
            -0.8142986297607422,
            -0.11979591101408005
        ],
        [
            0.29221513867378235,
            -0.8061586618423462,
            -0.10608749091625214
        ],
        [
            0.2910279631614685,
            -0.8198626637458801,
            -0.0957401916384697
        ],
        [
            0.3085685670375824,
            -0.8535616397857666,
            -0.14297233521938324
        ],
        [
            0.3116929233074188,
            -0.8287115097045898,
            -0.15563082695007324
        ],
        [
            0.30799600481987,
            -0.8225853443145752,
            -0.1385882943868637
        ],
        [
            0.30569136142730713,
            -0.8419612646102905,
            -0.12661978602409363
        ],
        [
            0.2859332859516144,
            -0.8291893005371094,
            -0.08716242760419846
        ],
        [
            0.27809980511665344,
            -0.8422631025314331,
            -0.07554303109645844
        ],
        [
            0.2826898992061615,
            -0.8590829968452454,
            -0.07912782579660416
        ],
        [
            0.29278895258903503,
            -0.8451025485992432,
            -0.09423340857028961
        ],
        [
            0.2841704487800598,
            -0.8808046579360962,
            -0.09015941619873047
        ],
        [
            0.2975671589374542,
            -0.8642334938049316,
            -0.10803823173046112
        ],
        [
            0.1881258189678192,
            -0.7529710531234741,
            -0.056852471083402634
        ],
        [
            0.1983586549758911,
            -0.7687131762504578,
            -0.059076353907585144
        ],
        [
            0.17955254018306732,
            -0.7259792685508728,
            -0.06608861684799194
        ],
        [
            0.17896252870559692,
            -0.7413750886917114,
            -0.054054852575063705
        ],
        [
            0.2806311845779419,
            -0.898941695690155,
            -0.10555905103683472
        ],
        [
            0.2973245680332184,
            -0.8800173997879028,
            -0.12604430317878723
        ],
        [
            0.23348134756088257,
            -0.860088586807251,
            -0.04870056360960007
        ],
        [
            0.25049296021461487,
            -0.8675860166549683,
            -0.056828200817108154
        ],
        [
            0.25366586446762085,
            -0.8465089797973633,
            -0.05788908526301384
        ],
        [
            0.23786264657974243,
            -0.8426786065101624,
            -0.04981484264135361
        ],
        [
            0.22626031935214996,
            -0.878791332244873,
            -0.05071011930704117
