{
    "pred_cam": [
        2.492719888687134,
        0.11466234177350998,
        0.46245530247688293
    ],
    "pred_smpl_params": {
        "global_orient": [
            [
                [
                    -0.8931951522827148,
                    -0.14932624995708466,
                    -0.42415106296539307
                ],
                [
                    0.31546735763549805,
                    -0.8802656531333923,
                    -0.3544188439846039
                ],
                [
                    -0.3204415738582611,
                    -0.45037099719047546,
                    0.8333565592765808
                ]
            ]
        ],
        "body_pose": [
            [
                [
                    0.99997878074646,
                    0.005936821456998587,
                    -0.002657658187672496
                ],
                [
                    -0.004289641976356506,
                    0.9090539216995239,
                    0.41665640473365784
                ],
                [
                    0.004889565519988537,
                    -0.41663622856140137,
                    0.9090601205825806
                ]
            ],
            [
                [
                    0.9991343021392822,
                    0.03021257556974888,
                    0.02859681285917759
                ],
                [
                    -0.04062359780073166,
                    0.8566728234291077,
                    0.5142580270767212
                ],
                [
                    -0.008961057290434837,
                    -0.5149745345115662,
                    0.8571585416793823
                ]
            ],
            [
                [
                    0.9975866675376892,
                    0.057028792798519135,
                    0.03960362821817398
                ],
                [
                    -0.031995370984077454,
                    0.88381427526474,
                    -0.4667425751686096
                ],
                [
                    -0.061620015650987625,
                    0.46434909105300903,
                    0.8835060000419617
                ]
            ],
            [
                [
                    0.9973596930503845,
                    0.047736044973134995,
                    -0.05472566559910774
                ],
                [
                    -0.07035467028617859,
                    0.8219045996665955,
                    -0.5652637481689453
                ],
                [
                    0.017995815724134445,
                    0.5676214694976807,
                    0.8230929970741272
                ]
            ],
            [
                [
                    0.9900462627410889,
                    -0.1351921558380127,
                    0.039134442806243896
                ],
                [
                    0.1286144107580185,
                    0.7561348676681519,
                    -0.6416529417037964
                ],
                [
                    0.057155512273311615,
                    0.6402993202209473,
                    0.7659961581230164
                ]
            ],
            [
                [
                    0.9974635243415833,
                    -0.0376192182302475,
                    0.06042712926864624
                ],
                [
                    0.036973558366298676,
                    0.9992469549179077,
                    0.011768186464905739
                ],
                [
                    -0.06082433462142944,
                    -0.009504130110144615,
                    0.9981033205986023
                ]
            ],
            [
                [
                    0.9804151058197021,
                    0.017718080431222916,
                    0.19614389538764954
                ],
                [
                    -0.041459448635578156,
                    0.9921945929527283,
                    0.11760568618774414
                ],
                [
                    -0.19252914190292358,
                    -0.1234343871474266,
                    0.9734971523284912
                ]
            ],
            [
                [
                    0.9863704442977905,
                    -0.0028008874505758286,
                    -0.16451658308506012
                ],
                [
                    0.005649475380778313,
                    0.9998420476913452,
                    0.01684953272342682
                ],
                [
                    0.16444341838359833,
                    -0.017549309879541397,
                    0.9862304925918579
                ]
            ],
            [
                [
                    0.9995885491371155,
                    -0.015821244567632675,
                    0.023923305794596672
                ],
                [
                    0.01699835993349552,
                    0.9986130595207214,
                    -0.049829188734292984
                ],
                [
                    -0.023101767525076866,
                    0.05021534860134125,
                    0.9984711408615112
                ]
            ],
            [
                [
                    0.9944363832473755,
                    -0.10274743288755417,
                    -0.023222826421260834
                ],
                [
                    0.10364281386137009,
                    0.9937542676925659,
                    0.041359107941389084
                ],
                [
                    0.018828241154551506,
                    -0.043535880744457245,
                    0.9988744258880615
                ]
            ],
            [
                [
                    0.993654727935791,
                    0.07974811643362045,
                    -0.0793127715587616
                ],
                [
                    -0.07167854905128479,
                    0.99241703748703,
                    0.09985338151454926
                ],
                [
                    0.08667445182800293,
                    -0.09353476017713547,
                    0.9918361306190491
                ]
            ],
            [
                [
                    0.9367004036903381,
                    -0.12910057604312897,
                    -0.3254616856575012
                ],
                [
                    0.14018882811069489,
                    0.9900664687156677,
                    0.010744101367890835
                ],
                [
                    0.32084164023399353,
                    -0.05569010227918625,
                    0.9454941153526306
                ]
            ],
            [
                [
                    0.9457383155822754,
                    0.3092763125896454,
                    -0.09963526576757431
                ],
                [
                    -0.3053920567035675,
                    0.9507775902748108,
                    0.05251193046569824
                ],
                [
                    0.11097169667482376,
                    -0.01923472248017788,
                    0.9936373233795166
                ]
            ],
            [
                [
                    0.9075450897216797,
                    -0.36849963665008545,
                    0.20141969621181488
                ],
                [
                    0.36907893419265747,
                    0.9286971688270569,
                    0.036087766289711
                ],
                [
                    -0.20035623013973236,
                    0.04158848896622658,
                    0.9788399934768677
                ]
            ],
            [
                [
                    0.9479196071624756,
                    -0.15050826966762543,
                    -0.2807057797908783
                ],
                [
                    0.1381792575120926,
                    0.988380491733551,
                    -0.06332830339670181
                ],
                [
                    0.28697556257247925,
                    0.021242421120405197,
                    0.9577023386955261
                ]
            ],
            [
                [
                    0.6338738203048706,
                    0.7334845662117004,
                    -0.24536585807800293
                ],
                [
                    -0.735090970993042,
                    0.6699784398078918,
                    0.10377950221300125
                ],
                [
                    0.240510493516922,
                    0.1145831048488617,
                    0.9638596773147583
                ]
            ],
            [
                [
                    0.509108304977417,
                    -0.8234643936157227,
                    0.2504299283027649
                ],
                [
                    0.833624541759491,
                    0.544166088104248,
                    0.09462229162454605
                ],
                [
                    -0.21419356763362885,
                    0.16059152781963348,
                    0.9634996056556702
                ]
            ],
            [
                [
                    0.7037093043327332,
                    -0.21028831601142883,
                    -0.6786546111106873
                ],
                [
                    0.2635950446128845,
                    0.9642971754074097,
                    -0.02547108381986618
                ],
                [
                    0.6597808599472046,
                    -0.16096578538417816,
                    0.7340158224105835
                ]
            ],
            [
                [
                    0.6462146639823914,
                    0.32246360182762146,
                    0.6916818618774414
                ],
                [
                    -0.2452099621295929,
                    0.9460186958312988,
                    -0.21194474399089813
                ],
                [
                    -0.7226884961128235,
                    -0.03264547511935234,
                    0.6904024481773376
                ]
            ],
            [
                [
                    0.9955484867095947,
                    -0.08791425824165344,
                    0.033974986523389816
                ],
                [
                    0.08877227455377579,
                    0.995747447013855,
                    -0.024627013131976128
                ],
                [
                    -0.031665440648794174,
                    0.02753342315554619,
                    0.999119222164154
                ]
            ],
            [
                [
                    0.9884343147277832,
                    0.14422792196273804,
                    -0.04686102643609047
                ],
                [
                    -0.14531630277633667,
                    0.9891688227653503,
                    -0.020696891471743584
                ],
                [
                    0.0433683879673481,
                    0.02726718783378601,
                    0.9986870884895325
                ]
            ],
            [
                [
                    0.9630148410797119,
                    0.241287499666214,
                    -0.11992871016263962
                ],
                [
                    -0.21841402351856232,
                    0.9596776962280273,
                    0.1769578754901886
                ],
                [
                    0.1577906310558319,
                    -0.14421892166137695,
                    0.9768844246864319
                ]
            ],
            [
                [
                    0.974533200263977,
                    -0.21546174585819244,
                    0.062139932066202164
                ],
                [
                    0.19888100028038025,
                    0.9584783911705017,
                    0.20436635613441467
                ],
                [
                    -0.10359290987253189,
                    -0.18680332601070404,
                    0.9769202470779419
                ]
            ]
        ],
        "betas": [
            -0.2660592198371887,
            -0.16621336340904236,
            -0.40583205223083496,
            -0.19728651642799377,
            0.06483316421508789,
            -0.015150453895330429,
            0.02445891499519348,
            -0.04424634575843811,
            0.005743637681007385,
            0.01456528902053833
        ]
    },
    "pred_cam_t": [
        0.11466234177350998,
        0.46245530247688293,
        15.670633316040039
    ],
    "focal_length": [
        5000.0,
        5000.0
    ],
    "pred_keypoints_3d": [
        [
            -0.14447881281375885,
            -0.7814246416091919,
            0.0947471633553505
        ],
        [
            -0.1408192217350006,
            -0.6695660352706909,
            -0.05694319307804108
        ],
        [
            0.037721309810876846,
            -0.6295599341392517,
            0.032536398619413376
        ],
        [
            0.12618428468704224,
            -0.39776477217674255,
            0.07770290225744247
        ],
        [
            0.08229666948318481,
            -0.2650080621242523,
            0.28765004873275757
        ],
        [
            -0.2634544372558594,
            -0.531326949596405,
            -0.1262856125831604
        ],
        [
            -0.27570608258247375,
            -0.27339988946914673,
            -0.12071803212165833
        ],
        [
            -0.3989602029323578,
            -0.13254912197589874,
            0.039057016372680664
        ],
        [
            -0.0015545368660241365,
            -0.21645818650722504,
            0.028496433049440384
        ],
        [
            0.07423266023397446,
            -0.15799742937088013,
            0.08698485791683197
        ],
        [
            0.0874219462275505,
            0.047186434268951416,
            0.4045407176017761
        ],
        [
            0.14338740706443787,
            0.43140390515327454,
            0.4707621932029724
        ],
        [
            -0.04768504574894905,
            -0.11291131377220154,
            0.04099147021770477
        ],
        [
            -0.0880032330751419,
            0.14167320728302002,
            0.3079454302787781
        ],
        [
            0.04239179193973541,
            0.5028961896896362,
            0.39440855383872986
        ],
        [
            -0.12156634777784348,
            -0.8196930885314941,
            0.053634002804756165
        ],
        [
            -0.18632619082927704,
            -0.8157522678375244,
            0.06785394251346588
        ],
        [
            -0.09949349611997604,
            -0.8013120889663696,
            -0.044079892337322235
        ],
        [
            -0.2438487410545349,
            -0.7906997203826904,
            -0.01573919504880905
        ],
        [
            -0.03975394368171692,
            0.5027343034744263,
            0.5740342140197754
        ],
        [
            -0.07163757085800171,
            0.5456702709197998,
            0.5110707879066467
        ],
        [
            0.07422613352537155,
            0.5502040386199951,
            0.3559398651123047
        ],
        [
            0.08628374338150024,
            0.43100982904434204,
            0.6609236001968384
        ],
        [
            0.1688576638698578,
            0.43590766191482544,
            0.6360281109809875
        ],
        [
            0.17078161239624023,
            0.48555082082748413,
            0.4321472644805908
        ],
        [
            0.1665593683719635,
            0.38553446531295776,
            0.4402118921279907
        ],
        [
            0.08341934531927109,
            0.0039793504402041435,
            0.3615720570087433
        ],
        [
            0.13496705889701843,
            -0.2845660150051117,
            0.04556609317660332
        ],
        [
            -0.1233733743429184,
            -0.1719190776348114,
            -0.0529152937233448
        ],
        [
            -0.09926390647888184,
            0.11359760165214539,
            0.2788226008415222
        ],
        [
            0.036557864397764206,
            0.4799315333366394,
            0.3589378297328949
        ],
        [
            0.061322882771492004,
            -0.2926534414291382,
            0.2808297872543335
        ],
        [
            0.13241274654865265,
            -0.4293532073497772,
            0.1052171140909195
        ],
        [
            0.0023074550554156303,
            -0.6492863893508911,
            0.008364871144294739
        ],
        [
            -0.2465651035308838,
            -0.5681746006011963,
            -0.12029746174812317
        ],
        [
            -0.3180636465549469,
            -0.30140456557273865,
            -0.11947937309741974
        ],
        [
            -0.40484994649887085,
            -0.15208393335342407,
            0.03440997004508972
        ],
        [
            -0.14136026799678802,
            -0.6610413789749146,
            -0.04964686557650566
        ],
        [
            -0.1754431575536728,
            -0.8493387699127197,
            -0.018206128850579262
        ],
        [
            0.005449563730508089,
            -0.22829467058181763,
            -0.004090484231710434
        ],
        [
            -0.12164971977472305,
            -0.606893002986908,
            -0.05299457907676697
        ],
        [
            -0.05526166036725044,
            -0.44708532094955444,
            -0.0632593110203743
        ],
        [
            -0.1634136587381363,
            -0.7464756965637207,
            0.02641584351658821
        ],
        [
            -0.17329272627830505,
            -0.8677172064781189,
            -0.02996670827269554
        ]
    ],
    "pred_vertices": [
        [
            -0.20251525938510895,
            -0.8614038228988647,
            0.06490743160247803
        ],
        [
            -0.19432049989700317,
            -0.8481881618499756,
            0.07145058363676071
        ],
        [
            -0.20644095540046692,
            -0.8431607484817505,
            0.06548646092414856
        ],
        [
            -0.21455436944961548,
            -0.8523333072662354,
            0.05624395236372948
        ],
        [
            -0.20070430636405945,
            -0.8348191380500793,
            0.07103095948696136
        ],
        [
            -0.1893835961818695,
            -0.8381731510162354,
            0.07557561993598938
        ],
        [
            -0.21451348066329956,
            -0.835435152053833,
            0.05729774758219719
        ],
        [
            -0.2222323715686798,
            -0.8406121134757996,
            0.04759911447763443
        ],
        [
            -0.21853290498256683,
            -0.7982126474380493,
            0.050823427736759186
        ],
        [
            -0.2235889434814453,
            -0.7923216819763184,
            0.042653851211071014
        ],
        [
            -0.2248159945011139,
            -0.8047266602516174,
            0.0432511530816555
        ],
        [
            -0.21831965446472168,
            -0.8075169324874878,
            0.050805479288101196
        ],
        [
            -0.21621839702129364,
            -0.771935224533081,
            0.049135368317365646
        ],
        [
            -0.20782414078712463,
            -0.7642850875854492,
            0.05736210197210312
        ],
        [
            -0.2110421359539032,
            -0.7539737224578857,
            0.04860078543424606
        ],
        [
            -0.21828138828277588,
            -0.7611628174781799,
            0.03962072730064392
        ],
        [
            -0.17260710895061493,
            -0.7833387851715088,
            0.0739191472530365
        ],
        [
            -0.17786216735839844,
            -0.7762720584869385,
            0.07462634146213531
        ],
        [
            -0.18232715129852295,
            -0.7825278043746948,
            0.07391436398029327
        ],
        [
            -0.17636848986148834,
            -0.7888250946998596,
            0.07284502685070038
        ],
        [
            -0.1631791889667511,
            -0.7944918274879456,
            0.07657714933156967
        ],
        [
            -0.165357768535614,
            -0.7994812726974487,
            0.07305214554071426
        ],
        [
            -0.1600394994020462,
            -0.804154634475708,
            0.0766100212931633
        ],
        [
            -0.15853238105773926,
            -0.7985394597053528,
            0.0814250260591507
        ],
        [
            -0.16672858595848083,
            -0.7785528302192688,
            0.07346116751432419
        ],
        [
            -0.17250466346740723,
            -0.7711508274078369,
            0.0738995373249054
        ],
        [
            -0.16800779104232788,
            -0.7894527912139893,
            0.07366760075092316
        ],
        [
            -0.1653968244791031,
            -0.7856897115707397,
            0.07579892873764038
        ],
        [
            -0.1601477861404419,
            -0.7811588644981384,
            0.08564683794975281
        ],
        [
            -0.1623467057943344,
            -0.7855165004730225,
            0.0840284526348114
        ],
        [
            -0.15770240128040314,
            -0.7878026962280273,
            0.08987138420343399
        ],
        [
            -0.1561143547296524,
            -0.7823782563209534,
            0.08950367569923401
        ],
        [
            -0.16421066224575043,
            -0.7794488668441772,
            0.0773525983095169
        ],
        [
            -0.16452473402023315,
            -0.7825530767440796,
            0.07978224754333496
        ],
        [
            -0.16138014197349548,
            -0.7793562412261963,
            0.08195045590400696
        ],
        [
            -0.1604735255241394,
            -0.7769635319709778,
            0.07888861000537872
        ],
        [
            -0.16145972907543182,
            -0.7908815145492554,
            0.07961899042129517
        ],
        [
            -0.15758700668811798,
            -0.7936832904815674,
            0.08559036999940872
        ],
        [
            -0.1527174860239029,
            -0.796237587928772,
            0.09158775955438614
        ],
        [
            -0.1524265855550766,
            -0.7885557413101196,
            0.09568947553634644
        ],
        [
            -0.18873772025108337,
            -0.7610927820205688,
            0.07061898708343506
        ],
        [
            -0.18335993587970734,
            -0.7690488696098328,
            0.07375335693359375
        ],
        [
            -0.17802664637565613,
            -0.7644294500350952,
            0.07367110252380371
        ],
        [
            -0.18282726407051086,
            -0.7582023739814758,
            0.0718139111995697
        ],
        [
            -0.16221988201141357,
            -0.7732636332511902,
            0.0762239545583725
        ],
        [
            -0.16493916511535645,
            -0.7572134137153625,
            0.0779469758272171
        ],
        [
            -0.16545897722244263,
            -0.7609803080558777,
            0.07809776812791824
        ],
        [
            -0.15889067947864532,
            -0.762773334980011,
            0.08082278072834015
        ],
        [
            -0.15911456942558289,
            -0.7591837644577026,
            0.08073355257511139
        ],
        [
            -0.1938747763633728,
            -0.7453986406326294,
            0.06329716742038727
        ],
        [
            -0.1875971555709839,
            -0.7452129125595093,
            0.06734879314899445
        ],
        [
            -0.18796169757843018,
            -0.738023042678833,
            0.06501056253910065
        ],
        [
            -0.193900465965271,
            -0.7366389036178589,
            0.05973657965660095
        ],
        [
            -0.18605604767799377,
            -0.7320034503936768,
            0.06394976377487183
        ],
        [
            -0.1928069293498993,
            -0.7283388376235962,
            0.056674785912036896
        ],
        [
            -0.18285679817199707,
            -0.7151167988777161,
            0.05593430995941162
        ],
        [
            -0.18798388540744781,
            -0.7208046913146973,
            0.056084826588630676
        ],
        [
            -0.18188676238059998,
            -0.7267875075340271,
            0.06411023437976837
        ],
        [
            -0.1758100837469101,
            -0.7226400971412659,
            0.06661709398031235
        ],
        [
            -0.16204522550106049,
            -0.7296843528747559,
            0.07317246496677399
        ],
        [
            -0.1558583527803421,
            -0.7290894985198975,
            0.07515497505664825
        ],
        [
            -0.1599823236465454,
            -0.7164496183395386,
            0.07424858212471008
        ],
        [
            -0.16784454882144928,
            -0.7186592817306519,
            0.07092344760894775
        ],
        [
            -0.1648906171321869,
            -0.7506586313247681,
            0.07410069555044174
        ],
        [
            -0.16913804411888123,
            -0.7501230239868164,
            0.07194630801677704
        ],
        [
            -0.16913114488124847,
            -0.7517944574356079,
            0.0741586908698082
        ],
        [
            -0.1646118462085724,
            -0.7535966634750366,
            0.07666292041540146
        ],
        [
            -0.1729281097650528,
            -0.7492889165878296,
            0.07086212188005447
        ],
        [
            -0.17461928725242615,
            -0.748795747756958,
            0.0704374834895134
        ],
        [
            -0.1742963343858719,
            -0.7502237558364868,
            0.07148310542106628
        ],
        [
            -0.17254070937633514,
            -0.7503165602684021,
            0.07132332772016525
        ],
        [
            -0.1705445647239685,
            -0.7502136826515198,
            0.07161359488964081
        ],
        [
            -0.16940012574195862,
            -0.7484595775604248,
            0.07189962267875671
        ],
        [
            -0.17199884355068207,
            -0.7486456632614136,
            0.07120992243289948
        ],
        [
            -0.16544890403747559,
            -0.748247504234314,
            0.07411730289459229
        ],
        [
            -0.1521666944026947,
            -0.7478921413421631,
            0.08038261532783508
        ],
        [
            -0.1560342162847519,
            -0.7476788759231567,
            0.07943908870220184
        ],
        [
            -0.15498733520507812,
            -0.7520738840103149,
            0.07801699638366699
        ],
        [
            -0.15178337693214417,
            -0.7526242136955261,
            0.07870319485664368
        ],
        [
            -0.17239949107170105,
            -0.7528815269470215,
            0.07267678529024124
        ],
        [
            -0.1752053052186966,
            -0.7537113428115845,
            0.07264018803834915
        ],
        [
            -0.17113268375396729,
            -0.757156491279602,
            0.07527261227369308
        ],
        [
            -0.16992256045341492,
            -0.7544493079185486,
            0.07456532120704651
        ],
        [
            -0.1779860407114029,
            -0.7554508447647095,
            0.07286913692951202
        ],
        [
            -0.17668142914772034,
            -0.7511991262435913,
            0.07119666039943695
        ],
        [
            -0.1801539659500122,
            -0.751693069934845,
            0.0709724873304367
        ],
        [
            -0.17402151226997375,
            -0.7471170425415039,
            0.07045526057481766
        ],
        [
            -0.17678102850914001,
            -0.7450113296508789,
            0.06963036954402924
        ],
        [
            -0.17734098434448242,
            -0.7476671934127808,
            0.07056188583374023
        ],
        [
            -0.17451632022857666,
            -0.7420904636383057,
            0.0696963369846344
        ],
        [
            -0.1713126301765442,
            -0.7456294298171997,
            0.0711110383272171
        ],
        [
            -0.16728466749191284,
            -0.7444522380828857,
            0.07324424386024475
        ],
        [
            -0.16212522983551025,
            -0.7436251640319824,
            0.07610656321048737
        ],
        [
            -0.16466718912124634,
            -0.7383114099502563,
            0.07378918677568436
        ],
        [
            -0.17024913430213928,
            -0.7398074865341187,
            0.07131922990083694
        ],
        [
            -0.17371578514575958,
            -0.7609182596206665,
            0.07466393709182739
        ],
        [
            -0.18173092603683472,
            -0.7464948296546936,
            0.06932997703552246
        ],
        [
            -0.18569698929786682,
            -0.7525784373283386,
            0.06932959705591202
        ],
        [
            -0.1814553588628769,
            -0.7416414022445679,
            0.06842508167028427
        ],
        [
            -0.17920494079589844,
            -0.7373497486114502,
            0.06786975264549255
        ],
        [
            -0.1754741668701172,
            -0.733587920665741,
            0.06858502328395844
        ],
        [
            -0.1685960590839386,
            -0.7314679622650146,
            0.07086189836263657
        ],
        [
            -0.16354480385780334,
            -0.7064676880836487,
            0.06351292133331299
        ],
        [
            -0.17319951951503754,
            -0.7099429965019226,
            0.06033980846405029
        ],
        [
            -0.18670883774757385,
            -0.8302828669548035,
            0.07328875362873077
        ],
        [
            -0.19574281573295593,
            -0.8285267949104309,
            0.07197557389736176
        ],
        [
            -0.19611471891403198,
            -0.8202300071716309,
            0.06820607930421829
        ],
        [
            -0.19802437722682953,
            -0.8222048282623291,
            0.06814998388290405
        ],
        [
            -0.19256135821342468,
            -0.8245710134506226,
            0.07042701542377472
        ],
        [
            -0.191852405667305,
            -0.8215894103050232,
            0.07002055644989014
        ],
        [
            -0.21105313301086426,
            -0.8107529282569885,
            0.05561496317386627
        ],
        [
            -0.20572853088378906,
            -0.813278317451477,
            0.059431273490190506
        ],
        [
            -0.20610517263412476,
            -0.8092151880264282,
            0.05837886780500412
        ],
        [
            -0.21228289604187012,
            -0.8037921786308289,
            0.055772487074136734
        ],
        [
            -0.19677290320396423,
            -0.8030437231063843,
            0.06448552012443542
        ],
        [
            -0.20180657505989075,
            -0.8035620450973511,
            0.06188463792204857
        ],
        [
            -0.19804760813713074,
            -0.8109066486358643,
            0.0636347234249115
        ],
        [
            -0.194481760263443,
            -0.8104817867279053,
            0.06562574207782745
        ],
        [
            -0.19044190645217896,
            -0.8105137348175049,
            0.06705126166343689
        ],
        [
            -0.18628880381584167,
            -0.8108037710189819,
            0.06774365901947021
        ],
        [
            -0.18592208623886108,
            -0.8056355118751526,
            0.0673278272151947
        ],
        [
            -0.1910841464996338,
            -0.8041300773620605,
            0.06636102497577667
        ],
        [
            -0.1858474761247635,
            -0.8263993263244629,
            0.0708230584859848
        ],
        [
            -0.17882117629051208,
            -0.8259239196777344,
            0.06951011717319489
        ],
        [
            -0.17985737323760986,
            -0.8229944705963135,
            0.06923791766166687
        ],
        [
            -0.1858082413673401,
            -0.8230760097503662,
            0.07084377110004425
        ],
        [
            -0.17000535130500793,
            -0.8169251680374146,
            0.06277716159820557
        ],
        [
            -0.17124181985855103,
            -0.8193390369415283,
            0.06398472189903259
        ],
        [
            -0.1677016019821167,
            -0.8211597204208374,
            0.0643680989742279
        ],
        [
            -0.1665840744972229,
            -0.8166713118553162,
            0.06369252502918243
        ],
        [
            -0.1684645265340805,
            -0.8135765790939331,
            0.06428262591362
        ],
        [
            -0.1709318310022354,
            -0.8152216672897339,
            0.06348413974046707
        ],
        [
            -0.1960155963897705,
            -0.8833392858505249,
            0.06063883751630783
        ],
        [
            -0.18838265538215637,
            -0.8682761192321777,
            0.0698343962430954
        ],
        [
            -0.2122417688369751,
            -0.8742461204528809,
            0.051827430725097656
        ],
        [
            -0.2224671095609665,
            -0.8618149161338806,
            0.04289844259619713
        ],
        [
            -0.22992318868637085,
            -0.8465681076049805,
            0.03586707264184952
        ],
        [
            -0.2022787630558014,
            -0.7484263181686401,
            0.05678030848503113
        ],
        [
            -0.20368263125419617,
            -0.7387571334838867,
            0.0510701946914196
        ],
        [
            -0.21359428763389587,
            -0.7443767786026001,
            0.039630185812711716
        ],
        [
            -0.21127232909202576,
            -0.7337180376052856,
            0.03428013250231743
        ],
        [
            -0.20152992010116577,
            -0.7282767295837402,
            0.04684775322675705
        ],
        [
            -0.18759813904762268,
            -0.7108664512634277,
            0.04210234433412552
        ],
        [
            -0.19595924019813538,
            -0.7183642387390137,
            0.04376697540283203
        ],
        [
            -0.20583416521549225,
            -0.7239148616790771,
            0.02734890580177307
        ],
        [
            -0.21581634879112244,
            -0.7342626452445984,
            0.01268739439547062
        ],
        [
            -0.21960163116455078,
            -0.74204421043396,
            0.022171296179294586
        ],
        [
            -0.22293367981910706,
            -0.7485219240188599,
            0.0004547722637653351
        ],
        [
            -0.21260491013526917,
            -0.7255645990371704,
            -0.0006987936794757843
        ],
        [
            -0.2218920886516571,
            -0.7465353012084961,
            -0.00910278595983982
        ],
        [
            -0.19520170986652374,
            -0.6892151832580566,
            -0.0010275868698954582
        ],
        [
            -0.19576898217201233,
            -0.6772557497024536,
            -0.007492641918361187
        ],
        [
            -0.20459313690662384,
            -0.6824315190315247,
            -0.021665239706635475
        ],
        [
            -0.20639118552207947,
            -0.6939667463302612,
            -0.01464155875146389
        ],
        [
            -0.22016367316246033,
            -0.750739574432373,
            0.030473321676254272
        ],
        [
            -0.22854715585708618,
            -0.8142658472061157,
            0.03516184166073799
        ],
        [
            -0.22271528840065002,
            -0.8156768083572388,
            0.04575875401496887
        ],
        [
            -0.2302023023366928,
            -0.801270604133606,
            0.03261715546250343
        ],
        [
            -0.2397046834230423,
            -0.8717550039291382,
            0.012251175940036774
        ],
        [
            -0.2320626676082611,
            -0.8688017129898071,
            0.029186733067035675
        ],
        [
            -0.23793122172355652,
            -0.8525742292404175,
            0.02448461204767227
        ],
        [
            -0.24517026543617249,
            -0.8572173118591309,
            0.009378109127283096
        ],
        [
            -0.21502549946308136,
            -0.9087303876876831,
            0.014435213059186935
        ],
        [
            -0.20731952786445618,
            -0.8989143371582031,
            0.03987089544534683
        ],
        [
            -0.2192884385585785,
            -0.8859397172927856,
            0.034756992012262344
        ],
        [
            -0.2273975908756256,
            -0.8932695388793945,
            0.014877542853355408
        ],
        [
            -0.2493923008441925,
            -0.8571570515632629,
            -0.00357939675450325
        ],
        [
            -0.25295490026474,
            -0.8569133877754211,
            -0.021705184131860733
        ],
        [
            -0.25090092420578003,
            -0.871991753578186,
            -0.03009745478630066
        ],
        [
            -0.24602267146110535,
            -0.874882161617279,
            -0.008372757583856583
        ],
        [
            -0.24171045422554016,
            -0.8918499946594238,
            -0.03960781171917915
        ],
        [
            -0.23619157075881958,
            -0.8956077098846436,
            -0.013532433658838272
        ],
        [
            -0.21917212009429932,
            -0.7314959168434143,
            -0.021217387169599533
        ],
        [
            -0.2238309383392334,
            -0.7503112554550171,
            -0.022180886939167976
        ],
        [
            -0.20770350098609924,
            -0.7086552381515503,
            -0.006499193608760834
        ],
        [
            -0.21472960710525513,
            -0.7149351835250854,
            -0.02318098209798336
        ],
        [
            -0.2260560840368271,
            -0.9071648120880127,
            -0.048120852559804916
        ],
        [
            -0.2207418531179428,
            -0.9130306243896484,
            -0.017650660127401352
        ],
        [
            -0.24663063883781433,
            -0.8325104713439941,
            -0.07013987004756927
        ],
        [
            -0.2504154443740845,
            -0.850112795829773,
            -0.06272715330123901
        ],
        [
            -0.252862811088562,
            -0.8383921384811401,
            -0.04564797878265381
        ],
        [
            -0.2497517615556717,
            -0.8235305547714233,
            -0.05498046800494194
        ],
        [
