{
    "pred_cam": [
        2.322401523590088,
        0.12467540055513382,
        0.46043160557746887
    ],
    "pred_smpl_params": {
        "global_orient": [
            [
                [
                    -0.9327455163002014,
                    -0.10579863935709,
                    -0.34466278553009033
                ],
                [
                    0.22868824005126953,
                    -0.9126669764518738,
                    -0.3387340009212494
                ],
                [
                    -0.278724730014801,
                    -0.3947729468345642,
                    0.8754809498786926
                ]
            ]
        ],
        "body_pose": [
            [
                [
                    0.9994221925735474,
                    -0.033576108515262604,
                    0.005281618796288967
                ],
                [
                    0.028895175084471703,
                    0.921146035194397,
                    0.3881431221961975
                ],
                [
                    -0.017897479236125946,
                    -0.3877662420272827,
                    0.9215839505195618
                ]
            ],
            [
                [
                    0.9992817044258118,
                    0.035628896206617355,
                    0.012907453812658787
                ],
                [
                    -0.03767349570989609,
                    0.8972787261009216,
                    0.4398539960384369
                ],
                [
                    0.004089922644197941,
                    -0.44002431631088257,
                    0.8979764580726624
                ]
            ],
            [
                [
                    0.9981714487075806,
                    0.05351923033595085,
                    0.028096219524741173
                ],
                [
                    -0.0370587520301342,
                    0.9090523719787598,
                    -0.41503065824508667
                ],
                [
                    -0.04775305464863777,
                    0.4132305681705475,
                    0.9093734622001648
                ]
            ],
            [
                [
                    0.9976992607116699,
                    0.029642920941114426,
                    -0.06097076088190079
                ],
                [
                    -0.05920197069644928,
                    0.81916743516922,
                    -0.5704907774925232
                ],
                [
                    0.03303426131606102,
                    0.572787880897522,
                    0.819037675857544
                ]
            ],
            [
                [
                    0.9887374043464661,
                    -0.13691839575767517,
                    0.06042848527431488
                ],
                [
                    0.14450418949127197,
                    0.7683191895484924,
                    -0.6235417127609253
                ],
                [
                    0.03894597291946411,
                    0.6252512335777283,
                    0.7794511914253235
                ]
            ],
            [
                [
                    0.9983652830123901,
                    -0.0316595621407032,
                    0.047584664076566696
                ],
                [
                    0.030302388593554497,
                    0.9991207122802734,
                    0.02897711656987667
                ],
                [
                    -0.0484602190554142,
                    -0.027487821877002716,
                    0.9984468221664429
                ]
            ],
            [
                [
                    0.9798658490180969,
                    0.03451821953058243,
                    0.1966504007577896
                ],
                [
                    -0.05663660541176796,
                    0.9925377368927002,
                    0.10798689723014832
                ],
                [
                    -0.1914554238319397,
                    -0.11695029586553574,
                    0.9745088219642639
                ]
            ],
            [
                [
                    0.9857574105262756,
                    0.0055442978627979755,
                    -0.16808246076107025
                ],
                [
                    -0.0017461541574448347,
                    0.9997400045394897,
                    0.022736290469765663
                ],
                [
                    0.16816480457782745,
                    -0.022118965163826942,
                    0.9855108261108398
                ]
            ],
            [
                [
                    0.999857485294342,
                    -0.011185649782419205,
                    0.012645603157579899
                ],
                [
                    0.011990244500339031,
                    0.9977837800979614,
                    -0.06545107811689377
                ],
                [
                    -0.011885463260114193,
                    0.06559337675571442,
                    0.997775673866272
                ]
            ],
            [
                [
                    0.9927557706832886,
                    -0.11590152233839035,
                    -0.031664881855249405
                ],
                [
                    0.11701656877994537,
                    0.9924781918525696,
                    0.03597607836127281
                ],
                [
                    0.02725701965391636,
                    -0.03942078351974487,
                    0.9988508224487305
                ]
            ],
            [
                [
                    0.9938604831695557,
                    0.07293395698070526,
                    -0.08319845795631409
                ],
                [
                    -0.06402544677257538,
                    0.9923948645591736,
                    0.10513345897197723
                ],
                [
                    0.09023353457450867,
                    -0.09916117042303085,
                    0.9909716844558716
                ]
            ],
            [
                [
                    0.9119921326637268,
                    -0.15407522022724152,
                    -0.3801725506782532
                ],
                [
                    0.14852632582187653,
                    0.9879253506660461,
                    -0.04408520087599754
                ],
                [
                    0.38237449526786804,
                    -0.016260264441370964,
                    0.9238643646240234
                ]
            ],
            [
                [
                    0.9477831125259399,
                    0.3175705671310425,
                    -0.029256463050842285
                ],
                [
                    -0.31708696484565735,
                    0.9481849670410156,
                    0.020028669387102127
                ],
                [
                    0.034101054072380066,
                    -0.00970599614083767,
                    0.9993711709976196
                ]
            ],
            [
                [
                    0.9277165532112122,
                    -0.3512623608112335,
                    0.12631994485855103
                ],
                [
                    0.35264408588409424,
                    0.935680627822876,
                    0.011998244561254978
                ],
                [
                    -0.12240965664386749,
                    0.03341501206159592,
                    0.9919170141220093
                ]
            ],
            [
                [
                    0.934376060962677,
                    -0.16716474294662476,
                    -0.31463852524757385
                ],
                [
                    0.14753501117229462,
                    0.9853644371032715,
                    -0.08538369089365005
                ],
                [
                    0.3243067264556885,
                    0.03336027264595032,
                    0.9453635811805725
                ]
            ],
            [
                [
                    0.6019523739814758,
                    0.7747685313224792,
                    -0.1933574229478836
                ],
                [
                    -0.7702285647392273,
                    0.6272341012954712,
                    0.115435391664505
                ],
                [
                    0.21071606874465942,
                    0.07944280654191971,
                    0.9743139147758484
                ]
            ],
            [
                [
                    0.47543010115623474,
                    -0.8522322177886963,
                    0.2183266133069992
                ],
                [
                    0.8612755537033081,
                    0.5014797449111938,
                    0.08199118822813034
                ],
                [
                    -0.17936189472675323,
                    0.1490582823753357,
                    0.9724253416061401
                ]
            ],
            [
                [
                    0.7917993068695068,
                    -0.2220592200756073,
                    -0.5689848065376282
                ],
                [
                    0.30775776505470276,
                    0.9497181177139282,
                    0.05762673541903496
                ],
                [
                    0.5275785326957703,
                    -0.2207382768392563,
                    0.8203266263008118
                ]
            ],
            [
                [
                    0.6901686787605286,
                    0.3253902494907379,
                    0.6463654041290283
                ],
                [
                    -0.25613224506378174,
                    0.9452250599861145,
                    -0.20235075056552887
                ],
                [
                    -0.6768037676811218,
                    -0.025898873805999756,
                    0.7357076406478882
                ]
            ],
            [
                [
                    0.9964290857315063,
                    -0.06279975920915604,
                    0.056437741965055466
                ],
                [
                    0.06317546218633652,
                    0.9979904890060425,
                    -0.004895941819995642
                ],
                [
                    -0.05601685866713524,
                    0.008443939499557018,
                    0.9983941316604614
                ]
            ],
            [
                [
                    0.990728497505188,
                    0.11775968223810196,
                    -0.0677465945482254
                ],
                [
                    -0.1172536239027977,
                    0.9930364489555359,
                    0.01141180656850338
                ],
                [
                    0.06861868500709534,
                    -0.003362466813996434,
                    0.9976372718811035
                ]
            ],
            [
                [
                    0.9601879119873047,
                    0.25246262550354004,
                    -0.11959006637334824
                ],
                [
                    -0.22975647449493408,
                    0.9572016596794128,
                    0.17600302398204803
                ],
                [
                    0.1589059680700302,
                    -0.14151939749717712,
                    0.9770984053611755
                ]
            ],
            [
                [
                    0.9738571047782898,
                    -0.216295525431633,
                    0.06941570341587067
                ],
                [
                    0.19902834296226501,
                    0.9597337245941162,
                    0.1982395350933075
                ],
                [
                    -0.10949891060590744,
                    -0.17924129962921143,
                    0.9776924252510071
                ]
            ]
        ],
        "betas": [
            -0.22517743706703186,
            -0.18259426951408386,
            -0.3745840787887573,
            -0.18756410479545593,
            0.07716155052185059,
            0.012087587267160416,
            0.026312053203582764,
            -0.07224100828170776,
            0.03833384811878204,
            0.03509792685508728
        ]
    },
    "pred_cam_t": [
        0.12467540055513382,
        0.46043160557746887,
        16.819873809814453
    ],
    "focal_length": [
        5000.0,
        5000.0
    ],
    "pred_keypoints_3d": [
        [
            -0.07118085026741028,
            -0.793616771697998,
            0.10226280242204666
        ],
        [
            -0.10522493720054626,
            -0.6872393488883972,
            -0.04891365021467209
        ],
        [
            0.07887798547744751,
            -0.6354570984840393,
            0.020659197121858597
        ],
        [
            0.1557231843471527,
            -0.39616721868515015,
            0.04641514644026756
        ],
        [
            0.15334481000900269,
            -0.2529892325401306,
            0.25463438034057617
        ],
        [
            -0.2423572540283203,
            -0.5592343211174011,
            -0.1124918982386589
        ],
        [
            -0.2571514844894409,
            -0.3009532392024994,
            -0.11780808120965958
        ],
        [
            -0.3918461799621582,
            -0.13131113350391388,
            0.0001574009656906128
        ],
        [
            -0.0015940390294417739,
            -0.2174656242132187,
            0.028736542910337448
        ],
        [
            0.07284105569124222,
            -0.15009185671806335,
            0.0794612318277359
        ],
        [
            0.101975217461586,
            0.09610094130039215,
            0.36602991819381714
        ],
        [
            0.13623195886611938,
            0.48892295360565186,
            0.3842913508415222
        ],
        [
            -0.055061742663383484,
            -0.11690083891153336,
            0.03897249698638916
        ],
        [
            -0.10874517261981964,
            0.15884384512901306,
            0.2821465730667114
        ],
        [
            -0.013579100370407104,
            0.5393940210342407,
            0.3238529562950134
        ],
        [
            -0.05248280242085457,
            -0.8309705257415771,
            0.058197587728500366
        ],
        [
            -0.11328405141830444,
            -0.8330456018447876,
            0.08468107879161835
        ],
        [
            -0.051502443850040436,
            -0.8143306374549866,
            -0.04225548356771469
        ],
        [
            -0.1882057785987854,
            -0.8173075914382935,
            0.01303531602025032
        ],
        [
            -0.08733963221311569,
            0.5528830289840698,
            0.5075664520263672
        ],
        [
            -0.1258549690246582,
            0.5850652456283569,
            0.4414089620113373
        ],
        [
            0.01196029782295227,
            0.5855576992034912,
            0.2788102328777313
        ],
        [
            0.0931757241487503,
            0.5059406161308289,
            0.5778108835220337
        ],
        [
            0.17333437502384186,
            0.5126281380653381,
            0.5459085702896118
        ],
        [
            0.1575368344783783,
            0.5402286052703857,
            0.33809998631477356
        ],
        [
            0.16031619906425476,
            0.4412922263145447,
            0.3572036027908325
        ],
        [
            0.09713355451822281,
            0.047534070909023285,
            0.32851824164390564
        ],
        [
            0.14028716087341309,
            -0.27499473094940186,
            0.04172098636627197
        ],
        [
            -0.1310148984193802,
            -0.18767908215522766,
            -0.046485282480716705
        ],
        [
            -0.11853180080652237,
            0.12758271396160126,
            0.2564622759819031
        ],
        [
            -0.018080107867717743,
            0.512656033039093,
            0.29108378291130066
        ],
        [
            0.13303785026073456,
            -0.28190404176712036,
            0.25430944561958313
        ],
        [
            0.16930659115314484,
            -0.42700377106666565,
            0.0728476494550705
        ],
        [
            0.04179397225379944,
            -0.65676349401474,
            0.0005657672882080078
        ],
        [
            -0.22073939442634583,
            -0.5947831869125366,
            -0.10522235184907913
        ],
        [
            -0.3001049757003784,
            -0.3293137848377228,
            -0.11772502958774567
        ],
        [
            -0.3980783224105835,
            -0.15093885362148285,
            -0.0022600069642066956
        ],
        [
            -0.10512293875217438,
            -0.6798104643821716,
            -0.04283158481121063
        ],
        [
            -0.11550302803516388,
            -0.8689094185829163,
            -0.0013256324455142021
        ],
        [
            0.004189823288470507,
            -0.23134185373783112,
            -0.002634737640619278
        ],
        [
            -0.08947394788265228,
            -0.6241422891616821,
            -0.049041997641325
        ],
        [
            -0.04079418629407883,
            -0.45722880959510803,
            -0.057086389511823654
        ],
        [
            -0.10637374967336655,
            -0.7636968493461609,
            0.03850929066538811
        ],
        [
            -0.11345444619655609,
            -0.8874537944793701,
            -0.01294346060603857
        ]
    ],
    "pred_vertices": [
        [
            -0.1248994693160057,
            -0.8803441524505615,
            0.08564388751983643
        ],
        [
            -0.11705642938613892,
            -0.8659778833389282,
            0.09031562507152557
        ],
        [
            -0.13058112561702728,
            -0.8624752759933472,
            0.08667203783988953
        ],
        [
            -0.13929083943367004,
            -0.8728719353675842,
            0.07928840070962906
        ],
        [
            -0.12484940141439438,
            -0.8533859252929688,
            0.09075966477394104
        ],
        [
            -0.11254540830850601,
            -0.855319619178772,
            0.0933074951171875
        ],
        [
            -0.14087893068790436,
            -0.8559960722923279,
            0.07991115748882294
        ],
        [
            -0.14970289170742035,
            -0.8622157573699951,
            0.07205716520547867
        ],
        [
            -0.15000778436660767,
            -0.8196700215339661,
            0.07365911453962326
        ],
        [
            -0.15719446539878845,
            -0.8145297765731812,
            0.06646557152271271
        ],
        [
            -0.15706917643547058,
            -0.8269761800765991,
            0.06756383180618286
        ],
        [
            -0.148874431848526,
            -0.8288962841033936,
            0.07378209382295609
        ],
        [
            -0.15103000402450562,
            -0.7932834625244141,
            0.07094453275203705
        ],
        [
            -0.1421089917421341,
            -0.7845015525817871,
            0.07729721069335938
        ],
        [
            -0.1480562835931778,
            -0.7748878002166748,
            0.06905442476272583
        ],
        [
            -0.1560334861278534,
            -0.7831261157989502,
            0.06175852566957474
        ],
        [
            -0.10237830132246017,
            -0.799224853515625,
            0.0872245654463768
        ],
        [
            -0.10818421840667725,
            -0.7927022576332092,
            0.08881346136331558
        ],
        [
            -0.11199092864990234,
            -0.7994141578674316,
            0.0891263410449028
        ],
        [
            -0.10565129667520523,
            -0.8051102161407471,
            0.08702345192432404
        ],
        [
            -0.09143957495689392,
            -0.8092365860939026,
            0.08823603391647339
        ],
        [
            -0.0936804711818695,
            -0.8145516514778137,
            0.08529488742351532
        ],
        [
            -0.08730670064687729,
            -0.8185261487960815,
            0.08784054964780807
        ],
        [
            -0.08554427325725555,
            -0.8125954866409302,
            0.09216416627168655
        ],
        [
            -0.09722855687141418,
            -0.7938997149467468,
            0.08548455685377121
        ],
        [
            -0.10363533347845078,
            -0.7870926856994629,
            0.08695989847183228
        ],
        [
            -0.09723057597875595,
            -0.8048577308654785,
            0.08619967103004456
        ],
        [
            -0.09473102539777756,
            -0.800742506980896,
            0.08772845566272736
        ],
        [
            -0.08826136589050293,
            -0.7952895164489746,
            0.0962812602519989
        ],
        [
            -0.09022284299135208,
            -0.7999184727668762,
            0.09519009292125702
        ],
        [
            -0.0843275785446167,
            -0.8014894127845764,
            0.10008959472179413
        ],
        [
            -0.08344212919473648,
            -0.7959669828414917,
            0.09930958598852158
        ],
        [
            -0.09391365945339203,
            -0.7943331003189087,
            0.08888891339302063
        ],
        [
            -0.09343352913856506,
            -0.7973490953445435,
            0.09142114222049713
        ],
        [
            -0.09032150357961655,
            -0.7937431335449219,
            0.09288908541202545
        ],
        [
            -0.09027867764234543,
            -0.7913996577262878,
            0.08963967859745026
        ],
        [
            -0.08956777304410934,
            -0.8053331971168518,
            0.09086081385612488
        ],
        [
            -0.08436271548271179,
            -0.8074942231178284,
            0.09599443525075912
        ],
        [
            -0.07820217311382294,
            -0.8093081712722778,
            0.10097132623195648
        ],
        [
            -0.07803564518690109,
            -0.8014817237854004,
            0.1048194020986557
        ],
        [
            -0.12130756676197052,
            -0.7788403034210205,
            0.08670315146446228
        ],
        [
            -0.11448518931865692,
            -0.7860844135284424,
            0.08894380182027817
        ],
        [
            -0.10985500365495682,
            -0.7809665203094482,
            0.08771058917045593
        ],
        [
            -0.11562104523181915,
            -0.7753185033798218,
            0.08669954538345337
        ],
        [
            -0.0929221585392952,
            -0.7880254983901978,
            0.08728082478046417
        ],
        [
            -0.0970887839794159,
            -0.7722691297531128,
            0.08920617401599884
        ],
        [
            -0.097136951982975,
            -0.7760642766952515,
            0.08951729536056519
        ],
        [
            -0.09000910818576813,
            -0.7770599722862244,
            0.09096505492925644
        ],
        [
            -0.09065598249435425,
            -0.7735202312469482,
            0.090854711830616
        ],
        [
            -0.12948045134544373,
            -0.7640233039855957,
            0.08013059198856354
        ],
        [
            -0.12259435653686523,
            -0.7630418539047241,
            0.08295710384845734
        ],
        [
            -0.12420390546321869,
            -0.7560247182846069,
            0.08053439855575562
        ],
        [
            -0.13119032979011536,
            -0.7554451823234558,
            0.07637123018503189
        ],
        [
            -0.12326465547084808,
            -0.7499102354049683,
            0.07890845835208893
        ],
        [
            -0.13168251514434814,
            -0.7472075819969177,
            0.07291430234909058
        ],
        [
            -0.1235547810792923,
            -0.7331781387329102,
            0.0700315609574318
        ],
        [
            -0.1279270201921463,
            -0.7393032908439636,
            0.07123979181051254
        ],
        [
            -0.11971519142389297,
            -0.7443498373031616,
            0.07813248038291931
        ],
        [
            -0.1137479841709137,
            -0.7395752668380737,
            0.0793423131108284
        ],
        [
            -0.09819089621305466,
            -0.7448991537094116,
            0.08339893817901611
        ],
        [
            -0.09185047447681427,
            -0.7435979843139648,
            0.08414407819509506
        ],
        [
            -0.09748704731464386,
            -0.7315433025360107,
            0.08383414149284363
        ],
        [
            -0.10556791722774506,
            -0.7346704602241516,
            0.08198599517345428
        ],
        [
            -0.09847180545330048,
            -0.7659451961517334,
            0.08522076159715652
        ],
        [
            -0.10308169573545456,
            -0.765929102897644,
            0.08390885591506958
        ],
        [
            -0.10246806591749191,
            -0.7674993276596069,
            0.0861286073923111
        ],
        [
            -0.09737899899482727,
            -0.7687238454818726,
            0.08777227997779846
        ],
        [
            -0.10709576308727264,
            -0.7655211687088013,
            0.08357369899749756
        ],
        [
            -0.10888746380805969,
            -0.7652199268341064,
            0.08348850905895233
        ],
        [
            -0.10821004211902618,
            -0.7665666937828064,
            0.08448272198438644
        ],
        [
            -0.10644607990980148,
            -0.7664762735366821,
            0.08401395380496979
        ],
        [
            -0.1044650450348854,
            -0.7661606073379517,
            0.0838937759399414
        ],
        [
            -0.10348445922136307,
            -0.764295220375061,
            0.08389901369810104
        ],
        [
            -0.10619652271270752,
            -0.7647765874862671,
            0.08370444178581238
        ],
        [
            -0.0992339625954628,
            -0.7636032104492188,
            0.08530952036380768
        ],
        [
            -0.08520327508449554,
            -0.7616090774536133,
            0.08893493562936783
        ],
        [
            -0.0891399160027504,
            -0.7618672251701355,
            0.08871689438819885
        ],
        [
            -0.08789972960948944,
            -0.76618891954422,
            0.08722689747810364
        ],
        [
            -0.0846254825592041,
            -0.7663408517837524,
            0.08730746805667877
        ],
        [
            -0.10579663515090942,
            -0.7689346075057983,
            0.08539749681949615
        ],
        [
            -0.1084926649928093,
            -0.7700729370117188,
            0.08587996661663055
        ],
        [
            -0.10362368822097778,
            -0.7729806303977966,
            0.08774128556251526
        ],
        [
            -0.10288163274526596,
            -0.7701959609985352,
            0.08673868328332901
        ],
        [
            -0.11094192415475845,
            -0.7720640897750854,
            0.08670148998498917
        ],
        [
            -0.11049779504537582,
            -0.767777681350708,
            0.08470137417316437
        ],
        [
            -0.11391932517290115,
            -0.768597424030304,
            0.08520196378231049
        ],
        [
            -0.10848715901374817,
            -0.7634867429733276,
            0.08333820104598999
        ],
        [
            -0.11158989369869232,
            -0.7616947889328003,
            0.08303582668304443
        ],
        [
            -0.1116616502404213,
            -0.7643561363220215,
            0.08412715047597885
        ],
        [
            -0.10967350751161575,
            -0.7585691213607788,
            0.08257153630256653
        ],
        [
            -0.10586600750684738,
            -0.7617149353027344,
            0.08341281116008759
        ],
        [
            -0.10165320336818695,
            -0.7600611448287964,
            0.08470029383897781
        ],
        [
            -0.09617191553115845,
            -0.7586014270782471,
            0.08653358370065689
        ],
        [
            -0.09968241304159164,
            -0.7536759376525879,
            0.08465057611465454
        ],
        [
            -0.10543696582317352,
            -0.7558214664459229,
            0.08329839259386063
        ],
        [
            -0.10585936158895493,
            -0.7769819498062134,
            0.08776158094406128
        ],
        [
            -0.11632296442985535,
            -0.7636610269546509,
            0.08380481600761414
        ],
        [
            -0.11952686309814453,
            -0.7700991630554199,
            0.0847221165895462
        ],
        [
            -0.11676783859729767,
            -0.758844256401062,
            0.08273814618587494
        ],
        [
            -0.1151469349861145,
            -0.7543888092041016,
            0.08160959184169769
        ],
        [
            -0.11183002591133118,
            -0.7502893209457397,
            0.08141519874334335
        ],
        [
            -0.10485480725765228,
            -0.7474038004875183,
            0.08239318430423737
        ],
        [
            -0.10417100787162781,
            -0.7223981618881226,
            0.0738280788064003
        ],
        [
            -0.11383671313524246,
            -0.7269778251647949,
            0.07243651151657104
        ],
        [
            -0.11111569404602051,
            -0.8473183512687683,
            0.09038621932268143
        ],
        [
            -0.12045004218816757,
            -0.8465492725372314,
            0.09073462337255478
        ],
        [
            -0.12238340824842453,
            -0.838510274887085,
            0.08687276393175125
        ],
        [
            -0.12401822209358215,
            -0.8407185077667236,
            0.08718555420637131
        ],
        [
            -0.11803139746189117,
            -0.84236079454422,
            0.08850707113742828
        ],
        [
            -0.11771857738494873,
            -0.8393486738204956,
            0.08788056671619415
        ],
        [
            -0.14039255678653717,
            -0.8311589956283569,
            0.07724969834089279
        ],
        [
            -0.13417211174964905,
            -0.832958996295929,
            0.08000057935714722
        ],
        [
            -0.1352548748254776,
            -0.8289997577667236,
            0.07898516207933426
        ],
        [
            -0.14240850508213043,
            -0.8243659734725952,
            0.07753452658653259
        ],
        [
            -0.12563692033290863,
            -0.821631908416748,
            0.08310473710298538
        ],
        [
            -0.13101434707641602,
            -0.8227885961532593,
            0.08151432871818542
        ],
        [
            -0.12613753974437714,
            -0.8296020030975342,
            0.08265673369169235
        ],
        [
            -0.1223212480545044,
            -0.8287235498428345,
            0.08394750207662582
        ],
        [
            -0.11808598041534424,
            -0.8282701969146729,
            0.08456718176603317
        ],
        [
            -0.11389552056789398,
            -0.8281214237213135,
            0.08444376289844513
        ],
        [
            -0.1141565665602684,
            -0.8229524493217468,
            0.08387020230293274
        ],
        [
            -0.11954930424690247,
            -0.8220221996307373,
            0.08388713002204895
        ],
        [
            -0.11108660697937012,
            -0.8434318900108337,
            0.08771242201328278
        ],
        [
            -0.10459460318088531,
            -0.8423412442207336,
            0.08499659597873688
        ],
        [
            -0.10593357682228088,
            -0.8395248651504517,
            0.0849023088812828
        ],
        [
            -0.11141373217105865,
            -0.8401308059692383,
            0.08766475319862366
        ],
        [
            -0.09824146330356598,
            -0.8327751159667969,
            0.0764719694852829
        ],
        [
            -0.0989508256316185,
            -0.835262656211853,
            0.07793616503477097
        ],
        [
            -0.09522835165262222,
            -0.8367067575454712,
            0.07765869796276093
        ],
        [
            -0.09475695341825485,
            -0.8321478366851807,
            0.07668963074684143
        ],
        [
            -0.09682167321443558,
            -0.8292074799537659,
            0.077566958963871
        ],
        [
            -0.09920009970664978,
            -0.8311275243759155,
            0.07731426507234573
        ],
        [
            -0.1170380637049675,
            -0.9016778469085693,
            0.08073700964450836
        ],
        [
            -0.10954660177230835,
            -0.8854779005050659,
            0.0879274308681488
        ],
        [
            -0.13560810685157776,
            -0.8945878744125366,
            0.07514671981334686
        ],
        [
            -0.14858867228031158,
            -0.8835681676864624,
            0.06806899607181549
        ],
        [
            -0.1588420271873474,
            -0.8694312572479248,
            0.062163375318050385
        ],
        [
            -0.1386038064956665,
            -0.7681477069854736,
            0.07533567398786545
        ],
        [
            -0.14216314256191254,
            -0.758851170539856,
            0.06976963579654694
        ],
        [
            -0.15334272384643555,
            -0.7659237384796143,
            0.06046994403004646
        ],
        [
            -0.15328800678253174,
            -0.7552645206451416,
            0.054449114948511124
        ],
        [
            -0.14204823970794678,
            -0.7483810186386108,
            0.06487526744604111
        ],
        [
            -0.1313425600528717,
            -0.7299341559410095,
            0.05716497078537941
        ],
        [
            -0.13831724226474762,
            -0.7381148338317871,
            0.06048796698451042
        ],
        [
            -0.15033161640167236,
            -0.7452722787857056,
            0.046204984188079834
        ],
        [
            -0.16161060333251953,
            -0.7570604085922241,
            0.03387947753071785
        ],
        [
            -0.16277334094047546,
            -0.7648688554763794,
            0.044318750500679016
        ],
        [
            -0.16923142969608307,
            -0.7724572420120239,
            0.023502498865127563
        ],
        [
            -0.16210801899433136,
            -0.748539924621582,
            0.019682765007019043
        ],
        [
            -0.1703241467475891,
            -0.7706190943717957,
            0.013760507106781006
        ],
        [
            -0.14941801130771637,
            -0.7106096744537354,
            0.015317438170313835
        ],
        [
            -0.1522654891014099,
            -0.6990903615951538,
            0.008530963212251663
        ],
        [
            -0.1621595323085785,
            -0.7054109573364258,
            -0.004243386909365654
        ],
        [
            -0.16188886761665344,
            -0.716789960861206,
            0.0035922154784202576
        ],
        [
            -0.16078153252601624,
            -0.7732595205307007,
            0.05287008360028267
        ],
        [
            -0.16111093759536743,
            -0.8371620178222656,
            0.06041228771209717
        ],
        [
            -0.15328072011470795,
            -0.8375672101974487,
            0.06978437304496765
        ],
        [
            -0.1646980345249176,
            -0.8244852423667908,
            0.058029111474752426
        ],
        [
            -0.1701788604259491,
            -0.896472692489624,
            0.04142974317073822
        ],
        [
            -0.15983684360980988,
            -0.8920191526412964,
            0.05650362744927406
        ],
        [
            -0.16815520823001862,
            -0.8766320943832397,
            0.052745457738637924
        ],
        [
            -0.17764028906822205,
            -0.8826199769973755,
            0.03935779631137848
        ],
        [
            -0.14159242808818817,
            -0.9306807518005371,
            0.039461228996515274
        ],
        [
            -0.13026738166809082,
            -0.9191514849662781,
            0.06274536997079849
        ],
        [
            -0.14447548985481262,
            -0.9076224565505981,
            0.05991504341363907
        ],
        [
            -0.1552858054637909,
            -0.9166011214256287,
            0.04201566427946091
        ],
        [
            -0.18418407440185547,
            -0.8836489915847778,
            0.02744223177433014
        ],
        [
            -0.19124415516853333,
            -0.8844723105430603,
            0.010306388139724731
        ],
        [
            -0.18919573724269867,
            -0.8996565937995911,
            0.0019510090351104736
        ],
        [
            -0.17995278537273407,
            -0.9010957479476929,
            0.02244233340024948
        ],
        [
            -0.17975662648677826,
            -0.9188698530197144,
            -0.00882101058959961
        ],
        [
            -0.16903263330459595,
            -0.9209028482437134,
            0.015800122171640396
        ],
        [
            -0.1715087592601776,
            -0.7556573748588562,
            0.0006415173411369324
        ],
        [
            -0.17427653074264526,
            -0.7749175429344177,
            0.0013749301433563232
        ],
        [
            -0.16043493151664734,
            -0.7312846183776855,
            0.012500427663326263
        ],
        [
            -0.16913631558418274,
            -0.7387914657592773,
            -0.002864014357328415
        ],
        [
            -0.1643521785736084,
            -0.9329043626785278,
            -0.01997813582420349
        ],
        [
            -0.1527676284313202,
            -0.9369218349456787,
            0.009179625660181046
        ],
        [
            -0.1966140866279602,
            -0.8613430261611938,
            -0.039082951843738556
        ],
        [
            -0.19711259007453918,
            -0.8790253400802612,
            -0.030672967433929443
        ],
        [
            -0.19752195477485657,
            -0.8669605255126953,
            -0.013652950525283813
        ],
        [
            -0.1978379637002945,
            -0.852154016494751,
            -0.023736968636512756
        ],
        [
