{
    "pred_cam": [
        1.1586869955062866,
        -0.0451202318072319,
        0.15375903248786926
    ],
    "pred_smpl_params": {
        "global_orient": [
            [
                [
                    0.853670060634613,
                    0.047416843473911285,
                    0.5186512470245361
                ],
                [
                    -0.03745851665735245,
                    -0.9876778721809387,
                    0.1519513875246048
                ],
                [
                    0.519465446472168,
                    -0.149144247174263,
                    -0.8413748741149902
                ]
            ]
        ],
        "body_pose": [
            [
                [
                    0.997971773147583,
                    -0.04816747084259987,
                    -0.041620541363954544
                ],
                [
                    0.053353264927864075,
                    0.9895282983779907,
                    0.13411585986614227
                ],
                [
                    0.03472468629479408,
                    -0.13606442511081696,
                    0.9900912046432495
                ]
            ],
            [
                [
                    0.9929272532463074,
                    0.07230895012617111,
                    -0.09416387975215912
                ],
                [
                    -0.06385529786348343,
                    0.9939025044441223,
                    0.08988985419273376
                ],
                [
                    0.10008956491947174,
                    -0.08324122428894043,
                    0.9914901852607727
                ]
            ],
            [
                [
                    0.9962109923362732,
                    0.02434728667140007,
                    0.0834914967417717
                ],
                [
                    -0.008046195842325687,
                    0.9816986918449402,
                    -0.19027064740657806
                ],
                [
                    -0.0865960642695427,
                    0.1888779252767563,
                    0.9781749248504639
                ]
            ],
            [
                [
                    0.9947572946548462,
                    -0.026363443583250046,
                    -0.09880729019641876
                ],
                [
                    -0.03323237970471382,
                    0.8304223418235779,
                    -0.5561423897743225
                ],
                [
                    0.0967135950922966,
                    0.556510329246521,
                    0.8251925706863403
                ]
            ],
            [
                [
                    0.9903514981269836,
                    -0.13567255437374115,
                    0.02822704054415226
                ],
                [
                    0.1361866146326065,
                    0.91518235206604,
                    -0.37933415174484253
                ],
                [
                    0.025632351636886597,
                    0.3795183300971985,
                    0.9248290061950684
                ]
            ],
            [
                [
                    0.9935633540153503,
                    0.07220908254384995,
                    0.08727923035621643
                ],
                [
                    -0.0670836940407753,
                    0.9959235787391663,
                    -0.060298703610897064
                ],
                [
                    -0.09127756953239441,
                    0.05405557155609131,
                    0.9943572282791138
                ]
            ],
            [
                [
                    0.9838491082191467,
                    0.060683492571115494,
                    0.16839931905269623
                ],
                [
                    -0.07288800925016403,
                    0.9950695633888245,
                    0.06725995987653732
                ],
                [
                    -0.16348746418952942,
                    -0.07844795286655426,
                    0.9834213852882385
                ]
            ],
            [
                [
                    0.9894351363182068,
                    -0.02713104523718357,
                    -0.14241467416286469
                ],
                [
                    0.03365014120936394,
                    0.9984835386276245,
                    0.04356800764799118
                ],
                [
                    0.14101667702198029,
                    -0.0478999949991703,
                    0.9888476729393005
                ]
            ],
            [
                [
                    0.9962592720985413,
                    0.0405116006731987,
                    0.076328806579113
                ],
                [
                    -0.03722858428955078,
                    0.9983395934104919,
                    -0.043954744935035706
                ],
                [
                    -0.07798275351524353,
                    0.040948715060949326,
                    0.9961132407188416
                ]
            ],
            [
                [
                    0.9885249733924866,
                    -0.14866574108600616,
                    -0.026774702593684196
                ],
                [
                    0.15069396793842316,
                    0.9828220009803772,
                    0.1065468043088913
                ],
                [
                    0.01047490444034338,
                    -0.10935895889997482,
                    0.9939471483230591
                ]
            ],
            [
                [
                    0.9890528321266174,
                    0.12070276588201523,
                    -0.08488429337739944
                ],
                [
                    -0.10978859663009644,
                    0.9862858057022095,
                    0.12323476374149323
                ],
                [
                    0.09859494864940643,
                    -0.11256635934114456,
                    0.9887405633926392
                ]
            ],
            [
                [
                    0.9912290573120117,
                    0.13066409528255463,
                    0.019792946055531502
                ],
                [
                    -0.13074584305286407,
                    0.9914117455482483,
                    0.0028889214154332876
                ],
                [
                    -0.019245479255914688,
                    -0.0054514287039637566,
                    0.999799907207489
                ]
            ],
            [
                [
                    0.8996749520301819,
                    0.43431562185287476,
                    -0.04421496018767357
                ],
                [
                    -0.43550634384155273,
                    0.8999214768409729,
                    -0.02180643379688263
                ],
                [
                    0.03031911700963974,
                    0.03887459635734558,
                    0.9987840056419373
                ]
            ],
            [
                [
                    0.8907075524330139,
                    -0.42279252409935,
                    0.1669928878545761
                ],
                [
                    0.4319891631603241,
                    0.9016245007514954,
                    -0.021413274109363556
                ],
                [
                    -0.14151151478290558,
                    0.09121207892894745,
                    0.9857255220413208
                ]
            ],
            [
                [
                    0.9954832196235657,
                    0.09034539014101028,
                    0.029165687039494514
                ],
                [
                    -0.07740544527769089,
                    0.9502768516540527,
                    -0.3016326129436493
                ],
                [
                    -0.054966602474451065,
                    0.2980126738548279,
                    0.9529778957366943
                ]
            ],
            [
                [
                    0.49277764558792114,
                    0.7980521321296692,
                    -0.34681838750839233
                ],
                [
                    -0.8696838617324829,
                    0.46481743454933167,
                    -0.1661166250705719
                ],
                [
                    0.028637483716011047,
                    0.3834809362888336,
                    0.9231047034263611
                ]
            ],
            [
                [
                    0.5574471950531006,
                    -0.727504312992096,
                    0.3999877870082855
                ],
                [
                    0.7979605197906494,
                    0.602490246295929,
                    -0.016266869381070137
                ],
                [
                    -0.22915451228618622,
                    0.32824233174324036,
                    0.9163762331008911
                ]
            ],
            [
                [
                    0.2119833528995514,
                    -0.38645946979522705,
                    -0.8976147174835205
                ],
                [
                    -0.040515027940273285,
                    0.9142239689826965,
                    -0.4031786322593689
                ],
                [
                    0.9764331579208374,
                    0.12183403968811035,
                    0.17814284563064575
                ]
            ],
            [
                [
                    0.43716657161712646,
                    0.25432518124580383,
                    0.8626726865768433
                ],
                [
                    0.08875304460525513,
                    0.9423043131828308,
                    -0.32277780771255493
                ],
                [
                    -0.8949906826019287,
                    0.21767248213291168,
                    0.3893718123435974
                ]
            ],
            [
                [
                    0.9914950728416443,
                    -0.09823484718799591,
                    -0.0853658989071846
                ],
                [
                    0.10425238311290741,
                    0.9921443462371826,
                    0.06914443522691727
                ],
                [
                    0.0779029056429863,
                    -0.07745597511529922,
                    0.993947446346283
                ]
            ],
            [
                [
                    0.9914350509643555,
                    0.1206299364566803,
                    0.05004836618900299
                ],
                [
                    -0.11756972968578339,
                    0.9912410974502563,
                    -0.06015307083725929
                ],
                [
                    -0.05686625838279724,
                    0.053753696382045746,
                    0.9969335794448853
                ]
            ],
            [
                [
                    0.965941846370697,
                    0.23637394607067108,
                    -0.10527937859296799
                ],
                [
                    -0.21955086290836334,
                    0.9640013575553894,
                    0.1499958634376526
                ],
                [
                    0.13694459199905396,
                    -0.12177310138940811,
                    0.9830653667449951
                ]
            ],
            [
                [
                    0.968161404132843,
                    -0.24652598798274994,
                    0.04345690459012985
                ],
                [
                    0.23401334881782532,
                    0.9529691934585571,
                    0.1925811916589737
                ],
                [
                    -0.08888935297727585,
                    -0.1762801706790924,
                    0.9803183674812317
                ]
            ]
        ],
        "betas": [
            -0.01774914562702179,
            -0.12476837635040283,
            0.025724411010742188,
            0.5273001790046692,
            0.10066995024681091,
            -0.026644673198461533,
            -0.09072664380073547,
            0.010640263557434082,
            0.09154496341943741,
            -0.042987436056137085
        ]
    },
    "pred_cam_t": [
        -0.0451202318072319,
        0.15375903248786926,
        33.71272659301758
    ],
    "focal_length": [
        5000.0,
        5000.0
    ],
    "pred_keypoints_3d": [
        [
            0.23902566730976105,
            -0.7386460304260254,
            -0.18389680981636047
        ],
        [
            0.08178932964801788,
            -0.7234588265419006,
            -0.07487008720636368
        ],
        [
            -0.06693366914987564,
            -0.6189512610435486,
            -0.18423503637313843
        ],
        [
            -0.14161168038845062,
            -0.3789127469062805,
            -0.15609516203403473
        ],
        [
            0.05185005068778992,
            -0.21600797772407532,
            -0.17658869922161102
        ],
        [
            0.17204803228378296,
            -0.6270720362663269,
            0.08565204590559006
        ],
        [
            0.08595550060272217,
            -0.4054355025291443,
            0.18938341736793518
        ],
        [
            0.14741763472557068,
            -0.2621595859527588,
            -0.0037662237882614136
        ],
        [
            -0.0021632895804941654,
            -0.2286362498998642,
            0.028105327859520912
        ],
        [
            -0.06577048450708389,
            -0.13749955594539642,
            0.010491423308849335
        ],
        [
            -0.12781748175621033,
            0.2369750589132309,
            0.016830939799547195
        ],
        [
            -0.17143066227436066,
            0.5680369734764099,
            0.2288546860218048
        ],
        [
            0.04855936020612717,
            -0.14193984866142273,
            0.0830039530992508
        ],
        [
            0.10029158741235733,
            0.2234894335269928,
            0.1241074949502945
        ],
        [
            -0.0033202990889549255,
            0.5187474489212036,
            0.365425169467926
        ],
        [
            0.2203245311975479,
            -0.7947346568107605,
            -0.20190420746803284
        ],
        [
            0.25818294286727905,
            -0.7848567962646484,
            -0.14795538783073425
        ],
        [
            0.12818971276283264,
            -0.8419608473777771,
            -0.18088194727897644
        ],
        [
            0.21392762660980225,
            -0.8197752237319946,
            -0.06214725598692894
        ],
        [
            0.07664670795202255,
            0.663111686706543,
            0.2529275417327881
        ],
        [
            0.11141810566186905,
            0.63675856590271,
            0.3252979516983032
        ],
        [
            -0.03312210738658905,
            0.5164324045181274,
            0.42767953872680664
        ],
        [
            -0.11143739521503448,
            0.6907635927200317,
            0.08149798214435577
        ],
        [
            -0.19591963291168213,
            0.6799997091293335,
            0.10429498553276062
        ],
        [
            -0.19503602385520935,
            0.5840431451797485,
            0.2948475778102875
        ],
        [
            -0.19597361981868744,
            0.5131336450576782,
            0.22101932764053345
        ],
        [
            -0.117860347032547,
            0.17239657044410706,
            0.007817616686224937
        ],
        [
            -0.12888452410697937,
            -0.259113073348999,
            -0.04522266983985901
        ],
        [
            0.11029352992773056,
            -0.25478503108024597,
            0.12028904259204865
        ],
        [
            0.10851851105690002,
            0.1819058358669281,
            0.12103736400604248
        ],
        [
            0.0005179089494049549,
            0.47566694021224976,
            0.36829423904418945
        ],
        [
            0.05765758454799652,
            -0.2538468837738037,
            -0.17230676114559174
        ],
        [
            -0.127302348613739,
            -0.3922246992588043,
            -0.19385646283626556
        ],
        [
            -0.03588496521115303,
            -0.655250608921051,
            -0.16630668938159943
        ],
        [
            0.15644457936286926,
            -0.6602272987365723,
            0.06019636243581772
        ],
        [
            0.13738808035850525,
            -0.419920951128006,
            0.17886245250701904
        ],
        [
            0.15538254380226135,
            -0.28475916385650635,
            0.002002323977649212
        ],
        [
            0.08540178090333939,
            -0.707589864730835,
            -0.0727776288986206
        ],
        [
            0.2122907042503357,
            -0.8650713562965393,
            -0.13850098848342896
        ],
        [
            -0.00871798861771822,
            -0.25702932476997375,
            0.038124389946460724
        ],
        [
            0.0606934055685997,
            -0.6552061438560486,
            -0.05562495440244675
        ],
        [
            0.009173807688057423,
            -0.5008068084716797,
            -0.005819227080792189
        ],
        [
            0.17907458543777466,
            -0.7552629113197327,
            -0.13126018643379211
        ],
        [
            0.21429844200611115,
            -0.8857132792472839,
            -0.14135801792144775
        ]
    ],
    "pred_vertices": [
        [
            0.29015570878982544,
            -0.82154381275177,
            -0.14872565865516663
        ],
        [
            0.28339478373527527,
            -0.8070262670516968,
            -0.15416023135185242
        ],
        [
            0.28190138936042786,
            -0.8072447776794434,
            -0.13984009623527527
        ],
        [
            0.28480613231658936,
            -0.819962203502655,
            -0.13198161125183105
        ],
        [
            0.2784510850906372,
            -0.7972533702850342,
            -0.1443188637495041
        ],
        [
            0.27782830595970154,
            -0.7964029312133789,
            -0.15635913610458374
        ],
        [
            0.2757491171360016,
            -0.806574285030365,
            -0.12726300954818726
        ],
        [
            0.27576205134391785,
            -0.8168478012084961,
            -0.11841517686843872
        ],
        [
            0.25244036316871643,
            -0.7823428511619568,
            -0.1089228093624115
        ],
        [
            0.24625524878501892,
            -0.7830414175987244,
            -0.09964975714683533
        ],
        [
            0.253429114818573,
            -0.7924826741218567,
            -0.10312912613153458
        ],
        [
            0.25700679421424866,
            -0.7895739078521729,
            -0.11245748400688171
        ],
        [
            0.23624253273010254,
            -0.762810230255127,
            -0.10262510180473328
        ],
        [
            0.23345866799354553,
            -0.751572847366333,
            -0.11018969118595123
        ],
        [
            0.22376787662506104,
            -0.748910665512085,
            -0.10136698186397552
        ],
        [
            0.22513458132743835,
            -0.7602190971374512,
            -0.09405507892370224
        ],
        [
            0.23789134621620178,
            -0.7557116746902466,
            -0.15208712220191956
        ],
        [
            0.23686900734901428,
            -0.7499533891677856,
            -0.14563676714897156
        ],
        [
            0.24196989834308624,
            -0.7553271651268005,
            -0.14348119497299194
        ],
        [
            0.24194809794425964,
            -0.7606793642044067,
            -0.15016070008277893
        ],
        [
            0.24200785160064697,
            -0.7618114352226257,
            -0.16515342891216278
        ],
        [
            0.2431807965040207,
            -0.7680336236953735,
            -0.16369187831878662
        ],
        [
            0.2460065484046936,
            -0.7691667079925537,
            -0.1711471825838089
        ],
        [
            0.2457100749015808,
            -0.7616519927978516,
            -0.1723347306251526
        ],
        [
            0.23215384781360626,
            -0.7521412372589111,
            -0.1553923487663269
        ],
        [
            0.23099884390830994,
            -0.7463369965553284,
            -0.1483953893184662
        ],
        [
            0.23928822576999664,
            -0.7602381706237793,
            -0.15795347094535828
        ],
        [
            0.23733733594417572,
            -0.7557499408721924,
            -0.15993328392505646
        ],
        [
            0.2399701178073883,
            -0.745262861251831,
            -0.16660206019878387
        ],
        [
            0.24226823449134827,
            -0.7497385144233704,
            -0.16546103358268738
        ],
        [
            0.24560734629631042,
            -0.747421145439148,
            -0.17221415042877197
        ],
        [
            0.24158307909965515,
            -0.7433501482009888,
            -0.17179949581623077
        ],
        [
            0.23459243774414062,
            -0.74934983253479,
            -0.15911740064620972
        ],
        [
            0.23844008147716522,
            -0.7501762509346008,
            -0.16078872978687286
        ],
        [
            0.23676231503486633,
            -0.7461276054382324,
            -0.16330669820308685
        ],
        [
            0.2325456589460373,
            -0.7463332414627075,
            -0.16234871745109558
        ],
        [
            0.24136260151863098,
            -0.7568044662475586,
            -0.1662347912788391
        ],
        [
            0.24566105008125305,
            -0.7549515962600708,
            -0.17273443937301636
        ],
        [
            0.249159038066864,
            -0.7528730630874634,
            -0.1800696849822998
        ],
        [
            0.2475954294204712,
            -0.743963360786438,
            -0.17945024371147156
        ],
        [
            0.23144683241844177,
            -0.7405977249145508,
            -0.1304134875535965
        ],
        [
            0.23515121638774872,
            -0.7447283864021301,
            -0.13815999031066895
        ],
        [
            0.22980302572250366,
            -0.7414298057556152,
            -0.1414894163608551
        ],
        [
            0.2276294231414795,
            -0.7377078533172607,
            -0.13494178652763367
        ],
        [
            0.22911202907562256,
            -0.7455341219902039,
            -0.15896566212177277
        ],
        [
            0.22301870584487915,
            -0.7317065000534058,
            -0.15284119546413422
        ],
        [
            0.22529932856559753,
            -0.7347170114517212,
            -0.15349450707435608
        ],
        [
            0.22519007325172424,
            -0.7340455055236816,
            -0.16076236963272095
        ],
        [
            0.2232879102230072,
            -0.7312346696853638,
            -0.15952663123607635
        ],
        [
            0.2207161784172058,
            -0.7328304648399353,
            -0.11883419752120972
        ],
        [
            0.2200215607881546,
            -0.7303600311279297,
            -0.12563204765319824
        ],
        [
            0.21487200260162354,
            -0.7259891033172607,
            -0.12251037359237671
        ],
        [
            0.21366983652114868,
            -0.7282984256744385,
            -0.11539173126220703
        ],
        [
            0.20993606746196747,
            -0.7221692800521851,
            -0.12287036329507828
        ],
        [
            0.20674586296081543,
            -0.7239065766334534,
            -0.11335238814353943
        ],
        [
            0.19459813833236694,
            -0.7131487131118774,
            -0.11816377937793732
        ],
        [
            0.2001505047082901,
            -0.7180246710777283,
            -0.11537308990955353
        ],
        [
            0.20516043901443481,
            -0.7177826762199402,
            -0.12524746358394623
        ],
        [
            0.20162087678909302,
            -0.7124862670898438,
            -0.13028419017791748
        ],
        [
            0.20312348008155823,
            -0.7132365107536316,
            -0.1454412341117859
        ],
        [
            0.2011221945285797,
            -0.711529016494751,
            -0.15136541426181793
        ],
        [
            0.1958903819322586,
            -0.7019903659820557,
            -0.14401693642139435
        ],
        [
            0.1986125111579895,
            -0.7061835527420044,
            -0.1374620497226715
        ],
        [
            0.2168472409248352,
            -0.7293132543563843,
            -0.1494973599910736
        ],
        [
            0.21706567704677582,
            -0.7304712533950806,
            -0.14477857947349548
        ],
        [
            0.21953082084655762,
            -0.7303564548492432,
            -0.14601676166057587
        ],
        [
            0.22018977999687195,
            -0.7299121618270874,
            -0.15132425725460052
        ],
        [
            0.2174987494945526,
            -0.7309485673904419,
            -0.14079633355140686
        ],
        [
            0.21770566701889038,
            -0.7310060262680054,
            -0.1390014886856079
        ],
        [
            0.21913254261016846,
            -0.7313512563705444,
            -0.1400495320558548
        ],
        [
            0.2182331383228302,
            -0.7312101721763611,
            -0.14124810695648193
        ],
        [
            0.21746058762073517,
            -0.7308100461959839,
            -0.1431223750114441
        ],
        [
            0.21618472039699554,
            -0.7290918827056885,
            -0.14376944303512573
        ],
        [
            0.21696773171424866,
            -0.7301008701324463,
            -0.14159201085567474
        ],
        [
            0.2157965898513794,
            -0.7272170186042786,
            -0.14799250662326813
        ],
        [
            0.21313297748565674,
            -0.7225888967514038,
            -0.16215795278549194
        ],
        [
            0.2145901471376419,
            -0.7232125401496887,
            -0.15816748142242432
        ],
        [
            0.21552541851997375,
            -0.7276086807250977,
            -0.1598220318555832
        ],
        [
            0.21443337202072144,
            -0.7273026704788208,
            -0.16334901750087738
        ],
        [
            0.22039271891117096,
            -0.7320424318313599,
            -0.1428668349981308
        ],
        [
            0.22233957052230835,
            -0.7332656383514404,
            -0.14069494605064392
        ],
        [
            0.2241741418838501,
            -0.7339575290679932,
            -0.14608673751354218
        ],
        [
            0.22171145677566528,
            -0.7321707010269165,
            -0.14624802768230438
        ],
        [
            0.22462141513824463,
            -0.7345681190490723,
            -0.13858996331691742
        ],
        [
            0.2205353081226349,
            -0.7324265241622925,
            -0.1380692422389984
        ],
        [
            0.22208407521247864,
            -0.7329930067062378,
            -0.13547010719776154
        ],
        [
            0.21646080911159515,
            -0.7296119928359985,
            -0.13909101486206055
        ],
        [
            0.21597982943058014,
            -0.7287840843200684,
            -0.13574913144111633
        ],
        [
            0.21836945414543152,
            -0.7303308248519897,
            -0.13630567491054535
        ],
        [
            0.21352919936180115,
            -0.7260057330131531,
            -0.13698458671569824
        ],
        [
            0.21491530537605286,
            -0.7276828289031982,
            -0.1412968933582306
        ],
        [
            0.21401923894882202,
            -0.7249372005462646,
            -0.1452687531709671
        ],
        [
            0.2131103277206421,
            -0.7221161723136902,
            -0.15050387382507324
        ],
        [
            0.20969164371490479,
            -0.7196166515350342,
            -0.1459612250328064
        ],
        [
            0.21152955293655396,
            -0.7226693630218506,
            -0.1406724750995636
        ],
        [
            0.2266482710838318,
            -0.7374640703201294,
            -0.14490357041358948
        ],
        [
            0.21902552247047424,
            -0.7302578687667847,
            -0.13167457282543182
        ],
        [
            0.22435271739959717,
            -0.7349376678466797,
            -0.13005930185317993
        ],
        [
            0.2156398594379425,
            -0.7269555926322937,
            -0.13022781908512115
        ],
        [
            0.21193622052669525,
            -0.7237061262130737,
            -0.1308940201997757
        ],
        [
            0.2085847407579422,
            -0.7200876474380493,
            -0.13431233167648315
        ],
        [
            0.20578625798225403,
            -0.7163400650024414,
            -0.139614075422287
        ],
        [
            0.1850474327802658,
            -0.7006933093070984,
            -0.13437485694885254
        ],
        [
            0.1898692548274994,
            -0.705804705619812,
            -0.12681661546230316
        ],
        [
            0.2707586884498596,
            -0.7919864654541016,
            -0.15491971373558044
        ],
        [
            0.2731398344039917,
            -0.7915573716163635,
            -0.1462022066116333
        ],
        [
            0.26578131318092346,
            -0.7879726886749268,
            -0.14168553054332733
        ],
        [
            0.2681206464767456,
            -0.7896170616149902,
            -0.14039014279842377
        ],
        [
            0.26810911297798157,
            -0.7896742820739746,
            -0.14700181782245636
        ],
        [
            0.26577913761138916,
            -0.7878110408782959,
            -0.1464102566242218
        ],
        [
            0.25868022441864014,
            -0.7888278961181641,
            -0.12088140100240707
        ],
        [
            0.26013195514678955,
            -0.788320779800415,
            -0.1276816725730896
        ],
        [
            0.25719988346099854,
            -0.7861389517784119,
            -0.12592531740665436
        ],
        [
            0.2555226981639862,
            -0.7836114168167114,
            -0.11779049038887024
        ],
        [
            0.2536126971244812,
            -0.7770267128944397,
            -0.13416579365730286
        ],
        [
            0.2544746994972229,
            -0.7793843746185303,
            -0.12917226552963257
        ],
        [
            0.25787103176116943,
            -0.7836729288101196,
            -0.13502848148345947
        ],
        [
            0.2573590576648712,
            -0.7819516658782959,
            -0.13866516947746277
        ],
        [
            0.25641930103302,
            -0.7809643745422363,
            -0.14273512363433838
        ],
        [
            0.25508439540863037,
            -0.7808654308319092,
            -0.1470138132572174
        ],
        [
            0.25184187293052673,
            -0.7768288254737854,
            -0.14534124732017517
        ],
        [
            0.2527957260608673,
            -0.7763824462890625,
            -0.13989272713661194
        ],
        [
            0.2660386562347412,
            -0.79084312915802,
            -0.15317213535308838
        ],
        [
            0.26166802644729614,
            -0.7913607954978943,
            -0.15895229578018188
        ],
        [
            0.26011866331100464,
            -0.7891426086425781,
            -0.15682116150856018
        ],
        [
            0.264085590839386,
            -0.7884328961372375,
            -0.152099609375
        ],
        [
            0.24772095680236816,
            -0.7882989048957825,
            -0.16144073009490967
        ],
        [
            0.2505080997943878,
            -0.7895046472549438,
            -0.16146011650562286
        ],
        [
            0.25019770860671997,
            -0.7904151678085327,
            -0.16530200839042664
        ],
        [
            0.24657413363456726,
            -0.7874389886856079,
            -0.16470123827457428
        ],
        [
            0.2460649013519287,
            -0.7846376299858093,
            -0.16222304105758667
        ],
        [
            0.24766986072063446,
            -0.7865109443664551,
            -0.16024570167064667
        ],
        [
            0.2962704300880432,
            -0.8408111333847046,
            -0.15952271223068237
        ],
        [
            0.2900755703449249,
            -0.8232751488685608,
            -0.1648194044828415
        ],
        [
            0.29243648052215576,
            -0.839705228805542,
            -0.13906511664390564
        ],
        [
            0.2840091586112976,
            -0.8360412120819092,
            -0.12324339151382446
        ],
        [
            0.2748132348060608,
            -0.8288062214851379,
            -0.10885655879974365
        ],
        [
            0.2221105843782425,
            -0.7393836975097656,
            -0.1102796196937561
        ],
        [
            0.2138568013906479,
            -0.7355152368545532,
            -0.10434076189994812
        ],
        [
            0.21386036276817322,
            -0.7469735145568848,
            -0.09342241287231445
        ],
        [
            0.20412003993988037,
            -0.7415574789047241,
            -0.090452179312706
        ],
        [
            0.20470030605793,
            -0.7297112345695496,
            -0.10198579728603363
        ],
        [
            0.18681272864341736,
            -0.7169604301452637,
            -0.10776188969612122
        ],
        [
            0.19566290080547333,
            -0.7230376601219177,
            -0.10295601934194565
        ],
        [
            0.1932467520236969,
            -0.7364867329597473,
            -0.08925901353359222
        ],
        [
            0.19381320476531982,
            -0.753844141960144,
            -0.07735089212656021
        ],
        [
            0.20434613525867462,
            -0.7552703619003296,
            -0.08124348521232605
        ],
        [
            0.19554805755615234,
            -0.7731533646583557,
            -0.0705605149269104
        ],
        [
            0.1807127296924591,
            -0.753840982913971,
            -0.07340763509273529
        ],
        [
            0.18785859644412994,
            -0.7774643301963806,
            -0.06830243766307831
        ],
        [
            0.16062961518764496,
            -0.7244516611099243,
            -0.08272836357355118
        ],
        [
            0.15583795309066772,
            -0.7175174951553345,
            -0.07751645892858505
        ],
        [
            0.1554139107465744,
            -0.7294288873672485,
            -0.06260906159877777
        ],
        [
            0.16106927394866943,
            -0.7363418340682983,
            -0.06735904514789581
        ],
        [
            0.21448150277137756,
            -0.7575256824493408,
            -0.08595643937587738
        ],
        [
            0.25539153814315796,
            -0.804908037185669,
            -0.09923307597637177
        ],
        [
            0.2604626715183258,
            -0.7990217804908752,
            -0.10888451337814331
        ],
        [
            0.24666675925254822,
            -0.7965686917304993,
            -0.09393984079360962
        ],
        [
            0.27744531631469727,
            -0.8631386160850525,
            -0.09952963888645172
        ],
        [
            0.28388503193855286,
            -0.8502933979034424,
            -0.11195175349712372
        ],
        [
            0.2742718458175659,
            -0.8409816026687622,
            -0.09978456050157547
        ],
        [
            0.2700318396091461,
            -0.8541163206100464,
            -0.08937054872512817
        ],
        [
            0.28747057914733887,
            -0.8901175260543823,
            -0.13500064611434937
        ],
        [
            0.295701265335083,
            -0.8663929104804993,
            -0.14691777527332306
        ],
        [
            0.2908133268356323,
            -0.8596687912940979,
            -0.13035136461257935
        ],
        [
            0.28449398279190063,
            -0.877966046333313,
            -0.11905169486999512
        ],
        [
            0.2628369927406311,
            -0.862380862236023,
            -0.081337109208107
        ],
        [
            0.2517954409122467,
            -0.8739519119262695,
            -0.07134051620960236
        ],
        [
            0.254273921251297,
            -0.8913906812667847,
            -0.0745370015501976
        ],
        [
            0.268248051404953,
            -0.8791652321815491,
            -0.08784826099872589
        ],
        [
            0.2541821002960205,
            -0.9132623076438904,
            -0.08546432107686996
        ],
        [
            0.27130234241485596,
            -0.8987864255905151,
            -0.10177049785852432
        ],
        [
            0.17321373522281647,
            -0.7723419666290283,
            -0.06263585388660431
        ],
        [
            0.1815081089735031,
            -0.7892992496490479,
            -0.06367246061563492
        ],
        [
            0.16933608055114746,
            -0.743852436542511,
            -0.07310570776462555
        ],
        [
            0.16550719738006592,
            -0.7588311433792114,
            -0.06078367680311203
        ],
        [
            0.24956704676151276,
            -0.9312450885772705,
            -0.10134584456682205
        ],
        [
            0.27111977338790894,
            -0.9148166179656982,
            -0.1198761984705925
        ],
        [
            0.20182369649410248,
            -0.8851367831230164,
            -0.04960429295897484
        ],
        [
            0.21838527917861938,
            -0.8947833776473999,
            -0.055892787873744965
        ],
        [
            0.22467529773712158,
            -0.874534010887146,
            -0.05618627369403839
        ],
        [
            0.2084663212299347,
            -0.8684356808662415,
            -0.05025136098265648
        ],
        [
            0.19242236018180847,
            -0.9025028944015503,
            -0.05297043174505234
        ],
        [
