{
    "pred_cam": [
        1.150641679763794,
        -0.03987736254930496,
        0.1766970306634903
    ],
    "pred_smpl_params": {
        "global_orient": [
            [
                [
                    0.841752290725708,
                    0.04800495132803917,
                    0.5377252697944641
                ],
                [
                    -0.039131760597229004,
                    -0.9879932403564453,
                    0.1494588851928711
                ],
                [
                    0.5384437441825867,
                    -0.14684951305389404,
                    -0.8297670483589172
                ]
            ]
        ],
        "body_pose": [
            [
                [
                    0.9973278641700745,
                    -0.05568042770028114,
                    -0.04729399457573891
                ],
                [
                    0.06080202758312225,
                    0.9915215969085693,
                    0.1148393303155899
                ],
                [
                    0.04049871116876602,
                    -0.11740804463624954,
                    0.9922575950622559
                ]
            ],
            [
                [
                    0.9924583435058594,
                    0.07742845267057419,
                    -0.09503334015607834
                ],
                [
                    -0.06898137927055359,
                    0.9936252236366272,
                    0.08916584402322769
                ],
                [
                    0.10133149474859238,
                    -0.08193784952163696,
                    0.9914727807044983
                ]
            ],
            [
                [
                    0.9972774386405945,
                    0.014206832274794579,
                    0.07235869020223618
                ],
                [
                    -0.0007429972756654024,
                    0.9831516742706299,
                    -0.18279054760932922
                ],
                [
                    -0.07373642921447754,
                    0.18223914504051208,
                    0.9804855585098267
                ]
            ],
            [
                [
                    0.9942603707313538,
                    -0.03461914137005806,
                    -0.10123059898614883
                ],
                [
                    -0.026904262602329254,
                    0.8348864912986755,
                    -0.5497641563415527
                ],
                [
                    0.10354846715927124,
                    0.5493323802947998,
                    0.829163134098053
                ]
            ],
            [
                [
                    0.9887049198150635,
                    -0.14876055717468262,
                    0.018250510096549988
                ],
                [
                    0.14424660801887512,
                    0.9114276766777039,
                    -0.3853471577167511
                ],
                [
                    0.040690451860427856,
                    0.38362714648246765,
                    0.9225912094116211
                ]
            ],
            [
                [
                    0.9935271739959717,
                    0.07548188418149948,
                    0.0848894938826561
                ],
                [
                    -0.07078332453966141,
                    0.9958581924438477,
                    -0.05706348642706871
                ],
                [
                    -0.0888451486825943,
                    0.05068536475300789,
                    0.9947550296783447
                ]
            ],
            [
                [
                    0.9855784177780151,
                    0.0729483813047409,
                    0.15268826484680176
                ],
                [
                    -0.08707385510206223,
                    0.9923109412193298,
                    0.08796078711748123
                ],
                [
                    -0.14509764313697815,
                    -0.09998740255832672,
                    0.984352171421051
                ]
            ],
            [
                [
                    0.9893425107002258,
                    -0.04599376767873764,
                    -0.138152077794075
                ],
                [
                    0.05516914650797844,
                    0.9964662194252014,
                    0.06333558261394501
                ],
                [
                    0.1347508430480957,
                    -0.07028231769800186,
                    0.9883838295936584
                ]
            ],
            [
                [
                    0.9967344403266907,
                    0.04124344885349274,
                    0.06942059844732285
                ],
                [
                    -0.037122536450624466,
                    0.9975295066833496,
                    -0.05963994562625885
                ],
                [
                    -0.07170885056257248,
                    0.05686813220381737,
                    0.9958030581474304
                ]
            ],
            [
                [
                    0.9860995411872864,
                    -0.16583779454231262,
                    -0.010276678949594498
                ],
                [
                    0.1657658964395523,
                    0.9776661396026611,
                    0.12919172644615173
                ],
                [
                    -0.011377709917724133,
                    -0.12909941375255585,
                    0.9915663599967957
                ]
            ],
            [
                [
                    0.9863859415054321,
                    0.1418951451778412,
                    -0.0831170603632927
                ],
                [
                    -0.12902075052261353,
                    0.9811525940895081,
                    0.14385145902633667
                ],
                [
                    0.10196234285831451,
                    -0.13116924464702606,
                    0.9861025214195251
                ]
            ],
            [
                [
                    0.9936219453811646,
                    0.11001826822757721,
                    0.02472618594765663
                ],
                [
                    -0.11033064126968384,
                    0.9938267469406128,
                    0.011641798540949821
                ],
                [
                    -0.02329273521900177,
                    -0.014295603148639202,
                    0.9996264576911926
                ]
            ],
            [
                [
                    0.8884244561195374,
                    0.4574897587299347,
                    -0.03748597204685211
                ],
                [
                    -0.45850875973701477,
                    0.8883294463157654,
                    -0.025308556854724884
                ],
                [
                    0.021721486002206802,
                    0.039672382175922394,
                    0.9989766478538513
                ]
            ],
            [
                [
                    0.8799200654029846,
                    -0.448671817779541,
                    0.1563141793012619
                ],
                [
                    0.4574568569660187,
                    0.8889179229736328,
                    -0.023625750094652176
                ],
                [
                    -0.12835025787353516,
                    0.09229576587677002,
                    0.9874247312545776
                ]
            ],
            [
                [
                    0.9951192140579224,
                    0.08386620879173279,
                    0.052001506090164185
                ],
                [
                    -0.06269112974405289,
                    0.9442569613456726,
                    -0.3231850564479828
                ],
                [
                    -0.07620709389448166,
                    0.31834763288497925,
                    0.9449059367179871
                ]
            ],
            [
                [
                    0.49428004026412964,
                    0.7962437868118286,
                    -0.3488308787345886
                ],
                [
                    -0.8684584498405457,
                    0.46998053789138794,
                    -0.15779148042201996
                ],
                [
                    0.038303252309560776,
                    0.380938321352005,
                    0.9238066673278809
                ]
            ],
            [
                [
                    0.5634775757789612,
                    -0.7126290798187256,
                    0.41791486740112305
                ],
                [
                    0.7899208664894104,
                    0.6128836870193481,
                    -0.019965864717960358
                ],
                [
                    -0.24190492928028107,
                    0.34137001633644104,
                    0.9082667827606201
                ]
            ],
            [
                [
                    0.20652800798416138,
                    -0.3889938294887543,
                    -0.8977917432785034
                ],
                [
                    -0.0031382362358272076,
                    0.9173058867454529,
                    -0.3981708586215973
                ],
                [
                    0.9784356951713562,
                    0.08505092561244965,
                    0.18822860717773438
                ]
            ],
            [
                [
                    0.43274861574172974,
                    0.26238057017326355,
                    0.8624877333641052
                ],
                [
                    0.08198030292987823,
                    0.941292405128479,
                    -0.32748720049858093
                ],
                [
                    -0.8977794051170349,
                    0.21242661774158478,
                    0.38583293557167053
                ]
            ],
            [
                [
                    0.9911009669303894,
                    -0.09334293752908707,
                    -0.09489983320236206
                ],
                [
                    0.09913242608308792,
                    0.993368923664093,
                    0.058232832700014114
                ],
                [
                    0.08883491158485413,
                    -0.06712226569652557,
                    0.9937822222709656
                ]
            ],
            [
                [
                    0.9913482666015625,
                    0.11816390603780746,
                    0.05714786425232887
                ],
                [
                    -0.11417707800865173,
                    0.9910876750946045,
                    -0.06862089037895203
                ],
                [
                    -0.06474705785512924,
                    0.06150222569704056,
                    0.9960046410560608
                ]
            ],
            [
                [
                    0.966273307800293,
                    0.23455572128295898,
                    -0.10629855841398239
                ],
                [
                    -0.21803703904151917,
                    0.9648151993751526,
                    0.14694035053253174
                ],
                [
                    0.1370241641998291,
                    -0.11880752444267273,
                    0.9834170341491699
                ]
            ],
            [
                [
                    0.9686734676361084,
                    -0.24443340301513672,
                    0.04386435076594353
                ],
                [
                    0.23246605694293976,
                    0.9546391367912292,
                    0.18607409298419952
                ],
                [
                    -0.08735735714435577,
                    -0.1700480580329895,
                    0.9815560579299927
                ]
            ]
        ],
        "betas": [
            0.0038619935512542725,
            0.03441232442855835,
            0.3047538101673126,
            1.2555716037750244,
            0.061650484800338745,
            -0.052047573029994965,
            -0.11813026666641235,
            0.11262089014053345,
            0.1246810182929039,
            -0.039019882678985596
        ]
    },
    "pred_cam_t": [
        -0.03987736254930496,
        0.1766970306634903,
        33.948448181152344
    ],
    "focal_length": [
        5000.0,
        5000.0
    ],
    "pred_keypoints_3d": [
        [
            0.2448929250240326,
            -0.7558401823043823,
            -0.1894952356815338
        ],
        [
            0.0842682272195816,
            -0.7394354939460754,
            -0.08044987916946411
        ],
        [
            -0.06821925193071365,
            -0.6312708854675293,
            -0.1869215965270996
        ],
        [
            -0.13896992802619934,
            -0.3926202654838562,
            -0.15755729377269745
        ],
        [
            0.05528914928436279,
            -0.2328835129737854,
            -0.17768515646457672
        ],
        [
            0.17071330547332764,
            -0.6394333839416504,
            0.08345372974872589
        ],
        [
            0.08122804760932922,
            -0.418156236410141,
            0.18063867092132568
        ],
        [
            0.15294960141181946,
            -0.27715930342674255,
            -0.009369775652885437
        ],
        [
            -0.002785793272778392,
            -0.23596583306789398,
            0.026116425171494484
        ],
        [
            -0.06417505443096161,
            -0.14503136277198792,
            0.008829360827803612
        ],
        [
            -0.12647809088230133,
            0.22729086875915527,
            0.011289186775684357
        ],
        [
            -0.16966967284679413,
            0.5546125173568726,
            0.22285282611846924
        ],
        [
            0.04455901309847832,
            -0.1492697298526764,
            0.08114758133888245
        ],
        [
            0.09671726822853088,
            0.2126430869102478,
            0.12851613759994507
        ],
        [
            -0.006708778440952301,
            0.5030592083930969,
            0.3702770173549652
        ],
        [
            0.22482427954673767,
            -0.8113749623298645,
            -0.20931261777877808
        ],
        [
            0.2625817358493805,
            -0.8040716648101807,
            -0.15481755137443542
        ],
        [
            0.1311667412519455,
            -0.8576322793960571,
            -0.19073942303657532
        ],
        [
            0.21686336398124695,
            -0.8410603404045105,
            -0.07014796137809753
        ],
        [
            0.07434672117233276,
            0.6445486545562744,
            0.25489306449890137
        ],
        [
            0.10875725001096725,
            0.6194427013397217,
            0.32854974269866943
        ],
        [
            -0.03654482960700989,
            0.5018761157989502,
            0.43234163522720337
        ],
        [
            -0.10563351213932037,
            0.6733280420303345,
            0.07341328263282776
        ],
        [
            -0.19077569246292114,
            0.6645627021789551,
            0.09684482216835022
        ],
        [
            -0.19346661865711212,
            0.5717287063598633,
            0.2882775068283081
        ],
        [
            -0.19457197189331055,
            0.5002927780151367,
            0.21486154198646545
        ],
        [
            -0.11588853597640991,
            0.16291660070419312,
            0.0025500906631350517
        ],
        [
            -0.12410647422075272,
            -0.26722976565361023,
            -0.047500550746917725
        ],
        [
            0.10402330756187439,
            -0.2624181807041168,
            0.11697511374950409
        ],
        [
            0.10429754853248596,
            0.17107222974300385,
            0.12441858649253845
        ],
        [
            -0.003215863835066557,
            0.46031028032302856,
            0.37298130989074707
        ],
        [
            0.06055453419685364,
            -0.27098631858825684,
            -0.17313753068447113
        ],
        [
            -0.12473239004611969,
            -0.40617406368255615,
            -0.19495664536952972
        ],
        [
            -0.035942431539297104,
            -0.6686959266662598,
            -0.16982324421405792
        ],
        [
            0.1559363454580307,
            -0.6739007830619812,
            0.056712228804826736
        ],
        [
            0.13287746906280518,
            -0.4326843023300171,
            0.17170915007591248
        ],
        [
            0.16022387146949768,
            -0.2997097373008728,
            -0.0027652662247419357
        ],
        [
            0.08607853204011917,
            -0.7217753529548645,
            -0.07668633759021759
        ],
        [
            0.21563595533370972,
            -0.8833584189414978,
            -0.14901947975158691
        ],
        [
            -0.009445310570299625,
            -0.2647092044353485,
            0.03506988659501076
        ],
        [
            0.06013914942741394,
            -0.6688073873519897,
            -0.058963388204574585
        ],
        [
            0.0098715266212821,
            -0.5146014094352722,
            -0.010213377885520458
        ],
        [
            0.18328365683555603,
            -0.7735253572463989,
            -0.13746774196624756
        ],
        [
            0.21725735068321228,
            -0.9039451479911804,
            -0.152544304728508
        ]
    ],
    "pred_vertices": [
        [
            0.29399678111076355,
            -0.8406358957290649,
            -0.15675976872444153
        ],
        [
            0.28762611746788025,
            -0.8258757591247559,
            -0.1616380512714386
        ],
        [
            0.2859845757484436,
            -0.8266607522964478,
            -0.1473390758037567
        ],
        [
            0.2886126935482025,
            -0.8396497964859009,
            -0.14001724123954773
        ],
        [
            0.28281381726264954,
            -0.8165844678878784,
            -0.151462584733963
        ],
        [
            0.2822786569595337,
            -0.8152549862861633,
            -0.16348913311958313
        ],
        [
            0.27973029017448425,
            -0.826446533203125,
            -0.13476701080799103
        ],
        [
            0.2794766426086426,
            -0.8369044065475464,
            -0.12637296319007874
        ],
        [
            0.25658082962036133,
            -0.8027032613754272,
            -0.11573922634124756
        ],
        [
            0.2503148019313812,
            -0.8035681247711182,
            -0.10649979114532471
        ],
        [
            0.2574729919433594,
            -0.812961220741272,
            -0.11025799065828323
        ],
        [
            0.26113444566726685,
            -0.8098628520965576,
            -0.11947253346443176
        ],
        [
            0.24061882495880127,
            -0.7831113338470459,
            -0.10884988307952881
        ],
        [
            0.2379789650440216,
            -0.7716051340103149,
            -0.11600164324045181
        ],
        [
            0.22843685746192932,
            -0.7689682245254517,
            -0.10705575346946716
        ],
        [
            0.2297115921974182,
            -0.7805470824241638,
            -0.10011041164398193
        ],
        [
            0.24274450540542603,
            -0.7744431495666504,
            -0.15811647474765778
        ],
        [
            0.24173012375831604,
            -0.7688573598861694,
            -0.15141361951828003
        ],
        [
            0.24667274951934814,
            -0.7744457721710205,
            -0.14944976568222046
        ],
        [
            0.24665233492851257,
            -0.7795621156692505,
            -0.1563468873500824
        ],
        [
            0.24707987904548645,
            -0.780065655708313,
            -0.17146804928779602
        ],
        [
            0.24804821610450745,
            -0.7863835096359253,
            -0.17018090188503265
        ],
        [
            0.25110381841659546,
            -0.787214994430542,
            -0.17767302691936493
        ],
        [
            0.2510121166706085,
            -0.7796033620834351,
            -0.17864325642585754
        ],
        [
            0.23722773790359497,
            -0.7705535888671875,
            -0.16136980056762695
        ],
        [
            0.23606200516223907,
            -0.7648804187774658,
            -0.15409037470817566
        ],
        [
            0.24418824911117554,
            -0.7787879705429077,
            -0.16419699788093567
        ],
        [
            0.24244274199008942,
            -0.7741121053695679,
            -0.16607221961021423
        ],
        [
            0.2455235719680786,
            -0.7632768154144287,
            -0.1723843812942505
        ],
        [
            0.2477097362279892,
            -0.7678518295288086,
            -0.17139720916748047
        ],
        [
            0.2512250244617462,
            -0.765256404876709,
            -0.1780497431755066
        ],
        [
            0.24726198613643646,
            -0.7611434459686279,
            -0.17753459513187408
        ],
        [
            0.23986588418483734,
            -0.7676041126251221,
            -0.16500714421272278
        ],
        [
            0.2437743842601776,
            -0.7684435844421387,
            -0.16672416031360626
        ],
        [
            0.24222323298454285,
            -0.764237642288208,
            -0.16909463703632355
        ],
        [
            0.237958163022995,
            -0.764391303062439,
            -0.16814105212688446
        ],
        [
            0.246640145778656,
            -0.7749316692352295,
            -0.1724005788564682
        ],
        [
            0.2511407434940338,
            -0.7728365659713745,
            -0.17882686853408813
        ],
        [
            0.2548539638519287,
            -0.7704600095748901,
            -0.1861008256673813
        ],
        [
            0.25339293479919434,
            -0.761477530002594,
            -0.18517933785915375
        ],
        [
            0.2363433986902237,
            -0.7597905397415161,
            -0.13579335808753967
        ],
        [
            0.24002857506275177,
            -0.763792872428894,
            -0.14371463656425476
        ],
        [
            0.23488187789916992,
            -0.7601473927497864,
            -0.14695513248443604
        ],
        [
            0.23273125290870667,
            -0.7565349340438843,
            -0.14023751020431519
        ],
        [
            0.2344401776790619,
            -0.7636080980300903,
            -0.1647118628025055
        ],
        [
            0.22841952741146088,
            -0.749691367149353,
            -0.1580275297164917
        ],
        [
            0.23073741793632507,
            -0.7527472972869873,
            -0.15880343317985535
        ],
        [
            0.2307099550962448,
            -0.7517948150634766,
            -0.16602835059165955
        ],
        [
            0.22873619198799133,
            -0.7489867210388184,
            -0.16467571258544922
        ],
        [
            0.22571158409118652,
            -0.7519931793212891,
            -0.1239062175154686
        ],
        [
            0.22522775828838348,
            -0.7491723299026489,
            -0.1305922269821167
        ],
        [
            0.220078706741333,
            -0.7447242736816406,
            -0.1272713541984558
        ],
        [
            0.21867477893829346,
            -0.7473613023757935,
            -0.12024910748004913
        ],
        [
            0.21511682868003845,
            -0.7407034635543823,
            -0.127444326877594
        ],
        [
            0.21178767085075378,
            -0.7427822351455688,
            -0.11802081763744354
        ],
        [
            0.19980356097221375,
            -0.7314372658729553,
            -0.1226220354437828
        ],
        [
            0.2052355259656906,
            -0.73663330078125,
            -0.11990615725517273
        ],
        [
            0.2104184627532959,
            -0.7360501885414124,
            -0.12972015142440796
        ],
        [
            0.2070227563381195,
            -0.7304106950759888,
            -0.13459381461143494
        ],
        [
            0.20859208703041077,
            -0.7308287620544434,
            -0.1498420536518097
        ],
        [
            0.20671111345291138,
            -0.728863000869751,
            -0.1557883620262146
        ],
        [
            0.20160475373268127,
            -0.7193501591682434,
            -0.14806275069713593
        ],
        [
            0.20420381426811218,
            -0.7237720489501953,
            -0.14156903326511383
        ],
        [
            0.22216705977916718,
            -0.7473092079162598,
            -0.15458333492279053
        ],
        [
            0.2223392128944397,
            -0.748618483543396,
            -0.14989519119262695
        ],
        [
            0.22484347224235535,
            -0.7485277056694031,
            -0.1511411964893341
        ],
        [
            0.22553537786006927,
            -0.747920036315918,
            -0.1564342975616455
        ],
        [
            0.2227453738451004,
            -0.7492256164550781,
            -0.14587520062923431
        ],
        [
            0.222957044839859,
            -0.7493619322776794,
            -0.1440667062997818
        ],
        [
            0.22440862655639648,
            -0.7497220039367676,
            -0.14516517519950867
        ],
        [
            0.22348636388778687,
            -0.749510645866394,
            -0.14634938538074493
        ],
        [
            0.2227085530757904,
            -0.7490122318267822,
            -0.1482004076242447
        ],
        [
            0.22143490612506866,
            -0.7471962571144104,
            -0.14877453446388245
        ],
        [
            0.22220322489738464,
            -0.7483115196228027,
            -0.14662602543830872
        ],
        [
            0.22110018134117126,
            -0.7451303005218506,
            -0.15292608737945557
        ],
        [
            0.21857121586799622,
            -0.7401098012924194,
            -0.16701695322990417
        ],
        [
            0.2200053185224533,
            -0.7408462762832642,
            -0.16300971806049347
        ],
        [
            0.22093185782432556,
            -0.7452919483184814,
            -0.16486592590808868
        ],
        [
            0.21984998881816864,
            -0.7448522448539734,
            -0.16839131712913513
        ],
        [
            0.22568024694919586,
            -0.7503451108932495,
            -0.1480334997177124
        ],
        [
            0.22767215967178345,
            -0.7516756057739258,
            -0.1459081619977951
        ],
        [
            0.22957560420036316,
            -0.7521916031837463,
            -0.15134568512439728
        ],
        [
            0.22706875205039978,
            -0.750361442565918,
            -0.15144643187522888
        ],
        [
            0.22988346219062805,
            -0.7531421184539795,
            -0.1437985599040985
        ],
        [
            0.22581084072589874,
            -0.7508889436721802,
            -0.1431930661201477
        ],
        [
            0.22731371223926544,
            -0.7515918612480164,
            -0.1405842900276184
        ],
        [
            0.22169044613838196,
            -0.7478901147842407,
            -0.14408597350120544
        ],
        [
            0.22122909128665924,
            -0.7471548318862915,
            -0.14067158102989197
        ],
        [
            0.22362494468688965,
            -0.7487860321998596,
            -0.14131101965904236
        ],
        [
            0.21877223253250122,
            -0.7442194223403931,
            -0.14180177450180054
        ],
        [
            0.22014737129211426,
            -0.7458088397979736,
            -0.1462213397026062
        ],
        [
            0.2193000614643097,
            -0.742850661277771,
            -0.150092214345932
        ],
        [
            0.21842387318611145,
            -0.7398610711097717,
            -0.15523742139339447
        ],
        [
            0.21498118340969086,
            -0.7374107837677002,
            -0.15057885646820068
        ],
        [
            0.21679550409317017,
            -0.7406831979751587,
            -0.14538618922233582
        ],
        [
            0.23195287585258484,
            -0.7558791637420654,
            -0.15029095113277435
        ],
        [
            0.224286288022995,
            -0.748843252658844,
            -0.13665655255317688
        ],
        [
            0.22950100898742676,
            -0.7537682056427002,
            -0.13522332906723022
        ],
        [
            0.22091692686080933,
            -0.7454554438591003,
            -0.1350439488887787
        ],
        [
            0.21719983220100403,
            -0.7420563697814941,
            -0.1355624794960022
        ],
        [
            0.21385864913463593,
            -0.7381762266159058,
            -0.1388925462961197
        ],
        [
            0.21113145351409912,
            -0.7341896295547485,
            -0.144083172082901
        ],
        [
            0.19056513905525208,
            -0.7183156609535217,
            -0.13851019740104675
        ],
        [
            0.1952444314956665,
            -0.7237076759338379,
            -0.13110078871250153
        ],
        [
            0.27518412470817566,
            -0.8110014200210571,
            -0.16197125613689423
        ],
        [
            0.27748849987983704,
            -0.8109711408615112,
            -0.15319478511810303
        ],
        [
            0.27006959915161133,
            -0.8075350522994995,
            -0.14864805340766907
        ],
        [
            0.2724156379699707,
            -0.8092318773269653,
            -0.1473838835954666
        ],
        [
            0.2724420726299286,
            -0.8090484142303467,
            -0.1540013700723648
        ],
        [
            0.27011021971702576,
            -0.8071895837783813,
            -0.15336181223392487
        ],
        [
            0.26286938786506653,
            -0.8089038729667664,
            -0.1278655081987381
        ],
        [
            0.26432743668556213,
            -0.8082468509674072,
            -0.1346517652273178
        ],
        [
            0.2614107131958008,
            -0.8060721158981323,
            -0.13284043967723846
        ],
        [
            0.2597303092479706,
            -0.8037683963775635,
            -0.12463077902793884
        ],
        [
            0.2579686939716339,
            -0.7965463399887085,
            -0.14077211916446686
        ],
        [
            0.2587612569332123,
            -0.7991141080856323,
            -0.13584724068641663
        ],
        [
            0.2621743083000183,
            -0.8032240867614746,
            -0.14181552827358246
        ],
        [
            0.2616967558860779,
            -0.801384449005127,
            -0.14541441202163696
        ],
        [
            0.2607787847518921,
            -0.8002804517745972,
            -0.14947377145290375
        ],
        [
            0.259495347738266,
            -0.8000425696372986,
            -0.15378740429878235
        ],
        [
            0.25626832246780396,
            -0.7960035800933838,
            -0.1519772708415985
        ],
        [
            0.25717419385910034,
            -0.7957253456115723,
            -0.146479994058609
        ],
        [
            0.2704119384288788,
            -0.8099832534790039,
            -0.16021734476089478
        ],
        [
            0.2661052346229553,
            -0.8102742433547974,
            -0.16604012250900269
        ],
        [
            0.2645445466041565,
            -0.8081133365631104,
            -0.16380594670772552
        ],
        [
            0.2684304714202881,
            -0.8076404333114624,
            -0.15904861688613892
        ],
        [
            0.2522139847278595,
            -0.8069850206375122,
            -0.16856005787849426
        ],
        [
            0.2549734115600586,
            -0.8082492351531982,
            -0.16857218742370605
        ],
        [
            0.25466471910476685,
            -0.8090463876724243,
            -0.17248967289924622
        ],
        [
            0.2510939836502075,
            -0.8059682846069336,
            -0.17182621359825134
        ],
        [
            0.250633180141449,
            -0.8031995892524719,
            -0.16923677921295166
        ],
        [
            0.2522050142288208,
            -0.805188775062561,
            -0.1673089861869812
        ],
        [
            0.2999853193759918,
            -0.8593671917915344,
            -0.16825728118419647
        ],
        [
            0.2938251197338104,
            -0.8419004678726196,
            -0.17281398177146912
        ],
        [
            0.2959187626838684,
            -0.8590953946113586,
            -0.14776962995529175
        ],
        [
            0.28736937046051025,
            -0.856029748916626,
            -0.13199035823345184
        ],
        [
            0.2783191204071045,
            -0.849281907081604,
            -0.11733340471982956
        ],
        [
            0.22694352269172668,
            -0.7589695453643799,
            -0.11560878902673721
        ],
        [
            0.21866421401500702,
            -0.7550865411758423,
            -0.10951027274131775
        ],
        [
            0.21857427060604095,
            -0.7670411467552185,
            -0.09901714324951172
        ],
        [
            0.20877604186534882,
            -0.7613729238510132,
            -0.09580936282873154
        ],
        [
            0.20950599014759064,
            -0.7490634322166443,
            -0.10696206986904144
        ],
        [
            0.1917443722486496,
            -0.7356995344161987,
            -0.11265619844198227
        ],
        [
            0.20051074028015137,
            -0.742143988609314,
            -0.10782285034656525
        ],
        [
            0.19780875742435455,
            -0.7559866905212402,
            -0.09447062015533447
        ],
        [
            0.19815492630004883,
            -0.7738770246505737,
            -0.08302995562553406
        ],
        [
            0.20892858505249023,
            -0.7754940986633301,
            -0.08699027448892593
        ],
        [
            0.1993250995874405,
            -0.7935900688171387,
            -0.0768270194530487
        ],
        [
            0.18473869562149048,
            -0.7736936807632446,
            -0.07916813343763351
        ],
        [
            0.1913527548313141,
            -0.797818660736084,
            -0.07464775443077087
        ],
        [
            0.164238840341568,
            -0.7429582476615906,
            -0.08781647682189941
        ],
        [
            0.159098818898201,
            -0.7356055378913879,
            -0.08223310858011246
        ],
        [
            0.1585024744272232,
            -0.7480230331420898,
            -0.06724490970373154
        ],
        [
            0.16443367302417755,
            -0.7553364038467407,
            -0.07245966792106628
        ],
        [
            0.21915197372436523,
            -0.777896523475647,
            -0.091888427734375
        ],
        [
            0.25925689935684204,
            -0.825374960899353,
            -0.10678094625473022
        ],
        [
            0.26448237895965576,
            -0.8193099498748779,
            -0.1161641925573349
        ],
        [
            0.25051742792129517,
            -0.8172088861465454,
            -0.10120455920696259
        ],
        [
            0.28041931986808777,
            -0.8834458589553833,
            -0.10944775491952896
        ],
        [
            0.2871066927909851,
            -0.870474100112915,
            -0.12129665166139603
        ],
        [
            0.2776028513908386,
            -0.8615514039993286,
            -0.10878266394138336
        ],
        [
            0.27317237854003906,
            -0.8749383687973022,
            -0.09887438267469406
        ],
        [
            0.2903065085411072,
            -0.9090043306350708,
            -0.14609050750732422
        ],
        [
            0.29885587096214294,
            -0.885173499584198,
            -0.15677839517593384
        ],
        [
            0.2939649820327759,
            -0.8791395425796509,
            -0.14010260999202728
        ],
        [
            0.2873395085334778,
            -0.8975074887275696,
            -0.12971454858779907
        ],
        [
            0.26574552059173584,
            -0.8833337426185608,
            -0.09144650399684906
        ],
        [
            0.2545141279697418,
            -0.8951532244682312,
            -0.0819728672504425
        ],
        [
            0.25737375020980835,
            -0.9125312566757202,
            -0.08581959456205368
        ],
        [
            0.2712509036064148,
            -0.8995928764343262,
            -0.09857583045959473
        ],
        [
            0.2573198676109314,
            -0.9341220259666443,
            -0.09754028916358948
        ],
        [
            0.27441293001174927,
            -0.9189785718917847,
            -0.11336445063352585
        ],
        [
            0.1766016036272049,
            -0.7925240993499756,
            -0.06888359785079956
        ],
        [
            0.1845673769712448,
            -0.8096907138824463,
            -0.07049773633480072
        ],
        [
            0.17303916811943054,
            -0.7631937265396118,
            -0.0785888135433197
        ],
        [
            0.1688220500946045,
            -0.7785061001777649,
            -0.06647112220525742
        ],
        [
            0.25288277864456177,
            -0.952073872089386,
            -0.1141887828707695
        ],
        [
            0.27432867884635925,
            -0.9344351291656494,
            -0.1322319060564041
        ],
        [
            0.20413170754909515,
            -0.9067348837852478,
            -0.06024739891290665
        ],
        [
            0.22091500461101532,
            -0.9162393808364868,
            -0.06702017039060593
        ],
        [
            0.2271159589290619,
            -0.8960227966308594,
            -0.06674433499574661
        ],
        [
            0.210739865899086,
            -0.8900144100189209,
            -0.06040069833397865
        ],
        [
            0.19470275938510895,
            -0.9237318634986877,
            -0.06417588144540787
        ],
        [
