{
    "pred_cam": [
        1.1611663103103638,
        -0.045575372874736786,
        0.15375444293022156
    ],
    "pred_smpl_params": {
        "global_orient": [
            [
                [
                    0.8517522215843201,
                    0.04590629041194916,
                    0.521929919719696
                ],
                [
                    -0.04034823179244995,
                    -0.9874491691589355,
                    0.1526964157819748
                ],
                [
                    0.5223889350891113,
                    -0.1511184424161911,
                    -0.839209794998169
                ]
            ]
        ],
        "body_pose": [
            [
                [
                    0.9979925155639648,
                    -0.04762024059891701,
                    -0.04175005853176117
                ],
                [
                    0.052718982100486755,
                    0.9899765849113464,
                    0.1310236155986786
                ],
                [
                    0.035092197358608246,
                    -0.13296164572238922,
                    0.99049973487854
                ]
            ],
            [
                [
                    0.993256688117981,
                    0.06865821778774261,
                    -0.09341973811388016
                ],
                [
                    -0.06102047488093376,
                    0.9947381019592285,
                    0.08229489624500275
                ],
                [
                    0.09857840836048126,
                    -0.07603943347930908,
                    0.9922198057174683
                ]
            ],
            [
                [
                    0.9962019920349121,
                    0.025655597448349,
                    0.08320733159780502
                ],
                [
                    -0.009425121359527111,
                    0.9817643165588379,
                    -0.18986834585666656
                ],
                [
                    -0.0865611806511879,
                    0.1883629709482193,
                    0.9782773852348328
                ]
            ],
            [
                [
                    0.994854748249054,
                    -0.029037196189165115,
                    -0.09706194698810577
                ],
                [
                    -0.026583660393953323,
                    0.8496606945991516,
                    -0.5266592502593994
                ],
                [
                    0.09776239097118378,
                    0.5265296697616577,
                    0.8445170521736145
                ]
            ],
            [
                [
                    0.990849494934082,
                    -0.13219216465950012,
                    0.027249347418546677
                ],
                [
                    0.13306300342082977,
                    0.9228937029838562,
                    -0.36133280396461487
                ],
                [
                    0.022617118433117867,
                    0.36165231466293335,
                    0.9320386648178101
                ]
            ],
            [
                [
                    0.9937219023704529,
                    0.0722038745880127,
                    0.08546033501625061
                ],
                [
                    -0.067069873213768,
                    0.9958512783050537,
                    -0.06149662658572197
                ],
                [
                    -0.0895460769534111,
                    0.05537872761487961,
                    0.9944419264793396
                ]
            ],
            [
                [
                    0.9833666682243347,
                    0.0657290518283844,
                    0.16932110488414764
                ],
                [
                    -0.07682376354932785,
                    0.9952483773231506,
                    0.05982253700494766
                ],
                [
                    -0.16458448767662048,
                    -0.07183538377285004,
                    0.9837436079978943
                ]
            ],
            [
                [
                    0.9891620874404907,
                    -0.03162909671664238,
                    -0.14338089525699615
                ],
                [
                    0.037333134561777115,
                    0.9986077547073364,
                    0.03726763650774956
                ],
                [
                    0.14200252294540405,
                    -0.04221658781170845,
                    0.9889657497406006
                ]
            ],
            [
                [
                    0.9962671995162964,
                    0.041849516332149506,
                    0.07549978047609329
                ],
                [
                    -0.03859158977866173,
                    0.9982811212539673,
                    -0.04410674050450325
                ],
                [
                    -0.07721585780382156,
                    0.04102844372391701,
                    0.9961698055267334
                ]
            ],
            [
                [
                    0.9878932237625122,
                    -0.1524600237607956,
                    -0.028686145320534706
                ],
                [
                    0.154645636677742,
                    0.9824727773666382,
                    0.10407720506191254
                ],
                [
                    0.012315741740167141,
                    -0.10725335776805878,
                    0.9941554665565491
                ]
            ],
            [
                [
                    0.9888448119163513,
                    0.12175296247005463,
                    -0.08580230921506882
                ],
                [
                    -0.11113178730010986,
                    0.9866245985031128,
                    0.11925483494997025
                ],
                [
                    0.09917428344488144,
                    -0.10838917642831802,
                    0.9891492128372192
                ]
            ],
            [
                [
                    0.991918683052063,
                    0.1263098269701004,
                    0.011973254382610321
                ],
                [
                    -0.12629829347133636,
                    0.9919908046722412,
                    -0.001720526721328497
                ],
                [
                    -0.012094678357243538,
                    0.00019442122720647603,
                    0.9999269247055054
                ]
            ],
            [
                [
                    0.9024279713630676,
                    0.4283623695373535,
                    -0.04614671319723129
                ],
                [
                    -0.42968830466270447,
                    0.9026656150817871,
                    -0.023724572733044624
                ],
                [
                    0.031492333859205246,
                    0.04123841971158981,
                    0.998652994632721
                ]
            ],
            [
                [
                    0.8944663405418396,
                    -0.41604408621788025,
                    0.16382089257240295
                ],
                [
                    0.42493149638175964,
                    0.9049612879753113,
                    -0.02187240682542324
                ],
                [
                    -0.1391516625881195,
                    0.08917678147554398,
                    0.9862476587295532
                ]
            ],
            [
                [
                    0.9961926937103271,
                    0.08328793197870255,
                    0.02575310319662094
                ],
                [
                    -0.0718526840209961,
                    0.9517084360122681,
                    -0.2984764873981476
                ],
                [
                    -0.04936893284320831,
                    0.29548966884613037,
                    0.9540694355964661
                ]
            ],
            [
                [
                    0.49549978971481323,
                    0.7952790856361389,
                    -0.34930089116096497
                ],
                [
                    -0.8681961894035339,
                    0.46583688259124756,
                    -0.17097187042236328
                ],
                [
                    0.02674688957631588,
                    0.387978196144104,
                    0.9212803840637207
                ]
            ],
            [
                [
                    0.5573197603225708,
                    -0.7296543121337891,
                    0.3962312638759613
                ],
                [
                    0.7989052534103394,
                    0.6012293100357056,
                    -0.016546184197068214
                ],
                [
                    -0.22615283727645874,
                    0.3257727324962616,
                    0.918001651763916
                ]
            ],
            [
                [
                    0.20303338766098022,
                    -0.3856917917728424,
                    -0.9000107049942017
                ],
                [
                    -0.05017956718802452,
                    0.913848876953125,
                    -0.4029420018196106
                ],
                [
                    0.9778851866722107,
                    0.12697282433509827,
                    0.16618798673152924
                ]
            ],
            [
                [
                    0.4332934617996216,
                    0.2544156312942505,
                    0.8645979166030884
                ],
                [
                    0.08634260296821594,
                    0.9431980848312378,
                    -0.3208150863647461
                ],
                [
                    -0.8971074819564819,
                    0.21365870535373688,
                    0.3867146670818329
                ]
            ],
            [
                [
                    0.9910475015640259,
                    -0.0993606448173523,
                    -0.08917534351348877
                ],
                [
                    0.10581401735544205,
                    0.9918614029884338,
                    0.07081276923418045
                ],
                [
                    0.08141357451677322,
                    -0.07961482554674149,
                    0.993495523929596
                ]
            ],
            [
                [
                    0.990942656993866,
                    0.12353898584842682,
                    0.05263934284448624
                ],
                [
                    -0.12048953771591187,
                    0.9910401105880737,
                    -0.05763571336865425
                ],
                [
                    -0.05928795412182808,
                    0.05077119171619415,
                    0.9969490766525269
                ]
            ],
            [
                [
                    0.9658624529838562,
                    0.2369493544101715,
                    -0.10471239686012268
                ],
                [
                    -0.21991705894470215,
                    0.9636045694351196,
                    0.1519956737756729
                ],
                [
                    0.1369166225194931,
                    -0.12377887219190598,
                    0.9828186631202698
                ]
            ],
            [
                [
                    0.9683989882469177,
                    -0.2455800622701645,
                    0.04351675882935524
                ],
                [
                    0.23302114009857178,
                    0.9530994296073914,
                    0.1931387037038803
                ],
                [
                    -0.08890682458877563,
                    -0.17689502239227295,
                    0.9802058935165405
                ]
            ]
        ],
        "betas": [
            -0.010894641280174255,
            -0.1146591305732727,
            0.03592929244041443,
            0.5217275023460388,
            0.09548348188400269,
            -0.02599802240729332,
            -0.087656170129776,
            0.011435836553573608,
            0.09059350937604904,
            -0.04451721906661987
        ]
    },
    "pred_cam_t": [
        -0.045575372874736786,
        0.15375444293022156,
        33.6407470703125
    ],
    "focal_length": [
        5000.0,
        5000.0
    ],
    "pred_keypoints_3d": [
        [
            0.23816168308258057,
            -0.7380561828613281,
            -0.18623962998390198
        ],
        [
            0.08201481401920319,
            -0.723541259765625,
            -0.07537136971950531
        ],
        [
            -0.06668159365653992,
            -0.6199911236763,
            -0.1850529909133911
        ],
        [
            -0.1434626281261444,
            -0.3803774416446686,
            -0.15794637799263
        ],
        [
            0.04924243688583374,
            -0.21660661697387695,
            -0.18016132712364197
        ],
        [
            0.1721864491701126,
            -0.627623975276947,
            0.08516640961170197
        ],
        [
            0.08691228181123734,
            -0.40667223930358887,
            0.19131502509117126
        ],
        [
            0.14525280892848969,
            -0.26398104429244995,
            -0.0033751577138900757
        ],
        [
            -0.0021631750278174877,
            -0.2286863923072815,
            0.02807694673538208
        ],
        [
            -0.06552231311798096,
            -0.13734979927539825,
            0.010458843782544136
        ],
        [
            -0.12713292241096497,
            0.23740924894809723,
            0.02038073167204857
        ],
        [
            -0.16969671845436096,
            0.570870041847229,
            0.22940824925899506
        ],
        [
            0.04852987825870514,
            -0.14218169450759888,
            0.0833565890789032
        ],
        [
            0.10016922652721405,
            0.22333356738090515,
            0.12633739411830902
        ],
        [
            0.0023677796125411987,
            0.5267884731292725,
            0.36029863357543945
        ],
        [
            0.21914643049240112,
            -0.7940832376480103,
            -0.20419752597808838
        ],
        [
            0.2577923536300659,
            -0.7844409942626953,
            -0.15075033903121948
        ],
        [
            0.12735584378242493,
            -0.8413650989532471,
            -0.1820550262928009
        ],
        [
            0.21472661197185516,
            -0.8196765184402466,
            -0.0643940418958664
        ],
        [
            0.08464598655700684,
            0.6680114269256592,
            0.24522024393081665
        ],
        [
            0.11906363070011139,
            0.6424252986907959,
            0.31814301013946533
        ],
        [
            -0.027695640921592712,
            0.5263391733169556,
            0.42250221967697144
        ],
        [
            -0.10824546962976456,
            0.6931726932525635,
            0.08203238248825073
        ],
        [
            -0.19293686747550964,
            0.6829321384429932,
            0.1045466959476471
        ],
        [
            -0.19347374141216278,
            0.5872663259506226,
            0.29528874158859253
        ],
        [
            -0.19453519582748413,
            0.5160194635391235,
            0.22188688814640045
        ],
        [
            -0.11726940423250198,
            0.17265567183494568,
            0.011029171757400036
        ],
        [
            -0.12862059473991394,
            -0.258719801902771,
            -0.045883215963840485
        ],
        [
            0.10985605418682098,
            -0.2552206814289093,
            0.12048974633216858
        ],
        [
            0.10818900167942047,
            0.18145999312400818,
            0.12335413694381714
        ],
        [
            0.005335519555956125,
            0.4836846590042114,
            0.36418643593788147
        ],
        [
            0.055236682295799255,
            -0.2544841170310974,
            -0.1757691353559494
        ],
        [
            -0.12913447618484497,
            -0.3937685787677765,
            -0.1957147717475891
        ],
        [
            -0.035679493099451065,
            -0.6559898853302002,
            -0.16699805855751038
        ],
        [
            0.1566552370786667,
            -0.6606730818748474,
            0.059701353311538696
        ],
        [
            0.13825765252113342,
            -0.4210326075553894,
            0.18023735284805298
        ],
        [
            0.15337097644805908,
            -0.28662776947021484,
            0.002391722984611988
        ],
        [
            0.08570531755685806,
            -0.7079846858978271,
            -0.07345691323280334
        ],
        [
            0.21198619902133942,
            -0.8646675944328308,
            -0.1409907191991806
        ],
        [
            -0.008802245371043682,
            -0.25705012679100037,
            0.03789863735437393
        ],
        [
            0.06094328314065933,
            -0.6557749509811401,
            -0.05620502680540085
        ],
        [
            0.008926432579755783,
            -0.501124382019043,
            -0.006251077633351088
        ],
        [
            0.17896071076393127,
            -0.7548825144767761,
            -0.13287028670310974
        ],
        [
            0.2139325588941574,
            -0.8853150606155396,
            -0.14395549893379211
        ]
    ],
    "pred_vertices": [
        [
            0.2897583842277527,
            -0.8211573362350464,
            -0.15207867324352264
        ],
        [
            0.2829514741897583,
            -0.8065891265869141,
            -0.15736795961856842
        ],
        [
            0.281651109457016,
            -0.8068795204162598,
            -0.14301763474941254
        ],
        [
            0.28464385867118835,
            -0.8196307420730591,
            -0.1352553367614746
        ],
        [
            0.2781394422054291,
            -0.7968646287918091,
            -0.1474078893661499
        ],
        [
            0.27734488248825073,
            -0.7959651947021484,
            -0.15945252776145935
        ],
        [
            0.2756662964820862,
            -0.8062589168548584,
            -0.1303529590368271
        ],
        [
            0.2757853865623474,
            -0.8165457248687744,
            -0.12155190110206604
        ],
        [
            0.252614825963974,
            -0.78208988904953,
            -0.1116149052977562
        ],
        [
            0.2465481162071228,
            -0.7828282117843628,
            -0.10225609689950943
        ],
        [
            0.25368404388427734,
            -0.7922561168670654,
            -0.10585483908653259
        ],
        [
            0.25714027881622314,
            -0.7893139123916626,
            -0.11522799730300903
        ],
        [
            0.23650823533535004,
            -0.7625620365142822,
            -0.10500289499759674
        ],
        [
            0.23362183570861816,
            -0.751289963722229,
            -0.11248379200696945
        ],
        [
            0.22404597699642181,
            -0.7486594915390015,
            -0.10350237786769867
        ],
        [
            0.2255134880542755,
            -0.7600058317184448,
            -0.09625831991434097
        ],
        [
            0.23746924102306366,
            -0.7552472352981567,
            -0.15449285507202148
        ],
        [
            0.23654697835445404,
            -0.7495062351226807,
            -0.14799833297729492
        ],
        [
            0.241682231426239,
            -0.7548974752426147,
            -0.14593686163425446
        ],
        [
            0.24155837297439575,
            -0.7602288126945496,
            -0.15264062583446503
        ],
        [
            0.2413979172706604,
            -0.7613075971603394,
            -0.1676267385482788
        ],
        [
            0.24259284138679504,
            -0.7675366401672363,
            -0.16620393097400665
        ],
        [
            0.24530552327632904,
            -0.7686398029327393,
            -0.17370286583900452
        ],
        [
            0.24499566853046417,
            -0.761120617389679,
            -0.17485684156417847
        ],
        [
            0.2316782921552658,
            -0.7516611218452454,
            -0.1577034890651703
        ],
        [
            0.23063036799430847,
            -0.7458755970001221,
            -0.15065738558769226
        ],
        [
            0.2387770116329193,
            -0.7597560882568359,
            -0.1603962481021881
        ],
        [
            0.23680169880390167,
            -0.7552614212036133,
            -0.16232234239578247
        ],
        [
            0.23934054374694824,
            -0.7447487115859985,
            -0.16898338496685028
        ],
        [
            0.24165216088294983,
            -0.7492309808731079,
            -0.16789239645004272
        ],
        [
            0.24489161372184753,
            -0.7468923330307007,
            -0.1746804565191269
        ],
        [
            0.2408805638551712,
            -0.7428206205368042,
            -0.17419511079788208
        ],
        [
            0.23406749963760376,
            -0.7488654851913452,
            -0.1614401936531067
        ],
        [
            0.23788762092590332,
            -0.7496913075447083,
            -0.16316890716552734
        ],
        [
            0.23617802560329437,
            -0.7456291913986206,
            -0.16564656794071198
        ],
        [
            0.23197734355926514,
            -0.7458319664001465,
            -0.16462934017181396
        ],
        [
            0.24073061347007751,
            -0.7562970519065857,
            -0.16868165135383606
        ],
        [
            0.24493616819381714,
            -0.7544214129447937,
            -0.17523163557052612
        ],
        [
            0.24832792580127716,
            -0.7523120641708374,
            -0.1826072484254837
        ],
        [
            0.24678689241409302,
            -0.7434032559394836,
            -0.18193134665489197
        ],
        [
            0.23133203387260437,
            -0.7402098178863525,
            -0.1326429545879364
        ],
        [
            0.2349257469177246,
            -0.7443131804466248,
            -0.1404685527086258
        ],
        [
            0.22953125834465027,
            -0.7409998178482056,
            -0.14370957016944885
        ],
        [
            0.22744780778884888,
            -0.7373054027557373,
            -0.1371099352836609
        ],
        [
            0.2285965085029602,
            -0.745039701461792,
            -0.1611938625574112
        ],
        [
            0.22259563207626343,
            -0.7312344312667847,
            -0.1549150049686432
        ],
        [
            0.2248695194721222,
            -0.7342431545257568,
            -0.15561437606811523
        ],
        [
            0.22465774416923523,
            -0.7335419654846191,
            -0.16287827491760254
        ],
        [
            0.22277221083641052,
            -0.7307345867156982,
            -0.1616028994321823
        ],
        [
            0.22076037526130676,
            -0.7324860095977783,
            -0.12086300551891327
        ],
        [
            0.21997328102588654,
            -0.729983925819397,
            -0.12764959037303925
        ],
        [
            0.21486911177635193,
            -0.7256197929382324,
            -0.1244300976395607
        ],
        [
            0.21376387774944305,
            -0.7279583215713501,
            -0.11728782951831818
        ],
        [
            0.2099396288394928,
            -0.7217816114425659,
            -0.12469111382961273
        ],
        [
            0.20687898993492126,
            -0.7235519886016846,
            -0.11512617766857147
        ],
        [
            0.1946801245212555,
            -0.7127679586410522,
            -0.11973266303539276
        ],
        [
            0.20026107132434845,
            -0.7176566123962402,
            -0.11702956259250641
        ],
        [
            0.20513904094696045,
            -0.7173776626586914,
            -0.12698419392108917
        ],
        [
            0.20154184103012085,
            -0.7120609879493713,
            -0.13195404410362244
        ],
        [
            0.20281818509101868,
            -0.7127659320831299,
            -0.14715789258480072
        ],
        [
            0.20073598623275757,
            -0.7110348343849182,
            -0.1530519723892212
        ],
        [
            0.19561579823493958,
            -0.701514482498169,
            -0.1455797404050827
        ],
        [
            0.19843700528144836,
            -0.7057268619537354,
            -0.1390683352947235
        ],
        [
            0.21645870804786682,
            -0.7288507223129272,
            -0.1514834463596344
        ],
        [
            0.21674327552318573,
            -0.7300242185592651,
            -0.14677251875400543
        ],
        [
            0.21918974816799164,
            -0.7299082279205322,
            -0.14804598689079285
        ],
        [
            0.21977439522743225,
            -0.7294439673423767,
            -0.15336230397224426
        ],
        [
            0.2172335982322693,
            -0.7305141687393188,
            -0.1427948772907257
        ],
        [
            0.21746616065502167,
            -0.7305800318717957,
            -0.14100295305252075
        ],
        [
            0.218877375125885,
            -0.7309240102767944,
            -0.14207464456558228
        ],
        [
            0.21795344352722168,
            -0.7307807207107544,
            -0.14326220750808716
        ],
        [
            0.21715591847896576,
            -0.7303717136383057,
            -0.1451224386692047
        ],
        [
            0.21587374806404114,
            -0.7286486625671387,
            -0.1457430124282837
        ],
        [
            0.2166927307844162,
            -0.7296625375747681,
            -0.14357855916023254
        ],
        [
            0.21542730927467346,
            -0.726758599281311,
            -0.14995333552360535
        ],
        [
            0.21258355677127838,
            -0.722077488899231,
            -0.16405461728572845
        ],
        [
            0.21408531069755554,
            -0.7227137088775635,
            -0.1600974202156067
        ],
        [
            0.21499206125736237,
            -0.727105975151062,
            -0.161784827709198
        ],
        [
            0.21386320888996124,
            -0.7267854809761047,
            -0.16528278589248657
        ],
        [
            0.2201000154018402,
            -0.731613278388977,
            -0.14490634202957153
        ],
        [
            0.22207742929458618,
            -0.7328364253044128,
            -0.14277544617652893
        ],
        [
            0.223836749792099,
            -0.7335088849067688,
            -0.14819781482219696
        ],
        [
            0.221369206905365,
            -0.7317211627960205,
            -0.14831623435020447
        ],
        [
            0.22438575327396393,
            -0.7341533899307251,
            -0.1407061070203781
        ],
        [
            0.22030754387378693,
            -0.7320089340209961,
            -0.14011867344379425
        ],
        [
            0.22190316021442413,
            -0.7325884103775024,
            -0.13752837479114532
        ],
        [
            0.21622151136398315,
            -0.7291810512542725,
            -0.1410662680864334
        ],
        [
            0.2157888114452362,
            -0.7283640503883362,
            -0.13770915567874908
        ],
        [
            0.21816867589950562,
            -0.7299141883850098,
            -0.13830992579460144
        ],
        [
            0.21332459151744843,
            -0.7255769968032837,
            -0.13889658451080322
        ],
        [
            0.2146473079919815,
            -0.7272411584854126,
            -0.14324066042900085
        ],
        [
            0.21369609236717224,
            -0.7244811058044434,
            -0.1471886932849884
        ],
        [
            0.2127152383327484,
            -0.7216410636901855,
            -0.152401402592659
        ],
        [
            0.20936354994773865,
            -0.7191545963287354,
            -0.14779680967330933
        ],
        [
            0.2112743854522705,
            -0.7222269773483276,
            -0.14254392683506012
        ],
        [
            0.2263372540473938,
            -0.7370233535766602,
            -0.1470552682876587
        ],
        [
            0.2188902199268341,
            -0.7298577427864075,
            -0.13368278741836548
        ],
        [
            0.2242383062839508,
            -0.7345516681671143,
            -0.1321631371974945
        ],
        [
            0.21552585065364838,
            -0.7265570163726807,
            -0.13216933608055115
        ],
        [
            0.21181753277778625,
            -0.7232966423034668,
            -0.132765531539917
        ],
        [
            0.20843829214572906,
            -0.7196543216705322,
            -0.1361159384250641
        ],
        [
            0.20555701851844788,
            -0.7158914804458618,
            -0.14137497544288635
        ],
        [
            0.1849067509174347,
            -0.7002429366111755,
            -0.13577067852020264
        ],
        [
            0.18984061479568481,
            -0.7053809762001038,
            -0.12828977406024933
        ],
        [
            0.27029016613960266,
            -0.7915328741073608,
            -0.15790922939777374
        ],
        [
            0.27279016375541687,
            -0.7911595702171326,
            -0.1492132991552353
        ],
        [
            0.26549768447875977,
            -0.7875842452049255,
            -0.1445849984884262
        ],
        [
            0.2678428292274475,
            -0.7892318367958069,
            -0.1433398425579071
        ],
        [
            0.2677555978298187,
            -0.7892628908157349,
            -0.14993885159492493
        ],
        [
            0.2654293477535248,
            -0.7873964309692383,
            -0.14931152760982513
        ],
        [
            0.2586846649646759,
            -0.7885313034057617,
            -0.1236775666475296
        ],
        [
            0.2600398063659668,
            -0.7879972457885742,
            -0.13050130009651184
        ],
        [
            0.25714388489723206,
            -0.7858148217201233,
            -0.12869255244731903
        ],
        [
            0.255583256483078,
            -0.7833179235458374,
            -0.12052306532859802
        ],
        [
            0.25344371795654297,
            -0.776665449142456,
            -0.13685369491577148
        ],
        [
            0.2543792724609375,
            -0.7790426015853882,
            -0.13187505304813385
        ],
        [
            0.2576809823513031,
            -0.7833130955696106,
            -0.13780052959918976
        ],
        [
            0.2571176290512085,
            -0.7815762758255005,
            -0.14142554998397827
        ],
        [
            0.2561177611351013,
            -0.7805737257003784,
            -0.1454773247241974
        ],
        [
            0.2547297775745392,
            -0.7804511785507202,
            -0.14973700046539307
        ],
        [
            0.25151005387306213,
            -0.7764241695404053,
            -0.1480032503604889
        ],
        [
            0.2525433897972107,
            -0.7759977579116821,
            -0.14256775379180908
        ],
        [
            0.2655876576900482,
            -0.7904020547866821,
            -0.15608833730220795
        ],
        [
            0.26114097237586975,
            -0.790890097618103,
            -0.16181297600269318
        ],
        [
            0.25961244106292725,
            -0.7886936664581299,
            -0.15964455902576447
        ],
        [
            0.2636479437351227,
            -0.7879996299743652,
            -0.15497879683971405
        ],
        [
            0.24714356660842896,
            -0.7878296375274658,
            -0.16409295797348022
        ],
        [
            0.24993036687374115,
            -0.7890350818634033,
            -0.16415567696094513
        ],
        [
            0.24956220388412476,
            -0.7899314165115356,
            -0.1679990589618683
        ],
        [
            0.24595026671886444,
            -0.7869557738304138,
            -0.16733574867248535
        ],
        [
            0.2454792708158493,
            -0.7841640114784241,
            -0.16483783721923828
        ],
        [
            0.24711118638515472,
            -0.7860467433929443,
            -0.16289086639881134
        ],
        [
            0.29572516679763794,
            -0.8404093384742737,
            -0.1630663275718689
        ],
        [
            0.28947001695632935,
            -0.8228157758712769,
            -0.16817183792591095
        ],
        [
            0.2921842038631439,
            -0.8393679261207581,
            -0.14253371953964233
        ],
        [
            0.28396832942962646,
            -0.8357418775558472,
            -0.12656326591968536
        ],
        [
            0.2749585509300232,
            -0.828549861907959,
            -0.11202779412269592
        ],
        [
            0.22227035462856293,
            -0.7390820980072021,
            -0.11235100030899048
        ],
        [
            0.2140975147485733,
            -0.7352256774902344,
            -0.10626644641160965
        ],
        [
            0.21425874531269073,
            -0.7467422485351562,
            -0.09539984166622162
        ],
        [
            0.2045472264289856,
            -0.7413241863250732,
            -0.09225631505250931
        ],
        [
            0.20497941970825195,
            -0.729412317276001,
            -0.10375186800956726
        ],
        [
            0.18701325356960297,
            -0.7166340351104736,
            -0.10922655463218689
        ],
        [
            0.19592031836509705,
            -0.7227305173873901,
            -0.10456543415784836
        ],
        [
            0.19366566836833954,
            -0.7362573146820068,
            -0.09089015424251556
        ],
        [
            0.19438017904758453,
            -0.7536904811859131,
            -0.0790843665599823
        ],
        [
            0.20491278171539307,
            -0.7550975680351257,
            -0.08311069011688232
        ],
        [
            0.1962045431137085,
            -0.773034930229187,
            -0.07240717113018036
        ],
        [
            0.18129578232765198,
            -0.7536903619766235,
            -0.07492519915103912
        ],
        [
            0.1885271966457367,
            -0.7773392200469971,
            -0.07003061473369598
        ],
        [
            0.16099607944488525,
            -0.7242481112480164,
            -0.08376342058181763
        ],
        [
            0.1561867594718933,
            -0.7173519134521484,
            -0.07844459265470505
        ],
        [
            0.15586034953594208,
            -0.7293296456336975,
            -0.0635928139090538
        ],
        [
            0.16156692802906036,
            -0.7361985445022583,
            -0.0684489905834198
        ],
        [
            0.21497520804405212,
            -0.7573404312133789,
            -0.0879913941025734
        ],
        [
            0.25567489862442017,
            -0.8046919107437134,
            -0.10203023254871368
        ],
        [
            0.26063209772109985,
            -0.7987674474716187,
            -0.1117413341999054
        ],
        [
            0.24705876410007477,
            -0.796359658241272,
            -0.09655937552452087
        ],
        [
            0.2776723802089691,
            -0.862942636013031,
            -0.10290542244911194
        ],
        [
            0.28396451473236084,
            -0.85003662109375,
            -0.11535973101854324
        ],
        [
            0.274521142244339,
            -0.8407689929008484,
            -0.10300808399915695
        ],
        [
            0.27042654156684875,
            -0.8539551496505737,
            -0.0925869569182396
        ],
        [
            0.28719258308410645,
            -0.8897848129272461,
            -0.1386178582906723
        ],
        [
            0.2952801287174225,
            -0.8660188317298889,
            -0.150551438331604
        ],
        [
            0.2906615734100342,
            -0.8593648672103882,
            -0.13387413322925568
        ],
        [
            0.2844592332839966,
            -0.8776969909667969,
            -0.12256915122270584
        ],
        [
            0.26333457231521606,
            -0.8622511625289917,
            -0.08450382947921753
        ],
        [
            0.25242242217063904,
            -0.8738573789596558,
            -0.07440029084682465
        ],
        [
            0.25485578179359436,
            -0.8912819623947144,
            -0.07771067321300507
        ],
        [
            0.268642783164978,
            -0.8790105581283569,
            -0.09116914868354797
        ],
        [
            0.2545878291130066,
            -0.9131045341491699,
            -0.08871757239103317
        ],
        [
            0.2714974284172058,
            -0.8985844850540161,
            -0.10518944263458252
        ],
        [
            0.17390063405036926,
            -0.7722196578979492,
            -0.06411292403936386
        ],
        [
            0.1822301298379898,
            -0.7891796231269836,
            -0.0653594508767128
        ],
        [
            0.16986101865768433,
            -0.7436794638633728,
            -0.07435594499111176
        ],
        [
            0.16613265872001648,
            -0.7587189674377441,
            -0.06207984313368797
        ],
        [
            0.24976477026939392,
            -0.9310263395309448,
            -0.10460300743579865
        ],
        [
            0.27104419469833374,
            -0.9145292043685913,
            -0.12336451560258865
        ],
        [
            0.2027377188205719,
            -0.8851077556610107,
            -0.05200992524623871
        ],
        [
            0.2192305624485016,
            -0.8947347402572632,
            -0.05857371166348457
        ],
        [
            0.2255178689956665,
            -0.8744831085205078,
            -0.05887431651353836
        ],
        [
            0.20937953889369965,
            -0.8684051036834717,
            -0.052666425704956055
        ],
        [
            0.19328825175762177,
            -0.902459442615509,
            -0.055314771831035614
        ],
        [
