{
    "pred_cam": [
        1.9455676078796387,
        0.03131398558616638,
        0.4422546327114105
    ],
    "pred_smpl_params": {
        "global_orient": [
            [
                [
                    -0.999090850353241,
                    0.014887870289385319,
                    -0.039946604520082474
                ],
                [
                    -0.0044145663268864155,
                    -0.9681309461593628,
                    -0.25040552020072937
                ],
                [
                    -0.042401548475027084,
                    -0.25000154972076416,
                    0.9673165082931519
                ]
            ]
        ],
        "body_pose": [
            [
                [
                    0.999998152256012,
                    8.393141615670174e-05,
                    -0.001922918250784278
                ],
                [
                    0.0004941846709698439,
                    0.9543612003326416,
                    0.2986542880535126
                ],
                [
                    0.0018602261552587152,
                    -0.298654705286026,
                    0.9543594121932983
                ]
            ],
            [
                [
                    0.9988747239112854,
                    -0.023389797657728195,
                    0.0412575900554657
                ],
                [
                    0.0062095653265714645,
                    0.9269380569458008,
                    0.3751630187034607
                ],
                [
                    -0.04701821878552437,
                    -0.37448468804359436,
                    0.9260402321815491
                ]
            ],
            [
                [
                    0.9996793866157532,
                    0.018155915662646294,
                    -0.01765422336757183
                ],
                [
                    -0.022198954597115517,
                    0.9637470841407776,
                    -0.2658922076225281
                ],
                [
                    0.012186691164970398,
                    0.2661988139152527,
                    0.9638411402702332
                ]
            ],
            [
                [
                    0.9936410784721375,
                    0.0384245291352272,
                    -0.10583571344614029
                ],
                [
                    -0.10085372626781464,
                    0.7216585278511047,
                    -0.684863269329071
                ],
                [
                    0.0500616580247879,
                    0.6911820769309998,
                    0.7209448218345642
                ]
            ],
            [
                [
                    0.9886907339096069,
                    -0.09821083396673203,
                    0.11333680897951126
                ],
                [
                    0.1497526615858078,
                    0.6870843172073364,
                    -0.7109776735305786
                ],
                [
                    -0.008046234026551247,
                    0.7199095487594604,
                    0.6940212249755859
                ]
            ],
            [
                [
                    0.9996309876441956,
                    -0.009536312893033028,
                    0.025433791801333427
                ],
                [
                    0.009072864428162575,
                    0.9997918605804443,
                    0.018275316804647446
                ],
                [
                    -0.02560277469456196,
                    -0.018037818372249603,
                    0.9995094537734985
                ]
            ],
            [
                [
                    0.9819322228431702,
                    -0.02428114414215088,
                    0.1876687854528427
                ],
                [
                    -0.003912804182618856,
                    0.9889163970947266,
                    0.14842171967029572
                ],
                [
                    -0.18919259309768677,
                    -0.14647436141967773,
                    0.9709538817405701
                ]
            ],
            [
                [
                    0.9791720509529114,
                    0.0484662801027298,
                    -0.19716289639472961
                ],
                [
                    -0.03684652969241142,
                    0.997384250164032,
                    0.06218425929546356
                ],
                [
                    0.1996610164642334,
                    -0.053624317049980164,
                    0.9783965945243835
                ]
            ],
            [
                [
                    0.9999420046806335,
                    0.009935653768479824,
                    -0.004174538888037205
                ],
                [
                    -0.010256873443722725,
                    0.9962692260742188,
                    -0.08568824827671051
                ],
                [
                    0.0033075972460210323,
                    0.08572608232498169,
                    0.9963133335113525
                ]
            ],
            [
                [
                    0.9981979131698608,
                    -0.036277417093515396,
                    -0.04780040308833122
                ],
                [
                    0.0396755114197731,
                    0.9966027736663818,
                    0.07217168062925339
                ],
                [
                    0.045019812881946564,
                    -0.07393813133239746,
                    0.9962461590766907
                ]
            ],
            [
                [
                    0.9968353509902954,
                    0.04626036807894707,
                    -0.0646471232175827
                ],
                [
                    -0.04076160117983818,
                    0.9956373572349548,
                    0.08393209427595139
                ],
                [
                    0.06824783235788345,
                    -0.08103135973215103,
                    0.9943721890449524
                ]
            ],
            [
                [
                    0.8885336518287659,
                    -0.11586717516183853,
                    -0.4439401626586914
                ],
                [
                    0.08136105537414551,
                    0.9920429587364197,
                    -0.09607874602079391
                ],
                [
                    0.4515400826931,
                    0.049249764531850815,
                    0.8908906579017639
                ]
            ],
            [
                [
                    0.9226347804069519,
                    0.385658323764801,
                    -0.0035462798550724983
                ],
                [
                    -0.385673463344574,
                    0.9226155877113342,
                    -0.006033134181052446
                ],
                [
                    0.0009451246005482972,
                    0.006934086326509714,
                    0.9999753832817078
                ]
            ],
            [
                [
                    0.9328942894935608,
                    -0.3549511432647705,
                    0.06097369268536568
                ],
                [
                    0.35644394159317017,
                    0.9341915845870972,
                    -0.01528775691986084
                ],
                [
                    -0.051534708589315414,
                    0.035995569080114365,
                    0.998022198677063
                ]
            ],
            [
                [
                    0.9335488677024841,
                    -0.1896408647298813,
                    -0.3041759133338928
                ],
                [
                    0.11366432160139084,
                    0.9614080786705017,
                    -0.25054931640625
                ],
                [
                    0.3399515450000763,
                    0.1993260532617569,
                    0.9190768003463745
                ]
            ],
            [
                [
                    0.5565951466560364,
                    0.7952412366867065,
                    -0.24040214717388153
                ],
                [
                    -0.8128532767295837,
                    0.5810787081718445,
                    0.04021400585770607
                ],
                [
                    0.17167238891124725,
                    0.17302873730659485,
                    0.9698400497436523
                ]
            ],
            [
                [
                    0.5105215311050415,
                    -0.8343812823295593,
                    0.2077876627445221
                ],
                [
                    0.8543804287910461,
                    0.5194815397262573,
                    -0.013157357461750507
                ],
                [
                    -0.09696359187364578,
                    0.18424680829048157,
                    0.9780855774879456
                ]
            ],
            [
                [
                    0.8227206468582153,
                    -0.18528346717357635,
                    -0.5374018549919128
                ],
                [
                    0.1946766972541809,
                    0.9800569415092468,
                    -0.03986553102731705
                ],
                [
                    0.5340709090232849,
                    -0.0718214362859726,
                    0.8423834443092346
                ]
            ],
            [
                [
                    0.8184638619422913,
                    0.2152032107114792,
                    0.532733142375946
                ],
                [
                    -0.11397545784711838,
                    0.9695910215377808,
                    -0.2165706306695938
                ],
                [
                    -0.5631399750709534,
                    0.11653672903776169,
                    0.8181030750274658
                ]
            ],
            [
                [
                    0.9995335936546326,
                    -0.00010163236584048718,
                    0.030538614839315414
                ],
                [
                    0.00020447895803954452,
                    0.9999942779541016,
                    -0.003364668693393469
                ],
                [
                    -0.030538100749254227,
                    0.003369343699887395,
                    0.9995278716087341
                ]
            ],
            [
                [
                    0.998925507068634,
                    0.03301684930920601,
                    -0.032523639500141144
                ],
                [
                    -0.03410109877586365,
                    0.9988613128662109,
                    -0.0333656407892704
                ],
                [
                    0.031384970992803574,
                    0.034438878297805786,
                    0.9989139437675476
                ]
            ],
            [
                [
                    0.956721305847168,
                    0.27434152364730835,
                    -0.09706178307533264
                ],
                [
                    -0.2549443542957306,
                    0.950989305973053,
                    0.17499341070652008
                ],
                [
                    0.14031268656253815,
                    -0.14267458021640778,
                    0.9797735810279846
                ]
            ],
            [
                [
                    0.9701839685440063,
                    -0.23071861267089844,
                    0.07424355298280716
                ],
                [
                    0.211705282330513,
                    0.9558345675468445,
                    0.2038659006357193
                ],
                [
                    -0.11800019443035126,
                    -0.18206965923309326,
                    0.9761797189712524
                ]
            ]
        ],
        "betas": [
            -0.24329102039337158,
            -0.174880713224411,
            -0.10198955237865448,
            0.024855881929397583,
            0.10778450965881348,
            0.041944656521081924,
            -0.02186259627342224,
            -0.07504883408546448,
            0.0846046730875969,
            -0.023560404777526855
        ]
    },
    "pred_cam_t": [
        0.03131398558616638,
        0.4422546327114105,
        20.077688217163086
    ],
    "focal_length": [
        5000.0,
        5000.0
    ],
    "pred_keypoints_3d": [
        [
            0.10245338827371597,
            -0.7862236499786377,
            0.11023543030023575
        ],
        [
            -0.006035150960087776,
            -0.7172589898109436,
            -0.02218194119632244
        ],
        [
            0.17450156807899475,
            -0.6229311227798462,
            -0.019681204110383987
        ],
        [
            0.21430149674415588,
            -0.3756241798400879,
            -0.03916256129741669
        ],
        [
            0.24458393454551697,
            -0.17391085624694824,
            0.10758082568645477
        ],
        [
            -0.1799594759941101,
            -0.6174080967903137,
            -0.03672553971409798
        ],
        [
            -0.22096677124500275,
            -0.36351895332336426,
            -0.04616348445415497
        ],
        [
            -0.29233381152153015,
            -0.18433524668216705,
            0.10532531142234802
        ],
        [
            -0.0016627100994810462,
            -0.22070029377937317,
            0.028652098029851913
        ],
        [
            0.06519617885351181,
            -0.1324198842048645,
            0.04995201528072357
        ],
        [
            0.08299218118190765,
            0.1744537651538849,
            0.2684827446937561
        ],
        [
            0.044834479689598083,
            0.5485304594039917,
            0.15566475689411163
        ],
        [
            -0.07264068722724915,
            -0.13156524300575256,
            0.04173150658607483
        ],
        [
            -0.11467967182397842,
            0.18349549174308777,
            0.23009958863258362
        ],
        [
            -0.08827826380729675,
            0.5550761222839355,
            0.1072031632065773
        ],
        [
            0.1134626567363739,
            -0.8295824527740479,
            0.06922092288732529
        ],
        [
            0.06927278637886047,
            -0.8354483842849731,
            0.11791595816612244
        ],
        [
            0.07354898750782013,
            -0.8386110067367554,
            -0.024034813046455383
        ],
        [
            -0.02721031755208969,
            -0.8519830703735352,
            0.08142387866973877
        ],
        [
            -0.10317052900791168,
            0.6210795640945435,
            0.2922743856906891
        ],
        [
            -0.1659121960401535,
            0.6254373788833618,
            0.23856790363788605
        ],
        [
            -0.09017997235059738,
            0.5833725929260254,
            0.04438662528991699
        ],
        [
            0.03279881551861763,
            0.619417667388916,
            0.34095776081085205
        ],
        [
            0.10387144982814789,
            0.623516321182251,
            0.29261907935142517
        ],
        [
            0.04951242357492447,
            0.585326075553894,
            0.09387417137622833
        ],
        [
            0.07353635132312775,
            0.49857422709465027,
            0.14033257961273193
        ],
        [
            0.08281580358743668,
            0.11924886703491211,
            0.244740292429924
        ],
        [
            0.14815811812877655,
            -0.24735409021377563,
            0.011934727430343628
        ],
        [
            -0.1487313061952591,
            -0.23036953806877136,
            -0.008353669196367264
        ],
        [
            -0.1245758906006813,
            0.14602476358413696,
            0.21628472208976746
        ],
        [
            -0.09813061356544495,
            0.5173803567886353,
            0.0885215774178505
        ],
        [
            0.22979336977005005,
            -0.20364679396152496,
            0.12123335897922516
        ],
        [
            0.24036905169487,
            -0.3980465233325958,
            -0.01620812900364399
        ],
        [
            0.13946101069450378,
            -0.6541674733161926,
            -0.02601468563079834
        ],
        [
            -0.14888902008533478,
            -0.6485806703567505,
            -0.03678183630108833
        ],
        [
            -0.25618672370910645,
            -0.3943290710449219,
            -0.025423653423786163
        ],
        [
            -0.2963811159133911,
            -0.2048909217119217,
            0.10792785882949829
        ],
        [
            -0.006429491564631462,
            -0.7079179286956787,
            -0.01684069074690342
        ],
        [
            0.0455908365547657,
            -0.8921146988868713,
            0.047740329056978226
        ],
        [
            -0.0008710239198990166,
            -0.2391434609889984,
            0.0018654867308214307
        ],
        [
            -0.004704132676124573,
            -0.6501415371894836,
            -0.028086058795452118
        ],
        [
            -0.0010435059666633606,
            -0.47753414511680603,
            -0.04031094163656235
        ],
        [
            0.04113182798027992,
            -0.7796833515167236,
            0.063575878739357
        ],
        [
            0.048440929502248764,
            -0.9116390347480774,
            0.03983328491449356
        ]
    ],
    "pred_vertices": [
        [
            0.07131534814834595,
            -0.8825840353965759,
            0.13156509399414062
        ],
        [
            0.0763109028339386,
            -0.866310715675354,
            0.1300281584262848
        ],
        [
            0.06188717484474182,
            -0.8662787675857544,
            0.1318172812461853
        ],
        [
            0.05414115637540817,
            -0.8796168565750122,
            0.13036133348941803
        ],
        [
            0.06628316640853882,
            -0.8555302619934082,
            0.1315978765487671
        ],
        [
            0.07877841591835022,
            -0.8541934490203857,
            0.12934532761573792
        ],
        [
            0.04855850338935852,
            -0.8636013269424438,
            0.12876811623573303
        ],
        [
            0.039624832570552826,
            -0.873045802116394,
            0.1262103021144867
        ],
        [
            0.02880822867155075,
            -0.8319389224052429,
            0.12120991945266724
        ],
        [
            0.018523521721363068,
            -0.8301032185554504,
            0.11683493852615356
        ],
        [
            0.022027097642421722,
            -0.8416473865509033,
            0.11986744403839111
        ],
        [
            0.03210752457380295,
            -0.8405596017837524,
            0.12237615883350372
        ],
        [
            0.02025999128818512,
            -0.8077691793441772,
            0.11475618183612823
        ],
        [
            0.028291210532188416,
            -0.796269416809082,
            0.11531995236873627
        ],
        [
            0.017476528882980347,
            -0.7901454567909241,
            0.10887741297483444
        ],
        [
            0.0098695307970047,
            -0.8011676669120789,
            0.10697770118713379
        ],
        [
            0.0710015743970871,
            -0.800999641418457,
            0.11009670794010162
        ],
        [
            0.06469815224409103,
            -0.7953968048095703,
            0.11289574950933456
        ],
        [
            0.06322605162858963,
            -0.8023124933242798,
            0.11588103324174881
        ],
        [
            0.06960706412792206,
            -0.8071529865264893,
            0.11227113008499146
        ],
        [
            0.08364726603031158,
            -0.8082879781723022,
            0.10829834640026093
        ],
        [
            0.08204721659421921,
            -0.8144592046737671,
            0.10742485523223877
        ],
        [
            0.08970717340707779,
            -0.8165223598480225,
            0.10774373263120651
        ],
        [
            0.0912017971277237,
            -0.8095041513442993,
            0.10997019708156586
        ],
        [
            0.07344784587621689,
            -0.7955511212348938,
            0.10542654991149902
        ],
        [
            0.06651090085506439,
            -0.7898411750793457,
            0.1083727702498436
        ],
        [
            0.07673138380050659,
            -0.8056644201278687,
            0.1079903393983841
        ],
        [
            0.07819198071956635,
            -0.8009260296821594,
            0.1077600046992302
        ],
        [
            0.08554653823375702,
            -0.7925021648406982,
            0.11194823682308197
        ],
        [
            0.08466501533985138,
            -0.7974813580513,
            0.11255229264497757
        ],
        [
            0.09202367067337036,
            -0.7966755032539368,
            0.11484331637620926
        ],
        [
            0.09109698235988617,
            -0.7914820909500122,
            0.11288836598396301
        ],
        [
            0.0775362178683281,
            -0.7943869829177856,
            0.10739484429359436
        ],
        [
            0.07969658821821213,
            -0.7964963316917419,
            0.11003684252500534
        ],
        [
            0.082022525370121,
            -0.7921662330627441,
            0.10950247943401337
        ],
        [
            0.08024798333644867,
            -0.7907944321632385,
            0.10610265284776688
        ],
        [
            0.08509336411952972,
            -0.803532063961029,
            0.10930994898080826
        ],
        [
            0.09216348081827164,
            -0.803437352180481,
            0.1121477261185646
        ],
        [
            0.09988052397966385,
            -0.8028640747070312,
            0.114415243268013
        ],
        [
            0.09927604347467422,
            -0.7943687438964844,
            0.11658735573291779
        ],
        [
            0.04867295175790787,
            -0.7850048542022705,
            0.1143341213464737
        ],
        [
            0.057388730347156525,
            -0.790067195892334,
            0.11465144902467728
        ],
        [
            0.059676140546798706,
            -0.7848965525627136,
            0.11069560050964355
        ],
        [
            0.05273469537496567,
            -0.7807924747467041,
            0.11129133403301239
        ],
        [
            0.07621679455041885,
            -0.7887082695960999,
            0.10443025827407837
        ],
        [
            0.06912904232740402,
            -0.7740488052368164,
            0.10546144098043442
        ],
        [
            0.07016395777463913,
            -0.7775680422782898,
            0.10634659975767136
        ],
        [
            0.0772542953491211,
            -0.7769038677215576,
            0.10487788170576096
        ],
        [
            0.07573015242815018,
            -0.7736998796463013,
            0.10449271649122238
        ],
        [
            0.035137977451086044,
            -0.774005651473999,
            0.10947436839342117
        ],
        [
            0.04203297197818756,
            -0.7712949514389038,
            0.1088949590921402
        ],
        [
            0.037905965000391006,
            -0.765506386756897,
            0.10628893226385117
        ],
        [
            0.029956325888633728,
            -0.767162561416626,
            0.10540858656167984
        ],
        [
            0.03649156540632248,
            -0.7602099180221558,
            0.10337088257074356
        ],
        [
            0.026023607701063156,
            -0.7605189085006714,
            0.10118570923805237
        ],
        [
            0.02867749333381653,
            -0.7466819286346436,
            0.09343254566192627
        ],
        [
            0.026731044054031372,
            -0.7529398202896118,
            0.09706823527812958
        ],
        [
            0.03799101710319519,
            -0.7546187043190002,
            0.1003546267747879
        ],
        [
            0.04251539707183838,
            -0.748835563659668,
            0.09833459556102753
        ],
        [
            0.05919266492128372,
            -0.7499409914016724,
            0.09629148244857788
        ],
        [
            0.06463717669248581,
            -0.7475625276565552,
            0.09410499781370163
        ],
        [
            0.0564744770526886,
            -0.7373060584068298,
            0.09445343166589737
        ],
        [
            0.049454957246780396,
            -0.7421755790710449,
            0.09659844636917114
        ],
        [
            0.06501892954111099,
            -0.7694246172904968,
            0.10131694376468658
        ],
        [
            0.06045912206172943,
            -0.7705332040786743,
            0.10202296823263168
        ],
        [
            0.06220713257789612,
            -0.7713417410850525,
            0.10400684177875519
        ],
        [
            0.06762205064296722,
            -0.7711668014526367,
            0.1036192923784256
        ],
        [
            0.05666095018386841,
            -0.7709435224533081,
            0.10325802862644196
        ],
        [
            0.05496247857809067,
            -0.7709838151931763,
            0.10387226194143295
        ],
        [
            0.056270532310009,
            -0.7718867063522339,
            0.10471398383378983
        ],
        [
            0.05759396404027939,
            -0.7715269923210144,
            0.10356743633747101
        ],
        [
            0.059234507381916046,
            -0.7709209322929382,
            0.1026177629828453
        ],
        [
            0.05963621288537979,
            -0.7689756155014038,
            0.10196074843406677
        ],
        [
            0.057320475578308105,
            -0.7700536251068115,
            0.1029147207736969
        ],
        [
            0.06374115496873856,
            -0.7672322988510132,
            0.10139243304729462
        ],
        [
            0.07669995725154877,
            -0.762066125869751,
            0.09851372241973877
        ],
        [
            0.07340685278177261,
            -0.7630758285522461,
            0.09992349147796631
        ],
        [
            0.07510319352149963,
            -0.7672672271728516,
            0.09883508831262589
        ],
        [
            0.07784926146268845,
            -0.7668126821517944,
            0.09762441366910934
        ],
        [
            0.059151917695999146,
            -0.7733434438705444,
            0.10501400381326675
        ],
        [
            0.05741412937641144,
            -0.7748740315437317,
            0.10669058561325073
        ],
        [
            0.06312231719493866,
            -0.7762830853462219,
            0.10685180872678757
        ],
        [
            0.06272798776626587,
            -0.7737853527069092,
            0.10520430654287338
        ],
        [
            0.05601269751787186,
            -0.7769079208374023,
            0.10878002643585205
        ],
        [
            0.05459760129451752,
            -0.7733339071273804,
            0.10607877373695374
        ],
        [
            0.051847852766513824,
            -0.7745624780654907,
            0.10811560600996017
        ],
        [
            0.05481661111116409,
            -0.7693072557449341,
            0.10330035537481308
        ],
        [
            0.05146501213312149,
            -0.7682251334190369,
            0.10400690883398056
        ],
        [
            0.05249263346195221,
            -0.7704836130142212,
            0.10542852431535721
        ],
        [
            0.052233047783374786,
            -0.7650215029716492,
            0.10240546613931656
        ],
        [
            0.0567379966378212,
            -0.767133891582489,
            0.1020834743976593
        ],
        [
            0.06052785366773605,
            -0.7645120620727539,
            0.10131603479385376
        ],
        [
            0.06565963476896286,
            -0.7617242336273193,
            0.10046081244945526
        ],
        [
            0.06062383949756622,
            -0.7581453323364258,
            0.09945883601903915
        ],
        [
            0.05557667464017868,
            -0.7614849209785461,
            0.10098645836114883
        ],
        [
            0.062052689492702484,
            -0.7804079651832581,
            0.1085052341222763
        ],
        [
            0.04805334657430649,
            -0.7706658840179443,
            0.10700120776891708
        ],
        [
            0.04721739888191223,
            -0.777035117149353,
            0.11030463129281998
        ],
        [
            0.04601743072271347,
            -0.7664349675178528,
            0.1054738387465477
        ],
        [
            0.04590575397014618,
            -0.7622344493865967,
            0.10311698913574219
        ],
        [
            0.0477258563041687,
            -0.7580745220184326,
            0.10093431174755096
        ],
        [
            0.053577274084091187,
            -0.7537006735801697,
            0.09855590015649796
        ],
        [
            0.04465030878782272,
            -0.7322002649307251,
            0.08730252832174301
        ],
        [
            0.036667417734861374,
            -0.7386407852172852,
            0.09071704745292664
        ],
        [
            0.0770903155207634,
            -0.8471887707710266,
            0.12474045902490616
        ],
        [
            0.06856705248355865,
            -0.847963809967041,
            0.12878677248954773
        ],
        [
            0.06326524913311005,
            -0.8417925834655762,
            0.12453567236661911
        ],
        [
            0.06268933415412903,
            -0.8440674543380737,
            0.12587423622608185
        ],
        [
            0.0687950998544693,
            -0.8441517353057861,
            0.1249958798289299
        ],
        [
            0.06804485619068146,
            -0.8415165543556213,
            0.12368638068437576
        ],
        [
            0.04166334867477417,
            -0.8402466773986816,
            0.12224771082401276
        ],
        [
            0.04870672523975372,
            -0.840221643447876,
            0.12231256067752838
        ],
        [
            0.04637522995471954,
            -0.8369647860527039,
            0.1212734580039978
        ],
        [
            0.038243770599365234,
            -0.8341331481933594,
            0.12231616675853729
        ],
        [
            0.05457097291946411,
            -0.8271918296813965,
            0.11988753825426102
        ],
        [
            0.04954187572002411,
            -0.829650342464447,
            0.12091316282749176
        ],
        [
            0.05596604198217392,
            -0.8349263668060303,
            0.12084944546222687
        ],
        [
            0.05961286276578903,
            -0.8330898284912109,
            0.12030351161956787
        ],
        [
            0.06349709630012512,
            -0.831731915473938,
            0.11907903850078583
        ],
        [
            0.06722263991832733,
            -0.8309648036956787,
            0.11717952787876129
        ],
        [
            0.06536765396595001,
            -0.8261690139770508,
            0.1159721240401268
        ],
        [
            0.06031207740306854,
            -0.8262287378311157,
            0.11809620261192322
        ],
        [
            0.07494688779115677,
            -0.8441469669342041,
            0.12155670672655106
        ],
        [
            0.07956516742706299,
            -0.8427900671958923,
            0.11620577424764633
        ],
        [
            0.07748993486166,
            -0.8402869701385498,
            0.11624796688556671
        ],
        [
            0.07372616231441498,
            -0.8411338329315186,
            0.12107942998409271
        ],
        [
            0.0796283483505249,
            -0.8347575068473816,
            0.10437316447496414
        ],
        [
            0.0801575630903244,
            -0.836912989616394,
            0.10639877617359161
        ],
        [
            0.08380177617073059,
            -0.8377343416213989,
            0.10483071953058243
        ],
        [
            0.08266492933034897,
            -0.8335100412368774,
            0.10298160463571548
        ],
        [
            0.08027267456054688,
            -0.8308016061782837,
            0.10409937798976898
        ],
        [
            0.07856648415327072,
            -0.8331022262573242,
            0.10524075478315353
        ],
        [
            0.08220385760068893,
            -0.9025980234146118,
            0.12770628929138184
        ],
        [
            0.08731717616319656,
            -0.8840397596359253,
            0.12840208411216736
        ],
        [
            0.06173287332057953,
            -0.9003944396972656,
            0.12895983457565308
        ],
        [
            0.04472950100898743,
            -0.8938862085342407,
            0.12597043812274933
        ],
        [
            0.029829956591129303,
            -0.8837993144989014,
            0.12234421819448471
        ],
        [
            0.026364192366600037,
            -0.7806318998336792,
            0.10958299040794373
        ],
        [
            0.01870591938495636,
            -0.7737955451011658,
            0.1046433374285698
        ],
        [
            0.0071619972586631775,
            -0.7846682667732239,
            0.10202499479055405
        ],
        [
            0.002196207642555237,
            -0.7760523557662964,
            0.09501687437295914
        ],
        [
            0.01414702832698822,
            -0.765203595161438,
            0.09861014783382416
        ],
        [
            0.016039595007896423,
            -0.7477635145187378,
            0.08514802157878876
        ],
        [
            0.013064760714769363,
            -0.7559554576873779,
            0.09182456135749817
        ],
        [
            -0.0009688884019851685,
            -0.7679643630981445,
            0.08519139885902405
        ],
        [
            -0.012465246021747589,
            -0.7838701009750366,
            0.08050720393657684
        ],
        [
            -0.0075608789920806885,
            -0.7892650961875916,
            0.09137122333049774
        ],
        [
            -0.01913776993751526,
            -0.8024536967277527,
            0.07640263438224792
        ],
        [
            -0.0202639140188694,
            -0.7789406180381775,
            0.06696336716413498
        ],
        [
            -0.023984290659427643,
            -0.8030520081520081,
            0.06776182353496552
        ],
        [
            -0.01966935396194458,
            -0.741584837436676,
            0.05467275157570839
        ],
        [
            -0.0271039716899395,
            -0.7324026226997375,
            0.04863753542304039
        ],
        [
            -0.03872174024581909,
            -0.7419500350952148,
            0.04050259292125702
        ],
        [
            -0.03332824632525444,
            -0.7516818046569824,
            0.048731911927461624
        ],
        [
            -0.00026607513427734375,
            -0.7947412729263306,
            0.09946197271347046
        ],
        [
            0.01877857744693756,
            -0.8541101813316345,
            0.1160915270447731
        ],
        [
            0.029065757989883423,
            -0.8507381677627563,
            0.12167640030384064
        ],
        [
            0.011357724666595459,
            -0.8432960510253906,
            0.11378145962953568
        ],
        [
            0.019202403724193573,
            -0.9168318510055542,
            0.1129085123538971
        ],
        [
            0.032785795629024506,
            -0.9070374965667725,
            0.12156964093446732
        ],
        [
            0.019842930138111115,
            -0.8946676254272461,
            0.1189044639468193
        ],
        [
            0.007929041981697083,
            -0.905497670173645,
            0.1117284819483757
        ],
        [
            0.05313076078891754,
            -0.9450918436050415,
            0.10520538687705994
        ],
        [
            0.06859612464904785,
            -0.9261993765830994,
            0.11958512663841248
        ],
        [
            0.05160817503929138,
            -0.9181824922561646,
            0.12090088427066803
        ],
        [
            0.037951596081256866,
            -0.933292031288147,
            0.11065118759870529
        ],
        [
            -0.0016519948840141296,
            -0.9106385707855225,
            0.1038287878036499
        ],
        [
            -0.014314427971839905,
            -0.916951060295105,
            0.09153839945793152
        ],
        [
            -0.011643469333648682,
            -0.9334618449211121,
            0.08581226319074631
        ],
        [
            0.004655487835407257,
            -0.9278585910797119,
            0.10059523582458496
        ],
        [
            -0.002066195011138916,
            -0.9530515074729919,
            0.07531075924634933
        ],
        [
            0.017208360135555267,
            -0.9465824365615845,
            0.09356619417667389
        ],
        [
            -0.03317776322364807,
            -0.7914147973060608,
            0.0539875403046608
        ],
        [
            -0.030455507338047028,
            -0.8106785416603088,
            0.058434195816516876
        ],
        [
            -0.02567385509610176,
            -0.7635542154312134,
            0.05793885141611099
        ],
        [
            -0.03654032200574875,
            -0.7752506732940674,
            0.047711338847875595
        ],
        [
            0.011553406715393066,
            -0.9665291905403137,
            0.06121733784675598
        ],
        [
            0.03377443552017212,
            -0.9607852101325989,
            0.08357561379671097
        ],
        [
            -0.04325232654809952,
            -0.9079420566558838,
            0.045524805784225464
        ],
        [
            -0.035913340747356415,
            -0.922939658164978,
            0.05623667687177658
        ],
        [
            -0.03336808830499649,
            -0.9072178602218628,
            0.06976673007011414
        ],
        [
            -0.041079722344875336,
            -0.8954429626464844,
            0.058404505252838135
        ],
        [
            -0.04257676750421524,
            -0.9204468727111816,
            0.029387906193733215
        ],
        [
