{
    "pred_cam": [
        1.9040555953979492,
        0.047896988689899445,
        0.43145033717155457
    ],
    "pred_smpl_params": {
        "global_orient": [
            [
                [
                    -0.9997626543045044,
                    0.00972333736717701,
                    -0.01949332468211651
                ],
                [
                    -0.004721243400126696,
                    -0.9703022837638855,
                    -0.24184928834438324
                ],
                [
                    -0.021266000345349312,
                    -0.24169987440109253,
                    0.9701178669929504
                ]
            ]
        ],
        "body_pose": [
            [
                [
                    0.9999624490737915,
                    0.007706980686634779,
                    -0.003955651540309191
                ],
                [
                    -0.006053226999938488,
                    0.948283314704895,
                    0.31736740469932556
                ],
                [
                    0.006197020877152681,
                    -0.31733155250549316,
                    0.9482943415641785
                ]
            ],
            [
                [
                    0.9984908699989319,
                    -0.03479728475213051,
                    0.04248664900660515
                ],
                [
                    0.01562462281435728,
                    0.9216685891151428,
                    0.38766342401504517
                ],
                [
                    -0.05264824256300926,
                    -0.3864145576953888,
                    0.9208213686943054
                ]
            ],
            [
                [
                    0.9996063709259033,
                    0.020455893129110336,
                    -0.019196229055523872
                ],
                [
                    -0.02488882653415203,
                    0.9624035358428955,
                    -0.27048107981681824
                ],
                [
                    0.012941587716341019,
                    0.2708524167537689,
                    0.9625338315963745
                ]
            ],
            [
                [
                    0.9929583668708801,
                    0.027304254472255707,
                    -0.11527381092309952
                ],
                [
                    -0.10360586643218994,
                    0.6719837188720703,
                    -0.7332828640937805
                ],
                [
                    0.0574403814971447,
                    0.7400624752044678,
                    0.6700807213783264
                ]
            ],
            [
                [
                    0.9875128865242004,
                    -0.09520912170410156,
                    0.12551309168338776
                ],
                [
                    0.1572169065475464,
                    0.6464558839797974,
                    -0.7465773224830627
                ],
                [
                    -0.010057707317173481,
                    0.7569875121116638,
                    0.6533520221710205
                ]
            ],
            [
                [
                    0.9996066689491272,
                    -0.01954442821443081,
                    0.020114736631512642
                ],
                [
                    0.019088998436927795,
                    0.9995625615119934,
                    0.022589901462197304
                ],
                [
                    -0.020547445863485336,
                    -0.022197043523192406,
                    0.9995424747467041
                ]
            ],
            [
                [
                    0.9805535674095154,
                    -0.04001016542315483,
                    0.192129984498024
                ],
                [
                    0.007974405772984028,
                    0.9863120317459106,
                    0.164696604013443
                ],
                [
                    -0.19608965516090393,
                    -0.15996171534061432,
                    0.9674508571624756
                ]
            ],
            [
                [
                    0.9773576855659485,
                    0.05817803740501404,
                    -0.20343869924545288
                ],
                [
                    -0.0447242446243763,
                    0.9965355396270752,
                    0.07011888921260834
                ],
                [
                    0.2068132758140564,
                    -0.05943258851766586,
                    0.976573646068573
                ]
            ],
            [
                [
                    0.9999499320983887,
                    0.005974459927529097,
                    -0.008024066686630249
                ],
                [
                    -0.006614638492465019,
                    0.9965871572494507,
                    -0.0822816789150238
                ],
                [
                    0.007505093235522509,
                    0.08233063668012619,
                    0.9965767860412598
                ]
            ],
            [
                [
                    0.9984584450721741,
                    -0.02510400488972664,
                    -0.049502693116664886
                ],
                [
                    0.02854728512465954,
                    0.9971296787261963,
                    0.07012397795915604
                ],
                [
                    0.047600217163562775,
                    -0.071429044008255,
                    0.996309220790863
                ]
            ],
            [
                [
                    0.9977195858955383,
                    0.03625762462615967,
                    -0.05692921578884125
                ],
                [
                    -0.03140655905008316,
                    0.9959784150123596,
                    0.0839088186621666
                ],
                [
                    0.05974259972572327,
                    -0.0819295272231102,
                    0.9948459267616272
                ]
            ],
            [
                [
                    0.87205570936203,
                    -0.13157105445861816,
                    -0.47138917446136475
                ],
                [
                    0.10403385013341904,
                    0.991007924079895,
                    -0.08414412289857864
                ],
                [
                    0.4782213568687439,
                    0.02433793619275093,
                    0.8779019713401794
                ]
            ],
            [
                [
                    0.9114501476287842,
                    0.41138243675231934,
                    0.004810793790966272
                ],
                [
                    -0.41139039397239685,
                    0.9114589095115662,
                    0.0007524986285716295
                ],
                [
                    -0.0040752761997282505,
                    -0.002664979314431548,
                    0.9999881386756897
                ]
            ],
            [
                [
                    0.922021746635437,
                    -0.3830503225326538,
                    0.05611097440123558
                ],
                [
                    0.3841007947921753,
                    0.9232483506202698,
                    -0.008887147530913353
                ],
                [
                    -0.0484001450240612,
                    0.029746411368250847,
                    0.9983850121498108
                ]
            ],
            [
                [
                    0.9234746694564819,
                    -0.20403407514095306,
                    -0.3249070942401886
                ],
                [
                    0.11731158196926117,
                    0.9564710259437561,
                    -0.2672099173069
                ],
                [
                    0.36528414487838745,
                    0.2086462378501892,
                    0.9072123169898987
                ]
            ],
            [
                [
                    0.5887960195541382,
                    0.7784022688865662,
                    -0.21773619949817657
                ],
                [
                    -0.7924647331237793,
                    0.6089650392532349,
                    0.03407613933086395
                ],
                [
                    0.1591186672449112,
                    0.15248437225818634,
                    0.9754125475883484
                ]
            ],
            [
                [
                    0.5353886485099792,
                    -0.8186873197555542,
                    0.20762965083122253
                ],
                [
                    0.8396483063697815,
                    0.542509138584137,
                    -0.0259728841483593
                ],
                [
                    -0.09137731790542603,
                    0.18824145197868347,
                    0.9778626561164856
                ]
            ],
            [
                [
                    0.8783341646194458,
                    -0.17100322246551514,
                    -0.4464156925678253
                ],
                [
                    0.19036182761192322,
                    0.9817128777503967,
                    -0.0015114579582586884
                ],
                [
                    0.4385104477405548,
                    -0.08365295082330704,
                    0.8948244452476501
                ]
            ],
            [
                [
                    0.8317072987556458,
                    0.20042331516742706,
                    0.5177774429321289
                ],
                [
                    -0.09792572259902954,
                    0.9709057211875916,
                    -0.21852362155914307
                ],
                [
                    -0.5465103387832642,
                    0.1310439556837082,
                    0.8271359801292419
                ]
            ],
            [
                [
                    0.9992180466651917,
                    0.023945556953549385,
                    0.0314640998840332
                ],
                [
                    -0.023393873125314713,
                    0.9995680451393127,
                    -0.01778656616806984
                ],
                [
                    -0.031876418739557266,
                    0.017036588862538338,
                    0.9993466138839722
                ]
            ],
            [
                [
                    0.9994803071022034,
                    0.01504865288734436,
                    -0.02850791998207569
                ],
                [
                    -0.01625664159655571,
                    0.9989588260650635,
                    -0.04262705519795418
                ],
                [
                    0.0278367567807436,
                    0.04306834191083908,
                    0.998684287071228
                ]
            ],
            [
                [
                    0.9580096006393433,
                    0.2702718675136566,
                    -0.09576346725225449
                ],
                [
                    -0.25129789113998413,
                    0.9522314667701721,
                    0.17350655794143677
                ],
                [
                    0.13808293640613556,
                    -0.14215581119060516,
                    0.9801656603813171
                ]
            ],
            [
                [
                    0.9714512825012207,
                    -0.22301466763019562,
                    0.08091244101524353
                ],
                [
                    0.20398782193660736,
                    0.9593425989151001,
                    0.19506588578224182
                ],
                [
                    -0.12112531065940857,
                    -0.17299185693264008,
                    0.9774468541145325
                ]
            ]
        ],
        "betas": [
            -0.217816561460495,
            -0.182343989610672,
            -0.14121361076831818,
            0.09592482447624207,
            0.12150505185127258,
            0.0252973772585392,
            -0.04416614770889282,
            -0.07077643275260925,
            0.09173927456140518,
            -0.025258690118789673
        ]
    },
    "pred_cam_t": [
        0.047896988689899445,
        0.43145033717155457,
        20.515419006347656
    ],
    "focal_length": [
        5000.0,
        5000.0
    ],
    "pred_keypoints_3d": [
        [
            0.11600745469331741,
            -0.7862292528152466,
            0.10471902787685394
        ],
        [
            -0.004783522337675095,
            -0.7194820046424866,
            -0.01741085574030876
        ],
        [
            0.17511413991451263,
            -0.619783341884613,
            -0.022279392927885056
        ],
        [
            0.21142913401126862,
            -0.37189650535583496,
            -0.04457573592662811
        ],
        [
            0.24220934510231018,
            -0.16471612453460693,
            0.09492291510105133
        ],
        [
            -0.18045461177825928,
            -0.6187202334403992,
            -0.028337184339761734
        ],
        [
            -0.22683541476726532,
            -0.36552193760871887,
            -0.03972847759723663
        ],
        [
            -0.30765753984451294,
            -0.17185264825820923,
            0.08813020586967468
        ],
        [
            -0.0017373166047036648,
            -0.22150848805904388,
            0.028580741956830025
        ],
        [
            0.06535086780786514,
            -0.133076012134552,
            0.04765145853161812
        ],
        [
            0.08339136838912964,
            0.17303720116615295,
            0.26729217171669006
        ],
        [
            0.043625906109809875,
            0.5409947633743286,
            0.13603824377059937
        ],
        [
            -0.07220747321844101,
            -0.13226786255836487,
            0.04239779710769653
        ],
        [
            -0.10777683556079865,
            0.18074175715446472,
            0.23541483283042908
        ],
        [
            -0.08715246617794037,
            0.54461669921875,
            0.09004716575145721
        ],
        [
            0.12462698668241501,
            -0.8291351795196533,
            0.06254048645496368
        ],
        [
            0.08539611846208572,
            -0.8366103172302246,
            0.11509526520967484
        ],
        [
            0.07659497857093811,
            -0.8393424153327942,
            -0.02673575095832348
        ],
        [
            -0.01367797702550888,
            -0.8562889099121094,
            0.08752603083848953
        ],
        [
            -0.09668387472629547,
            0.6181514859199524,
            0.27277806401252747
        ],
        [
            -0.16131556034088135,
            0.6197255253791809,
            0.22094574570655823
        ],
        [
            -0.09191769361495972,
            0.5696389079093933,
            0.02599833905696869
        ],
        [
            0.032744601368904114,
            0.6197927594184875,
            0.3184855282306671
        ],
        [
            0.10374835878610611,
            0.6214805841445923,
            0.2696346342563629
        ],
        [
            0.04814714193344116,
            0.5748780369758606,
            0.07260136306285858
        ],
        [
            0.07264232635498047,
            0.49028560519218445,
            0.12309783697128296
        ],
        [
            0.0832076296210289,
            0.11806950718164444,
            0.24396862089633942
        ],
        [
            0.14752334356307983,
            -0.24840159714221954,
            0.008565208874642849
        ],
        [
            -0.14937414228916168,
            -0.2315421849489212,
            -0.005567009095102549
        ],
        [
            -0.11806320399045944,
            0.14361247420310974,
            0.22209984064102173
        ],
        [
            -0.09772023558616638,
            0.5057505369186401,
            0.07389102131128311
        ],
        [
            0.22798074781894684,
            -0.19429433345794678,
            0.10979001224040985
        ],
        [
            0.2384016364812851,
            -0.39364123344421387,
            -0.022405657917261124
        ],
        [
            0.14035576581954956,
            -0.6525073647499084,
            -0.027381744235754013
        ],
        [
            -0.14915162324905396,
            -0.6506369113922119,
            -0.029021095484495163
        ],
        [
            -0.2616449296474457,
            -0.3960365653038025,
            -0.01895938068628311
        ],
        [
            -0.3114497661590576,
            -0.19189772009849548,
            0.09286557137966156
        ],
        [
            -0.004997927695512772,
            -0.7086780071258545,
            -0.013049524277448654
        ],
        [
            0.05735563114285469,
            -0.8938689827919006,
            0.04713589698076248
        ],
        [
            -0.001468199654482305,
            -0.2402143031358719,
            0.0015974066918715835
        ],
        [
            -0.004326457157731056,
            -0.6503773927688599,
            -0.02494904026389122
        ],
        [
            -0.0028711091727018356,
            -0.47861984372138977,
            -0.03740552067756653
        ],
        [
            0.05033055692911148,
            -0.7816494703292847,
            0.06394879519939423
        ],
        [
            0.06021061912178993,
            -0.9132440686225891,
            0.03877100721001625
        ]
    ],
    "pred_vertices": [
        [
            0.09008824080228806,
            -0.8835186958312988,
            0.12818777561187744
        ],
        [
            0.09436318278312683,
            -0.8671234846115112,
            0.12637394666671753
        ],
        [
            0.08012457191944122,
            -0.8676109313964844,
            0.12945137917995453
        ],
        [
            0.07277365028858185,
            -0.881222128868103,
            0.12854942679405212
        ],
        [
            0.08413122594356537,
            -0.8567482233047485,
            0.1289398968219757
        ],
        [
            0.09640388935804367,
            -0.8549569845199585,
            0.12556621432304382
        ],
        [
            0.06647782772779465,
            -0.8654340505599976,
            0.12761497497558594
        ],
        [
            0.05772828310728073,
            -0.8751406669616699,
            0.12579606473445892
        ],
        [
            0.04513515532016754,
            -0.8344365358352661,
            0.12215779721736908
        ],
        [
            0.0343969389796257,
            -0.8328939080238342,
            0.11872690916061401
        ],
        [
            0.03848141431808472,
            -0.8443436622619629,
            0.12143106013536453
        ],
        [
            0.048747844994068146,
            -0.8429572582244873,
            0.12298794835805893
        ],
        [
            0.03512999415397644,
            -0.8105548620223999,
            0.11656556278467178
        ],
        [
            0.04286637157201767,
            -0.7988004684448242,
            0.11642885208129883
        ],
        [
            0.03124137967824936,
            -0.7930176258087158,
            0.11105775833129883
        ],
        [
            0.02384723722934723,
            -0.8042936325073242,
            0.10983072221279144
        ],
        [
            0.08515918999910355,
            -0.8020777702331543,
            0.10734466463327408
        ],
        [
            0.0789269357919693,
            -0.7966915369033813,
            0.1107332706451416
        ],
        [
            0.07797299325466156,
            -0.8036609888076782,
            0.1137980967760086
        ],
        [
            0.08419200032949448,
            -0.8082840442657471,
            0.10960576683282852
        ],
        [
            0.0978483259677887,
            -0.8089408874511719,
            0.10438915342092514
        ],
        [
            0.09637180715799332,
            -0.8151630163192749,
            0.10362117737531662
        ],
        [
            0.1041177436709404,
            -0.8169724345207214,
            0.10324223339557648
        ],
        [
            0.1055765151977539,
            -0.8098967671394348,
            0.10536190122365952
        ],
        [
            0.08701029419898987,
            -0.7965291738510132,
            0.10252905637025833
        ],
        [
            0.08016249537467957,
            -0.7910372018814087,
            0.10614991188049316
        ],
        [
            0.0908651202917099,
            -0.8065589070320129,
            0.10470031201839447
        ],
        [
            0.0921088382601738,
            -0.801753580570221,
            0.10441337525844574
        ],
        [
            0.09954537451267242,
            -0.7930971384048462,
            0.10794691741466522
        ],
        [
            0.09889136999845505,
            -0.7981119155883789,
            0.10860766470432281
        ],
        [
            0.10642512142658234,
            -0.7970382571220398,
            0.11022132635116577
        ],
        [
            0.10514955967664719,
            -0.7918888330459595,
            0.10837484896183014
        ],
        [
            0.091236412525177,
            -0.7952309250831604,
            0.10412795841693878
        ],
        [
            0.09369900077581406,
            -0.797272801399231,
            0.1065623089671135
        ],
        [
            0.09582270681858063,
            -0.7928676605224609,
            0.10583722591400146
        ],
        [
            0.093693807721138,
            -0.7915496826171875,
            0.10261638462543488
        ],
        [
            0.09925242513418198,
            -0.8041282296180725,
            0.10533113777637482
        ],
        [
            0.10655267536640167,
            -0.8037954568862915,
            0.10749230533838272
        ],
        [
            0.11443641036748886,
            -0.8029612302780151,
            0.10904403030872345
        ],
        [
            0.11370320618152618,
            -0.7944883108139038,
            0.11131427437067032
        ],
        [
            0.06271740049123764,
            -0.7868114709854126,
            0.11370383948087692
        ],
        [
            0.07165557891130447,
            -0.7915813326835632,
            0.11318589746952057
        ],
        [
            0.07338224351406097,
            -0.7863100171089172,
            0.10912719368934631
        ],
        [
            0.06636220961809158,
            -0.7824273109436035,
            0.11038123071193695
        ],
        [
            0.08942517638206482,
            -0.789575457572937,
            0.10134860873222351
        ],
        [
            0.08190453797578812,
            -0.7750856280326843,
            0.1031329482793808
        ],
        [
            0.08315498381853104,
            -0.7785879969596863,
            0.1039174348115921
        ],
        [
            0.09005659818649292,
            -0.7776795029640198,
            0.10180159658193588
        ],
        [
            0.08837266266345978,
            -0.7745121121406555,
            0.10155439376831055
        ],
        [
            0.04835531860589981,
            -0.7762331962585449,
            0.11016499996185303
        ],
        [
            0.055097274482250214,
            -0.7732647657394409,
            0.10903915762901306
        ],
        [
            0.05049761384725571,
            -0.7675967812538147,
            0.10683740675449371
        ],
        [
            0.04249650985002518,
            -0.7695426940917969,
            0.10662415623664856
        ],
        [
            0.04849667102098465,
            -0.7623449563980103,
            0.10406948626041412
        ],
        [
            0.03783309459686279,
            -0.7630243301391602,
            0.10279542207717896
        ],
        [
            0.03925397992134094,
            -0.7491064667701721,
            0.09493386745452881
        ],
        [
            0.03786452114582062,
            -0.7554155588150024,
            0.09868323802947998
        ],
        [
            0.049507640302181244,
            -0.7566884756088257,
            0.1009676456451416
        ],
        [
            0.05362006276845932,
            -0.750747561454773,
            0.09860875457525253
        ],
        [
            0.07027626782655716,
            -0.7512469291687012,
            0.09503446519374847
        ],
        [
            0.07542115449905396,
            -0.7486757040023804,
            0.09238806366920471
        ],
        [
            0.06689199060201645,
            -0.738735020160675,
            0.09354299306869507
        ],
        [
            0.06014814227819443,
            -0.7438604831695557,
            0.09629222750663757
        ],
        [
            0.07728154957294464,
            -0.7706005573272705,
            0.09937714040279388
        ],
        [
            0.07285045087337494,
            -0.7718627452850342,
            0.10049498081207275
        ],
        [
            0.07481682300567627,
            -0.772620677947998,
            0.10230597853660583
        ],
        [
            0.08017418533563614,
            -0.7722592353820801,
            0.10141349583864212
        ],
        [
            0.06919372826814651,
            -0.7723885774612427,
            0.10209928452968597
        ],
        [
            0.06755676865577698,
            -0.7724884748458862,
            0.10287937521934509
        ],
        [
            0.06898275017738342,
            -0.7733563184738159,
            0.10358184576034546
        ],
        [
            0.0702194795012474,
            -0.7729350328445435,
            0.1023181900382042
        ],
        [
            0.07173679023981094,
            -0.7722713947296143,
            0.1012202724814415
        ],
        [
            0.07199477404356003,
            -0.7703065872192383,
            0.10053461045026779
        ],
        [
            0.06977761536836624,
            -0.7714741230010986,
            0.10170406103134155
        ],
        [
            0.07596330344676971,
            -0.7684240341186523,
            0.09959033131599426
        ],
        [
            0.08834736049175262,
            -0.7628136873245239,
            0.09556442499160767
        ],
        [
            0.0852813571691513,
            -0.7639498710632324,
            0.09725257009267807
        ],
        [
            0.08703956007957458,
            -0.768097996711731,
            0.09600028395652771
        ],
        [
            0.08958324044942856,
            -0.7675374150276184,
            0.0945446565747261
        ],
        [
            0.07193204015493393,
            -0.7747073173522949,
            0.10361248254776001
        ],
        [
            0.07041022181510925,
            -0.7763198018074036,
            0.10543522238731384
        ],
        [
            0.0761750191450119,
            -0.777541995048523,
            0.1050579771399498
        ],
        [
            0.07552982866764069,
            -0.7750515937805176,
            0.10345567762851715
        ],
        [
            0.06929416954517365,
            -0.7784044742584229,
            0.10762767493724823
        ],
        [
            0.06748495250940323,
            -0.7748579382896423,
            0.1051047295331955
        ],
        [
            0.06492458283901215,
            -0.7761843204498291,
            0.10738106071949005
        ],
        [
            0.0672907829284668,
            -0.770804762840271,
            0.10233378410339355
        ],
        [
            0.06396782398223877,
            -0.7698315382003784,
            0.10335997492074966
        ],
        [
            0.06522023677825928,
            -0.772066056728363,
            0.10466853529214859
        ],
        [
            0.0644586980342865,
            -0.7665879726409912,
            0.1017058789730072
        ],
        [
            0.06901007145643234,
            -0.7685571908950806,
            0.10093820095062256
        ],
        [
            0.07261216640472412,
            -0.7658035755157471,
            0.09982869774103165
        ],
        [
            0.07754694670438766,
            -0.762846827507019,
            0.09849706292152405
        ],
        [
            0.07229484617710114,
            -0.7594215273857117,
            0.09799686074256897
        ],
        [
            0.06752436608076096,
            -0.7629353404045105,
            0.0999828428030014
        ],
        [
            0.07536955922842026,
            -0.7817091345787048,
            0.10679168999195099
        ],
        [
            0.06094268709421158,
            -0.772407054901123,
            0.10663376748561859
        ],
        [
            0.06062665581703186,
            -0.7788450717926025,
            0.10993476957082748
        ],
        [
            0.05859645456075668,
            -0.7682293057441711,
            0.10532326996326447
        ],
        [
            0.05808217078447342,
            -0.7640202045440674,
            0.10299155861139297
        ],
        [
            0.05942448973655701,
            -0.7598001956939697,
            0.10066205263137817
        ],
        [
            0.06499552726745605,
            -0.755204439163208,
            0.09776614606380463
        ],
        [
            0.05422913283109665,
            -0.7340958118438721,
            0.0875050276517868
        ],
        [
            0.04668761044740677,
            -0.7408194541931152,
            0.09157000482082367
        ],
        [
            0.09413284808397293,
            -0.8480836153030396,
            0.12111368775367737
        ],
        [
            0.08599637448787689,
            -0.8491503000259399,
            0.12594415247440338
        ],
        [
            0.08013437688350677,
            -0.8431943655014038,
            0.12217952311038971
        ],
        [
            0.079806849360466,
            -0.8454865217208862,
            0.12355335801839828
        ],
        [
            0.08576750010251999,
            -0.8453430533409119,
            0.12214286625385284
        ],
        [
            0.08481628447771072,
            -0.8427708148956299,
            0.120882548391819
        ],
        [
            0.058380454778671265,
            -0.8423371315002441,
            0.12194487452507019
        ],
        [
            0.06540770083665848,
            -0.8420925736427307,
            0.12132658809423447
        ],
        [
            0.06284823268651962,
            -0.8389033079147339,
            0.1205684244632721
        ],
        [
            0.054745376110076904,
            -0.8363397121429443,
            0.12238895893096924
        ],
        [
            0.07055794447660446,
            -0.8288132548332214,
            0.11851547658443451
        ],
        [
            0.06571567058563232,
            -0.8314472436904907,
            0.11999209225177765
        ],
        [
            0.07232779264450073,
            -0.8365113735198975,
            0.11928854882717133
        ],
        [
            0.07586546242237091,
            -0.8345527052879333,
            0.11841073632240295
        ],
        [
            0.07957208901643753,
            -0.8330593109130859,
            0.11684127897024155
        ],
        [
            0.08305620402097702,
            -0.8321793079376221,
            0.11461539566516876
        ],
        [
            0.08094821125268936,
            -0.827426552772522,
            0.11360891163349152
        ],
        [
            0.07610788941383362,
            -0.8276547789573669,
            0.11618995666503906
        ],
        [
            0.09163904935121536,
            -0.8451172113418579,
            0.11816103756427765
        ],
        [
            0.09566410630941391,
            -0.8436254262924194,
            0.11239460110664368
        ],
        [
            0.09352437406778336,
            -0.8411860466003418,
            0.11265368014574051
        ],
        [
            0.09025024622678757,
            -0.8421687483787537,
            0.11778473109006882
        ],
        [
            0.0943819060921669,
            -0.835568368434906,
            0.1006803810596466
        ],
        [
            0.09515901654958725,
            -0.8377230167388916,
            0.10262405872344971
        ],
        [
            0.09868524968624115,
            -0.838431715965271,
            0.10070008039474487
        ],
        [
            0.09724576026201248,
            -0.834216833114624,
            0.09901340305805206
        ],
        [
            0.09486784785985947,
            -0.8315688371658325,
            0.10038226842880249
        ],
        [
            0.09334705770015717,
            -0.833929717540741,
            0.10166123509407043
        ],
        [
            0.1013239324092865,
            -0.9031104445457458,
            0.12330369651317596
        ],
        [
            0.10576660186052322,
            -0.88448166847229,
            0.12356039881706238
        ],
        [
            0.08095495402812958,
            -0.9016737937927246,
            0.12635037302970886
        ],
        [
            0.0635652020573616,
            -0.8957875370979309,
            0.12495512515306473
        ],
        [
            0.04808507114648819,
            -0.8862127065658569,
            0.12275747954845428
        ],
        [
            0.039835408329963684,
            -0.783184289932251,
            0.11100868880748749
        ],
        [
            0.03145015984773636,
            -0.7765809297561646,
            0.10681255161762238
        ],
        [
            0.020025521516799927,
            -0.7878625392913818,
            0.10520285367965698
        ],
        [
            0.014085285365581512,
            -0.7793893814086914,
            0.0986633151769638
        ],
        [
            0.025929905474185944,
            -0.7681310176849365,
            0.10123398900032043
        ],
        [
            0.02592720463871956,
            -0.7507157325744629,
            0.08766627311706543
        ],
        [
            0.023854590952396393,
            -0.758931040763855,
            0.09455828368663788
        ],
        [
            0.009696193039417267,
            -0.7714037895202637,
            0.08906988054513931
        ],
        [
            -0.001582413911819458,
            -0.7876651287078857,
            0.08534501492977142
        ],
        [
            0.004452966153621674,
            -0.7929553985595703,
            0.09587308764457703
        ],
        [
            -0.00794636458158493,
            -0.8064659237861633,
            0.08176174759864807
        ],
        [
            -0.010824725031852722,
            -0.7829693555831909,
            0.0723976194858551
        ],
        [
            -0.013586118817329407,
            -0.8071869611740112,
            0.0735308974981308
        ],
        [
            -0.01300748810172081,
            -0.745098352432251,
            0.05996360257267952
        ],
        [
            -0.02139793336391449,
            -0.7357662916183472,
            0.05425911396741867
        ],
        [
            -0.03318985551595688,
            -0.7456197142601013,
            0.046929918229579926
        ],
        [
            -0.026712656021118164,
            -0.7555330991744995,
            0.055008236318826675
        ],
        [
            0.012792415916919708,
            -0.7982033491134644,
            0.10328803211450577
        ],
        [
            0.03550918400287628,
            -0.8569080233573914,
            0.11777811497449875
        ],
        [
            0.04602334648370743,
            -0.853215217590332,
            0.12246659398078918
        ],
        [
            0.02737647294998169,
            -0.8463717699050903,
            0.11629185080528259
        ],
        [
            0.03787429630756378,
            -0.9194947481155396,
            0.11410699039697647
        ],
        [
            0.05178595334291458,
            -0.9093071222305298,
            0.12147683650255203
        ],
        [
            0.03821475803852081,
            -0.8973687887191772,
            0.12014392763376236
        ],
        [
            0.026093795895576477,
            -0.9085919260978699,
            0.11402719467878342
        ],
        [
            0.07194554805755615,
            -0.946556568145752,
            0.10329629480838776
        ],
        [
            0.08797512203454971,
            -0.9271745681762695,
            0.11628184467554092
        ],
        [
            0.07088686525821686,
            -0.9197432994842529,
            0.11910223960876465
        ],
        [
            0.05691094696521759,
            -0.935337483882904,
            0.11011143773794174
        ],
        [
            0.01604016125202179,
            -0.9141099452972412,
            0.10699456185102463
        ],
        [
            0.002472400665283203,
            -0.9208888411521912,
            0.09593461453914642
        ],
        [
            0.005226656794548035,
            -0.9373336434364319,
            0.08997119218111038
        ],
        [
            0.022638335824012756,
            -0.9310011267662048,
            0.10317493975162506
        ],
        [
            0.014493480324745178,
            -0.9566521048545837,
            0.07856786251068115
        ],
        [
            0.03516507148742676,
            -0.9493982791900635,
            0.09505690634250641
        ],
        [
            -0.024502307176589966,
            -0.7956969738006592,
            0.060483306646347046
        ],
        [
            -0.02063240110874176,
            -0.8149371147155762,
            0.0647299587726593
        ],
        [
            -0.0177607461810112,
            -0.767516016960144,
            0.06376823782920837
        ],
        [
            -0.0290374755859375,
            -0.7794363498687744,
            0.05434148758649826
        ],
        [
            0.027284398674964905,
            -0.9696910381317139,
            0.06323246657848358
        ],
        [
            0.051311686635017395,
            -0.9630388617515564,
            0.083502858877182
        ],
        [
            -0.030933231115341187,
            -0.9129371643066406,
            0.05274791270494461
        ],
        [
            -0.022109612822532654,
            -0.9276342391967773,
            0.06275086849927902
        ],
        [
            -0.01885940134525299,
            -0.9118337035179138,
            0.07603994011878967
        ],
        [
            -0.028022602200508118,
            -0.9003749489784241,
            0.06549051403999329
        ],
        [
            -0.03140293061733246,
            -0.9254311323165894,
            0.03658498823642731
        ],
        [
            -0.020709916949272156,
