{
    "pred_cam": [
        1.8699650764465332,
        0.05047556012868881,
        0.4368312656879425
    ],
    "pred_smpl_params": {
        "global_orient": [
            [
                [
                    -0.9999986290931702,
                    -0.00020394445164129138,
                    -0.0016497891629114747
                ],
                [
                    0.0006329020252451301,
                    -0.9644101858139038,
                    -0.26440978050231934
                ],
                [
                    -0.001537150121293962,
                    -0.26441046595573425,
                    0.9644089937210083
                ]
            ]
        ],
        "body_pose": [
            [
                [
                    0.9997518658638,
                    0.02008453942835331,
                    -0.009633154608309269
                ],
                [
                    -0.01560448482632637,
                    0.940092146396637,
                    0.34056323766708374
                ],
                [
                    0.015896106138825417,
                    -0.3403284251689911,
                    0.9401723146438599
                ]
            ],
            [
                [
                    0.9984084367752075,
                    -0.03263036534190178,
                    0.04599824920296669
                ],
                [
                    0.01045248843729496,
                    0.9085537195205688,
                    0.4176371395587921
                ],
                [
                    -0.05541953444480896,
                    -0.41649165749549866,
                    0.9074487686157227
                ]
            ],
            [
                [
                    0.9996737241744995,
                    0.011871490627527237,
                    -0.0226146150380373
                ],
                [
                    -0.01761571690440178,
                    0.9615932106971741,
                    -0.2739126682281494
                ],
                [
                    0.01849430985748768,
                    0.2742216885089874,
                    0.9614886045455933
                ]
            ],
            [
                [
                    0.9928716421127319,
                    0.032395653426647186,
                    -0.11470123380422592
                ],
                [
                    -0.10933879017829895,
                    0.6306326389312744,
                    -0.7683407068252563
                ],
                [
                    0.0474434457719326,
                    0.7754050493240356,
                    0.6296793818473816
                ]
            ],
            [
                [
                    0.9876159429550171,
                    -0.0969066321849823,
                    0.1233857199549675
                ],
                [
                    0.1568784862756729,
                    0.6200762391090393,
                    -0.7686967849731445
                ],
                [
                    -0.0020167494658380747,
                    0.7785336375236511,
                    0.6275997161865234
                ]
            ],
            [
                [
                    0.9996561408042908,
                    -0.018205074593424797,
                    0.018872417509555817
                ],
                [
                    0.017772527411580086,
                    0.9995811581611633,
                    0.02283930592238903
                ],
                [
                    -0.01928030326962471,
                    -0.022496042773127556,
                    0.9995610117912292
                ]
            ],
            [
                [
                    0.9800427556037903,
                    -0.04836936295032501,
                    0.19281232357025146
                ],
                [
                    0.01371874287724495,
                    0.9840899705886841,
                    0.1771404892206192
                ],
                [
                    -0.19831283390522003,
                    -0.17096011340618134,
                    0.9651138186454773
                ]
            ],
            [
                [
                    0.9760890603065491,
                    0.06625162810087204,
                    -0.2070288062095642
                ],
                [
                    -0.0523100271821022,
                    0.9960240125656128,
                    0.07211059331893921
                ],
                [
                    0.21098308265209198,
                    -0.05955667793750763,
                    0.9756737947463989
                ]
            ],
            [
                [
                    0.9999082088470459,
                    0.007056578062474728,
                    -0.011563663370907307
                ],
                [
                    -0.008128207176923752,
                    0.9954046607017517,
                    -0.09541194140911102
                ],
                [
                    0.010837242938578129,
                    0.09549718350172043,
                    0.995370626449585
                ]
            ],
            [
                [
                    0.998430073261261,
                    -0.01785353571176529,
                    -0.05308978632092476
                ],
                [
                    0.021809590980410576,
                    0.9969527721405029,
                    0.07489674538373947
                ],
                [
                    0.05159083753824234,
                    -0.07593704015016556,
                    0.9957770109176636
                ]
            ],
            [
                [
                    0.9977508783340454,
                    0.03220801055431366,
                    -0.058785777539014816
                ],
                [
                    -0.026544779539108276,
                    0.9951522946357727,
                    0.09469610452651978
                ],
                [
                    0.061550769954919815,
                    -0.09292267262935638,
                    0.9937690496444702
                ]
            ],
            [
                [
                    0.8687511086463928,
                    -0.13821466267108917,
                    -0.47557148337364197
                ],
                [
                    0.10186085850000381,
                    0.9896036982536316,
                    -0.10153261572122574
                ],
                [
                    0.4846605956554413,
                    0.03976446017622948,
                    0.8737979531288147
                ]
            ],
            [
                [
                    0.9165013432502747,
                    0.39982613921165466,
                    0.012816324830055237
                ],
                [
                    -0.3998067080974579,
                    0.9165900945663452,
                    -0.004155401606112719
                ],
                [
                    -0.013408753089606762,
                    -0.0013156210770830512,
                    0.9999092221260071
                ]
            ],
            [
                [
                    0.9242603182792664,
                    -0.37765368819236755,
                    0.055863454937934875
                ],
                [
                    0.3783736228942871,
                    0.9256495833396912,
                    -0.002519599162042141
                ],
                [
                    -0.050758443772792816,
                    0.023466022685170174,
                    0.998435378074646
                ]
            ],
            [
                [
                    0.9223998188972473,
                    -0.19997581839561462,
                    -0.3304365873336792
                ],
                [
                    0.11450404673814774,
                    0.9586516618728638,
                    -0.260530024766922
                ],
                [
                    0.36887326836586,
                    0.20247650146484375,
                    0.9071581363677979
                ]
            ],
            [
                [
                    0.584102213382721,
                    0.7866886258125305,
                    -0.19986408948898315
                ],
                [
                    -0.797995388507843,
                    0.6015980243682861,
                    0.03582073003053665
                ],
                [
                    0.14841757714748383,
                    0.13856768608093262,
                    0.9791685938835144
                ]
            ],
            [
                [
                    0.5161121487617493,
                    -0.8276103734970093,
                    0.2206563651561737
                ],
                [
                    0.850595235824585,
                    0.5254927277565002,
                    -0.018577514216303825
                ],
                [
                    -0.10057838261127472,
                    0.19727733731269836,
                    0.975174605846405
                ]
            ],
            [
                [
                    0.89698326587677,
                    -0.16665978729724884,
                    -0.4094453454017639
                ],
                [
                    0.19011002779006958,
                    0.9816168546676636,
                    0.016924049705266953
                ],
                [
                    0.3990979492664337,
                    -0.09302027523517609,
                    0.912177562713623
                ]
            ],
            [
                [
                    0.8410136699676514,
                    0.1894325166940689,
                    0.5067656636238098
                ],
                [
                    -0.08399968594312668,
                    0.971058189868927,
                    -0.22358481585979462
                ],
                [
                    -0.5344531536102295,
                    0.14546969532966614,
                    0.8325855135917664
                ]
            ],
            [
                [
                    0.998663604259491,
                    0.03218624368309975,
                    0.04043605923652649
                ],
                [
                    -0.03110530599951744,
                    0.9991491436958313,
                    -0.02708272449672222
                ],
                [
                    -0.041273344308137894,
                    0.02578875422477722,
                    0.9988150596618652
                ]
            ],
            [
                [
                    0.9991510510444641,
                    0.013572897762060165,
                    -0.03889482468366623
                ],
                [
                    -0.015390557236969471,
                    0.9987846612930298,
                    -0.046821482479572296
                ],
                [
                    0.03821205347776413,
                    0.04738035425543785,
                    0.9981456398963928
                ]
            ],
            [
                [
                    0.9566289186477661,
                    0.27569499611854553,
                    -0.09409192949533463
                ],
                [
                    -0.2562374472618103,
                    0.9500051140785217,
                    0.17841656506061554
                ],
                [
                    0.13857640326023102,
                    -0.14656858146190643,
                    0.97944575548172
                ]
            ],
            [
                [
                    0.9709943532943726,
                    -0.22454331815242767,
                    0.08215942233800888
                ],
                [
                    0.20494382083415985,
                    0.9585915803909302,
                    0.19773784279823303
                ],
                [
                    -0.1231580376625061,
                    -0.17516428232192993,
                    0.9768057465553284
                ]
            ]
        ],
        "betas": [
            -0.23143857717514038,
            -0.1582779884338379,
            -0.17396675050258636,
            0.06898751854896545,
            0.11247119307518005,
            0.02218059077858925,
            -0.044558167457580566,
            -0.075053870677948,
            0.09837273508310318,
            -0.035110414028167725
        ]
    },
    "pred_cam_t": [
        0.05047556012868881,
        0.4368312656879425,
        20.889427185058594
    ],
    "focal_length": [
        5000.0,
        5000.0
    ],
    "pred_keypoints_3d": [
        [
            0.11969386786222458,
            -0.7823488712310791,
            0.09326457977294922
        ],
        [
            -0.005626549944281578,
            -0.7169289588928223,
            -0.024697741493582726
        ],
        [
            0.17365281283855438,
            -0.6179466247558594,
            -0.03382735699415207
        ],
        [
            0.2051921784877777,
            -0.3690272569656372,
            -0.051755741238594055
        ],
        [
            0.23289018869400024,
            -0.16128939390182495,
            0.08764275908470154
        ],
        [
            -0.18126347661018372,
            -0.6178133487701416,
            -0.030649542808532715
        ],
        [
            -0.22909921407699585,
            -0.36490398645401,
            -0.04323357343673706
        ],
        [
            -0.3131127655506134,
            -0.16624541580677032,
            0.07451631873846054
        ],
        [
            -0.0017231609672307968,
            -0.22078382968902588,
            0.028397178277373314
        ],
        [
            0.06609196215867996,
            -0.13325828313827515,
            0.04807014390826225
        ],
        [
            0.09096495062112808,
            0.15983286499977112,
            0.2843282222747803
        ],
        [
            0.05214798450469971,
            0.5309791564941406,
            0.16208428144454956
        ],
        [
            -0.07133481651544571,
            -0.13165989518165588,
            0.04556075483560562
        ],
        [
            -0.09695623815059662,
            0.17216917872428894,
            0.2544603645801544
        ],
        [
            -0.0747259110212326,
            0.5347905158996582,
            0.10614246129989624
        ],
        [
            0.126746267080307,
            -0.8255673050880432,
            0.05119672790169716
        ],
        [
            0.08954671770334244,
            -0.832545280456543,
            0.10523981600999832
        ],
        [
            0.0753684788942337,
            -0.8365111947059631,
            -0.035921983420848846
        ],
        [
            -0.010412558913230896,
            -0.8524317741394043,
            0.08158542215824127
        ],
        [
            -0.07806596904993057,
            0.6068392992019653,
            0.2891963720321655
        ],
        [
            -0.14398768544197083,
            0.6098417639732361,
            0.23943236470222473
        ],
        [
            -0.08119663596153259,
            0.5599154829978943,
            0.042383089661598206
        ],
        [
            0.04712150990962982,
            0.6049576997756958,
            0.34659332036972046
        ],
        [
            0.11656253039836884,
            0.6070497632026672,
            0.29586029052734375
        ],
        [
            0.055838100612163544,
            0.5663489103317261,
            0.09935435652732849
        ],
        [
            0.08028210699558258,
            0.4803045392036438,
            0.14732477068901062
        ],
        [
            0.08994553238153458,
            0.1064654216170311,
            0.2587793469429016
        ],
        [
            0.14672455191612244,
            -0.2475126087665558,
            0.004394327290356159
        ],
        [
            -0.1500915139913559,
            -0.22903472185134888,
            -0.0031703379936516285
        ],
        [
            -0.10816796123981476,
            0.13610705733299255,
            0.2404133528470993
        ],
        [
            -0.08642846345901489,
            0.4960150122642517,
            0.09051506221294403
        ],
        [
            0.2195083647966385,
            -0.19090968370437622,
            0.10260692238807678
        ],
        [
            0.23270557820796967,
            -0.3904341459274292,
            -0.030349409207701683
        ],
        [
            0.1385532021522522,
            -0.650234580039978,
            -0.03813215345144272
        ],
        [
            -0.14976099133491516,
            -0.6490171551704407,
            -0.03239474818110466
        ],
        [
            -0.2637537717819214,
            -0.3952621817588806,
            -0.022278450429439545
        ],
        [
            -0.3168429732322693,
            -0.18587638437747955,
            0.07997467368841171
        ],
        [
            -0.00553315132856369,
            -0.7066236138343811,
            -0.020371634513139725
        ],
        [
            0.05892495438456535,
            -0.8903189301490784,
            0.03896049037575722
        ],
        [
            -0.0021662062499672174,
            -0.2385658621788025,
            0.0006768886232748628
        ],
        [
            -0.005397509783506393,
            -0.6485220789909363,
            -0.032069675624370575
        ],
        [
            -0.0044409483671188354,
            -0.4764406085014343,
            -0.04281865432858467
        ],
        [
            0.05256862938404083,
            -0.7781220078468323,
            0.055081311613321304
        ],
        [
            0.06142563000321388,
            -0.9097861051559448,
            0.030597487464547157
        ]
    ],
    "pred_vertices": [
        [
            0.09462897479534149,
            -0.879480242729187,
            0.11844521760940552
        ],
        [
            0.0988207757472992,
            -0.863078773021698,
            0.11634781956672668
        ],
        [
            0.08471253514289856,
            -0.863559365272522,
            0.11999556422233582
        ],
        [
            0.07735984027385712,
            -0.8771563768386841,
            0.11946599185466766
        ],
        [
            0.08870159834623337,
            -0.852683424949646,
            0.11923691630363464
        ],
        [
            0.10086613893508911,
            -0.8508967161178589,
            0.11538596451282501
        ],
        [
            0.07101617753505707,
            -0.8613840937614441,
            0.11867021024227142
        ],
        [
            0.06224196404218674,
            -0.8710687160491943,
            0.11726196110248566
        ],
        [
            0.04957205057144165,
            -0.8303393721580505,
            0.11377134919166565
        ],
        [
            0.03868460655212402,
            -0.828784704208374,
            0.11074919998645782
        ],
        [
            0.04283975809812546,
            -0.8402567505836487,
            0.11343874782323837
        ],
        [
            0.05315842479467392,
            -0.8389009237289429,
            0.11456741392612457
        ],
        [
            0.03937587887048721,
            -0.8065375089645386,
            0.10836721956729889
        ],
        [
            0.04713694006204605,
            -0.7947801947593689,
            0.10784298926591873
        ],
        [
            0.03532251715660095,
            -0.7890477180480957,
            0.10284990817308426
        ],
        [
            0.02787879854440689,
            -0.8003265857696533,
            0.10200618207454681
        ],
        [
            0.08902005106210709,
            -0.7981163263320923,
            0.09720118343830109
        ],
        [
            0.08293212950229645,
            -0.7927131652832031,
            0.10078750550746918
        ],
        [
            0.08209110796451569,
            -0.7996479272842407,
            0.1039426326751709
        ],
        [
            0.08813922107219696,
            -0.8043010234832764,
            0.0995493158698082
        ],
        [
            0.1015537828207016,
            -0.8050227761268616,
            0.09382416307926178
        ],
        [
            0.10004403442144394,
            -0.8112525939941406,
            0.09316109120845795
        ],
        [
            0.10777058452367783,
            -0.8130674362182617,
            0.09250815212726593
        ],
        [
            0.10930848121643066,
            -0.8059707880020142,
            0.09450367093086243
        ],
        [
            0.0906965434551239,
            -0.7926052212715149,
            0.0922878161072731
        ],
        [
            0.08400067687034607,
            -0.7870920896530151,
            0.09612686932086945
        ],
        [
            0.09462177008390427,
            -0.8026111721992493,
            0.09437710046768188
        ],
        [
            0.09582950174808502,
            -0.7978317737579346,
            0.09400926530361176
        ],
        [
            0.10337651520967484,
            -0.7891495823860168,
            0.09717961400747299
        ],
        [
            0.10275279730558395,
            -0.794157087802887,
            0.09789443761110306
        ],
        [
            0.11034302413463593,
            -0.7930726408958435,
            0.09921145439147949
        ],
        [
            0.10899727046489716,
            -0.7879410982131958,
            0.0973731130361557
        ],
        [
            0.09495681524276733,
            -0.7913135290145874,
            0.09369513392448425
        ],
        [
            0.0975048765540123,
            -0.7933266758918762,
            0.0960463285446167
        ],
        [
            0.09959515184164047,
            -0.7889304757118225,
            0.0952068492770195
        ],
        [
            0.09734638780355453,
            -0.7876421213150024,
            0.09206929057836533
        ],
        [
            0.10300763696432114,
            -0.8001904487609863,
            0.09466326236724854
        ],
        [
            0.11037275940179825,
            -0.7998448610305786,
            0.09653569757938385
        ],
        [
            0.11829327791929245,
            -0.7990071177482605,
            0.0977749302983284
        ],
        [
            0.11762794852256775,
            -0.7905460596084595,
            0.1000097393989563
        ],
        [
            0.06686322391033173,
            -0.7828164100646973,
            0.10428735613822937
        ],
        [
            0.07578640431165695,
            -0.7875732183456421,
            0.10346817970275879
        ],
        [
            0.07735136896371841,
            -0.7823382019996643,
            0.09931758046150208
        ],
        [
            0.07038353383541107,
            -0.7784519195556641,
            0.10080072283744812
        ],
        [
            0.09303461760282516,
            -0.7856906056404114,
            0.09095212817192078
        ],
        [
            0.08558619767427444,
            -0.7712043523788452,
            0.09289777278900146
        ],
        [
            0.08686234802007675,
            -0.7746965885162354,
            0.09366242587566376
        ],
        [
            0.09366446733474731,
            -0.7738132476806641,
            0.09127309918403625
        ],
        [
            0.09197673946619034,
            -0.7706494331359863,
            0.09106793999671936
        ],
        [
            0.05238943547010422,
            -0.7722821235656738,
            0.10118721425533295
        ],
        [
            0.059074513614177704,
            -0.7693150043487549,
            0.09980526566505432
        ],
        [
            0.0543966144323349,
            -0.7636793255805969,
            0.09771644324064255
        ],
        [
            0.04639672487974167,
            -0.765643298625946,
            0.09780335426330566
        ],
        [
            0.05225983262062073,
            -0.7584857940673828,
            0.09498701244592667
        ],
        [
            0.04156862944364548,
            -0.7591756582260132,
            0.09408865123987198
        ],
        [
            0.0426638200879097,
            -0.7453148365020752,
            0.08608584105968475
        ],
        [
            0.04143602401018143,
            -0.7516047954559326,
            0.08992421627044678
        ],
        [
            0.053149767220020294,
            -0.7528579235076904,
            0.09180840849876404
        ],
        [
            0.05715589225292206,
            -0.746947705745697,
            0.08924362063407898
        ],
        [
            0.07368797063827515,
            -0.7474441528320312,
            0.08501765877008438
        ],
        [
            0.07870018482208252,
            -0.7449041604995728,
            0.08216826617717743
        ],
        [
            0.070223368704319,
            -0.7349736094474792,
            0.08354448527097702
        ],
        [
            0.0635671466588974,
            -0.7400941848754883,
            0.08661435544490814
        ],
        [
            0.08085089176893234,
            -0.7667243480682373,
            0.08929181098937988
        ],
        [
            0.0764770582318306,
            -0.7679753303527832,
            0.09058290719985962
        ],
        [
            0.07851048558950424,
            -0.76871657371521,
            0.09232422709465027
        ],
        [
            0.08382388204336166,
            -0.7683585286140442,
            0.09122243523597717
        ],
        [
            0.0728907361626625,
            -0.768486499786377,
            0.09232848882675171
        ],
        [
            0.07128475606441498,
            -0.768574059009552,
            0.09317195415496826
        ],
        [
            0.0727354884147644,
            -0.7694354057312012,
            0.09382884949445724
        ],
        [
            0.07393962144851685,
            -0.769015908241272,
            0.09250742197036743
        ],
        [
            0.07540878653526306,
            -0.7683650255203247,
            0.0913492813706398
        ],
        [
            0.07563815265893936,
            -0.7664116621017456,
            0.090639129281044
        ],
        [
            0.0734560415148735,
            -0.7675794363021851,
            0.09190231561660767
        ],
        [
            0.07955770939588547,
            -0.7645403146743774,
            0.0895293802022934
        ],
        [
            0.09171164780855179,
            -0.7590137720108032,
            0.08499413728713989
        ],
        [
            0.08874692022800446,
            -0.7601054906845093,
            0.08680328726768494
        ],
        [
            0.09045827388763428,
            -0.764251708984375,
            0.08552728593349457
        ],
        [
            0.09290751069784164,
            -0.7637453079223633,
            0.08397462218999863
        ],
        [
            0.07567063719034195,
            -0.7708041071891785,
            0.09374956041574478
        ],
        [
            0.0742245465517044,
            -0.7723877429962158,
            0.09565450251102448
        ],
        [
            0.07996659725904465,
            -0.7736141085624695,
            0.0950646623969078
        ],
        [
            0.07925885915756226,
            -0.7711398601531982,
            0.0934668779373169
        ],
        [
            0.07321055233478546,
            -0.7744461297988892,
            0.09790799766778946
        ],
        [
            0.07129621505737305,
            -0.7709222435951233,
            0.0954241156578064
        ],
        [
            0.06880590319633484,
            -0.7722557187080383,
            0.0978114977478981
        ],
        [
            0.07099883258342743,
            -0.7669035792350769,
            0.09262166917324066
        ],
        [
            0.06771986186504364,
            -0.7659213542938232,
            0.09376776218414307
        ],
        [
            0.06902076303958893,
            -0.7681354284286499,
            0.09505289793014526
        ],
        [
            0.06814835965633392,
            -0.7627040147781372,
            0.09206085652112961
        ],
        [
            0.07266311347484589,
            -0.7646735906600952,
            0.09114766120910645
        ],
        [
            0.0762108564376831,
            -0.761937141418457,
            0.08987563848495483
        ],
        [
            0.08108256012201309,
            -0.7589975595474243,
            0.08832995593547821
        ],
        [
            0.07582254707813263,
            -0.7555795907974243,
            0.08800014108419418
        ],
        [
            0.07114045321941376,
            -0.759073793888092,
            0.09019683301448822
        ],
        [
            0.079210564494133,
            -0.7777851819992065,
            0.09686477482318878
        ],
        [
            0.06482875347137451,
            -0.7684600949287415,
            0.0971827358007431
        ],
        [
            0.06463564187288284,
            -0.7748727202415466,
            0.10054730623960495
        ],
        [
            0.06243348866701126,
            -0.7643089294433594,
            0.09591749310493469
        ],
        [
            0.061827510595321655,
            -0.7601332664489746,
            0.09356085956096649
        ],
        [
            0.06303482502698898,
            -0.7559731602668762,
            0.09116427600383759
        ],
        [
            0.06853083521127701,
            -0.7513747215270996,
            0.08799450844526291
        ],
        [
            0.05734412372112274,
            -0.730363130569458,
            0.07797179371118546
        ],
        [
            0.049939706921577454,
            -0.7370778322219849,
            0.0823899358510971
        ],
        [
            0.09848348051309586,
            -0.8440223336219788,
            0.11099547147750854
        ],
        [
            0.09051510691642761,
            -0.8450609445571899,
            0.11613941192626953
        ],
        [
            0.084513358771801,
            -0.8391129374504089,
            0.11255277693271637
        ],
        [
            0.08426304906606674,
            -0.8413709402084351,
            0.11396396160125732
        ],
        [
            0.0901370644569397,
            -0.8412700891494751,
            0.11231915652751923
        ],
        [
            0.08914406597614288,
            -0.8386980295181274,
            0.11107346415519714
        ],
        [
            0.06278698146343231,
            -0.8382582068443298,
            0.1131468415260315
        ],
        [
            0.06977930665016174,
            -0.8380130529403687,
            0.1122569739818573
        ],
        [
            0.06718414276838303,
            -0.8348351716995239,
            0.11156968027353287
        ],
        [
            0.059167131781578064,
            -0.8322628736495972,
            0.11366875469684601
        ],
        [
            0.07481462508440018,
            -0.8247681856155396,
            0.10913604497909546
        ],
        [
            0.07003193348646164,
            -0.8273892998695374,
            0.1108187586069107
        ],
        [
            0.0766213983297348,
            -0.8324483633041382,
            0.10991209745407104
        ],
        [
            0.08012574166059494,
            -0.8304997682571411,
            0.10888543725013733
        ],
        [
            0.08376437425613403,
            -0.8290235996246338,
            0.10716509073972702
        ],
        [
            0.0871448814868927,
            -0.8281712532043457,
            0.10480352491140366
        ],
        [
            0.08501523733139038,
            -0.8234188556671143,
            0.10383626073598862
        ],
        [
            0.08027993887662888,
            -0.8236270546913147,
            0.10659284889698029
        ],
        [
            0.09588123857975006,
            -0.8410634994506836,
            0.10812905430793762
        ],
        [
            0.09967326372861862,
            -0.8396248817443848,
            0.10219621658325195
        ],
        [
            0.09754868596792221,
            -0.8371789455413818,
            0.10252777487039566
        ],
        [
            0.0944792851805687,
            -0.8381057977676392,
            0.10779261589050293
        ],
        [
            0.09793561697006226,
            -0.8316683769226074,
            0.09047886729240417
        ],
        [
            0.09878622740507126,
            -0.833810031414032,
            0.09240836650133133
        ],
        [
            0.10224984586238861,
            -0.8345358371734619,
            0.09036234766244888
        ],
        [
            0.10073978453874588,
            -0.8303327560424805,
            0.08869210630655289
        ],
        [
            0.09840431064367294,
            -0.8276762366294861,
            0.0901121199131012
        ],
        [
            0.09692970663309097,
            -0.8300199508666992,
            0.09146876633167267
        ],
        [
            0.1056952178478241,
            -0.8990546464920044,
            0.11333930492401123
        ],
        [
            0.11010757833719254,
            -0.8804948329925537,
            0.1132579818367958
        ],
        [
            0.0854877233505249,
            -0.8975938558578491,
            0.11713305115699768
        ],
        [
            0.06807345151901245,
            -0.8917385339736938,
            0.11632871627807617
        ],
        [
            0.05254167318344116,
            -0.882146954536438,
            0.11463449895381927
        ],
        [
            0.043908752501010895,
            -0.7792260646820068,
            0.10239434987306595
        ],
        [
            0.03537087142467499,
            -0.7726653814315796,
            0.09845536947250366
        ],
        [
            0.023866921663284302,
            -0.7839559316635132,
            0.0973769798874855
        ],
        [
            0.017697498202323914,
            -0.7755433320999146,
            0.09099210798740387
        ],
        [
            0.029621928930282593,
            -0.764289379119873,
            0.09300078451633453
        ],
        [
            0.029084715992212296,
            -0.7470136880874634,
            0.07930554449558258
        ],
        [
            0.02728864550590515,
            -0.7551522850990295,
            0.08632394671440125
        ],
        [
            0.01295538991689682,
            -0.7676555514335632,
            0.08147749304771423
        ],
        [
            0.0015783905982971191,
            -0.7839259505271912,
            0.07832273840904236
        ],
        [
            0.007948681712150574,
            -0.7891545295715332,
            0.0886908769607544
        ],
        [
            -0.004891537129878998,
            -0.8027267456054688,
            0.07516127824783325
        ],
        [
            -0.008130297064781189,
            -0.7793956995010376,
            0.06567253172397614
        ],
        [
            -0.010838434100151062,
            -0.8035190105438232,
            0.06716655194759369
        ],
        [
            -0.010900022462010384,
            -0.7418456077575684,
            0.05297565460205078
        ],
        [
            -0.019551318138837814,
            -0.7326979041099548,
            0.04750005900859833
        ],
        [
            -0.03151435777544975,
            -0.7425483465194702,
            0.04062550514936447
        ],
        [
            -0.024714400991797447,
            -0.7522724270820618,
            0.04858662933111191
        ],
        [
            0.01658560335636139,
            -0.794301450252533,
            0.09582245349884033
        ],
        [
            0.03983655571937561,
            -0.8528653383255005,
            0.10992586612701416
        ],
        [
            0.05042622238397598,
            -0.8491823673248291,
            0.11420853435993195
        ],
        [
            0.031572744250297546,
            -0.8423491716384888,
            0.10869403183460236
        ],
        [
            0.04204587638378143,
            -0.9154304265975952,
            0.10664927214384079
        ],
        [
            0.0561777800321579,
            -0.9052342176437378,
            0.11337783932685852
        ],
        [
            0.04258257895708084,
            -0.8933011293411255,
            0.11246338486671448
        ],
        [
            0.03025846928358078,
            -0.9045212268829346,
            0.10690911114215851
        ],
        [
            0.07559331506490707,
            -0.9426141977310181,
            0.09482972323894501
        ],
        [
            0.09212476760149002,
            -0.9231730103492737,
            0.10705742239952087
        ],
        [
            0.07516071200370789,
            -0.9156887531280518,
            0.11042140424251556
        ],
        [
            0.060846976935863495,
            -0.9313440322875977,
            0.10208956897258759
        ],
        [
            0.019955813884735107,
            -0.9100712537765503,
            0.10033616423606873
        ],
        [
            0.005955040454864502,
            -0.9169321060180664,
            0.08990015834569931
        ],
        [
            0.008449316024780273,
            -0.9333748817443848,
            0.08396277576684952
        ],
        [
            0.026354119181632996,
            -0.9269906878471375,
            0.09641095250844955
        ],
        [
            0.01726469397544861,
            -0.9527478218078613,
            0.0723954290151596
        ],
        [
            0.03850981593132019,
            -0.945427656173706,
            0.08802327513694763
        ],
        [
            -0.02220553159713745,
            -0.7922229766845703,
            0.054437801241874695
        ],
        [
            -0.01817038655281067,
            -0.8113405704498291,
            0.058713410049676895
        ],
        [
            -0.015413746237754822,
            -0.7640872001647949,
            0.05715566128492355
        ],
        [
            -0.02696985751390457,
            -0.776085376739502,
            0.04824822396039963
        ],
        [
            0.029456913471221924,
            -0.9658306241035461,
            0.0566919669508934
        ],
        [
            0.05420243740081787,
            -0.9591346979141235,
            0.07595425844192505
        ],
        [
            -0.028968125581741333,
            -0.9092353582382202,
            0.04798024892807007
        ],
        [
            -0.019800156354904175,
            -0.9238428473472595,
            0.057744696736335754
        ],
        [
            -0.01605360209941864,
            -0.9079919457435608,
            0.07076813280582428
        ],
        [
            -0.025569021701812744,
            -0.8966075778007507,
            0.06050381809473038
        ],
        [
            -0.030028626322746277,
            -0.9218948483467102,
            0.03195086866617203
        ],
        [
            -0.01903076469898224,
