{
    "pred_cam": [
        1.1651908159255981,
        -0.007891131564974785,
        0.17034634947776794
    ],
    "pred_smpl_params": {
        "global_orient": [
            [
                [
                    0.9016228914260864,
                    0.08456160128116608,
                    0.4241763949394226
                ],
                [
                    0.02492005191743374,
                    -0.9892292022705078,
                    0.1442379206418991
                ],
                [
                    0.43180468678474426,
                    -0.11947769671678543,
                    -0.8940189480781555
                ]
            ]
        ],
        "body_pose": [
            [
                [
                    0.9974594712257385,
                    0.019734371453523636,
                    -0.06844829767942429
                ],
                [
                    -0.020427308976650238,
                    0.9997467398643494,
                    -0.009438292123377323
                ],
                [
                    0.06824471056461334,
                    0.010812527500092983,
                    0.9976099729537964
                ]
            ],
            [
                [
                    0.9978175163269043,
                    0.030616512522101402,
                    -0.05850543454289436
                ],
                [
                    -0.027583882212638855,
                    0.9982683062553406,
                    0.05195794627070427
                ],
                [
                    0.059994887560606,
                    -0.05023074150085449,
                    0.9969341158866882
                ]
            ],
            [
                [
                    0.9972355365753174,
                    -0.006152267102152109,
                    0.0740496963262558
                ],
                [
                    0.015374735929071903,
                    0.9920844435691833,
                    -0.1246279701590538
                ],
                [
                    -0.07269680500030518,
                    0.125421941280365,
                    0.9894364476203918
                ]
            ],
            [
                [
                    0.9765218496322632,
                    -0.11950220912694931,
                    -0.1792326420545578
                ],
                [
                    0.04169674962759018,
                    0.9211419820785522,
                    -0.3869869112968445
                ],
                [
                    0.21134448051452637,
                    0.3704277575016022,
                    0.9044981002807617
                ]
            ],
            [
                [
                    0.9937215447425842,
                    -0.09291316568851471,
                    0.06232750788331032
                ],
                [
                    0.11011800169944763,
                    0.910764753818512,
                    -0.3979718089103699
                ],
                [
                    -0.01978888176381588,
                    0.4023365080356598,
                    0.9152779579162598
                ]
            ],
            [
                [
                    0.9941276907920837,
                    0.0554107241332531,
                    0.09295018017292023
                ],
                [
                    -0.04941768944263458,
                    0.996622622013092,
                    -0.06558436900377274
                ],
                [
                    -0.09627032279968262,
                    0.06060585379600525,
                    0.9935083985328674
                ]
            ],
            [
                [
                    0.9775813221931458,
                    0.07837090641260147,
                    0.19542963802814484
                ],
                [
                    -0.08661007136106491,
                    0.9956632256507874,
                    0.03396288678050041
                ],
                [
                    -0.19192039966583252,
                    -0.05012765899300575,
                    0.9801294803619385
                ]
            ],
            [
                [
                    0.985892117023468,
                    -0.05944196879863739,
                    -0.15647181868553162
                ],
                [
                    0.06119146570563316,
                    0.9981056451797485,
                    0.0063833496533334255
                ],
                [
                    0.15579596161842346,
                    -0.015868032351136208,
                    0.9876618385314941
                ]
            ],
            [
                [
                    0.9960672855377197,
                    0.03735389932990074,
                    0.0803404375910759
                ],
                [
                    -0.03457120060920715,
                    0.9987624883651733,
                    -0.0357532873749733
                ],
                [
                    -0.08157654851675034,
                    0.0328352153301239,
                    0.9961259961128235
                ]
            ],
            [
                [
                    0.9846685528755188,
                    -0.16983360052108765,
                    -0.039803534746170044
                ],
                [
                    0.1734800636768341,
                    0.9772905111312866,
                    0.12168790400028229
                ],
                [
                    0.0182329211384058,
                    -0.1267273873090744,
                    0.9917699694633484
                ]
            ],
            [
                [
                    0.989860475063324,
                    0.13158541917800903,
                    -0.053493961691856384
                ],
                [
                    -0.12361428141593933,
                    0.9835236668586731,
                    0.1319119930267334
                ],
                [
                    0.0699702650308609,
                    -0.12396184355020523,
                    0.9898170232772827
                ]
            ],
            [
                [
                    0.9941891431808472,
                    0.10667096823453903,
                    -0.014463045634329319
                ],
                [
                    -0.10696614533662796,
                    0.9940311908721924,
                    -0.02145654708147049
                ],
                [
                    0.012087925337255001,
                    0.022878924384713173,
                    0.9996652007102966
                ]
            ],
            [
                [
                    0.93552166223526,
                    0.3529122769832611,
                    0.01588265411555767
                ],
                [
                    -0.3518488109111786,
                    0.9348452687263489,
                    -0.04761020094156265
                ],
                [
                    -0.03165004402399063,
                    0.03895207494497299,
                    0.9987397789955139
                ]
            ],
            [
                [
                    0.9225972294807434,
                    -0.3576447069644928,
                    0.14458401501178741
                ],
                [
                    0.3661634922027588,
                    0.9298362731933594,
                    -0.03645216301083565
                ],
                [
                    -0.12140253931283951,
                    0.0865720584988594,
                    0.9888207912445068
                ]
            ],
            [
                [
                    0.9979062080383301,
                    0.06467193365097046,
                    -0.0008762768120504916
                ],
                [
                    -0.06260254979133606,
                    0.9623931050300598,
                    -0.2643490135669708
                ],
                [
                    -0.016252640634775162,
                    0.2638503611087799,
                    0.9644266963005066
                ]
            ],
            [
                [
                    0.5238372087478638,
                    0.7938352823257446,
                    -0.30890142917633057
                ],
                [
                    -0.8517404794692993,
                    0.4832274913787842,
                    -0.20255723595619202
                ],
                [
                    -0.011527426540851593,
                    0.369210809469223,
                    0.9292741417884827
                ]
            ],
            [
                [
                    0.5321111679077148,
                    -0.7552297711372375,
                    0.38273459672927856
                ],
                [
                    0.8293049931526184,
                    0.5559980869293213,
                    -0.055851083248853683
                ],
                [
                    -0.17061930894851685,
                    0.3471226990222931,
                    0.9221686124801636
                ]
            ],
            [
                [
                    0.01517715398222208,
                    -0.41531887650489807,
                    -0.909549355506897
                ],
                [
                    -0.0538441427052021,
                    0.9079946875572205,
                    -0.4155074954032898
                ],
                [
                    0.9984340667724609,
                    0.055280134081840515,
                    -0.008581713773310184
                ]
            ],
            [
                [
                    0.3384306728839874,
                    0.2847341299057007,
                    0.8968784809112549
                ],
                [
                    0.15294241905212402,
                    0.9238030314445496,
                    -0.3509936034679413
                ],
                [
                    -0.9284789562225342,
                    0.2559577524662018,
                    0.26909536123275757
                ]
            ],
            [
                [
                    0.986121654510498,
                    -0.1350218951702118,
                    -0.09660772234201431
                ],
                [
                    0.14429445564746857,
                    0.9848214983940125,
                    0.09646683186292648
                ],
                [
                    0.08211621642112732,
                    -0.10906799882650375,
                    0.9906367063522339
                ]
            ],
            [
                [
                    0.9906582236289978,
                    0.121027372777462,
                    0.06283790618181229
                ],
                [
                    -0.11881429702043533,
                    0.9921948909759521,
                    -0.03784943372011185
                ],
                [
                    -0.06692826002836227,
                    0.030029814690351486,
                    0.9973058104515076
                ]
            ],
            [
                [
                    0.9644728899002075,
                    0.24650654196739197,
                    -0.09500804543495178
                ],
                [
                    -0.2314378023147583,
                    0.9618189930915833,
                    0.14608454704284668
                ],
                [
                    0.12739135324954987,
                    -0.11890614032745361,
                    0.9846992492675781
                ]
            ],
            [
                [
                    0.9696515202522278,
                    -0.24153052270412445,
                    0.03793371841311455
                ],
                [
                    0.2307531088590622,
                    0.9553605914115906,
                    0.18449681997299194
                ],
                [
                    -0.08080199360847473,
                    -0.17014428973197937,
                    0.982100784778595
                ]
            ]
        ],
        "betas": [
            -0.0713796615600586,
            -0.10277926921844482,
            0.008409202098846436,
            0.24291518330574036,
            0.05602264404296875,
            -0.00013726577162742615,
            -0.015592992305755615,
            -0.021261006593704224,
            0.052866339683532715,
            -0.05763077735900879
        ]
    },
    "pred_cam_t": [
        -0.007891131564974785,
        0.17034634947776794,
        33.52455139160156
    ],
    "focal_length": [
        5000.0,
        5000.0
    ],
    "pred_keypoints_3d": [
        [
            0.2038547396659851,
            -0.7503200769424438,
            -0.18476146459579468
        ],
        [
            0.06981950253248215,
            -0.7240200042724609,
            -0.05055299773812294
        ],
        [
            -0.08702409267425537,
            -0.6321714520454407,
            -0.14961537718772888
        ],
        [
            -0.17344596982002258,
            -0.39571571350097656,
            -0.12455298006534576
        ],
        [
            0.02594578266143799,
            -0.24399615824222565,
            -0.1635306477546692
        ],
        [
            0.17882592976093292,
            -0.6309337019920349,
            0.09139691293239594
        ],
        [
            0.1226842850446701,
            -0.4125996232032776,
            0.21953558921813965
        ],
        [
            0.18343234062194824,
            -0.30137309432029724,
            0.006694778800010681
        ],
        [
            -0.001918280147947371,
            -0.22516091167926788,
            0.02830994501709938
        ],
        [
            -0.07215285301208496,
            -0.13808578252792358,
            0.013778219930827618
        ],
        [
            -0.1443786919116974,
            0.2350490689277649,
            0.030699744820594788
        ],
        [
            -0.2033485323190689,
            0.5582108497619629,
            0.2524615526199341
        ],
        [
            0.04992121085524559,
            -0.13412317633628845,
            0.07511962950229645
        ],
        [
            0.03991854190826416,
            0.23312535881996155,
            0.1364002674818039
        ],
        [
            -0.02643255889415741,
            0.5484755039215088,
            0.36649394035339355
        ],
        [
            0.1804584115743637,
            -0.8064894676208496,
            -0.19464755058288574
        ],
        [
            0.22829823195934296,
            -0.7948952317237854,
            -0.14993922412395477
        ],
        [
            0.09353246539831161,
            -0.8476139307022095,
            -0.15278348326683044
        ],
        [
            0.20035210251808167,
            -0.8215333223342896,
            -0.05514911934733391
        ],
        [
            0.01586131751537323,
            0.6881674528121948,
            0.23082365095615387
        ],
        [
            0.0670945942401886,
            0.6691426038742065,
            0.29480603337287903
        ],
        [
            -0.04221494495868683,
            0.5502784848213196,
            0.43367892503738403
        ],
        [
            -0.15478409826755524,
            0.6922264099121094,
            0.11277374625205994
        ],
        [
            -0.23763352632522583,
            0.676616370677948,
            0.13667388260364532
        ],
        [
            -0.22604086995124817,
            0.5700334310531616,
            0.3205641508102417
        ],
        [
            -0.22464817762374878,
            0.5027800798416138,
            0.2444792538881302
        ],
        [
            -0.13285963237285614,
            0.17217271029949188,
            0.019806642085313797
        ],
        [
            -0.13358855247497559,
            -0.2631143033504486,
            -0.0321098268032074
        ],
        [
            0.12272650003433228,
            -0.23954272270202637,
            0.10669010877609253
        ],
        [
            0.05363573879003525,
            0.19178681075572968,
            0.13134266436100006
        ],
        [
            -0.01909770630300045,
            0.5059819221496582,
            0.3723325729370117
        ],
        [
            0.029744841158390045,
            -0.28239068388938904,
            -0.1571114957332611
        ],
        [
            -0.1612357199192047,
            -0.41062378883361816,
            -0.16359540820121765
        ],
        [
            -0.05541466549038887,
            -0.6651052832603455,
            -0.13191795349121094
        ],
        [
            0.1601329743862152,
            -0.6623845100402832,
            0.0697680190205574
        ],
        [
            0.17115002870559692,
            -0.43170011043548584,
            0.2050696313381195
        ],
        [
            0.1887558400630951,
            -0.32502710819244385,
            0.014597232453525066
        ],
        [
            0.07454948127269745,
            -0.7128604054450989,
            -0.05159247666597366
        ],
        [
            0.1819872260093689,
            -0.8719573616981506,
            -0.1254672259092331
        ],
        [
            -0.0048157526180148125,
            -0.25156843662261963,
            0.037998102605342865
        ],
        [
            0.05308348312973976,
            -0.661060094833374,
            -0.03419242054224014
        ],
        [
            0.010282110422849655,
            -0.4974541962146759,
            0.00957405660301447
        ],
        [
            0.15540288388729095,
            -0.7608034610748291,
            -0.12095209211111069
        ],
        [
            0.18281525373458862,
            -0.8928743600845337,
            -0.12711799144744873
        ]
    ],
    "pred_vertices": [
        [
            0.25825515389442444,
            -0.8330004215240479,
            -0.15387193858623505
        ],
        [
            0.25107961893081665,
            -0.8186075687408447,
            -0.15899701416492462
        ],
        [
            0.25241243839263916,
            -0.81773841381073,
            -0.14469678699970245
        ],
        [
            0.2562221586704254,
            -0.829998254776001,
            -0.13655942678451538
        ],
        [
            0.2483827918767929,
            -0.8079754710197449,
            -0.14916539192199707
        ],
        [
            0.2454938292503357,
            -0.8078992962837219,
            -0.160990908741951
        ],
        [
            0.24875113368034363,
            -0.8159191608428955,
            -0.13136327266693115
        ],
        [
            0.2500421404838562,
            -0.825587272644043,
            -0.12195099890232086
        ],
        [
            0.23049618303775787,
            -0.7894304394721985,
            -0.11085917800664902
        ],
        [
            0.22601783275604248,
            -0.7892346382141113,
            -0.10054852068424225
        ],
        [
            0.23202061653137207,
            -0.7990959882736206,
            -0.10449342429637909
        ],
        [
            0.23394769430160522,
            -0.7970341444015503,
            -0.11457440257072449
        ],
        [
            0.21643264591693878,
            -0.7688214778900146,
            -0.10300406813621521
        ],
        [
            0.21258749067783356,
            -0.7580087184906006,
            -0.11076493561267853
        ],
        [
            0.20478013157844543,
            -0.7543699741363525,
            -0.10044295340776443
        ],
        [
            0.20714056491851807,
            -0.7651704549789429,
            -0.09272657334804535
        ],
        [
            0.20864176750183105,
            -0.765056312084198,
            -0.15232649445533752
        ],
        [
            0.2090960443019867,
            -0.758854329586029,
            -0.14625978469848633
        ],
        [
            0.2144300639629364,
            -0.7642829418182373,
            -0.14474359154701233
        ],
        [
            0.21288584172725677,
            -0.7700672745704651,
            -0.15085437893867493
        ],
        [
            0.20980370044708252,
            -0.772191047668457,
            -0.16533371806144714
        ],
        [
            0.2110789269208908,
            -0.778333306312561,
            -0.16368593275547028
        ],
        [
            0.21221743524074554,
            -0.7801321744918823,
            -0.1713699847459793
        ],
        [
            0.2119051218032837,
            -0.7727364301681519,
            -0.17301031947135925
        ],
        [
            0.2024025321006775,
            -0.7615317106246948,
            -0.15465600788593292
        ],
        [
            0.20281055569648743,
            -0.7552810907363892,
            -0.14802946150302887
        ],
        [
            0.2086937427520752,
            -0.7700173854827881,
            -0.15795645117759705
        ],
        [
            0.20644649863243103,
            -0.7655702829360962,
            -0.1597898006439209
        ],
        [
            0.20789951086044312,
            -0.7557923793792725,
            -0.1675180196762085
        ],
        [
            0.2102162390947342,
            -0.7602571845054626,
            -0.16650895774364471
        ],
        [
            0.21214739978313446,
            -0.7586205005645752,
            -0.17390210926532745
        ],
        [
            0.20850391685962677,
            -0.7543466091156006,
            -0.17304453253746033
        ],
        [
            0.20403754711151123,
            -0.7590703964233398,
            -0.1589355319738388
        ],
        [
            0.2073858678340912,
            -0.7601837515830994,
            -0.16123101115226746
        ],
        [
            0.20538213849067688,
            -0.756277322769165,
            -0.16366620361804962
        ],
        [
            0.2014588862657547,
            -0.7562284469604492,
            -0.1619165539741516
        ],
        [
            0.2089875489473343,
            -0.7672579288482666,
            -0.16661491990089417
        ],
        [
            0.2118992805480957,
            -0.7661175727844238,
            -0.17387370765209198
        ],
        [
            0.21386605501174927,
            -0.764747142791748,
            -0.18183088302612305
        ],
        [
            0.212819904088974,
            -0.7557855248451233,
            -0.181618332862854
        ],
        [
            0.206983283162117,
            -0.7483940124511719,
            -0.1309945285320282
        ],
        [
            0.20899169147014618,
            -0.7531055212020874,
            -0.13901320099830627
        ],
        [
            0.20310617983341217,
            -0.7499798536300659,
            -0.1414223462343216
        ],
        [
            0.2023279368877411,
            -0.7458243370056152,
            -0.13488635420799255
        ],
        [
            0.19885340332984924,
            -0.7550700902938843,
            -0.15802371501922607
        ],
        [
            0.1945401281118393,
            -0.7407504320144653,
            -0.15190142393112183
        ],
        [
            0.19652888178825378,
            -0.7438796758651733,
            -0.15274564921855927
        ],
        [
            0.1950114369392395,
            -0.7436962723731995,
            -0.15986871719360352
        ],
        [
            0.1935189813375473,
            -0.7407336235046387,
            -0.1585184782743454
        ],
        [
            0.19888028502464294,
            -0.7395498752593994,
            -0.1181582361459732
        ],
        [
            0.19685769081115723,
            -0.7376294136047363,
            -0.12487030029296875
        ],
        [
            0.19256888329982758,
            -0.7328432202339172,
            -0.12117214500904083
        ],
        [
            0.19279120862483978,
            -0.7345265746116638,
            -0.11374802887439728
        ],
        [
            0.1878342628479004,
            -0.7288767099380493,
            -0.1208062469959259
        ],
        [
            0.1865600198507309,
            -0.7297204732894897,
            -0.11071743071079254
        ],
        [
            0.17422813177108765,
            -0.7189116477966309,
            -0.1138971745967865
        ],
        [
            0.17997609078884125,
            -0.7237504720687866,
            -0.11184914410114288
        ],
        [
            0.18290984630584717,
            -0.7244812250137329,
            -0.12255220115184784
        ],
        [
            0.17873738706111908,
            -0.7194210290908813,
            -0.1271945834159851
        ],
        [
            0.17728304862976074,
            -0.7211263179779053,
            -0.14230099320411682
        ],
        [
            0.17420551180839539,
            -0.7197438478469849,
            -0.1477883905172348
        ],
        [
            0.17082765698432922,
            -0.7095730304718018,
            -0.14028321206569672
        ],
        [
            0.17462119460105896,
            -0.7134976387023926,
            -0.13408049941062927
        ],
        [
            0.18927067518234253,
            -0.7379305362701416,
            -0.14766912162303925
        ],
        [
            0.19035017490386963,
            -0.7387807369232178,
            -0.14302542805671692
        ],
        [
            0.19250132143497467,
            -0.7388732433319092,
            -0.14470736682415009
        ],
        [
            0.19215181469917297,
            -0.7387838363647461,
            -0.15004995465278625
        ],
        [
            0.19148875772953033,
            -0.7390662431716919,
            -0.13918381929397583
        ],
        [
            0.19201378524303436,
            -0.7390401363372803,
            -0.13746678829193115
        ],
        [
            0.1931896060705185,
            -0.739511251449585,
            -0.1387358158826828
        ],
        [
            0.19207720458507538,
            -0.7393858432769775,
            -0.139783576130867
        ],
        [
            0.19099926948547363,
            -0.7390601634979248,
            -0.14149001240730286
        ],
        [
            0.18972796201705933,
            -0.7373355627059937,
            -0.14200888574123383
        ],
        [
            0.19086700677871704,
            -0.7382537126541138,
            -0.13992685079574585
        ],
        [
            0.18861235678195953,
            -0.7357356548309326,
            -0.1461944878101349
        ],
        [
            0.1834043264389038,
            -0.7318755388259888,
            -0.15979519486427307
        ],
        [
            0.18561546504497528,
            -0.7323639392852783,
            -0.1561768651008606
        ],
        [
            0.18603122234344482,
            -0.7368530035018921,
            -0.1576230227947235
        ],
        [
            0.1842893362045288,
            -0.7366552352905273,
            -0.1608636975288391
        ],
        [
            0.19382888078689575,
            -0.7403784990310669,
            -0.1416824460029602
        ],
        [
            0.1961107850074768,
            -0.7415912747383118,
            -0.13981863856315613
        ],
        [
            0.19686539471149445,
            -0.7426866292953491,
            -0.14536985754966736
        ],
        [
            0.19450236856937408,
            -0.7407987713813782,
            -0.14519591629505157
        ],
        [
            0.1987050324678421,
            -0.7428531646728516,
            -0.13812541961669922
        ],
        [
            0.1948786824941635,
            -0.7405354976654053,
            -0.13698607683181763
        ],
        [
            0.1968711018562317,
            -0.7409734725952148,
            -0.13466541469097137
        ],
        [
            0.1908555030822754,
            -0.7375905513763428,
            -0.137421116232872
        ],
        [
            0.19102466106414795,
            -0.7365496158599854,
            -0.13410916924476624
        ],
        [
            0.19317840039730072,
            -0.7382372617721558,
            -0.135001540184021
        ],
        [
            0.18855077028274536,
            -0.7337462902069092,
            -0.13506987690925598
        ],
        [
            0.1890515238046646,
            -0.7357259392738342,
            -0.1394292414188385
        ],
        [
            0.18753159046173096,
            -0.7332240343093872,
            -0.14333845674991608
        ],
        [
            0.18574100732803345,
            -0.7307133674621582,
            -0.148506760597229
        ],
        [
            0.1833915412425995,
            -0.7277750968933105,
            -0.1436028629541397
        ],
        [
            0.1860741227865219,
            -0.7305588126182556,
            -0.13854508101940155
        ],
        [
            0.1994088888168335,
            -0.746127724647522,
            -0.14441798627376556
        ],
        [
            0.19467604160308838,
            -0.737923264503479,
            -0.13058587908744812
        ],
        [
            0.20009009540081024,
            -0.7426788806915283,
            -0.1296723335981369
        ],
        [
            0.19175298511981964,
            -0.7344080209732056,
            -0.12876614928245544
        ],
        [
            0.18817049264907837,
            -0.7310265302658081,
            -0.12896579504013062
        ],
        [
            0.18449580669403076,
            -0.7275032997131348,
            -0.13189613819122314
        ],
        [
            0.18091535568237305,
            -0.7239499092102051,
            -0.13689428567886353
        ],
        [
            0.16221998631954193,
            -0.7070783376693726,
            -0.12884993851184845
        ],
        [
            0.16822318732738495,
            -0.711963415145874,
            -0.1219523698091507
        ],
        [
            0.23912227153778076,
            -0.8028682470321655,
            -0.158639058470726
        ],
        [
            0.24309861660003662,
            -0.8020658493041992,
            -0.15055875480175018
        ],
        [
            0.2369055300951004,
            -0.7978464961051941,
            -0.1449609249830246
        ],
        [
            0.23939672112464905,
            -0.7995500564575195,
            -0.14405189454555511
        ],
        [
            0.2381403148174286,
            -0.7999604344367981,
            -0.15048529207706451
        ],
        [
            0.23596900701522827,
            -0.7980639934539795,
            -0.14957943558692932
        ],
        [
            0.23395127058029175,
            -0.7968938946723938,
            -0.12325875461101532
        ],
        [
            0.2340792864561081,
            -0.7969354391098022,
            -0.13022708892822266
        ],
        [
            0.23170724511146545,
            -0.7944958209991455,
            -0.1280895471572876
        ],
        [
            0.23174352943897247,
            -0.7913496494293213,
            -0.12000580132007599
        ],
        [
            0.22693315148353577,
            -0.7858306765556335,
            -0.13617202639579773
        ],
        [
            0.22866597771644592,
            -0.7878718376159668,
            -0.13126476109027863
        ],
        [
            0.23064695298671722,
            -0.7927395105361938,
            -0.13732591271400452
        ],
        [
            0.22949467599391937,
            -0.7912357449531555,
            -0.1409303843975067
        ],
        [
            0.22782377898693085,
            -0.7904610633850098,
            -0.14481446146965027
        ],
        [
            0.22569242119789124,
            -0.7905703783035278,
            -0.14873871207237244
        ],
        [
            0.22295553982257843,
            -0.7862668037414551,
            -0.14681144058704376
        ],
        [
            0.22501049935817719,
            -0.7854946851730347,
            -0.141719251871109
        ],
        [
            0.23482201993465424,
            -0.8014330863952637,
            -0.15605121850967407
        ],
        [
            0.22939187288284302,
            -0.8021298050880432,
            -0.16084644198417664
        ],
        [
            0.2283271700143814,
            -0.7997782230377197,
            -0.15860934555530548
        ],
        [
            0.23318450152873993,
            -0.7989526391029358,
            -0.15481118857860565
        ],
        [
            0.2153129279613495,
            -0.7985512018203735,
            -0.1608484387397766
        ],
        [
            0.21799960732460022,
            -0.799899697303772,
            -0.16129955649375916
        ],
        [
            0.2169269472360611,
            -0.8010494112968445,
            -0.16491001844406128
        ],
        [
            0.21358580887317657,
            -0.7978704571723938,
            -0.16387367248535156
        ],
        [
            0.21368473768234253,
            -0.7948894500732422,
            -0.16160723567008972
        ],
        [
            0.21558251976966858,
            -0.7967033386230469,
            -0.15982329845428467
        ],
        [
            0.26140931248664856,
            -0.8535451889038086,
            -0.1640685796737671
        ],
        [
            0.255018025636673,
            -0.8357383012771606,
            -0.1693282276391983
        ],
        [
            0.26169252395629883,
            -0.8506687879562378,
            -0.14342811703681946
        ],
        [
            0.2566881477832794,
            -0.8452857732772827,
            -0.12655171751976013
        ],
        [
            0.25032222270965576,
            -0.8366985321044922,
            -0.11145320534706116
        ],
        [
            0.20173445343971252,
            -0.7454849481582642,
            -0.10955504328012466
        ],
        [
            0.19493572413921356,
            -0.7408373355865479,
            -0.10241658240556717
        ],
        [
            0.19672207534313202,
            -0.7514551877975464,
            -0.0908859521150589
        ],
        [
            0.18787255883216858,
            -0.7454719543457031,
            -0.08650121092796326
        ],
        [
            0.18664275109767914,
            -0.7345262765884399,
            -0.09874027967453003
        ],
        [
            0.16833725571632385,
            -0.7216651439666748,
            -0.10179906338453293
        ],
        [
            0.17773985862731934,
            -0.7276279926300049,
            -0.0983964130282402
        ],
        [
            0.1774469017982483,
            -0.7400870323181152,
            -0.08366159349679947
        ],
        [
            0.17962872982025146,
            -0.7566225528717041,
            -0.07109396159648895
        ],
        [
            0.1892533153295517,
            -0.7585326433181763,
            -0.07664201408624649
        ],
        [
            0.18204285204410553,
            -0.7753303050994873,
            -0.06355801969766617
        ],
        [
            0.1673438549041748,
            -0.7559114694595337,
            -0.06473436951637268
        ],
        [
            0.17480793595314026,
            -0.7790657877922058,
            -0.05947032570838928
        ],
        [
            0.1466861069202423,
            -0.7269275188446045,
            -0.071153424680233
        ],
        [
            0.14288091659545898,
            -0.7197390794754028,
            -0.06547580659389496
        ],
        [
            0.14456471800804138,
            -0.7306474447250366,
            -0.05027439445257187
        ],
        [
            0.14945034682750702,
            -0.7376927733421326,
            -0.05557091534137726
        ],
        [
            0.19825512170791626,
            -0.7614973783493042,
            -0.08299212157726288
        ],
        [
            0.23416408896446228,
            -0.8114591240882874,
            -0.10013920068740845
        ],
        [
            0.23749856650829315,
            -0.8064146041870117,
            -0.11104431748390198
        ],
        [
            0.22699949145317078,
            -0.8022146224975586,
            -0.09391460567712784
        ],
        [
            0.25324776768684387,
            -0.8707262873649597,
            -0.10015086829662323
        ],
        [
            0.25748342275619507,
            -0.8590595722198486,
            -0.11457788944244385
        ],
        [
            0.2508750557899475,
            -0.8483096957206726,
            -0.10148307681083679
        ],
        [
            0.24825969338417053,
            -0.8605471253395081,
            -0.08958005160093307
        ],
        [
            0.2553098201751709,
            -0.9007238149642944,
            -0.1343524008989334
        ],
        [
            0.2619047164916992,
            -0.878252387046814,
            -0.14954565465450287
        ],
        [
            0.2606835961341858,
            -0.8700348138809204,
            -0.1330021321773529
        ],
        [
            0.2559129595756531,
            -0.8874037265777588,
            -0.1191769689321518
        ],
        [
            0.24252468347549438,
            -0.867924153804779,
            -0.07972682267427444
        ],
        [
            0.2331693470478058,
            -0.8781701326370239,
            -0.06684676557779312
        ],
        [
            0.23412515223026276,
            -0.895824670791626,
            -0.06891390681266785
        ],
        [
            0.24561971426010132,
            -0.8854720592498779,
            -0.08584751933813095
        ],
        [
            0.2308214157819748,
            -0.9182578921318054,
            -0.07788249850273132
        ],
        [
            0.24533915519714355,
            -0.9061543345451355,
            -0.09807267785072327
        ],
        [
            0.1616285741329193,
            -0.772872269153595,
            -0.05128123238682747
        ],
        [
            0.16918647289276123,
            -0.7901298999786377,
            -0.05291261523962021
        ],
        [
            0.15660923719406128,
            -0.7455873489379883,
            -0.06242096424102783
        ],
        [
            0.1546076536178589,
            -0.759442925453186,
            -0.048842258751392365
        ],
        [
            0.2226349115371704,
            -0.9367833137512207,
            -0.09101681411266327
        ],
        [
            0.24102488160133362,
            -0.9231439828872681,
            -0.11432124674320221
        ],
        [
            0.18817992508411407,
            -0.8849471807479858,
            -0.03551044315099716
        ],
        [
            0.20278257131576538,
            -0.8960152864456177,
            -0.04403728246688843
        ],
        [
            0.2097378522157669,
            -0.8762387037277222,
            -0.0471775084733963
        ],
        [
            0.1954101324081421,
            -0.868899941444397,
            -0.03870265930891037
        ],
        [
            0.177575021982193,
            -0.9020388126373291,
            -0.035664789378643036
        ],
