{
    "pred_cam": [
        1.1632543802261353,
        -0.03181625157594681,
        0.19962461292743683
    ],
    "pred_smpl_params": {
        "global_orient": [
            [
                [
                    0.8951558470726013,
                    0.1029578149318695,
                    0.43369993567466736
                ],
                [
                    0.05345764011144638,
                    -0.9907334446907043,
                    0.1248578354716301
                ],
                [
                    0.4425361454486847,
                    -0.08858264982700348,
                    -0.8923647403717041
                ]
            ]
        ],
        "body_pose": [
            [
                [
                    0.9979121685028076,
                    -0.0011789827840402722,
                    -0.0645754411816597
                ],
                [
                    -0.00010119671060238034,
                    0.9998036026954651,
                    -0.019817745313048363
                ],
                [
                    0.06458611786365509,
                    0.01978290267288685,
                    0.9977160692214966
                ]
            ],
            [
                [
                    0.9959404468536377,
                    0.04856102541089058,
                    -0.0757928341627121
                ],
                [
                    -0.043602291494607925,
                    0.9968821406364441,
                    0.06576264649629593
                ],
                [
                    0.07875003665685654,
                    -0.06219092756509781,
                    0.9949526190757751
                ]
            ],
            [
                [
                    0.9985913038253784,
                    -0.020067933946847916,
                    0.04911833256483078
                ],
                [
                    0.02602556347846985,
                    0.9919622540473938,
                    -0.1238287016749382
                ],
                [
                    -0.04623854532837868,
                    0.12493260204792023,
                    0.9910871386528015
                ]
            ],
            [
                [
                    0.9805859327316284,
                    -0.11395556479692459,
                    -0.15957821905612946
                ],
                [
                    0.039007432758808136,
                    0.910898745059967,
                    -0.41078197956085205
                ],
                [
                    0.19217051565647125,
                    0.39658236503601074,
                    0.8976595997810364
                ]
            ],
            [
                [
                    0.9923377633094788,
                    -0.12035215646028519,
                    0.02794758416712284
                ],
                [
                    0.12104887515306473,
                    0.9016932249069214,
                    -0.41508615016937256
                ],
                [
                    0.02475636638700962,
                    0.4152887165546417,
                    0.909352719783783
                ]
            ],
            [
                [
                    0.9946042895317078,
                    0.054095350205898285,
                    0.088521309196949
                ],
                [
                    -0.050753653049468994,
                    0.9979267120361328,
                    -0.039576876908540726
                ],
                [
                    -0.09047871083021164,
                    0.03487055376172066,
                    0.9952877163887024
                ]
            ],
            [
                [
                    0.9830001592636108,
                    0.08518111705780029,
                    0.16264936327934265
                ],
                [
                    -0.09849520772695541,
                    0.9922604560852051,
                    0.07561653852462769
                ],
                [
                    -0.15494942665100098,
                    -0.09035126119852066,
                    0.9837821125984192
                ]
            ],
            [
                [
                    0.9847759008407593,
                    -0.08066955953836441,
                    -0.15397655963897705
                ],
                [
                    0.08649184554815292,
                    0.9957548975944519,
                    0.03148511052131653
                ],
                [
                    0.15078303217887878,
                    -0.04432349652051926,
                    0.9875726699829102
                ]
            ],
            [
                [
                    0.9977456331253052,
                    0.022813400253653526,
                    0.06311232596635818
                ],
                [
                    -0.018452661111950874,
                    0.9974573850631714,
                    -0.06883489340543747
                ],
                [
                    -0.06452221423387527,
                    0.06751511991024017,
                    0.9956297278404236
                ]
            ],
            [
                [
                    0.9827367067337036,
                    -0.18497207760810852,
                    0.0037248062435537577
                ],
                [
                    0.18225862085819244,
                    0.9713870286941528,
                    0.15227964520454407
                ],
                [
                    -0.03178570792078972,
                    -0.14897193014621735,
                    0.9883304238319397
                ]
            ],
            [
                [
                    0.9852728843688965,
                    0.165537491440773,
                    -0.042832151055336
                ],
                [
                    -0.15618471801280975,
                    0.9732312560081482,
                    0.16860373318195343
                ],
                [
                    0.0695958286523819,
                    -0.15943098068237305,
                    0.9847527742385864
                ]
            ],
            [
                [
                    0.9969486594200134,
                    0.07603145390748978,
                    0.01768016256392002
                ],
                [
                    -0.0759856328368187,
                    0.9971036314964294,
                    -0.0032498349901288748
                ],
                [
                    -0.017876043915748596,
                    0.0018964802147820592,
                    0.9998384118080139
                ]
            ],
            [
                [
                    0.9126420617103577,
                    0.4066082537174225,
                    0.041883327066898346
                ],
                [
                    -0.4051364064216614,
                    0.9134039282798767,
                    -0.039467912167310715
                ],
                [
                    -0.05430437624454498,
                    0.01905161328613758,
                    0.9983426332473755
                ]
            ],
            [
                [
                    0.9111620187759399,
                    -0.4023361802101135,
                    0.0889345109462738
                ],
                [
                    0.4076623320579529,
                    0.9116233587265015,
                    -0.05248085409402847
                ],
                [
                    -0.059959836304187775,
                    0.08407381176948547,
                    0.9946538805961609
                ]
            ],
            [
                [
                    0.9965816140174866,
                    0.06462353467941284,
                    0.051467254757881165
                ],
                [
                    -0.045599278062582016,
                    0.9497727751731873,
                    -0.3096003234386444
                ],
                [
                    -0.06888967007398605,
                    0.30619511008262634,
                    0.9494728446006775
                ]
            ],
            [
                [
                    0.5227840542793274,
                    0.8050293922424316,
                    -0.2804005742073059
                ],
                [
                    -0.8512658476829529,
                    0.5104407072067261,
                    -0.12164173275232315
                ],
                [
                    0.04520270600914955,
                    0.3022877871990204,
                    0.9521442651748657
                ]
            ],
            [
                [
                    0.5468729734420776,
                    -0.7465333938598633,
                    0.3789695203304291
                ],
                [
                    0.8213716149330139,
                    0.5660564303398132,
                    -0.07020581513643265
                ],
                [
                    -0.16210715472698212,
                    0.3496684432029724,
                    0.9227423071861267
                ]
            ],
            [
                [
                    0.10878375917673111,
                    -0.40198197960853577,
                    -0.9091624617576599
                ],
                [
                    0.1389506459236145,
                    0.9117602109909058,
                    -0.3865047097206116
                ],
                [
                    0.9843062162399292,
                    -0.08428328484296799,
                    0.15504035353660583
                ]
            ],
            [
                [
                    0.3747425079345703,
                    0.3085584044456482,
                    0.8742767572402954
                ],
                [
                    0.07874944061040878,
                    0.9289923906326294,
                    -0.36162370443344116
                ],
                [
                    -0.9237784147262573,
                    0.2043645977973938,
                    0.3238341510295868
                ]
            ],
            [
                [
                    0.9879457950592041,
                    -0.12153027951717377,
                    -0.09588248282670975
                ],
                [
                    0.13147230446338654,
                    0.985714852809906,
                    0.10526744276285172
                ],
                [
                    0.08171960711479187,
                    -0.11660442501306534,
                    0.9898107051849365
                ]
            ],
            [
                [
                    0.9930994510650635,
                    0.09716708213090897,
                    0.06566546112298965
                ],
                [
                    -0.09572918713092804,
                    0.995100736618042,
                    -0.024707235395908356
                ],
                [
                    -0.06774447858333588,
                    0.018250640481710434,
                    0.9975357055664062
                ]
            ],
            [
                [
                    0.9655081033706665,
                    0.23862525820732117,
                    -0.10417348891496658
                ],
                [
                    -0.22480523586273193,
                    0.9658454060554504,
                    0.12886078655719757
                ],
                [
                    0.13136494159698486,
                    -0.10099738091230392,
                    0.9861757755279541
                ]
            ],
            [
                [
                    0.9687713980674744,
                    -0.2433236688375473,
                    0.04770402982831001
                ],
                [
                    0.23212774097919464,
                    0.9576241374015808,
                    0.1705075353384018
                ],
                [
                    -0.0871710404753685,
                    -0.154109388589859,
                    0.9842010736465454
                ]
            ]
        ],
        "betas": [
            -0.024273648858070374,
            0.12221337854862213,
            0.48761454224586487,
            1.420005440711975,
            -0.00850898027420044,
            -0.035132937133312225,
            -0.030411094427108765,
            0.14249499142169952,
            0.07411925494670868,
            -0.018508970737457275
        ]
    },
    "pred_cam_t": [
        -0.03181625157594681,
        0.19962461292743683,
        33.580360412597656
    ],
    "focal_length": [
        5000.0,
        5000.0
    ],
    "pred_keypoints_3d": [
        [
            0.21624645590782166,
            -0.7821017503738403,
            -0.18518126010894775
        ],
        [
            0.07790572941303253,
            -0.7523883581161499,
            -0.04932057484984398
        ],
        [
            -0.09188701212406158,
            -0.658549427986145,
            -0.1359838843345642
        ],
        [
            -0.17985789477825165,
            -0.4277612566947937,
            -0.10297534614801407
        ],
        [
            -0.003795340657234192,
            -0.2642335295677185,
            -0.17602720856666565
        ],
        [
            0.1863027662038803,
            -0.6482670307159424,
            0.0936298593878746
        ],
        [
            0.1290905475616455,
            -0.42042437195777893,
            0.19655409455299377
        ],
        [
            0.243834987282753,
            -0.30807268619537354,
            0.010081261396408081
        ],
        [
            -0.002928326837718487,
            -0.2374517023563385,
            0.025357156991958618
        ],
        [
            -0.07168544083833694,
            -0.15213468670845032,
            0.009829342365264893
        ],
        [
            -0.15346798300743103,
            0.21591538190841675,
            0.006037428509443998
        ],
        [
            -0.20890355110168457,
            0.5407097339630127,
            0.21646590530872345
        ],
        [
            0.04295593500137329,
            -0.1442548632621765,
            0.06902942061424255
        ],
        [
            0.034389205276966095,
            0.2199142873287201,
            0.12267875671386719
        ],
        [
            -0.041712261736392975,
            0.5277290344238281,
            0.35077089071273804
        ],
        [
            0.19045740365982056,
            -0.8376478552818298,
            -0.1970328837633133
        ],
        [
            0.23821017146110535,
            -0.8293919563293457,
            -0.15137159824371338
        ],
        [
            0.10043811053037643,
            -0.8775782585144043,
            -0.15821900963783264
        ],
        [
            0.2080247551202774,
            -0.8588476181030273,
            -0.05734643340110779
        ],
        [
            0.001549839973449707,
            0.6618819236755371,
            0.20911256968975067
        ],
        [
            0.05161696672439575,
            0.6462337970733643,
            0.27625423669815063
        ],
        [
            -0.05852489918470383,
            0.5319849252700806,
            0.41759395599365234
        ],
        [
            -0.16690003871917725,
            0.6650786995887756,
            0.06554210186004639
        ],
        [
            -0.24927595257759094,
            0.6501528024673462,
            0.0951346904039383
        ],
        [
            -0.22882476449012756,
            0.5561318397521973,
            0.2845190167427063
        ],
        [
            -0.2295338213443756,
            0.48513859510421753,
            0.21180912852287292
        ],
        [
            -0.13994497060775757,
            0.1534377485513687,
            -0.0021549472585320473
        ],
        [
            -0.12719064950942993,
            -0.28066426515579224,
            -0.031708940863609314
        ],
        [
            0.11474011838436127,
            -0.24861541390419006,
            0.10137727856636047
        ],
        [
            0.047439347952604294,
            0.1788686364889145,
            0.11761608719825745
        ],
        [
            -0.034200187772512436,
            0.48604071140289307,
            0.3571188449859619
        ],
        [
            0.004038906656205654,
            -0.3022140860557556,
            -0.1692906618118286
        ],
        [
            -0.17179608345031738,
            -0.44375455379486084,
            -0.142626091837883
        ],
        [
            -0.05657476186752319,
            -0.6921675205230713,
            -0.12111883610486984
        ],
        [
            0.16819605231285095,
            -0.6823408007621765,
            0.07038827985525131
        ],
        [
            0.17783354222774506,
            -0.4426088333129883,
            0.1882389783859253
        ],
        [
            0.24603679776191711,
            -0.3316318988800049,
            0.01842096447944641
        ],
        [
            0.0791904553771019,
            -0.7383891940116882,
            -0.04662397503852844
        ],
        [
            0.18971127271652222,
            -0.9055296778678894,
            -0.13170365989208221
        ],
        [
            -0.005624082870781422,
            -0.2645344138145447,
            0.03503827378153801
        ],
        [
            0.056043535470962524,
            -0.6847777366638184,
            -0.028389913961291313
        ],
        [
            0.01666235364973545,
            -0.5205709934234619,
            0.010628049261868
        ],
        [
            0.16498424112796783,
            -0.7939242124557495,
            -0.12150628864765167
        ],
        [
            0.18987329304218292,
            -0.9263715744018555,
            -0.13403171300888062
        ]
    ],
    "pred_vertices": [
        [
            0.2671968340873718,
            -0.8673373460769653,
            -0.15682725608348846
        ],
        [
            0.2606300711631775,
            -0.8525713086128235,
            -0.16131991147994995
        ],
        [
            0.2617218792438507,
            -0.8524831533432007,
            -0.14696365594863892
        ],
        [
            0.26511651277542114,
            -0.8651456832885742,
            -0.13949567079544067
        ],
        [
            0.25820595026016235,
            -0.8426296710968018,
            -0.15101799368858337
        ],
        [
            0.25550785660743713,
            -0.841866135597229,
            -0.16285017132759094
        ],
        [
            0.2579248547554016,
            -0.8513398170471191,
            -0.133540540933609
        ],
        [
            0.2588062882423401,
            -0.8611940741539001,
            -0.12465503811836243
        ],
        [
            0.23999300599098206,
            -0.8254771828651428,
            -0.11207260191440582
        ],
        [
            0.23548321425914764,
            -0.8254462480545044,
            -0.10179214924573898
        ],
        [
            0.24143476784229279,
            -0.8353197574615479,
            -0.10613782703876495
        ],
        [
            0.24342483282089233,
            -0.8330038785934448,
            -0.1160794049501419
        ],
        [
            0.22642472386360168,
            -0.8047167062759399,
            -0.10350526869297028
        ],
        [
            0.22286269068717957,
            -0.7934991717338562,
            -0.1107412800192833
        ],
        [
            0.2153538167476654,
            -0.7898467183113098,
            -0.10030872374773026
        ],
        [
            0.21751296520233154,
            -0.8010529279708862,
            -0.09303047508001328
        ],
        [
            0.21933791041374207,
            -0.7989100217819214,
            -0.15277892351150513
        ],
        [
            0.21984347701072693,
            -0.7929078340530396,
            -0.14637184143066406
        ],
        [
            0.2248794436454773,
            -0.7986516356468201,
            -0.1450420767068863
        ],
        [
            0.22329998016357422,
            -0.8041374683380127,
            -0.15145501494407654
        ],
        [
            0.22080233693122864,
            -0.805457353591919,
            -0.16631275415420532
        ],
        [
            0.22173728048801422,
            -0.8117290139198303,
            -0.1648060381412506
        ],
        [
            0.22325445711612701,
            -0.8131273984909058,
            -0.17265093326568604
        ],
        [
            0.2232944369316101,
            -0.8055872917175293,
            -0.17409072816371918
        ],
        [
            0.2134753316640854,
            -0.7949283123016357,
            -0.15517300367355347
        ],
        [
            0.21390163898468018,
            -0.7888029217720032,
            -0.1481555998325348
        ],
        [
            0.2194201648235321,
            -0.8036648631095886,
            -0.15873397886753082
        ],
        [
            0.21754154562950134,
            -0.7989578247070312,
            -0.16054363548755646
        ],
        [
            0.21975922584533691,
            -0.7886891961097717,
            -0.16799044609069824
        ],
        [
            0.22186976671218872,
            -0.7933002710342407,
            -0.1671450138092041
        ],
        [
            0.2241411954164505,
            -0.7912770509719849,
            -0.17448660731315613
        ],
        [
            0.22058312594890594,
            -0.7869338989257812,
            -0.17352424561977386
        ],
        [
            0.21545565128326416,
            -0.792280912399292,
            -0.1594289392232895
        ],
        [
            0.21889543533325195,
            -0.7934322357177734,
            -0.16180463135242462
        ],
        [
            0.21711048483848572,
            -0.7892938852310181,
            -0.16409620642662048
        ],
        [
            0.21311591565608978,
            -0.7891557812690735,
            -0.1623414009809494
        ],
        [
            0.22037938237190247,
            -0.8003443479537964,
            -0.16748058795928955
        ],
        [
            0.2236323207616806,
            -0.7988662123680115,
            -0.1747390180826187
        ],
        [
            0.22595442831516266,
            -0.7970870137214661,
            -0.18271920084953308
        ],
        [
            0.22508804500102997,
            -0.7879931330680847,
            -0.18215087056159973
        ],
        [
            0.217919260263443,
            -0.7827126979827881,
            -0.13057410717010498
        ],
        [
            0.21984705328941345,
            -0.7873203158378601,
            -0.13883236050605774
        ],
        [
            0.21431276202201843,
            -0.783650279045105,
            -0.14123518764972687
        ],
        [
            0.21363283693790436,
            -0.7795763611793518,
            -0.13446198403835297
        ],
        [
            0.21038569509983063,
            -0.7879799604415894,
            -0.1583579033613205
        ],
        [
            0.20627231895923615,
            -0.773422360420227,
            -0.15151561796665192
        ],
        [
            0.20829139649868011,
            -0.7766444683074951,
            -0.15253351628780365
        ],
        [
            0.20691969990730286,
            -0.7760797142982483,
            -0.15964940190315247
        ],
        [
            0.20532864332199097,
            -0.7730989456176758,
            -0.15811680257320404
        ],
        [
            0.21008235216140747,
            -0.7736930251121521,
            -0.1173635721206665
        ],
        [
            0.20842333137989044,
            -0.7712633609771729,
            -0.124015673995018
        ],
        [
            0.2041742503643036,
            -0.7663439512252808,
            -0.12005577981472015
        ],
        [
            0.20405834913253784,
            -0.7685010433197021,
            -0.11269523203372955
        ],
        [
            0.19940701127052307,
            -0.7620913982391357,
            -0.11947233229875565
        ],
        [
            0.1979244202375412,
            -0.7634342908859253,
            -0.10944736748933792
        ],
        [
            0.18579426407814026,
            -0.7517861127853394,
            -0.1124815046787262
        ],
        [
            0.1913910210132599,
            -0.7570992708206177,
            -0.11045955121517181
        ],
        [
            0.19457025825977325,
            -0.7573498487472534,
            -0.12114138901233673
        ],
        [
            0.1905941665172577,
            -0.7518132328987122,
            -0.12565076351165771
        ],
        [
            0.1892327517271042,
            -0.7531284093856812,
            -0.14091233909130096
        ],
        [
            0.18630900979042053,
            -0.7514110207557678,
            -0.14650718867778778
        ],
        [
            0.1832229495048523,
            -0.7411982417106628,
            -0.13857276737689972
        ],
        [
            0.18679018318653107,
            -0.7454342842102051,
            -0.13237760961055756
        ],
        [
            0.20088689029216766,
            -0.7705774307250977,
            -0.14710572361946106
        ],
        [
            0.20190489292144775,
            -0.7716164588928223,
            -0.14246916770935059
        ],
        [
            0.20412178337574005,
            -0.7717449069023132,
            -0.14417541027069092
        ],
        [
            0.20381176471710205,
            -0.7714544534683228,
            -0.14952610433101654
        ],
        [
            0.20304082334041595,
            -0.772045373916626,
            -0.13854879140853882
        ],
        [
            0.2035866528749466,
            -0.772118330001831,
            -0.13680516183376312
        ],
        [
            0.20478412508964539,
            -0.7726221084594727,
            -0.13815546035766602
        ],
        [
            0.20365522801876068,
            -0.7724103927612305,
            -0.1391756236553192
        ],
        [
            0.20255516469478607,
            -0.7719584703445435,
            -0.14085936546325684
        ],
        [
            0.20127245783805847,
            -0.7701039910316467,
            -0.1412932276725769
        ],
        [
            0.20239418745040894,
            -0.7711427211761475,
            -0.13923552632331848
        ],
        [
            0.20023983716964722,
            -0.7682406902313232,
            -0.14542028307914734
        ],
        [
            0.19521526992321014,
            -0.7639065980911255,
            -0.1590215414762497
        ],
        [
            0.19739437103271484,
            -0.7645090818405151,
            -0.15535588562488556
        ],
        [
            0.19776228070259094,
            -0.7691170573234558,
            -0.15706108510494232
        ],
        [
            0.1960410624742508,
            -0.7687713503837585,
            -0.16031357645988464
        ],
        [
            0.20545098185539246,
            -0.7734294533729553,
            -0.14119194447994232
        ],
        [
            0.20776879787445068,
            -0.7747763395309448,
            -0.13939307630062103
        ],
        [
            0.20859447121620178,
            -0.7756720781326294,
            -0.14504855871200562
        ],
        [
            0.2061707079410553,
            -0.773714005947113,
            -0.1447831690311432
        ],
        [
            0.2102707326412201,
            -0.7762642502784729,
            -0.13764719665050507
        ],
        [
            0.20649196207523346,
            -0.7737643718719482,
            -0.13640457391738892
        ],
        [
            0.20843100547790527,
            -0.7743797302246094,
            -0.13405436277389526
        ],
        [
            0.202396422624588,
            -0.7705597877502441,
            -0.1366676688194275
        ],
        [
            0.20262733101844788,
            -0.7696287631988525,
            -0.13325318694114685
        ],
        [
            0.20478567481040955,
            -0.7714349031448364,
            -0.13424910604953766
        ],
        [
            0.20011430978775024,
            -0.766620934009552,
            -0.13408708572387695
        ],
        [
            0.2005660980939865,
            -0.7685039043426514,
            -0.13859803974628448
        ],
        [
            0.19911564886569977,
            -0.7657071352005005,
            -0.1424129754304886
        ],
        [
            0.19738605618476868,
            -0.7629691362380981,
            -0.14748840034008026
        ],
        [
            0.19502171874046326,
            -0.760073184967041,
            -0.1424141824245453
        ],
        [
            0.19765791296958923,
            -0.7631651163101196,
            -0.13745494186878204
        ],
        [
            0.21097426116466522,
            -0.7793927192687988,
            -0.14423343539237976
        ],
        [
            0.20632332563400269,
            -0.7712615728378296,
            -0.12980134785175323
        ],
        [
            0.21152576804161072,
            -0.7763636112213135,
            -0.12908358871936798
        ],
        [
            0.20345959067344666,
            -0.7676023840904236,
            -0.1277739703655243
        ],
        [
            0.1998496949672699,
            -0.764033317565918,
            -0.12778237462043762
        ],
        [
            0.1961045265197754,
            -0.7601754665374756,
            -0.13063661754131317
        ],
        [
            0.19268067181110382,
            -0.7562928199768066,
            -0.13552173972129822
        ],
        [
            0.17429080605506897,
            -0.7390792369842529,
            -0.12720109522342682
        ],
        [
            0.18000318109989166,
            -0.7443529963493347,
            -0.12044134736061096
        ],
        [
            0.24902459979057312,
            -0.8371845483779907,
            -0.16033422946929932
        ],
        [
            0.25291159749031067,
            -0.8368784785270691,
            -0.15213604271411896
        ],
        [
            0.24660329520702362,
            -0.832868218421936,
            -0.1464981883764267
        ],
        [
            0.24908646941184998,
            -0.8346519470214844,
            -0.14562471210956573
        ],
        [
            0.24788731336593628,
            -0.8347653746604919,
            -0.15209057927131653
        ],
        [
            0.2457396686077118,
            -0.8328182101249695,
            -0.1511286199092865
        ],
        [
            0.24352876842021942,
            -0.8326081037521362,
            -0.12473797798156738
        ],
        [
            0.24366538226604462,
            -0.8324472904205322,
            -0.13169704377651215
        ],
        [
            0.2412918210029602,
            -0.8300056457519531,
            -0.12948743999004364
        ],
        [
            0.24134212732315063,
            -0.8271337151527405,
            -0.1212841123342514
        ],
        [
            0.23676897585391998,
            -0.8207608461380005,
            -0.13720978796482086
        ],
        [
            0.23837818205356598,
            -0.8230934739112854,
            -0.1323649287223816
        ],
        [
            0.24040921032428741,
            -0.8277149200439453,
            -0.1385943442583084
        ],
        [
            0.23931077122688293,
            -0.8260451555252075,
            -0.14215382933616638
        ],
        [
            0.23765845596790314,
            -0.8251296281814575,
            -0.14603722095489502
        ],
        [
            0.23557497560977936,
            -0.8250632286071777,
            -0.1500331163406372
        ],
        [
            0.23289521038532257,
            -0.8207664489746094,
            -0.14791010320186615
        ],
        [
            0.2348804473876953,
            -0.8202072978019714,
            -0.14272253215312958
        ],
        [
            0.2446480691432953,
            -0.8359291553497314,
            -0.1577405035495758
        ],
        [
            0.23929402232170105,
            -0.8363261818885803,
            -0.1626027673482895
        ],
        [
            0.23825626075267792,
            -0.8340216875076294,
            -0.16024096310138702
        ],
        [
            0.24298931658267975,
            -0.8334982395172119,
            -0.15636572241783142
        ],
        [
            0.22530236840248108,
            -0.8324680328369141,
            -0.16264976561069489
        ],
        [
            0.22795088589191437,
            -0.8338861465454102,
            -0.1630980521440506
        ],
        [
            0.22687333822250366,
            -0.8348996639251709,
            -0.16681644320487976
        ],
        [
            0.22362254559993744,
            -0.8315678834915161,
            -0.16570046544075012
        ],
        [
            0.22381706535816193,
            -0.8286203145980835,
            -0.16328513622283936
        ],
        [
            0.2256486862897873,
            -0.8306010961532593,
            -0.16155777871608734
        ],
        [
            0.2699959874153137,
            -0.8870575428009033,
            -0.16797329485416412
        ],
        [
            0.2637515962123871,
            -0.8695222735404968,
            -0.17224134504795074
        ],
        [
            0.2699612081050873,
            -0.8853558301925659,
            -0.14716190099716187
        ],
        [
            0.2647964358329773,
            -0.8808491230010986,
            -0.13029205799102783
        ],
        [
            0.258805513381958,
            -0.8729369640350342,
            -0.11473891139030457
        ],
        [
            0.2126368284225464,
            -0.7802524566650391,
            -0.10901892185211182
        ],
        [
            0.2058437168598175,
            -0.7755666971206665,
            -0.10168547928333282
        ],
        [
            0.2073952555656433,
            -0.7869415283203125,
            -0.09064427018165588
        ],
        [
            0.19856294989585876,
            -0.780543327331543,
            -0.08593562245368958
        ],
        [
            0.1976046860218048,
            -0.7689259052276611,
            -0.0977933257818222
        ],
        [
            0.1794695407152176,
            -0.7551175951957703,
            -0.10093142092227936
        ],
        [
            0.18880997598171234,
            -0.7616526484489441,
            -0.09736545383930206
        ],
        [
            0.18809577822685242,
            -0.774614691734314,
            -0.08289825916290283
        ],
        [
            0.18991637229919434,
            -0.7918546199798584,
            -0.0706743597984314
        ],
        [
            0.19976313412189484,
            -0.7941608428955078,
            -0.0764685720205307
        ],
        [
            0.19137978553771973,
            -0.811195969581604,
            -0.06365713477134705
        ],
        [
            0.17724686861038208,
            -0.7907512784004211,
            -0.06435362994670868
        ],
        [
            0.18370570242404938,
            -0.8148277997970581,
            -0.05957520753145218
        ],
        [
            0.1562984734773636,
            -0.7596648931503296,
            -0.07058985531330109
        ],
        [
            0.15223047137260437,
            -0.7517305612564087,
            -0.06460133194923401
        ],
        [
            0.1539308726787567,
            -0.7631851434707642,
            -0.04891670495271683
        ],
        [
            0.15885111689567566,
            -0.7710415124893188,
            -0.05469435080885887
        ],
        [
            0.20883812010288239,
            -0.797385573387146,
            -0.08312215656042099
        ],
        [
            0.24330316483974457,
            -0.8475697636604309,
            -0.10232847929000854
        ],
        [
            0.24686133861541748,
            -0.842350959777832,
            -0.1128900945186615
        ],
        [
            0.23608222603797913,
            -0.838653564453125,
            -0.09570951759815216
        ],
        [
            0.26073724031448364,
            -0.906642735004425,
            -0.10530978441238403
        ],
        [
            0.265449196100235,
            -0.894806981086731,
            -0.11896765232086182
        ],
        [
            0.2590499520301819,
            -0.8846299648284912,
            -0.10547590255737305
        ],
        [
            0.256083607673645,
            -0.8972020149230957,
            -0.09413577616214752
        ],
        [
            0.2622367739677429,
            -0.9347536563873291,
            -0.14126397669315338
        ],
        [
            0.2695631682872772,
            -0.912049412727356,
            -0.1548713594675064
        ],
        [
            0.2683779001235962,
            -0.9048562049865723,
            -0.13811254501342773
        ],
        [
            0.26301079988479614,
            -0.9223152995109558,
            -0.12551560997962952
        ],
        [
            0.24988111853599548,
            -0.9048200845718384,
            -0.08503348380327225
        ],
        [
            0.2401551455259323,
            -0.915449857711792,
            -0.07283931970596313
        ],
        [
            0.24154572188854218,
            -0.9331252574920654,
            -0.07597169280052185
        ],
        [
            0.2530607581138611,
            -0.9215865731239319,
            -0.09210054576396942
        ],
        [
            0.23821786046028137,
            -0.95530766248703,
            -0.08608292043209076
        ],
        [
            0.2526838183403015,
            -0.9421311020851135,
            -0.10570626705884933
        ],
        [
            0.1704341322183609,
            -0.8083012104034424,
            -0.05131980776786804
        ],
        [
            0.17732784152030945,
            -0.8259223699569702,
            -0.053479596972465515
        ],
        [
            0.16619598865509033,
            -0.779595136642456,
            -0.061913277953863144
        ],
        [
            0.16364076733589172,
            -0.7939072251319885,
            -0.048268601298332214
        ],
        [
            0.23011615872383118,
            -0.974156379699707,
            -0.10020908713340759
        ],
        [
            0.24839138984680176,
            -0.9585409760475159,
            -0.12306807935237885
        ],
        [
            0.19458793103694916,
            -0.9229247570037842,
            -0.04116026312112808
        ],
        [
            0.20940269529819489,
            -0.9338051080703735,
            -0.050461798906326294
        ],
        [
            0.21630588173866272,
            -0.9139812588691711,
            -0.05278598517179489
        ],
        [
            0.201778382062912,
            -0.9067348837852478,
            -0.043688684701919556
        ],
        [
            0.18376220762729645,
            -0.93955397605896,
