{
    "pred_cam": [
        1.1637128591537476,
        -0.04808636009693146,
        0.18455380201339722
    ],
    "pred_smpl_params": {
        "global_orient": [
            [
                [
                    0.9215125441551208,
                    0.13071568310260773,
                    0.36568841338157654
                ],
                [
                    0.1041700541973114,
                    -0.99034184217453,
                    0.09149647504091263
                ],
                [
                    0.37411656975746155,
                    -0.04622136801481247,
                    -0.9262291193008423
                ]
            ]
        ],
        "body_pose": [
            [
                [
                    0.996304452419281,
                    0.03263237699866295,
                    -0.07945191115140915
                ],
                [
                    -0.029509713873267174,
                    0.9987571835517883,
                    0.040164753794670105
                ],
                [
                    0.08066383749246597,
                    -0.03767171874642372,
                    0.9960291981697083
                ]
            ],
            [
                [
                    0.99739670753479,
                    0.04833540320396423,
                    -0.05351197347044945
                ],
                [
                    -0.04248703271150589,
                    0.9935116171836853,
                    0.10549699515104294
                ],
                [
                    0.058264002203941345,
                    -0.10294878482818604,
                    0.9929788708686829
                ]
            ],
            [
                [
                    0.9979464411735535,
                    -8.198111754609272e-05,
                    0.06405355036258698
                ],
                [
                    0.010420591570436954,
                    0.9868849515914917,
                    -0.1610882580280304
                ],
                [
                    -0.06320028007030487,
                    0.1614249348640442,
                    0.9848591685295105
                ]
            ],
            [
                [
                    0.9827292561531067,
                    -0.10540417581796646,
                    -0.152095764875412
                ],
                [
                    0.02021329663693905,
                    0.8781471848487854,
                    -0.47796323895454407
                ],
                [
                    0.1839417964220047,
                    0.4666341245174408,
                    0.8651114702224731
                ]
            ],
            [
                [
                    0.9941883087158203,
                    -0.10224467515945435,
                    0.03370010480284691
                ],
                [
                    0.10675190389156342,
                    0.8958279490470886,
                    -0.4313889145851135
                ],
                [
                    0.013917728327214718,
                    0.4324793517589569,
                    0.9015364646911621
                ]
            ],
            [
                [
                    0.9943581223487854,
                    0.05626918375492096,
                    0.08992086350917816
                ],
                [
                    -0.05375136435031891,
                    0.9980981349945068,
                    -0.030182834714651108
                ],
                [
                    -0.09144819527864456,
                    0.025179177522659302,
                    0.9954915046691895
                ]
            ],
            [
                [
                    0.984553337097168,
                    0.07967348396778107,
                    0.15590600669384003
                ],
                [
                    -0.09040912240743637,
                    0.9939090013504028,
                    0.06301528215408325
                ],
                [
                    -0.1499357670545578,
                    -0.0761372521519661,
                    0.9857596158981323
                ]
            ],
            [
                [
                    0.9871231317520142,
                    -0.06704995781183243,
                    -0.14523150026798248
                ],
                [
                    0.0703713446855545,
                    0.9973612427711487,
                    0.017848458141088486
                ],
                [
                    0.14365150034427643,
                    -0.02783876098692417,
                    0.9892367720603943
                ]
            ],
            [
                [
                    0.9976143836975098,
                    0.02172488532960415,
                    0.0655248835682869
                ],
                [
                    -0.01701427437365055,
                    0.9972875714302063,
                    -0.07161050289869308
                ],
                [
                    -0.06690287590026855,
                    0.07032480835914612,
                    0.9952780604362488
                ]
            ],
            [
                [
                    0.9847283959388733,
                    -0.17402924597263336,
                    -0.0048783160746097565
                ],
                [
                    0.1730359047651291,
                    0.975249171257019,
                    0.13765054941177368
                ],
                [
                    -0.019197646528482437,
                    -0.1363925337791443,
                    0.9904688596725464
                ]
            ],
            [
                [
                    0.9880465865135193,
                    0.147744283080101,
                    -0.043995339423418045
                ],
                [
                    -0.13739599287509918,
                    0.9734146595001221,
                    0.18326543271541595
                ],
                [
                    0.06990212947130203,
                    -0.17503000795841217,
                    0.982078492641449
                ]
            ],
            [
                [
                    0.9954970479011536,
                    0.07652851939201355,
                    0.055937811732292175
                ],
                [
                    -0.0760749951004982,
                    0.9970499277114868,
                    -0.010195727460086346
                ],
                [
                    -0.05655306205153465,
                    0.005894347559660673,
                    0.9983821511268616
                ]
            ],
            [
                [
                    0.9178788661956787,
                    0.39595797657966614,
                    0.026749437674880028
                ],
                [
                    -0.3954660892486572,
                    0.9182191491127014,
                    -0.021913325414061546
                ],
                [
                    -0.03323860093951225,
                    0.009535285644233227,
                    0.9994019269943237
                ]
            ],
            [
                [
                    0.9085683226585388,
                    -0.4063047170639038,
                    0.09705767780542374
                ],
                [
                    0.41107457876205444,
                    0.9109402298927307,
                    -0.03472191467881203
                ],
                [
                    -0.07430606335401535,
                    0.07144516706466675,
                    0.994672954082489
                ]
            ],
            [
                [
                    0.9943041205406189,
                    0.08069989830255508,
                    0.06961982697248459
                ],
                [
                    -0.05497674271464348,
                    0.9479483366012573,
                    -0.313642293214798
                ],
                [
                    -0.0913068950176239,
                    0.30802834033966064,
                    0.9469855427742004
                ]
            ],
            [
                [
                    0.5312784910202026,
                    0.8055174946784973,
                    -0.262458860874176
                ],
                [
                    -0.8438998460769653,
                    0.5304811000823975,
                    -0.08014222234487534
                ],
                [
                    0.07467349618673325,
                    0.2640668451786041,
                    0.9616092443466187
                ]
            ],
            [
                [
                    0.5003337860107422,
                    -0.7721051573753357,
                    0.39181604981422424
                ],
                [
                    0.8422924280166626,
                    0.5388458967208862,
                    -0.013735214248299599
                ],
                [
                    -0.20052340626716614,
                    0.3368958532810211,
                    0.9199411869049072
                ]
            ],
            [
                [
                    0.2533740699291229,
                    -0.37047016620635986,
                    -0.893618106842041
                ],
                [
                    0.2165086269378662,
                    0.9220456480979919,
                    -0.3208671808242798
                ],
                [
                    0.9428284764289856,
                    -0.11217662692070007,
                    0.31383243203163147
                ]
            ],
            [
                [
                    0.36166656017303467,
                    0.33099785447120667,
                    0.871571958065033
                ],
                [
                    0.008322938345372677,
                    0.9336710572242737,
                    -0.35803496837615967
                ],
                [
                    -0.932270348072052,
                    0.13674330711364746,
                    0.334922730922699
                ]
            ],
            [
                [
                    0.9900010228157043,
                    -0.12268434464931488,
                    -0.0696178674697876
                ],
                [
                    0.12828803062438965,
                    0.9882813692092896,
                    0.0827174186706543
                ],
                [
                    0.05865390598773956,
                    -0.09082145243883133,
                    0.9941384792327881
                ]
            ],
            [
                [
                    0.9935896396636963,
                    0.09916006028652191,
                    0.054284706711769104
                ],
                [
                    -0.09985894709825516,
                    0.9949482083320618,
                    0.010310910642147064
                ],
                [
                    -0.05298803746700287,
                    -0.015665629878640175,
                    0.998472273349762
                ]
            ],
            [
                [
                    0.9644653797149658,
                    0.23817205429077148,
                    -0.11437072604894638
                ],
                [
                    -0.22339290380477905,
                    0.9662433862686157,
                    0.12833242118358612
                ],
                [
                    0.14107516407966614,
                    -0.09822255373001099,
                    0.9851142168045044
                ]
            ],
            [
                [
                    0.9670577049255371,
                    -0.24712076783180237,
                    0.061078742146492004
                ],
                [
                    0.2351011484861374,
                    0.9590549468994141,
                    0.15792737901210785
                ],
                [
                    -0.09760500490665436,
                    -0.1383652240037918,
                    0.98555988073349
                ]
            ]
        ],
        "betas": [
            -0.03720457851886749,
            0.13624975085258484,
            0.37462785840034485,
            1.1369365453720093,
            -0.0098075270652771,
            -0.03295975178480148,
            -0.023363888263702393,
            0.11432544887065887,
            0.07165902853012085,
            -0.013512849807739258
        ]
    },
    "pred_cam_t": [
        -0.04808636009693146,
        0.18455380201339722,
        33.56713104248047
    ],
    "focal_length": [
        5000.0,
        5000.0
    ],
    "pred_keypoints_3d": [
        [
            0.24013400077819824,
            -0.7632509469985962,
            -0.17123903334140778
        ],
        [
            0.10158532112836838,
            -0.7410527467727661,
            -0.03631499782204628
        ],
        [
            -0.07596895843744278,
            -0.6601425409317017,
            -0.11740849912166595
        ],
        [
            -0.15758290886878967,
            -0.4256189167499542,
            -0.08674278855323792
        ],
        [
            0.010916516184806824,
            -0.27273815870285034,
            -0.1948794275522232
        ],
        [
            0.21182537078857422,
            -0.6275625228881836,
            0.0955146923661232
        ],
        [
            0.1560337096452713,
            -0.39427855610847473,
            0.18882305920124054
        ],
        [
            0.2730562686920166,
            -0.25977832078933716,
            0.018421649932861328
        ],
        [
            -0.0027124923653900623,
            -0.2341080605983734,
            0.02560080960392952
        ],
        [
            -0.07578147947788239,
            -0.15204185247421265,
            0.010550795122981071
        ],
        [
            -0.16490234434604645,
            0.21452945470809937,
            -0.020562170073390007
        ],
        [
            -0.2259504795074463,
            0.5531835556030273,
            0.16870737075805664
        ],
        [
            0.043449047952890396,
            -0.13748839497566223,
            0.06143626570701599
        ],
        [
            0.021922776475548744,
            0.23164179921150208,
            0.07316619157791138
        ],
        [
            -0.05954726040363312,
            0.5458664894104004,
            0.29364317655563354
        ],
        [
            0.21814711391925812,
            -0.8200379610061646,
            -0.18316568434238434
        ],
        [
            0.26484552025794983,
            -0.8085989952087402,
            -0.1371234804391861
        ],
        [
            0.130549356341362,
            -0.8652291297912598,
            -0.1450703740119934
        ],
        [
            0.235772505402565,
            -0.8395674228668213,
            -0.043671637773513794
        ],
        [
            -0.03864374756813049,
            0.6779255270957947,
            0.14553910493850708
        ],
        [
            0.017728805541992188,
            0.6684665679931641,
            0.20802967250347137
        ],
        [
            -0.07102250307798386,
            0.5512549877166748,
            0.36153435707092285
        ],
        [
            -0.19342926144599915,
            0.669427752494812,
            0.00979568064212799
        ],
        [
            -0.273931086063385,
            0.6535015106201172,
            0.04237993061542511
        ],
        [
            -0.24507686495780945,
            0.57194983959198,
            0.23631449043750763
        ],
        [
            -0.24449056386947632,
            0.4963682293891907,
            0.16865792870521545
        ],
        [
            -0.1503077894449234,
            0.15178215503692627,
            -0.02423710562288761
        ],
        [
            -0.1302299052476883,
            -0.2838292121887207,
            -0.020340759307146072
        ],
        [
            0.12117096036672592,
            -0.23701044917106628,
            0.09516658633947372
        ],
        [
            0.036795370280742645,
            0.19129234552383423,
            0.07103269547224045
        ],
        [
            -0.04846573621034622,
            0.504921555519104,
            0.3010171949863434
        ],
        [
            0.018781930208206177,
            -0.31002581119537354,
            -0.18691137433052063
        ],
        [
            -0.1536635309457779,
            -0.44437965750694275,
            -0.12604637444019318
        ],
        [
            -0.037645138800144196,
            -0.6904027462005615,
            -0.10309617966413498
        ],
        [
            0.19433549046516418,
            -0.6628812551498413,
            0.07536187022924423
        ],
        [
            0.20513159036636353,
            -0.4158955216407776,
            0.17986638844013214
        ],
        [
            0.2765098512172699,
            -0.28290924429893494,
            0.024576690047979355
        ],
        [
            0.10202008485794067,
            -0.7274804711341858,
            -0.03431814908981323
        ],
        [
            0.22090132534503937,
            -0.8875213861465454,
            -0.11746060103178024
        ],
        [
            -0.004013512749224901,
            -0.260404109954834,
            0.03772600740194321
        ],
        [
            0.07786301523447037,
            -0.6743630170822144,
            -0.016911083832383156
        ],
        [
            0.02973976731300354,
            -0.512809157371521,
            0.020018478855490685
        ],
        [
            0.18929147720336914,
            -0.7778273224830627,
            -0.10819963365793228
        ],
        [
            0.2223871946334839,
            -0.9082907438278198,
            -0.11954906582832336
        ]
    ],
    "pred_vertices": [
        [
            0.2961682677268982,
            -0.8449766635894775,
            -0.14224815368652344
        ],
        [
            0.28855615854263306,
            -0.8307387828826904,
            -0.14683720469474792
        ],
        [
            0.28956642746925354,
            -0.8305292725563049,
            -0.13252727687358856
        ],
        [
            0.29375898838043213,
            -0.842826247215271,
            -0.12496323883533478
        ],
        [
            0.2854873836040497,
            -0.8208560943603516,
            -0.13663211464881897
        ],
        [
            0.28291231393814087,
            -0.8203146457672119,
            -0.14839302003383636
        ],
        [
            0.28559914231300354,
            -0.829522967338562,
            -0.11916277557611465
        ],
        [
            0.2870769202709198,
            -0.8392281532287598,
            -0.11017574369907379
        ],
        [
            0.2659233808517456,
            -0.8045257329940796,
            -0.09801767766475677
        ],
        [
            0.2614287734031677,
            -0.8046844005584717,
            -0.08782497048377991
        ],
        [
            0.2679492235183716,
            -0.8142834901809692,
            -0.09211692959070206
        ],
        [
            0.26983556151390076,
            -0.8118826150894165,
            -0.10199150443077087
        ],
        [
            0.2510451376438141,
            -0.7845994234085083,
            -0.08975916355848312
        ],
        [
            0.2468913197517395,
            -0.773645281791687,
            -0.09706337749958038
        ],
        [
            0.23902463912963867,
            -0.7704660892486572,
            -0.08679989725351334
        ],
        [
            0.24179168045520782,
            -0.7814697027206421,
            -0.07942995429039001
        ],
        [
            0.24407997727394104,
            -0.7794098854064941,
            -0.13885465264320374
        ],
        [
            0.24414503574371338,
            -0.7733988761901855,
            -0.1325487196445465
        ],
        [
            0.24951964616775513,
            -0.7787973284721375,
            -0.13111624121665955
        ],
        [
            0.24835442006587982,
            -0.7843832969665527,
            -0.13745971024036407
        ],
        [
            0.24604395031929016,
            -0.7859606742858887,
            -0.15228644013404846
        ],
        [
            0.2473815679550171,
            -0.7921617031097412,
            -0.15073910355567932
        ],
        [
            0.24904504418373108,
            -0.7935008406639099,
            -0.158538818359375
        ],
        [
            0.24856817722320557,
            -0.7859973311424255,
            -0.16000932455062866
        ],
        [
            0.23801982402801514,
            -0.7757925391197205,
            -0.14134885370731354
        ],
        [
            0.23796935379505157,
            -0.7696906924247742,
            -0.13443072140216827
        ],
        [
            0.24451854825019836,
            -0.7841542959213257,
            -0.14473634958267212
        ],
        [
            0.2423398643732071,
            -0.7796425819396973,
            -0.14661450684070587
        ],
        [
            0.24388888478279114,
            -0.7693617939949036,
            -0.15407070517539978
        ],
        [
            0.24628612399101257,
            -0.7738254070281982,
            -0.15318214893341064
        ],
        [
            0.24848991632461548,
            -0.7717306613922119,
            -0.1604968160390854
        ],
        [
            0.24464035034179688,
            -0.7676060795783997,
            -0.15958142280578613
        ],
        [
            0.23982319235801697,
            -0.7731592655181885,
            -0.14559200406074524
        ],
        [
            0.24332378804683685,
            -0.7741045951843262,
            -0.14789998531341553
        ],
        [
            0.24128226935863495,
            -0.770114541053772,
            -0.1502307504415512
        ],
        [
            0.23729568719863892,
            -0.770200788974762,
            -0.1485287994146347
        ],
        [
            0.24529924988746643,
            -0.7809292674064636,
            -0.15348561108112335
        ],
        [
            0.24847958981990814,
            -0.7792986631393433,
            -0.16069766879081726
        ],
        [
            0.25070199370384216,
            -0.7774513363838196,
            -0.16861897706985474
        ],
        [
            0.24925315380096436,
            -0.7685008645057678,
            -0.16812515258789062
        ],
        [
            0.24144983291625977,
            -0.7633100748062134,
            -0.11695824563503265
        ],
        [
            0.2437603771686554,
            -0.7678192257881165,
            -0.12510891258716583
        ],
        [
            0.2380000650882721,
            -0.7644921541213989,
            -0.12758812308311462
        ],
        [
            0.23700003325939178,
            -0.7604522109031677,
            -0.12088925391435623
        ],
        [
            0.23447701334953308,
            -0.769195020198822,
            -0.14459948241710663
        ],
        [
            0.22936883568763733,
            -0.7550101280212402,
            -0.13795360922813416
        ],
        [
            0.23157384991645813,
            -0.7580864429473877,
            -0.13891439139842987
        ],
        [
            0.23022925853729248,
            -0.7576617002487183,
            -0.14602436125278473
        ],
        [
            0.22846326231956482,
            -0.7547937631607056,
            -0.14454388618469238
        ],
        [
            0.23292870819568634,
            -0.754794716835022,
            -0.1039821207523346
        ],
        [
            0.2311617136001587,
            -0.7525010108947754,
            -0.11062267422676086
        ],
        [
            0.22657229006290436,
            -0.7479066848754883,
            -0.10678157210350037
        ],
        [
            0.22653989493846893,
            -0.7500226497650146,
            -0.09950406849384308
        ],
        [
            0.22151851654052734,
            -0.7440049648284912,
            -0.10637658089399338
        ],
        [
            0.22001980245113373,
            -0.7454067468643188,
            -0.09644591063261032
        ],
        [
            0.20717179775238037,
            -0.7346034049987793,
            -0.0996101126074791
        ],
        [
            0.213108628988266,
            -0.739521861076355,
            -0.09756205976009369
        ],
        [
            0.21638675034046173,
            -0.7396188974380493,
            -0.10810766369104385
        ],
        [
            0.2120518833398819,
            -0.7344005703926086,
            -0.1126541942358017
        ],
        [
            0.21097007393836975,
            -0.7358642816543579,
            -0.12772777676582336
        ],
        [
            0.20797419548034668,
            -0.7343798875808716,
            -0.133298859000206
        ],
        [
            0.2041120082139969,
            -0.724414587020874,
            -0.12553958594799042
        ],
        [
            0.20787784457206726,
            -0.7283576130867004,
            -0.11940185725688934
        ],
        [
            0.22383075952529907,
            -0.7523906230926514,
            -0.13362668454647064
        ],
        [
            0.22487898170948029,
            -0.7533329129219055,
            -0.1289968192577362
        ],
        [
            0.22711193561553955,
            -0.7533257603645325,
            -0.13065838813781738
        ],
        [
            0.22681789100170135,
            -0.7531077265739441,
            -0.1359858214855194
        ],
        [
            0.22601668536663055,
            -0.7536509037017822,
            -0.12509745359420776
        ],
        [
            0.2265489101409912,
            -0.7536612749099731,
            -0.12335564196109772
        ],
        [
            0.2277790904045105,
            -0.7540900111198425,
            -0.1246669739484787
        ],
        [
            0.22669105231761932,
            -0.7539802193641663,
            -0.12570223212242126
        ],
        [
            0.2255733758211136,
            -0.753622829914093,
            -0.12740573287010193
        ],
        [
            0.22417227923870087,
            -0.7518892288208008,
            -0.12787334620952606
        ],
        [
            0.22531716525554657,
            -0.7528151869773865,
            -0.12580803036689758
        ],
        [
            0.2230520248413086,
            -0.7501351833343506,
            -0.1319999396800995
        ],
        [
            0.21786922216415405,
            -0.7462396621704102,
            -0.1456204056739807
        ],
        [
            0.22005945444107056,
            -0.7466222047805786,
            -0.1419314295053482
        ],
        [
            0.22071218490600586,
            -0.7511881589889526,
            -0.14356791973114014
        ],
        [
            0.21899202466011047,
            -0.751046895980835,
            -0.14685148000717163
        ],
        [
            0.22853738069534302,
            -0.754952073097229,
            -0.12769290804862976
        ],
        [
            0.23086723685264587,
            -0.756081759929657,
            -0.12584006786346436
        ],
        [
            0.23177284002304077,
            -0.7569870352745056,
            -0.13145391643047333
        ],
        [
            0.2292509377002716,
            -0.7551816701889038,
            -0.13122746348381042
        ],
        [
            0.2334744930267334,
            -0.7573869228363037,
            -0.12409443408250809
        ],
        [
            0.22953006625175476,
            -0.7551233768463135,
            -0.12290797382593155
        ],
        [
            0.23147815465927124,
            -0.7556407451629639,
            -0.12059260159730911
        ],
        [
            0.22527240216732025,
            -0.7522174119949341,
            -0.1232604905962944
        ],
        [
            0.2254008948802948,
            -0.7512642741203308,
            -0.11988295614719391
        ],
        [
            0.22768381237983704,
            -0.752886176109314,
            -0.1208195686340332
        ],
        [
            0.22270217537879944,
            -0.7484785318374634,
            -0.12077204883098602
        ],
        [
            0.22331967949867249,
            -0.7503340244293213,
            -0.1252269744873047
        ],
        [
            0.22172005474567413,
            -0.7476862668991089,
            -0.12905482947826385
        ],
        [
            0.21987618505954742,
            -0.7450962662696838,
            -0.13413812220096588
        ],
        [
            0.21727454662322998,
            -0.7423579692840576,
            -0.12914320826530457
        ],
        [
            0.22005189955234528,
            -0.7452367544174194,
            -0.12417089194059372
        ],
        [
            0.23437714576721191,
            -0.7605680227279663,
            -0.13062164187431335
        ],
        [
            0.22915001213550568,
            -0.7526239156723022,
            -0.11638937145471573
        ],
        [
            0.23464561998844147,
            -0.7573559880256653,
            -0.11559047549962997
        ],
        [
            0.22604086995124817,
            -0.7491894960403442,
            -0.11445321142673492
        ],
        [
            0.22220498323440552,
            -0.7459136843681335,
            -0.11454837024211884
        ],
        [
            0.21818895637989044,
            -0.7423462271690369,
            -0.1174931675195694
        ],
        [
            0.21459072828292847,
            -0.7387418746948242,
            -0.12235251069068909
        ],
        [
            0.19498369097709656,
            -0.7227473258972168,
            -0.11432481557130814
        ],
        [
            0.20096620917320251,
            -0.7275921106338501,
            -0.10759326815605164
        ],
        [
            0.2761465311050415,
            -0.8159882426261902,
            -0.14593717455863953
        ],
        [
            0.27995216846466064,
            -0.8153651356697083,
            -0.13774751126766205
        ],
        [
            0.27335530519485474,
            -0.8116414546966553,
            -0.13218869268894196
        ],
        [
            0.275948166847229,
            -0.8132266998291016,
            -0.13126641511917114
        ],
        [
            0.27477458119392395,
            -0.8135612607002258,
            -0.1377466320991516
        ],
        [
            0.2725237309932709,
            -0.8116626739501953,
            -0.13680396974086761
        ],
        [
            0.2700769007205963,
            -0.8114876747131348,
            -0.11057528108358383
        ],
        [
            0.27029693126678467,
            -0.8113201856613159,
            -0.11749222874641418
        ],
        [
            0.26769423484802246,
            -0.809014618396759,
            -0.11532582342624664
        ],
        [
            0.2674626111984253,
            -0.8061217069625854,
            -0.10717359185218811
        ],
        [
            0.2626574635505676,
            -0.8001781702041626,
            -0.12308786809444427
        ],
        [
            0.2643603980541229,
            -0.8023600578308105,
            -0.1182527095079422
        ],
        [
            0.266792893409729,
            -0.8068693280220032,
            -0.12442132085561752
        ],
        [
            0.26562628149986267,
            -0.8052921295166016,
            -0.1279648244380951
        ],
        [
            0.2639395594596863,
            -0.8045157194137573,
            -0.1318381428718567
        ],
        [
            0.26185646653175354,
            -0.8045845031738281,
            -0.13581033051013947
        ],
        [
            0.25892573595046997,
            -0.8004782795906067,
            -0.13375498354434967
        ],
        [
            0.2608157992362976,
            -0.7997941970825195,
            -0.1285889446735382
        ],
        [
            0.27172911167144775,
            -0.8149205446243286,
            -0.14341986179351807
        ],
        [
            0.26639148592948914,
            -0.8156156539916992,
            -0.14829663932323456
        ],
        [
            0.2652391195297241,
            -0.8133558034896851,
            -0.14599712193012238
        ],
        [
            0.26991966366767883,
            -0.8124949932098389,
            -0.1420932114124298
        ],
        [
            0.25220638513565063,
            -0.8125662803649902,
            -0.14844875037670135
        ],
        [
            0.2549459636211395,
            -0.8138008713722229,
            -0.14889761805534363
        ],
        [
            0.2539963126182556,
            -0.8148795366287231,
            -0.15261083841323853
        ],
        [
            0.2505365312099457,
            -0.8117794990539551,
            -0.1515088528394699
        ],
        [
            0.2504938840866089,
            -0.8088602423667908,
            -0.14908960461616516
        ],
        [
            0.25239822268486023,
            -0.8107085824012756,
            -0.1473422795534134
        ],
        [
            0.3002093732357025,
            -0.8644301891326904,
            -0.15317635238170624
        ],
        [
            0.2929612696170807,
            -0.8475303053855896,
            -0.1577506959438324
        ],
        [
            0.29990947246551514,
            -0.8627110123634338,
            -0.1325255036354065
        ],
        [
            0.2943767309188843,
            -0.8584908246994019,
            -0.11566191911697388
        ],
        [
            0.2877022325992584,
            -0.8508283495903015,
            -0.10022872686386108
        ],
        [
            0.23579323291778564,
            -0.7611426115036011,
            -0.09559735655784607
        ],
        [
            0.22865942120552063,
            -0.7568955421447754,
            -0.08843283355236053
        ],
        [
            0.23075240850448608,
            -0.7680596113204956,
            -0.07730625569820404
        ],
        [
            0.22156047821044922,
            -0.7622389793395996,
            -0.07283291965723038
        ],
        [
            0.2199602574110031,
            -0.7508283853530884,
            -0.0847785621881485
        ],
        [
            0.201075941324234,
            -0.7381622195243835,
            -0.08819027245044708
        ],
        [
            0.21077382564544678,
            -0.7441034317016602,
            -0.08453413844108582
        ],
        [
            0.21082934737205505,
            -0.7569534182548523,
            -0.0700637698173523
        ],
        [
            0.21365801990032196,
            -0.7738897800445557,
            -0.0576649084687233
        ],
        [
            0.2235034555196762,
            -0.7756766080856323,
            -0.0632745623588562
        ],
        [
            0.2163591980934143,
            -0.79299396276474,
            -0.05053609609603882
        ],
        [
            0.20103901624679565,
            -0.7734732627868652,
            -0.05173296481370926
        ],
        [
            0.20898032188415527,
            -0.7971178293228149,
            -0.04670362174510956
        ],
        [
            0.178678959608078,
            -0.7440258860588074,
            -0.05910259857773781
        ],
        [
            0.17441752552986145,
            -0.7363778352737427,
            -0.05359755828976631
        ],
        [
            0.17705155909061432,
            -0.7472798824310303,
            -0.037824250757694244
        ],
        [
            0.18204453587532043,
            -0.7549103498458862,
            -0.04318147897720337
        ],
        [
            0.23280209302902222,
            -0.7783159613609314,
            -0.06967456638813019
        ],
        [
            0.27058619260787964,
            -0.8263453841209412,
            -0.08830010890960693
        ],
        [
            0.2738398611545563,
            -0.8211009502410889,
            -0.09874571114778519
        ],
        [
            0.2627422511577606,
            -0.8178775906562805,
            -0.08180470764636993
        ],
        [
            0.2914751470088959,
            -0.884354829788208,
            -0.09060395509004593
        ],
        [
            0.29555222392082214,
            -0.8723713159561157,
            -0.10417412221431732
        ],
        [
            0.28850677609443665,
            -0.8625112771987915,
            -0.09100571274757385
        ],
        [
            0.2860812246799469,
            -0.8751256465911865,
            -0.0796826034784317
        ],
        [
            0.29521656036376953,
            -0.9125667810440063,
            -0.12610799074172974
        ],
        [
            0.3013882040977478,
            -0.8894393444061279,
            -0.13996294140815735
        ],
        [
            0.29946592450141907,
            -0.8823232054710388,
            -0.12325054407119751
        ],
        [
            0.29509031772613525,
            -0.9000352621078491,
            -0.11055995523929596
        ],
        [
            0.28035637736320496,
            -0.882964015007019,
            -0.07039691507816315
        ],
        [
            0.2712298035621643,
            -0.8940641283988953,
            -0.0582955926656723
        ],
        [
            0.27341896295547485,
            -0.9115035533905029,
            -0.061234839260578156
        ],
        [
            0.2845268249511719,
            -0.8996480703353882,
            -0.07724203169345856
        ],
        [
            0.27152666449546814,
            -0.933885931968689,
            -0.07124463468790054
        ],
        [
            0.28549206256866455,
            -0.9200929403305054,
            -0.09064355492591858
        ],
        [
            0.19556871056556702,
            -0.7912764549255371,
            -0.03879331424832344
        ],
        [
            0.2033756822347641,
            -0.8084169626235962,
            -0.04057087376713753
        ],
        [
            0.18952669203281403,
            -0.7630639672279358,
            -0.04994059354066849
        ],
        [
            0.18809197843074799,
            -0.7772791385650635,
            -0.0362204983830452
        ],
        [
            0.26454150676727295,
            -0.9529923796653748,
            -0.08518509566783905
        ],
        [
            0.28224068880081177,
            -0.9368066787719727,
            -0.10780777037143707
        ],
        [
            0.22606787085533142,
            -0.9039633274078369,
            -0.027456767857074738
        ],
        [
            0.24137195944786072,
            -0.9140135049819946,
            -0.03632038086652756
        ],
        [
            0.24721145629882812,
            -0.8938956260681152,
            -0.038623541593551636
        ],
        [
            0.23231232166290283,
            -0.887419581413269,
            -0.029979854822158813
        ],
        [
            0.21600069105625153,
            -0.9212942123413086,
            -0.02849208563566208
