{
    "pred_cam": [
        1.1794947385787964,
        -0.033527158200740814,
        0.16503500938415527
    ],
    "pred_smpl_params": {
        "global_orient": [
            [
                [
                    0.9307657480239868,
                    0.1539447009563446,
                    0.33162668347358704
                ],
                [
                    0.12279100716114044,
                    -0.9859709143638611,
                    0.11306491494178772
                ],
                [
                    0.3443800210952759,
                    -0.06451616436243057,
                    -0.936610996723175
                ]
            ]
        ],
        "body_pose": [
            [
                [
                    0.9968344569206238,
                    0.021287813782691956,
                    -0.076601542532444
                ],
                [
                    -0.015392759814858437,
                    0.9969322681427002,
                    0.07674092054367065
                ],
                [
                    0.07800018787384033,
                    -0.07531889528036118,
                    0.9941040873527527
                ]
            ],
            [
                [
                    0.9985016584396362,
                    0.03029928170144558,
                    -0.04556827247142792
                ],
                [
                    -0.02463867887854576,
                    0.9924653172492981,
                    0.1200229674577713
                ],
                [
                    0.0488615408539772,
                    -0.11872038245201111,
                    0.9917247891426086
                ]
            ],
            [
                [
                    0.9965585470199585,
                    0.024444572627544403,
                    0.07920520752668381
                ],
                [
                    -0.01010806392878294,
                    0.9842347502708435,
                    -0.17657828330993652
                ],
                [
                    -0.08227288722991943,
                    0.17517000436782837,
                    0.9810946583747864
                ]
            ],
            [
                [
                    0.9839696884155273,
                    -0.09737872332334518,
                    -0.14940187335014343
                ],
                [
                    0.006357824895530939,
                    0.8563797473907471,
                    -0.5163072943687439
                ],
                [
                    0.17822210490703583,
                    0.5070809125900269,
                    0.8432708382606506
                ]
            ],
            [
                [
                    0.9950725436210632,
                    -0.09108886867761612,
                    0.03915863856673241
                ],
                [
                    0.09898524731397629,
                    0.8899552822113037,
                    -0.44517579674720764
                ],
                [
                    0.005701128859072924,
                    0.44685837626457214,
                    0.8945865035057068
                ]
            ],
            [
                [
                    0.9937339425086975,
                    0.06652139872312546,
                    0.08982008695602417
                ],
                [
                    -0.06315471231937408,
                    0.9972089529037476,
                    -0.03982125595211983
                ],
                [
                    -0.09221836924552917,
                    0.033899176865816116,
                    0.9951615333557129
                ]
            ],
            [
                [
                    0.9831736087799072,
                    0.07149238139390945,
                    0.16810275614261627
                ],
                [
                    -0.08023420721292496,
                    0.9957236647605896,
                    0.04579031094908714
                ],
                [
                    -0.1641102433204651,
                    -0.05850740894675255,
                    0.98470538854599
                ]
            ],
            [
                [
                    0.9894171357154846,
                    -0.027836913242936134,
                    -0.14240358769893646
                ],
                [
                    0.03065391629934311,
                    0.9993746876716614,
                    0.017626000568270683
                ],
                [
                    0.14182385802268982,
                    -0.021804694086313248,
                    0.9896517395973206
                ]
            ],
            [
                [
                    0.9973376989364624,
                    0.026157371699810028,
                    0.06806793808937073
                ],
                [
                    -0.02204331010580063,
                    0.9979244470596313,
                    -0.06050518900156021
                ],
                [
                    -0.06950931996107101,
                    0.058843668550252914,
                    0.9958442449569702
                ]
            ],
            [
                [
                    0.9865239858627319,
                    -0.16211053729057312,
                    -0.02214936539530754
                ],
                [
                    0.16359736025333405,
                    0.9794078469276428,
                    0.11830566078424454
                ],
                [
                    0.002514669205993414,
                    -0.12033494561910629,
                    0.9927302002906799
                ]
            ],
            [
                [
                    0.9920126795768738,
                    0.11313602328300476,
                    -0.055777546018362045
                ],
                [
                    -0.10236985981464386,
                    0.9804522395133972,
                    0.1680293083190918
                ],
                [
                    0.07369738817214966,
                    -0.16097725927829742,
                    0.9842027425765991
                ]
            ],
            [
                [
                    0.9960715770721436,
                    0.07549992948770523,
                    0.04627351090312004
                ],
                [
                    -0.07372082769870758,
                    0.9965152144432068,
                    -0.03902051970362663
                ],
                [
                    -0.04905830696225166,
                    0.03545590490102768,
                    0.9981663823127747
                ]
            ],
            [
                [
                    0.9294008612632751,
                    0.36889663338661194,
                    0.011374067515134811
                ],
                [
                    -0.36851686239242554,
                    0.9292518496513367,
                    -0.026198137551546097
                ],
                [
                    -0.020233776420354843,
                    0.02015703357756138,
                    0.999592125415802
                ]
            ],
            [
                [
                    0.9198766350746155,
                    -0.36993661522865295,
                    0.13028401136398315
                ],
                [
                    0.37346139550209045,
                    0.9276413917541504,
                    -0.002839019987732172
                ],
                [
                    -0.11980657279491425,
                    0.0512675903737545,
                    0.9914726614952087
                ]
            ],
            [
                [
                    0.9969816207885742,
                    0.060679685324430466,
                    0.04843080788850784
                ],
                [
                    -0.045406524091959,
                    0.9617235660552979,
                    -0.27023327350616455
                ],
                [
                    -0.0629747211933136,
                    0.26721855998039246,
                    0.961575984954834
                ]
            ],
            [
                [
                    0.5114670395851135,
                    0.8176500201225281,
                    -0.2642912268638611
                ],
                [
                    -0.8569849133491516,
                    0.5079372525215149,
                    -0.08704301714897156
                ],
                [
                    0.06307263672351837,
                    0.2710132598876953,
                    0.9605069160461426
                ]
            ],
            [
                [
                    0.4442705512046814,
                    -0.7937649488449097,
                    0.4154045879840851
                ],
                [
                    0.8560056090354919,
                    0.5129143595695496,
                    0.06460052728652954
                ],
                [
                    -0.26434460282325745,
                    0.3268885612487793,
                    0.9073399901390076
                ]
            ],
            [
                [
                    0.25396105647087097,
                    -0.3735857307910919,
                    -0.8921533226966858
                ],
                [
                    0.1957378387451172,
                    0.9231600165367126,
                    -0.3308508098125458
                ],
                [
                    0.9472014307975769,
                    -0.09060491621494293,
                    0.30757156014442444
                ]
            ],
            [
                [
                    0.29522693157196045,
                    0.3590375781059265,
                    0.8853999972343445
                ],
                [
                    -0.018962817266583443,
                    0.9287252426147461,
                    -0.37028345465660095
                ],
                [
                    -0.9552389979362488,
                    0.09252797067165375,
                    0.2809930741786957
                ]
            ],
            [
                [
                    0.9895325303077698,
                    -0.13664619624614716,
                    -0.04640344902873039
                ],
                [
                    0.1403457075357437,
                    0.9860925674438477,
                    0.08901972323656082
                ],
                [
                    0.03359388932585716,
                    -0.09460042417049408,
                    0.9949483871459961
                ]
            ],
            [
                [
                    0.9920744895935059,
                    0.11879356950521469,
                    0.040940720587968826
                ],
                [
                    -0.11985162645578384,
                    0.9924911856651306,
                    0.02443072572350502
                ],
                [
                    -0.03773108869791031,
                    -0.029143918305635452,
                    0.9988628029823303
                ]
            ],
            [
                [
                    0.9646064043045044,
                    0.23777131736278534,
                    -0.114014632999897
                ],
                [
                    -0.22254319489002228,
                    0.9659848809242249,
                    0.1317106932401657
                ],
                [
                    0.14145344495773315,
                    -0.10167579352855682,
                    0.984709620475769
                ]
            ],
            [
                [
                    0.9672428369522095,
                    -0.2452259361743927,
                    0.06561680138111115
                ],
                [
                    0.23337598145008087,
                    0.9607077240943909,
                    0.15025411546230316
                ],
                [
                    -0.0998847708106041,
                    -0.13001883029937744,
                    0.9864674806594849
                ]
            ]
        ],
        "betas": [
            -0.029599204659461975,
            -0.05487510561943054,
            0.11414968967437744,
            0.4053037464618683,
            0.04862433671951294,
            -0.011711236089468002,
            -0.008184850215911865,
            0.003178998827934265,
            0.05248884856700897,
            -0.03826373815536499
        ]
    },
    "pred_cam_t": [
        -0.033527158200740814,
        0.16503500938415527,
        33.11799240112305
    ],
    "focal_length": [
        5000.0,
        5000.0
    ],
    "pred_keypoints_3d": [
        [
            0.2555461823940277,
            -0.7301847338676453,
            -0.17852704226970673
        ],
        [
            0.12277969717979431,
            -0.7198382616043091,
            -0.03932151198387146
        ],
        [
            -0.05523160845041275,
            -0.6520723700523376,
            -0.12376883625984192
        ],
        [
            -0.13225224614143372,
            -0.4120829105377197,
            -0.10275579243898392
        ],
        [
            0.05119384825229645,
            -0.28368204832077026,
            -0.22202922403812408
        ],
        [
            0.23059234023094177,
            -0.6051332950592041,
            0.08960318565368652
        ],
        [
            0.16052602231502533,
            -0.3772713243961334,
            0.19187495112419128
        ],
        [
            0.259182870388031,
            -0.23080119490623474,
            0.01779252290725708
        ],
        [
            -0.002074477029964328,
            -0.22746992111206055,
            0.027911029756069183
        ],
        [
            -0.079815573990345,
            -0.14695805311203003,
            0.014801347628235817
        ],
        [
            -0.17155292630195618,
            0.2219022810459137,
            -0.010272970423102379
        ],
        [
            -0.2362755537033081,
            0.5586503744125366,
            0.1891390085220337
        ],
        [
            0.045560527592897415,
            -0.12960204482078552,
            0.06387495994567871
        ],
        [
            0.0218519140034914,
            0.24233922362327576,
            0.07181915640830994
        ],
        [
            -0.05967488884925842,
            0.5517168045043945,
            0.3056568205356598
        ],
        [
            0.23637187480926514,
            -0.7874557971954346,
            -0.1902826726436615
        ],
        [
            0.2842395305633545,
            -0.7738252878189087,
            -0.14602982997894287
        ],
        [
            0.15329210460186005,
            -0.8373175859451294,
            -0.14888408780097961
        ],
        [
            0.26090800762176514,
            -0.8069298267364502,
            -0.05179267004132271
        ],
        [
            -0.044290460646152496,
            0.6921417713165283,
            0.16450268030166626
        ],
        [
            0.01387045532464981,
            0.6801479458808899,
            0.22432288527488708
        ],
        [
            -0.0696069523692131,
            0.5534900426864624,
            0.37434065341949463
        ],
        [
            -0.2104419469833374,
            0.6799526810646057,
            0.03296510875225067
        ],
        [
            -0.2898097336292267,
            0.6603971719741821,
            0.06488397717475891
        ],
        [
            -0.2552124857902527,
            0.5753598213195801,
            0.25759807229042053
        ],
        [
            -0.25373944640159607,
            0.5010157227516174,
            0.18791310489177704
        ],
        [
            -0.15707626938819885,
            0.15908938646316528,
            -0.014728820882737637
        ],
        [
            -0.1351948231458664,
            -0.27980560064315796,
            -0.016074467450380325
        ],
        [
            0.1284501850605011,
            -0.2273520529270172,
            0.09690450876951218
        ],
        [
            0.03761928901076317,
            0.20247997343540192,
            0.06973682343959808
        ],
        [
            -0.04759911447763443,
            0.5104397535324097,
            0.3113531768321991
        ],
        [
            0.05592646077275276,
            -0.3205290138721466,
            -0.21123924851417542
        ],
        [
            -0.12856999039649963,
            -0.43324294686317444,
            -0.14192192256450653
        ],
        [
            -0.015832219272851944,
            -0.6783774495124817,
            -0.10880646854639053
        ],
        [
            0.2141924351453781,
            -0.640078067779541,
            0.07019539177417755
        ],
        [
            0.2112845927476883,
            -0.3951323628425598,
            0.18073150515556335
        ],
        [
            0.2649179697036743,
            -0.25368040800094604,
            0.02307799831032753
        ],
        [
            0.12434981018304825,
            -0.70796799659729,
            -0.03961832448840141
        ],
        [
            0.24501271545886993,
            -0.8555063009262085,
            -0.12453677505254745
        ],
        [
            -0.002749780658632517,
            -0.253643661737442,
            0.041020236909389496
        ],
        [
            0.09845873713493347,
            -0.6568961143493652,
            -0.0221550352871418
        ],
        [
            0.039407387375831604,
            -0.4991350471973419,
            0.019725285470485687
        ],
        [
            0.20886871218681335,
            -0.7473782896995544,
            -0.1141594797372818
        ],
        [
            0.24737867712974548,
            -0.8762927651405334,
            -0.1269170045852661
        ]
    ],
    "pred_vertices": [
        [
            0.3171890377998352,
            -0.8092327117919922,
            -0.15251146256923676
        ],
        [
            0.3085174858570099,
            -0.7953284978866577,
            -0.15676385164260864
        ],
        [
            0.31019964814186096,
            -0.7950659990310669,
            -0.14249442517757416
        ],
        [
            0.3153289258480072,
            -0.8072384595870972,
            -0.13509096205234528
        ],
        [
            0.3053300380706787,
            -0.7854505777359009,
            -0.1463896781206131
        ],
        [
            0.30224865674972534,
            -0.7850388288497925,
            -0.15802434086799622
        ],
        [
            0.30676114559173584,
            -0.7941948175430298,
            -0.12899328768253326
        ],
        [
            0.30916687846183777,
            -0.8039730191230774,
            -0.12002496421337128
        ],
        [
            0.2868061661720276,
            -0.7700235843658447,
            -0.10686961561441422
        ],
        [
            0.28270459175109863,
            -0.7704704403877258,
            -0.09647075831890106
        ],
        [
            0.28947165608406067,
            -0.7797544002532959,
            -0.10111909359693527
        ],
        [
            0.29084181785583496,
            -0.7771898508071899,
            -0.11108884960412979
        ],
        [
            0.2713249623775482,
            -0.7508854866027832,
            -0.09784287214279175
        ],
        [
            0.26642948389053345,
            -0.7400542497634888,
            -0.10497715324163437
        ],
        [
            0.2586526572704315,
            -0.7374621629714966,
            -0.09438320994377136
        ],
        [
            0.26211491227149963,
            -0.748371958732605,
            -0.08717311918735504
        ],
        [
            0.2621306777000427,
            -0.7456818222999573,
            -0.1466946303844452
        ],
        [
            0.2621990144252777,
            -0.7397220134735107,
            -0.1403999775648117
        ],
        [
            0.26794978976249695,
            -0.7447901368141174,
            -0.13920184969902039
        ],
        [
            0.26675355434417725,
            -0.750419020652771,
            -0.14551179111003876
        ],
        [
            0.2636134922504425,
            -0.7521965503692627,
            -0.160119891166687
        ],
        [
            0.26539915800094604,
            -0.7583017945289612,
            -0.15871721506118774
        ],
        [
            0.2666311264038086,
            -0.7596235275268555,
            -0.16652628779411316
        ],
        [
            0.2656567096710205,
            -0.752205491065979,
            -0.16787107288837433
        ],
        [
            0.2556740343570709,
            -0.7424696683883667,
            -0.14886221289634705
        ],
        [
            0.2556498050689697,
            -0.7364903688430786,
            -0.14196307957172394
        ],
        [
            0.262472540140152,
            -0.7503821849822998,
            -0.1525510549545288
        ],
        [
            0.25988543033599854,
            -0.7460882663726807,
            -0.1542627513408661
        ],
        [
            0.2603762149810791,
            -0.7359177470207214,
            -0.1616174727678299
        ],
        [
            0.26306283473968506,
            -0.740242063999176,
            -0.16084995865821838
        ],
        [
            0.2647562325000763,
            -0.7381258010864258,
            -0.16821947693824768
        ],
        [
            0.2607436776161194,
            -0.7341932058334351,
            -0.16710826754570007
        ],
        [
            0.25700899958610535,
            -0.7398624420166016,
            -0.15312254428863525
        ],
        [
            0.26039621233940125,
            -0.7406207323074341,
            -0.1555204689502716
        ],
        [
            0.25800853967666626,
            -0.7367856502532959,
            -0.15775175392627716
        ],
        [
            0.254146546125412,
            -0.7370771169662476,
            -0.15592148900032043
        ],
        [
            0.26246315240859985,
            -0.7473142147064209,
            -0.16121429204940796
        ],
        [
            0.265130877494812,
            -0.7455990314483643,
            -0.16848355531692505
        ],
        [
            0.26681411266326904,
            -0.7437276840209961,
            -0.1764228343963623
        ],
        [
            0.264990895986557,
            -0.7349535226821899,
            -0.17580819129943848
        ],
        [
            0.2596137523651123,
            -0.7299957275390625,
            -0.12466251105070114
        ],
        [
            0.26183274388313293,
            -0.734266996383667,
            -0.13293322920799255
        ],
        [
            0.25569671392440796,
            -0.7313728928565979,
            -0.13512402772903442
        ],
        [
            0.25474807620048523,
            -0.7275001406669617,
            -0.1283757984638214
        ],
        [
            0.251531720161438,
            -0.7362487316131592,
            -0.15190383791923523
        ],
        [
            0.24607767164707184,
            -0.722580075263977,
            -0.14504405856132507
        ],
        [
            0.24832476675510406,
            -0.725494921207428,
            -0.1460723578929901
        ],
        [
            0.24664029479026794,
            -0.7251511812210083,
            -0.15314945578575134
        ],
        [
            0.2448902279138565,
            -0.7224016189575195,
            -0.15162329375743866
        ],
        [
            0.251139760017395,
            -0.722219705581665,
            -0.11132864654064178
        ],
        [
            0.2488873451948166,
            -0.720085859298706,
            -0.11789969354867935
        ],
        [
            0.24426238238811493,
            -0.7158315181732178,
            -0.11390750855207443
        ],
        [
            0.24471817910671234,
            -0.717860996723175,
            -0.1066487729549408
        ],
        [
            0.23911897838115692,
            -0.712222695350647,
            -0.11337197571992874
        ],
        [
            0.23808255791664124,
            -0.7136536836624146,
            -0.10335372388362885
        ],
        [
            0.22456349432468414,
            -0.7036721110343933,
            -0.10585546493530273
        ],
        [
            0.2308673858642578,
            -0.7081475257873535,
            -0.10414054989814758
        ],
        [
            0.23371292650699615,
            -0.7081621289253235,
            -0.11484762281179428
        ],
        [
            0.2289145588874817,
            -0.7032548189163208,
            -0.1192014142870903
        ],
        [
            0.227299302816391,
            -0.7046347260475159,
            -0.13423612713813782
        ],
        [
            0.22398222982883453,
            -0.7032923698425293,
            -0.13962076604366302
        ],
        [
            0.21988454461097717,
            -0.6936690807342529,
            -0.13167953491210938
        ],
        [
            0.2241213023662567,
            -0.6974458694458008,
            -0.12576153874397278
        ],
        [
            0.24069440364837646,
            -0.7202196717262268,
            -0.14053219556808472
        ],
        [
            0.24197447299957275,
            -0.7211410999298096,
            -0.13594913482666016
        ],
        [
            0.24410948157310486,
            -0.720991313457489,
            -0.1376708745956421
        ],
        [
            0.24358487129211426,
            -0.7207776308059692,
            -0.1429910957813263
        ],
        [
            0.24326816201210022,
            -0.7214248180389404,
            -0.1321479082107544
        ],
        [
            0.2438534051179886,
            -0.7213950157165527,
            -0.13043510913848877
        ],
        [
            0.24503260850906372,
            -0.7217333316802979,
            -0.13174745440483093
        ],
        [
            0.24391379952430725,
            -0.7217016220092773,
            -0.13277052342891693
        ],
        [
            0.2427326887845993,
            -0.7214134931564331,
            -0.1344502866268158
        ],
        [
            0.2412649691104889,
            -0.7197955846786499,
            -0.1348724365234375
        ],
        [
            0.24252769351005554,
            -0.7206507921218872,
            -0.13285031914710999
        ],
        [
            0.23989376425743103,
            -0.7181329727172852,
            -0.13895639777183533
        ],
        [
            0.23401308059692383,
            -0.7143357992172241,
            -0.15232934057712555
        ],
        [
            0.23636168241500854,
            -0.7146486043930054,
            -0.14873409271240234
        ],
        [
            0.23712676763534546,
            -0.7190850377082825,
            -0.15037128329277039
        ],
        [
            0.23527805507183075,
            -0.7190290093421936,
            -0.15360873937606812
        ],
        [
            0.24568898975849152,
            -0.7225755453109741,
            -0.13479755818843842
        ],
        [
            0.24810440838336945,
            -0.72356116771698,
            -0.1329856514930725
        ],
        [
            0.24878740310668945,
            -0.7244182229042053,
            -0.1386154294013977
        ],
        [
            0.24624916911125183,
            -0.7227538824081421,
            -0.13829892873764038
        ],
        [
            0.25086191296577454,
            -0.7246829271316528,
            -0.13140453398227692
        ],
        [
            0.2468707412481308,
            -0.7226952314376831,
            -0.13007619976997375
        ],
        [
            0.24894671142101288,
            -0.7231106758117676,
            -0.1278730034828186
        ],
        [
            0.24255520105361938,
            -0.7200642824172974,
            -0.13031601905822754
        ],
        [
            0.24274282157421112,
            -0.7191203832626343,
            -0.12697382271289825
        ],
        [
            0.24504058063030243,
            -0.7205634117126465,
            -0.12796470522880554
        ],
        [
            0.23991602659225464,
            -0.71654212474823,
            -0.12776532769203186
        ],
        [
            0.24046798050403595,
            -0.7183190584182739,
            -0.13221478462219238
        ],
        [
            0.23859786987304688,
            -0.7158106565475464,
            -0.13597947359085083
        ],
        [
            0.23645469546318054,
            -0.7132827639579773,
            -0.1409926414489746
        ],
        [
            0.23394599556922913,
            -0.7107218503952026,
            -0.13592848181724548
        ],
        [
            0.23701328039169312,
            -0.7134630084037781,
            -0.1310548335313797
        ],
        [
            0.25162473320961,
            -0.7277863025665283,
            -0.137915700674057
        ],
        [
            0.24663981795310974,
            -0.7202863693237305,
            -0.1235872283577919
        ],
        [
            0.2524269223213196,
            -0.7246485948562622,
            -0.12299764156341553
        ],
        [
            0.2434602975845337,
            -0.7170867919921875,
            -0.12157266587018967
        ],
        [
            0.23951072990894318,
            -0.7140558958053589,
            -0.12155477702617645
        ],
        [
            0.2352985441684723,
            -0.7107313871383667,
            -0.12431801855564117
        ],
        [
            0.23131348192691803,
            -0.7073239088058472,
            -0.1290331333875656
        ],
        [
            0.21117261052131653,
            -0.6923567652702332,
            -0.12003155052661896
        ],
        [
            0.2177141010761261,
            -0.6969461441040039,
            -0.1135435551404953
        ],
        [
            0.29542315006256104,
            -0.7807813882827759,
            -0.15529029071331024
        ],
        [
            0.2995678186416626,
            -0.7799872159957886,
            -0.1472771167755127
        ],
        [
            0.2931038737297058,
            -0.776485800743103,
            -0.14141960442066193
        ],
        [
            0.29578158259391785,
            -0.7779638171195984,
            -0.14059215784072876
        ],
        [
            0.2943420708179474,
            -0.7783353328704834,
            -0.14704912900924683
        ],
        [
            0.29206278920173645,
            -0.7765536904335022,
            -0.14600688219070435
        ],
        [
            0.2906801402568817,
            -0.7766890525817871,
            -0.11969970911741257
        ],
        [
            0.29063573479652405,
            -0.7764202356338501,
            -0.12663276493549347
        ],
        [
            0.28803443908691406,
            -0.7742483615875244,
            -0.12433596700429916
        ],
        [
            0.2880151569843292,
            -0.7714389562606812,
            -0.11613424122333527
        ],
        [
            0.28231194615364075,
            -0.7657068371772766,
            -0.13186539709568024
        ],
        [
            0.2843245267868042,
            -0.7677940726280212,
            -0.12711191177368164
        ],
        [
            0.28666621446609497,
            -0.7721798419952393,
            -0.133436381816864
        ],
        [
            0.28529295325279236,
            -0.7706344723701477,
            -0.1369124799966812
        ],
        [
            0.2834189832210541,
            -0.7699013948440552,
            -0.14070048928260803
        ],
        [
            0.2811741828918457,
            -0.7700193524360657,
            -0.14455440640449524
        ],
        [
            0.27815428376197815,
            -0.7660890817642212,
            -0.14238083362579346
        ],
        [
            0.28023460507392883,
            -0.7653707265853882,
            -0.13731510937213898
        ],
        [
            0.29110151529312134,
            -0.7797848582267761,
            -0.15263433754444122
        ],
        [
            0.2855897545814514,
            -0.7806854844093323,
            -0.15729522705078125
        ],
        [
            0.2844378650188446,
            -0.7785001993179321,
            -0.15498875081539154
        ],
        [
            0.2892823815345764,
            -0.7773953676223755,
            -0.1512703001499176
        ],
        [
            0.2713056802749634,
            -0.7782728672027588,
            -0.15683549642562866
        ],
        [
            0.27407100796699524,
            -0.7793570756912231,
            -0.15742839872837067
        ],
        [
            0.27303361892700195,
            -0.7804440259933472,
            -0.16108126938343048
        ],
        [
            0.26949411630630493,
            -0.7775839567184448,
            -0.15979430079460144
        ],
        [
            0.2693895101547241,
            -0.7747293710708618,
            -0.15736740827560425
        ],
        [
            0.2714334726333618,
            -0.7764625549316406,
            -0.15571756660938263
        ],
        [
            0.3216680884361267,
            -0.8286441564559937,
            -0.16363012790679932
        ],
        [
            0.3135959506034851,
            -0.8118228912353516,
            -0.16799171268939972
        ],
        [
            0.3223005533218384,
            -0.8268671631813049,
            -0.1430463194847107
        ],
        [
            0.3172958195209503,
            -0.8228816986083984,
            -0.1258355975151062
        ],
        [
            0.3107379972934723,
            -0.8154908418655396,
            -0.11007881164550781
        ],
        [
            0.2546564042568207,
            -0.7283716797828674,
            -0.1030452772974968
        ],
        [
            0.24763861298561096,
            -0.7245657444000244,
            -0.09560736268758774
        ],
        [
            0.25055670738220215,
            -0.7356293201446533,
            -0.08456805348396301
        ],
        [
            0.2413073182106018,
            -0.7304245829582214,
            -0.07979574054479599
        ],
        [
            0.2387966513633728,
            -0.7190456986427307,
            -0.09160132706165314
        ],
        [
            0.21913468837738037,
            -0.7073422074317932,
            -0.09398972988128662
        ],
        [
            0.22925856709480286,
            -0.7127730846405029,
            -0.09090783447027206
        ],
        [
            0.23045414686203003,
            -0.725821852684021,
            -0.07662815600633621
        ],
        [
            0.23451098799705505,
            -0.7426433563232422,
            -0.0645667016506195
        ],
        [
            0.2441253364086151,
            -0.7437726259231567,
            -0.07045672833919525
        ],
        [
            0.23869876563549042,
            -0.7614649534225464,
            -0.057773809880018234
        ],
        [
            0.2222190499305725,
            -0.7428911924362183,
            -0.058080822229385376
        ],
        [
            0.23180803656578064,
            -0.7659894227981567,
            -0.05376336723566055
        ],
        [
            0.19836613535881042,
            -0.7149778008460999,
            -0.06424441188573837
        ],
        [
            0.19392991065979004,
            -0.7081127166748047,
            -0.05876772850751877
        ],
        [
            0.1975528597831726,
            -0.7189961671829224,
            -0.04352091625332832
        ],
        [
            0.20278863608837128,
            -0.7258619070053101,
            -0.04882514104247093
        ],
        [
            0.25324952602386475,
            -0.7457821369171143,
            -0.07707332074642181
        ],
        [
            0.29284846782684326,
            -0.7918786406517029,
            -0.09746600687503815
        ],
        [
            0.29539310932159424,
            -0.7863575220108032,
            -0.10804509371519089
        ],
        [
            0.2849311828613281,
            -0.7836998701095581,
            -0.09060607850551605
        ],
        [
            0.3165779411792755,
            -0.8493863344192505,
            -0.1005779355764389
        ],
        [
            0.3194654583930969,
            -0.8369473218917847,
            -0.11431633681058884
        ],
        [
            0.31245338916778564,
            -0.8273668885231018,
            -0.1008833795785904
        ],
        [
            0.311022013425827,
            -0.840236246585846,
            -0.08952660858631134
        ],
        [
            0.3203330934047699,
            -0.8775496482849121,
            -0.13615117967128754
        ],
        [
            0.32483336329460144,
            -0.8538953065872192,
            -0.15048222243785858
        ],
        [
            0.32318785786628723,
            -0.8467886447906494,
            -0.13356763124465942
        ],
        [
            0.32029297947883606,
            -0.8649611473083496,
            -0.12055256217718124
        ],
        [
            0.3061506152153015,
            -0.8483662605285645,
            -0.0798150971531868
        ],
        [
            0.29803192615509033,
            -0.8599555492401123,
            -0.06733308732509613
        ],
        [
            0.3003591299057007,
            -0.8772473335266113,
            -0.07029031962156296
        ],
        [
            0.31062549352645874,
            -0.8651930093765259,
            -0.08677104860544205
        ],
        [
            0.2988929748535156,
            -0.8995734453201294,
            -0.08038020133972168
        ],
        [
            0.3117607533931732,
            -0.8853281736373901,
            -0.10012813657522202
        ],
        [
            0.21835796535015106,
            -0.7609328031539917,
            -0.04527059197425842
        ],
        [
            0.22724701464176178,
            -0.7775875329971313,
            -0.0474410206079483
        ],
        [
            0.21046721935272217,
            -0.7332515716552734,
            -0.05575641244649887
        ],
        [
            0.21024177968502045,
            -0.7477221488952637,
            -0.04242420941591263
        ],
        [
            0.2918480634689331,
            -0.9183485507965088,
            -0.09406127035617828
        ],
        [
            0.3084266185760498,
            -0.9020479917526245,
            -0.11708422750234604
        ],
        [
            0.2545095682144165,
            -0.8719372153282166,
            -0.035537853837013245
        ],
        [
            0.2697210907936096,
            -0.8813455700874329,
            -0.04468928277492523
        ],
        [
            0.2748565077781677,
            -0.8609429001808167,
            -0.0470549613237381
        ],
        [
            0.26015037298202515,
            -0.8551338911056519,
            -0.03812593221664429
        ],
        [
            0.24501827359199524,
            -0.889876127243042,
            -0.036298029124736786
        ],
        [
