{
    "pred_cam": [
        1.6945072412490845,
        0.06768006086349487,
        0.39550092816352844
    ],
    "pred_smpl_params": {
        "global_orient": [
            [
                [
                    -0.9992784261703491,
                    -0.02218789979815483,
                    0.030826564878225327
                ],
                [
                    0.017125828191637993,
                    -0.9876521229743958,
                    -0.15572451055049896
                ],
                [
                    0.033901117742061615,
                    -0.15508422255516052,
                    0.9873194694519043
                ]
            ]
        ],
        "body_pose": [
            [
                [
                    0.9999843239784241,
                    -0.005086919758468866,
                    0.0023297814186662436
                ],
                [
                    0.004405985586345196,
                    0.9725949168205261,
                    0.23246464133262634
                ],
                [
                    -0.003448461415246129,
                    -0.23245075345039368,
                    0.9726020693778992
                ]
            ],
            [
                [
                    0.9936030507087708,
                    -0.10099448263645172,
                    0.05052792653441429
                ],
                [
                    0.08571578562259674,
                    0.9657723903656006,
                    0.24481944739818573
                ],
                [
                    -0.07352388650178909,
                    -0.23892231285572052,
                    0.9682512283325195
                ]
            ],
            [
                [
                    0.9986608624458313,
                    0.035545773804187775,
                    -0.037589747458696365
                ],
                [
                    -0.04198424518108368,
                    0.9813886880874634,
                    -0.18738627433776855
                ],
                [
                    0.0302293598651886,
                    0.18871350586414337,
                    0.981566846370697
                ]
            ],
            [
                [
                    0.9887346029281616,
                    0.05237536504864693,
                    -0.140217125415802
                ],
                [
                    -0.14894016087055206,
                    0.2512561082839966,
                    -0.9563929438591003
                ],
                [
                    -0.014861028641462326,
                    0.9665026068687439,
                    0.25622639060020447
                ]
            ],
            [
                [
                    0.9834368824958801,
                    -0.09326647967100143,
                    0.15541358292102814
                ],
                [
                    0.17895559966564178,
                    0.36360079050064087,
                    -0.9142041802406311
                ],
                [
                    0.02875610627233982,
                    0.9268741607666016,
                    0.3742689788341522
                ]
            ],
            [
                [
                    0.9999054670333862,
                    -0.011930656619369984,
                    -0.006836668122559786
                ],
                [
                    0.012240408919751644,
                    0.9988097548484802,
                    0.047215137630701065
                ],
                [
                    0.006265223026275635,
                    -0.04729435592889786,
                    0.9988613724708557
                ]
            ],
            [
                [
                    0.9759442210197449,
                    -0.10167431086301804,
                    0.19286099076271057
                ],
                [
                    0.05396122857928276,
                    0.9697242975234985,
                    0.23816581070423126
                ],
                [
                    -0.2112373262643814,
                    -0.22202949225902557,
                    0.9518833160400391
                ]
            ],
            [
                [
                    0.9664562344551086,
                    0.14134491980075836,
                    -0.21443846821784973
                ],
                [
                    -0.1079077273607254,
                    0.9811396598815918,
                    0.16037708520889282
                ],
                [
                    0.23306258022785187,
                    -0.13185788691043854,
                    0.9634807705879211
                ]
            ],
            [
                [
                    0.9996991157531738,
                    -0.005666844081133604,
                    -0.023862460628151894
                ],
                [
                    0.003706588177010417,
                    0.9966742992401123,
                    -0.08140441030263901
                ],
                [
                    0.024244405329227448,
                    0.08129148185253143,
                    0.9963954091072083
                ]
            ],
            [
                [
                    0.9973125457763672,
                    0.03758671134710312,
                    -0.06288912147283554
                ],
                [
                    -0.02856084145605564,
                    0.9899202585220337,
                    0.13871628046035767
                ],
                [
                    0.06746910512447357,
                    -0.13654731214046478,
                    0.9883334040641785
                ]
            ],
            [
                [
                    0.9996461868286133,
                    -0.015936871990561485,
                    -0.02129538170993328
                ],
                [
                    0.018672997131943703,
                    0.9906459450721741,
                    0.1351737380027771
                ],
                [
                    0.018941935151815414,
                    -0.13552357256412506,
                    0.9905930161476135
                ]
            ],
            [
                [
                    0.8780245780944824,
                    -0.10404432564973831,
                    -0.4671695828437805
                ],
                [
                    0.0681699886918068,
                    0.993320107460022,
                    -0.0931018814444542
                ],
                [
                    0.4737356901168823,
                    0.049898795783519745,
                    0.8792521953582764
                ]
            ],
            [
                [
                    0.9233006238937378,
                    0.38305991888046265,
                    0.027949081733822823
                ],
                [
                    -0.3826068639755249,
                    0.923688530921936,
                    -0.020284339785575867
                ],
                [
                    -0.03358636423945427,
                    0.008035031147301197,
                    0.9994035363197327
                ]
            ],
            [
                [
                    0.9258429408073425,
                    -0.37737730145454407,
                    0.020028220489621162
                ],
                [
                    0.37742435932159424,
                    0.9260391592979431,
                    0.001520385849289596
                ],
                [
                    -0.019120676442980766,
                    0.006151500623673201,
                    0.9997982382774353
                ]
            ],
            [
                [
                    0.9193317890167236,
                    -0.22564320266246796,
                    -0.3223571181297302
                ],
                [
                    0.11867459863424301,
                    0.9400928020477295,
                    -0.31959646940231323
                ],
                [
                    0.3751603364944458,
                    0.25555962324142456,
                    0.8910353183746338
                ]
            ],
            [
                [
                    0.5844058990478516,
                    0.7919215559959412,
                    -0.1770026981830597
                ],
                [
                    -0.8036414384841919,
                    0.5950470566749573,
                    0.008914274163544178
                ],
                [
                    0.11238434910774231,
                    0.13703714311122894,
                    0.9841699600219727
                ]
            ],
            [
                [
                    0.505916953086853,
                    -0.8324635028839111,
                    0.22594793140888214
                ],
                [
                    0.8573651909828186,
                    0.5140645503997803,
                    -0.025738518685102463
                ],
                [
                    -0.09472545981407166,
                    0.20674145221710205,
                    0.9737991690635681
                ]
            ],
            [
                [
                    0.8951005339622498,
                    -0.17950968444347382,
                    -0.40813136100769043
                ],
                [
                    0.18706859648227692,
                    0.9821073412895203,
                    -0.02169041521847248
                ],
                [
                    0.4047224521636963,
                    -0.05693347752094269,
                    0.9126654267311096
                ]
            ],
            [
                [
                    0.7722150087356567,
                    0.252232164144516,
                    0.583149254322052
                ],
                [
                    -0.10330573469400406,
                    0.9554545283317566,
                    -0.2764681279659271
                ],
                [
                    -0.6269067525863647,
                    0.15325017273426056,
                    0.7638733386993408
                ]
            ],
            [
                [
                    0.998359203338623,
                    0.04492514580488205,
                    0.03550660237669945
                ],
                [
                    -0.04196133464574814,
                    0.9958938956260681,
                    -0.08021600544452667
                ],
                [
                    -0.03896452486515045,
                    0.07859447598457336,
                    0.9961449503898621
                ]
            ],
            [
                [
                    0.9996334314346313,
                    0.004688364919275045,
                    -0.026663685217499733
                ],
                [
                    -0.00674291979521513,
                    0.9969698190689087,
                    -0.0774957686662674
                ],
                [
                    0.02621956542134285,
                    0.07764715701341629,
                    0.9966359734535217
                ]
            ],
            [
                [
                    0.9586655497550964,
                    0.27068910002708435,
                    -0.08767998218536377
                ],
                [
                    -0.25347548723220825,
                    0.9524573683738708,
                    0.16904203593730927
                ],
                [
                    0.12926927208900452,
                    -0.13983005285263062,
                    0.981701135635376
                ]
            ],
            [
                [
                    0.9710946083068848,
                    -0.22688695788383484,
                    0.07414670288562775
                ],
                [
                    0.21126705408096313,
                    0.9615615010261536,
                    0.17540176212787628
                ],
                [
                    -0.11109297722578049,
                    -0.15466691553592682,
                    0.9817009568214417
                ]
            ]
        ],
        "betas": [
            -0.22641652822494507,
            -0.19288870692253113,
            0.10205233097076416,
            0.22141431272029877,
            0.1470659375190735,
            0.09752307087182999,
            -0.03588339686393738,
            -0.1424216330051422,
            0.1269504725933075,
            -0.07392746210098267
        ]
    },
    "pred_cam_t": [
        0.06768006086349487,
        0.39550092816352844,
        23.05242347717285
    ],
    "focal_length": [
        5000.0,
        5000.0
    ],
    "pred_keypoints_3d": [
        [
            0.1047600731253624,
            -0.7976556420326233,
            0.0958869606256485
        ],
        [
            -0.025155745446681976,
            -0.7292442917823792,
            -0.013617489486932755
        ],
        [
            0.1559525728225708,
            -0.6356979012489319,
            -0.0403442457318306
        ],
        [
            0.19251415133476257,
            -0.3886602222919464,
            -0.05884341895580292
        ],
        [
            0.24007928371429443,
            -0.2024986296892166,
            0.10193638503551483
        ],
        [
            -0.197188138961792,
            -0.6249157190322876,
            -0.0036597750149667263
        ],
        [
            -0.24187630414962769,
            -0.37301725149154663,
            -0.02194243110716343
        ],
        [
            -0.31324881315231323,
            -0.17028330266475677,
            0.09498073905706406
        ],
        [
            -0.001772402785718441,
            -0.2241567075252533,
            0.028734546154737473
        ],
        [
            0.06815754622220993,
            -0.13551953434944153,
            0.03626435622572899
        ],
        [
            0.07782763987779617,
            0.21361055970191956,
            0.17544516921043396
        ],
        [
            0.03575056791305542,
            0.4498727321624756,
            -0.13347983360290527
        ],
        [
            -0.06987389922142029,
            -0.1318647563457489,
            0.03844580799341202
        ],
        [
            -0.09374130517244339,
            0.20928943157196045,
            0.17421597242355347
        ],
        [
            -0.07383834570646286,
            0.4057719111442566,
            -0.1630435585975647
        ],
        [
            0.10840821266174316,
            -0.842208981513977,
            0.05455492436885834
        ],
        [
            0.07538682967424393,
            -0.8472181558609009,
            0.11135046184062958
        ],
        [
            0.04993699491024017,
            -0.8540120720863342,
            -0.028419233858585358
        ],
        [
            -0.02621711790561676,
            -0.8658114671707153,
            0.09559516608715057
        ],
        [
            -0.07321193069219589,
            0.5640064477920532,
            -0.04913574457168579
        ],
        [
            -0.14007799327373505,
            0.5403925180435181,
            -0.09136199951171875
        ],
        [
            -0.08353324979543686,
            0.38933905959129333,
            -0.22892296314239502
        ],
        [
            0.023529071360826492,
            0.6012124419212341,
            -0.008210062980651855
        ],
        [
            0.09570040553808212,
            0.5800408124923706,
            -0.048902928829193115
        ],
        [
            0.042612191289663315,
            0.44940096139907837,
            -0.20505934953689575
        ],
        [
            0.06623754650354385,
            0.4006426930427551,
            -0.11782394349575043
        ],
        [
            0.0796135887503624,
            0.1589076668024063,
            0.16956917941570282
        ],
        [
            0.14639019966125488,
            -0.25568488240242004,
            0.006379914935678244
        ],
        [
            -0.15189146995544434,
            -0.2333812266588211,
            0.005587234161794186
        ],
        [
            -0.10596534609794617,
            0.1755465269088745,
            0.17105695605278015
        ],
        [
            -0.08719529211521149,
            0.3648222088813782,
            -0.15223906934261322
        ],
        [
            0.22506827116012573,
            -0.23332920670509338,
            0.11330443620681763
        ],
        [
            0.22150444984436035,
            -0.4123620092868805,
            -0.040469810366630554
        ],
        [
            0.1196289211511612,
            -0.6675500273704529,
            -0.04019440710544586
        ],
        [
            -0.16716989874839783,
            -0.657508909702301,
            -0.008647287264466286
        ],
        [
            -0.2749900221824646,
            -0.40232348442077637,
            0.003461203770712018
        ],
        [
            -0.3155336081981659,
            -0.1898292601108551,
            0.10114023089408875
        ],
        [
            -0.024316778406500816,
            -0.719915509223938,
            -0.009670200757682323
        ],
        [
            0.038849011063575745,
            -0.9061964750289917,
            0.0487569235265255
        ],
        [
            -0.003391542239114642,
            -0.24440230429172516,
            0.006185533013194799
        ],
        [
            -0.02322106808423996,
            -0.6614705324172974,
            -0.02122940681874752
        ],
        [
            -0.01659584604203701,
            -0.4857836067676544,
            -0.026100749149918556
        ],
        [
            0.03557448089122772,
            -0.7935217022895813,
            0.06264275312423706
        ],
        [
            0.04061545804142952,
            -0.9257283806800842,
            0.04098941758275032
        ]
    ],
    "pred_vertices": [
        [
            0.08077289164066315,
            -0.8930567502975464,
            0.12584087252616882
        ],
        [
            0.08487121760845184,
            -0.8769451379776001,
            0.12271544337272644
        ],
        [
            0.07089252769947052,
            -0.8770148158073425,
            0.12739920616149902
        ],
        [
            0.06349574774503708,
            -0.8907029628753662,
            0.12778112292289734
        ],
        [
            0.07506455481052399,
            -0.8663844466209412,
            0.12587107717990875
        ],
        [
            0.08677742630243301,
            -0.8647611737251282,
            0.12133918702602386
        ],
        [
            0.05720964074134827,
            -0.8748587369918823,
            0.12678959965705872
        ],
        [
            0.04842124879360199,
            -0.8847217559814453,
            0.12618602812290192
        ],
        [
            0.036051660776138306,
            -0.8439761400222778,
            0.12310750782489777
        ],
        [
            0.024832025170326233,
            -0.8420873880386353,
            0.12072914838790894
        ],
        [
            0.028907902538776398,
            -0.8532337546348572,
            0.12354739010334015
        ],
        [
            0.0393778532743454,
            -0.8521775603294373,
            0.12372763454914093
        ],
        [
            0.025942005217075348,
            -0.8202062845230103,
            0.11754712462425232
        ],
        [
            0.03386733680963516,
            -0.8086841106414795,
            0.11609122157096863
        ],
        [
            0.021787673234939575,
            -0.8028746843338013,
            0.11187215149402618
        ],
        [
            0.014157354831695557,
            -0.8139888048171997,
            0.11187174171209335
        ],
        [
            0.07462556660175323,
            -0.8131566643714905,
            0.10230240970849991
        ],
        [
            0.06893627345561981,
            -0.8075645565986633,
            0.10617514699697495
        ],
        [
            0.06827041506767273,
            -0.814332127571106,
            0.10963453352451324
        ],
        [
            0.07389917224645615,
            -0.8192076683044434,
            0.1049436703324318
        ],
        [
            0.08663499355316162,
            -0.8199941515922546,
            0.09832699596881866
        ],
        [
            0.08501509577035904,
            -0.8261891603469849,
            0.09794699400663376
        ],
        [
            0.09264475107192993,
            -0.828206479549408,
            0.09676641970872879
        ],
        [
            0.09439486265182495,
            -0.8210932016372681,
            0.09842099249362946
        ],
        [
            0.07595952600240707,
            -0.8078439235687256,
            0.09712812304496765
        ],
        [
            0.069663405418396,
            -0.8021595478057861,
            0.10120750963687897
        ],
        [
            0.0799756795167923,
            -0.8177698254585266,
            0.0992579460144043
        ],
        [
            0.08096245676279068,
            -0.812744140625,
            0.09874455630779266
        ],
        [
            0.08883030712604523,
            -0.8041945695877075,
            0.1010071337223053
        ],
        [
            0.08823364228010178,
            -0.8091192841529846,
            0.10187109559774399
        ],
        [
            0.09586066752672195,
            -0.8081289529800415,
            0.10265785455703735
        ],
        [
            0.09446356445550919,
            -0.8030600547790527,
            0.10078907012939453
        ],
        [
            0.08008036017417908,
            -0.8062179088592529,
            0.09832926094532013
        ],
        [
            0.08279897272586823,
            -0.808171272277832,
            0.10053946077823639
        ],
        [
            0.08487219363451004,
            -0.8038766384124756,
            0.09941262006759644
        ],
        [
            0.08239836990833282,
            -0.8026669025421143,
            0.09637442231178284
        ],
        [
            0.08810901641845703,
            -0.8151706457138062,
            0.09900683909654617
        ],
        [
            0.09560207277536392,
            -0.814949631690979,
            0.10024908185005188
        ],
        [
            0.10361763834953308,
            -0.8142583966255188,
            0.10083216428756714
        ],
        [
            0.103111132979393,
            -0.8056056499481201,
            0.10289698839187622
        ],
        [
            0.05339372903108597,
            -0.7972832322120667,
            0.11066101491451263
        ],
        [
            0.062125638127326965,
            -0.802185595035553,
            0.10936713963747025
        ],
        [
            0.0633716806769371,
            -0.7972266674041748,
            0.1048315167427063
        ],
        [
            0.05662933737039566,
            -0.7931796312332153,
            0.10675401985645294
        ],
        [
            0.07801613956689835,
            -0.8007078170776367,
            0.09549732506275177
        ],
        [
            0.0710376724600792,
            -0.7860912680625916,
            0.09765179455280304
        ],
        [
            0.07227696478366852,
            -0.7895588874816895,
            0.09836355596780777
        ],
        [
            0.07886045426130295,
            -0.7888559103012085,
            0.09541919082403183
        ],
        [
            0.07724594324827194,
            -0.7857168912887573,
            0.09527792036533356
        ],
        [
            0.03887727111577988,
            -0.7866125106811523,
            0.10835302621126175
        ],
        [
            0.04546421766281128,
            -0.7838984727859497,
            0.10627605766057968
        ],
        [
            0.040704160928726196,
            -0.7782293558120728,
            0.10440099984407425
        ],
        [
            0.03270254284143448,
            -0.7799537181854248,
            0.10518640279769897
        ],
        [
            0.03843769431114197,
            -0.7731450796127319,
            0.10146360099315643
        ],
        [
            0.027558758854866028,
            -0.7735395431518555,
            0.10155284404754639
        ],
        [
            0.028252899646759033,
            -0.7601558566093445,
            0.09307020157575607
        ],
        [
            0.027212031185626984,
            -0.7661604881286621,
            0.09719835221767426
        ],
        [
            0.03918324410915375,
            -0.767715334892273,
            0.09801289439201355
        ],
        [
            0.043119728565216064,
            -0.7619907855987549,
            0.09504915773868561
        ],
        [
            0.05921391397714615,
            -0.7628293037414551,
            0.08993607759475708
        ],
        [
            0.0640261247754097,
            -0.7604724764823914,
            0.0866338312625885
        ],
        [
            0.05584729462862015,
            -0.7505071759223938,
            0.08839648962020874
        ],
        [
            0.049418359994888306,
            -0.7553514242172241,
            0.09179767221212387
        ],
        [
            0.06638681143522263,
            -0.7819921970367432,
            0.09420065581798553
        ],
        [
            0.06209658086299896,
            -0.7831499576568604,
            0.09584599733352661
        ],
        [
            0.06425273418426514,
            -0.7838644981384277,
            0.09746246039867401
        ],
        [
            0.06945683807134628,
            -0.7836326956748962,
            0.09597468376159668
        ],
        [
            0.05865982919931412,
            -0.7836002111434937,
            0.09779036045074463
        ],
        [
            0.0571112185716629,
            -0.7836345434188843,
            0.09874720871448517
        ],
        [
            0.05860317498445511,
            -0.7844894528388977,
            0.09934130311012268
        ],
        [
            0.059675537049770355,
            -0.7841179370880127,
            0.09801936149597168
        ],
        [
            0.06107402592897415,
            -0.78351229429245,
            0.09672802686691284
        ],
        [
            0.061277784407138824,
            -0.7815767526626587,
            0.0959625318646431
        ],
        [
            0.05921047925949097,
            -0.7827027440071106,
            0.09729163348674774
        ],
        [
            0.06513103097677231,
            -0.7798142433166504,
            0.09450390934944153
        ],
        [
            0.07671362906694412,
            -0.7743104696273804,
            0.0888914093375206
        ],
        [
            0.07414405047893524,
            -0.7756266593933105,
            0.09087905287742615
        ],
        [
            0.07570609450340271,
            -0.779772162437439,
            0.08969900012016296
        ],
        [
            0.07778637111186981,
            -0.7790047526359558,
            0.08801033347845078
        ],
        [
            0.06124642491340637,
            -0.7855825424194336,
            0.09924808144569397
        ],
        [
            0.0601736381649971,
            -0.7873775362968445,
            0.1011185571551323
        ],
        [
            0.06580595672130585,
            -0.7886712551116943,
            0.10017254948616028
        ],
        [
            0.06504219025373459,
            -0.7862483263015747,
            0.09858354926109314
        ],
        [
            0.05928407609462738,
            -0.7893297076225281,
            0.10350620001554489
        ],
        [
            0.05724204331636429,
            -0.7858896255493164,
            0.10105425119400024
        ],
        [
            0.054762184619903564,
            -0.786869466304779,
            0.10362741351127625
        ],
        [
            0.05681762099266052,
            -0.781976044178009,
            0.09815870225429535
        ],
        [
            0.053635530173778534,
            -0.7809302806854248,
            0.09946557134389877
        ],
        [
            0.055002935230731964,
            -0.7831124067306519,
            0.10072696208953857
        ],
        [
            0.05400495231151581,
            -0.7777453064918518,
            0.09767978638410568
        ],
        [
            0.05841543525457382,
            -0.7797940373420715,
            0.09652601182460785
        ],
        [
            0.061908453702926636,
            -0.7771552801132202,
            0.09494498372077942
        ],
        [
            0.06669674068689346,
            -0.7743434906005859,
            0.09297166764736176
        ],
        [
            0.061499401926994324,
            -0.7708522081375122,
            0.09295347332954407
        ],
        [
            0.05692730098962784,
            -0.7741925120353699,
            0.0955718457698822
        ],
        [
            0.06489979475736618,
            -0.7924802303314209,
            0.10219432413578033
        ],
        [
            0.05096465349197388,
            -0.7833185195922852,
            0.10314421355724335
        ],
        [
            0.05096273124217987,
            -0.7895578742027283,
            0.10677243769168854
        ],
        [
            0.04854274541139603,
            -0.7791634798049927,
            0.10193391144275665
        ],
        [
            0.047809503972530365,
            -0.7750554084777832,
            0.09949204325675964
        ],
        [
            0.04901093244552612,
            -0.7709852457046509,
            0.09676375985145569
        ],
        [
            0.054266735911369324,
            -0.766583263874054,
            0.0933752954006195
        ],
        [
            0.04270061105489731,
            -0.7459057569503784,
            0.08378124237060547
        ],
        [
            0.03555482625961304,
            -0.7522969841957092,
            0.0885874480009079
        ],
        [
            0.08445779234170914,
            -0.8583081960678101,
            0.11689122021198273
        ],
        [
            0.07685404270887375,
            -0.858941912651062,
            0.12263763695955276
        ],
        [
            0.07061205059289932,
            -0.8532453179359436,
            0.11914955824613571
        ],
        [
            0.07076364755630493,
            -0.8557385206222534,
            0.12061241269111633
        ],
        [
            0.07620947062969208,
            -0.8553189635276794,
            0.11867327243089676
        ],
        [
            0.07513154298067093,
            -0.8530243635177612,
            0.11729849874973297
        ],
        [
            0.048934921622276306,
            -0.8519480228424072,
            0.1215352863073349
        ],
        [
            0.05585029721260071,
            -0.8518826961517334,
            0.12004885077476501
        ],
        [
            0.05325048416852951,
            -0.84869384765625,
            0.11947563290596008
        ],
        [
            0.045437201857566833,
            -0.8459407091140747,
            0.12221875786781311
        ],
        [
            0.06083240360021591,
            -0.8387464284896851,
            0.11634786427021027
        ],
        [
            0.05617491155862808,
            -0.8412507772445679,
            0.11841533333063126
        ],
        [
            0.06256537139415741,
            -0.8464720845222473,
            0.11709974706172943
        ],
        [
            0.06602156162261963,
            -0.8446096181869507,
            0.11575429141521454
        ],
        [
            0.06953646242618561,
            -0.8431921601295471,
            0.11375971138477325
        ],
        [
            0.072761669754982,
            -0.84246826171875,
            0.11102385818958282
        ],
        [
            0.07059407979249954,
            -0.8376543521881104,
            0.11020972579717636
        ],
        [
            0.06607826054096222,
            -0.8377230167388916,
            0.11335716396570206
        ],
        [
            0.0816405862569809,
            -0.8553110361099243,
            0.11412528902292252
        ],
        [
            0.08501241356134415,
            -0.8541601896286011,
            0.10775278508663177
        ],
        [
            0.08287810534238815,
            -0.8516674637794495,
            0.1082586944103241
        ],
        [
            0.08019274473190308,
            -0.8524602651596069,
            0.11376539617776871
        ],
        [
            0.08246450126171112,
            -0.8465085029602051,
            0.0961223691701889
        ],
        [
            0.08339136838912964,
            -0.8486326336860657,
            0.0979999452829361
        ],
        [
            0.08670674264431,
            -0.8495235443115234,
            0.09571937471628189
        ],
        [
            0.08514290302991867,
            -0.8453096747398376,
            0.09408736228942871
        ],
        [
            0.08290085941553116,
            -0.842530369758606,
            0.09563077986240387
        ],
        [
            0.08151150494813919,
            -0.8448077440261841,
            0.09718547761440277
        ],
        [
            0.09136151522397995,
            -0.913294792175293,
            0.12036015093326569
        ],
        [
            0.09549982845783234,
            -0.8943805694580078,
            0.1194077581167221
        ],
        [
            0.0710696130990982,
            -0.9111979007720947,
            0.12544186413288116
        ],
        [
            0.05379746854305267,
            -0.9051798582077026,
            0.12599681317806244
        ],
        [
            0.03836794197559357,
            -0.8955998420715332,
            0.12482162564992905
        ],
        [
            0.03043553978204727,
            -0.7933035492897034,
            0.11044042557477951
        ],
        [
            0.021644681692123413,
            -0.7866703271865845,
            0.10706570744514465
        ],
        [
            0.009905926883220673,
            -0.7976706027984619,
            0.10711272060871124
        ],
        [
            0.0033436566591262817,
            -0.7893072962760925,
            0.10100938379764557
        ],
        [
            0.015449769794940948,
            -0.7783112525939941,
            0.10174599289894104
        ],
        [
            0.014128290116786957,
            -0.7615221738815308,
            0.08747061342000961
        ],
        [
            0.012650012969970703,
            -0.7693048715591431,
            0.09490889310836792
        ],
        [
            -0.0020841658115386963,
            -0.781548023223877,
            0.09153728932142258
        ],
        [
            -0.01380966603755951,
            -0.797632098197937,
            0.08980023860931396
        ],
        [
            -0.006759941577911377,
            -0.8025248646736145,
            0.09976403415203094
        ],
        [
            -0.020883627235889435,
            -0.8163244724273682,
            0.08765079081058502
        ],
        [
            -0.024161212146282196,
            -0.7930758595466614,
            0.07746075093746185
        ],
        [
            -0.027199335396289825,
            -0.8171406984329224,
            0.07989862561225891
        ],
        [
            -0.027061305940151215,
            -0.7553638219833374,
            0.0642469972372055
        ],
        [
            -0.035479262471199036,
            -0.7456985712051392,
            0.05913374945521355
        ],
        [
            -0.04832175746560097,
            -0.7551236152648926,
            0.05328104645013809
        ],
        [
            -0.04147971421480179,
            -0.765385091304779,
            0.061012152582407
        ],
        [
            0.0024780407547950745,
            -0.8078670501708984,
            0.10646199434995651
        ],
        [
            0.02585691213607788,
            -0.8665127754211426,
            0.12014105916023254
        ],
        [
            0.036499813199043274,
            -0.8625075817108154,
            0.12365849316120148
        ],
        [
            0.017478875815868378,
            -0.8554224967956543,
            0.11952842772006989
        ],
        [
            0.026786938309669495,
            -0.9289208650588989,
            0.11856988817453384
        ],
        [
            0.04177166521549225,
            -0.9188284873962402,
            0.12361966073513031
        ],
        [
            0.028034046292304993,
            -0.9064220190048218,
            0.12363070249557495
        ],
        [
            0.015062198042869568,
            -0.9176818132400513,
            0.11911994218826294
        ],
        [
            0.05903337895870209,
            -0.9570983648300171,
            0.10501519590616226
        ],
        [
            0.07671424746513367,
            -0.9377129077911377,
            0.11540427803993225
        ],
        [
            0.06008617579936981,
            -0.9295058250427246,
            0.11979582905769348
        ],
        [
            0.04493573307991028,
            -0.9453094005584717,
            0.11298313736915588
        ],
        [
            0.0044286251068115234,
            -0.9233453273773193,
            0.11350594460964203
        ],
        [
            -0.010853245854377747,
            -0.930191695690155,
            0.10427972674369812
        ],
        [
            -0.009114488959312439,
            -0.9471468925476074,
            0.09875765442848206
        ],
        [
            0.010071128606796265,
            -0.9403606653213501,
            0.10937592387199402
        ],
        [
            -0.001221388578414917,
            -0.9671584367752075,
            0.08684834837913513
        ],
        [
            0.021361365914344788,
            -0.9596134424209595,
            0.10083142668008804
        ],
        [
            -0.0393812358379364,
            -0.805526852607727,
            0.06767238676548004
        ],
        [
            -0.03539661318063736,
            -0.8247551918029785,
            0.07205796986818314
        ],
        [
            -0.031889915466308594,
            -0.777664303779602,
            0.0693211480975151
        ],
        [
            -0.044330887496471405,
            -0.7893241047859192,
            0.06154230609536171
        ],
        [
            0.009495645761489868,
            -0.9808886051177979,
            0.07048851251602173
        ],
        [
            0.03605760633945465,
            -0.973979651927948,
            0.0879114419221878
        ],
        [
            -0.04900828003883362,
            -0.922814130783081,
            0.06476309895515442
        ],
        [
            -0.03919251263141632,
            -0.937477707862854,
            0.07416324317455292
        ],
        [
            -0.034078553318977356,
            -0.9213544130325317,
            0.0864553302526474
        ],
        [
            -0.04425251483917236,
            -0.9099439382553101,
            0.07678396254777908
        ],
        [
            -0.0517389178276062,
            -0.9356405735015869,
            0.04928368330001831
        ],
        [
