{
    "pred_cam": [
        1.1654777526855469,
        -0.04746381193399429,
        0.1997205913066864
    ],
    "pred_smpl_params": {
        "global_orient": [
            [
                [
                    0.9237722754478455,
                    0.13276813924312592,
                    0.3591899275779724
                ],
                [
                    0.11803100258111954,
                    -0.9910246729850769,
                    0.06275992840528488
                ],
                [
                    0.36429858207702637,
                    -0.015580341219902039,
                    -0.9311518669128418
                ]
            ]
        ],
        "body_pose": [
            [
                [
                    0.9941242337226868,
                    0.03900734707713127,
                    -0.10097254067659378
                ],
                [
                    -0.02928752638399601,
                    0.9949489831924438,
                    0.09601497650146484
                ],
                [
                    0.10420779883861542,
                    -0.09249357134103775,
                    0.9902453422546387
                ]
            ],
            [
                [
                    0.9974059462547302,
                    0.05120718851685524,
                    -0.050589174032211304
                ],
                [
                    -0.04440859332680702,
                    0.9908555746078491,
                    0.12740929424762726
                ],
                [
                    0.056650836020708084,
                    -0.12483219057321548,
                    0.9905592799186707
                ]
            ],
            [
                [
                    0.9980412721633911,
                    -0.0020183841697871685,
                    0.06252705305814743
                ],
                [
                    0.013929172419011593,
                    0.9815593957901001,
                    -0.1906491369009018
                ],
                [
                    -0.06098921597003937,
                    0.1911466419696808,
                    0.9796649217605591
                ]
            ],
            [
                [
                    0.9865161180496216,
                    -0.09878063201904297,
                    -0.1304926723241806
                ],
                [
                    0.009518100880086422,
                    0.8305978178977966,
                    -0.5567914843559265
                ],
                [
                    0.16338711977005005,
                    0.5480417013168335,
                    0.8203383684158325
                ]
            ],
            [
                [
                    0.9936654567718506,
                    -0.10990174114704132,
                    0.023465124890208244
                ],
                [
                    0.10825658589601517,
                    0.8800815939903259,
                    -0.4623168706893921
                ],
                [
                    0.030158204957842827,
                    0.4619285464286804,
                    0.886404275894165
                ]
            ],
            [
                [
                    0.9941724538803101,
                    0.06310848146677017,
                    0.08739881217479706
                ],
                [
                    -0.06076912581920624,
                    0.9977253079414368,
                    -0.02917601354420185
                ],
                [
                    -0.08904127031564713,
                    0.0236948374658823,
                    0.9957460761070251
                ]
            ],
            [
                [
                    0.9861770272254944,
                    0.08523616939783096,
                    0.14209070801734924
                ],
                [
                    -0.09713830053806305,
                    0.9921277165412903,
                    0.07903634756803513
                ],
                [
                    -0.13423538208007812,
                    -0.0917462632060051,
                    0.986693263053894
                ]
            ],
            [
                [
                    0.9872190952301025,
                    -0.07422862946987152,
                    -0.14102697372436523
                ],
                [
                    0.07831188291311264,
                    0.9966490864753723,
                    0.023620324209332466
                ],
                [
                    0.13880108296871185,
                    -0.03436252474784851,
                    0.9897239804267883
                ]
            ],
            [
                [
                    0.9977272748947144,
                    0.026116766035556793,
                    0.062114059925079346
                ],
                [
                    -0.020583173260092735,
                    0.9958975315093994,
                    -0.08811584860086441
                ],
                [
                    -0.0641605406999588,
                    0.08663708716630936,
                    0.994171679019928
                ]
            ],
            [
                [
                    0.9824550747871399,
                    -0.18633784353733063,
                    0.007755185477435589
                ],
                [
                    0.18282438814640045,
                    0.9704779386520386,
                    0.15731388330459595
                ],
                [
                    -0.036839768290519714,
                    -0.1531360000371933,
                    0.9875180721282959
                ]
            ],
            [
                [
                    0.9858055710792542,
                    0.16049116849899292,
                    -0.049294572323560715
                ],
                [
                    -0.14742369949817657,
                    0.9679659008979797,
                    0.20324455201625824
                ],
                [
                    0.08033441007137299,
                    -0.19309242069721222,
                    0.9778863787651062
                ]
            ],
            [
                [
                    0.996848464012146,
                    0.06583798676729202,
                    0.04425676539540291
                ],
                [
                    -0.06661465764045715,
                    0.9976455569267273,
                    0.016307948157191277
                ],
                [
                    -0.04307888075709343,
                    -0.019204700365662575,
                    0.9988872408866882
                ]
            ],
            [
                [
                    0.9108072519302368,
                    0.41190865635871887,
                    0.02759421616792679
                ],
                [
                    -0.4114115834236145,
                    0.9111835360527039,
                    -0.02202393300831318
                ],
                [
                    -0.03421524539589882,
                    0.008706976659595966,
                    0.9993765354156494
                ]
            ],
            [
                [
                    0.8985099196434021,
                    -0.42561572790145874,
                    0.10738340020179749
                ],
                [
                    0.43077319860458374,
                    0.9019813537597656,
                    -0.02939479798078537
                ],
                [
                    -0.0843469426035881,
                    0.07266940921545029,
                    0.9937830567359924
                ]
            ],
            [
                [
                    0.9952269196510315,
                    0.0671943724155426,
                    0.0707695409655571
                ],
                [
                    -0.041726868599653244,
                    0.9485592842102051,
                    -0.3138377368450165
                ],
                [
                    -0.08821723610162735,
                    0.3093867599964142,
                    0.9468355178833008
                ]
            ],
            [
                [
                    0.5294632911682129,
                    0.8096566796302795,
                    -0.2532285153865814
                ],
                [
                    -0.8446353673934937,
                    0.5309614539146423,
                    -0.06834515929222107
                ],
                [
                    0.07911845296621323,
                    0.25007200241088867,
                    0.9649892449378967
                ]
            ],
            [
                [
                    0.48118531703948975,
                    -0.7674097418785095,
                    0.42372509837150574
                ],
                [
                    0.8470112681388855,
                    0.5315741896629333,
                    0.0008633335237391293
                ],
                [
                    -0.22590386867523193,
                    0.35848453640937805,
                    0.905790388584137
                ]
            ],
            [
                [
                    0.2614087164402008,
                    -0.37115877866744995,
                    -0.8910144567489624
                ],
                [
                    0.27024346590042114,
                    0.9143372178077698,
                    -0.30158916115760803
                ],
                [
                    0.9266250729560852,
                    -0.16195279359817505,
                    0.3393189609050751
                ]
            ],
            [
                [
                    0.3519231081008911,
                    0.3391437232494354,
                    0.8724285960197449
                ],
                [
                    -0.004782161675393581,
                    0.9326923489570618,
                    -0.3606413006782532
                ],
                [
                    -0.9360166788101196,
                    0.12274589389562607,
                    0.32985782623291016
                ]
            ],
            [
                [
                    0.989729642868042,
                    -0.12514403462409973,
                    -0.06909514218568802
                ],
                [
                    0.1303044855594635,
                    0.988552987575531,
                    0.07605044543743134
                ],
                [
                    0.05878695473074913,
                    -0.08427279442548752,
                    0.9947070479393005
                ]
            ],
            [
                [
                    0.9925882816314697,
                    0.10765569657087326,
                    0.05638054758310318
                ],
                [
                    -0.10815893858671188,
                    0.9941158890724182,
                    0.0059427060186862946
                ],
                [
                    -0.0554090291261673,
                    -0.011996719986200333,
                    0.9983916878700256
                ]
            ],
            [
                [
                    0.9651177525520325,
                    0.2346193492412567,
                    -0.11619587987661362
                ],
                [
                    -0.21973487734794617,
                    0.967158854007721,
                    0.1277509182691574
                ],
                [
                    0.14235271513462067,
                    -0.09776238352060318,
                    0.9849762320518494
                ]
            ],
            [
                [
                    0.9672828316688538,
                    -0.24623878300189972,
                    0.061077140271663666
                ],
                [
                    0.23484253883361816,
                    0.9601308703422546,
                    0.1516495645046234
                ],
                [
                    -0.0959840640425682,
                    -0.13234449923038483,
                    0.9865454435348511
                ]
            ]
        ],
        "betas": [
            0.0009878277778625488,
            0.2914588451385498,
            0.6286734342575073,
            1.846764326095581,
            -0.07121586799621582,
            -0.062358878552913666,
            -0.021524518728256226,
            0.2085583508014679,
            0.07216079533100128,
            0.00022149085998535156
        ]
    },
    "pred_cam_t": [
        -0.04746381193399429,
        0.1997205913066864,
        33.51629638671875
    ],
    "focal_length": [
        5000.0,
        5000.0
    ],
    "pred_keypoints_3d": [
        [
            0.25078025460243225,
            -0.7792704701423645,
            -0.18065157532691956
        ],
        [
            0.11310867220163345,
            -0.7536066174507141,
            -0.04030395671725273
        ],
        [
            -0.07038161158561707,
            -0.6735860109329224,
            -0.11714167892932892
        ],
        [
            -0.146162211894989,
            -0.4395136833190918,
            -0.08489114791154861
        ],
        [
            0.02516518533229828,
            -0.2910839021205902,
            -0.19223666191101074
        ],
        [
            0.22000254690647125,
            -0.6340436339378357,
            0.0933290347456932
        ],
        [
            0.155520960688591,
            -0.40329378843307495,
            0.18328648805618286
        ],
        [
            0.27819859981536865,
            -0.26379525661468506,
            0.02201959490776062
        ],
        [
            -0.0033455146476626396,
            -0.24134419858455658,
            0.023667268455028534
        ],
        [
            -0.07478776574134827,
            -0.1598767191171646,
            0.007997594773769379
        ],
        [
            -0.1624167114496231,
            0.20309607684612274,
            -0.0435415580868721
        ],
        [
            -0.22015362977981567,
            0.5433986186981201,
            0.13785013556480408
        ],
        [
            0.04035348817706108,
            -0.14380262792110443,
            0.05558949336409569
        ],
        [
            0.025411896407604218,
            0.22311468422412872,
            0.03368590027093887
        ],
        [
            -0.05602692812681198,
            0.5337658524513245,
            0.25432735681533813
        ],
        [
            0.22765988111495972,
            -0.8366305828094482,
            -0.19032281637191772
        ],
        [
            0.2761513292789459,
            -0.8245496153831482,
            -0.14614993333816528
        ],
        [
            0.14059656858444214,
            -0.8807203769683838,
            -0.1485961675643921
        ],
        [
            0.2501605451107025,
            -0.8536558747291565,
            -0.050615567713975906
        ],
        [
            -0.04001225531101227,
            0.6623623371124268,
            0.10265231132507324
        ],
        [
            0.01794975996017456,
            0.6556937098503113,
            0.16489249467849731
        ],
        [
            -0.06626852601766586,
            0.5403329133987427,
            0.32231125235557556
        ],
        [
            -0.18997402489185333,
            0.6542156338691711,
            -0.02629651129245758
        ],
        [
            -0.2699057459831238,
            0.6390987634658813,
            0.009612619876861572
        ],
        [
            -0.23836615681648254,
            0.5639054179191589,
            0.20500192046165466
        ],
        [
            -0.23870116472244263,
            0.4866662621498108,
            0.13940656185150146
        ],
        [
            -0.14754097163677216,
            0.14040903747081757,
            -0.04432569444179535
        ],
        [
            -0.12712505459785461,
            -0.29315218329429626,
            -0.0175364650785923
        ],
        [
            0.11667382717132568,
            -0.24279974400997162,
            0.09104818850755692
        ],
        [
            0.03920714557170868,
            0.18315359950065613,
            0.03349277004599571
        ],
        [
            -0.04438178613781929,
            0.493345707654953,
            0.2616959810256958
        ],
        [
            0.03224530071020126,
            -0.3286941647529602,
            -0.18427728116512299
        ],
        [
            -0.1422085464000702,
            -0.4582233726978302,
            -0.12383867800235748
        ],
        [
            -0.03015914186835289,
            -0.7040411233901978,
            -0.10338883101940155
        ],
        [
            0.20339398086071014,
            -0.670875072479248,
            0.07233752310276031
        ],
        [
            0.20527851581573486,
            -0.42352262139320374,
            0.17529433965682983
        ],
        [
            0.28182435035705566,
            -0.2867523431777954,
            0.028245458379387856
        ],
        [
            0.11191624402999878,
            -0.7382999658584595,
            -0.03682101517915726
        ],
        [
            0.23297810554504395,
            -0.902507483959198,
            -0.12430644780397415
        ],
        [
            -0.004823936149477959,
            -0.26780861616134644,
            0.03684172034263611
        ],
        [
            0.08571067452430725,
            -0.6852838397026062,
            -0.018321091309189796
        ],
        [
            0.034232642501592636,
            -0.5257059931755066,
            0.019064342603087425
        ],
        [
            0.2012520432472229,
            -0.792718768119812,
            -0.11483602970838547
        ],
        [
            0.23413236439228058,
            -0.9234541654586792,
            -0.1260354071855545
        ]
    ],
    "pred_vertices": [
        [
            0.307112455368042,
            -0.860504150390625,
            -0.15195421874523163
        ],
        [
            0.2994866371154785,
            -0.846400260925293,
            -0.15642312169075012
        ],
        [
            0.3010350167751312,
            -0.8460400104522705,
            -0.14214661717414856
        ],
        [
            0.3054102659225464,
            -0.8581782579421997,
            -0.1346081793308258
        ],
        [
            0.2968776822090149,
            -0.8365607261657715,
            -0.1462593376636505
        ],
        [
            0.29389673471450806,
            -0.8361729383468628,
            -0.15792882442474365
        ],
        [
            0.2975275218486786,
            -0.8449348211288452,
            -0.12861554324626923
        ],
        [
            0.29924434423446655,
            -0.8543708920478821,
            -0.11957629024982452
        ],
        [
            0.2785806357860565,
            -0.8196979761123657,
            -0.10715289413928986
        ],
        [
            0.2744331657886505,
            -0.8195914030075073,
            -0.09673632681369781
        ],
        [
            0.28089970350265503,
            -0.8292235136032104,
            -0.1011308878660202
        ],
        [
            0.2823925018310547,
            -0.8271305561065674,
            -0.11115378141403198
        ],
        [
            0.2640123665332794,
            -0.7995191812515259,
            -0.09866096079349518
        ],
        [
            0.25958600640296936,
            -0.7887026071548462,
            -0.10594266653060913
        ],
        [
            0.2522774934768677,
            -0.7851998209953308,
            -0.0953829437494278
        ],
        [
            0.2554144561290741,
            -0.7960881590843201,
            -0.0879315435886383
        ],
        [
            0.2553357779979706,
            -0.7952840328216553,
            -0.14772945642471313
        ],
        [
            0.25563037395477295,
            -0.789115309715271,
            -0.1414581835269928
        ],
        [
            0.26095762848854065,
            -0.794576108455658,
            -0.1401243805885315
        ],
        [
            0.2595885097980499,
            -0.8002744913101196,
            -0.14638076722621918
        ],
        [
            0.2570072412490845,
            -0.8020231127738953,
            -0.16130909323692322
        ],
        [
            0.25828760862350464,
            -0.808235764503479,
            -0.15962795913219452
        ],
        [
            0.2598724067211151,
            -0.8096270561218262,
            -0.1675395369529724
        ],
        [
            0.2594399154186249,
            -0.8020814657211304,
            -0.16920103132724762
        ],
        [
            0.24935495853424072,
            -0.7915507555007935,
            -0.15018844604492188
        ],
        [
            0.2495424747467041,
            -0.7852141857147217,
            -0.14325998723506927
        ],
        [
            0.25561684370040894,
            -0.8001409769058228,
            -0.15364587306976318
        ],
        [
            0.25351613759994507,
            -0.7955825924873352,
            -0.15562792122364044
        ],
        [
            0.25505635142326355,
            -0.785271406173706,
            -0.16342724859714508
        ],
        [
            0.2574242353439331,
            -0.7897610664367676,
            -0.1625441014766693
        ],
        [
            0.25948184728622437,
            -0.7877019643783569,
            -0.170019268989563
        ],
        [
            0.2556527256965637,
            -0.7835600972175598,
            -0.16905036568641663
        ],
        [
            0.2511560022830963,
            -0.7889837622642517,
            -0.15463483333587646
        ],
        [
            0.2546249032020569,
            -0.7899882793426514,
            -0.1571006029844284
        ],
        [
            0.25256118178367615,
            -0.7859911918640137,
            -0.15943172574043274
        ],
        [
            0.24861183762550354,
            -0.786004900932312,
            -0.15754784643650055
        ],
        [
            0.25638487935066223,
            -0.7969319224357605,
            -0.1626494824886322
        ],
        [
            0.25942695140838623,
            -0.7953441739082336,
            -0.1700626015663147
        ],
        [
            0.26150915026664734,
            -0.7935387492179871,
            -0.17817841470241547
        ],
        [
            0.26005229353904724,
            -0.7845096588134766,
            -0.1777787208557129
        ],
        [
            0.25352030992507935,
            -0.7785712480545044,
            -0.1258092224597931
        ],
        [
            0.2555459141731262,
            -0.7833248376846313,
            -0.13403348624706268
        ],
        [
            0.24982450902462006,
            -0.7798248529434204,
            -0.13641151785850525
        ],
        [
            0.24909326434135437,
            -0.7755707502365112,
            -0.1296772062778473
        ],
        [
            0.24586087465286255,
            -0.7848498225212097,
            -0.15345731377601624
        ],
        [
            0.24092476069927216,
            -0.7702839374542236,
            -0.14671054482460022
        ],
        [
            0.24317237734794617,
            -0.7734155058860779,
            -0.14775826036930084
        ],
        [
            0.24160327017307281,
            -0.7730827331542969,
            -0.1548352688550949
        ],
        [
            0.23978844285011292,
            -0.7701689004898071,
            -0.1532716006040573
        ],
        [
            0.24555271863937378,
            -0.7695178985595703,
            -0.11258114129304886
        ],
        [
            0.24370667338371277,
            -0.7671893239021301,
            -0.11921849101781845
        ],
        [
            0.23923246562480927,
            -0.7623997926712036,
            -0.11519201844930649
        ],
        [
            0.23931901156902313,
            -0.7645174264907837,
            -0.10784339159727097
        ],
        [
            0.23412802815437317,
            -0.7583249807357788,
            -0.11458157747983932
        ],
        [
            0.23290583491325378,
            -0.7596406936645508,
            -0.10453097522258759
        ],
        [
            0.21990153193473816,
            -0.7485681176185608,
            -0.10743468254804611
        ],
        [
            0.22589418292045593,
            -0.753637433052063,
            -0.1054866760969162
        ],
        [
            0.22892704606056213,
            -0.7538148164749146,
            -0.1162138506770134
        ],
        [
            0.2244529128074646,
            -0.7485389709472656,
            -0.1207059919834137
        ],
        [
            0.22279825806617737,
            -0.7504541873931885,
            -0.13580691814422607
        ],
        [
            0.219648540019989,
            -0.7490098476409912,
            -0.1414099931716919
        ],
        [
            0.21613088250160217,
            -0.7387263774871826,
            -0.1335599720478058
        ],
        [
            0.22007595002651215,
            -0.7425452470779419,
            -0.1274266541004181
        ],
        [
            0.2354603111743927,
            -0.767511248588562,
            -0.1421254575252533
        ],
        [
            0.23667702078819275,
            -0.7683688402175903,
            -0.13749893009662628
        ],
        [
            0.23887665569782257,
            -0.768427848815918,
            -0.13927531242370605
        ],
        [
            0.23837855458259583,
            -0.768311619758606,
            -0.14460836350917816
        ],
        [
            0.2379826009273529,
            -0.7685893774032593,
            -0.13358156383037567
        ],
        [
            0.23860043287277222,
            -0.7685761451721191,
            -0.13184496760368347
        ],
        [
            0.23979221284389496,
            -0.7690688371658325,
            -0.1332443356513977
        ],
        [
            0.23867124319076538,
            -0.7689684629440308,
            -0.13422363996505737
        ],
        [
            0.23746226727962494,
            -0.7686211466789246,
            -0.1358824074268341
        ],
        [
            0.23601913452148438,
            -0.7668315172195435,
            -0.13630563020706177
        ],
        [
            0.23723049461841583,
            -0.7677348852157593,
            -0.13426202535629272
        ],
        [
            0.2347417026758194,
            -0.7651041150093079,
            -0.14042235910892487
        ],
        [
            0.2290458232164383,
            -0.7615770101547241,
            -0.15404194593429565
        ],
        [
            0.2313629686832428,
            -0.7618316411972046,
            -0.15036556124687195
        ],
        [
            0.23199400305747986,
            -0.7665313482284546,
            -0.1520160436630249
        ],
        [
            0.2301524579524994,
            -0.7664809823036194,
            -0.15527233481407166
        ],
        [
            0.24047395586967468,
            -0.770042896270752,
            -0.13633540272712708
        ],
        [
            0.2429017573595047,
            -0.7711161375045776,
            -0.134565532207489
        ],
        [
            0.24363285303115845,
            -0.7721136808395386,
            -0.14026078581809998
        ],
        [
            0.24105249345302582,
            -0.7703008651733398,
            -0.1399356722831726
        ],
        [
            0.24556607007980347,
            -0.7724552154541016,
            -0.1328495740890503
        ],
        [
            0.24164482951164246,
            -0.7700744867324829,
            -0.13151705265045166
        ],
        [
            0.24366480112075806,
            -0.7706029415130615,
            -0.12924808263778687
        ],
        [
            0.2372959703207016,
            -0.7670673131942749,
            -0.13169384002685547
        ],
        [
            0.23759689927101135,
            -0.7660157680511475,
            -0.1282983124256134
        ],
        [
            0.23985564708709717,
            -0.7677357792854309,
            -0.12933331727981567
        ],
        [
            0.23479518294334412,
            -0.7631818056106567,
            -0.12910044193267822
        ],
        [
            0.23522120714187622,
            -0.7651687860488892,
            -0.13360655307769775
        ],
        [
            0.23345014452934265,
            -0.7625263333320618,
            -0.1374153196811676
        ],
        [
            0.23137962818145752,
            -0.7600485682487488,
            -0.14247608184814453
        ],
        [
            0.22894024848937988,
            -0.7571452260017395,
            -0.13736587762832642
        ],
        [
            0.23195625841617584,
            -0.7599570751190186,
            -0.13245122134685516
        ],
        [
            0.2462298572063446,
            -0.7758276462554932,
            -0.13947880268096924
        ],
        [
            0.2415192574262619,
            -0.7673651576042175,
            -0.12494869530200958
        ],
        [
            0.24697571992874146,
            -0.7722549438476562,
            -0.12429946660995483
        ],
        [
            0.23848269879817963,
            -0.7637906074523926,
            -0.122886523604393
        ],
        [
            0.23458534479141235,
            -0.760434627532959,
            -0.12282504141330719
        ],
        [
            0.23036342859268188,
            -0.7568035125732422,
            -0.12569943070411682
        ],
        [
            0.22657184302806854,
            -0.7532728910446167,
            -0.13047553598880768
        ],
        [
            0.20723742246627808,
            -0.7369421720504761,
            -0.12198014557361603
        ],
        [
            0.21339868009090424,
            -0.7416549324989319,
            -0.11538110673427582
        ],
        [
            0.2871481776237488,
            -0.8320192098617554,
            -0.15528547763824463
        ],
        [
            0.29124197363853455,
            -0.8312982320785522,
            -0.14722368121147156
        ],
        [
            0.28477224707603455,
            -0.8275564908981323,
            -0.1415008008480072
        ],
        [
            0.2874206304550171,
            -0.8290750980377197,
            -0.1406339406967163
        ],
        [
            0.28601065278053284,
            -0.8295544385910034,
            -0.14708837866783142
        ],
        [
            0.28378698229789734,
            -0.827635645866394,
            -0.14608459174633026
        ],
        [
            0.2823585867881775,
            -0.8269504308700562,
            -0.1197429746389389
        ],
        [
            0.28229185938835144,
            -0.8269453048706055,
            -0.12666670978069305
        ],
        [
            0.27973148226737976,
            -0.8245764374732971,
            -0.12443890422582626
        ],
        [
            0.2797935903072357,
            -0.8215266466140747,
            -0.11633835732936859
        ],
        [
            0.27438420057296753,
            -0.8157901167869568,
            -0.1321532428264618
        ],
        [
            0.2762436270713806,
            -0.8179184198379517,
            -0.12733124196529388
        ],
        [
            0.2785471975803375,
            -0.822507381439209,
            -0.1335224211215973
        ],
        [
            0.2772398293018341,
            -0.8210055232048035,
            -0.13706696033477783
        ],
        [
            0.275396466255188,
            -0.8203461170196533,
            -0.14091230928897858
        ],
        [
            0.27315637469291687,
            -0.8205093145370483,
            -0.14483889937400818
        ],
        [
            0.27031180262565613,
            -0.8163467645645142,
            -0.1427309662103653
        ],
        [
            0.27236390113830566,
            -0.8155401945114136,
            -0.1376086175441742
        ],
        [
            0.282821387052536,
            -0.8310186266899109,
            -0.15263697504997253
        ],
        [
            0.27730226516723633,
            -0.8318190574645996,
            -0.15730100870132446
        ],
        [
            0.2762584388256073,
            -0.8295233845710754,
            -0.15496885776519775
        ],
        [
            0.28102368116378784,
            -0.828596830368042,
            -0.15124918520450592
        ],
        [
            0.26312267780303955,
            -0.8288333415985107,
            -0.15704739093780518
        ],
        [
            0.26583969593048096,
            -0.830101490020752,
            -0.15753740072250366
        ],
        [
            0.264738529920578,
            -0.8312720656394958,
            -0.16124455630779266
        ],
        [
            0.2613283395767212,
            -0.8280668258666992,
            -0.1600971221923828
        ],
        [
            0.2614099085330963,
            -0.8250550627708435,
            -0.15771079063415527
        ],
        [
            0.2633782923221588,
            -0.8268992900848389,
            -0.15598873794078827
        ],
        [
            0.31079643964767456,
            -0.8798351883888245,
            -0.1627912074327469
        ],
        [
            0.30318641662597656,
            -0.8633905053138733,
            -0.16712410748004913
        ],
        [
            0.3111940026283264,
            -0.8779597878456116,
            -0.14210475981235504
        ],
        [
            0.30618542432785034,
            -0.8736817836761475,
            -0.12519435584545135
        ],
        [
            0.30024731159210205,
            -0.8658559918403625,
            -0.10953229665756226
        ],
        [
            0.24869227409362793,
            -0.7758549451828003,
            -0.10420412570238113
        ],
        [
            0.24177315831184387,
            -0.7713714241981506,
            -0.09676429629325867
        ],
        [
            0.24440884590148926,
            -0.782496452331543,
            -0.08555237203836441
        ],
        [
            0.23527149856090546,
            -0.776343822479248,
            -0.08068676292896271
        ],
        [
            0.23313787579536438,
            -0.7650349140167236,
            -0.09281019866466522
        ],
        [
            0.21393179893493652,
            -0.752251386642456,
            -0.09587445855140686
        ],
        [
            0.2238578200340271,
            -0.7582182884216309,
            -0.09235125035047531
        ],
        [
            0.2243928760290146,
            -0.7708156108856201,
            -0.07749700546264648
        ],
        [
            0.22778961062431335,
            -0.7877342700958252,
            -0.0648496150970459
        ],
        [
            0.23774905502796173,
            -0.7897903919219971,
            -0.07095980644226074
        ],
        [
            0.2305668592453003,
            -0.8069007396697998,
            -0.05738251656293869
        ],
        [
            0.2149757444858551,
            -0.7872127294540405,
            -0.05828433856368065
        ],
        [
            0.22311750054359436,
            -0.8109384775161743,
            -0.05299679934978485
        ],
        [
            0.19101601839065552,
            -0.756981611251831,
            -0.06471387296915054
        ],
        [
            0.18637673556804657,
            -0.7487810254096985,
            -0.05863868445158005
        ],
        [
            0.18967807292938232,
            -0.7596889734268188,
            -0.04248446971178055
        ],
        [
            0.1949932873249054,
            -0.7677569389343262,
            -0.048479169607162476
        ],
        [
            0.24689972400665283,
            -0.7926823496818542,
            -0.07782039046287537
        ],
        [
            0.2836777865886688,
            -0.8411140441894531,
            -0.09720606356859207
        ],
        [
            0.28657305240631104,
            -0.8361173868179321,
            -0.10786106437444687
        ],
        [
            0.2760002315044403,
            -0.8326302766799927,
            -0.09051117300987244
        ],
        [
            0.30436402559280396,
            -0.8986671566963196,
            -0.09984908252954483
        ],
        [
            0.3079490661621094,
            -0.8871537446975708,
            -0.1136227548122406
        ],
        [
            0.30144035816192627,
            -0.8772093653678894,
            -0.10031301528215408
        ],
        [
            0.29947829246520996,
            -0.8895695209503174,
            -0.08874084055423737
        ],
        [
            0.30674874782562256,
            -0.9271366596221924,
            -0.13533005118370056
        ],
        [
            0.3124142587184906,
            -0.9044362902641296,
            -0.14940741658210754
        ],
        [
            0.31102100014686584,
            -0.8972412943840027,
            -0.13283951580524445
        ],
        [
            0.3071107268333435,
            -0.9144876599311829,
            -0.11997539550065994
        ],
        [
            0.2939676344394684,
            -0.8971710801124573,
            -0.0793708860874176
        ],
        [
            0.2853301465511322,
            -0.9081770181655884,
            -0.06679003685712814
        ],
        [
            0.2880517244338989,
            -0.9256561994552612,
            -0.0697377547621727
        ],
        [
            0.29820939898490906,
            -0.9135868549346924,
            -0.08621080964803696
        ],
        [
            0.2860756516456604,
            -0.9482554197311401,
            -0.07940651476383209
        ],
        [
            0.29892969131469727,
            -0.9344454407691956,
            -0.0996088832616806
        ],
        [
            0.20971088111400604,
            -0.8049759864807129,
            -0.044557519257068634
        ],
        [
            0.21748676896095276,
            -0.8221766352653503,
            -0.046428382396698
        ],
        [
            0.20284996926784515,
            -0.776430606842041,
            -0.05590974539518356
        ],
        [
            0.2018646001815796,
            -0.7905352711677551,
            -0.04161691665649414
        ],
        [
            0.2788749039173126,
            -0.9682259559631348,
            -0.09293782711029053
        ],
        [
            0.2951931059360504,
            -0.9515150785446167,
            -0.11666493117809296
        ],
        [
            0.2413405328989029,
            -0.9179104566574097,
            -0.03346408158540726
        ],
        [
            0.2566262185573578,
            -0.9279344081878662,
            -0.04299910366535187
        ],
        [
            0.26191410422325134,
            -0.9078244566917419,
            -0.04594290256500244
        ],
        [
            0.24714738130569458,
            -0.901326060295105,
            -0.036553122103214264
        ],
        [
            0.23148012161254883,
            -0.9351447224617004,
            -0.03384919464588165
        ],
        [
