{
    "pred_cam": [
        1.5955498218536377,
        0.029575856402516365,
        0.39225396513938904
    ],
    "pred_smpl_params": {
        "global_orient": [
            [
                [
                    -0.9975692629814148,
                    -0.05770381912589073,
                    0.039062339812517166
                ],
                [
                    0.04906976595520973,
                    -0.9797417521476746,
                    -0.19416023790836334
                ],
                [
                    0.049474798142910004,
                    -0.1917715072631836,
                    0.9801917672157288
                ]
            ]
        ],
        "body_pose": [
            [
                [
                    0.9998649954795837,
                    -0.007861016318202019,
                    0.014430681243538857
                ],
                [
                    0.004380372352898121,
                    0.9738824367523193,
                    0.22701069712638855
                ],
                [
                    -0.015838319435715675,
                    -0.2269168347120285,
                    0.973785400390625
                ]
            ],
            [
                [
                    0.9969574213027954,
                    -0.061408672481775284,
                    0.04800870642066002
                ],
                [
                    0.03352513536810875,
                    0.89383864402771,
                    0.44713371992111206
                ],
                [
                    -0.07036992162466049,
                    -0.44416379928588867,
                    0.8931778073310852
                ]
            ],
            [
                [
                    0.9982966780662537,
                    -0.0014035750646144152,
                    -0.05832373723387718
                ],
                [
                    -0.011835235171020031,
                    0.9740511178970337,
                    -0.22601842880249023
                ],
                [
                    0.057127539068460464,
                    0.22632375359535217,
                    0.9723753929138184
                ]
            ],
            [
                [
                    0.9871246814727783,
                    0.058460403233766556,
                    -0.14888659119606018
                ],
                [
                    -0.15906588733196259,
                    0.26090437173843384,
                    -0.9521695375442505
                ],
                [
                    -0.0168190635740757,
                    0.9635928869247437,
                    0.2668442130088806
                ]
            ],
            [
                [
                    0.9784019589424133,
                    -0.1272169053554535,
                    0.16292771697044373
                ],
                [
                    0.16135558485984802,
                    -0.022637130692601204,
                    -0.9866366982460022
                ],
                [
                    0.12920507788658142,
                    0.9916166067123413,
                    -0.0016210550675168633
                ]
            ],
            [
                [
                    0.999636709690094,
                    -0.026712782680988312,
                    0.003567273262888193
                ],
                [
                    0.026557931676506996,
                    0.9989229440689087,
                    0.038047321140766144
                ],
                [
                    -0.004579781088978052,
                    -0.037938766181468964,
                    0.9992694854736328
                ]
            ],
            [
                [
                    0.9718409180641174,
                    -0.13103868067264557,
                    0.1958419382572174
                ],
                [
                    0.07775647938251495,
                    0.9628976583480835,
                    0.2584221661090851
                ],
                [
                    -0.22243903577327728,
                    -0.23591725528240204,
                    0.9459724426269531
                ]
            ],
            [
                [
                    0.9644928574562073,
                    0.1411675661802292,
                    -0.22321543097496033
                ],
                [
                    -0.09710018336772919,
                    0.9755070209503174,
                    0.1973765641450882
                ],
                [
                    0.24561139941215515,
                    -0.16869404911994934,
                    0.9545769691467285
                ]
            ],
            [
                [
                    0.9996119141578674,
                    -0.009957225993275642,
                    -0.026015212759375572
                ],
                [
                    0.007809571921825409,
                    0.996651828289032,
                    -0.08138877153396606
                ],
                [
                    0.026738515123724937,
                    0.08115402609109879,
                    0.9963427782058716
                ]
            ],
            [
                [
                    0.9989885687828064,
                    0.03547174856066704,
                    -0.027632616460323334
                ],
                [
                    -0.030454155057668686,
                    0.9858922958374023,
                    0.1645871102809906
                ],
                [
                    0.03308097645640373,
                    -0.16357912123203278,
                    0.9859753847122192
                ]
            ],
            [
                [
                    0.9999825954437256,
                    -0.005318033508956432,
                    0.0025446133222430944
                ],
                [
                    0.0048261964693665504,
                    0.9863251447677612,
                    0.1647404283285141
                ],
                [
                    -0.0033859116956591606,
                    -0.16472528874874115,
                    0.9863336682319641
                ]
            ],
            [
                [
                    0.9025070667266846,
                    -0.08554664999246597,
                    -0.4220932722091675
                ],
                [
                    0.05779091268777847,
                    0.995265543460846,
                    -0.07814602553844452
                ],
                [
                    0.42677998542785645,
                    0.04613418132066727,
                    0.9031779766082764
                ]
            ],
            [
                [
                    0.9121650457382202,
                    0.40908825397491455,
                    0.024530716240406036
                ],
                [
                    -0.40868663787841797,
                    0.912459135055542,
                    -0.019839579239487648
                ],
                [
                    -0.03049941547214985,
                    0.0080715948715806,
                    0.9995022416114807
                ]
            ],
            [
                [
                    0.9181241393089294,
                    -0.39478909969329834,
                    0.034490566700696945
                ],
                [
                    0.39431747794151306,
                    0.9187601804733276,
                    0.01983536034822464
                ],
                [
                    -0.03951934352517128,
                    -0.00461109122261405,
                    0.9992081522941589
                ]
            ],
            [
                [
                    0.9285510182380676,
                    -0.1944074034690857,
                    -0.3162260353565216
                ],
                [
                    0.08767952024936676,
                    0.9426507353782654,
                    -0.32205885648727417
                ],
                [
                    0.3607013523578644,
                    0.27132147550582886,
                    0.8923448324203491
                ]
            ],
            [
                [
                    0.5596131086349487,
                    0.804375410079956,
                    -0.19953285157680511
                ],
                [
                    -0.8196513056755066,
                    0.5727719068527222,
                    0.010204118676483631
                ],
                [
                    0.12249474972486496,
                    0.15783698856830597,
                    0.9798380136489868
                ]
            ],
            [
                [
                    0.5671164393424988,
                    -0.7910383939743042,
                    0.22942796349525452
                ],
                [
                    0.815815806388855,
                    0.5777957439422607,
                    -0.024425726383924484
                ],
                [
                    -0.1132408082485199,
                    0.2010231912136078,
                    0.9730191230773926
                ]
            ],
            [
                [
                    0.8888009190559387,
                    -0.17272824048995972,
                    -0.42449718713760376
                ],
                [
                    0.15938839316368103,
                    0.9849364757537842,
                    -0.06704824417829514
                ],
                [
                    0.4296838939189911,
                    -0.008067386224865913,
                    0.9029433131217957
                ]
            ],
            [
                [
                    0.768459141254425,
                    0.24727776646614075,
                    0.5901899933815002
                ],
                [
                    -0.11094003915786743,
                    0.9598344564437866,
                    -0.25770148634910583
                ],
                [
                    -0.6302085518836975,
                    0.13255736231803894,
                    0.7650265693664551
                ]
            ],
            [
                [
                    0.998181939125061,
                    0.04408041387796402,
                    0.04110601171851158
                ],
                [
                    -0.04060345143079758,
                    0.99581378698349,
                    -0.08189194649457932
                ],
                [
                    -0.044543761759996414,
                    0.0800740122795105,
                    0.9957931637763977
                ]
            ],
            [
                [
                    0.9991815686225891,
                    0.0008161443402059376,
                    -0.04044198617339134
                ],
                [
                    -0.005874778144061565,
                    0.9921238422393799,
                    -0.1251233071088791
                ],
                [
                    0.04002133756875992,
                    0.12525849044322968,
                    0.9913166761398315
                ]
            ],
            [
                [
                    0.9608139991760254,
                    0.26218685507774353,
                    -0.08996885269880295
                ],
                [
                    -0.24558381736278534,
                    0.9556824564933777,
                    0.1623564213514328
                ],
                [
                    0.12854938209056854,
                    -0.13389945030212402,
                    0.9826219081878662
                ]
            ],
            [
                [
                    0.9731279015541077,
                    -0.21638768911361694,
                    0.07872992008924484
                ],
                [
                    0.20188936591148376,
                    0.9662163853645325,
                    0.1602078676223755
                ],
                [
                    -0.1107371523976326,
                    -0.14000801742076874,
                    0.9839385151863098
                ]
            ]
        ],
        "betas": [
            -0.19553306698799133,
            -0.24526599049568176,
            0.08308616280555725,
            0.3849204182624817,
            0.16487345099449158,
            0.10173238068819046,
            -0.05526205897331238,
            -0.14603686332702637,
            0.12693718075752258,
            -0.0820012092590332
        ]
    },
    "pred_cam_t": [
        0.029575856402516365,
        0.39225396513938904,
        24.48215675354004
    ],
    "focal_length": [
        5000.0,
        5000.0
    ],
    "pred_keypoints_3d": [
        [
            0.10424987226724625,
            -0.8000205159187317,
            0.09974300116300583
        ],
        [
            -0.02277543395757675,
            -0.7322900295257568,
            -0.015425470657646656
        ],
        [
            0.15657347440719604,
            -0.6317353844642639,
            -0.04704626277089119
        ],
        [
            0.20149075984954834,
            -0.3858247399330139,
            -0.05957728251814842
        ],
        [
            0.25882235169410706,
            -0.20675483345985413,
            0.10609665513038635
        ],
        [
            -0.19779497385025024,
            -0.6285624504089355,
            -0.0012087812647223473
        ],
        [
            -0.2348395735025406,
            -0.3754565715789795,
            -0.018388986587524414
        ],
        [
            -0.284763902425766,
            -0.17002563178539276,
            0.10536114126443863
        ],
        [
            -0.001914160093292594,
            -0.2262323945760727,
            0.028836848214268684
        ],
        [
            0.07083021104335785,
            -0.14028297364711761,
            0.03875727951526642
        ],
        [
            0.11038824170827866,
            0.15986429154872894,
            0.2603010833263397
        ],
        [
            0.06719949841499329,
            0.35254794359207153,
            -0.07651171088218689
        ],
        [
            -0.06639113277196884,
            -0.13211894035339355,
            0.04319294914603233
        ],
        [
            -0.07798688113689423,
            0.2041378915309906,
            0.189638152718544
        ],
        [
            -0.04932943731546402,
            0.41303449869155884,
            -0.13850931823253632
        ],
        [
            0.10930421948432922,
            -0.8455281853675842,
            0.05948491021990776
        ],
        [
            0.07354012876749039,
            -0.8492099046707153,
            0.11485718190670013
        ],
        [
            0.05439147353172302,
            -0.8591078519821167,
            -0.025929033756256104
        ],
        [
            -0.027502015233039856,
            -0.867591142654419,
            0.09508606791496277
        ],
        [
            -0.04513136297464371,
            0.5634390115737915,
            -0.013371825218200684
        ],
        [
            -0.11270377784967422,
            0.5434538722038269,
            -0.05749818682670593
        ],
        [
            -0.05987535044550896,
            0.39994463324546814,
            -0.20474115014076233
        ],
        [
            0.07067723572254181,
            0.5149849057197571,
            0.03341156244277954
        ],
        [
            0.14022547006607056,
            0.4858412444591522,
            -0.008130669593811035
        ],
        [
            0.06951534748077393,
            0.34400323033332825,
            -0.14790183305740356
        ],
        [
            0.09614124894142151,
            0.30447298288345337,
            -0.05609205737709999
        ],
        [
            0.1086285412311554,
            0.11437861621379852,
            0.24504980444908142
        ],
        [
            0.1448153704404831,
            -0.25992897152900696,
            -0.002366793341934681
        ],
        [
            -0.1534961462020874,
            -0.22978772222995758,
            0.006701751612126827
        ],
        [
            -0.0917535275220871,
            0.1703617423772812,
            0.1861109733581543
        ],
        [
            -0.06460265815258026,
            0.3717677891254425,
            -0.12898549437522888
        ],
        [
            0.24277490377426147,
            -0.2369716763496399,
            0.1169588640332222
        ],
        [
            0.23027050495147705,
            -0.41055828332901,
            -0.0430043488740921
        ],
        [
            0.12195801734924316,
            -0.6656244993209839,
            -0.04578910022974014
        ],
        [
            -0.16767850518226624,
            -0.6612457633018494,
            -0.007203592453151941
        ],
        [
            -0.2668737769126892,
            -0.4032512903213501,
            0.009807995520532131
        ],
        [
            -0.2873736619949341,
            -0.1896316260099411,
            0.11166281998157501
        ],
        [
            -0.02326890267431736,
            -0.7213972210884094,
            -0.01192418858408928
        ],
        [
            0.039753835648298264,
            -0.909501314163208,
            0.052403729408979416
        ],
        [
            -0.004876986611634493,
            -0.2448769360780716,
            0.002823445713147521
        ],
        [
            -0.022429009899497032,
            -0.6622406840324402,
            -0.023655805736780167
        ],
        [
            -0.020410791039466858,
            -0.4869021773338318,
            -0.029299795627593994
        ],
        [
            0.0361064076423645,
            -0.7960848212242126,
            0.0631982684135437
        ],
        [
            0.04163455218076706,
            -0.9292020201683044,
            0.04512811079621315
        ]
    ],
    "pred_vertices": [
        [
            0.07806405425071716,
            -0.8945351839065552,
            0.13081094622612
        ],
        [
            0.08243931829929352,
            -0.8784449100494385,
            0.12779125571250916
        ],
        [
            0.06819037348031998,
            -0.878366231918335,
            0.13192586600780487
        ],
        [
            0.06080515682697296,
            -0.8920382261276245,
            0.13210082054138184
        ],
        [
            0.07257034629583359,
            -0.8678234219551086,
            0.13027770817279816
        ],
        [
            0.08452589809894562,
            -0.8662970066070557,
            0.12605533003807068
        ],
        [
            0.0545024573802948,
            -0.876192033290863,
            0.13075175881385803
        ],
        [
            0.045737311244010925,
            -0.8860218524932861,
            0.12977027893066406
        ],
        [
            0.033411361277103424,
            -0.8453478813171387,
            0.12524539232254028
        ],
        [
            0.022264420986175537,
            -0.8433510065078735,
            0.12228864431381226
        ],
        [
            0.02647986263036728,
            -0.8545852899551392,
            0.12561339139938354
        ],
        [
            0.036849185824394226,
            -0.8535618185997009,
            0.12615156173706055
        ],
        [
            0.02388714998960495,
            -0.8217051029205322,
            0.11855418235063553
        ],
        [
            0.032118819653987885,
            -0.810213565826416,
            0.11704187095165253
        ],
        [
            0.020250365138053894,
            -0.8044278025627136,
            0.11223676055669785
        ],
        [
            0.012537233531475067,
            -0.8155208826065063,
            0.11219321191310883
        ],
        [
            0.07354290038347244,
            -0.8152523040771484,
            0.10507413744926453
        ],
        [
            0.06771425157785416,
            -0.8095118403434753,
            0.10860537737607956
        ],
        [
            0.06685446202754974,
            -0.8161898255348206,
            0.11216223239898682
        ],
        [
            0.07267589867115021,
            -0.821219265460968,
            0.10779689252376556
        ],
        [
            0.08579409867525101,
            -0.8222740888595581,
            0.10174782574176788
        ],
        [
            0.08412943035364151,
            -0.8284703493118286,
            0.10142243653535843
        ],
        [
            0.09184375405311584,
            -0.8305549621582031,
            0.10064186155796051
        ],
        [
            0.0935870110988617,
            -0.8234144449234009,
            0.10224956274032593
        ],
        [
            0.0751681923866272,
            -0.8100666403770447,
            0.09988030046224594
        ],
        [
            0.06869364529848099,
            -0.804246187210083,
            0.10355169326066971
        ],
        [
            0.07902021706104279,
            -0.8199765682220459,
            0.10234636068344116
        ],
        [
            0.0801544040441513,
            -0.8149867653846741,
            0.10173788666725159
        ],
        [
            0.08802718669176102,
            -0.8064562082290649,
            0.1042766198515892
        ],
        [
            0.0873226448893547,
            -0.8113474249839783,
            0.10522975772619247
        ],
        [
            0.09494633227586746,
            -0.810358464717865,
            0.1063227578997612
        ],
        [
            0.09373142570257187,
            -0.8053209781646729,
            0.104265958070755
        ],
        [
            0.07929340749979019,
            -0.8084625005722046,
            0.10120967030525208
        ],
        [
            0.08189128339290619,
            -0.810402512550354,
            0.10362228751182556
        ],
        [
            0.08409041911363602,
            -0.806149959564209,
            0.10246237367391586
        ],
        [
            0.08173687756061554,
            -0.8049801588058472,
            0.09928566217422485
        ],
        [
            0.08727423846721649,
            -0.817466676235199,
            0.10239437222480774
        ],
        [
            0.09473830461502075,
            -0.8172436952590942,
            0.10399522632360458
        ],
        [
            0.10279911756515503,
            -0.8165830373764038,
            0.104957714676857
        ],
        [
            0.1022275909781456,
            -0.8078412413597107,
            0.10684841871261597
        ],
        [
            0.052017562091350555,
            -0.7989997863769531,
            0.11221058666706085
        ],
        [
            0.060729384422302246,
            -0.8039997816085815,
            0.11137274652719498
        ],
        [
            0.06229265779256821,
            -0.7991482019424438,
            0.10677509754896164
        ],
        [
            0.055475831031799316,
            -0.7950162887573242,
            0.1083265095949173
        ],
        [
            0.07744625955820084,
            -0.8029798865318298,
            0.09807699918746948
        ],
        [
            0.07047747075557709,
            -0.7881784439086914,
            0.0996551513671875
        ],
        [
            0.07166068255901337,
            -0.7916592359542847,
            0.10052404552698135
        ],
        [
            0.07839028537273407,
            -0.7910512685775757,
            0.09785693138837814
        ],
        [
            0.07678501307964325,
            -0.7878879308700562,
            0.0975441187620163
        ],
        [
            0.037671156227588654,
            -0.7882881760597229,
            0.10907469689846039
        ],
        [
            0.044366441667079926,
            -0.7856594324111938,
            0.10726543515920639
        ],
        [
            0.0397275909781456,
            -0.7799609899520874,
            0.10509908199310303
        ],
        [
            0.031654149293899536,
            -0.7816880345344543,
            0.1055660992860794
        ],
        [
            0.03746653348207474,
            -0.7750070095062256,
            0.10211805999279022
        ],
        [
            0.026596449315547943,
            -0.7753666639328003,
            0.10171913355588913
        ],
        [
            0.02771904319524765,
            -0.762114405632019,
            0.092958465218544
        ],
        [
            0.026490792632102966,
            -0.7680426836013794,
            0.0971880853176117
        ],
        [
            0.03840229660272598,
            -0.7696146965026855,
            0.09860556572675705
        ],
        [
            0.042519159615039825,
            -0.7639297246932983,
            0.09570592641830444
        ],
        [
            0.0590902641415596,
            -0.7648171782493591,
            0.09090624004602432
        ],
        [
            0.06406668573617935,
            -0.7625704407691956,
            0.08781585842370987
        ],
        [
            0.0558796226978302,
            -0.7524776458740234,
            0.08906471729278564
        ],
        [
            0.04904820770025253,
            -0.7573201656341553,
            0.09258158504962921
        ],
        [
            0.06592150777578354,
            -0.7841217517852783,
            0.0959642082452774
        ],
        [
            0.06154555827379227,
            -0.7852238416671753,
            0.09742125868797302
        ],
        [
            0.06363915652036667,
            -0.7859083414077759,
            0.09912683069705963
        ],
        [
            0.0689307451248169,
            -0.7857308983802795,
            0.0978332906961441
        ],
        [
            0.058023206889629364,
            -0.7856141328811646,
            0.09921374917030334
        ],
        [
            0.05642735958099365,
            -0.7856178283691406,
            0.10011221468448639
        ],
        [
            0.057890042662620544,
            -0.7864726185798645,
            0.10078161954879761
        ],
        [
            0.05895445495843887,
            -0.786148190498352,
            0.0994921624660492
        ],
        [
            0.06043253093957901,
            -0.7855658531188965,
            0.09825512766838074
        ],
        [
            0.06067325174808502,
            -0.7836315035820007,
            0.09747141599655151
        ],
        [
            0.05859697610139847,
            -0.7847233414649963,
            0.09873782843351364
        ],
        [
            0.06462667137384415,
            -0.781902551651001,
            0.0961560308933258
        ],
        [
            0.07656072825193405,
            -0.7766085267066956,
            0.09081031382083893
        ],
        [
            0.07386060804128647,
            -0.7778394222259521,
            0.0927632674574852
        ],
        [
            0.07547193020582199,
            -0.7820132970809937,
            0.09176525473594666
        ],
        [
            0.07768664509057999,
            -0.7813296318054199,
            0.09014527499675751
        ],
        [
            0.06051933020353317,
            -0.7876204252243042,
            0.1007874384522438
        ],
        [
            0.05934163182973862,
            -0.7893493175506592,
            0.10275018215179443
        ],
        [
            0.06502539664506912,
            -0.7906739711761475,
            0.10207745432853699
        ],
        [
            0.0643543228507042,
            -0.7882879972457886,
            0.10039088129997253
        ],
        [
            0.05826498568058014,
            -0.7912501096725464,
            0.10515911132097244
        ],
        [
            0.05643019080162048,
            -0.7878280878067017,
            0.10250086337327957
        ],
        [
            0.05384989082813263,
            -0.788765013217926,
            0.1049860268831253
        ],
        [
            0.05616176128387451,
            -0.7839642763137817,
            0.09947526454925537
        ],
        [
            0.05292253941297531,
            -0.7828707695007324,
            0.10064665228128433
        ],
        [
            0.054228007793426514,
            -0.7850404977798462,
            0.10200159251689911
        ],
        [
            0.05338362604379654,
            -0.7796857357025146,
            0.09881848841905594
        ],
        [
            0.057835690677165985,
            -0.7818011045455933,
            0.09786605089902878
        ],
        [
            0.061433374881744385,
            -0.7791857123374939,
            0.09640314429998398
        ],
        [
            0.06633202731609344,
            -0.77642822265625,
            0.09454052150249481
        ],
        [
            0.06115909665822983,
            -0.7728701233863831,
            0.09423897415399551
        ],
        [
            0.05642940104007721,
            -0.7761582136154175,
            0.09675899147987366
        ],
        [
            0.064041867852211,
            -0.7944751977920532,
            0.10410688072443008
        ],
        [
            0.050054989755153656,
            -0.7851665019989014,
            0.10427466034889221
        ],
        [
            0.04979579895734787,
            -0.7913765907287598,
            0.10807262361049652
        ],
        [
            0.04769875854253769,
            -0.7809949517250061,
            0.10290142148733139
        ],
        [
            0.04709259420633316,
            -0.77691650390625,
            0.10036449879407883
        ],
        [
            0.04829001426696777,
            -0.7729652523994446,
            0.0978422611951828
        ],
        [
            0.05393272638320923,
            -0.7685385346412659,
            0.09427514672279358
        ],
        [
            0.042927682399749756,
            -0.7479625344276428,
            0.08374149352312088
        ],
        [
            0.03531545400619507,
            -0.7543331384658813,
            0.08867405354976654
        ],
        [
            0.08246868848800659,
            -0.8600637912750244,
            0.1210796982049942
        ],
        [
            0.07463589310646057,
            -0.8605653047561646,
            0.12652058899402618
        ],
        [
            0.06856239587068558,
            -0.8549721240997314,
            0.12257248163223267
        ],
        [
            0.06856784224510193,
            -0.8573586940765381,
            0.12423130869865417
        ],
        [
            0.07419583946466446,
            -0.857007622718811,
            0.12247692048549652
        ],
        [
            0.07318131625652313,
            -0.854779839515686,
            0.12090560793876648
        ],
        [
            0.04657626152038574,
            -0.8534632921218872,
            0.12412280589342117
        ],
        [
            0.05361448973417282,
            -0.8535204529762268,
            0.12282077968120575
        ],
        [
            0.05110711604356766,
            -0.8503297567367554,
            0.12199331820011139
        ],
        [
            0.0431387796998024,
            -0.847409725189209,
            0.12441524863243103
        ],
        [
            0.05896845459938049,
            -0.8404427766799927,
            0.11898395419120789
        ],
        [
            0.054153405129909515,
            -0.8428852558135986,
            0.12093578279018402
        ],
        [
            0.06051463633775711,
            -0.8482095003128052,
            0.12002155184745789
        ],
        [
            0.06407953798770905,
            -0.8464009165763855,
            0.11874525249004364
        ],
        [
            0.06770477443933487,
            -0.8450457453727722,
            0.11690447479486465
        ],
        [
            0.0711139664053917,
            -0.8444038033485413,
            0.11425650119781494
        ],
        [
            0.06898351013660431,
            -0.8395828008651733,
            0.11323799937963486
        ],
        [
            0.06429638713598251,
            -0.8395543098449707,
            0.11620566248893738
        ],
        [
            0.07969419658184052,
            -0.857201099395752,
            0.11816208064556122
        ],
        [
            0.08344731479883194,
            -0.8562428951263428,
            0.11188999563455582
        ],
        [
            0.08123670518398285,
            -0.853735625743866,
            0.11226802319288254
        ],
        [
            0.07828480005264282,
            -0.8543808460235596,
            0.11761488020420074
        ],
        [
            0.08154214173555374,
            -0.8488868474960327,
            0.09991513937711716
        ],
        [
            0.08234837651252747,
            -0.8509891033172607,
            0.10188810527324677
        ],
        [
            0.08579039573669434,
            -0.8519396781921387,
            0.09973309189081192
        ],
        [
            0.08431924134492874,
            -0.8477311134338379,
            0.09792828559875488
        ],
        [
            0.08203546702861786,
            -0.8448798656463623,
            0.09927380084991455
        ],
        [
            0.08057484775781631,
            -0.8471308946609497,
            0.10087868571281433
        ],
        [
            0.08891768753528595,
            -0.914871335029602,
            0.12639115750789642
        ],
        [
            0.09312710165977478,
            -0.8961561918258667,
            0.12510713934898376
        ],
        [
            0.06838630884885788,
            -0.912708580493927,
            0.1302213817834854
        ],
        [
            0.051059454679489136,
            -0.9066928625106812,
            0.12979954481124878
        ],
        [
            0.03568272292613983,
            -0.8969322443008423,
            0.12810096144676208
        ],
        [
            0.029057785868644714,
            -0.7949199676513672,
            0.11097703874111176
        ],
        [
            0.020424872636795044,
            -0.7883503437042236,
            0.10714132338762283
        ],
        [
            0.008434422314167023,
            -0.7993287444114685,
            0.10702934116125107
        ],
        [
            0.0022414103150367737,
            -0.7911115288734436,
            0.10044682025909424
        ],
        [
            0.014422312378883362,
            -0.7801046371459961,
            0.1014961302280426
        ],
        [
            0.013848632574081421,
            -0.7635663747787476,
            0.0868757963180542
        ],
        [
            0.011991389095783234,
            -0.7712260484695435,
            0.09439210593700409
        ],
        [
            -0.002801552414894104,
            -0.78351891040802,
            0.09072527289390564
        ],
        [
            -0.014600038528442383,
            -0.7996305227279663,
            0.08888601511716843
        ],
        [
            -0.007898695766925812,
            -0.8043138980865479,
            0.09916365891695023
        ],
        [
            -0.021824911236763,
            -0.8183834552764893,
            0.0868072658777237
        ],
        [
            -0.02435709536075592,
            -0.795422375202179,
            0.07609006762504578
        ],
        [
            -0.027792736887931824,
            -0.8194940090179443,
            0.0787152647972107
        ],
        [
            -0.026295311748981476,
            -0.7580441236495972,
            0.06240062043070793
        ],
        [
            -0.034450482577085495,
            -0.7485058903694153,
            0.05725471302866936
        ],
        [
            -0.04749046266078949,
            -0.7581287622451782,
            0.05122647434473038
        ],
        [
            -0.04081498831510544,
            -0.7682283520698547,
            0.05889211595058441
        ],
        [
            0.0011411681771278381,
            -0.809489369392395,
            0.10619204491376877
        ],
        [
            0.02366510033607483,
            -0.86784827709198,
            0.12232979387044907
        ],
        [
            0.033981360495090485,
            -0.8638414144515991,
            0.12643562257289886
        ],
        [
            0.015190914273262024,
            -0.8568693399429321,
            0.12113784998655319
        ],
        [
            0.024474352598190308,
            -0.9302349090576172,
            0.1219181939959526
        ],
        [
            0.03908611088991165,
            -0.920239269733429,
            0.12743538618087769
        ],
        [
            0.025408536195755005,
            -0.9077613353729248,
            0.12663671374320984
        ],
        [
            0.012642592191696167,
            -0.9191031455993652,
            0.12191992998123169
        ],
        [
            0.05727298557758331,
            -0.9588906764984131,
            0.11054094135761261
        ],
        [
            0.07445753365755081,
            -0.9393614530563354,
            0.12130049616098404
        ],
        [
            0.05771075189113617,
            -0.9310015439987183,
            0.12447948753833771
        ],
        [
            0.0428314208984375,
            -0.9468321800231934,
            0.11760175228118896
        ],
        [
            0.002253219485282898,
            -0.9248863458633423,
            0.11598628014326096
        ],
        [
            -0.012609675526618958,
            -0.931989312171936,
            0.10630819946527481
        ],
        [
            -0.010584726929664612,
            -0.9491962790489197,
            0.10146328806877136
        ],
        [
            0.008189156651496887,
            -0.9419533610343933,
            0.11264371871948242
        ],
        [
            -0.0021854043006896973,
            -0.9696093797683716,
            0.09043242037296295
        ],
        [
            0.019733339548110962,
            -0.9616435766220093,
            0.10516077280044556
        ],
        [
            -0.03923042118549347,
            -0.8081482648849487,
            0.06573082506656647
        ],
        [
            -0.0356532484292984,
            -0.8272504806518555,
            0.0705752819776535
        ],
        [
            -0.031478166580200195,
            -0.7802588939666748,
            0.06748580932617188
        ],
        [
            -0.043835483491420746,
            -0.7921197414398193,
            0.059470877051353455
        ],
        [
            0.009149104356765747,
            -0.9840564131736755,
            0.07506820559501648
        ],
        [
            0.03502902388572693,
            -0.9764367341995239,
            0.09313890337944031
        ],
        [
            -0.04912325739860535,
            -0.9256311058998108,
            0.06483599543571472
        ],
        [
            -0.03986339271068573,
            -0.9401000738143921,
            0.07525619119405746
        ],
        [
            -0.03520342707633972,
            -0.9235970377922058,
            0.08718647807836533
        ],
        [
            -0.04494006931781769,
            -0.9123075008392334,
            0.07682953774929047
        ],
        [
            -0.05149824917316437,
            -0.93879234790802,
            0.049692943692207336
        ],
        [
