{
    "pred_cam": [
        1.194426417350769,
        -0.035834938287734985,
        0.15797054767608643
    ],
    "pred_smpl_params": {
        "global_orient": [
            [
                [
                    0.9258413314819336,
                    0.1854880452156067,
                    0.3292599022388458
                ],
                [
                    0.16471093893051147,
                    -0.9822108149528503,
                    0.09017861634492874
                ],
                [
                    0.34012970328330994,
                    -0.029258383437991142,
                    -0.9399232864379883
                ]
            ]
        ],
        "body_pose": [
            [
                [
                    0.9947585463523865,
                    0.016370033845305443,
                    -0.10093308240175247
                ],
                [
                    -0.006186055950820446,
                    0.994928240776062,
                    0.10039697587490082
                ],
                [
                    0.10206466913223267,
                    -0.09924636781215668,
                    0.9898146390914917
                ]
            ],
            [
                [
                    0.998137891292572,
                    0.02987181767821312,
                    -0.05318235978484154
                ],
                [
                    -0.023223526775836945,
                    0.992318868637085,
                    0.12150770425796509
                ],
                [
                    0.0564035028219223,
                    -0.12004636973142624,
                    0.9911648035049438
                ]
            ],
            [
                [
                    0.995538055896759,
                    0.021692151203751564,
                    0.09183356910943985
                ],
                [
                    -0.003324849996715784,
                    0.9806774258613586,
                    -0.19560368359088898
                ],
                [
                    -0.09430216252803802,
                    0.1944255828857422,
                    0.9763737916946411
                ]
            ],
            [
                [
                    0.9838868379592896,
                    -0.1038486659526825,
                    -0.14554043114185333
                ],
                [
                    0.007877794094383717,
                    0.8384103178977966,
                    -0.5449825525283813
                ],
                [
                    0.17861835658550262,
                    0.5350546836853027,
                    0.8257189989089966
                ]
            ],
            [
                [
                    0.9935053586959839,
                    -0.11264250427484512,
                    0.016084423288702965
                ],
                [
                    0.1083117425441742,
                    0.8929046392440796,
                    -0.437023788690567
                ],
                [
                    0.034865602850914,
                    0.4359276294708252,
                    0.899306058883667
                ]
            ],
            [
                [
                    0.9913023114204407,
                    0.08321724832057953,
                    0.10195385664701462
                ],
                [
                    -0.07800422608852386,
                    0.9954841136932373,
                    -0.054099664092063904
                ],
                [
                    -0.10599546134471893,
                    0.04567629471421242,
                    0.9933170080184937
                ]
            ],
            [
                [
                    0.9854100942611694,
                    0.08911880850791931,
                    0.1449994295835495
                ],
                [
                    -0.09711866825819016,
                    0.9940634965896606,
                    0.04904805123806
                ],
                [
                    -0.13976752758026123,
                    -0.062414586544036865,
                    0.9882153272628784
                ]
            ],
            [
                [
                    0.9896672368049622,
                    -0.03037886507809162,
                    -0.14012815058231354
                ],
                [
                    0.034845735877752304,
                    0.9989562034606934,
                    0.029533889144659042
                ],
                [
                    0.13908468186855316,
                    -0.034111592918634415,
                    0.9896928071975708
                ]
            ],
            [
                [
                    0.9963826537132263,
                    0.03559968248009682,
                    0.07716432958841324
                ],
                [
                    -0.029797876253724098,
                    0.9967324137687683,
                    -0.07507705688476562
                ],
                [
                    -0.07958490401506424,
                    0.0725061446428299,
                    0.9941876530647278
                ]
            ],
            [
                [
                    0.9843435883522034,
                    -0.17624099552631378,
                    -0.002616666257381439
                ],
                [
                    0.17497596144676208,
                    0.9752739667892456,
                    0.13499706983566284
                ],
                [
                    -0.021240048110485077,
                    -0.13334135711193085,
                    0.9908426403999329
                ]
            ],
            [
                [
                    0.9907572269439697,
                    0.11670785397291183,
                    -0.0691329762339592
                ],
                [
                    -0.1032688096165657,
                    0.9794138073921204,
                    0.1734476536512375
                ],
                [
                    0.08795250207185745,
                    -0.16470523178577423,
                    0.9824135899543762
                ]
            ],
            [
                [
                    0.9969122409820557,
                    0.06832288205623627,
                    0.03870364651083946
                ],
                [
                    -0.06703123450279236,
                    0.997180163860321,
                    -0.03374301642179489
                ],
                [
                    -0.04089992865920067,
                    0.031044473871588707,
                    0.9986808896064758
                ]
            ],
            [
                [
                    0.9198245406150818,
                    0.39058956503868103,
                    -0.036913271993398666
                ],
                [
                    -0.391481876373291,
                    0.9199476838111877,
                    -0.020931292325258255
                ],
                [
                    0.025782737880945206,
                    0.0337039940059185,
                    0.9990991950035095
                ]
            ],
            [
                [
                    0.9128356575965881,
                    -0.355251669883728,
                    0.2013143002986908
                ],
                [
                    0.3621704876422882,
                    0.9321081638336182,
                    0.002636984921991825
                ],
                [
                    -0.18858349323272705,
                    0.07050295919179916,
                    0.979523241519928
                ]
            ],
            [
                [
                    0.9956658482551575,
                    0.06784370541572571,
                    0.06361424177885056
                ],
                [
                    -0.04487016052007675,
                    0.9495495557785034,
                    -0.31039074063301086
                ],
                [
                    -0.08146291971206665,
                    0.3061910569667816,
                    0.9484782218933105
                ]
            ],
            [
                [
                    0.4839023947715759,
                    0.824529230594635,
                    -0.2932405173778534
                ],
                [
                    -0.8732324242591858,
                    0.4769503176212311,
                    -0.09991749376058578
                ],
                [
                    0.05747624486684799,
                    0.3044174611568451,
                    0.9508030414581299
                ]
            ],
            [
                [
                    0.4353726804256439,
                    -0.7549310922622681,
                    0.4904383420944214
                ],
                [
                    0.8430508971214294,
                    0.5329881310462952,
                    0.0720335841178894
                ],
                [
                    -0.3157782256603241,
                    0.3821030259132385,
                    0.8684937953948975
                ]
            ],
            [
                [
                    0.2449856549501419,
                    -0.37890687584877014,
                    -0.8924189805984497
                ],
                [
                    0.1738678365945816,
                    0.9227166175842285,
                    -0.34404081106185913
                ],
                [
                    0.9538092017173767,
                    -0.07087789475917816,
                    0.29193204641342163
                ]
            ],
            [
                [
                    0.23233957588672638,
                    0.37227246165275574,
                    0.8985719084739685
                ],
                [
                    0.047626081854104996,
                    0.9183908104896545,
                    -0.3927977383136749
                ],
                [
                    -0.9714679718017578,
                    0.1340579092502594,
                    0.195648655295372
                ]
            ],
            [
                [
                    0.988112211227417,
                    -0.13806407153606415,
                    -0.06762092560529709
                ],
                [
                    0.14437444508075714,
                    0.9844989776611328,
                    0.0995878279209137
                ],
                [
                    0.05282323434948921,
                    -0.10816668719053268,
                    0.9927284121513367
                ]
            ],
            [
                [
                    0.987642228603363,
                    0.14209851622581482,
                    0.06611231714487076
                ],
                [
                    -0.14323703944683075,
                    0.9896058440208435,
                    0.012787998653948307
                ],
                [
                    -0.06360796838998795,
                    -0.022099699825048447,
                    0.9977303147315979
                ]
            ],
            [
                [
                    0.9672248363494873,
                    0.22640328109264374,
                    -0.1149681806564331
                ],
                [
                    -0.21125337481498718,
                    0.9686993360519409,
                    0.13035956025123596
                ],
                [
                    0.1408834308385849,
                    -0.10179958492517471,
                    0.9847785234451294
                ]
            ],
            [
                [
                    0.970818042755127,
                    -0.2316533923149109,
                    0.062041256576776505
                ],
                [
                    0.2217186987400055,
                    0.9655892848968506,
                    0.13593435287475586
                ],
                [
                    -0.0913960263133049,
                    -0.11821179836988449,
                    0.9887734055519104
                ]
            ]
        ],
        "betas": [
            -0.025413259863853455,
            0.09754393994808197,
            0.3127426207065582,
            1.026204228401184,
            0.007129669189453125,
            -0.03665252774953842,
            -0.042444467544555664,
            0.07721051573753357,
            0.07636904716491699,
            -0.05134844779968262
        ]
    },
    "pred_cam_t": [
        -0.035834938287734985,
        0.15797054767608643,
        32.703983306884766
    ],
    "focal_length": [
        5000.0,
        5000.0
    ],
    "pred_keypoints_3d": [
        [
            0.2895573377609253,
            -0.7229655981063843,
            -0.1725197732448578
        ],
        [
            0.1508091688156128,
            -0.724083423614502,
            -0.037324465811252594
        ],
        [
            -0.025324054062366486,
            -0.663344144821167,
            -0.13196270167827606
        ],
        [
            -0.10647328197956085,
            -0.4260689318180084,
            -0.12448350340127945
        ],
        [
            0.10562896728515625,
            -0.30702897906303406,
            -0.19216963648796082
        ],
        [
            0.24673017859458923,
            -0.5985049605369568,
            0.09498513489961624
        ],
        [
            0.14996537566184998,
            -0.37782126665115356,
            0.18683838844299316
        ],
        [
            0.2220500111579895,
            -0.23104986548423767,
            0.0015592128038406372
        ],
        [
            -0.0026066312566399574,
            -0.23323875665664673,
            0.026028957217931747
        ],
        [
            -0.08106706291437149,
            -0.1557815968990326,
            0.011422310024499893
        ],
        [
            -0.18358907103538513,
            0.2068897783756256,
            -0.028101753443479538
        ],
        [
            -0.24621564149856567,
            0.5494028329849243,
            0.15516744554042816
        ],
        [
            0.039569154381752014,
            -0.1332123726606369,
            0.058215975761413574
        ],
        [
            0.010731039568781853,
            0.23575951159000397,
            0.04288620129227638
        ],
        [
            -0.0710245743393898,
            0.5475260615348816,
            0.26802289485931396
        ],
        [
            0.27499324083328247,
            -0.7814300656318665,
            -0.1864730268716812
        ],
        [
            0.3203098177909851,
            -0.765713095664978,
            -0.14024114608764648
        ],
        [
            0.1944115161895752,
            -0.8390097618103027,
            -0.14970934391021729
        ],
        [
            0.2966304421424866,
            -0.8038287162780762,
            -0.047779664397239685
        ],
        [
            -0.06605435162782669,
            0.6817405223846436,
            0.12049347162246704
        ],
        [
            -0.0058659762144088745,
            0.6750044822692871,
            0.17924511432647705
        ],
        [
            -0.07879344373941422,
            0.5516272783279419,
            0.3364577293395996
        ],
        [
            -0.22714108228683472,
            0.6606014370918274,
            -0.01002436876296997
        ],
        [
            -0.3048325777053833,
            0.6419557332992554,
            0.02716389298439026
        ],
        [
            -0.26305562257766724,
            0.569476306438446,
            0.2226419746875763
        ],
        [
            -0.26282212138175964,
            0.49158990383148193,
            0.15722858905792236
        ],
        [
            -0.16713020205497742,
            0.14414151012897491,
            -0.03026653453707695
        ],
        [
            -0.12979072332382202,
            -0.29122817516326904,
            -0.01481988187879324
        ],
        [
            0.1237226128578186,
            -0.22764308750629425,
            0.09294324368238449
        ],
        [
            0.026400411501526833,
            0.19622202217578888,
            0.04218519851565361
        ],
        [
            -0.05779808759689331,
            0.5070515871047974,
            0.27446144819259644
        ],
        [
            0.1057741791009903,
            -0.34427592158317566,
            -0.1803227961063385
        ],
        [
            -0.09437114000320435,
            -0.44675856828689575,
            -0.16140609979629517
        ],
        [
            0.014054669998586178,
            -0.688629150390625,
            -0.11423154175281525
        ],
        [
            0.2327319234609604,
            -0.6359317898750305,
            0.07547096908092499
        ],
        [
            0.20206403732299805,
            -0.38973382115364075,
            0.17462517321109772
        ],
        [
            0.23076888918876648,
            -0.2528640031814575,
            0.008143150247633457
        ],
        [
            0.15263277292251587,
            -0.7099206447601318,
            -0.03810080885887146
        ],
        [
            0.28731828927993774,
            -0.8504185676574707,
            -0.1234622448682785
        ],
        [
            -0.002535090781748295,
            -0.25935718417167664,
            0.03954648599028587
        ],
        [
            0.1223817989230156,
            -0.6601330041885376,
            -0.021724678575992584
        ],
        [
            0.050895705819129944,
            -0.5084037184715271,
            0.020405855029821396
        ],
        [
            0.2418905347585678,
            -0.7460787892341614,
            -0.10997460037469864
        ],
        [
            0.29135823249816895,
            -0.8707411289215088,
            -0.12644651532173157
        ]
    ],
    "pred_vertices": [
        [
            0.35600221157073975,
            -0.79780113697052,
            -0.14696186780929565
        ],
        [
            0.3465955853462219,
            -0.7844270467758179,
            -0.15099285542964935
        ],
        [
            0.34779664874076843,
            -0.7846692800521851,
            -0.13664710521697998
        ],
        [
            0.35356661677360535,
            -0.7966143488883972,
            -0.129542276263237
        ],
        [
            0.3423795700073242,
            -0.7753928899765015,
            -0.14038817584514618
        ],
        [
            0.3395755887031555,
            -0.7747679948806763,
            -0.15208324790000916
        ],
        [
            0.3438775837421417,
            -0.7846342921257019,
            -0.12322597205638885
        ],
        [
            0.34670138359069824,
            -0.7944263815879822,
            -0.1145746111869812
        ],
        [
            0.3213733434677124,
            -0.7630102634429932,
            -0.10096655786037445
        ],
        [
            0.3170008659362793,
            -0.7641044855117798,
            -0.09069716930389404
        ],
        [
            0.3246668577194214,
            -0.7726211547851562,
            -0.09544652700424194
        ],
        [
            0.3261181712150574,
            -0.7696996927261353,
            -0.10530088096857071
        ],
        [
            0.30411094427108765,
            -0.7454881072044373,
            -0.09186267852783203
        ],
        [
            0.29854434728622437,
            -0.7348830699920654,
            -0.09875987470149994
        ],
        [
            0.2904116213321686,
            -0.7331850528717041,
            -0.08831648528575897
        ],
        [
            0.2946397066116333,
            -0.7439943552017212,
            -0.08132919669151306
        ],
        [
            0.2960186004638672,
            -0.7394260168075562,
            -0.14080458879470825
        ],
        [
            0.2954092025756836,
            -0.7336832284927368,
            -0.13427090644836426
        ],
        [
            0.3014566898345947,
            -0.7383612990379333,
            -0.13306477665901184
        ],
        [
            0.300930380821228,
            -0.7438315153121948,
            -0.13961756229400635
        ],
        [
            0.29857954382896423,
            -0.7452312111854553,
            -0.15450692176818848
        ],
        [
            0.30071914196014404,
            -0.7512613534927368,
            -0.15320312976837158
        ],
        [
            0.30245649814605713,
            -0.7520967721939087,
            -0.16105830669403076
        ],
        [
            0.3009874224662781,
            -0.744681715965271,
            -0.16224011778831482
        ],
        [
            0.2894909381866455,
            -0.7365429401397705,
            -0.1431349217891693
        ],
        [
            0.28875812888145447,
            -0.7307509183883667,
            -0.13599491119384766
        ],
        [
            0.2969544529914856,
            -0.7438571453094482,
            -0.1468593031167984
        ],
        [
            0.2941681146621704,
            -0.739668071269989,
            -0.148578941822052
        ],
        [
            0.294264018535614,
            -0.7290524244308472,
            -0.1556462198495865
        ],
        [
            0.2972458302974701,
            -0.7332028150558472,
            -0.15493178367614746
        ],
        [
            0.29904913902282715,
            -0.7305890321731567,
            -0.1621827334165573
        ],
        [
            0.29468733072280884,
            -0.7270420789718628,
            -0.161088764667511
        ],
        [
            0.29084908962249756,
            -0.7336307764053345,
            -0.14730525016784668
        ],
        [
            0.29440468549728394,
            -0.7340338826179504,
            -0.1496599018573761
        ],
        [
            0.2918240427970886,
            -0.7302826046943665,
            -0.15184247493743896
        ],
        [
            0.28791365027427673,
            -0.7309240102767944,
            -0.15012004971504211
        ],
        [
            0.29716289043426514,
            -0.7403333783149719,
            -0.15551583468914032
        ],
        [
            0.3000110387802124,
            -0.7380591630935669,
            -0.16267378628253937
        ],
        [
            0.3018771708011627,
            -0.7356739044189453,
            -0.17053478956222534
        ],
        [
            0.2992888391017914,
            -0.7270640134811401,
            -0.16968153417110443
        ],
        [
            0.29157596826553345,
            -0.7246252298355103,
            -0.11827864497900009
        ],
        [
            0.29437384009361267,
            -0.728473961353302,
            -0.12661197781562805
        ],
        [
            0.28817349672317505,
            -0.7258641719818115,
            -0.12893721461296082
        ],
        [
            0.2867339253425598,
            -0.7222405672073364,
            -0.12207911908626556
        ],
        [
            0.2850382924079895,
            -0.7304327487945557,
            -0.1461232602596283
        ],
        [
            0.2782279849052429,
            -0.7173330783843994,
            -0.1389281451702118
        ],
        [
            0.2807963192462921,
            -0.7200362086296082,
            -0.14000791311264038
        ],
        [
            0.2793199121952057,
            -0.7195505499839783,
            -0.14710155129432678
        ],
        [
            0.2772306203842163,
            -0.7170064449310303,
            -0.14550665020942688
        ],
        [
            0.28215476870536804,
            -0.7177892923355103,
            -0.10495138168334961
        ],
        [
            0.28003764152526855,
            -0.7155026793479919,
            -0.1115061417222023
        ],
        [
            0.27493545413017273,
            -0.7116879224777222,
            -0.10747489333152771
        ],
        [
            0.2752548158168793,
            -0.71403968334198,
            -0.10028248280286789
        ],
        [
            0.26944318413734436,
            -0.7084439992904663,
            -0.10695278644561768
        ],
        [
            0.268186092376709,
            -0.7103928327560425,
            -0.0970470979809761
        ],
        [
            0.25396794080734253,
            -0.7011799812316895,
            -0.09975491464138031
        ],
        [
            0.26054319739341736,
            -0.7053635716438293,
            -0.09792925417423248
        ],
        [
            0.2637523114681244,
            -0.7046724557876587,
            -0.10850521177053452
        ],
        [
            0.25871196389198303,
            -0.6999120712280273,
            -0.11285299062728882
        ],
        [
            0.25761109590530396,
            -0.7010316252708435,
            -0.12792369723320007
        ],
        [
            0.2544030249118805,
            -0.6997511386871338,
            -0.1334138810634613
        ],
        [
            0.24934066832065582,
            -0.690664529800415,
            -0.1252499222755432
        ],
        [
            0.25369563698768616,
            -0.6942305564880371,
            -0.11933557689189911
        ],
        [
            0.27249211072921753,
            -0.7155193090438843,
            -0.13446736335754395
        ],
        [
            0.27370238304138184,
            -0.7164890766143799,
            -0.12987536191940308
        ],
        [
            0.27589112520217896,
            -0.7161328792572021,
            -0.13153871893882751
        ],
        [
            0.2754998505115509,
            -0.7157822251319885,
            -0.1368532031774521
        ],
        [
            0.2749176025390625,
            -0.7167826890945435,
            -0.12600767612457275
        ],
        [
            0.2754650115966797,
            -0.7167737483978271,
            -0.12426598370075226
        ],
        [
            0.2767202854156494,
            -0.7169950008392334,
            -0.1255866289138794
        ],
        [
            0.27560728788375854,
            -0.7169961929321289,
            -0.12661641836166382
        ],
        [
            0.274440735578537,
            -0.7167292833328247,
            -0.12831348180770874
        ],
        [
            0.2728387117385864,
            -0.7151724696159363,
            -0.1287144124507904
        ],
        [
            0.27411770820617676,
            -0.716022253036499,
            -0.12669315934181213
        ],
        [
            0.27145588397979736,
            -0.7134441137313843,
            -0.13277092576026917
        ],
        [
            0.26566922664642334,
            -0.7098327875137329,
            -0.1462409496307373
        ],
        [
            0.26794618368148804,
            -0.7100067734718323,
            -0.14256079494953156
        ],
        [
            0.26914769411087036,
            -0.7143822908401489,
            -0.1443624496459961
        ],
        [
            0.26737454533576965,
            -0.7144033908843994,
            -0.14765900373458862
        ],
        [
            0.2775160074234009,
            -0.7177106738090515,
            -0.12866169214248657
        ],
        [
            0.280026376247406,
            -0.7185462117195129,
            -0.12683320045471191
        ],
        [
            0.2809666097164154,
            -0.7191234230995178,
            -0.13248741626739502
        ],
        [
            0.27824312448501587,
            -0.7176891565322876,
            -0.13218405842781067
        ],
        [
            0.2828119993209839,
            -0.7195334434509277,
            -0.12515932321548462
        ],
        [
            0.27860569953918457,
            -0.7178596258163452,
            -0.1238749548792839
        ],
        [
            0.2806268334388733,
            -0.7182355523109436,
            -0.12161991745233536
        ],
        [
            0.27402621507644653,
            -0.7155147790908813,
            -0.12412295490503311
        ],
        [
            0.2740726172924042,
            -0.7146528363227844,
            -0.12071889638900757
        ],
        [
            0.27652451395988464,
            -0.7159247994422913,
            -0.12171254307031631
        ],
        [
            0.27101579308509827,
            -0.7122321724891663,
            -0.12149856239557266
        ],
        [
            0.2718222737312317,
            -0.7138357162475586,
            -0.12601983547210693
        ],
        [
            0.26985377073287964,
            -0.7112926840782166,
            -0.12974333763122559
        ],
        [
            0.2676306664943695,
            -0.7088006734848022,
            -0.13472047448158264
        ],
        [
            0.2647388279438019,
            -0.7065857648849487,
            -0.12962661683559418
        ],
        [
            0.2679269313812256,
            -0.709243655204773,
            -0.12477041780948639
        ],
        [
            0.284004807472229,
            -0.7224047183990479,
            -0.13181838393211365
        ],
        [
            0.27799004316329956,
            -0.7156499624252319,
            -0.11728384345769882
        ],
        [
            0.2840583920478821,
            -0.7196805477142334,
            -0.1166781336069107
        ],
        [
            0.27448853850364685,
            -0.7127247452735901,
            -0.11521671712398529
        ],
        [
            0.2702469825744629,
            -0.7099758386611938,
            -0.1151808649301529
        ],
        [
            0.2658262550830841,
            -0.7068217992782593,
            -0.11800610274076462
        ],
        [
            0.26165497303009033,
            -0.7035829424858093,
            -0.12269130349159241
        ],
        [
            0.24011698365211487,
            -0.690498948097229,
            -0.11393177509307861
        ],
        [
            0.24684058129787445,
            -0.6947277188301086,
            -0.10746259987354279
        ],
        [
            0.3323497176170349,
            -0.7713315486907959,
            -0.14943091571331024
        ],
        [
            0.33618706464767456,
            -0.7705284357070923,
            -0.14124412834644318
        ],
        [
            0.3291964530944824,
            -0.7678791284561157,
            -0.13547953963279724
        ],
        [
            0.3320198655128479,
            -0.7690768837928772,
            -0.13460354506969452
        ],
        [
            0.3307802081108093,
            -0.7693901062011719,
            -0.14113251864910126
        ],
        [
            0.328308641910553,
            -0.7678486108779907,
            -0.1400919109582901
        ],
        [
            0.3261825144290924,
            -0.7689446806907654,
            -0.1138714849948883
        ],
        [
            0.32627901434898376,
            -0.7684911489486694,
            -0.12078218162059784
        ],
        [
            0.32342734932899475,
            -0.7666137218475342,
            -0.11851218342781067
        ],
        [
            0.3229508697986603,
            -0.7640833854675293,
            -0.11024395376443863
        ],
        [
            0.3172025680541992,
            -0.7582406997680664,
            -0.12590478360652924
        ],
        [
            0.31924766302108765,
            -0.760351300239563,
            -0.12117157876491547
        ],
        [
            0.32216429710388184,
            -0.764268159866333,
            -0.12753252685070038
        ],
        [
            0.32076990604400635,
            -0.7627272605895996,
            -0.13100385665893555
        ],
        [
            0.31893104314804077,
            -0.7620670795440674,
            -0.13482163846492767
        ],
        [
            0.3168379068374634,
            -0.762253999710083,
            -0.13878926634788513
        ],
        [
            0.31342700123786926,
            -0.7586321234703064,
            -0.136564239859581
        ],
        [
            0.31526798009872437,
            -0.7579042315483093,
            -0.1313888430595398
        ],
        [
            0.3278484642505646,
            -0.7708929777145386,
            -0.14685548841953278
        ],
        [
            0.3225829601287842,
            -0.7720993161201477,
            -0.15172594785690308
        ],
        [
            0.3211786150932312,
            -0.7700856924057007,
            -0.14935065805912018
        ],
        [
            0.3257600963115692,
            -0.7687402963638306,
            -0.1454387605190277
        ],
        [
            0.30812329053878784,
            -0.7709121704101562,
            -0.1517077535390854
        ],
        [
            0.3109879195690155,
            -0.7717740535736084,
            -0.15220721065998077
        ],
        [
            0.31014135479927063,
            -0.7728271484375,
            -0.15597249567508698
        ],
        [
            0.30633676052093506,
            -0.7702537775039673,
            -0.15473134815692902
        ],
        [
            0.3059315085411072,
            -0.7674586772918701,
            -0.15219104290008545
        ],
        [
            0.30806678533554077,
            -0.7690871357917786,
            -0.15052056312561035
        ],
        [
            0.36247944831848145,
            -0.8160356283187866,
            -0.1586190164089203
        ],
        [
            0.35309720039367676,
            -0.8001092672348022,
            -0.16249756515026093
        ],
        [
            0.362297385931015,
            -0.8151167631149292,
            -0.1379714161157608
        ],
        [
            0.35639020800590515,
            -0.8123775720596313,
            -0.12088356912136078
        ],
        [
            0.3489544093608856,
            -0.8061062693595886,
            -0.10502715408802032
        ],
        [
            0.2859090566635132,
            -0.7240315675735474,
            -0.0967862606048584
        ],
        [
            0.27834373712539673,
            -0.7209989428520203,
            -0.08942148834466934
        ],
        [
            0.2819628119468689,
            -0.7322168946266174,
            -0.07864776253700256
        ],
        [
            0.2721259295940399,
            -0.7277401089668274,
            -0.07393356412649155
        ],
        [
            0.2689291536808014,
            -0.7162178158760071,
            -0.0855034664273262
        ],
        [
            0.24847859144210815,
            -0.7058351635932922,
            -0.08840574324131012
        ],
        [
            0.2588982582092285,
            -0.7106778621673584,
            -0.08500587940216064
        ],
        [
            0.2607659697532654,
            -0.7238997220993042,
            -0.070955291390419
        ],
        [
            0.2659066915512085,
            -0.7408401966094971,
            -0.05918223783373833
        ],
        [
            0.27592289447784424,
            -0.7412376403808594,
            -0.06489147245883942
        ],
        [
            0.27117863297462463,
            -0.7596614360809326,
            -0.052768126130104065
        ],
        [
            0.25332024693489075,
            -0.7421561479568481,
            -0.05316098779439926
        ],
        [
            0.2644555866718292,
            -0.7648121118545532,
            -0.04904891923069954
        ],
        [
            0.22710704803466797,
            -0.7153305411338806,
            -0.059432581067085266
        ],
        [
            0.22183513641357422,
            -0.7085460424423218,
            -0.05377158895134926
        ],
        [
            0.22578847408294678,
            -0.719618558883667,
            -0.03833846002817154
        ],
        [
            0.23182886838912964,
            -0.7262937426567078,
            -0.04393130913376808
        ],
        [
            0.285409152507782,
            -0.7423994541168213,
            -0.07137364149093628
        ],
        [
            0.32889896631240845,
            -0.7844855785369873,
            -0.09212906658649445
        ],
        [
            0.3313421308994293,
            -0.7784390449523926,
            -0.10237862169742584
        ],
        [
            0.3200964331626892,
            -0.7772753238677979,
            -0.08516170084476471
        ],
        [
            0.35718032717704773,
            -0.8393056392669678,
            -0.09676440805196762
        ],
        [
            0.35944902896881104,
            -0.8264116048812866,
            -0.10987461358308792
        ],
        [
            0.3513159453868866,
            -0.818029522895813,
            -0.09635348618030548
        ],
        [
            0.3506670892238617,
            -0.8312814831733704,
            -0.08556368947029114
        ],
        [
            0.3642926812171936,
            -0.8655043840408325,
            -0.1334260255098343
        ],
        [
            0.3672693073749542,
            -0.8412407636642456,
            -0.1464635133743286
        ],
        [
            0.36451536417007446,
            -0.8351000547409058,
            -0.1294202357530594
        ],
        [
            0.36260879039764404,
            -0.8536711931228638,
            -0.11736930161714554
        ],
        [
            0.3460647463798523,
            -0.840072751045227,
            -0.07649253308773041
        ],
        [
            0.3385956287384033,
            -0.8527905941009521,
            -0.06469999998807907
        ],
        [
            0.3429880738258362,
            -0.8696473836898804,
            -0.06825768202543259
        ],
        [
            0.3523916006088257,
            -0.8558803796768188,
            -0.08388528227806091
        ],
        [
            0.3438781499862671,
            -0.891653299331665,
            -0.07921265810728073
        ],
        [
            0.35577189922332764,
            -0.8754494786262512,
            -0.09813041239976883
        ],
        [
            0.2503262162208557,
            -0.7609668374061584,
            -0.04093843325972557
        ],
        [
            0.2604254186153412,
            -0.7769745588302612,
            -0.043306298553943634
        ],
        [
            0.24046142399311066,
            -0.7332594990730286,
            -0.05096688121557236
        ],
        [
            0.24090424180030823,
            -0.7481054067611694,
            -0.03786589950323105
        ],
        [
            0.33913862705230713,
            -0.9108157157897949,
            -0.09393590688705444
        ],
        [
            0.3544405698776245,
            -0.8917701244354248,
            -0.11598433554172516
        ],
        [
            0.29542261362075806,
            -0.8695809841156006,
            -0.03417307883501053
        ],
        [
            0.3117663562297821,
            -0.8772544860839844,
            -0.04343213140964508
        ],
        [
            0.31491851806640625,
            -0.8564352989196777,
            -0.04502851516008377
        ],
        [
            0.2994176745414734,
            -0.8522431254386902,
            -0.036135509610176086
        ],
        [
            0.2876683175563812,
            -0.8880321383476257,
            -0.03580094873905182
        ],
        [
            0.3065299093723297,
