{
    "pred_cam": [
        1.5877711772918701,
        0.030367935076355934,
        0.36599352955818176
    ],
    "pred_smpl_params": {
        "global_orient": [
            [
                [
                    -0.9974828958511353,
                    -0.06568604707717896,
                    0.026705892756581306
                ],
                [
                    0.06045176461338997,
                    -0.984626054763794,
                    -0.163881316781044
                ],
                [
                    0.03706003725528717,
                    -0.16185438632965088,
                    0.986118495464325
                ]
            ]
        ],
        "body_pose": [
            [
                [
                    0.9994967579841614,
                    -0.02756507322192192,
                    0.015692565590143204
                ],
                [
                    0.02404625713825226,
                    0.9811283349990845,
                    0.19185666739940643
                ],
                [
                    -0.020684964954853058,
                    -0.19138279557228088,
                    0.9812974333763123
                ]
            ],
            [
                [
                    0.9965978264808655,
                    -0.04474971070885658,
                    0.06921165436506271
                ],
                [
                    0.016273492947220802,
                    0.9300697445869446,
                    0.367022305727005
                ],
                [
                    -0.08079580962657928,
                    -0.3646472990512848,
                    0.9276337027549744
                ]
            ],
            [
                [
                    0.9977598786354065,
                    -0.0002053957578027621,
                    -0.06689631938934326
                ],
                [
                    -0.01416423637419939,
                    0.9766742587089539,
                    -0.21425868570804596
                ],
                [
                    0.06537992507219315,
                    0.2147262692451477,
                    0.9744834899902344
                ]
            ],
            [
                [
                    0.987083375453949,
                    0.03474479168653488,
                    -0.15639404952526093
                ],
                [
                    -0.15991197526454926,
                    0.2728993594646454,
                    -0.9486591219902039
                ],
                [
                    0.00971889402717352,
                    0.9614149928092957,
                    0.27493053674697876
                ]
            ],
            [
                [
                    0.981474757194519,
                    -0.05926698073744774,
                    0.18219436705112457
                ],
                [
                    0.18601831793785095,
                    0.06707865744829178,
                    -0.9802538752555847
                ],
                [
                    0.04587533324956894,
                    0.9959858655929565,
                    0.07686075568199158
                ]
            ],
            [
                [
                    0.9993494153022766,
                    -0.033757612109184265,
                    -0.012695860117673874
                ],
                [
                    0.03435630723834038,
                    0.9981411099433899,
                    0.050339095294475555
                ],
                [
                    0.010972931981086731,
                    -0.05074252933263779,
                    0.9986515045166016
                ]
            ],
            [
                [
                    0.973793089389801,
                    -0.10647446662187576,
                    0.2009730041027069
                ],
                [
                    0.05328826978802681,
                    0.9658645391464233,
                    0.25350749492645264
                ],
                [
                    -0.22110477089881897,
                    -0.23615434765815735,
                    0.9462260603904724
                ]
            ],
            [
                [
                    0.9702840447425842,
                    0.12561069428920746,
                    -0.20681102573871613
                ],
                [
                    -0.08627738803625107,
                    0.978121817111969,
                    0.18929843604564667
                ],
                [
                    0.2260642945766449,
                    -0.16583013534545898,
                    0.9598933458328247
                ]
            ],
            [
                [
                    0.9992517828941345,
                    -0.009998627938330173,
                    -0.03736184537410736
                ],
                [
                    0.006696280557662249,
                    0.9961428642272949,
                    -0.08749017119407654
                ],
                [
                    0.03809252008795738,
                    0.08717451989650726,
                    0.9954645037651062
                ]
            ],
            [
                [
                    0.9993920922279358,
                    0.0031135946046561003,
                    -0.03472358360886574
                ],
                [
                    0.0029268322978168726,
                    0.9849945902824402,
                    0.17256060242652893
                ],
                [
                    0.03473982214927673,
                    -0.17255733907222748,
                    0.984386682510376
                ]
            ],
            [
                [
                    0.999871015548706,
                    0.01592990569770336,
                    -0.002030607545748353
                ],
                [
                    -0.015292289666831493,
                    0.9831029176712036,
                    0.18241389095783234
                ],
                [
                    0.004902130924165249,
                    -0.18235932290554047,
                    0.9832197427749634
                ]
            ],
            [
                [
                    0.9083148241043091,
                    -0.10206297039985657,
                    -0.40564435720443726
                ],
                [
                    0.0802324041724205,
                    0.9942790865898132,
                    -0.07051199674606323
                ],
                [
                    0.4105203151702881,
                    0.031501274555921555,
                    0.9113072156906128
                ]
            ],
            [
                [
                    0.8998380899429321,
                    0.4341840445995331,
                    0.04214024543762207
                ],
                [
                    -0.4329838454723358,
                    0.900729238986969,
                    -0.03481034189462662
                ],
                [
                    -0.0530710443854332,
                    0.01307761948555708,
                    0.998505175113678
                ]
            ],
            [
                [
                    0.912735641002655,
                    -0.4085487425327301,
                    -0.0012512424727901816
                ],
                [
                    0.40854671597480774,
                    0.9127092361450195,
                    0.007179915439337492
                ],
                [
                    -0.0017913246992975473,
                    -0.007064555771648884,
                    0.999973475933075
                ]
            ],
            [
                [
                    0.9322050213813782,
                    -0.1978079229593277,
                    -0.3030937612056732
                ],
                [
                    0.09001325070858002,
                    0.9378334879875183,
                    -0.3352101743221283
                ],
                [
                    0.35055872797966003,
                    0.28520214557647705,
                    0.8920584321022034
                ]
            ],
            [
                [
                    0.5883923172950745,
                    0.784133791923523,
                    -0.1973039209842682
                ],
                [
                    -0.8004045486450195,
                    0.5994425415992737,
                    -0.004605601541697979
                ],
                [
                    0.11466096341609955,
                    0.16063284873962402,
                    0.9803316593170166
                ]
            ],
            [
                [
                    0.5628195405006409,
                    -0.7916432023048401,
                    0.23777133226394653
                ],
                [
                    0.8197112679481506,
                    0.5715582966804504,
                    -0.037343692034482956
                ],
                [
                    -0.1063373014330864,
                    0.21592159569263458,
                    0.9706030488014221
                ]
            ],
            [
                [
                    0.9133034348487854,
                    -0.15490888059139252,
                    -0.37666967511177063
                ],
                [
                    0.142257422208786,
                    0.9879257082939148,
                    -0.06136484444141388
                ],
                [
                    0.38162761926651,
                    0.00246066739782691,
                    0.9243128895759583
                ]
            ],
            [
                [
                    0.8249613046646118,
                    0.20607294142246246,
                    0.5262820720672607
                ],
                [
                    -0.09533283114433289,
                    0.9685542583465576,
                    -0.2298138290643692
                ],
                [
                    -0.5570911169052124,
                    0.13941553235054016,
                    0.8186653256416321
                ]
            ],
            [
                [
                    0.9970737099647522,
                    0.06141600012779236,
                    0.04552164301276207
                ],
                [
                    -0.05777189880609512,
                    0.9953207969665527,
                    -0.0774528905749321
                ],
                [
                    -0.050065480172634125,
                    0.0745963528752327,
                    0.995956301689148
                ]
            ],
            [
                [
                    0.998263418674469,
                    -0.02504713647067547,
                    -0.053317591547966
                ],
                [
                    0.01999436505138874,
                    0.9954394698143005,
                    -0.09327641874551773
                ],
                [
                    0.05541074275970459,
                    0.09204839169979095,
                    0.9942116141319275
                ]
            ],
            [
                [
                    0.9630357623100281,
                    0.2546214461326599,
                    -0.08792038261890411
                ],
                [
                    -0.23888978362083435,
                    0.9581016898155212,
                    0.15802769362926483
                ],
                [
                    0.1244739219546318,
                    -0.13118304312229156,
                    0.9835126399993896
                ]
            ],
            [
                [
                    0.9743945598602295,
                    -0.20988604426383972,
                    0.08064159005880356
                ],
                [
                    0.19571474194526672,
                    0.9682822227478027,
                    0.15532343089580536
                ],
                [
                    -0.11068402975797653,
                    -0.13556356728076935,
                    0.9845667481422424
                ]
            ]
        ],
        "betas": [
            -0.14713796973228455,
            -0.16201406717300415,
            0.2253953516483307,
            0.7353330850601196,
            0.1495043933391571,
            0.11372409015893936,
            -0.07306423783302307,
            -0.11778447031974792,
            0.13261330127716064,
            -0.09386330842971802
        ]
    },
    "pred_cam_t": [
        0.030367935076355934,
        0.36599352955818176,
        24.602096557617188
    ],
    "focal_length": [
        5000.0,
        5000.0
    ],
    "pred_keypoints_3d": [
        [
            0.10104392468929291,
            -0.810973048210144,
            0.1099151223897934
        ],
        [
            -0.02755487710237503,
            -0.7433958053588867,
            -0.006229013204574585
        ],
        [
            0.15130357444286346,
            -0.6417393684387207,
            -0.04785599559545517
        ],
        [
            0.19225101172924042,
            -0.3963448405265808,
            -0.06970968842506409
        ],
        [
            0.25503039360046387,
            -0.1968008130788803,
            0.06815853714942932
        ],
        [
            -0.20204037427902222,
            -0.6346731185913086,
            0.007799660786986351
        ],
        [
            -0.24057196080684662,
            -0.38269898295402527,
            -0.016990743577480316
        ],
        [
            -0.29086458683013916,
            -0.16683237254619598,
            0.0877222940325737
        ],
        [
            -0.0022272763308137655,
            -0.2303866297006607,
            0.027927424758672714
        ],
        [
            0.07019581645727158,
            -0.1446840465068817,
            0.035661280155181885
        ],
        [
            0.11698997020721436,
            0.17775917053222656,
            0.22124244272708893
        ],
        [
            0.11218218505382538,
            0.3617108464241028,
            -0.12238277494907379
        ],
        [
            -0.06471657752990723,
            -0.1350747048854828,
            0.03840455412864685
        ],
        [
            -0.08243436366319656,
            0.2092459797859192,
            0.1625802218914032
        ],
        [
            -0.058615535497665405,
            0.40075698494911194,
            -0.1756625771522522
        ],
        [
            0.10674984753131866,
            -0.8565109372138977,
            0.06907351315021515
        ],
        [
            0.07108337432146072,
            -0.8611223697662354,
            0.12447014451026917
        ],
        [
            0.052309855818748474,
            -0.8704215884208679,
            -0.01692337915301323
        ],
        [
            -0.029742196202278137,
            -0.8810441493988037,
            0.10440347343683243
        ],
        [
            -0.055711064487695694,
            0.5582139492034912,
            -0.058607399463653564
        ],
        [
            -0.12326753884553909,
            0.5351828336715698,
            -0.10219115018844604
        ],
        [
            -0.06890013813972473,
            0.38452982902526855,
            -0.24167490005493164
        ],
        [
            0.11170627921819687,
            0.5281087160110474,
            -0.016965210437774658
        ],
        [
            0.18360468745231628,
            0.4945491552352905,
            -0.05151021480560303
        ],
        [
            0.12084382772445679,
            0.35070177912712097,
            -0.19314473867416382
        ],
        [
            0.13666218519210815,
            0.31290870904922485,
            -0.09840870648622513
        ],
        [
            0.11259238421916962,
            0.1292773187160492,
            0.2104245126247406
        ],
        [
            0.14203664660453796,
            -0.2677224278450012,
            0.0009400360286235809
        ],
        [
            -0.15076559782028198,
            -0.2341056913137436,
            0.005150439217686653
        ],
        [
            -0.09531040489673615,
            0.1751151978969574,
            0.16083838045597076
        ],
        [
            -0.07303771376609802,
            0.3600926399230957,
            -0.16443680226802826
        ],
        [
            0.2413596361875534,
            -0.22611626982688904,
            0.08413612097501755
        ],
        [
            0.22199022769927979,
            -0.4197864532470703,
            -0.05385266989469528
        ],
        [
            0.11632184684276581,
            -0.676059901714325,
            -0.04391121864318848
        ],
        [
            -0.17213283479213715,
            -0.6692989468574524,
            0.002263606060296297
        ],
        [
            -0.27202099561691284,
            -0.40929368138313293,
            0.012503676116466522
        ],
        [
            -0.29333263635635376,
            -0.18560251593589783,
            0.09578179568052292
        ],
        [
            -0.028192386031150818,
            -0.7310631275177002,
            -0.004583755508065224
        ],
        [
            0.03892256319522858,
            -0.9214668869972229,
            0.06171805411577225
        ],
        [
            -0.0048675439320504665,
            -0.2507806122303009,
            0.0038194754160940647
        ],
        [
            -0.027326740324497223,
            -0.6714919805526733,
            -0.017964065074920654
        ],
        [
            -0.024173744022846222,
            -0.4961884915828705,
            -0.023275353014469147
        ],
        [
            0.032557372003793716,
            -0.8081580996513367,
            0.07277507334947586
        ],
        [
            0.041166868060827255,
            -0.9411627054214478,
            0.0543215349316597
        ]
    ],
    "pred_vertices": [
        [
            0.07670627534389496,
            -0.9059728980064392,
            0.14044919610023499
        ],
        [
            0.08075229078531265,
            -0.8898758888244629,
            0.1374780386686325
        ],
        [
            0.06647025048732758,
            -0.890108585357666,
            0.1415107250213623
        ],
        [
            0.059347786009311676,
            -0.9038918018341064,
            0.1416473239660263
        ],
        [
            0.0706433355808258,
            -0.879578709602356,
            0.13995224237442017
        ],
        [
            0.08247121423482895,
            -0.877771258354187,
            0.13576872646808624
        ],
        [
            0.05271495133638382,
            -0.8882534503936768,
            0.14025892317295074
        ],
        [
            0.04420682042837143,
            -0.8982281684875488,
            0.13923628628253937
        ],
        [
            0.031031616032123566,
            -0.8579713702201843,
            0.1348099410533905
        ],
        [
            0.01984088122844696,
            -0.8561931848526001,
            0.13186058402061462
        ],
        [
            0.024250447750091553,
            -0.867270290851593,
            0.13511988520622253
        ],
        [
            0.03460405766963959,
            -0.8660572171211243,
            0.13568642735481262
        ],
        [
            0.020992763340473175,
            -0.8343913555145264,
            0.1282181292772293
        ],
        [
            0.0288899764418602,
            -0.8227659463882446,
            0.12674137949943542
        ],
        [
            0.016908220946788788,
            -0.8171354532241821,
            0.12206678092479706
        ],
        [
            0.009436570107936859,
            -0.8284002542495728,
            0.12203163653612137
        ],
        [
            0.0704522654414177,
            -0.8270542621612549,
            0.11484608054161072
        ],
        [
            0.06447510421276093,
            -0.8214079141616821,
            0.11835869401693344
        ],
        [
            0.06373577564954758,
            -0.8281549215316772,
            0.1218467727303505
        ],
        [
            0.06967383623123169,
            -0.833066999912262,
            0.11750181019306183
        ],
        [
            0.08293254673480988,
            -0.8337957262992859,
            0.11164405941963196
        ],
        [
            0.08136144280433655,
            -0.8400185108184814,
            0.11123698204755783
        ],
        [
            0.08915611356496811,
            -0.841952383518219,
            0.11056365817785263
        ],
        [
            0.0907905250787735,
            -0.8347686529159546,
            0.11224842071533203
        ],
        [
            0.07201360166072845,
            -0.8217868208885193,
            0.10972143709659576
        ],
        [
            0.06540179252624512,
            -0.8160385489463806,
            0.11340667307376862
        ],
        [
            0.0760684534907341,
            -0.8316870927810669,
            0.11215342581272125
        ],
        [
            0.07713843882083893,
            -0.8265969753265381,
            0.11164553463459015
        ],
        [
            0.08492224663496017,
            -0.8178715705871582,
            0.11434325575828552
        ],
        [
            0.0843154713511467,
            -0.8227971792221069,
            0.1152547150850296
        ],
        [
            0.09192568063735962,
            -0.8216323852539062,
            0.11643550544977188
        ],
        [
            0.09061053395271301,
            -0.8166046142578125,
            0.11439815163612366
        ],
        [
            0.07615489512681961,
            -0.820035994052887,
            0.11117323487997055
        ],
        [
            0.07882530987262726,
            -0.8219554424285889,
            0.11360430717468262
        ],
        [
            0.08093221485614777,
            -0.8176320791244507,
            0.11250858008861542
        ],
        [
            0.07855501025915146,
            -0.816480278968811,
            0.10930998623371124
        ],
        [
            0.08433012664318085,
            -0.8289308547973633,
            0.11239327490329742
        ],
        [
            0.09183386713266373,
            -0.8285586833953857,
            0.1140696331858635
        ],
        [
            0.09993059933185577,
            -0.8277168869972229,
            0.11511822789907455
        ],
        [
            0.09919317066669464,
            -0.81891268491745,
            0.11703072488307953
        ],
        [
            0.048551514744758606,
            -0.8111182451248169,
            0.12203039228916168
        ],
        [
            0.05735766887664795,
            -0.8160035610198975,
            0.12117224186658859
        ],
        [
            0.058840952813625336,
            -0.8110499978065491,
            0.11665916442871094
        ],
        [
            0.05194530636072159,
            -0.8069958090782166,
            0.11825303733348846
        ],
        [
            0.07417601346969604,
            -0.8145220279693604,
            0.10807174444198608
        ],
        [
            0.06688451766967773,
            -0.799695611000061,
            0.10970817506313324
        ],
        [
            0.0681631937623024,
            -0.8032004833221436,
            0.11058533936738968
        ],
        [
            0.07489319890737534,
            -0.8024415969848633,
            0.10795637220144272
        ],
        [
            0.07319743931293488,
            -0.7992726564407349,
            0.10761728882789612
        ],
        [
            0.03398296982049942,
            -0.8005170822143555,
            0.11904403567314148
        ],
        [
            0.040655605494976044,
            -0.7977209091186523,
            0.11730911582708359
        ],
        [
            0.03587105870246887,
            -0.7920340299606323,
            0.1151815801858902
        ],
        [
            0.027815379202365875,
            -0.793944239616394,
            0.11557269096374512
        ],
        [
            0.03356429189443588,
            -0.787006139755249,
            0.1121961772441864
        ],
        [
            0.022654660046100616,
            -0.7875924110412598,
            0.1117766723036766
        ],
        [
            0.02360277622938156,
            -0.7741602659225464,
            0.10310301184654236
        ],
        [
            0.022422343492507935,
            -0.7801952958106995,
            0.10727348178625107
        ],
        [
            0.034426964819431305,
            -0.7815189361572266,
            0.10870027542114258
        ],
        [
            0.03846072405576706,
            -0.775671124458313,
            0.10586748272180557
        ],
        [
            0.054925672709941864,
            -0.7763437032699585,
            0.10107051581144333
        ],
        [
            0.059947460889816284,
            -0.7739801406860352,
            0.09798884391784668
        ],
        [
            0.05153558403253555,
            -0.7639592885971069,
            0.09933965653181076
        ],
        [
            0.04489143192768097,
            -0.7689109444618225,
            0.10279139876365662
        ],
        [
            0.06223376840353012,
            -0.7957448959350586,
            0.1059500202536583
        ],
        [
            0.05786073952913284,
            -0.7969316244125366,
            0.10740552842617035
        ],
        [
            0.05997346341609955,
            -0.7976098656654358,
            0.10912121832370758
        ],
        [
            0.06525661051273346,
            -0.797324538230896,
            0.10784637928009033
        ],
        [
            0.05430549383163452,
            -0.7973965406417847,
            0.10922184586524963
        ],
        [
            0.05270781368017197,
            -0.7974517345428467,
            0.11012831330299377
        ],
        [
            0.05421057343482971,
            -0.7983013391494751,
            0.1107923686504364
        ],
        [
            0.055255696177482605,
            -0.797932505607605,
            0.10950446128845215
        ],
        [
            0.05671648681163788,
            -0.7972999811172485,
            0.10826273262500763
        ],
        [
            0.05692240595817566,
            -0.7953188419342041,
            0.10747893154621124
        ],
        [
            0.05486439913511276,
            -0.7964704036712646,
            0.10874363780021667
        ],
        [
            0.060848258435726166,
            -0.7934828400611877,
            0.10618305951356888
        ],
        [
            0.07274580001831055,
            -0.7879230976104736,
            0.10085515677928925
        ],
        [
            0.07004929333925247,
            -0.7892498970031738,
            0.10280224680900574
        ],
        [
            0.07175357639789581,
            -0.7934683561325073,
            0.10177700221538544
        ],
        [
            0.07395924627780914,
            -0.7926684021949768,
            0.10015733540058136
        ],
        [
            0.056878603994846344,
            -0.7993450164794922,
            0.11081717908382416
        ],
        [
            0.05577390640974045,
            -0.8011676073074341,
            0.11277353763580322
        ],
        [
            0.06149875372648239,
            -0.8023837804794312,
            0.11212065070867538
        ],
        [
            0.060771577060222626,
            -0.7999864816665649,
            0.1104123443365097
        ],
        [
            0.05469891428947449,
            -0.8031327724456787,
            0.11515782028436661
        ],
        [
            0.052773572504520416,
            -0.7996930480003357,
            0.11252273619174957
        ],
        [
            0.050206609070301056,
            -0.8006571531295776,
            0.11499829590320587
        ],
        [
            0.05239683389663696,
            -0.7957531213760376,
            0.10949231684207916
        ],
        [
            0.04911690205335617,
            -0.7947223782539368,
            0.11069529503583908
        ],
        [
            0.050480663776397705,
            -0.7969256639480591,
            0.11203168332576752
        ],
        [
            0.04951757937669754,
            -0.7914584279060364,
            0.10887591540813446
        ],
        [
            0.05403248220682144,
            -0.7935090065002441,
            0.10787782073020935
        ],
        [
            0.05758559703826904,
            -0.7907772064208984,
            0.1064310371875763
        ],
        [
            0.06243094801902771,
            -0.7879118323326111,
            0.10456985235214233
        ],
        [
            0.0571579784154892,
            -0.7844222187995911,
            0.10427795350551605
        ],
        [
            0.05250073969364166,
            -0.787828803062439,
            0.1068040281534195
        ],
        [
            0.06057582050561905,
            -0.8062165975570679,
            0.11409709602594376
        ],
        [
            0.046319492161273956,
            -0.7971172332763672,
            0.11433595418930054
        ],
        [
            0.04621237516403198,
            -0.8033937811851501,
            0.1180531308054924
        ],
        [
            0.04385342448949814,
            -0.7929307222366333,
            0.11299243569374084
        ],
        [
            0.04314744472503662,
            -0.7887909412384033,
            0.11046324670314789
        ],
        [
            0.044407814741134644,
            -0.7847108840942383,
            0.10789015889167786
        ],
        [
            0.04981815069913864,
            -0.7801693677902222,
            0.10438892990350723
        ],
        [
            0.03847017139196396,
            -0.7596935629844666,
            0.09397019445896149
        ],
        [
            0.031105846166610718,
            -0.766183614730835,
            0.09885115176439285
        ],
        [
            0.08024890720844269,
            -0.8716912865638733,
            0.1307760775089264
        ],
        [
            0.07241331040859222,
            -0.8723564147949219,
            0.1361980438232422
        ],
        [
            0.06622633337974548,
            -0.8669316172599792,
            0.1321907341480255
        ],
        [
            0.06630224734544754,
            -0.8693834543228149,
            0.13382568955421448
        ],
        [
            0.07190053910017014,
            -0.8688389658927917,
            0.13210824131965637
        ],
        [
            0.07083027064800262,
            -0.8666713833808899,
            0.13053055107593536
        ],
        [
            0.044249989092350006,
            -0.865809440612793,
            0.13372176885604858
        ],
        [
            0.051256850361824036,
            -0.8657463788986206,
            0.13241323828697205
        ],
        [
            0.048687055706977844,
            -0.8625928163528442,
            0.13158893585205078
        ],
        [
            0.04068417847156525,
            -0.8598315715789795,
            0.13400450348854065
        ],
        [
            0.056318700313568115,
            -0.8524926900863647,
            0.12863697111606598
        ],
        [
            0.051573507487773895,
            -0.855048656463623,
            0.13056159019470215
        ],
        [
            0.058030083775520325,
            -0.860248327255249,
            0.12965422868728638
        ],
        [
            0.0615520253777504,
            -0.8583704233169556,
            0.12838979065418243
        ],
        [
            0.06516633182764053,
            -0.8569464087486267,
            0.12654541432857513
        ],
        [
            0.0685821920633316,
            -0.8562562465667725,
            0.12390155345201492
        ],
        [
            0.06633250415325165,
            -0.8514520525932312,
            0.12290581315755844
        ],
        [
            0.06163633614778519,
            -0.8514952659606934,
            0.12587155401706696
        ],
        [
            0.07740642875432968,
            -0.868938684463501,
            0.1277940422296524
        ],
        [
            0.08113135397434235,
            -0.8679596185684204,
            0.12152570486068726
        ],
        [
            0.07885339856147766,
            -0.865486741065979,
            0.12189731746912003
        ],
        [
            0.07589466124773026,
            -0.8661928176879883,
            0.12721551954746246
        ],
        [
            0.07912308722734451,
            -0.8605783581733704,
            0.10958918929100037
        ],
        [
            0.07994695752859116,
            -0.8626800179481506,
            0.11154748499393463
        ],
        [
            0.08340898156166077,
            -0.8635711073875427,
            0.10938634723424911
        ],
        [
            0.0818902924656868,
            -0.8593547344207764,
            0.10761506855487823
        ],
        [
            0.07954384386539459,
            -0.8565197587013245,
            0.1090070903301239
        ],
        [
            0.07811565697193146,
            -0.8588241338729858,
            0.11057979613542557
        ],
        [
            0.0879373699426651,
            -0.9260371327400208,
            0.13598668575286865
        ],
        [
            0.09163835644721985,
            -0.9072259664535522,
            0.13457836210727692
        ],
        [
            0.06731864809989929,
            -0.9243564605712891,
            0.13973182439804077
        ],
        [
            0.049921974539756775,
            -0.9186787605285645,
            0.13928431272506714
        ],
        [
            0.034400373697280884,
            -0.909393310546875,
            0.13745078444480896
        ],
        [
            0.025516554713249207,
            -0.8073769807815552,
            0.12088468670845032
        ],
        [
            0.016729898750782013,
            -0.8008908033370972,
            0.11707442998886108
        ],
        [
            0.005047991871833801,
            -0.8121545314788818,
            0.11691279709339142
        ],
        [
            -0.0014056563377380371,
            -0.8039005994796753,
            0.11038919538259506
        ],
        [
            0.010579556226730347,
            -0.7926098108291626,
            0.1114673987030983
        ],
        [
            0.009829811751842499,
            -0.7759512662887573,
            0.0969175398349762
        ],
        [
            0.007989101111888885,
            -0.7837014198303223,
            0.1044183149933815
        ],
        [
            -0.006629437208175659,
            -0.7962580919265747,
            0.10069724172353745
        ],
        [
            -0.018193721771240234,
            -0.8126367330551147,
            0.09880729019641876
        ],
        [
            -0.011271126568317413,
            -0.8173197507858276,
            0.1091417521238327
        ],
        [
            -0.025123976171016693,
            -0.8315455913543701,
            0.09645392745733261
        ],
        [
            -0.028024330735206604,
            -0.8085146546363831,
            0.08587273955345154
        ],
        [
            -0.031099833548069,
            -0.832685112953186,
            0.08824837952852249
        ],
        [
            -0.030565669760107994,
            -0.7705854177474976,
            0.07198958843946457
        ],
        [
            -0.038961559534072876,
            -0.7606642246246338,
            0.06672181189060211
        ],
        [
            -0.052198681980371475,
            -0.7705621719360352,
            0.06085941195487976
        ],
        [
            -0.04517355561256409,
            -0.7810163497924805,
            0.06858169287443161
        ],
        [
            -0.002098672091960907,
            -0.822525680065155,
            0.11614038050174713
        ],
        [
            0.021592408418655396,
            -0.8805350065231323,
            0.13183683156967163
        ],
        [
            0.031912147998809814,
            -0.8763265609741211,
            0.1359582543373108
        ],
        [
            0.012965105473995209,
            -0.8696584701538086,
            0.13065175712108612
        ],
        [
            0.023937061429023743,
            -0.9425874352455139,
            0.13122010231018066
        ],
        [
            0.03837756812572479,
            -0.9324762225151062,
            0.13678078353405
        ],
        [
            0.02438369393348694,
            -0.9202491044998169,
            0.13599836826324463
        ],
        [
            0.01185925304889679,
            -0.9318095445632935,
            0.13122272491455078
        ],
        [
            0.05746817588806152,
            -0.9704592227935791,
            0.11978652328252792
        ],
        [
            0.07403571903705597,
            -0.9506608247756958,
            0.13062337040901184
        ],
        [
            0.057165563106536865,
            -0.9426953792572021,
            0.13386164605617523
        ],
        [
            0.042751163244247437,
            -0.9587619304656982,
            0.12681998312473297
        ],
        [
            0.001743227243423462,
            -0.9377636909484863,
            0.1251772791147232
        ],
        [
            -0.012926444411277771,
            -0.9451344609260559,
            0.11542235314846039
        ],
        [
            -0.010485172271728516,
            -0.962459921836853,
            0.11084281653165817
        ],
        [
            0.008099064230918884,
            -0.9545494914054871,
            0.12192600220441818
        ],
        [
            -0.0016713589429855347,
            -0.9827982783317566,
            0.09981061518192291
        ],
        [
            0.02017921209335327,
            -0.9742032289505005,
            0.11447519063949585
        ],
        [
            -0.04287680238485336,
            -0.821425199508667,
            0.07538033276796341
        ],
        [
            -0.038875482976436615,
            -0.8405295610427856,
            0.07999341934919357
        ],
        [
            -0.03545235097408295,
            -0.7932463884353638,
            0.07718240469694138
        ],
        [
            -0.04790352284908295,
            -0.8052035570144653,
            0.06918787956237793
        ],
        [
            0.010010957717895508,
            -0.9974023103713989,
            0.08439147472381592
        ],
        [
            0.035892412066459656,
            -0.988765299320221,
            0.10251964628696442
        ],
        [
            -0.05001036822795868,
            -0.9394659399986267,
            0.07404643297195435
        ],
        [
            -0.04017312824726105,
            -0.9537642002105713,
            0.08452986180782318
        ],
        [
            -0.035849735140800476,
            -0.9371504783630371,
            0.09631592035293579
        ],
        [
            -0.04603557288646698,
            -0.926066517829895,
            0.08592570573091507
        ],
        [
            -0.05206781625747681,
            -0.9525592923164368,
            0.05901142954826355
        ],
        [
