{
    "pred_cam": [
        1.204864740371704,
        -0.04560355842113495,
        0.14970114827156067
    ],
    "pred_smpl_params": {
        "global_orient": [
            [
                [
                    0.9247112274169922,
                    0.20285914838314056,
                    0.32211393117904663
                ],
                [
                    0.17856037616729736,
                    -0.9784591197967529,
                    0.10360492765903473
                ],
                [
                    0.3361924886703491,
                    -0.038287848234176636,
                    -0.9410147666931152
                ]
            ]
        ],
        "body_pose": [
            [
                [
                    0.994274377822876,
                    0.010805667378008366,
                    -0.10630976408720016
                ],
                [
                    0.001979776890948415,
                    0.9928405284881592,
                    0.11943159997463226
                ],
                [
                    0.10683916509151459,
                    -0.1189582422375679,
                    0.9871345162391663
                ]
            ],
            [
                [
                    0.9987797141075134,
                    0.011438294313848019,
                    -0.048044800758361816
                ],
                [
                    -0.005221724510192871,
                    0.9918152093887329,
                    0.1275753229856491
                ],
                [
                    0.04911080375313759,
                    -0.12716875970363617,
                    0.9906646609306335
                ]
            ],
            [
                [
                    0.994520902633667,
                    0.03935811668634415,
                    0.09684545546770096
                ],
                [
                    -0.01777549833059311,
                    0.9765951633453369,
                    -0.21435000002384186
                ],
                [
                    -0.10301520675420761,
                    0.2114540934562683,
                    0.9719439148902893
                ]
            ],
            [
                [
                    0.9849690198898315,
                    -0.10060752183198929,
                    -0.1404070109128952
                ],
                [
                    0.008404606021940708,
                    0.8398168087005615,
                    -0.5428048968315125
                ],
                [
                    0.17252640426158905,
                    0.5334659218788147,
                    0.8280391097068787
                ]
            ],
            [
                [
                    0.9940840601921082,
                    -0.10805705934762955,
                    0.010976160876452923
                ],
                [
                    0.10206703096628189,
                    0.8948355913162231,
                    -0.4345705211162567
                ],
                [
                    0.03713655471801758,
                    0.4331199824810028,
                    0.9005708694458008
                ]
            ],
            [
                [
                    0.9906061887741089,
                    0.09301472455263138,
                    0.10023832321166992
                ],
                [
                    -0.08686113357543945,
                    0.9941556453704834,
                    -0.06410669535398483
                ],
                [
                    -0.10561536252498627,
                    0.05479767173528671,
                    0.9928960800170898
                ]
            ],
            [
                [
                    0.9867984652519226,
                    0.08962375670671463,
                    0.13489419221878052
                ],
                [
                    -0.09528393298387527,
                    0.994795560836792,
                    0.03609279915690422
                ],
                [
                    -0.13095737993717194,
                    -0.04846956580877304,
                    0.9902024269104004
                ]
            ],
            [
                [
                    0.9911316633224487,
                    -0.018481235951185226,
                    -0.1315927505493164
                ],
                [
                    0.022074639797210693,
                    0.999420702457428,
                    0.025900831446051598
                ],
                [
                    0.1310378462076187,
                    -0.028575994074344635,
                    0.9909654855728149
                ]
            ],
            [
                [
                    0.9963107705116272,
                    0.03699252009391785,
                    0.07743638753890991
                ],
                [
                    -0.03178323432803154,
                    0.9972158670425415,
                    -0.06745608896017075
                ],
                [
                    -0.07971616089344025,
                    0.06474605202674866,
                    0.9947126507759094
                ]
            ],
            [
                [
                    0.9860265851020813,
                    -0.16656304895877838,
                    -0.0028809835202991962
                ],
                [
                    0.16553150117397308,
                    0.97768235206604,
                    0.1293697953224182
                ],
                [
                    -0.01873154193162918,
                    -0.12803895771503448,
                    0.9915922284126282
                ]
            ],
            [
                [
                    0.9915278553962708,
                    0.10312708467245102,
                    -0.07897652685642242
                ],
                [
                    -0.08896028250455856,
                    0.9821664094924927,
                    0.1656358391046524
                ],
                [
                    0.09464962780475616,
                    -0.15720677375793457,
                    0.9830195903778076
                ]
            ],
            [
                [
                    0.9966194033622742,
                    0.07022100687026978,
                    0.0426473543047905
                ],
                [
                    -0.06882661581039429,
                    0.9970717430114746,
                    -0.033330149948596954
                ],
                [
                    -0.04486294463276863,
                    0.030282199382781982,
                    0.9985341429710388
                ]
            ],
            [
                [
                    0.9238401651382446,
                    0.37135791778564453,
                    -0.09280487895011902
                ],
                [
                    -0.3739508390426636,
                    0.9273751974105835,
                    -0.011666190810501575
                ],
                [
                    0.0817326083779335,
                    0.04548215493559837,
                    0.99561607837677
                ]
            ],
            [
                [
                    0.9106926321983337,
                    -0.32438328862190247,
                    0.25576239824295044
                ],
                [
                    0.33071231842041016,
                    0.9435378313064575,
                    0.01912176050245762
                ],
                [
                    -0.24752430617809296,
                    0.06716974079608917,
                    0.9665505290031433
                ]
            ],
            [
                [
                    0.9947901368141174,
                    0.07664920389652252,
                    0.06721245497465134
                ],
                [
                    -0.05303638428449631,
                    0.9521813988685608,
                    -0.3008947968482971
                ],
                [
                    -0.0870618000626564,
                    0.29576244950294495,
                    0.9512858390808105
                ]
            ],
            [
                [
                    0.45481282472610474,
                    0.8283488750457764,
                    -0.3270833194255829
                ],
                [
                    -0.8871945738792419,
                    0.4534432888031006,
                    -0.0852937325835228
                ],
                [
                    0.07766079157590866,
                    0.3289791941642761,
                    0.9411384463310242
                ]
            ],
            [
                [
                    0.40685611963272095,
                    -0.7502951622009277,
                    0.521080732345581
                ],
                [
                    0.8395296335220337,
                    0.5319649577140808,
                    0.11046827584505081
                ],
                [
                    -0.3600804805755615,
                    0.3925180435180664,
                    0.8463282585144043
                ]
            ],
            [
                [
                    0.22339367866516113,
                    -0.384218692779541,
                    -0.8958076238632202
                ],
                [
                    0.15677304565906525,
                    0.9212310910224915,
                    -0.3560274541378021
                ],
                [
                    0.9620382189750671,
                    -0.06090420484542847,
                    0.266032338142395
                ]
            ],
            [
                [
                    0.19856446981430054,
                    0.37565937638282776,
                    0.9052360653877258
                ],
                [
                    0.04593043774366379,
                    0.9190459251403809,
                    -0.3914652168750763
                ],
                [
                    -0.979011058807373,
                    0.11930898576974869,
                    0.16523566842079163
                ]
            ],
            [
                [
                    0.9869482517242432,
                    -0.14574691653251648,
                    -0.06849151849746704
                ],
                [
                    0.15307101607322693,
                    0.981162965297699,
                    0.11784952133893967
                ],
                [
                    0.050025131553411484,
                    -0.1267954409122467,
                    0.9906666874885559
                ]
            ],
            [
                [
                    0.9837120771408081,
                    0.16466186940670013,
                    0.07209020853042603
                ],
                [
                    -0.16652050614356995,
                    0.9858241081237793,
                    0.02053835801780224
                ],
                [
                    -0.06768637895584106,
                    -0.03220833092927933,
                    0.9971866607666016
                ]
            ],
            [
                [
                    0.9690229892730713,
                    0.21872082352638245,
                    -0.11469820886850357
                ],
                [
                    -0.20388059318065643,
                    0.970552921295166,
                    0.12829488515853882
                ],
                [
                    0.13938146829605103,
                    -0.10093595832586288,
                    0.9850810170173645
                ]
            ],
            [
                [
                    0.9716085195541382,
                    -0.227629616856575,
                    0.06451019644737244
                ],
                [
                    0.21810953319072723,
                    0.9674155712127686,
                    0.12858982384204865
                ],
                [
                    -0.09167902171611786,
                    -0.11086868494749069,
                    0.9895973801612854
                ]
            ]
        ],
        "betas": [
            -0.01381230354309082,
            0.10336296260356903,
            0.25028160214424133,
            0.8820760250091553,
            0.013261973857879639,
            -0.035361938178539276,
            -0.03828790783882141,
            0.0661681592464447,
            0.07646723091602325,
            -0.06366881728172302
        ]
    },
    "pred_cam_t": [
        -0.04560355842113495,
        0.14970114827156067,
        32.420650482177734
    ],
    "focal_length": [
        5000.0,
        5000.0
    ],
    "pred_keypoints_3d": [
        [
            0.30946263670921326,
            -0.7025500535964966,
            -0.17750243842601776
        ],
        [
            0.16962328553199768,
            -0.7123168706893921,
            -0.044630859047174454
        ],
        [
            -0.0037655681371688843,
            -0.6586969494819641,
            -0.1438046544790268
        ],
        [
            -0.08327986299991608,
            -0.41988617181777954,
            -0.14201997220516205
        ],
        [
            0.13959480822086334,
            -0.31031334400177,
            -0.19121615588665009
        ],
        [
            0.26256972551345825,
            -0.5837681889533997,
            0.08553305268287659
        ],
        [
            0.15625743567943573,
            -0.3650206923484802,
            0.17349636554718018
        ],
        [
            0.20675823092460632,
            -0.2280377596616745,
            -0.02660958468914032
        ],
        [
            -0.002498827874660492,
            -0.2317884862422943,
            0.026185214519500732
        ],
        [
            -0.08268766850233078,
            -0.15566816926002502,
            0.012524246238172054
        ],
        [
            -0.18507805466651917,
            0.2085249125957489,
            -0.023881971836090088
        ],
        [
            -0.2490987926721573,
            0.5512899160385132,
            0.16136251389980316
        ],
        [
            0.038378916680812836,
            -0.13123399019241333,
            0.05905245989561081
        ],
        [
            0.007085759192705154,
            0.23863279819488525,
            0.04069644212722778
        ],
        [
            -0.07625964283943176,
            0.5534752607345581,
            0.2633669376373291
        ],
        [
            0.2980324625968933,
            -0.761359691619873,
            -0.1925051063299179
        ],
        [
            0.34161850810050964,
            -0.7441240549087524,
            -0.14513608813285828
        ],
        [
            0.21966567635536194,
            -0.8231030702590942,
            -0.15805049240589142
        ],
        [
            0.3179967999458313,
            -0.7845367789268494,
            -0.05373452603816986
        ],
        [
            -0.07470645755529404,
            0.6879305839538574,
            0.11599066853523254
        ],
        [
            -0.013767482712864876,
            0.6823402643203735,
            0.17382970452308655
        ],
        [
            -0.08348704129457474,
            0.5574417114257812,
            0.3318364918231964
        ],
        [
            -0.23026803135871887,
            0.6643502116203308,
            -0.0029357224702835083
        ],
        [
            -0.30784809589385986,
            0.6448670029640198,
            0.03376828134059906
        ],
        [
            -0.26642173528671265,
            0.5705209374427795,
            0.22891247272491455
        ],
        [
            -0.26541030406951904,
            0.49307769536972046,
            0.16293925046920776
        ],
        [
            -0.16859334707260132,
            0.14553219079971313,
            -0.02651272527873516
        ],
        [
            -0.1296684443950653,
            -0.2916175127029419,
            -0.014669468626379967
        ],
        [
            0.12432307004928589,
            -0.22429391741752625,
            0.09310603141784668
        ],
        [
            0.02302839607000351,
            0.19908873736858368,
            0.040136825293302536
        ],
        [
            -0.06268027424812317,
            0.5129683613777161,
            0.26991036534309387
        ],
        [
            0.13716843724250793,
            -0.34763216972351074,
            -0.1796581745147705
        ],
        [
            -0.06838972866535187,
            -0.4407200515270233,
            -0.17786024510860443
        ],
        [
            0.035231273621320724,
            -0.6821645498275757,
            -0.12483114749193192
        ],
        [
            0.24944475293159485,
            -0.6215308308601379,
            0.06707178801298141
        ],
        [
            0.20823296904563904,
            -0.374398410320282,
            0.15874522924423218
        ],
        [
            0.21736083924770355,
            -0.24879607558250427,
            -0.01920614019036293
        ],
        [
            0.17263263463974,
            -0.6981269121170044,
            -0.04705997556447983
        ],
        [
            0.3123922049999237,
            -0.830495297908783,
            -0.1300176978111267
        ],
        [
            -0.0022069341503083706,
            -0.25788024067878723,
            0.03977687656879425
        ],
        [
            0.140985369682312,
            -0.6497399210929871,
            -0.030952339991927147
        ],
        [
            0.059215396642684937,
            -0.5038748979568481,
            0.01651788130402565
        ],
        [
            0.26184746623039246,
            -0.7285716533660889,
            -0.11624331027269363
        ],
        [
            0.3174861967563629,
            -0.8505332469940186,
            -0.13312728703022003
        ]
    ],
    "pred_vertices": [
        [
            0.3789118826389313,
            -0.7745589017868042,
            -0.15148384869098663
        ],
        [
            0.36899158358573914,
            -0.761566162109375,
            -0.15560179948806763
        ],
        [
            0.36992236971855164,
            -0.7619354724884033,
            -0.1412018984556198
        ],
        [
            0.3760799765586853,
            -0.7736993432044983,
            -0.1341053545475006
        ],
        [
            0.3641221821308136,
            -0.7528314590454102,
            -0.14497020840644836
        ],
        [
            0.3614961802959442,
            -0.7522242069244385,
            -0.1566988229751587
        ],
        [
            0.3657454252243042,
            -0.7622147798538208,
            -0.12788549065589905
        ],
        [
            0.368865430355072,
            -0.772001326084137,
            -0.11928585916757584
        ],
        [
            0.34178808331489563,
            -0.7419111132621765,
            -0.10586296021938324
        ],
        [
            0.3372793197631836,
            -0.7433608174324036,
            -0.09569299966096878
        ],
        [
            0.3454177677631378,
            -0.7514342069625854,
            -0.10039910674095154
        ],
        [
            0.3469215929508209,
            -0.7483108043670654,
            -0.11017307639122009
        ],
        [
            0.3235657513141632,
            -0.7253098487854004,
            -0.09691189229488373
        ],
        [
            0.31765642762184143,
            -0.7148841619491577,
            -0.10380427539348602
        ],
        [
            0.3092261552810669,
            -0.7137381434440613,
            -0.09353119134902954
        ],
        [
            0.31381356716156006,
            -0.7244349122047424,
            -0.08657310903072357
        ],
        [
            0.3161351680755615,
            -0.7189981937408447,
            -0.14591476321220398
        ],
        [
            0.315136194229126,
            -0.7133829593658447,
            -0.13933926820755005
        ],
        [
            0.3213706314563751,
            -0.7177832722663879,
            -0.13805028796195984
        ],
        [
            0.3212341368198395,
            -0.7231795787811279,
            -0.1446686089038849
        ],
        [
            0.31921082735061646,
            -0.7245054244995117,
            -0.15959946811199188
        ],
        [
            0.3216194808483124,
            -0.7304456233978271,
            -0.15832483768463135
        ],
        [
            0.32353338599205017,
            -0.731102466583252,
            -0.16614581644535065
        ],
        [
            0.32172319293022156,
            -0.7237577438354492,
            -0.16726651787757874
        ],
        [
            0.309518426656723,
            -0.7163825035095215,
            -0.14835301041603088
        ],
        [
            0.30838000774383545,
            -0.7107495069503784,
            -0.1411752998828888
        ],
        [
            0.3173893392086029,
            -0.7232897877693176,
            -0.15198540687561035
        ],
        [
            0.3144178092479706,
            -0.7192381620407104,
            -0.15371200442314148
        ],
        [
            0.3141184449195862,
            -0.7085601687431335,
            -0.1606430858373642
        ],
        [
            0.31728968024253845,
            -0.7125759124755859,
            -0.15991273522377014
        ],
        [
            0.3190935552120209,
            -0.7098027467727661,
            -0.16708628833293915
        ],
        [
            0.3145422637462616,
            -0.7064761519432068,
            -0.16603808104991913
        ],
        [
            0.3107968866825104,
            -0.7133870124816895,
            -0.1524392068386078
        ],
        [
            0.3143948018550873,
            -0.7136021256446838,
            -0.15471608936786652
        ],
        [
            0.3116762638092041,
            -0.7099549770355225,
            -0.15691302716732025
        ],
        [
            0.3077867329120636,
            -0.7107802629470825,
            -0.15528017282485962
        ],
        [
            0.31755563616752625,
            -0.7196907997131348,
            -0.16057921946048737
        ],
        [
            0.32042625546455383,
            -0.7171997427940369,
            -0.1676415205001831
        ],
        [
            0.32230570912361145,
            -0.7146422863006592,
            -0.17542465031147003
        ],
        [
            0.31929224729537964,
            -0.7061977982521057,
            -0.17452773451805115
        ],
        [
            0.31056320667266846,
            -0.7047531008720398,
            -0.12336146831512451
        ],
        [
            0.3136984407901764,
            -0.7083544135093689,
            -0.13165345788002014
        ],
        [
            0.3074161112308502,
            -0.7060073018074036,
            -0.13408420979976654
        ],
        [
            0.30567240715026855,
            -0.7025566101074219,
            -0.12723007798194885
        ],
        [
            0.30481958389282227,
            -0.7104825973510742,
            -0.1513427495956421
        ],
        [
            0.2972566485404968,
            -0.6978656053543091,
            -0.14416897296905518
        ],
        [
            0.2999645471572876,
            -0.7004221677780151,
            -0.14521524310112
        ],
        [
            0.29860398173332214,
            -0.6999238729476929,
            -0.15233130753040314
        ],
        [
            0.2963743209838867,
            -0.6975053548812866,
            -0.15076078474521637
        ],
        [
            0.3005632758140564,
            -0.6985714435577393,
            -0.1101839616894722
        ],
        [
            0.29845303297042847,
            -0.696317732334137,
            -0.11674866080284119
        ],
        [
            0.2931045889854431,
            -0.6928061842918396,
            -0.11280326545238495
        ],
        [
            0.293412983417511,
            -0.6952060461044312,
            -0.10565580427646637
        ],
        [
            0.2874755561351776,
            -0.689805269241333,
            -0.11240419745445251
        ],
        [
            0.28610676527023315,
            -0.6919261813163757,
            -0.10257470607757568
        ],
        [
            0.2714962065219879,
            -0.683332622051239,
            -0.10545870661735535
        ],
        [
            0.27824681997299194,
            -0.6872345805168152,
            -0.1035652607679367
        ],
        [
            0.2816340923309326,
            -0.6862762570381165,
            -0.11402998864650726
        ],
        [
            0.2764383554458618,
            -0.6817104816436768,
            -0.11841968446969986
        ],
        [
            0.27566981315612793,
            -0.6827094554901123,
            -0.13345855474472046
        ],
        [
            0.27251312136650085,
            -0.6815103888511658,
            -0.13897842168807983
        ],
        [
            0.26681777834892273,
            -0.6727985143661499,
            -0.1308259814977646
        ],
        [
            0.2712624967098236,
            -0.6761938333511353,
            -0.124911829829216
        ],
        [
            0.2913816571235657,
            -0.6963397860527039,
            -0.13982853293418884
        ],
        [
            0.29254668951034546,
            -0.6973117589950562,
            -0.13522811233997345
        ],
        [
            0.29474228620529175,
            -0.6968309879302979,
            -0.13683255016803741
        ],
        [
            0.2944331467151642,
            -0.6964388489723206,
            -0.14214439690113068
        ],
        [
            0.2936986982822418,
            -0.6975991725921631,
            -0.13135173916816711
        ],
        [
            0.2942073345184326,
            -0.6975833177566528,
            -0.12959977984428406
        ],
        [
            0.2954917252063751,
            -0.6977272033691406,
            -0.13088646531105042
        ],
        [
            0.2944026291370392,
            -0.6977759599685669,
            -0.13193826377391815
        ],
        [
            0.29326459765434265,
            -0.6975434422492981,
            -0.1336604356765747
        ],
        [
            0.2916065752506256,
            -0.6960647106170654,
            -0.13408130407333374
        ],
        [
            0.29288631677627563,
            -0.6968705058097839,
            -0.13205072283744812
        ],
        [
            0.2902221381664276,
            -0.6943589448928833,
            -0.1381421983242035
        ],
        [
            0.28454598784446716,
            -0.6908603310585022,
            -0.15166984498500824
        ],
        [
            0.28675687313079834,
            -0.6909602880477905,
            -0.14795717597007751
        ],
        [
            0.2881819009780884,
            -0.6952391862869263,
            -0.14976981282234192
        ],
        [
            0.2864817976951599,
            -0.6953145861625671,
            -0.15309877693653107
        ],
        [
            0.2963733375072479,
            -0.6983881592750549,
            -0.13393661379814148
        ],
        [
            0.2988840937614441,
            -0.6991165280342102,
            -0.1320696920156479
        ],
        [
            0.29995197057724,
            -0.6995837688446045,
            -0.13769876956939697
        ],
        [
            0.29716843366622925,
            -0.6982808113098145,
            -0.13744385540485382
        ],
        [
            0.301688015460968,
            -0.6999928951263428,
            -0.13035434484481812
        ],
        [
            0.2973765432834625,
            -0.6985344290733337,
            -0.12914806604385376
        ],
        [
            0.2993715703487396,
            -0.6988600492477417,
            -0.12685927748680115
        ],
        [
            0.2927197515964508,
            -0.6964014768600464,
            -0.12948176264762878
        ],
        [
            0.29265373945236206,
            -0.6955828666687012,
            -0.12607721984386444
        ],
        [
            0.29517555236816406,
            -0.6967164874076843,
            -0.12702161073684692
        ],
        [
            0.2895064651966095,
            -0.6933189034461975,
            -0.12689897418022156
        ],
        [
            0.2904800772666931,
            -0.6948158144950867,
            -0.13140611350536346
        ],
        [
            0.28846341371536255,
            -0.6923354268074036,
            -0.13513852655887604
        ],
        [
            0.2862258851528168,
            -0.6898886561393738,
            -0.14012591540813446
        ],
        [
            0.28312692046165466,
            -0.6878823041915894,
            -0.13508054614067078
        ],
        [
            0.2863418161869049,
            -0.690447986125946,
            -0.1301974505186081
        ],
        [
            0.3031271696090698,
            -0.7027352452278137,
            -0.136994868516922
        ],
        [
            0.29653120040893555,
            -0.6964563131332397,
            -0.12256620824337006
        ],
        [
            0.3027675747871399,
            -0.7002148628234863,
            -0.1218719333410263
        ],
        [
            0.2928584814071655,
            -0.6937404870986938,
            -0.12055507302284241
        ],
        [
            0.2884965240955353,
            -0.6911931037902832,
            -0.12059198319911957
        ],
        [
            0.2840110659599304,
            -0.6881995797157288,
            -0.1234864890575409
        ],
        [
            0.27973732352256775,
            -0.6851279735565186,
            -0.1281953901052475
        ],
        [
            0.25735554099082947,
            -0.6731441020965576,
            -0.11970628052949905
        ],
        [
            0.2642025053501129,
            -0.6771047711372375,
            -0.11320138722658157
        ],
        [
            0.35407233238220215,
            -0.7491042613983154,
            -0.15414416790008545
        ],
        [
            0.35771793127059937,
            -0.7482178807258606,
            -0.1458880454301834
        ],
        [
            0.35050803422927856,
            -0.7459307312965393,
            -0.14021849632263184
        ],
        [
            0.35337018966674805,
            -0.7470007538795471,
            -0.13930462300777435
        ],
        [
            0.35226571559906006,
            -0.7473182678222656,
            -0.14585348963737488
        ],
        [
            0.3497091829776764,
            -0.7458795309066772,
            -0.14484640955924988
        ],
        [
            0.3471108376979828,
            -0.7474403977394104,
            -0.11871303617954254
        ],
        [
            0.3473280668258667,
            -0.7468774914741516,
            -0.12560836970806122
        ],
        [
            0.34433770179748535,
            -0.7451670169830322,
            -0.12338109314441681
        ],
        [
            0.3435729742050171,
            -0.742785632610321,
            -0.1151035726070404
        ],
        [
            0.33787357807159424,
            -0.7370204925537109,
            -0.1307905614376068
        ],
        [
            0.33992820978164673,
            -0.7390872240066528,
            -0.1260504126548767
        ],
        [
            0.3431549072265625,
            -0.7427811622619629,
            -0.13239505887031555
        ],
        [
            0.3417629599571228,
            -0.7412634491920471,
            -0.1358659565448761
        ],
        [
            0.3399680554866791,
            -0.7406487464904785,
            -0.13970065116882324
        ],
        [
            0.33795836567878723,
            -0.740872323513031,
            -0.1437058001756668
        ],
        [
            0.33434492349624634,
            -0.7374448776245117,
            -0.141513854265213
        ],
        [
            0.33604931831359863,
            -0.7367039918899536,
            -0.1363023817539215
        ],
        [
            0.3495090901851654,
            -0.7488797903060913,
            -0.15164360404014587
        ],
        [
            0.3444015681743622,
            -0.7502453327178955,
            -0.15663862228393555
        ],
        [
            0.3428625166416168,
            -0.7483270168304443,
            -0.15427681803703308
        ],
        [
            0.3473021984100342,
            -0.7468132972717285,
            -0.15025705099105835
        ],
        [
            0.3299007713794708,
            -0.7497180700302124,
            -0.15690156817436218
        ],
        [
            0.3328110873699188,
            -0.7504316568374634,
            -0.15735408663749695
        ],
        [
            0.3320934772491455,
            -0.7514647245407104,
            -0.16115328669548035
        ],
        [
            0.32815471291542053,
            -0.7491036653518677,
            -0.15995219349861145
        ],
        [
            0.3275619149208069,
            -0.7463784217834473,
            -0.15738919377326965
        ],
        [
            0.32972556352615356,
            -0.7479242086410522,
            -0.15569309890270233
        ],
        [
            0.3864893317222595,
            -0.792327880859375,
            -0.16323354840278625
        ],
        [
            0.3764800727367401,
            -0.7767306566238403,
            -0.16711841523647308
        ],
        [
            0.38590455055236816,
            -0.7916474342346191,
            -0.1425827443599701
        ],
        [
            0.3795372247695923,
            -0.7893962264060974,
            -0.12556467950344086
        ],
        [
            0.3715035915374756,
            -0.7836169004440308,
            -0.10979573428630829
        ],
        [
            0.30445587635040283,
            -0.7047145366668701,
            -0.10201019048690796
        ],
        [
            0.2966116666793823,
            -0.7021437883377075,
            -0.09479866921901703
        ],
        [
            0.3005402088165283,
            -0.7132923007011414,
            -0.08405177295207977
        ],
        [
            0.29044264554977417,
            -0.7093350291252136,
            -0.07954194396734238
        ],
        [
            0.2869131565093994,
            -0.6978462934494019,
            -0.0910634696483612
        ],
        [
            0.26605820655822754,
            -0.6883365511894226,
            -0.09426630288362503
        ],
        [
            0.2766267657279968,
            -0.6927610635757446,
            -0.0907423347234726
        ],
        [
            0.2788955867290497,
            -0.7060224413871765,
            -0.07680003345012665
        ],
        [
            0.28463006019592285,
            -0.7228980660438538,
            -0.0651356652379036
        ],
        [
            0.2947123050689697,
            -0.7227858304977417,
            -0.07057511806488037
        ],
        [
            0.2906787395477295,
            -0.7415117025375366,
            -0.058866508305072784
        ],
        [
            0.27209827303886414,
            -0.7248215675354004,
            -0.0594509094953537
        ],
        [
            0.284227579832077,
            -0.7470043897628784,
            -0.055373214185237885
        ],
        [
            0.24483385682106018,
            -0.6991735696792603,
            -0.06590315699577332
        ],
        [
            0.23925398290157318,
            -0.6927406191825867,
            -0.06028533726930618
        ],
        [
            0.24364915490150452,
            -0.7037936449050903,
            -0.0450020432472229
        ],
        [
            0.24994723498821259,
            -0.7100751399993896,
            -0.05054810643196106
        ],
        [
            0.30431920289993286,
            -0.7234247326850891,
            -0.07682384550571442
        ],
        [
            0.35015952587127686,
            -0.7631689310073853,
            -0.09714161604642868
        ],
        [
            0.35250866413116455,
            -0.756876528263092,
            -0.10725639015436172
        ],
        [
            0.34088876843452454,
            -0.756413459777832,
            -0.09021526575088501
        ],
        [
            0.38118845224380493,
            -0.8165384531021118,
            -0.10175585001707077
        ],
        [
            0.3830967843532562,
            -0.803351104259491,
            -0.11466431617736816
        ],
        [
            0.3742789030075073,
            -0.7955508232116699,
            -0.10121183097362518
        ],
        [
            0.3740461766719818,
            -0.8089579343795776,
            -0.0906161516904831
        ],
        [
            0.3902416527271271,
            -0.8419300317764282,
            -0.1385307013988495
        ],
        [
            0.3923072814941406,
            -0.8173864483833313,
            -0.15126623213291168
        ],
        [
            0.38896191120147705,
            -0.8115838766098022,
            -0.13418176770210266
        ],
        [
            0.38769176602363586,
            -0.8303627967834473,
            -0.12236138433218002
        ],
        [
            0.36967214941978455,
            -0.8180402517318726,
            -0.08170311897993088
        ],
        [
            0.36255118250846863,
            -0.8312324285507202,
            -0.07022622972726822
        ],
        [
            0.36770686507225037,
            -0.8478162288665771,
            -0.07388295978307724
        ],
        [
            0.3768841028213501,
            -0.8335049152374268,
            -0.08913063257932663
        ],
        [
            0.3698178231716156,
            -0.8695515394210815,
            -0.08508795499801636
        ],
        [
            0.3813912868499756,
            -0.8526362776756287,
            -0.10352933406829834
        ],
        [
            0.2699355185031891,
            -0.7438980340957642,
            -0.04757174849510193
        ],
        [
            0.28073838353157043,
            -0.7593954801559448,
            -0.04985807090997696
        ],
        [
            0.2588760554790497,
            -0.7165616750717163,
            -0.05747528374195099
        ],
        [
            0.2599428594112396,
            -0.731519341468811,
            -0.04459957405924797
        ],
        [
            0.3662048876285553,
            -0.8885981440544128,
            -0.10011201351881027
        ],
        [
            0.3811245560646057,
            -0.868750274181366,
            -0.1215699166059494
        ],
        [
            0.319660484790802,
            -0.8503456115722656,
            -0.040910206735134125
        ],
        [
            0.3364720344543457,
            -0.8571381568908691,
            -0.04986581206321716
        ],
        [
            0.3386935293674469,
            -0.836176872253418,
            -0.0511435866355896
        ],
        [
            0.32286337018013,
            -0.8328055143356323,
            -0.042581409215927124
        ],
        [
            0.31275734305381775,
            -0.8690999746322632,
            -0.042894147336483
        ],
        [
            0.3321765065193176,
