{
    "pred_cam": [
        1.5962469577789307,
        0.034580789506435394,
        0.35851046442985535
    ],
    "pred_smpl_params": {
        "global_orient": [
            [
                [
                    -0.9977099299430847,
                    -0.049888502806425095,
                    0.04567313939332962
                ],
                [
                    0.04460391774773598,
                    -0.9929085969924927,
                    -0.1101951003074646
                ],
                [
                    0.05084672570228577,
                    -0.1079055443406105,
                    0.9928600192070007
                ]
            ]
        ],
        "body_pose": [
            [
                [
                    0.9993349313735962,
                    -0.025802602991461754,
                    0.02576887421309948
                ],
                [
                    0.020829014480113983,
                    0.9839119911193848,
                    0.17743562161922455
                ],
                [
                    -0.029932599514722824,
                    -0.1767808496952057,
                    0.9837950468063354
                ]
            ],
            [
                [
                    0.997523307800293,
                    -0.012112252414226532,
                    0.06928527355194092
                ],
                [
                    -0.0046014925464987755,
                    0.9717126488685608,
                    0.23612132668495178
                ],
                [
                    -0.0701853409409523,
                    -0.235855370759964,
                    0.9692502617835999
                ]
            ],
            [
                [
                    0.9985579252243042,
                    0.010373877361416817,
                    -0.05267320200800896
                ],
                [
                    -0.01907866820693016,
                    0.9856775403022766,
                    -0.16755874454975128
                ],
                [
                    0.050180550664663315,
                    0.16832205653190613,
                    0.9844540357589722
                ]
            ],
            [
                [
                    0.9873962998390198,
                    0.05221943184733391,
                    -0.14940422773361206
                ],
                [
                    -0.15806186199188232,
                    0.2772970199584961,
                    -0.947693407535553
                ],
                [
                    -0.008058668114244938,
                    0.959364116191864,
                    0.28205594420433044
                ]
            ],
            [
                [
                    0.9786791801452637,
                    -0.02420148439705372,
                    0.2039644420146942
                ],
                [
                    0.20535099506378174,
                    0.1359047293663025,
                    -0.9692063927650452
                ],
                [
                    -0.004263514652848244,
                    0.990426242351532,
                    0.13797692954540253
                ]
            ],
            [
                [
                    0.9995225667953491,
                    -0.028577158227562904,
                    -0.011742740869522095
                ],
                [
                    0.028818361461162567,
                    0.9993659257888794,
                    0.020912431180477142
                ],
                [
                    0.011137676425278187,
                    -0.021240854635834694,
                    0.999712347984314
                ]
            ],
            [
                [
                    0.9745233654975891,
                    -0.11223342269659042,
                    0.19418491423130035
                ],
                [
                    0.058880195021629333,
                    0.9634459614753723,
                    0.2613525390625
                ],
                [
                    -0.21641914546489716,
                    -0.24326054751873016,
                    0.9455088973045349
                ]
            ],
            [
                [
                    0.9693982005119324,
                    0.14326120913028717,
                    -0.19935742020606995
                ],
                [
                    -0.10538673400878906,
                    0.976283073425293,
                    0.18911650776863098
                ],
                [
                    0.2217223197221756,
                    -0.16231957077980042,
                    0.9615048766136169
                ]
            ],
            [
                [
                    0.9994627237319946,
                    -0.008260606788098812,
                    -0.03171916306018829
                ],
                [
                    0.006319029722362757,
                    0.9981280565261841,
                    -0.060830920934677124
                ],
                [
                    0.03216228634119034,
                    0.060597799718379974,
                    0.9976440072059631
                ]
            ],
            [
                [
                    0.998159646987915,
                    0.026068471372127533,
                    -0.05475129187107086
                ],
                [
                    -0.01831328496336937,
                    0.9903120398521423,
                    0.13764679431915283
                ],
                [
                    0.05780910700559616,
                    -0.1363908052444458,
                    0.9889669418334961
                ]
            ],
            [
                [
                    0.9992961287498474,
                    -0.028036251664161682,
                    -0.024927325546741486
                ],
                [
                    0.0317385159432888,
                    0.9860659837722778,
                    0.16329891979694366
                ],
                [
                    0.02000170201063156,
                    -0.16397511959075928,
                    0.9862617254257202
                ]
            ],
            [
                [
                    0.8928594589233398,
                    -0.10289540141820908,
                    -0.4384227991104126
                ],
                [
                    0.07280538231134415,
                    0.993721604347229,
                    -0.08495093137025833
                ],
                [
                    0.4444113075733185,
                    0.043929699808359146,
                    0.8947450518608093
                ]
            ],
            [
                [
                    0.9154264330863953,
                    0.40146854519844055,
                    0.028588924556970596
                ],
                [
                    -0.4008695185184479,
                    0.9158068895339966,
                    -0.024523911997675896
                ],
                [
                    -0.036027513444423676,
                    0.010989412665367126,
                    0.9992903470993042
                ]
            ],
            [
                [
                    0.9193990230560303,
                    -0.3929653465747833,
                    0.016847187653183937
                ],
                [
                    0.39290010929107666,
                    0.9195533394813538,
                    0.007158161140978336
                ],
                [
                    -0.018304795026779175,
                    3.805628148256801e-05,
                    0.9998325705528259
                ]
            ],
            [
                [
                    0.929355800151825,
                    -0.20656949281692505,
                    -0.3059849441051483
                ],
                [
                    0.10872793942689896,
                    0.9451971054077148,
                    -0.30786463618278503
                ],
                [
                    0.3528115451335907,
                    0.25284668803215027,
                    0.9008842706680298
                ]
            ],
            [
                [
                    0.5806882381439209,
                    0.7928472757339478,
                    -0.18491730093955994
                ],
                [
                    -0.8072710037231445,
                    0.590162456035614,
                    -0.0046730185858905315
                ],
                [
                    0.10542625188827515,
                    0.15199194848537445,
                    0.9827430248260498
                ]
            ],
            [
                [
                    0.5446747541427612,
                    -0.806824266910553,
                    0.22883190214633942
                ],
                [
                    0.832484781742096,
                    0.5531736016273499,
                    -0.031112905591726303
                ],
                [
                    -0.1014811098575592,
                    0.20744550228118896,
                    0.9729686379432678
                ]
            ],
            [
                [
                    0.9283964037895203,
                    -0.1342114359140396,
                    -0.3465074300765991
                ],
                [
                    0.11543108522891998,
                    0.990526556968689,
                    -0.07438266277313232
                ],
                [
                    0.3532077968120575,
                    0.02905885875225067,
                    0.9350934624671936
                ]
            ],
            [
                [
                    0.836432933807373,
                    0.20536458492279053,
                    0.5081391334533691
                ],
                [
                    -0.07495899498462677,
                    0.9612970948219299,
                    -0.2651207745075226
                ],
                [
                    -0.5429190993309021,
                    0.1836661398410797,
                    0.8194544911384583
                ]
            ],
            [
                [
                    0.9973441362380981,
                    0.06552798300981522,
                    0.031791724264621735
                ],
                [
                    -0.06163211166858673,
                    0.9919064044952393,
                    -0.11101006716489792
                ],
                [
                    -0.0388086773455143,
                    0.10875585675239563,
                    0.9933106899261475
                ]
            ],
            [
                [
                    0.9991105198860168,
                    -0.011251306161284447,
                    -0.04063945636153221
                ],
                [
                    0.006066024303436279,
                    0.9920713305473328,
                    -0.12553006410598755
                ],
                [
                    0.04172961413860321,
                    0.12517189979553223,
                    0.9912571310997009
                ]
            ],
            [
                [
                    0.9586167335510254,
                    0.2713775932788849,
                    -0.08607019484043121
                ],
                [
                    -0.2543964385986328,
                    0.9522238969802856,
                    0.1689734160900116
                ],
                [
                    0.12781371176242828,
                    -0.14008480310440063,
                    0.9818552732467651
                ]
            ],
            [
                [
                    0.9737114906311035,
                    -0.22030268609523773,
                    0.057902343571186066
                ],
                [
                    0.20624478161334991,
                    0.9605765342712402,
                    0.18642908334732056
                ],
                [
                    -0.09669046103954315,
                    -0.16958607733249664,
                    0.9807606935501099
                ]
            ]
        ],
        "betas": [
            -0.21150344610214233,
            -0.20115557312965393,
            0.09273827075958252,
            0.20384882390499115,
            0.12917649745941162,
            0.10601077228784561,
            -0.005059927701950073,
            -0.17845577001571655,
            0.12428174167871475,
            -0.09619921445846558
        ]
    },
    "pred_cam_t": [
        0.034580789506435394,
        0.35851046442985535,
        24.471464157104492
    ],
    "focal_length": [
        5000.0,
        5000.0
    ],
    "pred_keypoints_3d": [
        [
            0.10673975199460983,
            -0.7959333658218384,
            0.11530320346355438
        ],
        [
            -0.02435256354510784,
            -0.7307840585708618,
            0.003873499110341072
        ],
        [
            0.15366879105567932,
            -0.6334607005119324,
            -0.03453131020069122
        ],
        [
            0.19273443520069122,
            -0.38715481758117676,
            -0.05944358557462692
        ],
        [
            0.24849537014961243,
            -0.1820300966501236,
            0.07374546676874161
        ],
        [
            -0.1974899172782898,
            -0.6272318959236145,
            0.018841182813048363
        ],
        [
            -0.24189649522304535,
            -0.3758704364299774,
            -0.00796952098608017
        ],
        [
            -0.29404374957084656,
            -0.15640000998973846,
            0.08764919638633728
        ],
        [
            -0.0017775833839550614,
            -0.22425076365470886,
            0.028846800327301025
        ],
        [
            0.07055176049470901,
            -0.13713815808296204,
            0.031006209552288055
        ],
        [
            0.125032439827919,
            0.21558326482772827,
            0.15035751461982727
        ],
        [
            0.12394708395004272,
            0.3568306863307953,
            -0.21490955352783203
        ],
        [
            -0.067389577627182,
            -0.1297963559627533,
            0.03548683226108551
        ],
        [
            -0.08840343356132507,
            0.2241472601890564,
            0.13509510457515717
        ],
        [
            -0.06349547952413559,
            0.39409738779067993,
            -0.2164582461118698
        ],
        [
            0.11112932860851288,
            -0.8414291739463806,
            0.07481282949447632
        ],
        [
            0.077520951628685,
            -0.8456549644470215,
            0.1313709318637848
        ],
        [
            0.05352340638637543,
            -0.8549153804779053,
            -0.00849185325205326
        ],
        [
            -0.023544415831565857,
            -0.8648544549942017,
            0.11475936323404312
        ],
        [
            -0.06167426332831383,
            0.5587108135223389,
            -0.11083143949508667
        ],
        [
            -0.1287234127521515,
            0.5328114628791809,
            -0.1523100733757019
        ],
        [
            -0.07350046187639236,
            0.37337741255760193,
            -0.28079530596733093
        ],
        [
            0.12403244525194168,
            0.5346378684043884,
            -0.13142335414886475
        ],
        [
            0.19487264752388,
            0.49727195501327515,
            -0.16121447086334229
        ],
        [
            0.13351261615753174,
            0.3371361494064331,
            -0.2834431529045105
        ],
        [
            0.1477426290512085,
            0.31107550859451294,
            -0.18460436165332794
        ],
        [
            0.11971835792064667,
            0.16447514295578003,
            0.14820735156536102
        ],
        [
            0.1447553187608719,
            -0.2605292797088623,
            0.004665537271648645
        ],
        [
            -0.15306317806243896,
            -0.23145157098770142,
            0.009300418198108673
        ],
        [
            -0.10137061029672623,
            0.18978923559188843,
            0.13563062250614166
        ],
        [
            -0.07773111760616302,
            0.35403066873550415,
            -0.2022736668586731
        ],
        [
            0.23365521430969238,
            -0.21045202016830444,
            0.08946935832500458
        ],
        [
            0.22235675156116486,
            -0.4099659323692322,
            -0.04212003946304321
        ],
        [
            0.11868779361248016,
            -0.6666748523712158,
            -0.03140028566122055
        ],
        [
            -0.16752097010612488,
            -0.6601181030273438,
            0.013146582990884781
        ],
        [
            -0.27257275581359863,
            -0.40249496698379517,
            0.021958183497190475
        ],
        [
            -0.29557716846466064,
            -0.174800306558609,
            0.09630664438009262
        ],
        [
            -0.024019736796617508,
            -0.7206861972808838,
            0.0070922221057116985
        ],
        [
            0.042076077312231064,
            -0.9057565927505493,
            0.06946142762899399
        ],
        [
            -0.00478839548304677,
            -0.245944544672966,
            0.007438864093273878
        ],
        [
            -0.023866727948188782,
            -0.6622466444969177,
            -0.006086851470172405
        ],
        [
            -0.02082213945686817,
            -0.48682835698127747,
            -0.015826793387532234
        ],
        [
            0.03782438486814499,
            -0.7929965853691101,
            0.08117253333330154
        ],
        [
            0.04395154118537903,
            -0.9254519939422607,
            0.06207459419965744
        ]
    ],
    "pred_vertices": [
        [
            0.08329172432422638,
            -0.8909130096435547,
            0.1466875821352005
        ],
        [
            0.08728284388780594,
            -0.8748542070388794,
            0.14332066476345062
        ],
        [
            0.07320096343755722,
            -0.8748314380645752,
            0.14791733026504517
        ],
        [
            0.06594356149435043,
            -0.8886719942092896,
            0.14845886826515198
        ],
        [
            0.07742085307836533,
            -0.8642776608467102,
            0.146201953291893
        ],
        [
            0.08893901109695435,
            -0.8626012206077576,
            0.1417434811592102
        ],
        [
            0.05951493978500366,
            -0.8728114366531372,
            0.14716766774654388
        ],
        [
            0.05088087171316147,
            -0.8829219341278076,
            0.14657822251319885
        ],
        [
            0.03808072954416275,
            -0.8423795104026794,
            0.14287014305591583
        ],
        [
            0.026821374893188477,
            -0.8405434489250183,
            0.14031092822551727
        ],
        [
            0.031115539371967316,
            -0.8515337109565735,
            0.14327044785022736
        ],
        [
            0.04155592620372772,
            -0.8503864407539368,
            0.14350880682468414
        ],
        [
            0.02803368866443634,
            -0.8187215328216553,
            0.13670101761817932
        ],
        [
            0.03587695211172104,
            -0.807207465171814,
            0.13505317270755768
        ],
        [
            0.02382861077785492,
            -0.8015308380126953,
            0.13063499331474304
        ],
        [
            0.016291797161102295,
            -0.8126857280731201,
            0.13074415922164917
        ],
        [
            0.0767432451248169,
            -0.8117249011993408,
            0.1217270940542221
        ],
        [
            0.07100249081850052,
            -0.8060874342918396,
            0.1254245787858963
        ],
        [
            0.07031754404306412,
            -0.8127996921539307,
            0.1289900690317154
        ],
        [
            0.07600478082895279,
            -0.817730724811554,
            0.12445107102394104
        ],
        [
            0.08883357793092728,
            -0.81844162940979,
            0.1179618313908577
        ],
        [
            0.08725189417600632,
            -0.8246419429779053,
            0.1176663488149643
        ],
        [
            0.0949157178401947,
            -0.8266535401344299,
            0.11658095568418503
        ],
        [
            0.09660880267620087,
            -0.8195034265518188,
            0.11811672151088715
        ],
        [
            0.07808081060647964,
            -0.8065067529678345,
            0.11647260189056396
        ],
        [
            0.07174639403820038,
            -0.8008044362068176,
            0.12034561485052109
        ],
        [
            0.08214402198791504,
            -0.8163644075393677,
            0.11884482949972153
        ],
        [
            0.08310192823410034,
            -0.8112136125564575,
            0.11816947907209396
        ],
        [
            0.09094227105379105,
            -0.8026004433631897,
            0.12033946812152863
        ],
        [
            0.09035134315490723,
            -0.807506799697876,
            0.12130266427993774
        ],
        [
            0.09792227298021317,
            -0.8064449429512024,
            0.12213674187660217
        ],
        [
            0.09654583036899567,
            -0.8014264106750488,
            0.12017767131328583
        ],
        [
            0.08213547617197037,
            -0.8046780824661255,
            0.11763686686754227
        ],
        [
            0.08485443145036697,
            -0.8065872192382812,
            0.1199064776301384
        ],
        [
            0.08691681921482086,
            -0.8022997379302979,
            0.11871173977851868
        ],
        [
            0.08446277678012848,
            -0.8011494874954224,
            0.11563971638679504
        ],
        [
            0.09020429104566574,
            -0.8135888576507568,
            0.11855623871088028
        ],
        [
            0.09770786017179489,
            -0.8133167028427124,
            0.11984844505786896
        ],
        [
            0.10574409365653992,
            -0.8125784397125244,
            0.12048167735338211
        ],
        [
            0.10512728244066238,
            -0.8038105368614197,
            0.1223905086517334
        ],
        [
            0.05539768189191818,
            -0.7958196401596069,
            0.1295848786830902
        ],
        [
            0.06408244371414185,
            -0.8006946444511414,
            0.12847384810447693
        ],
        [
            0.06537351757287979,
            -0.7958450317382812,
            0.12381745129823685
        ],
        [
            0.05861486494541168,
            -0.7917928099632263,
            0.12561000883579254
        ],
        [
            0.08007976412773132,
            -0.7992546558380127,
            0.11461842805147171
        ],
        [
            0.07306382805109024,
            -0.7846000790596008,
            0.1164933368563652
        ],
        [
            0.07430565357208252,
            -0.7880605459213257,
            0.11727254092693329
        ],
        [
            0.08091685175895691,
            -0.7873721122741699,
            0.1143663078546524
        ],
        [
            0.07929552346467972,
            -0.7842364311218262,
            0.11416018754243851
        ],
        [
            0.04088463634252548,
            -0.7852752804756165,
            0.1269633173942566
        ],
        [
            0.04747140407562256,
            -0.7825872898101807,
            0.12485814094543457
        ],
        [
            0.04273039102554321,
            -0.7769562005996704,
            0.12286344170570374
        ],
        [
            0.03476987034082413,
            -0.7787171602249146,
            0.12362454831600189
        ],
        [
            0.04059100151062012,
            -0.7719788551330566,
            0.11981508135795593
        ],
        [
            0.02970263361930847,
            -0.7723885774612427,
            0.11985334753990173
        ],
        [
            0.03040286898612976,
            -0.759169340133667,
            0.11106768250465393
        ],
        [
            0.02936774492263794,
            -0.7650858163833618,
            0.11533637344837189
        ],
        [
            0.0413491353392601,
            -0.7666035890579224,
            0.11626188457012177
        ],
        [
            0.04528716951608658,
            -0.760890007019043,
            0.11324215680360794
        ],
        [
            0.061206020414829254,
            -0.7616879940032959,
            0.10822785645723343
        ],
        [
            0.0660703033208847,
            -0.759372889995575,
            0.10494455695152283
        ],
        [
            0.0578654408454895,
            -0.7494195699691772,
            0.10644157230854034
        ],
        [
            0.05159222334623337,
            -0.7542624473571777,
            0.10990889370441437
        ],
        [
            0.06846028566360474,
            -0.7807499170303345,
            0.1129593476653099
        ],
        [
            0.06413759291172028,
            -0.7819099426269531,
            0.11456361413002014
        ],
        [
            0.06627501547336578,
            -0.7825806140899658,
            0.11621485650539398
        ],
        [
            0.07148008793592453,
            -0.7823358774185181,
            0.11478157341480255
        ],
        [
            0.06067979335784912,
            -0.7823622822761536,
            0.11646917462348938
        ],
        [
            0.05912572145462036,
            -0.7823864817619324,
            0.11741854250431061
        ],
        [
            0.060613907873630524,
            -0.7832204103469849,
            0.11804120242595673
        ],
        [
            0.06162074953317642,
            -0.7828695774078369,
            0.1167420744895935
        ],
        [
            0.06304264068603516,
            -0.7822692394256592,
            0.11545132100582123
        ],
        [
            0.06325642019510269,
            -0.78034508228302,
            0.11464528739452362
        ],
        [
            0.06124652922153473,
            -0.7814669013023376,
            0.11596003919839859
        ],
        [
            0.06712930649518967,
            -0.7785749435424805,
            0.11321213841438293
        ],
        [
            0.07877670973539352,
            -0.7729533910751343,
            0.10752853751182556
        ],
        [
            0.07620920240879059,
            -0.7743836045265198,
            0.10956501960754395
        ],
        [
            0.07779908925294876,
            -0.7785274982452393,
            0.10849834978580475
        ],
        [
            0.07989917695522308,
            -0.7776381969451904,
            0.10677416622638702
        ],
        [
            0.06318467855453491,
            -0.78416907787323,
            0.11797353625297546
        ],
        [
            0.06220418959856033,
            -0.7860589027404785,
            0.1199052706360817
        ],
        [
            0.0678318589925766,
            -0.7873244881629944,
            0.11904804408550262
        ],
        [
            0.0670878142118454,
            -0.7849347591400146,
            0.11740753054618835
        ],
        [
            0.06126072257757187,
            -0.787987470626831,
            0.12233108282089233
        ],
        [
            0.05924394726753235,
            -0.7845901250839233,
            0.1197730153799057
        ],
        [
            0.056767530739307404,
            -0.785441517829895,
            0.12230084836483002
        ],
        [
            0.05883219093084335,
            -0.7807455062866211,
            0.11678381264209747
        ],
        [
            0.05564277619123459,
            -0.7796964645385742,
            0.1180461198091507
        ],
        [
            0.05700352042913437,
            -0.781852662563324,
            0.11935783922672272
        ],
        [
            0.0560261607170105,
            -0.7765270471572876,
            0.11621841788291931
        ],
        [
            0.06044207513332367,
            -0.7785778045654297,
            0.11512371897697449
        ],
        [
            0.06394968926906586,
            -0.7759354710578918,
            0.1135500818490982
        ],
        [
            0.06874115765094757,
            -0.7731128931045532,
            0.11157950758934021
        ],
        [
            0.06353382766246796,
            -0.7696548700332642,
            0.11144541203975677
        ],
        [
            0.0589580163359642,
            -0.772987961769104,
            0.11407607793807983
        ],
        [
            0.06691228598356247,
            -0.7909916639328003,
            0.1210743859410286
        ],
        [
            0.05294891446828842,
            -0.7820361852645874,
            0.12174955010414124
        ],
        [
            0.052949994802474976,
            -0.7882122993469238,
            0.12550772726535797
        ],
        [
            0.050524838268756866,
            -0.7779157161712646,
            0.12043933570384979
        ],
        [
            0.049823179841041565,
            -0.7738466262817383,
            0.1179259866476059
        ],
        [
            0.051191478967666626,
            -0.7698339223861694,
            0.11518748104572296
        ],
        [
            0.056277111172676086,
            -0.765426754951477,
            0.11171416938304901
        ],
        [
            0.044788166880607605,
            -0.745009183883667,
            0.10160723328590393
        ],
        [
            0.03777766227722168,
            -0.7513606548309326,
            0.10653059929609299
        ],
        [
            0.08668921887874603,
            -0.8563392162322998,
            0.13718469440937042
        ],
        [
            0.07904206216335297,
            -0.8569148778915405,
            0.14280393719673157
        ],
        [
            0.07277023047208786,
            -0.8513752818107605,
            0.1391802728176117
        ],
        [
            0.0729682520031929,
            -0.853979229927063,
            0.14076048135757446
        ],
        [
            0.07839632034301758,
            -0.853368878364563,
            0.13883261382579803
        ],
        [
            0.07729887217283249,
            -0.8511540293693542,
            0.1373826414346695
        ],
        [
            0.05100888013839722,
            -0.8501619696617126,
            0.14137892425060272
        ],
        [
            0.057928480207920074,
            -0.8500880002975464,
            0.1399255096912384
        ],
        [
            0.055353499948978424,
            -0.8469414710998535,
            0.13921323418617249
        ],
        [
            0.04748837649822235,
            -0.8441996574401855,
            0.1418454349040985
        ],
        [
            0.0629168227314949,
            -0.8369741439819336,
            0.1360350102186203
        ],
        [
            0.058276981115341187,
            -0.839469850063324,
            0.138087198138237
        ],
        [
            0.0646432638168335,
            -0.8447014689445496,
            0.13692352175712585
        ],
        [
            0.06809776276350021,
            -0.8428598642349243,
            0.1355801671743393
        ],
        [
            0.07163723558187485,
            -0.841431736946106,
            0.13362427055835724
        ],
        [
            0.07493230700492859,
            -0.8407456874847412,
            0.13087405264377594
        ],
        [
            0.07269445806741714,
            -0.8359304666519165,
            0.1299840360879898
        ],
        [
            0.06815201044082642,
            -0.8359755277633667,
            0.13310523331165314
        ],
        [
            0.08378635346889496,
            -0.853449821472168,
            0.13434410095214844
        ],
        [
            0.08728853613138199,
            -0.8524463176727295,
            0.12796103954315186
        ],
        [
            0.08507534116506577,
            -0.8499233722686768,
            0.12842248380184174
        ],
        [
            0.08230295777320862,
            -0.8506436347961426,
            0.13390667736530304
        ],
        [
            0.08482281863689423,
            -0.8449777960777283,
            0.11618506163358688
        ],
        [
            0.08573875576257706,
            -0.8470667004585266,
            0.11811482906341553
        ],
        [
            0.08907719701528549,
            -0.8479804396629333,
            0.11588190495967865
        ],
        [
            0.08750308305025101,
            -0.8438111543655396,
            0.11414923518896103
        ],
        [
            0.08518872410058975,
            -0.840998649597168,
            0.11558559536933899
        ],
        [
            0.08381213992834091,
            -0.8432629704475403,
            0.11719758808612823
        ],
        [
            0.09405743330717087,
            -0.911311686038971,
            0.14167003333568573
        ],
        [
            0.0979267954826355,
            -0.8922223448753357,
            0.14030328392982483
        ],
        [
            0.07365326583385468,
            -0.9092168211936951,
            0.14639462530612946
        ],
        [
            0.05626015365123749,
            -0.9033122062683105,
            0.14673665165901184
        ],
        [
            0.04089309275150299,
            -0.8938949108123779,
            0.1452593207359314
        ],
        [
            0.032458096742630005,
            -0.7919682264328003,
            0.129124253988266
        ],
        [
            0.023700878024101257,
            -0.7854401469230652,
            0.1255897730588913
        ],
        [
            0.012024730443954468,
            -0.7964640855789185,
            0.12572884559631348
        ],
        [
            0.005525968968868256,
            -0.7882872819900513,
            0.11942024528980255
        ],
        [
            0.017577357590198517,
            -0.777197539806366,
            0.12008799612522125
        ],
        [
            0.016415387392044067,
            -0.760696291923523,
            0.10539919137954712
        ],
        [
            0.014825820922851562,
            -0.7683247327804565,
            0.11303862929344177
        ],
        [
            0.00017864257097244263,
            -0.7807644009590149,
            0.10981519520282745
        ],
        [
            -0.011450722813606262,
            -0.7969355583190918,
            0.108299620449543
        ],
        [
            -0.004427656531333923,
            -0.8014663457870483,
            0.11830491572618484
        ],
        [
            -0.01844821125268936,
            -0.8157050609588623,
            0.10641484707593918
        ],
        [
            -0.02146231383085251,
            -0.7928397059440613,
            0.09578564763069153
        ],
        [
            -0.02451874315738678,
            -0.816790759563446,
            0.09863155335187912
        ],
        [
            -0.02455304004251957,
            -0.7553959488868713,
            0.08181832730770111
        ],
        [
            -0.033071666955947876,
            -0.7457664012908936,
            0.07666797935962677
        ],
        [
            -0.04608678072690964,
            -0.7554965019226074,
            0.07147376984357834
        ],
        [
            -0.038996897637844086,
            -0.7656722664833069,
            0.07912980765104294
        ],
        [
            0.004679232835769653,
            -0.8067469596862793,
            0.1251324713230133
        ],
        [
            0.028202518820762634,
            -0.8650329113006592,
            0.14001983404159546
        ],
        [
            0.03873646259307861,
            -0.8608124256134033,
            0.14363136887550354
        ],
        [
            0.019732266664505005,
            -0.8538010120391846,
            0.13920535147190094
        ],
        [
            0.029565617442131042,
            -0.9273097515106201,
            0.13945633172988892
        ],
        [
            0.044431060552597046,
            -0.9171453714370728,
            0.14463035762310028
        ],
        [
            0.03064483404159546,
            -0.9046628475189209,
            0.14417196810245514
        ],
        [
            0.017781317234039307,
            -0.9160819053649902,
            0.13972416520118713
        ],
        [
            0.06209680438041687,
            -0.9555394649505615,
            0.1267269104719162
        ],
        [
            0.07953682541847229,
            -0.9358187913894653,
            0.13694779574871063
        ],
        [
            0.06278703361749649,
            -0.9275890588760376,
            0.1410418003797531
        ],
        [
            0.04783591628074646,
            -0.9436599612236023,
            0.1343841850757599
        ],
        [
            0.007269024848937988,
            -0.9220002889633179,
            0.13410617411136627
        ],
        [
            -0.00787283480167389,
            -0.92902010679245,
            0.12483271956443787
        ],
        [
            -0.00605069100856781,
            -0.9461546540260315,
            0.11977000534534454
        ],
        [
            0.01302984356880188,
            -0.9389356374740601,
            0.13029658794403076
        ],
        [
            0.002119898796081543,
            -0.9663931727409363,
            0.10821785777807236
        ],
        [
            0.024507537484169006,
            -0.9584150314331055,
            0.12228089570999146
        ],
        [
            -0.03665872663259506,
            -0.805547833442688,
            0.08637667447328568
        ],
        [
            -0.03266818821430206,
            -0.8246321082115173,
            0.09094294905662537
        ],
        [
            -0.0291818305850029,
            -0.7777386903762817,
            0.08745811134576797
        ],
        [
            -0.041746191680431366,
            -0.7895998358726501,
            0.08020620048046112
        ],
        [
            0.01299285888671875,
            -0.9803833961486816,
            0.09221576899290085
        ],
        [
            0.03942105174064636,
            -0.9729580283164978,
            0.10973605513572693
        ],
        [
            -0.04587426781654358,
            -0.9225950241088867,
            0.08486665785312653
        ],
        [
            -0.036040082573890686,
            -0.9370248317718506,
            0.09465138614177704
        ],
        [
            -0.03112529218196869,
            -0.9206847548484802,
            0.10667883604764938
        ],
        [
            -0.04130758345127106,
            -0.909460723400116,
            0.09681165963411331
        ],
        [
            -0.048546403646469116,
            -0.935639500617981,
            0.06967013329267502
        ],
        [
            -0.036772340536117554,
