{
    "pred_cam": [
        1.5428450107574463,
        0.06513676047325134,
        0.34290215373039246
    ],
    "pred_smpl_params": {
        "global_orient": [
            [
                [
                    -0.9999600052833557,
                    -0.005332962144166231,
                    0.007169290445744991
                ],
                [
                    0.004426104947924614,
                    -0.992637574672699,
                    -0.12104104459285736
                ],
                [
                    0.007762016262859106,
                    -0.12100449204444885,
                    0.9926214814186096
                ]
            ]
        ],
        "body_pose": [
            [
                [
                    0.9997201561927795,
                    -0.02328469417989254,
                    -0.00418471172451973
                ],
                [
                    0.02364366129040718,
                    0.9772683382034302,
                    0.21068356931209564
                ],
                [
                    -0.0008161157602444291,
                    -0.21072353422641754,
                    0.9775453805923462
                ]
            ],
            [
                [
                    0.9985795021057129,
                    -0.023214099928736687,
                    0.04795943200588226
                ],
                [
                    0.006061689928174019,
                    0.9437522888183594,
                    0.33059778809547424
                ],
                [
                    -0.05293635278940201,
                    -0.329837441444397,
                    0.942552387714386
                ]
            ],
            [
                [
                    0.9984466433525085,
                    -0.0005266228690743446,
                    -0.055714432150125504
                ],
                [
                    -0.010687083937227726,
                    0.9795780777931213,
                    -0.20078004896640778
                ],
                [
                    0.05468236654996872,
                    0.20106357336044312,
                    0.9780508279800415
                ]
            ],
            [
                [
                    0.9868879318237305,
                    0.017884349450469017,
                    -0.16041304171085358
                ],
                [
                    -0.15975433588027954,
                    0.2500835359096527,
                    -0.9549537301063538
                ],
                [
                    0.02303793840110302,
                    0.9680590629577637,
                    0.24966152012348175
                ]
            ],
            [
                [
                    0.9763190150260925,
                    -0.09719795733690262,
                    0.19327102601528168
                ],
                [
                    0.20029939711093903,
                    0.06858497112989426,
                    -0.9773312211036682
                ],
                [
                    0.08173910528421402,
                    0.9928991794586182,
                    0.08642950654029846
                ]
            ],
            [
                [
                    0.9999381303787231,
                    -0.0049608792178332806,
                    -0.009950065985321999
                ],
                [
                    0.005329807288944721,
                    0.9992861151695251,
                    0.03740086033940315
                ],
                [
                    0.009757421910762787,
                    -0.03745158389210701,
                    0.9992507100105286
                ]
            ],
            [
                [
                    0.974724292755127,
                    -0.1040237694978714,
                    0.19771581888198853
                ],
                [
                    0.05067703500390053,
                    0.964866042137146,
                    0.25780877470970154
                ],
                [
                    -0.21758753061294556,
                    -0.24127283692359924,
                    0.9457499980926514
                ]
            ],
            [
                [
                    0.9680362343788147,
                    0.153859943151474,
                    -0.1980731189250946
                ],
                [
                    -0.10873793065547943,
                    0.9691112637519836,
                    0.2213582545518875
                ],
                [
                    0.22601303458213806,
                    -0.19274476170539856,
                    0.9548652172088623
                ]
            ],
            [
                [
                    0.999615490436554,
                    0.011136071756482124,
                    -0.02539442852139473
                ],
                [
                    -0.012865959666669369,
                    0.9975331425666809,
                    -0.06900762766599655
                ],
                [
                    0.02456331066787243,
                    0.06930781900882721,
                    0.9972928762435913
                ]
            ],
            [
                [
                    0.9985986351966858,
                    0.010215538553893566,
                    -0.05192674323916435
                ],
                [
                    -0.001447632210329175,
                    0.9860984683036804,
                    0.16615593433380127
                ],
                [
                    0.05290225148200989,
                    -0.16584792733192444,
                    0.9847313761711121
                ]
            ],
            [
                [
                    0.9998749494552612,
                    -0.012092677876353264,
                    -0.010191400535404682
                ],
                [
                    0.013640619814395905,
                    0.9855433702468872,
                    0.168873131275177
                ],
                [
                    0.00800193939357996,
                    -0.16899102926254272,
                    0.98558509349823
                ]
            ],
            [
                [
                    0.9115928411483765,
                    -0.10546763241291046,
                    -0.3973349630832672
                ],
                [
                    0.10092467069625854,
                    0.9943665266036987,
                    -0.03239405155181885
                ],
                [
                    0.39851313829421997,
                    -0.010570712387561798,
                    0.9171016812324524
                ]
            ],
            [
                [
                    0.8967568278312683,
                    0.43901538848876953,
                    0.055612094700336456
                ],
                [
                    -0.43808698654174805,
                    0.8984786868095398,
                    -0.0285633634775877
                ],
                [
                    -0.06250603497028351,
                    0.0012514564441516995,
                    0.9980438351631165
                ]
            ],
            [
                [
                    0.916072428226471,
                    -0.4009931981563568,
                    -0.00397976441308856
                ],
                [
                    0.4009985327720642,
                    0.916078507900238,
                    0.0006236591143533587
                ],
                [
                    0.0033956936094909906,
                    -0.002167196711525321,
                    0.9999919533729553
                ]
            ],
            [
                [
                    0.9416915774345398,
                    -0.18803700804710388,
                    -0.2790323495864868
                ],
                [
                    0.10682014375925064,
                    0.95344477891922,
                    -0.28201496601104736
                ],
                [
                    0.3190712034702301,
                    0.23576484620571136,
                    0.9179370403289795
                ]
            ],
            [
                [
                    0.6450169086456299,
                    0.7500700950622559,
                    -0.1461097002029419
                ],
                [
                    -0.7599005699157715,
                    0.6497601866722107,
                    -0.019047811627388
                ],
                [
                    0.08064907044172287,
                    0.12331501394510269,
                    0.9890850186347961
                ]
            ],
            [
                [
                    0.49959033727645874,
                    -0.8328043222427368,
                    0.23842477798461914
                ],
                [
                    0.8621757626533508,
                    0.5047305226325989,
                    -0.04358966648578644
                ],
                [
                    -0.08403860777616501,
                    0.22734102606773376,
                    0.9701821804046631
                ]
            ],
            [
                [
                    0.9619195461273193,
                    -0.1233130395412445,
                    -0.2439359575510025
                ],
                [
                    0.12535618245601654,
                    0.9920857548713684,
                    -0.007192826364189386
                ],
                [
                    0.2428923398256302,
                    -0.023659948259592056,
                    0.9697647094726562
                ]
            ],
            [
                [
                    0.8145976662635803,
                    0.21384908258914948,
                    0.5391653180122375
                ],
                [
                    -0.0668250173330307,
                    0.9579646587371826,
                    -0.2789948880672455
                ],
                [
                    -0.5761641263961792,
                    0.19123885035514832,
                    0.7946462631225586
                ]
            ],
            [
                [
                    0.9961124062538147,
                    0.07652682811021805,
                    0.043631333857774734
                ],
                [
                    -0.07078798860311508,
                    0.9901737570762634,
                    -0.12060276418924332
                ],
                [
                    -0.052431944757699966,
                    0.1170453354716301,
                    0.9917415380477905
                ]
            ],
            [
                [
                    0.9981385469436646,
                    -0.04033829644322395,
                    -0.04573954641819
                ],
                [
                    0.036987267434597015,
                    0.9967269897460938,
                    -0.07188300043344498
                ],
                [
                    0.04848948493599892,
                    0.07005742192268372,
                    0.996363639831543
                ]
            ],
            [
                [
                    0.9620556831359863,
                    0.25988611578941345,
                    -0.08311469852924347
                ],
                [
                    -0.24250146746635437,
                    0.9540289640426636,
                    0.17612989246845245
                ],
                [
                    0.1250675469636917,
                    -0.14929132163524628,
                    0.9808517694473267
                ]
            ],
            [
                [
                    0.9727257490158081,
                    -0.2116309553384781,
                    0.09495754539966583
                ],
                [
                    0.1963893622159958,
                    0.9692375063896179,
                    0.14835742115974426
                ],
                [
                    -0.1234334334731102,
                    -0.1256624311208725,
                    0.9843643307685852
                ]
            ]
        ],
        "betas": [
            -0.1277005970478058,
            -0.08328813314437866,
            0.11827853322029114,
            0.4618649184703827,
            0.1159048080444336,
            0.11798248440027237,
            -0.05286577343940735,
            -0.1429901123046875,
            0.1408085823059082,
            -0.11146467924118042
        ]
    },
    "pred_cam_t": [
        0.06513676047325134,
        0.34290215373039246,
        25.318485260009766
    ],
    "focal_length": [
        5000.0,
        5000.0
    ],
    "pred_keypoints_3d": [
        [
            0.1098593920469284,
            -0.8123202323913574,
            0.13487108051776886
        ],
        [
            -0.008926275186240673,
            -0.7386451363563538,
            0.01003345102071762
        ],
        [
            0.17024849355220795,
            -0.638541042804718,
            -0.02424839325249195
        ],
        [
            0.19274117052555084,
            -0.39033371210098267,
            -0.05684021860361099
        ],
        [
            0.224420964717865,
            -0.18033939599990845,
            0.07890713959932327
        ],
        [
            -0.18378674983978271,
            -0.6318686604499817,
            0.010071754455566406
        ],
        [
            -0.23810109496116638,
            -0.3833194375038147,
            -0.03077058121562004
        ],
        [
            -0.32109129428863525,
            -0.15771633386611938,
            0.023306000977754593
        ],
        [
            -0.002061194274574518,
            -0.22729529440402985,
            0.027803270146250725
        ],
        [
            0.06540268659591675,
            -0.13737908005714417,
            0.0336354523897171
        ],
        [
            0.09684118628501892,
            0.20321917533874512,
            0.1939231902360916
        ],
        [
            0.06863190978765488,
            0.36014583706855774,
            -0.165146604180336
        ],
        [
            -0.07041380554437637,
            -0.13548153638839722,
            0.032306212931871414
        ],
        [
            -0.10992876440286636,
            0.21275150775909424,
            0.14930085837841034
        ],
        [
            -0.10114309191703796,
            0.39127469062805176,
            -0.20021872222423553
        ],
        [
            0.11869485676288605,
            -0.8555397987365723,
            0.09205248951911926
        ],
        [
            0.07783816009759903,
            -0.8627557158470154,
            0.1435265839099884
        ],
        [
            0.07204852998256683,
            -0.8627321720123291,
            0.0009943470358848572
        ],
        [
            -0.02040260285139084,
            -0.8788511753082275,
            0.11286351829767227
        ],
        [
            -0.10638254880905151,
            0.5536901950836182,
            -0.09017878770828247
        ],
        [
            -0.17298266291618347,
            0.5254030823707581,
            -0.13207021355628967
        ],
        [
            -0.11123499274253845,
            0.37154945731163025,
            -0.26543545722961426
        ],
        [
            0.05793891102075577,
            0.5316543579101562,
            -0.06758135557174683
        ],
        [
            0.131018728017807,
            0.5015962719917297,
            -0.1020655632019043
        ],
        [
            0.07749930024147034,
            0.34594976902008057,
            -0.23534590005874634
        ],
        [
            0.09746257960796356,
            0.31485486030578613,
            -0.13798391819000244
        ],
        [
            0.09523792564868927,
            0.1530030071735382,
            0.186978280544281
        ],
        [
            0.14502671360969543,
            -0.25753992795944214,
            0.007592265494167805
        ],
        [
            -0.14981821179389954,
            -0.24035891890525818,
            0.0013799290172755718
        ],
        [
            -0.12066559493541718,
            0.17802052199840546,
            0.1482713222503662
        ],
        [
            -0.1128261610865593,
            0.3500401973724365,
            -0.18692684173583984
        ],
        [
            0.21131852269172668,
            -0.21052363514900208,
            0.09412021934986115
        ],
        [
            0.2227226346731186,
            -0.4107706844806671,
            -0.0370984822511673
        ],
        [
            0.13473153114318848,
            -0.6718254089355469,
            -0.021519767120480537
        ],
        [
            -0.15416042506694794,
            -0.6666462421417236,
            0.006953789386898279
        ],
        [
            -0.27117300033569336,
            -0.4102468490600586,
            -0.004123917780816555
        ],
        [
            -0.3234442174434662,
            -0.17469963431358337,
            0.03417916223406792
        ],
        [
            -0.009404666721820831,
            -0.727150022983551,
            0.010857190005481243
        ],
        [
            0.05047459527850151,
            -0.9179365634918213,
            0.07408636808395386
        ],
        [
            -0.00287887966260314,
            -0.24885742366313934,
            0.004984191618859768
        ],
        [
            -0.009067121893167496,
            -0.6681295037269592,
            -0.004092651419341564
        ],
        [
            -0.007199520710855722,
            -0.49391305446624756,
            -0.014317360706627369
        ],
        [
            0.045014865696430206,
            -0.8060002326965332,
            0.09160051494836807
        ],
        [
            0.05294153466820717,
            -0.9373708963394165,
            0.06557123363018036
        ]
    ],
    "pred_vertices": [
        [
            0.08129368722438812,
            -0.9085770845413208,
            0.15647085011005402
        ],
        [
            0.08589453250169754,
            -0.8924120664596558,
            0.1549377590417862
        ],
        [
            0.07133732736110687,
            -0.8925164937973022,
            0.15763098001480103
        ],
        [
            0.06394705176353455,
            -0.9061987400054932,
            0.15622462332248688
        ],
        [
            0.07576292008161545,
            -0.8820527791976929,
            0.15720641613006592
        ],
        [
            0.08792430907487869,
            -0.8802930116653442,
            0.15428248047828674
        ],
        [
            0.05783575773239136,
            -0.8902738094329834,
            0.1552714705467224
        ],
        [
            0.04919159412384033,
            -0.9000515341758728,
            0.15286342799663544
        ],
        [
            0.03719625622034073,
            -0.8594200611114502,
            0.15012431144714355
        ],
        [
            0.02630133181810379,
            -0.8571352958679199,
            0.146258145570755
        ],
        [
            0.030265897512435913,
            -0.8684167861938477,
            0.1490829437971115
        ],
        [
            0.04063282161951065,
            -0.8674966096878052,
            0.15066474676132202
        ],
        [
            0.02830865979194641,
            -0.8351408243179321,
            0.14424365758895874
        ],
        [
            0.03644351661205292,
            -0.8236876130104065,
            0.14421893656253815
        ],
        [
            0.025107719004154205,
            -0.8175095319747925,
            0.13879217207431793
        ],
        [
            0.0175044983625412,
            -0.8285821080207825,
            0.137325257062912
        ],
        [
            0.07864394038915634,
            -0.8280898332595825,
            0.13601766526699066
        ],
        [
            0.07249702513217926,
            -0.8225895166397095,
            0.1392381489276886
        ],
        [
            0.07128554582595825,
            -0.82952880859375,
            0.14221522212028503
        ],
        [
            0.07749950885772705,
            -0.834280252456665,
            0.1382041871547699
        ],
        [
            0.09130827337503433,
            -0.8348033428192139,
            0.13358192145824432
        ],
        [
            0.08967167884111404,
            -0.8409562110900879,
            0.13262970745563507
        ],
        [
            0.09745561331510544,
            -0.8430246114730835,
            0.13254934549331665
        ],
        [
            0.09905755519866943,
            -0.8359693288803101,
            0.134793221950531
        ],
        [
            0.08080780506134033,
            -0.8225207924842834,
            0.13149486482143402
        ],
        [
            0.07404385507106781,
            -0.8169146776199341,
            0.13478603959083557
        ],
        [
            0.08441074192523956,
            -0.8326801061630249,
            0.1336413472890854
        ],
        [
            0.08567045629024506,
            -0.8274641633033752,
            0.13350936770439148
        ],
        [
            0.09331003576517105,
            -0.8190778493881226,
            0.1374218761920929
        ],
        [
            0.09254813939332962,
            -0.824049174785614,
            0.13793188333511353
        ],
        [
            0.1000310480594635,
            -0.8231360912322998,
            0.1398647427558899
        ],
        [
            0.09897279739379883,
            -0.817970335483551,
            0.1380533128976822
        ],
        [
            0.08487733453512192,
            -0.8208458423614502,
            0.13335807621479034
        ],
        [
            0.08728307485580444,
            -0.8229591250419617,
            0.13586850464344025
        ],
        [
            0.08953705430030823,
            -0.818618655204773,
            0.1352519690990448
        ],
        [
            0.08749395608901978,
            -0.8172256946563721,
            0.13193194568157196
        ],
        [
            0.09272579848766327,
            -0.829984724521637,
            0.1347551941871643
        ],
        [
            0.1000441238284111,
            -0.8298894166946411,
            0.13709205389022827
        ],
        [
            0.10801148414611816,
            -0.8292967081069946,
            0.13887500762939453
        ],
        [
            0.10726309567689896,
            -0.8206145167350769,
            0.14124752581119537
        ],
        [
            0.05662868916988373,
            -0.8122286796569824,
            0.14200063049793243
        ],
        [
            0.06534178555011749,
            -0.8172425031661987,
            0.14168404042720795
        ],
        [
            0.0673268586397171,
            -0.8120222091674805,
            0.13767312467098236
        ],
        [
            0.06042085587978363,
            -0.8079251050949097,
            0.13884884119033813
        ],
        [
            0.08329930901527405,
            -0.8151333332061768,
            0.1304500550031662
        ],
        [
            0.07620677351951599,
            -0.8002727031707764,
            0.13228830695152283
        ],
        [
            0.07732027769088745,
            -0.8038609027862549,
            0.1330300271511078
        ],
        [
            0.08425866067409515,
            -0.8030999898910522,
            0.13107305765151978
        ],
        [
            0.08267008513212204,
            -0.7998721599578857,
            0.13080018758773804
        ],
        [
            0.04266391694545746,
            -0.801153302192688,
            0.13833467662334442
        ],
        [
            0.04948050528764725,
            -0.7983773350715637,
            0.1373717337846756
        ],
        [
            0.04506921023130417,
            -0.7924683094024658,
            0.13517314195632935
        ],
        [
            0.03705853223800659,
            -0.7941993474960327,
            0.1347574144601822
        ],
        [
            0.043276168406009674,
            -0.7871327996253967,
            0.1322750300168991
        ],
        [
            0.03252754360437393,
            -0.7874178886413574,
            0.13088461756706238
        ],
        [
            0.03450264409184456,
            -0.7734313607215881,
            0.12315824627876282
        ],
        [
            0.032856691628694534,
            -0.7796922922134399,
            0.12686417996883392
        ],
        [
            0.044548869132995605,
            -0.7814351320266724,
            0.12923839688301086
        ],
        [
            0.04887040704488754,
            -0.7754715085029602,
            0.12717464566230774
        ],
        [
            0.06545896828174591,
            -0.7763307094573975,
            0.12402160465717316
        ],
        [
            0.07075865566730499,
            -0.7738648056983948,
            0.12157174944877625
        ],
        [
            0.062467023730278015,
            -0.763739287853241,
            0.12265726923942566
        ],
        [
            0.05560101568698883,
            -0.7686901688575745,
            0.12511014938354492
        ],
        [
            0.07196279615163803,
            -0.7960625290870667,
            0.1284269541501999
        ],
        [
            0.06746849417686462,
            -0.7972503304481506,
            0.12938587367534637
        ],
        [
            0.06938886642456055,
            -0.7980943918228149,
            0.13124695420265198
        ],
        [
            0.07474308460950851,
            -0.7978471517562866,
            0.13049639761447906
        ],
        [
            0.06376250833272934,
            -0.7977718114852905,
            0.13080379366874695
        ],
        [
            0.062089771032333374,
            -0.7978463172912598,
            0.131549671292305
        ],
        [
            0.06350060552358627,
            -0.79876708984375,
            0.13230134546756744
        ],
        [
            0.06469035893678665,
            -0.7983506917953491,
            0.13116750121116638
        ],
        [
            0.06626088172197342,
            -0.7976658940315247,
            0.13010399043560028
        ],
        [
            0.0665806457400322,
            -0.7956466674804688,
            0.1294671893119812
        ],
        [
            0.06438935548067093,
            -0.7968267202377319,
            0.13043081760406494
        ],
        [
            0.07061736285686493,
            -0.7938166856765747,
            0.1286631077528
        ],
        [
            0.08306041359901428,
            -0.7880851030349731,
            0.12478455901145935
        ],
        [
            0.08014135807752609,
            -0.7895750999450684,
            0.12642888724803925
        ],
        [
            0.08183509111404419,
            -0.7937689423561096,
            0.12529750168323517
        ],
        [
            0.0842340961098671,
            -0.792806088924408,
            0.1238856166601181
        ],
        [
            0.06620083004236221,
            -0.7997821569442749,
            0.13250350952148438
        ],
        [
            0.06482374668121338,
            -0.801788330078125,
            0.13420191407203674
        ],
        [
            0.07053882628679276,
            -0.8031018972396851,
            0.1340082436800003
        ],
        [
            0.070017971098423,
            -0.8005589246749878,
            0.13242238759994507
        ],
        [
            0.06352964788675308,
            -0.8039031028747559,
            0.13632498681545258
        ],
        [
            0.06189440190792084,
            -0.8002362251281738,
            0.13376888632774353
        ],
        [
            0.059157297015190125,
            -0.8012337684631348,
            0.13586167991161346
        ],
        [
            0.061885684728622437,
            -0.7961159348487854,
            0.13098464906215668
        ],
        [
            0.05854062736034393,
            -0.7951012849807739,
            0.13190382719039917
        ],
        [
            0.059718236327171326,
            -0.7974108457565308,
            0.13322806358337402
        ],
        [
            0.059180714190006256,
            -0.7917520999908447,
            0.13034451007843018
        ],
        [
            0.06370356678962708,
            -0.7938189506530762,
            0.1296805590391159
        ],
        [
            0.06739389151334763,
            -0.7910798788070679,
            0.1287531852722168
        ],
        [
            0.07242092490196228,
            -0.7882091403007507,
            0.12754733860492706
        ],
        [
            0.06727167218923569,
            -0.7846105098724365,
            0.12695877254009247
        ],
        [
            0.06238044053316116,
            -0.7880709171295166,
            0.1288059800863266
        ],
        [
            0.06942274421453476,
            -0.8069491982460022,
            0.13560298085212708
        ],
        [
            0.05537031590938568,
            -0.7976921796798706,
            0.13504990935325623
        ],
        [
            0.05481506884098053,
            -0.8041874766349792,
            0.13830028474330902
        ],
        [
            0.05314372479915619,
            -0.7933933138847351,
            0.13372868299484253
        ],
        [
            0.05278961360454559,
            -0.789080798625946,
            0.13141949474811554
        ],
        [
            0.05440806597471237,
            -0.784774899482727,
            0.12921907007694244
        ],
        [
            0.06006467342376709,
            -0.7802183628082275,
            0.1266207993030548
        ],
        [
            0.0501038134098053,
            -0.7588183879852295,
            0.11631643772125244
        ],
        [
            0.042372189462184906,
            -0.765363335609436,
            0.12006016075611115
        ],
        [
            0.08626873046159744,
            -0.8738723993301392,
            0.14978134632110596
        ],
        [
            0.07791879028081894,
            -0.8747073411941528,
            0.15434245765209198
        ],
        [
            0.07222515344619751,
            -0.8688427805900574,
            0.1502731293439865
        ],
        [
            0.07204052805900574,
            -0.8715640902519226,
            0.1517256498336792
        ],
        [
            0.07783586531877518,
            -0.8708988428115845,
            0.1505260467529297
        ],
        [
            0.07694175094366074,
            -0.8685895204544067,
            0.14906400442123413
        ],
        [
            0.050325796008110046,
            -0.8673783540725708,
            0.1497369110584259
        ],
        [
            0.05738794803619385,
            -0.8673627376556396,
            0.14916527271270752
        ],
        [
            0.054943740367889404,
            -0.8640915155410767,
            0.14830686151981354
        ],
        [
            0.04682512581348419,
            -0.8613630533218384,
            0.15006467700004578
        ],
        [
            0.06295495480298996,
            -0.8539829254150391,
            0.1467837542295456
        ],
        [
            0.05803433060646057,
            -0.8565425872802734,
            0.14803189039230347
        ],
        [
            0.06446878612041473,
            -0.8618392944335938,
            0.1474573314189911
        ],
        [
            0.06811676174402237,
            -0.8599803447723389,
            0.1466847062110901
        ],
        [
            0.07189270853996277,
            -0.8585120439529419,
            0.14525865018367767
        ],
        [
            0.07552716881036758,
            -0.8577245473861694,
            0.14300745725631714
        ],
        [
            0.07347413152456284,
            -0.8527948260307312,
            0.14213597774505615
        ],
        [
            0.06855404376983643,
            -0.8529316186904907,
            0.1446339637041092
        ],
        [
            0.08377932757139206,
            -0.8708095550537109,
            0.14683017134666443
        ],
        [
            0.08804479241371155,
            -0.869500994682312,
            0.14096838235855103
        ],
        [
            0.08580560982227325,
            -0.8670064806938171,
            0.1413179636001587
        ],
        [
            0.08234713971614838,
            -0.867989182472229,
            0.14631295204162598
        ],
        [
            0.08726455271244049,
            -0.8612709045410156,
            0.1295100450515747
        ],
        [
            0.08787358552217484,
            -0.8635159730911255,
            0.1313738375902176
        ],
        [
            0.09150699526071548,
            -0.8643447160720825,
            0.12952575087547302
        ],
        [
            0.09023035317659378,
            -0.8600045442581177,
            0.1279175579547882
        ],
        [
            0.08780064433813095,
            -0.8572158813476562,
            0.12926585972309113
        ],
        [
            0.08618864417076111,
            -0.8595733046531677,
            0.13052421808242798
        ],
        [
            0.09240077435970306,
            -0.9286322593688965,
            0.15172365307807922
        ],
        [
            0.09660596400499344,
            -0.9098007678985596,
            0.15188074111938477
        ],
        [
            0.07163920998573303,
            -0.9266446828842163,
            0.15376083552837372
        ],
        [
            0.054487258195877075,
            -0.9205453991889954,
            0.15208494663238525
        ],
        [
            0.03944049030542374,
            -0.9107672572135925,
            0.14949855208396912
        ],
        [
            0.0339689701795578,
            -0.8079180121421814,
            0.1389768123626709
        ],
        [
            0.02577391266822815,
            -0.8009657859802246,
            0.13481839001178741
        ],
        [
            0.014016807079315186,
            -0.8118818402290344,
            0.13291054964065552
        ],
        [
            0.008455626666545868,
            -0.8030993342399597,
            0.12641844153404236
        ],
        [
            0.020456939935684204,
            -0.7921422719955444,
            0.1292458474636078
        ],
        [
            0.021466638892889023,
            -0.7746216058731079,
            0.1154557392001152
        ],
        [
            0.018783699721097946,
            -0.7827187776565552,
            0.1224651038646698
        ],
        [
            0.004440769553184509,
            -0.7947653532028198,
            0.11672995984554291
        ],
        [
            -0.007124662399291992,
            -0.8108336925506592,
            0.11282512545585632
        ],
        [
            -0.0013950392603874207,
            -0.8161565661430359,
            0.12328298389911652
        ],
        [
            -0.013985991477966309,
            -0.8293565511703491,
            0.10881584882736206
        ],
        [
            -0.015379808843135834,
            -0.8058828115463257,
            0.09938310831785202
        ],
        [
            -0.019097767770290375,
            -0.8298928737640381,
            0.10028127580881119
        ],
        [
            -0.016330307349562645,
            -0.7670308351516724,
            0.08665992319583893
        ],
        [
            -0.024393891915678978,
            -0.7566267848014832,
            0.0811065211892128
        ],
        [
            -0.03730365261435509,
            -0.7663294076919556,
            0.07454648613929749
        ],
        [
            -0.030760325491428375,
            -0.777213454246521,
            0.08222190290689468
        ],
        [
            0.0067680999636650085,
            -0.8221318125724792,
            0.130740687251091
        ],
        [
            0.027763381600379944,
            -0.8815650939941406,
            0.144673690199852
        ],
        [
            0.03768293559551239,
            -0.8777775764465332,
            0.14990729093551636
        ],
        [
            0.019512787461280823,
            -0.8701653480529785,
            0.143398717045784
        ],
        [
            0.028981268405914307,
            -0.9433204531669617,
            0.14013101160526276
        ],
        [
            0.04288521409034729,
            -0.9339057207107544,
            0.1475520133972168
        ],
        [
            0.029475629329681396,
            -0.9211889505386353,
            0.14638201892375946
        ],
        [
            0.017290949821472168,
            -0.9320511817932129,
            0.1397038847208023
        ],
        [
            0.06271415203809738,
            -0.9710806608200073,
            0.12995018064975739
        ],
        [
            0.07860209792852402,
            -0.9524604082107544,
            0.14357317984104156
        ],
        [
            0.061666034162044525,
            -0.9443404674530029,
            0.1458452343940735
        ],
        [
            0.04771668463945389,
            -0.9595757126808167,
            0.1363392174243927
        ],
        [
            0.007542900741100311,
            -0.9374657869338989,
            0.1324043869972229
        ],
        [
            -0.006239086389541626,
            -0.9437861442565918,
            0.12090626358985901
        ],
        [
            -0.00392383337020874,
            -0.9605869054794312,
            0.11530585587024689
        ],
        [
            0.0138159841299057,
            -0.9540694952011108,
            0.12848125398159027
        ],
        [
            0.005516216158866882,
            -0.980279803276062,
            0.10372848808765411
        ],
        [
            0.02603904902935028,
            -0.9733507633209229,
            0.12084220349788666
        ],
        [
            -0.02959507703781128,
            -0.818014919757843,
            0.08749762922525406
        ],
        [
            -0.026257097721099854,
            -0.8371551036834717,
            0.09113962948322296
        ],
        [
            -0.02175573632121086,
            -0.7900871634483337,
            0.09084948897361755
        ],
        [
            -0.03388996794819832,
            -0.8015058040618896,
            0.08187350630760193
        ],
        [
            0.018258318305015564,
            -0.9938042163848877,
            0.08850371092557907
        ],
        [
            0.042417436838150024,
            -0.9874088764190674,
            0.10942766815423965
        ],
        [
            -0.03906060755252838,
            -0.9344946146011353,
            0.07702262699604034
        ],
        [
            -0.03051617741584778,
            -0.9495863914489746,
            0.08712703734636307
        ],
        [
            -0.02699582278728485,
            -0.9340289831161499,
            0.10050222277641296
        ],
        [
            -0.03585461527109146,
            -0.9221199750900269,
            0.09017635881900787
        ],
        [
            -0.03997372090816498,
            -0.9465725421905518,
            0.06088898330926895
        ],
        [
            -0.02963477373123169,
