{
    "pred_cam": [
        1.2259985208511353,
        -0.01412043534219265,
        0.15452450513839722
    ],
    "pred_smpl_params": {
        "global_orient": [
            [
                [
                    0.915313720703125,
                    0.2414197027683258,
                    0.32236212491989136
                ],
                [
                    0.2057090550661087,
                    -0.9683818817138672,
                    0.14113977551460266
                ],
                [
                    0.3462435007095337,
                    -0.06287436187267303,
                    -0.9360354542732239
                ]
            ]
        ],
        "body_pose": [
            [
                [
                    0.9959591031074524,
                    -0.015457655303180218,
                    -0.08846765011548996
                ],
                [
                    0.023967891931533813,
                    0.9950968027114868,
                    0.09595798701047897
                ],
                [
                    0.08655059337615967,
                    -0.09769061207771301,
                    0.9914461970329285
                ]
            ],
            [
                [
                    0.9963672161102295,
                    0.04266070947051048,
                    -0.07370521873235703
                ],
                [
                    -0.034834377467632294,
                    0.9939266443252563,
                    0.10438591241836548
                ],
                [
                    0.07771075516939163,
                    -0.1014392226934433,
                    0.9918019771575928
                ]
            ],
            [
                [
                    0.992445707321167,
                    0.0459698885679245,
                    0.11374573409557343
                ],
                [
                    -0.024691084399819374,
                    0.9830164313316345,
                    -0.1818491518497467
                ],
                [
                    -0.12017349898815155,
                    0.17766693234443665,
                    0.9767254590988159
                ]
            ],
            [
                [
                    0.9803482890129089,
                    -0.11257091164588928,
                    -0.1620027869939804
                ],
                [
                    0.012742132879793644,
                    0.8556244373321533,
                    -0.5174402594566345
                ],
                [
                    0.19686231017112732,
                    0.5052074790000916,
                    0.8402443528175354
                ]
            ],
            [
                [
                    0.993818461894989,
                    -0.10937917232513428,
                    0.019002212211489677
                ],
                [
                    0.10568959265947342,
                    0.8797725439071655,
                    -0.4634976089000702
                ],
                [
                    0.03397935628890991,
                    0.46264079213142395,
                    0.8858944177627563
                ]
            ],
            [
                [
                    0.9895347356796265,
                    0.09261813014745712,
                    0.11064767837524414
                ],
                [
                    -0.08758305013179779,
                    0.9949245452880859,
                    -0.049540918320417404
                ],
                [
                    -0.11467448621988297,
                    0.039331596344709396,
                    0.9926241636276245
                ]
            ],
            [
                [
                    0.9838813543319702,
                    0.08251944184303284,
                    0.1586441695690155
                ],
                [
                    -0.08664527535438538,
                    0.9960530996322632,
                    0.01925651729106903
                ],
                [
                    -0.1564289927482605,
                    -0.03269189968705177,
                    0.9871479868888855
                ]
            ],
            [
                [
                    0.9910555481910706,
                    0.003996638581156731,
                    -0.13339005410671234
                ],
                [
                    -0.0015898320125415921,
                    0.9998341202735901,
                    0.01814507320523262
                ],
                [
                    0.13344043493270874,
                    -0.017770709469914436,
                    0.9908974766731262
                ]
            ],
            [
                [
                    0.9953857064247131,
                    0.04248027503490448,
                    0.08603941649198532
                ],
                [
                    -0.03766682744026184,
                    0.9976738691329956,
                    -0.056816183030605316
                ],
                [
                    -0.08825284242630005,
                    0.053313180804252625,
                    0.9946703910827637
                ]
            ],
            [
                [
                    0.9871079325675964,
                    -0.15973329544067383,
                    -0.010157919488847256
                ],
                [
                    0.15989452600479126,
                    0.9812749028205872,
                    0.10739288479089737
                ],
                [
                    -0.007186506409198046,
                    -0.10763256251811981,
                    0.9941647052764893
                ]
            ],
            [
                [
                    0.9943802952766418,
                    0.0706087052822113,
                    -0.07888123393058777
                ],
                [
                    -0.058313775807619095,
                    0.9871842265129089,
                    0.14854900538921356
                ],
                [
                    0.08835916221141815,
                    -0.1431143432855606,
                    0.9857540130615234
                ]
            ],
            [
                [
                    0.997929573059082,
                    0.049957599490880966,
                    -0.04050785303115845
                ],
                [
                    -0.05280054733157158,
                    0.9959734678268433,
                    -0.07244962453842163
                ],
                [
                    0.03672533854842186,
                    0.07443846017122269,
                    0.9965491890907288
                ]
            ],
            [
                [
                    0.9352930188179016,
                    0.35121971368789673,
                    -0.04326319694519043
                ],
                [
                    -0.35172396898269653,
                    0.9360934495925903,
                    -0.004403388127684593
                ],
                [
                    0.03895183280110359,
                    0.01933516003191471,
                    0.9990540742874146
                ]
            ],
            [
                [
                    0.9151026010513306,
                    -0.2943035066127777,
                    0.2756316661834717
                ],
                [
                    0.29649338126182556,
                    0.9544045329093933,
                    0.03469393402338028
                ],
                [
                    -0.27327466011047363,
                    0.049974456429481506,
                    0.960637092590332
                ]
            ],
            [
                [
                    0.999882698059082,
                    0.014961759559810162,
                    0.0032669701613485813
                ],
                [
                    -0.01346482802182436,
                    0.9605200290679932,
                    -0.2778848111629486
                ],
                [
                    -0.007295641582459211,
                    0.27780821919441223,
                    0.9606088399887085
                ]
            ],
            [
                [
                    0.48484206199645996,
                    0.8320092558860779,
                    -0.2696087658405304
                ],
                [
                    -0.8696936964988708,
                    0.4912542700767517,
                    -0.047980621457099915
                ],
                [
                    0.09252613037824631,
                    0.2577400505542755,
                    0.9617739915847778
                ]
            ],
            [
                [
                    0.3909057676792145,
                    -0.7667185664176941,
                    0.509249746799469
                ],
                [
                    0.8258097171783447,
                    0.5364899039268494,
                    0.17383000254631042
                ],
                [
                    -0.40648600459098816,
                    0.3525922894477844,
                    0.8428806066513062
                ]
            ],
            [
                [
                    0.3686333894729614,
                    -0.354544073343277,
                    -0.8593066334724426
                ],
                [
                    0.2609683871269226,
                    0.9267038106918335,
                    -0.27039897441864014
                ],
                [
                    0.8921910524368286,
                    -0.12457380443811417,
                    0.43413877487182617
                ]
            ],
            [
                [
                    0.35642310976982117,
                    0.3170728385448456,
                    0.8788784742355347
                ],
                [
                    0.013744299300014973,
                    0.938775360584259,
                    -0.3442557156085968
                ],
                [
                    -0.9342235326766968,
                    0.13478025794029236,
                    0.3302432894706726
                ]
            ],
            [
                [
                    0.9922628402709961,
                    -0.12302056699991226,
                    -0.016748206689953804
                ],
                [
                    0.12415272742509842,
                    0.984054684638977,
                    0.12736737728118896
                ],
                [
                    0.0008123465231619775,
                    -0.12846124172210693,
                    0.9917142391204834
                ]
            ],
            [
                [
                    0.991854727268219,
                    0.12205589562654495,
                    0.03642195835709572
                ],
                [
                    -0.12332366406917572,
                    0.9917539358139038,
                    0.034861695021390915
                ],
                [
                    -0.03186654672026634,
                    -0.03906942903995514,
                    0.9987282156944275
                ]
            ],
            [
                [
                    0.9696895480155945,
                    0.2197922021150589,
                    -0.10674058645963669
                ],
                [
                    -0.20593872666358948,
                    0.97027987241745,
                    0.12706813216209412
                ],
                [
                    0.13149681687355042,
                    -0.10123462975025177,
                    0.9861339926719666
                ]
            ],
            [
                [
                    0.9749652743339539,
                    -0.21138574182987213,
                    0.0689837783575058
                ],
                [
                    0.20183603465557098,
                    0.9714952707290649,
                    0.1243351548910141
                ],
                [
                    -0.09330008924007416,
                    -0.10729905217885971,
                    0.9898394346237183
                ]
            ]
        ],
        "betas": [
            -0.06417015194892883,
            -0.05824846029281616,
            0.06346753239631653,
            0.3510454297065735,
            0.06211191415786743,
            -0.00654163584113121,
            -0.013577938079833984,
            -0.03322654962539673,
            0.06494355201721191,
            -0.06988266110420227
        ]
    },
    "pred_cam_t": [
        -0.01412043534219265,
        0.15452450513839722,
        31.861783981323242
    ],
    "focal_length": [
        5000.0,
        5000.0
    ],
    "pred_keypoints_3d": [
        [
            0.3071203827857971,
            -0.688841700553894,
            -0.17372441291809082
        ],
        [
            0.18144702911376953,
            -0.698392391204834,
            -0.030407194048166275
        ],
        [
            0.017768092453479767,
            -0.6525591611862183,
            -0.14262239634990692
        ],
        [
            -0.054165564477443695,
            -0.4110470414161682,
            -0.16192027926445007
        ],
        [
            0.1542244851589203,
            -0.2775103449821472,
            -0.2165721356868744
        ],
        [
            0.2652207016944885,
            -0.5712250471115112,
            0.10305148363113403
        ],
        [
            0.16241948306560516,
            -0.3480551838874817,
            0.18537485599517822
        ],
        [
            0.2572762370109558,
            -0.17633365094661713,
            0.03418649733066559
        ],
        [
            -0.002011738484725356,
            -0.2263363152742386,
            0.027886640280485153
        ],
        [
            -0.08665101230144501,
            -0.15327686071395874,
            0.014498433098196983
        ],
        [
            -0.21710772812366486,
            0.20345351099967957,
            -0.005555907264351845
        ],
        [
            -0.3039781153202057,
            0.5273419618606567,
            0.20506104826927185
        ],
        [
            0.03674401715397835,
            -0.12472307682037354,
            0.06391686201095581
        ],
        [
            -0.004407566040754318,
            0.245283842086792,
            0.06793375313282013
        ],
        [
            -0.09203141927719116,
            0.5537064075469971,
            0.2997255325317383
        ],
        [
            0.2961104214191437,
            -0.7482436895370483,
            -0.18427731096744537
        ],
        [
            0.34415537118911743,
            -0.727077841758728,
            -0.14343413710594177
        ],
        [
            0.22481699287891388,
            -0.8096857070922852,
            -0.13780799508094788
        ],
        [
            0.33251723647117615,
            -0.7629314064979553,
            -0.047744229435920715
        ],
        [
            -0.0886201411485672,
            0.6963648796081543,
            0.15998920798301697
        ],
        [
            -0.029142888262867928,
            0.687039852142334,
            0.21825861930847168
        ],
        [
            -0.09954634308815002,
            0.5542401075363159,
            0.36838167905807495
        ],
        [
            -0.30091363191604614,
            0.6538814902305603,
            0.05058184266090393
        ],
        [
            -0.37490516901016235,
            0.6245871186256409,
            0.08662211894989014
        ],
        [
            -0.32143300771713257,
            0.5398286581039429,
            0.2743684649467468
        ],
        [
            -0.3153533339500427,
            0.4679221510887146,
            0.20310020446777344
        ],
        [
            -0.19686301052570343,
            0.142622709274292,
            -0.011160234920680523
        ],
        [
            -0.12977126240730286,
            -0.29011350870132446,
            -0.01686994731426239
        ],
        [
            0.12730672955513,
            -0.21482795476913452,
            0.09741002321243286
        ],
        [
            0.012999437749385834,
            0.2063998281955719,
            0.06593647599220276
        ],
        [
            -0.07807343453168869,
            0.5130023956298828,
            0.3051025867462158
        ],
        [
            0.15700560808181763,
            -0.3137339949607849,
            -0.2049911469221115
        ],
        [
            -0.03881266713142395,
            -0.4331214427947998,
            -0.19593824446201324
        ],
        [
            0.0549008809030056,
            -0.6740124821662903,
            -0.12038372457027435
        ],
        [
            0.25386732816696167,
            -0.6073858141899109,
            0.08292361348867416
        ],
        [
            0.21531972289085388,
            -0.35988593101501465,
            0.17881925404071808
        ],
        [
            0.26615092158317566,
            -0.19754520058631897,
            0.03912031650543213
        ],
        [
            0.18545149266719818,
            -0.6861869096755981,
            -0.03382299840450287
        ],
        [
            0.31946659088134766,
            -0.8136842250823975,
            -0.11966013163328171
        ],
        [
            -0.0006803753785789013,
            -0.2524503171443939,
            0.04107778146862984
        ],
        [
            0.15314346551895142,
            -0.638590931892395,
            -0.020525306463241577
        ],
        [
            0.06701450049877167,
            -0.49206289649009705,
            0.01934840902686119
        ],
        [
            0.26851996779441833,
            -0.712207019329071,
            -0.10707706212997437
        ],
        [
            0.3246462345123291,
            -0.8337899446487427,
            -0.12250152975320816
        ]
    ],
    "pred_vertices": [
        [
            0.38150110840797424,
            -0.7577241659164429,
            -0.15194207429885864
        ],
        [
            0.37054216861724854,
            -0.7450709939002991,
            -0.15560492873191833
        ],
        [
            0.37319517135620117,
            -0.7444751858711243,
            -0.14147502183914185
        ],
        [
            0.38061243295669556,
            -0.7558354139328003,
            -0.13443386554718018
        ],
        [
            0.3666544556617737,
            -0.7356693744659424,
            -0.1450595259666443
        ],
        [
            0.3628333806991577,
            -0.7357131242752075,
            -0.15648967027664185
        ],
        [
            0.37054359912872314,
            -0.7441401481628418,
            -0.1278279423713684
        ],
        [
            0.3749924600124359,
            -0.7534344792366028,
            -0.11904391646385193
        ],
        [
            0.34883376955986023,
            -0.7228731513023376,
            -0.10442501306533813
        ],
        [
            0.3454795777797699,
            -0.723865270614624,
            -0.09370120614767075
        ],
        [
            0.35329654812812805,
            -0.7320051789283752,
            -0.09882502257823944
        ],
        [
            0.3536030650138855,
            -0.7294068336486816,
            -0.10899588465690613
        ],
        [
            0.3311958909034729,
            -0.7062211036682129,
            -0.09422679245471954
        ],
        [
            0.3243520259857178,
            -0.6962482929229736,
            -0.10101351141929626
        ],
        [
            0.31695932149887085,
            -0.6948500275611877,
            -0.08983350545167923
        ],
        [
            0.32245638966560364,
            -0.7051061391830444,
            -0.08288107067346573
        ],
        [
            0.3181341290473938,
            -0.7027581930160522,
            -0.14253205060958862
        ],
        [
            0.3177759349346161,
            -0.6968121528625488,
            -0.13620121777057648
        ],
        [
            0.3242993950843811,
            -0.7008968591690063,
            -0.13542914390563965
        ],
        [
            0.32350730895996094,
            -0.7067065834999084,
            -0.14168472588062286
        ],
        [
            0.3196006715297699,
            -0.709099531173706,
            -0.15603627264499664
        ],
        [
            0.3223733603954315,
            -0.7148433327674866,
            -0.15477246046066284
        ],
        [
            0.32326075434684753,
            -0.7160360813140869,
            -0.16263535618782043
        ],
        [
            0.32107222080230713,
            -0.7088696956634521,
            -0.16388599574565887
        ],
        [
            0.3111251890659332,
            -0.7005978226661682,
            -0.14428693056106567
        ],
        [
            0.3107021450996399,
            -0.6946141719818115,
            -0.13735108077526093
        ],
        [
            0.31872814893722534,
            -0.7074211239814758,
            -0.14842107892036438
        ],
        [
            0.3154185712337494,
            -0.7035881280899048,
            -0.1499500274658203
        ],
        [
            0.3138010501861572,
            -0.6936067938804626,
            -0.15725532174110413
        ],
        [
            0.31716910004615784,
            -0.6974471807479858,
            -0.15668435394763947
        ],
        [
            0.31798866391181946,
            -0.6951673030853271,
            -0.16412778198719025
        ],
        [
            0.31353074312210083,
            -0.6919211149215698,
            -0.16274288296699524
        ],
        [
            0.3116830587387085,
            -0.6979189515113831,
            -0.1486208289861679
        ],
        [
            0.31494152545928955,
            -0.6981764435768127,
            -0.15123319625854492
        ],
        [
            0.3118581175804138,
            -0.6947792172431946,
            -0.15327857434749603
        ],
        [
            0.30825406312942505,
            -0.695606529712677,
            -0.15118148922920227
        ],
        [
            0.31762784719467163,
            -0.7044767141342163,
            -0.15706223249435425
        ],
        [
            0.3194764256477356,
            -0.7024526000022888,
            -0.16445542871952057
        ],
        [
            0.3203190565109253,
            -0.7004172801971436,
            -0.17244315147399902
        ],
        [
            0.31725531816482544,
            -0.6920748949050903,
            -0.1716669201850891
        ],
        [
            0.3147891163825989,
            -0.6875028014183044,
            -0.12023714184761047
        ],
        [
            0.31705325841903687,
            -0.6914165019989014,
            -0.1287131905555725
        ],
        [
            0.3104485273361206,
            -0.6895018815994263,
            -0.13048672676086426
        ],
        [
            0.30938592553138733,
            -0.6857712268829346,
            -0.12364476919174194
        ],
        [
            0.3058844804763794,
            -0.6951327919960022,
            -0.146992027759552
        ],
        [
            0.2989535927772522,
            -0.6824760437011719,
            -0.13967087864875793
        ],
        [
            0.3015357553958893,
            -0.6849934458732605,
            -0.1408635675907135
        ],
        [
            0.29933393001556396,
            -0.6849871277809143,
            -0.1478002369403839
        ],
        [
            0.297322154045105,
            -0.682541012763977,
            -0.14614257216453552
        ],
        [
            0.3061308264732361,
            -0.6810319423675537,
            -0.10628509521484375
        ],
        [
            0.30317455530166626,
            -0.6792906522750854,
            -0.11272572726011276
        ],
        [
            0.2982310950756073,
            -0.6757986545562744,
            -0.10838009417057037
        ],
        [
            0.2994582951068878,
            -0.677666425704956,
            -0.10109269618988037
        ],
        [
            0.29268231987953186,
            -0.6729755401611328,
            -0.10743287205696106
        ],
        [
            0.29247406125068665,
            -0.6744681000709534,
            -0.09730466455221176
        ],
        [
            0.277497798204422,
            -0.6666914820671082,
            -0.09891633689403534
        ],
        [
            0.2844998836517334,
            -0.6701567769050598,
            -0.09760400652885437
        ],
        [
            0.28666621446609497,
            -0.6697856783866882,
            -0.10856150090694427
        ],
        [
            0.28094664216041565,
            -0.6657521724700928,
            -0.1126026064157486
        ],
        [
            0.27854159474372864,
            -0.6675271987915039,
            -0.12760651111602783
        ],
        [
            0.2747265100479126,
            -0.6667585372924805,
            -0.13273261487483978
        ],
        [
            0.2698237895965576,
            -0.657833456993103,
            -0.1244734674692154
        ],
        [
            0.2749274671077728,
            -0.6608063578605652,
            -0.11880158632993698
        ],
        [
            0.2936136722564697,
            -0.6808944940567017,
            -0.1347944289445877
        ],
        [
            0.2953118085861206,
            -0.6815714836120605,
            -0.13031932711601257
        ],
        [
            0.2972746193408966,
            -0.6811176538467407,
            -0.13217462599277496
        ],
        [
            0.29636698961257935,
            -0.6810426115989685,
            -0.13744807243347168
        ],
        [
            0.2968877851963043,
            -0.6815921664237976,
            -0.12662364542484283
        ],
        [
            0.29757052659988403,
            -0.6814484000205994,
            -0.12495708465576172
        ],
        [
            0.2986903786659241,
            -0.681620717048645,
            -0.12634044885635376
        ],
        [
            0.29747432470321655,
            -0.6817836165428162,
            -0.1273091733455658
        ],
        [
            0.2961622178554535,
            -0.681702733039856,
            -0.12890073657035828
        ],
        [
            0.2944507896900177,
            -0.6803461909294128,
            -0.12921760976314545
        ],
        [
            0.29599177837371826,
            -0.6809635162353516,
            -0.12727177143096924
        ],
        [
            0.2925902009010315,
            -0.6789574027061462,
            -0.1331869661808014
        ],
        [
            0.2854304313659668,
            -0.6762112379074097,
            -0.1461268961429596
        ],
        [
            0.288004994392395,
            -0.6761400103569031,
            -0.14268866181373596
        ],
        [
            0.2893020808696747,
            -0.6804156303405762,
            -0.14439433813095093
        ],
        [
            0.2872862219810486,
            -0.6806699633598328,
            -0.14749297499656677
        ],
        [
            0.2992171347141266,
            -0.6824138760566711,
            -0.12944766879081726
        ],
        [
            0.3019079267978668,
            -0.6829899549484253,
            -0.12777909636497498
        ],
        [
            0.302328497171402,
            -0.6837834119796753,
            -0.13344980776309967
        ],
        [
            0.29959723353385925,
            -0.6825525760650635,
            -0.1329437494277954
        ],
        [
            0.3049032986164093,
            -0.6836321353912354,
            -0.12641200423240662
        ],
        [
            0.3007497191429138,
            -0.6822779178619385,
            -0.12480154633522034
        ],
        [
            0.3030346930027008,
            -0.6823322772979736,
            -0.12273445725440979
        ],
        [
            0.2961059808731079,
            -0.6803399324417114,
            -0.1247447058558464
        ],
        [
            0.2963842749595642,
            -0.6793215274810791,
            -0.12141668796539307
        ],
        [
            0.2987842261791229,
            -0.6803998351097107,
            -0.12256395816802979
        ],
        [
            0.29312944412231445,
            -0.6772754192352295,
            -0.12200616300106049
        ],
        [
            0.2936563789844513,
            -0.6789755821228027,
            -0.1264970600605011
        ],
        [
            0.291188508272171,
            -0.6768399477005005,
            -0.13011577725410461
        ],
        [
            0.2883875370025635,
            -0.6747280955314636,
            -0.13496483862400055
        ],
        [
            0.285857617855072,
            -0.6725363731384277,
            -0.12974658608436584
        ],
        [
            0.2895945906639099,
            -0.6747252941131592,
            -0.12508878111839294
        ],
        [
            0.30568650364875793,
            -0.6866362690925598,
            -0.13297930359840393
        ],
        [
            0.3006191849708557,
            -0.6798390746116638,
            -0.11830461025238037
        ],
        [
            0.3070189952850342,
            -0.6832635402679443,
            -0.11810419708490372
        ],
        [
            0.29713964462280273,
            -0.6771708726882935,
            -0.11606405675411224
        ],
        [
            0.29277995228767395,
            -0.6748051643371582,
            -0.11576060205698013
        ],
        [
            0.2880042791366577,
            -0.6721982359886169,
            -0.11815350502729416
        ],
        [
            0.28322944045066833,
            -0.6695085763931274,
            -0.12266874313354492
        ],
        [
            0.2618734538555145,
            -0.6576786637306213,
            -0.11229026317596436
        ],
        [
            0.2693727910518646,
            -0.6611840128898621,
            -0.10615820437669754
        ],
        [
            0.3556208908557892,
            -0.7324041724205017,
            -0.15341651439666748
        ],
        [
            0.3601416349411011,
            -0.7309685945510864,
            -0.14563454687595367
        ],
        [
            0.35359451174736023,
            -0.7284799218177795,
            -0.1393655687570572
        ],
        [
            0.3565109074115753,
            -0.7295321226119995,
            -0.13870114088058472
        ],
        [
            0.3547289967536926,
            -0.730122447013855,
            -0.1450788676738739
        ],
        [
            0.35227441787719727,
            -0.7286938428878784,
            -0.14388246834278107
        ],
        [
            0.35273775458335876,
            -0.7289290428161621,
            -0.11760309338569641
        ],
        [
            0.35214951634407043,
            -0.7286759614944458,
            -0.12450700998306274
        ],
        [
            0.3494730293750763,
            -0.7268638610839844,
            -0.12203612923622131
        ],
        [
            0.34964004158973694,
            -0.7240623235702515,
            -0.11385135352611542
        ],
        [
            0.3420238494873047,
            -0.7193325161933899,
            -0.1291215419769287
        ],
        [
            0.34467315673828125,
            -0.7210538387298584,
            -0.1245192289352417
        ],
        [
            0.34714534878730774,
            -0.7250962257385254,
            -0.13101480901241302
        ],
        [
            0.34534040093421936,
            -0.7237763404846191,
            -0.13438007235527039
        ],
        [
            0.34310799837112427,
            -0.7233768701553345,
            -0.13802707195281982
        ],
        [
            0.34069979190826416,
            -0.723825216293335,
            -0.14173075556755066
        ],
        [
            0.3372376561164856,
            -0.7204180955886841,
            -0.13934171199798584
        ],
        [
            0.33951443433761597,
            -0.719362199306488,
            -0.13443726301193237
        ],
        [
            0.35133832693099976,
            -0.731983482837677,
            -0.1504938006401062
        ],
        [
            0.3457379639148712,
            -0.7337628602981567,
            -0.1547326147556305
        ],
        [
            0.34441688656806946,
            -0.7317655682563782,
            -0.15238958597183228
        ],
        [
            0.349284827709198,
            -0.7298848628997803,
            -0.14901375770568848
        ],
        [
            0.3312954306602478,
            -0.7335965633392334,
            -0.1533643901348114
        ],
        [
            0.33414334058761597,
            -0.7342448234558105,
            -0.15415555238723755
        ],
        [
            0.3330395817756653,
            -0.7355451583862305,
            -0.15773051977157593
        ],
        [
            0.3292153775691986,
            -0.7332445383071899,
            -0.15618294477462769
        ],
        [
            0.32882851362228394,
            -0.7304264903068542,
            -0.1537347435951233
        ],
        [
            0.33120280504226685,
            -0.7317816615104675,
            -0.15224526822566986
        ],
        [
            0.3882218897342682,
            -0.7761409282684326,
            -0.16328422725200653
        ],
        [
            0.3775191009044647,
            -0.7606901526451111,
            -0.16709962487220764
        ],
        [
            0.39011481404304504,
            -0.7739043831825256,
            -0.14297343790531158
        ],
        [
            0.38571199774742126,
            -0.7706419825553894,
            -0.12534160912036896
        ],
        [
            0.37912970781326294,
            -0.7643252611160278,
            -0.10919271409511566
        ],
        [
            0.3110767602920532,
            -0.6865227222442627,
            -0.09819492697715759
        ],
        [
            0.30405062437057495,
            -0.6837505102157593,
            -0.09024219214916229
        ],
        [
            0.3092794418334961,
            -0.694210410118103,
            -0.07941316068172455
        ],
        [
            0.29962974786758423,
            -0.6904179453849792,
            -0.07392482459545135
        ],
        [
            0.2947007417678833,
            -0.6796257495880127,
            -0.08558237552642822
        ],
        [
            0.2734050154685974,
            -0.6711332201957703,
            -0.08656035363674164
        ],
        [
            0.28432202339172363,
            -0.6749412417411804,
            -0.08417899906635284
        ],
        [
            0.28824180364608765,
            -0.6876278519630432,
            -0.07001889497041702
        ],
        [
            0.295429527759552,
            -0.703640878200531,
            -0.0583590529859066
        ],
        [
            0.3050043284893036,
            -0.7032878398895264,
            -0.0648592859506607
        ],
        [
            0.30281007289886475,
            -0.7216238379478455,
            -0.05202619731426239
        ],
        [
            0.2835512161254883,
            -0.7056651711463928,
            -0.050738438963890076
        ],
        [
            0.2969682514667511,
            -0.7269762754440308,
            -0.047359004616737366
        ],
        [
            0.2552325129508972,
            -0.6813030242919922,
            -0.054482508450746536
        ],
        [
            0.2498210370540619,
            -0.6753096580505371,
            -0.04851243644952774
        ],
        [
            0.2547609508037567,
            -0.685682475566864,
            -0.03348495811223984
        ],
        [
            0.2613499164581299,
            -0.6914485692977905,
            -0.039363034069538116
        ],
        [
            0.3139580190181732,
            -0.7038469314575195,
            -0.07211260497570038
        ],
        [
            0.3586237132549286,
            -0.7436951398849487,
            -0.09552247822284698
        ],
        [
            0.3595821261405945,
            -0.7378877401351929,
            -0.10625535249710083
        ],
        [
            0.3500840961933136,
            -0.7365180850028992,
            -0.08791141211986542
        ],
        [
            0.39079341292381287,
            -0.7968018651008606,
            -0.10016299784183502
        ],
        [
            0.390830934047699,
            -0.7840964794158936,
            -0.11389590799808502
        ],
        [
            0.38318222761154175,
            -0.775654673576355,
            -0.10016648471355438
        ],
        [
            0.3845459818840027,
            -0.7885404229164124,
            -0.08875927329063416
        ],
        [
            0.39645305275917053,
            -0.8242841958999634,
            -0.1360453963279724
        ],
        [
            0.39623308181762695,
            -0.8003227114677429,
            -0.15065062046051025
        ],
        [
            0.39475521445274353,
            -0.7934606671333313,
            -0.13350826501846313
        ],
        [
            0.3955351412296295,
            -0.8117947578430176,
            -0.12040573358535767
        ],
        [
            0.3817031979560852,
            -0.7972062826156616,
            -0.07872262597084045
        ],
        [
            0.3761855959892273,
            -0.8097901940345764,
            -0.06579463928937912
        ],
        [
            0.3808240294456482,
            -0.8265737295150757,
            -0.06893792748451233
        ],
        [
            0.38820067048072815,
            -0.8132543563842773,
            -0.08601170033216476
        ],
        [
            0.38206347823143005,
            -0.8488662838935852,
            -0.07917637377977371
        ],
        [
            0.39133965969085693,
            -0.8330185413360596,
            -0.09956073015928268
        ],
        [
            0.2829955816268921,
            -0.7238436341285706,
            -0.03771381825208664
        ],
        [
            0.29456833004951477,
            -0.7389525175094604,
            -0.04076717048883438
        ],
        [
            0.2703593671321869,
            -0.6976657509803772,
            -0.04704257845878601
        ],
        [
            0.2725403904914856,
            -0.7120468616485596,
            -0.034043148159980774
        ],
        [
            0.3769129514694214,
            -0.8684371709823608,
            -0.09245730936527252
        ],
        [
            0.3894732892513275,
            -0.8500968217849731,
            -0.11640798300504684
        ],
        [
            0.33698418736457825,
            -0.8280012607574463,
            -0.03141187131404877
        ],
        [
            0.35280582308769226,
            -0.8349719047546387,
            -0.041583314538002014
        ],
        [
            0.354642778635025,
            -0.8141310214996338,
            -0.04419519752264023
        ],
        [
            0.3397955298423767,
            -0.8105779886245728,
            -0.03438106179237366
        ],
        [
            0.3303542137145996,
            -0.8471949100494385,
            -0.03181973099708557
        ],
        [
