{
    "pred_cam": [
        1.5447604656219482,
        0.0580371618270874,
        0.3397473990917206
    ],
    "pred_smpl_params": {
        "global_orient": [
            [
                [
                    -0.9996647238731384,
                    -0.02037324197590351,
                    0.015980858355760574
                ],
                [
                    0.01805189624428749,
                    -0.9908249974250793,
                    -0.13393999636173248
                ],
                [
                    0.018563026562333107,
                    -0.13360659778118134,
                    0.9908605813980103
                ]
            ]
        ],
        "body_pose": [
            [
                [
                    0.9993476271629333,
                    -0.03497287631034851,
                    0.009018266573548317
                ],
                [
                    0.03251468762755394,
                    0.9798819422721863,
                    0.19691169261932373
                ],
                [
                    -0.015723401680588722,
                    -0.19648997485637665,
                    0.9803798198699951
                ]
            ],
            [
                [
                    0.9982981085777283,
                    -0.013126329518854618,
                    0.056820087134838104
                ],
                [
                    -0.011953349225223064,
                    0.9075924754142761,
                    0.41968196630477905
                ],
                [
                    -0.057078372687101364,
                    -0.4196469187736511,
                    0.905890941619873
                ]
            ],
            [
                [
                    0.9977307319641113,
                    -0.013078269548714161,
                    -0.06604845076799393
                ],
                [
                    -0.001324452692642808,
                    0.9769522547721863,
                    -0.21345381438732147
                ],
                [
                    0.06731779128313065,
                    0.21305689215660095,
                    0.9747179746627808
                ]
            ],
            [
                [
                    0.9854797720909119,
                    0.02311580814421177,
                    -0.16821236908435822
                ],
                [
                    -0.1692538559436798,
                    0.2126414030790329,
                    -0.9623600244522095
                ],
                [
                    0.013523153029382229,
                    0.9768568277359009,
                    0.21346624195575714
                ]
            ],
            [
                [
                    0.9745931029319763,
                    -0.10149818658828735,
                    0.1996656358242035
                ],
                [
                    0.1951942890882492,
                    -0.05232676491141319,
                    -0.9793676137924194
                ],
                [
                    0.1098519042134285,
                    0.9934585690498352,
                    -0.031185436993837357
                ]
            ],
            [
                [
                    0.9999315142631531,
                    -0.008868638426065445,
                    -0.007644286844879389
                ],
                [
                    0.009086281061172485,
                    0.999540388584137,
                    0.028922872617840767
                ],
                [
                    0.00738426623865962,
                    -0.02899034693837166,
                    0.9995524883270264
                ]
            ],
            [
                [
                    0.9729765057563782,
                    -0.12486125528812408,
                    0.19423270225524902
                ],
                [
                    0.06742662936449051,
                    0.9581584334373474,
                    0.2781834900379181
                ],
                [
                    -0.22084005177021027,
                    -0.2575695514678955,
                    0.9406846165657043
                ]
            ],
            [
                [
                    0.9658083915710449,
                    0.16303756833076477,
                    -0.20157593488693237
                ],
                [
                    -0.1126198023557663,
                    0.9641602039337158,
                    0.24023285508155823
                ],
                [
                    0.23351848125457764,
                    -0.20931747555732727,
                    0.9495552778244019
                ]
            ],
            [
                [
                    0.9995789527893066,
                    0.009838840924203396,
                    -0.027296677231788635
                ],
                [
                    -0.011598967015743256,
                    0.9978119134902954,
                    -0.0650910809636116
                ],
                [
                    0.02659652754664421,
                    0.0653802901506424,
                    0.9975059032440186
                ]
            ],
            [
                [
                    0.9987638592720032,
                    0.03147541731595993,
                    -0.0384710319340229
                ],
                [
                    -0.02422885224223137,
                    0.9840720891952515,
                    0.1761113554239273
                ],
                [
                    0.04340144246816635,
                    -0.17496155202388763,
                    0.9836182594299316
                ]
            ],
            [
                [
                    0.9998242855072021,
                    -0.018489565700292587,
                    -0.0030858234968036413
                ],
                [
                    0.01874512992799282,
                    0.9854694604873657,
                    0.16881538927555084
                ],
                [
                    -8.033857011469081e-05,
                    -0.1688435673713684,
                    0.9856429100036621
                ]
            ],
            [
                [
                    0.9124187231063843,
                    -0.11136055737733841,
                    -0.39381587505340576
                ],
                [
                    0.10632804781198502,
                    0.9937270879745483,
                    -0.0346514992415905
                ],
                [
                    0.3952043354511261,
                    -0.010256997309625149,
                    0.9185359477996826
                ]
            ],
            [
                [
                    0.8910847306251526,
                    0.4503477215766907,
                    0.05616922676563263
                ],
                [
                    -0.4496469497680664,
                    0.8928489685058594,
                    -0.025263244286179543
                ],
                [
                    -0.06152788922190666,
                    -0.0027446330059319735,
                    0.9981015920639038
                ]
            ],
            [
                [
                    0.9102628827095032,
                    -0.414023220539093,
                    -0.002516775857657194
                ],
                [
                    0.4140281081199646,
                    0.9102177023887634,
                    0.009194542653858662
                ],
                [
                    -0.0015159404138103127,
                    -0.009411466307938099,
                    0.9999546408653259
                ]
            ],
            [
                [
                    0.9428229928016663,
                    -0.18894760310649872,
                    -0.27456092834472656
                ],
                [
                    0.10550948232412338,
                    0.9506163597106934,
                    -0.2918839752674103
                ],
                [
                    0.3161529004573822,
                    0.24622610211372375,
                    0.91619873046875
                ]
            ],
            [
                [
                    0.6479836106300354,
                    0.748084545135498,
                    -0.14313171803951263
                ],
                [
                    -0.7572565078735352,
                    0.652929425239563,
                    -0.01567291095852852
                ],
                [
                    0.08173026889562607,
                    0.11854322254657745,
                    0.989579439163208
                ]
            ],
            [
                [
                    0.5240364670753479,
                    -0.8192499876022339,
                    0.2328413724899292
                ],
                [
                    0.847432553768158,
                    0.5288693904876709,
                    -0.046423714607954025
                ],
                [
                    -0.08511004596948624,
                    0.22164510190486908,
                    0.9714059829711914
                ]
            ],
            [
                [
                    0.9639719128608704,
                    -0.11766096204519272,
                    -0.23856645822525024
                ],
                [
                    0.1185329258441925,
                    0.9928920269012451,
                    -0.0107398871332407
                ],
                [
                    0.23813439905643463,
                    -0.017925040796399117,
                    0.9710667133331299
                ]
            ],
            [
                [
                    0.8308578133583069,
                    0.20365500450134277,
                    0.5178802609443665
                ],
                [
                    -0.06452123820781708,
                    0.9596062302589417,
                    -0.2738483250141144
                ],
                [
                    -0.5527317523956299,
                    0.19411474466323853,
                    0.8104364275932312
                ]
            ],
            [
                [
                    0.9954935312271118,
                    0.08327003568410873,
                    0.04537403583526611
                ],
                [
                    -0.07653462886810303,
                    0.9880149364471436,
                    -0.13404840230941772
                ],
                [
                    -0.05599243938922882,
                    0.12997162342071533,
                    0.9899355173110962
                ]
            ],
            [
                [
                    0.9976235628128052,
                    -0.04959915205836296,
                    -0.0478239431977272
                ],
                [
                    0.044673603028059006,
                    0.9940771460533142,
                    -0.09907086193561554
                ],
                [
                    0.05245451629161835,
                    0.09669896215200424,
                    0.9939305782318115
                ]
            ],
            [
                [
                    0.9611027240753174,
                    0.2638101279735565,
                    -0.08176606893539429
                ],
                [
                    -0.24611230194568634,
                    0.9523941874504089,
                    0.17992772161960602
                ],
                [
                    0.1253402829170227,
                    -0.1528054028749466,
                    0.980275571346283
                ]
            ],
            [
                [
                    0.9716169238090515,
                    -0.2144908905029297,
                    0.0997699648141861
                ],
                [
                    0.19849862158298492,
                    0.9686523675918579,
                    0.14936845004558563
                ],
                [
                    -0.12868058681488037,
                    -0.12532474100589752,
                    0.983735203742981
                ]
            ]
        ],
        "betas": [
            -0.1376107633113861,
            -0.11856502294540405,
            0.040131568908691406,
            0.36862197518348694,
            0.11955514550209045,
            0.10132408887147903,
            -0.048042744398117065,
            -0.14806151390075684,
            0.13463857769966125,
            -0.09703153371810913
        ]
    },
    "pred_cam_t": [
        0.0580371618270874,
        0.3397473990917206,
        25.287092208862305
    ],
    "focal_length": [
        5000.0,
        5000.0
    ],
    "pred_keypoints_3d": [
        [
            0.11187255382537842,
            -0.8054234981536865,
            0.1324392408132553
        ],
        [
            -0.00968407467007637,
            -0.7349316477775574,
            0.009617738425731659
        ],
        [
            0.1682606041431427,
            -0.6332396268844604,
            -0.028727184981107712
        ],
        [
            0.19286002218723297,
            -0.3849034011363983,
            -0.06065521761775017
        ],
        [
            0.2310710996389389,
            -0.1722830832004547,
            0.06945043802261353
        ],
        [
            -0.18470051884651184,
            -0.6279045343399048,
            0.013204922899603844
        ],
        [
            -0.2383272796869278,
            -0.37884706258773804,
            -0.02650620974600315
        ],
        [
            -0.3180874288082123,
            -0.15204478800296783,
            0.027895784005522728
        ],
        [
            -0.0019899492617696524,
            -0.22604066133499146,
            0.028088251128792763
        ],
        [
            0.0670425295829773,
            -0.137254536151886,
            0.03445890173316002
        ],
        [
            0.10898233950138092,
            0.182851642370224,
            0.23060622811317444
        ],
        [
            0.0812777429819107,
            0.336384117603302,
            -0.13017067313194275
        ],
        [
            -0.06929128617048264,
            -0.1334936022758484,
            0.03460417687892914
        ],
        [
            -0.10692256689071655,
            0.21536830067634583,
            0.1507105529308319
        ],
        [
            -0.09325112402439117,
            0.3797358274459839,
            -0.20573845505714417
        ],
        [
            0.12095586210489273,
            -0.8488758206367493,
            0.09007617831230164
        ],
        [
            0.08092834800481796,
            -0.8562947511672974,
            0.14218606054782867
        ],
        [
            0.07306315004825592,
            -0.8580397367477417,
            -2.6281923055648804e-05
        ],
        [
            -0.017348624765872955,
            -0.8744736909866333,
            0.11308000981807709
        ],
        [
            -0.09766318649053574,
            0.5436400771141052,
            -0.09832531213760376
        ],
        [
            -0.1641557365655899,
            0.5153443813323975,
            -0.14007464051246643
        ],
        [
            -0.10356210172176361,
            0.358101487159729,
            -0.2700272798538208
        ],
        [
            0.0766243264079094,
            0.5070137977600098,
            -0.03150731325149536
        ],
        [
            0.14866304397583008,
            0.4754238724708557,
            -0.06666821241378784
        ],
        [
            0.08882611244916916,
            0.32210561633110046,
            -0.20041263103485107
        ],
        [
            0.10937578976154327,
            0.29071488976478577,
            -0.10290603339672089
        ],
        [
            0.10618490725755692,
            0.13576412200927734,
            0.2190692126750946
        ],
        [
            0.14515185356140137,
            -0.2573297321796417,
            0.0037933532148599625
        ],
        [
            -0.15127155184745789,
            -0.23682478070259094,
            0.002862295601516962
        ],
        [
            -0.1181516945362091,
            0.1808910071849823,
            0.1499268114566803
        ],
        [
            -0.10579641163349152,
            0.33897703886032104,
            -0.19069437682628632
        ],
        [
            0.21775642037391663,
            -0.2017064243555069,
            0.08548828959465027
        ],
        [
            0.22323012351989746,
            -0.40543341636657715,
            -0.04205146059393883
        ],
        [
            0.13346987962722778,
            -0.6670112609863281,
            -0.025209814310073853
        ],
        [
            -0.15539127588272095,
            -0.6627700924873352,
            0.009445760399103165
        ],
        [
            -0.2710644602775574,
            -0.405390202999115,
            0.000521897803992033
        ],
        [
            -0.32034066319465637,
            -0.16891023516654968,
            0.03882681578397751
        ],
        [
            -0.010333776473999023,
            -0.7229037880897522,
            0.010199403390288353
        ],
        [
            0.05352546274662018,
            -0.9127606749534607,
            0.07376494258642197
        ],
        [
            -0.003516362514346838,
            -0.2470504641532898,
            0.003980100154876709
        ],
        [
            -0.010305248200893402,
            -0.6637624502182007,
            -0.004769725725054741
        ],
        [
            -0.009379101917147636,
            -0.4904728829860687,
            -0.015624137595295906
        ],
        [
            0.046444121748209,
            -0.800742506980896,
            0.09022955596446991
        ],
        [
            0.05622125416994095,
            -0.9321881532669067,
            0.06546162068843842
        ]
    ],
    "pred_vertices": [
        [
            0.08528290688991547,
            -0.9019457101821899,
            0.15552377700805664
        ],
        [
            0.08959445357322693,
            -0.8856863975524902,
            0.15384794771671295
        ],
        [
            0.07504570484161377,
            -0.8860291242599487,
            0.15675972402095795
        ],
        [
            0.06792006641626358,
            -0.899872899055481,
            0.15552644431591034
        ],
        [
            0.07930368185043335,
            -0.8754637241363525,
            0.15617051720619202
        ],
        [
            0.09143702685832977,
            -0.8735047578811646,
            0.15297755599021912
        ],
        [
            0.0614786371588707,
            -0.8840562105178833,
            0.15460693836212158
        ],
        [
            0.05301946401596069,
            -0.8940420746803284,
            0.15237422287464142
        ],
        [
            0.040156543254852295,
            -0.8535928130149841,
            0.14950886368751526
        ],
        [
            0.02916698157787323,
            -0.8515007495880127,
            0.1457511931657791
        ],
        [
            0.03344012796878815,
            -0.8627209663391113,
            0.14863407611846924
        ],
        [
            0.043782465159893036,
            -0.861595094203949,
            0.1500261425971985
        ],
        [
            0.030873700976371765,
            -0.8295751810073853,
            0.14338292181491852
        ],
        [
            0.03890839219093323,
            -0.8179676532745361,
            0.14307013154029846
        ],
        [
            0.027393095195293427,
            -0.8120495080947876,
            0.1377112716436386
        ],
        [
            0.01994539052248001,
            -0.8232668042182922,
            0.13647612929344177
        ],
        [
            0.081035315990448,
            -0.8216912746429443,
            0.13432154059410095
        ],
        [
            0.07485295087099075,
            -0.8162729740142822,
            0.1375834047794342
        ],
        [
            0.0738106518983841,
            -0.8231880068778992,
            0.14066234230995178
        ],
        [
            0.08004551380872726,
            -0.8278721570968628,
            0.13659259676933289
        ],
        [
            0.093741275370121,
            -0.8282039165496826,
            0.13171270489692688
        ],
        [
            0.09221085906028748,
            -0.8343985080718994,
            0.13086307048797607
        ],
        [
            0.10002689063549042,
            -0.8363304138183594,
            0.1306559145450592
        ],
        [
            0.10151845216751099,
            -0.8292245864868164,
            0.13278913497924805
        ],
        [
            0.08302242308855057,
            -0.8161443471908569,
            0.12970036268234253
        ],
        [
            0.07622531801462173,
            -0.8106434345245361,
            0.13302606344223022
        ],
        [
            0.08683251589536667,
            -0.8262026309967041,
            0.13188408315181732
        ],
        [
            0.0879729613661766,
            -0.8209681510925293,
            0.13164666295051575
        ],
        [
            0.09549833089113235,
            -0.8124301433563232,
            0.13533350825309753
        ],
        [
            0.09482907503843307,
            -0.8174027800559998,
            0.13591431081295013
        ],
        [
            0.10231006145477295,
            -0.8163436651229858,
            0.13770705461502075
        ],
        [
            0.10115781426429749,
            -0.8112131357192993,
            0.13584654033184052
        ],
        [
            0.08704325556755066,
            -0.8143833875656128,
            0.13143154978752136
        ],
        [
            0.0895034447312355,
            -0.8164221048355103,
            0.13392943143844604
        ],
        [
            0.09168213605880737,
            -0.8120536208152771,
            0.1332138329744339
        ],
        [
            0.08957494050264359,
            -0.810745358467102,
            0.12991423904895782
        ],
        [
            0.09506838023662567,
            -0.8233607411384583,
            0.13279026746749878
        ],
        [
            0.10240744799375534,
            -0.8231119513511658,
            0.13499321043491364
        ],
        [
            0.110381580889225,
            -0.8223655223846436,
            0.13663214445114136
        ],
        [
            0.10950709879398346,
            -0.8136916160583496,
            0.13893389701843262
        ],
        [
            0.058867648243904114,
            -0.8061813712120056,
            0.14044584333896637
        ],
        [
            0.06763435900211334,
            -0.8110372424125671,
            0.14006784558296204
        ],
        [
            0.06949302554130554,
            -0.8058359622955322,
            0.13594546914100647
        ],
        [
            0.06253794580698013,
            -0.8018649816513062,
            0.1371590793132782
        ],
        [
            0.08535999804735184,
            -0.8087422847747803,
            0.12844666838645935
        ],
        [
            0.07805748283863068,
            -0.7940107583999634,
            0.13025201857089996
        ],
        [
            0.07923298329114914,
            -0.7975673675537109,
            0.13101448118686676
        ],
        [
            0.0861198827624321,
            -0.7967096567153931,
            0.12893828749656677
        ],
        [
            0.08448075503110886,
            -0.7935187816619873,
            0.12866157293319702
        ],
        [
            0.04467177391052246,
            -0.7954281568527222,
            0.13683420419692993
        ],
        [
            0.051410771906375885,
            -0.7925584316253662,
            0.1357376128435135
        ],
        [
            0.04687688499689102,
            -0.7867616415023804,
            0.1335352063179016
        ],
        [
            0.03889475762844086,
            -0.7886346578598022,
            0.13328060507774353
        ],
        [
            0.04488728195428848,
            -0.7815392017364502,
            0.13067632913589478
        ],
        [
            0.03414715826511383,
            -0.7820154428482056,
            0.12943845987319946
        ],
        [
            0.03575519844889641,
            -0.7681139707565308,
            0.12153667956590652
        ],
        [
            0.03428942710161209,
            -0.7743402719497681,
            0.1253437101840973
        ],
        [
            0.04601285606622696,
            -0.7758656740188599,
            0.1275642067193985
        ],
        [
            0.050191380083560944,
            -0.769863486289978,
            0.12537704408168793
        ],
        [
            0.0668371394276619,
            -0.7703990936279297,
            0.12185078859329224
        ],
        [
            0.0720176100730896,
            -0.7678877711296082,
            0.11930842697620392
        ],
        [
            0.06359130889177322,
            -0.7579265832901001,
            0.12039905786514282
        ],
        [
            0.056770965456962585,
            -0.7629948258399963,
            0.12313437461853027
        ],
        [
            0.07370834797620773,
            -0.7899395227432251,
            0.12644390761852264
        ],
        [
            0.06925863772630692,
            -0.7911946773529053,
            0.12746988236904144
        ],
        [
            0.07121968269348145,
            -0.7919775247573853,
            0.1293010115623474
        ],
        [
            0.0765589252114296,
            -0.7916420698165894,
            0.12846073508262634
        ],
        [
            0.06559906154870987,
            -0.7917686700820923,
            0.12893223762512207
        ],
        [
            0.06393732875585556,
            -0.7918626070022583,
            0.12970159947872162
        ],
        [
            0.06536978483200073,
            -0.7927439212799072,
            0.13044221699237823
        ],
        [
            0.06651267409324646,
            -0.792330265045166,
            0.1292954832315445
        ],
        [
            0.06806325912475586,
            -0.791629433631897,
            0.12820874154567719
        ],
        [
            0.06833559274673462,
            -0.7896194458007812,
            0.12755565345287323
        ],
        [
            0.06620263308286667,
            -0.7908238768577576,
            0.1285523921251297
        ],
        [
            0.07232808321714401,
            -0.7877316474914551,
            0.12667381763458252
        ],
        [
            0.08456864953041077,
            -0.7818058729171753,
            0.12251821905374527
        ],
        [
            0.0817340761423111,
            -0.7833398580551147,
            0.12423467636108398
        ],
        [
            0.0834844782948494,
            -0.7874911427497864,
            0.12313587218523026
        ],
        [
            0.0858144611120224,
            -0.7865020036697388,
            0.121669702231884
        ],
        [
            0.06804055720567703,
            -0.7937119007110596,
            0.13060230016708374
        ],
        [
            0.06674954295158386,
            -0.7957166433334351,
            0.13237282633781433
        ],
        [
            0.0724758729338646,
            -0.7969271540641785,
            0.1321052610874176
        ],
        [
            0.0718943178653717,
            -0.7944172024726868,
            0.13050657510757446
        ],
        [
            0.06551063805818558,
            -0.797828197479248,
            0.13455602526664734
        ],
        [
            0.0638062134385109,
            -0.7942221760749817,
            0.13195623457431793
        ],
        [
            0.06109992414712906,
            -0.7952448129653931,
            0.1340947300195694
        ],
        [
            0.06369870901107788,
            -0.7901529669761658,
            0.12912514805793762
        ],
        [
            0.06035303324460983,
            -0.789189875125885,
            0.13007597625255585
        ],
        [
            0.06158715486526489,
            -0.7914513349533081,
            0.13140907883644104
        ],
        [
            0.06091485917568207,
            -0.7858498096466064,
            0.12848491966724396
        ],
        [
            0.0654565617442131,
            -0.7878390550613403,
            0.12778311967849731
        ],
        [
            0.06908216327428818,
            -0.7850520014762878,
            0.12678351998329163
        ],
        [
            0.0740363821387291,
            -0.7821081876754761,
            0.1254630833864212
        ],
        [
            0.06882888823747635,
            -0.7786113023757935,
            0.12490876019001007
        ],
        [
            0.06402521580457687,
            -0.782132089138031,
            0.1268712282180786
        ],
        [
            0.07143516838550568,
            -0.8007585406303406,
            0.13375692069530487
        ],
        [
            0.05726642906665802,
            -0.7917914390563965,
            0.13329115509986877
        ],
        [
            0.056854091584682465,
            -0.7982522249221802,
            0.13665440678596497
        ],
        [
            0.054949916899204254,
            -0.7875583171844482,
            0.1319553405046463
        ],
        [
            0.05449293553829193,
            -0.7832866311073303,
            0.12961609661579132
        ],
        [
            0.05591316521167755,
            -0.7790236473083496,
            0.12745654582977295
        ],
        [
            0.06155111640691757,
            -0.7743589878082275,
            0.12460446357727051
        ],
        [
            0.05109522491693497,
            -0.7532965540885925,
            0.11423155665397644
        ],
        [
            0.0434335395693779,
            -0.7599499225616455,
            0.1182747408747673
        ],
        [
            0.08964421600103378,
            -0.867178738117218,
            0.14837580919265747
        ],
        [
            0.0813681110739708,
            -0.8681234121322632,
            0.15307848155498505
        ],
        [
            0.07552772015333176,
            -0.862391471862793,
            0.14904041588306427
        ],
        [
            0.07542596757411957,
            -0.8651028871536255,
            0.15057213604450226
        ],
        [
            0.0811770036816597,
            -0.8643236756324768,
            0.14925146102905273
        ],
        [
            0.08023034036159515,
            -0.8620619773864746,
            0.14775194227695465
        ],
        [
            0.053529173135757446,
            -0.8613319993019104,
            0.14885735511779785
        ],
        [
            0.06060302257537842,
            -0.8612034320831299,
            0.14813965559005737
        ],
        [
            0.05811105668544769,
            -0.8579826354980469,
            0.14726853370666504
        ],
        [
            0.04994601011276245,
            -0.8553611040115356,
            0.1491413116455078
        ],
        [
            0.06595106422901154,
            -0.8477431535720825,
            0.14553052186965942
        ],
        [
            0.0610794723033905,
            -0.8503748774528503,
            0.1469048261642456
        ],
        [
            0.06757558137178421,
            -0.8555837869644165,
            0.14627034962177277
        ],
        [
            0.07119320333003998,
            -0.853669285774231,
            0.14541123807430267
        ],
        [
            0.07491900771856308,
            -0.8521366715431213,
            0.14393994212150574
        ],
        [
            0.07851908355951309,
            -0.851298451423645,
            0.1416078358888626
        ],
        [
            0.07635698467493057,
            -0.8464165925979614,
            0.140719473361969
        ],
        [
            0.07147445529699326,
            -0.8466240167617798,
            0.14329755306243896
        ],
        [
            0.08702787756919861,
            -0.864202082157135,
            0.14547649025917053
        ],
        [
            0.09121474623680115,
            -0.8628733158111572,
            0.1395166516304016
        ],
        [
            0.08891742676496506,
            -0.8604177236557007,
            0.1399025321006775
        ],
        [
            0.08554498106241226,
            -0.8614143133163452,
            0.14494472742080688
        ],
        [
            0.09014194458723068,
            -0.8547649383544922,
            0.12799422442913055
        ],
        [
            0.09081467986106873,
            -0.8569828867912292,
            0.12987062335014343
        ],
        [
            0.09444086998701096,
            -0.8577643632888794,
            0.12796856462955475
        ],
        [
            0.09306082129478455,
            -0.8534664511680603,
            0.1263311356306076
        ],
        [
            0.09059509634971619,
            -0.8507042527198792,
            0.12766003608703613
        ],
        [
            0.08904395997524261,
            -0.8530764579772949,
            0.12898433208465576
        ],
        [
            0.09672653675079346,
            -0.9219059348106384,
            0.1508449912071228
        ],
        [
            0.10062246769666672,
            -0.9029861688613892,
            0.1507883369922638
        ],
        [
            0.07596604526042938,
            -0.9202460646629333,
            0.15303966403007507
        ],
        [
            0.05870835483074188,
            -0.9144793748855591,
            0.15161477029323578
        ],
        [
            0.04344199597835541,
            -0.904939591884613,
            0.14920662343502045
        ],
        [
            0.03609931468963623,
            -0.8023266196250916,
            0.13767677545547485
        ],
        [
            0.027730651199817657,
            -0.7955870628356934,
            0.13358226418495178
        ],
        [
            0.016040503978729248,
            -0.8067030310630798,
            0.13198910653591156
        ],
        [
            0.010284416377544403,
            -0.7981191873550415,
            0.12549671530723572
        ],
        [
            0.02213597297668457,
            -0.7869504690170288,
            0.12804460525512695
        ],
        [
            0.022648435086011887,
            -0.7695693969726562,
            0.11412302404642105
        ],
        [
            0.020205818116664886,
            -0.777621328830719,
            0.12121937423944473
        ],
        [
            0.005986250936985016,
            -0.7899671792984009,
            0.11585234850645065
        ],
        [
            -0.005355231463909149,
            -0.8062363862991333,
            0.1122870147228241
        ],
        [
            0.0005871132016181946,
            -0.8113447427749634,
            0.12264055013656616
        ],
        [
            -0.011979840695858002,
            -0.8249108195304871,
            0.10860814154148102
        ],
        [
            -0.013837717473506927,
            -0.8015329837799072,
            0.09903775155544281
        ],
        [
            -0.017166920006275177,
            -0.8256478309631348,
            0.1001790463924408
        ],
        [
            -0.015392942354083061,
            -0.7628759145736694,
            0.0862259715795517
        ],
        [
            -0.02359343320131302,
            -0.7526111006736755,
            0.08086538314819336
        ],
        [
            -0.03648468106985092,
            -0.7624721527099609,
            0.0745796263217926
        ],
        [
            -0.02972845919430256,
            -0.7732434272766113,
            0.08208437263965607
        ],
        [
            0.009012356400489807,
            -0.8170797228813171,
            0.12997999787330627
        ],
        [
            0.03125019371509552,
            -0.8760010600090027,
            0.1443127691745758
        ],
        [
            0.041045159101486206,
            -0.8719747066497803,
            0.1494464874267578
        ],
        [
            0.02269388735294342,
            -0.8647890090942383,
            0.1430998146533966
        ],
        [
            0.03350002318620682,
            -0.9378038644790649,
            0.140199214220047
        ],
        [
            0.047265417873859406,
            -0.9280889630317688,
            0.14737483859062195
        ],
        [
            0.033622175455093384,
            -0.9155911207199097,
            0.14625699818134308
        ],
        [
            0.021537408232688904,
            -0.92674720287323,
            0.13989314436912537
        ],
        [
            0.06750467419624329,
            -0.9651269912719727,
            0.12986883521080017
        ],
        [
            0.08326277136802673,
            -0.9460867643356323,
            0.14308223128318787
        ],
        [
            0.06623001396656036,
            -0.9381985068321228,
            0.14544278383255005
        ],
        [
            0.05239110440015793,
            -0.9538034200668335,
            0.13636735081672668
        ],
        [
            0.011778101325035095,
            -0.9324549436569214,
            0.13281743228435516
        ],
        [
            -0.002070605754852295,
            -0.9391450881958008,
            0.12163299322128296
        ],
        [
            0.00045727193355560303,
            -0.9559424519538879,
            0.11612218618392944
        ],
        [
            0.01831074059009552,
            -0.9489773511886597,
            0.1289207488298416
        ],
        [
            0.010078385472297668,
            -0.9755734205245972,
            0.10460111498832703
        ],
        [
            0.030688822269439697,
            -0.9681428670883179,
            0.12140297144651413
        ],
        [
            -0.027933329343795776,
            -0.8139868974685669,
            0.08747703582048416
        ],
        [
            -0.024254925549030304,
            -0.8331282138824463,
            0.09119411557912827
        ],
        [
            -0.020478248596191406,
            -0.7859203815460205,
            0.09056220203638077
        ],
        [
            -0.03251500055193901,
            -0.7975763082504272,
            0.0818762481212616
        ],
        [
            0.022839292883872986,
            -0.9889477491378784,
            0.08941874653100967
        ],
        [
            0.047137871384620667,
            -0.9819964170455933,
            0.10983529686927795
        ],
        [
            -0.03555688261985779,
            -0.9308668375015259,
            0.07810745388269424
        ],
        [
            -0.02667975425720215,
            -0.9456886053085327,
            0.08825760334730148
        ],
        [
            -0.023272335529327393,
            -0.9299649000167847,
            0.10145358741283417
        ],
        [
            -0.032442957162857056,
            -0.9183112978935242,
            0.09117929637432098
        ],
        [
            -0.03659068048000336,
            -0.9431407451629639,
            0.06211914122104645
        ],
        [
            -0.025790423154830933,
