{
    "pred_cam": [
        1.5333751440048218,
        0.06683952361345291,
        0.32990792393684387
    ],
    "pred_smpl_params": {
        "global_orient": [
            [
                [
                    -0.9993292093276978,
                    0.015303682535886765,
                    -0.03327176347374916
                ],
                [
                    -0.011597462929785252,
                    -0.9939892292022705,
                    -0.1088615208864212
                ],
                [
                    -0.034737762063741684,
                    -0.10840262472629547,
                    0.9934999346733093
                ]
            ]
        ],
        "body_pose": [
            [
                [
                    0.999259889125824,
                    -0.03214177489280701,
                    -0.0211337823420763
                ],
                [
                    0.036077454686164856,
                    0.9736988544464111,
                    0.2249644249677658
                ],
                [
                    0.013347184285521507,
                    -0.22556036710739136,
                    0.9741377830505371
                ]
            ],
            [
                [
                    0.9985275268554688,
                    -0.03488554060459137,
                    0.041542816907167435
                ],
                [
                    0.02023962512612343,
                    0.9500805735588074,
                    0.31134742498397827
                ],
                [
                    -0.050330549478530884,
                    -0.3100481629371643,
                    0.9493876695632935
                ]
            ],
            [
                [
                    0.9990196228027344,
                    0.016317278146743774,
                    -0.041150856763124466
                ],
                [
                    -0.0238130334764719,
                    0.9817201495170593,
                    -0.18883442878723145
                ],
                [
                    0.037317365407943726,
                    0.18962925672531128,
                    0.9811462759971619
                ]
            ],
            [
                [
                    0.9864647388458252,
                    -0.011291691102087498,
                    -0.16358409821987152
                ],
                [
                    -0.1592598855495453,
                    0.1714990884065628,
                    -0.9722264409065247
                ],
                [
                    0.039032626897096634,
                    0.9851195812225342,
                    0.1673794835805893
                ]
            ],
            [
                [
                    0.9716503620147705,
                    -0.10690958052873611,
                    0.2108692079782486
                ],
                [
                    0.21814799308776855,
                    0.061576105654239655,
                    -0.9739711880683899
                ],
                [
                    0.09114234149456024,
                    0.9923602342605591,
                    0.08315255492925644
                ]
            ],
            [
                [
                    0.9999943971633911,
                    -0.0020527311135083437,
                    -0.0026665320619940758
                ],
                [
                    0.00211832532659173,
                    0.9996894001960754,
                    0.024832751601934433
                ],
                [
                    0.0026147286407649517,
                    -0.02483825944364071,
                    0.9996881484985352
                ]
            ],
            [
                [
                    0.9756047129631042,
                    -0.10504911094903946,
                    0.19276972115039825
                ],
                [
                    0.05009430646896362,
                    0.9614418148994446,
                    0.27040737867355347
                ],
                [
                    -0.2137429267168045,
                    -0.2541540265083313,
                    0.943249523639679
                ]
            ],
            [
                [
                    0.9654173851013184,
                    0.17798390984535217,
                    -0.1905018836259842
                ],
                [
                    -0.13028116524219513,
                    0.9622849225997925,
                    0.23881924152374268
                ],
                [
                    0.2258230596780777,
                    -0.20574145019054413,
                    0.9521945714950562
                ]
            ],
            [
                [
                    0.9997943043708801,
                    0.006689907517284155,
                    -0.019143372774124146
                ],
                [
                    -0.00765130203217268,
                    0.9986899495124817,
                    -0.0505957305431366
                ],
                [
                    0.018779810518026352,
                    0.05073180049657822,
                    0.998535692691803
                ]
            ],
            [
                [
                    0.997444212436676,
                    0.023754244670271873,
                    -0.06738516688346863
                ],
                [
                    -0.012246450409293175,
                    0.9859983921051025,
                    0.16630516946315765
                ],
                [
                    0.07039210200309753,
                    -0.16505491733551025,
                    0.9837692975997925
                ]
            ],
            [
                [
                    0.9990000128746033,
                    -0.0387493260204792,
                    -0.022303571924567223
                ],
                [
                    0.04197663068771362,
                    0.9846333861351013,
                    0.16951443254947662
                ],
                [
                    0.015392269939184189,
                    -0.17028114199638367,
                    0.9852753281593323
                ]
            ],
            [
                [
                    0.9065349102020264,
                    -0.10653365403413773,
                    -0.408466637134552
                ],
                [
                    0.10812846571207047,
                    0.9939503073692322,
                    -0.019259676337242126
                ],
                [
                    0.4080473780632019,
                    -0.026707300916314125,
                    0.9125699996948242
                ]
            ],
            [
                [
                    0.8982179760932922,
                    0.436626672744751,
                    0.05061236768960953
                ],
                [
                    -0.43657177686691284,
                    0.8995795845985413,
                    -0.012720032595098019
                ],
                [
                    -0.051083751022815704,
                    -0.010670567862689495,
                    0.9986374378204346
                ]
            ],
            [
                [
                    0.91518634557724,
                    -0.4028659462928772,
                    0.011534670367836952
                ],
                [
                    0.40279117226600647,
                    0.9152542352676392,
                    0.008304150775074959
                ],
                [
                    -0.013902615755796432,
                    -0.0029537815134972334,
                    0.9998990297317505
                ]
            ],
            [
                [
                    0.9429450035095215,
                    -0.1888425648212433,
                    -0.27421364188194275
                ],
                [
                    0.11842697113752365,
                    0.9599636793136597,
                    -0.25385990738868713
                ],
                [
                    0.3111746609210968,
                    0.2069016695022583,
                    0.9275569915771484
                ]
            ],
            [
                [
                    0.6517258286476135,
                    0.7460372447967529,
                    -0.13668173551559448
                ],
                [
                    -0.7541364431381226,
                    0.6566087007522583,
                    -0.011967422440648079
                ],
                [
                    0.08081827312707901,
                    0.11087616533041,
                    0.9905427098274231
                ]
            ],
            [
                [
                    0.4886474609375,
                    -0.8413593769073486,
                    0.23095041513442993
                ],
                [
                    0.8685620427131653,
                    0.49416232109069824,
                    -0.037465084344148636
                ],
                [
                    -0.08260537683963776,
                    0.21890197694301605,
                    0.9722439646720886
                ]
            ],
            [
                [
                    0.9671279788017273,
                    -0.12060660123825073,
                    -0.22386929392814636
                ],
                [
                    0.1249832957983017,
                    0.9921440482139587,
                    0.005430615972727537
                ],
                [
                    0.22145558893680573,
                    -0.03323202580213547,
                    0.974604070186615
                ]
            ],
            [
                [
                    0.8173831105232239,
                    0.2254277765750885,
                    0.530157744884491
                ],
                [
                    -0.0672994926571846,
                    0.9513251185417175,
                    -0.30075135827064514
                ],
                [
                    -0.5721500515937805,
                    0.21014973521232605,
                    0.7927682399749756
                ]
            ],
            [
                [
                    0.9959937334060669,
                    0.07870978116989136,
                    0.04244175925850868
                ],
                [
                    -0.0714077278971672,
                    0.9857435822486877,
                    -0.1523502767086029
                ],
                [
                    -0.05382814258337021,
                    0.148709237575531,
                    0.9874148964881897
                ]
            ],
            [
                [
                    0.9983907341957092,
                    -0.03257467970252037,
                    -0.04642004519701004
                ],
                [
                    0.027820931747555733,
                    0.994637668132782,
                    -0.09960886090993881
                ],
                [
                    0.04941585287451744,
                    0.0981571152806282,
                    0.9939432740211487
                ]
            ],
            [
                [
                    0.9595616459846497,
                    0.2678258419036865,
                    -0.08666489273309708
                ],
                [
                    -0.24950550496578217,
                    0.9517446160316467,
                    0.1786872148513794
                ],
                [
                    0.13033990561962128,
                    -0.14983801543712616,
                    0.9800816774368286
                ]
            ],
            [
                [
                    0.9715458750724792,
                    -0.22034797072410583,
                    0.0868641659617424
                ],
                [
                    0.20478969812393188,
                    0.965752899646759,
                    0.15931889414787292
                ],
                [
                    -0.11899491399526596,
                    -0.13699673116207123,
                    0.9833982586860657
                ]
            ]
        ],
        "betas": [
            -0.1605541706085205,
            -0.08750417828559875,
            0.0164431631565094,
            0.20795713365077972,
            0.10837990045547485,
            0.11365184932947159,
            -0.01914474368095398,
            -0.15587085485458374,
            0.14571574330329895,
            -0.10459309816360474
        ]
    },
    "pred_cam_t": [
        0.06683952361345291,
        0.32990792393684387,
        25.474849700927734
    ],
    "focal_length": [
        5000.0,
        5000.0
    ],
    "pred_keypoints_3d": [
        [
            0.10469898581504822,
            -0.8089239001274109,
            0.1392890363931656
        ],
        [
            -0.005963264033198357,
            -0.730951726436615,
            0.010092215612530708
        ],
        [
            0.17415422201156616,
            -0.6310146450996399,
            -0.008688228204846382
        ],
        [
            0.19414672255516052,
            -0.38148033618927,
            -0.0364452600479126
        ],
        [
            0.21198992431163788,
            -0.17240239679813385,
            0.10367470979690552
        ],
        [
            -0.1799764335155487,
            -0.6257244944572449,
            -0.0004133637994527817
        ],
        [
            -0.23439548909664154,
            -0.3765052556991577,
            -0.03962773084640503
        ],
        [
            -0.32543879747390747,
            -0.15250936150550842,
            0.00805259495973587
        ],
        [
            -0.001863784622400999,
            -0.22403156757354736,
            0.028074275702238083
        ],
        [
            0.06439504772424698,
            -0.133113831281662,
            0.03570171445608139
        ],
        [
            0.07946766912937164,
            0.21418491005897522,
            0.18540653586387634
        ],
        [
            0.05946062505245209,
            0.35571712255477905,
            -0.18155977129936218
        ],
        [
            -0.07234007120132446,
            -0.13349859416484833,
            0.028458548709750175
        ],
        [
            -0.12555155158042908,
            0.21425671875476837,
            0.14462660253047943
        ],
        [
            -0.12195111811161041,
            0.36509233713150024,
            -0.21884484589099884
        ],
        [
            0.11607905477285385,
            -0.8501952290534973,
            0.09542186558246613
        ],
        [
            0.07198363542556763,
            -0.8594018220901489,
            0.14378279447555542
        ],
        [
            0.07507465034723282,
            -0.852736234664917,
            0.001686355099081993
        ],
        [
            -0.023850813508033752,
            -0.8730246424674988,
            0.1061456948518753
        ],
        [
            -0.13296917080879211,
            0.5333685278892517,
            -0.12047123908996582
        ],
        [
            -0.19841614365577698,
            0.5009869337081909,
            -0.16036099195480347
        ],
        [
            -0.1310802400112152,
            0.34021493792533875,
            -0.28212183713912964
        ],
        [
            0.03682760149240494,
            0.5281158089637756,
            -0.08862811326980591
        ],
        [
            0.11209230124950409,
            0.5008891224861145,
            -0.11899405717849731
        ],
        [
            0.0725858137011528,
            0.3401423990726471,
            -0.2505781054496765
        ],
        [
            0.0891939103603363,
            0.3127530813217163,
            -0.15122026205062866
        ],
        [
            0.07967368513345718,
            0.16346555948257446,
            0.18014571070671082
        ],
        [
            0.14734616875648499,
            -0.25192975997924805,
            0.015536388382315636
        ],
        [
            -0.1491377055644989,
            -0.2396577000617981,
            -0.004435312934219837
        ],
        [
            -0.13521698117256165,
            0.1801241636276245,
            0.14326338469982147
        ],
        [
            -0.13217979669570923,
            0.3244727849960327,
            -0.202248215675354
        ],
        [
            0.1972821056842804,
            -0.20239099860191345,
            0.11679664999246597
        ],
        [
            0.22273269295692444,
            -0.40175777673721313,
            -0.014526893384754658
        ],
        [
            0.13876357674598694,
            -0.6641256213188171,
            -0.009484915994107723
        ],
        [
            -0.15035825967788696,
            -0.6600201725959778,
            -0.0020366706885397434
        ],
        [
            -0.2691788077354431,
            -0.40443259477615356,
            -0.016753584146499634
        ],
        [
            -0.32821983098983765,
            -0.16941669583320618,
            0.018453868106007576
        ],
        [
            -0.006230723112821579,
            -0.7200006246566772,
            0.011354448273777962
        ],
        [
            0.04843990132212639,
            -0.910886287689209,
            0.0699690729379654
        ],
        [
            -0.0014151966897770762,
            -0.24570205807685852,
            0.005833029747009277
        ],
        [
            -0.005350222811102867,
            -0.6610274910926819,
            -0.002503984607756138
        ],
        [
            -0.0029373420402407646,
            -0.48743748664855957,
            -0.012790761888027191
        ],
        [
            0.04284518584609032,
            -0.8002671003341675,
            0.0924818366765976
        ],
        [
            0.051295205950737,
            -0.9299675822257996,
            0.060730792582035065
        ]
    ],
    "pred_vertices": [
        [
            0.07428678125143051,
            -0.9057574272155762,
            0.15437600016593933
        ],
        [
            0.07906503975391388,
            -0.8896149396896362,
            0.1538350135087967
        ],
        [
            0.064410500228405,
            -0.8896445035934448,
            0.15562139451503754
        ],
        [
            0.05699106305837631,
            -0.9032498002052307,
            0.15313002467155457
        ],
        [
            0.06890685111284256,
            -0.87922203540802,
            0.15598642826080322
        ],
        [
            0.08120989799499512,
            -0.8774842023849487,
            0.15394902229309082
        ],
        [
            0.05114350467920303,
            -0.8871780633926392,
            0.15253624320030212
        ],
        [
            0.042559072375297546,
            -0.8968653678894043,
            0.14917312562465668
        ],
        [
            0.0310167595744133,
            -0.8560078740119934,
            0.1478688269853592
        ],
        [
            0.0204109326004982,
            -0.8534141182899475,
            0.14338646829128265
        ],
        [
            0.02413339912891388,
            -0.864772617816925,
            0.1458471268415451
        ],
        [
            0.03441444784402847,
            -0.8640327453613281,
            0.1481291800737381
        ],
        [
            0.022732742130756378,
            -0.8314201235771179,
            0.14256209135055542
        ],
        [
            0.030956730246543884,
            -0.8200931549072266,
            0.14361587166786194
        ],
        [
            0.020077504217624664,
            -0.8135865926742554,
            0.13769152760505676
        ],
        [
            0.012511208653450012,
            -0.8244789242744446,
            0.13518564403057098
        ],
        [
            0.07345446944236755,
            -0.8244699239730835,
            0.13795843720436096
        ],
        [
            0.06717929989099503,
            -0.8191015124320984,
            0.1410037875175476
        ],
        [
            0.06571608036756516,
            -0.8261393308639526,
            0.14357951283454895
        ],
        [
            0.07213019579648972,
            -0.8307462930679321,
            0.1397797167301178
        ],
        [
            0.08618379384279251,
            -0.8310747146606445,
            0.13595673441886902
        ],
        [
            0.0845823660492897,
            -0.8371669054031372,
            0.13463596999645233
        ],
        [
            0.0923193022608757,
            -0.8392994403839111,
            0.13489119708538055
        ],
        [
            0.09381470829248428,
            -0.8323607444763184,
            0.13751746714115143
        ],
        [
            0.0759371966123581,
            -0.8187212944030762,
            0.13386452198028564
        ],
        [
            0.06905626505613327,
            -0.8132554292678833,
            0.13691824674606323
        ],
        [
            0.07930576056241989,
            -0.8289833068847656,
            0.13575738668441772
        ],
        [
            0.0806170105934143,
            -0.8236942291259766,
            0.1358811855316162
        ],
        [
            0.08802561461925507,
            -0.8155783414840698,
            0.14053219556808472
        ],
        [
            0.08720777183771133,
            -0.8205533027648926,
            0.1407642364501953
        ],
        [
            0.09455634653568268,
            -0.8198080062866211,
            0.1431734263896942
        ],
        [
            0.09362991154193878,
            -0.8145695328712463,
            0.1415475755929947
        ],
        [
            0.07990912348031998,
            -0.817074179649353,
            0.13595512509346008
        ],
        [
            0.08212882280349731,
            -0.8192988634109497,
            0.13847145438194275
        ],
        [
            0.08443804085254669,
            -0.814966082572937,
            0.13818839192390442
        ],
        [
            0.08262428641319275,
            -0.8134216070175171,
            0.134840726852417
        ],
        [
            0.08756355941295624,
            -0.8263171911239624,
            0.13740219175815582
        ],
        [
            0.09470026940107346,
            -0.8264014720916748,
            0.1401316225528717
        ],
        [
            0.10251832753419876,
            -0.8259732723236084,
            0.142372727394104
        ],
        [
            0.10166885703802109,
            -0.817426323890686,
            0.14507034420967102
        ],
        [
            0.05130961537361145,
            -0.8087867498397827,
            0.14317181706428528
        ],
        [
            0.059975676238536835,
            -0.8138338923454285,
            0.1432219296693802
        ],
        [
            0.06223302334547043,
            -0.8084695339202881,
            0.13957086205482483
        ],
        [
            0.05531488358974457,
            -0.8043927550315857,
            0.14045360684394836
        ],
        [
            0.07855355739593506,
            -0.8112624883651733,
            0.13322442770004272
        ],
        [
            0.07151024043560028,
            -0.7965184450149536,
            0.1352718472480774
        ],
        [
            0.07253549247980118,
            -0.800125241279602,
            0.13589084148406982
        ],
        [
            0.07957936823368073,
            -0.7993460893630981,
            0.13439512252807617
        ],
        [
            0.07805034518241882,
            -0.7961186170578003,
            0.13420426845550537
        ],
        [
            0.03773479908704758,
            -0.797487735748291,
            0.1390605866909027
        ],
        [
            0.044596217572689056,
            -0.7947472333908081,
            0.1386127769947052
        ],
        [
            0.04040665179491043,
            -0.7887349724769592,
            0.13639642298221588
        ],
        [
            0.03246398642659187,
            -0.7903337478637695,
            0.1354413628578186
        ],
        [
            0.03888349607586861,
            -0.7832580804824829,
            0.13360555469989777
        ],
        [
            0.02828046679496765,
            -0.7833350896835327,
            0.1315569281578064
        ],
        [
            0.030806731432676315,
            -0.7690843343734741,
            0.12457689642906189
        ],
        [
            0.028917457908391953,
            -0.7754536271095276,
            0.1279180645942688
        ],
        [
            0.0403684563934803,
            -0.7774651050567627,
            0.13092537224292755
        ],
        [
            0.04482463747262955,
            -0.7714760303497314,
            0.12941545248031616
        ],
        [
            0.06150432676076889,
            -0.7723618745803833,
            0.12744644284248352
        ],
        [
            0.06693335622549057,
            -0.7698283195495605,
            0.12544943392276764
        ],
        [
            0.058679722249507904,
            -0.7597348690032959,
            0.12635992467403412
        ],
        [
            0.05168356001377106,
            -0.7646958827972412,
            0.12808586657047272
        ],
        [
            0.06754318624734879,
            -0.7921847105026245,
            0.13142485916614532
        ],
        [
            0.06299794465303421,
            -0.7933813333511353,
            0.13202938437461853
        ],
        [
            0.06478377431631088,
            -0.7943231463432312,
            0.13396339118480682
        ],
        [
            0.07016900181770325,
            -0.794093906879425,
            0.1335764229297638
        ],
        [
            0.0592317059636116,
            -0.7939462661743164,
            0.1331462860107422
        ],
        [
            0.05751548707485199,
            -0.7940330505371094,
            0.1337670087814331
        ],
        [
            0.058860570192337036,
            -0.7949912548065186,
            0.13456803560256958
        ],
        [
            0.06014394015073776,
            -0.7945383787155151,
            0.13357122242450714
        ],
        [
            0.06178353726863861,
            -0.7938222885131836,
            0.13265028595924377
        ],
        [
            0.062157899141311646,
            -0.7917970418930054,
            0.13213607668876648
        ],
        [
            0.05989117920398712,
            -0.7929961681365967,
            0.1328643262386322
        ],
        [
            0.06623939424753189,
            -0.7899817824363708,
            0.13167360424995422
        ],
        [
            0.07892834395170212,
            -0.7840855121612549,
            0.12885072827339172
        ],
        [
            0.07588214427232742,
            -0.7857195138931274,
            0.13025744259357452
        ],
        [
            0.07760525494813919,
            -0.789837121963501,
            0.1290617138147354
        ],
        [
            0.08012307435274124,
            -0.7887434959411621,
            0.127809077501297
        ],
        [
            0.061560288071632385,
            -0.7959550619125366,
            0.13489073514938354
        ],
        [
            0.06002102047204971,
            -0.7980928421020508,
            0.13637755811214447
        ],
        [
            0.06570890545845032,
            -0.7994474172592163,
            0.13649258017539978
        ],
        [
            0.06531195342540741,
            -0.7968335151672363,
            0.1350230872631073
        ],
        [
            0.05861365795135498,
            -0.800284743309021,
            0.13831795752048492
        ],
        [
            0.05715811252593994,
            -0.7965065240859985,
            0.13583210110664368
        ],
        [
            0.05431646853685379,
            -0.7975107431411743,
            0.1376398801803589
        ],
        [
            0.05737274885177612,
            -0.7922983169555664,
            0.13327565789222717
        ],
        [
            0.05400001257658005,
            -0.7913027405738831,
            0.13398319482803345
        ],
        [
            0.05506102740764618,
            -0.793658971786499,
            0.1352781057357788
        ],
        [
            0.05476485192775726,
            -0.7879223823547363,
            0.13263951241970062
        ],
        [
            0.059284791350364685,
            -0.7899810075759888,
            0.13221685588359833
        ],
        [
            0.06303282082080841,
            -0.7872576117515564,
            0.13165536522865295
        ],
        [
            0.06814026087522507,
            -0.7843873500823975,
            0.13092532753944397
        ],
        [
            0.06307785958051682,
            -0.7807427048683167,
            0.13016277551651
        ],
        [
            0.05806709825992584,
            -0.7842259407043457,
            0.13150474429130554
        ],
        [
            0.064486563205719,
            -0.8032559156417847,
            0.1378166675567627
        ],
        [
            0.0506107360124588,
            -0.7940061092376709,
            0.13674676418304443
        ],
        [
            0.04979754984378815,
            -0.8006123304367065,
            0.13966058194637299
        ],
        [
            0.048526763916015625,
            -0.7896642088890076,
            0.13546523451805115
        ],
        [
            0.04837100952863693,
            -0.7852689027786255,
            0.1333490014076233
        ],
        [
            0.05013762414455414,
            -0.7808722257614136,
            0.13144820928573608
        ],
        [
            0.055957354605197906,
            -0.7763049602508545,
            0.12950831651687622
        ],
        [
            0.04683174192905426,
            -0.7544281482696533,
            0.11945983022451401
        ],
        [
            0.038862306624650955,
            -0.7610042095184326,
            0.12233224511146545
        ],
        [
            0.0799013003706932,
            -0.8708454370498657,
            0.14985010027885437
        ],
        [
            0.07128328830003738,
            -0.8717926144599915,
            0.1537919044494629
        ],
        [
            0.06589418649673462,
            -0.8656717538833618,
            0.14975349605083466
        ],
        [
            0.06557133793830872,
            -0.8685789108276367,
            0.1510506272315979
        ],
        [
            0.0714581310749054,
            -0.8677946925163269,
            0.15021377801895142
        ],
        [
            0.07067234814167023,
            -0.8654172420501709,
            0.14886167645454407
        ],
        [
            0.04414599388837814,
            -0.8639983534812927,
            0.14787763357162476
        ],
        [
            0.05121828615665436,
            -0.8640087246894836,
            0.14780040085315704
        ],
        [
            0.0488336905837059,
            -0.8606843948364258,
            0.1469428539276123
        ],
        [
            0.04063376039266586,
            -0.857990026473999,
            0.14827044308185577
        ],
        [
            0.056994564831256866,
            -0.8506088256835938,
            0.14645428955554962
        ],
        [
            0.051989033818244934,
            -0.8531675338745117,
            0.14723935723304749
        ],
        [
            0.05843164026737213,
            -0.8584986925125122,
            0.14683687686920166
        ],
        [
            0.06213372200727463,
            -0.8566461205482483,
            0.14640089869499207
        ],
        [
            0.06599847972393036,
            -0.8551344871520996,
            0.14529690146446228
        ],
        [
            0.06973861157894135,
            -0.8542683124542236,
            0.14330807328224182
        ],
        [
            0.06781480461359024,
            -0.8492746353149414,
            0.1425704061985016
        ],
        [
            0.0627596527338028,
            -0.8494964838027954,
            0.14474241435527802
        ],
        [
            0.07765159755945206,
            -0.8675762414932251,
            0.14696204662322998
        ],
        [
            0.08225981146097183,
            -0.8660076856613159,
            0.14144368469715118
        ],
        [
            0.08006733655929565,
            -0.8634997606277466,
            0.1418025940656662
        ],
        [
            0.07628380507230759,
            -0.8647037744522095,
            0.1465321183204651
        ],
        [
            0.08226846158504486,
            -0.8571939468383789,
            0.1304551512002945
        ],
        [
            0.08274861425161362,
            -0.8595284223556519,
            0.13223055005073547
        ],
        [
            0.08647426962852478,
            -0.8603009581565857,
            0.13060888648033142
        ],
        [
            0.08532938361167908,
            -0.8559000492095947,
            0.12913666665554047
        ],
        [
            0.08284009248018265,
            -0.8531668186187744,
            0.13044226169586182
        ],
        [
            0.08113217353820801,
            -0.8555507659912109,
            0.13147224485874176
        ],
        [
            0.08544009923934937,
            -0.925814151763916,
            0.14932683110237122
        ],
        [
            0.08985406160354614,
            -0.9068841934204102,
            0.15073588490486145
        ],
        [
            0.06465701013803482,
            -0.9236105680465698,
            0.15022587776184082
        ],
        [
            0.0476829931139946,
            -0.91727614402771,
            0.14791041612625122
        ],
        [
            0.032925985753536224,
            -0.9072400331497192,
            0.14475573599338531
        ],
        [
            0.028985507786273956,
            -0.8041490316390991,
            0.13885414600372314
        ],
        [
            0.02116597443819046,
            -0.7969450950622559,
            0.1345050036907196
        ],
        [
            0.00947543978691101,
            -0.8075725436210632,
            0.1313503086566925
        ],
        [
            0.0044823139905929565,
            -0.7985037565231323,
            0.12493287026882172
        ],
        [
            0.016312003135681152,
            -0.7878314852714539,
            0.1290048211812973
        ],
        [
            0.01833183318376541,
            -0.7698109149932861,
            0.11591345071792603
        ],
        [
            0.015172846615314484,
            -0.7781045436859131,
            0.12248929589986801
        ],
        [
            0.001254849135875702,
            -0.7897673845291138,
            0.1153281033039093
        ],
        [
            -0.010044977068901062,
            -0.8055365085601807,
            0.10997101664543152
        ],
        [
            -0.005157388746738434,
            -0.8112195730209351,
            0.12045000493526459
        ],
        [
            -0.016698315739631653,
            -0.8237268924713135,
            0.10484857112169266
        ],
        [
            -0.017242126166820526,
            -0.8000037670135498,
            0.09624577313661575
        ],
        [
            -0.021181516349315643,
            -0.8238732814788818,
            0.09614171087741852
        ],
        [
            -0.017435817047953606,
            -0.760713517665863,
            0.08476869761943817
        ],
        [
            -0.02519179880619049,
            -0.7500607967376709,
            0.07903674244880676
        ],
        [
            -0.03759260103106499,
            -0.7594766616821289,
            0.07169773429632187
        ],
        [
            -0.031511202454566956,
            -0.7706184387207031,
            0.07937014847993851
        ],
        [
            0.0023344457149505615,
            -0.8176512718200684,
            0.12818491458892822
        ],
        [
            0.021883301436901093,
            -0.8778546452522278,
            0.1406019926071167
        ],
        [
            0.031451694667339325,
            -0.8743236064910889,
            0.1465718150138855
        ],
        [
            0.013821087777614594,
            -0.8661528825759888,
            0.13937675952911377
        ],
        [
            0.022738754749298096,
            -0.9393277764320374,
            0.13319234549999237
        ],
        [
            0.03621486574411392,
            -0.9303714036941528,
            0.1418951451778412
        ],
        [
            0.023097604513168335,
            -0.9173903465270996,
            0.14047661423683167
        ],
        [
            0.011287122964859009,
            -0.927783727645874,
            0.13247568905353546
        ],
        [
            0.056688979268074036,
            -0.966890275478363,
            0.12374111264944077
        ],
        [
            0.0719204694032669,
            -0.9491462111473083,
            0.13920576870441437
        ],
        [
            0.0549485981464386,
            -0.9408938884735107,
            0.1408681720495224
        ],
        [
            0.04146592319011688,
            -0.9555469155311584,
            0.1297653317451477
        ],
        [
            0.0018725842237472534,
            -0.932792603969574,
            0.12436528503894806
        ],
        [
            -0.011207930743694305,
            -0.9383277297019958,
            0.11170122027397156
        ],
        [
            -0.008763551712036133,
            -0.9547169208526611,
            0.10525934398174286
        ],
        [
            0.008216388523578644,
            -0.9492378234863281,
            0.11985065042972565
        ],
        [
            0.0012744367122650146,
            -0.9737926721572876,
            0.09327880293130875
        ],
        [
            0.020636722445487976,
            -0.9681028127670288,
            0.11208029091358185
        ],
        [
            -0.03084550052881241,
            -0.8115010857582092,
            0.08339627832174301
        ],
        [
            -0.027868658304214478,
            -0.8306872844696045,
            0.0864347517490387
        ],
        [
            -0.023047462105751038,
            -0.7838914394378662,
            0.08799871802330017
        ],
        [
            -0.034684918820858,
            -0.7948561906814575,
            0.07816622406244278
        ],
        [
            0.014811769127845764,
            -0.9863172173500061,
            0.07829487323760986
        ],
        [
            0.03749112784862518,
            -0.9816571474075317,
            0.10103204846382141
        ],
        [
            -0.040783122181892395,
            -0.9265240430831909,
            0.06647045165300369
        ],
        [
            -0.033130839467048645,
            -0.9421050548553467,
            0.07616870105266571
        ],
        [
            -0.03036920726299286,
            -0.9273608326911926,
            0.09061592817306519
        ],
        [
            -0.03833172470331192,
            -0.9149265289306641,
            0.08047115057706833
        ],
        [
            -0.04076405614614487,
            -0.9377561211585999,
            0.04960854351520538
        ],
        [
