{
    "pred_cam": [
        1.5200897455215454,
        0.06525656580924988,
        0.32289552688598633
    ],
    "pred_smpl_params": {
        "global_orient": [
            [
                [
                    -0.9957705140113831,
                    0.026872094720602036,
                    -0.08785849809646606
                ],
                [
                    -0.01663472317159176,
                    -0.9931981563568115,
                    -0.11524169892072678
                ],
                [
                    -0.0903576910495758,
                    -0.11329276859760284,
                    0.9894444346427917
                ]
            ]
        ],
        "body_pose": [
            [
                [
                    0.9980098009109497,
                    -0.04945467785000801,
                    -0.03912485018372536
                ],
                [
                    0.05622471496462822,
                    0.9787935018539429,
                    0.19698207080364227
                ],
                [
                    0.028553470969200134,
                    -0.1987898051738739,
                    0.9796260595321655
                ]
            ],
            [
                [
                    0.9988026022911072,
                    -0.04641091823577881,
                    0.015475054271519184
                ],
                [
                    0.03840252012014389,
                    0.9397357702255249,
                    0.33973798155784607
                ],
                [
                    -0.03031001426279545,
                    -0.3387368619441986,
                    0.9403928518295288
                ]
            ],
            [
                [
                    0.9993703961372375,
                    0.0168773140758276,
                    -0.031206313520669937
                ],
                [
                    -0.022582372650504112,
                    0.9810112118721008,
                    -0.19263198971748352
                ],
                [
                    0.027362633496522903,
                    0.19321544468402863,
                    0.9807747006416321
                ]
            ],
            [
                [
                    0.9847515225410461,
                    -0.051233794540166855,
                    -0.16625140607357025
                ],
                [
                    -0.14979524910449982,
                    0.23623940348625183,
                    -0.9600793123245239
                ],
                [
                    0.08846363425254822,
                    0.9703432321548462,
                    0.2249625325202942
                ]
            ],
            [
                [
                    0.9676182866096497,
                    -0.1588096171617508,
                    0.1961994171142578
                ],
                [
                    0.21023428440093994,
                    0.07685711979866028,
                    -0.974625289440155
                ],
                [
                    0.1397005319595337,
                    0.9843132495880127,
                    0.10775557905435562
                ]
            ],
            [
                [
                    0.9999589920043945,
                    0.0019662254489958286,
                    0.00884201005101204
                ],
                [
                    -0.0022771614603698254,
                    0.9993743896484375,
                    0.035294309258461
                ],
                [
                    -0.008767081424593925,
                    -0.035312995314598083,
                    0.999337911605835
                ]
            ],
            [
                [
                    0.9786926507949829,
                    -0.08399320393800735,
                    0.1873655617237091
                ],
                [
                    0.03598327189683914,
                    0.9685438275337219,
                    0.24622750282287598
                ],
                [
                    -0.20215322077274323,
                    -0.23423901200294495,
                    0.9509291052818298
                ]
            ],
            [
                [
                    0.9682565331459045,
                    0.1758100837469101,
                    -0.1776796132326126
                ],
                [
                    -0.12848810851573944,
                    0.959807813167572,
                    0.24951906502246857
                ],
                [
                    0.21440625190734863,
                    -0.21876876056194305,
                    0.9519296884536743
                ]
            ],
            [
                [
                    0.9999440312385559,
                    0.004276785999536514,
                    -0.009678345173597336
                ],
                [
                    -0.004719117656350136,
                    0.9989232420921326,
                    -0.046151772141456604
                ],
                [
                    0.009470542892813683,
                    0.04619486257433891,
                    0.9988875389099121
                ]
            ],
            [
                [
                    0.998369574546814,
                    0.0036539840511977673,
                    -0.05696345865726471
                ],
                [
                    0.005867885425686836,
                    0.9860919117927551,
                    0.16609737277030945
                ],
                [
                    0.05677812173962593,
                    -0.16616082191467285,
                    0.9844627380371094
                ]
            ],
            [
                [
                    0.9990478754043579,
                    -0.04001128301024437,
                    -0.017395179718732834
                ],
                [
                    0.04229401797056198,
                    0.9860462546348572,
                    0.16100932657718658
                ],
                [
                    0.010710266418755054,
                    -0.16159170866012573,
                    0.9867996573448181
                ]
            ],
            [
                [
                    0.9397466778755188,
                    -0.09756815433502197,
                    -0.32765334844589233
                ],
                [
                    0.11664628237485886,
                    0.9924060702323914,
                    0.03903734311461449
                ],
                [
                    0.3213563561439514,
                    -0.07490475475788116,
                    0.9439912438392639
                ]
            ],
            [
                [
                    0.8986126780509949,
                    0.4361838400363922,
                    0.047316424548625946
                ],
                [
                    -0.43622562289237976,
                    0.8997819423675537,
                    -0.009984184056520462
                ],
                [
                    -0.04692940413951874,
                    -0.011668724939227104,
                    0.9988300204277039
                ]
            ],
            [
                [
                    0.9144089818000793,
                    -0.4044853448867798,
                    0.015746695920825005
                ],
                [
                    0.40446925163269043,
                    0.9145413041114807,
                    0.004333068151026964
                ],
                [
                    -0.016153667122125626,
                    0.002406858839094639,
                    0.9998666644096375
                ]
            ],
            [
                [
                    0.9647474884986877,
                    -0.14989586174488068,
                    -0.21631810069084167
                ],
                [
                    0.10046552121639252,
                    0.969461977481842,
                    -0.2237190306186676
                ],
                [
                    0.24324671924114227,
                    0.19409985840320587,
                    0.9503453969955444
                ]
            ],
            [
                [
                    0.6448180675506592,
                    0.7507935762405396,
                    -0.14324337244033813
                ],
                [
                    -0.7593540549278259,
                    0.6506274938583374,
                    -0.008085816167294979
                ],
                [
                    0.08712729811668396,
                    0.1139863058924675,
                    0.9896544814109802
                ]
            ],
            [
                [
                    0.4643210172653198,
                    -0.8569673299789429,
                    0.22363556921482086
                ],
                [
                    0.8821592926979065,
                    0.4699461758136749,
                    -0.030749106779694557
                ],
                [
                    -0.07874570041894913,
                    0.21155966818332672,
                    0.9741875529289246
                ]
            ],
            [
                [
                    0.9591631889343262,
                    -0.13203544914722443,
                    -0.2501453161239624
                ],
                [
                    0.13810370862483978,
                    0.9903945326805115,
                    0.006783151067793369
                ],
                [
                    0.24684692919254303,
                    -0.04105213284492493,
                    0.9681845903396606
                ]
            ],
            [
                [
                    0.8064403533935547,
                    0.23811571300029755,
                    0.5412530303001404
                ],
                [
                    -0.09219855070114136,
                    0.9547765851020813,
                    -0.2826676070690155
                ],
                [
                    -0.5840833783149719,
                    0.17805181443691254,
                    0.7919242978096008
                ]
            ],
            [
                [
                    0.9968067407608032,
                    0.06285557895898819,
                    0.04925058037042618
                ],
                [
                    -0.05544118583202362,
                    0.9886475801467896,
                    -0.13965049386024475
                ],
                [
                    -0.05746927484869957,
                    0.13647402822971344,
                    0.9889753460884094
                ]
            ],
            [
                [
                    0.9978713989257812,
                    -0.03347498178482056,
                    -0.055965181440114975
                ],
                [
                    0.028748339042067528,
                    0.9961158037185669,
                    -0.08322740346193314
                ],
                [
                    0.058533843606710434,
                    0.08144133538007736,
                    0.9949578046798706
                ]
            ],
            [
                [
                    0.9612735509872437,
                    0.2594963610172272,
                    -0.0928163230419159
                ],
                [
                    -0.2405158430337906,
                    0.9543367624282837,
                    0.1771824061870575
                ],
                [
                    0.13455620408058167,
                    -0.1479969471693039,
                    0.9797917008399963
                ]
            ],
            [
                [
                    0.970501184463501,
                    -0.22241999208927155,
                    0.093042753636837
                ],
                [
                    0.2068566530942917,
                    0.9664056301116943,
                    0.15254640579223633
                ],
                [
                    -0.12384641915559769,
                    -0.1287999302148819,
                    0.9839068651199341
                ]
            ]
        ],
        "betas": [
            -0.17479494214057922,
            -0.10809174180030823,
            0.0615839958190918,
            0.25373318791389465,
            0.10784748196601868,
            0.1335776150226593,
            -0.01227995753288269,
            -0.1574288308620453,
            0.13876327872276306,
            -0.09937086701393127
        ]
    },
    "pred_cam_t": [
        0.06525656580924988,
        0.32289552688598633,
        25.69749641418457
    ],
    "focal_length": [
        5000.0,
        5000.0
    ],
    "pred_keypoints_3d": [
        [
            0.07816731184720993,
            -0.8238601684570312,
            0.14905434846878052
        ],
        [
            -0.00220378371886909,
            -0.731809675693512,
            0.004408868029713631
        ],
        [
            0.17826712131500244,
            -0.6303183436393738,
            0.0034431307576596737
        ],
        [
            0.19157138466835022,
            -0.38051098585128784,
            -0.020621197298169136
        ],
        [
            0.19552892446517944,
            -0.17604190111160278,
            0.12621678411960602
        ],
        [
            -0.17545217275619507,
            -0.6271165013313293,
            -0.01891915872693062
        ],
        [
            -0.22623345255851746,
            -0.37734895944595337,
            -0.05578489601612091
        ],
        [
            -0.32267776131629944,
            -0.15726272761821747,
            -0.0034207403659820557
        ],
        [
            -0.0018836839590221643,
            -0.224601611495018,
            0.028156137093901634
        ],
        [
            0.06334179639816284,
            -0.13334429264068604,
            0.040056467056274414
        ],
        [
            0.06269609183073044,
            0.20821139216423035,
            0.20134985446929932
        ],
        [
            0.030332345515489578,
            0.3643062114715576,
            -0.15781685709953308
        ],
        [
            -0.07278446853160858,
            -0.13440042734146118,
            0.02520601637661457
        ],
        [
            -0.13971039652824402,
            0.2136383354663849,
            0.13028739392757416
        ],
        [
            -0.14180071651935577,
            0.3783573508262634,
            -0.22614113986492157
        ],
        [
            0.09894952178001404,
            -0.8615118265151978,
            0.10537475347518921
        ],
        [
            0.04414468631148338,
            -0.873335599899292,
            0.14048631489276886
        ],
        [
            0.08199036121368408,
            -0.8537293672561646,
            0.00441109761595726
        ],
        [
            -0.03950177878141403,
            -0.8796408176422119,
            0.07990957796573639
        ],
        [
            -0.1597076654434204,
            0.5450472831726074,
            -0.12545007467269897
        ],
        [
            -0.22339129447937012,
            0.5105065107345581,
            -0.16661715507507324
        ],
        [
            -0.14915995299816132,
            0.35491079092025757,
            -0.29042571783065796
        ],
        [
            -0.000983957201242447,
            0.5295302867889404,
            -0.055644214153289795
        ],
        [
            0.07562665641307831,
            0.5087089538574219,
            -0.08773225545883179
        ],
        [
            0.043215177953243256,
            0.35315895080566406,
            -0.22753208875656128
        ],
        [
            0.0626988410949707,
            0.3216632604598999,
            -0.1299220323562622
        ],
        [
            0.06525547057390213,
            0.1576496958732605,
            0.19474396109580994
        ],
        [
            0.14829102158546448,
            -0.25135499238967896,
            0.023120004683732986
        ],
        [
            -0.14687445759773254,
            -0.24102388322353363,
            -0.012118578888475895
        ],
        [
            -0.14805299043655396,
            0.17858736217021942,
            0.1292608082294464
        ],
        [
            -0.15004616975784302,
            0.3369396924972534,
            -0.211410254240036
        ],
        [
            0.18136365711688995,
            -0.20679344236850739,
            0.13775411248207092
        ],
        [
            0.2194838523864746,
            -0.40045174956321716,
            0.003066955367103219
        ],
        [
            0.14310753345489502,
            -0.6633656620979309,
            -0.0006528154481202364
        ],
        [
            -0.14613589644432068,
            -0.661628782749176,
            -0.019096698611974716
        ],
        [
            -0.2629963755607605,
            -0.40615904331207275,
            -0.036657389253377914
        ],
        [
            -0.326360285282135,
            -0.17464756965637207,
            0.005768198519945145
        ],
        [
            -0.002923808991909027,
            -0.7209311723709106,
            0.005529838614165783
        ],
        [
            0.03841448575258255,
            -0.9168453812599182,
            0.05846274271607399
        ],
        [
            0.00015788379823789,
            -0.24607867002487183,
            0.005751286633312702
        ],
        [
            -0.0011173859238624573,
            -0.661461353302002,
            -0.00644335150718689
        ],
        [
            0.0011401190422475338,
            -0.4878906309604645,
            -0.013780465349555016
        ],
        [
            0.029298828914761543,
            -0.8084586262702942,
            0.08917887508869171
        ],
        [
            0.04290232062339783,
            -0.9352160692214966,
            0.048383865505456924
        ]
    ],
    "pred_vertices": [
        [
            0.04353254660964012,
            -0.920316219329834,
            0.1467684805393219
        ],
        [
            0.04857347533106804,
            -0.9044415950775146,
            0.14900001883506775
        ],
        [
            0.03404359892010689,
            -0.9039957523345947,
            0.1472354531288147
        ],
        [
            0.02708449587225914,
            -0.91702800989151,
            0.14176709949970245
        ],
        [
            0.03838663920760155,
            -0.8938796520233154,
            0.14972668886184692
        ],
        [
            0.0508110336959362,
            -0.8924890756607056,
            0.15076330304145813
        ],
        [
            0.021935440599918365,
            -0.9007309675216675,
            0.1414097249507904
        ],
        [
            0.014067620038986206,
            -0.9098278880119324,
            0.1350947618484497
        ],
        [
            0.003676053136587143,
            -0.8686147928237915,
            0.13503333926200867
        ],
        [
            -0.0054430849850177765,
            -0.865302324295044,
            0.12846751511096954
        ],
        [
            -0.002317771315574646,
            -0.8768798112869263,
            0.13051798939704895
        ],
        [
            0.00705593079328537,
            -0.8766582012176514,
            0.13527873158454895
        ],
        [
            -0.0026362501084804535,
            -0.8433351516723633,
            0.13047464191913605
        ],
        [
            0.0052338168025016785,
            -0.8324979543685913,
            0.13450025022029877
        ],
        [
            -0.0037138573825359344,
            -0.8250750303268433,
            0.12691010534763336
        ],
        [
            -0.010625321418046951,
            -0.8353821039199829,
            0.12160731852054596
        ],
        [
            0.04760763421654701,
            -0.838050127029419,
            0.13866819441318512
        ],
        [
            0.04091796278953552,
            -0.8327417969703674,
            0.14056485891342163
        ],
        [
            0.03874083608388901,
            -0.8399111032485962,
            0.14198856055736542
        ],
        [
            0.045772671699523926,
            -0.844400942325592,
            0.13945654034614563
        ],
        [
            0.06050068885087967,
            -0.8449070453643799,
            0.13919655978679657
        ],
        [
            0.059162870049476624,
            -0.8507819771766663,
            0.1369314193725586
        ],
        [
            0.06655894219875336,
            -0.8532370924949646,
            0.1388564556837082
        ],
        [
            0.06751057505607605,
            -0.8466341495513916,
            0.14244340360164642
        ],
        [
            0.051110655069351196,
            -0.8320556879043579,
            0.1359201967716217
        ],
        [
            0.043843671679496765,
            -0.826629102230072,
            0.13764846324920654
        ],
        [
            0.053719669580459595,
            -0.8425803184509277,
            0.13755550980567932
        ],
        [
            0.05525609478354454,
            -0.8373345732688904,
            0.1385001540184021
        ],
        [
            0.061463404446840286,
            -0.8299779295921326,
            0.14562176167964935
        ],
        [
            0.06051924452185631,
            -0.8349199295043945,
            0.1451534479856491
        ],
        [
            0.0670933946967125,
            -0.8346794843673706,
            0.1493249535560608
        ],
        [
            0.06667087972164154,
            -0.8292677402496338,
            0.14804930984973907
        ],
        [
            0.054645027965307236,
            -0.8307117223739624,
            0.1390773504972458
        ],
        [
            0.056155428290367126,
            -0.8332537412643433,
            0.1418350338935852
        ],
        [
            0.058548543602228165,
            -0.8290101885795593,
            0.142527773976326
        ],
        [
            0.05762680619955063,
            -0.8270883560180664,
            0.13899004459381104
        ],
        [
            0.0615779347717762,
            -0.8403560519218445,
            0.14138373732566833
        ],
        [
            0.0678408145904541,
            -0.8409738540649414,
            0.14577051997184753
        ],
        [
            0.07491306960582733,
            -0.8410596251487732,
            0.14986884593963623
        ],
        [
            0.07368818670511246,
            -0.8327369093894958,
            0.15310662984848022
        ],
        [
            0.02528126910328865,
            -0.8220463395118713,
            0.13989298045635223
        ],
        [
            0.03349485993385315,
            -0.8274354934692383,
            0.14148283004760742
        ],
        [
            0.036707207560539246,
            -0.8218302726745605,
            0.13902011513710022
        ],
        [
            0.029893796890974045,
            -0.8175759315490723,
            0.13863612711429596
        ],
        [
            0.054154615849256516,
            -0.824629545211792,
            0.13664332032203674
        ],
        [
            0.047191984951496124,
            -0.8098117113113403,
            0.13836464285850525
        ],
        [
            0.047956664115190506,
            -0.8135116100311279,
            0.13883338868618011
        ],
        [
            0.0551714263856411,
            -0.812879204750061,
            0.13917118310928345
        ],
        [
            0.0538017675280571,
            -0.8095749616622925,
            0.13894446194171906
        ],
        [
            0.013389118015766144,
            -0.8098882436752319,
            0.1338793933391571
        ],
        [
            0.02017684280872345,
            -0.8073880672454834,
            0.13527774810791016
        ],
        [
            0.016819719225168228,
            -0.8010315895080566,
            0.13278736174106598
        ],
        [
            0.009396694600582123,
            -0.8022265434265137,
            0.12993043661117554
        ],
        [
            0.016258593648672104,
            -0.7952142953872681,
            0.1303505003452301
        ],
        [
            0.006545949727296829,
            -0.794710636138916,
            0.12596337497234344
        ],
        [
            0.011029314249753952,
            -0.7798622250556946,
            0.12115762382745743
        ],
        [
            0.008251525461673737,
            -0.7864890098571777,
            0.12336897104978561
        ],
        [
            0.01847008988261223,
            -0.7892148494720459,
            0.1286826729774475
        ],
        [
            0.02327347919344902,
            -0.7832062244415283,
            0.1288498491048813
        ],
        [
            0.039727579802274704,
            -0.7846220135688782,
            0.13078340888023376
        ],
        [
            0.04554557427763939,
            -0.7821081280708313,
            0.1303960084915161
        ],
        [
            0.03760958090424538,
            -0.7717323303222656,
            0.13029301166534424
        ],
        [
            0.03037327527999878,
            -0.7765592932701111,
            0.1298580765724182
        ],
        [
            0.04416989907622337,
            -0.8050079345703125,
            0.13415686786174774
        ],
        [
            0.0395849272608757,
            -0.8060815334320068,
            0.13353393971920013
        ],
        [
            0.04082170128822327,
            -0.8072742223739624,
            0.13573458790779114
        ],
        [
            0.04613906517624855,
            -0.8072289824485779,
            0.1366695761680603
        ],
        [
            0.035657547414302826,
            -0.8066251873970032,
            0.13361933827400208
        ],
        [
            0.033847320824861526,
            -0.8067095875740051,
            0.13378866016864777
        ],
        [
            0.034925490617752075,
            -0.8077875375747681,
            0.13479945063591003
        ],
        [
            0.036374352872371674,
            -0.80729740858078,
            0.134193554520607
        ],
        [
            0.03820977732539177,
            -0.8065540790557861,
            0.1337655484676361
        ],
        [
            0.03874699026346207,
            -0.8044921159744263,
            0.13356120884418488
        ],
        [
            0.03639428690075874,
            -0.8056676387786865,
            0.13359606266021729
        ],
        [
            0.04285769537091255,
            -0.802789568901062,
            0.13428160548210144
        ],
        [
            0.056208278983831406,
            -0.7971057891845703,
            0.13513097167015076
        ],
        [
            0.05268299579620361,
            -0.7987785339355469,
            0.13563445210456848
        ],
        [
            0.05454910919070244,
            -0.8028608560562134,
            0.13445642590522766
        ],
        [
            0.05753236263990402,
            -0.8017099499702454,
            0.13394838571548462
        ],
        [
            0.037581343203783035,
            -0.8088332414627075,
            0.13567689061164856
        ],
        [
            0.03555241599678993,
            -0.8110895156860352,
            0.13651253283023834
        ],
        [
            0.0409994050860405,
            -0.8126683235168457,
            0.1378554105758667
        ],
        [
            0.04103394225239754,
            -0.8099008798599243,
            0.13662487268447876
        ],
        [
            0.0336482897400856,
            -0.8134072422981262,
            0.1378035545349121
        ],
        [
            0.03294798731803894,
            -0.8093578815460205,
            0.1354433298110962
        ],
        [
            0.029907502233982086,
            -0.8103792667388916,
            0.13638737797737122
        ],
        [
            0.03387445583939552,
            -0.8049280643463135,
            0.13344234228134155
        ],
        [
            0.03047185018658638,
            -0.8038876056671143,
            0.13340115547180176
        ],
        [
            0.031118858605623245,
            -0.8064013719558716,
            0.13466817140579224
        ],
        [
            0.03161260113120079,
            -0.800408124923706,
            0.13262835144996643
        ],
        [
            0.036024946719408035,
            -0.8025825023651123,
            0.13311181962490082
        ],
        [
            0.03984905779361725,
            -0.7999439239501953,
            0.13375645875930786
        ],
        [
            0.04503349959850311,
            -0.7972009181976318,
            0.13456639647483826
        ],
        [
            0.04039821773767471,
            -0.7933048009872437,
            0.13295117020606995
        ],
        [
            0.0351555310189724,
            -0.7967218160629272,
            0.13269764184951782
        ],
        [
            0.03958974778652191,
            -0.8165117502212524,
            0.13841670751571655
        ],
        [
            0.026448383927345276,
            -0.8067241907119751,
            0.13496026396751404
        ],
        [
            0.024824589490890503,
            -0.8135220408439636,
            0.1369330883026123
        ],
        [
            0.02485039457678795,
            -0.8021928668022156,
            0.13367411494255066
        ],
        [
            0.025336433202028275,
            -0.7975980043411255,
            0.13207057118415833
        ],
        [
            0.0276867114007473,
            -0.7930241823196411,
            0.13113491237163544
        ],
        [
            0.0337875597178936,
            -0.7885434627532959,
            0.13108310103416443
        ],
        [
            0.02799566462635994,
            -0.7653360366821289,
            0.1212334930896759
        ],
        [
            0.01953177899122238,
            -0.7718390226364136,
            0.12160493433475494
        ],
        [
            0.05040977895259857,
            -0.8855329155921936,
            0.1470753699541092
        ],
        [
            0.041184015572071075,
            -0.8864564299583435,
            0.1487855315208435
        ],
        [
            0.03698137402534485,
            -0.8797752261161804,
            0.14427167177200317
        ],
        [
            0.036086272448301315,
            -0.8828405141830444,
            0.1451328694820404
        ],
        [
            0.04224706068634987,
            -0.8821635246276855,
            0.14577066898345947
        ],
        [
            0.041811153292655945,
            -0.8796271085739136,
            0.1445673406124115
        ],
        [
            0.01637447252869606,
            -0.8770391345024109,
            0.13734976947307587
        ],
        [
            0.023226425051689148,
            -0.8773404359817505,
            0.13899749517440796
        ],
        [
            0.021225761622190475,
            -0.8738528490066528,
            0.13787038624286652
        ],
        [
            0.013001542538404465,
            -0.870962381362915,
            0.137433722615242
        ],
        [
            0.02940143644809723,
            -0.864120364189148,
            0.14033573865890503
        ],
        [
            0.0243406742811203,
            -0.8665328025817871,
            0.13961981236934662
        ],
        [
            0.030526738613843918,
            -0.8720746040344238,
            0.1403065323829651
        ],
        [
            0.03423622250556946,
            -0.870343804359436,
            0.14096198976039886
        ],
        [
            0.038288138806819916,
            -0.8688998222351074,
            0.14096352458000183
        ],
        [
            0.04244240000844002,
            -0.8680083751678467,
            0.14001469314098358
        ],
        [
            0.04083040729165077,
            -0.8628808259963989,
            0.13933789730072021
        ],
        [
            0.03539256006479263,
            -0.8630967140197754,
            0.14019544422626495
        ],
        [
            0.048952989280223846,
            -0.8819098472595215,
            0.14412115514278412
        ],
        [
            0.05478866770863533,
            -0.8800294995307922,
            0.1400618553161621
        ],
        [
            0.05263948440551758,
            -0.8774706125259399,
            0.14014530181884766
        ],
        [
            0.04779288172721863,
            -0.8789472579956055,
            0.1436811238527298
        ],
        [
            0.05762997269630432,
            -0.8702312707901001,
            0.1304054707288742
        ],
        [
            0.05762629583477974,
            -0.8727289438247681,
            0.13199487328529358
        ],
        [
            0.06159203127026558,
            -0.8734749555587769,
            0.1312781274318695
        ],
        [
            0.060921479016542435,
            -0.8689365386962891,
            0.1300114244222641
        ],
        [
            0.05827692523598671,
            -0.8662469983100891,
            0.13096332550048828
        ],
        [
            0.05633276328444481,
            -0.8686540126800537,
            0.13130322098731995
        ],
        [
            0.05497906729578972,
            -0.9402154684066772,
            0.14246250689029694
        ],
        [
            0.059572018682956696,
            -0.9216662049293518,
            0.14683431386947632
        ],
        [
            0.03476264327764511,
            -0.9373279809951782,
            0.13868272304534912
        ],
        [
            0.018982812762260437,
            -0.9301995038986206,
            0.13302811980247498
        ],
        [
            0.005492538213729858,
            -0.9193879961967468,
            0.12753163278102875
        ],
        [
            0.0048454441130161285,
            -0.8161522150039673,
            0.1310315728187561
        ],
        [
            -0.0014666169881820679,
            -0.8083080053329468,
            0.12574262917041779
        ],
        [
            -0.012232877314090729,
            -0.8180928230285645,
            0.11894196271896362
        ],
        [
            -0.015285998582839966,
            -0.8083275556564331,
            0.11258720606565475
        ],
        [
            -0.0045567043125629425,
            -0.7985132932662964,
            0.12032578885555267
        ],
        [
            0.0011073686182498932,
            -0.7793228626251221,
            0.10990329086780548
        ],
        [
            -0.003789171576499939,
            -0.7881605625152588,
            0.11482775956392288
        ],
        [
            -0.015915263444185257,
            -0.798621416091919,
            0.1036505475640297
        ],
        [
            -0.02609233558177948,
            -0.8134596347808838,
            0.09431275725364685
        ],
        [
            -0.023705340921878815,
            -0.8201137781143188,
            0.10469257831573486
        ],
        [
            -0.03169732913374901,
            -0.8308080434799194,
            0.08600105345249176
        ],
        [
            -0.029499921947717667,
            -0.8065587878227234,
            0.08017966896295547
        ],
        [
            -0.03387374058365822,
            -0.8301135301589966,
            0.07663439214229584
        ],
        [
            -0.025632470846176147,
            -0.7665174603462219,
            0.07310688495635986
        ],
        [
            -0.0318436361849308,
            -0.7552037239074707,
            0.06744404137134552
        ],
        [
            -0.04333873465657234,
            -0.7640562057495117,
            0.057529792189598083
        ],
        [
            -0.038836926221847534,
            -0.7758325338363647,
            0.06446880102157593
        ],
        [
            -0.018608517944812775,
            -0.827575147151947,
            0.11315019428730011
        ],
        [
            -0.003770284354686737,
            -0.889371395111084,
            0.12382388114929199
        ],
        [
            0.004294008016586304,
            -0.8866826295852661,
            0.1321505904197693
        ],
        [
            -0.010765865445137024,
            -0.8772116303443909,
            0.12172121554613113
        ],
        [
            -0.002226904034614563,
            -0.9499107599258423,
            0.11085683107376099
        ],
        [
            0.00884818285703659,
            -0.942312479019165,
            0.1233498752117157
        ],
        [
            -0.003186173737049103,
            -0.9287312030792236,
            0.120151087641716
        ],
        [
            -0.012846730649471283,
            -0.9378939270973206,
            0.10861428827047348
        ],
        [
            0.03261268138885498,
            -0.9777016639709473,
            0.10704802721738815
        ],
        [
            0.04385867714881897,
            -0.9620198607444763,
            0.12735912203788757
        ],
        [
            0.027265071868896484,
            -0.9533324241638184,
            0.12572309374809265
        ],
        [
            0.016627945005893707,
            -0.966366171836853,
            0.11038090288639069
        ],
        [
            -0.020271018147468567,
            -0.941778302192688,
            0.09802094846963882
        ],
        [
            -0.029815994203090668,
            -0.9456119537353516,
            0.08213666081428528
        ],
        [
            -0.026214733719825745,
            -0.96135413646698,
            0.07484489679336548
        ],
        [
            -0.013182669878005981,
            -0.9580093622207642,
            0.09356772154569626
        ],
        [
            -0.013915173709392548,
            -0.9796397686004639,
            0.06382689625024796
        ],
        [
            0.0004916861653327942,
            -0.9764534831047058,
            0.08709652721881866
        ],
        [
            -0.04008606821298599,
            -0.8166474103927612,
            0.06374768167734146
        ],
        [
            -0.038254618644714355,
            -0.8358989953994751,
            0.0651230439543724
        ],
        [
            -0.032532840967178345,
            -0.7898445129394531,
            0.0727795958518982
        ],
        [
            -0.04246378317475319,
            -0.7997167110443115,
            0.06006569415330887
        ],
        [
            0.002590164542198181,
            -0.9913240671157837,
            0.051313601434230804
        ],
        [
            0.019189119338989258,
            -0.9896196126937866,
            0.07911236584186554
        ],
        [
            -0.04754938185214996,
            -0.9286948442459106,
            0.032700054347515106
        ],
        [
            -0.042647406458854675,
            -0.9453418254852295,
            0.042236343026161194
        ],
        [
            -0.04319538176059723,
            -0.9320557117462158,
            0.05829854682087898
        ],
        [
            -0.04828064888715744,
            -0.918465256690979,
            0.04789485037326813
        ],
        [
            -0.043620750308036804,
