{
    "pred_cam": [
        1.4675471782684326,
        0.08920195698738098,
        0.33600565791130066
    ],
    "pred_smpl_params": {
        "global_orient": [
            [
                [
                    -0.9852010607719421,
                    0.039918575435876846,
                    -0.16668947041034698
                ],
                [
                    -0.015117824077606201,
                    -0.9889495372772217,
                    -0.14747995138168335
                ],
                [
                    -0.17073464393615723,
                    -0.1427774280309677,
                    0.9749175906181335
                ]
            ]
        ],
        "body_pose": [
            [
                [
                    0.9966195821762085,
                    -0.06698542833328247,
                    -0.04756307601928711
                ],
                [
                    0.07420890778303146,
                    0.9824072122573853,
                    0.17137430608272552
                ],
                [
                    0.035246726125478745,
                    -0.1743246167898178,
                    0.9840571880340576
                ]
            ],
            [
                [
                    0.9995874166488647,
                    -0.027810722589492798,
                    -0.007179005537182093
                ],
                [
                    0.028591126203536987,
                    0.9395714402198792,
                    0.341156929731369
                ],
                [
                    -0.0027426332235336304,
                    -0.3412214517593384,
                    0.9399789571762085
                ]
            ],
            [
                [
                    0.9996126294136047,
                    0.020259439945220947,
                    -0.019086400046944618
                ],
                [
                    -0.023682570084929466,
                    0.9793481826782227,
                    -0.20078927278518677
                ],
                [
                    0.014624351635575294,
                    0.20116347074508667,
                    0.9794486165046692
                ]
            ],
            [
                [
                    0.981550931930542,
                    -0.08509613573551178,
                    -0.17122045159339905
                ],
                [
                    -0.14080938696861267,
                    0.2840842604637146,
                    -0.9484032988548279
                ],
                [
                    0.12934648990631104,
                    0.9550155401229858,
                    0.26686084270477295
                ]
            ],
            [
                [
                    0.9628145098686218,
                    -0.19222326576709747,
                    0.18983802199363708
                ],
                [
                    0.21240170300006866,
                    0.10434585809707642,
                    -0.971595287322998
                ],
                [
                    0.1669544130563736,
                    0.9757879376411438,
                    0.14129425585269928
                ]
            ],
            [
                [
                    0.9997859001159668,
                    0.0027942771557718515,
                    0.02050413377583027
                ],
                [
                    -0.0036357177887111902,
                    0.9991477131843567,
                    0.041115760803222656
                ],
                [
                    -0.02037177048623562,
                    -0.04118150472640991,
                    0.9989439845085144
                ]
            ],
            [
                [
                    0.9789658784866333,
                    -0.06710155308246613,
                    0.19267375767230988
                ],
                [
                    0.023150065913796425,
                    0.9748024940490723,
                    0.22186538577079773
                ],
                [
                    -0.20270636677742004,
                    -0.21273823082447052,
                    0.9558517932891846
                ]
            ],
            [
                [
                    0.9725390076637268,
                    0.16021373867988586,
                    -0.1688176691532135
                ],
                [
                    -0.11688927561044693,
                    0.963466227054596,
                    0.24097679555416107
                ],
                [
                    0.20125789940357208,
                    -0.21462637186050415,
                    0.9557357430458069
                ]
            ],
            [
                [
                    0.9999746084213257,
                    0.007005082443356514,
                    0.0012836906826123595
                ],
                [
                    -0.006954765412956476,
                    0.9993374943733215,
                    -0.035723477602005005
                ],
                [
                    -0.0015330864116549492,
                    0.035713642835617065,
                    0.9993608593940735
                ]
            ],
            [
                [
                    0.9983053803443909,
                    -0.022055644541978836,
                    -0.05385022610425949
                ],
                [
                    0.030294550582766533,
                    0.9870803952217102,
                    0.15733540058135986
                ],
                [
                    0.049684375524520874,
                    -0.1587001532316208,
                    0.9860758185386658
                ]
            ],
            [
                [
                    0.9990938901901245,
                    -0.034515053033828735,
                    -0.024899989366531372
                ],
                [
                    0.03806032985448837,
                    0.9864101409912109,
                    0.1598326712846756
                ],
                [
                    0.019044965505599976,
                    -0.1606355607509613,
                    0.9868299961090088
                ]
            ],
            [
                [
                    0.975753128528595,
                    -0.09053315967321396,
                    -0.19927234947681427
                ],
                [
                    0.11011961102485657,
                    0.9898815751075745,
                    0.08948785066604614
                ],
                [
                    0.18915443122386932,
                    -0.10926185548305511,
                    0.9758495092391968
                ]
            ],
            [
                [
                    0.8881746530532837,
                    0.458577424287796,
                    0.02919865772128105
                ],
                [
                    -0.4588288366794586,
                    0.8885219693183899,
                    0.0021920567378401756
                ],
                [
                    -0.024938421323895454,
                    -0.015344114974141121,
                    0.9995712637901306
                ]
            ],
            [
                [
                    0.904933750629425,
                    -0.42524585127830505,
                    0.01614978164434433
                ],
                [
                    0.42523542046546936,
                    0.9050728678703308,
                    0.004244394134730101
                ],
                [
                    -0.016421638429164886,
                    0.0030265632085502148,
                    0.9998605847358704
                ]
            ],
            [
                [
                    0.987442672252655,
                    -0.09272592514753342,
                    -0.1279010772705078
                ],
                [
                    0.06368899345397949,
                    0.9745697975158691,
                    -0.2148427963256836
                ],
                [
                    0.1445700228214264,
                    0.2039991021156311,
                    0.9682374000549316
                ]
            ],
            [
                [
                    0.6721416711807251,
                    0.7218911051750183,
                    -0.16461728513240814
                ],
                [
                    -0.7324362993240356,
                    0.6808171272277832,
                    -0.005013118963688612
                ],
                [
                    0.10845532268285751,
                    0.12394121289253235,
                    0.9863448143005371
                ]
            ],
            [
                [
                    0.45300379395484924,
                    -0.8651348352432251,
                    0.21524275839328766
                ],
                [
                    0.8871174454689026,
                    0.46137088537216187,
                    -0.012635036371648312
                ],
                [
                    -0.08837570995092392,
                    0.1966693103313446,
                    0.9764789342880249
                ]
            ],
            [
                [
                    0.9593033194541931,
                    -0.11539747565984726,
                    -0.25772202014923096
                ],
                [
                    0.12364479899406433,
                    0.9921980500221252,
                    0.01596955955028534
                ],
                [
                    0.25386843085289,
                    -0.04718563333153725,
                    0.9660871624946594
                ]
            ],
            [
                [
                    0.8186912536621094,
                    0.2395518720149994,
                    0.5218808650970459
                ],
                [
                    -0.1279226839542389,
                    0.9620746970176697,
                    -0.24093171954154968
                ],
                [
                    -0.5598040223121643,
                    0.1304882913827896,
                    0.8182862401008606
                ]
            ],
            [
                [
                    0.9968243837356567,
                    0.057812511920928955,
                    0.054761435836553574
                ],
                [
                    -0.04970312491059303,
                    0.9889950752258301,
                    -0.13934995234012604
                ],
                [
                    -0.06221495941281319,
                    0.1361856311559677,
                    0.988727867603302
                ]
            ],
            [
                [
                    0.996036171913147,
                    -0.04561864957213402,
                    -0.07636012881994247
                ],
                [
                    0.0411662682890892,
                    0.9974147081375122,
                    -0.05890011414885521
                ],
                [
                    0.078849658370018,
                    0.055523183196783066,
                    0.9953390955924988
                ]
            ],
            [
                [
                    0.9645656943321228,
                    0.24557103216648102,
                    -0.0964771956205368
                ],
                [
                    -0.22688353061676025,
                    0.9586523175239563,
                    0.17178340256214142
                ],
                [
                    0.1346731185913086,
                    -0.1438072919845581,
                    0.9803991317749023
                ]
            ],
            [
                [
                    0.9698872566223145,
                    -0.2223638892173767,
                    0.09936278313398361
                ],
                [
                    0.20738419890403748,
                    0.9679242968559265,
                    0.14182493090629578
                ],
                [
                    -0.1277123987674713,
                    -0.11694791913032532,
                    0.9848921895027161
                ]
            ]
        ],
        "betas": [
            -0.16333839297294617,
            -0.06091389060020447,
            0.08188208937644958,
            0.3575662672519684,
            0.11648327112197876,
            0.12958523631095886,
            -0.03208756446838379,
            -0.13119906187057495,
            0.13560056686401367,
            -0.10996884107589722
        ]
    },
    "pred_cam_t": [
        0.08920195698738098,
        0.33600565791130066,
        26.617542266845703
    ],
    "focal_length": [
        5000.0,
        5000.0
    ],
    "pred_keypoints_3d": [
        [
            0.03057236224412918,
            -0.841419517993927,
            0.1425217092037201
        ],
        [
            0.00023247580975294113,
            -0.7326669096946716,
            -0.012397415935993195
        ],
        [
            0.17942076921463013,
            -0.6292241215705872,
            0.011335447430610657
        ],
        [
            0.18564726412296295,
            -0.37828734517097473,
            7.826834917068481e-05
        ],
        [
            0.1782432198524475,
            -0.1782331019639969,
            0.15289092063903809
        ],
        [
            -0.1693735122680664,
            -0.6235023736953735,
            -0.04990085959434509
        ],
        [
            -0.22145506739616394,
            -0.3723377585411072,
            -0.07338092476129532
        ],
        [
            -0.3224073052406311,
            -0.15643224120140076,
            -0.012316476553678513
        ],
        [
            -0.0019695409573614597,
            -0.22554965317249298,
            0.0276783499866724
        ],
        [
            0.06131688132882118,
            -0.1346796452999115,
            0.047446392476558685
        ],
        [
            0.05315249040722847,
            0.20109063386917114,
            0.2204359769821167
        ],
        [
            0.02500033751130104,
            0.37741655111312866,
            -0.1294679343700409
        ],
        [
            -0.07228779792785645,
            -0.13540615141391754,
            0.02186422049999237
        ],
        [
            -0.15406236052513123,
            0.2106224149465561,
            0.12313923239707947
        ],
        [
            -0.14745672047138214,
            0.3932195007801056,
            -0.22429734468460083
        ],
        [
            0.06389868259429932,
            -0.876598596572876,
            0.10482931137084961
        ],
        [
            -8.608028292655945e-05,
            -0.8879643678665161,
            0.1176004558801651
        ],
        [
            0.08344531059265137,
            -0.8589693307876587,
            0.004993174225091934
        ],
        [
            -0.05713962763547897,
            -0.8839006423950195,
            0.03217761218547821
        ],
        [
            -0.1765700876712799,
            0.5571982860565186,
            -0.12071222066879272
        ],
        [
            -0.2367495894432068,
            0.5210343599319458,
            -0.1660858690738678
        ],
        [
            -0.15058007836341858,
            0.37185338139533997,
            -0.28978848457336426
        ],
        [
            -0.012898977845907211,
            0.5366696119308472,
            -0.01971060037612915
        ],
        [
            0.06482061743736267,
            0.5195602774620056,
            -0.05156052112579346
        ],
        [
            0.03935394436120987,
            0.3700195550918579,
            -0.19928139448165894
        ],
        [
            0.05766257643699646,
            0.333718478679657,
            -0.10319597274065018
        ],
        [
            0.05622842535376549,
            0.1501692831516266,
            0.2122325897216797
        ],
        [
            0.14727425575256348,
            -0.252219557762146,
            0.03359541296958923
        ],
        [
            -0.1421058475971222,
            -0.24128885567188263,
            -0.023964080959558487
        ],
        [
            -0.16107766330242157,
            0.17482814192771912,
            0.12124490737915039
        ],
        [
            -0.15447762608528137,
            0.3510032296180725,
            -0.21191078424453735
        ],
        [
            0.164542555809021,
            -0.20940428972244263,
            0.16311116516590118
        ],
        [
            0.21241910755634308,
            -0.3986770808696747,
            0.024681173264980316
        ],
        [
            0.1447533667087555,
            -0.6625986695289612,
            0.002832877915352583
        ],
        [
            -0.14142568409442902,
            -0.6592649817466736,
            -0.049580514430999756
        ],
        [
            -0.2591703236103058,
            -0.4026792049407959,
            -0.059891119599342346
        ],
        [
            -0.3270207643508911,
            -0.17410358786582947,
            -0.004790548235177994
        ],
        [
            -0.0008409880101680756,
            -0.7203509211540222,
            -0.011874118819832802
        ],
        [
            0.021805284544825554,
            -0.9237449765205383,
            0.034818120300769806
        ],
        [
            0.0020439664367586374,
            -0.24662154912948608,
            0.005023547448217869
        ],
        [
            0.0020687375217676163,
            -0.6599299311637878,
            -0.019970685243606567
        ],
        [
            0.005333595909178257,
            -0.48769837617874146,
            -0.02019796520471573
        ],
        [
            0.005832882598042488,
            -0.8177643418312073,
            0.0704674944281578
        ],
        [
            0.028658507391810417,
            -0.941523551940918,
            0.02503916621208191
        ]
    ],
    "pred_vertices": [
        [
            -0.003564879298210144,
            -0.9349642992019653,
            0.1189073771238327
        ],
        [
            0.0008751899003982544,
            -0.9197619557380676,
            0.12428104132413864
        ],
        [
            -0.011958647519350052,
            -0.9182398319244385,
            0.11773207783699036
        ],
        [
            -0.01720212772488594,
            -0.9302525520324707,
            0.10903806984424591
        ],
        [
            -0.00862259790301323,
            -0.908721923828125,
            0.12261606752872467
        ],
        [
            0.002621673047542572,
            -0.9081802368164062,
            0.12779968976974487
        ],
        [
            -0.021284038200974464,
            -0.9137530326843262,
            0.10860590636730194
        ],
        [
            -0.02698606625199318,
            -0.9218364953994751,
            0.09905014932155609
        ],
        [
            -0.03561561927199364,
            -0.8802255392074585,
            0.09944456815719604
        ],
        [
            -0.04181837663054466,
            -0.8759668469429016,
            0.09062298387289047
        ],
        [
            -0.039507124572992325,
            -0.8877798318862915,
            0.09237019717693329
        ],
        [
            -0.03245847672224045,
            -0.8883881568908691,
            0.10003289580345154
        ],
        [
            -0.03921706601977348,
            -0.8543281555175781,
            0.09576278179883957
        ],
        [
            -0.03299177810549736,
            -0.8443524241447449,
            0.10314089059829712
        ],
        [
            -0.038503117859363556,
            -0.8358083367347717,
            0.09392480552196503
        ],
        [
            -0.04347680136561394,
            -0.8452054262161255,
            0.08561189472675323
        ],
        [
            0.004863925278186798,
            -0.8528521060943604,
            0.12065795063972473
        ],
        [
            -0.00179368257522583,
            -0.8473110198974609,
            0.12062279134988785
        ],
        [
            -0.004538737237453461,
            -0.8544213771820068,
            0.12045222520828247
        ],
        [
            0.002702772617340088,
            -0.8591177463531494,
            0.1200798898935318
        ],
        [
            0.016687724739313126,
            -0.8605166673660278,
            0.12504813075065613
        ],
        [
            0.016060572117567062,
            -0.8660842180252075,
            0.12185407429933548
        ],
        [
            0.022209692746400833,
            -0.8691593408584595,
            0.12601281702518463
        ],
        [
            0.022073503583669662,
            -0.862943172454834,
            0.13037636876106262
        ],
        [
            0.009233500808477402,
            -0.8468667268753052,
            0.11999348551034927
        ],
        [
            0.0021284036338329315,
            -0.8411580324172974,
            0.11957641690969467
        ],
        [
            0.01077074185013771,
            -0.8576666116714478,
            0.12132933735847473
        ],
        [
            0.012258090078830719,
            -0.8525841236114502,
            0.12333351373672485
        ],
        [
            0.015807263553142548,
            -0.8462388515472412,
            0.13299159705638885
        ],
        [
            0.014930587261915207,
            -0.8510692119598389,
            0.1317216008901596
        ],
        [
            0.01964655891060829,
            -0.8515695333480835,
            0.13793250918388367
        ],
        [
            0.019834838807582855,
            -0.8460240960121155,
            0.137135848402977
        ],
        [
            0.011633433401584625,
            -0.8459669351577759,
            0.12438225746154785
        ],
        [
            0.012029550969600677,
            -0.8488513231277466,
            0.12723827362060547
        ],
        [
            0.014158878475427628,
            -0.8448238372802734,
            0.12913888692855835
        ],
        [
            0.014592260122299194,
            -0.8425388336181641,
            0.12569135427474976
        ],
        [
            0.017064418643712997,
            -0.8562261462211609,
            0.1279217153787613
        ],
        [
            0.021380417048931122,
            -0.8576008677482605,
            0.13419117033481598
        ],
        [
            0.026605717837810516,
            -0.8584558963775635,
            0.14048081636428833
        ],
        [
            0.02471437305212021,
            -0.8503314256668091,
            0.1439603567123413
        ],
        [
            -0.01575694978237152,
            -0.8356453776359558,
            0.11588218808174133
        ],
        [
            -0.008879341185092926,
            -0.8416671752929688,
            0.11949726194143295
        ],
        [
            -0.004825156182050705,
            -0.8360482454299927,
            0.11891533434391022
        ],
        [
            -0.010896623134613037,
            -0.8313493728637695,
            0.1167336031794548
        ],
        [
            0.012286335229873657,
            -0.8396708965301514,
            0.12252745032310486
        ],
        [
            0.005783349275588989,
            -0.8245651721954346,
            0.12332188338041306
        ],
        [
            0.006212800741195679,
            -0.828356921672821,
            0.12360821664333344
        ],
        [
            0.0128583163022995,
            -0.8282033205032349,
            0.1264684796333313
        ],
        [
            0.011770106852054596,
            -0.824787974357605,
            0.12613996863365173
        ],
        [
            -0.02439204975962639,
            -0.822296142578125,
            0.10765066742897034
        ],
        [
            -0.01845703087747097,
            -0.820322573184967,
            0.11143128573894501
        ],
        [
            -0.020498381927609444,
            -0.8135753870010376,
            0.10869935154914856
        ],
        [
            -0.026406362652778625,
            -0.8141087293624878,
            0.10354461520910263
        ],
        [
            -0.01978502981364727,
            -0.807517945766449,
            0.10698585212230682
        ],
        [
            -0.02728324383497238,
            -0.806114137172699,
            0.09982284903526306
        ],
        [
            -0.02087513916194439,
            -0.7910327911376953,
            0.09841388463973999
        ],
        [
            -0.024464797228574753,
            -0.7977367639541626,
            0.09887230396270752
        ],
        [
            -0.01692313700914383,
            -0.8014687299728394,
            0.10681340098381042
        ],
        [
            -0.012287873774766922,
            -0.7956701517105103,
            0.10920549929141998
        ],
        [
            0.0020877383649349213,
            -0.7982885837554932,
            0.11621184647083282
        ],
        [
            0.007790766656398773,
            -0.7961083054542542,
            0.11806134879589081
        ],
        [
            0.0008553005754947662,
            -0.7851858139038086,
            0.11638952791690826
        ],
        [
            -0.005785252898931503,
            -0.7895238399505615,
            0.11320246756076813
        ],
        [
            0.004356671124696732,
            -0.8192441463470459,
            0.11884818971157074
        ],
        [
            0.0002308860421180725,
            -0.8199819922447205,
            0.11659839749336243
        ],
        [
            0.000575527548789978,
            -0.8214423656463623,
            0.11894331872463226
        ],
        [
            0.005214415490627289,
            -0.8218083381652832,
            0.12161847949028015
        ],
        [
            -0.00348006933927536,
            -0.8203168511390686,
            0.1152440756559372
        ],
        [
            -0.005225498229265213,
            -0.8203166723251343,
            0.11475932598114014
        ],
        [
            -0.004618000239133835,
            -0.8215411305427551,
            0.11596837639808655
        ],
        [
            -0.003091581165790558,
            -0.8210822343826294,
            0.11593343317508698
        ],
        [
            -0.001194685697555542,
            -0.820404052734375,
            0.11624227464199066
        ],
        [
            -0.0005377121269702911,
            -0.8183456659317017,
            0.11645711958408356
        ],
        [
            -0.0027352385222911835,
            -0.8193908929824829,
            0.11558094620704651
        ],
        [
            0.0031095780432224274,
            -0.8169397115707397,
            0.11872144788503647
        ],
        [
            0.015797819942235947,
            -0.8121501207351685,
            0.12461110204458237
        ],
        [
            0.012026581913232803,
            -0.8136609196662903,
            0.12372605502605438
        ],
        [
            0.014036566019058228,
            -0.8177764415740967,
            0.12279302626848221
        ],
        [
            0.017301850020885468,
            -0.8167366981506348,
            0.12347405403852463
        ],
        [
            -0.0023165978491306305,
            -0.8227764368057251,
            0.11762015521526337
        ],
        [
            -0.004717599600553513,
            -0.8250218629837036,
            0.11744651943445206
        ],
        [
            -0.00015892833471298218,
            -0.8270377516746521,
            0.12039551138877869
        ],
        [
            0.00039800629019737244,
            -0.8241630792617798,
            0.11957409977912903
        ],
        [
            -0.0070347972214221954,
            -0.8273359537124634,
            0.11771024018526077
        ],
        [
            -0.00672062486410141,
            -0.8230558633804321,
            0.11571653187274933
        ],
        [
            -0.009699936956167221,
            -0.8239495754241943,
            0.11547567695379257
        ],
        [
            -0.0050041452050209045,
            -0.8185043931007385,
            0.1146308034658432
        ],
        [
            -0.00810963660478592,
            -0.8172844052314758,
            0.11351783573627472
        ],
        [
            -0.008049782365560532,
            -0.8199460506439209,
            0.1146521121263504
        ],
        [
            -0.0066605620086193085,
            -0.8137838840484619,
            0.1135854721069336
        ],
        [
            -0.002803899347782135,
            -0.8162426352500916,
            0.1153116524219513
        ],
        [
            0.000626780092716217,
            -0.8138656616210938,
            0.11751854419708252
        ],
        [
            0.005281645804643631,
            -0.8114965558052063,
            0.1203138530254364
        ],
        [
            0.0016655176877975464,
            -0.8071936368942261,
            0.11758958548307419
        ],
        [
            -0.0032525062561035156,
            -0.8102879524230957,
            0.115245521068573
        ],
        [
            -0.0015748962759971619,
            -0.8308238387107849,
            0.12000583112239838
        ],
        [
            -0.012510649859905243,
            -0.8200205564498901,
            0.11328624188899994
        ],
        [
            -0.014906186610460281,
            -0.8268471956253052,
            0.1138790026307106
        ],
        [
            -0.013387870043516159,
            -0.8152943253517151,
            0.11203250288963318
        ],
        [
            -0.01220037043094635,
            -0.8105850219726562,
            0.11124178767204285
        ],
        [
            -0.009317900985479355,
            -0.8060010671615601,
            0.1117626503109932
        ],
        [
            -0.0036717168986797333,
            -0.8018786907196045,
            0.11413677036762238
        ],
        [
            -0.004670165479183197,
            -0.7774353623390198,
            0.10531874001026154
        ],
        [
            -0.012797083705663681,
            -0.783460795879364,
            0.10242901742458344
        ],
        [
            0.0034325048327445984,
            -0.9010007381439209,
            0.12477618455886841
        ],
        [
            -0.005717802792787552,
            -0.9014807939529419,
            0.12321677058935165
        ],
        [
            -0.007983259856700897,
            -0.8941782116889954,
            0.11827873438596725
        ],
        [
            -0.009447604417800903,
            -0.897301435470581,
            0.11841534078121185
        ],
        [
            -0.0035959072411060333,
            -0.89702308177948,
            0.12116539478302002
        ],
        [
            -0.003593768924474716,
            -0.8943560123443604,
            0.12018735706806183
        ],
        [
            -0.024746013805270195,
            -0.8895467519760132,
            0.10500261187553406
        ],
        [
            -0.018963269889354706,
            -0.8904238939285278,
            0.10884947329759598
        ],
        [
            -0.0202608834952116,
            -0.8867259621620178,
            0.10741540789604187
        ],
        [
            -0.027707282453775406,
            -0.8832899928092957,
            0.10449645668268204
        ],
        [
            -0.01322142779827118,
            -0.8777546882629395,
            0.11343537271022797
        ],
        [
            -0.017728019505739212,
            -0.8797792792320251,
            0.11079640686511993
        ],
        [
            -0.012441348284482956,
            -0.8857492208480835,
            0.11301878094673157
        ],
        [
            -0.009177491068840027,
            -0.8843215703964233,
            0.11505508422851562
        ],
        [
            -0.0053244344890117645,
            -0.8831442594528198,
            0.11656215041875839
        ],
        [
            -0.0010532066226005554,
            -0.8824505805969238,
            0.11717599630355835
        ],
        [
            -0.0021913088858127594,
            -0.8771745562553406,
            0.11650712788105011
        ],
        [
            -0.007582046091556549,
            -0.877113938331604,
            0.11543169617652893
        ],
        [
            0.003160681575536728,
            -0.8970737457275391,
            0.12187217175960541
        ],
        [
            0.010074228048324585,
            -0.8952380418777466,
            0.12026727199554443
        ],
        [
            0.008134257048368454,
            -0.8925454616546631,
            0.11986313760280609
        ],
        [
            0.002315133810043335,
            -0.894007682800293,
            0.12134687602519989
        ],
        [
            0.01634354516863823,
            -0.8848038911819458,
            0.11327402293682098
        ],
        [
            0.01571892946958542,
            -0.8874133825302124,
            0.11450175940990448
        ],
        [
            0.019618213176727295,
            -0.8883194327354431,
            0.11514381319284439
        ],
        [
            0.01957092434167862,
            -0.8836801052093506,
            0.11418552696704865
        ],
        [
            0.01687285676598549,
            -0.8809305429458618,
            0.11445311456918716
        ],
        [
            0.014879457652568817,
            -0.8832442760467529,
            0.1138441190123558
        ],
        [
            0.00785791501402855,
            -0.9549417495727539,
            0.11667448282241821
        ],
        [
            0.011570330709218979,
            -0.9372434616088867,
            0.12421023845672607
        ],
        [
            -0.009558208286762238,
            -0.9506381750106812,
            0.10654591023921967
        ],
        [
            -0.022184226661920547,
            -0.9421535730361938,
            0.09663991630077362
        ],
        [
            -0.03276690095663071,
            -0.9301893711090088,
            0.08807218074798584
        ],
        [
            -0.03158371523022652,
            -0.8277957439422607,
            0.10154838860034943
        ],
        [
            -0.03533878177404404,
            -0.819206953048706,
            0.09537598490715027
        ],
        [
            -0.04334951937198639,
            -0.8276800513267517,
            0.08450829237699509
        ],
        [
            -0.043718524277210236,
            -0.8172828555107117,
            0.07879158854484558
        ],
        [
            -0.035902731120586395,
            -0.8087953329086304,
            0.09055033326148987
        ],
        [
            -0.026239629834890366,
            -0.7889970541000366,
            0.08494032919406891
        ],
        [
            -0.032929692417383194,
            -0.7980533242225647,
            0.08699782192707062
        ],
        [
            -0.04110163822770119,
            -0.8067979216575623,
            0.07166054844856262
        ],
        [
            -0.048237405717372894,
            -0.8202289342880249,
            0.057988155633211136
        ],
        [
            -0.04924424737691879,
            -0.8277571201324463,
            0.0673990324139595
        ],
        [
            -0.0512155257165432,
            -0.8363890647888184,
            0.04645463079214096
        ],
        [
            -0.04629168286919594,
            -0.812102198600769,
            0.04490315169095993
        ],
        [
            -0.04990555718541145,
            -0.834929347038269,
            0.037255994975566864
        ],
        [
            -0.03818061202764511,
            -0.7723160982131958,
            0.044673316180706024
        ],
        [
            -0.042282577604055405,
            -0.7603457570075989,
            0.039478205144405365
        ],
        [
            -0.05177084356546402,
            -0.7681472897529602,
            0.026345742866396904
        ],
        [
            -0.049120210111141205,
            -0.7804826498031616,
            0.03203897550702095
        ],
        [
            -0.0477747842669487,
            -0.8362693190574646,
            0.07594551891088486
        ],
        [
            -0.03944968804717064,
            -0.8995020389556885,
            0.08452636003494263
        ],
        [
            -0.03440780192613602,
            -0.8980029821395874,
            0.09522278606891632
        ],
        [
            -0.0444057434797287,
            -0.8867809176445007,
            0.08135601878166199
        ],
        [
            -0.03527434170246124,
            -0.9585521221160889,
            0.06691567599773407
        ],
        [
            -0.028948279097676277,
            -0.9528341889381409,
            0.08305022120475769
        ],
        [
            -0.03860482573509216,
            -0.9383370280265808,
            0.07737363874912262
        ],
        [
            -0.043969132006168365,
            -0.9458400011062622,
            0.062458448112010956
        ],
        [
            -0.0019848011434078217,
            -0.9879103899002075,
            0.07242560386657715
        ],
        [
            0.0018695667386054993,
            -0.9746837615966797,
            0.09672175347805023
        ],
        [
            -0.01271592453122139,
            -0.9649851322174072,
            0.0904303640127182
        ],
        [
            -0.017716076225042343,
            -0.9759643077850342,
            0.0712188184261322
        ],
        [
            -0.04754225164651871,
            -0.9482923746109009,
            0.049616944044828415
        ],
        [
            -0.05094265192747116,
            -0.9501906037330627,
            0.031216364353895187
        ],
        [
            -0.04562081769108772,
            -0.9654091596603394,
            0.02404618263244629
        ],
        [
            -0.03977787867188454,
            -0.9645035266876221,
            0.046300120651721954
        ],
        [
            -0.030890997499227524,
            -0.9834909439086914,
            0.016069911420345306
        ],
        [
            -0.025149371474981308,
            -0.9831069707870483,
            0.04303818941116333
        ],
        [
            -0.05127755552530289,
            -0.8205421566963196,
            0.025245897471904755
        ],
        [
            -0.05035696178674698,
            -0.8395883440971375,
            0.02449968084692955
        ],
        [
            -0.04567355290055275,
            -0.7950892448425293,
            0.039464257657527924
        ],
        [
            -0.05223698168992996,
            -0.8034945130348206,
            0.023687686771154404
        ],
        [
            -0.011485975235700607,
            -0.9951958656311035,
            0.00874079018831253
        ],
        [
            -0.005329884588718414,
            -0.9967420101165771,
            0.04058532044291496
        ],
        [
            -0.05046992748975754,
            -0.9282017350196838,
            -0.019250430166721344
        ],
        [
            -0.04938768967986107,
            -0.9458013772964478,
            -0.0103984996676445
        ],
        [
            -0.055048804730176926,
            -0.9338698387145996,
            0.005745381116867065
        ],
