{
    "pred_cam": [
        1.462663173675537,
        0.08281084150075912,
        0.33653947710990906
    ],
    "pred_smpl_params": {
        "global_orient": [
            [
                [
                    -0.9464213848114014,
                    0.06959538161754608,
                    -0.31534579396247864
                ],
                [
                    -0.012657961808145046,
                    -0.9837459921836853,
                    -0.17911890149116516
                ],
                [
                    -0.32268601655960083,
                    -0.16553033888339996,
                    0.9319191575050354
                ]
            ]
        ],
        "body_pose": [
            [
                [
                    0.9946130514144897,
                    -0.052325908094644547,
                    -0.08948183804750443
                ],
                [
                    0.0668039619922638,
                    0.9836319088935852,
                    0.16734853386878967
                ],
                [
                    0.07926052063703537,
                    -0.17242476344108582,
                    0.9818286895751953
                ]
            ],
            [
                [
                    0.9964887499809265,
                    -0.007080120500177145,
                    -0.08342640846967697
                ],
                [
                    0.02837490849196911,
                    0.9660099744796753,
                    0.2569427192211151
                ],
                [
                    0.07877156138420105,
                    -0.2584077715873718,
                    0.96281898021698
                ]
            ],
            [
                [
                    0.9990172982215881,
                    0.014767593704164028,
                    0.04179003834724426
                ],
                [
                    -0.0071639372035861015,
                    0.9842642545700073,
                    -0.17655716836452484
                ],
                [
                    -0.04373977333307266,
                    0.1760842651128769,
                    0.9834027886390686
                ]
            ],
            [
                [
                    0.9723544120788574,
                    -0.1446770429611206,
                    -0.1832900494337082
                ],
                [
                    -0.10777188092470169,
                    0.41828715801239014,
                    -0.9018985033035278
                ],
                [
                    0.20715191960334778,
                    0.8967186808586121,
                    0.3911312520503998
                ]
            ],
            [
                [
                    0.9512138366699219,
                    -0.2648591995239258,
                    0.15824639797210693
                ],
                [
                    0.21542970836162567,
                    0.20299343764781952,
                    -0.9551877975463867
                ],
                [
                    0.220867320895195,
                    0.9426787495613098,
                    0.2501487135887146
                ]
            ],
            [
                [
                    0.9976070523262024,
                    0.025561805814504623,
                    0.06424018740653992
                ],
                [
                    -0.02808425948023796,
                    0.9988571405410767,
                    0.03867460787296295
                ],
                [
                    -0.0631781741976738,
                    -0.04038619622588158,
                    0.9971848130226135
                ]
            ],
            [
                [
                    0.9790926575660706,
                    -0.04202916473150253,
                    0.199025496840477
                ],
                [
                    0.009623214602470398,
                    0.9868965744972229,
                    0.16106681525707245
                ],
                [
                    -0.20318709313869476,
                    -0.15578407049179077,
                    0.966667652130127
                ]
            ],
            [
                [
                    0.9728374481201172,
                    0.1546415239572525,
                    -0.17225933074951172
                ],
                [
                    -0.11227849870920181,
                    0.9659567475318909,
                    0.23306889832019806
                ],
                [
                    0.20243719220161438,
                    -0.20739713311195374,
                    0.9570817947387695
                ]
            ],
            [
                [
                    0.9987253546714783,
                    0.017764106392860413,
                    0.04724526405334473
                ],
                [
                    -0.015589621849358082,
                    0.9988197088241577,
                    -0.04600225016474724
                ],
                [
                    -0.04800668731331825,
                    0.04520707577466965,
                    0.9978234767913818
                ]
            ],
            [
                [
                    0.9973620772361755,
                    -0.05284007638692856,
                    -0.04976758733391762
                ],
                [
                    0.05879528447985649,
                    0.9901596903800964,
                    0.12699173390865326
                ],
                [
                    0.04256760701537132,
                    -0.12958283722400665,
                    0.990654468536377
                ]
            ],
            [
                [
                    0.9985246658325195,
                    -0.046698980033397675,
                    -0.02771100215613842
                ],
                [
                    0.05004614591598511,
                    0.9894595742225647,
                    0.13588686287403107
                ],
                [
                    0.02107313834130764,
                    -0.13707317411899567,
                    0.9903368949890137
                ]
            ],
            [
                [
                    0.9981192946434021,
                    -0.021104419603943825,
                    0.05755387619137764
                ],
                [
                    0.015269488096237183,
                    0.9948703050613403,
                    0.10000000894069672
                ],
                [
                    -0.059369079768657684,
                    -0.09893312305212021,
                    0.9933214783668518
                ]
            ],
            [
                [
                    0.8997584581375122,
                    0.4358867406845093,
                    0.020917557179927826
                ],
                [
                    -0.4363718628883362,
                    0.8991067409515381,
                    0.03444751352071762
                ],
                [
                    -0.003791903844103217,
                    -0.040122274309396744,
                    0.9991875886917114
                ]
            ],
            [
                [
                    0.9052006006240845,
                    -0.42392706871032715,
                    0.029961809515953064
                ],
                [
                    0.4238804280757904,
                    0.9056810140609741,
                    0.008205129764974117
                ],
                [
                    -0.03061421774327755,
                    0.005272936541587114,
                    0.9995173811912537
                ]
            ],
            [
                [
                    0.9998177289962769,
                    0.011576302349567413,
                    0.015178123489022255
                ],
                [
                    -0.0075116450898349285,
                    0.9695741534233093,
                    -0.2446826696395874
                ],
                [
                    -0.01754884049296379,
                    0.24452409148216248,
                    0.9694843888282776
                ]
            ],
            [
                [
                    0.6683595776557922,
                    0.7156317234039307,
                    -0.20289577543735504
                ],
                [
                    -0.7305119633674622,
                    0.6828961968421936,
                    0.0022548444103449583
                ],
                [
                    0.1401703804731369,
                    0.14671073853969574,
                    0.9791978001594543
                ]
            ],
            [
                [
                    0.44952669739723206,
                    -0.8702208399772644,
                    0.20159707963466644
                ],
                [
                    0.8831538558006287,
                    0.4668348431587219,
                    0.045874856412410736
                ],
                [
                    -0.13403381407260895,
                    0.15741926431655884,
                    0.9783936142921448
                ]
            ],
            [
                [
                    0.9602651596069336,
                    -0.08644746989011765,
                    -0.2653632164001465
                ],
                [
                    0.09206806868314743,
                    0.9957139492034912,
                    0.008791077882051468
                ],
                [
                    0.26346588134765625,
                    -0.0328732505440712,
                    0.9641084671020508
                ]
            ],
            [
                [
                    0.8730379343032837,
                    0.2174762338399887,
                    0.43647316098213196
                ],
                [
                    -0.1665603220462799,
                    0.9742060899734497,
                    -0.1522502899169922
                ],
                [
                    -0.4583256244659424,
                    0.06022116541862488,
                    0.8867417573928833
                ]
            ],
            [
                [
                    0.9965404272079468,
                    0.05834779888391495,
                    0.05918465182185173
                ],
                [
                    -0.05183839797973633,
                    0.9930016398429871,
                    -0.1061154305934906
                ],
                [
                    -0.06496205925941467,
                    0.1026802659034729,
                    0.9925909638404846
                ]
            ],
            [
                [
                    0.9935511946678162,
                    -0.07370082288980484,
                    -0.0861644372344017
                ],
                [
                    0.07008436322212219,
                    0.9965580701828003,
                    -0.04427306726574898
                ],
                [
                    0.08913084119558334,
                    0.03794877603650093,
                    0.9952967166900635
                ]
            ],
            [
                [
                    0.9698726534843445,
                    0.21979668736457825,
                    -0.10505479574203491
                ],
                [
                    -0.20177072286605835,
                    0.9664117097854614,
                    0.1591760367155075
                ],
                [
                    0.13651254773139954,
                    -0.13318349421024323,
                    0.9816448092460632
                ]
            ],
            [
                [
                    0.9705398082733154,
                    -0.22059473395347595,
                    0.0969039723277092
                ],
                [
                    0.20600979030132294,
                    0.9683313369750977,
                    0.14104771614074707
                ],
                [
                    -0.12494953721761703,
                    -0.11692927032709122,
                    0.9852488040924072
                ]
            ]
        ],
        "betas": [
            -0.18979552388191223,
            -0.12219351530075073,
            0.18819257616996765,
            0.5409035086631775,
            0.14243316650390625,
            0.1136946752667427,
            -0.03874099254608154,
            -0.11688128113746643,
            0.11171526461839676,
            -0.12900644540786743
        ]
    },
    "pred_cam_t": [
        0.08281084150075912,
        0.33653947710990906,
        26.706422805786133
    ],
    "focal_length": [
        5000.0,
        5000.0
    ],
    "pred_keypoints_3d": [
        [
            -0.0747355967760086,
            -0.8508484363555908,
            0.0917842835187912
        ],
        [
            0.010593158192932606,
            -0.7353680729866028,
            -0.03655504435300827
        ],
        [
            0.1750493347644806,
            -0.6369642019271851,
            0.04704638570547104
        ],
        [
            0.1798480898141861,
            -0.38758385181427,
            0.062419090420007706
        ],
        [
            0.15022888779640198,
            -0.18899288773536682,
            0.2122342735528946
        ],
        [
            -0.14007334411144257,
            -0.6217167377471924,
            -0.11690232902765274
        ],
        [
            -0.1941516399383545,
            -0.37167856097221375,
            -0.13024507462978363
        ],
        [
            -0.3093931972980499,
            -0.1631487011909485,
            -0.07390094548463821
        ],
        [
            -0.0020418227650225163,
            -0.2276599258184433,
            0.0278229508548975
        ],
        [
            0.056559231132268906,
            -0.13721692562103271,
            0.06015267223119736
        ],
        [
            0.03563644737005234,
            0.20610693097114563,
            0.21094191074371338
        ],
        [
            -6.230175495147705e-05,
            0.38995492458343506,
            -0.1314954161643982
        ],
        [
            -0.07128885388374329,
            -0.1375080943107605,
            0.014116992242634296
        ],
        [
            -0.16521970927715302,
            0.20324483513832092,
            0.11407219618558884
        ],
        [
            -0.15662851929664612,
            0.43694794178009033,
            -0.1979978084564209
        ],
        [
            -0.030936243012547493,
            -0.8919675946235657,
            0.08047806471586227
        ],
        [
            -0.08791148662567139,
            -0.8904045224189758,
            0.046705957502126694
        ],
        [
            0.05379977822303772,
            -0.878313422203064,
            0.020370371639728546
        ],
        [
            -0.07206501066684723,
            -0.876114547252655,
            -0.052857451140880585
        ],
        [
            -0.2005254179239273,
            0.5899282693862915,
            -0.08202016353607178
        ],
        [
            -0.2557647228240967,
            0.5539853572845459,
            -0.13410142064094543
        ],
        [
            -0.1547081172466278,
            0.42347925901412964,
            -0.2658246159553528
        ],
        [
            -0.04363110288977623,
            0.5455542802810669,
            -0.018992960453033447
        ],
        [
            0.03480955958366394,
            0.5321945548057556,
            -0.05108988285064697
        ],
        [
            0.014008991420269012,
            0.38455379009246826,
            -0.20118850469589233
        ],
        [
            0.0344872921705246,
            0.34697049856185913,
            -0.10641713440418243
        ],
        [
            0.04045752435922623,
            0.15341880917549133,
            0.20545737445354462
        ],
        [
            0.14371635019779205,
            -0.2542184591293335,
            0.05746856704354286
        ],
        [
            -0.1320885419845581,
            -0.24242377281188965,
            -0.04501258581876755
        ],
        [
            -0.1707732081413269,
            0.16640770435333252,
            0.10985966771841049
        ],
        [
            -0.16117346286773682,
            0.3935343623161316,
            -0.19254162907600403
        ],
        [
            0.13409917056560516,
            -0.2194547802209854,
            0.21974781155586243
        ],
        [
            0.20060348510742188,
            -0.4099867343902588,
            0.09038028120994568
        ],
        [
            0.14271624386310577,
            -0.6697595715522766,
            0.028226586058735847
        ],
        [
            -0.11411618441343307,
            -0.6568831205368042,
            -0.11194951087236404
        ],
        [
            -0.2335008829832077,
            -0.4035818576812744,
            -0.1302591860294342
        ],
        [
            -0.3158990740776062,
            -0.18111129105091095,
            -0.06961913406848907
        ],
        [
            0.009406207129359245,
            -0.7227174043655396,
            -0.03711910545825958
        ],
        [
            -0.022386420518159866,
            -0.9302180409431458,
            -0.005528677254915237
        ],
        [
            0.0052801091223955154,
            -0.2482576221227646,
            0.006068882532417774
        ],
        [
            0.014351781457662582,
            -0.6623073816299438,
            -0.03860057145357132
        ],
        [
            0.018506990745663643,
            -0.49044269323349,
            -0.02740981988608837
        ],
        [
            -0.04094138368964195,
            -0.8224726319313049,
            0.024035170674324036
        ],
        [
            -0.013986339792609215,
            -0.9489058256149292,
            -0.01098673976957798
        ]
    ],
    "pred_vertices": [
        [
            -0.09781691431999207,
            -0.9362373352050781,
            0.040305379778146744
        ],
        [
            -0.09565833956003189,
            -0.9221587181091309,
            0.049081724137067795
        ],
        [
            -0.10027299076318741,
            -0.9181098937988281,
            0.036209575831890106
        ],
        [
            -0.10093016922473907,
            -0.9287477731704712,
            0.02476172335445881
        ],
        [
            -0.09995897859334946,
            -0.9094018936157227,
            0.04327411949634552
        ],
        [
            -0.09510254859924316,
            -0.9109422564506531,
            0.05427916720509529
        ],
        [
            -0.10068981349468231,
            -0.9118337035179138,
            0.023986969143152237
        ],
        [
            -0.10030949115753174,
            -0.9186396598815918,
            0.011815005913376808
        ],
        [
            -0.10055714845657349,
            -0.8759346008300781,
            0.011756512336432934
        ],
        [
            -0.09893866628408432,
            -0.8708189129829407,
            0.0017391378059983253
        ],
        [
            -0.09939488023519516,
            -0.8829641938209534,
            0.0032311677932739258
        ],
        [
            -0.09938417375087738,
            -0.884687066078186,
            0.013430865481495857
        ],
        [
            -0.09722398221492767,
            -0.8499468564987183,
            0.010307766497135162
        ],
        [
            -0.09611984342336655,
            -0.8412846326828003,
            0.02094203233718872
        ],
        [
            -0.09294280409812927,
            -0.8319205045700073,
            0.011834755539894104
        ],
        [
            -0.09249785542488098,
            -0.8401522040367126,
            0.0011373423039913177
        ],
        [
            -0.08100895583629608,
            -0.8570095896720886,
            0.05682402476668358
        ],
        [
            -0.0848756730556488,
            -0.8502860069274902,
            0.05327882617712021
        ],
        [
            -0.08785559237003326,
            -0.8566938042640686,
            0.05043007433414459
        ],
        [
            -0.08312878012657166,
            -0.8626999855041504,
            0.05415698140859604
        ],
        [
            -0.07631099224090576,
            -0.8669226169586182,
            0.06702178716659546
        ],
        [
            -0.07546496391296387,
            -0.8722542524337769,
            0.06350129842758179
        ],
        [
            -0.07427987456321716,
            -0.8764834403991699,
            0.07024212926626205
        ],
        [
            -0.07631813734769821,
            -0.8703797459602356,
            0.07424035668373108
        ],
        [
            -0.07651783525943756,
            -0.8519959449768066,
            0.059932906180620193
        ],
        [
            -0.08037520200014114,
            -0.8450536727905273,
            0.05583181977272034
        ],
        [
            -0.07801898568868637,
            -0.8628774285316467,
            0.06053880229592323
        ],
        [
            -0.07713894546031952,
            -0.8582777976989746,
            0.06385044753551483
        ],
        [
            -0.08017698675394058,
            -0.8527594208717346,
            0.07434231042861938
        ],
        [
            -0.08075298368930817,
            -0.857315182685852,
            0.07217870652675629
        ],
        [
            -0.08153659105300903,
            -0.8586968183517456,
            0.07984545826911926
        ],
        [
            -0.08003576099872589,
            -0.853243887424469,
            0.08008840680122375
        ],
        [
            -0.07741568982601166,
            -0.851581335067749,
            0.06507188826799393
        ],
        [
            -0.07949862629175186,
            -0.8545472025871277,
            0.06712722778320312
        ],
        [
            -0.07857935130596161,
            -0.8510112762451172,
            0.07046571373939514
        ],
        [
            -0.07556091994047165,
            -0.8488119840621948,
            0.06846078485250473
        ],
        [
            -0.07729484140872955,
            -0.8627654910087585,
            0.06992775201797485
        ],
        [
            -0.07863760739564896,
            -0.8649803996086121,
            0.07732822746038437
        ],
        [
            -0.07912106812000275,
            -0.8668390512466431,
            0.0853700339794159
        ],
        [
            -0.08141423016786575,
            -0.8584597110748291,
            0.08795252442359924
        ],
        [
            -0.09035329520702362,
            -0.8361599445343018,
            0.042610883712768555
        ],
        [
            -0.0885511115193367,
            -0.8433740139007568,
            0.04866405948996544
        ],
        [
            -0.08423617482185364,
            -0.8387025594711304,
            0.0516187883913517
        ],
        [
            -0.08659501373767853,
            -0.8329153656959534,
            0.046846628189086914
        ],
        [
            -0.07456392794847488,
            -0.8455921411514282,
            0.06501279771327972
        ],
        [
            -0.07746520638465881,
            -0.8295275568962097,
            0.06376591324806213
        ],
        [
            -0.0778660774230957,
            -0.8333358764648438,
            0.06364810466766357
        ],
        [
            -0.07491487264633179,
            -0.8344845771789551,
            0.07013410329818726
        ],
        [
            -0.07499915361404419,
            -0.8309065699577332,
            0.0697261244058609
        ],
        [
            -0.08940278738737106,
            -0.8214641809463501,
            0.03291758894920349
        ],
        [
            -0.08705707639455795,
            -0.8206868171691895,
            0.03972039371728897
        ],
        [
            -0.08577245473861694,
            -0.8137279748916626,
            0.03743918985128403
        ],
        [
            -0.08688502013683319,
            -0.8131933212280273,
            0.029939834028482437
        ],
        [
            -0.08295562118291855,
            -0.808079719543457,
            0.03783034533262253
        ],
        [
            -0.08367919921875,
            -0.8053776025772095,
            0.028071027249097824
        ],
        [
            -0.07560235261917114,
            -0.7916754484176636,
            0.033424247056245804
        ],
        [
            -0.0796298012137413,
            -0.7976815700531006,
            0.030489904806017876
        ],
        [
            -0.07974231243133545,
            -0.8026593923568726,
            0.040472716093063354
        ],
        [
            -0.0769190564751625,
            -0.7977313995361328,
            0.046077243983745575
        ],
        [
            -0.07166126370429993,
            -0.8029394149780273,
            0.05969260632991791
        ],
        [
            -0.068259596824646,
            -0.8019531965255737,
            0.06502030789852142
        ],
        [
            -0.0704907551407814,
            -0.7898236513137817,
            0.06107323616743088
        ],
        [
            -0.07382675260305405,
            -0.792883038520813,
            0.054098427295684814
        ],
        [
            -0.07509295642375946,
            -0.8239500522613525,
            0.06012875959277153
        ],
        [
            -0.0767790749669075,
            -0.8238672018051147,
            0.05566796660423279
        ],
        [
            -0.07831618934869766,
            -0.8253581523895264,
            0.05740822106599808
        ],
        [
            -0.07674875855445862,
            -0.826619565486908,
            0.062329404056072235
        ],
        [
            -0.07861999422311783,
            -0.8235197067260742,
            0.05215432867407799
        ],
        [
            -0.07955576479434967,
            -0.8231948614120483,
            0.0506461039185524
        ],
        [
            -0.08013111352920532,
            -0.824495792388916,
            0.05176294967532158
        ],
        [
            -0.07897686958312988,
            -0.8242759704589844,
            0.05271462723612785
        ],
        [
            -0.07768577337265015,
            -0.8239741325378418,
            0.0542902871966362
        ],
        [
            -0.07701088488101959,
            -0.8220728635787964,
            0.05520772933959961
        ],
        [
            -0.07814332842826843,
            -0.8227400183677673,
            0.05304807052016258
        ],
        [
            -0.0756453275680542,
            -0.8213781714439392,
            0.05948624014854431
        ],
        [
            -0.06896230578422546,
            -0.8192880749702454,
            0.07292991876602173
        ],
        [
            -0.07181994616985321,
            -0.8199137449264526,
            0.0694914311170578
        ],
        [
            -0.07032429426908493,
            -0.8243614435195923,
            0.06943158805370331
        ],
        [
            -0.0677756816148758,
            -0.8241004943847656,
            0.07238572835922241
        ],
        [
            -0.07946805655956268,
            -0.8261431455612183,
            0.054428618401288986
        ],
        [
            -0.08168704062700272,
            -0.8278912305831909,
            0.052310504019260406
        ],
        [
            -0.08061336725950241,
            -0.8307229280471802,
            0.05714549124240875
        ],
        [
            -0.07924816012382507,
            -0.8280129432678223,
            0.057369038462638855
        ],
        [
            -0.08389045298099518,
            -0.8296787738800049,
            0.050581131130456924
        ],
        [
            -0.08169598132371902,
            -0.8255984783172607,
            0.049978107213974
        ],
        [
            -0.08351704478263855,
            -0.8259764909744263,
            0.04793243110179901
        ],
        [
            -0.07900425791740417,
            -0.8214693069458008,
            0.0509713739156723
        ],
        [
            -0.0802992507815361,
            -0.8197324872016907,
            0.048283159732818604
        ],
        [
            -0.08145049214363098,
            -0.822340726852417,
            0.048757947981357574
        ],
        [
            -0.07879124581813812,
            -0.8165402412414551,
            0.04985130578279495
        ],
        [
            -0.07751886546611786,
            -0.8196494579315186,
            0.05326715111732483
        ],
        [
            -0.07614266127347946,
            -0.8179372549057007,
            0.05752861872315407
        ],
        [
            -0.0742388665676117,
            -0.8164699077606201,
            0.06296446174383163
        ],
        [
            -0.07434003055095673,
            -0.8115861415863037,
            0.05919736996293068
        ],
        [
            -0.07690054178237915,
            -0.8137068748474121,
            0.053853731602430344
        ],
        [
            -0.08155137300491333,
            -0.8342629671096802,
            0.05549461394548416
        ],
        [
            -0.08383587002754211,
            -0.821556806564331,
            0.04485684633255005
        ],
        [
            -0.08703599870204926,
            -0.8277227878570557,
            0.042842209339141846
        ],
        [
            -0.0829169899225235,
            -0.8167744874954224,
            0.04408203810453415
        ],
        [
            -0.08081299811601639,
            -0.8123987913131714,
            0.04504118487238884
        ],
        [
            -0.07803282886743546,
            -0.8085031509399414,
            0.04830386862158775
        ],
        [
            -0.07510405778884888,
            -0.80539870262146,
            0.054025668650865555
        ],
        [
            -0.06591899693012238,
            -0.781131386756897,
            0.05044561251997948
        ],
        [
            -0.0709603875875473,
            -0.7856507301330566,
            0.042645081877708435
        ],
        [
            -0.0917728990316391,
            -0.9040026664733887,
            0.053113825619220734
        ],
        [
            -0.0974341481924057,
            -0.9026724100112915,
            0.04615950584411621
        ],
        [
            -0.09487251937389374,
            -0.8950008749961853,
            0.04186997562646866
        ],
        [
            -0.09688857197761536,
            -0.8976959586143494,
            0.0403997004032135
        ],
        [
            -0.09384822845458984,
            -0.8987241983413696,
            0.04644325003027916
        ],
        [
            -0.09299062937498093,
            -0.8960026502609253,
            0.04607555642724037
        ],
        [
            -0.09753675758838654,
            -0.8871646523475647,
            0.021658791229128838
        ],
        [
            -0.09602862596511841,
            -0.8891354203224182,
            0.028131913393735886
        ],
        [
            -0.09530536085367203,
            -0.8853113651275635,
            0.026730990037322044
        ],
        [
            -0.0984058529138565,
            -0.8804810643196106,
            0.02021350897848606
        ],
        [
            -0.09278999269008636,
            -0.877913236618042,
            0.036839865148067474
        ],
        [
            -0.09459438174962997,
            -0.8790343403816223,
            0.03175225853919983
        ],
        [
            -0.09320072829723358,
            -0.8858441114425659,
            0.03595450520515442
        ],
        [
            -0.09198828786611557,
            -0.8850746154785156,
            0.0397137776017189
        ],
        [
            -0.08991733193397522,
            -0.8847039341926575,
            0.04344784840941429
        ],
        [
            -0.08702965080738068,
            -0.8849231004714966,
            0.04677407443523407
        ],
        [
            -0.08667688071727753,
            -0.8794962167739868,
            0.046213939785957336
        ],
        [
            -0.08990786969661713,
            -0.8783649206161499,
            0.0419333279132843
        ],
        [
            -0.0894317626953125,
            -0.9000704288482666,
            0.05114000663161278
        ],
        [
            -0.08308611810207367,
            -0.8996788263320923,
            0.05469667911529541
        ],
        [
            -0.08374452590942383,
            -0.8965909481048584,
            0.05348001420497894
        ],
        [
            -0.08924884349107742,
            -0.8968462944030762,
            0.050623808056116104
        ],
        [
            -0.07227876782417297,
            -0.8906522393226624,
            0.05484381690621376
        ],
        [
            -0.07396209239959717,
            -0.8930681943893433,
            0.055054280906915665
        ],
        [
            -0.07176057249307632,
            -0.894679844379425,
            0.05794629827141762
        ],
        [
            -0.07039398699998856,
            -0.890166699886322,
            0.05774474889039993
        ],
        [
            -0.07207132130861282,
            -0.8869722485542297,
            0.056572075933218
        ],
        [
            -0.07345888018608093,
            -0.8888659477233887,
            0.0545278936624527
        ],
        [
            -0.0912700891494751,
            -0.9576213359832764,
            0.04322895035147667
        ],
        [
            -0.09023706614971161,
            -0.9413108825683594,
            0.053752999752759933
        ],
        [
            -0.0967198982834816,
            -0.9501621723175049,
            0.025117915123701096
        ],
        [
            -0.09821705520153046,
            -0.9393675327301025,
            0.010476702824234962
        ],
        [
            -0.0988689512014389,
            -0.9256452322006226,
            -0.0014205388724803925
        ],
        [
            -0.09160889685153961,
            -0.8254640102386475,
            0.023083459585905075
        ],
        [
            -0.08895765244960785,
            -0.816493034362793,
            0.017378609627485275
        ],
        [
            -0.0888586938381195,
            -0.8231768608093262,
            0.003081833478063345
        ],
        [
            -0.08405573666095734,
            -0.8130792379379272,
            0.0002862928668037057
        ],
        [
            -0.08452665060758591,
            -0.8063386678695679,
            0.015283828601241112
        ],
        [
            -0.07106643915176392,
            -0.7885370254516602,
            0.02066543698310852
        ],
        [
            -0.07873484492301941,
            -0.7964262962341309,
            0.016429128125309944
        ],
        [
            -0.07675136625766754,
            -0.803200900554657,
            -0.001521711703389883
        ],
        [
            -0.07552922517061234,
            -0.8148261308670044,
            -0.018665527924895287
        ],
        [
            -0.08221133798360825,
            -0.8220475912094116,
            -0.013307650573551655
        ],
        [
            -0.07240009307861328,
            -0.8300235271453857,
            -0.03164912760257721
        ],
        [
            -0.06504499912261963,
            -0.8074761033058167,
            -0.025220707058906555
        ],
        [
            -0.06519926339387894,
            -0.8291131258010864,
            -0.03710140287876129
        ],
        [
            -0.05329129099845886,
            -0.7724393606185913,
            -0.011314736679196358
        ],
        [
            -0.05280663073062897,
            -0.7609319686889648,
            -0.01461314968764782
        ],
        [
            -0.05538557842373848,
            -0.7668923139572144,
            -0.03214121609926224
        ],
        [
            -0.05632467195391655,
            -0.7785935401916504,
            -0.02909671701490879
        ],
        [
            -0.08805830776691437,
            -0.8305883407592773,
            -0.0075828214175999165
        ],
        [
            -0.09691369533538818,
            -0.8942649960517883,
            -0.004377260804176331
        ],
        [
            -0.09938984364271164,
            -0.8938837051391602,
            0.0071759214624762535
        ],
        [
            -0.09559071809053421,
            -0.8809710741043091,
            -0.007964886724948883
        ],
        [
            -0.09129959344863892,
            -0.9529339075088501,
            -0.022545449435710907
        ],
        [
            -0.09645850956439972,
            -0.9486755132675171,
            -0.0056533366441726685
        ],
        [
            -0.09731646627187729,
            -0.9326819181442261,
            -0.014159939251840115
        ],
        [
            -0.09264282137155533,
            -0.9389457106590271,
            -0.029713232070207596
        ],
        [
            -0.07464621961116791,
            -0.9883549213409424,
            -0.00044730305671691895
        ],
        [
            -0.08601029217243195,
            -0.9758501052856445,
            0.021886341273784637
        ],
        [
            -0.09097127616405487,
            -0.9636540412902832,
            0.008915124461054802
        ],
        [
            -0.08348213881254196,
            -0.9735173583030701,
            -0.01004686951637268
        ],
        [
            -0.08736079931259155,
            -0.9404726028442383,
            -0.04217791557312012
        ],
        [
            -0.07787583768367767,
            -0.9417968988418579,
            -0.05827455222606659
        ],
        [
            -0.07166729867458344,
            -0.9577114582061768,
            -0.0622815266251564
        ],
        [
            -0.08204048871994019,
            -0.9581148028373718,
            -0.04175626486539841
        ],
        [
            -0.05828779190778732,
            -0.9784709811210632,
            -0.0611603744328022
        ],
        [
            -0.07162310183048248,
            -0.9791308045387268,
            -0.036929383873939514
        ],
        [
            -0.05721021443605423,
            -0.8154706358909607,
            -0.044132065027952194
        ],
        [
            -0.05779993161559105,
            -0.8339221477508545,
            -0.047550804913043976
        ],
        [
            -0.05885060131549835,
            -0.7922878861427307,
            -0.024603230878710747
        ],
        [
            -0.05612080544233322,
            -0.799281895160675,
            -0.042421214282512665
        ],
        [
            -0.04087020829319954,
            -0.9939438104629517,
            -0.05574348568916321
        ],
        [
            -0.0574931800365448,
            -0.9965416193008423,
            -0.027782388031482697
        ],
        [
            -0.04153809696435928,
            -0.9203323125839233,
            -0.09351595491170883
        ],
        [
            -0.04882216453552246,
            -0.9378494620323181,
            -0.08817366510629654
        ],
        [
            -0.06181812286376953,
            -0.9249023199081421,
            -0.07822182774543762
        ],
        [
