{
    "pred_cam": [
        1.1276168823242188,
        0.00034745968878269196,
        0.20714342594146729
    ],
    "pred_smpl_params": {
        "global_orient": [
            [
                [
                    0.9689392447471619,
                    0.2448759824037552,
                    0.03453105315566063
                ],
                [
                    0.24363680183887482,
                    -0.9691802263259888,
                    0.036480121314525604
                ],
                [
                    0.042399920523166656,
                    -0.02693399041891098,
                    -0.9987375736236572
                ]
            ]
        ],
        "body_pose": [
            [
                [
                    0.995727002620697,
                    -0.09205713868141174,
                    0.0073000178672373295
                ],
                [
                    0.08826766163110733,
                    0.9720055460929871,
                    0.21774756908416748
                ],
                [
                    -0.027140876278281212,
                    -0.21617276966571808,
                    0.9759778380393982
                ]
            ],
            [
                [
                    0.9988974332809448,
                    -0.0351601205766201,
                    0.03110753744840622
                ],
                [
                    0.027777818962931633,
                    0.9768465757369995,
                    0.2121303677558899
                ],
                [
                    -0.03784581646323204,
                    -0.21103239059448242,
                    0.9767462015151978
                ]
            ],
            [
                [
                    0.9978932738304138,
                    0.06412973254919052,
                    -0.009822485968470573
                ],
                [
                    -0.06480801105499268,
                    0.9783209562301636,
                    -0.19669274985790253
                ],
                [
                    -0.003004309721291065,
                    0.1969149261713028,
                    0.9804159998893738
                ]
            ],
            [
                [
                    0.9971922636032104,
                    0.015728546306490898,
                    -0.07321317493915558
                ],
                [
                    -0.059941280633211136,
                    0.7536728382110596,
                    -0.6545107960700989
                ],
                [
                    0.044884275645017624,
                    0.6570616364479065,
                    0.752499520778656
                ]
            ],
            [
                [
                    0.9926646947860718,
                    -0.07861196249723434,
                    0.09185326099395752
                ],
                [
                    0.11943938583135605,
                    0.7554010152816772,
                    -0.6442853808403015
                ],
                [
                    -0.018737509846687317,
                    0.650530219078064,
                    0.7592492699623108
                ]
            ],
            [
                [
                    0.9997117519378662,
                    0.01897371932864189,
                    -0.014708018861711025
                ],
                [
                    -0.018749985843896866,
                    0.9997086524963379,
                    0.015203249640762806
                ],
                [
                    0.01499219425022602,
                    -0.01492309384047985,
                    0.9997762441635132
                ]
            ],
            [
                [
                    0.9826138019561768,
                    0.10809166729450226,
                    0.15095098316669464
                ],
                [
                    -0.11857820302248001,
                    0.9909905791282654,
                    0.06226357817649841
                ],
                [
                    -0.14286084473133087,
                    -0.07908055186271667,
                    0.9865783452987671
                ]
            ],
            [
                [
                    0.9866704940795898,
                    -0.057184211909770966,
                    -0.15235286951065063
                ],
                [
                    0.06251541525125504,
                    0.9975799918174744,
                    0.030431317165493965
                ],
                [
                    0.15024396777153015,
                    -0.03955008462071419,
                    0.9878576397895813
                ]
            ],
            [
                [
                    0.9993898272514343,
                    -0.004682835191488266,
                    -0.034611836075782776
                ],
                [
                    0.0014152328949421644,
                    0.9955866932868958,
                    -0.09383480995893478
                ],
                [
                    0.03489850088953972,
                    0.09372857958078384,
                    0.994985818862915
                ]
            ],
            [
                [
                    0.9766626358032227,
                    -0.21396008133888245,
                    -0.01874098926782608
                ],
                [
                    0.2134871929883957,
                    0.9575273990631104,
                    0.19381558895111084
                ],
                [
                    -0.023523792624473572,
                    -0.19329339265823364,
                    0.9808589816093445
                ]
            ],
            [
                [
                    0.9840157628059387,
                    0.17528922855854034,
                    -0.0314115546643734
                ],
                [
                    -0.16459688544273376,
                    0.9625751376152039,
                    0.2153068333864212
                ],
                [
                    0.0679769515991211,
                    -0.2066950798034668,
                    0.9760411977767944
                ]
            ],
            [
                [
                    0.978236734867096,
                    -0.050742361694574356,
                    -0.20119161903858185
                ],
                [
                    0.06405851244926453,
                    0.9961267113685608,
                    0.060233984142541885
                ],
                [
                    0.19735592603683472,
                    -0.07181113213300705,
                    0.9776982069015503
                ]
            ],
            [
                [
                    0.9200299978256226,
                    0.38991662859916687,
                    -0.0388549342751503
                ],
                [
                    -0.391823410987854,
                    0.9165443181991577,
                    -0.0801306888461113
                ],
                [
                    0.004367981571704149,
                    0.08894692361354828,
                    0.9960267543792725
                ]
            ],
            [
                [
                    0.9608456492424011,
                    -0.27687597274780273,
                    0.010738943703472614
                ],
                [
                    0.27678167819976807,
                    0.9608860611915588,
                    0.00947878509759903
                ],
                [
                    -0.012943348847329617,
                    -0.006135306786745787,
                    0.9998973608016968
                ]
            ],
            [
                [
                    0.9850576519966125,
                    -0.07800623029470444,
                    -0.15354642271995544
                ],
                [
                    0.048397861421108246,
                    0.9809976816177368,
                    -0.18788623809814453
                ],
                [
                    0.16528497636318207,
                    0.1776474416255951,
                    0.9701145887374878
                ]
            ],
            [
                [
                    0.41068530082702637,
                    0.8729520440101624,
                    -0.2632342278957367
                ],
                [
                    -0.9105668067932129,
                    0.4075465500354767,
                    -0.06909337639808655
                ],
                [
                    0.046965017914772034,
                    0.26806798577308655,
                    0.962254524230957
                ]
            ],
            [
                [
                    0.4822012186050415,
                    -0.8053715229034424,
                    0.34475889801979065
                ],
                [
                    0.8551517128944397,
                    0.518177330493927,
                    0.014415995217859745
                ],
                [
                    -0.19025646150112152,
                    0.28786975145339966,
                    0.9385805726051331
                ]
            ],
            [
                [
                    0.5945349335670471,
                    -0.29269805550575256,
                    -0.7489031553268433
                ],
                [
                    0.13026045262813568,
                    0.9541484713554382,
                    -0.2695047855377197
                ],
                [
                    0.7934483885765076,
                    0.06267751008272171,
                    0.6054015755653381
                ]
            ],
            [
                [
                    -0.08362044394016266,
                    0.4611213207244873,
                    0.8833882212638855
                ],
                [
                    -0.16698582470417023,
                    0.8674735426902771,
                    -0.4686206877231598
                ],
                [
                    -0.9824069142341614,
                    -0.18669958412647247,
                    0.004462199751287699
                ]
            ],
            [
                [
                    0.9942276477813721,
                    -0.10393022745847702,
                    -0.0266423262655735
                ],
                [
                    0.10506530851125717,
                    0.9934242367744446,
                    0.045492928475141525
                ],
                [
                    0.021739041432738304,
                    -0.04802951589226723,
                    0.9986093044281006
                ]
            ],
            [
                [
                    0.9785640835762024,
                    0.1908503621816635,
                    0.07738474011421204
                ],
                [
                    -0.19544798135757446,
                    0.9790613055229187,
                    0.05691279470920563
                ],
                [
                    -0.06490258127450943,
                    -0.07081751525402069,
                    0.9953755736351013
                ]
            ],
            [
                [
                    0.9669787287712097,
                    0.23580500483512878,
                    -0.09668540954589844
                ],
                [
                    -0.2179928421974182,
                    0.9618092179298401,
                    0.1655362844467163
                ],
                [
                    0.13202719390392303,
                    -0.13899335265159607,
                    0.9814528822898865
                ]
            ],
            [
                [
                    0.9678274393081665,
                    -0.23405791819095612,
                    0.09234154224395752
                ],
                [
                    0.2240620106458664,
                    0.9686887860298157,
                    0.1069498360157013
                ],
                [
                    -0.11448267102241516,
                    -0.08281875401735306,
                    0.9899670481681824
                ]
            ]
        ],
        "betas": [
            0.009524568915367126,
            0.1596546173095703,
            0.4576030671596527,
            1.0328450202941895,
            -0.0337410569190979,
            0.013285312801599503,
            -0.010204821825027466,
            0.02982710301876068,
            0.048880621790885925,
            -0.056230753660202026
        ]
    },
    "pred_cam_t": [
        0.00034745968878269196,
        0.20714342594146729,
        34.64164352416992
    ],
    "focal_length": [
        5000.0,
        5000.0
    ],
    "pred_keypoints_3d": [
        [
            0.13023647665977478,
            -0.8114738464355469,
            -0.22044289112091064
        ],
        [
            0.15920796990394592,
            -0.7252471446990967,
            -0.04552493989467621
        ],
        [
            -0.041631296277046204,
            -0.7022659182548523,
            -0.013005807995796204
        ],
        [
            -0.1710779368877411,
            -0.4921078681945801,
            0.03281903266906738
        ],
        [
            -0.1366489976644516,
            -0.4652737081050873,
            -0.2161465585231781
        ],
        [
            0.29490697383880615,
            -0.57333904504776,
            -0.01533923763781786
        ],
        [
            0.2192240059375763,
            -0.3529185950756073,
            0.09552406519651413
        ],
        [
            0.1346360146999359,
            -0.1671297401189804,
            -0.04421839863061905
        ],
        [
            -0.0026298784650862217,
            -0.23436886072158813,
            0.025880489498376846
        ],
        [
            -0.08780471235513687,
            -0.16261301934719086,
            0.030779099091887474
        ],
        [
            -0.20050939917564392,
            0.1946849375963211,
            -0.0346103310585022
        ],
        [
            -0.2443835735321045,
            0.5085684061050415,
            0.2007589340209961
        ],
        [
            0.039060283452272415,
            -0.12955623865127563,
            0.038599953055381775
        ],
        [
            0.021213341504335403,
            0.23603084683418274,
            -0.02601630985736847
        ],
        [
            -0.06106845661997795,
            0.5430359840393066,
            0.20754502713680267
        ],
        [
            0.1240125298500061,
            -0.8629065155982971,
            -0.18592381477355957
        ],
        [
            0.18186260759830475,
            -0.8441352844238281,
            -0.21299248933792114
        ],
        [
            0.12673500180244446,
            -0.8713005185127258,
            -0.08218732476234436
        ],
        [
            0.25647154450416565,
            -0.829092800617218,
            -0.1415358930826187
        ],
        [
            -0.0694657564163208,
            0.6747905015945435,
            0.05841469764709473
        ],
        [
            -0.005473658442497253,
            0.672224760055542,
            0.11411458253860474
        ],
        [
            -0.06599289178848267,
            0.5485935211181641,
            0.278049111366272
        ],
        [
            -0.25508975982666016,
            0.6393890976905823,
            0.05073389410972595
        ],
        [
            -0.32567012310028076,
            0.6130773425102234,
            0.09692168235778809
        ],
        [
            -0.2506445050239563,
            0.5203140377998352,
            0.272796094417572
        ],
        [
            -0.25843164324760437,
            0.4511551558971405,
            0.19840998947620392
        ],
        [
            -0.1839517056941986,
            0.1351904720067978,
            -0.03535681962966919
        ],
        [
            -0.13326892256736755,
            -0.3030642867088318,
            0.03043210878968239
        ],
        [
            0.1364472359418869,
            -0.21856477856636047,
            0.056405555456876755
        ],
        [
            0.03699032962322235,
            0.19861890375614166,
            -0.02576449140906334
        ],
        [
            -0.046213991940021515,
            0.5038420557975769,
            0.21466036140918732
        ],
        [
            -0.11542199552059174,
            -0.49096041917800903,
            -0.19439177215099335
        ],
        [
            -0.18383626639842987,
            -0.5282583236694336,
            0.007322733290493488
        ],
        [
            0.0011804131790995598,
            -0.7172680497169495,
            -0.019478406757116318
        ],
        [
            0.2756373882293701,
            -0.6166805028915405,
            -0.01884819194674492
        ],
        [
            0.2561962902545929,
            -0.3569040894508362,
            0.05400557070970535
        ],
        [
            0.1479022204875946,
            -0.1856917142868042,
            -0.05049282684922218
        ],
        [
            0.1593254804611206,
            -0.7160202860832214,
            -0.04704338312149048
        ],
        [
            0.19793280959129333,
            -0.8986050486564636,
            -0.14026015996932983
        ],
        [
            0.002234251005575061,
            -0.2603170871734619,
            0.04305851832032204
        ],
        [
            0.13735415041446686,
            -0.66493821144104,
            -0.022055992856621742
        ],
        [
            0.07953374087810516,
            -0.5026900768280029,
            0.026538094505667686
        ],
        [
            0.16318729519844055,
            -0.7904051542282104,
            -0.14873109757900238
        ],
        [
            0.20125196874141693,
            -0.9191741943359375,
            -0.13401193916797638
        ]
    ],
    "pred_vertices": [
        [
            0.2025032639503479,
            -0.8841959238052368,
            -0.22848457098007202
        ],
        [
            0.19157826900482178,
            -0.8718236684799194,
            -0.22898197174072266
        ],
        [
            0.2043600082397461,
            -0.8663755655288696,
            -0.22477246820926666
        ],
        [
            0.21560142934322357,
            -0.8756251335144043,
            -0.22055719792842865
        ],
        [
            0.19651907682418823,
            -0.8584572672843933,
            -0.2258552610874176
        ],
        [
            0.1847519725561142,
            -0.862102210521698,
            -0.22832363843917847
        ],
        [
            0.2135998010635376,
            -0.859675407409668,
            -0.2164832055568695
        ],
        [
            0.2240528017282486,
            -0.8652141094207764,
            -0.21059387922286987
        ],
        [
            0.21494615077972412,
            -0.8254123330116272,
            -0.20018835365772247
        ],
        [
            0.22146131098270416,
            -0.8205169439315796,
            -0.1920594722032547
        ],
        [
            0.22393041849136353,
            -0.8318239450454712,
            -0.19649770855903625
        ],
        [
            0.21591565012931824,
            -0.8340231776237488,
            -0.20273953676223755
        ],
        [
            0.21033602952957153,
            -0.8009346723556519,
            -0.19095788896083832
        ],
        [
            0.19925753772258759,
            -0.7931961417198181,
            -0.1940866857767105
        ],
        [
            0.20365184545516968,
            -0.7846919894218445,
            -0.1842671036720276
        ],
        [
            0.21391801536083221,
            -0.7923530340194702,
            -0.17997820675373077
        ],
        [
            0.16336899995803833,
            -0.8140860795974731,
            -0.20630168914794922
        ],
        [
            0.16736659407615662,
            -0.8061386346817017,
            -0.20607197284698486
        ],
        [
            0.1725047528743744,
            -0.8115510940551758,
            -0.20812462270259857
        ],
        [
            0.16782449185848236,
            -0.818905234336853,
            -0.20765206217765808
        ],
        [
            0.15472412109375,
            -0.8255752921104431,
            -0.21057066321372986
        ],
        [
            0.15825805068016052,
            -0.8308130502700806,
            -0.20891323685646057
        ],
        [
            0.15280652046203613,
            -0.8353915810585022,
            -0.2127457708120346
        ],
        [
            0.1494167000055313,
            -0.8291097283363342,
            -0.21554508805274963
        ],
        [
            0.1573304980993271,
            -0.8105975389480591,
            -0.20332157611846924
        ],
        [
            0.161880224943161,
            -0.802256166934967,
            -0.2029087096452713
        ],
        [
            0.15964865684509277,
            -0.8208366632461548,
            -0.2071031630039215
        ],
        [
            0.15614557266235352,
            -0.816916823387146,
            -0.20772197842597961
        ],
        [
            0.14792680740356445,
            -0.8109569549560547,
            -0.2150474339723587
        ],
        [
            0.1509307622909546,
            -0.8151919841766357,
            -0.2151666134595871
        ],
        [
            0.14515480399131775,
            -0.8166186809539795,
            -0.22046926617622375
        ],
        [
            0.14313006401062012,
            -0.8117945194244385,
            -0.21827009320259094
        ],
        [
            0.15398016571998596,
            -0.8104202747344971,
            -0.20733098685741425
        ],
        [
            0.15392544865608215,
            -0.8128246068954468,
            -0.2107747197151184
        ],
        [
            0.14997601509094238,
            -0.8097458481788635,
            -0.21126288175582886
        ],
        [
            0.1496691107749939,
            -0.8083449602127075,
            -0.20728547871112823
        ],
        [
            0.151921808719635,
            -0.8214877843856812,
            -0.21226781606674194
        ],
        [
            0.1469193696975708,
            -0.823468029499054,
            -0.21802069246768951
        ],
        [
            0.1408403366804123,
            -0.8253400325775146,
            -0.22346723079681396
        ],
        [
            0.13852083683013916,
            -0.8167561292648315,
            -0.22516344487667084
        ],
        [
            0.17710378766059875,
            -0.7903528213500977,
            -0.2009500414133072
        ],
        [
            0.17202740907669067,
            -0.7981923818588257,
            -0.20471253991127014
        ],
        [
            0.16651269793510437,
            -0.7947980165481567,
            -0.20209592580795288
        ],
        [
            0.17086811363697052,
            -0.7882802486419678,
            -0.19994282722473145
        ],
        [
            0.15160948038101196,
            -0.8051306009292603,
            -0.20388057827949524
        ],
        [
            0.15176205337047577,
            -0.7884713411331177,
            -0.2017754316329956
        ],
        [
            0.15267112851142883,
            -0.792059063911438,
            -0.20308588445186615
        ],
        [
            0.14586547017097473,
            -0.7942118644714355,
            -0.2046990543603897
        ],
        [
            0.14566177129745483,
            -0.790691614151001,
            -0.20352871716022491
        ],
        [
            0.18221473693847656,
            -0.7757723927497864,
            -0.19133003056049347
        ],
        [
            0.1751524806022644,
            -0.7758057713508606,
            -0.19351257383823395
        ],
        [
            0.17530781030654907,
            -0.7691389322280884,
            -0.1895514726638794
        ],
        [
            0.18218421936035156,
            -0.7681227922439575,
            -0.18563495576381683
        ],
        [
            0.17291048169136047,
            -0.7639980316162109,
            -0.18634916841983795
        ],
        [
            0.1810649037361145,
            -0.7609965801239014,
            -0.18032194674015045
        ],
        [
            0.17004430294036865,
            -0.7498966455459595,
            -0.17414364218711853
        ],
        [
            0.17567197978496552,
            -0.7545813322067261,
            -0.17672599852085114
        ],
        [
            0.16816389560699463,
            -0.7595710754394531,
            -0.18416692316532135
        ],
        [
            0.16106465458869934,
            -0.7558189630508423,
            -0.18412497639656067
        ],
        [
            0.1471666693687439,
            -0.7632668018341064,
            -0.18874967098236084
        ],
        [
            0.1405501663684845,
            -0.7634046077728271,
            -0.18900632858276367
        ],
        [
            0.14335203170776367,
            -0.7505229711532593,
            -0.1859934777021408
        ],
        [
            0.15180204808712006,
            -0.7522532939910889,
            -0.18527112901210785
        ],
        [
            0.15202748775482178,
            -0.7833528518676758,
            -0.19612067937850952
        ],
        [
            0.1566600501537323,
            -0.7826108932495117,
            -0.1949152648448944
        ],
        [
            0.156226247549057,
            -0.7837293148040771,
            -0.1974804699420929
        ],
        [
            0.15144185721874237,
            -0.7856172323226929,
            -0.19928409159183502
        ],
        [
            0.1605425775051117,
            -0.7814919948577881,
            -0.19440972805023193
        ],
        [
            0.16225440800189972,
            -0.7808759808540344,
            -0.1942666471004486
        ],
        [
            0.1618037223815918,
            -0.7820836305618286,
            -0.19562682509422302
        ],
        [
            0.16014322638511658,
            -0.7823421359062195,
            -0.19513770937919617
        ],
        [
            0.15813559293746948,
            -0.782459020614624,
            -0.19490580260753632
        ],
        [
            0.15673783421516418,
            -0.7807749509811401,
            -0.19446232914924622
        ],
        [
            0.15945400297641754,
            -0.7808805704116821,
            -0.1943436563014984
        ],
        [
            0.15229785442352295,
            -0.7806356549263,
            -0.19560667872428894
        ],
        [
            0.13777166604995728,
            -0.7811726331710815,
            -0.197968989610672
        ],
        [
            0.14171573519706726,
            -0.7806715369224548,
            -0.19805222749710083
        ],
        [
            0.141658216714859,
            -0.7855805158615112,
            -0.19772256910800934
        ],
        [
            0.13839486241340637,
            -0.7862222194671631,
            -0.19776809215545654
        ],
        [
            0.15986225008964539,
            -0.7843021154403687,
            -0.19725273549556732
        ],
        [
            0.16274872422218323,
            -0.7850123643875122,
            -0.19802971184253693
        ],
        [
            0.15852615237236023,
            -0.7882999777793884,
            -0.20061950385570526
        ],
        [
            0.15719644725322723,
            -0.7860722541809082,
            -0.1988891363143921
        ],
        [
            0.16558010876178741,
            -0.7861255407333374,
            -0.19922000169754028
        ],
        [
            0.16433368623256683,
            -0.7826817035675049,
            -0.19616052508354187
        ],
        [
            0.1676883101463318,
            -0.7824728488922119,
            -0.19689825177192688
        ],
        [
            0.16145062446594238,
            -0.7792448997497559,
            -0.19364120066165924
        ],
        [
            0.16413679718971252,
            -0.7769597768783569,
            -0.19289985299110413
        ],
        [
            0.16473564505577087,
            -0.7793038487434387,
            -0.19463889300823212
        ],
        [
            0.1615551859140396,
            -0.7743066549301147,
            -0.1917131096124649
        ],
        [
            0.15845735371112823,
            -0.777971625328064,
            -0.19323357939720154
        ],
        [
            0.15384988486766815,
            -0.7768359184265137,
            -0.1940951645374298
        ],
        [
            0.14800459146499634,
            -0.776183009147644,
            -0.1953170746564865
        ],
        [
            0.15044954419136047,
            -0.771105170249939,
            -0.1922210305929184
        ],
        [
            0.1566946804523468,
            -0.7722903490066528,
            -0.19166962802410126
        ],
        [
            0.1615903377532959,
            -0.7915982007980347,
            -0.20154322683811188
        ],
        [
            0.16915836930274963,
            -0.7776757478713989,
            -0.19422760605812073
        ],
        [
            0.17361730337142944,
            -0.7829092144966125,
            -0.19684767723083496
        ],
        [
            0.168603777885437,
            -0.773097038269043,
            -0.19199691712856293
        ],
        [
            0.166096031665802,
            -0.7693424224853516,
            -0.18976494669914246
        ],
        [
            0.16149628162384033,
            -0.7662112712860107,
            -0.18859247863292694
        ],
        [
            0.15427231788635254,
            -0.7644548416137695,
            -0.18862174451351166
        ],
        [
            0.14852792024612427,
            -0.7428706884384155,
            -0.17403438687324524
        ],
        [
            0.1587907075881958,
            -0.7455235719680786,
            -0.17449937760829926
        ],
        [
            0.1821737140417099,
            -0.8561958074569702,
            -0.22303934395313263
        ],
        [
            0.19101130962371826,
            -0.853168249130249,
            -0.22354644536972046
        ],
        [
            0.1915145069360733,
            -0.8464625477790833,
            -0.21713916957378387
        ],
        [
            0.19360914826393127,
            -0.8481758236885071,
            -0.21820998191833496
        ],
        [
            0.18797264993190765,
            -0.8505365252494812,
            -0.21978804469108582
        ],
        [
            0.18710243701934814,
            -0.8481296300888062,
            -0.2181706726551056
        ],
        [
            0.20816557109355927,
            -0.837257981300354,
            -0.206449493765831
        ],
        [
            0.20233170688152313,
            -0.8399189710617065,
            -0.20931844413280487
        ],
        [
            0.20253773033618927,
            -0.8362792134284973,
            -0.20718428492546082
        ],
        [
            0.20853698253631592,
            -0.8305457830429077,
            -0.20478323101997375
        ],
        [
            0.19120997190475464,
            -0.830335259437561,
            -0.2089971899986267
        ],
        [
            0.19677555561065674,
            -0.830687403678894,
            -0.2078200727701187
        ],
        [
            0.19357982277870178,
            -0.8377968668937683,
            -0.21077176928520203
        ],
        [
            0.18957030773162842,
            -0.8375715613365173,
            -0.21167007088661194
        ],
        [
            0.18529927730560303,
            -0.8380517959594727,
            -0.21195168793201447
        ],
        [
            0.18113110959529877,
            -0.8391328454017639,
            -0.21163645386695862
        ],
        [
            0.18029439449310303,
            -0.8341106176376343,
            -0.20986248552799225
        ],
        [
            0.18539056181907654,
            -0.8318724036216736,
            -0.20973776280879974
        ],
        [
            0.18163523077964783,
            -0.8534290790557861,
            -0.21890708804130554
        ],
        [
            0.17527353763580322,
            -0.8548319935798645,
            -0.21594610810279846
        ],
        [
            0.1760268211364746,
            -0.8516934514045715,
            -0.2150462418794632
        ],
        [
            0.1812298744916916,
            -0.8502697944641113,
            -0.21791990101337433
        ],
        [
            0.16764597594738007,
            -0.8493872284889221,
            -0.20518556237220764
        ],
        [
            0.16889232397079468,
            -0.8512459993362427,
            -0.20713117718696594
        ],
        [
            0.1654604971408844,
            -0.8534889817237854,
            -0.20731666684150696
        ],
        [
            0.1640447974205017,
            -0.8495270013809204,
            -0.20520971715450287
        ],
        [
            0.16531330347061157,
            -0.8459322452545166,
            -0.20540118217468262
        ],
        [
            0.16812625527381897,
            -0.8473228216171265,
            -0.20570850372314453
        ],
        [
            0.19980186223983765,
            -0.90699702501297,
            -0.22915636003017426
        ],
        [
            0.18880867958068848,
            -0.891923189163208,
            -0.23082810640335083
        ],
        [
            0.2170884609222412,
            -0.8975347280502319,
            -0.22203734517097473
        ],
        [
            0.22775627672672272,
            -0.8864799737930298,
            -0.212301567196846
        ],
        [
            0.23539695143699646,
            -0.8721707463264465,
            -0.20308396220207214
        ],
        [
            0.1923375129699707,
            -0.7788963317871094,
            -0.18816035985946655
        ],
        [
            0.19424554705619812,
            -0.7704950571060181,
            -0.18061110377311707
        ],
        [
            0.20756597816944122,
            -0.7769606709480286,
            -0.1742369681596756
        ],
        [
            0.20569434762001038,
            -0.7679760456085205,
            -0.16590464115142822
        ],
        [
            0.19218020141124725,
            -0.7615722417831421,
            -0.17344284057617188
        ],
        [
            0.17781005799770355,
            -0.7481293678283691,
            -0.16155937314033508
        ],
        [
            0.18653544783592224,
            -0.753576397895813,
            -0.16685888171195984
        ],
        [
            0.20142987370491028,
            -0.7605408430099487,
            -0.15576085448265076
        ],
        [
            0.21652990579605103,
            -0.7723051309585571,
            -0.1474781632423401
        ],
        [
            0.2180635631084442,
            -0.7772620916366577,
            -0.1593090444803238
        ],
        [
            0.2283913940191269,
            -0.7874489426612854,
            -0.14101973176002502
        ],
        [
            0.21575286984443665,
            -0.7675046920776367,
            -0.13186097145080566
        ],
        [
            0.2292354702949524,
            -0.7881859540939331,
            -0.13095015287399292
        ],
        [
            0.19435055553913116,
            -0.7349283695220947,
            -0.11953666806221008
        ],
        [
            0.19522589445114136,
            -0.7237386703491211,
            -0.111956387758255
        ],
        [
            0.2101089060306549,
            -0.7298542261123657,
            -0.10228005796670914
        ],
        [
            0.2106483280658722,
            -0.7403749227523804,
            -0.11089706420898438
        ],
        [
            0.21719717979431152,
            -0.7840123176574707,
            -0.1693597435951233
        ],
        [
            0.23088818788528442,
            -0.841973066329956,
            -0.19258767366409302
        ],
        [
            0.22272291779518127,
            -0.8416988849639893,
            -0.20151957869529724
        ],
        [
            0.231492280960083,
            -0.829842209815979,
            -0.18689264357089996
        ],
        [
            0.25333866477012634,
            -0.8998215794563293,
            -0.19078974425792694
        ],
        [
            0.2409505695104599,
            -0.8946502208709717,
            -0.2035502940416336
        ],
        [
            0.24649447202682495,
            -0.8791061043739319,
            -0.19640228152275085
        ],
        [
            0.2578357458114624,
            -0.8860505819320679,
            -0.18520228564739227
        ],
        [
            0.2326841950416565,
            -0.9393895864486694,
            -0.1976235806941986
        ],
        [
            0.21780303120613098,
            -0.9253331422805786,
            -0.21650108695030212
        ],
        [
            0.22910940647125244,
            -0.9118848443031311,
            -0.21086440980434418
        ],
        [
            0.24268978834152222,
            -0.9220483303070068,
            -0.19641834497451782
        ],
        [
            0.26479190587997437,
            -0.888606071472168,
            -0.1740894317626953
        ],
        [
            0.2738233208656311,
            -0.8920568227767944,
            -0.15776485204696655
        ],
        [
            0.27647489309310913,
            -0.90945965051651,
            -0.1549607217311859
        ],
        [
            0.26517951488494873,
            -0.9067598581314087,
            -0.17440754175186157
        ],
        [
            0.27267712354660034,
            -0.9331613183021545,
            -0.14953070878982544
        ],
        [
            0.2594815492630005,
            -0.9305049777030945,
            -0.17329621315002441
        ],
        [
            0.22870495915412903,
            -0.7767422199249268,
            -0.11566983163356781
        ],
        [
            0.23514442145824432,
            -0.7939225435256958,
            -0.11997482180595398
        ],
        [
            0.2106550633907318,
            -0.7532540559768677,
            -0.12166202068328857
        ],
        [
            0.22381329536437988,
            -0.7613275647163391,
            -0.10934057831764221
        ],
        [
            0.2620977759361267,
            -0.9541302919387817,
            -0.14202207326889038
        ],
        [
            0.24741052091121674,
            -0.9516037702560425,
            -0.17107108235359192
        ],
        [
            0.2796761989593506,
            -0.8814635872840881,
            -0.10377727448940277
        ],
        [
            0.28302621841430664,
            -0.8963112831115723,
            -0.11686989665031433
        ],
        [
            0.2783645689487457,
            -0.8802261352539062,
            -0.12973734736442566
        ],
        [
            0.27663522958755493,
            -0.8682680130004883,
            -0.11590520292520523
        ],
        [
            0.27843886613845825,
            -0.8950848579406738,
