{
    "pred_cam": [
        1.1481308937072754,
        0.004711823537945747,
        0.19811007380485535
    ],
    "pred_smpl_params": {
        "global_orient": [
            [
                [
                    0.9703418612480164,
                    0.24121087789535522,
                    0.015932399779558182
                ],
                [
                    0.24004867672920227,
                    -0.9692466259002686,
                    0.05420003831386566
                ],
                [
                    0.028516065329313278,
                    -0.048768024891614914,
                    -0.9984029531478882
                ]
            ]
        ],
        "body_pose": [
            [
                [
                    0.9964529275894165,
                    -0.08343847095966339,
                    0.010930339805781841
                ],
                [
                    0.07940807193517685,
                    0.9753133058547974,
                    0.20605409145355225
                ],
                [
                    -0.02785334549844265,
                    -0.20445527136325836,
                    0.9784795045852661
                ]
            ],
            [
                [
                    0.9987478852272034,
                    -0.03306891396641731,
                    0.03753922879695892
                ],
                [
                    0.02443423494696617,
                    0.9772294759750366,
                    0.21077363193035126
                ],
                [
                    -0.04365449398756027,
                    -0.20959246158599854,
                    0.9768139123916626
                ]
            ],
            [
                [
                    0.9981203079223633,
                    0.058212701231241226,
                    -0.019159572198987007
                ],
                [
                    -0.060810986906290054,
                    0.9795550107955933,
                    -0.19176572561264038
                ],
                [
                    0.007604653015732765,
                    0.19257038831710815,
                    0.9812537431716919
                ]
            ],
            [
                [
                    0.9974234700202942,
                    0.014178047887980938,
                    -0.07032420486211777
                ],
                [
                    -0.05594465509057045,
                    0.7673636674880981,
                    -0.6387670040130615
                ],
                [
                    0.04490775614976883,
                    0.6410554051399231,
                    0.7661797404289246
                ]
            ],
            [
                [
                    0.9927655458450317,
                    -0.06874896585941315,
                    0.09843787550926208
                ],
                [
                    0.11634375900030136,
                    0.7534264326095581,
                    -0.6471574306488037
                ],
                [
                    -0.029674293473362923,
                    0.6539283394813538,
                    0.755974292755127
                ]
            ],
            [
                [
                    0.9996432065963745,
                    0.014158547855913639,
                    -0.02264956198632717
                ],
                [
                    -0.013766567222774029,
                    0.9997543692588806,
                    0.017369655892252922
                ],
                [
                    0.02288992889225483,
                    -0.01705165021121502,
                    0.9995926022529602
                ]
            ],
            [
                [
                    0.9819361567497253,
                    0.10645852237939835,
                    0.15642225742340088
                ],
                [
                    -0.11854735016822815,
                    0.9904724359512329,
                    0.07007762789726257
                ],
                [
                    -0.1474715769290924,
                    -0.08735520392656326,
                    0.9852010607719421
                ]
            ],
            [
                [
                    0.9856695532798767,
                    -0.05536474660038948,
                    -0.15934345126152039
                ],
                [
                    0.061313118785619736,
                    0.9975842237472534,
                    0.032655734568834305
                ],
                [
                    0.157150536775589,
                    -0.04195760563015938,
                    0.9866830110549927
                ]
            ],
            [
                [
                    0.9992149472236633,
                    -0.0036551267839968204,
                    -0.03944580256938934
                ],
                [
                    4.050809366162866e-06,
                    0.9957437515258789,
                    -0.09216484427452087
                ],
                [
                    0.039614785462617874,
                    0.0920923501253128,
                    0.9949620366096497
                ]
            ],
            [
                [
                    0.9757122993469238,
                    -0.21676009893417358,
                    -0.031630393117666245
                ],
                [
                    0.2187824696302414,
                    0.9570725560188293,
                    0.19012214243412018
                ],
                [
                    -0.010938314720988274,
                    -0.1924247145652771,
                    0.9812507629394531
                ]
            ],
            [
                [
                    0.9834075570106506,
                    0.1797160506248474,
                    -0.024733401834964752
                ],
                [
                    -0.16989228129386902,
                    0.9601772427558899,
                    0.22180241346359253
                ],
                [
                    0.06360990554094315,
                    -0.21392014622688293,
                    0.9747779369354248
                ]
            ],
            [
                [
                    0.9750487208366394,
                    -0.055629391223192215,
                    -0.21490786969661713
                ],
                [
                    0.06979696452617645,
                    0.9958207011222839,
                    0.058902155607938766
                ],
                [
                    0.21073302626609802,
                    -0.07243238389492035,
                    0.974856436252594
                ]
            ],
            [
                [
                    0.9246047139167786,
                    0.38016998767852783,
                    -0.024017851799726486
                ],
                [
                    -0.3807864189147949,
                    0.9207038283348083,
                    -0.08547630906105042
                ],
                [
                    -0.010382200591266155,
                    0.08817747235298157,
                    0.9960506558418274
                ]
            ],
            [
                [
                    0.9643807411193848,
                    -0.26210570335388184,
                    -0.035642754286527634
                ],
                [
                    0.2613922655582428,
                    0.9649473428726196,
                    -0.023469040170311928
                ],
                [
                    0.040544748306274414,
                    0.013316350057721138,
                    0.9990890622138977
                ]
            ],
            [
                [
                    0.9843031167984009,
                    -0.08288344740867615,
                    -0.15581364929676056
                ],
                [
                    0.0574178509414196,
                    0.9852237701416016,
                    -0.1613607257604599
                ],
                [
                    0.16688545048236847,
                    0.14988134801387787,
                    0.974517822265625
                ]
            ],
            [
                [
                    0.3977353572845459,
                    0.8783007860183716,
                    -0.26531919836997986
                ],
                [
                    -0.9164055585861206,
                    0.39440953731536865,
                    -0.0681317001581192
                ],
                [
                    0.04480430856347084,
                    0.27023836970329285,
                    0.961750328540802
                ]
            ],
            [
                [
                    0.47456684708595276,
                    -0.8246942758560181,
                    0.3076775372028351
                ],
                [
                    0.8726716637611389,
                    0.48649534583091736,
                    -0.04202825203537941
                ],
                [
                    -0.11502323299646378,
                    0.28844672441482544,
                    0.9505618810653687
                ]
            ],
            [
                [
                    0.5154669880867004,
                    -0.3143746852874756,
                    -0.7971588969230652
                ],
                [
                    0.11475367099046707,
                    0.947217583656311,
                    -0.29934996366500854
                ],
                [
                    0.8491910099983215,
                    0.06282809376716614,
                    0.5243350267410278
                ]
            ],
            [
                [
                    -0.1690519005060196,
                    0.481088250875473,
                    0.8602182865142822
                ],
                [
                    -0.13642238080501556,
                    0.852957546710968,
                    -0.5038375854492188
                ],
                [
                    -0.9761200547218323,
                    -0.2025277316570282,
                    -0.078562892973423
                ]
            ],
            [
                [
                    0.9920897483825684,
                    -0.1197919100522995,
                    -0.037519823759794235
                ],
                [
                    0.1213543489575386,
                    0.9916959404945374,
                    0.04257146641612053
                ],
                [
                    0.03210853785276413,
                    -0.046787913888692856,
                    0.9983886480331421
                ]
            ],
            [
                [
                    0.9756869673728943,
                    0.20314094424247742,
                    0.08227159827947617
                ],
                [
                    -0.2077854573726654,
                    0.9767694473266602,
                    0.05240807309746742
                ],
                [
                    -0.06971415877342224,
                    -0.06822872161865234,
                    0.9952309727668762
                ]
            ],
            [
                [
                    0.9643965363502502,
                    0.24664969742298126,
                    -0.09541090577840805
                ],
                [
                    -0.22932158410549164,
                    0.9596332311630249,
                    0.16283607482910156
                ],
                [
                    0.13172295689582825,
                    -0.13515876233577728,
                    0.9820290803909302
                ]
            ],
            [
                [
                    0.9656983017921448,
                    -0.24532358348369598,
                    0.08510573208332062
                ],
                [
                    0.23452217876911163,
                    0.9647108316421509,
                    0.11971738189458847
                ],
                [
                    -0.11147192865610123,
                    -0.09565170854330063,
                    0.9891534447669983
                ]
            ]
        ],
        "betas": [
            -0.030954644083976746,
            0.05259448289871216,
            0.4085030257701874,
            0.767951488494873,
            -0.015753328800201416,
            0.027113918215036392,
            0.005649447441101074,
            -0.031608641147613525,
            0.04219032824039459,
            -0.06417858600616455
        ]
    },
    "pred_cam_t": [
        0.004711823537945747,
        0.19811007380485535,
        34.02268981933594
    ],
    "focal_length": [
        5000.0,
        5000.0
    ],
    "pred_keypoints_3d": [
        [
            0.11352202296257019,
            -0.8086149096488953,
            -0.2222013771533966
        ],
        [
            0.1523939073085785,
            -0.7205479145050049,
            -0.05103229358792305
        ],
        [
            -0.04451744630932808,
            -0.6995814442634583,
            -0.00788769032806158
        ],
        [
            -0.16755476593971252,
            -0.4958654046058655,
            0.07234005630016327
        ],
        [
            -0.1491497904062271,
            -0.46387311816215515,
            -0.17738865315914154
        ],
        [
            0.2905956506729126,
            -0.5719178915023804,
            -0.02616104483604431
        ],
        [
            0.22057119011878967,
            -0.35273420810699463,
            0.09023381769657135
        ],
        [
            0.13031093776226044,
            -0.18083901703357697,
            -0.06231454014778137
        ],
        [
            -0.0023617008700966835,
            -0.23180881142616272,
            0.026953889057040215
        ],
        [
            -0.08833380788564682,
            -0.16002614796161652,
            0.034274209290742874
        ],
        [
            -0.20155632495880127,
            0.198271706700325,
            -0.021542631089687347
        ],
        [
            -0.24664461612701416,
            0.5054012537002563,
            0.22230446338653564
        ],
        [
            0.04106418788433075,
            -0.12700685858726501,
            0.040483247488737106
        ],
        [
            0.018944768235087395,
            0.24001076817512512,
            -0.011931758373975754
        ],
        [
            -0.06025227904319763,
            0.5443477034568787,
            0.22602279484272003
        ],
        [
            0.10849922895431519,
            -0.8590272665023804,
            -0.18644297122955322
        ],
        [
            0.16509759426116943,
            -0.841448187828064,
            -0.2166789323091507
        ],
        [
            0.11643865704536438,
            -0.8647543787956238,
            -0.08298933506011963
        ],
        [
            0.24314641952514648,
            -0.8251984119415283,
            -0.14944536983966827
        ],
        [
            -0.07046695053577423,
            0.676827609539032,
            0.0781872570514679
        ],
        [
            -0.005621954798698425,
            0.6733416318893433,
            0.1323254406452179
        ],
        [
            -0.06455498933792114,
            0.5494922399520874,
            0.2966028153896332
        ],
        [
            -0.2594902515411377,
            0.6389017701148987,
            0.07622849941253662
        ],
        [
            -0.3298288881778717,
            0.6113138794898987,
            0.12145388126373291
        ],
        [
            -0.2522779703140259,
            0.5158172845840454,
            0.29478538036346436
        ],
        [
            -0.2602856159210205,
            0.4483836889266968,
            0.21881437301635742
        ],
        [
            -0.1852499097585678,
            0.1392873078584671,
            -0.02379564754664898
        ],
        [
            -0.13527758419513702,
            -0.3003692924976349,
            0.03284085914492607
        ],
        [
            0.13970378041267395,
            -0.21601052582263947,
            0.05533513426780701
        ],
        [
            0.03539440780878067,
            0.20279136300086975,
            -0.012798711657524109
        ],
        [
            -0.045282039791345596,
            0.5051934719085693,
            0.2326773703098297
        ],
        [
            -0.1262403130531311,
            -0.4896853566169739,
            -0.15714050829410553
        ],
        [
            -0.1833176612854004,
            -0.531001091003418,
            0.04581937938928604
        ],
        [
            -0.002752297557890415,
            -0.7139299511909485,
            -0.016236139461398125
        ],
        [
            0.27054309844970703,
            -0.6144986152648926,
            -0.029300658032298088
        ],
        [
            0.2569003701210022,
            -0.3571968674659729,
            0.04762957617640495
        ],
        [
            0.14398597180843353,
            -0.20006853342056274,
            -0.06743714958429337
        ],
        [
            0.15281465649604797,
            -0.7125134468078613,
            -0.05280967429280281
        ],
        [
            0.18458446860313416,
            -0.8941261172294617,
            -0.14291127026081085
        ],
        [
            0.0029597682878375053,
            -0.2577386200428009,
            0.04374311864376068
        ],
        [
            0.13271096348762512,
            -0.6620449423789978,
            -0.0264262855052948
        ],
        [
            0.07784778624773026,
            -0.4988037943840027,
            0.02432134747505188
        ],
        [
            0.15003220736980438,
            -0.7860760688781738,
            -0.1531360000371933
        ],
        [
            0.18809407949447632,
            -0.9146254658699036,
            -0.13626915216445923
        ]
    ],
    "pred_vertices": [
        [
            0.18479877710342407,
            -0.8822063207626343,
            -0.23201704025268555
        ],
        [
            0.17388348281383514,
            -0.8697876930236816,
            -0.23224371671676636
        ],
        [
            0.18689674139022827,
            -0.8642781972885132,
            -0.22883671522140503
        ],
        [
            0.19829949736595154,
            -0.8735196590423584,
            -0.2248924970626831
        ],
        [
            0.1790253221988678,
            -0.8562796115875244,
            -0.22968220710754395
        ],
        [
            0.16710913181304932,
            -0.8599334955215454,
            -0.23146113753318787
        ],
        [
            0.1965574026107788,
            -0.8573564291000366,
            -0.22121763229370117
        ],
        [
            0.2072722315788269,
            -0.8629131317138672,
            -0.21569135785102844
        ],
        [
            0.19898244738578796,
            -0.8226151466369629,
            -0.205990269780159
        ],
        [
            0.205897256731987,
            -0.817570686340332,
            -0.19827112555503845
        ],
        [
            0.20805895328521729,
            -0.8289738893508911,
            -0.20249399542808533
        ],
        [
            0.19974647462368011,
            -0.8312633037567139,
            -0.20830866694450378
        ],
        [
            0.19500432908535004,
            -0.7979060411453247,
            -0.19720694422721863
        ],
        [
            0.1838204264640808,
            -0.7901832461357117,
            -0.2000618278980255
        ],
        [
            0.18870848417282104,
            -0.781494140625,
            -0.1906190663576126
        ],
        [
            0.1990712285041809,
            -0.7890909910202026,
            -0.18655821681022644
        ],
        [
            0.14721137285232544,
            -0.8110496997833252,
            -0.20999939739704132
        ],
        [
            0.15126371383666992,
            -0.8031493425369263,
            -0.21017828583717346
        ],
        [
            0.1562722772359848,
            -0.8086378574371338,
            -0.21235935389995575
        ],
        [
            0.1515645682811737,
            -0.8159269690513611,
            -0.21143841743469238
        ],
        [
            0.13831408321857452,
            -0.8225501775741577,
            -0.21334391832351685
        ],
        [
            0.14187133312225342,
            -0.8277683258056641,
            -0.2117709368467331
        ],
        [
            0.1362013816833496,
            -0.8324140906333923,
            -0.21508488059043884
        ],
        [
            0.13275544345378876,
            -0.8262021541595459,
            -0.2178434580564499
        ],
        [
            0.1413867473602295,
            -0.8074690103530884,
            -0.20668810606002808
        ],
        [
            0.14600086212158203,
            -0.7992120981216431,
            -0.20673640072345734
        ],
        [
            0.14342403411865234,
            -0.8177673816680908,
            -0.21036291122436523
        ],
        [
            0.13995161652565002,
            -0.813835084438324,
            -0.2108187973499298
        ],
        [
            0.1314414143562317,
            -0.8080511093139648,
            -0.21775290369987488
        ],
        [
            0.1344088613986969,
            -0.8123041391372681,
            -0.21791386604309082
        ],
        [
            0.12837648391723633,
            -0.813865065574646,
            -0.2228153944015503
        ],
        [
            0.1264963448047638,
            -0.808951199054718,
            -0.22067445516586304
        ],
        [
            0.1378537118434906,
            -0.807357668876648,
            -0.21044020354747772
        ],
        [
            0.13761745393276215,
            -0.8098355531692505,
            -0.21378035843372345
        ],
        [
            0.1336643099784851,
            -0.806759774684906,
            -0.21413159370422363
        ],
        [
            0.13355624675750732,
            -0.8052798509597778,
            -0.2101924866437912
        ],
        [
            0.1354779601097107,
            -0.8185055255889893,
            -0.21492725610733032
        ],
        [
            0.13020059466362,
            -0.8206272125244141,
            -0.22029514610767365
        ],
        [
            0.1238621324300766,
            -0.8226301670074463,
            -0.22530901432037354
        ],
        [
            0.12154260277748108,
            -0.8140976428985596,
            -0.22713470458984375
        ],
        [
            0.16137000918388367,
            -0.7874009013175964,
            -0.20590828359127045
        ],
        [
            0.15606138110160828,
            -0.7952520847320557,
            -0.20923420786857605
        ],
        [
            0.150713711977005,
            -0.7918127179145813,
            -0.2063368409872055
        ],
        [
            0.1552148461341858,
            -0.785323977470398,
            -0.2045462280511856
        ],
        [
            0.13568374514579773,
            -0.8020162582397461,
            -0.2070150226354599
        ],
        [
            0.13607972860336304,
            -0.7854291200637817,
            -0.20538373291492462
        ],
        [
            0.13688921928405762,
            -0.7890260219573975,
            -0.20660676062107086
        ],
        [
            0.12998440861701965,
            -0.7911767959594727,
            -0.20782087743282318
        ],
        [
            0.1298699527978897,
            -0.7876521944999695,
            -0.20678496360778809
        ],
        [
            0.16705597937107086,
            -0.7727372646331787,
            -0.1968606561422348
        ],
        [
            0.15988464653491974,
            -0.772824764251709,
            -0.19861356914043427
        ],
        [
            0.16026750206947327,
            -0.7661046981811523,
            -0.1948619931936264
        ],
        [
            0.16733993589878082,
            -0.7649805545806885,
            -0.19138042628765106
        ],
        [
            0.15807096660137177,
            -0.7609198689460754,
            -0.19168919324874878
        ],
        [
            0.16654300689697266,
            -0.7577720284461975,
            -0.18617305159568787
        ],
        [
            0.15599223971366882,
            -0.7465646862983704,
            -0.1796855330467224
        ],
        [
            0.16140751540660858,
            -0.7512657642364502,
            -0.18247412145137787
        ],
        [
            0.15351271629333496,
            -0.7564681768417358,
            -0.189363032579422
        ],
        [
            0.14647188782691956,
            -0.752721905708313,
            -0.18905146420001984
        ],
        [
            0.13229811191558838,
            -0.7601027488708496,
            -0.19289855659008026
        ],
        [
            0.1256856918334961,
            -0.7601778507232666,
            -0.1928246021270752
        ],
        [
            0.12872616946697235,
            -0.747316837310791,
            -0.1902405321598053
        ],
        [
            0.13718360662460327,
            -0.7491463422775269,
            -0.18983691930770874
        ],
        [
            0.13665291666984558,
            -0.780228316783905,
            -0.19993355870246887
        ],
        [
            0.14134696125984192,
            -0.7794969081878662,
            -0.19896486401557922
        ],
        [
            0.14077839255332947,
            -0.7806543111801147,
            -0.20147742331027985
        ],
        [
            0.13589343428611755,
            -0.7825496196746826,
            -0.20300701260566711
        ],
        [
            0.14523854851722717,
            -0.7784093022346497,
            -0.19867494702339172
        ],
        [
            0.14694920182228088,
            -0.777800977230072,
            -0.19862762093544006
        ],
        [
            0.14643512666225433,
            -0.7790179252624512,
            -0.19992795586585999
        ],
        [
            0.14480271935462952,
            -0.7792650461196899,
            -0.19935745000839233
        ],
        [
            0.14280855655670166,
            -0.779370903968811,
            -0.19903287291526794
        ],
        [
            0.14145466685295105,
            -0.777694821357727,
            -0.1985732913017273
        ],
        [
            0.1441628634929657,
            -0.7778043746948242,
            -0.19858181476593018
        ],
        [
            0.13696470856666565,
            -0.7775770425796509,
            -0.19950568675994873
        ],
        [
            0.12232570350170135,
            -0.7779600024223328,
            -0.20118305087089539
        ],
        [
            0.12626031041145325,
            -0.777553141117096,
            -0.2014637589454651
        ],
        [
            0.1261792927980423,
            -0.7823867201805115,
            -0.2009996622800827
        ],
        [
            0.1229107528924942,
            -0.7829676866531372,
            -0.20087383687496185
        ],
        [
            0.14441892504692078,
            -0.781226396560669,
            -0.20138253271579742
        ],
        [
            0.14724373817443848,
            -0.7819852232933044,
            -0.20226232707500458
        ],
        [
            0.1428813636302948,
            -0.7853026390075684,
            -0.2045316994190216
        ],
        [
            0.14165982604026794,
            -0.7830265164375305,
            -0.202836275100708
        ],
        [
            0.14998431503772736,
            -0.7831413745880127,
            -0.20356960594654083
        ],
        [
            0.14891760051250458,
            -0.7796461582183838,
            -0.20055557787418365
        ],
        [
            0.1522296965122223,
            -0.7794568538665771,
            -0.20145004987716675
        ],
        [
            0.1461942195892334,
            -0.7761760950088501,
            -0.19801732897758484
        ],
        [
            0.14890903234481812,
            -0.7739003300666809,
            -0.19745539128780365
        ],
        [
            0.14940640330314636,
            -0.7762641310691833,
            -0.19915440678596497
        ],
        [
            0.14642733335494995,
            -0.7712396383285522,
            -0.1962321400642395
        ],
        [
            0.14324890077114105,
            -0.7749003171920776,
            -0.1975100338459015
        ],
        [
            0.13862112164497375,
            -0.773788332939148,
            -0.19818010926246643
        ],
        [
            0.13272130489349365,
            -0.7731181383132935,
            -0.19916552305221558
        ],
        [
            0.1353568732738495,
            -0.7680084705352783,
            -0.1963527947664261
        ],
        [
            0.14161041378974915,
            -0.7692145109176636,
            -0.19603124260902405
        ],
        [
            0.1458766758441925,
            -0.7885798215866089,
            -0.2055317461490631
        ],
        [
            0.1538550853729248,
            -0.7746770977973938,
            -0.19896982610225677
        ],
        [
            0.1581515371799469,
            -0.7799633741378784,
            -0.20168696343898773
        ],
        [
            0.15343263745307922,
            -0.7700763940811157,
            -0.19684290885925293
        ],
        [
            0.15106621384620667,
            -0.766289472579956,
            -0.19461309909820557
        ],
        [
            0.1466037631034851,
            -0.7631261348724365,
            -0.19331949949264526
        ],
        [
            0.13940457999706268,
            -0.7613457441329956,
            -0.19308054447174072
        ],
        [
            0.13454854488372803,
            -0.7393832206726074,
            -0.17874428629875183
        ],
        [
            0.1447780579328537,
            -0.7421386241912842,
            -0.17959964275360107
        ],
        [
            0.1648251861333847,
            -0.853748083114624,
            -0.22633764147758484
        ],
        [
            0.1736292839050293,
            -0.8508069515228271,
            -0.22735585272312164
        ],
        [
            0.17453235387802124,
            -0.8438937067985535,
            -0.22123318910598755
        ],
        [
            0.1765420138835907,
            -0.8456989526748657,
            -0.2223450243473053
        ],
        [
            0.17082899808883667,
            -0.8480114340782166,
            -0.22358082234859467
        ],
        [
            0.17005982995033264,
            -0.8455798625946045,
            -0.2219841480255127
        ],
        [
            0.19177260994911194,
            -0.8345664739608765,
            -0.21155162155628204
        ],
        [
            0.18577924370765686,
            -0.8372629880905151,
            -0.21409901976585388
        ],
        [
            0.18612472712993622,
            -0.8335651159286499,
            -0.21208348870277405
        ],
        [
            0.19228844344615936,
            -0.8278176784515381,
            -0.21011564135551453
        ],
        [
            0.17476218938827515,
            -0.8276207447052002,
            -0.21355700492858887
        ],
        [
            0.18037396669387817,
            -0.8279737234115601,
            -0.21263258159160614
        ],
        [
            0.17697550356388092,
            -0.8351503610610962,
            -0.2152048647403717
        ],
        [
            0.17292559146881104,
            -0.8349118232727051,
            -0.21592789888381958
        ],
        [
            0.16864284873008728,
            -0.8353441953659058,
            -0.2160162776708603
        ],
        [
            0.1644831895828247,
            -0.8363670110702515,
            -0.21546566486358643
        ],
        [
            0.1637701392173767,
            -0.8312884569168091,
            -0.21380603313446045
        ],
        [
            0.1688903570175171,
            -0.829108715057373,
            -0.21399658918380737
        ],
        [
            0.16451866924762726,
            -0.850846529006958,
            -0.2222585529088974
        ],
        [
            0.15827396512031555,
            -0.8521021604537964,
            -0.21898232400417328
        ],
        [
            0.1590966433286667,
            -0.848946750164032,
            -0.21820643544197083
        ],
        [
            0.16417311131954193,
            -0.8476543426513672,
            -0.22138909995555878
        ],
        [
            0.1512458324432373,
            -0.8462557196617126,
            -0.20806053280830383
        ],
        [
            0.1523773968219757,
            -0.8481829166412354,
            -0.21000656485557556
        ],
        [
            0.14894108474254608,
            -0.8503780364990234,
            -0.2099652737379074
        ],
        [
            0.14766035974025726,
            -0.8463676571846008,
            -0.20790070295333862
        ],
        [
            0.14893139898777008,
            -0.8428052663803101,
            -0.20825928449630737
        ],
        [
            0.15171799063682556,
            -0.8442245721817017,
            -0.2086653858423233
        ],
        [
            0.18193615972995758,
            -0.9052067399024963,
            -0.23177626729011536
        ],
        [
            0.17093627154827118,
            -0.8898880481719971,
            -0.23348703980445862
        ],
        [
            0.19963085651397705,
            -0.8956266045570374,
            -0.2257741093635559
        ],
        [
            0.2108345925807953,
            -0.8842922449111938,
            -0.21696355938911438
        ],
        [
            0.21890023350715637,
            -0.8697424530982971,
            -0.20842313766479492
        ],
        [
            0.1772937923669815,
            -0.7757883667945862,
            -0.1941262185573578
        ],
        [
            0.179616779088974,
            -0.7672348022460938,
            -0.18692131340503693
        ],
        [
            0.19315370917320251,
            -0.7735576629638672,
            -0.18096117675304413
        ],
        [
            0.19173571467399597,
            -0.7644567489624023,
            -0.17278508841991425
        ],
        [
            0.1779998391866684,
            -0.7581721544265747,
            -0.1798715442419052
        ],
        [
            0.16440266370773315,
            -0.7443953156471252,
            -0.1675533950328827
        ],
        [
            0.172761470079422,
            -0.7499926090240479,
            -0.17318430542945862
        ],
        [
            0.18803536891937256,
            -0.7568609714508057,
            -0.16261079907417297
        ],
        [
            0.20332372188568115,
            -0.768478274345398,
            -0.15475714206695557
        ],
        [
            0.20424267649650574,
            -0.7735793590545654,
            -0.1664879024028778
        ],
        [
            0.2153557538986206,
            -0.7834872007369995,
            -0.148653045296669
        ],
        [
            0.20337936282157898,
            -0.7633801698684692,
            -0.13929085433483124
        ],
        [
            0.21666425466537476,
            -0.7840205430984497,
            -0.13867297768592834
        ],
        [
            0.1832779049873352,
            -0.7305972576141357,
            -0.12667934596538544
        ],
        [
            0.18469800055027008,
            -0.7194609642028809,
            -0.1193016916513443
        ],
        [
            0.19974786043167114,
            -0.7256733179092407,
            -0.11035401374101639
        ],
        [
            0.19979622960090637,
            -0.7361344695091248,
            -0.11878393590450287
        ],
        [
            0.20287394523620605,
            -0.7805200815200806,
            -0.1762906312942505
        ],
        [
            0.2151181697845459,
            -0.8391631841659546,
            -0.19863241910934448
        ],
        [
            0.20652438700199127,
            -0.8389794826507568,
            -0.20718416571617126
        ],
        [
            0.21608218550682068,
            -0.8268554210662842,
            -0.19334819912910461
        ],
        [
            0.23742154240608215,
            -0.8974721431732178,
            -0.1960338056087494
        ],
        [
            0.22431674599647522,
            -0.8924680948257446,
            -0.20834052562713623
        ],
        [
            0.23034292459487915,
            -0.8766887187957764,
            -0.20196738839149475
        ],
        [
            0.24214042723178864,
            -0.883454442024231,
            -0.1910616010427475
        ],
        [
            0.2163478136062622,
            -0.9370829463005066,
            -0.20061948895454407
        ],
        [
            0.2005147486925125,
            -0.9234219789505005,
            -0.21927747130393982
        ],
        [
            0.21213465929031372,
            -0.9098234176635742,
            -0.21463757753372192
        ],
        [
            0.22650811076164246,
            -0.9197523593902588,
            -0.20046932995319366
        ],
        [
            0.24967420101165771,
            -0.8857696056365967,
            -0.18019835650920868
        ],
        [
            0.25950583815574646,
            -0.8887912631034851,
            -0.164174422621727
        ],
        [
            0.26216965913772583,
            -0.9060252904891968,
            -0.16077375411987305
        ],
        [
            0.24996905028820038,
            -0.903994619846344,
            -0.17980453372001648
        ],
        [
            0.25842031836509705,
            -0.9294024705886841,
            -0.15435771644115448
        ],
        [
            0.24424529075622559,
            -0.9275202751159668,
            -0.17762978374958038
        ],
        [
            0.2170226275920868,
            -0.7722712755203247,
            -0.12365815788507462
        ],
        [
            0.22313722968101501,
            -0.789574384689331,
            -0.12793077528476715
        ],
        [
            0.1991102397441864,
            -0.7490006685256958,
            -0.12925630807876587
        ],
        [
            0.21268656849861145,
            -0.7569898366928101,
            -0.11744150519371033
        ],
        [
            0.2479953169822693,
            -0.949803352355957,
            -0.14575308561325073
        ],
        [
            0.23222962021827698,
            -0.9483287930488586,
            -0.1741374433040619
        ],
        [
            0.26767200231552124,
            -0.8767610788345337,
            -0.11101153492927551
        ],
        [
            0.2704314589500427,
            -0.8920058608055115,
            -0.12363271415233612
        ],
        [
            0.26535719633102417,
            -0.8762738108634949,
            -0.13691307604312897
        ],
        [
            0.26429811120033264,
            -0.8639328479766846,
            -0.12346744537353516
        ],
        [
            0.26700079441070557,
            -0.8899676203727722,
