{
    "pred_cam": [
        1.4903184175491333,
        0.031584858894348145,
        0.3347778916358948
    ],
    "pred_smpl_params": {
        "global_orient": [
            [
                [
                    -0.8602139949798584,
                    0.08136123418807983,
                    -0.5034006237983704
                ],
                [
                    0.048847902566194534,
                    -0.9695020914077759,
                    -0.24016563594341278
                ],
                [
                    -0.5075881481170654,
                    -0.23118390142917633,
                    0.8300049304962158
                ]
            ]
        ],
        "body_pose": [
            [
                [
                    0.9964551329612732,
                    0.03571344166994095,
                    -0.07616893202066422
                ],
                [
                    -0.021568909287452698,
                    0.9836092591285706,
                    0.17901812493801117
                ],
                [
                    0.0813138335943222,
                    -0.1767406463623047,
                    0.9808927774429321
                ]
            ],
            [
                [
                    0.9901032447814941,
                    0.002659371355548501,
                    -0.1403159648180008
                ],
                [
                    0.021484890952706337,
                    0.9851624965667725,
                    0.17027409374713898
                ],
                [
                    0.13868683576583862,
                    -0.17160359025001526,
                    0.9753554463386536
                ]
            ],
            [
                [
                    0.9966236352920532,
                    -0.013795479200780392,
                    0.08093805611133575
                ],
                [
                    0.028726881369948387,
                    0.9820656776428223,
                    -0.18633778393268585
                ],
                [
                    -0.07691586017608643,
                    0.18803374469280243,
                    0.9791461825370789
                ]
            ],
            [
                [
                    0.9853506684303284,
                    -0.07307154685258865,
                    -0.1540927290916443
                ],
                [
                    -0.037475936114788055,
                    0.7886934280395508,
                    -0.6136434078216553
                ],
                [
                    0.16637180745601654,
                    0.6104287505149841,
                    0.7744011878967285
                ]
            ],
            [
                [
                    0.9415259957313538,
                    -0.33287563920021057,
                    0.05217958614230156
                ],
                [
                    0.2113443911075592,
                    0.462832510471344,
                    -0.8608830571174622
                ],
                [
                    0.26241663098335266,
                    0.8215715289115906,
                    0.5061202645301819
                ]
            ],
            [
                [
                    0.9956892132759094,
                    0.01977076381444931,
                    0.09062108397483826
                ],
                [
                    -0.020369116216897964,
                    0.9997763633728027,
                    0.005682692863047123
                ],
                [
                    -0.09048847109079361,
                    -0.00750406738370657,
                    0.9958692789077759
                ]
            ],
            [
                [
                    0.9829604625701904,
                    -0.03429892659187317,
                    0.1805885136127472
                ],
                [
                    0.017089640721678734,
                    0.9952343106269836,
                    0.0960029885172844
                ],
                [
                    -0.1830206960439682,
                    -0.09128095954656601,
                    0.9788621068000793
                ]
            ],
            [
                [
                    0.9784217476844788,
                    0.11423788964748383,
                    -0.17216449975967407
                ],
                [
                    -0.08521212637424469,
                    0.9821901321411133,
                    0.16745580732822418
                ],
                [
                    0.1882280707359314,
                    -0.14917190372943878,
                    0.9707306623458862
                ]
            ],
            [
                [
                    0.9963895082473755,
                    0.02665877901017666,
                    0.08060500025749207
                ],
                [
                    -0.020595841109752655,
                    0.9969606399536133,
                    -0.07513521611690521
                ],
                [
                    -0.08236302435398102,
                    0.07320381700992584,
                    0.9939101934432983
                ]
            ],
            [
                [
                    0.9979766607284546,
                    -0.06051306053996086,
                    -0.019512483850121498
                ],
                [
                    0.06199042126536369,
                    0.9942739009857178,
                    0.08704368770122528
                ],
                [
                    0.014133472926914692,
                    -0.08807715773582458,
                    0.9960134029388428
                ]
            ],
            [
                [
                    0.9986981749534607,
                    -0.026940055191516876,
                    -0.043316613882780075
                ],
                [
                    0.030281785875558853,
                    0.996458888053894,
                    0.07843918353319168
                ],
                [
                    0.04105007275938988,
                    -0.07964876294136047,
                    0.9959774613380432
                ]
            ],
            [
                [
                    0.997687816619873,
                    0.06446646898984909,
                    -0.02152012474834919
                ],
                [
                    -0.0643831267952919,
                    0.9979148507118225,
                    0.004544369876384735
                ],
                [
                    0.02176821418106556,
                    -0.003148329444229603,
                    0.9997580647468567
                ]
            ],
            [
                [
                    0.9048875570297241,
                    0.4233347475528717,
                    0.04434094950556755
                ],
                [
                    -0.42430955171585083,
                    0.9053915739059448,
                    0.015081980265676975
                ],
                [
                    -0.033761195838451385,
                    -0.03246178850531578,
                    0.9989025592803955
                ]
            ],
            [
                [
                    0.8954405784606934,
                    -0.436816543340683,
                    0.08589264750480652
                ],
                [
                    0.43735435605049133,
                    0.8991886377334595,
                    0.013454323634505272
                ],
                [
                    -0.0831107571721077,
                    0.02551797404885292,
                    0.9962136149406433
                ]
            ],
            [
                [
                    0.9954556226730347,
                    0.029222629964351654,
                    -0.09063229709863663
                ],
                [
                    -0.05394131690263748,
                    0.95737224817276,
                    -0.28377580642700195
                ],
                [
                    0.07847617566585541,
                    0.2873750329017639,
                    0.9545978903770447
                ]
            ],
            [
                [
                    0.5097135305404663,
                    0.8179482221603394,
                    -0.2667449414730072
                ],
                [
                    -0.8516983985900879,
                    0.5235702395439148,
                    -0.022001944482326508
                ],
                [
                    0.12166325002908707,
                    0.23840093612670898,
                    0.9635160565376282
                ]
            ],
            [
                [
                    0.46377477049827576,
                    -0.8511902093887329,
                    0.24574002623558044
                ],
                [
                    0.8610089421272278,
                    0.4983872175216675,
                    0.10135944932699203
                ],
                [
                    -0.20874986052513123,
                    0.16457641124725342,
                    0.9640218019485474
                ]
            ],
            [
                [
                    0.8280238509178162,
                    -0.1400948464870453,
                    -0.5429087281227112
                ],
                [
                    0.09767182171344757,
                    0.9895173907279968,
                    -0.10637454688549042
                ],
                [
                    0.5521201491355896,
                    0.03505377098917961,
                    0.8330273032188416
                ]
            ],
            [
                [
                    0.8097426891326904,
                    0.24437105655670166,
                    0.5334786176681519
                ],
                [
                    -0.2095772922039032,
                    0.9696328639984131,
                    -0.1260528713464737
                ],
                [
                    -0.548082172870636,
                    -0.009734630584716797,
                    0.8363677263259888
                ]
            ],
            [
                [
                    0.9992147088050842,
                    0.007729686796665192,
                    0.038860954344272614
                ],
                [
                    -0.008225739933550358,
                    0.9998865127563477,
                    0.012621193192899227
                ],
                [
                    -0.038758985698223114,
                    -0.01293094176799059,
                    0.999164879322052
                ]
            ],
            [
                [
                    0.9987313151359558,
                    0.010314706712961197,
                    -0.049286942929029465
                ],
                [
                    -0.011622540652751923,
                    0.9995859265327454,
                    -0.02632325142621994
                ],
                [
                    0.048995018005371094,
                    0.026862701401114464,
                    0.9984376430511475
                ]
            ],
            [
                [
                    0.9660904407501221,
                    0.23337514698505402,
                    -0.110477976500988
                ],
                [
                    -0.21474145352840424,
                    0.9637914299964905,
                    0.1580890566110611
                ],
                [
                    0.1433717906475067,
                    -0.1290041208267212,
                    0.9812250137329102
                ]
            ],
            [
                [
                    0.9706173539161682,
                    -0.23120412230491638,
                    0.06668301671743393
                ],
                [
                    0.2183237373828888,
                    0.9626780152320862,
                    0.15995556116104126
                ],
                [
                    -0.1011766567826271,
                    -0.1406971663236618,
                    0.9848693609237671
                ]
            ]
        ],
        "betas": [
            -0.3163561224937439,
            -0.3417251408100128,
            0.18977370858192444,
            0.5710954666137695,
            0.23270095884799957,
            0.04943228140473366,
            -0.015023976564407349,
            -0.13738346099853516,
            0.0636916309595108,
            -0.14534354209899902
        ]
    },
    "pred_cam_t": [
        0.031584858894348145,
        0.3347778916358948,
        26.21084213256836
    ],
    "focal_length": [
        5000.0,
        5000.0
    ],
    "pred_keypoints_3d": [
        [
            -0.10595045238733292,
            -0.8208532333374023,
            0.06078469008207321
        ],
        [
            0.014481531456112862,
            -0.7290166020393372,
            -0.05334543436765671
        ],
        [
            0.1464959681034088,
            -0.6369606852531433,
            0.0814691036939621
        ],
        [
            0.14357419312000275,
            -0.3918418288230896,
            0.11474741995334625
        ],
        [
            0.04689916968345642,
            -0.22609728574752808,
            0.2712971270084381
        ],
        [
            -0.09894885122776031,
            -0.6104232668876648,
            -0.17472350597381592
        ],
        [
            -0.09668117761611938,
            -0.35714608430862427,
            -0.17581750452518463
        ],
        [
            -0.21347421407699585,
            -0.17306429147720337,
            -0.07076527923345566
        ],
        [
            -0.0018936848500743508,
            -0.22719034552574158,
            0.028904331848025322
        ],
        [
            0.051203653216362,
            -0.14219585061073303,
            0.08091068267822266
        ],
        [
            0.026538603007793427,
            0.1985495388507843,
            0.22428889572620392
        ],
        [
            -0.00620550662279129,
            0.4578894078731537,
            -0.05827350914478302
        ],
        [
            -0.06596644967794418,
            -0.13394451141357422,
            0.009134072810411453
        ],
        [
            -0.14243227243423462,
            0.1979142427444458,
            0.13293643295764923
        ],
        [
            -0.08838127553462982,
            0.5592056512832642,
            0.012931570410728455
        ],
        [
            -0.07099665701389313,
            -0.8701870441436768,
            0.05482061952352524
        ],
        [
            -0.12224817276000977,
            -0.857458770275116,
            0.01486123912036419
        ],
        [
            0.020586863160133362,
            -0.8774023652076721,
            0.004754848778247833
        ],
        [
            -0.09382712841033936,
            -0.8504381775856018,
            -0.08347461372613907
        ],
        [
            -0.16429993510246277,
            0.6383816003799438,
            0.17646649479866028
        ],
        [
            -0.20549726486206055,
            0.6340650320053101,
            0.10361196100711823
        ],
        [
            -0.07020226120948792,
            0.5820449590682983,
            -0.04882252216339111
        ],
        [
            -0.055332083255052567,
            0.5899798274040222,
            0.0781475305557251
        ],
        [
            0.02451423928141594,
            0.5841660499572754,
            0.04603809118270874
        ],
        [
            0.007955741137266159,
            0.4660753309726715,
            -0.1268273890018463
        ],
        [
            0.028286796063184738,
            0.4113284945487976,
            -0.04333171620965004
        ],
        [
            0.031552042812108994,
            0.14267726242542267,
            0.21766367554664612
        ],
        [
            0.13433581590652466,
            -0.2617295980453491,
            0.08640757203102112
        ],
        [
            -0.11585588753223419,
            -0.23012150824069977,
            -0.07066464424133301
        ],
        [
            -0.14879760146141052,
            0.15942475199699402,
            0.11900612711906433
        ],
        [
            -0.0905739963054657,
            0.5202706456184387,
            -0.006149055901914835
        ],
        [
            0.03268400952219963,
            -0.25883451104164124,
            0.2695930004119873
        ],
        [
            0.15378454327583313,
            -0.4164378046989441,
            0.1468731313943863
        ],
        [
            0.12024825811386108,
            -0.6696496605873108,
            0.05227746441960335
        ],
        [
            -0.07709838449954987,
            -0.6446386575698853,
            -0.1593414545059204
        ],
        [
            -0.14189037680625916,
            -0.3823908269405365,
            -0.18596650660037994
        ],
        [
            -0.2210334837436676,
            -0.19238442182540894,
            -0.07408247143030167
        ],
        [
            0.011216923594474792,
            -0.7155154347419739,
            -0.05241493508219719
        ],
        [
            -0.06203046813607216,
            -0.9127566814422607,
            -0.029765790328383446
        ],
        [
            0.008637520484626293,
            -0.24605636298656464,
            0.007275728043168783
        ],
        [
            0.020898282527923584,
            -0.6562314629554749,
            -0.05071430653333664
        ],
        [
            0.02828187867999077,
            -0.4869736135005951,
            -0.03841663524508476
        ],
        [
            -0.06049525365233421,
            -0.801874041557312,
            -0.0019725076854228973
        ],
        [
            -0.05749011039733887,
            -0.9326493144035339,
            -0.03388845548033714
        ]
    ],
    "pred_vertices": [
        [
            -0.14192095398902893,
            -0.9012168049812317,
            0.007003016769886017
        ],
        [
            -0.13766829669475555,
            -0.887397289276123,
            0.016085553914308548
        ],
        [
            -0.13993926346302032,
            -0.8827759623527527,
            0.0027757007628679276
        ],
        [
            -0.14171485602855682,
            -0.8933172821998596,
            -0.008653908036649227
        ],
        [
            -0.13833117485046387,
            -0.8739527463912964,
            0.009935960173606873
        ],
        [
            -0.13514003157615662,
            -0.8763118386268616,
            0.021423516795039177
        ],
        [
            -0.13766305148601532,
            -0.8767396211624146,
            -0.00941383931785822
        ],
        [
            -0.1374344527721405,
            -0.8835648894309998,
            -0.021459799259901047
        ],
        [
            -0.1276237517595291,
            -0.8419029712677002,
            -0.021456005051732063
        ],
        [
            -0.12397343665361404,
            -0.83777916431427,
            -0.031240185722708702
        ],
        [
            -0.12746994197368622,
            -0.8496350646018982,
            -0.029987845569849014
        ],
        [
            -0.12906506657600403,
            -0.850899338722229,
            -0.019811950623989105
        ],
        [
            -0.11870351433753967,
            -0.8174054026603699,
            -0.022905241698026657
        ],
        [
            -0.11705504357814789,
            -0.808779239654541,
            -0.01223959494382143
        ],
        [
            -0.11088041961193085,
            -0.8006884455680847,
            -0.021082011982798576
        ],
        [
            -0.11091486364603043,
            -0.8091207146644592,
            -0.031618256121873856
        ],
        [
            -0.10946191847324371,
            -0.8262674808502197,
            0.02563917450606823
        ],
        [
            -0.11157339811325073,
            -0.8189157247543335,
            0.02160201221704483
        ],
        [
            -0.11557665467262268,
            -0.8246251344680786,
            0.018523814156651497
        ],
        [
            -0.11254039406776428,
            -0.8313928842544556,
            0.022796791046857834
        ],
        [
            -0.10817339271306992,
            -0.8368086814880371,
            0.03610613942146301
        ],
        [
            -0.1082194447517395,
            -0.8422760367393494,
            0.0327627956867218
        ],
        [
            -0.10858320444822311,
            -0.8464308977127075,
            0.03958777338266373
        ],
        [
            -0.10970988124608994,
            -0.8399854898452759,
            0.04325921833515167
        ],
        [
            -0.10410524904727936,
            -0.8223122358322144,
            0.02902056835591793
        ],
        [
            -0.10617274045944214,
            -0.8147684335708618,
            0.02442614920437336
        ],
        [
            -0.10806295275688171,
            -0.8324949145317078,
            0.029622822999954224
        ],
        [
            -0.1067211925983429,
            -0.8283568024635315,
            0.032803889364004135
        ],
        [
            -0.10969880223274231,
            -0.8220089673995972,
            0.042832497507333755
        ],
        [
            -0.11105622351169586,
            -0.8263591527938843,
            0.04062637314200401
        ],
        [
            -0.11290794610977173,
            -0.8273482322692871,
            0.048113465309143066
        ],
        [
            -0.11030226200819016,
            -0.8223628997802734,
            0.04850886017084122
        ],
        [
            -0.10577316582202911,
            -0.8217359185218811,
            0.033833831548690796
        ],
        [
            -0.10868348926305771,
            -0.8241440057754517,
            0.035670019686222076
        ],
        [
            -0.10738635063171387,
            -0.8208027482032776,
            0.039077240973711014
        ],
        [
            -0.10372211784124374,
            -0.8193409442901611,
            0.03740348294377327
        ],
        [
            -0.1085057407617569,
            -0.8325071334838867,
            0.038784436881542206
        ],
        [
            -0.11112146079540253,
            -0.8341541290283203,
            0.04599488526582718
        ],
        [
            -0.11290394514799118,
            -0.8356257677078247,
            0.05390181392431259
        ],
        [
            -0.1136254146695137,
            -0.82698655128479,
            0.05619024857878685
        ],
        [
            -0.11276772618293762,
            -0.8043282628059387,
            0.010016294196248055
        ],
        [
            -0.11319561302661896,
            -0.8114967346191406,
            0.016364801675081253
        ],
        [
            -0.10818009823560715,
            -0.8079044818878174,
            0.019704777747392654
        ],
        [
            -0.10875405371189117,
            -0.8019475340843201,
            0.014585774391889572
        ],
        [
            -0.10170295089483261,
            -0.8165465593338013,
            0.03407293185591698
        ],
        [
            -0.10109071433544159,
            -0.8004626035690308,
            0.03226029500365257
        ],
        [
            -0.10226314514875412,
            -0.8040483593940735,
            0.03215377405285835
        ],
        [
            -0.10036077350378036,
            -0.8055881857872009,
            0.03899975121021271
        ],
        [
            -0.09967876225709915,
            -0.8021161556243896,
            0.03855128586292267
        ],
        [
            -0.10758285224437714,
            -0.7906718254089355,
            0.00025345664471387863
        ],
        [
            -0.1058521717786789,
            -0.790244460105896,
            0.007354717701673508
        ],
        [
            -0.10291658341884613,
            -0.7838784456253052,
            0.005143213085830212
        ],
        [
            -0.10305376350879669,
            -0.783363938331604,
            -0.002578689716756344
        ],
        [
            -0.09912022948265076,
            -0.7790704965591431,
            0.005759913474321365
        ],
        [
            -0.09819774329662323,
            -0.776669979095459,
            -0.004250828642398119
        ],
        [
            -0.0881693959236145,
            -0.7650166749954224,
            0.0017704637721180916
        ],
        [
            -0.09293194115161896,
            -0.770095705986023,
            -0.0015450691571459174
        ],
        [
            -0.09513558447360992,
            -0.7744970321655273,
            0.00865077693015337
        ],
        [
            -0.09187624603509903,
            -0.7703002691268921,
            0.014509943313896656
        ],
        [
            -0.08929509669542313,
            -0.775941014289856,
            0.028821608051657677
        ],
        [
            -0.08635466545820236,
            -0.7755221724510193,
            0.034512050449848175
        ],
        [
            -0.08575085550546646,
            -0.7633762359619141,
            0.03023649752140045
        ],
        [
            -0.08876148611307144,
            -0.7659473419189453,
            0.022884642705321312
        ],
        [
            -0.09690479189157486,
            -0.7954989671707153,
            0.028973976150155067
        ],
        [
            -0.09806391596794128,
            -0.7951882481575012,
            0.024326141923666
        ],
        [
            -0.1000654548406601,
            -0.7962137460708618,
            0.025897439569234848
        ],
        [
            -0.0993470549583435,
            -0.7976304292678833,
            0.031008560210466385
        ],
        [
            -0.09946445375680923,
            -0.7945170998573303,
            0.020644567906856537
        ],
        [
            -0.1001509353518486,
            -0.7940436601638794,
            0.0190683975815773
        ],
        [
            -0.10108617693185806,
            -0.7951259613037109,
            0.020093899220228195
        ],
        [
            -0.09998936951160431,
            -0.7951184511184692,
            0.021110672503709793
        ],
        [
            -0.09883660078048706,
            -0.7950984239578247,
            0.022820010781288147
        ],
        [
            -0.09785350412130356,
            -0.7934123277664185,
            0.023788804188370705
        ],
        [
            -0.09893293678760529,
            -0.7938615083694458,
            0.021575476974248886
        ],
        [
            -0.09683816879987717,
            -0.7929283380508423,
            0.028220050036907196
        ],
        [
            -0.0917816013097763,
            -0.7920681238174438,
            0.04237445443868637
        ],
        [
            -0.0939868688583374,
            -0.7919794321060181,
            0.03869013488292694
        ],
        [
            -0.09340088814496994,
            -0.7965878844261169,
            0.038840968161821365
        ],
        [
            -0.09155638515949249,
            -0.7969821095466614,
            0.04200104996562004
        ],
        [
            -0.1013135015964508,
            -0.7969423532485962,
            0.022669505327939987
        ],
        [
            -0.10334144532680511,
            -0.7980760335922241,
            0.020488770678639412
        ],
        [
            -0.10339222848415375,
            -0.8009081482887268,
            0.025431424379348755
        ],
        [
            -0.1015227884054184,
            -0.7985891103744507,
            0.025792710483074188
        ],
        [
            -0.10571205615997314,
            -0.7993307113647461,
            0.018525172024965286
        ],
        [
            -0.10264945030212402,
            -0.7959320545196533,
            0.01816370338201523
        ],
        [
            -0.10458650439977646,
            -0.7960714101791382,
            0.015860164538025856
        ],
        [
            -0.09928704798221588,
            -0.792504608631134,
            0.019412936642766
        ],
        [
            -0.09992171823978424,
            -0.7906057834625244,
            0.01660444401204586
        ],
        [
            -0.10162989795207977,
            -0.7928482294082642,
            0.01697617582976818
        ],
        [
            -0.09792917966842651,
            -0.7878394722938538,
            0.018260357901453972
        ],
        [
            -0.0976773053407669,
            -0.7910394668579102,
            0.021811267361044884
        ],
        [
            -0.09642961621284485,
            -0.7895835638046265,
            0.02622131258249283
        ],
        [
            -0.094930000603199,
            -0.7883719205856323,
            0.03186105191707611
        ],
        [
            -0.09363091737031937,
            -0.7837405204772949,
            0.028075294569134712
        ],
        [
            -0.09592758864164352,
            -0.7854124307632446,
            0.02244257926940918
        ],
        [
            -0.10518181324005127,
            -0.8043336868286133,
            0.02363325096666813
        ],
        [
            -0.10342728346586227,
            -0.7916383743286133,
            0.012832874432206154
        ],
        [
            -0.10765790194272995,
            -0.7969632148742676,
            0.010505381971597672
        ],
        [
            -0.1014607846736908,
            -0.7872366905212402,
            0.01212874986231327
        ],
        [
            -0.09861171245574951,
            -0.7834725379943848,
            0.013240990228950977
        ],
        [
            -0.09546022117137909,
            -0.7803125381469727,
            0.016774829477071762
        ],
        [
            -0.0925234705209732,
            -0.7777743339538574,
            0.02274300903081894
        ],
        [
            -0.07854874432086945,
            -0.7560641169548035,
            0.01998141221702099
        ],
        [
            -0.08346828818321228,
            -0.7598091959953308,
            0.011565076187252998
        ],
        [
            -0.13005000352859497,
            -0.869850754737854,
            0.020723707973957062
        ],
        [
            -0.13458237051963806,
            -0.8676019906997681,
            0.013178011402487755
        ],
        [
            -0.12990984320640564,
            -0.8607839345932007,
            0.009196467697620392
        ],
        [
            -0.13194996118545532,
            -0.8627493381500244,
            0.007663143798708916
        ],
        [
            -0.13030210137367249,
            -0.8645282983779907,
            0.013882318511605263
        ],
        [
            -0.1287941336631775,
            -0.8619383573532104,
            0.013654578477144241
        ],
        [
            -0.12859199941158295,
            -0.8532352447509766,
            -0.011404799297451973
        ],
        [
            -0.12825597822666168,
            -0.855252742767334,
            -0.0047235190868377686
        ],
        [
            -0.12659230828285217,
            -0.8517801761627197,
            -0.006023537367582321
        ],
        [
            -0.12788601219654083,
            -0.846584141254425,
            -0.012886907905340195
        ],
        [
            -0.1235416829586029,
            -0.8449192047119141,
            0.004278089851140976
        ],
        [
            -0.12503014504909515,
            -0.8457781076431274,
            -0.0010040085762739182
        ],
        [
            -0.12554119527339935,
            -0.8524938821792603,
            0.0033687781542539597
        ],
        [
            -0.12460435926914215,
            -0.8518530130386353,
            0.007242647930979729
        ],
        [
            -0.1229209303855896,
            -0.851839542388916,
            0.011193616315722466
        ],
        [
            -0.12056415528059006,
            -0.8525725603103638,
            0.014930075034499168
        ],
        [
            -0.11898963153362274,
            -0.8474407196044922,
            0.014303166419267654
        ],
        [
            -0.12138780951499939,
            -0.8457785844802856,
            0.009622674435377121
        ],
        [
            -0.12667609751224518,
            -0.8665536642074585,
            0.018986184149980545
        ],
        [
            -0.1208762377500534,
            -0.8674089908599854,
            0.023385431617498398
        ],
        [
            -0.12066786736249924,
            -0.864303708076477,
            0.0219938512891531
        ],
        [
            -0.12578539550304413,
            -0.8634519577026367,
            0.01854756660759449
        ],
        [
            -0.1081487238407135,
            -0.8611235022544861,
            0.024491414427757263
        ],
        [
            -0.11040828377008438,
            -0.8630865812301636,
            0.024584095925092697
        ],
        [
            -0.10888183116912842,
            -0.8650202751159668,
            0.027693647891283035
        ],
        [
            -0.10648873448371887,
            -0.860938310623169,
            0.027569256722927094
        ],
        [
            -0.10729443281888962,
            -0.8575576543807983,
            0.02617284655570984
        ],
        [
            -0.1088547557592392,
            -0.8591549396514893,
            0.023993313312530518
        ],
        [
            -0.14032356441020966,
            -0.923358142375946,
            0.010980973020195961
        ],
        [
            -0.13744142651557922,
            -0.9074167609214783,
            0.021397996693849564
        ],
        [
            -0.1424480527639389,
            -0.9153002500534058,
            -0.007659967988729477
        ],
        [
            -0.13972289860248566,
            -0.9046757817268372,
            -0.022576164454221725
        ],
        [
            -0.13626818358898163,
            -0.8911969065666199,
            -0.034513816237449646
        ],
        [
            -0.10949070751667023,
            -0.7943606376647949,
            -0.009801054373383522
        ],
        [
            -0.10435756295919418,
            -0.7864773869514465,
            -0.015325795859098434
        ],
        [
            -0.10399067401885986,
            -0.7935049533843994,
            -0.029479023069143295
        ],
        [
            -0.09679727256298065,
            -0.7849328517913818,
            -0.03205230459570885
        ],
        [
            -0.09770382940769196,
            -0.7778254747390747,
            -0.017168736085295677
        ],
        [
            -0.08218390494585037,
            -0.762930154800415,
            -0.010773936286568642
        ],
        [
            -0.09037604928016663,
            -0.7694544792175293,
            -0.015705300495028496
        ],
        [
            -0.08762167394161224,
            -0.7769783735275269,
            -0.03345288336277008
        ],
        [
            -0.08660632371902466,
            -0.7890182733535767,
            -0.05019678175449371
        ],
        [
            -0.09553300589323044,
            -0.7944833040237427,
            -0.04523785784840584
        ],
        [
            -0.08526301383972168,
            -0.8049958944320679,
            -0.06271711736917496
        ],
        [
            -0.07451091706752777,
            -0.7841086387634277,
            -0.0562862753868103
        ],
        [
            -0.07735550403594971,
            -0.8056958913803101,
            -0.06770959496498108
        ],
        [
            -0.060116611421108246,
            -0.7532715797424316,
            -0.04193415865302086
        ],
        [
            -0.05747709050774574,
            -0.7438751459121704,
            -0.045431818813085556
        ],
        [
            -0.05632469803094864,
            -0.7499653697013855,
            -0.0629304051399231
        ],
        [
            -0.06015505641698837,
            -0.7595871686935425,
            -0.05993761867284775
        ],
        [
            -0.10349099338054657,
            -0.8010129332542419,
            -0.039925020188093185
        ],
        [
            -0.12665677070617676,
            -0.8608905076980591,
            -0.03739749640226364
        ],
        [
            -0.13037821650505066,
            -0.8599086999893188,
            -0.0258722472935915
        ],
        [
            -0.12224890291690826,
            -0.8486679792404175,
            -0.04096817225217819
        ],
        [
            -0.13258108496665955,
            -0.9203720092773438,
            -0.054937560111284256
        ],
        [
            -0.13875745236873627,
            -0.9143412113189697,
            -0.038427360355854034
        ],
        [
            -0.13526254892349243,
            -0.8990317583084106,
            -0.0472823902964592
        ],
        [
            -0.13044047355651855,
            -0.9066337943077087,
            -0.06230808049440384
        ],
        [
            -0.12646716833114624,
            -0.957950234413147,
            -0.030605079606175423
        ],
        [
            -0.13730007410049438,
            -0.942612886428833,
            -0.00949791818857193
        ],
        [
            -0.13842493295669556,
            -0.9301286935806274,
            -0.023392045870423317
        ],
        [
            -0.13099758327007294,
            -0.9416767358779907,
            -0.04133916646242142
        ],
        [
            -0.12401928752660751,
            -0.9095087051391602,
            -0.07411792874336243
        ],
        [
            -0.11334449052810669,
            -0.9134113788604736,
            -0.08896876871585846
        ],
        [
            -0.11012240499258041,
            -0.930574893951416,
            -0.09191784262657166
        ],
        [
            -0.12298359721899033,
            -0.9282136559486389,
            -0.07314879447221756
        ],
        [
            -0.10181625932455063,
            -0.9535903930664062,
            -0.08920042216777802
        ],
        [
            -0.11746600270271301,
            -0.9506160020828247,
            -0.06674209982156754
        ],
        [
            -0.06509812921285629,
            -0.7944831848144531,
            -0.07380212098360062
        ],
        [
            -0.06966760009527206,
            -0.8124434351921082,
            -0.07714460790157318
        ],
        [
            -0.06601661443710327,
            -0.7709472179412842,
            -0.05563793331384659
        ],
        [
            -0.06080682575702667,
            -0.7794675827026367,
            -0.07239342480897903
        ],
        [
            -0.08872011303901672,
            -0.972286581993103,
            -0.08170539140701294
        ],
        [
            -0.10858386009931564,
            -0.9703705310821533,
            -0.05592691898345947
        ],
        [
            -0.06906753778457642,
            -0.9013994932174683,
            -0.12002843618392944
        ],
        [
            -0.08074916899204254,
            -0.9168878793716431,
            -0.11545270681381226
        ],
        [
            -0.09162864089012146,
            -0.901013970375061,
