{
    "pred_cam": [
        1.4622842073440552,
        0.027640582993626595,
        0.34803274273872375
    ],
    "pred_smpl_params": {
        "global_orient": [
            [
                [
                    -0.9474028944969177,
                    0.05744323506951332,
                    -0.31484586000442505
                ],
                [
                    0.0035173550713807344,
                    -0.9818322658538818,
                    -0.1897181123495102
                ],
                [
                    -0.32002386450767517,
                    -0.1808469295501709,
                    0.92998868227005
                ]
            ]
        ],
        "body_pose": [
            [
                [
                    0.9929569363594055,
                    0.03871658444404602,
                    -0.11197084188461304
                ],
                [
                    -0.01547251082956791,
                    0.9793798923492432,
                    0.20143374800682068
                ],
                [
                    0.11746083199977875,
                    -0.19828258454799652,
                    0.973081111907959
                ]
            ],
            [
                [
                    0.9981180429458618,
                    -0.016184326261281967,
                    -0.05914761871099472
                ],
                [
                    0.03056562878191471,
                    0.9674871563911438,
                    0.2510663568973541
                ],
                [
                    0.053161222487688065,
                    -0.25240176916122437,
                    0.9661610722541809
                ]
            ],
            [
                [
                    0.9987492561340332,
                    -0.006688019260764122,
                    0.04954959824681282
                ],
                [
                    0.015439062379300594,
                    0.9838362336158752,
                    -0.17840392887592316
                ],
                [
                    -0.04755552113056183,
                    0.17894579470157623,
                    0.9827089905738831
                ]
            ],
            [
                [
                    0.9798374772071838,
                    -0.143915057182312,
                    -0.13858917355537415
                ],
                [
                    -0.08279073983430862,
                    0.33883658051490784,
                    -0.9371955394744873
                ],
                [
                    0.1818356215953827,
                    0.929773211479187,
                    0.3200899362564087
                ]
            ],
            [
                [
                    0.9505611658096313,
                    -0.26426854729652405,
                    0.16308164596557617
                ],
                [
                    0.21915769577026367,
                    0.1988307237625122,
                    -0.9552152752876282
                ],
                [
                    0.22000771760940552,
                    0.9437311291694641,
                    0.2469172477722168
                ]
            ],
            [
                [
                    0.996917188167572,
                    0.02109111286699772,
                    0.07557299733161926
                ],
                [
                    -0.023358620703220367,
                    0.9992992877960205,
                    0.029246948659420013
                ],
                [
                    -0.07490318268537521,
                    -0.030922066420316696,
                    0.9967113137245178
                ]
            ],
            [
                [
                    0.9837841391563416,
                    -0.05861327797174454,
                    0.16950885951519012
                ],
                [
                    0.024248430505394936,
                    0.9798827171325684,
                    0.1980953961610794
                ],
                [
                    -0.17770984768867493,
                    -0.19077278673648834,
                    0.9654143452644348
                ]
            ],
            [
                [
                    0.977333664894104,
                    0.13510353863239288,
                    -0.1629907488822937
                ],
                [
                    -0.09726762026548386,
                    0.9703851938247681,
                    0.22111427783966064
                ],
                [
                    0.18803714215755463,
                    -0.20024870336055756,
                    0.9615313410758972
                ]
            ],
            [
                [
                    0.9977944493293762,
                    0.019183097407221794,
                    0.06354711949825287
                ],
                [
                    -0.015334109775722027,
                    0.9980496764183044,
                    -0.06051251292228699
                ],
                [
                    -0.06458399444818497,
                    0.059404611587524414,
                    0.996142566204071
                ]
            ],
            [
                [
                    0.9979162812232971,
                    -0.05106028541922569,
                    -0.039446450769901276
                ],
                [
                    0.05661952123045921,
                    0.9861548542976379,
                    0.15586164593696594
                ],
                [
                    0.03094196878373623,
                    -0.1577703058719635,
                    0.9869909882545471
                ]
            ],
            [
                [
                    0.9988638758659363,
                    -0.009564308449625969,
                    -0.046684738248586655
                ],
                [
                    0.016679104417562485,
                    0.9878547191619873,
                    0.15448303520679474
                ],
                [
                    0.044640205800533295,
                    -0.15508617460727692,
                    0.9868919253349304
                ]
            ],
            [
                [
                    0.9894689321517944,
                    0.04344217851758003,
                    -0.1380724012851715
                ],
                [
                    -0.02857118844985962,
                    0.9937493205070496,
                    0.10791675746440887
                ],
                [
                    0.14189749956130981,
                    -0.10283538699150085,
                    0.9845252633094788
                ]
            ],
            [
                [
                    0.8835613131523132,
                    0.46614012122154236,
                    0.04508575424551964
                ],
                [
                    -0.4667837619781494,
                    0.8843607902526855,
                    0.004346702713519335
                ],
                [
                    -0.037845902144908905,
                    -0.0248858742415905,
                    0.9989736080169678
                ]
            ],
            [
                [
                    0.8938625454902649,
                    -0.4405045211315155,
                    0.08345934003591537
                ],
                [
                    0.4413435757160187,
                    0.8972919583320618,
                    0.009113539010286331
                ],
                [
                    -0.07890193909406662,
                    0.028687991201877594,
                    0.9964694976806641
                ]
            ],
            [
                [
                    0.9904800057411194,
                    -0.007980968803167343,
                    -0.1374247819185257
                ],
                [
                    -0.024864165112376213,
                    0.9715251326560974,
                    -0.23562830686569214
                ],
                [
                    0.1353921741247177,
                    0.2368021011352539,
                    0.962077796459198
                ]
            ],
            [
                [
                    0.5074374079704285,
                    0.8259696364402771,
                    -0.2455228865146637
                ],
                [
                    -0.8569972515106201,
                    0.5134468078613281,
                    -0.043910231441259384
                ],
                [
                    0.08979442715644836,
                    0.2326941192150116,
                    0.9683958292007446
                ]
            ],
            [
                [
                    0.4396950304508209,
                    -0.8595691919326782,
                    0.26040178537368774
                ],
                [
                    0.8842390775680542,
                    0.4651182293891907,
                    0.042264845222234726
                ],
                [
                    -0.1574471890926361,
                    0.2116737812757492,
                    0.9645748138427734
                ]
            ],
            [
                [
                    0.8156400322914124,
                    -0.18041859567165375,
                    -0.5497094988822937
                ],
                [
                    0.1361360102891922,
                    0.9833057522773743,
                    -0.12073419243097305
                ],
                [
                    0.5623152256011963,
                    0.02364041469991207,
                    0.8265849947929382
                ]
            ],
            [
                [
                    0.7112886905670166,
                    0.29666125774383545,
                    0.6372287273406982
                ],
                [
                    -0.17341993749141693,
                    0.9526118040084839,
                    -0.24991245567798615
                ],
                [
                    -0.6811710000038147,
                    0.06725174933671951,
                    0.7290289998054504
                ]
            ],
            [
                [
                    0.9986966848373413,
                    0.016408590599894524,
                    0.048329636454582214
                ],
                [
                    -0.014684651978313923,
                    0.9992506504058838,
                    -0.03581203147768974
                ],
                [
                    -0.04888104647397995,
                    0.035055648535490036,
                    0.9981892704963684
                ]
            ],
            [
                [
                    0.9980952739715576,
                    0.009558622725307941,
                    -0.0609462708234787
                ],
                [
                    -0.013309157453477383,
                    0.9980224967002869,
                    -0.06143275648355484
                ],
                [
                    0.060238536447286606,
                    0.06212688609957695,
                    0.9962487816810608
                ]
            ],
            [
                [
                    0.9647417068481445,
                    0.241537407040596,
                    -0.10456150025129318
                ],
                [
                    -0.22519385814666748,
                    0.9631447196006775,
                    0.1471051722764969
                ],
                [
                    0.13623926043510437,
                    -0.1183718889951706,
                    0.983578622341156
                ]
            ],
            [
                [
                    0.9693949222564697,
                    -0.23578588664531708,
                    0.06840084493160248
                ],
                [
                    0.2243216335773468,
                    0.9638913869857788,
                    0.14350323379039764
                ],
                [
                    -0.09976701438426971,
                    -0.12376748770475388,
                    0.9872832894325256
                ]
            ]
        ],
        "betas": [
            -0.2815360426902771,
            -0.1632390022277832,
            0.30808284878730774,
            0.8085346221923828,
            0.18518932163715363,
            0.12727394700050354,
            -0.06159380078315735,
            -0.11429542303085327,
            0.1355348825454712,
            -0.1330333948135376
        ]
    },
    "pred_cam_t": [
        0.027640582993626595,
        0.34803274273872375,
        26.713342666625977
    ],
    "focal_length": [
        5000.0,
        5000.0
    ],
    "pred_keypoints_3d": [
        [
            -0.0390828400850296,
            -0.8567004799842834,
            0.10842020809650421
        ],
        [
            0.011455025523900986,
            -0.7387658357620239,
            -0.03496277332305908
        ],
        [
            0.17019759118556976,
            -0.6362255811691284,
            0.05679748207330704
        ],
        [
            0.16626441478729248,
            -0.38922780752182007,
            0.06914853304624557
        ],
        [
            0.07301078736782074,
            -0.23828889429569244,
            0.24240362644195557
        ],
        [
            -0.13417673110961914,
            -0.6233310699462891,
            -0.12376857548952103
        ],
        [
            -0.1269065886735916,
            -0.36991551518440247,
            -0.1317443996667862
        ],
        [
            -0.21765980124473572,
            -0.18369160592556,
            -0.005753383040428162
        ],
        [
            -0.0021720072254538536,
            -0.2296563684940338,
            0.027551621198654175
        ],
        [
            0.05725594237446785,
            -0.1405828446149826,
            0.0608443021774292
        ],
        [
            0.03814438730478287,
            0.19769899547100067,
            0.21325576305389404
        ],
        [
            0.014234993606805801,
            0.381722629070282,
            -0.12458929419517517
        ],
        [
            -0.0699368268251419,
            -0.13861453533172607,
            0.015457501634955406
        ],
        [
            -0.13068604469299316,
            0.19680455327033997,
            0.14057673513889313
        ],
        [
            -0.1143360435962677,
            0.4205324649810791,
            -0.17246998846530914
        ],
        [
            -0.0023494120687246323,
            -0.8981260061264038,
            0.08239820599555969
        ],
        [
            -0.0670621246099472,
            -0.8940423727035522,
            0.06875234842300415
        ],
        [
            0.05861528217792511,
            -0.8842535614967346,
            -0.0006160140037536621
        ],
        [
            -0.0841226577758789,
            -0.8758875727653503,
            -0.03089183196425438
        ],
        [
            -0.14122307300567627,
            0.5715861916542053,
            -0.05224788188934326
        ],
        [
            -0.20119793713092804,
            0.5412867665290833,
            -0.10142973065376282
        ],
        [
            -0.1159803718328476,
            0.4074043035507202,
            -0.23933404684066772
        ],
        [
            -0.03179406374692917,
            0.536755383014679,
            -0.0138092041015625
        ],
        [
            0.04690716043114662,
            0.5222563743591309,
            -0.0443386435508728
        ],
        [
            0.029433026909828186,
            0.3763258159160614,
            -0.1935739517211914
        ],
        [
            0.04750802367925644,
            0.33909234404563904,
            -0.09937041252851486
        ],
        [
            0.04203084856271744,
            0.14573709666728973,
            0.2077012062072754
        ],
        [
            0.14183056354522705,
            -0.2583678364753723,
            0.05657363682985306
        ],
        [
            -0.13289570808410645,
            -0.24066787958145142,
            -0.04434927925467491
        ],
        [
            -0.1393204927444458,
            0.16196797788143158,
            0.1348053216934204
        ],
        [
            -0.1219952329993248,
            0.37792959809303284,
            -0.16600847244262695
        ],
        [
            0.06109337508678436,
            -0.2718822956085205,
            0.2396617829799652
        ],
        [
            0.18202118575572968,
            -0.41208121180534363,
            0.10046274960041046
        ],
        [
            0.1400022804737091,
            -0.6711162328720093,
            0.03484151512384415
        ],
        [
            -0.10702768713235855,
            -0.6584414839744568,
            -0.11406327784061432
        ],
        [
            -0.1728626787662506,
            -0.3951232135295868,
            -0.128705233335495
        ],
        [
            -0.22458212077617645,
            -0.20330649614334106,
            -0.00648070452734828
        ],
        [
            0.008137896656990051,
            -0.7245380282402039,
            -0.03375899791717529
        ],
        [
            -0.023242004215717316,
            -0.9334580302238464,
            -0.0029440857470035553
        ],
        [
            0.003904215060174465,
            -0.2495340257883072,
            0.00585049856454134
        ],
        [
            0.016090143471956253,
            -0.6639420390129089,
            -0.036542460322380066
        ],
        [
            0.018145397305488586,
            -0.4938949644565582,
            -0.029204096645116806
        ],
        [
            -0.0285625159740448,
            -0.8262544870376587,
            0.03484832122921944
        ],
        [
            -0.01733541488647461,
            -0.9520052671432495,
            -0.01106616947799921
        ]
    ],
    "pred_vertices": [
        [
            -0.0807022899389267,
            -0.9390683174133301,
            0.0643732026219368
        ],
        [
            -0.07543393224477768,
            -0.9253743886947632,
            0.07237536460161209
        ],
        [
            -0.0839943215250969,
            -0.9207056760787964,
            0.06189350038766861
        ],
        [
            -0.08837955445051193,
            -0.9309176206588745,
            0.05079330876469612
        ],
        [
            -0.08074773848056793,
            -0.9123332500457764,
            0.06855615973472595
        ],
        [
            -0.07268515229225159,
            -0.9145009517669678,
            0.07742233574390411
        ],
        [
            -0.08791588991880417,
            -0.9139713048934937,
            0.05046481639146805
        ],
        [
            -0.09143678843975067,
            -0.9202498197555542,
            0.038603756576776505
        ],
        [
            -0.09005725383758545,
            -0.8778785467147827,
            0.039845436811447144
        ],
        [
            -0.09134908020496368,
            -0.8723421096801758,
            0.02987445518374443
        ],
        [
            -0.09219104051589966,
            -0.8843731880187988,
            0.03117097169160843
        ],
        [
            -0.08900124579668045,
            -0.8866485357284546,
            0.04079136624932289
        ],
        [
            -0.08641187101602554,
            -0.8520206212997437,
            0.037776775658130646
        ],
        [
            -0.08171773701906204,
            -0.8438177108764648,
            0.04785199090838432
        ],
        [
            -0.08132041245698929,
            -0.8342164754867554,
            0.03825860470533371
        ],
        [
            -0.08450821042060852,
            -0.8420158624649048,
            0.027800582349300385
        ],
        [
            -0.056144095957279205,
            -0.8613505363464355,
            0.0770910382270813
        ],
        [
            -0.060961902141571045,
            -0.854381799697876,
            0.07514536380767822
        ],
        [
            -0.0648539587855339,
            -0.8605844378471375,
            0.07327000796794891
        ],
        [
            -0.05922504514455795,
            -0.8668456077575684,
            0.07515175640583038
        ],
        [
            -0.04877108708024025,
            -0.871678352355957,
            0.0849388837814331
        ],
        [
            -0.04927188903093338,
            -0.8768755197525024,
            0.08118505030870438
        ],
        [
            -0.04607771337032318,
            -0.8813729286193848,
            0.08703693002462387
        ],
        [
            -0.046603914350271225,
            -0.8754153847694397,
            0.09169526398181915
        ],
        [
            -0.050681158900260925,
            -0.8566101789474487,
            0.07866211980581284
        ],
        [
            -0.05571746081113815,
            -0.8493632674217224,
            0.07615430653095245
        ],
        [
            -0.05217752605676651,
            -0.8674042820930481,
            0.07947929203510284
        ],
        [
            -0.05032964423298836,
            -0.8629624843597412,
            0.08243659138679504
        ],
        [
            -0.04970211535692215,
            -0.8578168153762817,
            0.09348905086517334
        ],
        [
            -0.05105041712522507,
            -0.8622307777404785,
            0.0914916843175888
        ],
        [
            -0.049371495842933655,
            -0.863906741142273,
            0.09900002181529999
        ],
        [
            -0.047714803367853165,
            -0.8585648536682129,
            0.09888633340597153
        ],
        [
            -0.050026990473270416,
            -0.8563748598098755,
            0.0838589072227478
        ],
        [
            -0.05141784995794296,
            -0.8593311309814453,
            0.08642080426216125
        ],
        [
            -0.04939480125904083,
            -0.8559823632240295,
            0.0893925353884697
        ],
        [
            -0.04714769870042801,
            -0.8537968397140503,
            0.08654607832431793
        ],
        [
            -0.04865676164627075,
            -0.867664098739624,
            0.08816917985677719
        ],
        [
            -0.04761079326272011,
            -0.8701169490814209,
            0.09552893787622452
        ],
        [
            -0.045643433928489685,
            -0.8723056316375732,
            0.10329198837280273
        ],
        [
            -0.04683581739664078,
            -0.8639822602272034,
            0.10664703696966171
        ],
        [
            -0.06924345344305038,
            -0.8396838307380676,
            0.06676612794399261
        ],
        [
            -0.0657961368560791,
            -0.847150444984436,
            0.0720040500164032
        ],
        [
            -0.06060351803898811,
            -0.8427448868751526,
            0.07347385585308075
        ],
        [
            -0.06422733515501022,
            -0.8367502689361572,
            0.06970394402742386
        ],
        [
            -0.04729247838258743,
            -0.8504299521446228,
            0.0829964131116867
        ],
        [
            -0.050184741616249084,
            -0.8343037366867065,
            0.08289960771799088
        ],
        [
            -0.05069785565137863,
            -0.8380680084228516,
            0.0829315036535263
        ],
        [
            -0.04584675654768944,
            -0.8395203351974487,
            0.08815774321556091
        ],
        [
            -0.04598198086023331,
            -0.8359560370445251,
            0.08779358863830566
        ],
        [
            -0.07095430791378021,
            -0.8247010707855225,
            0.05739953741431236
        ],
        [
            -0.0665900856256485,
            -0.8242888450622559,
            0.06321912258863449
        ],
        [
            -0.06597189605236053,
            -0.8172574639320374,
            0.0606866255402565
        ],
        [
            -0.06938261538743973,
            -0.8163549304008484,
            0.05373198539018631
        ],
        [
            -0.0632549524307251,
            -0.8116729259490967,
            0.06004688888788223
        ],
        [
            -0.0669885128736496,
            -0.8085438013076782,
            0.05079837143421173
        ],
        [
            -0.05756214261054993,
            -0.7953869700431824,
            0.0534089133143425
        ],
        [
            -0.06230170652270317,
            -0.8011083602905273,
            0.05179756507277489
        ],
        [
            -0.05934315547347069,
            -0.8064767122268677,
            0.061581287533044815
        ],
        [
            -0.05483251065015793,
            -0.8019653558731079,
            0.06613759696483612
        ],
        [
            -0.04544287919998169,
            -0.8077728748321533,
            0.07772691547870636
        ],
        [
            -0.040535252541303635,
            -0.8070201873779297,
            0.0818762481212616
        ],
        [
            -0.04387731850147247,
            -0.7947745323181152,
            0.07893836498260498
        ],
        [
            -0.049293577671051025,
            -0.797493577003479,
            0.07300585508346558
        ],
        [
            -0.04879627376794815,
            -0.8286928534507751,
            0.07872822135686874
        ],
        [
            -0.051796793937683105,
            -0.8284167051315308,
            0.07498155534267426
        ],
        [
            -0.052706487476825714,
            -0.8299285173416138,
            0.07712463289499283
        ],
        [
            -0.04968370497226715,
            -0.831407904624939,
            0.08133076131343842
        ],
        [
            -0.05463822931051254,
            -0.8278713226318359,
            0.0722610205411911
        ],
        [
            -0.05598245561122894,
            -0.8274716734886169,
            0.07115548849105835
        ],
        [
            -0.05618799477815628,
            -0.8287969827651978,
            0.0723688006401062
        ],
        [
            -0.054795920848846436,
            -0.8286548852920532,
            0.07293584942817688
        ],
        [
            -0.053072065114974976,
            -0.8284562826156616,
            0.07402174174785614
        ],
        [
            -0.052133709192276,
            -0.8266069293022156,
            0.07470254600048065
        ],
        [
            -0.05390988290309906,
            -0.8271405100822449,
            0.07296891510486603
        ],
        [
            -0.049448080360889435,
            -0.8261208534240723,
            0.07836552709341049
        ],
        [
            -0.039048515260219574,
            -0.8246573209762573,
            0.0892523005604744
        ],
        [
            -0.04263462498784065,
            -0.8251208066940308,
            0.08675800263881683
        ],
        [
            -0.041340600699186325,
            -0.8295708894729614,
            0.08622220158576965
        ],
        [
            -0.03822830319404602,
            -0.8294457197189331,
            0.08832912892103195
        ],
        [
            -0.05493256449699402,
            -0.8305528163909912,
            0.07468706369400024
        ],
        [
            -0.05757542699575424,
            -0.8321634531021118,
            0.07332976162433624
        ],
        [
            -0.055099982768297195,
            -0.8351770043373108,
            0.0775994211435318
        ],
        [
            -0.053676314651966095,
            -0.8325371742248535,
            0.0773668959736824
        ],
        [
            -0.06027725711464882,
            -0.8337956666946411,
            0.07243794202804565
        ],
        [
            -0.05826910212635994,
            -0.8297847509384155,
            0.07117354869842529
        ],
        [
            -0.06085537374019623,
            -0.8299857378005981,
            0.06981822848320007
        ],
        [
            -0.0553656667470932,
            -0.8257554769515991,
            0.07130808383226395
        ],
        [
            -0.05742885544896126,
            -0.8238589763641357,
            0.06923840939998627
        ],
        [
            -0.05837178975343704,
            -0.8264563083648682,
            0.0700128972530365
        ],
        [
            -0.05544285476207733,
            -0.8207806348800659,
            0.0702262669801712
        ],
        [
            -0.05319972336292267,
            -0.8240734338760376,
            0.07301006466150284
        ],
        [
            -0.05048913508653641,
            -0.82258141040802,
            0.07666058838367462
        ],
        [
            -0.04693235456943512,
            -0.8213832378387451,
            0.0812908411026001
        ],
        [
            -0.04819953441619873,
            -0.8163372278213501,
            0.0778653547167778
        ],
        [
            -0.0523371547460556,
            -0.8181729316711426,
            0.07347865402698517
        ],
        [
            -0.056814663112163544,
            -0.8385778665542603,
            0.07630717754364014
        ],
        [
            -0.061886996030807495,
            -0.8254437446594238,
            0.06709708273410797
        ],
        [
            -0.06575340032577515,
            -0.8314602375030518,
            0.06605488061904907
        ],
        [
            -0.06120598316192627,
            -0.82064288854599,
            0.06614840030670166
        ],
        [
            -0.05885746330022812,
            -0.8163677453994751,
            0.06636790931224823
        ],
        [
            -0.05531357228755951,
            -0.8126848340034485,
            0.0685395672917366
        ],
        [
            -0.05052553117275238,
            -0.8099426031112671,
            0.07321643829345703
        ],
        [
            -0.04294854402542114,
            -0.7858551740646362,
            0.06730910390615463
        ],
        [
            -0.05020516738295555,
            -0.7899336814880371,
            0.06097140908241272
        ],
        [
            -0.06939896941184998,
            -0.907604455947876,
            0.07554882019758224
        ],
        [
            -0.07699417322874069,
            -0.9058589935302734,
            0.07080984115600586
        ],
        [
            -0.07553499191999435,
            -0.8982433080673218,
            0.0660068541765213
        ],
        [
            -0.07782091945409775,
            -0.9007948637008667,
            0.06523367762565613
        ],
        [
            -0.0733053982257843,
            -0.902080774307251,
            0.07003358006477356
        ],
        [
            -0.07243899255990982,
            -0.8994383811950684,
            0.06940674036741257
        ],
        [
            -0.08448734879493713,
            -0.8895262479782104,
            0.047991830855607986
        ],
        [
            -0.08099474012851715,
            -0.891801655292511,
            0.05360473319888115
        ],
        [
            -0.08070311695337296,
            -0.8879581093788147,
            0.052152808755636215
        ],
        [
            -0.08556375652551651,
            -0.8827989101409912,
            0.047056447714567184
        ],
        [
            -0.07479695230722427,
            -0.881032407283783,
            0.06124335899949074
        ],
        [
            -0.07821036130189896,
            -0.881913959980011,
            0.056878164410591125
        ],
        [
            -0.075700543820858,
            -0.8889102935791016,
            0.060283612459897995
        ],
        [
            -0.0732717216014862,
            -0.8883040547370911,
            0.06353288888931274
        ],
        [
            -0.07010949403047562,
            -0.8881455659866333,
            0.06649468839168549
        ],
        [
            -0.06628038734197617,
            -0.8885517120361328,
            0.068743035197258
        ],
        [
            -0.06594949960708618,
            -0.8831363916397095,
            0.06828606128692627
        ],
        [
            -0.0703941360116005,
            -0.8817455768585205,
            0.06524015963077545
        ],
        [
            -0.06762002408504486,
            -0.9037156105041504,
            0.07305257022380829
        ],
        [
            -0.06043166667222977,
            -0.9035786390304565,
            0.07443993538618088
        ],
        [
            -0.061380643397569656,
            -0.9004628658294678,
            0.07361294329166412
        ],
        [
            -0.0674985721707344,
            -0.9005060195922852,
            0.07264488935470581
        ],
        [
            -0.049713440239429474,
            -0.8949570655822754,
            0.07136490941047668
        ],
        [
            -0.051350876688957214,
            -0.8973503112792969,
            0.07200409471988678
        ],
        [
            -0.04833231121301651,
            -0.899127721786499,
            0.07398499548435211
        ],
        [
            -0.04692649841308594,
            -0.8946067094802856,
            0.07352422177791595
        ],
        [
            -0.0488147959113121,
            -0.8913319706916809,
            0.07306841015815735
        ],
        [
            -0.050896115601062775,
            -0.8931095600128174,
            0.07152301073074341
        ],
        [
            -0.07412365823984146,
            -0.9608172178268433,
            0.06450758874416351
        ],
        [
            -0.06959415972232819,
            -0.9447853565216064,
            0.07464750111103058
        ],
        [
            -0.08492772281169891,
            -0.9523547887802124,
            0.04922553896903992
        ],
        [
            -0.09060151875019073,
            -0.9410063624382019,
            0.03613914176821709
        ],
        [
            -0.09459593147039413,
            -0.9267359375953674,
            0.0253935307264328
        ],
        [
            -0.07627224177122116,
            -0.8282209634780884,
            0.04862581193447113
        ],
        [
            -0.07539604604244232,
            -0.8190672397613525,
            0.04239632934331894
        ],
        [
            -0.08009606599807739,
            -0.8252783417701721,
            0.028658242896199226
        ],
        [
            -0.0760234147310257,
            -0.8151750564575195,
            0.02424689568579197
        ],
        [
            -0.0717395693063736,
            -0.808975100517273,
            0.03880947083234787
        ],
        [
            -0.057121336460113525,
            -0.7918893098831177,
            0.039275240153074265
        ],
        [
            -0.06563518941402435,
            -0.7993564605712891,
            0.037736255675554276
        ],
        [
            -0.06902198493480682,
            -0.8055746555328369,
            0.019686292856931686
        ],
        [
            -0.07296334207057953,
            -0.8167451620101929,
            0.0030100783333182335
        ],
        [
            -0.07865726947784424,
            -0.8238013982772827,
            0.01073436625301838
        ],
        [
            -0.07453538477420807,
            -0.8315114974975586,
            -0.010636529885232449
        ],
        [
            -0.06462147831916809,
            -0.8094452619552612,
            -0.007624941878020763
        ],
        [
            -0.069316565990448,
            -0.8304632902145386,
            -0.018567513674497604
        ],
        [
            -0.05040474981069565,
            -0.774036169052124,
            -0.0003658980131149292
        ],
        [
            -0.050625357776880264,
            -0.7625664472579956,
            -0.005220428109169006
        ],
        [
            -0.055431824177503586,
            -0.7683196067810059,
            -0.021866023540496826
        ],
        [
            -0.05677428096532822,
            -0.779849648475647,
            -0.01710357889533043
        ],
        [
            -0.08269646763801575,
            -0.832255482673645,
            0.01823800429701805
        ],
        [
            -0.09229326993227005,
            -0.8953946828842163,
            0.022570494562387466
        ],
        [
            -0.09115684032440186,
            -0.8953838348388672,
            0.03470242768526077
        ],
        [
            -0.09210619330406189,
            -0.8820821046829224,
            0.01917818933725357
        ],
        [
            -0.09515788406133652,
            -0.9534642100334167,
            0.0020974576473236084
        ],
        [
            -0.0944543182849884,
            -0.949682891368866,
            0.020036078989505768
        ],
        [
            -0.09760484099388123,
            -0.9334355592727661,
            0.012534070760011673
        ],
        [
            -0.09834150969982147,
            -0.9392275810241699,
            -0.003972947597503662
        ],
        [
            -0.073443204164505,
            -0.989978551864624,
            0.016822464764118195
        ],
        [
            -0.07654725015163422,
            -0.9784294366836548,
            0.041912272572517395
        ],
        [
            -0.08504506945610046,
            -0.9654293656349182,
            0.03159831091761589
        ],
        [
            -0.08442378789186478,
            -0.9744541645050049,
            0.011063605546951294
        ],
        [
            -0.097132608294487,
            -0.940410852432251,
            -0.017387378960847855
        ],
        [
            -0.09333831816911697,
            -0.9413434863090515,
            -0.03591550514101982
        ],
        [
            -0.08925570547580719,
            -0.9575988054275513,
            -0.04194172844290733
        ],
        [
            -0.09263702481985092,
            -0.9582161903381348,
            -0.019216392189264297
        ],
        [
            -0.07686936855316162,
            -0.9785460233688354,
            -0.04559919983148575
        ],
        [
            -0.08194394409656525,
            -0.9796554446220398,
            -0.018528476357460022
        ],
        [
            -0.06279948353767395,
            -0.8166618347167969,
            -0.028678061440587044
        ],
        [
            -0.06559032946825027,
            -0.8348526954650879,
            -0.031112592667341232
        ],
        [
            -0.05883023515343666,
            -0.7938275337219238,
            -0.01052836887538433
        ],
        [
            -0.06013544276356697,
            -0.8005976676940918,
            -0.028601283207535744
        ],
        [
            -0.05911659076809883,
            -0.9947075843811035,
            -0.04648207128047943
        ],
        [
            -0.06618816405534744,
            -0.9976914525032043,
            -0.014704547822475433
        ],
        [
            -0.06884784251451492,
            -0.9195916652679443,
            -0.08033887296915054
        ],
        [
            -0.0751042291522026,
            -0.9371785521507263,
            -0.0735057070851326
        ],
        [
            -0.08359893411397934,
            -0.9242289662361145,
            -0.0595567524433136
        ],
        [
            -0.07721453905105591,
            -0.9094827175140381,
