{
    "pred_cam": [
        1.4655206203460693,
        0.028179200366139412,
        0.34262993931770325
    ],
    "pred_smpl_params": {
        "global_orient": [
            [
                [
                    -0.9764750003814697,
                    0.046740785241127014,
                    -0.21050380170345306
                ],
                [
                    -0.005232952535152435,
                    -0.9810733795166016,
                    -0.19356559216976166
                ],
                [
                    -0.21556708216667175,
                    -0.18791040778160095,
                    0.9582382440567017
                ]
            ]
        ],
        "body_pose": [
            [
                [
                    0.9951422810554504,
                    0.03284169360995293,
                    -0.09280794858932495
                ],
                [
                    -0.009684448130428791,
                    0.9708006978034973,
                    0.23969218134880066
                ],
                [
                    0.0979699045419693,
                    -0.2376290112733841,
                    0.9664028882980347
                ]
            ],
            [
                [
                    0.999562680721283,
                    -0.02837730012834072,
                    -0.00831532385200262
                ],
                [
                    0.02955656126141548,
                    0.9501346945762634,
                    0.3104357421398163
                ],
                [
                    -0.0009086519130505621,
                    -0.31054577231407166,
                    0.9505579471588135
                ]
            ],
            [
                [
                    0.9998185038566589,
                    -0.008871184661984444,
                    0.01685595139861107
                ],
                [
                    0.012108933180570602,
                    0.9791156053543091,
                    -0.20294298231601715
                ],
                [
                    -0.014703578315675259,
                    0.20311029255390167,
                    0.9790453314781189
                ]
            ],
            [
                [
                    0.9846017956733704,
                    -0.1011471226811409,
                    -0.14257800579071045
                ],
                [
                    -0.11239919811487198,
                    0.2583671510219574,
                    -0.959485650062561
                ],
                [
                    0.13388670980930328,
                    0.9607370495796204,
                    0.24301990866661072
                ]
            ],
            [
                [
                    0.9631821513175964,
                    -0.20688939094543457,
                    0.17168883979320526
                ],
                [
                    0.20802836120128632,
                    0.1689872145652771,
                    -0.9634145498275757
                ],
                [
                    0.17030704021453857,
                    0.9636597037315369,
                    0.20580433309078217
                ]
            ],
            [
                [
                    0.9985268712043762,
                    0.008127599023282528,
                    0.05364678427577019
                ],
                [
                    -0.009933802299201488,
                    0.9993897080421448,
                    0.03348815441131592
                ],
                [
                    -0.05334186926484108,
                    -0.033971741795539856,
                    0.9979982376098633
                ]
            ],
            [
                [
                    0.9854371547698975,
                    -0.05310630053281784,
                    0.16153442859649658
                ],
                [
                    0.01478203572332859,
                    0.973136842250824,
                    0.2297523021697998
                ],
                [
                    -0.16939640045166016,
                    -0.2240186482667923,
                    0.959750235080719
                ]
            ],
            [
                [
                    0.9794506430625916,
                    0.12215179204940796,
                    -0.16048459708690643
                ],
                [
                    -0.08509902656078339,
                    0.9717233180999756,
                    0.22025442123413086
                ],
                [
                    0.18285109102725983,
                    -0.20207126438617706,
                    0.9621500372886658
                ]
            ],
            [
                [
                    0.999136745929718,
                    0.01571793481707573,
                    0.03845350816845894
                ],
                [
                    -0.013246371410787106,
                    0.9978808760643005,
                    -0.06370515376329422
                ],
                [
                    -0.039373330771923065,
                    0.06314079463481903,
                    0.997227668762207
                ]
            ],
            [
                [
                    0.9976059198379517,
                    -0.057561084628105164,
                    -0.038328662514686584
                ],
                [
                    0.06355408579111099,
                    0.9816102385520935,
                    0.18000638484954834
                ],
                [
                    0.02726244553923607,
                    -0.18201139569282532,
                    0.9829184412956238
                ]
            ],
            [
                [
                    0.9985655546188354,
                    0.021822506561875343,
                    -0.04889201000332832
                ],
                [
                    -0.012349959462881088,
                    0.9824227094650269,
                    0.18626083433628082
                ],
                [
                    0.052097294479608536,
                    -0.18538986146450043,
                    0.9812830090522766
                ]
            ],
            [
                [
                    0.964733362197876,
                    0.018283428624272346,
                    -0.26259320974349976
                ],
                [
                    0.008990516886115074,
                    0.9947142004966736,
                    0.1022883951663971
                ],
                [
                    0.2630753815174103,
                    -0.10104187577962875,
                    0.9594696164131165
                ]
            ],
            [
                [
                    0.8838423490524292,
                    0.4676606357097626,
                    0.0107802152633667
                ],
                [
                    -0.46766212582588196,
                    0.8839036822319031,
                    -0.0025388621725142
                ],
                [
                    -0.010715997777879238,
                    -0.0027975442353636026,
                    0.9999386668205261
                ]
            ],
            [
                [
                    0.9014474749565125,
                    -0.4182213544845581,
                    0.11172889918088913
                ],
                [
                    0.41986533999443054,
                    0.9075364470481873,
                    0.009527724236249924
                ],
                [
                    -0.10538273304700851,
                    0.03832235187292099,
                    0.9936931133270264
                ]
            ],
            [
                [
                    0.9758449792861938,
                    -0.06510915607213974,
                    -0.20853641629219055
                ],
                [
                    0.01660892926156521,
                    0.9739043116569519,
                    -0.2263506054878235
                ],
                [
                    0.21783199906349182,
                    0.21741953492164612,
                    0.9514610171318054
                ]
            ],
            [
                [
                    0.5133689641952515,
                    0.8201078772544861,
                    -0.25273552536964417
                ],
                [
                    -0.8529328107833862,
                    0.5200886726379395,
                    -0.044870804995298386
                ],
                [
                    0.09464596956968307,
                    0.2386017143726349,
                    0.9664943218231201
                ]
            ],
            [
                [
                    0.44724586606025696,
                    -0.8449679613113403,
                    0.29325810074806213
                ],
                [
                    0.8827764987945557,
                    0.4697388708591461,
                    0.007147729862481356
                ],
                [
                    -0.14379431307315826,
                    0.2556845545768738,
                    0.956006646156311
                ]
            ],
            [
                [
                    0.7826472520828247,
                    -0.20394711196422577,
                    -0.588106095790863
                ],
                [
                    0.14778120815753937,
                    0.9786679744720459,
                    -0.14272242784500122
                ],
                [
                    0.6046684384346008,
                    0.024790281429886818,
                    0.7960913777351379
                ]
            ],
            [
                [
                    0.6453444361686707,
                    0.3028389811515808,
                    0.7012982368469238
                ],
                [
                    -0.10456039011478424,
                    0.9444379806518555,
                    -0.3116152286529541
                ],
                [
                    -0.7567018866539001,
                    0.12777113914489746,
                    0.6411527395248413
                ]
            ],
            [
                [
                    0.999355673789978,
                    -0.004220510367304087,
                    0.035642776638269424
                ],
                [
                    0.005867580883204937,
                    0.9989134669303894,
                    -0.046233173459768295
                ],
                [
                    -0.03540892153978348,
                    0.046412523835897446,
                    0.9982945919036865
                ]
            ],
            [
                [
                    0.9981873631477356,
                    0.04271495342254639,
                    -0.04239530861377716
                ],
                [
                    -0.04538407549262047,
                    0.9969089031219482,
                    -0.06413239985704422
                ],
                [
                    0.03952484577894211,
                    0.06594022363424301,
                    0.9970404505729675
                ]
            ],
            [
                [
                    0.96535325050354,
                    0.24109573662281036,
                    -0.09982971101999283
                ],
                [
                    -0.2250111699104309,
                    0.9628280997276306,
                    0.14943918585777283
                ],
                [
                    0.13214799761772156,
                    -0.1217988058924675,
                    0.9837184548377991
                ]
            ],
            [
                [
                    0.971757709980011,
                    -0.22681891918182373,
                    0.06511618942022324
                ],
                [
                    0.21567539870738983,
                    0.9656405448913574,
                    0.14499147236347198
                ],
                [
                    -0.09576563537120819,
                    -0.1268526315689087,
                    0.9872878789901733
                ]
            ]
        ],
        "betas": [
            -0.24777838587760925,
            -0.10760563611984253,
            0.36059364676475525,
            1.019982933998108,
            0.17246954143047333,
            0.14422473311424255,
            -0.09288027882575989,
            -0.08699196577072144,
            0.16424261033535004,
            -0.12411880493164062
        ]
    },
    "pred_cam_t": [
        0.028179200366139412,
        0.34262993931770325,
        26.65435028076172
    ],
    "focal_length": [
        5000.0,
        5000.0
    ],
    "pred_keypoints_3d": [
        [
            0.023531831800937653,
            -0.8603681921958923,
            0.12756498157978058
        ],
        [
            0.010020863264799118,
            -0.7447326183319092,
            -0.025949258357286453
        ],
        [
            0.18057355284690857,
            -0.638046145439148,
            0.03446447104215622
        ],
        [
            0.18245160579681396,
            -0.3909366726875305,
            0.04121251404285431
        ],
        [
            0.08698948472738266,
            -0.250445693731308,
            0.22209994494915009
        ],
        [
            -0.15380018949508667,
            -0.6335608959197998,
            -0.08687432110309601
        ],
        [
            -0.1557355523109436,
            -0.3803701102733612,
            -0.10330867767333984
        ],
        [
            -0.2239910513162613,
            -0.20014774799346924,
            0.044371962547302246
        ],
        [
            -0.0023844491224735975,
            -0.23202258348464966,
            0.026956753805279732
        ],
        [
            0.05877852067351341,
            -0.14237385988235474,
            0.05338484048843384
        ],
        [
            0.044531021267175674,
            0.1849139928817749,
            0.22866681218147278
        ],
        [
            0.02282683551311493,
            0.3837388753890991,
            -0.1006271243095398
        ],
        [
            -0.07108577340841293,
            -0.1415165364742279,
            0.022450927644968033
        ],
        [
            -0.12631918489933014,
            0.1869589388370514,
            0.16655835509300232
        ],
        [
            -0.12212362140417099,
            0.3976961374282837,
            -0.1555711030960083
        ],
        [
            0.05192374810576439,
            -0.8991320729255676,
            0.08924955874681473
        ],
        [
            -0.013124050572514534,
            -0.9018454551696777,
            0.10172829031944275
        ],
        [
            0.07454410195350647,
            -0.8833662271499634,
            -0.01050146296620369
        ],
        [
            -0.06970807164907455,
            -0.8894641399383545,
            0.015879474580287933
        ],
        [
            -0.13608723878860474,
            0.5491772890090942,
            -0.03408771753311157
        ],
        [
            -0.20009556412696838,
            0.5214767456054688,
            -0.0795736312866211
        ],
        [
            -0.12828314304351807,
            0.3839218020439148,
            -0.22197189927101135
        ],
        [
            -0.019610144197940826,
            0.5343202948570251,
            0.01821005344390869
        ],
        [
            0.058553434908390045,
            0.5194878578186035,
            -0.014335393905639648
        ],
        [
            0.03733896464109421,
            0.38124150037765503,
            -0.17017537355422974
        ],
        [
            0.05512872338294983,
            0.33943426609039307,
            -0.07781003415584564
        ],
        [
            0.04768461361527443,
            0.13411687314510345,
            0.21972180902957916
        ],
        [
            0.14337915182113647,
            -0.2594810128211975,
            0.03864792734384537
        ],
        [
            -0.1385539025068283,
            -0.2441796064376831,
            -0.030864713713526726
        ],
        [
            -0.13509488105773926,
            0.15313345193862915,
            0.16068173944950104
        ],
        [
            -0.13074827194213867,
            0.3556385636329651,
            -0.1472693383693695
        ],
        [
            0.07615582644939423,
            -0.28479644656181335,
            0.21811729669570923
        ],
        [
            0.19966894388198853,
            -0.41356390714645386,
            0.0717729777097702
        ],
        [
            0.14859464764595032,
            -0.6735011339187622,
            0.01732741668820381
        ],
        [
            -0.12392723560333252,
            -0.6685333251953125,
            -0.08163458853960037
        ],
        [
            -0.1982547789812088,
            -0.4068753123283386,
            -0.08884675800800323
        ],
        [
            -0.22983068227767944,
            -0.2204199880361557,
            0.04496920853853226
        ],
        [
            0.006181295961141586,
            -0.7308133840560913,
            -0.022722605615854263
        ],
        [
            0.0037929427344352007,
            -0.9400947690010071,
            0.019079670310020447
        ],
        [
            0.001849127933382988,
            -0.25180578231811523,
            0.003944688010960817
        ],
        [
            0.012249775230884552,
            -0.6700481176376343,
            -0.029167044907808304
        ],
        [
            0.012957790866494179,
            -0.4986764192581177,
            -0.029212070629000664
        ],
        [
            0.0018316293135285378,
            -0.8322460651397705,
            0.05560143291950226
        ],
        [
            0.008345665410161018,
            -0.9583841562271118,
            0.00932218786329031
        ]
    ],
    "pred_vertices": [
        [
            -0.023253265768289566,
            -0.9478844404220581,
            0.10322653502225876
        ],
        [
            -0.01687273196876049,
            -0.9334431290626526,
            0.10859464854001999
        ],
        [
            -0.02943236194550991,
            -0.9301941394805908,
            0.10219935327768326
        ],
        [
            -0.03628784045577049,
            -0.9412274360656738,
            0.09346522390842438
        ],
        [
            -0.024606063961982727,
            -0.9212532639503479,
            0.10689336806535721
        ],
        [
            -0.013442976400256157,
            -0.9223045110702515,
            0.11205791682004929
        ],
        [
            -0.03803630545735359,
            -0.9243854284286499,
            0.09294537454843521
        ],
        [
            -0.04476805403828621,
            -0.9313969016075134,
            0.08334831148386002
        ],
        [
            -0.047360919415950775,
            -0.8891706466674805,
            0.08365456759929657
        ],
        [
            -0.05288677662611008,
            -0.8840634822845459,
            0.07480479031801224
        ],
        [
            -0.052362434566020966,
            -0.8960835337638855,
            0.07665204256772995
        ],
        [
            -0.04548611491918564,
            -0.8977767825126648,
            0.08427701145410538
        ],
        [
            -0.04756971076130867,
            -0.8631294965744019,
            0.08002413809299469
        ],
        [
            -0.04017499461770058,
            -0.8540828227996826,
            0.08752044290304184
        ],
        [
            -0.04461097717285156,
            -0.8448742628097534,
            0.07836019992828369
        ],
        [
            -0.05074113607406616,
            -0.8534426689147949,
            0.07001381367444992
        ],
        [
            -0.0033846525475382805,
            -0.8678919076919556,
            0.10509926825761795
        ],
        [
            -0.009413999505341053,
            -0.8614611029624939,
            0.10514910519123077
        ],
        [
            -0.013020465150475502,
            -0.8681056499481201,
            0.10493137687444687
        ],
        [
            -0.006373605225235224,
            -0.8737396001815796,
            0.10451915115118027
        ],
        [
            0.007353906985372305,
            -0.8771750926971436,
            0.10955002903938293
        ],
        [
            0.005998491309583187,
            -0.88254714012146,
            0.10626702755689621
        ],
        [
            0.01165476068854332,
            -0.8864650726318359,
            0.11048579216003418
        ],
        [
            0.012303327210247517,
            -0.8803884983062744,
            0.11501342803239822
        ],
        [
            0.0017643868923187256,
            -0.8625876307487488,
            0.10446251183748245
        ],
        [
            -0.00475145410746336,
            -0.8558906316757202,
            0.10411094129085541
        ],
        [
            0.0019076819298788905,
            -0.8734524250030518,
            0.10575813800096512
        ],
        [
            0.004019484855234623,
            -0.8687679171562195,
            0.10785584896802902
        ],
        [
            0.008295869454741478,
            -0.8630955219268799,
            0.11778943240642548
        ],
        [
            0.006781022064387798,
            -0.8677034378051758,
            0.11646240949630737
        ],
        [
            0.011378487572073936,
            -0.8688956499099731,
            0.12278161942958832
        ],
        [
            0.012308834120631218,
            -0.8634449243545532,
            0.122017502784729
        ],
        [
            0.004183067008852959,
            -0.8621615171432495,
            0.10902874916791916
        ],
        [
            0.004203489515930414,
            -0.8651081323623657,
            0.111929751932621
        ],
        [
            0.0068330890499055386,
            -0.8614569306373596,
            0.11390568315982819
        ],
        [
            0.007548226043581963,
            -0.8592044115066528,
            0.11042708158493042
        ],
        [
            0.008277940563857555,
            -0.8730646371841431,
            0.11254569888114929
        ],
        [
            0.012323025614023209,
            -0.8750666379928589,
            0.11893283575773239
        ],
        [
            0.01730429008603096,
            -0.8767193555831909,
            0.12540468573570251
        ],
        [
            0.016488101333379745,
            -0.8684099912643433,
            0.12893491983413696
        ],
        [
            -0.021938327699899673,
            -0.8479045629501343,
            0.10034159570932388
        ],
        [
            -0.015846505761146545,
            -0.8548263311386108,
            0.10400762408971786
        ],
        [
            -0.011052673682570457,
            -0.8498493432998657,
            0.10342948883771896
        ],
        [
            -0.016529839485883713,
            -0.8443639278411865,
            0.10123905539512634
        ],
        [
            0.005604220554232597,
            -0.8559583425521851,
            0.10721554607152939
        ],
        [
            0.0010095381876453757,
            -0.8400952816009521,
            0.10802793502807617
        ],
        [
            0.0009583485079929233,
            -0.8439086079597473,
            0.10836522281169891
        ],
        [
            0.007581525016576052,
            -0.8446641564369202,
            0.11133138835430145
        ],
        [
            0.006933827418833971,
            -0.8411275148391724,
            0.11094366759061813
        ],
        [
            -0.028819473460316658,
            -0.8334577083587646,
            0.09216073900461197
        ],
        [
            -0.022665224969387054,
            -0.8323760032653809,
            0.09601588547229767
        ],
        [
            -0.02390366792678833,
            -0.8253549337387085,
            0.09331394731998444
        ],
        [
            -0.029845882207155228,
            -0.8250530958175659,
            0.08799640834331512
        ],
        [
            -0.022518880665302277,
            -0.8194490671157837,
            0.0915498360991478
        ],
        [
            -0.02985469624400139,
            -0.8170546889305115,
            0.08421210944652557
        ],
        [
            -0.02171408385038376,
            -0.8029733896255493,
            0.08292470127344131
        ],
        [
            -0.02603771723806858,
            -0.8091493844985962,
            0.0832454264163971
        ],
        [
            -0.01894756779074669,
            -0.8138343691825867,
            0.09144669026136398
        ],
        [
            -0.013588270172476768,
            -0.8087697625160217,
            0.09396000951528549
        ],
        [
            0.0005075951339676976,
            -0.8132637739181519,
            0.10121767222881317
        ],
        [
            0.006529928185045719,
            -0.8118622303009033,
            0.10325917601585388
        ],
        [
            0.0008029956370592117,
            -0.8000954985618591,
            0.10165531933307648
        ],
        [
            -0.006349940784275532,
            -0.8035231232643127,
            0.09819202125072479
        ],
        [
            0.00027521979063749313,
            -0.8345015048980713,
            0.1035127192735672
        ],
        [
            -0.003943279851227999,
            -0.8346680402755737,
            0.1011933982372284
        ],
        [
            -0.003767128102481365,
            -0.8361768126487732,
            0.10354853421449661
        ],
        [
            0.0008119666017591953,
            -0.8371841311454773,
            0.10628664493560791
        ],
        [
            -0.007689104415476322,
            -0.8344695568084717,
            0.0998055562376976
        ],
        [
            -0.009407278150320053,
            -0.8342434763908386,
            0.09930935502052307
        ],
        [
            -0.008951074443757534,
            -0.8355551362037659,
            0.10051872581243515
        ],
        [
            -0.007402471266686916,
            -0.8352844715118408,
            0.10049349069595337
        ],
        [
            -0.005434792023152113,
            -0.834870457649231,
            0.10082705318927765
        ],
        [
            -0.004542291630059481,
            -0.8328946828842163,
            0.1010771244764328
        ],
        [
            -0.006849904544651508,
            -0.8336359262466431,
            0.10016726702451706
        ],
        [
            -0.0007167623843997717,
            -0.8320010900497437,
            0.10341436415910721
        ],
        [
            0.012594490312039852,
            -0.8291497230529785,
            0.109556645154953
        ],
        [
            0.00862574391067028,
            -0.830020546913147,
            0.10855560004711151
        ],
        [
            0.010127422399818897,
            -0.8343809843063354,
            0.10764069855213165
        ],
        [
            0.013515708968043327,
            -0.8339030146598816,
            0.1084507405757904
        ],
        [
            -0.00685335136950016,
            -0.8371763229370117,
            0.10220539569854736
        ],
        [
            -0.00949410442262888,
            -0.8390184640884399,
            0.10200189799070358
        ],
        [
            -0.00521460548043251,
            -0.8416187763214111,
            0.10505388677120209
        ],
        [
            -0.004293649457395077,
            -0.8388604521751404,
            0.10420205444097519
        ],
        [
            -0.012121852487325668,
            -0.8409500122070312,
            0.10225125402212143
        ],
        [
            -0.011242037639021873,
            -0.8367761969566345,
            0.10025625675916672
        ],
        [
            -0.014353976584970951,
            -0.8372983336448669,
            0.10001640021800995
        ],
        [
            -0.009000541642308235,
            -0.8324360251426697,
            0.09920480102300644
        ],
        [
            -0.011950816959142685,
            -0.8307934999465942,
            0.0981089323759079
        ],
        [
            -0.01218846533447504,
            -0.8334662914276123,
            0.09920662641525269
        ],
        [
            -0.010093305259943008,
            -0.8274862170219421,
            0.09818081557750702
        ],
        [
            -0.006538200192153454,
            -0.8304762840270996,
            0.09990701079368591
        ],
        [
            -0.002800069283694029,
            -0.8285816311836243,
            0.10219205915927887
        ],
        [
            0.002144103404134512,
            -0.8268798589706421,
            0.10506346821784973
        ],
        [
            -0.0009550999384373426,
            -0.8220740556716919,
            0.10238128900527954
        ],
        [
            -0.006259337067604065,
            -0.824469804763794,
            0.09992771595716476
        ],
        [
            -0.007133890874683857,
            -0.8452625274658203,
            0.10460922867059708
        ],
        [
            -0.01667262800037861,
            -0.8329066634178162,
            0.09786935895681381
        ],
        [
            -0.019948527216911316,
            -0.8393768072128296,
            0.09838083386421204
        ],
        [
            -0.016997937113046646,
            -0.8280565142631531,
            0.09667949378490448
        ],
        [
            -0.015277442522346973,
            -0.8235276937484741,
            0.09587810188531876
        ],
        [
            -0.011823897249996662,
            -0.8194032311439514,
            0.09645090997219086
        ],
        [
            -0.005682181566953659,
            -0.8160755038261414,
            0.09892772138118744
        ],
        [
            -0.0038526784628629684,
            -0.7916609048843384,
            0.09035886079072952
        ],
        [
            -0.012664906680583954,
            -0.7965961694717407,
            0.08713826537132263
        ],
        [
            -0.011558884754776955,
            -0.9152218699455261,
            0.10899024456739426
        ],
        [
            -0.020663544535636902,
            -0.914448618888855,
            0.10747562348842621
        ],
        [
            -0.021856173872947693,
            -0.9069886803627014,
            0.10234317183494568
        ],
        [
            -0.02373650297522545,
            -0.9097061157226562,
            0.10253256559371948
        ],
        [
            -0.017903391271829605,
            -0.9103817343711853,
            0.10531465709209442
        ],
        [
            -0.017537783831357956,
            -0.9077484607696533,
            0.1042948067188263
        ],
        [
            -0.03797900304198265,
            -0.89995276927948,
            0.08919129520654678
        ],
        [
            -0.03232305496931076,
            -0.9016604423522949,
            0.0930146872997284
        ],
        [
            -0.03309604525566101,
            -0.8978395462036133,
            0.09158971160650253
        ],
        [
            -0.040044642984867096,
            -0.8933796882629395,
            0.08870899677276611
        ],
        [
            -0.02485791966319084,
            -0.8899519443511963,
            0.09770087152719498
        ],
        [
            -0.029628541320562363,
            -0.8913396000862122,
            0.09498332440853119
        ],
        [
            -0.02518799528479576,
            -0.8979504108428955,
            0.09720415621995926
        ],
        [
            -0.02172212116420269,
            -0.8969765901565552,
            0.09926548600196838
        ],
        [
            -0.017703011631965637,
            -0.8963991403579712,
            0.10079912841320038
        ],
        [
            -0.013314892537891865,
            -0.8963261842727661,
            0.10143072158098221
        ],
        [
            -0.013731308281421661,
            -0.890941858291626,
            0.10082195699214935
        ],
        [
            -0.019135959446430206,
            -0.8900957107543945,
            0.09971500933170319
        ],
        [
            -0.011236922815442085,
            -0.9113680124282837,
            0.1059432178735733
        ],
        [
            -0.00412227027118206,
            -0.9104732275009155,
            0.10443872958421707
        ],
        [
            -0.005667530000209808,
            -0.9075449109077454,
            0.10401958972215652
        ],
        [
            -0.011616535484790802,
            -0.9082069396972656,
            0.10546454042196274
        ],
        [
            0.0036746151745319366,
            -0.9010919332504272,
            0.0974239781498909
        ],
        [
            0.0026517240330576897,
            -0.9036029577255249,
            0.09863131493330002
        ],
        [
            0.006434437818825245,
            -0.9050261974334717,
            0.09926113486289978
        ],
        [
            0.00707221357151866,
            -0.9003833532333374,
            0.09832692891359329
        ],
        [
            0.004771181382238865,
            -0.8973089456558228,
            0.09866785258054733
        ],
        [
            0.0024423287250101566,
            -0.8993399143218994,
            0.09805774688720703
        ],
        [
            -0.014621556736528873,
            -0.9690089225769043,
            0.10106547921895981
        ],
        [
            -0.008662219159305096,
            -0.9521139860153198,
            0.1084987223148346
        ],
        [
            -0.031381748616695404,
            -0.9622856378555298,
            0.09089559316635132
        ],
        [
            -0.04269185662269592,
            -0.9521626234054565,
            0.08085577189922333
        ],
        [
            -0.051834456622600555,
            -0.9388146996498108,
            0.07232138514518738
        ],
        [
            -0.036691002547740936,
            -0.8378810286521912,
            0.08600772172212601
        ],
        [
            -0.03935380280017853,
            -0.8288484811782837,
            0.07975448668003082
        ],
        [
            -0.04837142676115036,
            -0.8362239599227905,
            0.0688876211643219
        ],
        [
            -0.04743153601884842,
            -0.8257968425750732,
            0.062930628657341
        ],
        [
            -0.03865420073270798,
            -0.8185007572174072,
            0.07478202879428864
        ],
        [
            -0.026899557560682297,
            -0.8001755475997925,
            0.06915081292390823
        ],
        [
            -0.03446681424975395,
            -0.8083529472351074,
            0.0710923820734024
        ],
        [
            -0.043543312698602676,
            -0.8157334327697754,
            0.055464908480644226
        ],
        [
            -0.05203528329730034,
            -0.8280957341194153,
            0.04164779931306839
        ],
        [
            -0.0541730597615242,
            -0.8354634046554565,
            0.05154617130756378
        ],
        [
            -0.0570487342774868,
            -0.8436201810836792,
            0.02976364642381668
        ],
        [
            -0.04914705455303192,
            -0.8202768564224243,
            0.0278090238571167
        ],
        [
            -0.055489085614681244,
            -0.842276930809021,
            0.02011648193001747
        ],
        [
            -0.03774799406528473,
            -0.7818801403045654,
            0.02697185054421425
        ],
        [
            -0.04064911603927612,
            -0.7700231075286865,
            0.02105611190199852
        ],
        [
            -0.04942559078335762,
            -0.7768747806549072,
            0.006850874051451683
        ],
        [
            -0.04848570376634598,
            -0.7888718843460083,
            0.013363514095544815
        ],
        [
            -0.053855493664741516,
            -0.8439668416976929,
            0.0603426955640316
        ],
        [
            -0.054101765155792236,
            -0.9074375033378601,
            0.06861990690231323
        ],
        [
            -0.04876132309436798,
            -0.9067879915237427,
            0.07959571480751038
        ],
        [
            -0.05718453973531723,
            -0.8943502902984619,
            0.06542973220348358
        ],
        [
            -0.058243438601493835,
            -0.966424286365509,
            0.051249127835035324
        ],
        [
            -0.051095299422740936,
            -0.9617563486099243,
            0.06745659559965134
        ],
        [
            -0.058798953890800476,
            -0.9462682604789734,
            0.06161194294691086
        ],
        [
            -0.06516716629266739,
            -0.9529048204421997,
            0.04666880518198013
        ],
        [
            -0.028893448412418365,
            -1.0000027418136597,
            0.05684700235724449
        ],
        [
            -0.023352125659585,
            -0.9877457022666931,
            0.08102132380008698
        ],
        [
            -0.03645535185933113,
            -0.9760727882385254,
            0.07468770444393158
        ],
        [
            -0.042842745780944824,
            -0.9858602285385132,
            0.055621638894081116
        ],
        [
            -0.06879126280546188,
            -0.9546039700508118,
            0.0338904932141304
        ],
        [
            -0.07240414619445801,
            -0.9560508131980896,
            0.015272527933120728
        ],
        [
            -0.06926753371953964,
            -0.9723071455955505,
            0.00846245139837265
        ],
        [
            -0.06352859735488892,
            -0.9718654155731201,
            0.030756395310163498
        ],
        [
            -0.05709971860051155,
            -0.9921573400497437,
            0.0005496591329574585
        ],
        [
            -0.051309600472450256,
            -0.9923591613769531,
            0.02748371660709381
        ],
        [
            -0.054583340883255005,
            -0.8279138803482056,
            0.007370537146925926
        ],
        [
            -0.05629844591021538,
            -0.8467150926589966,
            0.007004749029874802
        ],
        [
            -0.04692506045103073,
            -0.8034992218017578,
            0.021702412515878677
        ],
        [
            -0.05341082811355591,
            -0.8111379146575928,
            0.005187328904867172
        ],
        [
            -0.03944392129778862,
            -1.0068280696868896,
            -0.006909959018230438
        ],
        [
            -0.033398982137441635,
            -1.0086545944213867,
            0.025185339152812958
        ],
        [
            -0.06902074813842773,
            -0.9342698454856873,
            -0.03558587282896042
        ],
        [
            -0.07053239643573761,
            -0.9520608186721802,
            -0.02652917057275772
        ],
        [
            -0.0741974487900734,
            -0.9392586946487427,
            -0.010514721274375916
        ],
