{
    "pred_cam": [
        1.47085440158844,
        0.027780229225754738,
        0.33409637212753296
    ],
    "pred_smpl_params": {
        "global_orient": [
            [
                [
                    -0.986092746257782,
                    0.03992467373609543,
                    -0.16132912039756775
                ],
                [
                    -0.006936180870980024,
                    -0.97975754737854,
                    -0.20006786286830902
                ],
                [
                    -0.16605104506015778,
                    -0.19616647064685822,
                    0.9664087295532227
                ]
            ]
        ],
        "body_pose": [
            [
                [
                    0.9957690238952637,
                    0.03441822528839111,
                    -0.08520317077636719
                ],
                [
                    -0.010615561157464981,
                    0.9640847444534302,
                    0.26538264751434326
                ],
                [
                    0.09127707779407501,
                    -0.2633553147315979,
                    0.9603710770606995
                ]
            ],
            [
                [
                    0.9995091557502747,
                    -0.028837624937295914,
                    0.012244461104273796
                ],
                [
                    0.022387981414794922,
                    0.9308372139930725,
                    0.3647477924823761
                ],
                [
                    -0.021916057914495468,
                    -0.3642945885658264,
                    0.9310259222984314
                ]
            ],
            [
                [
                    0.9998756051063538,
                    -0.014587691985070705,
                    0.0060027120634913445
                ],
                [
                    0.015537548810243607,
                    0.9764671921730042,
                    -0.21510528028011322
                ],
                [
                    -0.00272356322966516,
                    0.21517176926136017,
                    0.9765723943710327
                ]
            ],
            [
                [
                    0.9868754744529724,
                    -0.07469194382429123,
                    -0.14317066967487335
                ],
                [
                    -0.12598001956939697,
                    0.19854559004306793,
                    -0.9719611406326294
                ],
                [
                    0.1010235920548439,
                    0.9772413372993469,
                    0.18653008341789246
                ]
            ],
            [
                [
                    0.9661500453948975,
                    -0.1854112148284912,
                    0.1793791502714157
                ],
                [
                    0.19814690947532654,
                    0.08806498348712921,
                    -0.9762082099914551
                ],
                [
                    0.16520291566848755,
                    0.9787068963050842,
                    0.12182264775037766
                ]
            ],
            [
                [
                    0.9988141059875488,
                    0.007928968407213688,
                    0.04803621396422386
                ],
                [
                    -0.009073716588318348,
                    0.999678909778595,
                    0.023659944534301758
                ],
                [
                    -0.047833189368247986,
                    -0.024067753925919533,
                    0.9985653162002563
                ]
            ],
            [
                [
                    0.9844171404838562,
                    -0.07169685512781143,
                    0.16056881844997406
                ],
                [
                    0.029029391705989838,
                    0.9668375849723816,
                    0.2537367641925812
                ],
                [
                    -0.17343612015247345,
                    -0.24512162804603577,
                    0.9538528323173523
                ]
            ],
            [
                [
                    0.9774476885795593,
                    0.1317758411169052,
                    -0.16501882672309875
                ],
                [
                    -0.08936547487974167,
                    0.9661129117012024,
                    0.2421560138463974
                ],
                [
                    0.19133715331554413,
                    -0.2219478338956833,
                    0.9561010599136353
                ]
            ],
            [
                [
                    0.9993627071380615,
                    0.017184697091579437,
                    0.031286414712667465
                ],
                [
                    -0.015396385453641415,
                    0.9982821941375732,
                    -0.05652948096394539
                ],
                [
                    -0.03220411390066147,
                    0.056011758744716644,
                    0.9979105591773987
                ]
            ],
            [
                [
                    0.9987991452217102,
                    -0.04070400819182396,
                    -0.027265992015600204
                ],
                [
                    0.04509536176919937,
                    0.9813375473022461,
                    0.1869301199913025
                ],
                [
                    0.019148340448737144,
                    -0.1879352182149887,
                    0.9819946885108948
                ]
            ],
            [
                [
                    0.9991155862808228,
                    0.01768079586327076,
                    -0.038148850202560425
                ],
                [
                    -0.009998142719268799,
                    0.9811693429946899,
                    0.19289036095142365
                ],
                [
                    0.040840938687324524,
                    -0.19233837723731995,
                    0.9804783463478088
                ]
            ],
            [
                [
                    0.9630060791969299,
                    0.0028371887747198343,
                    -0.26946473121643066
                ],
                [
                    0.025206420570611954,
                    0.9946122169494629,
                    0.10055430233478546
                ],
                [
                    0.2682982087135315,
                    -0.10362664610147476,
                    0.9577460885047913
                ]
            ],
            [
                [
                    0.8850870132446289,
                    0.4652876555919647,
                    -0.01132938638329506
                ],
                [
                    -0.4652869403362274,
                    0.8851553201675415,
                    0.0028600769583135843
                ],
                [
                    0.011359024792909622,
                    0.0027399982791393995,
                    0.9999317526817322
                ]
            ],
            [
                [
                    0.9015975594520569,
                    -0.4126831889152527,
                    0.1296708583831787
                ],
                [
                    0.4147689640522003,
                    0.9098507165908813,
                    0.011763840913772583
                ],
                [
                    -0.12283586710691452,
                    0.043177198618650436,
                    0.9914873838424683
                ]
            ],
            [
                [
                    0.9765834808349609,
                    -0.07008156925439835,
                    -0.20340391993522644
                ],
                [
                    0.025354910641908646,
                    0.9763587117195129,
                    -0.2146642804145813
                ],
                [
                    0.21363919973373413,
                    0.2044803351163864,
                    0.9552726745605469
                ]
            ],
            [
                [
                    0.538293182849884,
                    0.8058431148529053,
                    -0.2466927170753479
                ],
                [
                    -0.8373578786849976,
                    0.5445002317428589,
                    -0.0484905019402504
                ],
                [
                    0.0952485054731369,
                    0.23267218470573425,
                    0.9678798317909241
                ]
            ],
            [
                [
                    0.4643550217151642,
                    -0.831878662109375,
                    0.3038952052593231
                ],
                [
                    0.8756401538848877,
                    0.48267465829849243,
                    -0.016719622537493706
                ],
                [
                    -0.13277384638786316,
                    0.2738666534423828,
                    0.9525587558746338
                ]
            ],
            [
                [
                    0.7622266411781311,
                    -0.2145811915397644,
                    -0.6107090711593628
                ],
                [
                    0.14174231886863708,
                    0.9758886098861694,
                    -0.16598348319530487
                ],
                [
                    0.6316009759902954,
                    0.03995371609926224,
                    0.7742635607719421
                ]
            ],
            [
                [
                    0.5903106331825256,
                    0.3201158344745636,
                    0.7409853339195251
                ],
                [
                    -0.06332705169916153,
                    0.933534562587738,
                    -0.3528498411178589
                ],
                [
                    -0.8046881556510925,
                    0.16136662662029266,
                    0.5713473558425903
                ]
            ],
            [
                [
                    0.9994216561317444,
                    -0.016222169622778893,
                    0.029887035489082336
                ],
                [
                    0.0186020378023386,
                    0.9965280294418335,
                    -0.08115331083536148
                ],
                [
                    -0.028466785326600075,
                    0.08166233450174332,
                    0.9962534308433533
                ]
            ],
            [
                [
                    0.9981303811073303,
                    0.05251277983188629,
                    -0.03127520903944969
                ],
                [
                    -0.055140066891908646,
                    0.994404673576355,
                    -0.09010440111160278
                ],
                [
                    0.026368586346507072,
                    0.09166046231985092,
                    0.9954410791397095
                ]
            ],
            [
                [
                    0.9651327133178711,
                    0.24346622824668884,
                    -0.09614109247922897
                ],
                [
                    -0.22708271443843842,
                    0.9614417552947998,
                    0.15512309968471527
                ],
                [
                    0.1302013099193573,
                    -0.12788239121437073,
                    0.9832058548927307
                ]
            ],
            [
                [
                    0.9713122844696045,
                    -0.22752240300178528,
                    0.06918157637119293
                ],
                [
                    0.21566563844680786,
                    0.9653568267822266,
                    0.14688308537006378
                ],
                [
                    -0.10020408779382706,
                    -0.1277492493391037,
                    0.9867317080497742
                ]
            ]
        ],
        "betas": [
            -0.22187095880508423,
            -0.12867265939712524,
            0.2599567472934723,
            0.8114793300628662,
            0.16901852190494537,
            0.1260148584842682,
            -0.08998742699623108,
            -0.08679890632629395,
            0.15846754610538483,
            -0.11522364616394043
        ]
    },
    "pred_cam_t": [
        0.027780229225754738,
        0.33409637212753296,
        26.557693481445312
    ],
    "focal_length": [
        5000.0,
        5000.0
    ],
    "pred_keypoints_3d": [
        [
            0.037823744118213654,
            -0.8542065620422363,
            0.12892751395702362
        ],
        [
            0.009734253399074078,
            -0.7402380704879761,
            -0.023424437269568443
        ],
        [
            0.1833166629076004,
            -0.6333458423614502,
            0.025210434570908546
        ],
        [
            0.19090333580970764,
            -0.385026752948761,
            0.029496878385543823
        ],
        [
            0.08919209241867065,
            -0.2542558014392853,
            0.21566778421401978
        ],
        [
            -0.15959009528160095,
            -0.6309661865234375,
            -0.07083286345005035
        ],
        [
            -0.1720828413963318,
            -0.3770982027053833,
            -0.08990313857793808
        ],
        [
            -0.231582373380661,
            -0.20189139246940613,
            0.06875380128622055
        ],
        [
            -0.002237506676465273,
            -0.23005430400371552,
            0.027414800599217415
        ],
        [
            0.06041746586561203,
            -0.14035701751708984,
            0.05155591294169426
        ],
        [
            0.051072195172309875,
            0.17633044719696045,
            0.24866871535778046
        ],
        [
            0.030570797622203827,
            0.37226584553718567,
            -0.08489899337291718
        ],
        [
            -0.07190509885549545,
            -0.13976317644119263,
            0.026994720101356506
        ],
        [
            -0.12156330049037933,
            0.1853356957435608,
            0.18456624448299408
        ],
        [
            -0.12103896588087082,
            0.3883151710033417,
            -0.14501918852329254
        ],
        [
            0.0643479973077774,
            -0.8922666311264038,
            0.08875566720962524
        ],
        [
            0.0004429742693901062,
            -0.8966820240020752,
            0.10605830699205399
        ],
        [
            0.07878630608320236,
            -0.8760993480682373,
            -0.012324612587690353
        ],
        [
            -0.06275970488786697,
            -0.8858743906021118,
            0.024748917669057846
        ],
        [
            -0.13065463304519653,
            0.5401694774627686,
            -0.02329641580581665
        ],
        [
            -0.1957930028438568,
            0.5131398439407349,
            -0.06721511483192444
        ],
        [
            -0.1292581856250763,
            0.3736026883125305,
            -0.21081706881523132
        ],
        [
            -0.0066938623785972595,
            0.5226528644561768,
            0.03565293550491333
        ],
        [
            0.07093092799186707,
            0.5067011117935181,
            0.0023758411407470703
        ],
        [
            0.043998491019010544,
            0.3697550296783447,
            -0.15483468770980835
        ],
        [
            0.06221529468894005,
            0.3274231553077698,
            -0.06187736243009567
        ],
        [
            0.05375233292579651,
            0.12739337980747223,
            0.23690906167030334
        ],
        [
            0.1454913169145584,
            -0.25657469034194946,
            0.03075343742966652
        ],
        [
            -0.14258183538913727,
            -0.24198928475379944,
            -0.024604154750704765
        ],
        [
            -0.13092948496341705,
            0.1521027833223343,
            0.1782524734735489
        ],
        [
            -0.1303987205028534,
            0.34628936648368835,
            -0.13510626554489136
        ],
        [
            0.07864657789468765,
            -0.28839144110679626,
            0.20908138155937195
        ],
        [
            0.20809634029865265,
            -0.408021479845047,
            0.060137540102005005
        ],
        [
            0.1511896550655365,
            -0.6686318516731262,
            0.010063990019261837
        ],
        [
            -0.12970247864723206,
            -0.6657469272613525,
            -0.06857611238956451
        ],
        [
            -0.21163949370384216,
            -0.40499699115753174,
            -0.07100337743759155
        ],
        [
            -0.23614923655986786,
            -0.2225232571363449,
            0.06973111629486084
        ],
        [
            0.005834588780999184,
            -0.7268581390380859,
            -0.019031740725040436
        ],
        [
            0.012076114304363728,
            -0.9345333576202393,
            0.022178662940859795
        ],
        [
            0.0008965644519776106,
            -0.24933016300201416,
            0.00316209951415658
        ],
        [
            0.010838961228728294,
            -0.6661498546600342,
            -0.026229314506053925
        ],
        [
            0.011599436402320862,
            -0.49461671710014343,
            -0.029759418219327927
        ],
        [
            0.010059555061161518,
            -0.8268094658851624,
            0.058950625360012054
        ],
        [
            0.01635289192199707,
            -0.9527478218078613,
            0.012069322168827057
        ]
    ],
    "pred_vertices": [
        [
            -0.008394376374781132,
            -0.9429845809936523,
            0.10819320380687714
        ],
        [
            -0.002018068451434374,
            -0.9283766746520996,
            0.1130913645029068
        ],
        [
            -0.01516320463269949,
            -0.9254792928695679,
            0.10766254365444183
        ],
        [
            -0.022256433963775635,
            -0.9367116689682007,
            0.09937956184148788
        ],
        [
            -0.010197351686656475,
            -0.9163683652877808,
            0.11198389530181885
        ],
        [
            0.001389621291309595,
            -0.9171489477157593,
            0.11625539511442184
        ],
        [
            -0.024593699723482132,
            -0.9198769330978394,
            0.09909354150295258
        ],
        [
            -0.03175320476293564,
            -0.9271399974822998,
            0.08998411148786545
        ],
        [
            -0.035532720386981964,
            -0.8848856091499329,
            0.09059415012598038
        ],
        [
            -0.04182727634906769,
            -0.8798556923866272,
            0.08216237276792526
        ],
        [
            -0.040867868810892105,
            -0.8919073343276978,
            0.08400838077068329
        ],
        [
            -0.03338927403092384,
            -0.8934295773506165,
            0.09105444699525833
        ],
        [
            -0.036601677536964417,
            -0.8588887453079224,
            0.08699918538331985
        ],
        [
            -0.028844565153121948,
            -0.8496512174606323,
            0.09392756968736649
        ],
        [
            -0.03416654095053673,
            -0.8405641317367554,
            0.08508634567260742
        ],
        [
            -0.04068440571427345,
            -0.8493000268936157,
            0.07721385359764099
        ],
        [
            0.00949839223176241,
            -0.862436056137085,
            0.10873876512050629
        ],
        [
            0.0033306432887911797,
            -0.8561711311340332,
            0.109257772564888
        ],
        [
            -0.000123234698548913,
            -0.8629136681556702,
            0.10930813103914261
        ],
        [
            0.006624066270887852,
            -0.8683722615242004,
            0.1083797886967659
        ],
        [
            0.020779019221663475,
            -0.8714137077331543,
            0.11228493601083755
        ],
        [
            0.019315676763653755,
            -0.8768353462219238,
            0.10911837965250015
        ],
        [
            0.025399232283234596,
            -0.8805955648422241,
            0.1128602847456932
        ],
        [
            0.026232071220874786,
            -0.8744882345199585,
            0.11730891466140747
        ],
        [
            0.014449747279286385,
            -0.8569906949996948,
            0.1077173575758934
        ],
        [
            0.007769370451569557,
            -0.850488007068634,
            0.10786119103431702
        ],
        [
            0.01497652381658554,
            -0.8678475618362427,
            0.10896074771881104
        ],
        [
            0.01709185726940632,
            -0.8630914688110352,
            0.11087474226951599
        ],
        [
            0.021984484046697617,
            -0.8573005795478821,
            0.12038978189229965
        ],
        [
            0.020488424226641655,
            -0.8619515895843506,
            0.11917729675769806
        ],
        [
            0.02559543401002884,
            -0.8630259037017822,
            0.12510019540786743
        ],
        [
            0.026329925283789635,
            -0.8575464487075806,
            0.12427981942892075
        ],
        [
            0.017189878970384598,
            -0.8564976453781128,
            0.11202295124530792
        ],
        [
            0.017503486946225166,
            -0.8594282269477844,
            0.11488379538059235
        ],
        [
            0.02020067349076271,
            -0.8557127714157104,
            0.1166498214006424
        ],
        [
            0.02059161104261875,
            -0.8534547090530396,
            0.11315418779850006
        ],
        [
            0.02182268723845482,
            -0.8672835826873779,
            0.11518006771802902
        ],
        [
            0.026407930999994278,
            -0.8691680431365967,
            0.12119855731725693
        ],
        [
            0.031923867762088776,
            -0.870681881904602,
            0.1272350251674652
        ],
        [
            0.031125813722610474,
            -0.8624032735824585,
            0.1308130919933319
        ],
        [
            -0.009838423691689968,
            -0.8429789543151855,
            0.10536938905715942
        ],
        [
            -0.0033193628769367933,
            -0.8497262001037598,
            0.10858941078186035
        ],
        [
            0.0012954366393387318,
            -0.8446235656738281,
            0.10764957219362259
        ],
        [
            -0.0044589051976799965,
            -0.8392958641052246,
            0.10585294663906097
        ],
        [
            0.01832023449242115,
            -0.850267767906189,
            0.11011728644371033
        ],
        [
            0.013395154848694801,
            -0.8345611095428467,
            0.11126486957073212
        ],
        [
            0.013463905081152916,
            -0.8383609652519226,
            0.11160165816545486
        ],
        [
            0.02031908929347992,
            -0.8389462232589722,
            0.11404278129339218
        ],
        [
            0.019554506987333298,
            -0.8354396820068359,
            0.11371207237243652
        ],
        [
            -0.0176654402166605,
            -0.8287427425384521,
            0.09769541770219803
        ],
        [
            -0.011267727240920067,
            -0.8274949789047241,
            0.10106847435235977
        ],
        [
            -0.01287543773651123,
            -0.8205149173736572,
            0.09846881031990051
        ],
        [
            -0.019213618710637093,
            -0.8203674554824829,
            0.09363401681184769
        ],
        [
            -0.011805172078311443,
            -0.814577579498291,
            0.0966215431690216
        ],
        [
            -0.019720930606126785,
            -0.8123660087585449,
            0.08985964953899384
        ],
        [
            -0.012069998309016228,
            -0.79808109998703,
            0.08793561905622482
        ],
        [
            -0.016195829957723618,
            -0.8043522238731384,
            0.08862151205539703
        ],
        [
            -0.008407264947891235,
            -0.8088779449462891,
            0.09624577313661575
        ],
        [
            -0.0030151621904224157,
            -0.8036786317825317,
            0.0983465388417244
        ],
        [
            0.011752001009881496,
            -0.8077991008758545,
            0.10450154542922974
        ],
        [
            0.01784607209265232,
            -0.8062360286712646,
            0.10607495158910751
        ],
        [
            0.011732326820492744,
            -0.7946241497993469,
            0.10486527532339096
        ],
        [
            0.004382038488984108,
            -0.7982430458068848,
            0.10200061649084091
        ],
        [
            0.012197467498481274,
            -0.8290079832077026,
            0.1068594753742218
        ],
        [
            0.007828076370060444,
            -0.8292919397354126,
            0.10485588014125824
        ],
        [
            0.008221087045967579,
            -0.8307852149009705,
            0.10719006508588791
        ],
        [
            0.013024169020354748,
            -0.831670880317688,
            0.10957004129886627
        ],
        [
            0.003999544773250818,
            -0.8291925191879272,
            0.10375276207923889
        ],
        [
            0.0022402540780603886,
            -0.829002857208252,
            0.10338443517684937
        ],
        [
            0.0028164968825876713,
            -0.830296516418457,
            0.10455615818500519
        ],
        [
            0.004358985926955938,
            -0.8300069570541382,
            0.10441534966230392
        ],
        [
            0.006337675265967846,
            -0.8295451402664185,
            0.10460736602544785
        ],
        [
            0.007190016098320484,
            -0.8275580406188965,
            0.10479150712490082
        ],
        [
            0.004840594716370106,
            -0.828345775604248,
            0.10405372083187103
        ],
        [
            0.01115910429507494,
            -0.8265694379806519,
            0.10682587325572968
        ],
        [
            0.024769915267825127,
            -0.8233248591423035,
            0.11193477362394333
        ],
        [
            0.02079915814101696,
            -0.8243271112442017,
            0.11124429851770401
        ],
        [
            0.022333325818181038,
            -0.8286219835281372,
            0.11023819446563721
        ],
        [
            0.025726068764925003,
            -0.8280413150787354,
            0.11078201234340668
        ],
        [
            0.005053172819316387,
            -0.8318681120872498,
            0.1060558408498764
        ],
        [
            0.0024626613594591618,
            -0.8337628841400146,
            0.1060657650232315
        ],
        [
            0.007035722024738789,
            -0.8362507820129395,
            0.10878065973520279
        ],
        [
            0.0078098224475979805,
            -0.8334745168685913,
            0.1078696921467781
        ],
        [
            -7.939967326819897e-05,
            -0.8357653021812439,
            0.10653103142976761
        ],
        [
            0.0005444509442895651,
            -0.8315708637237549,
            0.10446628928184509
        ],
        [
            -0.002582607325166464,
            -0.8321676254272461,
            0.10445042699575424
        ],
        [
            0.0025947848334908485,
            -0.8272010087966919,
            0.10325509309768677
        ],
        [
            -0.00046378723345696926,
            -0.8256300091743469,
            0.10238051414489746
        ],
        [
            -0.0005545098101720214,
            -0.8282932043075562,
            0.10349735617637634
        ],
        [
            0.0013081026263535023,
            -0.8222920894622803,
            0.10231447219848633
        ],
        [
            0.005053333472460508,
            -0.8251884579658508,
            0.1037745326757431
        ],
        [
            0.00890010129660368,
            -0.8232076168060303,
            0.10576319694519043
        ],
        [
            0.014008088037371635,
            -0.8213814496994019,
            0.10824590921401978
        ],
        [
            0.010590747930109501,
            -0.8166564702987671,
            0.10581933706998825
        ],
        [
            0.00517985038459301,
            -0.8191860914230347,
            0.1037677451968193
        ],
        [
            0.005147166550159454,
            -0.8399240970611572,
            0.10849469900131226
        ],
        [
            -0.005131453275680542,
            -0.8278611898422241,
            0.10247351229190826
        ],
        [
            -0.00820600613951683,
            -0.8344206809997559,
            0.10322576016187668
        ],
        [
            -0.005661624949425459,
            -0.8230326175689697,
            0.10130923986434937
        ],
        [
            -0.004118539392948151,
            -0.8184715509414673,
            0.10038392245769501
        ],
        [
            -0.0008167539490386844,
            -0.8142532706260681,
            0.10072699189186096
        ],
        [
            0.005478890147060156,
            -0.8107810020446777,
            0.10271057486534119
        ],
        [
            0.006049863062798977,
            -0.7863086462020874,
            0.09397678077220917
        ],
        [
            -0.0029115965589880943,
            -0.7914638519287109,
            0.09145856648683548
        ],
        [
            0.0028869076631963253,
            -0.9100208282470703,
            0.1131046786904335
        ],
        [
            -0.006338378414511681,
            -0.9094913005828857,
            0.11227232962846756
        ],
        [
            -0.008127748966217041,
            -0.9020464420318604,
            0.10727346688508987
        ],
        [
            -0.009891496039927006,
            -0.9048216342926025,
            0.10763044655323029
        ],
        [
            -0.003871489316225052,
            -0.9053270816802979,
            0.10994882881641388
        ],
        [
            -0.003639783011749387,
            -0.9027004241943359,
            0.10887567698955536
        ],
        [
            -0.025394942611455917,
            -0.8954412341117859,
            0.09536730498075485
        ],
        [
            -0.019407596439123154,
            -0.8970105648040771,
            0.09875621646642685
        ],
        [
            -0.020388547331094742,
            -0.8931998014450073,
            0.09739047288894653
        ],
        [
            -0.02766064554452896,
            -0.8889140486717224,
            0.09503049403429031
        ],
        [
            -0.011910855770111084,
            -0.8851022720336914,
            0.10288967192173004
        ],
        [
            -0.01684539020061493,
            -0.886603593826294,
            0.1005384624004364
        ],
        [
            -0.012063555419445038,
            -0.8931235074996948,
            0.10241936892271042
        ],
        [
            -0.008464149199426174,
            -0.8920633792877197,
            0.10420743376016617
        ],
        [
            -0.004371083341538906,
            -0.8913695812225342,
            0.10544411092996597
        ],
        [
            4.001939669251442e-05,
            -0.8911589980125427,
            0.1057441234588623
        ],
        [
            -0.0005588291678577662,
            -0.8857933282852173,
            0.10516967624425888
        ],
        [
            -0.006045592948794365,
            -0.8851057887077332,
            0.10447537153959274
        ],
        [
            0.002863690722733736,
            -0.9061596393585205,
            0.11007901281118393
        ],
        [
            0.009840799495577812,
            -0.9050434827804565,
            0.10804623365402222
        ],
        [
            0.008175194263458252,
            -0.9021711349487305,
            0.10775646567344666
        ],
        [
            0.0023658135905861855,
            -0.9030068516731262,
            0.10963739454746246
        ],
        [
            0.016822652891278267,
            -0.8954429626464844,
            0.10049975663423538
        ],
        [
            0.01596095971763134,
            -0.8979840278625488,
            0.1017758771777153
        ],
        [
            0.01982771046459675,
            -0.8993103504180908,
            0.10211582481861115
        ],
        [
            0.02026350423693657,
            -0.8946539163589478,
            0.10113786160945892
        ],
        [
            0.01791185699403286,
            -0.8916395902633667,
            0.10164205729961395
        ],
        [
            0.015595268458127975,
            -0.8937255144119263,
            0.10121683031320572
        ],
        [
            0.000714506022632122,
            -0.9639887809753418,
            0.1053500548005104
        ],
        [
            0.006686128675937653,
            -0.9468950033187866,
            0.11236527562141418
        ],
        [
            -0.01691608503460884,
            -0.9577068090438843,
            0.09636241942644119
        ],
        [
            -0.02924511581659317,
            -0.9479113817214966,
            0.0872155949473381
        ],
        [
            -0.03934185951948166,
            -0.9347304105758667,
            0.07948921620845795
        ],
        [
            -0.025872617959976196,
            -0.8333735466003418,
            0.09213023632764816
        ],
        [
            -0.029232092201709747,
            -0.8244162797927856,
            0.08611380308866501
        ],
        [
            -0.03890916705131531,
            -0.8320095539093018,
            0.07593901455402374
        ],
        [
            -0.038648076355457306,
            -0.8215853571891785,
            0.06996560096740723
        ],
        [
            -0.02920253574848175,
            -0.8140454292297363,
            0.0811319500207901
        ],
        [
            -0.0183308944106102,
            -0.7954005002975464,
            0.07458791136741638
        ],
        [
            -0.025525804609060287,
            -0.8037551641464233,
            0.0771280899643898
        ],
        [
            -0.03554616868495941,
            -0.8114418983459473,
            0.0622367262840271
        ],
        [
            -0.044704921543598175,
            -0.82407146692276,
            0.04912593960762024
        ],
        [
            -0.04597684368491173,
            -0.8314363956451416,
            0.059079937636852264
        ],
        [
            -0.05024702101945877,
            -0.8397525548934937,
            0.03775273263454437
        ],
        [
            -0.04305597394704819,
            -0.8161669969558716,
            0.035178299993276596
        ],
        [
            -0.04945310950279236,
            -0.8384276628494263,
            0.0280851349234581
        ],
        [
            -0.03275928273797035,
            -0.7773887515068054,
            0.03334518522024155
        ],
        [
            -0.036413293331861496,
            -0.7655574679374695,
            0.027622653171420097
        ],
        [
            -0.04609089717268944,
            -0.7727025747299194,
            0.014263775199651718
        ],
        [
            -0.04434336721897125,
            -0.784699022769928,
            0.02072332240641117
        ],
        [
            -0.04474988579750061,
            -0.8399176597595215,
            0.06780409812927246
        ],
        [
            -0.042721934616565704,
            -0.9034096002578735,
            0.07609856873750687
        ],
        [
            -0.03673359751701355,
            -0.9025610089302063,
            0.08665106445550919
        ],
        [
            -0.04651086404919624,
            -0.8903634548187256,
            0.07318156957626343
        ],
        [
            -0.04652229696512222,
            -0.9625999331474304,
            0.05877721682190895
        ],
        [
            -0.038265686482191086,
            -0.957694411277771,
            0.07437627017498016
        ],
        [
            -0.046841464936733246,
            -0.942380428314209,
            0.06919761002063751
        ],
        [
            -0.054108649492263794,
            -0.9491952657699585,
            0.054767049849033356
        ],
        [
            -0.016060365363955498,
            -0.9954471588134766,
            0.0621020533144474
        ],
        [
            -0.008989849127829075,
            -0.9830403923988342,
            0.08587335050106049
        ],
        [
            -0.02278866618871689,
            -0.9716780185699463,
            0.08051364123821259
        ],
        [
            -0.030426401644945145,
            -0.9816455841064453,
            0.0619455948472023
        ],
        [
            -0.0586727112531662,
            -0.9510101079940796,
            0.04227984696626663
        ],
        [
            -0.06366382539272308,
            -0.9525580406188965,
            0.02396906167268753
        ],
        [
            -0.06060747802257538,
            -0.968630313873291,
            0.01683870702981949
        ],
        [
            -0.05317489057779312,
            -0.968109130859375,
            0.03864721581339836
        ],
        [
            -0.04852190613746643,
            -0.9881414175033569,
            0.007982023060321808
        ],
        [
            -0.040800586342811584,
            -0.9882890582084656,
            0.03443572670221329
        ],
        [
            -0.049907341599464417,
            -0.8240269422531128,
            0.01535787433385849
        ],
        [
            -0.05114610865712166,
            -0.8429422378540039,
            0.015093624591827393
        ],
        [
            -0.04175645112991333,
            -0.7993247509002686,
            0.028934022411704063
        ],
        [
            -0.049317896366119385,
            -0.8072282075881958,
            0.013089951127767563
        ],
        [
            -0.031118491664528847,
            -1.002197027206421,
            -0.0007154271006584167
        ],
        [
            -0.022673264145851135,
            -1.0040278434753418,
            0.030718982219696045
        ],
        [
            -0.06452735513448715,
            -0.9307540059089661,
            -0.026888161897659302
        ],
        [
            -0.06494176387786865,
            -0.9485352039337158,
            -0.017889566719532013
        ],
        [
            -0.06781063973903656,
            -0.9358648061752319,
            -0.001531548798084259
        ],
        [
