{
    "pred_cam": [
        1.1394211053848267,
        -0.009387610480189323,
        0.19097983837127686
    ],
    "pred_smpl_params": {
        "global_orient": [
            [
                [
                    0.9540902972221375,
                    0.2162834107875824,
                    -0.2072034627199173
                ],
                [
                    0.21257437765598297,
                    -0.9763144850730896,
                    -0.04027678817510605
                ],
                [
                    -0.21100692451000214,
                    -0.005618450231850147,
                    -0.9774684906005859
                ]
            ]
        ],
        "body_pose": [
            [
                [
                    0.9919019341468811,
                    -0.09943418949842453,
                    0.07901512086391449
                ],
                [
                    0.0926433652639389,
                    0.9920295476913452,
                    0.08540799468755722
                ],
                [
                    -0.08687781542539597,
                    -0.07739612460136414,
                    0.9932079315185547
                ]
            ],
            [
                [
                    0.9912136197090149,
                    -0.07553007453680038,
                    0.10858522355556488
                ],
                [
                    0.0661245733499527,
                    0.9939447045326233,
                    0.08775723725557327
                ],
                [
                    -0.11455603688955307,
                    -0.07980601489543915,
                    0.9902059435844421
                ]
            ],
            [
                [
                    0.995999813079834,
                    0.06822764128446579,
                    -0.057700324803590775
                ],
                [
                    -0.07689060270786285,
                    0.9833831787109375,
                    -0.16445502638816833
                ],
                [
                    0.045521143823862076,
                    0.16823379695415497,
                    0.984695553779602
                ]
            ],
            [
                [
                    0.9974122643470764,
                    0.06464535742998123,
                    -0.03145931661128998
                ],
                [
                    -0.07114740461111069,
                    0.8246563673019409,
                    -0.5611416697502136
                ],
                [
                    -0.01033205259591341,
                    0.561927855014801,
                    0.8271217346191406
                ]
            ],
            [
                [
                    0.9906381368637085,
                    0.031517624855041504,
                    0.13282610476016998
                ],
                [
                    0.05309642478823662,
                    0.8074155449867249,
                    -0.5875890254974365
                ],
                [
                    -0.12576527893543243,
                    0.5891406536102295,
                    0.7981831431388855
                ]
            ],
            [
                [
                    0.9948329925537109,
                    -0.045332834124565125,
                    -0.0908418744802475
                ],
                [
                    0.04147237539291382,
                    0.9981728196144104,
                    -0.04394356161355972
                ],
                [
                    0.09266798198223114,
                    0.03994907811284065,
                    0.994895339012146
                ]
            ],
            [
                [
                    0.9866687655448914,
                    0.06764107942581177,
                    0.14801812171936035
                ],
                [
                    -0.079085573554039,
                    0.9942027926445007,
                    0.07284470647573471
                ],
                [
                    -0.1422327309846878,
                    -0.08357970416545868,
                    0.9862982630729675
                ]
            ],
            [
                [
                    0.9847414493560791,
                    -0.07745331525802612,
                    -0.15583696961402893
                ],
                [
                    0.08184340596199036,
                    0.9964035749435425,
                    0.021944893524050713
                ],
                [
                    0.1535768061876297,
                    -0.03436427563428879,
                    0.9875389337539673
                ]
            ],
            [
                [
                    0.9956459403038025,
                    -0.022668300196528435,
                    -0.09041731804609299
                ],
                [
                    0.015141990967094898,
                    0.9964284300804138,
                    -0.08307336270809174
                ],
                [
                    0.09197750687599182,
                    0.08134256303310394,
                    0.9924331903457642
                ]
            ],
            [
                [
                    0.9845393300056458,
                    -0.17313066124916077,
                    0.026610955595970154
                ],
                [
                    0.16526207327842712,
                    0.9684574007987976,
                    0.18649034202098846
                ],
                [
                    -0.05805877596139908,
                    -0.17920927703380585,
                    0.9820963144302368
                ]
            ],
            [
                [
                    0.9824745059013367,
                    0.18543322384357452,
                    -0.01892947219312191
                ],
                [
                    -0.17776067554950714,
                    0.962664008140564,
                    0.20415477454662323
                ],
                [
                    0.05607979744672775,
                    -0.19721195101737976,
                    0.9787555932998657
                ]
            ],
            [
                [
                    0.9882179498672485,
                    -0.09739089012145996,
                    -0.11806876212358475
                ],
                [
                    0.09712044149637222,
                    0.9952399730682373,
                    -0.00805592630058527
                ],
                [
                    0.11829134076833725,
                    -0.003505879081785679,
                    0.9929726719856262
                ]
            ],
            [
                [
                    0.8976520299911499,
                    0.41399869322776794,
                    -0.15108253061771393
                ],
                [
                    -0.42589059472084045,
                    0.903048038482666,
                    -0.05586913973093033
                ],
                [
                    0.11330504715442657,
                    0.11449567973613739,
                    0.9869410395622253
                ]
            ],
            [
                [
                    0.9335572719573975,
                    -0.3465326726436615,
                    -0.09157460182905197
                ],
                [
                    0.3434464633464813,
                    0.9379420280456543,
                    -0.048054758459329605
                ],
                [
                    0.10254421830177307,
                    0.013410894200205803,
                    0.9946380257606506
                ]
            ],
            [
                [
                    0.9866644740104675,
                    -0.09557607024908066,
                    -0.13175097107887268
                ],
                [
                    0.056539759039878845,
                    0.9602924585342407,
                    -0.27320629358291626
                ],
                [
                    0.15263143181800842,
                    0.2621138095855713,
                    0.9528902769088745
                ]
            ],
            [
                [
                    0.43940210342407227,
                    0.8031523823738098,
                    -0.40233317017555237
                ],
                [
                    -0.8806403279304504,
                    0.4734955430030823,
                    -0.016568470746278763
                ],
                [
                    0.17719601094722748,
                    0.36159104108810425,
                    0.9153433442115784
                ]
            ],
            [
                [
                    0.4752524495124817,
                    -0.8351106643676758,
                    0.2769932448863983
                ],
                [
                    0.8786952495574951,
                    0.4666154682636261,
                    -0.10082025825977325
                ],
                [
                    -0.04505325108766556,
                    0.2913077175617218,
                    0.9555679559707642
                ]
            ],
            [
                [
                    0.603006899356842,
                    -0.19784504175186157,
                    -0.7728130221366882
                ],
                [
                    -0.07632362842559814,
                    0.9500055313110352,
                    -0.30276086926460266
                ],
                [
                    0.7940764427185059,
                    0.24155078828334808,
                    0.5577596426010132
                ]
            ],
            [
                [
                    -0.36720046401023865,
                    0.4368043839931488,
                    0.8211977481842041
                ],
                [
                    -0.18713244795799255,
                    0.83012855052948,
                    -0.5252314209938049
                ],
                [
                    -0.9111230373382568,
                    -0.3465379774570465,
                    -0.22308331727981567
                ]
            ],
            [
                [
                    0.9949743747711182,
                    -0.09046249836683273,
                    -0.04292511194944382
                ],
                [
                    0.08937438577413559,
                    0.9956421256065369,
                    -0.026629209518432617
                ],
                [
                    0.04514698684215546,
                    0.022658975794911385,
                    0.9987234473228455
                ]
            ],
            [
                [
                    0.9774750471115112,
                    0.17537708580493927,
                    0.1174115389585495
                ],
                [
                    -0.19170637428760529,
                    0.9704709053039551,
                    0.1464063674211502
                ],
                [
                    -0.08826816827058792,
                    -0.16561710834503174,
                    0.9822319746017456
                ]
            ],
            [
                [
                    0.9624077677726746,
                    0.2545918822288513,
                    -0.09462732076644897
                ],
                [
                    -0.23295459151268005,
                    0.9528629183769226,
                    0.19438208639621735
                ],
                [
                    0.1396549642086029,
                    -0.16503094136714935,
                    0.9763510227203369
                ]
            ],
            [
                [
                    0.9590178728103638,
                    -0.26405587792396545,
                    0.10275807976722717
                ],
                [
                    0.25321269035339355,
                    0.9614307880401611,
                    0.1073974072933197
                ],
                [
                    -0.1271536946296692,
                    -0.07697638124227524,
                    0.9888916015625
                ]
            ]
        ],
        "betas": [
            0.06790632009506226,
            0.16749688982963562,
            0.5536419153213501,
            1.3656151294708252,
            -0.05980914831161499,
            -0.03240825980901718,
            0.022091180086135864,
            0.10956190526485443,
            -0.004988566040992737,
            0.0005552768707275391
        ]
    },
    "pred_cam_t": [
        -0.009387610480189323,
        0.19097983837127686,
        34.28276062011719
    ],
    "focal_length": [
        5000.0,
        5000.0
    ],
    "pred_keypoints_3d": [
        [
            0.007940739393234253,
            -0.8264706134796143,
            -0.18634262681007385
        ],
        [
            0.11258593201637268,
            -0.7480383515357971,
            -0.03963625803589821
        ],
        [
            -0.05073323845863342,
            -0.6990375518798828,
            0.0822262167930603
        ],
        [
            -0.09652687609195709,
            -0.4756930470466614,
            0.18590238690376282
        ],
        [
            -0.1943046897649765,
            -0.5128247141838074,
            -0.044055163860321045
        ],
        [
            0.248509019613266,
            -0.5985751152038574,
            -0.09653542935848236
        ],
        [
            0.2149733453989029,
            -0.3517664670944214,
            -0.030164361000061035
        ],
        [
            0.015886202454566956,
            -0.2241523265838623,
            -0.10342318564653397
        ],
        [
            -0.002942550927400589,
            -0.23835942149162292,
            0.025437716394662857
        ],
        [
            -0.08249843120574951,
            -0.16328471899032593,
            0.04457627236843109
        ],
        [
            -0.17976801097393036,
            0.20331749320030212,
            0.02140827849507332
        ],
        [
            -0.20534630119800568,
            0.5169578790664673,
            0.25888991355895996
        ],
        [
            0.04118957743048668,
            -0.13444331288337708,
            0.01926700584590435
        ],
        [
            0.026286188513040543,
            0.23452350497245789,
            -0.017828883603215218
        ],
        [
            -0.023939352482557297,
            0.5509006977081299,
            0.21127751469612122
        ],
        [
            0.005665205419063568,
            -0.8773157596588135,
            -0.15004032850265503
        ],
        [
            0.051541537046432495,
            -0.8686681985855103,
            -0.19752907752990723
        ],
        [
            0.04577334225177765,
            -0.8902946710586548,
            -0.054184623062610626
        ],
        [
            0.14914745092391968,
            -0.8704097270965576,
            -0.1600804477930069
        ],
        [
            -0.04704728350043297,
            0.6766937971115112,
            0.05695672333240509
        ],
        [
            0.023895084857940674,
            0.6735332012176514,
            0.1040073037147522
        ],
        [
            -0.019644558429718018,
            0.5597503781318665,
            0.2810877561569214
        ],
        [
            -0.22912974655628204,
            0.6492613554000854,
            0.1111261248588562
        ],
        [
            -0.2968597412109375,
            0.6224350929260254,
            0.16261844336986542
        ],
        [
            -0.204305499792099,
            0.5285629034042358,
            0.3311914801597595
        ],
        [
            -0.21917742490768433,
            0.4594525694847107,
            0.25764840841293335
        ],
        [
            -0.16534003615379333,
            0.1419292688369751,
            0.015753619372844696
        ],
        [
            -0.1285470426082611,
            -0.30240398645401,
            0.06472790986299515
        ],
        [
            0.13743752241134644,
            -0.22635549306869507,
            0.019432231783866882
        ],
        [
            0.04063650220632553,
            0.19485491514205933,
            -0.021533790975809097
        ],
        [
            -0.008275613188743591,
            0.5113576650619507,
            0.21756228804588318
        ],
        [
            -0.16588237881660461,
            -0.5377506017684937,
            -0.02666066400706768
        ],
        [
            -0.12564393877983093,
            -0.5110375881195068,
            0.17792783677577972
        ],
        [
            -0.015543080866336823,
            -0.719707190990448,
            0.05692503973841667
        ],
        [
            0.2315780222415924,
            -0.6422228813171387,
            -0.08516395092010498
        ],
        [
            0.22024238109588623,
            -0.36889636516571045,
            -0.08233107626438141
        ],
        [
            0.025284750387072563,
            -0.24348676204681396,
            -0.11332464218139648
        ],
        [
            0.11117521673440933,
            -0.7357558608055115,
            -0.04043934494256973
        ],
        [
            0.0824345275759697,
            -0.9280960559844971,
            -0.1348647177219391
        ],
        [
            0.005001151468604803,
            -0.2637524902820587,
            0.04096906632184982
        ],
        [
            0.10491137206554413,
            -0.6794376373291016,
            -0.016493290662765503
        ],
        [
            0.0778007060289383,
            -0.5117204189300537,
            0.03197076916694641
        ],
        [
            0.06801322847604752,
            -0.8144848346710205,
            -0.13252802193164825
        ],
        [
            0.08401164412498474,
            -0.9488519430160522,
            -0.12965115904808044
        ]
    ],
    "pred_vertices": [
        [
            0.05667341873049736,
            -0.9105997085571289,
            -0.2192055881023407
        ],
        [
            0.04883098229765892,
            -0.89671391248703,
            -0.21592167019844055
        ],
        [
            0.06318948417901993,
            -0.8939822912216187,
            -0.21678364276885986
        ],
        [
            0.07315483689308167,
            -0.9051845669746399,
            -0.21661289036273956
        ],
        [
            0.057163771241903305,
            -0.8846927285194397,
            -0.21513566374778748
        ],
        [
            0.044828835874795914,
            -0.8858040571212769,
            -0.21276164054870605
        ],
        [
            0.07598865777254105,
            -0.8893532752990723,
            -0.21279172599315643
        ],
        [
            0.08657464385032654,
            -0.8968530893325806,
            -0.2110733985900879
        ],
        [
            0.08971067517995834,
            -0.8566578030586243,
            -0.1989629566669464
        ],
        [
            0.09952261298894882,
            -0.8535376787185669,
            -0.19412384927272797
        ],
        [
            0.09799564629793167,
            -0.8648648858070374,
            -0.1988072395324707
        ],
        [
            0.08814165741205215,
            -0.8651514649391174,
            -0.20148470997810364
        ],
        [
            0.09344752132892609,
            -0.8321416974067688,
            -0.18942250311374664
        ],
        [
            0.0836196318268776,
            -0.8224192261695862,
            -0.18823149800300598
        ],
        [
            0.0928620770573616,
            -0.8151482939720154,
            -0.1812182515859604
        ],
        [
            0.10245492309331894,
            -0.8247280120849609,
            -0.18099254369735718
        ],
        [
            0.04271906241774559,
            -0.8358515501022339,
            -0.18548086285591125
        ],
        [
            0.04786622151732445,
            -0.8287196159362793,
            -0.18699383735656738
        ],
        [
            0.05076495558023453,
            -0.834960401058197,
            -0.19065450131893158
        ],
        [
            0.04536671191453934,
            -0.8413709402084351,
            -0.18824109435081482
        ],
        [
            0.03126612305641174,
            -0.8453783988952637,
            -0.18593829870224
        ],
        [
            0.03411346673965454,
            -0.8512551784515381,
            -0.18554531037807465
        ],
        [
            0.026861116290092468,
            -0.8545745611190796,
            -0.18697687983512878
        ],
        [
            0.023922741413116455,
            -0.8476743102073669,
            -0.18849554657936096
        ],
        [
            0.03908596560359001,
            -0.8313952088356018,
            -0.18051399290561676
        ],
        [
            0.04485541954636574,
            -0.8240236043930054,
            -0.18213555216789246
        ],
        [
            0.0378616601228714,
            -0.8417802453041077,
            -0.18461236357688904
        ],
        [
            0.03524264693260193,
            -0.8372074365615845,
            -0.18406373262405396
        ],
        [
            0.026106908917427063,
            -0.8294719457626343,
            -0.18807722628116608
        ],
        [
            0.02801089733839035,
            -0.8342418670654297,
            -0.18919578194618225
        ],
        [
            0.020572081208229065,
            -0.8343402147293091,
            -0.19184482097625732
        ],
        [
            0.02039724588394165,
            -0.8292548656463623,
            -0.18925513327121735
        ],
        [
            0.034713029861450195,
            -0.8304023742675781,
            -0.18313801288604736
        ],
        [
            0.03292055428028107,
            -0.8326703310012817,
            -0.18624916672706604
        ],
        [
            0.02969544380903244,
            -0.8288469314575195,
            -0.18532711267471313
        ],
        [
            0.03116181492805481,
            -0.8275864720344543,
            -0.18154460191726685
        ],
        [
            0.028946489095687866,
            -0.8407669067382812,
            -0.1866193264722824
        ],
        [
            0.021858148276805878,
            -0.8415713310241699,
            -0.19003766775131226
        ],
        [
            0.013898864388465881,
            -0.8420490026473999,
            -0.19271007180213928
        ],
        [
            0.012693755328655243,
            -0.833005964756012,
            -0.19366049766540527
        ],
        [
            0.06151698902249336,
            -0.815130352973938,
            -0.18649140000343323
        ],
        [
            0.05416032671928406,
            -0.8218140602111816,
            -0.18772965669631958
        ],
        [
            0.05073397606611252,
            -0.8175526857376099,
            -0.18339791893959045
        ],
        [
            0.05665254965424538,
            -0.8119748830795288,
            -0.1832948476076126
        ],
        [
            0.034760043025016785,
            -0.8248701095581055,
            -0.1791742891073227
        ],
        [
            0.038692522794008255,
            -0.8085212707519531,
            -0.1778922826051712
        ],
        [
            0.03838687017560005,
            -0.8121920824050903,
            -0.17933233082294464
        ],
        [
            0.031225454062223434,
            -0.8129768371582031,
            -0.17820438742637634
        ],
        [
            0.032109640538692474,
            -0.8095099925994873,
            -0.17712834477424622
        ],
        [
            0.0724683552980423,
            -0.8019809126853943,
            -0.1801084280014038
        ],
        [
            0.06522171944379807,
            -0.8006067276000977,
            -0.1795254349708557
        ],
        [
            0.06808504462242126,
            -0.7941362857818604,
            -0.176182359457016
        ],
        [
            0.07598525285720825,
            -0.794597864151001,
            -0.17511318624019623
        ],
        [
            0.06803152710199356,
            -0.7887635827064514,
            -0.17250816524028778
        ],
        [
            0.07827839255332947,
            -0.7875694036483765,
            -0.1700916588306427
        ],
        [
            0.07243143022060394,
            -0.7748335599899292,
            -0.16075380146503448
        ],
        [
            0.07583410292863846,
            -0.7803804874420166,
            -0.1649983674287796
        ],
        [
            0.06531669944524765,
            -0.7836400270462036,
            -0.16882939636707306
        ],
        [
            0.05951004847884178,
            -0.7786341905593872,
            -0.16625937819480896
        ],
        [
            0.043934814631938934,
            -0.7832578420639038,
            -0.16483907401561737
        ],
        [
            0.03781295195221901,
            -0.7822526693344116,
            -0.1625320017337799
        ],
        [
            0.04379003867506981,
            -0.770166277885437,
            -0.16131791472434998
        ],
        [
            0.05133056640625,
            -0.7734173536300659,
            -0.163903146982193
        ],
        [
            0.04187564551830292,
            -0.8038234710693359,
            -0.17282220721244812
        ],
        [
            0.04665926471352577,
            -0.8039422631263733,
            -0.1735256016254425
        ],
        [
            0.04510096460580826,
            -0.8048661947250366,
            -0.1756957769393921
        ],
        [
            0.03976288065314293,
            -0.805801272392273,
            -0.17545491456985474
        ],
        [
            0.0505809560418129,
            -0.8035175800323486,
            -0.17460867762565613
        ],
        [
            0.05232015252113342,
            -0.8032268285751343,
            -0.17515411972999573
        ],
        [
            0.05116450414061546,
            -0.8043193817138672,
            -0.1761970818042755
        ],
        [
            0.04988040775060654,
            -0.804280161857605,
            -0.17505395412445068
        ],
        [
            0.048108819872140884,
            -0.8040239810943604,
            -0.17407681047916412
        ],
        [
            0.04731319099664688,
            -0.8021053671836853,
            -0.17318783700466156
        ],
        [
            0.049725241959095,
            -0.8026925325393677,
            -0.17416220903396606
        ],
        [
            0.042884711176157,
            -0.8011180758476257,
            -0.172541543841362
        ],
        [
            0.028845466673374176,
            -0.7989519834518433,
            -0.16916751861572266
        ],
        [
            0.03234279155731201,
            -0.7991803884506226,
            -0.17073822021484375
        ],
        [
            0.03153296560049057,
            -0.8040404915809631,
            -0.17023777961730957
        ],
        [
            0.028564125299453735,
            -0.8040326833724976,
            -0.16905054450035095
        ],
        [
            0.048545967787504196,
            -0.8060743808746338,
            -0.17689260840415955
        ],
        [
            0.05056169256567955,
            -0.807292103767395,
            -0.17871609330177307
        ],
        [
            0.045186590403318405,
            -0.8096681237220764,
            -0.17938515543937683
        ],
        [
            0.04500119760632515,
            -0.8072945475578308,
            -0.17734357714653015
        ],
        [
            0.05256441608071327,
            -0.8089017868041992,
            -0.18075239658355713
        ],
        [
            0.05316644534468651,
            -0.8053456544876099,
            -0.17763039469718933
        ],
        [
            0.05603218078613281,
            -0.8057347536087036,
            -0.1796063780784607
        ],
        [
            0.05211080610752106,
            -0.8014512062072754,
            -0.1743314564228058
        ],
        [
            0.055267807096242905,
            -0.7997239828109741,
            -0.17473018169403076
        ],
        [
            0.054720573127269745,
            -0.8021106719970703,
            -0.17649541795253754
        ],
        [
            0.0538448765873909,
            -0.7966160774230957,
            -0.17278999090194702
        ],
        [
            0.04978742077946663,
            -0.7996641993522644,
            -0.17282524704933167
        ],
        [
            0.04549439996480942,
            -0.7976587414741516,
            -0.17190855741500854
        ],
        [
            0.03986745327711105,
            -0.7959281206130981,
            -0.17078334093093872
        ],
        [
            0.04417133331298828,
            -0.7914540767669678,
            -0.16902664303779602
        ],
        [
            0.04981820657849312,
            -0.7937727570533752,
            -0.1709110289812088
        ],
        [
            0.04712153598666191,
            -0.8134638667106628,
            -0.1812843382358551
        ],
        [
            0.05919193476438522,
            -0.8013303279876709,
            -0.17784081399440765
        ],
        [
            0.06127295270562172,
            -0.8072679042816162,
            -0.1817181557416916
        ],
        [
            0.06039268150925636,
            -0.7967450022697449,
            -0.17572352290153503
        ],
        [
            0.05967244133353233,
            -0.7926146984100342,
            -0.1728430837392807
        ],
        [
            0.05634308606386185,
            -0.7888208031654358,
            -0.17016001045703888
        ],
        [
            0.05018871650099754,
            -0.7857153415679932,
            -0.1674080789089203
        ],
        [
            0.05421693995594978,
            -0.7639490365982056,
            -0.15254491567611694
        ],
        [
            0.06273812055587769,
            -0.7683918476104736,
            -0.15700238943099976
        ],
        [
            0.04568703845143318,
            -0.8799405097961426,
            -0.20695450901985168
        ],
        [
            0.05407792702317238,
            -0.8786319494247437,
            -0.21084395051002502
        ],
        [
            0.05818585306406021,
            -0.872479259967804,
            -0.205193430185318
        ],
        [
            0.05924065783619881,
            -0.8745056390762329,
            -0.20692621171474457
        ],
        [
            0.05320313200354576,
            -0.8756469488143921,
            -0.20628705620765686
        ],
        [
            0.05347646400332451,
            -0.873263418674469,
            -0.20443029701709747
        ],
        [
            0.07917195558547974,
            -0.8668315410614014,
            -0.20181268453598022
        ],
        [
            0.07229249179363251,
            -0.8683929443359375,
            -0.2020651251077652
        ],
        [
            0.07389801740646362,
            -0.8648849725723267,
            -0.20033198595046997
        ],
        [
            0.08128564059734344,
            -0.8603500127792358,
            -0.20060408115386963
        ],
        [
            0.06406387686729431,
            -0.85685133934021,
            -0.1978970170021057
        ],
        [
            0.06945016235113144,
            -0.858248233795166,
            -0.19897061586380005
        ],
        [
            0.06421025097370148,
            -0.8645579814910889,
            -0.20021221041679382
        ],
        [
            0.060298603028059006,
            -0.8636006116867065,
            -0.1994917392730713
        ],
        [
            0.056280605494976044,
            -0.8632866740226746,
            -0.1980780065059662
        ],
        [
            0.05236878618597984,
            -0.8636114597320557,
            -0.19621175527572632
        ],
        [
            0.053270354866981506,
            -0.8585836887359619,
            -0.19440260529518127
        ],
        [
            0.058349400758743286,
            -0.857303261756897,
            -0.1962776780128479
        ],
        [
            0.04739024490118027,
            -0.8774760365486145,
            -0.20283237099647522
        ],
        [
            0.04234670102596283,
            -0.8778791427612305,
            -0.19773246347904205
        ],
        [
            0.04413532465696335,
            -0.8749445676803589,
            -0.1971624791622162
        ],
        [
            0.048036497086286545,
            -0.8743667602539062,
            -0.20178300142288208
        ],
        [
            0.04058919847011566,
            -0.8715672492980957,
            -0.18500366806983948
        ],
        [
            0.04067669063806534,
            -0.8735314607620239,
            -0.18720757961273193
        ],
        [
            0.037045128643512726,
            -0.8751152753829956,
            -0.18597768247127533
        ],
        [
            0.03726468235254288,
            -0.8710229396820068,
            -0.18367885053157806
        ],
        [
            0.03904049098491669,
            -0.8676761984825134,
            -0.18443897366523743
        ],
        [
            0.04122947156429291,
            -0.8695855140686035,
            -0.18572376668453217
        ],
        [
            0.04929325729608536,
            -0.9325730800628662,
            -0.21826085448265076
        ],
        [
            0.0418485552072525,
            -0.9158498048782349,
            -0.2157084047794342
        ],
        [
            0.069851815700531,
            -0.927221417427063,
            -0.21774782240390778
        ],
        [
            0.08516477793455124,
            -0.918695867061615,
            -0.2129743993282318
        ],
        [
            0.09814665466547012,
            -0.9062252044677734,
            -0.20785517990589142
        ],
        [
            0.08221271634101868,
            -0.8071438074111938,
            -0.18082138895988464
        ],
        [
            0.0883711725473404,
            -0.7994471192359924,
            -0.17490918934345245
        ],
        [
            0.10169453918933868,
            -0.8085892200469971,
            -0.17379337549209595
        ],
        [
            0.10478344559669495,
            -0.7995752096176147,
            -0.1658143252134323
        ],
        [
            0.09081345796585083,
            -0.7905036211013794,
            -0.16786520183086395
        ],
        [
            0.08431695401668549,
            -0.7747602462768555,
            -0.15245914459228516
        ],
        [
            0.08953316509723663,
            -0.7816803455352783,
            -0.16016434133052826
        ],
        [
            0.10616163909435272,
            -0.7915064096450806,
            -0.15548349916934967
        ],
        [
            0.12111128121614456,
            -0.8060899376869202,
            -0.15316879749298096
        ],
        [
            0.11699021607637405,
            -0.8111362457275391,
            -0.1644228994846344
        ],
        [
            0.13178814947605133,
            -0.8234330415725708,
            -0.1509300172328949
        ],
        [
            0.12694527208805084,
            -0.8012071847915649,
            -0.1390359252691269
        ],
        [
            0.13598166406154633,
            -0.8246278762817383,
            -0.14164826273918152
        ],
        [
            0.11599817126989365,
            -0.7658179998397827,
            -0.12198332697153091
        ],
        [
            0.12073081731796265,
            -0.7548474073410034,
            -0.11612170934677124
        ],
        [
            0.13755309581756592,
            -0.7629961967468262,
            -0.11215052008628845
        ],
        [
            0.13363055884838104,
            -0.7738474011421204,
            -0.11950147897005081
        ],
        [
            0.11103444546461105,
            -0.8174111247062683,
            -0.17288102209568024
        ],
        [
            0.10390956699848175,
            -0.8759055137634277,
            -0.1976729929447174
        ],
        [
            0.09329642355442047,
            -0.8738857507705688,
            -0.20281222462654114
        ],
        [
            0.1089702621102333,
            -0.8645511269569397,
            -0.19315987825393677
        ],
        [
            0.11356008052825928,
            -0.93711256980896,
            -0.20199072360992432
        ],
        [
            0.09843873977661133,
            -0.9294034242630005,
            -0.20936891436576843
        ],
        [
            0.10938523709774017,
            -0.9154452085494995,
            -0.2055525779724121
        ],
        [
            0.12248297035694122,
            -0.9248946905136108,
            -0.199057936668396
        ],
        [
            0.08467143774032593,
            -0.9717841744422913,
            -0.1997561901807785
        ],
        [
            0.06698449701070786,
            -0.9544557929039001,
            -0.2123226821422577
        ],
        [
            0.08185577392578125,
            -0.9437628388404846,
            -0.2116323709487915
        ],
        [
            0.09752744436264038,
            -0.9566956162452698,
            -0.2029229998588562
        ],
        [
            0.13237258791923523,
            -0.929111123085022,
            -0.19124062359333038
        ],
        [
            0.14614686369895935,
            -0.9349722862243652,
            -0.1794872283935547
        ],
        [
            0.14629220962524414,
            -0.9528617858886719,
            -0.17794695496559143
        ],
        [
            0.12912249565124512,
            -0.946763813495636,
            -0.19140416383743286
        ],
        [
            0.1406790316104889,
            -0.9760497808456421,
            -0.17088399827480316
        ],
        [
            0.11988423764705658,
            -0.9694445133209229,
            -0.1879408061504364
        ],
        [
            0.1429654359817505,
            -0.8132079243659973,
            -0.12785357236862183
        ],
        [
            0.14436933398246765,
            -0.8315666317939758,
            -0.13315057754516602
        ],
        [
            0.1278933733701706,
            -0.7863929271697998,
            -0.12858693301677704
        ],
        [
            0.14329037070274353,
            -0.7968146800994873,
            -0.12124417722225189
        ],
        [
            0.12988455593585968,
            -0.995424747467041,
            -0.1594310700893402
        ],
        [
            0.10560917854309082,
            -0.9882069230079651,
            -0.180576890707016
        ],
        [
            0.17439433932304382,
            -0.9281461238861084,
            -0.13194555044174194
        ],
        [
            0.16945776343345642,
            -0.9428379535675049,
            -0.14511510729789734
        ],
        [
            0.16341736912727356,
            -0.9254376888275146,
            -0.1556359827518463
        ],
        [
            0.16955958306789398,
            -0.9138255715370178,
            -0.1424085795879364
        ],
        [
            0.17666006088256836,
