{
    "pred_cam": [
        1.4739673137664795,
        0.019026609137654305,
        0.3305421769618988
    ],
    "pred_smpl_params": {
        "global_orient": [
            [
                [
                    -0.9941859841346741,
                    0.030559459701180458,
                    -0.10324852913618088
                ],
                [
                    -0.012873862870037556,
                    -0.9857378602027893,
                    -0.1677950918674469
                ],
                [
                    -0.10690370947122574,
                    -0.16549034416675568,
                    0.9804002046585083
                ]
            ]
        ],
        "body_pose": [
            [
                [
                    0.9979984164237976,
                    0.020720193162560463,
                    -0.05974850803613663
                ],
                [
                    -0.006313372403383255,
                    0.9727245569229126,
                    0.23187710344791412
                ],
                [
                    0.0629233866930008,
                    -0.2310357540845871,
                    0.9709084033966064
                ]
            ],
            [
                [
                    0.998127818107605,
                    -0.0493636280298233,
                    0.03611292317509651
                ],
                [
                    0.03298785164952278,
                    0.9316792488098145,
                    0.36178115010261536
                ],
                [
                    -0.05150449275970459,
                    -0.35991254448890686,
                    0.9315633773803711
                ]
            ],
            [
                [
                    0.9996466040611267,
                    -0.019049016758799553,
                    -0.018541930243372917
                ],
                [
                    0.015101236291229725,
                    0.9809573292732239,
                    -0.19363515079021454
                ],
                [
                    0.021877404302358627,
                    0.1932867169380188,
                    0.9808983206748962
                ]
            ],
            [
                [
                    0.9883415102958679,
                    -0.036100201308727264,
                    -0.14791153371334076
                ],
                [
                    -0.13884393870830536,
                    0.1849461942911148,
                    -0.9728912115097046
                ],
                [
                    0.0624772384762764,
                    0.9820854067802429,
                    0.1777777075767517
                ]
            ],
            [
                [
                    0.9701738357543945,
                    -0.15529103577136993,
                    0.18613868951797485
                ],
                [
                    0.19832724332809448,
                    0.06695043295621872,
                    -0.9778466820716858
                ],
                [
                    0.13938875496387482,
                    0.9855974316596985,
                    0.09575200080871582
                ]
            ],
            [
                [
                    0.9995404481887817,
                    0.0019591916352510452,
                    0.030248329043388367
                ],
                [
                    -0.0021821279078722,
                    0.9999706745147705,
                    0.007339027710258961
                ],
                [
                    -0.03023306466639042,
                    -0.0074016619473695755,
                    0.9995154142379761
                ]
            ],
            [
                [
                    0.9822452068328857,
                    -0.0902782678604126,
                    0.16445106267929077
                ],
                [
                    0.042416442185640335,
                    0.9607701301574707,
                    0.2740834951400757
                ],
                [
                    -0.18274343013763428,
                    -0.26224178075790405,
                    0.9475411176681519
                ]
            ],
            [
                [
                    0.9743896722793579,
                    0.14258520305156708,
                    -0.17387957870960236
                ],
                [
                    -0.09667690843343735,
                    0.9637795090675354,
                    0.24856089055538177
                ],
                [
                    0.20302268862724304,
                    -0.22538505494594574,
                    0.9528815150260925
                ]
            ],
            [
                [
                    0.9998500347137451,
                    0.013445227406919003,
                    0.010913697071373463
                ],
                [
                    -0.012932023033499718,
                    0.9988666772842407,
                    -0.04580521583557129
                ],
                [
                    -0.01151718944311142,
                    0.0456572100520134,
                    0.99889075756073
                ]
            ],
            [
                [
                    0.9994872212409973,
                    -0.012705875560641289,
                    -0.029392560943961143
                ],
                [
                    0.017932550981640816,
                    0.9825659990310669,
                    0.18504676222801208
                ],
                [
                    0.02652895636856556,
                    -0.18547895550727844,
                    0.9822900295257568
                ]
            ],
            [
                [
                    0.9996657371520996,
                    -0.002525406889617443,
                    -0.025731369853019714
                ],
                [
                    0.007321402430534363,
                    0.9821329116821289,
                    0.18804602324962616
                ],
                [
                    0.024796735495328903,
                    -0.18817153573036194,
                    0.9818230867385864
                ]
            ],
            [
                [
                    0.9509088397026062,
                    -0.008124229498207569,
                    -0.30936431884765625
                ],
                [
                    0.03337646275758743,
                    0.9965168833732605,
                    0.07642138749361038
                ],
                [
                    0.3076658546924591,
                    -0.08299527317285538,
                    0.9478678703308105
                ]
            ],
            [
                [
                    0.8996931314468384,
                    0.43569791316986084,
                    -0.026824109256267548
                ],
                [
                    -0.43574798107147217,
                    0.9000586867332458,
                    0.0042572482489049435
                ],
                [
                    0.02599814534187317,
                    0.007858334109187126,
                    0.9996311068534851
                ]
            ],
            [
                [
                    0.9083720445632935,
                    -0.3955290913581848,
                    0.1357090175151825
                ],
                [
                    0.39732399582862854,
                    0.9175596833229065,
                    0.01476342510432005
                ],
                [
                    -0.1303604692220688,
                    0.04050976037979126,
                    0.990638792514801
                ]
            ],
            [
                [
                    0.9701281189918518,
                    -0.08719047904014587,
                    -0.22638319432735443
                ],
                [
                    0.04007455334067345,
                    0.9779573678970337,
                    -0.20492304861545563
                ],
                [
                    0.23926043510437012,
                    0.18972937762737274,
                    0.9522380828857422
                ]
            ],
            [
                [
                    0.550331711769104,
                    0.7987439036369324,
                    -0.24319373071193695
                ],
                [
                    -0.829437792301178,
                    0.5563986897468567,
                    -0.049532175064086914
                ],
                [
                    0.0957491472363472,
                    0.22897320985794067,
                    0.9687122106552124
                ]
            ],
            [
                [
                    0.49119633436203003,
                    -0.814842939376831,
                    0.30782654881477356
                ],
                [
                    0.8636424541473389,
                    0.5015811324119568,
                    -0.05037938430905342
                ],
                [
                    -0.11334871500730515,
                    0.2905982434749603,
                    0.950107753276825
                ]
            ],
            [
                [
                    0.7058922648429871,
                    -0.235591858625412,
                    -0.6679914593696594
                ],
                [
                    0.12493211776018143,
                    0.9696915149688721,
                    -0.20997698605060577
                ],
                [
                    0.6972145438194275,
                    0.06476755440235138,
                    0.7139307260513306
                ]
            ],
            [
                [
                    0.5144256353378296,
                    0.3504628539085388,
                    0.7826506495475769
                ],
                [
                    -0.018409455195069313,
                    0.9169780015945435,
                    -0.39851289987564087
                ],
                [
                    -0.8573372960090637,
                    0.1905970722436905,
                    0.4781688153743744
                ]
            ],
            [
                [
                    0.999336302280426,
                    -0.03272508457303047,
                    0.015997348353266716
                ],
                [
                    0.03444492444396019,
                    0.9918360114097595,
                    -0.12277980148792267
                ],
                [
                    -0.01184876635670662,
                    0.123249351978302,
                    0.9923049211502075
                ]
            ],
            [
                [
                    0.9970641136169434,
                    0.07571578025817871,
                    -0.011410949751734734
                ],
                [
                    -0.07654666900634766,
                    0.9893622994422913,
                    -0.12370426952838898
                ],
                [
                    0.0019231964834034443,
                    0.12421456724405289,
                    0.9922534227371216
                ]
            ],
            [
                [
                    0.9642060399055481,
                    0.24974796175956726,
                    -0.0890655368566513
                ],
                [
                    -0.23361749947071075,
                    0.959047257900238,
                    0.16015955805778503
                ],
                [
                    0.1254175901412964,
                    -0.1336195319890976,
                    0.9830646514892578
                ]
            ],
            [
                [
                    0.9716877341270447,
                    -0.22914867103099823,
                    0.057565368711948395
                ],
                [
                    0.21762315928936005,
                    0.9629007577896118,
                    0.15956924855709076
                ],
                [
                    -0.09199481457471848,
                    -0.14252392947673798,
                    0.9855068922042847
                ]
            ]
        ],
        "betas": [
            -0.19864073395729065,
            -0.17097535729408264,
            0.18247225880622864,
            0.4703684449195862,
            0.15851625800132751,
            0.11796305328607559,
            -0.04797804355621338,
            -0.10932600498199463,
            0.14560940861701965,
            -0.11353430151939392
        ]
    },
    "pred_cam_t": [
        0.019026609137654305,
        0.3305421769618988,
        26.501605987548828
    ],
    "focal_length": [
        5000.0,
        5000.0
    ],
    "pred_keypoints_3d": [
        [
            0.07094602286815643,
            -0.8411916494369507,
            0.13381537795066833
        ],
        [
            0.012155388481914997,
            -0.7353586554527283,
            -0.013910654932260513
        ],
        [
            0.18835271894931793,
            -0.6277319192886353,
            0.012247862294316292
        ],
        [
            0.20499351620674133,
            -0.3783438801765442,
            0.009706588461995125
        ],
        [
            0.10863881558179855,
            -0.25846579670906067,
            0.2072535753250122
        ],
        [
            -0.16420066356658936,
            -0.633589506149292,
            -0.04008977860212326
        ],
        [
            -0.1953514963388443,
            -0.38038715720176697,
            -0.06325672566890717
        ],
        [
            -0.23585671186447144,
            -0.21705397963523865,
            0.11432188749313354
        ],
        [
            -0.001971252728253603,
            -0.22713017463684082,
            0.028274886310100555
        ],
        [
            0.0627717524766922,
            -0.13645750284194946,
            0.04614006727933884
        ],
        [
            0.05696545168757439,
            0.18943938612937927,
            0.2320888638496399
        ],
        [
            0.03893618658185005,
            0.3683636486530304,
            -0.11425173282623291
        ],
        [
            -0.07287964969873428,
            -0.13683921098709106,
            0.029136894270777702
        ],
        [
            -0.11743073910474777,
            0.20074036717414856,
            0.16606514155864716
        ],
        [
            -0.11219639331102371,
            0.37788039445877075,
            -0.18121232092380524
        ],
        [
            0.0912059098482132,
            -0.8798315525054932,
            0.09082788974046707
        ],
        [
            0.03193411976099014,
            -0.885748028755188,
            0.12001129239797592
        ],
        [
            0.08537867665290833,
            -0.8669984936714172,
            -0.011346735060214996
        ],
        [
            -0.045998670160770416,
            -0.8800969123840332,
            0.05184312164783478
        ],
        [
            -0.11892865598201752,
            0.536978006362915,
            -0.06885647773742676
        ],
        [
            -0.18470850586891174,
            0.5089327096939087,
            -0.11076921224594116
        ],
        [
            -0.12099891901016235,
            0.358728289604187,
            -0.24568894505500793
        ],
        [
            0.004811994731426239,
            0.525039792060852,
            -0.0016208291053771973
        ],
        [
            0.08229076862335205,
            0.5069444179534912,
            -0.03361612558364868
        ],
        [
            0.052010051906108856,
            0.3621159493923187,
            -0.18429458141326904
        ],
        [
            0.07000401616096497,
            0.32422465085983276,
            -0.08869816362857819
        ],
        [
            0.05935040861368179,
            0.14034613966941833,
            0.2219540923833847
        ],
        [
            0.1479516178369522,
            -0.2530008554458618,
            0.024109642952680588
        ],
        [
            -0.14725686609745026,
            -0.24066229164600372,
            -0.014994319528341293
        ],
        [
            -0.12758678197860718,
            0.1670009195804596,
            0.16220609843730927
        ],
        [
            -0.12274615466594696,
            0.33663827180862427,
            -0.16763977706432343
        ],
        [
            0.09761639684438705,
            -0.2921176254749298,
            0.19814831018447876
        ],
        [
            0.22388659417629242,
            -0.40182170271873474,
            0.039847489446401596
        ],
        [
            0.15603947639465332,
            -0.6629887819290161,
            0.001254894770681858
        ],
        [
            -0.13379116356372833,
            -0.6668099164962769,
            -0.04120974242687225
        ],
        [
            -0.22946962714195251,
            -0.41053831577301025,
            -0.03814598545432091
        ],
        [
            -0.23826920986175537,
            -0.23831912875175476,
            0.11483237892389297
        ],
        [
            0.00884116068482399,
            -0.7237944602966309,
            -0.007995793595910072
        ],
        [
            0.028845036402344704,
            -0.9262517690658569,
            0.03622624650597572
        ],
        [
            -0.0002810168080031872,
            -0.24692973494529724,
            0.0047005657106637955
        ],
        [
            0.011421406641602516,
            -0.663698673248291,
            -0.016901133581995964
        ],
        [
            0.00940629281103611,
            -0.49057537317276,
            -0.025716513395309448
        ],
        [
            0.029683012515306473,
            -0.8175686001777649,
            0.07008049637079239
        ],
        [
            0.031938835978507996,
            -0.9446880221366882,
            0.026101572439074516
        ]
    ],
    "pred_vertices": [
        [
            0.025073278695344925,
            -0.9322928190231323,
            0.12503662705421448
        ],
        [
            0.031708333641290665,
            -0.9173294901847839,
            0.12811650335788727
        ],
        [
            0.017566418275237083,
            -0.9150367975234985,
            0.12522028386592865
        ],
        [
            0.009628277271986008,
            -0.9268361330032349,
            0.1186898723244667
        ],
        [
            0.022996585816144943,
            -0.9055692553520203,
            0.12823675572872162
        ],
        [
            0.035281602293252945,
            -0.9058210849761963,
            0.13028445839881897
        ],
        [
            0.006533093750476837,
            -0.9100311994552612,
            0.11841589212417603
        ],
        [
            -0.0017504096031188965,
            -0.9179959893226624,
            0.11098606139421463
        ],
        [
            -0.006965169683098793,
            -0.8757576942443848,
            0.11120471358299255
        ],
        [
            -0.014884719625115395,
            -0.8712153434753418,
            0.1039208322763443
        ],
        [
            -0.013335389085114002,
            -0.8831071257591248,
            0.10591521859169006
        ],
        [
            -0.004626075737178326,
            -0.8841397762298584,
            0.11149220168590546
        ],
        [
            -0.009732609614729881,
            -0.8499777317047119,
            0.1070597916841507
        ],
        [
            -0.001094113104045391,
            -0.8402432203292847,
            0.11218391358852386
        ],
        [
            -0.008318730629980564,
            -0.8316554427146912,
            0.10412576794624329
        ],
        [
            -0.01582767255604267,
            -0.8408697843551636,
            0.09785432368516922
        ],
        [
            0.039910707622766495,
            -0.8511435985565186,
            0.11994646489620209
        ],
        [
            0.03369101509451866,
            -0.8450819253921509,
            0.12146135419607162
        ],
        [
            0.03056488186120987,
            -0.8519362807273865,
            0.122392937541008
        ],
        [
            0.03725549578666687,
            -0.8571897149085999,
            0.12032914161682129
        ],
        [
            0.05186781659722328,
            -0.8595316410064697,
            0.12140623480081558
        ],
        [
            0.05005655810236931,
            -0.8651270866394043,
            0.11877228319644928
        ],
        [
            0.05690133199095726,
            -0.8685303926467896,
            0.12130530178546906
        ],
        [
            0.05828920379281044,
            -0.862235426902771,
            0.1252906620502472
        ],
        [
            0.04435300454497337,
            -0.8455716371536255,
            0.11774478852748871
        ],
        [
            0.03755183145403862,
            -0.8393294811248779,
            0.11899260431528091
        ],
        [
            0.04554709419608116,
            -0.8563292026519775,
            0.1192152351140976
        ],
        [
            0.04763440415263176,
            -0.8513948917388916,
            0.12049497663974762
        ],
        [
            0.053996335715055466,
            -0.8450955152511597,
            0.12857851386070251
        ],
        [
            0.052483540028333664,
            -0.8498383164405823,
            0.12782546877861023
        ],
        [
            0.05864724516868591,
            -0.8505321145057678,
            0.13262821733951569
        ],
        [
            0.059000346809625626,
            -0.8450675010681152,
            0.13154155015945435
        ],
        [
            0.04769246652722359,
            -0.8447763919830322,
            0.12135045230388641
        ],
        [
            0.04864414036273956,
            -0.8475633859634399,
            0.1241483986377716
        ],
        [
            0.051492054015398026,
            -0.843704342842102,
            0.12524014711380005
        ],
        [
            0.05113249272108078,
            -0.8415840864181519,
            0.12169535458087921
        ],
        [
            0.053258225321769714,
            -0.8552564382553101,
            0.12386085093021393
        ],
        [
            0.058964673429727554,
            -0.8567712903022766,
            0.1288655400276184
        ],
        [
            0.06556354463100433,
            -0.8578810691833496,
            0.13370808959007263
        ],
        [
            0.06505027413368225,
            -0.8495229482650757,
            0.13712888956069946
        ],
        [
            0.0194825679063797,
            -0.8325477838516235,
            0.11965674161911011
        ],
        [
            0.02678052894771099,
            -0.8389110565185547,
            0.12183929234743118
        ],
        [
            0.03092074766755104,
            -0.8337265253067017,
            0.11982468515634537
        ],
        [
            0.024721046909689903,
            -0.8286902904510498,
            0.11894819140434265
        ],
        [
            0.04819415137171745,
            -0.8386223912239075,
            0.11909128725528717
        ],
        [
            0.042905595153570175,
            -0.8231688141822815,
            0.12066400051116943
        ],
        [
            0.0431855134665966,
            -0.8269084692001343,
            0.1210869774222374
        ],
        [
            0.05040348693728447,
            -0.8271803855895996,
            0.12217480689287186
        ],
        [
            0.04945532977581024,
            -0.8237553834915161,
            0.12191566824913025
        ],
        [
            0.009785755537450314,
            -0.8189191818237305,
            0.113055020570755
        ],
        [
            0.0166695024818182,
            -0.8173556923866272,
            0.11508536338806152
        ],
        [
            0.014329819008708,
            -0.8105603456497192,
            0.11260581016540527
        ],
        [
            0.007152733393013477,
            -0.8107707500457764,
            0.10906581580638885
        ],
        [
            0.014728371053934097,
            -0.8047123551368713,
            0.11037972569465637
        ],
        [
            0.005567857995629311,
            -0.8029626607894897,
            0.10513807088136673
        ],
        [
            0.012106318958103657,
            -0.7886248826980591,
            0.10131413489580154
        ],
        [
            0.008449514396488667,
            -0.7949323654174805,
            0.10300357639789581
        ],
        [
            0.017742803320288658,
            -0.7989763617515564,
            0.10917392373085022
        ],
        [
            0.023216547444462776,
            -0.7935926914215088,
            0.11004193127155304
        ],
        [
            0.03914878889918327,
            -0.7969567775726318,
            0.11351281404495239
        ],
        [
            0.04530802741646767,
            -0.7951321601867676,
            0.11384621262550354
        ],
        [
            0.03860677406191826,
            -0.7838395237922668,
            0.11339271068572998
        ],
        [
            0.03093712590634823,
            -0.7878148555755615,
            0.11205501854419708
        ],
        [
            0.04083230718970299,
            -0.8179025053977966,
            0.11642690002918243
        ],
        [
            0.03618989139795303,
            -0.8184092044830322,
            0.11528477072715759
        ],
        [
            0.03707542270421982,
            -0.8197803497314453,
            0.11755140125751495
        ],
        [
            0.04227941110730171,
            -0.8204174041748047,
            0.11901283264160156
        ],
        [
            0.03224971145391464,
            -0.8184722661972046,
            0.11492104828357697
        ],
        [
            0.03044326789677143,
            -0.8183363676071167,
            0.11488799005746841
        ],
        [
            0.03127485513687134,
            -0.8195541501045227,
            0.11596779525279999
        ],
        [
            0.0327744297683239,
            -0.8192354440689087,
            0.11552548408508301
        ],
        [
            0.03473410755395889,
            -0.8187165260314941,
            0.11533050239086151
        ],
        [
            0.03551514446735382,
            -0.8167267441749573,
            0.11528982222080231
        ],
        [
            0.03309192135930061,
            -0.8176069259643555,
            0.11503130942583084
        ],
        [
            0.03975215554237366,
            -0.8155545592308044,
            0.11649328470230103
        ],
        [
            0.05373452976346016,
            -0.8115904927253723,
            0.1188947781920433
        ],
        [
            0.04991196468472481,
            -0.8128183484077454,
            0.11897119134664536
        ],
        [
            0.05140276998281479,
            -0.8170375227928162,
            0.11785417795181274
        ],
        [
            0.05464312434196472,
            -0.8162720203399658,
            0.11773748695850372
        ],
        [
            0.033680509775877,
            -0.8209542036056519,
            0.11704956740140915
        ],
        [
            0.03132619336247444,
            -0.8229454755783081,
            0.11760006099939346
        ],
        [
            0.03642210364341736,
            -0.8251792192459106,
            0.119460828602314
        ],
        [
            0.036896657198667526,
            -0.8224329948425293,
            0.11835329234600067
        ],
        [
            0.029021767899394035,
            -0.8249983787536621,
            0.11862374097108841
        ],
        [
            0.029075145721435547,
            -0.8208904266357422,
            0.11633716523647308
        ],
        [
            0.025900475680828094,
            -0.8215563297271729,
            0.11693795025348663
        ],
        [
            0.030697492882609367,
            -0.8165614604949951,
            0.11464042216539383
        ],
        [
            0.027476001530885696,
            -0.8151116371154785,
            0.11430743336677551
        ],
        [
            0.027701081708073616,
            -0.817704439163208,
            0.11550959944725037
        ],
        [
            0.02906251698732376,
            -0.8117698431015015,
            0.11380505561828613
        ],
        [
            0.03312269598245621,
            -0.8144865036010742,
            0.11462914198637009
        ],
        [
            0.03718697652220726,
            -0.8123456239700317,
            0.11577974259853363
        ],
        [
            0.04259416460990906,
            -0.810275673866272,
            0.11720937490463257
        ],
        [
            0.038597315549850464,
            -0.8057737350463867,
            0.11534729599952698
        ],
        [
            0.03300094977021217,
            -0.8085286617279053,
            0.11440682411193848
        ],
        [
            0.03452019393444061,
            -0.8288482427597046,
            0.11970187723636627
        ],
        [
            0.022998569533228874,
            -0.8174687027931213,
            0.11532177776098251
        ],
        [
            0.020358184352517128,
            -0.824079155921936,
            0.11686509102582932
        ],
        [
            0.022073740139603615,
            -0.8127349615097046,
            0.11412113904953003
        ],
        [
            0.023228740319609642,
            -0.8082014322280884,
            0.11278153955936432
        ],
        [
            0.026240743696689606,
            -0.803931713104248,
            0.11235065758228302
        ],
        [
            0.03277043253183365,
            -0.8002079725265503,
            0.11303139477968216
        ],
        [
            0.030643463134765625,
            -0.7761189937591553,
            0.10358314216136932
        ],
        [
            0.0214914008975029,
            -0.7816480398178101,
            0.1028812825679779
        ],
        [
            0.036020807921886444,
            -0.8987350463867188,
            0.12680691480636597
        ],
        [
            0.026736101135611534,
            -0.898529052734375,
            0.12770278751850128
        ],
        [
            0.023748934268951416,
            -0.8913244009017944,
            0.12293657660484314
        ],
        [
            0.022364944219589233,
            -0.894176185131073,
            0.12371296435594559
        ],
        [
            0.0285477377474308,
            -0.8943513035774231,
            0.12487918138504028
        ],
        [
            0.028513330966234207,
            -0.8917970061302185,
            0.12366390973329544
        ],
        [
            0.004274833016097546,
            -0.8857293128967285,
            0.11429506540298462
        ],
        [
            0.010873895138502121,
            -0.8869744539260864,
            0.11656075716018677
        ],
        [
            0.00947689637541771,
            -0.8832630515098572,
            0.11531242728233337
        ],
        [
            0.0017192857339978218,
            -0.8793212175369263,
            0.11422229558229446
        ],
        [
            0.018529774621129036,
            -0.8747321367263794,
            0.11887965351343155
        ],
        [
            0.013292403891682625,
            -0.8764665126800537,
            0.1175607219338417
        ],
        [
            0.018644243478775024,
            -0.8827571868896484,
            0.11866844445466995
        ],
        [
            0.022484179586172104,
            -0.8815151453018188,
            0.11970514059066772
        ],
        [
            0.0266831386834383,
            -0.8806209564208984,
            0.12015455961227417
        ],
        [
            0.031044218689203262,
            -0.8802318572998047,
            0.11961676180362701
        ],
        [
            0.030135028064250946,
            -0.8749172687530518,
            0.11900141090154648
        ],
        [
            0.024599215015769005,
            -0.8744670152664185,
            0.11933976411819458
        ],
        [
            0.03527172654867172,
            -0.8949496746063232,
            0.12373897433280945
        ],
        [
            0.04172961041331291,
            -0.8936448097229004,
            0.1204143688082695
        ],
        [
            0.03989488258957863,
            -0.890843391418457,
            0.12035632133483887
        ],
        [
            0.034576285630464554,
            -0.891842782497406,
            0.12332885712385178
        ],
        [
            0.04673370346426964,
            -0.8840701580047607,
            0.11139863729476929
        ],
        [
            0.04623492807149887,
            -0.8865920901298523,
            0.11289375275373459
        ],
        [
            0.05015769973397255,
            -0.887779951095581,
            0.11252821981906891
        ],
        [
            0.050201158970594406,
            -0.8831599354743958,
            0.11133979260921478
        ],
        [
            0.047853000462055206,
            -0.8802112340927124,
            0.11217472702264786
        ],
        [
            0.045583151280879974,
            -0.8823786973953247,
            0.11227192729711533
        ],
        [
            0.03453642502427101,
            -0.953284740447998,
            0.12101776897907257
        ],
        [
            0.04081941395998001,
            -0.9355869293212891,
            0.1264583319425583
        ],
        [
            0.015184858813881874,
            -0.9478487372398376,
            0.11535342782735825
        ],
        [
            0.0009642783552408218,
            -0.9387756586074829,
            0.10840990394353867
        ],
        [
            -0.01079840213060379,
            -0.9261680841445923,
            0.10232852399349213
        ],
        [
            0.0008492604829370975,
            -0.8239856958389282,
            0.10926367342472076
        ],
        [
            -0.0039537809789180756,
            -0.8153717517852783,
            0.1037101298570633
        ],
        [
            -0.015131098218262196,
            -0.8236020803451538,
            0.09570975601673126
        ],
        [
            -0.016371849924325943,
            -0.8134527206420898,
            0.08942502737045288
        ],
        [
            -0.005356887821108103,
            -0.8052287101745605,
            0.0984157919883728
        ],
        [
            0.0032906546257436275,
            -0.7865462303161621,
            0.08926796913146973
        ],
        [
            -0.0029084584675729275,
            -0.794968843460083,
            0.09339144080877304
        ],
        [
            -0.015108255669474602,
            -0.8035821914672852,
            0.08081921190023422
        ],
        [
            -0.025916840881109238,
            -0.8169511556625366,
            0.0700787752866745
        ],
        [
            -0.02523644268512726,
            -0.8238897323608398,
            0.08037978410720825
        ],
        [
            -0.03285277262330055,
            -0.833236813545227,
            0.06060461699962616
        ],
        [
            -0.027258042246103287,
            -0.8094669580459595,
            0.05581333115696907
        ],
        [
            -0.03393363207578659,
            -0.832241952419281,
            0.050961390137672424
        ],
        [
            -0.01945914328098297,
            -0.7705216407775879,
            0.05068100243806839
        ],
        [
            -0.024504102766513824,
            -0.7591296434402466,
            0.04508424177765846
        ],
        [
            -0.03565214201807976,
            -0.7669576406478882,
            0.03377504274249077
        ],
        [
            -0.032547540962696075,
            -0.7785931825637817,
            0.0405111238360405
        ],
        [
            -0.021940473467111588,
            -0.8319631814956665,
            0.08904213458299637
        ],
        [
            -0.015904145315289497,
            -0.8950856328010559,
            0.09873567521572113
        ],
        [
            -0.008272521197795868,
            -0.8935763835906982,
            0.10798823833465576
        ],
        [
            -0.02094574086368084,
            -0.8822214603424072,
            0.09631023555994034
        ],
        [
            -0.020673885941505432,
            -0.9552162289619446,
            0.08394262194633484
        ],
        [
            -0.009722891263663769,
            -0.9493440389633179,
            0.09763746708631516
        ],
        [
            -0.019887186586856842,
            -0.93443763256073,
            0.09375402331352234
        ],
        [
            -0.029423190280795097,
            -0.9420356154441833,
            0.08106181770563126
        ],
        [
            0.011010462418198586,
            -0.9869767427444458,
            0.0823662132024765
        ],
        [
            0.022099200636148453,
            -0.9734455347061157,
            0.10411250591278076
        ],
        [
            0.007060602307319641,
            -0.9626446962356567,
            0.10113990306854248
        ],
        [
            -0.0037338025867938995,
            -0.9736243486404419,
            0.08457864820957184
        ],
        [
            -0.03618096932768822,
            -0.9444910287857056,
            0.06971189379692078
        ],
        [
            -0.04460027813911438,
            -0.9467767477035522,
            0.05269620940089226
        ],
        [
            -0.042219389230012894,
            -0.9628864526748657,
            0.045386746525764465
        ],
        [
            -0.03080832213163376,
            -0.9615163207054138,
            0.06540823727846146
        ],
        [
            -0.03119770623743534,
            -0.9822530746459961,
            0.03490937501192093
        ],
        [
            -0.0187067873775959,
            -0.9813992977142334,
            0.059507258236408234
        ],
        [
            -0.03731384873390198,
            -0.8181917667388916,
            0.03798634558916092
        ],
        [
            -0.03784288465976715,
            -0.8372834920883179,
            0.03868331015110016
        ],
        [
            -0.02805785834789276,
            -0.7927998304367065,
            0.04881654679775238
        ],
        [
            -0.037743713706731796,
            -0.8015314340591431,
            0.0348702073097229
        ],
        [
            -0.015103276818990707,
            -0.995729923248291,
            0.02353014051914215
        ],
        [
            -0.0010063573718070984,
            -0.9965468645095825,
            0.052821435034275055
        ],
        [
            -0.05549012869596481,
            -0.9267560839653015,
            0.0022938624024391174
        ],
        [
            -0.05363938584923744,
            -0.9442219734191895,
            0.01158878207206726
        ],
        [
            -0.0539688915014267,
            -0.9311586022377014,
            0.028014637529850006
        ],
        [
            -0.05627623200416565,
            -0.916679322719574,
            0.017554722726345062
        ],
        [
