{
    "pred_cam": [
        1.1415200233459473,
        0.0352935716509819,
        0.15586140751838684
    ],
    "pred_smpl_params": {
        "global_orient": [
            [
                [
                    0.9473610520362854,
                    0.19777220487594604,
                    -0.2517799735069275
                ],
                [
                    0.20312227308750153,
                    -0.9791414737701416,
                    -0.004832895938307047
                ],
                [
                    -0.2474840134382248,
                    -0.04656362161040306,
                    -0.9677724242210388
                ]
            ]
        ],
        "body_pose": [
            [
                [
                    0.9948984980583191,
                    -0.05651473626494408,
                    0.08356427401304245
                ],
                [
                    0.049180466681718826,
                    0.9949617981910706,
                    0.08736315369606018
                ],
                [
                    -0.08808056265115738,
                    -0.0828077420592308,
                    0.9926654100418091
                ]
            ],
            [
                [
                    0.9902979731559753,
                    -0.06782300025224686,
                    0.12128452956676483
                ],
                [
                    0.05901036411523819,
                    0.9954482913017273,
                    0.07483594864606857
                ],
                [
                    -0.12580807507038116,
                    -0.06695284694433212,
                    0.9897927045822144
                ]
            ],
            [
                [
                    0.9964140057563782,
                    0.04388616979122162,
                    -0.07233985513448715
                ],
                [
                    -0.05485861003398895,
                    0.98600172996521,
                    -0.1574520468711853
                ],
                [
                    0.06441725045442581,
                    0.16085590422153473,
                    0.9848734736442566
                ]
            ],
            [
                [
                    0.9982414245605469,
                    0.04571015387773514,
                    -0.037744179368019104
                ],
                [
                    -0.05850708484649658,
                    0.8621549010276794,
                    -0.5032551288604736
                ],
                [
                    0.009537460282444954,
                    0.5045784115791321,
                    0.8633130788803101
                ]
            ],
            [
                [
                    0.9844141006469727,
                    0.06700557470321655,
                    0.16260087490081787
                ],
                [
                    0.027459051460027695,
                    0.8546726107597351,
                    -0.5184406638145447
                ],
                [
                    -0.1737089306116104,
                    0.5148252248764038,
                    0.8395118713378906
                ]
            ],
            [
                [
                    0.9943239092826843,
                    -0.04977811872959137,
                    -0.0940326526761055
                ],
                [
                    0.04520723223686218,
                    0.9977189898490906,
                    -0.050130944699048996
                ],
                [
                    0.09631358832120895,
                    0.0455954372882843,
                    0.994306206703186
                ]
            ],
            [
                [
                    0.9890443682670593,
                    0.047199152410030365,
                    0.13986986875534058
                ],
                [
                    -0.05640270560979843,
                    0.9964447617530823,
                    0.06258247047662735
                ],
                [
                    -0.13641875982284546,
                    -0.06978587061166763,
                    0.988190233707428
                ]
            ],
            [
                [
                    0.9825441241264343,
                    -0.03905723616480827,
                    -0.1818837821483612
                ],
                [
                    0.040841009467840195,
                    0.9991472363471985,
                    0.006070836912840605
                ],
                [
                    0.18149155378341675,
                    -0.01339318510144949,
                    0.9833014011383057
                ]
            ],
            [
                [
                    0.995358407497406,
                    -0.02881801687180996,
                    -0.09182170033454895
                ],
                [
                    0.024873677641153336,
                    0.9987300038337708,
                    -0.04381534084677696
                ],
                [
                    0.09296774864196777,
                    0.04132802039384842,
                    0.9948111176490784
                ]
            ],
            [
                [
                    0.9903813600540161,
                    -0.13836179673671722,
                    -0.0008687119116075337
                ],
                [
                    0.13741916418075562,
                    0.9828628301620483,
                    0.12286853790283203
                ],
                [
                    -0.01614648476243019,
                    -0.12180609256029129,
                    0.9924225807189941
                ]
            ],
            [
                [
                    0.991092324256897,
                    0.13256362080574036,
                    -0.01276096235960722
                ],
                [
                    -0.1286293864250183,
                    0.9776736497879028,
                    0.1661584973335266
                ],
                [
                    0.034502629190683365,
                    -0.1630369871854782,
                    0.9860164523124695
                ]
            ],
            [
                [
                    0.9840052723884583,
                    -0.10363846272230148,
                    -0.1448884904384613
                ],
                [
                    0.0991198867559433,
                    0.9943463802337646,
                    -0.038084812462329865
                ],
                [
                    0.14801640808582306,
                    0.02311432547867298,
                    0.9887146949768066
                ]
            ],
            [
                [
                    0.8990027904510498,
                    0.4048038721084595,
                    -0.1671159565448761
                ],
                [
                    -0.4157864451408386,
                    0.9087724089622498,
                    -0.03541581332683563
                ],
                [
                    0.13753391802310944,
                    0.10132346302270889,
                    0.9853008985519409
                ]
            ],
            [
                [
                    0.9354822039604187,
                    -0.3458860218524933,
                    -0.0723586231470108
                ],
                [
                    0.3460596203804016,
                    0.9381535053253174,
                    -0.010524561628699303
                ],
                [
                    0.07152379304170609,
                    -0.015194857493042946,
                    0.9973230957984924
                ]
            ],
            [
                [
                    0.9877443313598633,
                    -0.09385000169277191,
                    -0.12471334636211395
                ],
                [
                    0.05981390178203583,
                    0.9656335711479187,
                    -0.25293105840682983
                ],
                [
                    0.14416497945785522,
                    0.24237160384655,
                    0.9594126343727112
                ]
            ],
            [
                [
                    0.4470770061016083,
                    0.8094883561134338,
                    -0.3805926442146301
                ],
                [
                    -0.8770614266395569,
                    0.4802991449832916,
                    -0.008716549724340439
                ],
                [
                    0.17574237287044525,
                    0.33770009875297546,
                    0.9247016906738281
                ]
            ],
            [
                [
                    0.5328360199928284,
                    -0.8071193099021912,
                    0.2542520761489868
                ],
                [
                    0.8418228030204773,
                    0.5361612439155579,
                    -0.062172435224056244
                ],
                [
                    -0.08613952994346619,
                    0.24716292321681976,
                    0.9651374816894531
                ]
            ],
            [
                [
                    0.6549847722053528,
                    -0.16751979291439056,
                    -0.7368391752243042
                ],
                [
                    -0.08183137327432632,
                    0.9536572098731995,
                    -0.28955399990081787
                ],
                [
                    0.7511980533599854,
                    0.24995002150535583,
                    0.6109225749969482
                ]
            ],
            [
                [
                    -0.2889857888221741,
                    0.4474572539329529,
                    0.8463269472122192
                ],
                [
                    -0.234041228890419,
                    0.8241997361183167,
                    -0.5156739354133606
                ],
                [
                    -0.9282844066619873,
                    -0.34709781408309937,
                    -0.13345856964588165
                ]
            ],
            [
                [
                    0.9967804551124573,
                    -0.07159965485334396,
                    -0.036085549741983414
                ],
                [
                    0.07126082479953766,
                    0.9974014759063721,
                    -0.01059127226471901
                ],
                [
                    0.03675011545419693,
                    0.007985686883330345,
                    0.9992925524711609
                ]
            ],
            [
                [
                    0.9777373671531677,
                    0.1962796151638031,
                    0.07418843358755112
                ],
                [
                    -0.20463509857654572,
                    0.9701368808746338,
                    0.1302265226840973
                ],
                [
                    -0.04641211777925491,
                    -0.14250889420509338,
                    0.9887048006057739
                ]
            ],
            [
                [
                    0.9644442200660706,
                    0.24397237598896027,
                    -0.10161134600639343
                ],
                [
                    -0.22460873425006866,
                    0.9592646956443787,
                    0.17135396599769592
                ],
                [
                    0.13927781581878662,
                    -0.14243854582309723,
                    0.9799556136131287
                ]
            ],
            [
                [
                    0.9616503119468689,
                    -0.26241883635520935,
                    0.07978057861328125
                ],
                [
                    0.25212761759757996,
                    0.9602816104888916,
                    0.11954478174448013
                ],
                [
                    -0.10798262059688568,
                    -0.09484539926052094,
                    0.9896181225776672
                ]
            ]
        ],
        "betas": [
            -0.026744306087493896,
            -0.10910111665725708,
            0.034820377826690674,
            0.23165622353553772,
            0.039868831634521484,
            -0.016278352588415146,
            0.007565975189208984,
            -0.029407650232315063,
            0.011426523327827454,
            -0.010843098163604736
        ]
    },
    "pred_cam_t": [
        0.0352935716509819,
        0.15586140751838684,
        34.219722747802734
    ],
    "focal_length": [
        5000.0,
        5000.0
    ],
    "pred_keypoints_3d": [
        [
            -0.026624515652656555,
            -0.7936164140701294,
            -0.16885320842266083
        ],
        [
            0.09233637899160385,
            -0.7230114936828613,
            -0.03666394576430321
        ],
        [
            -0.06253589689731598,
            -0.6693291664123535,
            0.088004931807518
        ],
        [
            -0.11935766041278839,
            -0.4412161111831665,
            0.18283027410507202
        ],
        [
            -0.24141168594360352,
            -0.48634856939315796,
            -0.035428836941719055
        ],
        [
            0.22555160522460938,
            -0.5835903286933899,
            -0.10972960293292999
        ],
        [
            0.20428740978240967,
            -0.3312305510044098,
            -0.0516820028424263
        ],
        [
            0.011880189180374146,
            -0.1872578114271164,
            -0.11427952349185944
        ],
        [
            -0.0019411593675613403,
            -0.22578340768814087,
            0.02850850485265255
        ],
        [
            -0.08282233774662018,
            -0.15085354447364807,
            0.05343959480524063
        ],
        [
            -0.17550304532051086,
            0.2192736566066742,
            0.053555577993392944
        ],
        [
            -0.2112024873495102,
            0.5411984920501709,
            0.2842671275138855
        ],
        [
            0.047323647886514664,
            -0.12211994081735611,
            0.021962780505418777
        ],
        [
            0.01999184861779213,
            0.24993935227394104,
            0.0029468275606632233
        ],
        [
            -0.025064177811145782,
            0.5754735469818115,
            0.22611430287361145
        ],
        [
            -0.02882237732410431,
            -0.8435608148574829,
            -0.13302132487297058
        ],
        [
            0.013223402202129364,
            -0.8371049165725708,
            -0.1840648651123047
        ],
        [
            0.018581077456474304,
            -0.8581442832946777,
            -0.04180894047021866
        ],
        [
            0.11270034313201904,
            -0.8432890176773071,
            -0.1548164337873459
        ],
        [
            -0.060635048896074295,
            0.6999467015266418,
            0.07376271486282349
        ],
        [
            0.013009823858737946,
            0.6974280476570129,
            0.1139339804649353
        ],
        [
            -0.016007713973522186,
            0.5848280191421509,
            0.294948935508728
        ],
        [
            -0.2400641143321991,
            0.6717222929000854,
            0.13791120052337646
        ],
        [
            -0.30730897188186646,
            0.643507719039917,
            0.18728795647621155
        ],
        [
            -0.21068373322486877,
            0.5533312559127808,
            0.356502890586853
        ],
        [
            -0.2236100733280182,
            0.4829450249671936,
            0.2839747667312622
        ],
        [
            -0.16188471019268036,
            0.15719231963157654,
            0.04589393734931946
        ],
        [
            -0.1333833485841751,
            -0.28879454731941223,
            0.0725424736738205
        ],
        [
            0.14549455046653748,
            -0.21342617273330688,
            0.015208086930215359
        ],
        [
            0.036307599395513535,
            0.21011075377464294,
            -0.0021666199900209904
        ],
        [
            -0.008175371214747429,
            0.5358531475067139,
            0.2321731001138687
        ],
        [
            -0.21091845631599426,
            -0.5094784498214722,
            -0.02247784473001957
        ],
        [
            -0.14693324267864227,
            -0.47902897000312805,
            0.17849087715148926
        ],
        [
            -0.03072497621178627,
            -0.6909915208816528,
            0.06264065206050873
        ],
        [
            0.2091258466243744,
            -0.6245511174201965,
            -0.09572506695985794
        ],
        [
            0.20656058192253113,
            -0.349550724029541,
            -0.10330680012702942
        ],
        [
            0.018864788115024567,
            -0.20715263485908508,
            -0.12463555485010147
        ],
        [
            0.09038284420967102,
            -0.7125006318092346,
            -0.03976238891482353
        ],
        [
            0.0477098673582077,
            -0.8978475332260132,
            -0.12278909981250763
        ],
        [
            0.006871875841170549,
            -0.25081950426101685,
            0.043079543858766556
        ],
        [
            0.08628658950328827,
            -0.6561872363090515,
            -0.018836909905076027
        ],
        [
            0.0690455511212349,
            -0.4886574447154999,
            0.030968327075242996
        ],
        [
            0.036966387182474136,
            -0.7842339277267456,
            -0.1217072531580925
        ],
        [
            0.048824794590473175,
            -0.9185551404953003,
            -0.11772186309099197
        ]
    ],
    "pred_vertices": [
        [
            0.015178225934505463,
            -0.8804266452789307,
            -0.20508752763271332
        ],
        [
            0.008173763751983643,
            -0.8660640716552734,
            -0.20115701854228973
        ],
        [
            0.022402435541152954,
            -0.8638312220573425,
            -0.20321303606033325
        ],
        [
            0.03197481483221054,
            -0.8755099773406982,
            -0.20381662249565125
        ],
        [
            0.016881972551345825,
            -0.8540024757385254,
            -0.2012861967086792
        ],
        [
            0.004902787506580353,
            -0.8546918034553528,
            -0.19795216619968414
        ],
        [
            0.03553979843854904,
            -0.8595287799835205,
            -0.20044368505477905
        ],
        [
            0.04602651298046112,
            -0.8676337003707886,
            -0.19959436357021332
        ],
        [
            0.051645029336214066,
            -0.8270010352134705,
            -0.188724085688591
        ],
        [
            0.06187388673424721,
            -0.8243628740310669,
            -0.18469038605690002
        ],
        [
            0.05945099517703056,
            -0.8357599973678589,
            -0.188846617937088
        ],
        [
            0.0494435578584671,
            -0.8354983925819397,
            -0.1908111721277237
        ],
        [
            0.05716381222009659,
            -0.8027372360229492,
            -0.1797308325767517
        ],
        [
            0.04777160659432411,
            -0.7925959825515747,
            -0.17801295220851898
        ],
        [
            0.05780787765979767,
            -0.7858312129974365,
            -0.17151403427124023
        ],
        [
            0.0670037493109703,
            -0.7957434058189392,
            -0.1717146933078766
        ],
        [
            0.006899841129779816,
            -0.8039944171905518,
            -0.1718115508556366
        ],
        [
            0.012086547911167145,
            -0.7972038984298706,
            -0.173839271068573
        ],
        [
            0.014424927532672882,
            -0.8035095930099487,
            -0.17777271568775177
        ],
        [
            0.00906277447938919,
            -0.8096293807029724,
            -0.1747957170009613
        ],
        [
            -0.004625052213668823,
            -0.8130278587341309,
            -0.1708032190799713
        ],
        [
            -0.002105310559272766,
            -0.819016695022583,
            -0.17074504494667053
        ],
        [
            -0.009442247450351715,
            -0.8220648765563965,
            -0.1711878627538681
        ],
        [
            -0.01208651065826416,
            -0.8151101469993591,
            -0.17237183451652527
        ],
        [
            0.004027806222438812,
            -0.7994545102119446,
            -0.166383296251297
        ],
        [
            0.009821683168411255,
            -0.7925301790237427,
            -0.16855546832084656
        ],
        [
            0.0020463690161705017,
            -0.8096424341201782,
            -0.17036837339401245
        ],
        [
            -0.0001824796199798584,
            -0.8050404191017151,
            -0.16940468549728394
        ],
        [
            -0.009073272347450256,
            -0.7971361875534058,
            -0.1722286343574524
        ],
        [
            -0.007470928132534027,
            -0.8019548654556274,
            -0.17354680597782135
        ],
        [
            -0.01499003916978836,
            -0.8018453121185303,
            -0.17536349594593048
        ],
        [
            -0.014728039503097534,
            -0.7967583537101746,
            -0.17284110188484192
        ],
        [
            -0.0003286227583885193,
            -0.7983425855636597,
            -0.16831065714359283
        ],
        [
            -0.0023683160543441772,
            -0.8005057573318481,
            -0.17113173007965088
        ],
        [
            -0.005324140191078186,
            -0.7966036796569824,
            -0.1698908656835556
        ],
        [
            -0.003567345440387726,
            -0.7954120635986328,
            -0.16632038354873657
        ],
        [
            -0.006651461124420166,
            -0.8083813786506653,
            -0.17111963033676147
        ],
        [
            -0.01391535997390747,
            -0.8089821934700012,
            -0.17366716265678406
        ],
        [
            -0.021922260522842407,
            -0.8092207908630371,
            -0.17540474236011505
        ],
        [
            -0.022811412811279297,
            -0.8003255724906921,
            -0.17635425925254822
        ],
        [
            0.026189684867858887,
            -0.7844791412353516,
            -0.1745273470878601
        ],
        [
            0.01855716109275818,
            -0.7906767129898071,
            -0.17514066398143768
        ],
        [
            0.015760548412799835,
            -0.7864345908164978,
            -0.170386403799057
        ],
        [
            0.021846704185009003,
            -0.7812671661376953,
            -0.17075073719024658
        ],
        [
            0.00023687630891799927,
            -0.7929661273956299,
            -0.16442753374576569
        ],
        [
            0.004839047789573669,
            -0.7772203683853149,
            -0.16370302438735962
        ],
        [
            0.004310958087444305,
            -0.780791163444519,
            -0.1649683713912964
        ],
        [
            -0.0027452856302261353,
            -0.7813040614128113,
            -0.16317254304885864
        ],
        [
            -0.0017062723636627197,
            -0.7779432535171509,
            -0.1623702049255371
        ],
        [
            0.038101356476545334,
            -0.7722065448760986,
            -0.1689411699771881
        ],
        [
            0.03103359043598175,
            -0.7706275582313538,
            -0.16756469011306763
        ],
        [
            0.03432568535208702,
            -0.7644951343536377,
            -0.16451063752174377
        ],
        [
            0.042164187878370285,
            -0.765191912651062,
            -0.1642686128616333
        ],
        [
            0.034624118357896805,
            -0.7593719959259033,
            -0.1608903557062149
        ],
        [
            0.04500900208950043,
            -0.758520781993866,
            -0.15941908955574036
        ],
        [
            0.04062480106949806,
            -0.7459515333175659,
            -0.14965111017227173
        ],
        [
            0.04331062361598015,
            -0.7514114379882812,
            -0.15423928201198578
        ],
        [
            0.03250093013048172,
            -0.7543123364448547,
            -0.15702152252197266
        ],
        [
            0.027206409722566605,
            -0.7492465972900391,
            -0.15393635630607605
        ],
        [
            0.011843010783195496,
            -0.7528885006904602,
            -0.15143924951553345
        ],
        [
            0.006134234368801117,
            -0.7516021728515625,
            -0.1485777646303177
        ],
        [
            0.012560024857521057,
            -0.7401003837585449,
            -0.14778423309326172
        ],
        [
            0.01953156292438507,
            -0.7437658309936523,
            -0.15087981522083282
        ],
        [
            0.008507505059242249,
            -0.7727138996124268,
            -0.1590891182422638
        ],
        [
            0.013187944889068604,
            -0.7730590105056763,
            -0.16018038988113403
        ],
        [
            0.011466540396213531,
            -0.7738639116287231,
            -0.16220243275165558
        ],
        [
            0.006152704358100891,
            -0.7745553255081177,
            -0.16153544187545776
        ],
        [
            0.016941241919994354,
            -0.7728347182273865,
            -0.16157114505767822
        ],
        [
            0.018607519567012787,
            -0.7725999355316162,
            -0.16223937273025513
        ],
        [
            0.017392568290233612,
            -0.7735733985900879,
            -0.16316945850849152
        ],
        [
            0.016231022775173187,
            -0.7734823226928711,
            -0.16195079684257507
        ],
        [
            0.014538444578647614,
            -0.773198664188385,
            -0.16084440052509308
        ],
        [
            0.013882212340831757,
            -0.771370530128479,
            -0.1598936766386032
        ],
        [
            0.016136914491653442,
            -0.7720448970794678,
            -0.1610659658908844
        ],
        [
            0.009582772850990295,
            -0.7702679634094238,
            -0.15887440741062164
        ],
        [
            -0.003971509635448456,
            -0.7672771215438843,
            -0.1545039415359497
        ],
        [
            -0.000655047595500946,
            -0.7677444219589233,
            -0.15633025765419006
        ],
        [
            -0.0015620887279510498,
            -0.7723736763000488,
            -0.15570363402366638
        ],
        [
            -0.004421934485435486,
            -0.7722251415252686,
            -0.15426872670650482
        ],
        [
            0.014754362404346466,
            -0.7751649618148804,
            -0.16359275579452515
        ],
        [
            0.016539260745048523,
            -0.7764521837234497,
            -0.16550274193286896
        ],
        [
            0.011128880083560944,
            -0.7786098718643188,
            -0.16563758254051208
        ],
        [
            0.011171869933605194,
            -0.7762561440467834,
            -0.1637089103460312
        ],
        [
            0.018214479088783264,
            -0.7780869007110596,
            -0.16773375868797302
        ],
        [
            0.019197434186935425,
            -0.7746803760528564,
            -0.1647031456232071
        ],
        [
            0.021796584129333496,
            -0.7751832008361816,
            -0.16690601408481598
        ],
        [
            0.018510602414608,
            -0.7709394693374634,
            -0.1614343523979187
        ],
        [
            0.021618865430355072,
            -0.7693874835968018,
            -0.1620434820652008
        ],
        [
            0.020875640213489532,
            -0.7716103792190552,
            -0.1637607216835022
        ],
        [
            0.020473159849643707,
            -0.7663671374320984,
            -0.160061776638031
        ],
        [
            0.016390137374401093,
            -0.7691596150398254,
            -0.15977968275547028
        ],
        [
            0.012290522456169128,
            -0.767088770866394,
            -0.15853330492973328
        ],
        [
            0.006852880120277405,
            -0.7650979161262512,
            -0.15705345571041107
        ],
        [
            0.011382296681404114,
            -0.7609260678291321,
            -0.1557258665561676
        ],
        [
            0.016750924289226532,
            -0.7634427547454834,
            -0.15794754028320312
        ],
        [
            0.012700721621513367,
            -0.7823395729064941,
            -0.16771486401557922
        ],
        [
            0.025217317044734955,
            -0.7710748910903931,
            -0.16540473699569702
        ],
        [
            0.026718147099018097,
            -0.7769209146499634,
            -0.16948482394218445
        ],
        [
            0.026691526174545288,
            -0.7667140960693359,
            -0.16339701414108276
        ],
        [
            0.02629914879798889,
            -0.7627143859863281,
            -0.16053861379623413
        ],
        [
            0.023365460336208344,
            -0.7589668035507202,
            -0.15764902532100677
        ],
        [
            0.017676934599876404,
            -0.7556142807006836,
            -0.1545296013355255
        ],
        [
            0.023755550384521484,
            -0.7342677116394043,
            -0.14017949998378754
        ],
        [
            0.0316191129386425,
            -0.7391539812088013,
            -0.14519928395748138
        ],
        [
            0.0063759759068489075,
            -0.8484772443771362,
            -0.19254422187805176
        ],
        [
            0.014393754303455353,
            -0.847504734992981,
            -0.19713394343852997
        ],
        [
            0.019157156348228455,
            -0.8413566946983337,
            -0.19210587441921234
        ],
        [
            0.019976310431957245,
            -0.843470573425293,
            -0.1938512772321701
        ],
        [
            0.014004155993461609,
            -0.8443635702133179,
            -0.19267518818378448
        ],
        [
            0.014516159892082214,
            -0.8419516086578369,
            -0.19093337655067444
        ],
        [
            0.040461406111717224,
            -0.8366700410842896,
            -0.19043371081352234
        ],
        [
            0.033539943397045135,
            -0.8378710150718689,
            -0.19018790125846863
        ],
        [
            0.03539900481700897,
            -0.8344511985778809,
            -0.1887127161026001
        ],
        [
            0.04293264448642731,
            -0.8302712440490723,
            -0.1896393895149231
        ],
        [
            0.026158444583415985,
            -0.8261141777038574,
            -0.18564364314079285
        ],
        [
            0.03132516145706177,
            -0.8277155756950378,
            -0.1871650218963623
        ],
        [
            0.02579047530889511,
            -0.8338069915771484,
            -0.18774577975273132
        ],
        [
            0.022018373012542725,
            -0.8326543569564819,
            -0.1867561638355255
        ],
        [
            0.018158212304115295,
            -0.8320859670639038,
            -0.18507623672485352
        ],
        [
            0.014417797327041626,
            -0.832180917263031,
            -0.1828983724117279
        ],
        [
            0.015687666833400726,
            -0.8272182941436768,
            -0.1812475025653839
        ],
        [
            0.020595647394657135,
            -0.8262465000152588,
            -0.18355900049209595
        ],
        [
            0.008427709341049194,
            -0.8458229899406433,
            -0.18873745203018188
        ],
        [
            0.003776058554649353,
            -0.8459126949310303,
            -0.1832365244626999
        ],
        [
            0.005653902888298035,
            -0.8430188894271851,
            -0.18287687003612518
        ],
        [
            0.009206712245941162,
            -0.8426826000213623,
            -0.18787917494773865
        ],
        [
            0.0033577755093574524,
            -0.839262068271637,
            -0.17058196663856506
        ],
        [
            0.0031109005212783813,
            -0.8412220478057861,
            -0.17276574671268463
        ],
        [
            -0.0003772228956222534,
            -0.8426193594932556,
            -0.1712532639503479
        ],
        [
            0.0002524256706237793,
            -0.8386191129684448,
            -0.16902251541614532
        ],
        [
            0.002114623785018921,
            -0.8354240655899048,
            -0.16992194950580597
        ],
        [
            0.004083074629306793,
            -0.8373802900314331,
            -0.17134320735931396
        ],
        [
            0.007310159504413605,
            -0.9024456739425659,
            -0.2030162215232849
        ],
        [
            0.00019874423742294312,
            -0.8850992918014526,
            -0.20055943727493286
        ],
        [
            0.027778416872024536,
            -0.8977838754653931,
            -0.20433475077152252
        ],
        [
            0.043821096420288086,
            -0.8895655870437622,
            -0.20125532150268555
        ],
        [
            0.057442858815193176,
            -0.8773898482322693,
            -0.1972644329071045
        ],
        [
            0.04754067584872246,
            -0.7776301503181458,
            -0.17038258910179138
        ],
        [
            0.05434174835681915,
            -0.7703624963760376,
            -0.16508840024471283
        ],
        [
            0.0673799216747284,
            -0.7797737717628479,
            -0.16471461951732635
        ],
        [
            0.07127463072538376,
            -0.7712645530700684,
            -0.1571802794933319
        ],
        [
            0.05761339142918587,
            -0.7617949843406677,
            -0.15837568044662476
        ],
        [
            0.053194332867860794,
            -0.7460209131240845,
            -0.1426447629928589
        ],
        [
            0.057339929044246674,
            -0.7530205249786377,
            -0.1507105976343155
        ],
        [
            0.07361695170402527,
            -0.7636083364486694,
            -0.14723092317581177
        ],
        [
            0.0879095122218132,
            -0.7785300016403198,
            -0.14576666057109833
        ],
        [
            0.08294567465782166,
            -0.7830930948257446,
            -0.15624570846557617
        ],
        [
            0.09783664345741272,
            -0.7961311936378479,
            -0.14461147785186768
        ],
        [
            0.09477955847978592,
            -0.7740105390548706,
            -0.13265156745910645
        ],
        [
            0.10242845118045807,
            -0.797598123550415,
            -0.13608743250370026
        ],
        [
            0.08674246072769165,
            -0.7394155263900757,
            -0.11662688106298447
        ],
        [
            0.09214310348033905,
            -0.7293235063552856,
            -0.11195895075798035
        ],
        [
            0.10821382701396942,
            -0.7378050088882446,
            -0.10925646871328354
        ],
        [
            0.10365988314151764,
            -0.7479360103607178,
            -0.1155693531036377
        ],
        [
            0.07640290260314941,
            -0.7888521552085876,
            -0.16416291892528534
        ],
        [
            0.06499237567186356,
            -0.8471827507019043,
            -0.18799012899398804
        ],
        [
            0.05405309051275253,
            -0.8447357416152954,
            -0.19218316674232483
        ],
        [
            0.07076527178287506,
            -0.8359516859054565,
            -0.184159055352211
        ],
        [
            0.0727381557226181,
            -0.9095045328140259,
            -0.19205445051193237
        ],
        [
            0.057150572538375854,
            -0.9009483456611633,
            -0.1983407884836197
        ],
        [
            0.06868411600589752,
            -0.8872796297073364,
            -0.19546976685523987
        ],
        [
            0.0819501206278801,
            -0.8971861600875854,
            -0.18985143303871155
        ],
        [
            0.04334442317485809,
            -0.9432587623596191,
            -0.18696719408035278
        ],
        [
            0.024775996804237366,
            -0.9251940846443176,
            -0.19841431081295013
        ],
        [
            0.04014548659324646,
            -0.9149299263954163,
            -0.19921758770942688
        ],
        [
            0.05636820197105408,
            -0.9286620616912842,
            -0.1915401667356491
        ],
        [
            0.09271539002656937,
            -0.9018313884735107,
            -0.18294651806354523
        ],
        [
            0.10706136375665665,
            -0.9079339504241943,
            -0.1722145974636078
        ],
        [
            0.10689052194356918,
            -0.9254745244979858,
            -0.16933578252792358
        ],
        [
            0.08907318860292435,
            -0.9196810722351074,
            -0.18193776905536652
        ],
        [
            0.10102565586566925,
            -0.9480277299880981,
            -0.16116926074028015
        ],
        [
            0.07958132773637772,
            -0.941430926322937,
            -0.17723752558231354
        ],
        [
            0.11084024608135223,
            -0.7863811254501343,
            -0.12341539561748505
        ],
        [
            0.11124160885810852,
            -0.8048325777053833,
            -0.12873762845993042
        ],
        [
            0.09707693010568619,
            -0.7597012519836426,
            -0.12331388145685196
        ],
        [
            0.11213965713977814,
            -0.7706089615821838,
            -0.11734634637832642
        ],
        [
            0.09048333764076233,
            -0.9656171798706055,
            -0.1484060287475586
        ],
        [
            0.06560805439949036,
            -0.9592022895812988,
            -0.16821660101413727
        ],
        [
            0.13796137273311615,
            -0.9015259742736816,
            -0.1273345798254013
        ],
        [
            0.13199138641357422,
            -0.9161077737808228,
            -0.13921037316322327
        ],
        [
            0.1261088103055954,
            -0.8987953662872314,
            -0.15022411942481995
        ],
        [
