{
    "pred_cam": [
        1.4953867197036743,
        0.009906584396958351,
        0.33488622307777405
    ],
    "pred_smpl_params": {
        "global_orient": [
            [
                [
                    -0.999537467956543,
                    0.022023336961865425,
                    -0.02097238413989544
                ],
                [
                    -0.01843939907848835,
                    -0.9872773885726929,
                    -0.1579349935054779
                ],
                [
                    -0.024183813482522964,
                    -0.15747521817684174,
                    0.9872268438339233
                ]
            ]
        ],
        "body_pose": [
            [
                [
                    0.9992623329162598,
                    0.017270632088184357,
                    -0.034299805760383606
                ],
                [
                    -0.009512304328382015,
                    0.9766474962234497,
                    0.2146376371383667
                ],
                [
                    0.03720574080944061,
                    -0.21415303647518158,
                    0.9760913252830505
                ]
            ],
            [
                [
                    0.9961655139923096,
                    -0.06254218518733978,
                    0.06117742136120796
                ],
                [
                    0.036412838846445084,
                    0.932208240032196,
                    0.3600859045982361
                ],
                [
                    -0.07955066114664078,
                    -0.3564775586128235,
                    0.9309110641479492
                ]
            ],
            [
                [
                    0.9991379976272583,
                    -0.0177096389234066,
                    -0.03754684329032898
                ],
                [
                    0.010618899017572403,
                    0.9833788871765137,
                    -0.18125437200069427
                ],
                [
                    0.04013272374868393,
                    0.1806993931531906,
                    0.9827192425727844
                ]
            ],
            [
                [
                    0.988487720489502,
                    0.012914030812680721,
                    -0.15074913203716278
                ],
                [
                    -0.15049506723880768,
                    0.18663984537124634,
                    -0.9708330035209656
                ],
                [
                    0.015598420053720474,
                    0.9823434948921204,
                    0.18643468618392944
                ]
            ],
            [
                [
                    0.9753334522247314,
                    -0.11941562592983246,
                    0.18564648926258087
                ],
                [
                    0.19058862328529358,
                    0.03128974512219429,
                    -0.9811712503433228
                ],
                [
                    0.11135832965373993,
                    0.992351233959198,
                    0.05327719449996948
                ]
            ],
            [
                [
                    0.9998161196708679,
                    -0.01206886861473322,
                    0.014900808222591877
                ],
                [
                    0.012140128761529922,
                    0.9999153017997742,
                    -0.0047010136768221855
                ],
                [
                    -0.014842809177935123,
                    0.004881046712398529,
                    0.9998779296875
                ]
            ],
            [
                [
                    0.9801267981529236,
                    -0.10293804109096527,
                    0.16957372426986694
                ],
                [
                    0.05089448019862175,
                    0.9567010402679443,
                    0.28658851981163025
                ],
                [
                    -0.19173219799995422,
                    -0.27226272225379944,
                    0.9429273009300232
                ]
            ],
            [
                [
                    0.9735988974571228,
                    0.13595230877399445,
                    -0.18336349725723267
                ],
                [
                    -0.08735544979572296,
                    0.9640496373176575,
                    0.25095295906066895
                ],
                [
                    0.21088914573192596,
                    -0.22830970585346222,
                    0.9504738450050354
                ]
            ],
            [
                [
                    0.9999646544456482,
                    0.006115660071372986,
                    -0.005769793875515461
                ],
                [
                    -0.006367985624819994,
                    0.9989767074584961,
                    -0.044777657836675644
                ],
                [
                    0.005490044131875038,
                    0.04481281712651253,
                    0.9989803433418274
                ]
            ],
            [
                [
                    0.9996820092201233,
                    0.0003205187385901809,
                    -0.025212345644831657
                ],
                [
                    0.004537835717201233,
                    0.9813054800033569,
                    0.19240306317806244
                ],
                [
                    0.024802684783935547,
                    -0.19245631992816925,
                    0.9809919595718384
                ]
            ],
            [
                [
                    0.9998654127120972,
                    -0.0013882135972380638,
                    -0.016345426440238953
                ],
                [
                    0.004605981986969709,
                    0.9800873398780823,
                    0.19851338863372803
                ],
                [
                    0.015744365751743317,
                    -0.19856196641921997,
                    0.9799618124961853
                ]
            ],
            [
                [
                    0.9497873187065125,
                    -0.02903931215405464,
                    -0.3115456700325012
                ],
                [
                    0.04841375723481178,
                    0.9973320960998535,
                    0.05463382601737976
                ],
                [
                    0.30912795662879944,
                    -0.06697361171245575,
                    0.9486593008041382
                ]
            ],
            [
                [
                    0.9177441596984863,
                    0.39472922682762146,
                    -0.04398262873291969
                ],
                [
                    -0.39459848403930664,
                    0.9187754988670349,
                    0.011983937583863735
                ],
                [
                    0.045140571892261505,
                    0.0063572898507118225,
                    0.9989604353904724
                ]
            ],
            [
                [
                    0.9232044219970703,
                    -0.36581146717071533,
                    0.11779529601335526
                ],
                [
                    0.36649879813194275,
                    0.9302711486816406,
                    0.016559069976210594
                ],
                [
                    -0.11563906073570251,
                    0.027884425595402718,
                    0.9928998947143555
                ]
            ],
            [
                [
                    0.9708337783813477,
                    -0.0960875079035759,
                    -0.21965642273426056
                ],
                [
                    0.05327965319156647,
                    0.9797325730323792,
                    -0.1930941790342331
                ],
                [
                    0.23375849425792694,
                    0.17575913667678833,
                    0.9562770128250122
                ]
            ],
            [
                [
                    0.5522757172584534,
                    0.792045533657074,
                    -0.2601064145565033
                ],
                [
                    -0.8249785900115967,
                    0.5641551613807678,
                    -0.03375236690044403
                ],
                [
                    0.12000694125890732,
                    0.2332228720188141,
                    0.9649898409843445
                ]
            ],
            [
                [
                    0.5139592289924622,
                    -0.8061455488204956,
                    0.29321548342704773
                ],
                [
                    0.8513277173042297,
                    0.521306574344635,
                    -0.05899689346551895
                ],
                [
                    -0.10529506206512451,
                    0.27994444966316223,
                    0.9542244076728821
                ]
            ],
            [
                [
                    0.567548930644989,
                    -0.29456835985183716,
                    -0.7688418030738831
                ],
                [
                    0.12364464998245239,
                    0.9537124037742615,
                    -0.27412542700767517
                ],
                [
                    0.8140025734901428,
                    0.06051639840006828,
                    0.5777002573013306
                ]
            ],
            [
                [
                    0.4062286913394928,
                    0.4020325541496277,
                    0.82057785987854
                ],
                [
                    -0.043516598641872406,
                    0.9055048823356628,
                    -0.4220985770225525
                ],
                [
                    -0.9127346873283386,
                    0.13575978577136993,
                    0.38533714413642883
                ]
            ],
            [
                [
                    0.9978681206703186,
                    -0.06505989283323288,
                    0.005128350108861923
                ],
                [
                    0.06512602418661118,
                    0.98764967918396,
                    -0.1425013393163681
                ],
                [
                    0.004206110257655382,
                    0.14253155887126923,
                    0.9897812008857727
                ]
            ],
            [
                [
                    0.9940226674079895,
                    0.10913598537445068,
                    -0.0028864203486591578
                ],
                [
                    -0.1082499623298645,
                    0.9818304777145386,
                    -0.15585537254810333
                ],
                [
                    -0.014175455085933208,
                    0.15523621439933777,
                    0.9877757430076599
                ]
            ],
            [
                [
                    0.9641653895378113,
                    0.2517496645450592,
                    -0.08370932936668396
                ],
                [
                    -0.23698866367340088,
                    0.9591019749641418,
                    0.15478932857513428
                ],
                [
                    0.11925393342971802,
                    -0.12940433621406555,
                    0.9843947291374207
                ]
            ],
            [
                [
                    0.9727438688278198,
                    -0.2274084985256195,
                    0.04532924294471741
                ],
                [
                    0.21710513532161713,
                    0.9618509411811829,
                    0.16645735502243042
                ],
                [
                    -0.08145379275083542,
                    -0.15207915008068085,
                    0.9850061535835266
                ]
            ]
        ],
        "betas": [
            -0.17054611444473267,
            -0.179672509431839,
            0.20729133486747742,
            0.3421746492385864,
            0.14169511198997498,
            0.10735151916742325,
            -0.026584208011627197,
            -0.11780056357383728,
            0.136428564786911,
            -0.09848654270172119
        ]
    },
    "pred_cam_t": [
        0.009906584396958351,
        0.33488622307777405,
        26.122005462646484
    ],
    "focal_length": [
        5000.0,
        5000.0
    ],
    "pred_keypoints_3d": [
        [
            0.09814967960119247,
            -0.8343757390975952,
            0.12853355705738068
        ],
        [
            0.015358099713921547,
            -0.7348136901855469,
            -0.012018343433737755
        ],
        [
            0.1913306713104248,
            -0.6265251040458679,
            -0.012249521911144257
        ],
        [
            0.21629716455936432,
            -0.37722596526145935,
            -0.01977936178445816
        ],
        [
            0.15446314215660095,
            -0.28136199712753296,
            0.2037314772605896
        ],
        [
            -0.16573074460029602,
            -0.6415908336639404,
            -0.013129685074090958
        ],
        [
            -0.21807964146137238,
            -0.39046987891197205,
            -0.025199221447110176
        ],
        [
            -0.22404223680496216,
            -0.2657276690006256,
            0.18575240671634674
        ],
        [
            -0.001877178205177188,
            -0.2265295386314392,
            0.02868138998746872
        ],
        [
            0.06409972161054611,
            -0.13515804708003998,
            0.040423259139060974
        ],
        [
            0.06719695776700974,
            0.19419576227664948,
            0.22301478683948517
        ],
        [
            0.04479498416185379,
            0.35886532068252563,
            -0.13193903863430023
        ],
        [
            -0.07345835864543915,
            -0.13636866211891174,
            0.03463675081729889
        ],
        [
            -0.10940951108932495,
            0.2063705027103424,
            0.16478683054447174
        ],
        [
            -0.1051153615117073,
            0.3753822445869446,
            -0.18835701048374176
        ],
        [
            0.1146305724978447,
            -0.872712254524231,
            0.08368508517742157
        ],
        [
            0.06004741042852402,
            -0.8810677528381348,
            0.12051305174827576
        ],
        [
            0.09465640783309937,
            -0.8618141412734985,
            -0.016917774453759193
        ],
        [
            -0.026545383036136627,
            -0.8803050518035889,
            0.06318753957748413
        ],
        [
            -0.10669203847646713,
            0.5358078479766846,
            -0.07758215069770813
        ],
        [
            -0.17396149039268494,
            0.5088882446289062,
            -0.11800393462181091
        ],
        [
            -0.1154564917087555,
            0.355367511510849,
            -0.25233694911003113
        ],
        [
            0.017844147980213165,
            0.5203273892402649,
            -0.02495884895324707
        ],
        [
            0.09409993886947632,
            0.5000258088111877,
            -0.05853140354156494
        ],
        [
            0.05524902045726776,
            0.34958964586257935,
            -0.20247918367385864
        ],
        [
            0.07543643563985825,
            0.31517308950424194,
            -0.10541665554046631
        ],
        [
            0.06884199380874634,
            0.14575237035751343,
            0.21332988142967224
        ],
        [
            0.148373544216156,
            -0.25140833854675293,
            0.012363683432340622
        ],
        [
            -0.15125373005867004,
            -0.24092760682106018,
            -0.0023792008869349957
        ],
        [
            -0.12034302204847336,
            0.17238396406173706,
            0.1624724119901657
        ],
        [
            -0.11669214069843292,
            0.3345372676849365,
            -0.17337864637374878
        ],
        [
            0.14119374752044678,
            -0.31358128786087036,
            0.1921188235282898
        ],
        [
            0.23973925411701202,
            -0.40255701541900635,
            0.007026473060250282
        ],
        [
            0.15910467505455017,
            -0.6613686680793762,
            -0.017910733819007874
        ],
        [
            -0.13519322872161865,
            -0.6729553937911987,
            -0.018237140029668808
        ],
        [
            -0.24494069814682007,
            -0.42501556873321533,
            0.003804711624979973
        ],
        [
            -0.22478705644607544,
            -0.2873119115829468,
            0.1823681890964508
        ],
        [
            0.01305125281214714,
            -0.7253456711769104,
            -0.005730325821787119
        ],
        [
            0.04791930317878723,
            -0.9230360984802246,
            0.038011740893125534
        ],
        [
            -0.0020961230620741844,
            -0.2463017851114273,
            0.0052797263488173485
        ],
        [
            0.012487450614571571,
            -0.6656761169433594,
            -0.015035634860396385
        ],
        [
            0.0055027916096150875,
            -0.4901047348976135,
            -0.025959070771932602
        ],
        [
            0.04791482165455818,
            -0.8138914108276367,
            0.0705915242433548
        ],
        [
            0.050546128302812576,
            -0.9414995908737183,
            0.027745109051465988
        ]
    ],
    "pred_vertices": [
        [
            0.0560477189719677,
            -0.9277733564376831,
            0.12708796560764313
        ],
        [
            0.062286604195833206,
            -0.9125161170959473,
            0.12895959615707397
        ],
        [
            0.04769298434257507,
            -0.9109384417533875,
            0.12797437608242035
        ],
        [
            0.03966609388589859,
            -0.9231972098350525,
            0.12263260781764984
        ],
        [
            0.05307188630104065,
            -0.9011503458023071,
            0.1300887167453766
        ],
        [
            0.06555424630641937,
            -0.9007887244224548,
            0.1304551064968109
        ],
        [
            0.03564431145787239,
            -0.9065389037132263,
            0.12264755368232727
        ],
        [
            0.026985645294189453,
            -0.9151296615600586,
            0.11640578508377075
        ],
        [
            0.01973734050989151,
            -0.8730761408805847,
            0.11684129387140274
        ],
        [
            0.010724470019340515,
            -0.869002103805542,
            0.11058005690574646
        ],
        [
            0.013018567115068436,
            -0.8807535767555237,
            0.1125345379114151
        ],
        [
            0.022397253662347794,
            -0.8812885284423828,
            0.11692899465560913
        ],
        [
            0.015186645090579987,
            -0.8475498557090759,
            0.11283889412879944
        ],
        [
            0.023979227989912033,
            -0.8373144865036011,
            0.11670641601085663
        ],
        [
            0.015351176261901855,
            -0.8292036652565002,
            0.10953415930271149
        ],
        [
            0.007553469389677048,
            -0.8388693332672119,
            0.1043923869729042
        ],
        [
            0.06622709333896637,
            -0.846092700958252,
            0.11913640797138214
        ],
        [
            0.05995912849903107,
            -0.8402975797653198,
            0.12143418192863464
        ],
        [
            0.057319898158311844,
            -0.8472943305969238,
            0.1228398010134697
        ],
        [
            0.06394661962985992,
            -0.8522524833679199,
            0.11992603540420532
        ],
        [
            0.07858660072088242,
            -0.8538312911987305,
            0.11899562180042267
        ],
        [
            0.07672695070505142,
            -0.8595572710037231,
            0.11669638752937317
        ],
        [
            0.08400868624448776,
            -0.8625772595405579,
            0.11829002946615219
        ],
        [
            0.08557988703250885,
            -0.8561637997627258,
            0.12197787314653397
        ],
        [
            0.07004457712173462,
            -0.8403403162956238,
            0.11626125872135162
        ],
        [
            0.0631423145532608,
            -0.834420919418335,
            0.11834922432899475
        ],
        [
            0.07196150720119476,
            -0.8509950637817383,
            0.11767292022705078
        ],
        [
            0.07386356592178345,
            -0.8459287881851196,
            0.11858093738555908
        ],
        [
            0.08089722692966461,
            -0.8391969799995422,
            0.1256207972764969
        ],
        [
            0.07953761518001556,
            -0.8440183401107788,
            0.12511810660362244
        ],
        [
            0.08629638701677322,
            -0.8443478941917419,
            0.1290360391139984
        ],
        [
            0.08623918145895004,
            -0.8388820886611938,
            0.127878338098526
        ],
        [
            0.0736798569560051,
            -0.8393091559410095,
            0.11933405697345734
        ],
        [
            0.0751173198223114,
            -0.841997504234314,
            0.12197978794574738
        ],
        [
            0.0779050886631012,
            -0.8379955291748047,
            0.12263815104961395
        ],
        [
            0.0769817978143692,
            -0.8359526991844177,
            0.11917450278997421
        ],
        [
            0.08005045354366302,
            -0.8494651317596436,
            0.121148020029068
        ],
        [
            0.08642539381980896,
            -0.8506261706352234,
            0.12533913552761078
        ],
        [
            0.09365762770175934,
            -0.8513351678848267,
            0.1292416751384735
        ],
        [
            0.09314782172441483,
            -0.8429477214813232,
            0.13264188170433044
        ],
        [
            0.04497797042131424,
            -0.8285142183303833,
            0.12134204804897308
        ],
        [
            0.052814628928899765,
            -0.8344792127609253,
            0.1226297914981842
        ],
        [
            0.056393977254629135,
            -0.8291463255882263,
            0.11999166011810303
        ],
        [
            0.04988081380724907,
            -0.8244369029998779,
            0.1198638454079628
        ],
        [
            0.07358180731534958,
            -0.8331791162490845,
            0.11697278916835785
        ],
        [
            0.06775849312543869,
            -0.818025529384613,
            0.11905721575021744
        ],
        [
            0.06827385723590851,
            -0.8217156529426575,
            0.11947844922542572
        ],
        [
            0.07558122277259827,
            -0.821624755859375,
            0.11959251016378403
        ],
        [
            0.07444468885660172,
            -0.8182771801948547,
            0.1194305270910263
        ],
        [
            0.03382075950503349,
            -0.8154741525650024,
            0.11588764935731888
        ],
        [
            0.04083281755447388,
            -0.813565731048584,
            0.11694438010454178
        ],
        [
            0.037858735769987106,
            -0.8069252371788025,
            0.11472845077514648
        ],
        [
            0.030296459794044495,
            -0.8075113296508789,
            0.11218348145484924
        ],
        [
            0.03766920045018196,
            -0.8010975122451782,
            0.11241590976715088
        ],
        [
            0.027814272791147232,
            -0.7998287677764893,
            0.1083996593952179
        ],
        [
            0.03308897837996483,
            -0.7852716445922852,
            0.10355265438556671
        ],
        [
            0.03000003471970558,
            -0.7916935682296753,
            0.10581041127443314
        ],
        [
            0.04020596295595169,
            -0.7952507734298706,
            0.11075092107057571
        ],
        [
            0.04549302160739899,
            -0.7896150350570679,
            0.11082984507083893
        ],
        [
            0.061930809170007706,
            -0.7921818494796753,
            0.11220398545265198
        ],
        [
            0.06796685606241226,
            -0.7900604009628296,
            0.11169911175966263
        ],
        [
            0.06073138490319252,
            -0.7790926098823547,
            0.11199923604726791
        ],
        [
            0.05313532426953316,
            -0.7834494709968567,
            0.11174634844064713
        ],
        [
            0.06497661769390106,
            -0.8129689693450928,
            0.11509497463703156
        ],
        [
            0.0602545440196991,
            -0.813719630241394,
            0.11457647383213043
        ],
        [
            0.061498451977968216,
            -0.8149985671043396,
            0.11672421544790268
        ],
        [
            0.0668816864490509,
            -0.8153659701347351,
            0.1174938976764679
        ],
        [
            0.05632373318076134,
            -0.8139733076095581,
            0.11472975462675095
        ],
        [
            0.054517149925231934,
            -0.813913106918335,
            0.11493022739887238
        ],
        [
            0.05554100498557091,
            -0.8150708079338074,
            0.11590255796909332
        ],
        [
            0.05694836750626564,
            -0.8147060871124268,
            0.1152508407831192
        ],
        [
            0.05884457007050514,
            -0.8141012191772461,
            0.11480197310447693
        ],
        [
            0.059506114572286606,
            -0.8120842576026917,
            0.11465010046958923
        ],
        [
            0.05712726712226868,
            -0.8130714893341064,
            0.11472593992948532
        ],
        [
            0.06380588561296463,
            -0.8107004761695862,
            0.11526840925216675
        ],
        [
            0.07768549025058746,
            -0.8059908151626587,
            0.11577505618333817
        ],
        [
            0.07405814528465271,
            -0.8074311017990112,
            0.1163678914308548
        ],
        [
            0.07559722661972046,
            -0.8115650415420532,
            0.11511614173650742
        ],
        [
            0.07866989821195602,
            -0.810619592666626,
            0.11457184702157974
        ],
        [
            0.05804283171892166,
            -0.8163303136825562,
            0.11665007472038269
        ],
        [
            0.055958714336156845,
            -0.8184139728546143,
            0.11754976212978363
        ],
        [
            0.061363328248262405,
            -0.8203692436218262,
            0.11874354630708694
        ],
        [
            0.06155514344573021,
            -0.8176335096359253,
            0.1175578162074089
        ],
        [
            0.05391232296824455,
            -0.8205526471138,
            0.11889529973268509
        ],
        [
            0.05347053334116936,
            -0.8165019750595093,
            0.1165633276104927
        ],
        [
            0.05036747828125954,
            -0.8172881007194519,
            0.1175864115357399
        ],
        [
            0.05465091019868851,
            -0.8121407628059387,
            0.11464501172304153
        ],
        [
            0.05134526267647743,
            -0.8108376264572144,
            0.11472649872303009
        ],
        [
            0.05185115337371826,
            -0.8133930563926697,
            0.11590927094221115
        ],
        [
            0.05268228426575661,
            -0.8074471950531006,
            0.11399296671152115
        ],
        [
            0.05694648623466492,
            -0.8099644184112549,
            0.1143023818731308
        ],
        [
            0.06101992353796959,
            -0.8076273202896118,
            0.11487559974193573
        ],
        [
            0.06646819412708282,
            -0.8052823543548584,
            0.1155557706952095
        ],
        [
            0.06204658001661301,
            -0.8010020852088928,
            0.11420054733753204
        ],
        [
            0.05650538206100464,
            -0.8040249347686768,
            0.11403509974479675
        ],
        [
            0.05961168557405472,
            -0.824090838432312,
            0.119291290640831
        ],
        [
            0.04714664816856384,
            -0.8133853673934937,
            0.11632658541202545
        ],
        [
            0.04505173861980438,
            -0.8200932741165161,
            0.11828696727752686
        ],
        [
            0.04584372788667679,
            -0.8087193965911865,
            0.11521469801664352
        ],
        [
            0.04659193381667137,
            -0.8041611909866333,
            0.1137000173330307
        ],
        [
            0.04928294196724892,
            -0.7997681498527527,
            0.11285103857517242
        ],
        [
            0.055708009749650955,
            -0.795742928981781,
            0.11261185258626938
        ],
        [
            0.051223233342170715,
            -0.7718825340270996,
            0.10323905944824219
        ],
        [
            0.04230266436934471,
            -0.7778357863426208,
            0.10381754487752914
        ],
        [
            0.06554710865020752,
            -0.8937140703201294,
            0.12684759497642517
        ],
        [
            0.0564553365111351,
            -0.8939431309700012,
            0.12895524501800537
        ],
        [
            0.052507419139146805,
            -0.8869514465332031,
            0.12457838654518127
        ],
        [
            0.05147905275225639,
            -0.8898657560348511,
            0.12557850778102875
        ],
        [
            0.057658709585666656,
            -0.8897098302841187,
            0.12591250240802765
        ],
        [
            0.057365648448467255,
            -0.8872007131576538,
            0.12466337531805038
        ],
        [
            0.03174041584134102,
            -0.8824297189712524,
            0.11851581186056137
        ],
        [
            0.038664013147354126,
            -0.8833372592926025,
            0.11990679800510406
        ],
        [
            0.03693307563662529,
            -0.879722535610199,
            0.11880634725093842
        ],
        [
            0.0288950614631176,
            -0.8761694431304932,
            0.11871327459812164
        ],
        [
            0.045964691787958145,
            -0.8707369565963745,
            0.1210615485906601
        ],
        [
            0.04068079590797424,
            -0.8727315664291382,
            0.12047193944454193
        ],
        [
            0.04645315185189247,
            -0.8787482976913452,
            0.12091332674026489
        ],
        [
            0.05033886432647705,
            -0.8773045539855957,
            0.12140454351902008
        ],
        [
            0.054502230137586594,
            -0.876193642616272,
            0.12130862474441528
        ],
        [
            0.058737967163324356,
            -0.8755812644958496,
            0.12019503116607666
        ],
        [
            0.05748248100280762,
            -0.8703379034996033,
            0.11964349448680878
        ],
        [
            0.05201840400695801,
            -0.8701624870300293,
            0.12071491777896881
        ],
        [
            0.06419723480939865,
            -0.8900144100189209,
            0.12383609265089035
        ],
        [
            0.07014119625091553,
            -0.8884303569793701,
            0.1197269856929779
        ],
        [
            0.06814061105251312,
            -0.8857247829437256,
            0.11985887587070465
        ],
        [
            0.06331580132246017,
            -0.8869589567184448,
            0.12350909411907196
        ],
        [
            0.07340475916862488,
            -0.8787575960159302,
            0.11001940071582794
        ],
        [
            0.07322879135608673,
            -0.88127201795578,
            0.11159740388393402
        ],
        [
            0.0771341323852539,
            -0.8822805881500244,
            0.1107197180390358
        ],
        [
            0.07678547501564026,
            -0.877683699131012,
            0.10948838293552399
        ],
        [
            0.07442063093185425,
            -0.874849796295166,
            0.11059623956680298
        ],
        [
            0.07229578495025635,
            -0.8771252036094666,
            0.11102397739887238
        ],
        [
            0.06616375595331192,
            -0.9484983682632446,
            0.12185729295015335
        ],
        [
            0.07199211418628693,
            -0.9302921295166016,
            0.12637287378311157
        ],
        [
            0.04583829641342163,
            -0.9440931677818298,
            0.11871038377285004
        ],
        [
            0.030355628579854965,
            -0.9358019828796387,
            0.11362534761428833
        ],
        [
            0.017327744513750076,
            -0.9238559603691101,
            0.1089964210987091
        ],
        [
            0.024722568690776825,
            -0.821014404296875,
            0.11335582286119461
        ],
        [
            0.018796022981405258,
            -0.8127192258834839,
            0.10839934647083282
        ],
        [
            0.0070248376578092575,
            -0.8216116428375244,
            0.10199888050556183
        ],
        [
            0.004511045292019844,
            -0.811610996723175,
            0.09582692384719849
        ],
        [
            0.016189299523830414,
            -0.8027050495147705,
            0.10321754217147827
        ],
        [
            0.022700326517224312,
            -0.7837218046188354,
            0.09275508671998978
        ],
        [
            0.01749551296234131,
            -0.7923681735992432,
            0.09776900708675385
        ],
        [
            0.004213275387883186,
            -0.8018319606781006,
            0.08698222786188126
        ],
        [
            -0.007219418883323669,
            -0.815926194190979,
            0.07793189585208893
        ],
        [
            -0.004977541044354439,
            -0.822609543800354,
            0.08814406394958496
        ],
        [
            -0.014581235125660896,
            -0.8327045440673828,
            0.06970572471618652
        ],
        [
            -0.010771047323942184,
            -0.8086462020874023,
            0.06387815624475479
        ],
        [
            -0.016955455765128136,
            -0.8319013118743896,
            0.060265589505434036
        ],
        [
            -0.005608382634818554,
            -0.76938796043396,
            0.05723926052451134
        ],
        [
            -0.011774405837059021,
            -0.7583056688308716,
            0.05215682461857796
        ],
        [
            -0.02389003336429596,
            -0.7668539881706238,
            0.04249444976449013
        ],
        [
            -0.019495533779263496,
            -0.7782488465309143,
            0.04897213354706764
        ],
        [
            -9.714998304843903e-05,
            -0.8303868174552917,
            0.09637501835823059
        ],
        [
            0.010220889002084732,
            -0.8930310010910034,
            0.10588285326957703
        ],
        [
            0.018824197351932526,
            -0.8909553289413452,
            0.11405900120735168
        ],
        [
            0.004165574908256531,
            -0.880441427230835,
            0.10402475297451019
        ],
        [
            0.006588537245988846,
            -0.9537948966026306,
            0.09217989444732666
        ],
        [
            0.01908249408006668,
            -0.9470886588096619,
            0.10434367507696152
        ],
        [
            0.007557719945907593,
            -0.9327329397201538,
            0.10169130563735962
        ],
        [
            -0.0031384415924549103,
            -0.9410231113433838,
            0.09036502242088318
        ],
        [
            0.03931962698698044,
            -0.9840786457061768,
            0.08673866838216782
        ],
        [
            0.05256284773349762,
            -0.9695928692817688,
            0.10668842494487762
        ],
        [
            0.03676982969045639,
            -0.9595385789871216,
            0.10566334426403046
        ],
        [
            0.02428314834833145,
            -0.9713672399520874,
            0.09078782796859741
        ],
        [
            -0.01112622395157814,
            -0.9439394474029541,
            0.0800187736749649
        ],
        [
            -0.021672599017620087,
            -0.9468546509742737,
            0.0642193928360939
        ],
        [
            -0.01942041516304016,
            -0.9629338979721069,
            0.056728459894657135
        ],
        [
            -0.005542628467082977,
            -0.9607687592506409,
            0.07510851323604584
        ],
        [
            -0.008912216871976852,
            -0.9818978309631348,
            0.0450507216155529
        ],
        [
            0.006628263741731644,
            -0.9802101254463196,
            0.06782345473766327
        ],
        [
            -0.022641314193606377,
            -0.8181333541870117,
            0.04767508804798126
        ],
        [
            -0.022221030667424202,
            -0.8373286724090576,
            0.04865805059671402
        ],
        [
            -0.013339239172637463,
            -0.7920994758605957,
            0.056869007647037506
        ],
        [
            -0.024262404069304466,
            -0.8015538454055786,
            0.04441741108894348
        ],
        [
            0.00622568279504776,
            -0.9947332739830017,
            0.031776063144207
        ],
        [
            0.023994483053684235,
            -0.9945604801177979,
            0.058970265090465546
        ],
        [
            -0.039932671934366226,
            -0.9281176328659058,
            0.015411369502544403
        ],
        [
            -0.036111049354076385,
            -0.9454092979431152,
            0.024499423801898956
        ],
        [
            -0.03489921987056732,
            -0.9320841431617737,
            0.04082261770963669
        ],
        [
            -0.03926675021648407,
            -0.917877197265625,
            0.03062332421541214
        ],
        [
            -0.03747829049825668,
            -0.9374065399169922,
