{
    "pred_cam": [
        1.4911686182022095,
        0.01939338631927967,
        0.33739423751831055
    ],
    "pred_smpl_params": {
        "global_orient": [
            [
                [
                    -0.9996971487998962,
                    0.014574087224900723,
                    0.019832758232951164
                ],
                [
                    -0.017379021272063255,
                    -0.9886031150817871,
                    -0.1495387703180313
                ],
                [
                    0.017427336424589157,
                    -0.1498381346464157,
                    0.988556981086731
                ]
            ]
        ],
        "body_pose": [
            [
                [
                    0.9995836019515991,
                    0.01722003147006035,
                    -0.023155534639954567
                ],
                [
                    -0.012171678245067596,
                    0.9791573286056519,
                    0.20273840427398682
                ],
                [
                    0.026164071634411812,
                    -0.20237211883068085,
                    0.9789592027664185
                ]
            ],
            [
                [
                    0.9948870539665222,
                    -0.07005386799573898,
                    0.07274775207042694
                ],
                [
                    0.039385825395584106,
                    0.932410478591919,
                    0.35924845933914185
                ],
                [
                    -0.09299751371145248,
                    -0.3545463979244232,
                    0.9304022192955017
                ]
            ],
            [
                [
                    0.9985201358795166,
                    -0.024272002279758453,
                    -0.04866660013794899
                ],
                [
                    0.014605537988245487,
                    0.981687605381012,
                    -0.18993723392486572
                ],
                [
                    0.05238555371761322,
                    0.18894535303115845,
                    0.9805893301963806
                ]
            ],
            [
                [
                    0.9880234003067017,
                    0.03701973706483841,
                    -0.14979775249958038
                ],
                [
                    -0.1542297601699829,
                    0.2067485898733139,
                    -0.9661616086959839
                ],
                [
                    -0.00479658879339695,
                    0.977693498134613,
                    0.2099819928407669
                ]
            ],
            [
                [
                    0.9796701669692993,
                    -0.09935465455055237,
                    0.17428439855575562
                ],
                [
                    0.1800353080034256,
                    0.0521317757666111,
                    -0.9822778105735779
                ],
                [
                    0.08850811421871185,
                    0.9936855435371399,
                    0.06895928829908371
                ]
            ],
            [
                [
                    0.999830424785614,
                    -0.018205294385552406,
                    0.0027740723453462124
                ],
                [
                    0.01819075457751751,
                    0.999821126461029,
                    0.005179972853511572
                ],
                [
                    -0.002867878880351782,
                    -0.005128632299602032,
                    0.9999827742576599
                ]
            ],
            [
                [
                    0.9803471565246582,
                    -0.10341119766235352,
                    0.1680046021938324
                ],
                [
                    0.05299258604645729,
                    0.9583430886268616,
                    0.2806606590747833
                ],
                [
                    -0.19002950191497803,
                    -0.2662419080734253,
                    0.9449889659881592
                ]
            ],
            [
                [
                    0.9747368097305298,
                    0.12362862378358841,
                    -0.186021625995636
                ],
                [
                    -0.0740293338894844,
                    0.9645898938179016,
                    0.25315219163894653
                ],
                [
                    0.21073143184185028,
                    -0.2329857051372528,
                    0.9493734240531921
                ]
            ],
            [
                [
                    0.9999003410339355,
                    0.00028553535230457783,
                    -0.014115111902356148
                ],
                [
                    -0.001006768667139113,
                    0.9986922144889832,
                    -0.051115985959768295
                ],
                [
                    0.01408205647021532,
                    0.05112510174512863,
                    0.9985929727554321
                ]
            ],
            [
                [
                    0.9999482035636902,
                    -0.0038995014037936926,
                    -0.009395266883075237
                ],
                [
                    0.005729186348617077,
                    0.9790787100791931,
                    0.20340152084827423
                ],
                [
                    0.008405548520386219,
                    -0.20344483852386475,
                    0.97905033826828
                ]
            ],
            [
                [
                    0.9998864531517029,
                    0.014180200174450874,
                    -0.005110010504722595
                ],
                [
                    -0.01290349941700697,
                    0.9805097579956055,
                    0.19604620337486267
                ],
                [
                    0.007790390867739916,
                    -0.1959579885005951,
                    0.9805814027786255
                ]
            ],
            [
                [
                    0.9707030057907104,
                    -0.029263727366924286,
                    -0.23849408328533173
                ],
                [
                    0.04305879399180412,
                    0.9976744055747986,
                    0.05283835530281067
                ],
                [
                    0.23639315366744995,
                    -0.061559610068798065,
                    0.9697055816650391
                ]
            ],
            [
                [
                    0.9216670989990234,
                    0.38676270842552185,
                    -0.030728833749890327
                ],
                [
                    -0.3864653408527374,
                    0.9221764802932739,
                    0.015330408699810505
                ],
                [
                    0.0342666395008564,
                    -0.002253905637189746,
                    0.999410092830658
                ]
            ],
            [
                [
                    0.9316737055778503,
                    -0.356899619102478,
                    0.06787315011024475
                ],
                [
                    0.35694795846939087,
                    0.9340493679046631,
                    0.011828305199742317
                ],
                [
                    -0.06761839240789413,
                    0.013207062147557735,
                    0.9976238012313843
                ]
            ],
            [
                [
                    0.9828172922134399,
                    -0.07227914035320282,
                    -0.16984091699123383
                ],
                [
                    0.04218440130352974,
                    0.9837453365325928,
                    -0.17454403638839722
                ],
                [
                    0.17969609797000885,
                    0.1643802523612976,
                    0.9698909521102905
                ]
            ],
            [
                [
                    0.5396812558174133,
                    0.7997114658355713,
                    -0.2630699574947357
                ],
                [
                    -0.8309564590454102,
                    0.5561613440513611,
                    -0.014000099152326584
                ],
                [
                    0.13511329889297485,
                    0.22615525126457214,
                    0.96467524766922
                ]
            ],
            [
                [
                    0.5205585956573486,
                    -0.810047447681427,
                    0.26989221572875977
                ],
                [
                    0.8470949530601501,
                    0.5295869708061218,
                    -0.04435829073190689
                ],
                [
                    -0.10699910670518875,
                    0.25171545147895813,
                    0.961868166923523
                ]
            ],
            [
                [
                    0.48606759309768677,
                    -0.3368680477142334,
                    -0.8063858151435852
                ],
                [
                    0.14747871458530426,
                    0.9411063194274902,
                    -0.3042513430118561
                ],
                [
                    0.8613873720169067,
                    0.028961963951587677,
                    0.5071221590042114
                ]
            ],
            [
                [
                    0.343828022480011,
                    0.41819489002227783,
                    0.8407707810401917
                ],
                [
                    -0.12524865567684174,
                    0.9077817797660828,
                    -0.40030622482299805
                ],
                [
                    -0.9306423664093018,
                    0.03233111649751663,
                    0.36449915170669556
                ]
            ],
            [
                [
                    0.9967997670173645,
                    -0.07960127294063568,
                    0.007341504562646151
                ],
                [
                    0.07987965643405914,
                    0.9883080720901489,
                    -0.1298709213733673
                ],
                [
                    0.003082221606746316,
                    0.13004173338413239,
                    0.9915037751197815
                ]
            ],
            [
                [
                    0.9930760264396667,
                    0.11733689904212952,
                    -0.0056501636281609535
                ],
                [
                    -0.11708284169435501,
                    0.984717845916748,
                    -0.12892800569534302
                ],
                [
                    -0.009564192034304142,
                    0.12869685888290405,
                    0.9916378259658813
                ]
            ],
            [
                [
                    0.9652349948883057,
                    0.24823403358459473,
                    -0.0818612203001976
                ],
                [
                    -0.23472248017787933,
                    0.9609749913215637,
                    0.14639830589294434
                ],
                [
                    0.11500762403011322,
                    -0.12209410965442657,
                    0.9858328104019165
                ]
            ],
            [
                [
                    0.9712399244308472,
                    -0.23181141912937164,
                    0.05437392368912697
                ],
                [
                    0.22158998250961304,
                    0.9635597467422485,
                    0.14983484148979187
                ],
                [
                    -0.08712594956159592,
                    -0.1334768533706665,
                    0.9872148036956787
                ]
            ]
        ],
        "betas": [
            -0.16585811972618103,
            -0.2229616343975067,
            0.23239222168922424,
            0.41261035203933716,
            0.145377516746521,
            0.11548615247011185,
            -0.013614863157272339,
            -0.12243258953094482,
            0.13393262028694153,
            -0.08419826626777649
        ]
    },
    "pred_cam_t": [
        0.01939338631927967,
        0.33739423751831055,
        26.195898056030273
    ],
    "focal_length": [
        5000.0,
        5000.0
    ],
    "pred_keypoints_3d": [
        [
            0.09667032957077026,
            -0.836412787437439,
            0.13878849148750305
        ],
        [
            0.018094502389431,
            -0.7372882962226868,
            -0.006515149027109146
        ],
        [
            0.19209259748458862,
            -0.6274880170822144,
            -0.02631431259214878
        ],
        [
            0.21673430502414703,
            -0.3788794279098511,
            -0.041509561240673065
        ],
        [
            0.2062436044216156,
            -0.29743635654449463,
            0.19526568055152893
        ],
        [
            -0.1646851748228073,
            -0.6474849581718445,
            0.0032088877633213997
        ],
        [
            -0.22006790339946747,
            -0.3972184658050537,
            -0.004380355589091778
        ],
        [
            -0.21184141933918,
            -0.2948143482208252,
            0.21797139942646027
        ],
        [
            -0.0019344415049999952,
            -0.22757112979888916,
            0.02888728305697441
        ],
        [
            0.06457816809415817,
            -0.1361144334077835,
            0.03723881021142006
        ],
        [
            0.07266389578580856,
            0.19434653222560883,
            0.21619664132595062
        ],
        [
            0.04718410223722458,
            0.3634970188140869,
            -0.13567431271076202
        ],
        [
            -0.07311320304870605,
            -0.13719302415847778,
            0.03718700259923935
        ],
        [
            -0.10331322997808456,
            0.20757529139518738,
            0.16101562976837158
        ],
        [
            -0.09954722970724106,
            0.3760915994644165,
            -0.19157788157463074
        ],
        [
            0.11551933735609055,
            -0.8746768236160278,
            0.09476019442081451
        ],
        [
            0.05885154753923416,
            -0.8830572366714478,
            0.12841100990772247
        ],
        [
            0.10142812877893448,
            -0.8633579015731812,
            -0.007212474942207336
        ],
        [
            -0.024294501170516014,
            -0.8820964097976685,
            0.0664072185754776
        ],
        [
            -0.09768040478229523,
            0.5370067358016968,
            -0.08120399713516235
        ],
        [
            -0.16568270325660706,
            0.5105989575386047,
            -0.12103515863418579
        ],
        [
            -0.11076725274324417,
            0.3562949001789093,
            -0.2558017671108246
        ],
        [
            0.024601392447948456,
            0.5235546827316284,
            -0.026238322257995605
        ],
        [
            0.10041551291942596,
            0.5029898881912231,
            -0.06128174066543579
        ],
        [
            0.05573778599500656,
            0.3552064299583435,
            -0.2067674994468689
        ],
        [
            0.07744390517473221,
            0.3191859722137451,
            -0.11054856330156326
        ],
        [
            0.07390964776277542,
            0.14585335552692413,
            0.20682331919670105
        ],
        [
            0.1476428210735321,
            -0.2526939809322357,
            0.006230650469660759
        ],
        [
            -0.15253762900829315,
            -0.24197566509246826,
            0.004015237092971802
        ],
        [
            -0.11469431221485138,
            0.17350976169109344,
            0.1597057580947876
        ],
        [
            -0.11167029291391373,
            0.33558040857315063,
            -0.1767556369304657
        ],
        [
            0.19121229648590088,
            -0.3296917974948883,
            0.18505653738975525
        ],
        [
            0.24533599615097046,
            -0.40491151809692383,
            -0.019468609243631363
        ],
        [
            0.1601070910692215,
            -0.6621649265289307,
            -0.026627542451024055
        ],
        [
            -0.1341201364994049,
            -0.6782347559928894,
            -0.0033577922731637955
        ],
        [
            -0.2453547865152359,
            -0.43353694677352905,
            0.025164620950818062
        ],
        [
            -0.21267689764499664,
            -0.3161916732788086,
            0.2124205082654953
        ],
        [
            0.01575392484664917,
            -0.7282207608222961,
            -0.001970603596419096
        ],
        [
            0.051404695957899094,
            -0.924859344959259,
            0.04518648236989975
        ],
        [
            -0.003105873242020607,
            -0.2474496215581894,
            0.0055415574461221695
        ],
        [
            0.013780063018202782,
            -0.6685630083084106,
            -0.011928530409932137
        ],
        [
            0.003164255991578102,
            -0.4925450086593628,
            -0.02301192842423916
        ],
        [
            0.0497780442237854,
            -0.815560519695282,
            0.07766272872686386
        ],
        [
            0.05437963083386421,
            -0.9434131383895874,
            0.03498726710677147
        ]
    ],
    "pred_vertices": [
        [
            0.054572589695453644,
            -0.9297263622283936,
            0.1349714696407318
        ],
        [
            0.06074918806552887,
            -0.9145244359970093,
            0.13710899651050568
        ],
        [
            0.04625152051448822,
            -0.9129116535186768,
            0.1353139877319336
        ],
        [
            0.03849994018673897,
            -0.925087034702301,
            0.1295766532421112
        ],
        [
            0.051500387489795685,
            -0.903118371963501,
            0.13773198425769806
        ],
        [
            0.06388919055461884,
            -0.9027981162071228,
            0.13869979977607727
        ],
        [
            0.0344964936375618,
            -0.9084476232528687,
            0.12941457331180573
        ],
        [
            0.026131942868232727,
            -0.9170224666595459,
            0.12268976867198944
        ],
        [
            0.018933940678834915,
            -0.8749377727508545,
            0.12258534133434296
        ],
        [
            0.010275792330503464,
            -0.8708624839782715,
            0.11588162183761597
        ],
        [
            0.012551657855510712,
            -0.8826323747634888,
            0.11791150271892548
        ],
        [
            0.021605219691991806,
            -0.8831343054771423,
            0.12281134724617004
        ],
        [
            0.014669591560959816,
            -0.8494150638580322,
            0.11851001530885696
        ],
        [
            0.023225005716085434,
            -0.8391861915588379,
            0.12284968048334122
        ],
        [
            0.015065867453813553,
            -0.8310489654541016,
            0.11529545485973358
        ],
        [
            0.007533915340900421,
            -0.8406847715377808,
            0.10969746112823486
        ],
        [
            0.06519728899002075,
            -0.8480513691902161,
            0.1275370717048645
        ],
        [
            0.05885530263185501,
            -0.8422385454177856,
            0.1294916272163391
        ],
        [
            0.05611284077167511,
            -0.8492426872253418,
            0.13071058690547943
        ],
        [
            0.06285730004310608,
            -0.8542022705078125,
            0.12816807627677917
        ],
        [
            0.07755985856056213,
            -0.8558180332183838,
            0.1280783712863922
        ],
        [
            0.07581591606140137,
            -0.8615317344665527,
            0.12566864490509033
        ],
        [
            0.08298012614250183,
            -0.8645732998847961,
            0.12767519056797028
        ],
        [
            0.08436493575572968,
            -0.858183741569519,
            0.13145789504051208
        ],
        [
            0.06917521357536316,
            -0.8422943353652954,
            0.12490431219339371
        ],
        [
            0.06220400333404541,
            -0.8363707065582275,
            0.12657424807548523
        ],
        [
            0.07097417861223221,
            -0.8529602289199829,
            0.12640482187271118
        ],
        [
            0.07288596034049988,
            -0.8479090929031372,
            0.12741325795650482
        ],
        [
            0.07952418178319931,
            -0.8412123918533325,
            0.13490937650203705
        ],
        [
            0.07817729562520981,
            -0.8460367321968079,
            0.13430306315422058
        ],
        [
            0.0847044289112091,
            -0.8463975191116333,
            0.13860037922859192
        ],
        [
            0.0847320631146431,
            -0.840901255607605,
            0.13746319711208344
        ],
        [
            0.07264265418052673,
            -0.841283917427063,
            0.1282031536102295
        ],
        [
            0.07391396909952164,
            -0.843999981880188,
            0.13092367351055145
        ],
        [
            0.07668431103229523,
            -0.84000563621521,
            0.13174639642238617
        ],
        [
            0.07598133385181427,
            -0.837937593460083,
            0.12823285162448883
        ],
        [
            0.07888559997081757,
            -0.8514795303344727,
            0.13030974566936493
        ],
        [
            0.08501556515693665,
            -0.8526690006256104,
            0.13487845659255981
        ],
        [
            0.09204073250293732,
            -0.8534027338027954,
            0.13918524980545044
        ],
        [
            0.09140613675117493,
            -0.8450081944465637,
            0.14258749783039093
        ],
        [
            0.043956879526376724,
            -0.8304311037063599,
            0.12863725423812866
        ],
        [
            0.05164244398474693,
            -0.8364311456680298,
            0.13031111657619476
        ],
        [
            0.055397823452949524,
            -0.8310875296592712,
            0.12786737084388733
        ],
        [
            0.04893391206860542,
            -0.8263598084449768,
            0.1274106800556183
        ],
        [
            0.07273539900779724,
            -0.8351375460624695,
            0.12583202123641968
        ],
        [
            0.06691103428602219,
            -0.8199520111083984,
            0.12763041257858276
        ],
        [
            0.06738054752349854,
            -0.8236501812934875,
            0.12805411219596863
        ],
        [
            0.07467791438102722,
            -0.8235725164413452,
            0.12859705090522766
        ],
        [
            0.07357567548751831,
            -0.8202148079872131,
            0.1283807009458542
        ],
        [
            0.03319265693426132,
            -0.8173563480377197,
            0.12267741560935974
        ],
        [
            0.0401366762816906,
            -0.8154573440551758,
            0.1240864098072052
        ],
        [
            0.03734377771615982,
            -0.8087983727455139,
            0.12177150696516037
        ],
        [
            0.029993027448654175,
            -0.8093781471252441,
            0.11885970830917358
        ],
        [
            0.03742450475692749,
            -0.8029405474662781,
            0.11952564120292664
        ],
        [
            0.02784257009625435,
            -0.8016611933708191,
            0.1150352954864502
        ],
        [
            0.03350993990898132,
            -0.7869942784309387,
            0.11048251390457153
        ],
        [
            0.03025173768401146,
            -0.7934579253196716,
            0.11258864402770996
        ],
        [
            0.040104255080223083,
            -0.7970567941665649,
            0.11798950284719467
        ],
        [
            0.045436784625053406,
            -0.7913679480552673,
            0.11835291236639023
        ],
        [
            0.06161230802536011,
            -0.7939857244491577,
            0.12054277956485748
        ],
        [
            0.06769892573356628,
            -0.7918587923049927,
            0.1203702986240387
        ],
        [
            0.060578569769859314,
            -0.7808050513267517,
            0.12032870948314667
        ],
        [
            0.053067345172166824,
            -0.7851769924163818,
            0.1196957677602768
        ],
        [
            0.06434909999370575,
            -0.814863920211792,
            0.12353121489286423
        ],
        [
            0.05964634194970131,
            -0.8156124949455261,
            0.12275435030460358
        ],
        [
            0.06075296178460121,
            -0.8168987035751343,
            0.12497466802597046
        ],
        [
            0.06608187407255173,
            -0.817280113697052,
            0.12603889405727386
        ],
        [
            0.055706992745399475,
            -0.8158756494522095,
            0.12268434464931488
        ],
        [
            0.05388879030942917,
            -0.8158165216445923,
            0.12278701364994049
        ],
        [
            0.05484379827976227,
            -0.8169775009155273,
            0.12381227314472198
        ],
        [
            0.0562606155872345,
            -0.8166206479072571,
            0.1232345923781395
        ],
        [
            0.05819369852542877,
            -0.8160111904144287,
            0.12288935482501984
        ],
        [
            0.05888238176703453,
            -0.8139841556549072,
            0.12277716398239136
        ],
        [
            0.05652473494410515,
            -0.8149678111076355,
            0.12272825837135315
        ],
        [
            0.06315923482179642,
            -0.8125988245010376,
            0.12363983690738678
        ],
        [
            0.07710056006908417,
            -0.8078910112380981,
            0.12492189556360245
        ],
        [
            0.07338719069957733,
            -0.8093222379684448,
            0.12533038854599
        ],
        [
            0.07496149837970734,
            -0.8134670853614807,
            0.12413209676742554
        ],
        [
            0.07813070714473724,
            -0.812526285648346,
            0.12375715374946594
        ],
        [
            0.05731213837862015,
            -0.8182485103607178,
            0.12469242513179779
        ],
        [
            0.05515409633517265,
            -0.820324718952179,
            0.12548035383224487
        ],
        [
            0.06047254055738449,
            -0.8222897052764893,
            0.12695947289466858
        ],
        [
            0.06075684353709221,
            -0.8195453882217407,
            0.12580309808254242
        ],
        [
            0.05300479009747505,
            -0.8224738836288452,
            0.12668508291244507
        ],
        [
            0.052731599658727646,
            -0.8184213042259216,
            0.12435212731361389
        ],
        [
            0.04962506517767906,
            -0.8192075490951538,
            0.12519051134586334
        ],
        [
            0.054057009518146515,
            -0.8140394687652588,
            0.12251153588294983
        ],
        [
            0.050760600715875626,
            -0.8127400875091553,
            0.1224183589220047
        ],
        [
            0.051170460879802704,
            -0.8153054714202881,
            0.1236213967204094
        ],
        [
            0.052164748311042786,
            -0.8093304634094238,
            0.12177476286888123
        ],
        [
            0.056385189294815063,
            -0.8118515014648438,
            0.12229400873184204
        ],
        [
            0.06044553592801094,
            -0.8095053434371948,
            0.12310226261615753
        ],
        [
            0.06586259603500366,
            -0.807148814201355,
            0.12409970909357071
        ],
        [
            0.06155359745025635,
            -0.8028541207313538,
            0.12250971049070358
        ],
        [
            0.05601099133491516,
            -0.8058872222900391,
            0.12203378975391388
        ],
        [
            0.058712396770715714,
            -0.82602858543396,
            0.12736013531684875
        ],
        [
            0.04644731432199478,
            -0.8152941465377808,
            0.12378403544425964
        ],
        [
            0.04422926902770996,
            -0.821999728679657,
            0.12560990452766418
        ],
        [
            0.04524584114551544,
            -0.8106120824813843,
            0.12262991070747375
        ],
        [
            0.046125683933496475,
            -0.8060336709022522,
            0.12119151651859283
        ],
        [
            0.04901193827390671,
            -0.8015975952148438,
            0.12053287029266357
        ],
        [
            0.055366769433021545,
            -0.7975622415542603,
            0.12061914801597595
        ],
        [
            0.05165930837392807,
            -0.7734824419021606,
            0.11103393882513046
        ],
        [
            0.04278402030467987,
            -0.7794653177261353,
            0.11122633516788483
        ],
        [
            0.06400936841964722,
            -0.8957114815711975,
            0.13502925634384155
        ],
        [
            0.05486825108528137,
            -0.8959267139434814,
            0.13667352497577667
        ],
        [
            0.0511762760579586,
            -0.888900637626648,
            0.13213008642196655
        ],
        [
            0.05003729090094566,
            -0.89182049036026,
            0.13306637108325958
        ],
        [
            0.05624169111251831,
            -0.8916813135147095,
            0.13370569050312042
        ],
        [
            0.05601811036467552,
            -0.8891748785972595,
            0.13245795667171478
        ],
        [
            0.030753538012504578,
            -0.8843163847923279,
            0.12487322092056274
        ],
        [
            0.037581831216812134,
            -0.8852599263191223,
            0.12664741277694702
        ],
        [
            0.03595675900578499,
            -0.8816320896148682,
            0.12541824579238892
        ],
        [
            0.027938246726989746,
            -0.878046989440918,
            0.12489141523838043
        ],
        [
            0.044860586524009705,
            -0.872675895690918,
            0.12819476425647736
        ],
        [
            0.039625383913517,
            -0.8746598958969116,
            0.12730057537555695
        ],
        [
            0.04531887173652649,
            -0.8806942701339722,
            0.12807855010032654
        ],
        [
            0.04916752502322197,
            -0.8792552947998047,
            0.12878409028053284
        ],
        [
            0.05333871394395828,
            -0.878155529499054,
            0.12893258035182953
        ],
        [
            0.05765784531831741,
            -0.8775416016578674,
            0.12803909182548523
        ],
        [
            0.056420378386974335,
            -0.8723008632659912,
            0.12743091583251953
        ],
        [
            0.050894126296043396,
            -0.8721154928207397,
            0.12819136679172516
        ],
        [
            0.06283359229564667,
            -0.8920177221298218,
            0.13194337487220764
        ],
        [
            0.06902435421943665,
            -0.8904452323913574,
            0.12821054458618164
        ],
        [
            0.06701944768428802,
            -0.8877308368682861,
            0.1282259225845337
        ],
        [
            0.0619933120906353,
            -0.8889636993408203,
            0.13157926499843597
        ],
        [
            0.07284058630466461,
            -0.8807308673858643,
            0.11875925213098526
        ],
        [
            0.07256725430488586,
            -0.8832401037216187,
            0.1203167662024498
        ],
        [
            0.07650546729564667,
            -0.884246289730072,
            0.11966243386268616
        ],
        [
            0.07623665034770966,
            -0.8796521425247192,
            0.1184256374835968
        ],
        [
            0.07383878529071808,
            -0.8768312931060791,
            0.11943027377128601
        ],
        [
            0.07169042527675629,
            -0.8791157007217407,
            0.11971700936555862
        ],
        [
            0.06499017775058746,
            -0.9504456520080566,
            0.13013330101966858
        ],
        [
            0.07059124112129211,
            -0.9322512149810791,
            0.1349470317363739
        ],
        [
            0.04483215883374214,
            -0.946064829826355,
            0.12578321993350983
        ],
        [
            0.029681015759706497,
            -0.9377400279045105,
            0.1199018731713295
        ],
        [
            0.016901463270187378,
            -0.9257619976997375,
            0.11462187021970749
        ],
        [
            0.024249602109193802,
            -0.822883129119873,
            0.11966509371995926
        ],
        [
            0.018670042976737022,
            -0.8145937919616699,
            0.11445452272891998
        ],
        [
            0.007251918315887451,
            -0.8234477639198303,
            0.10738975554704666
        ],
        [
            0.005155785009264946,
            -0.8134322166442871,
            0.10124318301677704
        ],
        [
            0.016478417441248894,
            -0.8045318722724915,
            0.10927137732505798
        ],
        [
            0.023764587938785553,
            -0.7853208780288696,
            0.09935497492551804
        ],
        [
            0.018183501437306404,
            -0.7941055297851562,
            0.10405890643596649
        ],
        [
            0.005342703312635422,
            -0.8035748600959778,
            0.09266543388366699
        ],
        [
            -0.005806524306535721,
            -0.8176858425140381,
            0.08300238102674484
        ],
        [
            -0.003970174118876457,
            -0.8243368864059448,
            0.09305776655673981
        ],
        [
            -0.012842066586017609,
            -0.8344446420669556,
            0.07430556416511536
        ],
        [
            -0.008483480662107468,
            -0.8104069828987122,
            0.06904768943786621
        ],
        [
            -0.014597560279071331,
            -0.8336963653564453,
            0.06474760174751282
        ],
        [
            -0.00216088630259037,
            -0.771577000617981,
            0.06320611387491226
        ],
        [
            -0.007976253516972065,
            -0.7607136964797974,
            0.05837201327085495
        ],
        [
            -0.020305341109633446,
            -0.7695335149765015,
            0.048641182482242584
        ],
        [
            -0.01606062427163124,
            -0.7806774377822876,
            0.054625943303108215
        ],
        [
            0.0003800205886363983,
            -0.8321672677993774,
            0.10135859996080399
        ],
        [
            0.009905429556965828,
            -0.8948290348052979,
            0.11129076778888702
        ],
        [
            0.018102996051311493,
            -0.8927861452102661,
            0.11986567080020905
        ],
        [
            0.004189545288681984,
            -0.8822863698005676,
            0.10898837447166443
        ],
        [
            0.0070745572447776794,
            -0.9556779861450195,
            0.09711045026779175
        ],
        [
            0.019003188237547874,
            -0.9490146636962891,
            0.10997436940670013
        ],
        [
            0.00753936730325222,
            -0.9346628785133362,
            0.1067633330821991
        ],
        [
            -0.002498641610145569,
            -0.9429210424423218,
            0.09482929110527039
        ],
        [
            0.04009163752198219,
            -0.985977053642273,
            0.09335828572511673
        ],
        [
            0.05217326432466507,
            -0.9714856147766113,
            0.11403760313987732
        ],
        [
            0.0365569032728672,
            -0.9614575505256653,
            0.11220522969961166
        ],
        [
            0.024868600070476532,
            -0.9732726812362671,
            0.09664902091026306
        ],
        [
            -0.009862080216407776,
            -0.9457504749298096,
            0.08400774002075195
        ],
        [
            -0.01947321929037571,
            -0.948643684387207,
            0.0675981342792511
        ],
        [
            -0.016809266060590744,
            -0.9647204875946045,
            0.060209617018699646
        ],
        [
            -0.0040105171501636505,
            -0.9625954031944275,
            0.07937158644199371
        ],
        [
            -0.005752444267272949,
            -0.983718752861023,
            0.04908938333392143
        ],
        [
            0.008528776466846466,
            -0.9821230173110962,
            0.07268112897872925
        ],
        [
            -0.019504953175783157,
            -0.8200975656509399,
            0.05222760885953903
        ],
        [
            -0.019265173003077507,
            -0.8391882181167603,
            0.05284355580806732
        ],
        [
            -0.010256211273372173,
            -0.7941610813140869,
            0.062292538583278656
        ],
        [
            -0.020961420610547066,
            -0.8037496209144592,
            0.04945261776447296
        ],
        [
            0.01002342626452446,
            -0.9967171549797058,
            0.036571718752384186
        ],
        [
            0.026298902928829193,
            -0.9965120553970337,
            0.0647377297282219
        ],
        [
            -0.035068612545728683,
            -0.9298291206359863,
            0.017918579280376434
        ],
        [
            -0.03177709877490997,
            -0.9471807479858398,
            0.027115143835544586
        ],
        [
            -0.031409330666065216,
            -0.9338403940200806,
            0.04352676868438721
        ],
        [
            -0.03523159399628639,
            -0.9196000099182129,
            0.03317195177078247
        ],
        [
            -0.031679317355155945,
            -0.9389809370040894,
