{
    "pred_cam": [
        1.131128191947937,
        0.04603368043899536,
        0.15625476837158203
    ],
    "pred_smpl_params": {
        "global_orient": [
            [
                [
                    0.9696325063705444,
                    0.12136908620595932,
                    -0.2123258411884308
                ],
                [
                    0.12735101580619812,
                    -0.9917491674423218,
                    0.014675556682050228
                ],
                [
                    -0.2087927907705307,
                    -0.04126980900764465,
                    -0.9770886898040771
                ]
            ]
        ],
        "body_pose": [
            [
                [
                    0.9938467741012573,
                    -0.06264712661504745,
                    0.09134609997272491
                ],
                [
                    0.05353238061070442,
                    0.993643581867218,
                    0.09902913123369217
                ],
                [
                    -0.0969693511724472,
                    -0.09352979063987732,
                    0.9908831119537354
                ]
            ],
            [
                [
                    0.9911624193191528,
                    -0.05475742742419243,
                    0.12082483619451523
                ],
                [
                    0.04025709256529808,
                    0.9920361042022705,
                    0.11934664100408554
                ],
                [
                    -0.1263977289199829,
                    -0.11342785507440567,
                    0.9854732751846313
                ]
            ],
            [
                [
                    0.996679961681366,
                    0.018193671479821205,
                    -0.07935972511768341
                ],
                [
                    -0.030342936515808105,
                    0.9874972701072693,
                    -0.1546880453824997
                ],
                [
                    0.07555317133665085,
                    0.15658248960971832,
                    0.9847707748413086
                ]
            ],
            [
                [
                    0.9977180361747742,
                    0.047590721398591995,
                    -0.04789353534579277
                ],
                [
                    -0.06546096503734589,
                    0.8555834293365479,
                    -0.5135094523429871
                ],
                [
                    0.01653863862156868,
                    0.5154728293418884,
                    0.8567463755607605
                ]
            ],
            [
                [
                    0.9849340319633484,
                    0.05261789262294769,
                    0.16473110020160675
                ],
                [
                    0.06251248717308044,
                    0.7798342108726501,
                    -0.6228570342063904
                ],
                [
                    -0.16123636066913605,
                    0.6237707734107971,
                    0.7647959589958191
                ]
            ],
            [
                [
                    0.9943803548812866,
                    -0.06690260767936707,
                    -0.08204673230648041
                ],
                [
                    0.06587941199541092,
                    0.9977130889892578,
                    -0.01511822547763586
                ],
                [
                    0.08287054300308228,
                    0.00962807610630989,
                    0.9965137839317322
                ]
            ],
            [
                [
                    0.98503577709198,
                    0.048725418746471405,
                    0.16531908512115479
                ],
                [
                    -0.061493270099163055,
                    0.9954335689544678,
                    0.07301121950149536
                ],
                [
                    -0.16100665926933289,
                    -0.08208467066287994,
                    0.9835339784622192
                ]
            ],
            [
                [
                    0.9814390540122986,
                    -0.02392006106674671,
                    -0.1902768611907959
                ],
                [
                    0.026447664946317673,
                    0.9995923638343811,
                    0.010755211114883423
                ],
                [
                    0.18994201719760895,
                    -0.015587963163852692,
                    0.9816716313362122
                ]
            ],
            [
                [
                    0.9956001043319702,
                    -0.034075234085321426,
                    -0.08728928118944168
                ],
                [
                    0.028910720720887184,
                    0.9977939128875732,
                    -0.059761714190244675
                ],
                [
                    0.0891331136226654,
                    0.056975167244672775,
                    0.9943888783454895
                ]
            ],
            [
                [
                    0.9875932931900024,
                    -0.15414965152740479,
                    -0.029954228550195694
                ],
                [
                    0.15670698881149292,
                    0.979732096195221,
                    0.12477141618728638
                ],
                [
                    0.010113650001585484,
                    -0.12791746854782104,
                    0.991733193397522
                ]
            ],
            [
                [
                    0.9937466382980347,
                    0.11109234392642975,
                    -0.011224943213164806
                ],
                [
                    -0.10748324543237686,
                    0.9789779782295227,
                    0.17334794998168945
                ],
                [
                    0.03024660050868988,
                    -0.17105746269226074,
                    0.9847966432571411
                ]
            ],
            [
                [
                    0.97599858045578,
                    -0.09419631212949753,
                    -0.19635143876075745
                ],
                [
                    0.08772215247154236,
                    0.9952830076217651,
                    -0.04143224284052849
                ],
                [
                    0.1993280053138733,
                    0.023213433101773262,
                    0.9796578884124756
                ]
            ],
            [
                [
                    0.9083260297775269,
                    0.4094999134540558,
                    -0.08516863733530045
                ],
                [
                    -0.41501978039741516,
                    0.9077083468437195,
                    -0.06183929741382599
                ],
                [
                    0.05198509991168976,
                    0.09151691198348999,
                    0.9944456815719604
                ]
            ],
            [
                [
                    0.9340872168540955,
                    -0.3481319844722748,
                    -0.07927960157394409
                ],
                [
                    0.3509761393070221,
                    0.9360540509223938,
                    0.024873975664377213
                ],
                [
                    0.0655505582690239,
                    -0.05105970799922943,
                    0.9965421557426453
                ]
            ],
            [
                [
                    0.9802852272987366,
                    -0.0895211398601532,
                    -0.1761445850133896
                ],
                [
                    0.04122088477015495,
                    0.964515745639801,
                    -0.260787695646286
                ],
                [
                    0.193240225315094,
                    0.2483854740858078,
                    0.9491906762123108
                ]
            ],
            [
                [
                    0.4585116505622864,
                    0.8308456540107727,
                    -0.3153768479824066
                ],
                [
                    -0.8813517093658447,
                    0.47063568234443665,
                    -0.04148799926042557
                ],
                [
                    0.113957479596138,
                    0.296980619430542,
                    0.9480592012405396
                ]
            ],
            [
                [
                    0.599265456199646,
                    -0.7640911936759949,
                    0.2388419657945633
                ],
                [
                    0.7846106886863708,
                    0.6198241710662842,
                    0.014286002144217491
                ],
                [
                    -0.15895582735538483,
                    0.178836852312088,
                    0.9709533452987671
                ]
            ],
            [
                [
                    0.7265780568122864,
                    -0.17613670229911804,
                    -0.6641236543655396
                ],
                [
                    -0.01059223897755146,
                    0.9635966420173645,
                    -0.267150342464447
                ],
                [
                    0.6870023608207703,
                    0.2011401206254959,
                    0.6982625126838684
                ]
            ],
            [
                [
                    -0.04963519796729088,
                    0.4315738379955292,
                    0.9007110595703125
                ],
                [
                    -0.36161696910858154,
                    0.832871675491333,
                    -0.41899627447128296
                ],
                [
                    -0.9310045838356018,
                    -0.34650933742523193,
                    0.11472467333078384
                ]
            ],
            [
                [
                    0.9989829063415527,
                    -0.03728337958455086,
                    -0.02535838820040226
                ],
                [
                    0.037303730845451355,
                    0.9993038773536682,
                    0.00032971391920000315
                ],
                [
                    0.025328444316983223,
                    -0.0012753410264849663,
                    0.9996783137321472
                ]
            ],
            [
                [
                    0.9819738864898682,
                    0.1875789761543274,
                    0.023267405107617378
                ],
                [
                    -0.18867860734462738,
                    0.9801207780838013,
                    0.06134842336177826
                ],
                [
                    -0.011297192424535751,
                    -0.06463261693716049,
                    0.9978451728820801
                ]
            ],
            [
                [
                    0.9652461409568787,
                    0.2363072782754898,
                    -0.11161872744560242
                ],
                [
                    -0.21760912239551544,
                    0.9632495641708374,
                    0.157469242811203
                ],
                [
                    0.14472781121730804,
                    -0.1277073323726654,
                    0.9811955690383911
                ]
            ],
            [
                [
                    0.9674943685531616,
                    -0.24366478621959686,
                    0.06769218295812607
                ],
                [
                    0.23495452105998993,
                    0.9650824666023254,
                    0.11581066250801086
                ],
                [
                    -0.093547523021698,
                    -0.09614156931638718,
                    0.9909619688987732
                ]
            ]
        ],
        "betas": [
            -0.04893752932548523,
            -0.083441823720932,
            0.09949600696563721,
            0.23110081255435944,
            0.038248032331466675,
            -0.003025379031896591,
            -0.008012831211090088,
            -0.03509664535522461,
            0.025320634245872498,
            -0.021415412425994873
        ]
    },
    "pred_cam_t": [
        0.04603368043899536,
        0.15625476837158203,
        34.53410339355469
    ],
    "focal_length": [
        5000.0,
        5000.0
    ],
    "pred_keypoints_3d": [
        [
            -0.08764540404081345,
            -0.7941453456878662,
            -0.148748517036438
        ],
        [
            0.04155498370528221,
            -0.732503354549408,
            -0.022564556449651718
        ],
        [
            -0.11018213629722595,
            -0.6549694538116455,
            0.09266161918640137
        ],
        [
            -0.17343956232070923,
            -0.4200788140296936,
            0.16259288787841797
        ],
        [
            -0.33607473969459534,
            -0.44459590315818787,
            -0.030527055263519287
        ],
        [
            0.19724231958389282,
            -0.6150584816932678,
            -0.08677348494529724
        ],
        [
            0.2181413620710373,
            -0.3652275800704956,
            -0.020003847777843475
        ],
        [
            0.09590138494968414,
            -0.1667398363351822,
            -0.10412485897541046
        ],
        [
            -0.0019137950148433447,
            -0.22573772072792053,
            0.028391601517796516
        ],
        [
            -0.07754074037075043,
            -0.14460298418998718,
            0.05035938322544098
        ],
        [
            -0.14889928698539734,
            0.22945299744606018,
            0.03142622485756874
        ],
        [
            -0.16481707990169525,
            0.5316289663314819,
            0.2887456715106964
        ],
        [
            0.055686045438051224,
            -0.12627585232257843,
            0.024227574467658997
        ],
        [
            0.06002340838313103,
            0.24623419344425201,
            0.0011005289852619171
        ],
        [
            0.031406253576278687,
            0.5737158060073853,
            0.2233314961194992
        ],
        [
            -0.09239532053470612,
            -0.8434877395629883,
            -0.11240018904209137
        ],
        [
            -0.05270707607269287,
            -0.8409026861190796,
            -0.16550377011299133
        ],
        [
            -0.042228177189826965,
            -0.8615560531616211,
            -0.023748967796564102
        ],
        [
            0.047320231795310974,
            -0.855415403842926,
            -0.14095944166183472
        ],
        [
            0.015311360359191895,
            0.6988856196403503,
            0.06905242800712585
        ],
        [
            0.08615893125534058,
            0.6909372806549072,
            0.11333388090133667
        ],
        [
            0.03789840266108513,
            0.5826548933982849,
            0.29267317056655884
        ],
        [
            -0.18070334196090698,
            0.6747428774833679,
            0.15320152044296265
        ],
        [
            -0.2503244876861572,
            0.6480457782745361,
            0.19928193092346191
        ],
        [
            -0.16593752801418304,
            0.5375224947929382,
            0.3616389036178589
        ],
        [
            -0.18196330964565277,
            0.4748448133468628,
            0.2832064628601074
        ],
        [
            -0.13929307460784912,
            0.16811445355415344,
            0.02501535788178444
        ],
        [
            -0.1393314152956009,
            -0.27760764956474304,
            0.06797950714826584
        ],
        [
            0.14655961096286774,
            -0.22527720034122467,
            0.0209856778383255
        ],
        [
            0.07344886660575867,
            0.2054160237312317,
            -0.0033715683966875076
        ],
        [
            0.04451701417565346,
            0.5329616069793701,
            0.23021116852760315
        ],
        [
            -0.30721327662467957,
            -0.47008317708969116,
            -0.025374017655849457
        ],
        [
            -0.2009201943874359,
            -0.4572122097015381,
            0.16179615259170532
        ],
        [
            -0.08138147741556168,
            -0.6820621490478516,
            0.06929515302181244
        ],
        [
            0.17318347096443176,
            -0.6525595188140869,
            -0.07372581213712692
        ],
        [
            0.22583161294460297,
            -0.3821253180503845,
            -0.07125679403543472
        ],
        [
            0.09898147732019424,
            -0.18719054758548737,
            -0.1141602098941803
        ],
        [
            0.04243237152695656,
            -0.7223913669586182,
            -0.024727145209908485
        ],
        [
            -0.020395049825310707,
            -0.9040578603744507,
            -0.1053883507847786
        ],
        [
            0.004414515569806099,
            -0.25128284096717834,
            0.04368195682764053
        ],
        [
            0.044040143489837646,
            -0.66535484790802,
            -0.004626055713742971
        ],
        [
            0.04354185611009598,
            -0.4927990734577179,
            0.03407265990972519
        ],
        [
            -0.02133362367749214,
            -0.7900173664093018,
            -0.10528978705406189
        ],
        [
            -0.020958976820111275,
            -0.9247117638587952,
            -0.10011611133813858
        ]
    ],
    "pred_vertices": [
        [
            -0.05521147698163986,
            -0.8843766450881958,
            -0.18596437573432922
        ],
        [
            -0.06064902991056442,
            -0.8693782091140747,
            -0.18183934688568115
        ],
        [
            -0.046428702771663666,
            -0.8683307766914368,
            -0.18465307354927063
        ],
        [
            -0.038069456815719604,
            -0.8808538317680359,
            -0.18569347262382507
        ],
        [
            -0.05106184631586075,
            -0.8581112623214722,
            -0.18259291350841522
        ],
        [
            -0.06283532083034515,
            -0.8577935695648193,
            -0.1787966787815094
        ],
        [
            -0.03289610892534256,
            -0.8652552366256714,
            -0.1825571060180664
        ],
        [
            -0.023228637874126434,
            -0.8742271661758423,
            -0.18210625648498535
        ],
        [
            -0.01371602714061737,
            -0.834235668182373,
            -0.17207354307174683
        ],
        [
            -0.0031024813652038574,
            -0.8324255347251892,
            -0.16854311525821686
        ],
        [
            -0.006615102291107178,
            -0.8436262607574463,
            -0.17245467007160187
        ],
        [
            -0.016654998064041138,
            -0.8425169587135315,
            -0.173965185880661
        ],
        [
            -0.005562186241149902,
            -0.8105663657188416,
            -0.16348275542259216
        ],
        [
            -0.01399238407611847,
            -0.7996383905410767,
            -0.16147831082344055
        ],
        [
            -0.0030349940061569214,
            -0.7937562465667725,
            -0.15548770129680634
        ],
        [
            0.005195222795009613,
            -0.8044236898422241,
            -0.1559929996728897
        ],
        [
            -0.05548020452260971,
            -0.8074504137039185,
            -0.1531856209039688
        ],
        [
            -0.04981585592031479,
            -0.8011351823806763,
            -0.1555710881948471
        ],
        [
            -0.04824616760015488,
            -0.8076160550117493,
            -0.1595434546470642
        ],
        [
            -0.05398941785097122,
            -0.8132394552230835,
            -0.15622387826442719
        ],
        [
            -0.06764596700668335,
            -0.8154205083847046,
            -0.15149971842765808
        ],
        [
            -0.06565304100513458,
            -0.8215910196304321,
            -0.1515199840068817
        ],
        [
            -0.07323332130908966,
            -0.8240010142326355,
            -0.15156660974025726
        ],
        [
            -0.07531970739364624,
            -0.8168460130691528,
            -0.152687668800354
        ],
        [
            -0.057699091732501984,
            -0.8026809692382812,
            -0.14765207469463348
        ],
        [
            -0.05138649046421051,
            -0.7962663173675537,
            -0.15021318197250366
        ],
        [
            -0.060763947665691376,
            -0.8126516342163086,
            -0.15143340826034546
        ],
        [
            -0.06246957927942276,
            -0.8078598976135254,
            -0.15040430426597595
        ],
        [
            -0.07074769586324692,
            -0.7992781400680542,
            -0.15281295776367188
        ],
        [
            -0.06964524835348129,
            -0.8041839599609375,
            -0.15417417883872986
        ],
        [
            -0.07719831168651581,
            -0.8034093379974365,
            -0.1556665152311325
        ],
        [
            -0.07635827362537384,
            -0.79841548204422,
            -0.15317746996879578
        ],
        [
            -0.061981841921806335,
            -0.8011802434921265,
            -0.14932920038700104
        ],
        [
            -0.06432955712080002,
            -0.8031474351882935,
            -0.15204356610774994
        ],
        [
            -0.0668521448969841,
            -0.7990220785140991,
            -0.1506987363100052
        ],
        [
            -0.06481112539768219,
            -0.7979557514190674,
            -0.14724554121494293
        ],
        [
            -0.06928259134292603,
            -0.810606837272644,
            -0.15177801251411438
        ],
        [
            -0.0766817256808281,
            -0.8105779886245728,
            -0.15395231544971466
        ],
        [
            -0.08472941815853119,
            -0.8101311326026917,
            -0.15532775223255157
        ],
        [
            -0.08482535928487778,
            -0.8012248277664185,
            -0.15634796023368835
        ],
        [
            -0.034608468413352966,
            -0.7896783947944641,
            -0.15708409249782562
        ],
        [
            -0.04285615682601929,
            -0.7951545119285583,
            -0.1572895348072052
        ],
        [
            -0.04500139504671097,
            -0.7906889915466309,
            -0.15245454013347626
        ],
        [
            -0.03846778720617294,
            -0.7860758304595947,
            -0.1531703770160675
        ],
        [
            -0.06069544702768326,
            -0.7958694100379944,
            -0.14556026458740234
        ],
        [
            -0.05458976328372955,
            -0.7805877923965454,
            -0.1452627182006836
        ],
        [
            -0.055523693561553955,
            -0.7840898633003235,
            -0.14646977186203003
        ],
        [
            -0.0624941810965538,
            -0.7839828729629517,
            -0.14431583881378174
        ],
        [
            -0.06110142171382904,
            -0.7807353734970093,
            -0.14361044764518738
        ],
        [
            -0.02135327458381653,
            -0.7784901857376099,
            -0.15215089917182922
        ],
        [
            -0.028209738433361053,
            -0.7762828469276428,
            -0.15050169825553894
        ],
        [
            -0.024194397032260895,
            -0.7705007791519165,
            -0.14764106273651123
        ],
        [
            -0.016382671892642975,
            -0.7719091773033142,
            -0.14770293235778809
        ],
        [
            -0.02316729724407196,
            -0.7654944658279419,
            -0.1440688967704773
        ],
        [
            -0.01258290559053421,
            -0.7655512094497681,
            -0.14305803179740906
        ],
        [
            -0.015208229422569275,
            -0.7527532577514648,
            -0.13325802981853485
        ],
        [
            -0.01330353319644928,
            -0.7583967447280884,
            -0.1378895789384842
        ],
        [
            -0.024610809981822968,
            -0.7602907419204712,
            -0.14017722010612488
        ],
        [
            -0.029262304306030273,
            -0.7548155784606934,
            -0.13693413138389587
        ],
        [
            -0.044875070452690125,
            -0.7570148706436157,
            -0.13370679318904877
        ],
        [
            -0.05031086504459381,
            -0.7551978230476379,
            -0.1306270807981491
        ],
        [
            -0.042825452983379364,
            -0.744388222694397,
            -0.13030244410037994
        ],
        [
            -0.03629764914512634,
            -0.748684287071228,
            -0.13360586762428284
        ],
        [
            -0.05034433305263519,
            -0.7764427065849304,
            -0.14088371396064758
        ],
        [
            -0.04577404260635376,
            -0.7772050499916077,
            -0.14218153059482574
        ],
        [
            -0.04766654223203659,
            -0.777861475944519,
            -0.14410969614982605
        ],
        [
            -0.05298778414726257,
            -0.7780752182006836,
            -0.14319486916065216
        ],
        [
            -0.04209728538990021,
            -0.7773051261901855,
            -0.14376075565814972
        ],
        [
            -0.04046611487865448,
            -0.7772070169448853,
            -0.14451728761196136
        ],
        [
            -0.04180384427309036,
            -0.7780691385269165,
            -0.14536982774734497
        ],
        [
            -0.042899250984191895,
            -0.7778615951538086,
            -0.14411456882953644
        ],
        [
            -0.04449702054262161,
            -0.7774403095245361,
            -0.1429266780614853
        ],
        [
            -0.04493211209774017,
            -0.775571346282959,
            -0.14195501804351807
        ],
        [
            -0.042796164751052856,
            -0.7764599323272705,
            -0.14321985840797424
        ],
        [
            -0.04906001687049866,
            -0.7740988731384277,
            -0.14075475931167603
        ],
        [
            -0.06201769411563873,
            -0.7698870301246643,
            -0.1358191817998886
        ],
        [
            -0.058884553611278534,
            -0.7706776857376099,
            -0.13777309656143188
        ],
        [
            -0.06019376218318939,
            -0.7751920223236084,
            -0.13707341253757477
        ],
        [
            -0.0628955140709877,
            -0.7747689485549927,
            -0.1355152279138565
        ],
        [
            -0.04454521834850311,
            -0.7793929576873779,
            -0.14565402269363403
        ],
        [
            -0.04303547739982605,
            -0.7808641195297241,
            -0.14762307703495026
        ],
        [
            -0.04862198978662491,
            -0.782537579536438,
            -0.14748230576515198
        ],
        [
            -0.0482533797621727,
            -0.7802132368087769,
            -0.1455722600221634
        ],
        [
            -0.04165402054786682,
            -0.7826054692268372,
            -0.14996279776096344
        ],
        [
            -0.0401902049779892,
            -0.77931809425354,
            -0.14699223637580872
        ],
        [
            -0.037722520530223846,
            -0.7800182104110718,
            -0.14933210611343384
        ],
        [
            -0.04035849869251251,
            -0.7755593061447144,
            -0.1437225192785263
        ],
        [
            -0.037170156836509705,
            -0.7742717266082764,
            -0.144518181681633
        ],
        [
            -0.03820455074310303,
            -0.7764153480529785,
            -0.1461697816848755
        ],
        [
            -0.03792409598827362,
            -0.7711811065673828,
            -0.14250576496124268
        ],
        [
            -0.04222428798675537,
            -0.7736039161682129,
            -0.14198684692382812
        ],
        [
            -0.04605480283498764,
            -0.7711977958679199,
            -0.14056533575057983
        ],
        [
            -0.05121518671512604,
            -0.7687307596206665,
            -0.1388758420944214
        ],
        [
            -0.04626946896314621,
            -0.764980673789978,
            -0.13782715797424316
        ],
        [
            -0.041258230805397034,
            -0.7679508328437805,
            -0.14025065302848816
        ],
        [
            -0.04747021943330765,
            -0.7863465547561646,
            -0.14961770176887512
        ],
        [
            -0.033927418291568756,
            -0.7762295007705688,
            -0.14806056022644043
        ],
        [
            -0.03316532075405121,
            -0.7821580171585083,
            -0.15218523144721985
        ],
        [
            -0.03196612745523453,
            -0.7720249891281128,
            -0.14617431163787842
        ],
        [
            -0.03183794766664505,
            -0.7680425643920898,
            -0.1433325856924057
        ],
        [
            -0.03418676555156708,
            -0.7640994191169739,
            -0.14032357931137085
        ],
        [
            -0.039439886808395386,
            -0.7602511644363403,
            -0.13700813055038452
        ],
        [
            -0.0307009220123291,
            -0.739639163017273,
            -0.12338477373123169
        ],
        [
            -0.023424826562404633,
            -0.7452620267868042,
            -0.12855461239814758
        ],
        [
            -0.060739025473594666,
            -0.8517266511917114,
            -0.17341455817222595
        ],
        [
            -0.052855491638183594,
            -0.8514201641082764,
            -0.17840665578842163
        ],
        [
            -0.04739408195018768,
            -0.8457187414169312,
            -0.1736716628074646
        ],
        [
            -0.046911776065826416,
            -0.8479011654853821,
            -0.1754397600889206
        ],
        [
            -0.05279100686311722,
            -0.8482773303985596,
            -0.17396026849746704
        ],
        [
            -0.05201413482427597,
            -0.8459147810935974,
            -0.17228831350803375
        ],
        [
            -0.025750719010829926,
            -0.8428428173065186,
            -0.17317290604114532
        ],
        [
            -0.03272099792957306,
            -0.8434122800827026,
            -0.17258504033088684
        ],
        [
            -0.030490927398204803,
            -0.8402070999145508,
            -0.1712348759174347
        ],
        [
            -0.022680960595607758,
            -0.8367176055908203,
            -0.17257699370384216
        ],
        [
            -0.03883221745491028,
            -0.8311207294464111,
            -0.16780264675617218
        ],
        [
            -0.03389529138803482,
            -0.8331693410873413,
            -0.16955041885375977
        ],
        [
            -0.03996749967336655,
            -0.8387355804443359,
            -0.169798344373703
        ],
        [
            -0.043585389852523804,
            -0.8372512459754944,
            -0.16863206028938293
        ],
        [
            -0.047327421605587006,
            -0.8363226652145386,
            -0.16680073738098145
        ],
        [
            -0.05095738172531128,
            -0.8360990881919861,
            -0.1644202619791031
        ],
        [
            -0.04916679114103317,
            -0.8312736749649048,
            -0.16287072002887726
        ],
        [
            -0.04430793225765228,
            -0.8307409286499023,
            -0.1654360145330429
        ],
        [
            -0.058340802788734436,
            -0.8491500616073608,
            -0.16981683671474457
        ],
        [
            -0.06269702315330505,
            -0.8488438129425049,
            -0.16406221687793732
        ],
        [
            -0.06058824062347412,
            -0.8461074829101562,
            -0.16386225819587708
        ],
        [
            -0.05725603550672531,
            -0.8461179733276367,
            -0.1690337359905243
        ],
        [
            -0.06193004548549652,
            -0.8421660661697388,
            -0.15143540501594543
        ],
        [
            -0.0624750480055809,
            -0.8440995216369629,
            -0.1535976231098175
        ],
        [
            -0.06597993522882462,
            -0.8452088832855225,
            -0.15189722180366516
        ],
        [
            -0.06487374752759933,
            -0.8412555456161499,
            -0.14972606301307678
        ],
        [
            -0.0627574548125267,
            -0.8382463455200195,
            -0.150731161236763
        ],
        [
            -0.0610426589846611,
            -0.8403579592704773,
            -0.15224435925483704
        ],
        [
            -0.06481610983610153,
            -0.9055835604667664,
            -0.18332445621490479
        ],
        [
            -0.07029544562101364,
            -0.8876429200172424,
            -0.18072263896465302
        ],
        [
            -0.044236958026885986,
            -0.9025853872299194,
            -0.18587273359298706
        ],
        [
            -0.02734053134918213,
            -0.895793080329895,
            -0.1836579293012619
        ],
        [
            -0.01261015236377716,
            -0.8850148916244507,
            -0.1803445667028427
        ],
        [
            -0.012472964823246002,
            -0.7847039699554443,
            -0.1539587676525116
        ],
        [
            -0.004742920398712158,
            -0.7780756950378418,
            -0.14904463291168213
        ],
        [
            0.007451392710208893,
            -0.788560688495636,
            -0.14914268255233765
        ],
        [
            0.012560807168483734,
            -0.7805150747299194,
            -0.14175860583782196
        ],
        [
            -0.00023955106735229492,
            -0.7698837518692017,
            -0.14252088963985443
        ],
        [
            -0.0022251904010772705,
            -0.7540430426597595,
            -0.12671169638633728
        ],
        [
            0.0007993429899215698,
            -0.7612581253051758,
            -0.13487884402275085
        ],
        [
            0.016159266233444214,
            -0.7732906341552734,
            -0.1317867487668991
        ],
        [
            0.02895955741405487,
            -0.789283275604248,
            -0.13069787621498108
        ],
        [
            0.02305886149406433,
            -0.7932882308959961,
            -0.14115038514137268
        ],
        [
            0.03727356344461441,
            -0.8076431751251221,
            -0.1298018842935562
        ],
        [
            0.03698893263936043,
            -0.7856334447860718,
            -0.11758464574813843
        ],
        [
            0.04225115478038788,
            -0.8094727396965027,
            -0.12144064903259277
        ],
        [
            0.03386187553405762,
            -0.750426173210144,
            -0.1018507331609726
        ],
        [
            0.04068952798843384,
            -0.7409515380859375,
            -0.09743331372737885
        ],
        [
            0.055601462721824646,
            -0.7507955431938171,
            -0.0944300964474678
        ],
        [
            0.04972730949521065,
            -0.760400652885437,
            -0.10079697519540787
        ],
        [
            0.015519112348556519,
            -0.7983801364898682,
            -0.14886698126792908
        ],
        [
            -0.0020957589149475098,
            -0.8555543422698975,
            -0.17159684002399445
        ],
        [
            -0.012971572577953339,
            -0.8522003889083862,
            -0.17534679174423218
        ],
        [
            0.0048623234033584595,
            -0.8448241949081421,
            -0.16824547946453094
        ],
        [
            0.0002360120415687561,
            -0.9181866645812988,
            -0.1757427603006363
        ],
        [
            -0.014924876391887665,
            -0.908290684223175,
            -0.18145011365413666
        ],
        [
            -0.002083919942378998,
            -0.8956327438354492,
            -0.1791624277830124
        ],
        [
            0.010623298585414886,
            -0.9066342711448669,
            -0.1741211861371994
        ],
        [
            -0.031703777611255646,
            -0.9493001699447632,
            -0.16889192163944244
        ],
        [
            -0.04925902187824249,
            -0.9297053217887878,
            -0.17951452732086182
        ],
        [
            -0.033048734068870544,
            -0.9207363128662109,
            -0.18116043508052826
        ],
        [
            -0.017676949501037598,
            -0.9359086751937866,
            -0.17425985634326935
        ],
        [
            0.021182358264923096,
            -0.9122053980827332,
            -0.16771337389945984
        ],
        [
            0.035430677235126495,
            -0.919374942779541,
            -0.15762977302074432
        ],
        [
            0.03380163758993149,
            -0.9368579387664795,
            -0.15434783697128296
        ],
        [
            0.016066722571849823,
            -0.9297019243240356,
            -0.1662861704826355
        ],
        [
            0.026363492012023926,
            -0.9587987661361694,
            -0.14574399590492249
        ],
        [
            0.004986360669136047,
            -0.9505216479301453,
            -0.16090315580368042
        ],
        [
            0.0523463636636734,
            -0.7990821003913879,
            -0.10887089371681213
        ],
        [
            0.05078788101673126,
            -0.8172870874404907,
            -0.11443756520748138
        ],
        [
            0.04153218865394592,
            -0.771548867225647,
            -0.10843835771083832
        ],
        [
            0.055508166551589966,
            -0.7836048007011414,
            -0.10264447331428528
        ],
        [
            0.015057623386383057,
            -0.975310742855072,
            -0.1322704702615738
        ],
        [
            -0.009970411658287048,
            -0.9670082330703735,
            -0.15112894773483276
        ],
        [
            0.06876663863658905,
            -0.9153493642807007,
            -0.11409793049097061
        ],
        [
            0.061096154153347015,
            -0.9293949604034424,
            -0.12565100193023682
        ],
        [
            0.05620527267456055,
