{
    "pred_cam": [
        1.1317201852798462,
        0.036440543830394745,
        0.15975794196128845
    ],
    "pred_smpl_params": {
        "global_orient": [
            [
                [
                    0.9721046686172485,
                    0.1108178123831749,
                    -0.20671692490577698
                ],
                [
                    0.11621318012475967,
                    -0.9931241869926453,
                    0.014104028232395649
                ],
                [
                    -0.20373257994651794,
                    -0.03773382678627968,
                    -0.9782991409301758
                ]
            ]
        ],
        "body_pose": [
            [
                [
                    0.9930504560470581,
                    -0.06785504519939423,
                    0.09615862369537354
                ],
                [
                    0.058949876576662064,
                    0.9939563870429993,
                    0.09260489791631699
                ],
                [
                    -0.10186118632555008,
                    -0.0862928032875061,
                    0.9910488724708557
                ]
            ],
            [
                [
                    0.9919122457504272,
                    -0.05087194964289665,
                    0.1162850633263588
                ],
                [
                    0.03716016188263893,
                    0.9924150705337524,
                    0.1171814426779747
                ],
                [
                    -0.1213642954826355,
                    -0.11191252619028091,
                    0.9862790703773499
                ]
            ],
            [
                [
                    0.9966632127761841,
                    0.016017744317650795,
                    -0.08003634214401245
                ],
                [
                    -0.027323545888066292,
                    0.9894565343856812,
                    -0.14222931861877441
                ],
                [
                    0.07691428810358047,
                    0.14394162595272064,
                    0.9865925908088684
                ]
            ],
            [
                [
                    0.9972959160804749,
                    0.05429210513830185,
                    -0.049530647695064545
                ],
                [
                    -0.07211943715810776,
                    0.8526113629341125,
                    -0.5175448656082153
                ],
                [
                    0.014131779782474041,
                    0.5197174549102783,
                    0.8542213439941406
                ]
            ],
            [
                [
                    0.9850543737411499,
                    0.05249377340078354,
                    0.1640499085187912
                ],
                [
                    0.06326677650213242,
                    0.775582492351532,
                    -0.6280677318572998
                ],
                [
                    -0.16020388901233673,
                    0.6290597319602966,
                    0.7606698274612427
                ]
            ],
            [
                [
                    0.9946502447128296,
                    -0.06304797530174255,
                    -0.08182775974273682
                ],
                [
                    0.06314387172460556,
                    0.9980034232139587,
                    -0.0014179827412590384
                ],
                [
                    0.08175378292798996,
                    -0.003756524296477437,
                    0.996645450592041
                ]
            ],
            [
                [
                    0.9840853810310364,
                    0.04929206147789955,
                    0.17072288691997528
                ],
                [
                    -0.0633622333407402,
                    0.9949402213096619,
                    0.07796946167945862
                ],
                [
                    -0.16601578891277313,
                    -0.0875459834933281,
                    0.9822294116020203
                ]
            ],
            [
                [
                    0.9817085266113281,
                    -0.02489480748772621,
                    -0.18875499069690704
                ],
                [
                    0.028504425659775734,
                    0.9994585514068604,
                    0.016432303935289383
                ],
                [
                    0.18824373185634613,
                    -0.02151208370923996,
                    0.9818865656852722
                ]
            ],
            [
                [
                    0.9958305358886719,
                    -0.03105807863175869,
                    -0.08577299118041992
                ],
                [
                    0.024956082925200462,
                    0.9971413016319275,
                    -0.07131925970315933
                ],
                [
                    0.08774282783269882,
                    0.0688813328742981,
                    0.9937588572502136
                ]
            ],
            [
                [
                    0.9869265556335449,
                    -0.158653125166893,
                    -0.028375951573252678
                ],
                [
                    0.16103340685367584,
                    0.9779489040374756,
                    0.13298146426677704
                ],
                [
                    0.006652308627963066,
                    -0.1358124017715454,
                    0.9907122254371643
                ]
            ],
            [
                [
                    0.9931540489196777,
                    0.11641120165586472,
                    -0.009664076380431652
                ],
                [
                    -0.11286464333534241,
                    0.9776309132575989,
                    0.1774807572364807
                ],
                [
                    0.03010864555835724,
                    -0.1751750260591507,
                    0.9840767979621887
                ]
            ],
            [
                [
                    0.9779632091522217,
                    -0.0763196349143982,
                    -0.19432777166366577
                ],
                [
                    0.06793873012065887,
                    0.9964636564254761,
                    -0.04944303259253502
                ],
                [
                    0.19741401076316833,
                    0.03515108674764633,
                    0.9796898365020752
                ]
            ],
            [
                [
                    0.9174453020095825,
                    0.39556393027305603,
                    -0.042698170989751816
                ],
                [
                    -0.3977566063404083,
                    0.9143727421760559,
                    -0.07557878643274307
                ],
                [
                    0.009145800024271011,
                    0.08632289618253708,
                    0.9962251782417297
                ]
            ],
            [
                [
                    0.9353243112564087,
                    -0.3377179503440857,
                    -0.10542767494916916
                ],
                [
                    0.3414904773235321,
                    0.9396827816963196,
                    0.01950717903673649
                ],
                [
                    0.09248064458370209,
                    -0.054248083382844925,
                    0.994235634803772
                ]
            ],
            [
                [
                    0.9796832799911499,
                    -0.0781223475933075,
                    -0.18470926582813263
                ],
                [
                    0.02944190986454487,
                    0.9670557379722595,
                    -0.25285637378692627
                ],
                [
                    0.19837789237499237,
                    0.2422809898853302,
                    0.9497084021568298
                ]
            ],
            [
                [
                    0.44828328490257263,
                    0.844829797744751,
                    -0.29206955432891846
                ],
                [
                    -0.8884062767028809,
                    0.45722049474716187,
                    -0.041032034903764725
                ],
                [
                    0.09887509793043137,
                    0.27787041664123535,
                    0.9555163979530334
                ]
            ],
            [
                [
                    0.5832180380821228,
                    -0.7775657176971436,
                    0.2350495159626007
                ],
                [
                    0.7972056865692139,
                    0.6034349203109741,
                    0.018147556111216545
                ],
                [
                    -0.15594801306724548,
                    0.17679883539676666,
                    0.9718139171600342
                ]
            ],
            [
                [
                    0.7166836261749268,
                    -0.2011072039604187,
                    -0.6677727699279785
                ],
                [
                    0.0319877527654171,
                    0.9659913778305054,
                    -0.256588339805603
                ],
                [
                    0.6966643929481506,
                    0.16253210604190826,
                    0.6987431645393372
                ]
            ],
            [
                [
                    -0.06513703614473343,
                    0.43441537022590637,
                    0.8983542919158936
                ],
                [
                    -0.37043997645378113,
                    0.8254077434539795,
                    -0.42600029706954956
                ],
                [
                    -0.9265697002410889,
                    -0.3605347275733948,
                    0.10716021060943604
                ]
            ],
            [
                [
                    0.9991142749786377,
                    -0.03742840513586998,
                    -0.01923155039548874
                ],
                [
                    0.037614163011312485,
                    0.999248206615448,
                    0.009389846585690975
                ],
                [
                    0.018865644931793213,
                    -0.010104907676577568,
                    0.999770998954773
                ]
            ],
            [
                [
                    0.9827980399131775,
                    0.18386009335517883,
                    0.017420221120119095
                ],
                [
                    -0.184644415974617,
                    0.980149507522583,
                    0.07220397889614105
                ],
                [
                    -0.00379899051040411,
                    -0.07417847961187363,
                    0.9972377419471741
                ]
            ],
            [
                [
                    0.9649613499641418,
                    0.23842716217041016,
                    -0.10955370962619781
                ],
                [
                    -0.2202189862728119,
                    0.9629094004631042,
                    0.15591377019882202
                ],
                [
                    0.14266437292099,
                    -0.12632496654987335,
                    0.9816765189170837
                ]
            ],
            [
                [
                    0.9671346545219421,
                    -0.2454858273267746,
                    0.06623616814613342
                ],
                [
                    0.23730678856372833,
                    0.9650091528892517,
                    0.11154710501432419
                ],
                [
                    -0.09130174666643143,
                    -0.09216278046369553,
                    0.9915492534637451
                ]
            ]
        ],
        "betas": [
            -0.056751787662506104,
            -0.05497446656227112,
            0.16557511687278748,
            0.2732824981212616,
            0.03350353240966797,
            0.010025028139352798,
            -0.0020304620265960693,
            -0.050971806049346924,
            0.03682027757167816,
            -0.03610953688621521
        ]
    },
    "pred_cam_t": [
        0.036440543830394745,
        0.15975794196128845,
        34.51604080200195
    ],
    "focal_length": [
        5000.0,
        5000.0
    ],
    "pred_keypoints_3d": [
        [
            -0.0887676477432251,
            -0.798573911190033,
            -0.14412614703178406
        ],
        [
            0.03824007883667946,
            -0.7355523109436035,
            -0.015748662874102592
        ],
        [
            -0.11238539218902588,
            -0.6569274067878723,
            0.09853268414735794
        ],
        [
            -0.17144128680229187,
            -0.42068883776664734,
            0.16630792617797852
        ],
        [
            -0.33855926990509033,
            -0.45049726963043213,
            -0.02178804576396942
        ],
        [
            0.1967054307460785,
            -0.6224247813224792,
            -0.07690741121768951
        ],
        [
            0.2222292125225067,
            -0.37407737970352173,
            -0.007503338158130646
        ],
        [
            0.11925830692052841,
            -0.17255501449108124,
            -0.10777157545089722
        ],
        [
            -0.001939596375450492,
            -0.22627538442611694,
            0.028194807469844818
        ],
        [
            -0.07667244970798492,
            -0.14419779181480408,
            0.049589842557907104
        ],
        [
            -0.1451040506362915,
            0.23020333051681519,
            0.030136294662952423
        ],
        [
            -0.15835441648960114,
            0.5307623147964478,
            0.288921982049942
        ],
        [
            0.05666809156537056,
            -0.1274040937423706,
            0.02420623227953911
        ],
        [
            0.06762947887182236,
            0.24482247233390808,
            0.002323586493730545
        ],
        [
            0.04010353237390518,
            0.5702244639396667,
            0.22708283364772797
        ],
        [
            -0.0930514931678772,
            -0.8482928276062012,
            -0.10819372534751892
        ],
        [
            -0.05273686349391937,
            -0.8445430397987366,
            -0.16072919964790344
        ],
        [
            -0.04370927810668945,
            -0.8659629225730896,
            -0.019023030996322632
        ],
        [
            0.04716561734676361,
            -0.8573422431945801,
            -0.1349591612815857
        ],
        [
            0.028435349464416504,
            0.6960055828094482,
            0.07298928499221802
        ],
        [
            0.09815633296966553,
            0.6868695020675659,
            0.11869223415851593
        ],
        [
            0.045633960515260696,
            0.5789687633514404,
            0.2966901361942291
        ],
        [
            -0.17265917360782623,
            0.6737449169158936,
            0.1533203423023224
        ],
        [
            -0.2424873411655426,
            0.6477242708206177,
            0.19939929246902466
        ],
        [
            -0.15969912707805634,
            0.5367633104324341,
            0.36192312836647034
        ],
        [
            -0.1759098470211029,
            0.4743092954158783,
            0.2833132743835449
        ],
        [
            -0.13614971935749054,
            0.16906201839447021,
            0.023682907223701477
        ],
        [
            -0.1398635059595108,
            -0.2764361500740051,
            0.06694471836090088
        ],
        [
            0.14614525437355042,
            -0.22744284570217133,
            0.021456534042954445
        ],
        [
            0.08048739284276962,
            0.204079732298851,
            -0.0022595818154513836
        ],
        [
            0.0525803416967392,
            0.5294364094734192,
            0.23399493098258972
        ],
        [
            -0.30966466665267944,
            -0.4759453237056732,
            -0.01657208427786827
        ],
        [
            -0.19918815791606903,
            -0.45773178339004517,
            0.16681282222270966
        ],
        [
            -0.08382277190685272,
            -0.6839476227760315,
            0.07492071390151978
        ],
        [
            0.17114020884037018,
            -0.6586817502975464,
            -0.06423518806695938
        ],
        [
            0.23354613780975342,
            -0.3918028473854065,
            -0.058325670659542084
        ],
        [
            0.12246046960353851,
            -0.19341112673282623,
            -0.11695361137390137
        ],
        [
            0.0397522896528244,
            -0.7262681722640991,
            -0.01726415380835533
        ],
        [
            -0.019904322922229767,
            -0.9074892401695251,
            -0.1006600633263588
        ],
        [
            0.003927822224795818,
            -0.2517755329608917,
            0.04339476302266121
        ],
        [
            0.04173079878091812,
            -0.6693814396858215,
            0.002745093312114477
        ],
        [
            0.040937818586826324,
            -0.49488335847854614,
            0.036530397832393646
        ],
        [
            -0.023038797080516815,
            -0.7935084104537964,
            -0.09980886429548264
        ],
        [
            -0.020136982202529907,
            -0.9282078146934509,
            -0.0955532044172287
        ]
    ],
    "pred_vertices": [
        [
            -0.05411933362483978,
            -0.887954831123352,
            -0.18156737089157104
        ],
        [
            -0.05989863723516464,
            -0.8730636835098267,
            -0.1773759424686432
        ],
        [
            -0.045674972236156464,
            -0.8717139363288879,
            -0.18001556396484375
        ],
        [
            -0.03707631677389145,
            -0.884049117565155,
            -0.18108339607715607
        ],
        [
            -0.0505252331495285,
            -0.8616216778755188,
            -0.17789873480796814
        ],
        [
            -0.062342844903469086,
            -0.8615352511405945,
            -0.17428487539291382
        ],
        [
            -0.03222852945327759,
            -0.8684148192405701,
            -0.17771482467651367
        ],
        [
            -0.022404268383979797,
            -0.8771675825119019,
            -0.17723119258880615
        ],
        [
            -0.013818472623825073,
            -0.8371371030807495,
            -0.16670578718185425
        ],
        [
            -0.003264792263507843,
            -0.8351200819015503,
            -0.1630258709192276
        ],
        [
            -0.006491556763648987,
            -0.8463685512542725,
            -0.16708017885684967
        ],
        [
            -0.01654604822397232,
            -0.8454567790031433,
            -0.1687106490135193
        ],
        [
            -0.0062319934368133545,
            -0.8133876323699951,
            -0.1578703373670578
        ],
        [
            -0.0148698091506958,
            -0.8026204109191895,
            -0.1559062898159027
        ],
        [
            -0.004113249480724335,
            -0.7965875267982483,
            -0.14973431825637817
        ],
        [
            0.004299275577068329,
            -0.8070967197418213,
            -0.15019899606704712
        ],
        [
            -0.05630222707986832,
            -0.8112577199935913,
            -0.14817509055137634
        ],
        [
            -0.050722405314445496,
            -0.8048282861709595,
            -0.1504460573196411
        ],
        [
            -0.04898643493652344,
            -0.8112452626228333,
            -0.15444707870483398
        ],
        [
            -0.0546635165810585,
            -0.8169913291931152,
            -0.15123297274112701
        ],
        [
            -0.06833312660455704,
            -0.8194566965103149,
            -0.14671161770820618
        ],
        [
            -0.06622198969125748,
            -0.8255864977836609,
            -0.14674112200737
        ],
        [
            -0.07375398278236389,
            -0.8281394243240356,
            -0.14691463112831116
        ],
        [
            -0.07596217095851898,
            -0.8210164308547974,
            -0.14802119135856628
        ],
        [
            -0.058677658438682556,
            -0.8065804243087769,
            -0.14262741804122925
        ],
        [
            -0.052445948123931885,
            -0.8000344634056091,
            -0.1450660228729248
        ],
        [
            -0.061517976224422455,
            -0.8165643215179443,
            -0.14652729034423828
        ],
        [
            -0.06331152468919754,
            -0.8118177652359009,
            -0.14548885822296143
        ],
        [
            -0.07171589136123657,
            -0.8033615946769714,
            -0.14797064661979675
        ],
        [
            -0.07050856202840805,
            -0.8082326650619507,
            -0.14933571219444275
        ],
        [
            -0.07805093377828598,
            -0.8075926303863525,
            -0.15094447135925293
        ],
        [
            -0.07733704894781113,
            -0.802603006362915,
            -0.14841151237487793
        ],
        [
            -0.062954381108284,
            -0.8051320314407349,
            -0.1443716287612915
        ],
        [
            -0.06523831933736801,
            -0.8071149587631226,
            -0.1471363604068756
        ],
        [
            -0.06784885376691818,
            -0.8030441999435425,
            -0.14580413699150085
        ],
        [
            -0.06586714833974838,
            -0.8019697666168213,
            -0.14231258630752563
        ],
        [
            -0.07005469501018524,
            -0.8146687746047974,
            -0.14698205888271332
        ],
        [
            -0.07742268592119217,
            -0.8147625923156738,
            -0.14926554262638092
        ],
        [
            -0.08545393496751785,
            -0.814461350440979,
            -0.15076079964637756
        ],
        [
            -0.08570010215044022,
            -0.8055511116981506,
            -0.1517294943332672
        ],
        [
            -0.03570665419101715,
            -0.7930910587310791,
            -0.15169532597064972
        ],
        [
            -0.043852292001247406,
            -0.7987096309661865,
            -0.15204957127571106
        ],
        [
            -0.046135999262332916,
            -0.7943291664123535,
            -0.1471954584121704
        ],
        [
            -0.03967961668968201,
            -0.7895925045013428,
            -0.1478029489517212
        ],
        [
            -0.061811402440071106,
            -0.7998367547988892,
            -0.14054584503173828
        ],
        [
            -0.055982910096645355,
            -0.7844662666320801,
            -0.14006438851356506
        ],
        [
            -0.05683828890323639,
            -0.7879701852798462,
            -0.14129941165447235
        ],
        [
            -0.06383585929870605,
            -0.7880038022994995,
            -0.13924431800842285
        ],
        [
            -0.06251084059476852,
            -0.7847422361373901,
            -0.13850249350070953
        ],
        [
            -0.02273544669151306,
            -0.781705379486084,
            -0.14651626348495483
        ],
        [
            -0.029646895825862885,
            -0.7796384692192078,
            -0.14493732154369354
        ],
        [
            -0.02577720582485199,
            -0.7738184928894043,
            -0.14198118448257446
        ],
        [
            -0.017946548759937286,
            -0.7750887274742126,
            -0.14195063710212708
        ],
        [
            -0.024887926876544952,
            -0.7688415050506592,
            -0.13835163414478302
        ],
        [
            -0.014307014644145966,
            -0.7687185406684875,
            -0.13721208274364471
        ],
        [
            -0.01725248247385025,
            -0.7560517191886902,
            -0.12737198173999786
        ],
        [
            -0.01520569622516632,
            -0.7616305351257324,
            -0.13200348615646362
        ],
        [
            -0.026468008756637573,
            -0.7637069225311279,
            -0.1344376504421234
        ],
        [
            -0.031253963708877563,
            -0.7583457231521606,
            -0.1312171220779419
        ],
        [
            -0.04685857146978378,
            -0.760837197303772,
            -0.1282324194908142
        ],
        [
            -0.05236668884754181,
            -0.7591323852539062,
            -0.12521913647651672
        ],
        [
            -0.045086488127708435,
            -0.748192548751831,
            -0.12474173307418823
        ],
        [
            -0.03844472020864487,
            -0.7523641586303711,
            -0.12795390188694
        ],
        [
            -0.05187881737947464,
            -0.7802838087081909,
            -0.13559532165527344
        ],
        [
            -0.04727785289287567,
            -0.7809563875198364,
            -0.13683344423770905
        ],
        [
            -0.04913617670536041,
            -0.7816294431686401,
            -0.13879400491714478
        ],
        [
            -0.05446380376815796,
            -0.7819435000419617,
            -0.1379554569721222
        ],
        [
            -0.04358018934726715,
            -0.7809853553771973,
            -0.13836050033569336
        ],
        [
            -0.0419449582695961,
            -0.7808496952056885,
            -0.13909637928009033
        ],
        [
            -0.04325425624847412,
            -0.7817257642745972,
            -0.13997527956962585
        ],
        [
            -0.044369377195835114,
            -0.7815490961074829,
            -0.13873820006847382
        ],
        [
            -0.045985639095306396,
            -0.7811663746833801,
            -0.13756564259529114
        ],
        [
            -0.04646727442741394,
            -0.7793151140213013,
            -0.13658542931079865
        ],
        [
            -0.0443003848195076,
            -0.7801588773727417,
            -0.13781842589378357
        ],
        [
            -0.050637006759643555,
            -0.7779237627983093,
            -0.13543608784675598
        ],
        [
            -0.06372470408678055,
            -0.7739800214767456,
            -0.1306515336036682
        ],
        [
            -0.06056436896324158,
            -0.7746994495391846,
            -0.13256511092185974
        ],
        [
            -0.06179897487163544,
            -0.779240608215332,
            -0.1319165825843811
        ],
        [
            -0.06451550126075745,
            -0.7788788676261902,
            -0.13039690256118774
        ],
        [
            -0.04595816880464554,
            -0.7830926775932312,
            -0.14031699299812317
        ],
        [
            -0.04440806806087494,
            -0.7845197916030884,
            -0.1422647386789322
        ],
        [
            -0.04996419697999954,
            -0.7862902283668518,
            -0.14221075177192688
        ],
        [
            -0.0496613085269928,
            -0.7839781045913696,
            -0.1402786672115326
        ],
        [
            -0.04296809434890747,
            -0.7862127423286438,
            -0.14460459351539612
        ],
        [
            -0.04159892350435257,
            -0.7829314470291138,
            -0.14158877730369568
        ],
        [
            -0.03908519446849823,
            -0.7835630178451538,
            -0.1439078152179718
        ],
        [
            -0.04187452793121338,
            -0.7792126536369324,
            -0.13828343152999878
        ],
        [
            -0.03870314359664917,
            -0.7778615951538086,
            -0.13903333246707916
        ],
        [
            -0.03967680037021637,
            -0.7800048589706421,
            -0.14071625471115112
        ],
        [
            -0.03953734040260315,
            -0.7748087644577026,
            -0.13700102269649506
        ],
        [
            -0.04379627853631973,
            -0.7773053646087646,
            -0.13656079769134521
        ],
        [
            -0.04768998920917511,
            -0.7749789953231812,
            -0.13517683744430542
        ],
        [
            -0.05291621387004852,
            -0.7726114988327026,
            -0.13355374336242676
        ],
        [
            -0.04805409163236618,
            -0.7687866687774658,
            -0.13241469860076904
        ],
        [
            -0.04295869171619415,
            -0.7716540098190308,
            -0.13477861881256104
        ],
        [
            -0.04870704561471939,
            -0.7900601625442505,
            -0.14435814321041107
        ],
        [
            -0.035386309027671814,
            -0.7797168493270874,
            -0.14256156980991364
        ],
        [
            -0.03446798771619797,
            -0.7855817675590515,
            -0.14672838151454926
        ],
        [
            -0.033528394997119904,
            -0.7754999399185181,
            -0.1406194269657135
        ],
        [
            -0.03350668400526047,
            -0.771552562713623,
            -0.13774016499519348
        ],
        [
            -0.03596934676170349,
            -0.7676868438720703,
            -0.1347235143184662
        ],
        [
            -0.04132317006587982,
            -0.7639544606208801,
            -0.13147896528244019
        ],
        [
            -0.03310072422027588,
            -0.7432730793952942,
            -0.11764907836914062
        ],
        [
            -0.025665931403636932,
            -0.7487525939941406,
            -0.12272505462169647
        ],
        [
            -0.06045558303594589,
            -0.8554497957229614,
            -0.16883713006973267
        ],
        [
            -0.052508316934108734,
            -0.8549670577049255,
            -0.17371822893619537
        ],
        [
            -0.04721508175134659,
            -0.8491991758346558,
            -0.168855220079422
        ],
        [
            -0.04668429493904114,
            -0.8513603210449219,
            -0.17063450813293457
        ],
        [
            -0.05255346745252609,
            -0.8518599271774292,
            -0.16923701763153076
        ],
        [
            -0.05184736102819443,
            -0.8494983315467834,
            -0.16753387451171875
        ],
        [
            -0.02563614398241043,
            -0.8459359407424927,
            -0.16806121170520782
        ],
        [
            -0.03259528428316116,
            -0.8466296195983887,
            -0.16757643222808838
        ],
        [
            -0.030444912612438202,
            -0.8434022665023804,
            -0.16615599393844604
        ],
        [
            -0.022689372301101685,
            -0.8397688865661621,
            -0.16736046969890594
        ],
        [
            -0.03900132328271866,
            -0.8344944715499878,
            -0.16277317702770233
        ],
        [
            -0.034001752734184265,
            -0.836448073387146,
            -0.16445332765579224
        ],
        [
            -0.03996353596448898,
            -0.8421128988265991,
            -0.16484299302101135
        ],
        [
            -0.04362558573484421,
            -0.8406980037689209,
            -0.16371820867061615
        ],
        [
            -0.047416552901268005,
            -0.8398500084877014,
            -0.16193372011184692
        ],
        [
            -0.051086992025375366,
            -0.8397136926651001,
            -0.15958614647388458
        ],
        [
            -0.04940637946128845,
            -0.8348642587661743,
            -0.1579851657152176
        ],
        [
            -0.044518306851387024,
            -0.8342242240905762,
            -0.16048410534858704
        ],
        [
            -0.058138780295848846,
            -0.8528615236282349,
            -0.16517731547355652
        ],
        [
            -0.0625765323638916,
            -0.852679431438446,
            -0.1594710648059845
        ],
        [
            -0.060519829392433167,
            -0.849907398223877,
            -0.1592322587966919
        ],
        [
            -0.0571296364068985,
            -0.8498130440711975,
            -0.16436539590358734
        ],
        [
            -0.06209270656108856,
            -0.846088171005249,
            -0.14678077399730682
        ],
        [
            -0.06257222592830658,
            -0.8480184078216553,
            -0.14896613359451294
        ],
        [
            -0.06607949733734131,
            -0.8492026329040527,
            -0.1473260074853897
        ],
        [
            -0.06507644057273865,
            -0.8452436923980713,
            -0.14509953558444977
        ],
        [
            -0.06300438940525055,
            -0.8421895503997803,
            -0.1460520625114441
        ],
        [
            -0.061228759586811066,
            -0.8442614078521729,
            -0.14756520092487335
        ],
        [
            -0.06333783268928528,
            -0.9093091487884521,
            -0.17917972803115845
        ],
        [
            -0.0691460520029068,
            -0.8915205001831055,
            -0.17651543021202087
        ],
        [
            -0.04280821233987808,
            -0.9058502316474915,
            -0.18151754140853882
        ],
        [
            -0.02609175443649292,
            -0.8987551331520081,
            -0.17902973294258118
        ],
        [
            -0.011579856276512146,
            -0.88773512840271,
            -0.17541688680648804
        ],
        [
            -0.0137244313955307,
            -0.7877320051193237,
            -0.14826370775699615
        ],
        [
            -0.006183303892612457,
            -0.7810076475143433,
            -0.14320215582847595
        ],
        [
            0.006181478500366211,
            -0.7912691831588745,
            -0.14321711659431458
        ],
        [
            0.011063888669013977,
            -0.7832094430923462,
            -0.1357012689113617
        ],
        [
            -0.001899324357509613,
            -0.7728164196014404,
            -0.13655249774456024
        ],
        [
            -0.004300378262996674,
            -0.7571516036987305,
            -0.12067648768424988
        ],
        [
            -0.001081719994544983,
            -0.7642612457275391,
            -0.12883418798446655
        ],
        [
            0.014431927353143692,
            -0.7760459780693054,
            -0.1256038248538971
        ],
        [
            0.027474194765090942,
            -0.7917845249176025,
            -0.12445561587810516
        ],
        [
            0.021755225956439972,
            -0.7957706451416016,
            -0.13502547144889832
        ],
        [
            0.03607969731092453,
            -0.8099890947341919,
            -0.12354931980371475
        ],
        [
            0.035304244607686996,
            -0.7881760597229004,
            -0.11117659509181976
        ],
        [
            0.041004810482263565,
            -0.8118080496788025,
            -0.11509287357330322
        ],
        [
            0.03158190846443176,
            -0.7534453868865967,
            -0.09539874643087387
        ],
        [
            0.038269978016614914,
            -0.7441450357437134,
            -0.09092125296592712
        ],
        [
            0.05320243537425995,
            -0.7538154125213623,
            -0.08765708655118942
        ],
        [
            0.04754019156098366,
            -0.763224184513092,
            -0.09412539005279541
        ],
        [
            0.014409497380256653,
            -0.8009210228919983,
            -0.14289043843746185
        ],
        [
            -0.0017665699124336243,
            -0.858211100101471,
            -0.1662493795156479
        ],
        [
            -0.012647241353988647,
            -0.8550475835800171,
            -0.1701214462518692
        ],
        [
            0.004917442798614502,
            -0.8473811745643616,
            -0.16268891096115112
        ],
        [
            0.0018483847379684448,
            -0.9206897020339966,
            -0.1709059178829193
        ],
        [
            -0.01344059407711029,
            -0.9110434055328369,
            -0.17670924961566925
        ],
        [
            -0.0008704885840415955,
            -0.8981541991233826,
            -0.17420107126235962
        ],
        [
            0.01198357343673706,
            -0.9089290499687195,
            -0.1690584123134613
        ],
        [
            -0.02954016625881195,
            -0.9524741172790527,
            -0.16463306546211243
        ],
        [
            -0.047360099852085114,
            -0.9331517219543457,
            -0.17533953487873077
        ],
        [
            -0.031309984624385834,
            -0.9238355159759521,
            -0.17673423886299133
        ],
        [
            -0.01571977138519287,
            -0.9387730956077576,
            -0.1697397381067276
        ],
        [
            0.02254091203212738,
            -0.9143403768539429,
            -0.16256463527679443
        ],
        [
            0.036845773458480835,
            -0.9213029146194458,
            -0.15236781537532806
        ],
        [
            0.035505905747413635,
            -0.9388291239738464,
            -0.14923085272312164
        ],
        [
            0.01779364049434662,
            -0.9319503307342529,
            -0.16133183240890503
        ],
        [
            0.028365358710289,
            -0.9609431028366089,
            -0.14085263013839722
        ],
        [
            0.00705544650554657,
            -0.9530085921287537,
            -0.1561962515115738
        ],
        [
            0.05075448751449585,
            -0.8014593124389648,
            -0.10232169181108475
        ],
        [
            0.04957529902458191,
            -0.8195027112960815,
            -0.1080244779586792
        ],
        [
            0.03957737237215042,
            -0.7742307186126709,
            -0.1019279807806015
        ],
        [
            0.05362421274185181,
            -0.786142885684967,
            -0.09596081078052521
        ],
        [
            0.017247304320335388,
            -0.9777941703796387,
            -0.12762558460235596
        ],
        [
            -0.007698565721511841,
            -0.9698578715324402,
            -0.14675401151180267
        ],
        [
            0.06948470324277878,
            -0.9168845415115356,
            -0.10832115262746811
        ],
        [
            0.06225632131099701,
            -0.9310276508331299,
            -0.12010625749826431
        ],
        [
            0.057143837213516235,
