{
    "pred_cam": [
        1.1313297748565674,
        0.039500631392002106,
        0.1584768295288086
    ],
    "pred_smpl_params": {
        "global_orient": [
            [
                [
                    0.9803535342216492,
                    0.09728953242301941,
                    -0.1715857833623886
                ],
                [
                    0.10291007161140442,
                    -0.9943974614143372,
                    0.02414998784661293
                ],
                [
                    -0.16827492415905,
                    -0.041333433240652084,
                    -0.9848731160163879
                ]
            ]
        ],
        "body_pose": [
            [
                [
                    0.990576446056366,
                    -0.08663127571344376,
                    0.10608113557100296
                ],
                [
                    0.07594559341669083,
                    0.9919900298118591,
                    0.10093637555837631
                ],
                [
                    -0.11397566646337509,
                    -0.09192880988121033,
                    0.9892212152481079
                ]
            ],
            [
                [
                    0.993965208530426,
                    -0.03964541479945183,
                    0.10228078812360764
                ],
                [
                    0.025500185787677765,
                    0.99037104845047,
                    0.13607029616832733
                ],
                [
                    -0.10669047385454178,
                    -0.13264097273349762,
                    0.9854053258895874
                ]
            ],
            [
                [
                    0.996849000453949,
                    0.013005474582314491,
                    -0.0782487615942955
                ],
                [
                    -0.024923520162701607,
                    0.9878616333007812,
                    -0.15332351624965668
                ],
                [
                    0.07530491799116135,
                    0.15479063987731934,
                    0.9850730299949646
                ]
            ],
            [
                [
                    0.9970983862876892,
                    0.06350290030241013,
                    -0.04197943955659866
                ],
                [
                    -0.07590874284505844,
                    0.8708893656730652,
                    -0.48558175563812256
                ],
                [
                    0.005723578855395317,
                    0.48735934495925903,
                    0.8731828331947327
                ]
            ],
            [
                [
                    0.9879943132400513,
                    0.03433367982506752,
                    0.15062685310840607
                ],
                [
                    0.06719943135976791,
                    0.7824168801307678,
                    -0.6191186904907227
                ],
                [
                    -0.13910962641239166,
                    0.6218078136444092,
                    0.7707162499427795
                ]
            ],
            [
                [
                    0.9953582286834717,
                    -0.05847059562802315,
                    -0.07644076645374298
                ],
                [
                    0.05899808555841446,
                    0.9982472658157349,
                    0.004658801946789026
                ],
                [
                    0.07603437453508377,
                    -0.009147034958004951,
                    0.9970632791519165
                ]
            ],
            [
                [
                    0.9848537445068359,
                    0.0525287464261055,
                    0.1652393639087677
                ],
                [
                    -0.06553354859352112,
                    0.9950834512710571,
                    0.07425834238529205
                ],
                [
                    -0.16052626073360443,
                    -0.08396230638027191,
                    0.9834540486335754
                ]
            ],
            [
                [
                    0.9819207191467285,
                    -0.03365863859653473,
                    -0.18627604842185974
                ],
                [
                    0.03688633814454079,
                    0.9992230534553528,
                    0.013887803070247173
                ],
                [
                    0.1856638491153717,
                    -0.02050776034593582,
                    0.9823993444442749
                ]
            ],
            [
                [
                    0.996213436126709,
                    -0.0301637202501297,
                    -0.08154132962226868
                ],
                [
                    0.02407410740852356,
                    0.9969184398651123,
                    -0.07465936243534088
                ],
                [
                    0.08354206383228302,
                    0.0724136158823967,
                    0.9938697218894958
                ]
            ],
            [
                [
                    0.9861788749694824,
                    -0.16474619507789612,
                    -0.017605744302272797
                ],
                [
                    0.16561457514762878,
                    0.9771015048027039,
                    0.1335834413766861
                ],
                [
                    -0.004804765339940786,
                    -0.13465292751789093,
                    0.9908812046051025
                ]
            ],
            [
                [
                    0.9918361306190491,
                    0.12736938893795013,
                    -0.006166291888803244
                ],
                [
                    -0.12456533312797546,
                    0.9780794382095337,
                    0.16686569154262543
                ],
                [
                    0.02728469856083393,
                    -0.1647353321313858,
                    0.9859603643417358
                ]
            ],
            [
                [
                    0.9768434166908264,
                    -0.07293878495693207,
                    -0.20113904774188995
                ],
                [
                    0.0661492720246315,
                    0.9969963431358337,
                    -0.04028166085481644
                ],
                [
                    0.20347297191619873,
                    0.026043672114610672,
                    0.9787341356277466
                ]
            ],
            [
                [
                    0.9156205654144287,
                    0.4014858305454254,
                    -0.021168580278754234
                ],
                [
                    -0.40182846784591675,
                    0.9121396541595459,
                    -0.08083993196487427
                ],
                [
                    -0.013147384859621525,
                    0.0825248435139656,
                    0.9965022802352905
                ]
            ],
            [
                [
                    0.9349989295005798,
                    -0.3364105820655823,
                    -0.11227163672447205
                ],
                [
                    0.3406592905521393,
                    0.9399631023406982,
                    0.02050854079425335
                ],
                [
                    0.09863190352916718,
                    -0.057421837002038956,
                    0.9934659004211426
                ]
            ],
            [
                [
                    0.9788542985916138,
                    -0.07074244320392609,
                    -0.19193705916404724
                ],
                [
                    0.023590657860040665,
                    0.971076250076294,
                    -0.23760132491588593
                ],
                [
                    0.2031940221786499,
                    0.2280491441488266,
                    0.9522110223770142
                ]
            ],
            [
                [
                    0.44117268919944763,
                    0.8546596765518188,
                    -0.2737216353416443
                ],
                [
                    -0.8925518989562988,
                    0.44960394501686096,
                    -0.03474756330251694
                ],
                [
                    0.09336899220943451,
                    0.2596404552459717,
                    0.961181104183197
                ]
            ],
            [
                [
                    0.5739277601242065,
                    -0.7833318710327148,
                    0.23874245584011078
                ],
                [
                    0.8012043237686157,
                    0.597417950630188,
                    0.03410828113555908
                ],
                [
                    -0.1693471372127533,
                    0.17170581221580505,
                    0.970483660697937
                ]
            ],
            [
                [
                    0.739511251449585,
                    -0.20769701898097992,
                    -0.6403007507324219
                ],
                [
                    0.07044992595911026,
                    0.9698653817176819,
                    -0.23323357105255127
                ],
                [
                    0.6694474816322327,
                    0.1273697018623352,
                    0.7318586111068726
                ]
            ],
            [
                [
                    -0.06929422169923782,
                    0.43117475509643555,
                    0.899603545665741
                ],
                [
                    -0.3953394591808319,
                    0.8160693049430847,
                    -0.42158928513526917
                ],
                [
                    -0.9159175753593445,
                    -0.38486248254776,
                    0.11391150206327438
                ]
            ],
            [
                [
                    0.9994090795516968,
                    -0.032971497625112534,
                    -0.009716666303575039
                ],
                [
                    0.03316597267985344,
                    0.9992378354072571,
                    0.020583581179380417
                ],
                [
                    0.009030589833855629,
                    -0.020893678069114685,
                    0.9997408986091614
                ]
            ],
            [
                [
                    0.9833990335464478,
                    0.18129104375839233,
                    0.007742376532405615
                ],
                [
                    -0.1812828928232193,
                    0.9796993732452393,
                    0.0855899378657341
                ],
                [
                    0.007931488566100597,
                    -0.08557261526584625,
                    0.9963003993034363
                ]
            ],
            [
                [
                    0.9648255705833435,
                    0.23965580761432648,
                    -0.10805836319923401
                ],
                [
                    -0.2212590128183365,
                    0.9622431397438049,
                    0.15853264927864075
                ],
                [
                    0.14197169244289398,
                    -0.1290474832057953,
                    0.9814227819442749
                ]
            ],
            [
                [
                    0.9663147330284119,
                    -0.2471463531255722,
                    0.0717940554022789
                ],
                [
                    0.23901747167110443,
                    0.9652428030967712,
                    0.10572080314159393
                ],
                [
                    -0.09542721509933472,
                    -0.08499955385923386,
                    0.9918006658554077
                ]
            ]
        ],
        "betas": [
            -0.054777592420578,
            -0.035134077072143555,
            0.15781381726264954,
            0.2333832085132599,
            0.0229681134223938,
            0.008249256759881973,
            0.0004000365734100342,
            -0.05375760793685913,
            0.034684404730796814,
            -0.03925713896751404
        ]
    },
    "pred_cam_t": [
        0.039500631392002106,
        0.1584768295288086,
        34.527950286865234
    ],
    "focal_length": [
        5000.0,
        5000.0
    ],
    "pred_keypoints_3d": [
        [
            -0.09070948511362076,
            -0.7966403961181641,
            -0.15586906671524048
        ],
        [
            0.03142543137073517,
            -0.7343213558197021,
            -0.022043276578187943
        ],
        [
            -0.12243764102458954,
            -0.6554309725761414,
            0.08692838996648788
        ],
        [
            -0.18040570616722107,
            -0.418010950088501,
            0.1522814929485321
        ],
        [
            -0.34511318802833557,
            -0.44888803362846375,
            -0.03804336488246918
        ],
        [
            0.19490844011306763,
            -0.6231741905212402,
            -0.07170838117599487
        ],
        [
            0.2184857279062271,
            -0.37742817401885986,
            0.007733136415481567
        ],
        [
            0.1405804455280304,
            -0.16581086814403534,
            -0.0947285145521164
        ],
        [
            -0.0019147872226312757,
            -0.22580382227897644,
            0.028132962062954903
        ],
        [
            -0.07613211125135422,
            -0.1427757740020752,
            0.04752656817436218
        ],
        [
            -0.14366650581359863,
            0.2319059669971466,
            0.021923981606960297
        ],
        [
            -0.15499204397201538,
            0.5393260717391968,
            0.2734016180038452
        ],
        [
            0.05829424038529396,
            -0.12782719731330872,
            0.027012284845113754
        ],
        [
            0.08216892182826996,
            0.24433743953704834,
            0.005461025983095169
        ],
        [
            0.049500782042741776,
            0.5789933204650879,
            0.21641714870929718
        ],
        [
            -0.09599419683218002,
            -0.8466002941131592,
            -0.12045370042324066
        ],
        [
            -0.05369789898395538,
            -0.8422160148620605,
            -0.1713820844888687
        ],
        [
            -0.05000092089176178,
            -0.8644275665283203,
            -0.029682449996471405
        ],
        [
            0.045242778956890106,
            -0.8543746471405029,
            -0.14184065163135529
        ],
        [
            0.04967202991247177,
            0.7000035047531128,
            0.05766576528549194
        ],
        [
            0.11619492620229721,
            0.6907626390457153,
            0.10785068571567535
        ],
        [
            0.05119042843580246,
            0.5902387499809265,
            0.2859862148761749
        ],
        [
            -0.16685402393341064,
            0.6799786686897278,
            0.13496050238609314
        ],
        [
            -0.2372896373271942,
            0.6557481288909912,
            0.1813007891178131
        ],
        [
            -0.15638935565948486,
            0.5469228029251099,
            0.3462650775909424
        ],
        [
            -0.17298904061317444,
            0.4829229712486267,
            0.26905524730682373
        ],
        [
            -0.1350022256374359,
            0.17054888606071472,
            0.016369646415114403
        ],
        [
            -0.14178931713104248,
            -0.27425616979599,
            0.06208036094903946
        ],
        [
            0.14619497954845428,
            -0.22936664521694183,
            0.02700953185558319
        ],
        [
            0.09403053671121597,
            0.20306016504764557,
            0.001750655472278595
        ],
        [
            0.06044144928455353,
            0.5382972955703735,
            0.22557587921619415
        ],
        [
            -0.3169240355491638,
            -0.4747588038444519,
            -0.031953755766153336
        ],
        [
            -0.20851686596870422,
            -0.45475128293037415,
            0.15229284763336182
        ],
        [
            -0.09335047751665115,
            -0.6821717619895935,
            0.06380640715360641
        ],
        [
            0.16756343841552734,
            -0.6590490937232971,
            -0.0614343136548996
        ],
        [
            0.23479515314102173,
            -0.3939759135246277,
            -0.042448740452528
        ],
        [
            0.14389285445213318,
            -0.18630531430244446,
            -0.10443703830242157
        ],
        [
            0.03349784389138222,
            -0.725141704082489,
            -0.022915687412023544
        ],
        [
            -0.022641772404313087,
            -0.9052213430404663,
            -0.11043181270360947
        ],
        [
            0.0030057469848543406,
            -0.25164663791656494,
            0.043754782527685165
        ],
        [
            0.0353287011384964,
            -0.6686438322067261,
            -0.0015436694957315922
        ],
        [
            0.03574395924806595,
            -0.49485114216804504,
            0.03440244868397713
        ],
        [
            -0.02668256312608719,
            -0.7913166284561157,
            -0.10908220708370209
        ],
        [
            -0.022888289764523506,
            -0.9260129928588867,
            -0.10544396936893463
        ]
    ],
    "pred_vertices": [
        [
            -0.05385560542345047,
            -0.8856068849563599,
            -0.19234739243984222
        ],
        [
            -0.05995440483093262,
            -0.8707319498062134,
            -0.18838894367218018
        ],
        [
            -0.04564933478832245,
            -0.8692508935928345,
            -0.1904410421848297
        ],
        [
            -0.03691881150007248,
            -0.8815181255340576,
            -0.191249281167984
        ],
        [
            -0.050645045936107635,
            -0.859205961227417,
            -0.18848581612110138
        ],
        [
            -0.0625954121351242,
            -0.8592661619186401,
            -0.18532496690750122
        ],
        [
            -0.03232721984386444,
            -0.8658713102340698,
            -0.18764391541481018
        ],
        [
            -0.022443704307079315,
            -0.8744962215423584,
            -0.18686127662658691
        ],
        [
            -0.014650754630565643,
            -0.834536075592041,
            -0.1757412850856781
        ],
        [
            -0.0042396485805511475,
            -0.8324469327926636,
            -0.17166289687156677
        ],
        [
            -0.007223203778266907,
            -0.8437471389770508,
            -0.1758769452571869
        ],
        [
            -0.017218321561813354,
            -0.8428838849067688,
            -0.17788518965244293
        ],
        [
            -0.007567174732685089,
            -0.8107722997665405,
            -0.16650064289569855
        ],
        [
            -0.016349606215953827,
            -0.8000780344009399,
            -0.16481274366378784
        ],
        [
            -0.005893409252166748,
            -0.7940133810043335,
            -0.1581849753856659
        ],
        [
            0.0025973767042160034,
            -0.8044716715812683,
            -0.1583719551563263
        ],
        [
            -0.05799953639507294,
            -0.8090184926986694,
            -0.15875627100467682
        ],
        [
            -0.05238008499145508,
            -0.8025473356246948,
            -0.1607668697834015
        ],
        [
            -0.05043588578701019,
            -0.8089340925216675,
            -0.16472865641117096
        ],
        [
            -0.05619317293167114,
            -0.8147321939468384,
            -0.16177669167518616
        ],
        [
            -0.07001162320375443,
            -0.8173317909240723,
            -0.15778294205665588
        ],
        [
            -0.06784752011299133,
            -0.8234469890594482,
            -0.1577649712562561
        ],
        [
            -0.07534538954496384,
            -0.8260513544082642,
            -0.15824782848358154
        ],
        [
            -0.07757128775119781,
            -0.8189351558685303,
            -0.15939244627952576
        ],
        [
            -0.06063658744096756,
            -0.8043838739395142,
            -0.1532820463180542
        ],
        [
            -0.05436418205499649,
            -0.7977847456932068,
            -0.15544003248214722
        ],
        [
            -0.06323544681072235,
            -0.8143786787986755,
            -0.1573382318019867
        ],
        [
            -0.06511256098747253,
            -0.8096621036529541,
            -0.1563226878643036
        ],
        [
            -0.07348243147134781,
            -0.8012411594390869,
            -0.15908393263816833
        ],
        [
            -0.07218457758426666,
            -0.8061009645462036,
            -0.16042035818099976
        ],
        [
            -0.07966422289609909,
            -0.8055148720741272,
            -0.16231951117515564
        ],
        [
            -0.07908567041158676,
            -0.8005350232124329,
            -0.15973225235939026
        ],
        [
            -0.06486064940690994,
            -0.8029775619506836,
            -0.1551593840122223
        ],
        [
            -0.06702132523059845,
            -0.8049616813659668,
            -0.15801557898521423
        ],
        [
            -0.06971019506454468,
            -0.8009110689163208,
            -0.1567658632993698
        ],
        [
            -0.0678744688630104,
            -0.7998409867286682,
            -0.1532050371170044
        ],
        [
            -0.07177427411079407,
            -0.8125547170639038,
            -0.15808528661727905
        ],
        [
            -0.07904402166604996,
            -0.8126857280731201,
            -0.1606520116329193
        ],
        [
            -0.08700685948133469,
            -0.8124350905418396,
            -0.1624538004398346
        ],
        [
            -0.0872892215847969,
            -0.8035404682159424,
            -0.16337794065475464
        ],
        [
            -0.03741207718849182,
            -0.7907120585441589,
            -0.16135302186012268
        ],
        [
            -0.04551112651824951,
            -0.7963851094245911,
            -0.16205871105194092
        ],
        [
            -0.04801774024963379,
            -0.792026162147522,
            -0.15728691220283508
        ],
        [
            -0.04157184809446335,
            -0.78724205493927,
            -0.15761449933052063
        ],
        [
            -0.06390544772148132,
            -0.7976946830749512,
            -0.1512698233127594
        ],
        [
            -0.05819551646709442,
            -0.7822906970977783,
            -0.1504688858985901
        ],
        [
            -0.05898094177246094,
            -0.7857954502105713,
            -0.15175282955169678
        ],
        [
            -0.06605460494756699,
            -0.7858914136886597,
            -0.1499730497598648
        ],
        [
            -0.06477881222963333,
            -0.7826228141784668,
            -0.14916512370109558
        ],
        [
            -0.024736151099205017,
            -0.7792726755142212,
            -0.15560360252857208
        ],
        [
            -0.031719475984573364,
            -0.7772454619407654,
            -0.15429818630218506
        ],
        [
            -0.028007186949253082,
            -0.7714297771453857,
            -0.15115505456924438
        ],
        [
            -0.020175457000732422,
            -0.7726497650146484,
            -0.15082907676696777
        ],
        [
            -0.02728552371263504,
            -0.7664487957954407,
            -0.1474890112876892
        ],
        [
            -0.016756609082221985,
            -0.7662730813026428,
            -0.14593040943145752
        ],
        [
            -0.02012862265110016,
            -0.7536756992340088,
            -0.1361241638660431
        ],
        [
            -0.017885573208332062,
            -0.7592177391052246,
            -0.14071273803710938
        ],
        [
            -0.029036574065685272,
            -0.7613470554351807,
            -0.14360755681991577
        ],
        [
            -0.033967383205890656,
            -0.7560358047485352,
            -0.14053651690483093
        ],
        [
            -0.049676455557346344,
            -0.7586705684661865,
            -0.13817080855369568
        ],
        [
            -0.05531315505504608,
            -0.7570018172264099,
            -0.13537192344665527
        ],
        [
            -0.04811907559633255,
            -0.746008574962616,
            -0.13454648852348328
        ],
        [
            -0.041318848729133606,
            -0.7501187324523926,
            -0.13752323389053345
        ],
        [
            -0.054286837577819824,
            -0.7780848741531372,
            -0.1458398401737213
        ],
        [
            -0.04963713139295578,
            -0.778717577457428,
            -0.14689874649047852
        ],
        [
            -0.05141618847846985,
            -0.7793919444084167,
            -0.14893576502799988
        ],
        [
            -0.05677204579114914,
            -0.7797513008117676,
            -0.14830434322357178
        ],
        [
            -0.04588475823402405,
            -0.7787131071090698,
            -0.1482851356267929
        ],
        [
            -0.04422769695520401,
            -0.7785618305206299,
            -0.14895868301391602
        ],
        [
            -0.04549352824687958,
            -0.7794383764266968,
            -0.14989285171031952
        ],
        [
            -0.04666832089424133,
            -0.7792856097221375,
            -0.14869849383831024
        ],
        [
            -0.04832544922828674,
            -0.7789231538772583,
            -0.14758405089378357
        ],
        [
            -0.04885520786046982,
            -0.777087926864624,
            -0.1466044783592224
        ],
        [
            -0.04662910848855972,
            -0.777899980545044,
            -0.14776286482810974
        ],
        [
            -0.05307430773973465,
            -0.7757327556610107,
            -0.14561200141906738
        ],
        [
            -0.06637321412563324,
            -0.7719094753265381,
            -0.14132176339626312
        ],
        [
            -0.06313340365886688,
            -0.7725837230682373,
            -0.14312326908111572
        ],
        [
            -0.06435894966125488,
            -0.7771420478820801,
            -0.14254257082939148
        ],
        [
            -0.06713376939296722,
            -0.7768194675445557,
            -0.14111825823783875
        ],
        [
            -0.04818691313266754,
            -0.7808425426483154,
            -0.1503359079360962
        ],
        [
            -0.04654127359390259,
            -0.7822281122207642,
            -0.15224042534828186
        ],
        [
            -0.052085258066654205,
            -0.7840438485145569,
            -0.15240547060966492
        ],
        [
            -0.051868945360183716,
            -0.7817381620407104,
            -0.15045137703418732
        ],
        [
            -0.045010097324848175,
            -0.783903956413269,
            -0.15453509986400604
        ],
        [
            -0.04377301037311554,
            -0.7806272506713867,
            -0.15144704282283783
        ],
        [
            -0.041168637573719025,
            -0.7812332510948181,
            -0.15366876125335693
        ],
        [
            -0.044196635484695435,
            -0.7769379615783691,
            -0.14812850952148438
        ],
        [
            -0.04101160168647766,
            -0.7755608558654785,
            -0.14874915778636932
        ],
        [
            -0.041905395686626434,
            -0.7776943445205688,
            -0.150486558675766
        ],
        [
            -0.041937194764614105,
            -0.7725392580032349,
            -0.14671745896339417
        ],
        [
            -0.04619055986404419,
            -0.7750611901283264,
            -0.14646059274673462
        ],
        [
            -0.05014701932668686,
            -0.7727731466293335,
            -0.1452120542526245
        ],
        [
            -0.055448636412620544,
            -0.7704470157623291,
            -0.14379271864891052
        ],
        [
            -0.05065540224313736,
            -0.7666014432907104,
            -0.14243972301483154
        ],
        [
            -0.0454561710357666,
            -0.7694271802902222,
            -0.14460492134094238
        ],
        [
            -0.05072462558746338,
            -0.7878048419952393,
            -0.15451301634311676
        ],
        [
            -0.03755167871713638,
            -0.7773652076721191,
            -0.15216243267059326
        ],
        [
            -0.036431342363357544,
            -0.7831944227218628,
            -0.1563204526901245
        ],
        [
            -0.03579976409673691,
            -0.7731576561927795,
            -0.15011921525001526
        ],
        [
            -0.035912953317165375,
            -0.7692364454269409,
            -0.1472121775150299
        ],
        [
            -0.038488954305648804,
            -0.7653880715370178,
            -0.14428097009658813
        ],
        [
            -0.043992653489112854,
            -0.7617302536964417,
            -0.14121338725090027
        ],
        [
            -0.03640999644994736,
            -0.7410426735877991,
            -0.126958429813385
        ],
        [
            -0.02873842418193817,
            -0.746445894241333,
            -0.13177207112312317
        ],
        [
            -0.060973457992076874,
            -0.8531587719917297,
            -0.17978538572788239
        ],
        [
            -0.052834659814834595,
            -0.8526102304458618,
            -0.18435120582580566
        ],
        [
            -0.0478084534406662,
            -0.8468023538589478,
            -0.17928197979927063
        ],
        [
            -0.04718274623155594,
            -0.8489504456520081,
            -0.18105801939964294
        ],
        [
            -0.05309295654296875,
            -0.8495182991027832,
            -0.17986907064914703
        ],
        [
            -0.052482493221759796,
            -0.8471390008926392,
            -0.1781425178050995
        ],
        [
            -0.026322320103645325,
            -0.8434150218963623,
            -0.17761638760566711
        ],
        [
            -0.03328273445367813,
            -0.8441473245620728,
            -0.1774221956729889
        ],
        [
            -0.03121018409729004,
            -0.8409097194671631,
            -0.17588889598846436
        ],
        [
            -0.023446619510650635,
            -0.8372244834899902,
            -0.1767466962337494
        ],
        [
            -0.03996066749095917,
            -0.8320823907852173,
            -0.172783762216568
        ],
        [
            -0.03487706929445267,
            -0.8339951634407043,
            -0.17427033185958862
        ],
        [
            -0.040791697800159454,
            -0.8396965265274048,
            -0.17495636641979218
        ],
        [
            -0.0445067435503006,
            -0.8383111953735352,
            -0.1739751696586609
        ],
        [
            -0.04836992174386978,
            -0.837502121925354,
            -0.1723264902830124
        ],
        [
            -0.0521259531378746,
            -0.8373969793319702,
            -0.17012658715248108
        ],
        [
            -0.05055110901594162,
            -0.8325545787811279,
            -0.16842743754386902
        ],
        [
            -0.045573338866233826,
            -0.831869900226593,
            -0.1707220822572708
        ],
        [
            -0.05884178727865219,
            -0.8505686521530151,
            -0.1760474145412445
        ],
        [
            -0.0634864866733551,
            -0.8504416942596436,
            -0.17051821947097778
        ],
        [
            -0.06147776544094086,
            -0.8476602435112,
            -0.1701902449131012
        ],
        [
            -0.05789710581302643,
            -0.8475103378295898,
            -0.17518892884254456
        ],
        [
            -0.06354546546936035,
            -0.8439175486564636,
            -0.15777261555194855
        ],
        [
            -0.06392980366945267,
            -0.8458385467529297,
            -0.15998472273349762
        ],
        [
            -0.06748934090137482,
            -0.8470463752746582,
            -0.1584959626197815
        ],
        [
            -0.06659994274377823,
            -0.8431001305580139,
            -0.15621107816696167
        ],
        [
            -0.06452065706253052,
            -0.8400329351425171,
            -0.15705782175064087
        ],
        [
            -0.06266876310110092,
            -0.8420866131782532,
            -0.15850599110126495
        ],
        [
            -0.06296766549348831,
            -0.9070329666137695,
            -0.1904253214597702
        ],
        [
            -0.06902699172496796,
            -0.889350950717926,
            -0.18790552020072937
        ],
        [
            -0.042409420013427734,
            -0.9033771753311157,
            -0.19200769066810608
        ],
        [
            -0.025895804166793823,
            -0.8961554765701294,
            -0.18888482451438904
        ],
        [
            -0.011611513793468475,
            -0.884993314743042,
            -0.18471276760101318
        ],
        [
            -0.01561690866947174,
            -0.7852318286895752,
            -0.1570362150669098
        ],
        [
            -0.008333615958690643,
            -0.7784862518310547,
            -0.15164339542388916
        ],
        [
            0.004086606204509735,
            -0.7886711359024048,
            -0.15123608708381653
        ],
        [
            0.008631646633148193,
            -0.7806433439254761,
            -0.14347589015960693
        ],
        [
            -0.004356589168310165,
            -0.7703099846839905,
            -0.14479170739650726
        ],
        [
            -0.00740453228354454,
            -0.7547696828842163,
            -0.1289159655570984
        ],
        [
            -0.003873620182275772,
            -0.7618104815483093,
            -0.13698413968086243
        ],
        [
            0.011574462056159973,
            -0.7735580205917358,
            -0.13318020105361938
        ],
        [
            0.024625513702630997,
            -0.7892335653305054,
            -0.13159489631652832
        ],
        [
            0.019339144229888916,
            -0.7931495904922485,
            -0.1424328088760376
        ],
        [
            0.033269163221120834,
            -0.8073709607124329,
            -0.1304696798324585
        ],
        [
            0.03197339549660683,
            -0.7857202291488647,
            -0.11801007390022278
        ],
        [
            0.037923410534858704,
            -0.8092226982116699,
            -0.12185115367174149
        ],
        [
            0.027751758694648743,
            -0.7511662244796753,
            -0.10209783911705017
        ],
        [
            0.034375473856925964,
            -0.7419725656509399,
            -0.09728161245584488
        ],
        [
            0.04909565672278404,
            -0.7517126798629761,
            -0.09352923929691315
        ],
        [
            0.04363158717751503,
            -0.7609601616859436,
            -0.10031230747699738
        ],
        [
            0.012349463999271393,
            -0.7982857823371887,
            -0.1506222039461136
        ],
        [
            -0.0024387389421463013,
            -0.8554710149765015,
            -0.17500433325767517
        ],
        [
            -0.01318947970867157,
            -0.8524146676063538,
            -0.17922985553741455
        ],
        [
            0.004031062126159668,
            -0.8446491360664368,
            -0.17106536030769348
        ],
        [
            0.0018974319100379944,
            -0.9178702235221863,
            -0.17986896634101868
        ],
        [
            -0.013181611895561218,
            -0.9082812666893005,
            -0.18621668219566345
        ],
        [
            -0.0008792206645011902,
            -0.8953202366828918,
            -0.18317775428295135
        ],
        [
            0.011855445802211761,
            -0.9060057401657104,
            -0.17762356996536255
        ],
        [
            -0.02940298616886139,
            -0.9499135613441467,
            -0.1748954802751541
        ],
        [
            -0.04699411988258362,
            -0.9306949377059937,
            -0.18618477880954742
        ],
        [
            -0.030958063900470734,
            -0.9212664365768433,
            -0.18696892261505127
        ],
        [
            -0.015525281429290771,
            -0.9360926151275635,
            -0.1794460117816925
        ],
        [
            0.02222275733947754,
            -0.9114067554473877,
            -0.17076361179351807
        ],
        [
            0.036132603883743286,
            -0.9183096885681152,
            -0.160077765583992
        ],
        [
            0.03478772193193436,
            -0.9358158111572266,
            -0.1570279598236084
        ],
        [
            0.01756991446018219,
            -0.9290555715560913,
            -0.16977693140506744
        ],
        [
            0.027499884366989136,
            -0.9579982757568359,
            -0.1490507423877716
        ],
        [
            0.006803743541240692,
            -0.950177788734436,
            -0.16510029137134552
        ],
        [
            0.04715742915868759,
            -0.7990131378173828,
            -0.10869120806455612
        ],
        [
            0.04628876969218254,
            -0.8168779015541077,
            -0.11457491666078568
        ],
        [
            0.03592390939593315,
            -0.7718672752380371,
            -0.10849945992231369
        ],
        [
            0.049757227301597595,
            -0.7838116884231567,
            -0.10210384428501129
        ],
        [
            0.016060426831245422,
            -0.9749851226806641,
            -0.1363522857427597
        ],
        [
            -0.008133076131343842,
            -0.9671980142593384,
            -0.15633435547351837
        ],
        [
            0.0668850690126419,
            -0.9138746857643127,
            -0.11475737392902374
        ],
        [
            0.06028158962726593,
            -0.927986741065979,
            -0.12689189612865448
        ],
        [
            0.055459894239902496,
            -0.9104293584823608,
