{
    "pred_cam": [
        1.1347399950027466,
        0.044691503047943115,
        0.1632096767425537
    ],
    "pred_smpl_params": {
        "global_orient": [
            [
                [
                    0.9880861043930054,
                    0.08348926901817322,
                    -0.12928800284862518
                ],
                [
                    0.08712078630924225,
                    -0.9959394931793213,
                    0.022682514041662216
                ],
                [
                    -0.12686927616596222,
                    -0.03367594629526138,
                    -0.99134761095047
                ]
            ]
        ],
        "body_pose": [
            [
                [
                    0.9881896376609802,
                    -0.10571566224098206,
                    0.11092989146709442
                ],
                [
                    0.0905369371175766,
                    0.9868457317352295,
                    0.133934885263443
                ],
                [
                    -0.12362971156835556,
                    -0.12230981886386871,
                    0.9847618937492371
                ]
            ],
            [
                [
                    0.9951261878013611,
                    -0.024435020983219147,
                    0.09553389251232147
                ],
                [
                    0.007599568460136652,
                    0.9849346876144409,
                    0.17275960743427277
                ],
                [
                    -0.09831603616476059,
                    -0.17119161784648895,
                    0.9803199768066406
                ]
            ],
            [
                [
                    0.9969701766967773,
                    0.01728985272347927,
                    -0.0758390724658966
                ],
                [
                    -0.030370552092790604,
                    0.9841200709342957,
                    -0.17488662898540497
                ],
                [
                    0.07161098718643188,
                    0.17666001617908478,
                    0.9816634654998779
                ]
            ],
            [
                [
                    0.9963887333869934,
                    0.07742659002542496,
                    -0.03485124930739403
                ],
                [
                    -0.08429189771413803,
                    0.8526039719581604,
                    -0.5157145261764526
                ],
                [
                    -0.010215703397989273,
                    0.5167898535728455,
                    0.8560514450073242
                ]
            ],
            [
                [
                    0.9892014265060425,
                    0.014930146746337414,
                    0.1457996517419815
                ],
                [
                    0.08224125951528549,
                    0.7668725848197937,
                    -0.6365082859992981
                ],
                [
                    -0.12131291627883911,
                    0.641625702381134,
                    0.7573635578155518
                ]
            ],
            [
                [
                    0.9957237243652344,
                    -0.0575089305639267,
                    -0.07229816913604736
                ],
                [
                    0.05835508927702904,
                    0.998249351978302,
                    0.00964470487087965
                ],
                [
                    0.07161694020032883,
                    -0.01382242701947689,
                    0.9973365068435669
                ]
            ],
            [
                [
                    0.9853298664093018,
                    0.05288434773683548,
                    0.16225968301296234
                ],
                [
                    -0.0669204518198967,
                    0.9943589568138123,
                    0.08229232579469681
                ],
                [
                    -0.1569923758506775,
                    -0.09194359183311462,
                    0.9833106398582458
                ]
            ],
            [
                [
                    0.9825400710105896,
                    -0.03912467136979103,
                    -0.18189090490341187
                ],
                [
                    0.04217439517378807,
                    0.9990266561508179,
                    0.012927830219268799
                ],
                [
                    0.1812080591917038,
                    -0.020373251289129257,
                    0.9832338094711304
                ]
            ],
            [
                [
                    0.9964062571525574,
                    -0.02951897494494915,
                    -0.07939302921295166
                ],
                [
                    0.02327178791165352,
                    0.99664306640625,
                    -0.0784921795129776
                ],
                [
                    0.08144351840019226,
                    0.0763624757528305,
                    0.9937483668327332
                ]
            ],
            [
                [
                    0.9858558773994446,
                    -0.1667158305644989,
                    -0.017143994569778442
                ],
                [
                    0.16746670007705688,
                    0.9759319424629211,
                    0.13968433439731598
                ],
                [
                    -0.00655621662735939,
                    -0.1405796855688095,
                    0.9900475740432739
                ]
            ],
            [
                [
                    0.9906615614891052,
                    0.13574352860450745,
                    -0.01277670543640852
                ],
                [
                    -0.1317223161458969,
                    0.9770635962486267,
                    0.16731999814510345
                ],
                [
                    0.03519625589251518,
                    -0.16407452523708344,
                    0.9858198165893555
                ]
            ],
            [
                [
                    0.971625030040741,
                    -0.0750541016459465,
                    -0.2243029922246933
                ],
                [
                    0.07029039412736893,
                    0.997100293636322,
                    -0.029159510508179665
                ],
                [
                    0.22584111988544464,
                    0.012565761804580688,
                    0.9740831851959229
                ]
            ],
            [
                [
                    0.9106318950653076,
                    0.4132012724876404,
                    -0.0037694673519581556
                ],
                [
                    -0.4120403528213501,
                    0.9073095917701721,
                    -0.08373834192752838
                ],
                [
                    -0.031180715188384056,
                    0.07780798524618149,
                    0.9964806437492371
                ]
            ],
            [
                [
                    0.9312793612480164,
                    -0.3416072726249695,
                    -0.12658299505710602
                ],
                [
                    0.3472539186477661,
                    0.937440037727356,
                    0.02491716295480728
                ],
                [
                    0.11015208810567856,
                    -0.06716128438711166,
                    0.9916430115699768
                ]
            ],
            [
                [
                    0.9753395915031433,
                    -0.07493963837623596,
                    -0.20759780704975128
                ],
                [
                    0.026097208261489868,
                    0.9731512069702148,
                    -0.22868244349956512
                ],
                [
                    0.21916143596172333,
                    0.21762529015541077,
                    0.9511086344718933
                ]
            ],
            [
                [
                    0.4446629285812378,
                    0.8549421429634094,
                    -0.2671120762825012
                ],
                [
                    -0.8912487626075745,
                    0.4520086646080017,
                    -0.036928847432136536
                ],
                [
                    0.08916493505239487,
                    0.25448423624038696,
                    0.9629576206207275
                ]
            ],
            [
                [
                    0.5791090130805969,
                    -0.7836850881576538,
                    0.2246561497449875
                ],
                [
                    0.7950498461723328,
                    0.60385662317276,
                    0.05703364312648773
                ],
                [
                    -0.18035654723644257,
                    0.14558415114879608,
                    0.9727675318717957
                ]
            ],
            [
                [
                    0.7177004814147949,
                    -0.22733347117900848,
                    -0.6581987738609314
                ],
                [
                    0.09658980369567871,
                    0.9685724973678589,
                    -0.22921107709407806
                ],
                [
                    0.6896205544471741,
                    0.1009296253323555,
                    0.7171030640602112
                ]
            ],
            [
                [
                    -0.08146823942661285,
                    0.42588287591934204,
                    0.9011030197143555
                ],
                [
                    -0.442298948764801,
                    0.7947579622268677,
                    -0.4156096577644348
                ],
                [
                    -0.8931598663330078,
                    -0.4324159026145935,
                    0.12362001091241837
                ]
            ],
            [
                [
                    0.9994540810585022,
                    -0.03236906975507736,
                    -0.00661684712395072
                ],
                [
                    0.032532185316085815,
                    0.999126136302948,
                    0.02624272182583809
                ],
                [
                    0.005761612206697464,
                    -0.02644365467131138,
                    0.9996337294578552
                ]
            ],
            [
                [
                    0.9826455116271973,
                    0.18548554182052612,
                    -0.0017167996848002076
                ],
                [
                    -0.1846596747636795,
                    0.979063093662262,
                    0.0856519564986229
                ],
                [
                    0.017568053677678108,
                    -0.0838484838604927,
                    0.9963236451148987
                ]
            ],
            [
                [
                    0.963729739189148,
                    0.24371613562107086,
                    -0.10875426977872849
                ],
                [
                    -0.2253183126449585,
                    0.961414098739624,
                    0.15784373879432678
                ],
                [
                    0.1430269479751587,
                    -0.127614364027977,
                    0.9814570546150208
                ]
            ],
            [
                [
                    0.9651215076446533,
                    -0.2508772015571594,
                    0.07484030723571777
                ],
                [
                    0.24282529950141907,
                    0.9646615386009216,
                    0.10229332745075226
                ],
                [
                    -0.09785863757133484,
                    -0.08055237680673599,
                    0.9919349551200867
                ]
            ]
        ],
        "betas": [
            -0.03707398474216461,
            -0.04121100902557373,
            0.1679604947566986,
            0.2933419644832611,
            0.013273656368255615,
            0.005224678665399551,
            0.0028043389320373535,
            -0.04517251253128052,
            0.03250284492969513,
            -0.031291425228118896
        ]
    },
    "pred_cam_t": [
        0.044691503047943115,
        0.1632096767425537,
        34.42418670654297
    ],
    "focal_length": [
        5000.0,
        5000.0
    ],
    "pred_keypoints_3d": [
        [
            -0.09380853176116943,
            -0.7975873351097107,
            -0.16431331634521484
        ],
        [
            0.026318609714508057,
            -0.7353824377059937,
            -0.02784261479973793
        ],
        [
            -0.1311788409948349,
            -0.6554579734802246,
            0.07650028169155121
        ],
        [
            -0.19047372043132782,
            -0.4179912507534027,
            0.140506774187088
        ],
        [
            -0.3599697947502136,
            -0.45672738552093506,
            -0.0442269891500473
        ],
        [
            0.19459864497184753,
            -0.6250461935997009,
            -0.0649925023317337
        ],
        [
            0.2160111367702484,
            -0.3818979561328888,
            0.022784754633903503
        ],
        [
            0.15125161409378052,
            -0.16984204947948456,
            -0.08801845461130142
        ],
        [
            -0.001979090040549636,
            -0.2266383022069931,
            0.02812538854777813
        ],
        [
            -0.07552319020032883,
            -0.14234355092048645,
            0.044019460678100586
        ],
        [
            -0.14344379305839539,
            0.23063811659812927,
            0.0006011836230754852
        ],
        [
            -0.1566908359527588,
            0.5425902605056763,
            0.24642160534858704
        ],
        [
            0.059564605355262756,
            -0.12955865263938904,
            0.029188064858317375
        ],
        [
            0.09589263051748276,
            0.24062374234199524,
            -0.004638468846678734
        ],
        [
            0.05670186132192612,
            0.5763493776321411,
            0.20356225967407227
        ],
        [
            -0.0992901399731636,
            -0.8476176261901855,
            -0.12887993454933167
        ],
        [
            -0.056425392627716064,
            -0.8430457711219788,
            -0.17937850952148438
        ],
        [
            -0.05429902672767639,
            -0.8653395771980286,
            -0.037515148520469666
        ],
        [
            0.042541928589344025,
            -0.8548558950424194,
            -0.14871473610401154
        ],
        [
            0.06911323964595795,
            0.6952815651893616,
            0.04371960461139679
        ],
        [
            0.13235527276992798,
            0.68569415807724,
            0.09814423322677612
        ],
        [
            0.05427473410964012,
            0.5882320404052734,
            0.27315616607666016
        ],
        [
            -0.1635400354862213,
            0.6812461614608765,
            0.1051470935344696
        ],
        [
            -0.23525665700435638,
            0.6585750579833984,
            0.1506730616092682
        ],
        [
            -0.15951596200466156,
            0.5514280796051025,
            0.319140762090683
        ],
        [
            -0.17532531917095184,
            0.48639822006225586,
            0.24257761240005493
        ],
        [
            -0.1346583366394043,
            0.1693972945213318,
            -0.002589489333331585
        ],
        [
            -0.14360511302947998,
            -0.27316606044769287,
            0.05731092393398285
        ],
        [
            0.14594079554080963,
            -0.2328527718782425,
            0.034238044172525406
        ],
        [
            0.10676796734333038,
            0.19925905764102936,
            -0.006711882539093494
        ],
        [
            0.06621664017438889,
            0.5355679392814636,
            0.2135326862335205
        ],
        [
            -0.3314385414123535,
            -0.4821876883506775,
            -0.038259223103523254
        ],
        [
            -0.21823202073574066,
            -0.4548829197883606,
            0.1412104070186615
        ],
        [
            -0.10158942639827728,
            -0.6823480129241943,
            0.05385155230760574
        ],
        [
            0.16563042998313904,
            -0.6608731746673584,
            -0.057492244988679886
        ],
        [
            0.23650288581848145,
            -0.3981032967567444,
            -0.026417715474963188
        ],
        [
            0.15532054007053375,
            -0.1905490756034851,
            -0.09725804626941681
        ],
        [
            0.028973383828997612,
            -0.7258473038673401,
            -0.02744694985449314
        ],
        [
            -0.025822430849075317,
            -0.9059668183326721,
            -0.11818325519561768
        ],
        [
            0.0019743377342820168,
            -0.2528179883956909,
            0.0449482798576355
        ],
        [
            0.03049137070775032,
            -0.6695518493652344,
            -0.004626924637705088
        ],
        [
            0.0314447358250618,
            -0.49651074409484863,
            0.033102408051490784
        ],
        [
            -0.030189290642738342,
            -0.7919620871543884,
            -0.11676245927810669
        ],
        [
            -0.02609546110033989,
            -0.9268147349357605,
            -0.11308654397726059
        ]
    ],
    "pred_vertices": [
        [
            -0.056047722697257996,
            -0.8863388299942017,
            -0.2004084289073944
        ],
        [
            -0.06223975121974945,
            -0.8715046644210815,
            -0.19650554656982422
        ],
        [
            -0.04789558798074722,
            -0.8699815273284912,
            -0.19843098521232605
        ],
        [
            -0.039133526384830475,
            -0.8822015523910522,
            -0.19914749264717102
        ],
        [
            -0.0529584065079689,
            -0.859971821308136,
            -0.1964939534664154
        ],
        [
            -0.06499432027339935,
            -0.8601023554801941,
            -0.1934339851140976
        ],
        [
            -0.034604866057634354,
            -0.8665732145309448,
            -0.19550389051437378
        ],
        [
            -0.024715423583984375,
            -0.8751422762870789,
            -0.19462890923023224
        ],
        [
            -0.017259515821933746,
            -0.8352017402648926,
            -0.1832870990037918
        ],
        [
            -0.00686819851398468,
            -0.8330625295639038,
            -0.17907842993736267
        ],
        [
            -0.009704679250717163,
            -0.8443947434425354,
            -0.18338340520858765
        ],
        [
            -0.01969325542449951,
            -0.8435705900192261,
            -0.18549354374408722
        ],
        [
            -0.010289445519447327,
            -0.8114112615585327,
            -0.17393773794174194
        ],
        [
            -0.019143328070640564,
            -0.8007350564002991,
            -0.17234934866428375
        ],
        [
            -0.008754197508096695,
            -0.7946338653564453,
            -0.16559962928295135
        ],
        [
            -0.00022413581609725952,
            -0.8050755262374878,
            -0.1656981110572815
        ],
        [
            -0.060964085161685944,
            -0.8098373413085938,
            -0.16680891811847687
        ],
        [
            -0.05531322956085205,
            -0.8033297657966614,
            -0.1687588393688202
        ],
        [
            -0.05330197513103485,
            -0.8097149133682251,
            -0.17268061637878418
        ],
        [
            -0.059103824198246,
            -0.815545380115509,
            -0.1697932332754135
        ],
        [
            -0.07296436280012131,
            -0.8182227611541748,
            -0.1659632921218872
        ],
        [
            -0.07077188789844513,
            -0.8243299722671509,
            -0.16590756177902222
        ],
        [
            -0.0782688558101654,
            -0.8269630670547485,
            -0.16649731993675232
        ],
        [
            -0.08051126450300217,
            -0.8198480606079102,
            -0.1676868498325348
        ],
        [
            -0.06370028853416443,
            -0.8052080273628235,
            -0.16137613356113434
        ],
        [
            -0.057389289140701294,
            -0.7985594272613525,
            -0.16347810626029968
        ],
        [
            -0.06622030586004257,
            -0.8152341842651367,
            -0.1654345691204071
        ],
        [
            -0.06810866296291351,
            -0.8105360269546509,
            -0.16445741057395935
        ],
        [
            -0.07649253308773041,
            -0.802132248878479,
            -0.1673458218574524
        ],
        [
            -0.07516073435544968,
            -0.8069924712181091,
            -0.1686602383852005
        ],
        [
            -0.0826493352651596,
            -0.8064330816268921,
            -0.17065902054309845
        ],
        [
            -0.08210572600364685,
            -0.8014475107192993,
            -0.168049156665802
        ],
        [
            -0.06791859865188599,
            -0.803854763507843,
            -0.16329845786094666
        ],
        [
            -0.07003936916589737,
            -0.8058453798294067,
            -0.16619421541690826
        ],
        [
            -0.0727611854672432,
            -0.8018019199371338,
            -0.16497477889060974
        ],
        [
            -0.07096856832504272,
            -0.8007292747497559,
            -0.16139155626296997
        ],
        [
            -0.07477344572544098,
            -0.8134658336639404,
            -0.16630598902702332
        ],
        [
            -0.08201955258846283,
            -0.8136096000671387,
            -0.16896912455558777
        ],
        [
            -0.08997787535190582,
            -0.813383936882019,
            -0.17089492082595825
        ],
        [
            -0.09025868028402328,
            -0.8044837713241577,
            -0.17182259261608124
        ],
        [
            -0.04030797630548477,
            -0.791414737701416,
            -0.16915108263492584
        ],
        [
            -0.04844693839550018,
            -0.7971408367156982,
            -0.1699618697166443
        ],
        [
            -0.051017627120018005,
            -0.7927539944648743,
            -0.1652446985244751
        ],
        [
            -0.044549696147441864,
            -0.7879336476325989,
            -0.16549110412597656
        ],
        [
            -0.06699703633785248,
            -0.7985409498214722,
            -0.159403994679451
        ],
        [
            -0.06128857284784317,
            -0.7830644249916077,
            -0.1585330069065094
        ],
        [
            -0.06206440180540085,
            -0.7865761518478394,
            -0.15984249114990234
        ],
        [
            -0.06917525827884674,
            -0.7866966128349304,
            -0.1581532061100006
        ],
        [
            -0.06790177524089813,
            -0.783420741558075,
            -0.15731531381607056
        ],
        [
            -0.027693361043930054,
            -0.7798973917961121,
            -0.1632532924413681
        ],
        [
            -0.03471722453832626,
            -0.777869462966919,
            -0.16207654774188995
        ],
        [
            -0.03102724999189377,
            -0.7720309495925903,
            -0.15888181328773499
        ],
        [
            -0.02316279709339142,
            -0.7732350826263428,
            -0.15842843055725098
        ],
        [
            -0.03029777854681015,
            -0.7670064568519592,
            -0.1552436351776123
        ],
        [
            -0.019756779074668884,
            -0.7668182849884033,
            -0.1535070240497589
        ],
        [
            -0.023244023323059082,
            -0.7542048692703247,
            -0.1437213122844696
        ],
        [
            -0.020941659808158875,
            -0.7597500681877136,
            -0.14828452467918396
        ],
        [
            -0.03209123760461807,
            -0.761886477470398,
            -0.15138232707977295
        ],
        [
            -0.03707943111658096,
            -0.7565826177597046,
            -0.14837318658828735
        ],
        [
            -0.052953265607357025,
            -0.7593128085136414,
            -0.1461372673511505
        ],
        [
            -0.05866313725709915,
            -0.7576442956924438,
            -0.14342838525772095
        ],
        [
            -0.051450297236442566,
            -0.7466016411781311,
            -0.1425316333770752
        ],
        [
            -0.044519565999507904,
            -0.7506799697875977,
            -0.145456463098526
        ],
        [
            -0.05744870752096176,
            -0.7788185477256775,
            -0.15386125445365906
        ],
        [
            -0.05277438461780548,
            -0.7794362306594849,
            -0.15485793352127075
        ],
        [
            -0.05453994870185852,
            -0.7801198959350586,
            -0.15691596269607544
        ],
        [
            -0.059920504689216614,
            -0.7805044651031494,
            -0.15634378790855408
        ],
        [
            -0.04900150001049042,
            -0.7794056534767151,
            -0.1562080681324005
        ],
        [
            -0.047336287796497345,
            -0.7792458534240723,
            -0.156867116689682
        ],
        [
            -0.048593491315841675,
            -0.7801339626312256,
            -0.1578114926815033
        ],
        [
            -0.04982001334428787,
            -0.7799992561340332,
            -0.15662939846515656
        ],
        [
            -0.05148732662200928,
            -0.7796420454978943,
            -0.155533105134964
        ],
        [
            -0.05202588438987732,
            -0.7777983546257019,
            -0.15456190705299377
        ],
        [
            -0.04975074529647827,
            -0.7785919904708862,
            -0.15569990873336792
        ],
        [
            -0.056268878281116486,
            -0.7764553427696228,
            -0.1536225974559784
        ],
        [
            -0.0696309357881546,
            -0.7726819515228271,
            -0.14950373768806458
        ],
        [
            -0.0663752630352974,
            -0.7733307480812073,
            -0.1512603908777237
        ],
        [
            -0.06761202961206436,
            -0.7779150009155273,
            -0.15069594979286194
        ],
        [
            -0.07038036733865738,
            -0.7776161432266235,
            -0.1493019163608551
        ],
        [
            -0.05129252374172211,
            -0.7815845012664795,
            -0.15827959775924683
        ],
        [
            -0.04961039870977402,
            -0.7829310894012451,
            -0.16018569469451904
        ],
        [
            -0.05517571419477463,
            -0.784772515296936,
            -0.16041678190231323
        ],
        [
            -0.054972946643829346,
            -0.7824699878692627,
            -0.1584489494562149
        ],
        [
            -0.0480639785528183,
            -0.7846062183380127,
            -0.16246378421783447
        ],
        [
            -0.046853162348270416,
            -0.7813159227371216,
            -0.15935707092285156
        ],
        [
            -0.04417792707681656,
            -0.7819176912307739,
            -0.1615498960018158
        ],
        [
            -0.04731200635433197,
            -0.7776121497154236,
            -0.15604086220264435
        ],
        [
            -0.04411754012107849,
            -0.7762078046798706,
            -0.15663832426071167
        ],
        [
            -0.044992491602897644,
            -0.7783583998680115,
            -0.1583786904811859
        ],
        [
            -0.04506140202283859,
            -0.773184597492218,
            -0.15460246801376343
        ],
        [
            -0.049326010048389435,
            -0.7757368683815002,
            -0.15438666939735413
        ],
        [
            -0.05330926179885864,
            -0.7734600901603699,
            -0.15317577123641968
        ],
        [
            -0.058646075427532196,
            -0.7711544036865234,
            -0.15181249380111694
        ],
        [
            -0.05385801941156387,
            -0.7672778367996216,
            -0.1504000425338745
        ],
        [
            -0.048613451421260834,
            -0.7700850367546082,
            -0.15251123905181885
        ],
        [
            -0.05375075340270996,
            -0.7885510921478271,
            -0.16250503063201904
        ],
        [
            -0.04060670733451843,
            -0.7780039310455322,
            -0.16001296043395996
        ],
        [
            -0.03941229730844498,
            -0.7838525772094727,
            -0.16414888203144073
        ],
        [
            -0.03887837380170822,
            -0.7737722396850586,
            -0.1579589545726776
        ],
        [
            -0.039016686379909515,
            -0.7698409557342529,
            -0.1550474464893341
        ],
        [
            -0.041571855545043945,
            -0.7659742832183838,
            -0.15216395258903503
        ],
        [
            -0.047184936702251434,
            -0.7623571157455444,
            -0.14910337328910828
        ],
        [
            -0.03976081311702728,
            -0.741624116897583,
            -0.13475584983825684
        ],
        [
            -0.03192942589521408,
            -0.7469889521598816,
            -0.13948898017406464
        ],
        [
            -0.06347894668579102,
            -0.8539985418319702,
            -0.18782463669776917
        ],
        [
            -0.055264756083488464,
            -0.8534334897994995,
            -0.1923159658908844
        ],
        [
            -0.05035102367401123,
            -0.8475977182388306,
            -0.18719491362571716
        ],
        [
            -0.049717679619789124,
            -0.8497328758239746,
            -0.18897101283073425
        ],
        [
            -0.055613696575164795,
            -0.8503358364105225,
            -0.18783146142959595
        ],
        [
            -0.05505209416151047,
            -0.8479526042938232,
            -0.18610908091068268
        ],
        [
            -0.028875116258859634,
            -0.8441547751426697,
            -0.1853010058403015
        ],
        [
            -0.03584730997681618,
            -0.8449124693870544,
            -0.18518131971359253
        ],
        [
            -0.03377554938197136,
            -0.8416597843170166,
            -0.1836082637310028
        ],
        [
            -0.02600345015525818,
            -0.8379436731338501,
            -0.1843671053647995
        ],
        [
            -0.04261995851993561,
            -0.8328552842140198,
            -0.18059802055358887
        ],
        [
            -0.03748421370983124,
            -0.8347506523132324,
            -0.18202470242977142
        ],
        [
            -0.043428026139736176,
            -0.8404789566993713,
            -0.1828022003173828
        ],
        [
            -0.04717216640710831,
            -0.8391070365905762,
            -0.1818597912788391
        ],
        [
            -0.051068730652332306,
            -0.8383173942565918,
            -0.18025799095630646
        ],
        [
            -0.05482731759548187,
            -0.8382233381271362,
            -0.17809723317623138
        ],
        [
            -0.053310200572013855,
            -0.8333848118782043,
            -0.176373690366745
        ],
        [
            -0.048294797539711,
            -0.8326754570007324,
            -0.17860791087150574
        ],
        [
            -0.06144300848245621,
            -0.8514280319213867,
            -0.18407487869262695
        ],
        [
            -0.066127248108387,
            -0.851317822933197,
            -0.17860464751720428
        ],
        [
            -0.06416168808937073,
            -0.8485344052314758,
            -0.17826174199581146
        ],
        [
            -0.060529232025146484,
            -0.8483620882034302,
            -0.1832118183374405
        ],
        [
            -0.0663791298866272,
            -0.8448218703269958,
            -0.16585415601730347
        ],
        [
            -0.06672501564025879,
            -0.8467452526092529,
            -0.16806824505329132
        ],
        [
            -0.07030793279409409,
            -0.8479679822921753,
            -0.1666085124015808
        ],
        [
            -0.06946275383234024,
            -0.8440079092979431,
            -0.16432027518749237
        ],
        [
            -0.06739131361246109,
            -0.8409320712089539,
            -0.16514863073825836
        ],
        [
            -0.06551513075828552,
            -0.8429850339889526,
            -0.16657745838165283
        ],
        [
            -0.06517946720123291,
            -0.9077590703964233,
            -0.19856765866279602
        ],
        [
            -0.07123484462499619,
            -0.8901528120040894,
            -0.19610287249088287
        ],
        [
            -0.04456229507923126,
            -0.9040578603744507,
            -0.19996243715286255
        ],
        [
            -0.028136886656284332,
            -0.8968037366867065,
            -0.1966661512851715
        ],
        [
            -0.013876549899578094,
            -0.8856285810470581,
            -0.1923215091228485
        ],
        [
            -0.018524151295423508,
            -0.7858456373214722,
            -0.1645699292421341
        ],
        [
            -0.011287800967693329,
            -0.7790677547454834,
            -0.15906858444213867
        ],
        [
            0.0011680759489536285,
            -0.7892637252807617,
            -0.1585274189710617
        ],
        [
            0.005643617361783981,
            -0.7812094688415527,
            -0.1506490856409073
        ],
        [
            -0.007358275353908539,
            -0.770862340927124,
            -0.15214982628822327
        ],
        [
            -0.010538831353187561,
            -0.7553423643112183,
            -0.13625624775886536
        ],
        [
            -0.0069417208433151245,
            -0.7623691558837891,
            -0.144290030002594
        ],
        [
            0.008508164435625076,
            -0.7741421461105347,
            -0.14020970463752747
        ],
        [
            0.021545331925153732,
            -0.7898155450820923,
            -0.13845278322696686
        ],
        [
            0.016409344971179962,
            -0.7937134504318237,
            -0.149515300989151
        ],
        [
            0.030234254896640778,
            -0.8079478740692139,
            -0.13725008070468903
        ],
        [
            0.028916120529174805,
            -0.7863323092460632,
            -0.12463566660881042
        ],
        [
            0.03488922864198685,
            -0.8097916841506958,
            -0.1285114586353302
        ],
        [
            0.02487127110362053,
            -0.7515295147895813,
            -0.1083873063325882
        ],
        [
            0.03165041282773018,
            -0.7422810792922974,
            -0.10319320857524872
        ],
        [
            0.04617809131741524,
            -0.7521869540214539,
            -0.09904433786869049
        ],
        [
            0.04067598283290863,
            -0.7614316344261169,
            -0.10622487217187881
        ],
        [
            0.00943845883011818,
            -0.7988615036010742,
            -0.15782460570335388
        ],
        [
            -0.004903927445411682,
            -0.8560658097267151,
            -0.18247470259666443
        ],
        [
            -0.015617728233337402,
            -0.8530527353286743,
            -0.18684417009353638
        ],
        [
            0.0015349164605140686,
            -0.8452824950218201,
            -0.17843730747699738
        ],
        [
            -0.00040618330240249634,
            -0.9184523820877075,
            -0.18738055229187012
        ],
        [
            -0.015414722263813019,
            -0.9088876247406006,
            -0.19391456246376038
        ],
        [
            -0.00314437597990036,
            -0.8959357738494873,
            -0.19074088335037231
        ],
        [
            0.009577557444572449,
            -0.9065984487533569,
            -0.18505334854125977
        ],
        [
            -0.03170341998338699,
            -0.9505457878112793,
            -0.18274980783462524
        ],
        [
            -0.04920829087495804,
            -0.9313946962356567,
            -0.1941699981689453
        ],
        [
            -0.03318297863006592,
            -0.9219118356704712,
            -0.19476142525672913
        ],
        [
            -0.017795972526073456,
            -0.9366827011108398,
            -0.18715313076972961
        ],
        [
            0.01982852816581726,
            -0.9119565486907959,
            -0.1780548244714737
        ],
        [
            0.033665068447589874,
            -0.9188613891601562,
            -0.1672266125679016
        ],
        [
            0.03225211054086685,
            -0.9364030361175537,
            -0.1642749011516571
        ],
        [
            0.015197820961475372,
            -0.9295989274978638,
            -0.17720460891723633
        ],
        [
            0.024930648505687714,
            -0.9586044549942017,
            -0.15644052624702454
        ],
        [
            0.004376925528049469,
            -0.9507703185081482,
            -0.17265312373638153
        ],
        [
            0.044040221720933914,
            -0.7996416091918945,
            -0.11499202996492386
        ],
        [
            0.043234169483184814,
            -0.8174388408660889,
            -0.12110836803913116
        ],
        [
            0.03291579335927963,
            -0.7724029421806335,
            -0.114825539290905
        ],
        [
            0.04663483425974846,
            -0.7844158411026001,
            -0.10811886191368103
        ],
        [
            0.01337134838104248,
            -0.9757408499717712,
            -0.14390462636947632
        ],
        [
            -0.010636784136295319,
            -0.9678879380226135,
            -0.16410097479820251
        ],
        [
            0.06385472416877747,
            -0.9144494533538818,
            -0.12141294032335281
        ],
        [
            0.05748435854911804,
            -0.9285455346107483,
            -0.13375821709632874
        ],
        [
            0.05269043892621994,
            -0.9109694957733154,
