{
    "pred_cam": [
        1.468108892440796,
        -0.004296226426959038,
        0.32501235604286194
    ],
    "pred_smpl_params": {
        "global_orient": [
            [
                [
                    -0.991054117679596,
                    0.04077787324786186,
                    -0.12707845866680145
                ],
                [
                    -0.0217925813049078,
                    -0.9888439178466797,
                    -0.14735251665115356
                ],
                [
                    -0.13166947662830353,
                    -0.14326494932174683,
                    0.9808865189552307
                ]
            ]
        ],
        "body_pose": [
            [
                [
                    0.9971712231636047,
                    -0.002579130930826068,
                    -0.07511911541223526
                ],
                [
                    0.011943298391997814,
                    0.992150604724884,
                    0.1244773417711258
                ],
                [
                    0.07420843094587326,
                    -0.12502239644527435,
                    0.9893748164176941
                ]
            ],
            [
                [
                    0.9964412450790405,
                    -0.0816429853439331,
                    0.020958611741662025
                ],
                [
                    0.07211996614933014,
                    0.9544975757598877,
                    0.2893666923046112
                ],
                [
                    -0.04362970218062401,
                    -0.28682535886764526,
                    0.9569888710975647
                ]
            ],
            [
                [
                    0.9999927282333374,
                    -0.0022667532321065664,
                    -0.003063495270907879
                ],
                [
                    0.00176500144880265,
                    0.9879350066184998,
                    -0.15485896170139313
                ],
                [
                    0.00337756029330194,
                    0.15485243499279022,
                    0.9879318475723267
                ]
            ],
            [
                [
                    0.9879803657531738,
                    -0.062155041843652725,
                    -0.14153273403644562
                ],
                [
                    -0.11918338388204575,
                    0.2767728567123413,
                    -0.9535156488418579
                ],
                [
                    0.09843824058771133,
                    0.9589231610298157,
                    0.26603829860687256
                ]
            ],
            [
                [
                    0.9681429266929626,
                    -0.17618291079998016,
                    0.1779298633337021
                ],
                [
                    0.19725079834461212,
                    0.09888906031847,
                    -0.9753528833389282
                ],
                [
                    0.15424516797065735,
                    0.9793776273727417,
                    0.1304909586906433
                ]
            ],
            [
                [
                    0.9994823336601257,
                    0.007193794474005699,
                    0.031356457620859146
                ],
                [
                    -0.005934258457273245,
                    0.999178946018219,
                    -0.04007779434323311
                ],
                [
                    -0.03161902353167534,
                    0.0398709699511528,
                    0.9987043738365173
                ]
            ],
            [
                [
                    0.9830173850059509,
                    -0.07850708067417145,
                    0.1658717542886734
                ],
                [
                    0.03852858394384384,
                    0.9720188975334167,
                    0.2317216545343399
                ],
                [
                    -0.1794222593307495,
                    -0.2213956117630005,
                    0.9585362672805786
                ]
            ],
            [
                [
                    0.9757305979728699,
                    0.13236656785011292,
                    -0.17443859577178955
                ],
                [
                    -0.07764479517936707,
                    0.9539947509765625,
                    0.28959521651268005
                ],
                [
                    0.20474620163440704,
                    -0.26902270317077637,
                    0.9411194324493408
                ]
            ],
            [
                [
                    0.9998639225959778,
                    -0.002223385963588953,
                    0.016346793621778488
                ],
                [
                    0.0023883995600044727,
                    0.9999462962150574,
                    -0.010082029737532139
                ],
                [
                    -0.016323501244187355,
                    0.01011970080435276,
                    0.9998155236244202
                ]
            ],
            [
                [
                    0.999674379825592,
                    -0.014087647199630737,
                    -0.021276939660310745
                ],
                [
                    0.01784343458712101,
                    0.9819720983505249,
                    0.18818168342113495
                ],
                [
                    0.01824232190847397,
                    -0.1885000467300415,
                    0.9819037318229675
                ]
            ],
            [
                [
                    0.999700665473938,
                    -0.011443151161074638,
                    -0.02162417210638523
                ],
                [
                    0.014975405298173428,
                    0.9851583242416382,
                    0.17099381983280182
                ],
                [
                    0.01934652216732502,
                    -0.17126646637916565,
                    0.9850348234176636
                ]
            ],
            [
                [
                    0.9936412572860718,
                    0.0480540506541729,
                    0.10182251781225204
                ],
                [
                    -0.05914123356342316,
                    0.9922997355461121,
                    0.10882813483476639
                ],
                [
                    -0.09580882638692856,
                    -0.11415804177522659,
                    0.9888319373130798
                ]
            ],
            [
                [
                    0.910159170627594,
                    0.3865199089050293,
                    -0.14903908967971802
                ],
                [
                    -0.38476070761680603,
                    0.9220762252807617,
                    0.041649024933576584
                ],
                [
                    0.15352357923984528,
                    0.019437143579125404,
                    0.987953782081604
                ]
            ],
            [
                [
                    0.9459689855575562,
                    -0.31498733162879944,
                    0.07697904109954834
                ],
                [
                    0.3155062198638916,
                    0.9489067196846008,
                    0.005644533783197403
                ],
                [
                    -0.07482388615608215,
                    0.018947811797261238,
                    0.9970167875289917
                ]
            ],
            [
                [
                    0.9955571889877319,
                    0.07570819556713104,
                    0.05598318204283714
                ],
                [
                    -0.06494422256946564,
                    0.9826164245605469,
                    -0.17391712963581085
                ],
                [
                    -0.06817694753408432,
                    0.1695086658000946,
                    0.9831676483154297
                ]
            ],
            [
                [
                    0.47679615020751953,
                    0.782980740070343,
                    -0.3995080292224884
                ],
                [
                    -0.8663666248321533,
                    0.495415598154068,
                    -0.06302613765001297
                ],
                [
                    0.14857423305511475,
                    0.3761710524559021,
                    0.9145606160163879
                ]
            ],
            [
                [
                    0.590713620185852,
                    -0.7777484655380249,
                    0.2148597687482834
                ],
                [
                    0.798121988773346,
                    0.6023343801498413,
                    -0.013948105275630951
                ],
                [
                    -0.11856931447982788,
                    0.17972365021705627,
                    0.9765452742576599
                ]
            ],
            [
                [
                    0.3026156723499298,
                    -0.3704755902290344,
                    -0.878163754940033
                ],
                [
                    -0.09063095599412918,
                    0.906004011631012,
                    -0.4134521782398224
                ],
                [
                    0.9487938284873962,
                    0.20470593869686127,
                    0.24059446156024933
                ]
            ],
            [
                [
                    0.07238855957984924,
                    0.41173866391181946,
                    0.9084223508834839
                ],
                [
                    -0.2468777745962143,
                    0.8898652791976929,
                    -0.38365504145622253
                ],
                [
                    -0.966339111328125,
                    -0.19649705290794373,
                    0.16606518626213074
                ]
            ],
            [
                [
                    0.9926854372024536,
                    -0.11728383600711823,
                    -0.02863774634897709
                ],
                [
                    0.11283842474222183,
                    0.985672116279602,
                    -0.1253713071346283
                ],
                [
                    0.0429314561188221,
                    0.1212228387594223,
                    0.9916964769363403
                ]
            ],
            [
                [
                    0.9854649901390076,
                    0.16986694931983948,
                    -0.0020131440833210945
                ],
                [
                    -0.1683061718940735,
                    0.9746643900871277,
                    -0.14731720089912415
                ],
                [
                    -0.02306218259036541,
                    0.14551475644111633,
                    0.9890872836112976
                ]
            ],
            [
                [
                    0.9723416566848755,
                    0.21886979043483734,
                    -0.0815332904458046
                ],
                [
                    -0.20676249265670776,
                    0.9689813852310181,
                    0.13536739349365234
                ],
                [
                    0.10863207280635834,
                    -0.11476533114910126,
                    0.9874350428581238
                ]
            ],
            [
                [
                    0.9677222967147827,
                    -0.25024208426475525,
                    0.029874444007873535
                ],
                [
                    0.24401772022247314,
                    0.960024356842041,
                    0.13714440166950226
                ],
                [
                    -0.06299949437379837,
                    -0.12542779743671417,
                    0.9901005029678345
                ]
            ]
        ],
        "betas": [
            -0.18078649044036865,
            -0.07651537656784058,
            0.18491342663764954,
            0.15199027955532074,
            0.12780779600143433,
            0.058738771826028824,
            -0.03376147150993347,
            -0.10324728488922119,
            0.11337117105722427,
            -0.15315577387809753
        ]
    },
    "pred_cam_t": [
        -0.004296226426959038,
        0.32501235604286194,
        26.607358932495117
    ],
    "focal_length": [
        5000.0,
        5000.0
    ],
    "pred_keypoints_3d": [
        [
            -0.042157575488090515,
            -0.8451712131500244,
            0.13042184710502625
        ],
        [
            0.013955370523035526,
            -0.7291519045829773,
            -0.013794753700494766
        ],
        [
            0.18836887180805206,
            -0.6310267448425293,
            0.015751615166664124
        ],
        [
            0.2513083219528198,
            -0.38777101039886475,
            0.026739438995718956
        ],
        [
            0.20950832962989807,
            -0.39243000745773315,
            0.2748824656009674
        ],
        [
            -0.16279512643814087,
            -0.633253812789917,
            -0.03497100993990898
        ],
        [
            -0.193099245429039,
            -0.3774678707122803,
            -0.031857118010520935
        ],
        [
            -0.10260424017906189,
            -0.3220228850841522,
            0.1895500272512436
        ],
        [
            -0.0016966903349384665,
            -0.22400930523872375,
            0.02826324664056301
        ],
        [
            0.06257779896259308,
            -0.13241490721702576,
            0.0458114817738533
        ],
        [
            0.04115740954875946,
            0.21342867612838745,
            0.19803625345230103
        ],
        [
            0.01772998459637165,
            0.3668693006038666,
            -0.16383621096611023
        ],
        [
            -0.07381381094455719,
            -0.13414281606674194,
            0.02516356110572815
        ],
        [
            -0.12812896072864532,
            0.22095569968223572,
            0.11604588478803635
        ],
        [
            -0.13132359087467194,
            0.3862525224685669,
            -0.24093768000602722
        ],
        [
            -0.0037705805152654648,
            -0.887445330619812,
            0.10880574584007263
        ],
        [
            -0.0664987713098526,
            -0.8821105360984802,
            0.08753683418035507
        ],
        [
            0.06620365381240845,
            -0.8731245994567871,
            0.03226061910390854
        ],
        [
            -0.07141904532909393,
            -0.8627249002456665,
            -0.011877508834004402
        ],
        [
            -0.14573365449905396,
            0.5536735653877258,
            -0.14266526699066162
        ],
        [
            -0.21057292819023132,
            0.5202218890190125,
            -0.1818631887435913
        ],
        [
            -0.1382702738046646,
            0.36220139265060425,
            -0.30413565039634705
        ],
        [
            -0.0236788522452116,
            0.524429440498352,
            -0.05716449022293091
        ],
        [
            0.054191503673791885,
            0.512067973613739,
            -0.08924633264541626
        ],
        [
            0.029714681208133698,
            0.3585060238838196,
            -0.23391669988632202
        ],
        [
            0.0503426194190979,
            0.3262030780315399,
            -0.135040745139122
        ],
        [
            0.04546608403325081,
            0.16291651129722595,
            0.19301989674568176
        ],
        [
            0.148962140083313,
            -0.2484065741300583,
            0.030791431665420532
        ],
        [
            -0.14661191403865814,
            -0.23978209495544434,
            -0.01614519953727722
        ],
        [
            -0.13725793361663818,
            0.18500885367393494,
            0.11623992770910263
        ],
        [
            -0.13976183533668518,
            0.3450849652290344,
            -0.2249707579612732
        ],
        [
            0.19451726973056793,
            -0.4174080491065979,
            0.2517029941082001
        ],
        [
            0.2736930847167969,
            -0.4204305112361908,
            0.04830186069011688
        ],
        [
            0.15771257877349854,
            -0.6630008220672607,
            0.008311652578413486
        ],
        [
            -0.13433903455734253,
            -0.6642723083496094,
            -0.040902987122535706
        ],
        [
            -0.2194111943244934,
            -0.4137694239616394,
            -0.0019306403119117022
        ],
        [
            -0.10810741037130356,
            -0.34237414598464966,
            0.1804492175579071
        ],
        [
            0.008844144642353058,
            -0.7215157151222229,
            -0.009136010892689228
        ],
        [
            -0.015255970880389214,
            -0.9209532737731934,
            0.02014366164803505
        ],
        [
            0.0004666840541176498,
            -0.2442394644021988,
            0.007295636460185051
        ],
        [
            0.011736564338207245,
            -0.6618285179138184,
            -0.01306170504540205
        ],
        [
            0.011501048691570759,
            -0.4848495125770569,
            -0.024276988580822945
        ],
        [
            -0.02244815230369568,
            -0.8142601251602173,
            0.057888180017471313
        ],
        [
            -0.009471280500292778,
            -0.9396231174468994,
            0.012109004892408848
        ]
    ],
    "pred_vertices": [
        [
            -0.08041034638881683,
            -0.9262490272521973,
            0.08191585540771484
        ],
        [
            -0.07556856423616409,
            -0.9132982492446899,
            0.09019523113965988
        ],
        [
            -0.08284555375576019,
            -0.9082094430923462,
            0.07890322804450989
        ],
        [
            -0.08611641824245453,
            -0.9179412126541138,
            0.06749016046524048
        ],
        [
            -0.08016596734523773,
            -0.8998894691467285,
            0.08600474894046783
        ],
        [
            -0.07285898923873901,
            -0.9024049043655396,
            0.0953458845615387
        ],
        [
            -0.08561498671770096,
            -0.9010314345359802,
            0.06751422584056854
        ],
        [
            -0.08780999481678009,
            -0.9075385332107544,
            0.05512508377432823
        ],
        [
            -0.08569919317960739,
            -0.8649041652679443,
            0.0569770485162735
        ],
        [
            -0.08575785160064697,
            -0.8593564629554749,
            0.04701303690671921
        ],
        [
            -0.08654069900512695,
            -0.8712602853775024,
            0.048099905252456665
        ],
        [
            -0.08473431318998337,
            -0.8733949661254883,
            0.05778965726494789
        ],
        [
            -0.08144840598106384,
            -0.8393880128860474,
            0.05595683678984642
        ],
        [
            -0.07759209722280502,
            -0.8314275741577148,
            0.06651425361633301
        ],
        [
            -0.07576264441013336,
            -0.821830689907074,
            0.05738934129476547
        ],
        [
            -0.07802833616733551,
            -0.8293794393539429,
            0.046559564769268036
        ],
        [
            -0.0560338981449604,
            -0.8495389223098755,
            0.0976637452840805
        ],
        [
            -0.06027975305914879,
            -0.8424930572509766,
            0.09538105130195618
        ],
        [
            -0.06409798562526703,
            -0.8485870361328125,
            0.09291718155145645
        ],
        [
            -0.058969397097826004,
            -0.854941725730896,
            0.09529527276754379
        ],
        [
            -0.049692898988723755,
            -0.8598263263702393,
            0.10606514662504196
        ],
        [
            -0.04985413700342178,
            -0.8650159239768982,
            0.10224195569753647
        ],
        [
            -0.04739381745457649,
            -0.869603157043457,
            0.10831788182258606
        ],
        [
            -0.04825333505868912,
            -0.8636701107025146,
            0.11289636790752411
        ],
        [
            -0.05071425065398216,
            -0.8448302745819092,
            0.09985912591218948
        ],
        [
            -0.05501110479235649,
            -0.837640643119812,
            0.09688597917556763
        ],
        [
            -0.0525839664041996,
            -0.8555856347084045,
            0.10036452859640121
        ],
        [
            -0.05074247717857361,
            -0.8510554432868958,
            0.10346277058124542
        ],
        [
            -0.05119292810559273,
            -0.845942497253418,
            0.11455488204956055
        ],
        [
            -0.05245104432106018,
            -0.8503599762916565,
            0.11233310401439667
        ],
        [
            -0.051568176597356796,
            -0.8521121740341187,
            0.11993159353733063
        ],
        [
            -0.04983904957771301,
            -0.8467050790786743,
            0.12008638679981232
        ],
        [
            -0.05056954175233841,
            -0.8444191813468933,
            0.1050071120262146
        ],
        [
            -0.05225555598735809,
            -0.8473642468452454,
            0.10729054361581802
        ],
        [
            -0.05041683465242386,
            -0.8441081643104553,
            0.1105450764298439
        ],
        [
            -0.04783589392900467,
            -0.8419555425643921,
            0.10804678499698639
        ],
        [
            -0.049753058701753616,
            -0.855815052986145,
            0.10919179022312164
        ],
        [
            -0.04956800863146782,
            -0.8583675622940063,
            0.1165715828537941
        ],
        [
            -0.0483565554022789,
            -0.8606356382369995,
            0.1244257390499115
        ],
        [
            -0.04974424093961716,
            -0.8522529006004333,
            0.12776154279708862
        ],
        [
            -0.06701125204563141,
            -0.827830970287323,
            0.08651749789714813
        ],
        [
            -0.06448554247617722,
            -0.8352928161621094,
            0.09181083738803864
        ],
        [
            -0.05926871299743652,
            -0.8310385942459106,
            0.09383250772953033
        ],
        [
            -0.062187399715185165,
            -0.8250304460525513,
            0.08987531065940857
        ],
        [
            -0.047411076724529266,
            -0.8386275768280029,
            0.10454010963439941
        ],
        [
            -0.0496639609336853,
            -0.822696328163147,
            0.10452206432819366
        ],
        [
            -0.050253063440322876,
            -0.8263600468635559,
            0.10435169190168381
        ],
        [
            -0.04604404792189598,
            -0.827958345413208,
            0.11001748591661453
        ],
        [
            -0.046037185937166214,
            -0.8244705200195312,
            0.10976915806531906
        ],
        [
            -0.06718416512012482,
            -0.8128687143325806,
            0.077469602227211
        ],
        [
            -0.06331856548786163,
            -0.8126116991043091,
            0.08346082270145416
        ],
        [
            -0.062244489789009094,
            -0.8056068420410156,
            0.08135722577571869
        ],
        [
            -0.0648871585726738,
            -0.8045986294746399,
            0.07449260354042053
        ],
        [
            -0.05914044752717018,
            -0.8001244068145752,
            0.0814325138926506
        ],
        [
            -0.06175157427787781,
            -0.796833336353302,
            0.07230272144079208
        ],
        [
            -0.052232760936021805,
            -0.7836679220199585,
            0.07618704438209534
        ],
        [
            -0.05697751045227051,
            -0.7893390655517578,
            0.07409480214118958
        ],
        [
            -0.05525970458984375,
            -0.7949222326278687,
            0.08346390724182129
        ],
        [
            -0.05112111195921898,
            -0.7903565168380737,
            0.08853486180305481
        ],
        [
            -0.04351698234677315,
            -0.7964245676994324,
            0.10046911984682083
        ],
        [
            -0.03909994661808014,
            -0.7957757115364075,
            0.10499876737594604
        ],
        [
            -0.04135614633560181,
            -0.7833406925201416,
            0.10197921842336655
        ],
        [
            -0.046249158680438995,
            -0.7859714031219482,
            0.09589079767465591
        ],
        [
            -0.04793152958154678,
            -0.8172637224197388,
            0.10082606971263885
        ],
        [
            -0.050465576350688934,
            -0.8169263601303101,
            0.09677138179540634
        ],
        [
            -0.05165553092956543,
            -0.818405032157898,
            0.09875308722257614
        ],
        [
            -0.049176063388586044,
            -0.8199847936630249,
            0.10319784283638
        ],
        [
            -0.052826136350631714,
            -0.8163928985595703,
            0.09374285489320755
        ],
        [
            -0.05400807783007622,
            -0.8159300684928894,
            0.09248008579015732
        ],
        [
            -0.054415374994277954,
            -0.8172322511672974,
            0.09361083805561066
        ],
        [
            -0.05314697325229645,
            -0.8171589374542236,
            0.09435220807790756
        ],
        [
            -0.05158637836575508,
            -0.8170028924942017,
            0.09567175805568695
        ],
        [
            -0.05074448883533478,
            -0.8151841759681702,
            0.0965215265750885
        ],
        [
            -0.05221158638596535,
            -0.8156931400299072,
            0.09459462016820908
        ],
        [
            -0.04848828166723251,
            -0.8147751092910767,
            0.10045766085386276
        ],
        [
            -0.039088621735572815,
            -0.8133530616760254,
            0.11226078867912292
        ],
        [
            -0.04261402413249016,
            -0.8139249086380005,
            0.1095043420791626
        ],
        [
            -0.04140143841505051,
            -0.8182830810546875,
            0.10900731384754181
        ],
        [
            -0.03830179572105408,
            -0.818048894405365,
            0.11142219603061676
        ],
        [
            -0.0533662885427475,
            -0.8188745975494385,
            0.09596485644578934
        ],
        [
            -0.055995065718889236,
            -0.8205191493034363,
            0.09428179264068604
        ],
        [
            -0.05412454903125763,
            -0.8235765695571899,
            0.09871163219213486
        ],
        [
            -0.0526706837117672,
            -0.8209840655326843,
            0.09877781569957733
        ],
        [
            -0.05858951807022095,
            -0.8221086859703064,
            0.09307986497879028
        ],
        [
            -0.05630708858370781,
            -0.8181869983673096,
            0.09213873744010925
        ],
        [
            -0.05847107246518135,
            -0.8182462453842163,
            0.09047751128673553
        ],
        [
            -0.05338120833039284,
            -0.8142893314361572,
            0.09278960525989532
        ],
        [
            -0.05502893030643463,
            -0.812361478805542,
            0.09052353352308273
        ],
        [
            -0.05616004392504692,
            -0.8149029016494751,
            0.09109293669462204
        ],
        [
            -0.05321228504180908,
            -0.8093482851982117,
            0.09188677370548248
        ],
        [
            -0.051444992423057556,
            -0.8126646280288696,
            0.09478515386581421
        ],
        [
            -0.04917050898075104,
            -0.8112431764602661,
            0.09874002635478973
        ],
        [
            -0.04611537978053093,
            -0.8101193308830261,
            0.10373334586620331
        ],
        [
            -0.0467824786901474,
            -0.805046796798706,
            0.10030215233564377
        ],
        [
            -0.05045940726995468,
            -0.8067969083786011,
            0.09550727158784866
        ],
        [
            -0.05560088902711868,
            -0.8267910480499268,
            0.0970858782529831
        ],
        [
            -0.05913224443793297,
            -0.8138848543167114,
            0.08770210295915604
        ],
        [
            -0.06302084028720856,
            -0.8197972774505615,
            0.08611966669559479
        ],
        [
            -0.05818140506744385,
            -0.8091336488723755,
            0.08699657022953033
        ],
        [
            -0.055817797780036926,
            -0.8049012422561646,
            0.08773549646139145
        ],
        [
            -0.052419550716876984,
            -0.8012043237686157,
            0.09059660136699677
        ],
        [
            -0.0481351763010025,
            -0.7985562682151794,
            0.09558743238449097
        ],
        [
            -0.038589026778936386,
            -0.7741794586181641,
            0.0909402072429657
        ],
        [
            -0.04545397311449051,
            -0.7781098484992981,
            0.08438779413700104
        ],
        [
            -0.06961201131343842,
            -0.8956089019775391,
            0.09388018399477005
        ],
        [
            -0.07656463980674744,
            -0.8936366438865662,
            0.08857911080121994
        ],
        [
            -0.07467522472143173,
            -0.885883629322052,
            0.08405347168445587
        ],
        [
            -0.07716062664985657,
            -0.8885148763656616,
            0.08307138830423355
        ],
        [
            -0.07287425547838211,
            -0.8898427486419678,
            0.0881456583738327
        ],
        [
            -0.07191169261932373,
            -0.8873039484024048,
            0.08765963464975357
        ],
        [
            -0.0812358632683754,
            -0.8765683770179749,
            0.0652826577425003
        ],
        [
            -0.07851549237966537,
            -0.8790972828865051,
            0.0712047591805458
        ],
        [
            -0.07778877764940262,
            -0.8752896785736084,
            0.06975993514060974
        ],
        [
            -0.08185327053070068,
            -0.8699356317520142,
            0.06420482695102692
        ],
        [
            -0.07281822711229324,
            -0.8686966896057129,
            0.07947475463151932
        ],
        [
            -0.07568389177322388,
            -0.8694154024124146,
            0.0747918114066124
        ],
        [
            -0.07385550439357758,
            -0.8765453696250916,
            0.07838521897792816
        ],
        [
            -0.07175436615943909,
            -0.8760684728622437,
            0.08181741833686829
        ],
        [
            -0.06900608539581299,
            -0.8759767413139343,
            0.08509425818920135
        ],
        [
            -0.0653829574584961,
            -0.8764204978942871,
            0.08764906227588654
        ],
        [
            -0.06493811309337616,
            -0.8709995746612549,
            0.08739185333251953
        ],
        [
            -0.0690055787563324,
            -0.8695385456085205,
            0.0839104875922203
        ],
        [
            -0.06748931109905243,
            -0.891726016998291,
            0.09152548015117645
        ],
        [
            -0.06055353581905365,
            -0.8916699290275574,
            0.09393693506717682
        ],
        [
            -0.06133586913347244,
            -0.8884438872337341,
            0.09303401410579681
        ],
        [
            -0.06729478389024734,
            -0.888474702835083,
            0.09129852056503296
        ],
        [
            -0.049576472491025925,
            -0.8829658627510071,
            0.09234422445297241
        ],
        [
            -0.05132342875003815,
            -0.8853037357330322,
            0.09272737801074982
        ],
        [
            -0.04863152280449867,
            -0.8871235847473145,
            0.09510795772075653
        ],
        [
            -0.04710567370057106,
            -0.8827016949653625,
            0.09481865167617798
        ],
        [
            -0.048813268542289734,
            -0.8794578313827515,
            0.09423474967479706
        ],
        [
            -0.050723426043987274,
            -0.8811942338943481,
            0.09242717921733856
        ],
        [
            -0.07372824847698212,
            -0.9485775232315063,
            0.08232207596302032
        ],
        [
            -0.07021748274564743,
            -0.9323601126670837,
            0.09314484894275665
        ],
        [
            -0.08240124583244324,
            -0.9398058652877808,
            0.06555300951004028
        ],
        [
            -0.08658543229103088,
            -0.928280770778656,
            0.05212055891752243
        ],
        [
            -0.08926369994878769,
            -0.9136594533920288,
            0.041404299437999725
        ],
        [
            -0.07161881774663925,
            -0.8161647319793701,
            0.06830623745918274
        ],
        [
            -0.06984235346317291,
            -0.8070594668388367,
            0.06260287761688232
        ],
        [
            -0.07334734499454498,
            -0.8127999305725098,
            0.04843444749712944
        ],
        [
            -0.06863673776388168,
            -0.8029229640960693,
            0.04530766233801842
        ],
        [
            -0.06554185599088669,
            -0.7969727516174316,
            0.06011552736163139
        ],
        [
            -0.05040130764245987,
            -0.7798317670822144,
            0.06296778470277786
        ],
        [
            -0.05907503515481949,
            -0.7872936725616455,
            0.0604129396378994
        ],
        [
            -0.06139139458537102,
            -0.7933545112609863,
            0.04248124733567238
        ],
        [
            -0.06431001424789429,
            -0.8045411109924316,
            0.02535060979425907
        ],
        [
            -0.07008937001228333,
            -0.811108410358429,
            0.031399957835674286
        ],
        [
            -0.06516086310148239,
            -0.8189355134963989,
            0.011511954478919506
        ],
        [
            -0.05486088618636131,
            -0.7975038290023804,
            0.017207548022270203
        ],
        [
            -0.059010446071624756,
            -0.8184528946876526,
            0.005026336293667555
        ],
        [
            -0.03950648009777069,
            -0.763821542263031,
            0.02806912735104561
        ],
        [
            -0.03973337262868881,
            -0.7525949478149414,
            0.024801677092909813
        ],
        [
            -0.04675392806529999,
            -0.7588251829147339,
            0.00900675542652607
        ],
        [
            -0.04696524143218994,
            -0.7699402570724487,
            0.011940358206629753
        ],
        [
            -0.07493675500154495,
            -0.8196423053741455,
            0.037723690271377563
        ],
        [
            -0.08650840818881989,
            -0.8823050856590271,
            0.039550118148326874
        ],
        [
            -0.08662641793489456,
            -0.8822153806686401,
            0.051415279507637024
        ],
        [
            -0.08530674129724503,
            -0.8689330816268921,
            0.03645356371998787
        ],
        [
            -0.08749305456876755,
            -0.940557599067688,
            0.017387695610523224
        ],
        [
            -0.08825280517339706,
            -0.9369087219238281,
            0.035869427025318146
        ],
        [
            -0.09075143933296204,
            -0.9203683137893677,
            0.027918536216020584
        ],
        [
            -0.0894368514418602,
            -0.925998330116272,
            0.011488289572298527
        ],
        [
            -0.06814436614513397,
            -0.9777848124504089,
            0.033681195229291916
        ],
        [
            -0.07374254614114761,
            -0.9663311839103699,
            0.05855947732925415
        ],
        [
            -0.08043204993009567,
            -0.9529086351394653,
            0.04782797396183014
        ],
        [
            -0.07822227478027344,
            -0.9617176055908203,
            0.02696821838617325
        ],
        [
            -0.08677893877029419,
            -0.9267557263374329,
            -0.0017627710476517677
        ],
        [
            -0.08095846325159073,
            -0.927355170249939,
            -0.019944440573453903
        ],
        [
            -0.07626339793205261,
            -0.9433595538139343,
            -0.025879455730319023
        ],
        [
            -0.0821385458111763,
            -0.9447261691093445,
            -0.003644276410341263
        ],
        [
            -0.06391984969377518,
            -0.9644244909286499,
            -0.02872040495276451
        ],
        [
            -0.07222089171409607,
            -0.9663844704627991,
            -0.002450389787554741
        ],
        [
            -0.05240539461374283,
            -0.8053934574127197,
            -0.0028638020157814026
        ],
        [
            -0.05451895296573639,
            -0.8230223655700684,
            -0.006997557356953621
        ],
        [
            -0.048388686031103134,
            -0.783097505569458,
            0.016801832243800163
        ],
        [
            -0.05059061944484711,
            -0.7900654077529907,
            -0.000943194143474102
        ],
        [
            -0.04671504348516464,
            -0.9804873466491699,
            -0.02778971940279007
        ],
        [
            -0.05719807744026184,
            -0.9844762086868286,
            0.002491965889930725
        ],
        [
            -0.05167541652917862,
            -0.9056373238563538,
            -0.06041824072599411
        ],
        [
            -0.0585254430770874,
            -0.9231406450271606,
            -0.055277347564697266
        ],
        [
            -0.06853175908327103,
            -0.9101828932762146,
            -0.041700929403305054
        ],
        [
            -0.0614057332277298,
            -0.8955099582672119,
