{
    "pred_cam": [
        1.4804558753967285,
        0.004332119598984718,
        0.32401546835899353
    ],
    "pred_smpl_params": {
        "global_orient": [
            [
                [
                    -0.9786043167114258,
                    0.05227625370025635,
                    -0.19899947941303253
                ],
                [
                    -0.020206434652209282,
                    -0.9869273900985718,
                    -0.1598936915397644
                ],
                [
                    -0.2047566920518875,
                    -0.15245158970355988,
                    0.9668677449226379
                ]
            ]
        ],
        "body_pose": [
            [
                [
                    0.995482861995697,
                    -0.0017372959991917014,
                    -0.09492621570825577
                ],
                [
                    0.011954463087022305,
                    0.994168758392334,
                    0.10717058181762695
                ],
                [
                    0.09418649971485138,
                    -0.1078212559223175,
                    0.9896987080574036
                ]
            ],
            [
                [
                    0.9974344372749329,
                    -0.07146592438220978,
                    -0.004136699717491865
                ],
                [
                    0.06953216344118118,
                    0.9534634351730347,
                    0.29338163137435913
                ],
                [
                    -0.017022598534822464,
                    -0.29291659593582153,
                    0.9559864401817322
                ]
            ],
            [
                [
                    0.9998519420623779,
                    -0.011174929328262806,
                    0.013085429556667805
                ],
                [
                    0.013066990301012993,
                    0.9878568053245544,
                    -0.15481649339199066
                ],
                [
                    -0.011196469888091087,
                    0.15496456623077393,
                    0.9878565669059753
                ]
            ],
            [
                [
                    0.9850507378578186,
                    -0.0954868495464325,
                    -0.14337794482707977
                ],
                [
                    -0.10752826184034348,
                    0.30942651629447937,
                    -0.9448242783546448
                ],
                [
                    0.1345832198858261,
                    0.946117103099823,
                    0.29453328251838684
                ]
            ],
            [
                [
                    0.9624729752540588,
                    -0.2068459540605545,
                    0.1756712794303894
                ],
                [
                    0.19771932065486908,
                    0.09108850359916687,
                    -0.9760172963142395
                ],
                [
                    0.18588359653949738,
                    0.974124014377594,
                    0.1285676658153534
                ]
            ],
            [
                [
                    0.9984122514724731,
                    0.02474982663989067,
                    0.05059804394841194
                ],
                [
                    -0.022741829976439476,
                    0.9989455342292786,
                    -0.039882905781269073
                ],
                [
                    -0.05153178423643112,
                    0.03866890072822571,
                    0.9979223012924194
                ]
            ],
            [
                [
                    0.9838658571243286,
                    -0.07066567242145538,
                    0.16436035931110382
                ],
                [
                    0.034322820603847504,
                    0.9761770367622375,
                    0.21424363553524017
                ],
                [
                    -0.17558448016643524,
                    -0.2051456868648529,
                    0.9628527164459229
                ]
            ],
            [
                [
                    0.9779913425445557,
                    0.12787531316280365,
                    -0.16486598551273346
                ],
                [
                    -0.074952632188797,
                    0.9527503252029419,
                    0.2943616807460785
                ],
                [
                    0.19471773505210876,
                    -0.2755260467529297,
                    0.9413661360740662
                ]
            ],
            [
                [
                    0.999298632144928,
                    0.0067166960798203945,
                    0.03683847561478615
                ],
                [
                    -0.006033829413354397,
                    0.9998084902763367,
                    -0.018616756424307823
                ],
                [
                    -0.036956463009119034,
                    0.018381422385573387,
                    0.9991477727890015
                ]
            ],
            [
                [
                    0.9996505379676819,
                    -0.02562910132110119,
                    -0.006475955247879028
                ],
                [
                    0.026399001479148865,
                    0.9805958867073059,
                    0.19425442814826965
                ],
                [
                    0.0013717286055907607,
                    -0.1943574994802475,
                    0.9809297919273376
                ]
            ],
            [
                [
                    0.9997568130493164,
                    -0.004802084993571043,
                    -0.021524567157030106
                ],
                [
                    0.008314006961882114,
                    0.9860612750053406,
                    0.16617465019226074
                ],
                [
                    0.020426558330655098,
                    -0.16631318628787994,
                    0.9858614206314087
                ]
            ],
            [
                [
                    0.9888612627983093,
                    0.07318942993879318,
                    0.12960241734981537
                ],
                [
                    -0.08396550267934799,
                    0.9932739734649658,
                    0.07972908765077591
                ],
                [
                    -0.12289536744356155,
                    -0.0897231325507164,
                    0.9883555173873901
                ]
            ],
            [
                [
                    0.9134093523025513,
                    0.3924475610256195,
                    -0.10801976919174194
                ],
                [
                    -0.38906607031822205,
                    0.9197599291801453,
                    0.051665812730789185
                ],
                [
                    0.11962836235761642,
                    -0.005165214650332928,
                    0.9928053617477417
                ]
            ],
            [
                [
                    0.941021740436554,
                    -0.3302145302295685,
                    0.07373275607824326
                ],
                [
                    0.3315577805042267,
                    0.9434129595756531,
                    -0.0064335172064602375
                ],
                [
                    -0.06743599474430084,
                    0.03050074353814125,
                    0.9972572922706604
                ]
            ],
            [
                [
                    0.9937434792518616,
                    0.08803597837686539,
                    0.06872829049825668
                ],
                [
                    -0.07332434505224228,
                    0.9784342646598816,
                    -0.19310572743415833
                ],
                [
                    -0.08424636721611023,
                    0.18685810267925262,
                    0.9787678718566895
                ]
            ],
            [
                [
                    0.4937807321548462,
                    0.7781168222427368,
                    -0.3882202208042145
                ],
                [
                    -0.8507887721061707,
                    0.5246143937110901,
                    -0.03063158504664898
                ],
                [
                    0.17983095347881317,
                    0.34541866183280945,
                    0.9210575222969055
                ]
            ],
            [
                [
                    0.5690320730209351,
                    -0.788824737071991,
                    0.2322886437177658
                ],
                [
                    0.8133501410484314,
                    0.5815044045448303,
                    -0.01772500015795231
                ],
                [
                    -0.12109494209289551,
                    0.19901810586452484,
                    0.972485363483429
                ]
            ],
            [
                [
                    0.13328976929187775,
                    -0.4292490780353546,
                    -0.8932966589927673
                ],
                [
                    0.006141633726656437,
                    0.9016796946525574,
                    -0.4323608875274658
                ],
                [
                    0.9910580515861511,
                    0.05214296653866768,
                    0.12282096594572067
                ]
            ],
            [
                [
                    0.02228645421564579,
                    0.4222996234893799,
                    0.9061822295188904
                ],
                [
                    -0.22394023835659027,
                    0.8854843378067017,
                    -0.4071464240550995
                ],
                [
                    -0.9743480086326599,
                    -0.19385682046413422,
                    0.11430418491363525
                ]
            ],
            [
                [
                    0.9877486228942871,
                    -0.15360113978385925,
                    -0.02755570039153099
                ],
                [
                    0.15012508630752563,
                    0.9835019111633301,
                    -0.10092808306217194
                ],
                [
                    0.042603749781847,
                    0.09555477648973465,
                    0.9945120215415955
                ]
            ],
            [
                [
                    0.9858356714248657,
                    0.1675015389919281,
                    0.008449026383459568
                ],
                [
                    -0.1652914434671402,
                    0.9788913726806641,
                    -0.12020955234766006
                ],
                [
                    -0.028405968099832535,
                    0.11711029708385468,
                    0.9927126169204712
                ]
            ],
            [
                [
                    0.9714033007621765,
                    0.22372399270534515,
                    -0.07951806485652924
                ],
                [
                    -0.21354103088378906,
                    0.9696146249771118,
                    0.11936386674642563
                ],
                [
                    0.10380643606185913,
                    -0.09897009283304214,
                    0.9896610975265503
                ]
            ],
            [
                [
                    0.9662421345710754,
                    -0.25394248962402344,
                    0.04346439987421036
                ],
                [
                    0.24701881408691406,
                    0.9610772728919983,
                    0.12374220788478851
                ],
                [
                    -0.07319606095552444,
                    -0.10882843285799026,
                    0.9913619160652161
                ]
            ]
        ],
        "betas": [
            -0.20185983180999756,
            -0.07983294129371643,
            0.18413838744163513,
            0.16105279326438904,
            0.14592188596725464,
            0.04289451614022255,
            -0.03435555100440979,
            -0.10170435905456543,
            0.12713435292243958,
            -0.1617792248725891
        ]
    },
    "pred_cam_t": [
        0.004332119598984718,
        0.32401546835899353,
        26.385454177856445
    ],
    "focal_length": [
        5000.0,
        5000.0
    ],
    "pred_keypoints_3d": [
        [
            -0.07015044242143631,
            -0.8372452855110168,
            0.11603594571352005
        ],
        [
            0.0154949352145195,
            -0.7281926274299622,
            -0.01792866177856922
        ],
        [
            0.18592864274978638,
            -0.6318002343177795,
            0.03473513573408127
        ],
        [
            0.24222737550735474,
            -0.3874748647212982,
            0.05005647987127304
        ],
        [
            0.15650616586208344,
            -0.3996594548225403,
            0.2860039174556732
        ],
        [
            -0.1542108952999115,
            -0.6289213299751282,
            -0.06454663723707199
        ],
        [
            -0.18691416084766388,
            -0.3739506006240845,
            -0.05409049987792969
        ],
        [
            -0.1574029177427292,
            -0.37691473960876465,
            0.18927140533924103
        ],
        [
            -0.0016846663784235716,
            -0.2238064706325531,
            0.028206421062350273
        ],
        [
            0.061039432883262634,
            -0.13249999284744263,
            0.051576003432273865
        ],
        [
            0.0314100943505764,
            0.2102685272693634,
            0.2078879177570343
        ],
        [
            0.01296115294098854,
            0.36420661211013794,
            -0.1532902717590332
        ],
        [
            -0.0734696015715599,
            -0.13397780060768127,
            0.020879128947854042
        ],
        [
            -0.13319486379623413,
            0.22097992897033691,
            0.10650815814733505
        ],
        [
            -0.1314975917339325,
            0.39530885219573975,
            -0.24538537859916687
        ],
        [
            -0.03171362727880478,
            -0.8823901414871216,
            0.102193184196949
        ],
        [
            -0.08931128680706024,
            -0.8738036155700684,
            0.07030419260263443
        ],
        [
            0.05118219554424286,
            -0.8747979998588562,
            0.03853699564933777
        ],
        [
            -0.0757959634065628,
            -0.8573276996612549,
            -0.028593333438038826
        ],
        [
            -0.15220770239830017,
            0.5614533424377441,
            -0.1459537148475647
        ],
        [
            -0.21461012959480286,
            0.5266935229301453,
            -0.18768614530563354
        ],
        [
            -0.136081725358963,
            0.37204819917678833,
            -0.3089921474456787
        ],
        [
            -0.03490496054291725,
            0.5195801854133606,
            -0.04661142826080322
        ],
        [
            0.04400498420000076,
            0.5094414353370667,
            -0.07684779167175293
        ],
        [
            0.026694130152463913,
            0.35664892196655273,
            -0.223108172416687
        ],
        [
            0.04575871676206589,
            0.3241944909095764,
            -0.12407313287258148
        ],
        [
            0.03644824028015137,
            0.16005346179008484,
            0.20248287916183472
        ],
        [
            0.1481490433216095,
            -0.24826592206954956,
            0.04141838103532791
        ],
        [
            -0.14296260476112366,
            -0.23892411589622498,
            -0.026376638561487198
        ],
        [
            -0.14180345833301544,
            0.18458817899227142,
            0.10630977898836136
        ],
        [
            -0.13942745327949524,
            0.35370585322380066,
            -0.23061159253120422
        ],
        [
            0.14687830209732056,
            -0.4246956706047058,
            0.25948843359947205
        ],
        [
            0.26162484288215637,
            -0.41997528076171875,
            0.07547131180763245
        ],
        [
            0.15529903769493103,
            -0.6635187268257141,
            0.023422371596097946
        ],
        [
            -0.12606938183307648,
            -0.6598283052444458,
            -0.06549154967069626
        ],
        [
            -0.21983709931373596,
            -0.4129795432090759,
            -0.03582889214158058
        ],
        [
            -0.16046249866485596,
            -0.394748330116272,
            0.17431917786598206
        ],
        [
            0.010140247642993927,
            -0.7195463180541992,
            -0.014593113213777542
        ],
        [
            -0.030063128098845482,
            -0.917830228805542,
            0.013345316983759403
        ],
        [
            0.0019245685543864965,
            -0.24371357262134552,
            0.0073499977588653564
        ],
        [
            0.0145710539072752,
            -0.6598517298698425,
            -0.017711689695715904
        ],
        [
            0.017635773867368698,
            -0.484374463558197,
            -0.02528054639697075
        ],
        [
            -0.03643897920846939,
            -0.8097323179244995,
            0.04754340276122093
        ],
        [
            -0.02437148429453373,
            -0.9369968175888062,
            0.006867088843137026
        ]
    ],
    "pred_vertices": [
        [
            -0.10492411255836487,
            -0.9173591136932373,
            0.0632968619465828
        ],
        [
            -0.10067993402481079,
            -0.9044259786605835,
            0.07209466397762299
        ],
        [
            -0.10552144050598145,
            -0.8992226123809814,
            0.05961740389466286
        ],
        [
            -0.10751916468143463,
            -0.9090391397476196,
            0.04799102619290352
        ],
        [
            -0.10352538526058197,
            -0.8908818960189819,
            0.06692288815975189
        ],
        [
            -0.09815605729818344,
            -0.8935518860816956,
            0.07741177082061768
        ],
        [
            -0.10583470016717911,
            -0.8922312259674072,
            0.047813571989536285
        ],
        [
            -0.10645020008087158,
            -0.8989236950874329,
            0.03536972776055336
        ],
        [
            -0.10180440545082092,
            -0.8564245700836182,
            0.036653924733400345
        ],
        [
            -0.09980671852827072,
            -0.8511333465576172,
            0.026727257296442986
        ],
        [
            -0.10149359703063965,
            -0.8630058765411377,
            0.02790720760822296
        ],
        [
            -0.10147932171821594,
            -0.8650023937225342,
            0.03783581033349037
        ],
        [
            -0.09570494294166565,
            -0.8313010334968567,
            0.03598255291581154
        ],
        [
            -0.09322959184646606,
            -0.8232462406158447,
            0.04687374085187912
        ],
        [
            -0.08922038227319717,
            -0.8140884637832642,
            0.038069020956754684
        ],
        [
            -0.09011675417423248,
            -0.8217813968658447,
            0.02713998593389988
        ],
        [
            -0.07854146510362625,
            -0.841683566570282,
            0.0814501941204071
        ],
        [
            -0.08184187859296799,
            -0.8344770669937134,
            0.07836098968982697
        ],
        [
            -0.08561157435178757,
            -0.8403868675231934,
            0.07542028278112411
        ],
        [
            -0.0813903957605362,
            -0.8469537496566772,
            0.0787297710776329
        ],
        [
            -0.07439109683036804,
            -0.8521183133125305,
            0.09104028344154358
        ],
        [
            -0.0742456391453743,
            -0.8574002981185913,
            0.08735857158899307
        ],
        [
            -0.07317248731851578,
            -0.8619401454925537,
            0.09384551644325256
        ],
        [
            -0.07439568638801575,
            -0.8558288812637329,
            0.09808168560266495
        ],
        [
            -0.07336612045764923,
            -0.8372650742530823,
            0.0843973234295845
        ],
        [
            -0.0765768364071846,
            -0.8299369812011719,
            0.08062168210744858
        ],
        [
            -0.07602724432945251,
            -0.8478364944458008,
            0.0848022997379303
        ],
        [
            -0.07436610013246536,
            -0.8433947563171387,
            0.08809033781290054
        ],
        [
            -0.07641471177339554,
            -0.837906002998352,
            0.09886159002780914
        ],
        [
            -0.0775630995631218,
            -0.8422894477844238,
            0.09654144942760468
        ],
        [
            -0.07811227440834045,
            -0.8438733816146851,
            0.10420557856559753
        ],
        [
            -0.07608282566070557,
            -0.8385823965072632,
            0.10456324368715286
        ],
        [
            -0.07404185831546783,
            -0.8367178440093994,
            0.08950667083263397
        ],
        [
            -0.07629299908876419,
            -0.8394831418991089,
            0.09153085201978683
        ],
        [
            -0.07482597976922989,
            -0.8362468481063843,
            0.09499326348304749
        ],
        [
            -0.07169657200574875,
            -0.8343433141708374,
            0.09293587505817413
        ],
        [
            -0.0746932402253151,
            -0.8480085730552673,
            0.09399601072072983
        ],
        [
            -0.07596629858016968,
            -0.8503376841545105,
            0.10135319828987122
        ],
        [
            -0.07627080380916595,
            -0.8524441719055176,
            0.10934191942214966
        ],
        [
            -0.07761594653129578,
            -0.8439124226570129,
            0.11224804073572159
        ],
        [
            -0.0859886035323143,
            -0.8197325468063354,
            0.068257175385952
        ],
        [
            -0.08490350842475891,
            -0.8271507024765015,
            0.07399901747703552
        ],
        [
            -0.07978873699903488,
            -0.8232032656669617,
            0.07677817344665527
        ],
        [
            -0.08157917857170105,
            -0.8171645402908325,
            0.0722932517528534
        ],
        [
            -0.07042887806892395,
            -0.8311867117881775,
            0.0894896388053894
        ],
        [
            -0.07153542339801788,
            -0.8152387142181396,
            0.08882249891757965
        ],
        [
            -0.07232077419757843,
            -0.8188447952270508,
            0.08861301094293594
        ],
        [
            -0.06927132606506348,
            -0.8205224275588989,
            0.09494449943304062
        ],
        [
            -0.06899571418762207,
            -0.8170673847198486,
            0.09464019536972046
        ],
        [
            -0.08359846472740173,
            -0.8051121234893799,
            0.059102024883031845
        ],
        [
            -0.08075740933418274,
            -0.8049397468566895,
            0.06561585515737534
        ],
        [
            -0.07886150479316711,
            -0.7981036901473999,
            0.06363404542207718
        ],
        [
            -0.08024998009204865,
            -0.7971398830413818,
            0.05646023154258728
        ],
        [
            -0.07539728283882141,
            -0.7928862571716309,
            0.06419143825769424
        ],
        [
            -0.07621064782142639,
            -0.7897201776504517,
            0.054729923605918884
        ],
        [
            -0.06664121150970459,
            -0.7770633101463318,
            0.059973739087581635
        ],
        [
            -0.07132425904273987,
            -0.7825113534927368,
            0.05720951780676842
        ],
        [
            -0.07156349718570709,
            -0.7879010438919067,
            0.06676647812128067
        ],
        [
            -0.06803695857524872,
            -0.7834561467170715,
            0.07237236201763153
        ],
        [
            -0.0630829781293869,
            -0.789566695690155,
            0.08541810512542725
        ],
        [
            -0.05945936217904091,
            -0.7890663146972656,
            0.09057186543941498
        ],
        [
            -0.06033271551132202,
            -0.7766150832176208,
            0.0870654433965683
        ],
        [
            -0.06422272324562073,
            -0.7791615724563599,
            0.08035843074321747
        ],
        [
            -0.06892213225364685,
            -0.8100094795227051,
            0.08537767827510834
        ],
        [
            -0.07069654017686844,
            -0.8096388578414917,
            0.08094476163387299
        ],
        [
            -0.07230554521083832,
            -0.8109672665596008,
            0.08271141350269318
        ],
        [
            -0.07074423134326935,
            -0.8125553131103516,
            0.08753447979688644
        ],
        [
            -0.07244187593460083,
            -0.8090656995773315,
            0.0775417685508728
        ],
        [
            -0.0733458399772644,
            -0.808577299118042,
            0.07608171552419662
        ],
        [
            -0.07403473556041718,
            -0.8098022937774658,
            0.07714654505252838
        ],
        [
            -0.0729202851653099,
            -0.809777021408081,
            0.07807654142379761
        ],
        [
            -0.07160806655883789,
            -0.8096816539764404,
            0.07964953035116196
        ],
        [
            -0.07080802321434021,
            -0.8079041242599487,
            0.08060923963785172
        ],
        [
            -0.07193627953529358,
            -0.8083855509757996,
            0.07847944647073746
        ],
        [
            -0.0692562386393547,
            -0.8075128793716431,
            0.08487074077129364
        ],
        [
            -0.06183535233139992,
            -0.8063677549362183,
            0.09806668013334274
        ],
        [
            -0.06496796011924744,
            -0.806763768196106,
            0.09476453065872192
        ],
        [
            -0.06397262215614319,
            -0.81119304895401,
            0.0945393443107605
        ],
        [
            -0.06122655048966408,
            -0.8111271858215332,
            0.09745961427688599
        ],
        [
            -0.07345517724752426,
            -0.81146240234375,
            0.07967790961265564
        ],
        [
            -0.07591854780912399,
            -0.8129490613937378,
            0.0775902271270752
        ],
        [
            -0.07505382597446442,
            -0.8159619569778442,
            0.08232372999191284
        ],
        [
            -0.07346733659505844,
            -0.8134744763374329,
            0.08260121196508408
        ],
        [
            -0.07838121056556702,
            -0.8143928647041321,
            0.07598547637462616
        ],
        [
            -0.07569880783557892,
            -0.8106813430786133,
            0.0753846988081932
        ],
        [
            -0.07748390734195709,
            -0.8106944561004639,
            0.07341444492340088
        ],
        [
            -0.07266896963119507,
            -0.8069778680801392,
            0.07647418230772018
        ],
        [
            -0.07375894486904144,
            -0.8050324320793152,
            0.07392499595880508
        ],
        [
            -0.07514447718858719,
            -0.8074659109115601,
            0.07432764023542404
        ],
        [
            -0.0720079317688942,
            -0.802107572555542,
            0.07554420083761215
        ],
        [
            -0.07101976871490479,
            -0.8054205775260925,
            0.0787615105509758
        ],
        [
            -0.06938445568084717,
            -0.8040206432342529,
            0.08303430676460266
        ],
        [
            -0.06716937571763992,
            -0.8029317855834961,
            0.08844957500696182
        ],
        [
            -0.06688004732131958,
            -0.7979516983032227,
            0.08487572520971298
        ],
        [
            -0.06978671252727509,
            -0.7996172904968262,
            0.07956092804670334
        ],
        [
            -0.07637032866477966,
            -0.8191608190536499,
            0.08054396510124207
        ],
        [
            -0.07743065804243088,
            -0.8063564300537109,
            0.07048363238573074
        ],
        [
            -0.0814027339220047,
            -0.8120278120040894,
            0.0683823823928833
        ],
        [
            -0.07604025304317474,
            -0.8017195463180542,
            0.06987718492746353
        ],
        [
            -0.07355137169361115,
            -0.7976419925689697,
            0.07095383107662201
        ],
        [
            -0.07039832323789597,
            -0.7941226959228516,
            0.0743364691734314
        ],
        [
            -0.06694597005844116,
            -0.7915574312210083,
            0.07989630103111267
        ],
        [
            -0.055148545652627945,
            -0.7679238319396973,
            0.07659010589122772
        ],
        [
            -0.06100181117653847,
            -0.7716867923736572,
            0.06911133974790573
        ],
        [
            -0.094342440366745,
            -0.8869245648384094,
            0.07636372745037079
        ],
        [
            -0.10009616613388062,
            -0.8847225308418274,
            0.06990861892700195
        ],
        [
            -0.09695341438055038,
            -0.8772104382514954,
            0.06562352180480957
        ],
        [
            -0.09949206560850143,
            -0.8796764612197876,
            0.06425948441028595
        ],
        [
            -0.09615151584148407,
            -0.8811630010604858,
            0.07003460079431534
        ],
        [
            -0.09494009613990784,
            -0.878708004951477,
            0.06963683664798737
        ],
        [
            -0.09955736994743347,
            -0.868121862411499,
            0.04585157334804535
        ],
        [
            -0.09806175529956818,
            -0.8706120252609253,
            0.05219209939241409
        ],
        [
            -0.09683088213205338,
            -0.8669195771217346,
            0.05083238705992699
        ],
        [
            -0.09956780076026917,
            -0.8614892959594727,
            0.04456903040409088
        ],
        [
            -0.09316220879554749,
            -0.8603472709655762,
            0.06109533831477165
        ],
        [
            -0.09522075951099396,
            -0.8610491752624512,
            0.05601784586906433
        ],
        [
            -0.09452424943447113,
            -0.8681418895721436,
            0.0599728561937809
        ],
        [
            -0.09302101284265518,
            -0.8676764965057373,
            0.06370075792074203
        ],
        [
            -0.09086701273918152,
            -0.867655336856842,
            0.06740214675664902
        ],
        [
            -0.0877627581357956,
            -0.8682496547698975,
            0.07056383043527603
        ],
        [
            -0.08689838647842407,
            -0.8628767132759094,
            0.07026096433401108
        ],
        [
            -0.09021156281232834,
            -0.8612756729125977,
            0.06610964238643646
        ],
        [
            -0.09155774116516113,
            -0.8832817077636719,
            0.0742572546005249
        ],
        [
            -0.08515489101409912,
            -0.8835868239402771,
            0.07782479375600815
        ],
        [
            -0.08551506698131561,
            -0.8803600072860718,
            0.0767250508069992
        ],
        [
            -0.0910789966583252,
            -0.8800839185714722,
            0.0739876925945282
        ],
        [
            -0.07347822189331055,
            -0.8756120204925537,
            0.07798603177070618
        ],
        [
            -0.07542933523654938,
            -0.8778339624404907,
            0.07810740172863007
        ],
        [
            -0.07332910597324371,
            -0.879737138748169,
            0.08093325048685074
        ],
        [
            -0.07145485281944275,
            -0.8754247426986694,
            0.08083820343017578
        ],
        [
            -0.07279945909976959,
            -0.8721024990081787,
            0.07991327345371246
        ],
        [
            -0.07448909431695938,
            -0.8737726807594299,
            0.07782970368862152
        ],
        [
            -0.09993551671504974,
            -0.9399435520172119,
            0.0651988536119461
        ],
        [
            -0.09722365438938141,
            -0.9237252473831177,
            0.07615114748477936
        ],
        [
            -0.10504099726676941,
            -0.9311361312866211,
            0.0470796674489975
        ],
        [
            -0.10606793314218521,
            -0.9196910262107849,
            0.032986100763082504
        ],
        [
            -0.10597626864910126,
            -0.9052485227584839,
            0.021678289398550987
        ],
        [
            -0.08664217591285706,
            -0.8083795309066772,
            0.04941108822822571
        ],
        [
            -0.08328190445899963,
            -0.7996217012405396,
            0.043974313884973526
        ],
        [
            -0.08465245366096497,
            -0.8055293560028076,
            0.02953379787504673
        ],
        [
            -0.07886987924575806,
            -0.796078622341156,
            0.0271574929356575
        ],
        [
            -0.07790746539831161,
            -0.7899539470672607,
            0.0421266108751297
        ],
        [
            -0.06254052370786667,
            -0.7736232280731201,
            0.04734361544251442
        ],
        [
            -0.0710442066192627,
            -0.7807009220123291,
            0.04341691732406616
        ],
        [
            -0.07080655544996262,
            -0.7870162725448608,
            0.025524158030748367
        ],
        [
            -0.07159504294395447,
            -0.7984039783477783,
            0.00827794335782528
        ],
        [
            -0.07847380638122559,
            -0.8045091032981873,
            0.013363281264901161
        ],
        [
            -0.07094016671180725,
            -0.8131061792373657,
            -0.005256803706288338
        ],
        [
            -0.06067461520433426,
            -0.792156457901001,
            0.00196091178804636
        ],
        [
            -0.06381194293498993,
            -0.8131598234176636,
            -0.010599362663924694
        ],
        [
            -0.04546236991882324,
            -0.7598898410797119,
            0.015419581905007362
        ],
        [
            -0.04461289942264557,
            -0.7491729855537415,
            0.012350928038358688
        ],
        [
            -0.04928072169423103,
            -0.7552573680877686,
            -0.004327422007918358
        ],
        [
            -0.050466787070035934,
            -0.7659268379211426,
            -0.001630287617444992
        ],
        [
            -0.08491379767656326,
            -0.8125053644180298,
            0.018808677792549133
        ],
        [
            -0.10091255605220795,
            -0.8742245435714722,
            0.01969873160123825
        ],
        [
            -0.10291619598865509,
            -0.8738343715667725,
            0.03136487677693367
        ],
        [
            -0.0979902595281601,
            -0.8611370325088501,
            0.016643254086375237
        ],
        [
            -0.1019764095544815,
            -0.9329145550727844,
            -0.0012895460240542889
        ],
        [
            -0.10544203221797943,
            -0.9287001490592957,
            0.016743408516049385
        ],
        [
            -0.10552169382572174,
            -0.9123375415802002,
            0.008217478170990944
        ],
        [
            -0.10188545286655426,
            -0.9184632301330566,
            -0.00760210445150733
        ],
        [
            -0.08810843527317047,
            -0.9708817005157471,
            0.018748916685581207
        ],
        [
            -0.09699580818414688,
            -0.9582731127738953,
            0.04209783300757408
        ],
        [
            -0.10088112205266953,
            -0.9448227882385254,
            0.030133003368973732
        ],
        [
            -0.09571994841098785,
            -0.9544302225112915,
            0.010100754909217358
        ],
        [
            -0.09706699103116989,
            -0.9197431206703186,
            -0.02017923630774021
        ],
        [
            -0.08826407790184021,
            -0.9212721586227417,
            -0.03713896870613098
        ],
        [
            -0.08370126783847809,
            -0.9376405477523804,
            -0.04199392348527908
        ],
        [
            -0.09341220557689667,
            -0.938096284866333,
            -0.021006351336836815
        ],
        [
            -0.07238584756851196,
            -0.9594697952270508,
            -0.04224812611937523
        ],
        [
            -0.08516887575387955,
            -0.9602372646331787,
            -0.017787564545869827
        ],
        [
            -0.05518990382552147,
            -0.8008608222007751,
            -0.01715095341205597
        ],
        [
            -0.057546328753232956,
            -0.8184573650360107,
            -0.0214998759329319
        ],
        [
            -0.05339227616786957,
            -0.7784693241119385,
            0.002766493707895279
        ],
        [
            -0.05290605127811432,
            -0.7857937812805176,
            -0.014942537993192673
        ],
        [
            -0.05671815574169159,
            -0.9765493869781494,
            -0.038109201937913895
        ],
        [
            -0.07254871726036072,
            -0.9790869951248169,
            -0.010072430595755577
        ],
        [
            -0.051217757165431976,
            -0.9024432301521301,
            -0.07232204079627991
        ],
        [
            -0.05991943180561066,
            -0.9194309711456299,
            -0.06808895617723465
        ],
        [
            -0.07122878730297089,
            -0.9055268168449402,
            -0.05665620416402817
        ],
        [
            -0.062127746641635895,
            -0.891520082950592,
