{
    "pred_cam": [
        1.1339157819747925,
        0.06285157054662704,
        0.15952497720718384
    ],
    "pred_smpl_params": {
        "global_orient": [
            [
                [
                    0.9916262626647949,
                    0.107642762362957,
                    -0.07134693115949631
                ],
                [
                    0.11088857054710388,
                    -0.9928934574127197,
                    0.043200574815273285
                ],
                [
                    -0.06618966907262802,
                    -0.050750382244586945,
                    -0.9965155720710754
                ]
            ]
        ],
        "body_pose": [
            [
                [
                    0.996259331703186,
                    -0.059492938220500946,
                    0.06267324835062027
                ],
                [
                    0.04806988313794136,
                    0.9842410087585449,
                    0.17017339169979095
                ],
                [
                    -0.07180969417095184,
                    -0.16652414202690125,
                    0.9834191203117371
                ]
            ],
            [
                [
                    0.9969421625137329,
                    0.0043680621311068535,
                    0.07802186161279678
                ],
                [
                    -0.018727676942944527,
                    0.9826952219009399,
                    0.18428052961826324
                ],
                [
                    -0.07586676627397537,
                    -0.18517816066741943,
                    0.9797720909118652
                ]
            ],
            [
                [
                    0.998651921749115,
                    0.028314363211393356,
                    -0.04350427910685539
                ],
                [
                    -0.03603899106383324,
                    0.9814026355743408,
                    -0.18854738771915436
                ],
                [
                    0.03735661134123802,
                    0.18986105918884277,
                    0.9811000227928162
                ]
            ],
            [
                [
                    0.9968876242637634,
                    0.032877810299396515,
                    -0.0716528445482254
                ],
                [
                    -0.06870688498020172,
                    0.8080126047134399,
                    -0.5851452946662903
                ],
                [
                    0.03865807503461838,
                    0.5882471799850464,
                    0.8077567219734192
                ]
            ],
            [
                [
                    0.9863362312316895,
                    0.00561703322455287,
                    0.16464921832084656
                ],
                [
                    0.09832126647233963,
                    0.7818466424942017,
                    -0.6156693696975708
                ],
                [
                    -0.13218867778778076,
                    0.6234455108642578,
                    0.7706114053726196
                ]
            ],
            [
                [
                    0.9982380867004395,
                    -0.044759999960660934,
                    -0.038950130343437195
                ],
                [
                    0.04643447324633598,
                    0.9979866147041321,
                    0.043203581124544144
                ],
                [
                    0.03693791851401329,
                    -0.04493609443306923,
                    0.9983066320419312
                ]
            ],
            [
                [
                    0.9844422340393066,
                    0.05803884565830231,
                    0.1658461093902588
                ],
                [
                    -0.07672033458948135,
                    0.9911258220672607,
                    0.10855226963758469
                ],
                [
                    -0.15807412564754486,
                    -0.11958721280097961,
                    0.9801588654518127
                ]
            ],
            [
                [
                    0.9817498922348022,
                    -0.04890190064907074,
                    -0.18378157913684845
                ],
                [
                    0.05080419406294823,
                    0.9986926317214966,
                    0.005653712898492813
                ],
                [
                    0.1832648366689682,
                    -0.01488740835338831,
                    0.9829508066177368
                ]
            ],
            [
                [
                    0.9982439279556274,
                    -0.035199981182813644,
                    -0.04764433577656746
                ],
                [
                    0.031600017100572586,
                    0.9967342615127563,
                    -0.074311263859272
                ],
                [
                    0.05010450258851051,
                    0.0726752057671547,
                    0.9960962533950806
                ]
            ],
            [
                [
                    0.9815399050712585,
                    -0.17844732105731964,
                    -0.06881885975599289
                ],
                [
                    0.18641507625579834,
                    0.9730667471885681,
                    0.13561183214187622
                ],
                [
                    0.042765770107507706,
                    -0.14593727886676788,
                    0.9883691072463989
                ]
            ],
            [
                [
                    0.9890246391296387,
                    0.14696066081523895,
                    -0.015258788131177425
                ],
                [
                    -0.1414458155632019,
                    0.971604585647583,
                    0.18967768549919128
                ],
                [
                    0.042700666934251785,
                    -0.1854376196861267,
                    0.9817278385162354
                ]
            ],
            [
                [
                    0.9696627259254456,
                    -0.04691680520772934,
                    -0.23990201950073242
                ],
                [
                    0.05809729918837547,
                    0.9975195527076721,
                    0.039742738008499146
                ],
                [
                    0.23744234442710876,
                    -0.05247471481561661,
                    0.9699832797050476
                ]
            ],
            [
                [
                    0.9093498587608337,
                    0.4111366271972656,
                    0.06363523751497269
                ],
                [
                    -0.4048437178134918,
                    0.9097161889076233,
                    -0.09229286760091782
                ],
                [
                    -0.09583499282598495,
                    0.05816418677568436,
                    0.993696391582489
                ]
            ],
            [
                [
                    0.9418576955795288,
                    -0.2987009882926941,
                    -0.1538890153169632
                ],
                [
                    0.30920764803886414,
                    0.9497300386428833,
                    0.049024149775505066
                ],
                [
                    0.131509467959404,
                    -0.09375743567943573,
                    0.9868711829185486
                ]
            ],
            [
                [
                    0.9825337529182434,
                    -0.051606714725494385,
                    -0.17878516018390656
                ],
                [
                    0.02155132219195366,
                    0.9858675003051758,
                    -0.1661349982023239
                ],
                [
                    0.1848321557044983,
                    0.15938019752502441,
                    0.9697602987289429
                ]
            ],
            [
                [
                    0.4323630630970001,
                    0.8741360306739807,
                    -0.2212427854537964
                ],
                [
                    -0.9012714624404907,
                    0.4265074133872986,
                    -0.07616513967514038
                ],
                [
                    0.027782997116446495,
                    0.2323308140039444,
                    0.9722399115562439
                ]
            ],
            [
                [
                    0.6568666100502014,
                    -0.7351896166801453,
                    0.16739924252033234
                ],
                [
                    0.7219129800796509,
                    0.6772956848144531,
                    0.14181765913963318
                ],
                [
                    -0.21764163672924042,
                    0.027692396193742752,
                    0.9756358861923218
                ]
            ],
            [
                [
                    0.7066905498504639,
                    -0.2590681314468384,
                    -0.6583861112594604
                ],
                [
                    0.16688479483127594,
                    0.9653297662734985,
                    -0.20071852207183838
                ],
                [
                    0.6875594854354858,
                    0.03197123110294342,
                    0.7254239320755005
                ]
            ],
            [
                [
                    0.032025016844272614,
                    0.3965587615966797,
                    0.9174506664276123
                ],
                [
                    -0.5777501463890076,
                    0.7563721537590027,
                    -0.30676698684692383
                ],
                [
                    -0.815585196018219,
                    -0.5202329754829407,
                    0.2533347010612488
                ]
            ],
            [
                [
                    0.9996485710144043,
                    -0.02589344047009945,
                    0.005669727455824614
                ],
                [
                    0.0253373384475708,
                    0.99626225233078,
                    0.08258090168237686
                ],
                [
                    -0.007786837872117758,
                    -0.08240823447704315,
                    0.9965682029724121
                ]
            ],
            [
                [
                    0.9782664775848389,
                    0.204423189163208,
                    -0.034724801778793335
                ],
                [
                    -0.20182126760482788,
                    0.9771475791931152,
                    0.06671423465013504
                ],
                [
                    0.047569192945957184,
                    -0.05825610086321831,
                    0.9971676468849182
                ]
            ],
            [
                [
                    0.965130627155304,
                    0.23160426318645477,
                    -0.12199319899082184
                ],
                [
                    -0.21689720451831818,
                    0.9684566855430603,
                    0.12266725301742554
                ],
                [
                    0.14655539393424988,
                    -0.09192993491888046,
                    0.9849215149879456
                ]
            ],
            [
                [
                    0.9679149985313416,
                    -0.2461666464805603,
                    0.05042247474193573
                ],
                [
                    0.24075756967067719,
                    0.9659834504127502,
                    0.09440229088068008
                ],
                [
                    -0.07194596529006958,
                    -0.0792338103055954,
                    0.9942563772201538
                ]
            ]
        ],
        "betas": [
            -0.04978996515274048,
            -0.016804039478302002,
            0.15173104405403137,
            0.19165252149105072,
            -0.007953047752380371,
            0.01310742273926735,
            0.021130472421646118,
            -0.05366659164428711,
            0.034312084317207336,
            -0.03704524040222168
        ]
    },
    "pred_cam_t": [
        0.06285157054662704,
        0.15952497720718384,
        34.4492073059082
    ],
    "focal_length": [
        5000.0,
        5000.0
    ],
    "pred_keypoints_3d": [
        [
            -0.04178136587142944,
            -0.8126881718635559,
            -0.18639788031578064
        ],
        [
            0.04669150337576866,
            -0.7302199006080627,
            -0.03424205631017685
        ],
        [
            -0.12525755167007446,
            -0.6595073938369751,
            0.04536723345518112
        ],
        [
            -0.23527950048446655,
            -0.4371638298034668,
            0.09600012004375458
        ],
        [
            -0.41667640209198,
            -0.5062022805213928,
            -0.06757959723472595
        ],
        [
            0.21631857752799988,
            -0.6188604235649109,
            -0.03739744424819946
        ],
        [
            0.2162276953458786,
            -0.3834974765777588,
            0.0720701813697815
        ],
        [
            0.19791094958782196,
            -0.16335691511631012,
            -0.0404304638504982
        ],
        [
            -0.0019055590964853764,
            -0.2253519594669342,
            0.0281013585627079
        ],
        [
            -0.07823657989501953,
            -0.14307865500450134,
            0.041511449962854385
        ],
        [
            -0.16290198266506195,
            0.22711244225502014,
            -0.00140443816781044
        ],
        [
            -0.19895970821380615,
            0.54190993309021,
            0.23940742015838623
        ],
        [
            0.05743175745010376,
            -0.1271008849143982,
            0.03500935062766075
        ],
        [
            0.06937941908836365,
            0.24469301104545593,
            -0.005341626703739166
        ],
        [
            0.025969713926315308,
            0.5654165744781494,
            0.22559669613838196
        ],
        [
            -0.04923273250460625,
            -0.8601933717727661,
            -0.14773783087730408
        ],
        [
            0.0022320393472909927,
            -0.8546813726425171,
            -0.18941031396389008
        ],
        [
            -0.021837808191776276,
            -0.8652921915054321,
            -0.04811412841081619
        ],
        [
            0.09348495304584503,
            -0.8524737358093262,
            -0.13935019075870514
        ],
        [
            0.02355329692363739,
            0.6894878149032593,
            0.0709289014339447
        ],
        [
            0.09101925045251846,
            0.6821662187576294,
            0.1205538958311081
        ],
        [
            0.02669157087802887,
            0.5746011734008789,
            0.2960878610610962
        ],
        [
            -0.20330378413200378,
            0.6787151098251343,
            0.09660020470619202
        ],
        [
            -0.2755970358848572,
            0.6547600030899048,
            0.13955232501029968
        ],
        [
            -0.20591944456100464,
            0.5516283512115479,
            0.31225261092185974
        ],
        [
            -0.21528272330760956,
            0.48521488904953003,
            0.23580096662044525
        ],
        [
            -0.15135782957077026,
            0.16641077399253845,
            -0.004624850116670132
        ],
        [
            -0.1435810923576355,
            -0.27527445554733276,
            0.047365061938762665
        ],
        [
            0.14623737335205078,
            -0.22771070897579193,
            0.04242972284555435
        ],
        [
            0.0827615037560463,
            0.20487923920154572,
            -0.00737322773784399
        ],
        [
            0.037553608417510986,
            0.5249857902526855,
            0.23313170671463013
        ],
        [
            -0.38553953170776367,
            -0.5277184247970581,
            -0.06455469131469727
        ],
        [
            -0.2551662027835846,
            -0.477658748626709,
            0.09882964193820953
        ],
        [
            -0.09362780302762985,
            -0.6848173141479492,
            0.027255550026893616
        ],
        [
            0.186193585395813,
            -0.6547499895095825,
            -0.03621982783079147
        ],
        [
            0.2498142123222351,
            -0.3976287841796875,
            0.02915355935692787
        ],
        [
            0.20409619808197021,
            -0.18407903611660004,
            -0.048982277512550354
        ],
        [
            0.05082933232188225,
            -0.7229224443435669,
            -0.031305402517318726
        ],
        [
            0.02621975913643837,
            -0.908365786075592,
            -0.11714601516723633
        ],
        [
            0.0021074810065329075,
            -0.2514027953147888,
            0.04442703723907471
        ],
        [
            0.04587004333734512,
            -0.6673513650894165,
            -0.007879121229052544
        ],
        [
            0.03645703196525574,
            -0.49171310663223267,
            0.026913199573755264
        ],
        [
            0.010877628810703754,
            -0.7963210344314575,
            -0.127879336476326
        ],
        [
            0.027142995968461037,
            -0.9288695454597473,
            -0.11007003486156464
        ]
    ],
    "pred_vertices": [
        [
            0.010875554755330086,
            -0.8989392518997192,
            -0.20542174577713013
        ],
        [
            0.0027099326252937317,
            -0.8847721219062805,
            -0.20407068729400635
        ],
        [
            0.016802813857793808,
            -0.8817274570465088,
            -0.20349201560020447
        ],
        [
            0.026761725544929504,
            -0.8927664756774902,
            -0.20150546729564667
        ],
        [
            0.010556837543845177,
            -0.8722862005233765,
            -0.20359501242637634
        ],
        [
            -0.0016742721199989319,
            -0.8736469149589539,
            -0.20283900201320648
        ],
        [
            0.028829798102378845,
            -0.8766123652458191,
            -0.19849543273448944
        ],
        [
            0.039227765053510666,
            -0.883927583694458,
            -0.19489321112632751
        ],
        [
            0.04035373404622078,
            -0.8426361680030823,
            -0.18644429743289948
        ],
        [
            0.04942705109715462,
            -0.8390344381332397,
            -0.18053247034549713
        ],
        [
            0.04855191707611084,
            -0.8509149551391602,
            -0.1840534806251526
        ],
        [
            0.03916830196976662,
            -0.8513600826263428,
            -0.18819981813430786
        ],
        [
            0.04303055256605148,
            -0.817579984664917,
            -0.17840971052646637
        ],
        [
            0.03309376910328865,
            -0.8079169988632202,
            -0.17963659763336182
        ],
        [
            0.04125994071364403,
            -0.800195574760437,
            -0.17163234949111938
        ],
        [
            0.050556544214487076,
            -0.8095501661300659,
            -0.16904139518737793
        ],
        [
            -0.007926011458039284,
            -0.8213073015213013,
            -0.18130233883857727
        ],
        [
            -0.0026554036885499954,
            -0.8143972158432007,
            -0.18271684646606445
        ],
        [
            0.0007243454456329346,
            -0.8207780122756958,
            -0.18550248444080353
        ],
        [
            -0.004956398159265518,
            -0.8269816637039185,
            -0.183281809091568
        ],
        [
            -0.019050616770982742,
            -0.8308945894241333,
            -0.18199732899665833
        ],
        [
            -0.016331903636455536,
            -0.8366831541061401,
            -0.18091851472854614
        ],
        [
            -0.02326291799545288,
            -0.8401970863342285,
            -0.18264412879943848
        ],
        [
            -0.0259164460003376,
            -0.8334991931915283,
            -0.1849462389945984
        ],
        [
            -0.012157853692770004,
            -0.816616415977478,
            -0.17705796658992767
        ],
        [
            -0.006213651970028877,
            -0.8094854354858398,
            -0.17846226692199707
        ],
        [
            -0.012816429138183594,
            -0.8271456956863403,
            -0.18050982058048248
        ],
        [
            -0.015368718653917313,
            -0.8226156234741211,
            -0.18037278950214386
        ],
        [
            -0.02381998673081398,
            -0.8154952526092529,
            -0.18558186292648315
        ],
        [
            -0.021775316447019577,
            -0.8202508687973022,
            -0.18614259362220764
        ],
        [
            -0.028765391558408737,
            -0.8206961154937744,
            -0.18961408734321594
        ],
        [
            -0.029210954904556274,
            -0.8155007362365723,
            -0.18741768598556519
        ],
        [
            -0.016112804412841797,
            -0.8158897161483765,
            -0.1798480600118637
        ],
        [
            -0.017404425889253616,
            -0.8183135986328125,
            -0.18290039896965027
        ],
        [
            -0.0206904336810112,
            -0.8145409226417542,
            -0.18261340260505676
        ],
        [
            -0.0197664313018322,
            -0.812991738319397,
            -0.1788659691810608
        ],
        [
            -0.021240990608930588,
            -0.8264158964157104,
            -0.1831643283367157
        ],
        [
            -0.027780115604400635,
            -0.8275866508483887,
            -0.18712300062179565
        ],
        [
            -0.03518122434616089,
            -0.828424334526062,
            -0.19055581092834473
        ],
        [
            -0.03614434599876404,
            -0.8197352886199951,
            -0.19240525364875793
        ],
        [
            0.010877693071961403,
            -0.8009093999862671,
            -0.1813736855983734
        ],
        [
            0.0036651529371738434,
            -0.8075692057609558,
            -0.18319185078144073
        ],
        [
            -0.00021503865718841553,
            -0.8031371831893921,
            -0.17950713634490967
        ],
        [
            0.005674177780747414,
            -0.7976542711257935,
            -0.17895853519439697
        ],
        [
            -0.016480013728141785,
            -0.8102182149887085,
            -0.1763990968465805
        ],
        [
            -0.012605171650648117,
            -0.7941159009933472,
            -0.1759476214647293
        ],
        [
            -0.012771494686603546,
            -0.79780113697052,
            -0.17703038454055786
        ],
        [
            -0.020052962005138397,
            -0.7986021041870117,
            -0.17674730718135834
        ],
        [
            -0.01929076761007309,
            -0.7951326370239258,
            -0.17600564658641815
        ],
        [
            0.02087145857512951,
            -0.7876415252685547,
            -0.17430350184440613
        ],
        [
            0.013592561706900597,
            -0.7863371968269348,
            -0.1746600866317749
        ],
        [
            0.015987779945135117,
            -0.7799097299575806,
            -0.1714066118001938
        ],
        [
            0.023651305586099625,
            -0.7801645994186401,
            -0.1693888157606125
        ],
        [
            0.015429637394845486,
            -0.7745345830917358,
            -0.16821448504924774
        ],
        [
            0.02531769499182701,
            -0.7730221748352051,
            -0.16457101702690125
        ],
        [
            0.01883193477988243,
            -0.760141134262085,
            -0.156829833984375
        ],
        [
            0.022472865879535675,
            -0.7657313346862793,
            -0.1603507101535797
        ],
        [
            0.012442621402442455,
            -0.7693077325820923,
            -0.1653154343366623
        ],
        [
            0.006495840847492218,
            -0.7643330097198486,
            -0.16385455429553986
        ],
        [
            -0.009131340309977531,
            -0.7686542272567749,
            -0.16458112001419067
        ],
        [
            -0.015473492443561554,
            -0.7673959732055664,
            -0.16321653127670288
        ],
        [
            -0.009654611349105835,
            -0.7555758357048035,
            -0.16197483241558075
        ],
        [
            -0.0019305907189846039,
            -0.7590700387954712,
            -0.1630324125289917
        ],
        [
            -0.010128132998943329,
            -0.7891048192977905,
            -0.17107243835926056
        ],
        [
            -0.005296802148222923,
            -0.789277195930481,
            -0.17106720805168152
        ],
        [
            -0.006540635600686073,
            -0.7903359532356262,
            -0.1733463704586029
        ],
        [
            -0.01187635213136673,
            -0.7912777662277222,
            -0.1738133281469345
        ],
        [
            -0.0013424009084701538,
            -0.7889600992202759,
            -0.1716216504573822
        ],
        [
            0.0003889612853527069,
            -0.788675844669342,
            -0.17195208370685577
        ],
        [
            -0.0005600340664386749,
            -0.7897683382034302,
            -0.17302986979484558
        ],
        [
            -0.002021489664912224,
            -0.7896629571914673,
            -0.1721741408109665
        ],
        [
            -0.003899909555912018,
            -0.789405882358551,
            -0.17145980894565582
        ],
        [
            -0.004799265414476395,
            -0.7875502109527588,
            -0.17080411314964294
        ],
        [
            -0.0022599603980779648,
            -0.7881929874420166,
            -0.1713569015264511
        ],
        [
            -0.009266288951039314,
            -0.7866142988204956,
            -0.17085380852222443
        ],
        [
            -0.02364974468946457,
            -0.7840033769607544,
            -0.1698310524225235
        ],
        [
            -0.019941717386245728,
            -0.784439742565155,
            -0.17083004117012024
        ],
        [
            -0.020822767168283463,
            -0.789094090461731,
            -0.17007920145988464
        ],
        [
            -0.023944474756717682,
            -0.7889827489852905,
            -0.16928185522556305
        ],
        [
            -0.0030363760888576508,
            -0.7915061712265015,
            -0.17390389740467072
        ],
        [
            -0.0008186101913452148,
            -0.7928332686424255,
            -0.17526251077651978
        ],
        [
            -0.006029414013028145,
            -0.7953045964241028,
            -0.1764005571603775
        ],
        [
            -0.006441362202167511,
            -0.7928357124328613,
            -0.17467835545539856
        ],
        [
            0.0012930743396282196,
            -0.7945042848587036,
            -0.1770184338092804
        ],
        [
            0.0015520639717578888,
            -0.7908740043640137,
            -0.17407813668251038
        ],
        [
            0.00461064837872982,
            -0.7913220524787903,
            -0.1756063997745514
        ],
        [
            9.509362280368805e-05,
            -0.7869864702224731,
            -0.17130827903747559
        ],
        [
            0.00318773090839386,
            -0.7852925062179565,
            -0.17139726877212524
        ],
        [
            0.00289313867688179,
            -0.7876675128936768,
            -0.17304342985153198
        ],
        [
            0.001576131209731102,
            -0.7822300791740417,
            -0.16991010308265686
        ],
        [
            -0.0023734718561172485,
            -0.7852050065994263,
            -0.17028674483299255
        ],
        [
            -0.006726453080773354,
            -0.7832873463630676,
            -0.17010317742824554
        ],
        [
            -0.012443458661437035,
            -0.7814764976501465,
            -0.1700553596019745
        ],
        [
            -0.008401742205023766,
            -0.7770031094551086,
            -0.16810943186283112
        ],
        [
            -0.0025932397693395615,
            -0.7793668508529663,
            -0.16887632012367249
        ],
        [
            -0.003904106095433235,
            -0.799037754535675,
            -0.17776739597320557
        ],
        [
            0.007468219846487045,
            -0.7869665622711182,
            -0.1737947165966034
        ],
        [
            0.010020136833190918,
            -0.7929232120513916,
            -0.17703469097614288
        ],
        [
            0.0083253663033247,
            -0.7824188470840454,
            -0.17189060151576996
        ],
        [
            0.007215730845928192,
            -0.7782999873161316,
            -0.16949819028377533
        ],
        [
            0.0037493910640478134,
            -0.7744436264038086,
            -0.1675223857164383
        ],
        [
            -0.0026015527546405792,
            -0.7712741494178772,
            -0.16602975130081177
        ],
        [
            -0.0001840796321630478,
            -0.7488614320755005,
            -0.15249665081501007
        ],
        [
            0.008882565423846245,
            -0.753613293170929,
            -0.15500114858150482
        ],
        [
            -0.0018641594797372818,
            -0.8669968843460083,
            -0.19773425161838531
        ],
        [
            0.0069297607988119125,
            -0.8658026456832886,
            -0.2006540596485138
        ],
        [
            0.010140804573893547,
            -0.8590332269668579,
            -0.1953922063112259
        ],
        [
            0.011399563401937485,
            -0.861268162727356,
            -0.19674472510814667
        ],
        [
            0.005411092191934586,
            -0.8624560832977295,
            -0.19662831723690033
        ],
        [
            0.005374535918235779,
            -0.8598687648773193,
            -0.19517965614795685
        ],
        [
            0.03031955286860466,
            -0.8529952168464661,
            -0.18977712094783783
        ],
        [
            0.023604482412338257,
            -0.8545262813568115,
            -0.1909984052181244
        ],
        [
            0.025009140372276306,
            -0.850967526435852,
            -0.18933992087841034
        ],
        [
            0.03236624598503113,
            -0.8464661836624146,
            -0.18887625634670258
        ],
        [
            0.014914981089532375,
            -0.8430426120758057,
            -0.1890307515859604
        ],
        [
            0.020400427281856537,
            -0.8444344997406006,
            -0.18918615579605103
        ],
        [
            0.015288250520825386,
            -0.8508538603782654,
            -0.19055037200450897
        ],
        [
            0.011303011327981949,
            -0.8498462438583374,
            -0.19050706923007965
        ],
        [
            0.007075048983097076,
            -0.849398136138916,
            -0.18980589509010315
        ],
        [
            0.0029948819428682327,
            -0.8495827913284302,
            -0.18836167454719543
        ],
        [
            0.0036149080842733383,
            -0.8444578647613525,
            -0.18695247173309326
        ],
        [
            0.00890878215432167,
            -0.8433462381362915,
            -0.18825441598892212
        ],
        [
            -0.0009292680770158768,
            -0.8639185428619385,
            -0.1940051019191742
        ],
        [
            -0.006562341004610062,
            -0.863892674446106,
            -0.18955762684345245
        ],
        [
            -0.005066234618425369,
            -0.8608585596084595,
            -0.1891898512840271
        ],
        [
            -0.0005425196141004562,
            -0.8606523871421814,
            -0.19335724413394928
        ],
        [
            -0.010053377598524094,
            -0.8564120531082153,
            -0.17793206870555878
        ],
        [
            -0.009766977280378342,
            -0.8585306406021118,
            -0.17995619773864746
        ],
        [
            -0.013425510376691818,
            -0.8600195050239563,
            -0.17912240326404572
        ],
        [
            -0.013438016176223755,
            -0.8558331727981567,
            -0.17711682617664337
        ],
        [
            -0.011569995433092117,
            -0.852642297744751,
            -0.1778753697872162
        ],
        [
            -0.009249258786439896,
            -0.8545738458633423,
            -0.1786823868751526
        ],
        [
            0.0038463249802589417,
            -0.9210138320922852,
            -0.20292668044567108
        ],
        [
            -0.004419397562742233,
            -0.9040270447731018,
            -0.2036014348268509
        ],
        [
            0.023751946166157722,
            -0.9150397181510925,
            -0.2009500116109848
        ],
        [
            0.038467686623334885,
            -0.905667245388031,
            -0.19562546908855438
        ],
        [
            0.05048328638076782,
            -0.8927983045578003,
            -0.18949788808822632
        ],
        [
            0.03063688986003399,
            -0.7925583720207214,
            -0.17329540848731995
        ],
        [
            0.035915274173021317,
            -0.784625232219696,
            -0.1671913117170334
        ],
        [
            0.048899710178375244,
            -0.7932206988334656,
            -0.16335460543632507
        ],
        [
            0.05089800804853439,
            -0.7842153310775757,
            -0.1555653065443039
        ],
        [
            0.03753601014614105,
            -0.775520920753479,
            -0.16051432490348816
        ],
        [
            0.02983500435948372,
            -0.7594895958900452,
            -0.14675605297088623
        ],
        [
            0.03557451441884041,
            -0.7665266990661621,
            -0.1534862220287323
        ],
        [
            0.050867918878793716,
            -0.7762700319290161,
            -0.14537079632282257
        ],
        [
            0.06461232900619507,
            -0.7902774810791016,
            -0.13965056836605072
        ],
        [
            0.062226422131061554,
            -0.7952728271484375,
            -0.1510682851076126
        ],
        [
            0.07459909468889236,
            -0.8070847988128662,
            -0.13520976901054382
        ],
        [
            0.06866674870252609,
            -0.785407304763794,
            -0.12481550872325897
        ],
        [
            0.07755548506975174,
            -0.8078552484512329,
            -0.12573553621768951
        ],
        [
            0.0589616596698761,
            -0.7500555515289307,
            -0.11194659769535065
        ],
        [
            0.06417221575975418,
            -0.7396472096443176,
            -0.10620759427547455
        ],
        [
            0.07851336896419525,
            -0.7481604218482971,
            -0.09936781972646713
        ],
        [
            0.07491007447242737,
            -0.7583224773406982,
            -0.10664062947034836
        ],
        [
            0.05773499980568886,
            -0.8017615079879761,
            -0.16007964313030243
        ],
        [
            0.05431807413697243,
            -0.8618860840797424,
            -0.18108050525188446
        ],
        [
            0.04433366283774376,
            -0.8604906797409058,
            -0.18768660724163055
        ],
        [
            0.05853259563446045,
            -0.8501616716384888,
            -0.1769702434539795
        ],
        [
            0.06588298082351685,
            -0.923392653465271,
            -0.17891785502433777
        ],
        [
            0.05152682960033417,
            -0.9161183834075928,
            -0.1890534907579422
        ],
        [
            0.06160255894064903,
            -0.9016727209091187,
            -0.18492113053798676
        ],
        [
            0.07390398532152176,
            -0.9102848768234253,
            -0.1758650541305542
        ],
        [
            0.03759928047657013,
            -0.9583182334899902,
            -0.17688888311386108
        ],
        [
            0.020892105996608734,
            -0.9423151612281799,
            -0.19314566254615784
        ],
        [
            0.03562704101204872,
            -0.9310251474380493,
            -0.19173714518547058
        ],
        [
            0.05067379027605057,
            -0.9433794021606445,
            -0.18004775047302246
        ],
        [
            0.08304832130670547,
            -0.9138286113739014,
            -0.16650830209255219
        ],
        [
            0.09501132369041443,
            -0.9181458353996277,
            -0.1525820791721344
        ],
        [
            0.09464655071496964,
            -0.9354277849197388,
            -0.148031085729599
        ],
        [
            0.08001680672168732,
            -0.9318134188652039,
            -0.1646304726600647
        ],
        [
            0.08817681670188904,
            -0.9574449062347412,
            -0.13951846957206726
        ],
        [
            0.07073913514614105,
            -0.9535514116287231,
            -0.16014808416366577
        ],
        [
            0.08314856886863708,
            -0.7962186336517334,
            -0.11182694137096405
        ],
        [
            0.08518286049365997,
            -0.8139430284500122,
            -0.1164206862449646
        ],
        [
            0.06956431269645691,
            -0.7706242203712463,
            -0.11554158478975296
        ],
        [
            0.08312659710645676,
            -0.7806153297424316,
            -0.10592198371887207
        ],
        [
            0.07621685415506363,
            -0.974687933921814,
            -0.12781721353530884
        ],
        [
            0.05617399141192436,
            -0.9714480638504028,
            -0.1529373675584793
        ],
        [
            0.11465033888816833,
            -0.9066992998123169,
            -0.10278765857219696
        ],
        [
            0.11246691644191742,
            -0.9223122596740723,
            -0.11451840400695801
        ],
        [
            0.10813381522893906,
            -0.9063407778739929,
