{
    "pred_cam": [
        1.1203722953796387,
        0.07536260038614273,
        0.15122857689857483
    ],
    "pred_smpl_params": {
        "global_orient": [
            [
                [
                    0.9932913184165955,
                    0.11553435027599335,
                    -0.004926589783281088
                ],
                [
                    0.11562878638505936,
                    -0.9917231798171997,
                    0.055813200771808624
                ],
                [
                    0.0015625284286215901,
                    -0.056008417159318924,
                    -0.9984291195869446
                ]
            ]
        ],
        "body_pose": [
            [
                [
                    0.9980142116546631,
                    -0.04875537380576134,
                    0.03988233953714371
                ],
                [
                    0.04139998182654381,
                    0.9849101901054382,
                    0.16804154217243195
                ],
                [
                    -0.047473449259996414,
                    -0.16605670750141144,
                    0.9849728345870972
                ]
            ],
            [
                [
                    0.9982210397720337,
                    0.018338868394494057,
                    0.056731902062892914
                ],
                [
                    -0.028398657217621803,
                    0.9828956723213196,
                    0.18195991218090057
                ],
                [
                    -0.05242461338639259,
                    -0.18324731290340424,
                    0.9816679358482361
                ]
            ],
            [
                [
                    0.999787449836731,
                    0.00714285159483552,
                    -0.01933949813246727
                ],
                [
                    -0.010437004268169403,
                    0.9843339920043945,
                    -0.176004558801651
                ],
                [
                    0.017779352143406868,
                    0.1761690080165863,
                    0.9841993451118469
                ]
            ],
            [
                [
                    0.9967283010482788,
                    0.019788537174463272,
                    -0.0783643051981926
                ],
                [
                    -0.05978094041347504,
                    0.8330145478248596,
                    -0.5500117540359497
                ],
                [
                    0.05439472198486328,
                    0.5528970956802368,
                    0.8314721584320068
                ]
            ],
            [
                [
                    0.9906439185142517,
                    -0.010531249456107616,
                    0.1360655575990677
                ],
                [
                    0.09065607190132141,
                    0.7960355281829834,
                    -0.5984220504760742
                ],
                [
                    -0.10201088339090347,
                    0.605158269405365,
                    0.7895424962043762
                ]
            ],
            [
                [
                    0.9995805621147156,
                    -0.021977383643388748,
                    -0.018858017399907112
                ],
                [
                    0.02226839028298855,
                    0.9996339678764343,
                    0.015362715348601341
                ],
                [
                    0.018513482064008713,
                    -0.01577621139585972,
                    0.9997040629386902
                ]
            ],
            [
                [
                    0.9881693720817566,
                    0.06417988985776901,
                    0.1392921358346939
                ],
                [
                    -0.07386293262243271,
                    0.9951155781745911,
                    0.06549309194087982
                ],
                [
                    -0.13440841436386108,
                    -0.07500679045915604,
                    0.9880832433700562
                ]
            ],
            [
                [
                    0.9848904013633728,
                    -0.05966239422559738,
                    -0.1625768393278122
                ],
                [
                    0.061141446232795715,
                    0.9981206655502319,
                    0.0041048405691981316
                ],
                [
                    0.16202640533447266,
                    -0.013983001932501793,
                    0.9866873025894165
                ]
            ],
            [
                [
                    0.9994414448738098,
                    -0.01759786531329155,
                    -0.02840997464954853
                ],
                [
                    0.015380986034870148,
                    0.9969549179077148,
                    -0.07644805312156677
                ],
                [
                    0.029668787494301796,
                    0.07596837729215622,
                    0.9966687560081482
                ]
            ],
            [
                [
                    0.9804330468177795,
                    -0.1948896199464798,
                    -0.027730153873562813
                ],
                [
                    0.1968507468700409,
                    0.970051646232605,
                    0.14230111241340637
                ],
                [
                    -0.0008333260775543749,
                    -0.1449754387140274,
                    0.9894348382949829
                ]
            ],
            [
                [
                    0.9877060055732727,
                    0.15629182755947113,
                    -0.0031277311500161886
                ],
                [
                    -0.15236611664295197,
                    0.9669846892356873,
                    0.20426741242408752
                ],
                [
                    0.03494979813694954,
                    -0.20127958059310913,
                    0.9789101481437683
                ]
            ],
            [
                [
                    0.9941819906234741,
                    -0.028871510177850723,
                    -0.10377271473407745
                ],
                [
                    0.03162151947617531,
                    0.9991883635520935,
                    0.024953395128250122
                ],
                [
                    0.10296805202960968,
                    -0.02808966487646103,
                    0.9942880272865295
                ]
            ],
            [
                [
                    0.9213539361953735,
                    0.38359901309013367,
                    0.0629182681441307
                ],
                [
                    -0.37717458605766296,
                    0.9213525056838989,
                    -0.09406881034374237
                ],
                [
                    -0.09405460953712463,
                    0.06293950229883194,
                    0.9935755729675293
                ]
            ],
            [
                [
                    0.9475168585777283,
                    -0.303305983543396,
                    -0.10108090937137604
                ],
                [
                    0.307239294052124,
                    0.9512892365455627,
                    0.025550920516252518
                ],
                [
                    0.08840742707252502,
                    -0.05526595190167427,
                    0.9945501089096069
                ]
            ],
            [
                [
                    0.994390070438385,
                    0.010882263071835041,
                    -0.10521379113197327
                ],
                [
                    -0.028353357687592506,
                    0.985714852809906,
                    -0.166019007563591
                ],
                [
                    0.10190413892269135,
                    0.16807082295417786,
                    0.9804936051368713
                ]
            ],
            [
                [
                    0.4230860471725464,
                    0.8829714059829712,
                    -0.2033710926771164
                ],
                [
                    -0.906055748462677,
                    0.4142148494720459,
                    -0.08653942495584488
                ],
                [
                    0.007827507331967354,
                    0.22087915241718292,
                    0.9752697944641113
                ]
            ],
            [
                [
                    0.5061166882514954,
                    -0.8210932016372681,
                    0.26391640305519104
                ],
                [
                    0.825377881526947,
                    0.5498878955841064,
                    0.12796345353126526
                ],
                [
                    -0.25019434094429016,
                    0.15306630730628967,
                    0.9560195803642273
                ]
            ],
            [
                [
                    0.6612748503684998,
                    -0.28255823254585266,
                    -0.6948931217193604
                ],
                [
                    0.17730355262756348,
                    0.9589725732803345,
                    -0.221212700009346
                ],
                [
                    0.7288888692855835,
                    0.02307536080479622,
                    0.6842430233955383
                ]
            ],
            [
                [
                    -0.16638727486133575,
                    0.4011615216732025,
                    0.9007689356803894
                ],
                [
                    -0.43766698241233826,
                    0.788543701171875,
                    -0.4320259988307953
                ],
                [
                    -0.8836078643798828,
                    -0.46612048149108887,
                    0.04437151551246643
                ]
            ],
            [
                [
                    0.9978078007698059,
                    -0.06574349105358124,
                    0.0075841727666556835
                ],
                [
                    0.06485074013471603,
                    0.9941807985305786,
                    0.08601657301187515
                ],
                [
                    -0.013195070438086987,
                    -0.08533615618944168,
                    0.9962648749351501
                ]
            ],
            [
                [
                    0.972184956073761,
                    0.2341548651456833,
                    0.005292581394314766
                ],
                [
                    -0.2325078248977661,
                    0.9621304869651794,
                    0.14228534698486328
                ],
                [
                    0.028224652633070946,
                    -0.13955822587013245,
                    0.9898115992546082
                ]
            ],
            [
                [
                    0.9645974040031433,
                    0.23838968575000763,
                    -0.1127924919128418
                ],
                [
                    -0.22115474939346313,
                    0.9641730189323425,
                    0.1464955359697342
                ],
                [
                    0.14367450773715973,
                    -0.11636462062597275,
                    0.9827597737312317
                ]
            ],
            [
                [
                    0.9644531011581421,
                    -0.2562173306941986,
                    0.06467609852552414
                ],
                [
                    0.2500153183937073,
                    0.9639892578125,
                    0.09064777940511703
                ],
                [
                    -0.08557260036468506,
                    -0.07125551253557205,
                    0.9937806725502014
                ]
            ]
        ],
        "betas": [
            -0.08921200037002563,
            -0.004627138376235962,
            0.1402798891067505,
            0.08816322684288025,
            -0.01922661066055298,
            0.04948127642273903,
            0.030807971954345703,
            -0.07411009073257446,
            0.05123750865459442,
            -0.06598407030105591
        ]
    },
    "pred_cam_t": [
        0.07536260038614273,
        0.15122857689857483,
        34.86564254760742
    ],
    "focal_length": [
        5000.0,
        5000.0
    ],
    "pred_keypoints_3d": [
        [
            0.018312780186533928,
            -0.7932159900665283,
            -0.2186436653137207
        ],
        [
            0.0529421903192997,
            -0.7253236174583435,
            -0.04014115035533905
        ],
        [
            -0.12916816771030426,
            -0.6579660177230835,
            0.013515481725335121
        ],
        [
            -0.20551393926143646,
            -0.4191915988922119,
            0.04771622270345688
        ],
        [
            -0.29496970772743225,
            -0.4835891127586365,
            -0.18059927225112915
        ],
        [
            0.22016999125480652,
            -0.6164981722831726,
            -0.018765635788440704
        ],
        [
            0.20888011157512665,
            -0.3881946802139282,
            0.1036994531750679
        ],
        [
            0.20877860486507416,
            -0.1687210649251938,
            -0.010606415569782257
        ],
        [
            -0.0018057026900351048,
            -0.22384820878505707,
            0.028111783787608147
        ],
        [
            -0.0794055387377739,
            -0.1421489417552948,
            0.037464648485183716
        ],
        [
            -0.16780290007591248,
            0.22705835103988647,
            -0.00459522008895874
        ],
        [
            -0.21210816502571106,
            0.5445715188980103,
            0.23075546324253082
        ],
        [
            0.05668194591999054,
            -0.12554827332496643,
            0.04030744731426239
        ],
        [
            0.06543470919132233,
            0.24675288796424866,
            0.0051491111516952515
        ],
        [
            0.013712629675865173,
            0.5742745995521545,
            0.22409330308437347
        ],
        [
            -0.0008138734847307205,
            -0.8440847396850586,
            -0.18997615575790405
        ],
        [
            0.0619371272623539,
            -0.8349012732505798,
            -0.20985016226768494
        ],
        [
            -0.01009419560432434,
            -0.858863353729248,
            -0.08779501169919968
        ],
        [
            0.12902948260307312,
            -0.8385201096534729,
            -0.1316477358341217
        ],
        [
            0.01277809590101242,
            0.7006385922431946,
            0.07051077485084534
        ],
        [
            0.07832960039377213,
            0.6917735934257507,
            0.12186947464942932
        ],
        [
            0.012652188539505005,
            0.5833854079246521,
            0.29426175355911255
        ],
        [
            -0.21094754338264465,
            0.6786273717880249,
            0.0869821310043335
        ],
        [
            -0.28519129753112793,
            0.6560872793197632,
            0.12704601883888245
        ],
        [
            -0.22075636684894562,
            0.5552520155906677,
            0.3031701147556305
        ],
        [
            -0.22771859169006348,
            0.4878413677215576,
            0.22769612073898315
        ],
        [
            -0.15540051460266113,
            0.1663350611925125,
            -0.007889190688729286
        ],
        [
            -0.14442278444766998,
            -0.27423736453056335,
            0.03661409020423889
        ],
        [
            0.14537166059017181,
            -0.22526979446411133,
            0.051948562264442444
        ],
        [
            0.07915377616882324,
            0.20697839558124542,
            0.0035907942801713943
        ],
        [
            0.025303177535533905,
            0.5339871644973755,
            0.23281031847000122
        ],
        [
            -0.271425724029541,
            -0.5078590512275696,
            -0.16124874353408813
        ],
        [
            -0.2323005199432373,
            -0.45613670349121094,
            0.04068008065223694
        ],
        [
            -0.09317722916603088,
            -0.6810176968574524,
            -0.0012571169063448906
        ],
        [
            0.19137632846832275,
            -0.6515597105026245,
            -0.02122918702661991
        ],
        [
            0.24745362997055054,
            -0.40160441398620605,
            0.06396348029375076
        ],
        [
            0.2158876359462738,
            -0.18962447345256805,
            -0.018475539982318878
        ],
        [
            0.05586931109428406,
            -0.7184142470359802,
            -0.0386066660284996
        ],
        [
            0.06045040860772133,
            -0.8955157399177551,
            -0.13915769755840302
        ],
        [
            0.001345073338598013,
            -0.24983173608779907,
            0.04408592730760574
        ],
        [
            0.048201218247413635,
            -0.664080023765564,
            -0.014514189213514328
        ],
        [
            0.03353515639901161,
            -0.4917612671852112,
            0.027571961283683777
        ],
        [
            0.04655018821358681,
            -0.7828972935676575,
            -0.14391186833381653
        ],
        [
            0.059821903705596924,
            -0.9164872169494629,
            -0.13428907096385956
        ]
    ],
    "pred_vertices": [
        [
            0.0764044001698494,
            -0.8779696226119995,
            -0.22612786293029785
        ],
        [
            0.06779064238071442,
            -0.8638162612915039,
            -0.2264859974384308
        ],
        [
            0.08068327605724335,
            -0.8609616756439209,
            -0.22074231505393982
        ],
        [
            0.08971889317035675,
            -0.8721384406089783,
            -0.21638235449790955
        ],
        [
            0.07458487153053284,
            -0.8514163494110107,
            -0.2220456898212433
        ],
        [
            0.0630340576171875,
            -0.8527321815490723,
            -0.22569376230239868
        ],
        [
            0.09006573259830475,
            -0.8563249707221985,
            -0.21142840385437012
        ],
        [
            0.09890428930521011,
            -0.8639830350875854,
            -0.20509466528892517
        ],
        [
            0.09587830305099487,
            -0.8236192464828491,
            -0.19277578592300415
        ],
        [
            0.10229828953742981,
            -0.8205841779708862,
            -0.18384769558906555
        ],
        [
            0.10281100124120712,
            -0.8321659564971924,
            -0.1886271983385086
        ],
        [
            0.09542472660541534,
            -0.8321782350540161,
            -0.19573646783828735
        ],
        [
            0.09474225342273712,
            -0.7994790077209473,
            -0.1823723316192627
        ],
        [
            0.08565972000360489,
            -0.7896566987037659,
            -0.18600095808506012
        ],
        [
            0.0901663675904274,
            -0.7828550338745117,
            -0.17510519921779633
        ],
        [
            0.09824466705322266,
            -0.7924695014953613,
            -0.17029868066310883
        ],
        [
            0.04854440316557884,
            -0.8024156093597412,
            -0.2027743011713028
        ],
        [
            0.05368435010313988,
            -0.7955154180526733,
            -0.2016150802373886
        ],
        [
            0.05803550034761429,
            -0.8016033172607422,
            -0.20365139842033386
        ],
        [
            0.05220375955104828,
            -0.8078989386558533,
            -0.2041032910346985
        ],
        [
            0.03858918324112892,
            -0.8117949962615967,
            -0.20828066766262054
        ],
        [
            0.04091685265302658,
            -0.8176915049552917,
            -0.20684894919395447
        ],
        [
            0.03515349328517914,
            -0.8209618330001831,
            -0.21122679114341736
        ],
        [
            0.03326788544654846,
            -0.814064621925354,
            -0.2136591076850891
        ],
        [
            0.042986977845430374,
            -0.7981073260307312,
            -0.19986340403556824
        ],
        [
            0.04868694394826889,
            -0.7910523414611816,
            -0.1983981728553772
        ],
        [
            0.04392378032207489,
            -0.8082103729248047,
            -0.20431575179100037
        ],
        [
            0.04120805859565735,
            -0.8037490844726562,
            -0.20467258989810944
        ],
        [
            0.034940510988235474,
            -0.7960729598999023,
            -0.2118614912033081
        ],
        [
            0.03717115521430969,
            -0.8007677793502808,
            -0.21207651495933533
        ],
        [
            0.031880199909210205,
            -0.8008595705032349,
            -0.21778643131256104
        ],
        [
            0.03055231086909771,
            -0.7958529591560364,
            -0.2154582142829895
        ],
        [
            0.0401952899992466,
            -0.7970665693283081,
            -0.20383930206298828
        ],
        [
            0.040090955793857574,
            -0.7991855144500732,
            -0.20734968781471252
        ],
        [
            0.03680718317627907,
            -0.7954357862472534,
            -0.207886204123497
        ],
        [
            0.03629621863365173,
            -0.7942691445350647,
            -0.20391470193862915
        ],
        [
            0.03681579977273941,
            -0.8071967363357544,
            -0.20964749157428741
        ],
        [
            0.03214259445667267,
            -0.8079475164413452,
            -0.21576131880283356
        ],
        [
            0.026433052495121956,
            -0.8084170818328857,
            -0.22158458828926086
        ],
        [
            0.02585306018590927,
            -0.7996442317962646,
            -0.22287502884864807
        ],
        [
            0.06528736650943756,
            -0.7824333906173706,
            -0.19454273581504822
        ],
        [
            0.05951434373855591,
            -0.7887824177742004,
            -0.1992591917514801
        ],
        [
            0.05438894405961037,
            -0.7847639322280884,
            -0.1966891586780548
        ],
        [
            0.0594639852643013,
            -0.7794442176818848,
            -0.19368326663970947
        ],
        [
            0.03835534304380417,
            -0.79185551404953,
            -0.20020774006843567
        ],
        [
            0.041118837893009186,
            -0.7760770320892334,
            -0.1969868540763855
        ],
        [
            0.04148704558610916,
            -0.7796211242675781,
            -0.19832199811935425
        ],
        [
            0.034623291343450546,
            -0.7803924083709717,
            -0.20067870616912842
        ],
        [
            0.03494010865688324,
            -0.7770304679870605,
            -0.19945141673088074
        ],
        [
            0.07162710279226303,
            -0.7700729370117188,
            -0.18340274691581726
        ],
        [
            0.06489945948123932,
            -0.768744945526123,
            -0.18597003817558289
        ],
        [
            0.06570559740066528,
            -0.7627180218696594,
            -0.18161875009536743
        ],
        [
            0.07209940254688263,
            -0.7632061243057251,
            -0.17731431126594543
        ],
        [
            0.0636296421289444,
            -0.7577371597290039,
            -0.17845633625984192
        ],
        [
            0.07150392234325409,
            -0.7566571831703186,
            -0.17170417308807373
        ],
        [
            0.06221756339073181,
            -0.7444311380386353,
            -0.16561466455459595
        ],
        [
            0.06704799085855484,
            -0.7497445344924927,
            -0.1681671142578125
        ],
        [
            0.05958566069602966,
            -0.7528142929077148,
            -0.17630155384540558
        ],
        [
            0.05331594496965408,
            -0.747921347618103,
            -0.17648077011108398
        ],
        [
            0.039493709802627563,
            -0.7519897222518921,
            -0.1827947497367859
        ],
        [
            0.03309384733438492,
            -0.7508461475372314,
            -0.183528333902359
        ],
        [
            0.03754132241010666,
            -0.739212691783905,
            -0.17930446565151215
        ],
        [
            0.04503154009580612,
            -0.7426871061325073,
            -0.1780676394701004
        ],
        [
            0.04165980964899063,
            -0.7715190649032593,
            -0.19115743041038513
        ],
        [
            0.04618113115429878,
            -0.7717303037643433,
            -0.18949542939662933
        ],
        [
            0.04587889090180397,
            -0.7725397348403931,
            -0.19213467836380005
        ],
        [
            0.04111103713512421,
            -0.7733885049819946,
            -0.19448800384998322
        ],
        [
            0.05004856362938881,
            -0.7714436054229736,
            -0.18857166171073914
        ],
        [
            0.05177422612905502,
            -0.7711515426635742,
            -0.1882333755493164
        ],
        [
            0.051325324922800064,
            -0.7720956206321716,
            -0.18967649340629578
        ],
        [
            0.0497048944234848,
            -0.7720611095428467,
            -0.18935701251029968
        ],
        [
            0.047679003328084946,
            -0.7718572616577148,
            -0.18933317065238953
        ],
        [
            0.04652153700590134,
            -0.7700920701026917,
            -0.18887734413146973
        ],
        [
            0.049051735550165176,
            -0.7707118391990662,
            -0.1885739266872406
        ],
        [
            0.04234113544225693,
            -0.7691142559051514,
            -0.19040285050868988
        ],
        [
            0.028325509279966354,
            -0.7666057348251343,
            -0.19415698945522308
        ],
        [
            0.032264310866594315,
            -0.7668991088867188,
            -0.19388175010681152
        ],
        [
            0.03137298673391342,
            -0.7715641260147095,
            -0.19384469091892242
        ],
        [
            0.02803020365536213,
            -0.7715762853622437,
            -0.19421429932117462
        ],
        [
            0.049306537955999374,
            -0.7737383246421814,
            -0.1915363073348999
        ],
        [
            0.05197368562221527,
            -0.774925947189331,
            -0.1920837163925171
        ],
        [
            0.04761236906051636,
            -0.7772156000137329,
            -0.19515714049339294
        ],
        [
            0.04652092233300209,
            -0.7749100923538208,
            -0.19352450966835022
        ],
        [
            0.05464448407292366,
            -0.7764368057250977,
            -0.19311213493347168
        ],
        [
            0.053695663809776306,
            -0.7731384038925171,
            -0.1899816393852234
        ],
        [
            0.05694684386253357,
            -0.7735167741775513,
            -0.19043058156967163
        ],
        [
            0.05118362605571747,
            -0.7695739269256592,
            -0.1875786930322647
        ],
        [
            0.0540221631526947,
            -0.7679529190063477,
            -0.1863999366760254
        ],
        [
            0.05444815754890442,
            -0.7701036334037781,
            -0.18826141953468323
        ],
        [
            0.05185120180249214,
            -0.765061616897583,
            -0.1853235960006714
        ],
        [
            0.04844488948583603,
            -0.7678900957107544,
            -0.18735116720199585
        ],
        [
            0.04425715655088425,
            -0.7659516930580139,
            -0.18855144083499908
        ],
        [
            0.038855649530887604,
            -0.764093279838562,
            -0.1903378665447235
        ],
        [
            0.04174681752920151,
            -0.7599005699157715,
            -0.1867012232542038
        ],
        [
            0.047499462962150574,
            -0.7622541189193726,
            -0.18560338020324707
        ],
        [
            0.050080060958862305,
            -0.7808691263198853,
            -0.1960342526435852
        ],
        [
            0.05893723666667938,
            -0.769405722618103,
            -0.18729187548160553
        ],
        [
            0.06265030801296234,
            -0.7749909162521362,
            -0.18997660279273987
        ],
        [
            0.058865636587142944,
            -0.7651314735412598,
            -0.1848112940788269
        ],
        [
            0.0567803792655468,
            -0.7612898349761963,
            -0.1826319545507431
        ],
        [
            0.05250025540590286,
            -0.7576173543930054,
            -0.18174026906490326
        ],
        [
            0.04613393172621727,
            -0.7544989585876465,
            -0.18224099278450012
        ],
        [
            0.04273776710033417,
            -0.7333123683929443,
            -0.1666872203350067
        ],
        [
            0.05205298960208893,
            -0.7379496097564697,
            -0.16659727692604065
        ],
        [
            0.06112382560968399,
            -0.8464148044586182,
            -0.22045624256134033
        ],
        [
            0.07025833427906036,
            -0.8450616002082825,
            -0.21999803185462952
        ],
        [
            0.07131823152303696,
            -0.8387587666511536,
            -0.2132979780435562
        ],
        [
            0.07317087054252625,
            -0.8408273458480835,
            -0.2142966091632843
        ],
        [
            0.06741222739219666,
            -0.842042863368988,
            -0.21642310917377472
        ],
        [
            0.06684944778680801,
            -0.8395533561706543,
            -0.2148028314113617
        ],
        [
            0.08796992897987366,
            -0.8335108757019043,
            -0.20035995543003082
        ],
        [
            0.08220569789409637,
            -0.8348298072814941,
            -0.2040078043937683
        ],
        [
            0.08275318145751953,
            -0.831478476524353,
            -0.20159968733787537
        ],
        [
            0.08932822942733765,
            -0.827125072479248,
            -0.1981935352087021
        ],
        [
            0.07302862405776978,
            -0.8235622048377991,
            -0.20404060184955597
        ],
        [
            0.07818735390901566,
            -0.8249950408935547,
            -0.20240145921707153
        ],
        [
            0.07418641448020935,
            -0.831174910068512,
            -0.2060760259628296
        ],
        [
            0.07046683132648468,
            -0.8301372528076172,
            -0.2073374092578888
        ],
        [
            0.06626208126544952,
            -0.8297377228736877,
            -0.20806799829006195
        ],
        [
            0.061921779066324234,
            -0.8300262689590454,
            -0.208191379904747
        ],
        [
            0.06188173219561577,
            -0.8250534534454346,
            -0.20617841184139252
        ],
        [
            0.06722711771726608,
            -0.8238887786865234,
            -0.2054223120212555
        ],
        [
            0.06070322543382645,
            -0.8436963558197021,
            -0.21626900136470795
        ],
        [
            0.0538296103477478,
            -0.8440201282501221,
            -0.214112788438797
        ],
        [
            0.055043332278728485,
            -0.8410688638687134,
            -0.21291746199131012
        ],
        [
            0.06074545904994011,
            -0.8404908180236816,
            -0.21522149443626404
        ],
        [
            0.04634089022874832,
            -0.8376106023788452,
            -0.20378340780735016
        ],
        [
            0.04737783968448639,
            -0.8395293951034546,
            -0.20578083395957947
        ],
        [
            0.04372904449701309,
            -0.8410133123397827,
            -0.20647764205932617
        ],
        [
            0.042884524911642075,
            -0.8370909690856934,
            -0.2041684091091156
        ],
        [
            0.044783852994441986,
            -0.8338785171508789,
            -0.20389260351657867
        ],
        [
            0.0472978800535202,
            -0.8357366323471069,
            -0.2040015608072281
        ],
        [
            0.06969864666461945,
            -0.8999855518341064,
            -0.228184312582016
        ],
        [
            0.061633381992578506,
            -0.8831489086151123,
            -0.23015956580638885
        ],
        [
            0.08737355470657349,
            -0.8943660855293274,
            -0.21888123452663422
        ],
        [
            0.09898458421230316,
            -0.885732889175415,
            -0.20783939957618713
        ],
        [
            0.1078161895275116,
            -0.873308539390564,
            -0.19692441821098328
        ],
        [
            0.08056166023015976,
            -0.7750998139381409,
            -0.17961707711219788
        ],
        [
            0.0830019861459732,
            -0.7678928375244141,
            -0.1714915633201599
        ],
        [
            0.09404146671295166,
            -0.7768101692199707,
            -0.1642393171787262
        ],
        [
            0.09284766018390656,
            -0.7685999870300293,
            -0.15578937530517578
        ],
        [
            0.08170588314533234,
            -0.7595248222351074,
            -0.16409996151924133
        ],
        [
            0.06903880834579468,
            -0.7444952130317688,
            -0.152878075838089
        ],
        [
            0.07704384624958038,
            -0.7511252164840698,
            -0.15773069858551025
        ],
        [
            0.08910055458545685,
            -0.761452317237854,
            -0.14610782265663147
        ],
        [
            0.1007436141371727,
            -0.7759590744972229,
            -0.1373358964920044
        ],
        [
            0.10220055282115936,
            -0.7800271511077881,
            -0.1486620008945465
        ],
        [
            0.10904015600681305,
            -0.7931205034255981,
            -0.1312032788991928
        ],
        [
            0.0991351306438446,
            -0.772380530834198,
            -0.12255549430847168
        ],
        [
            0.10839294642210007,
            -0.794915497303009,
            -0.12167223542928696
        ],
        [
            0.08363086730241776,
            -0.7395260334014893,
            -0.11272264271974564
        ],
        [
            0.08632977306842804,
            -0.7301832437515259,
            -0.10618425160646439
        ],
        [
            0.09900932013988495,
            -0.7391378879547119,
            -0.09654227644205093
        ],
        [
            0.09779677540063858,
            -0.7482622861862183,
            -0.10383746773004532
        ],
        [
            0.10155661404132843,
            -0.7856358289718628,
            -0.1588408648967743
        ],
        [
            0.1076124757528305,
            -0.8434035181999207,
            -0.18502795696258545
        ],
        [
            0.10050857067108154,
            -0.8413112163543701,
            -0.19439049065113068
        ],
        [
            0.10951942205429077,
            -0.8320999145507812,
            -0.1784650683403015
        ],
        [
            0.11932827532291412,
            -0.9049416184425354,
            -0.18433022499084473
        ],
        [
            0.10935500264167786,
            -0.8967500925064087,
            -0.19793881475925446
        ],
        [
            0.11670412868261337,
            -0.8828216791152954,
            -0.18949595093727112
        ],
        [
            0.12519824504852295,
            -0.8921991586685181,
            -0.17763963341712952
        ],
        [
            0.09332694858312607,
            -0.9397791624069214,
            -0.19548195600509644
        ],
        [
            0.08300697803497314,
            -0.9221762418746948,
            -0.2152182161808014
        ],
        [
            0.09593463689088821,
            -0.9112719297409058,
            -0.20767948031425476
        ],
        [
            0.10608921945095062,
            -0.9246937036514282,
            -0.192430317401886
        ],
        [
            0.13081547617912292,
            -0.896598219871521,
            -0.16596582531929016
        ],
        [
            0.13724473118782043,
            -0.9023541212081909,
            -0.14928290247917175
        ],
        [
            0.13598573207855225,
            -0.9196759462356567,
            -0.14653068780899048
        ],
        [
            0.12793338298797607,
            -0.9147090911865234,
            -0.16679397225379944
        ],
        [
            0.12747234106063843,
            -0.9423108100891113,
            -0.14278528094291687
        ],
        [
            0.11828116327524185,
            -0.9365676045417786,
            -0.1676674336194992
        ],
        [
            0.10853956639766693,
            -0.784865140914917,
            -0.10690641403198242
        ],
        [
            0.11234690994024277,
            -0.8021518588066101,
            -0.11107365787029266
        ],
        [
            0.09587510675191879,
            -0.7591476440429688,
            -0.1135379821062088
        ],
        [
            0.10630708932876587,
            -0.7701054215431213,
            -0.10130546241998672
        ],
        [
            0.11272605508565903,
            -0.960308313369751,
            -0.13754841685295105
        ],
        [
            0.10268132388591766,
            -0.9548831582069397,
            -0.16758301854133606
        ],
        [
            0.13812433183193207,
            -0.8955053091049194,
            -0.09530109912157059
        ],
        [
            0.140264630317688,
            -0.910068154335022,
            -0.10817337036132812
        ],
        [
            0.14055295288562775,
            -0.8929572105407715,
            -0.12063279747962952
        ],
        [
            0.13935011625289917,
            -0.8815677165985107,
            -0.106879822909832
        ],
        [
            0.1326407492160797,
