{
    "pred_cam": [
        1.4769223928451538,
        0.015235008671879768,
        0.3372097909450531
    ],
    "pred_smpl_params": {
        "global_orient": [
            [
                [
                    -0.9363645315170288,
                    0.09367311000823975,
                    -0.33829981088638306
                ],
                [
                    -0.016259435564279556,
                    -0.9742767214775085,
                    -0.22476740181446075
                ],
                [
                    -0.3506523370742798,
                    -0.20496366918087006,
                    0.9138012528419495
                ]
            ]
        ],
        "body_pose": [
            [
                [
                    0.9911811947822571,
                    0.016889454796910286,
                    -0.13143318891525269
                ],
                [
                    -8.725970110390335e-05,
                    0.991927444934845,
                    0.1268068104982376
                ],
                [
                    0.1325138807296753,
                    -0.12567704916000366,
                    0.9831812977790833
                ]
            ],
            [
                [
                    0.9965704679489136,
                    -0.022035222500562668,
                    -0.07975976914167404
                ],
                [
                    0.040788520127534866,
                    0.9694675207138062,
                    0.24180369079113007
                ],
                [
                    0.071996308863163,
                    -0.24422772228717804,
                    0.9670414924621582
                ]
            ],
            [
                [
                    0.9978634715080261,
                    -0.011071274057030678,
                    0.06438843905925751
                ],
                [
                    0.020210132002830505,
                    0.989506721496582,
                    -0.14306674897670746
                ],
                [
                    -0.062128856778144836,
                    0.14406239986419678,
                    0.9876163601875305
                ]
            ],
            [
                [
                    0.9748448729515076,
                    -0.16223496198654175,
                    -0.15283100306987762
                ],
                [
                    -0.07916680723428726,
                    0.38894757628440857,
                    -0.9178520441055298
                ],
                [
                    0.20835094153881073,
                    0.9068624973297119,
                    0.3663199245929718
                ]
            ],
            [
                [
                    0.9458973407745361,
                    -0.2827872931957245,
                    0.1590901017189026
                ],
                [
                    0.2088422030210495,
                    0.15537232160568237,
                    -0.965528130531311
                ],
                [
                    0.24832092225551605,
                    0.9465150833129883,
                    0.2060241848230362
                ]
            ],
            [
                [
                    0.9955414533615112,
                    0.04198173061013222,
                    0.08446784317493439
                ],
                [
                    -0.03754189610481262,
                    0.9978628158569336,
                    -0.05348193272948265
                ],
                [
                    -0.0865325927734375,
                    0.05007239431142807,
                    0.9949898719787598
                ]
            ],
            [
                [
                    0.984542191028595,
                    -0.04785643517971039,
                    0.1684822142124176
                ],
                [
                    0.018964262679219246,
                    0.9854192733764648,
                    0.16908346116542816
                ],
                [
                    -0.17411735653877258,
                    -0.16327469050884247,
                    0.9710944294929504
                ]
            ],
            [
                [
                    0.9736692905426025,
                    0.14186596870422363,
                    -0.17844344675540924
                ],
                [
                    -0.09120398014783859,
                    0.9598102569580078,
                    0.2654167413711548
                ],
                [
                    0.20892545580863953,
                    -0.24215339124202728,
                    0.9474765062332153
                ]
            ],
            [
                [
                    0.9969340562820435,
                    0.028269967064261436,
                    0.0729617029428482
                ],
                [
                    -0.023882359266281128,
                    0.9978932738304138,
                    -0.06032296642661095
                ],
                [
                    -0.07451330125331879,
                    0.058395516127347946,
                    0.9955089688301086
                ]
            ],
            [
                [
                    0.9979932904243469,
                    -0.06257886439561844,
                    -0.009653902612626553
                ],
                [
                    0.06331545114517212,
                    0.9846308827400208,
                    0.16276724636554718
                ],
                [
                    -0.0006802548887208104,
                    -0.16305187344551086,
                    0.9866172075271606
                ]
            ],
            [
                [
                    0.9988454580307007,
                    -0.018495816737413406,
                    -0.04433506727218628
                ],
                [
                    0.025708956643939018,
                    0.9854341745376587,
                    0.1681029200553894
                ],
                [
                    0.040580082684755325,
                    -0.16904865205287933,
                    0.9847719669342041
                ]
            ],
            [
                [
                    0.9719476103782654,
                    0.06233649700880051,
                    0.226786270737648
                ],
                [
                    -0.05932776629924774,
                    0.9980368614196777,
                    -0.020065780729055405
                ],
                [
                    -0.2275918871164322,
                    0.0060481661930680275,
                    0.9737378358840942
                ]
            ],
            [
                [
                    0.9084233641624451,
                    0.4125853478908539,
                    -0.06738099455833435
                ],
                [
                    -0.40979596972465515,
                    0.9107146263122559,
                    0.051635269075632095
                ],
                [
                    0.08266880363225937,
                    -0.01929423213005066,
                    0.9963902831077576
                ]
            ],
            [
                [
                    0.9193875789642334,
                    -0.383556991815567,
                    0.08723878115415573
                ],
                [
                    0.38488972187042236,
                    0.9229610562324524,
                    0.0016662548296153545
                ],
                [
                    -0.08115710318088531,
                    0.03204537555575371,
                    0.9961860775947571
                ]
            ],
            [
                [
                    0.9875149726867676,
                    0.12383640557527542,
                    0.09735915809869766
                ],
                [
                    -0.0807347297668457,
                    0.9285868406295776,
                    -0.3622269034385681
                ],
                [
                    -0.1352633237838745,
                    0.34984421730041504,
                    0.9269912838935852
                ]
            ],
            [
                [
                    0.5565561652183533,
                    0.7463141083717346,
                    -0.36504867672920227
                ],
                [
                    -0.8135184049606323,
                    0.5787255167961121,
                    -0.0571368969976902
                ],
                [
                    0.16862086951732635,
                    0.32877370715141296,
                    0.9292334914207458
                ]
            ],
            [
                [
                    0.5354698300361633,
                    -0.7933549880981445,
                    0.2895859479904175
                ],
                [
                    0.8241487145423889,
                    0.5657728314399719,
                    0.026078568771481514
                ],
                [
                    -0.18452942371368408,
                    0.22469757497310638,
                    0.9567967653274536
                ]
            ],
            [
                [
                    0.335102379322052,
                    -0.33473631739616394,
                    -0.880714476108551
                ],
                [
                    -0.0024767047725617886,
                    0.9344445466995239,
                    -0.35610008239746094
                ],
                [
                    0.94217848777771,
                    0.12151126563549042,
                    0.3123055398464203
                ]
            ],
            [
                [
                    0.08463028818368912,
                    0.4184893071651459,
                    0.9042701721191406
                ],
                [
                    -0.1801646649837494,
                    0.898994505405426,
                    -0.39918628334999084
                ],
                [
                    -0.9799890518188477,
                    -0.12913425266742706,
                    0.15147915482521057
                ]
            ],
            [
                [
                    0.9938730597496033,
                    -0.10728485882282257,
                    -0.026575136929750443
                ],
                [
                    0.10525393486022949,
                    0.9920710325241089,
                    -0.06867819279432297
                ],
                [
                    0.03373255208134651,
                    0.06546027213335037,
                    0.9972848296165466
                ]
            ],
            [
                [
                    0.9922903776168823,
                    0.12226391583681107,
                    0.02028202824294567
                ],
                [
                    -0.12075667083263397,
                    0.9906328916549683,
                    -0.06375144422054291
                ],
                [
                    -0.02788654714822769,
                    0.06081075221300125,
                    0.9977596402168274
                ]
            ],
            [
                [
                    0.9722659587860107,
                    0.2152811884880066,
                    -0.09139399230480194
                ],
                [
                    -0.20299571752548218,
                    0.9708588719367981,
                    0.12738056480884552
                ],
                [
                    0.1161533072590828,
                    -0.10529520362615585,
                    0.9876341819763184
                ]
            ],
            [
                [
                    0.9667503237724304,
                    -0.25065287947654724,
                    0.050665322691202164
                ],
                [
                    0.24297410249710083,
                    0.9621227979660034,
                    0.12362585961818695
                ],
                [
                    -0.07973343133926392,
                    -0.10720497369766235,
                    0.9910346865653992
                ]
            ]
        ],
        "betas": [
            -0.2499893605709076,
            -0.25178948044776917,
            0.30327925086021423,
            0.5802571773529053,
            0.215798482298851,
            0.04320425167679787,
            -0.07276427745819092,
            -0.10140600800514221,
            0.10711004585027695,
            -0.1378798484802246
        ]
    },
    "pred_cam_t": [
        0.015235008671879768,
        0.3372097909450531,
        26.448579788208008
    ],
    "focal_length": [
        5000.0,
        5000.0
    ],
    "pred_keypoints_3d": [
        [
            -0.12033280730247498,
            -0.8089013695716858,
            0.054017405956983566
        ],
        [
            0.021928008645772934,
            -0.7343249320983887,
            -0.04453127086162567
        ],
        [
            0.17578592896461487,
            -0.6400611996650696,
            0.05838937312364578
        ],
        [
            0.20547929406166077,
            -0.3970244526863098,
            0.10054047405719757
        ],
        [
            0.04524901509284973,
            -0.4107587933540344,
            0.2902284860610962
        ],
        [
            -0.12438448518514633,
            -0.6225285530090332,
            -0.13438574969768524
        ],
        [
            -0.16072715818881989,
            -0.37066614627838135,
            -0.1319960504770279
        ],
        [
            -0.21848395466804504,
            -0.3265764117240906,
            0.09987188875675201
        ],
        [
            -0.0019243439892306924,
            -0.228364497423172,
            0.028646783903241158
        ],
        [
            0.054502490907907486,
            -0.13821426033973694,
            0.06713758409023285
        ],
        [
            0.018849853426218033,
            0.19816318154335022,
            0.22362031042575836
        ],
        [
            -0.0107553880661726,
            0.3704361319541931,
            -0.12207178771495819
        ],
        [
            -0.07337621599435806,
            -0.13892871141433716,
            0.016778461635112762
        ],
        [
            -0.14713378250598907,
            0.20184263586997986,
            0.12279491871595383
        ],
        [
            -0.14187423884868622,
            0.4268309772014618,
            -0.19197019934654236
        ],
        [
            -0.09060992300510406,
            -0.8607298135757446,
            0.06270360201597214
        ],
        [
            -0.12934723496437073,
            -0.8504948616027832,
            0.009930400177836418
        ],
        [
            0.01033136248588562,
            -0.8802884817123413,
            0.03732048720121384
        ],
        [
            -0.0779985636472702,
            -0.8587968945503235,
            -0.07696475088596344
        ],
        [
            -0.17667284607887268,
            0.5804921388626099,
            -0.07631370425224304
        ],
        [
            -0.23447266221046448,
            0.5456228256225586,
            -0.12480995059013367
        ],
        [
            -0.14167140424251556,
            0.4118427038192749,
            -0.2579304277896881
        ],
        [
            -0.05905977636575699,
            0.5213803648948669,
            -0.009087145328521729
        ],
        [
            0.020106088370084763,
            0.5120314359664917,
            -0.040303945541381836
        ],
        [
            0.0019241087138652802,
            0.36558517813682556,
            -0.1916884183883667
        ],
        [
            0.02408652752637863,
            0.3301478624343872,
            -0.09571468830108643
        ],
        [
            0.024891138076782227,
            0.1472620815038681,
            0.2176470309495926
        ],
        [
            0.14421790838241577,
            -0.2531106173992157,
            0.0627281442284584
        ],
        [
            -0.13251839578151703,
            -0.24174654483795166,
            -0.04773470386862755
        ],
        [
            -0.15413442254066467,
            0.16514182090759277,
            0.11809247732162476
        ],
        [
            -0.14773166179656982,
            0.3835310935974121,
            -0.18430887162685394
        ],
        [
            0.04663120210170746,
            -0.43707913160324097,
            0.2630327343940735
        ],
        [
            0.21703660488128662,
            -0.42928773164749146,
            0.12985393404960632
        ],
        [
            0.14590337872505188,
            -0.6721972227096558,
            0.0382283478975296
        ],
        [
            -0.0984889417886734,
            -0.6558837294578552,
            -0.12916430830955505
        ],
        [
            -0.19862616062164307,
            -0.40847906470298767,
            -0.1229863166809082
        ],
        [
            -0.21875441074371338,
            -0.3468545079231262,
            0.08866181969642639
        ],
        [
            0.0170748271048069,
            -0.7224024534225464,
            -0.04292750358581543
        ],
        [
            -0.06574484705924988,
            -0.9150575995445251,
            -0.011705124750733376
        ],
        [
            0.005154843907803297,
            -0.2475082278251648,
            0.007064416538923979
        ],
        [
            0.02374240569770336,
            -0.6622635126113892,
            -0.04259404540061951
        ],
        [
            0.03125447779893875,
            -0.4899822473526001,
            -0.0371842198073864
        ],
        [
            -0.05894818156957626,
            -0.801576554775238,
            0.0021294080652296543
        ],
        [
            -0.06275065988302231,
            -0.9352831840515137,
            -0.01257074624300003
        ]
    ],
    "pred_vertices": [
        [
            -0.15107734501361847,
            -0.8924063444137573,
            0.003969157114624977
        ],
        [
            -0.14742739498615265,
            -0.8783571124076843,
            0.011788919568061829
        ],
        [
            -0.14599201083183289,
            -0.8755543828010559,
            -0.0020809993147850037
        ],
        [
            -0.1462036818265915,
            -0.8870469331741333,
            -0.012167224660515785
        ],
        [
            -0.14513227343559265,
            -0.8660504817962646,
            0.004068346694111824
        ],
        [
            -0.1447170376777649,
            -0.8669646978378296,
            0.016063500195741653
        ],
        [
            -0.1404433399438858,
            -0.8712580800056458,
            -0.013981832191348076
        ],
        [
            -0.1383044272661209,
            -0.8799940943717957,
            -0.024763770401477814
        ],
        [
            -0.1249513030052185,
            -0.8391493558883667,
            -0.02786168083548546
        ],
        [
            -0.118678517639637,
            -0.8364779353141785,
            -0.0367872379720211
        ],
        [
            -0.12304878234863281,
            -0.8477941751480103,
            -0.034584831446409225
        ],
        [
            -0.1269095540046692,
            -0.8475954532623291,
            -0.025215592235326767
        ],
        [
            -0.1135273426771164,
            -0.816058874130249,
            -0.02946145087480545
        ],
        [
            -0.11338475346565247,
            -0.8062022924423218,
            -0.01976672001183033
        ],
        [
            -0.10467925667762756,
            -0.7998342514038086,
            -0.027458038181066513
        ],
        [
            -0.10331425070762634,
            -0.809422492980957,
            -0.036762773990631104
        ],
        [
            -0.11644770950078964,
            -0.8190039396286011,
            0.019757140427827835
        ],
        [
            -0.11673561483621597,
            -0.8121700286865234,
            0.014705393463373184
        ],
        [
            -0.12051233649253845,
            -0.8178831338882446,
            0.01142440177500248
        ],
        [
            -0.11926552653312683,
            -0.8241933584213257,
            0.016937818378210068
        ],
        [
            -0.11846403032541275,
            -0.8278881907463074,
            0.03167229890823364
        ],
        [
            -0.11816961318254471,
            -0.8337774872779846,
            0.029141541570425034
        ],
        [
            -0.12064094841480255,
            -0.8369225859642029,
            0.03608959540724754
        ],
        [
            -0.12192590534687042,
            -0.8299704790115356,
            0.03857544809579849
        ],
        [
            -0.11174216866493225,
            -0.8149663209915161,
            0.023805059492588043
        ],
        [
            -0.1116870567202568,
            -0.8081605434417725,
            0.018204258754849434
        ],
        [
            -0.11673033982515335,
            -0.8246169686317444,
            0.02461124211549759
        ],
        [
            -0.11539990454912186,
            -0.8201286792755127,
            0.027750708162784576
        ],
        [
            -0.12004740536212921,
            -0.8122545480728149,
            0.03594500944018364
        ],
        [
            -0.12128391116857529,
            -0.8167669773101807,
            0.03398144245147705
        ],
        [
            -0.12493453919887543,
            -0.8165396451950073,
            0.040932733565568924
        ],
        [
            -0.1219976469874382,
            -0.8116618394851685,
            0.04134395346045494
        ],
        [
            -0.11413051933050156,
            -0.8134229183197021,
            0.028204619884490967
        ],
        [
            -0.11761575937271118,
            -0.8153430223464966,
            0.029529836028814316
        ],
        [
            -0.11678913980722427,
            -0.8117098212242126,
            0.032805390655994415
        ],
        [
            -0.11267733573913574,
            -0.8107894062995911,
            0.031938668340444565
        ],
        [
            -0.11894936859607697,
            -0.8232542276382446,
            0.033609963953495026
        ],
        [
            -0.12336844205856323,
            -0.8237221240997314,
            0.04010898992419243
        ],
        [
            -0.1270453780889511,
            -0.8239977359771729,
            0.047531262040138245
        ],
        [
            -0.12732167541980743,
            -0.8150101900100708,
            0.04853995889425278
        ],
        [
            -0.11376062780618668,
            -0.7992868423461914,
            0.00197388231754303
        ],
        [
            -0.11641839891672134,
            -0.8054260015487671,
            0.008563058450818062
        ],
        [
            -0.11179380118846893,
            -0.801922619342804,
            0.012546738609671593
        ],
        [
            -0.11056358367204666,
            -0.7967023849487305,
            0.006985750049352646
        ],
        [
            -0.10950548946857452,
            -0.8086718320846558,
            0.028936423361301422
        ],
        [
            -0.10678000003099442,
            -0.7932184934616089,
            0.025866027921438217
        ],
        [
            -0.10820155590772629,
            -0.7966440916061401,
            0.0258198082447052
        ],
        [
            -0.10810995101928711,
            -0.7973647117614746,
            0.03298749402165413
        ],
        [
            -0.10699068754911423,
            -0.7941209077835083,
            0.032370977103710175
        ],
        [
            -0.10522065311670303,
            -0.7874225378036499,
            -0.0073484815657138824
        ],
        [
            -0.10492802411317825,
            -0.7863268852233887,
            -0.0003329189494252205
        ],
        [
            -0.10098274797201157,
            -0.7804603576660156,
            -0.002278542146086693
        ],
        [
            -0.09942542761564255,
            -0.7809454798698425,
            -0.009442903101444244
        ],
        [
            -0.09678204357624054,
            -0.7760781645774841,
            -0.0009450381621718407
        ],
        [
            -0.09345128387212753,
            -0.7750635147094727,
            -0.010265960358083248
        ],
        [
            -0.083895243704319,
            -0.7633247375488281,
            -0.0030655357986688614
        ],
        [
            -0.08833262324333191,
            -0.7684491872787476,
            -0.006861991714686155
        ],
        [
            -0.09307157248258591,
            -0.7713960409164429,
            0.0023830756545066833
        ],
        [
            -0.09084487706422806,
            -0.7665128111839294,
            0.008382871747016907
        ],
        [
            -0.09225309640169144,
            -0.770203709602356,
            0.022784465923905373
        ],
        [
            -0.0906357616186142,
            -0.7693133354187012,
            0.02878519892692566
        ],
        [
            -0.08757568150758743,
            -0.7579578757286072,
            0.023796433582901955
        ],
        [
            -0.08929449319839478,
            -0.7612781524658203,
            0.01660609431564808
        ],
        [
            -0.1020587757229805,
            -0.7890945672988892,
            0.022984720766544342
        ],
        [
            -0.10203145444393158,
            -0.7893691062927246,
            0.018204620108008385
        ],
        [
            -0.10441417992115021,
            -0.7900259494781494,
            0.019322101026773453
        ],
        [
            -0.10505177825689316,
            -0.7907867431640625,
            0.024506691843271255
        ],
        [
            -0.10231569409370422,
            -0.789216935634613,
            0.014321083202958107
        ],
        [
            -0.10251321643590927,
            -0.788926362991333,
            0.012558108195662498
        ],
        [
            -0.10379442572593689,
            -0.7897786498069763,
            0.01341232843697071
        ],
        [
            -0.1030929684638977,
            -0.7896687984466553,
            0.014661155641078949
        ],
        [
            -0.10243607312440872,
            -0.7894533276557922,
            0.016621271148324013
        ],
        [
            -0.10163873434066772,
            -0.7876600027084351,
            0.017607541754841805
        ],
        [
            -0.1020263284444809,
            -0.7884382009506226,
            0.015302903950214386
        ],
        [
            -0.10168089717626572,
            -0.7866123914718628,
            0.022046897560358047
        ],
        [
            -0.09921522438526154,
            -0.7842177748680115,
            0.0368879996240139
        ],
        [
            -0.10110359638929367,
            -0.7845368385314941,
            0.032615549862384796
        ],
        [
            -0.10106288641691208,
            -0.7890676856040955,
            0.03334824740886688
        ],
        [
            -0.09947454184293747,
            -0.7890820503234863,
            0.037178847938776016
        ],
        [
            -0.10445474833250046,
            -0.7911036014556885,
            0.016260547563433647
        ],
        [
            -0.10636956244707108,
            -0.7924605011940002,
            0.013485584408044815
        ],
        [
            -0.10792732238769531,
            -0.794501781463623,
            0.01851269230246544
        ],
        [
            -0.10601538419723511,
            -0.7922989130020142,
            0.019085122272372246
        ],
        [
            -0.10836316645145416,
            -0.7937437295913696,
            0.011192264035344124
        ],
        [
            -0.10489124804735184,
            -0.7907422780990601,
            0.011253181844949722
        ],
        [
            -0.10579494386911392,
            -0.7910481095314026,
            0.008903354406356812
        ],
        [
            -0.10166392475366592,
            -0.7873905897140503,
            0.012996114790439606
        ],
        [
            -0.10132433474063873,
            -0.7859081029891968,
            0.009971413761377335
        ],
        [
            -0.10329055786132812,
            -0.787950873374939,
            0.010096369311213493
        ],
        [
            -0.09966257214546204,
            -0.7829574346542358,
            0.011815730482339859
        ],
        [
            -0.10062523931264877,
            -0.7856426239013672,
            0.015577094629406929
        ],
        [
            -0.10040149837732315,
            -0.7836016416549683,
            0.01994837448000908
        ],
        [
            -0.10005839169025421,
            -0.781751811504364,
            0.02558838203549385
        ],
        [
            -0.0973903015255928,
            -0.7777498960494995,
            0.0218588225543499
        ],
        [
            -0.09854909777641296,
            -0.7800142765045166,
            0.01608484797179699
        ],
        [
            -0.10911322385072708,
            -0.7979789972305298,
            0.016931436955928802
        ],
        [
            -0.10385018587112427,
            -0.7872605323791504,
            0.005570771172642708
        ],
        [
            -0.1080060750246048,
            -0.7925214171409607,
            0.002866571769118309
        ],
        [
            -0.1013483852148056,
            -0.7831111550331116,
            0.004976293072104454
        ],
        [
            -0.09850315004587173,
            -0.7793838977813721,
            0.00644330307841301
        ],
        [
            -0.09597247838973999,
            -0.775944709777832,
            0.01049826294183731
        ],
        [
            -0.09428802132606506,
            -0.772663414478302,
            0.016521912068128586
        ],
        [
            -0.07727184146642685,
            -0.7526155710220337,
            0.015433847904205322
        ],
        [
            -0.08085909485816956,
            -0.7571136951446533,
            0.006922186352312565
        ],
        [
            -0.13925354182720184,
            -0.8613210916519165,
            0.015531318262219429
        ],
        [
            -0.14167383313179016,
            -0.8597298860549927,
            0.0070979781448841095
        ],
        [
            -0.13539081811904907,
            -0.8539245128631592,
            0.0034031253308057785
        ],
        [
            -0.13791480660438538,
            -0.8559006452560425,
            0.001357315108180046
        ],
        [
            -0.13719774782657623,
            -0.8569140434265137,
            0.008300844579935074
        ],
        [
            -0.13536804914474487,
            -0.854720950126648,
            0.008029649034142494
        ],
        [
            -0.12872818112373352,
            -0.8489959836006165,
            -0.01681794971227646
        ],
        [
            -0.13006296753883362,
            -0.850283145904541,
            -0.010115062817931175
        ],
        [
            -0.12763622403144836,
            -0.8472263216972351,
            -0.011346972547471523
        ],
        [
            -0.12690481543540955,
            -0.8428117036819458,
            -0.01890898309648037
        ],
        [
            -0.12640947103500366,
            -0.8392645716667175,
            -0.0015628114342689514
        ],
        [
            -0.12669941782951355,
            -0.840720534324646,
            -0.006839774549007416
        ],
        [
            -0.12899911403656006,
            -0.8467382192611694,
            -0.0020659640431404114
        ],
        [
            -0.12884125113487244,
            -0.8457009196281433,
            0.0017989091575145721
        ],
        [
            -0.12809473276138306,
            -0.845268726348877,
            0.005973761901259422
        ],
        [
            -0.12658897042274475,
            -0.8457065224647522,
            0.010168006643652916
        ],
        [
            -0.12445325404405594,
            -0.840734601020813,
            0.009440438821911812
        ],
        [
            -0.1256064623594284,
            -0.8395484685897827,
            0.0041756294667720795
        ],
        [
            -0.13506141304969788,
            -0.8586940765380859,
            0.014195794239640236
        ],
        [
            -0.13057376444339752,
            -0.8592829704284668,
            0.019970666617155075
        ],
        [
            -0.12969756126403809,
            -0.8563551306724548,
            0.01837829500436783
        ],
        [
            -0.13372588157653809,
            -0.8557446599006653,
            0.013676689937710762
        ],
        [
            -0.11808547377586365,
            -0.8535161018371582,
            0.02354004979133606
        ],
        [
            -0.1204322874546051,
            -0.855316698551178,
            0.02322212979197502
        ],
        [
            -0.1199469342827797,
            -0.8568850159645081,
            0.026840008795261383
        ],
        [
            -0.11719974875450134,
            -0.8530511856079102,
            0.026875291019678116
        ],
        [
            -0.11727743595838547,
            -0.8498224020004272,
            0.02500305324792862
        ],
        [
            -0.11847488582134247,
            -0.8515963554382324,
            0.022700849920511246
        ],
        [
            -0.15273261070251465,
            -0.913834273815155,
            0.010626822710037231
        ],
        [
            -0.15015490353107452,
            -0.8970683217048645,
            0.019553113728761673
        ],
        [
            -0.14885953068733215,
            -0.9087648391723633,
            -0.008806880563497543
        ],
        [
            -0.14179715514183044,
            -0.9007331132888794,
            -0.023767154663801193
        ],
        [
            -0.13456878066062927,
            -0.8892136812210083,
            -0.03619389235973358
        ],
        [
            -0.10519108176231384,
            -0.7922588586807251,
            -0.016940340399742126
        ],
        [
            -0.09824895113706589,
            -0.7855879664421082,
            -0.021721849218010902
        ],
        [
            -0.09548752754926682,
            -0.7942628860473633,
            -0.034582801163196564
        ],
        [
            -0.08740834891796112,
            -0.7865328788757324,
            -0.03569212555885315
        ],
        [
            -0.09051869809627533,
            -0.7777166366577148,
            -0.022389952093362808
        ],
        [
            -0.0755816325545311,
            -0.7629659175872803,
            -0.013166426680982113
        ],
        [
            -0.08310048282146454,
            -0.7695800065994263,
            -0.01952974870800972
        ],
        [
            -0.07810598611831665,
            -0.779130220413208,
            -0.035142675042152405
        ],
        [
            -0.0751124769449234,
            -0.7931594252586365,
            -0.05024650692939758
        ],
        [
            -0.08406080305576324,
            -0.7974785566329956,
            -0.04717009887099266
        ],
        [
            -0.07259068638086319,
            -0.8103764057159424,
            -0.060618072748184204
        ],
        [
            -0.062252312898635864,
            -0.789501428604126,
            -0.05229710787534714
        ],
        [
            -0.06411674618721008,
            -0.8125275373458862,
            -0.0625433474779129
        ],
        [
            -0.049589067697525024,
            -0.7592152953147888,
            -0.034076325595378876
        ],
        [
            -0.046900101006031036,
            -0.7500290870666504,
            -0.035981882363557816
        ],
        [
            -0.04564322531223297,
            -0.757434070110321,
            -0.05334223061800003
        ],
        [
            -0.048389121890068054,
            -0.7670544385910034,
            -0.05151801556348801
        ],
        [
            -0.09363792836666107,
            -0.8028969764709473,
            -0.04374412074685097
        ],
        [
            -0.12230534851551056,
            -0.8601226806640625,
            -0.040338948369026184
        ],
        [
            -0.1280750185251236,
            -0.857168436050415,
            -0.03053833544254303
        ],
        [
            -0.11535026878118515,
            -0.8489553928375244,
            -0.043670423328876495
        ],
        [
            -0.1289266049861908,
            -0.9212329387664795,
            -0.05153319984674454
        ],
        [
            -0.13758288323879242,
            -0.9128562808036804,
            -0.03733273595571518
        ],
        [
            -0.1308305263519287,
            -0.8991637229919434,
            -0.046972665935754776
        ],
        [
            -0.12333948910236359,
            -0.9090030193328857,
            -0.059073131531476974
        ],
        [
            -0.13266734778881073,
            -0.9559253454208374,
            -0.022206008434295654
        ],
        [
            -0.146421879529953,
            -0.9371201992034912,
            -0.006479764357209206
        ],
        [
            -0.14221733808517456,
            -0.9264193773269653,
            -0.020902708172798157
        ],
        [
            -0.13235615193843842,
            -0.9408445358276367,
            -0.03537025302648544
        ],
        [
            -0.11485788226127625,
            -0.9135732650756836,
            -0.06861701607704163
        ],
        [
            -0.10127991437911987,
            -0.9202995896339417,
            -0.08026012033224106
        ],
        [
            -0.09937119483947754,
            -0.9378460645675659,
            -0.08070715516805649
        ],
        [
            -0.11581595242023468,
            -0.9320623874664307,
            -0.06545039266347885
        ],
        [
            -0.09406496584415436,
            -0.9610524773597717,
            -0.07341140508651733
        ],
        [
            -0.11450116336345673,
            -0.9540523290634155,
            -0.0559387132525444
        ],
        [
            -0.05136605352163315,
            -0.8027775883674622,
            -0.0657985657453537
        ],
        [
            -0.055267564952373505,
            -0.8209066390991211,
            -0.06902560591697693
        ],
        [
            -0.054030343890190125,
            -0.7775369882583618,
            -0.048735808581113815
        ],
        [
            -0.04789640009403229,
            -0.787870466709137,
            -0.06386157870292664
        ],
        [
            -0.08522161841392517,
            -0.9793635606765747,
            -0.060995735228061676
        ],
        [
            -0.11018285155296326,
            -0.9727339148521423,
            -0.041151903569698334
        ],
        [
            -0.050718069076538086,
            -0.9154772758483887,
            -0.10088659822940826
        ],
        [
            -0.06396035850048065,
            -0.9296376705169678,
            -0.09755050390958786
        ],
        [
            -0.07504075765609741,
