{
    "pred_cam": [
        1.1454752683639526,
        0.018653156235814095,
        0.13997015357017517
    ],
    "pred_smpl_params": {
        "global_orient": [
            [
                [
                    0.9807268381118774,
                    0.10868073999881744,
                    0.1623680293560028
                ],
                [
                    0.09379921108484268,
                    -0.9908851981163025,
                    0.09668612480163574
                ],
                [
                    0.17139600217342377,
                    -0.07959268242120743,
                    -0.9819818735122681
                ]
            ]
        ],
        "body_pose": [
            [
                [
                    0.9996535181999207,
                    -0.007587611209601164,
                    -0.025202535092830658
                ],
                [
                    0.012489894405007362,
                    0.9796181917190552,
                    0.20047993957996368
                ],
                [
                    0.023167697712779045,
                    -0.2007252722978592,
                    0.9793735146522522
                ]
            ],
            [
                [
                    0.9981234669685364,
                    0.061233583837747574,
                    4.365699351183139e-05
                ],
                [
                    -0.06038982793688774,
                    0.9842514395713806,
                    0.16613885760307312
                ],
                [
                    0.01013030856847763,
                    -0.16582971811294556,
                    0.9861023426055908
                ]
            ],
            [
                [
                    0.9989031553268433,
                    0.0024630462285131216,
                    0.04675902798771858
                ],
                [
                    0.0071381633169949055,
                    0.9789330363273621,
                    -0.20405660569667816
                ],
                [
                    -0.04627655819058418,
                    0.20416656136512756,
                    0.9778417348861694
                ]
            ],
            [
                [
                    0.9941854476928711,
                    -0.01771438494324684,
                    -0.10621428489685059
                ],
                [
                    -0.04349129647016525,
                    0.8362879157066345,
                    -0.5465627908706665
                ],
                [
                    0.09850778430700302,
                    0.5480042099952698,
                    0.8306548595428467
                ]
            ],
            [
                [
                    0.9934586882591248,
                    -0.03696874529123306,
                    0.10804196447134018
                ],
                [
                    0.08955884724855423,
                    0.8392350077629089,
                    -0.536342978477478
                ],
                [
                    -0.07084467262029648,
                    0.5425107479095459,
                    0.8370561599731445
                ]
            ],
            [
                [
                    0.9981862902641296,
                    0.0339670293033123,
                    0.049703240394592285
                ],
                [
                    -0.033226244151592255,
                    0.9993252158164978,
                    -0.0156555138528347
                ],
                [
                    -0.05020147189497948,
                    0.013975665904581547,
                    0.998641312122345
                ]
            ],
            [
                [
                    0.9832428693771362,
                    0.08523312956094742,
                    0.1611483097076416
                ],
                [
                    -0.08644837141036987,
                    0.9962562322616577,
                    0.0005319667397998273
                ],
                [
                    -0.16049964725971222,
                    -0.014454063028097153,
                    0.9869300723075867
                ]
            ],
            [
                [
                    0.9834582209587097,
                    -0.07104303687810898,
                    -0.16662141680717468
                ],
                [
                    0.07050846517086029,
                    0.9974693655967712,
                    -0.009129284881055355
                ],
                [
                    0.1668483465909958,
                    -0.0027699479833245277,
                    0.9859786033630371
                ]
            ],
            [
                [
                    0.9992619752883911,
                    0.013935646042227745,
                    0.035795703530311584
                ],
                [
                    -0.010699989274144173,
                    0.9959701895713806,
                    -0.08904415369033813
                ],
                [
                    -0.03689234331250191,
                    0.0885954201221466,
                    0.9953842759132385
                ]
            ],
            [
                [
                    0.9811037182807922,
                    -0.19315288960933685,
                    -0.011294156312942505
                ],
                [
                    0.19279004633426666,
                    0.9709885120391846,
                    0.14146849513053894
                ],
                [
                    -0.016358554363250732,
                    -0.14097265899181366,
                    0.9898784160614014
                ]
            ],
            [
                [
                    0.9874795079231262,
                    0.1576661765575409,
                    0.005062159150838852
                ],
                [
                    -0.1551050841808319,
                    0.9645898342132568,
                    0.21332783997058868
                ],
                [
                    0.0287516750395298,
                    -0.2114420235157013,
                    0.9769675135612488
                ]
            ],
            [
                [
                    0.9968768358230591,
                    0.018374890089035034,
                    0.07680541276931763
                ],
                [
                    -0.011665106751024723,
                    0.9961475133895874,
                    -0.08691369742155075
                ],
                [
                    -0.07810655981302261,
                    0.08574629575014114,
                    0.9932507276535034
                ]
            ],
            [
                [
                    0.9348905086517334,
                    0.3535996973514557,
                    0.030773302540183067
                ],
                [
                    -0.35222959518432617,
                    0.9349545240402222,
                    -0.04235946387052536
                ],
                [
                    -0.04374993219971657,
                    0.028762193396687508,
                    0.9986283779144287
                ]
            ],
            [
                [
                    0.9539656043052673,
                    -0.299732506275177,
                    -0.010485345497727394
                ],
                [
                    0.2991650700569153,
                    0.9534681439399719,
                    -0.03740132972598076
                ],
                [
                    0.021207835525274277,
                    0.03254273533821106,
                    0.999245285987854
                ]
            ],
            [
                [
                    0.996141791343689,
                    0.053846575319767,
                    0.06929774582386017
                ],
                [
                    -0.0366235114634037,
                    0.972659170627594,
                    -0.22933129966259003
                ],
                [
                    -0.07975178956985474,
                    0.2259085327386856,
                    0.9708784818649292
                ]
            ],
            [
                [
                    0.4590740501880646,
                    0.8517149090766907,
                    -0.252651184797287
                ],
                [
                    -0.8862905502319336,
                    0.458651065826416,
                    -0.06425084918737411
                ],
                [
                    0.061155326664447784,
                    0.2534182667732239,
                    0.9654216766357422
                ]
            ],
            [
                [
                    0.4565703272819519,
                    -0.8253607749938965,
                    0.33214911818504333
                ],
                [
                    0.8726415634155273,
                    0.4881734549999237,
                    0.013538900762796402
                ],
                [
                    -0.17332085967063904,
                    0.2836656868457794,
                    0.9431295990943909
                ]
            ],
            [
                [
                    0.5730305314064026,
                    -0.29121097922325134,
                    -0.7660497426986694
                ],
                [
                    0.12197770923376083,
                    0.9546328783035278,
                    -0.2716568410396576
                ],
                [
                    0.8104057908058167,
                    0.06222667172551155,
                    0.5825550556182861
                ]
            ],
            [
                [
                    0.15414656698703766,
                    0.3905257284641266,
                    0.9075948596000671
                ],
                [
                    -0.09906796365976334,
                    0.9200535416603088,
                    -0.3790607154369354
                ],
                [
                    -0.9830688238143921,
                    -0.031482670456171036,
                    0.1805116832256317
                ]
            ],
            [
                [
                    0.992884635925293,
                    -0.11841150373220444,
                    -0.012600098736584187
                ],
                [
                    0.11898542940616608,
                    0.9907426834106445,
                    0.06535523384809494
                ],
                [
                    0.004744645673781633,
                    -0.06638943403959274,
                    0.9977824091911316
                ]
            ],
            [
                [
                    0.9897688627243042,
                    0.1415698528289795,
                    0.01776326633989811
                ],
                [
                    -0.14255912601947784,
                    0.986358642578125,
                    0.08230148255825043
                ],
                [
                    -0.005869543179869652,
                    -0.08399175852537155,
                    0.9964491724967957
                ]
            ],
            [
                [
                    0.9629313349723816,
                    0.24727126955986023,
                    -0.10779646784067154
                ],
                [
                    -0.22885875403881073,
                    0.9604299068450928,
                    0.15873856842517853
                ],
                [
                    0.14278244972229004,
                    -0.12818418443202972,
                    0.981418251991272
                ]
            ],
            [
                [
                    0.9645344018936157,
                    -0.2530897557735443,
                    0.0749606341123581
                ],
                [
                    0.23954486846923828,
                    0.9585701823234558,
                    0.15414772927761078
                ],
                [
                    -0.11086823046207428,
                    -0.13072432577610016,
                    0.9852002859115601
                ]
            ]
        ],
        "betas": [
            -0.07406407594680786,
            -0.03283029794692993,
            0.07618114352226257,
            0.07759055495262146,
            0.004301846027374268,
            0.031744334846735,
            0.02972087264060974,
            -0.05937683582305908,
            0.03404600918292999,
            -0.05040079355239868
        ]
    },
    "pred_cam_t": [
        0.018653156235814095,
        0.13997015357017517,
        34.101566314697266
    ],
    "focal_length": [
        5000.0,
        5000.0
    ],
    "pred_keypoints_3d": [
        [
            0.1606995165348053,
            -0.7239295244216919,
            -0.24197956919670105
        ],
        [
            0.07621930539608002,
            -0.7153788208961487,
            -0.06972924619913101
        ],
        [
            -0.11450698971748352,
            -0.6511879563331604,
            -0.08700548112392426
        ],
        [
            -0.2011927366256714,
            -0.42341071367263794,
            -0.017792120575904846
        ],
        [
            -0.10849090665578842,
            -0.30558550357818604,
            -0.22265231609344482
        ],
        [
            0.22255092859268188,
            -0.6130292415618896,
            0.02142755687236786
        ],
        [
            0.1854553520679474,
            -0.38721519708633423,
            0.14411261677742004
        ],
        [
            0.21507608890533447,
            -0.17820671200752258,
            0.014300376176834106
        ],
        [
            -0.0018042880110442638,
            -0.22371357679367065,
            0.02823832631111145
        ],
        [
            -0.0787171944975853,
            -0.14083266258239746,
            0.02807968109846115
        ],
        [
            -0.17035818099975586,
            0.2285805344581604,
            -0.005645915865898132
        ],
        [
            -0.23326392471790314,
            0.5532618761062622,
            0.21576620638370514
        ],
        [
            0.055342964828014374,
            -0.12732231616973877,
            0.05417179316282272
        ],
        [
            0.06319181621074677,
            0.24523910880088806,
            0.019706200808286667
        ],
        [
            0.001444641500711441,
            0.5751782655715942,
            0.23285825550556183
        ],
        [
            0.13181406259536743,
            -0.7770734429359436,
            -0.25104236602783203
        ],
        [
            0.19153860211372375,
            -0.7726849317550659,
            -0.22213849425315857
        ],
        [
            0.058727044612169266,
            -0.8211389780044556,
            -0.19035735726356506
        ],
        [
            0.1919846534729004,
            -0.8113373517990112,
            -0.1278528869152069
        ],
        [
            0.013676643371582031,
            0.7109192609786987,
            0.08671078085899353
        ],
        [
            0.07336942106485367,
            0.6980220079421997,
            0.1438954770565033
        ],
        [
            -0.005354531109333038,
            0.5810389518737793,
            0.30266743898391724
        ],
        [
            -0.2212267369031906,
            0.684586226940155,
            0.06951755285263062
        ],
        [
            -0.29832059144973755,
            0.662711501121521,
            0.10437288880348206
        ],
        [
            -0.246863454580307,
            0.565546989440918,
            0.28714632987976074
        ],
        [
            -0.24858200550079346,
            0.4961320459842682,
            0.2131795585155487
        ],
        [
            -0.15661472082138062,
            0.1673288196325302,
            -0.009476985782384872
        ],
        [
            -0.14412549138069153,
            -0.2714065909385681,
            0.010259447619318962
        ],
        [
            0.13984595239162445,
            -0.228337824344635,
            0.07653278857469559
        ],
        [
            0.07676982879638672,
            0.2055908441543579,
            0.019702989608049393
        ],
        [
            0.012131575495004654,
            0.5344124436378479,
            0.24178607761859894
        ],
        [
            -0.09797665476799011,
            -0.34144049882888794,
            -0.21376553177833557
        ],
        [
            -0.2145753651857376,
            -0.4461245834827423,
            -0.05476374551653862
        ],
        [
            -0.07448150217533112,
            -0.6739128828048706,
            -0.08704014122486115
        ],
        [
            0.19881384074687958,
            -0.6462375521659851,
            0.007454751059412956
        ],
        [
            0.23102939128875732,
            -0.4010080099105835,
            0.11623498797416687
        ],
        [
            0.22371502220630646,
            -0.1992374062538147,
            0.009268427267670631
        ],
        [
            0.07880045473575592,
            -0.7079719305038452,
            -0.06893311440944672
        ],
        [
            0.14957013726234436,
            -0.8512246608734131,
            -0.19472740590572357
        ],
        [
            -0.0013276104582473636,
            -0.25009220838546753,
            0.043716397136449814
        ],
        [
            0.06159026920795441,
            -0.6575806736946106,
            -0.04296068102121353
        ],
        [
            0.02596895769238472,
            -0.4945404827594757,
            0.01419631764292717
        ],
        [
            0.1324383169412613,
            -0.7419191598892212,
            -0.1684722751379013
        ],
        [
            0.1483684927225113,
            -0.872103750705719,
            -0.19861415028572083
        ]
    ],
    "pred_vertices": [
        [
            0.21628597378730774,
            -0.8109503984451294,
            -0.24010300636291504
        ],
        [
            0.20869998633861542,
            -0.7958660125732422,
            -0.24076583981513977
        ],
        [
            0.21448494493961334,
            -0.7971746325492859,
            -0.2277986854314804
        ],
        [
            0.21968139708042145,
            -0.8104264736175537,
            -0.22290019690990448
        ],
        [
            0.20999489724636078,
            -0.7867165207862854,
            -0.22930827736854553
        ],
        [
            0.20386093854904175,
            -0.7848806381225586,
            -0.23941358923912048
        ],
        [
            0.21526511013507843,
            -0.7970983982086182,
            -0.21379780769348145
        ],
        [
            0.21860365569591522,
            -0.8077554702758789,
            -0.2064356803894043
        ],
        [
            0.2053663730621338,
            -0.7729315757751465,
            -0.18551549315452576
        ],
        [
            0.20445804297924042,
            -0.7738236784934998,
            -0.17447622120380402
        ],
        [
            0.2084079086780548,
            -0.7834358215332031,
            -0.18151473999023438
        ],
        [
            0.2072460949420929,
            -0.780115008354187,
            -0.19108065962791443
        ],
        [
            0.19581109285354614,
            -0.7531535625457764,
            -0.1713893562555313
        ],
        [
            0.190540611743927,
            -0.741277813911438,
            -0.17611730098724365
        ],
        [
            0.18640516698360443,
            -0.7388643026351929,
            -0.16363297402858734
        ],
        [
            0.19031403958797455,
            -0.7506440281867981,
            -0.15841040015220642
        ],
        [
            0.174026221036911,
            -0.7424383163452148,
            -0.21471956372261047
        ],
        [
            0.17661316692829132,
            -0.7371091842651367,
            -0.20850414037704468
        ],
        [
            0.18177202343940735,
            -0.7428880929946899,
            -0.20927755534648895
        ],
        [
            0.17813928425312042,
            -0.7477480173110962,
            -0.21520096063613892
        ],
        [
            0.17077454924583435,
            -0.7479488849639893,
            -0.2281356155872345
        ],
        [
            0.17209407687187195,
            -0.7543047666549683,
            -0.22767406702041626
        ],
        [
            0.17083463072776794,
            -0.7550599575042725,
            -0.2354901134967804
        ],
        [
            0.17042842507362366,
            -0.747542142868042,
            -0.2360449582338333
        ],
        [
            0.1676200032234192,
            -0.7383906841278076,
            -0.2146744430065155
        ],
        [
            0.17032474279403687,
            -0.7331384420394897,
            -0.20787397027015686
        ],
        [
            0.17205755412578583,
            -0.7465983629226685,
            -0.22058363258838654
        ],
        [
            0.1697363704442978,
            -0.741986870765686,
            -0.22119233012199402
        ],
        [
            0.1692381352186203,
            -0.7314420938491821,
            -0.22764426469802856
        ],
        [
            0.17143599689006805,
            -0.736112654209137,
            -0.22795826196670532
        ],
        [
            0.17120948433876038,
            -0.7335786819458008,
            -0.23530727624893188
        ],
        [
            0.168251171708107,
            -0.7293308973312378,
            -0.23284339904785156
        ],
        [
            0.16805967688560486,
            -0.7357044219970703,
            -0.21893562376499176
        ],
        [
            0.17045408487319946,
            -0.7366222143173218,
            -0.2221958339214325
        ],
        [
            0.16803473234176636,
            -0.7323746681213379,
            -0.22338855266571045
        ],
        [
            0.1648939847946167,
            -0.7323901653289795,
            -0.2205493450164795
        ],
        [
            0.17000001668930054,
            -0.742926836013794,
            -0.22856596112251282
        ],
        [
            0.17058615386486053,
            -0.7409360408782959,
            -0.23609969019889832
        ],
        [
            0.17007002234458923,
            -0.7386312484741211,
            -0.24395117163658142
        ],
        [
            0.16968615353107452,
            -0.7298941612243652,
            -0.24236872792243958
        ],
        [
            0.17986948788166046,
            -0.7287204265594482,
            -0.19228726625442505
        ],
        [
            0.17910462617874146,
            -0.7323935031890869,
            -0.2010406255722046
        ],
        [
            0.1730489730834961,
            -0.728668212890625,
            -0.20114301145076752
        ],
        [
            0.17456504702568054,
            -0.7253574132919312,
            -0.19423964619636536
        ],
        [
            0.16371113061904907,
            -0.7316654920578003,
            -0.2159615159034729
        ],
        [
            0.16225522756576538,
            -0.7183184027671814,
            -0.20706957578659058
        ],
        [
            0.16368766129016876,
            -0.721331000328064,
            -0.20885199308395386
        ],
        [
            0.16009521484375,
            -0.720207691192627,
            -0.21504175662994385
        ],
        [
            0.15925262868404388,
            -0.7174515724182129,
            -0.21294772624969482
        ],
        [
            0.17656949162483215,
            -0.721412181854248,
            -0.17670336365699768
        ],
        [
            0.1728644073009491,
            -0.7184285521507263,
            -0.18214575946331024
        ],
        [
            0.17013835906982422,
            -0.7141551971435547,
            -0.17677709460258484
        ],
        [
            0.17230892181396484,
            -0.7168848514556885,
            -0.17017915844917297
        ],
        [
            0.16578461229801178,
            -0.7101603746414185,
            -0.17460313439369202
        ],
        [
            0.16744276881217957,
            -0.7123328447341919,
            -0.16488930583000183
        ],
        [
            0.15517522394657135,
            -0.7008994817733765,
            -0.16262897849082947
        ],
        [
            0.16108441352844238,
            -0.7060689926147461,
            -0.16315793991088867
        ],
        [
            0.16073296964168549,
            -0.7055204510688782,
            -0.17412975430488586
        ],
        [
            0.15550930798053741,
            -0.6998310089111328,
            -0.1765580177307129
        ],
        [
            0.14966914057731628,
            -0.6996822953224182,
            -0.19034184515476227
        ],
        [
            0.1451389640569687,
            -0.6975489854812622,
            -0.1943577080965042
        ],
        [
            0.14466385543346405,
            -0.6883730888366699,
            -0.18508747220039368
        ],
        [
            0.14976657927036285,
            -0.6930911540985107,
            -0.18102115392684937
        ],
        [
            0.15863008797168732,
            -0.7157564163208008,
            -0.2010897547006607
        ],
        [
            0.16103245317935944,
            -0.7172050476074219,
            -0.19717514514923096
        ],
        [
            0.16260606050491333,
            -0.717111349105835,
            -0.1994195282459259
        ],
        [
            0.16062182188034058,
            -0.7163835763931274,
            -0.2042919546365738
        ],
        [
            0.16334271430969238,
            -0.7179187536239624,
            -0.19399911165237427
        ],
        [
            0.16440756618976593,
            -0.7180575132369995,
            -0.19255387783050537
        ],
        [
            0.16510558128356934,
            -0.7184059619903564,
            -0.19413766264915466
        ],
        [
            0.16376139223575592,
            -0.7181904315948486,
            -0.19480258226394653
        ],
        [
            0.16217663884162903,
            -0.7176517248153687,
            -0.19603726267814636
        ],
        [
            0.16083669662475586,
            -0.715920090675354,
            -0.19591835141181946
        ],
        [
            0.16251195967197418,
            -0.7170464992523193,
            -0.19441604614257812
        ],
        [
            0.15857426822185516,
            -0.7138077020645142,
            -0.19928769767284393
        ],
        [
            0.14980442821979523,
            -0.708290696144104,
            -0.20995798707008362
        ],
        [
            0.15288858115673065,
            -0.7091073393821716,
            -0.20728930830955505
        ],
        [
            0.15257540345191956,
            -0.7133702039718628,
            -0.20928406715393066
        ],
        [
            0.15004345774650574,
            -0.7129065990447998,
            -0.2118058055639267
        ],
        [
            0.16485898196697235,
            -0.7191119194030762,
            -0.19727899134159088
        ],
        [
            0.1673998385667801,
            -0.7204352617263794,
            -0.19630782306194305
        ],
        [
            0.166286900639534,
            -0.7209148406982422,
            -0.20188936591148376
        ],
        [
            0.164198100566864,
            -0.7190338373184204,
            -0.2007388323545456
        ],
        [
            0.1703474521636963,
            -0.7219384908676147,
            -0.19575968384742737
        ],
        [
            0.16721384227275848,
            -0.7196779251098633,
            -0.19318395853042603
        ],
        [
            0.16986191272735596,
            -0.7204937934875488,
            -0.19177982211112976
        ],
        [
            0.16336414217948914,
            -0.7166783809661865,
            -0.19200168550014496
        ],
        [
            0.16462230682373047,
            -0.7160325646400452,
            -0.18886174261569977
        ],
        [
            0.16637015342712402,
            -0.7175512909889221,
            -0.1905459463596344
        ],
        [
            0.16200150549411774,
            -0.7132086753845215,
            -0.18863210082054138
        ],
        [
            0.1610039323568344,
            -0.7146464586257935,
            -0.1930849403142929
        ],
        [
            0.15846261382102966,
            -0.7116963267326355,
            -0.19594706594944
        ],
        [
            0.15534529089927673,
            -0.7085283398628235,
            -0.19993090629577637
        ],
        [
            0.15474624931812286,
            -0.7061935663223267,
            -0.19427372515201569
        ],
        [
            0.1586581915616989,
            -0.7096530199050903,
            -0.1907128244638443
        ],
        [
            0.16888827085494995,
            -0.724583625793457,
            -0.2022964209318161
        ],
        [
            0.16916631162166595,
            -0.7178285121917725,
            -0.18687576055526733
        ],
        [
            0.17423422634601593,
            -0.7227824330329895,
            -0.18828584253787994
        ],
        [
            0.16709721088409424,
            -0.7145702838897705,
            -0.1838635802268982
        ],
        [
            0.1636933535337448,
            -0.7112576961517334,
            -0.18251612782478333
        ],
        [
            0.1592288762331009,
            -0.7073814868927002,
            -0.18370971083641052
        ],
        [
            0.15461936593055725,
            -0.70318603515625,
            -0.18678885698318481
        ],
        [
            0.13982947170734406,
            -0.6870812773704529,
            -0.17134740948677063
        ],
        [
            0.14725570380687714,
            -0.6928843259811401,
            -0.16747617721557617
        ],
        [
            0.19866342842578888,
            -0.78018718957901,
            -0.2345568835735321
        ],
        [
            0.20506879687309265,
            -0.7805440425872803,
            -0.22812208533287048
        ],
        [
            0.20106752216815948,
            -0.7768223881721497,
            -0.2204643189907074
        ],
        [
            0.20347566902637482,
            -0.7786332368850708,
            -0.22054098546504974
        ],
        [
            0.2003665417432785,
            -0.778365969657898,
            -0.22626349329948425
        ],
        [
            0.19873952865600586,
            -0.7763311862945557,
            -0.22452819347381592
        ],
        [
            0.2048640251159668,
            -0.778693437576294,
            -0.19914734363555908
        ],
        [
            0.2029472440481186,
            -0.7778049111366272,
            -0.20571327209472656
        ],
        [
            0.20134949684143066,
            -0.7755782604217529,
            -0.20264139771461487
        ],
        [
            0.20392519235610962,
            -0.7735720872879028,
            -0.1947135031223297
        ],
        [
            0.19482854008674622,
            -0.7659326791763306,
            -0.20766325294971466
        ],
        [
            0.19778583943843842,
            -0.7686055898666382,
            -0.2038608342409134
        ],
        [
            0.1977376937866211,
            -0.7725828289985657,
            -0.21082162857055664
        ],
        [
            0.19566453993320465,
            -0.7706096172332764,
            -0.21361751854419708
        ],
        [
            0.19288715720176697,
            -0.7693690061569214,
            -0.2165810465812683
        ],
        [
            0.18963733315467834,
            -0.768893837928772,
            -0.219558447599411
        ],
        [
            0.18794399499893188,
            -0.7648990154266357,
            -0.21640655398368835
        ],
        [
            0.19140315055847168,
            -0.7649017572402954,
            -0.21218836307525635
        ],
        [
            0.19545677304267883,
            -0.7788758277893066,
            -0.23075523972511292
        ],
        [
            0.18875665962696075,
            -0.7787094116210938,
            -0.23365409672260284
        ],
        [
            0.1886698305606842,
            -0.7765591144561768,
            -0.2310071736574173
        ],
        [
            0.19450309872627258,
            -0.7762609720230103,
            -0.2288467139005661
        ],
        [
            0.17575375735759735,
            -0.7747415900230408,
            -0.2288382649421692
        ],
        [
            0.17803922295570374,
            -0.7760525345802307,
            -0.23029138147830963
        ],
        [
            0.1759042739868164,
            -0.7766246795654297,
            -0.23354026675224304
        ],
        [
            0.17332933843135834,
            -0.7735931873321533,
            -0.2310817390680313
        ],
        [
            0.17429369688034058,
            -0.771022379398346,
            -0.22855713963508606
        ],
        [
            0.17645055055618286,
            -0.7731002569198608,
            -0.2276982069015503
        ],
        [
            0.21466155350208282,
            -0.829596996307373,
            -0.25304466485977173
        ],
        [
            0.20812179148197174,
            -0.8119244575500488,
            -0.25391995906829834
        ],
        [
            0.22135215997695923,
            -0.8300515413284302,
            -0.23364883661270142
        ],
        [
            0.22208137810230255,
            -0.8273082971572876,
            -0.2154790461063385
        ],
        [
            0.221096470952034,
            -0.8204599618911743,
            -0.1982036530971527
        ],
        [
            0.18139316141605377,
            -0.7286800146102905,
            -0.1701919138431549
        ],
        [
            0.17735284566879272,
            -0.7248063683509827,
            -0.16087129712104797
        ],
        [
            0.18177197873592377,
            -0.7370766401290894,
            -0.15184903144836426
        ],
        [
            0.17500467598438263,
            -0.7314019203186035,
            -0.14437611401081085
        ],
        [
            0.17079129815101624,
            -0.7187876105308533,
            -0.15422487258911133
        ],
        [
            0.15276727080345154,
            -0.704931914806366,
            -0.15001437067985535
        ],
        [
            0.16266411542892456,
            -0.7115836143493652,
            -0.1503961831331253
        ],
        [
            0.16609083116054535,
            -0.7260748744010925,
            -0.13806205987930298
        ],
        [
            0.17116552591323853,
            -0.7441492080688477,
            -0.12877339124679565
        ],
        [
            0.178606316447258,
            -0.7457191944122314,
            -0.13712036609649658
        ],
        [
            0.17482684552669525,
            -0.7636745572090149,
            -0.12473051995038986
        ],
        [
            0.16096895933151245,
            -0.7438668012619019,
            -0.11921775341033936
        ],
        [
            0.1686553806066513,
            -0.7678397297859192,
            -0.11943721771240234
        ],
        [
            0.14008945226669312,
            -0.7136656045913696,
            -0.11671939492225647
        ],
        [
            0.13814759254455566,
            -0.7070955038070679,
            -0.10995137691497803
        ],
        [
            0.14482712745666504,
            -0.7192491292953491,
            -0.09725838154554367
        ],
        [
            0.14749453961849213,
            -0.7260928153991699,
            -0.10403754562139511
        ],
        [
            0.18507613241672516,
            -0.7480424046516418,
            -0.1460850089788437
        ],
        [
            0.21104615926742554,
            -0.7958154678344727,
            -0.17973363399505615
        ],
        [
            0.21130110323429108,
            -0.7898982763290405,
            -0.19003400206565857
        ],
        [
            0.2067752331495285,
            -0.7876195311546326,
            -0.17052459716796875
        ],
        [
            0.22455178201198578,
            -0.8556201457977295,
            -0.19272717833518982
        ],
        [
            0.22502401471138,
            -0.8423517942428589,
            -0.20583412051200867
        ],
        [
            0.2236505150794983,
            -0.8331683874130249,
            -0.1906547099351883
        ],
        [
            0.2235669493675232,
            -0.8468043208122253,
            -0.18025226891040802
        ],
        [
            0.2147316187620163,
            -0.8808093070983887,
            -0.22891385853290558
        ],
        [
            0.21824145317077637,
            -0.8564923405647278,
            -0.24292419850826263
        ],
        [
            0.22221827507019043,
            -0.850814938545227,
            -0.22590136528015137
        ],
        [
            0.2208673655986786,
            -0.8697453737258911,
            -0.21355797350406647
        ],
        [
            0.22073255479335785,
            -0.8552098274230957,
            -0.16996267437934875
        ],
        [
            0.21511468291282654,
            -0.8668441772460938,
            -0.15643543004989624
        ],
        [
            0.21392378211021423,
            -0.8837065696716309,
            -0.1607223004102707
        ],
        [
            0.22070029377937317,
            -0.8717392683029175,
            -0.1786087155342102
        ],
        [
            0.20676189661026,
            -0.9047775268554688,
            -0.1710250973701477
        ],
        [
            0.21533329784870148,
            -0.8904793858528137,
            -0.19249513745307922
        ],
        [
            0.15906983613967896,
            -0.7622318863868713,
            -0.10711589455604553
        ],
        [
            0.16514554619789124,
            -0.7789947986602783,
            -0.11252325773239136
        ],
        [
            0.15176287293434143,
            -0.7334212064743042,
            -0.1132570430636406
        ],
        [
            0.15380439162254333,
            -0.7488420605659485,
            -0.1013711541891098
        ],
        [
            0.19370220601558685,
            -0.921047568321228,
            -0.18270057439804077
        ],
        [
            0.20502233505249023,
            -0.9051147103309631,
            -0.20837804675102234
        ],
        [
            0.181167870759964,
            -0.8767057061195374,
            -0.11501487344503403
        ],
        [
            0.1916169822216034,
            -0.8869056701660156,
            -0.1281154751777649
        ],
        [
            0.19879207015037537,
            -0.8671174049377441,
            -0.1307264119386673
        ],
        [
            0.18826617300510406,
            -0.8603381514549255,
            -0.11799450218677521
        ],
        [
            0.1690269112586975,
            -0.8932141065597534,
