{
    "pred_cam": [
        1.1431803703308105,
        0.009950535371899605,
        0.1521749198436737
    ],
    "pred_smpl_params": {
        "global_orient": [
            [
                [
                    0.9747248888015747,
                    0.12437409162521362,
                    0.18558675050735474
                ],
                [
                    0.10861482471227646,
                    -0.9897398352622986,
                    0.09283217042684555
                ],
                [
                    0.19522853195667267,
                    -0.07032836228609085,
                    -0.9782329201698303
                ]
            ]
        ],
        "body_pose": [
            [
                [
                    0.998935878276825,
                    0.0030463808216154575,
                    -0.04602024331688881
                ],
                [
                    0.005681685172021389,
                    0.9820874929428101,
                    0.1883399933576584
                ],
                [
                    0.04576965793967247,
                    -0.18840104341506958,
                    0.9810250997543335
                ]
            ],
            [
                [
                    0.997504472732544,
                    0.0683056116104126,
                    -0.017867930233478546
                ],
                [
                    -0.06454424560070038,
                    0.984783411026001,
                    0.16135570406913757
                ],
                [
                    0.02861754782497883,
                    -0.1597997546195984,
                    0.9867345690727234
                ]
            ],
            [
                [
                    0.9980192184448242,
                    -0.004416830837726593,
                    0.06275459378957748
                ],
                [
                    0.017860297113656998,
                    0.9763798117637634,
                    -0.2153215855360031
                ],
                [
                    -0.06032128632068634,
                    0.21601590514183044,
                    0.9745246767997742
                ]
            ],
            [
                [
                    0.9909106492996216,
                    -0.03547777235507965,
                    -0.12975937128067017
                ],
                [
                    -0.04088784381747246,
                    0.8395268321037292,
                    -0.5417776107788086
                ],
                [
                    0.12815751135349274,
                    0.5421587228775024,
                    0.8304454684257507
                ]
            ],
            [
                [
                    0.9941461086273193,
                    -0.055149760097265244,
                    0.0929085835814476
                ],
                [
                    0.09750790148973465,
                    0.828351616859436,
                    -0.5516572594642639
                ],
                [
                    -0.04653720557689667,
                    0.5574872493743896,
                    0.8288800716400146
                ]
            ],
            [
                [
                    0.9966698884963989,
                    0.04017340764403343,
                    0.07096005231142044
                ],
                [
                    -0.03788851201534271,
                    0.9987283945083618,
                    -0.03325802832841873
                ],
                [
                    -0.07220590859651566,
                    0.03045869991183281,
                    0.996924638748169
                ]
            ],
            [
                [
                    0.9830434918403625,
                    0.08131860941648483,
                    0.16435542702674866
                ],
                [
                    -0.08174172043800354,
                    0.9966446757316589,
                    -0.00419874582439661
                ],
                [
                    -0.16414541006088257,
                    -0.00930714700371027,
                    0.9863921999931335
                ]
            ],
            [
                [
                    0.9857460856437683,
                    -0.04526735842227936,
                    -0.16203606128692627
                ],
                [
                    0.04694695398211479,
                    0.9988759756088257,
                    0.00654988270252943
                ],
                [
                    0.1615574210882187,
                    -0.014063621871173382,
                    0.9867632389068604
                ]
            ],
            [
                [
                    0.9984241724014282,
                    0.018128853291273117,
                    0.053109120577573776
                ],
                [
                    -0.014073280617594719,
                    0.9970263242721558,
                    -0.07576543837785721
                ],
                [
                    -0.05432473495602608,
                    0.0748986154794693,
                    0.9957103133201599
                ]
            ],
            [
                [
                    0.9845170378684998,
                    -0.1752655953168869,
                    0.0028527225367724895
                ],
                [
                    0.1733817160129547,
                    0.9760710000991821,
                    0.13124103844165802
                ],
                [
                    -0.025786496698856354,
                    -0.1287144273519516,
                    0.9913463592529297
                ]
            ],
            [
                [
                    0.9921940565109253,
                    0.12468856573104858,
                    0.0019255959196016192
                ],
                [
                    -0.12288462370634079,
                    0.9749785661697388,
                    0.18524609506130219
                ],
                [
                    0.021220656111836433,
                    -0.18403670191764832,
                    0.9826902747154236
                ]
            ],
            [
                [
                    0.9973949790000916,
                    0.025606419891119003,
                    0.06743599474430084
                ],
                [
                    -0.01974797062575817,
                    0.9960863590240479,
                    -0.08615103363990784
                ],
                [
                    -0.0693780928850174,
                    0.08459488302469254,
                    0.9939972162246704
                ]
            ],
            [
                [
                    0.9270586967468262,
                    0.3745255768299103,
                    -0.01710834540426731
                ],
                [
                    -0.3748657703399658,
                    0.9267164468765259,
                    -0.025926653295755386
                ],
                [
                    0.006144391838461161,
                    0.03044886514544487,
                    0.9995173811912537
                ]
            ],
            [
                [
                    0.940956175327301,
                    -0.31940844655036926,
                    0.11215957254171371
                ],
                [
                    0.3245115876197815,
                    0.9454008936882019,
                    -0.030155012384057045
                ],
                [
                    -0.09640400111675262,
                    0.0647716298699379,
                    0.9932325482368469
                ]
            ],
            [
                [
                    0.9959034323692322,
                    0.05858255922794342,
                    0.06888003647327423
                ],
                [
                    -0.038392066955566406,
                    0.9636282324790955,
                    -0.26447442173957825
                ],
                [
                    -0.08186833560466766,
                    0.2607465386390686,
                    0.9619297981262207
                ]
            ],
            [
                [
                    0.48221737146377563,
                    0.8375573754310608,
                    -0.2568349242210388
                ],
                [
                    -0.8727114796638489,
                    0.48484721779823303,
                    -0.057427406311035156
                ],
                [
                    0.07642693817615509,
                    0.25183528661727905,
                    0.9647476673126221
                ]
            ],
            [
                [
                    0.45939189195632935,
                    -0.7906395792961121,
                    0.404781699180603
                ],
                [
                    0.8640760779380798,
                    0.5033549070358276,
                    0.0025267412420362234
                ],
                [
                    -0.205746591091156,
                    0.34860140085220337,
                    0.9144099354743958
                ]
            ],
            [
                [
                    0.6416590213775635,
                    -0.26759400963783264,
                    -0.7187955975532532
                ],
                [
                    0.14053669571876526,
                    0.9623174071311951,
                    -0.23279738426208496
                ],
                [
                    0.754004716873169,
                    0.04835939779877663,
                    0.6550863981246948
                ]
            ],
            [
                [
                    0.3998344838619232,
                    0.3009841740131378,
                    0.8657602667808533
                ],
                [
                    0.05240609869360924,
                    0.9354955554008484,
                    -0.34943056106567383
                ],
                [
                    -0.9150879383087158,
                    0.18508552014827728,
                    0.35826998949050903
                ]
            ],
            [
                [
                    0.9932001829147339,
                    -0.1160142570734024,
                    -0.009701840579509735
                ],
                [
                    0.11638757586479187,
                    0.99141925573349,
                    0.059513483196496964
                ],
                [
                    0.00271417829208076,
                    -0.06023797392845154,
                    0.9981803894042969
                ]
            ],
            [
                [
                    0.9950686693191528,
                    0.096384197473526,
                    0.023421043530106544
                ],
                [
                    -0.09716387838125229,
                    0.9946594834327698,
                    0.03480806574225426
                ],
                [
                    -0.019941017031669617,
                    -0.036912091076374054,
                    0.9991195797920227
                ]
            ],
            [
                [
                    0.964421272277832,
                    0.24333177506923676,
                    -0.10334969311952591
                ],
                [
                    -0.22435908019542694,
                    0.9601091742515564,
                    0.16689348220825195
                ],
                [
                    0.13983747363090515,
                    -0.1377681940793991,
                    0.9805434346199036
                ]
            ],
            [
                [
                    0.9676954746246338,
                    -0.23904511332511902,
                    0.08014390617609024
                ],
                [
                    0.22294831275939941,
                    0.9597665667533875,
                    0.17071090638637543
                ],
                [
                    -0.11772704124450684,
                    -0.1473281979560852,
                    0.9820564389228821
                ]
            ]
        ],
        "betas": [
            -0.04557529091835022,
            -0.007095456123352051,
            0.00820818543434143,
            0.13916507363319397,
            0.010168999433517456,
            0.013111505657434464,
            0.010131806135177612,
            -0.036129653453826904,
            0.05297248065471649,
            -0.040801435708999634
        ]
    },
    "pred_cam_t": [
        0.009950535371899605,
        0.1521749198436737,
        34.17002487182617
    ],
    "focal_length": [
        5000.0,
        5000.0
    ],
    "pred_keypoints_3d": [
        [
            0.18193991482257843,
            -0.7150822877883911,
            -0.236343115568161
        ],
        [
            0.0856405720114708,
            -0.7135876417160034,
            -0.07142999023199081
        ],
        [
            -0.10120124369859695,
            -0.6416612863540649,
            -0.11163955181837082
        ],
        [
            -0.18370646238327026,
            -0.4084049463272095,
            -0.05484936013817787
        ],
        [
            -0.04022333025932312,
            -0.23626258969306946,
            -0.1754644811153412
        ],
        [
            0.22569788992404938,
            -0.6084609031677246,
            0.030159858986735344
        ],
        [
            0.18297448754310608,
            -0.3796338140964508,
            0.1465652734041214
        ],
        [
            0.21793188154697418,
            -0.1615118682384491,
            0.03266867995262146
        ],
        [
            -0.001898080692626536,
            -0.22412429749965668,
            0.02792130969464779
        ],
        [
            -0.07955654710531235,
            -0.14243203401565552,
            0.025492388755083084
        ],
        [
            -0.178651362657547,
            0.22532835602760315,
            -0.010799635201692581
        ],
        [
            -0.24202360212802887,
            0.546984076499939,
            0.2158096879720688
        ],
        [
            0.05282723903656006,
            -0.1269354224205017,
            0.054628245532512665
        ],
        [
            0.05203845724463463,
            0.24622857570648193,
            0.02064533531665802
        ],
        [
            -0.010203845798969269,
            0.576867938041687,
            0.23364010453224182
        ],
        [
            0.15550267696380615,
            -0.768657922744751,
            -0.24966216087341309
        ],
        [
            0.21282801032066345,
            -0.7637784481048584,
            -0.21629051864147186
        ],
        [
            0.07947064936161041,
            -0.8174381256103516,
            -0.19650906324386597
        ],
        [
            0.20754729211330414,
            -0.806681215763092,
            -0.12397327274084091
        ],
        [
            -0.002823673188686371,
            0.7130312919616699,
            0.08669844269752502
        ],
        [
            0.05735267698764801,
            0.7013603448867798,
            0.14347794651985168
        ],
        [
            -0.015105634927749634,
            0.5822381973266602,
            0.3032151162624359
        ],
        [
            -0.23446686565876007,
            0.6794352531433105,
            0.0688832700252533
        ],
        [
            -0.3105647563934326,
            0.6552981734275818,
            0.10462069511413574
        ],
        [
            -0.2555050551891327,
            0.5582274198532104,
            0.2869684100151062
        ],
        [
            -0.25670844316482544,
            0.488959938287735,
            0.2124272584915161
        ],
        [
            -0.16369318962097168,
            0.16392381489276886,
            -0.014531927183270454
        ],
        [
            -0.14209266006946564,
            -0.2738421559333801,
            0.006838283967226744
        ],
        [
            0.13795636594295502,
            -0.22645390033721924,
            0.07907702028751373
        ],
        [
            0.06606351584196091,
            0.2063453495502472,
            0.020537691190838814
        ],
        [
            0.001561707817018032,
            0.5359709858894348,
            0.24197784066200256
        ],
        [
            -0.029913559556007385,
            -0.2726467251777649,
            -0.1735157072544098
        ],
        [
            -0.18626812100410461,
            -0.42452526092529297,
            -0.0949079841375351
        ],
        [
            -0.0623297393321991,
            -0.6676503419876099,
            -0.10592974722385406
        ],
        [
            0.20341579616069794,
            -0.6425874829292297,
            0.015259729698300362
        ],
        [
            0.2286089062690735,
            -0.3926536440849304,
            0.12129972875118256
        ],
        [
            0.2271859049797058,
            -0.18141819536685944,
            0.02683906815946102
        ],
        [
            0.0891021117568016,
            -0.7034798860549927,
            -0.07260456681251526
        ],
        [
            0.1715976446866989,
            -0.844590961933136,
            -0.19559670984745026
        ],
        [
            -0.0013646254083141685,
            -0.25038981437683105,
            0.04338504374027252
        ],
        [
            0.06992452591657639,
            -0.652884304523468,
            -0.048010773956775665
        ],
        [
            0.0279492549598217,
            -0.49432888627052307,
            0.012590063735842705
        ],
        [
            0.1491272896528244,
            -0.736954391002655,
            -0.1659591794013977
        ],
        [
            0.1714746057987213,
            -0.8651111125946045,
            -0.20054098963737488
        ]
    ],
    "pred_vertices": [
        [
            0.23976737260818481,
            -0.8007779717445374,
            -0.23398861289024353
        ],
        [
            0.23184528946876526,
            -0.7857183814048767,
            -0.23458288609981537
        ],
        [
            0.23665887117385864,
            -0.7874512076377869,
            -0.2212752103805542
        ],
        [
            0.24193568527698517,
            -0.8008692264556885,
            -0.2165823131799698
        ],
        [
            0.23206135630607605,
            -0.7770081758499146,
            -0.22276146709918976
        ],
        [
            0.2267036736011505,
            -0.7748525142669678,
            -0.23320333659648895
        ],
        [
            0.2363845407962799,
            -0.7880275249481201,
            -0.20729197561740875
        ],
        [
            0.23951676487922668,
            -0.7989673614501953,
            -0.20021340250968933
        ],
        [
            0.22399112582206726,
            -0.7653203010559082,
            -0.17877376079559326
        ],
        [
            0.2223421335220337,
            -0.7667332887649536,
            -0.16791564226150513
        ],
        [
            0.22701817750930786,
            -0.7758990526199341,
            -0.17501935362815857
        ],
        [
            0.22639858722686768,
            -0.7722257375717163,
            -0.18456357717514038
        ],
        [
            0.21272572875022888,
            -0.7464383244514465,
            -0.16462138295173645
        ],
        [
            0.20745134353637695,
            -0.734515368938446,
            -0.16921719908714294
        ],
        [
            0.20239248871803284,
            -0.7327463626861572,
            -0.15698213875293732
        ],
        [
            0.20631341636180878,
            -0.7446550130844116,
            -0.15197739005088806
        ],
        [
            0.1937617063522339,
            -0.734503448009491,
            -0.2089032381772995
        ],
        [
            0.19572745263576508,
            -0.729393720626831,
            -0.20228582620620728
        ],
        [
            0.20110726356506348,
            -0.7349772453308105,
            -0.20292997360229492
        ],
        [
            0.19806817173957825,
            -0.7396727800369263,
            -0.20929592847824097
        ],
        [
            0.19169457256793976,
            -0.7394859790802002,
            -0.22280393540859222
        ],
        [
            0.1931743323802948,
            -0.7458260655403137,
            -0.22250086069107056
        ],
        [
            0.19253988564014435,
            -0.7462546825408936,
            -0.23045293986797333
        ],
        [
            0.1919303834438324,
            -0.7387065291404724,
            -0.23072539269924164
        ],
        [
            0.18727469444274902,
            -0.7306211590766907,
            -0.2091847062110901
        ],
        [
            0.18930701911449432,
            -0.725567102432251,
            -0.20200346410274506
        ],
        [
            0.1923595666885376,
            -0.738457977771759,
            -0.2150835394859314
        ],
        [
            0.1899520456790924,
            -0.7338646054267883,
            -0.21569418907165527
        ],
        [
            0.18963181972503662,
            -0.7230210304260254,
            -0.2217632383108139
        ],
        [
            0.19201211631298065,
            -0.727593719959259,
            -0.2221081554889679
        ],
        [
            0.19226016104221344,
            -0.7247161865234375,
            -0.22933447360992432
        ],
        [
            0.18897779285907745,
            -0.7206822633743286,
            -0.22693482041358948
        ],
        [
            0.18794336915016174,
            -0.727707028388977,
            -0.21329724788665771
        ],
        [
            0.19060276448726654,
            -0.7284094095230103,
            -0.21642805635929108
        ],
        [
            0.1881551742553711,
            -0.7241719961166382,
            -0.21761402487754822
        ],
        [
            0.18481460213661194,
            -0.7243894338607788,
            -0.21501103043556213
        ],
        [
            0.19082696735858917,
            -0.7344332933425903,
            -0.22307482361793518
        ],
        [
            0.19192032516002655,
            -0.732062578201294,
            -0.23048487305641174
        ],
        [
            0.1919320672750473,
            -0.7293941974639893,
            -0.23826268315315247
        ],
        [
            0.19111210107803345,
            -0.7207377552986145,
            -0.23634463548660278
        ],
        [
            0.19755369424819946,
            -0.7215862274169922,
            -0.18559308350086212
        ],
        [
            0.197536900639534,
            -0.7249075174331665,
            -0.19448530673980713
        ],
        [
            0.19140876829624176,
            -0.7213106155395508,
            -0.19490937888622284
        ],
        [
            0.19233454763889313,
            -0.718238890171051,
            -0.18779633939266205
        ],
        [
            0.18326029181480408,
            -0.7239095568656921,
            -0.21050111949443817
        ],
        [
            0.18072238564491272,
            -0.710955023765564,
            -0.20121482014656067
        ],
        [
            0.18239612877368927,
            -0.7138614058494568,
            -0.2030114084482193
        ],
        [
            0.17922468483448029,
            -0.7125706672668457,
            -0.20938563346862793
        ],
        [
            0.17813052237033844,
            -0.7099145650863647,
            -0.20724187791347504
        ],
        [
            0.19294068217277527,
            -0.7149999141693115,
            -0.170020192861557
        ],
        [
            0.18955817818641663,
            -0.7118641138076782,
            -0.1755950152873993
        ],
        [
            0.186303973197937,
            -0.7078981399536133,
            -0.17027197778224945
        ],
        [
            0.18808691203594208,
            -0.7108796834945679,
            -0.16364231705665588
        ],
        [
            0.18163803219795227,
            -0.7041459083557129,
            -0.16827204823493958
        ],
        [
            0.18269336223602295,
            -0.7067174911499023,
            -0.15856847167015076
        ],
        [
            0.16993461549282074,
            -0.6956535577774048,
            -0.15679901838302612
        ],
        [
            0.17603744566440582,
            -0.7007162570953369,
            -0.15709975361824036
        ],
        [
            0.17639902234077454,
            -0.699657678604126,
            -0.16802531480789185
        ],
        [
            0.17118237912654877,
            -0.6940101385116577,
            -0.1705816090106964
        ],
        [
            0.16635356843471527,
            -0.6934389472007751,
            -0.1846715211868286
        ],
        [
            0.16206592321395874,
            -0.6912953853607178,
            -0.18889282643795013
        ],
        [
            0.1606539785861969,
            -0.6825235486030579,
            -0.17933964729309082
        ],
        [
            0.16557671129703522,
            -0.6872410774230957,
            -0.1751302182674408
        ],
        [
            0.17659980058670044,
            -0.7087526917457581,
            -0.19541224837303162
        ],
        [
            0.17876304686069489,
            -0.7103010416030884,
            -0.1914025843143463
        ],
        [
            0.18050093948841095,
            -0.710067629814148,
            -0.19351482391357422
        ],
        [
            0.1788543462753296,
            -0.7091705799102783,
            -0.19847266376018524
        ],
        [
            0.18088091909885406,
            -0.7110869884490967,
            -0.18808379769325256
        ],
        [
            0.18184612691402435,
            -0.7112666368484497,
            -0.18656598031520844
        ],
        [
            0.18267124891281128,
            -0.7115212678909302,
            -0.1881168782711029
        ],
        [
            0.18137620389461517,
            -0.7113081216812134,
            -0.18883778154850006
        ],
        [
            0.17986084520816803,
            -0.7107616662979126,
            -0.1901625394821167
        ],
        [
            0.17844215035438538,
            -0.7090742588043213,
            -0.19007673859596252
        ],
        [
            0.18004149198532104,
            -0.7102231979370117,
            -0.1885213553905487
        ],
        [
            0.17636415362358093,
            -0.7068654894828796,
            -0.19350379705429077
        ],
        [
            0.16816745698451996,
            -0.7011925578117371,
            -0.2045578956604004
        ],
        [
            0.1711074262857437,
            -0.702023983001709,
            -0.20169447362422943
        ],
        [
            0.17108549177646637,
            -0.7062109112739563,
            -0.20389345288276672
        ],
        [
            0.1686970740556717,
            -0.7057384252548218,
            -0.2065691500902176
        ],
        [
            0.1826542168855667,
            -0.7120938301086426,
            -0.19127985835075378
        ],
        [
            0.18518170714378357,
            -0.7134015560150146,
            -0.19020503759384155
        ],
        [
            0.18449826538562775,
            -0.7136610746383667,
            -0.19585856795310974
        ],
        [
            0.1822594702243805,
            -0.7118839025497437,
            -0.19479221105575562
        ],
        [
            0.18815776705741882,
            -0.7148468494415283,
            -0.18947727978229523
        ],
        [
            0.18475598096847534,
            -0.7127649784088135,
            -0.18705026805400848
        ],
        [
            0.1872992366552353,
            -0.7135896682739258,
            -0.18549951910972595
        ],
        [
            0.18070411682128906,
            -0.7099433541297913,
            -0.1860344409942627
        ],
        [
            0.1817288100719452,
            -0.7094041705131531,
            -0.18277901411056519
        ],
        [
            0.18364235758781433,
            -0.7108020782470703,
            -0.18439391255378723
        ],
        [
            0.17897717654705048,
            -0.7066665291786194,
            -0.18263955414295197
        ],
        [
            0.17835193872451782,
            -0.7079219818115234,
            -0.18721473217010498
        ],
        [
            0.17592684924602509,
            -0.7049082517623901,
            -0.19012956321239471
        ],
        [
            0.17300085723400116,
            -0.7016729116439819,
            -0.19418179988861084
        ],
        [
            0.17190861701965332,
            -0.699603796005249,
            -0.18849427998065948
        ],
        [
            0.17567574977874756,
            -0.703100860118866,
            -0.1848164200782776
        ],
        [
            0.1872093379497528,
            -0.7172518968582153,
            -0.19623622298240662
        ],
        [
            0.18619054555892944,
            -0.7111468315124512,
            -0.18055632710456848
        ],
        [
            0.19149821996688843,
            -0.7159139513969421,
            -0.18179062008857727
        ],
        [
            0.1837986409664154,
            -0.708086371421814,
            -0.17757084965705872
        ],
        [
            0.18017470836639404,
            -0.704932451248169,
            -0.17634978890419006
        ],
        [
            0.17563959956169128,
            -0.7011571526527405,
            -0.17771905660629272
        ],
        [
            0.17114417254924774,
            -0.6969414353370667,
            -0.18093261122703552
        ],
        [
            0.1548832505941391,
            -0.6819109916687012,
            -0.16605105996131897
        ],
        [
            0.16215088963508606,
            -0.6876806616783142,
            -0.1619030237197876
        ],
        [
            0.22105713188648224,
            -0.7705354690551758,
            -0.22855865955352783
        ],
        [
            0.22694207727909088,
            -0.770991325378418,
            -0.22165833413600922
        ],
        [
            0.22227418422698975,
            -0.7677741050720215,
            -0.21412982046604156
        ],
        [
            0.2247743308544159,
            -0.7694850564002991,
            -0.21410350501537323
        ],
        [
            0.22206687927246094,
            -0.7690528631210327,
            -0.22005200386047363
        ],
        [
            0.2202557921409607,
            -0.7671424150466919,
            -0.2183178961277008
        ],
        [
            0.22455787658691406,
            -0.7705071568489075,
            -0.19270694255828857
        ],
        [
            0.2230755239725113,
            -0.7693540453910828,
            -0.19932805001735687
        ],
        [
            0.2211892008781433,
            -0.7673136591911316,
            -0.19631138443946838
        ],
        [
            0.22315488755702972,
            -0.7655904293060303,
            -0.18815042078495026
        ],
        [
            0.21473191678524017,
            -0.7576333284378052,
            -0.20133811235427856
        ],
        [
            0.21749192476272583,
            -0.7603868842124939,
            -0.19747287034988403
        ],
        [
            0.218073308467865,
            -0.7640604972839355,
            -0.20454154908657074
        ],
        [
            0.2161610722541809,
            -0.7620198726654053,
            -0.2073889970779419
        ],
        [
            0.2135675847530365,
            -0.760728657245636,
            -0.21049264073371887
        ],
        [
            0.2105354517698288,
            -0.760206401348114,
            -0.21370987594127655
        ],
        [
            0.20847663283348083,
            -0.7564224004745483,
            -0.21048018336296082
        ],
        [
            0.21160948276519775,
            -0.756513237953186,
            -0.20603235065937042
        ],
        [
            0.21756653487682343,
            -0.7694673538208008,
            -0.22490230202674866
        ],
        [
            0.2110476791858673,
            -0.7693957686424255,
            -0.22825103998184204
        ],
        [
            0.21071825921535492,
            -0.7673771381378174,
            -0.22552233934402466
        ],
        [
            0.21637575328350067,
            -0.7670361995697021,
            -0.2229108363389969
        ],
        [
            0.19755657017230988,
            -0.7660811543464661,
            -0.2242274284362793
        ],
        [
            0.20000629127025604,
            -0.7672476172447205,
            -0.22558481991291046
        ],
        [
            0.19813089072704315,
            -0.7677688598632812,
            -0.22900334000587463
        ],
        [
            0.19525207579135895,
            -0.764919638633728,
            -0.22659577429294586
        ],
        [
            0.19594106078147888,
            -0.7624313831329346,
            -0.22386068105697632
        ],
        [
            0.1981094777584076,
            -0.7644608020782471,
            -0.22293083369731903
        ],
        [
            0.23992584645748138,
            -0.8187243938446045,
            -0.24778738617897034
        ],
        [
            0.23279733955860138,
            -0.8011861443519592,
            -0.24846251308918
        ],
        [
            0.24509930610656738,
            -0.8197667598724365,
            -0.22803185880184174
        ],
        [
            0.24436311423778534,
            -0.8178372383117676,
            -0.2097248136997223
        ],
        [
            0.24199910461902618,
            -0.8118463754653931,
            -0.19241096079349518
        ],
        [
            0.19754131138324738,
            -0.7224184274673462,
            -0.1634572595357895
        ],
        [
            0.19269543886184692,
            -0.7190766334533691,
            -0.15433849394321442
        ],
        [
            0.1968614161014557,
            -0.7315868139266968,
            -0.14548742771148682
        ],
        [
            0.18947671353816986,
            -0.7263916730880737,
            -0.13829436898231506
        ],
        [
            0.18550875782966614,
            -0.7135303616523743,
            -0.14795653522014618
        ],
        [
            0.1669052541255951,
            -0.7002553343772888,
            -0.14461587369441986
        ],
        [
            0.17698021233081818,
            -0.7067077159881592,
            -0.144485205411911
        ],
        [
            0.18009507656097412,
            -0.7214542627334595,
            -0.13243019580841064
        ],
        [
            0.18511232733726501,
            -0.7397480010986328,
            -0.1234038919210434
        ],
        [
            0.19298061728477478,
            -0.7409788370132446,
            -0.1313485950231552
        ],
        [
            0.1889476627111435,
            -0.7594407200813293,
            -0.11990547180175781
        ],
        [
            0.17445692420005798,
            -0.7399855852127075,
            -0.11468955874443054
        ],
        [
            0.18272438645362854,
            -0.7639131546020508,
            -0.11520588397979736
        ],
        [
            0.152702197432518,
            -0.7102193832397461,
            -0.11292590200901031
        ],
        [
            0.15029382705688477,
            -0.7038427591323853,
            -0.10617505013942719
        ],
        [
            0.15636637806892395,
            -0.7162145972251892,
            -0.09326067566871643
        ],
        [
            0.1595238745212555,
            -0.7228508591651917,
            -0.10010363161563873
        ],
        [
            0.20016451179981232,
            -0.7427341938018799,
            -0.13993626832962036
        ],
        [
            0.2298336625099182,
            -0.7884124517440796,
            -0.173678457736969
        ],
        [
            0.23061561584472656,
            -0.7820150852203369,
            -0.18367899954319
        ],
        [
            0.22462978959083557,
            -0.7806539535522461,
            -0.16438564658164978
        ],
        [
            0.24646353721618652,
            -0.846815288066864,
            -0.1881352961063385
        ],
        [
            0.2475138008594513,
            -0.833091676235199,
            -0.2005491554737091
        ],
        [
            0.24446669220924377,
            -0.8246896266937256,
            -0.18516558408737183
        ],
        [
            0.24428343772888184,
            -0.8386908173561096,
            -0.17534443736076355
        ],
        [
            0.2400483340024948,
            -0.8705725073814392,
            -0.22612795233726501
        ],
        [
            0.2437257170677185,
            -0.8455702066421509,
            -0.23867151141166687
        ],
        [
            0.24633795022964478,
            -0.840642511844635,
            -0.2211107611656189
        ],
        [
            0.244575634598732,
            -0.8600949048995972,
            -0.2098347246646881
        ],
        [
            0.24103690683841705,
            -0.8476383686065674,
            -0.1656520664691925
        ],
        [
            0.23475827276706696,
            -0.8599830865859985,
            -0.15320122241973877
        ],
        [
            0.234551802277565,
            -0.8767164945602417,
            -0.15820983052253723
        ],
        [
            0.24220390617847443,
            -0.8637096881866455,
            -0.17507818341255188
        ],
        [
            0.22887130081653595,
            -0.8975356817245483,
            -0.16999757289886475
        ],
        [
            0.23840706050395966,
            -0.8819555044174194,
            -0.19024980068206787
        ],
        [
            0.17212513089179993,
            -0.7589430809020996,
            -0.1034979447722435
        ],
        [
            0.17887148261070251,
            -0.775592565536499,
            -0.10919495671987534
        ],
        [
            0.16454192996025085,
            -0.7299058437347412,
            -0.10912735015153885
        ],
        [
            0.16615109145641327,
            -0.7456709742546082,
            -0.09769804775714874
        ],
        [
            0.21722780168056488,
            -0.9137035012245178,
            -0.18338444828987122
        ],
        [
            0.2298332005739212,
            -0.8961530327796936,
            -0.20755437016487122
        ],
        [
            0.19840027391910553,
            -0.8726754188537598,
            -0.11435078084468842
        ],
        [
            0.21002636849880219,
            -0.8818622827529907,
            -0.1273685246706009
        ],
        [
            0.2167195975780487,
            -0.8618464469909668,
            -0.12851205468177795
        ],
        [
            0.20507419109344482,
            -0.8560247421264648,
            -0.11621688306331635
        ],
        [
            0.18692460656166077,
            -0.8895754218101501,
            -0.11492927372455597
