{
    "pred_cam": [
        1.1883256435394287,
        0.015030870214104652,
        0.16276457905769348
    ],
    "pred_smpl_params": {
        "global_orient": [
            [
                [
                    0.9632367491722107,
                    0.1515846997499466,
                    0.22180390357971191
                ],
                [
                    0.13537979125976562,
                    -0.9870006442070007,
                    0.08661435544490814
                ],
                [
                    0.23205000162124634,
                    -0.0534023679792881,
                    -0.9712368249893188
                ]
            ]
        ],
        "body_pose": [
            [
                [
                    0.9955305457115173,
                    0.010025598108768463,
                    -0.0939066931605339
                ],
                [
                    0.009070429019629955,
                    0.9796022176742554,
                    0.2007416933774948
                ],
                [
                    0.09400375932455063,
                    -0.20069625973701477,
                    0.9751330018043518
                ]
            ],
            [
                [
                    0.996953010559082,
                    0.06767960637807846,
                    -0.03878515213727951
                ],
                [
                    -0.060245174914598465,
                    0.9838918447494507,
                    0.16830730438232422
                ],
                [
                    0.04955137148499489,
                    -0.1654578447341919,
                    0.984971284866333
                ]
            ],
            [
                [
                    0.995942234992981,
                    -0.0030052943620830774,
                    0.08994453400373459
                ],
                [
                    0.024713410064578056,
                    0.970152735710144,
                    -0.24123235046863556
                ],
                [
                    -0.08653494715690613,
                    0.24247632920742035,
                    0.9662903547286987
                ]
            ],
            [
                [
                    0.9857339859008789,
                    -0.06876491755247116,
                    -0.1536226123571396
                ],
                [
                    -0.046948764473199844,
                    0.7641658186912537,
                    -0.6433088779449463
                ],
                [
                    0.16163024306297302,
                    0.6413438320159912,
                    0.7500357627868652
                ]
            ],
            [
                [
                    0.9933849573135376,
                    -0.09410136938095093,
                    0.06581316888332367
                ],
                [
                    0.11457397788763046,
                    0.7738008499145508,
                    -0.6229808926582336
                ],
                [
                    0.00769707141444087,
                    0.6264002323150635,
                    0.7794637084007263
                ]
            ],
            [
                [
                    0.99415522813797,
                    0.03826383128762245,
                    0.1009518951177597
                ],
                [
                    -0.033662766218185425,
                    0.9983325004577637,
                    -0.04689377546310425
                ],
                [
                    -0.10257789492607117,
                    0.0432213731110096,
                    0.993785560131073
                ]
            ],
            [
                [
                    0.9889125823974609,
                    0.05418205261230469,
                    0.13826151192188263
                ],
                [
                    -0.06008542701601982,
                    0.9974356293678284,
                    0.03888368606567383
                ],
                [
                    -0.13580015301704407,
                    -0.04676006734371185,
                    0.9896321892738342
                ]
            ],
            [
                [
                    0.988771378993988,
                    -0.01562725380063057,
                    -0.14861632883548737
                ],
                [
                    0.02254820056259632,
                    0.9987325072288513,
                    0.04499880596995354
                ],
                [
                    0.14772474765777588,
                    -0.04784456640481949,
                    0.9878705143928528
                ]
            ],
            [
                [
                    0.9969342947006226,
                    0.01460734847933054,
                    0.07686769962310791
                ],
                [
                    -0.009003658778965473,
                    0.997309684753418,
                    -0.07274831831455231
                ],
                [
                    -0.07772356271743774,
                    0.07183320075273514,
                    0.9943837523460388
                ]
            ],
            [
                [
                    0.9886724948883057,
                    -0.1480022519826889,
                    0.02493923529982567
                ],
                [
                    0.1431223452091217,
                    0.9797126054763794,
                    0.140282541513443
                ],
                [
                    -0.04519541561603546,
                    -0.13512413203716278,
                    0.9897973537445068
                ]
            ],
            [
                [
                    0.9959924817085266,
                    0.08821795135736465,
                    -0.014715997502207756
                ],
                [
                    -0.08446838706731796,
                    0.9819192886352539,
                    0.16940946877002716
                ],
                [
                    0.029394878074526787,
                    -0.1674875169992447,
                    0.9854358434677124
                ]
            ],
            [
                [
                    0.9977071285247803,
                    0.036466144025325775,
                    0.057015206664800644
                ],
                [
                    -0.0340089350938797,
                    0.9984748959541321,
                    -0.04348961263895035
                ],
                [
                    -0.05851414427161217,
                    0.0414508692920208,
                    0.9974256753921509
                ]
            ],
            [
                [
                    0.9135657548904419,
                    0.39738836884498596,
                    -0.08648806065320969
                ],
                [
                    -0.39883795380592346,
                    0.9170212149620056,
                    0.000565053429454565
                ],
                [
                    0.07953593879938126,
                    0.03397851064801216,
                    0.996252715587616
                ]
            ],
            [
                [
                    0.8803591132164001,
                    -0.3813234269618988,
                    0.28206416964530945
                ],
                [
                    0.3929942548274994,
                    0.9193956255912781,
                    0.016347354277968407
                ],
                [
                    -0.26556217670440674,
                    0.09645804762840271,
                    0.9592562317848206
                ]
            ],
            [
                [
                    0.9976449608802795,
                    0.05392300710082054,
                    0.04238848015666008
                ],
                [
                    -0.03866175562143326,
                    0.9525720477104187,
                    -0.3018473982810974
                ],
                [
                    -0.05665459856390953,
                    0.2994977533817291,
                    0.9524134397506714
                ]
            ],
            [
                [
                    0.4870375990867615,
                    0.8230152726173401,
                    -0.29230156540870667
                ],
                [
                    -0.8651431798934937,
                    0.5004810094833374,
                    -0.032342538237571716
                ],
                [
                    0.11967296898365021,
                    0.26863473653793335,
                    0.9557791352272034
                ]
            ],
            [
                [
                    0.42848336696624756,
                    -0.7587138414382935,
                    0.4906684160232544
                ],
                [
                    0.8406400084495544,
                    0.5338334441184998,
                    0.09135818481445312
                ],
                [
                    -0.3312498927116394,
                    0.3733299970626831,
                    0.8665439486503601
                ]
            ],
            [
                [
                    0.6862667202949524,
                    -0.2592658996582031,
                    -0.6795728206634521
                ],
                [
                    0.18508833646774292,
                    0.9658052325248718,
                    -0.1815558224916458
                ],
                [
                    0.7034062147140503,
                    -0.0011852806201204658,
                    0.7107870578765869
                ]
            ],
            [
                [
                    0.6874625086784363,
                    0.1443585306406021,
                    0.711727499961853
                ],
                [
                    0.07243967056274414,
                    0.9615250825881958,
                    -0.2649945616722107
                ],
                [
                    -0.7225979566574097,
                    0.23373113572597504,
                    0.6505551338195801
                ]
            ],
            [
                [
                    0.9961627125740051,
                    -0.08745884150266647,
                    0.0033023105934262276
                ],
                [
                    0.08709497004747391,
                    0.994324803352356,
                    0.061094872653484344
                ],
                [
                    -0.008626856841146946,
                    -0.06057281419634819,
                    0.9981265068054199
                ]
            ],
            [
                [
                    0.9982504844665527,
                    0.05909789726138115,
                    0.0018490967340767384
                ],
                [
                    -0.059066127985715866,
                    0.9981546998023987,
                    -0.014085249044001102
                ],
                [
                    -0.002678093034774065,
                    0.013951387256383896,
                    0.9998990893363953
                ]
            ],
            [
                [
                    0.9705198407173157,
                    0.21444034576416016,
                    -0.11002980917692184
                ],
                [
                    -0.19738438725471497,
                    0.9691304564476013,
                    0.147734597325325
                ],
                [
                    0.13831350207328796,
                    -0.12166119366884232,
                    0.9828875064849854
                ]
            ],
            [
                [
                    0.9746798872947693,
                    -0.2101728916168213,
                    0.0763307735323906
                ],
                [
                    0.19694502651691437,
                    0.9685537219047546,
                    0.15204057097434998
                ],
                [
                    -0.10588525980710983,
                    -0.13315793871879578,
                    0.9854223132133484
                ]
            ]
        ],
        "betas": [
            0.0320039838552475,
            0.21212542057037354,
            0.07832559943199158,
            0.7570623755455017,
            -0.013806849718093872,
            -0.04089619964361191,
            -0.06465116143226624,
            0.05918188393115997,
            0.11042522639036179,
            -0.06202822923660278
        ]
    },
    "pred_cam_t": [
        0.015030870214104652,
        0.16276457905769348,
        32.871883392333984
    ],
    "focal_length": [
        5000.0,
        5000.0
    ],
    "pred_keypoints_3d": [
        [
            0.21835774183273315,
            -0.7192395925521851,
            -0.23949070274829865
        ],
        [
            0.10559014976024628,
            -0.719536542892456,
            -0.08318108320236206
        ],
        [
            -0.07126529514789581,
            -0.6296814680099487,
            -0.1486368179321289
        ],
        [
            -0.109223872423172,
            -0.382343590259552,
            -0.10794298350811005
        ],
        [
            0.04565976560115814,
            -0.183766171336174,
            -0.14879825711250305
        ],
        [
            0.23444417119026184,
            -0.6121706962585449,
            0.036002252250909805
        ],
        [
            0.1813572347164154,
            -0.37865060567855835,
            0.13870926201343536
        ],
        [
            0.22346718609333038,
            -0.15645375847816467,
            0.03314649313688278
        ],
        [
            -0.002503486117348075,
            -0.2298688441514969,
            0.025578336790204048
        ],
        [
            -0.07971359044313431,
            -0.15033066272735596,
            0.02062024176120758
        ],
        [
            -0.18594631552696228,
            0.21435081958770752,
            -0.02694205939769745
        ],
        [
            -0.24421966075897217,
            0.5204214453697205,
            0.2203911691904068
        ],
        [
            0.045967936515808105,
            -0.13164272904396057,
            0.053282275795936584
        ],
        [
            0.03816889598965645,
            0.23982015252113342,
            0.006040837615728378
        ],
        [
            -0.018762625753879547,
            0.5480995178222656,
            0.2505950331687927
        ],
        [
            0.19435334205627441,
            -0.7739681601524353,
            -0.25527453422546387
        ],
        [
            0.24869786202907562,
            -0.7680339813232422,
            -0.2171744704246521
        ],
        [
            0.1150224357843399,
            -0.8254976272583008,
            -0.20945584774017334
        ],
        [
            0.2364453226327896,
            -0.8126265406608582,
            -0.1258748173713684
        ],
        [
            -0.025136567652225494,
            0.6893181204795837,
            0.10812842845916748
        ],
        [
            0.038790591061115265,
            0.6784495711326599,
            0.16105994582176208
        ],
        [
            -0.017526328563690186,
            0.5491275191307068,
            0.31998410820961
        ],
        [
            -0.24284905195236206,
            0.6572989225387573,
            0.07458934187889099
        ],
        [
            -0.3168637156486511,
            0.6301491856575012,
            0.11335811018943787
        ],
        [
            -0.2569650411605835,
            0.5281232595443726,
            0.29155433177948
        ],
        [
            -0.25856614112854004,
            0.46162375807762146,
            0.2135835587978363
        ],
        [
            -0.16958123445510864,
            0.15315018594264984,
            -0.030655907467007637
        ],
        [
            -0.13528375327587128,
            -0.2830401659011841,
            0.0008441437385044992
        ],
        [
            0.1305665522813797,
            -0.22920122742652893,
            0.0798683762550354
        ],
        [
            0.05179455131292343,
            0.20029565691947937,
            0.005497768055647612
        ],
        [
            -0.005274590104818344,
            0.5068577527999878,
            0.2540630102157593
        ],
        [
            0.05847727507352829,
            -0.2183471918106079,
            -0.15198436379432678
        ],
        [
            -0.10504065454006195,
            -0.39503973722457886,
            -0.1455145627260208
        ],
        [
            -0.034108079969882965,
            -0.6620516180992126,
            -0.13707369565963745
        ],
        [
            0.21390584111213684,
            -0.6472499370574951,
            0.01871504634618759
        ],
        [
            0.2276058793067932,
            -0.3917928636074066,
            0.11748267710208893
        ],
        [
            0.23299139738082886,
            -0.17530661821365356,
            0.028169360011816025
        ],
        [
            0.10961892455816269,
            -0.7043402791023254,
            -0.08460895717144012
        ],
        [
            0.20850469172000885,
            -0.849582314491272,
            -0.20180726051330566
        ],
        [
            -0.0019867185037583113,
            -0.2562766671180725,
            0.04076344147324562
        ],
        [
            0.08846534788608551,
            -0.6527639031410217,
            -0.06095585972070694
        ],
        [
            0.03678826987743378,
            -0.5016362071037292,
            0.004576362203806639
        ],
        [
            0.17999520897865295,
            -0.7433013319969177,
            -0.17167821526527405
        ],
        [
            0.20930609107017517,
            -0.8698682188987732,
            -0.2071860432624817
        ]
    ],
    "pred_vertices": [
        [
            0.2776440382003784,
            -0.8036140203475952,
            -0.23310516774654388
        ],
        [
            0.2695215344429016,
            -0.7887958288192749,
            -0.2341490238904953
        ],
        [
            0.27319350838661194,
            -0.7906417846679688,
            -0.22047549486160278
        ],
        [
            0.2784876525402069,
            -0.8039963841438293,
            -0.21556159853935242
        ],
        [
            0.26860272884368896,
            -0.7803345918655396,
            -0.22234058380126953
        ],
        [
            0.2641640901565552,
            -0.7780818939208984,
            -0.23313939571380615
        ],
        [
            0.27175116539001465,
            -0.791616678237915,
            -0.20664124190807343
        ],
        [
            0.2745891213417053,
            -0.8026113510131836,
            -0.19953419268131256
        ],
        [
            0.25665178894996643,
            -0.769798994064331,
            -0.17882436513900757
        ],
        [
            0.25413936376571655,
            -0.7714680433273315,
            -0.16812828183174133
        ],
        [
            0.25961896777153015,
            -0.7803050875663757,
            -0.17504727840423584
        ],
        [
            0.2596503496170044,
            -0.7765637636184692,
            -0.18462404608726501
        ],
        [
            0.24352416396141052,
            -0.7514359354972839,
            -0.16535772383213043
        ],
        [
            0.23830044269561768,
            -0.7396122217178345,
            -0.1702006459236145
        ],
        [
            0.23236168920993805,
            -0.7380722165107727,
            -0.15834791958332062
        ],
        [
            0.23631945252418518,
            -0.7500073909759521,
            -0.15319550037384033
        ],
        [
            0.22802463173866272,
            -0.7394275665283203,
            -0.2110464721918106
        ],
        [
            0.22926154732704163,
            -0.7343845367431641,
            -0.20412056148052216
        ],
        [
            0.23474617302417755,
            -0.7398538589477539,
            -0.20440244674682617
        ],
        [
            0.23245421051979065,
            -0.7444973587989807,
            -0.21113398671150208
        ],
        [
            0.22745373845100403,
            -0.744057297706604,
            -0.225413978099823
        ],
        [
            0.22900709509849548,
            -0.7504223585128784,
            -0.22501510381698608
        ],
        [
            0.22925809025764465,
            -0.7506155967712402,
            -0.23311194777488708
        ],
        [
            0.22848856449127197,
            -0.7429755330085754,
            -0.2333773523569107
        ],
        [
            0.2216685712337494,
            -0.7355169057846069,
            -0.21194308996200562
        ],
        [
            0.22289957106113434,
            -0.730462372303009,
            -0.20442098379135132
        ],
        [
            0.22736023366451263,
            -0.7432776689529419,
            -0.2175048291683197
        ],
        [
            0.22490578889846802,
            -0.7386057376861572,
            -0.21837913990020752
        ],
        [
            0.2249806821346283,
            -0.7274495363235474,
            -0.22442033886909485
        ],
        [
            0.22750329971313477,
            -0.7319570779800415,
            -0.2246360182762146
        ],
        [
            0.2283622920513153,
            -0.7288077473640442,
            -0.23180535435676575
        ],
        [
            0.22474230825901031,
            -0.7249410152435303,
            -0.22963030636310577
        ],
        [
            0.22262048721313477,
            -0.7324371337890625,
            -0.21605587005615234
        ],
        [
            0.22558744251728058,
            -0.7329987287521362,
            -0.21903693675994873
        ],
        [
            0.22317609190940857,
            -0.7287596464157104,
            -0.22035133838653564
        ],
        [
            0.21963775157928467,
            -0.7290900349617004,
            -0.21799010038375854
        ],
        [
            0.2265745997428894,
            -0.7389107346534729,
            -0.22574833035469055
        ],
        [
            0.22832077741622925,
            -0.7362377643585205,
            -0.2330840528011322
        ],
        [
            0.22903449833393097,
            -0.733282208442688,
            -0.24086567759513855
        ],
        [
            0.22770540416240692,
            -0.7246119976043701,
            -0.23886120319366455
        ],
        [
            0.22946445643901825,
            -0.7266349792480469,
            -0.1871539205312729
        ],
        [
            0.23029834032058716,
            -0.7299060821533203,
            -0.19608072936534882
        ],
        [
            0.22426974773406982,
            -0.7262182235717773,
            -0.197031170129776
        ],
        [
            0.2245243936777115,
            -0.7231576442718506,
            -0.18977196514606476
        ],
        [
            0.21761460602283478,
            -0.7287086248397827,
            -0.21353548765182495
        ],
        [
            0.21385684609413147,
            -0.7157387733459473,
            -0.20416009426116943
        ],
        [
            0.2158409208059311,
            -0.7185988426208496,
            -0.20591583847999573
        ],
        [
            0.2132008671760559,
            -0.7172669768333435,
            -0.21250507235527039
        ],
        [
            0.21176770329475403,
            -0.7146593332290649,
            -0.21034735441207886
        ],
        [
            0.22343850135803223,
            -0.7201569676399231,
            -0.17183546721935272
        ],
        [
            0.2205972969532013,
            -0.7168696522712708,
            -0.17765367031097412
        ],
        [
            0.2167673408985138,
            -0.713005542755127,
            -0.17245548963546753
        ],
        [
            0.2179720103740692,
            -0.716159462928772,
            -0.16568993031978607
        ],
        [
            0.21180272102355957,
            -0.7092741131782532,
            -0.1706731617450714
        ],
        [
            0.21207363903522491,
            -0.7120710611343384,
            -0.1609116792678833
        ],
        [
            0.19892753660678864,
            -0.7010109424591064,
            -0.1600307673215866
        ],
        [
            0.20512941479682922,
            -0.7061721086502075,
            -0.15989872813224792
        ],
        [
            0.20644456148147583,
            -0.7047325372695923,
            -0.1708160638809204
        ],
        [
            0.20133531093597412,
            -0.699039101600647,
            -0.1736796647310257
        ],
        [
            0.19764424860477448,
            -0.6985644102096558,
            -0.18819506466388702
        ],
        [
            0.19368989765644073,
            -0.6964518427848816,
            -0.19280201196670532
        ],
        [
            0.19128979742527008,
            -0.6877371668815613,
            -0.18316644430160522
        ],
        [
            0.19597026705741882,
            -0.6922844648361206,
            -0.1785493791103363
        ],
        [
            0.20924663543701172,
            -0.7137057185173035,
            -0.19856923818588257
        ],
        [
            0.21111829578876495,
            -0.7152494192123413,
            -0.19441619515419006
        ],
        [
            0.21302659809589386,
            -0.7149770259857178,
            -0.19640347361564636
        ],
        [
            0.2117643654346466,
            -0.7140471935272217,
            -0.20146332681179047
        ],
        [
            0.2129949927330017,
            -0.7160221934318542,
            -0.19089217483997345
        ],
        [
            0.21384406089782715,
            -0.7162179946899414,
            -0.18929244577884674
        ],
        [
            0.21480579674243927,
            -0.716452956199646,
            -0.19082796573638916
        ],
        [
            0.213590607047081,
            -0.7162402868270874,
            -0.19160383939743042
        ],
        [
            0.21216139197349548,
            -0.7156933546066284,
            -0.19302546977996826
        ],
        [
            0.21067383885383606,
            -0.7139758467674255,
            -0.1930030882358551
        ],
        [
            0.21215598285198212,
            -0.7151366472244263,
            -0.19135886430740356
        ],
        [
            0.2088271677494049,
            -0.7117140889167786,
            -0.19653642177581787
        ],
        [
            0.201264426112175,
            -0.706244707107544,
            -0.2082929015159607
        ],
        [
            0.20407918095588684,
            -0.7069889903068542,
            -0.20510298013687134
        ],
        [
            0.20439763367176056,
            -0.7112283110618591,
            -0.2074480652809143
        ],
        [
            0.2021147459745407,
            -0.7108227014541626,
            -0.21036085486412048
        ],
        [
            0.21500737965106964,
            -0.7169930934906006,
            -0.1940368413925171
        ],
        [
            0.2175791710615158,
            -0.7182612419128418,
            -0.19280217587947845
        ],
        [
            0.21742217242717743,
            -0.7184107899665833,
            -0.1985279619693756
        ],
        [
            0.2149856835603714,
            -0.7167211174964905,
            -0.19760137796401978
        ],
        [
            0.2205268144607544,
            -0.7197100520133972,
            -0.19178548455238342
        ],
        [
            0.21685630083084106,
            -0.7176642417907715,
            -0.18958693742752075
        ],
        [
            0.21916840970516205,
            -0.7185327410697937,
            -0.1878451704978943
        ],
        [
            0.21260316669940948,
            -0.7148730158805847,
            -0.1887969821691513
        ],
        [
            0.21336984634399414,
            -0.7143503427505493,
            -0.18542325496673584
        ],
        [
            0.21544332802295685,
            -0.7157490253448486,
            -0.18694403767585754
        ],
        [
            0.21049270033836365,
            -0.7116170525550842,
            -0.1854345202445984
        ],
        [
            0.2102797031402588,
            -0.7128301858901978,
            -0.19011318683624268
        ],
        [
            0.2079896777868271,
            -0.7097737789154053,
            -0.1931484341621399
        ],
        [
            0.20527112483978271,
            -0.7065961360931396,
            -0.1973542869091034
        ],
        [
            0.20360291004180908,
            -0.7046225070953369,
            -0.1916760504245758
        ],
        [
            0.2072313129901886,
            -0.7080581188201904,
            -0.18779224157333374
        ],
        [
            0.2201196551322937,
            -0.7220604419708252,
            -0.19876891374588013
        ],
        [
            0.2176910936832428,
            -0.7160776853561401,
            -0.18290676176548004
        ],
        [
            0.2231494039297104,
            -0.7208367586135864,
            -0.18378539383411407
        ],
        [
            0.2149740606546402,
            -0.7130632400512695,
            -0.180009663105011
        ],
        [
            0.21114446222782135,
            -0.7099270820617676,
            -0.17897485196590424
        ],
        [
            0.20651976764202118,
            -0.7061588764190674,
            -0.180630162358284
        ],
        [
            0.20216917991638184,
            -0.7020109295845032,
            -0.18410605192184448
        ],
        [
            0.18441031873226166,
            -0.687577486038208,
            -0.1704227179288864
        ],
        [
            0.19139468669891357,
            -0.693122148513794,
            -0.16569846868515015
        ],
        [
            0.2580633759498596,
            -0.774205207824707,
            -0.22893589735031128
        ],
        [
            0.2632845938205719,
            -0.7746376395225525,
            -0.22155044972896576
        ],
        [
            0.2578479051589966,
            -0.7718231678009033,
            -0.21437674760818481
        ],
        [
            0.2605312764644623,
            -0.7734040021896362,
            -0.21411201357841492
        ],
        [
            0.25819796323776245,
            -0.7729555368423462,
            -0.22033698856830597
        ],
        [
            0.25622761249542236,
            -0.7711317539215088,
            -0.21870625019073486
        ],
        [
            0.25848832726478577,
            -0.7748093008995056,
            -0.19285976886749268
        ],
        [
            0.25748562812805176,
            -0.7735995650291443,
            -0.19954228401184082
        ],
        [
            0.255262553691864,
            -0.7716630697250366,
            -0.19667057693004608
        ],
        [
            0.2564926743507385,
            -0.7700185775756836,
            -0.1883457601070404
        ],
        [
            0.2489369809627533,
            -0.7619917392730713,
            -0.20199745893478394
        ],
        [
            0.2514405846595764,
            -0.764756977558136,
            -0.19797465205192566
        ],
        [
            0.2527691423892975,
            -0.7682998180389404,
            -0.20501156151294708
        ],
        [
            0.2510404586791992,
            -0.7662708163261414,
            -0.20798012614250183
        ],
        [
            0.24868334829807281,
            -0.765015721321106,
            -0.21131819486618042
        ],
        [
            0.24588516354560852,
            -0.7645611763000488,
            -0.214810311794281
        ],
        [
            0.2434418499469757,
            -0.7608680725097656,
            -0.21168369054794312
        ],
        [
            0.24618111550807953,
            -0.7609196305274963,
            -0.2069370299577713
        ],
        [
            0.2542489767074585,
            -0.7734029293060303,
            -0.2255377322435379
        ],
        [
            0.2480199635028839,
            -0.7735271453857422,
            -0.2294108122587204
        ],
        [
            0.24742135405540466,
            -0.7715612649917603,
            -0.22667276859283447
        ],
        [
            0.252773642539978,
            -0.7711423635482788,
            -0.2235448956489563
        ],
        [
            0.23408693075180054,
            -0.7707383632659912,
            -0.22656670212745667
        ],
        [
            0.23669973015785217,
            -0.7718151807785034,
            -0.22770951688289642
        ],
        [
            0.23512008786201477,
            -0.7723716497421265,
            -0.23133724927902222
        ],
        [
            0.23193000257015228,
            -0.7695668935775757,
            -0.22913958132266998
        ],
        [
            0.23232769966125488,
            -0.7670798301696777,
            -0.2262796014547348
        ],
        [
            0.23448440432548523,
            -0.7690845727920532,
            -0.2251744270324707
        ],
        [
            0.2797588109970093,
            -0.8208950161933899,
            -0.24706533551216125
        ],
        [
            0.27188196778297424,
            -0.8038081526756287,
            -0.24809126555919647
        ],
        [
            0.28311920166015625,
            -0.8221913576126099,
            -0.22696523368358612
        ],
        [
            0.2808178663253784,
            -0.8207277059555054,
            -0.20885908603668213
        ],
        [
            0.2769923508167267,
            -0.815429151058197,
            -0.1917687952518463
        ],
        [
            0.22770115733146667,
            -0.7276314496994019,
            -0.16503584384918213
        ],
        [
            0.2219548523426056,
            -0.7245269417762756,
            -0.15622234344482422
        ],
        [
            0.2258789837360382,
            -0.7371376752853394,
            -0.14722633361816406
        ],
        [
            0.21775120496749878,
            -0.7320839762687683,
            -0.14040575921535492
        ],
        [
            0.21407219767570496,
            -0.7191402912139893,
            -0.1502416431903839
        ],
        [
            0.19486138224601746,
            -0.7063167691230774,
            -0.14835938811302185
        ],
        [
            0.2051038146018982,
            -0.71258944272995,
            -0.14737550914287567
        ],
        [
            0.20768314599990845,
            -0.727313756942749,
            -0.13507962226867676
        ],
        [
            0.2126021832227707,
            -0.7457838654518127,
            -0.12587018311023712
        ],
        [
            0.2211778163909912,
            -0.7469239830970764,
            -0.13343891501426697
        ],
        [
            0.21642307937145233,
            -0.7656649351119995,
            -0.12224714457988739
        ],
        [
            0.20104572176933289,
            -0.74648517370224,
            -0.11798544973134995
        ],
        [
            0.2099728286266327,
            -0.7703356742858887,
            -0.11791305243968964
        ],
        [
            0.17727042734622955,
            -0.7165592908859253,
            -0.1168418824672699
        ],
        [
            0.17379333078861237,
            -0.7098717093467712,
            -0.10955199599266052
        ],
        [
            0.17913420498371124,
            -0.7224488258361816,
            -0.09599815309047699
        ],
        [
            0.1833549588918686,
            -0.7292157411575317,
            -0.10344577580690384
        ],
        [
            0.22924350202083588,
            -0.7484312653541565,
            -0.14160725474357605
        ],
        [
            0.2626776397228241,
            -0.7928421497344971,
            -0.173691064119339
        ],
        [
            0.2640143930912018,
            -0.7863274216651917,
            -0.18359076976776123
        ],
        [
            0.2563527822494507,
            -0.7853661179542542,
            -0.16458304226398468
        ],
        [
            0.2824885845184326,
            -0.8494293689727783,
            -0.18775519728660583
        ],
        [
            0.2842962443828583,
            -0.8358086943626404,
            -0.19975119829177856
        ],
        [
            0.27939069271087646,
            -0.828018844127655,
            -0.18451300263404846
        ],
        [
            0.27902474999427795,
            -0.8420386910438538,
            -0.1748909205198288
        ],
        [
            0.2798458933830261,
            -0.8722351789474487,
            -0.22687706351280212
        ],
        [
            0.28368568420410156,
            -0.8471667766571045,
            -0.2382466197013855
        ],
        [
            0.2846183180809021,
            -0.8426837921142578,
            -0.22048340737819672
        ],
        [
            0.2825249135494232,
            -0.8621038198471069,
            -0.2099941521883011
        ],
        [
            0.2752034068107605,
            -0.8510717153549194,
            -0.1657753884792328
        ],
        [
            0.2682330906391144,
            -0.8638128638267517,
            -0.15423057973384857
        ],
        [
            0.2696414291858673,
            -0.8805262446403503,
            -0.15973711013793945
        ],
        [
            0.27794888615608215,
            -0.8665775060653687,
            -0.1755368411540985
        ],
        [
            0.2659631669521332,
            -0.9012675881385803,
            -0.17247158288955688
        ],
        [
            0.2762712240219116,
            -0.8846548199653625,
            -0.19171735644340515
        ],
        [
            0.19808264076709747,
            -0.7658693790435791,
            -0.10700768977403641
        ],
        [
            0.20561765134334564,
            -0.7823489904403687,
            -0.11252987384796143
        ],
        [
            0.18976831436157227,
            -0.7364676594734192,
            -0.11272433400154114
        ],
        [
            0.19090914726257324,
            -0.7522983551025391,
            -0.10114109516143799
        ],
        [
            0.25621241331100464,
            -0.9180500507354736,
            -0.18739449977874756
        ],
        [
            0.2698412835597992,
            -0.8988169431686401,
            -0.21024906635284424
        ],
        [
            0.22942811250686646,
            -0.8785696625709534,
            -0.11773093044757843
        ],
        [
            0.24266138672828674,
            -0.8868308067321777,
            -0.13039347529411316
        ],
        [
            0.24824684858322144,
            -0.8666955232620239,
            -0.1306382566690445
        ],
        [
            0.23527765274047852,
            -0.8616682291030884,
            -0.11890468746423721
        ],
        [
            0.21910320222377777,
            -0.8957310914993286,
            -0.11961346119642258
        ],
        [
