{
    "pred_cam": [
        1.2015554904937744,
        0.012525895610451698,
        0.140443354845047
    ],
    "pred_smpl_params": {
        "global_orient": [
            [
                [
                    0.9384040832519531,
                    0.193864107131958,
                    0.28603214025497437
                ],
                [
                    0.15585774183273315,
                    -0.9762694835662842,
                    0.15035390853881836
                ],
                [
                    0.3083926737308502,
                    -0.09651239961385727,
                    -0.9463505148887634
                ]
            ]
        ],
        "body_pose": [
            [
                [
                    0.9923164248466492,
                    0.012224894016981125,
                    -0.12312042713165283
                ],
                [
                    0.01886930502951145,
                    0.9685129523277283,
                    0.24824707210063934
                ],
                [
                    0.12227852642536163,
                    -0.24866285920143127,
                    0.96084064245224
                ]
            ],
            [
                [
                    0.9955528974533081,
                    0.06554608792066574,
                    -0.06766147166490555
                ],
                [
                    -0.05223064497113228,
                    0.9817996025085449,
                    0.18259654939174652
                ],
                [
                    0.07839849591255188,
                    -0.1782505363225937,
                    0.9808569550514221
                ]
            ],
            [
                [
                    0.9908974170684814,
                    0.03536408394575119,
                    0.12989123165607452
                ],
                [
                    0.0029563235584646463,
                    0.9589292407035828,
                    -0.2836301326751709
                ],
                [
                    -0.13458681106567383,
                    0.2814323306083679,
                    0.9500959515571594
                ]
            ],
            [
                [
                    0.9813195466995239,
                    -0.09832435101270676,
                    -0.1653612107038498
                ],
                [
                    -0.039821185171604156,
                    0.7371073365211487,
                    -0.6746013760566711
                ],
                [
                    0.18821871280670166,
                    0.6685843467712402,
                    0.719422459602356
                ]
            ],
            [
                [
                    0.9918037056922913,
                    -0.11916335672140121,
                    0.046103592962026596
                ],
                [
                    0.12276184558868408,
                    0.7886803150177002,
                    -0.6024224758148193
                ],
                [
                    0.03542569652199745,
                    0.6031445860862732,
                    0.7968447804450989
                ]
            ],
            [
                [
                    0.9920294284820557,
                    0.031502287834882736,
                    0.12200501561164856
                ],
                [
                    -0.025651734322309494,
                    0.9984579086303711,
                    -0.04923107102513313
                ],
                [
                    -0.12336777150630951,
                    0.045709028840065,
                    0.9913077354431152
                ]
            ],
            [
                [
                    0.9904618859291077,
                    0.00947626493871212,
                    0.13746069371700287
                ],
                [
                    -0.017262926325201988,
                    0.9983057975769043,
                    0.05556536093354225
                ],
                [
                    -0.13670125603675842,
                    -0.05740834400057793,
                    0.9889474511146545
                ]
            ],
            [
                [
                    0.9879965782165527,
                    0.02469896897673607,
                    -0.1524888128042221
                ],
                [
                    -0.01727416180074215,
                    0.9986085891723633,
                    0.04982532560825348
                ],
                [
                    0.153507262468338,
                    -0.046593133360147476,
                    0.9870485067367554
                ]
            ],
            [
                [
                    0.9941088557243347,
                    0.011928207240998745,
                    0.10772791504859924
                ],
                [
                    -0.008622551336884499,
                    0.9994791150093079,
                    -0.031099071726202965
                ],
                [
                    -0.10804275423288345,
                    0.029986971989274025,
                    0.9936938881874084
                ]
            ],
            [
                [
                    0.9955015182495117,
                    -0.09463591128587723,
                    0.004564759321510792
                ],
                [
                    0.09383852779865265,
                    0.9914743304252625,
                    0.0904054194688797
                ],
                [
                    -0.013081438839435577,
                    -0.08957037329673767,
                    0.9958946704864502
                ]
            ],
            [
                [
                    0.9981641173362732,
                    0.04137034714221954,
                    -0.04423578083515167
                ],
                [
                    -0.0367463082075119,
                    0.9942409992218018,
                    0.10067050158977509
                ],
                [
                    0.048145800828933716,
                    -0.09886018931865692,
                    0.9939358830451965
                ]
            ],
            [
                [
                    0.9949471354484558,
                    0.056986719369888306,
                    -0.0826604962348938
                ],
                [
                    -0.05586550384759903,
                    0.9983130693435669,
                    0.015816085040569305
                ],
                [
                    0.08342235535383224,
                    -0.011118297465145588,
                    0.9964523315429688
                ]
            ],
            [
                [
                    0.8945220708847046,
                    0.39446550607681274,
                    -0.2103024125099182
                ],
                [
                    -0.3906424045562744,
                    0.9185030460357666,
                    0.06124280393123627
                ],
                [
                    0.21732157468795776,
                    0.027369990944862366,
                    0.9757161736488342
                ]
            ],
            [
                [
                    0.7776584029197693,
                    -0.41288241744041443,
                    0.47410497069358826
                ],
                [
                    0.406261682510376,
                    0.9055445194244385,
                    0.12223154306411743
                ],
                [
                    -0.47979041934013367,
                    0.09755630791187286,
                    0.8719425797462463
                ]
            ],
            [
                [
                    0.9957584142684937,
                    0.00449945917353034,
                    -0.09189609438180923
                ],
                [
                    -0.027569515630602837,
                    0.9674999713897705,
                    -0.2513637840747833
                ],
                [
                    0.08777846395969391,
                    0.2528311610221863,
                    0.9635202884674072
                ]
            ],
            [
                [
                    0.47787368297576904,
                    0.805280327796936,
                    -0.35094180703163147
                ],
                [
                    -0.8540129661560059,
                    0.5194414258003235,
                    0.0290239155292511
                ],
                [
                    0.20566613972187042,
                    0.2858390808105469,
                    0.9359471797943115
                ]
            ],
            [
                [
                    0.4286876618862152,
                    -0.7597280144691467,
                    0.48891738057136536
                ],
                [
                    0.7350350618362427,
                    0.6079483032226562,
                    0.3002038300037384
                ],
                [
                    -0.5253097414970398,
                    0.23067772388458252,
                    0.819046676158905
                ]
            ],
            [
                [
                    0.7908183336257935,
                    -0.21895572543144226,
                    -0.5715460181236267
                ],
                [
                    0.18337292969226837,
                    0.9756850004196167,
                    -0.12005535513162613
                ],
                [
                    0.5839356184005737,
                    -0.0098640788346529,
                    0.8117401599884033
                ]
            ],
            [
                [
                    0.9498646259307861,
                    0.06806761771440506,
                    0.30516237020492554
                ],
                [
                    -0.06438086926937103,
                    0.9976797103881836,
                    -0.022141020745038986
                ],
                [
                    -0.3059614300727844,
                    0.0013843601336702704,
                    0.9520429372787476
                ]
            ],
            [
                [
                    0.9979336261749268,
                    -0.05403581261634827,
                    0.03476538509130478
                ],
                [
                    0.050063975155353546,
                    0.9930586218833923,
                    0.10643362253904343
                ],
                [
                    -0.040275294333696365,
                    -0.10447319597005844,
                    0.9937118291854858
                ]
            ],
            [
                [
                    0.9973331689834595,
                    0.05904300883412361,
                    -0.042899325489997864
                ],
                [
                    -0.06163402274250984,
                    0.9961824417114258,
                    -0.06182079389691353
                ],
                [
                    0.039085470139980316,
                    0.06429999321699142,
                    0.9971648454666138
                ]
            ],
            [
                [
                    0.9729605317115784,
                    0.1943146139383316,
                    -0.12485884875059128
                ],
                [
                    -0.1777828186750412,
                    0.9751459956169128,
                    0.13222511112689972
                ],
                [
                    0.14744889736175537,
                    -0.10645204037427902,
                    0.9833243489265442
                ]
            ],
            [
                [
                    0.9810568690299988,
                    -0.17761050164699554,
                    0.07734217494726181
                ],
                [
                    0.16560085117816925,
                    0.9760758280754089,
                    0.1408989280462265
                ],
                [
                    -0.10051694512367249,
                    -0.12542195618152618,
                    0.9869983196258545
                ]
            ]
        ],
        "betas": [
            0.006710931658744812,
            0.10169439017772675,
            -0.18608321249485016,
            0.21581219136714935,
            0.05262872576713562,
            -0.04319684952497482,
            -0.08686062693595886,
            -0.0019959211349487305,
            0.13492712378501892,
            -0.09521445631980896
        ]
    },
    "pred_cam_t": [
        0.012525895610451698,
        0.140443354845047,
        32.50994110107422
    ],
    "focal_length": [
        5000.0,
        5000.0
    ],
    "pred_keypoints_3d": [
        [
            0.2469584196805954,
            -0.6926082372665405,
            -0.2583821415901184
        ],
        [
            0.14053457975387573,
            -0.6899011135101318,
            -0.10025279968976974
        ],
        [
            -0.009060762822628021,
            -0.585381031036377,
            -0.19620077311992645
        ],
        [
            0.02027503214776516,
            -0.332906037569046,
            -0.17068958282470703
        ],
        [
            0.13286228477954865,
            -0.10423427820205688,
            -0.19797104597091675
        ],
        [
            0.2520475685596466,
            -0.5852608680725098,
            0.03511347621679306
        ],
        [
            0.19165417551994324,
            -0.3427960276603699,
            0.11403047293424606
        ],
        [
            0.22826798260211945,
            -0.11216220259666443,
            0.02362915873527527
        ],
        [
            -0.002026256173849106,
            -0.22398386895656586,
            0.026906488463282585
        ],
        [
            -0.0831955224275589,
            -0.14728868007659912,
            0.019816461950540543
        ],
        [
            -0.1984051913022995,
            0.21722015738487244,
            -0.01757638528943062
        ],
        [
            -0.26667237281799316,
            0.52118980884552,
            0.23341403901576996
        ],
        [
            0.042230527848005295,
            -0.1257064789533615,
            0.06369564682245255
        ],
        [
            0.02729014679789543,
            0.24758271872997284,
            0.019018907099962234
        ],
        [
            -0.03689095750451088,
            0.5459142923355103,
            0.27742451429367065
        ],
        [
            0.22697916626930237,
            -0.7501974105834961,
            -0.26687848567962646
        ],
        [
            0.2828228175640106,
            -0.7359541654586792,
            -0.23346778750419617
        ],
        [
            0.15627342462539673,
            -0.8022632598876953,
            -0.21080023050308228
        ],
        [
            0.2797320783138275,
            -0.771488606929779,
            -0.1369866579771042
        ],
        [
            -0.04152273014187813,
            0.6917853355407715,
            0.14061355590820312
        ],
        [
            0.022213298827409744,
            0.6797218918800354,
            0.19237229228019714
        ],
        [
            -0.035180699080228806,
            0.5432889461517334,
            0.34632009267807007
        ],
        [
            -0.26917803287506104,
            0.6617321968078613,
            0.08979418873786926
        ],
        [
            -0.3413844704627991,
            0.6308335065841675,
            0.12703078985214233
        ],
        [
            -0.2812041640281677,
            0.5269255638122559,
            0.3039509057998657
        ],
        [
            -0.2797865569591522,
            0.46147096157073975,
            0.22485357522964478
        ],
        [
            -0.18073204159736633,
            0.15556564927101135,
            -0.022946704179048538
        ],
        [
            -0.13365358114242554,
            -0.2799021601676941,
            -0.010640251450240612
        ],
        [
            0.12986993789672852,
            -0.22140832245349884,
            0.09327498078346252
        ],
        [
            0.04188552498817444,
            0.2082826942205429,
            0.018548451364040375
        ],
        [
            -0.022869126871228218,
            0.5043477416038513,
            0.27860939502716064
        ],
        [
            0.15258754789829254,
            -0.1327151358127594,
            -0.2046697437763214
        ],
        [
            0.020483503118157387,
            -0.34632787108421326,
            -0.2058318704366684
        ],
        [
            0.021661680191755295,
            -0.6237707138061523,
            -0.1785888820886612
        ],
        [
            0.23484718799591064,
            -0.6188897490501404,
            0.015338501892983913
        ],
        [
            0.23908358812332153,
            -0.35638996958732605,
            0.09851008653640747
        ],
        [
            0.23929673433303833,
            -0.12893766164779663,
            0.018833890557289124
        ],
        [
            0.147353857755661,
            -0.6707335114479065,
            -0.10350725054740906
        ],
        [
            0.25068414211273193,
            -0.8183364868164062,
            -0.20646785199642181
        ],
        [
            -0.0016559404321014881,
            -0.2510587275028229,
            0.04201076179742813
        ],
        [
            0.12586580216884613,
            -0.6195618510246277,
            -0.08267675340175629
        ],
        [
            0.05428759753704071,
            -0.4829350411891937,
            -0.008242367766797543
        ],
        [
            0.21599960327148438,
            -0.7114545106887817,
            -0.18651919066905975
        ],
        [
            0.2524256110191345,
            -0.8389023542404175,
            -0.2101292610168457
        ]
    ],
    "pred_vertices": [
        [
            0.313397079706192,
            -0.7712392807006836,
            -0.24695950746536255
        ],
        [
            0.3039274215698242,
            -0.7573504447937012,
            -0.24916251003742218
        ],
        [
            0.3085920810699463,
            -0.7571800947189331,
            -0.23557479679584503
        ],
        [
            0.31537121534347534,
            -0.7696348428726196,
            -0.22944742441177368
        ],
        [
            0.30300700664520264,
            -0.7473524808883667,
            -0.2383582890033722
        ],
        [
            0.2978149950504303,
            -0.7466790676116943,
            -0.2490176260471344
        ],
        [
            0.3081320822238922,
            -0.7567209005355835,
            -0.22179651260375977
        ],
        [
            0.31244078278541565,
            -0.7668609619140625,
            -0.21361324191093445
        ],
        [
            0.29314494132995605,
            -0.7329703569412231,
            -0.195523202419281
        ],
        [
            0.29136189818382263,
            -0.7338753938674927,
            -0.18451952934265137
        ],
        [
            0.297127366065979,
            -0.7428920269012451,
            -0.19085285067558289
        ],
        [
            0.2963438928127289,
            -0.7400563955307007,
            -0.2008334994316101
        ],
        [
            0.2793172001838684,
            -0.7143681049346924,
            -0.1829923391342163
        ],
        [
            0.27302277088165283,
            -0.7035608291625977,
            -0.1888251006603241
        ],
        [
            0.2675405442714691,
            -0.7013558149337769,
            -0.17666059732437134
        ],
        [
            0.27255523204803467,
            -0.7124488949775696,
            -0.1705321967601776
        ],
        [
            0.2603400945663452,
            -0.7084133625030518,
            -0.22899366915225983
        ],
        [
            0.2616136968135834,
            -0.7026227712631226,
            -0.2226705402135849
        ],
        [
            0.2674771845340729,
            -0.7076259851455688,
            -0.22272130846977234
        ],
        [
            0.26520299911499023,
            -0.7131074666976929,
            -0.22886008024215698
        ],
        [
            0.2591788172721863,
            -0.714629054069519,
            -0.2426305115222931
        ],
        [
            0.26137563586235046,
            -0.7207410931587219,
            -0.24172839522361755
        ],
        [
            0.26100900769233704,
            -0.7218687534332275,
            -0.2496979981660843
        ],
        [
            0.2595093846321106,
            -0.7144299149513245,
            -0.25064587593078613
        ],
        [
            0.2536180019378662,
            -0.7051432132720947,
            -0.22985440492630005
        ],
        [
            0.25497156381607056,
            -0.6992567181587219,
            -0.22294172644615173
        ],
        [
            0.25960573554039,
            -0.7129920125007629,
            -0.23493094742298126
        ],
        [
            0.2566021680831909,
            -0.7086604833602905,
            -0.236074760556221
        ],
        [
            0.2551325857639313,
            -0.6984474658966064,
            -0.24317161738872528
        ],
        [
            0.25806108117103577,
            -0.7027081251144409,
            -0.24310392141342163
        ],
        [
            0.2581239640712738,
            -0.7003809213638306,
            -0.250576913356781
        ],
        [
            0.2543463706970215,
            -0.6966351270675659,
            -0.24853554368019104
        ],
        [
            0.2538382411003113,
            -0.7026172876358032,
            -0.23429742455482483
        ],
        [
            0.25657641887664795,
            -0.703274667263031,
            -0.2373647540807724
        ],
        [
            0.2537234425544739,
            -0.6994350552558899,
            -0.23892734944820404
        ],
        [
            0.25048476457595825,
            -0.6997354030609131,
            -0.23631857335567474
        ],
        [
            0.25772422552108765,
            -0.709747850894928,
            -0.24343837797641754
        ],
        [
            0.2586653232574463,
            -0.7078180313110352,
            -0.2510635256767273
        ],
        [
            0.25859522819519043,
            -0.7057295441627502,
            -0.25907739996910095
        ],
        [
            0.2566896080970764,
            -0.6970760822296143,
            -0.2578808665275574
        ],
        [
            0.26216787099838257,
            -0.6932114958763123,
            -0.20651373267173767
        ],
        [
            0.2627224028110504,
            -0.6973453164100647,
            -0.215154767036438
        ],
        [
            0.25638890266418457,
            -0.6942059993743896,
            -0.21609720587730408
        ],
        [
            0.2567729651927948,
            -0.6904682517051697,
            -0.20915375649929047
        ],
        [
            0.24881084263324738,
            -0.699019193649292,
            -0.23176924884319305
        ],
        [
            0.24472768604755402,
            -0.685545027256012,
            -0.2234933227300644
        ],
        [
            0.2467961311340332,
            -0.6883737444877625,
            -0.22508731484413147
        ],
        [
            0.24362653493881226,
            -0.6880045533180237,
            -0.23162995278835297
        ],
        [
            0.24220353364944458,
            -0.6853030920028687,
            -0.22966992855072021
        ],
        [
            0.25647419691085815,
            -0.6858664751052856,
            -0.19140425324440002
        ],
        [
            0.25300997495651245,
            -0.6834220886230469,
            -0.19742503762245178
        ],
        [
            0.2492455244064331,
            -0.6794479489326477,
            -0.19233235716819763
        ],
        [
            0.251176118850708,
            -0.6816376447677612,
            -0.1852116584777832
        ],
        [
            0.24434275925159454,
            -0.6758023500442505,
            -0.1904880702495575
        ],
        [
            0.24537323415279388,
            -0.6775120496749878,
            -0.1803504228591919
        ],
        [
            0.2316638082265854,
            -0.6676664352416992,
            -0.1794842779636383
        ],
        [
            0.23815976083278656,
            -0.6721853017807007,
            -0.17932137846946716
        ],
        [
            0.23878401517868042,
            -0.6717069745063782,
            -0.19063936173915863
        ],
        [
            0.23314927518367767,
            -0.6668774485588074,
            -0.1936970055103302
        ],
        [
            0.22851398587226868,
            -0.6682037711143494,
            -0.20828501880168915
        ],
        [
            0.22412289679050446,
            -0.6668544411659241,
            -0.2128673791885376
        ],
        [
            0.2216617912054062,
            -0.6575520634651184,
            -0.20381046831607819
        ],
        [
            0.22698111832141876,
            -0.6611236929893494,
            -0.19891569018363953
        ],
        [
            0.24044719338417053,
            -0.6832902431488037,
            -0.21784332394599915
        ],
        [
            0.24267923831939697,
            -0.6842079162597656,
            -0.21368348598480225
        ],
        [
            0.24438592791557312,
            -0.6840227842330933,
            -0.2158077508211136
        ],
        [
            0.24273420870304108,
            -0.6837890148162842,
            -0.22087982296943665
        ],
        [
            0.2447923868894577,
            -0.684395432472229,
            -0.21025745570659637
        ],
        [
            0.2457147091627121,
            -0.6843298673629761,
            -0.2087210714817047
        ],
        [
            0.24657657742500305,
            -0.6846634149551392,
            -0.21026179194450378
        ],
        [
            0.2453160583972931,
            -0.6846615076065063,
            -0.21099629998207092
        ],
        [
            0.243796706199646,
            -0.6844053864479065,
            -0.21237249672412872
        ],
        [
            0.24221499264240265,
            -0.682852029800415,
            -0.21242225170135498
        ],
        [
            0.24389396607875824,
            -0.6836464405059814,
            -0.21076303720474243
        ],
        [
            0.23997899889945984,
            -0.6812143325805664,
            -0.2160496711730957
        ],
        [
            0.23142512142658234,
            -0.6774270534515381,
            -0.227906733751297
        ],
        [
            0.23441000282764435,
            -0.6777269840240479,
            -0.2247607707977295
        ],
        [
            0.23489373922348022,
            -0.6820724606513977,
            -0.22668658196926117
        ],
        [
            0.23245054483413696,
            -0.6821014881134033,
            -0.22952896356582642
        ],
        [
            0.24659457802772522,
            -0.6855521202087402,
            -0.2133961021900177
        ],
        [
            0.24929197132587433,
            -0.6864908933639526,
            -0.2121928632259369
        ],
        [
            0.24878272414207458,
            -0.6873105764389038,
            -0.21784266829490662
        ],
        [
            0.24632450938224792,
            -0.685749351978302,
            -0.2169439196586609
        ],
        [
            0.2523563504219055,
            -0.6875994205474854,
            -0.21125833690166473
        ],
        [
            0.24873407185077667,
            -0.6855897903442383,
            -0.20905382931232452
        ],
        [
            0.2511814534664154,
            -0.6860864758491516,
            -0.20733755826950073
        ],
        [
            0.2444625347852707,
            -0.683061957359314,
            -0.2082812637090683
        ],
        [
            0.24533626437187195,
            -0.6821081638336182,
            -0.2050437480211258
        ],
        [
            0.24737031757831573,
            -0.683477520942688,
            -0.20655196905136108
        ],
        [
            0.2423304170370102,
            -0.679709792137146,
            -0.20510101318359375
        ],
        [
            0.24197521805763245,
            -0.6814109086990356,
            -0.2096138298511505
        ],
        [
            0.23925665020942688,
            -0.6790039539337158,
            -0.21278925240039825
        ],
        [
            0.2360745221376419,
            -0.6765396595001221,
            -0.21713557839393616
        ],
        [
            0.23464463651180267,
            -0.6741297841072083,
            -0.21154697239398956
        ],
        [
            0.23872137069702148,
            -0.6767685413360596,
            -0.2075531780719757
        ],
        [
            0.2517370581626892,
            -0.6906448006629944,
            -0.21787050366401672
        ],
        [
            0.2498195320367813,
            -0.6832802891731262,
            -0.2026124745607376
        ],
        [
            0.2555430233478546,
            -0.6876885294914246,
            -0.20331557095050812
        ],
        [
            0.24708297848701477,
            -0.6802470684051514,
            -0.19985055923461914
        ],
        [
            0.24320533871650696,
            -0.6773040294647217,
            -0.19885572791099548
        ],
        [
            0.2383749634027481,
            -0.6741200089454651,
            -0.20044487714767456
        ],
        [
            0.23349080979824066,
            -0.6708642244338989,
            -0.20408429205417633
        ],
        [
            0.21584567427635193,
            -0.6565934419631958,
            -0.19049584865570068
        ],
        [
            0.22342266142368317,
            -0.6609818339347839,
            -0.18540717661380768
        ],
        [
            0.29174718260765076,
            -0.7426539659500122,
            -0.2449028193950653
        ],
        [
            0.2973913848400116,
            -0.7418826222419739,
            -0.2379254400730133
        ],
        [
            0.29233860969543457,
            -0.7385959029197693,
            -0.23082785308361053
        ],
        [
            0.2951163947582245,
            -0.7400314807891846,
            -0.23052743077278137
        ],
        [
            0.29235735535621643,
            -0.7403510808944702,
            -0.2366218864917755
        ],
        [
            0.29043135046958923,
            -0.7384892702102661,
            -0.23512868583202362
        ],
        [
            0.294523686170578,
            -0.7393327951431274,
            -0.2091662585735321
        ],
        [
            0.2930637001991272,
            -0.73884117603302,
            -0.2158958613872528
        ],
        [
            0.290936142206192,
            -0.7367230653762817,
            -0.21308211982250214
        ],
        [
            0.2924683690071106,
            -0.7341613173484802,
            -0.20499753952026367
        ],
        [
            0.28365200757980347,
            -0.7281717658042908,
            -0.21904386579990387
        ],
        [
            0.28663113713264465,
            -0.7302478551864624,
            -0.21488520503044128
        ],
        [
            0.287670373916626,
            -0.7345501184463501,
            -0.22165139019489288
        ],
        [
            0.28563907742500305,
            -0.732973575592041,
            -0.22471442818641663
        ],
        [
            0.2830435633659363,
            -0.7322089672088623,
            -0.22805580496788025
        ],
        [
            0.2800123989582062,
            -0.7323320508003235,
            -0.23131605982780457
        ],
        [
            0.27749204635620117,
            -0.7284910678863525,
            -0.22852855920791626
        ],
        [
            0.2805369198322296,
            -0.7278319597244263,
            -0.2239769846200943
        ],
        [
            0.2881554365158081,
            -0.7416627407073975,
            -0.24147364497184753
        ],
        [
            0.28178590536117554,
            -0.742668867111206,
            -0.2448350191116333
        ],
        [
            0.2811817526817322,
            -0.7404417991638184,
            -0.2423880696296692
        ],
        [
            0.2866680324077606,
            -0.7392591238021851,
            -0.23966804146766663
        ],
        [
            0.26789435744285583,
            -0.7405629754066467,
            -0.24145644903182983
        ],
        [
            0.2704978287220001,
            -0.7415356636047363,
            -0.24266484379768372
        ],
        [
            0.2687544524669647,
            -0.7425976395606995,
            -0.24608424305915833
        ],
        [
            0.2655075490474701,
            -0.739842414855957,
            -0.24398764967918396
        ],
        [
            0.26586711406707764,
            -0.7370947599411011,
            -0.2414623200893402
        ],
        [
            0.2682085335254669,
            -0.738808274269104,
            -0.24027489125728607
        ],
        [
            0.31603509187698364,
            -0.7899627089500427,
            -0.2591210901737213
        ],
        [
            0.30691465735435486,
            -0.7732371687889099,
            -0.26180705428123474
        ],
        [
            0.3208692669868469,
            -0.7884795665740967,
            -0.23935849964618683
        ],
        [
            0.31995922327041626,
            -0.7848132848739624,
            -0.22138799726963043
        ],
        [
            0.31642094254493713,
            -0.7781859636306763,
            -0.20459982752799988
        ],
        [
            0.2617160677909851,
            -0.6921072006225586,
            -0.18412742018699646
        ],
        [
            0.25623953342437744,
            -0.6886056661605835,
            -0.17520782351493835
        ],
        [
            0.26149412989616394,
            -0.6998397707939148,
            -0.16521555185317993
        ],
        [
            0.25339779257774353,
            -0.6950216293334961,
            -0.15824608504772186
        ],
        [
            0.2483789473772049,
            -0.6833889484405518,
            -0.1690841168165207
        ],
        [
            0.22868968546390533,
            -0.6723899841308594,
            -0.16653774678707123
        ],
        [
            0.23918122053146362,
            -0.6775075793266296,
            -0.16593435406684875
        ],
        [
            0.24317187070846558,
            -0.6910021901130676,
            -0.15244193375110626
        ],
        [
            0.24965086579322815,
            -0.7081204056739807,
            -0.14216028153896332
        ],
        [
            0.2581760883331299,
            -0.7088608145713806,
            -0.1501825451850891
        ],
        [
            0.2553778886795044,
            -0.727105975151062,
            -0.13706082105636597
        ],
        [
            0.23860198259353638,
            -0.7094861268997192,
            -0.13286928832530975
        ],
        [
            0.24971529841423035,
            -0.7318530082702637,
            -0.13161002099514008
        ],
        [
            0.21259990334510803,
            -0.6814741492271423,
            -0.12971922755241394
        ],
        [
            0.20846626162528992,
            -0.6749429702758789,
            -0.12141832709312439
        ],
        [
            0.21383583545684814,
            -0.6865490674972534,
            -0.10793513059616089
        ],
        [
            0.21932782232761383,
            -0.692756175994873,
            -0.1161419078707695
        ],
        [
            0.2659091651439667,
            -0.7103951573371887,
            -0.1586839258670807
        ],
        [
            0.30121761560440063,
            -0.7552853226661682,
            -0.1882549226284027
        ],
        [
            0.3012823760509491,
            -0.7497743368148804,
            -0.19915902614593506
        ],
        [
            0.2950863242149353,
            -0.7470628023147583,
            -0.17948977649211884
        ],
        [
            0.325130432844162,
            -0.8113987445831299,
            -0.197299525141716
        ],
        [
            0.3252825438976288,
            -0.7988918423652649,
            -0.21084554493427277
        ],
        [
            0.32044535875320435,
            -0.7898678779602051,
            -0.19607220590114594
        ],
        [
            0.32169902324676514,
            -0.8028693199157715,
            -0.18486878275871277
        ],
        [
            0.3219502568244934,
            -0.8384122252464294,
            -0.2334393858909607
        ],
        [
            0.32277712225914,
            -0.8144654631614685,
            -0.2478840947151184
        ],
        [
            0.3247317671775818,
            -0.807855486869812,
            -0.23059244453907013
        ],
        [
            0.3250766396522522,
            -0.8262059688568115,
            -0.21792197227478027
        ],
        [
            0.3193146586418152,
            -0.8111224174499512,
            -0.17441369593143463
        ],
        [
            0.31397804617881775,
            -0.8228923082351685,
            -0.1611250936985016
        ],
        [
            0.316144198179245,
            -0.8401059508323669,
            -0.16494585573673248
        ],
        [
            0.32256588339805603,
            -0.827588677406311,
            -0.182609423995018
        ],
        [
            0.3133276700973511,
            -0.8620157241821289,
            -0.17519499361515045
        ],
        [
            0.3213796317577362,
            -0.8469210863113403,
            -0.196790412068367
        ],
        [
            0.23764203488826752,
            -0.7276571393013,
            -0.119694285094738
        ],
        [
            0.24675491452217102,
            -0.7434998750686646,
            -0.12470155954360962
        ],
        [
            0.22667524218559265,
            -0.7000100016593933,
            -0.1263158917427063
        ],
        [
            0.22896909713745117,
            -0.7146861553192139,
            -0.11383876949548721
        ],
        [
            0.30375969409942627,
            -0.8803356885910034,
            -0.18765529990196228
        ],
        [
            0.3149723410606384,
            -0.8633589148521423,
            -0.21322479844093323
        ],
        [
            0.27850034832954407,
            -0.8364105224609375,
            -0.1212131679058075
        ],
        [
            0.29183074831962585,
            -0.8447589874267578,
            -0.1335400938987732
        ],
        [
            0.29574307799339294,
            -0.8245561122894287,
            -0.13625051081180573
        ],
        [
            0.28309366106987,
            -0.8193924427032471,
            -0.12437868118286133
        ],
        [
            0.26976361870765686,
            -0.8546214699745178,
            -0.12058790028095245
        ],
        [
            0.2849697172641754,
