{
    "pred_cam": [
        1.207072138786316,
        0.004156755283474922,
        0.13318252563476562
    ],
    "pred_smpl_params": {
        "global_orient": [
            [
                [
                    0.9262864589691162,
                    0.23424579203128815,
                    0.29516488313674927
                ],
                [
                    0.18346147239208221,
                    -0.9645431041717529,
                    0.18973228335380554
                ],
                [
                    0.32914331555366516,
                    -0.12159505486488342,
                    -0.9364182949066162
                ]
            ]
        ],
        "body_pose": [
            [
                [
                    0.9901589155197144,
                    0.022654861211776733,
                    -0.13810190558433533
                ],
                [
                    0.02625470794737339,
                    0.9392187595367432,
                    0.34231388568878174
                ],
                [
                    0.13746297359466553,
                    -0.342570960521698,
                    0.9293810129165649
                ]
            ],
            [
                [
                    0.9962443709373474,
                    0.06389361619949341,
                    -0.05843622609972954
                ],
                [
                    -0.04833218827843666,
                    0.9703186750411987,
                    0.23695077002048492
                ],
                [
                    0.07184140384197235,
                    -0.23323650658130646,
                    0.9697626233100891
                ]
            ],
            [
                [
                    0.9903262853622437,
                    0.05526921525597572,
                    0.12727601826190948
                ],
                [
                    -0.009043141268193722,
                    0.9410072565078735,
                    -0.33826544880867004
                ],
                [
                    -0.1384633183479309,
                    0.3338421881198883,
                    0.9324040412902832
                ]
            ],
            [
                [
                    0.9812456965446472,
                    -0.1064559742808342,
                    -0.1606982946395874
                ],
                [
                    -0.041176147758960724,
                    0.6986644864082336,
                    -0.7142634987831116
                ],
                [
                    0.1883118450641632,
                    0.7074849605560303,
                    0.681178092956543
                ]
            ],
            [
                [
                    0.9913908243179321,
                    -0.12752769887447357,
                    0.0296795554459095
                ],
                [
                    0.12011541426181793,
                    0.7955623269081116,
                    -0.593845784664154
                ],
                [
                    0.05211985111236572,
                    0.5922982096672058,
                    0.804031252861023
                ]
            ],
            [
                [
                    0.9924688935279846,
                    0.019086606800556183,
                    0.12100105732679367
                ],
                [
                    -0.01631658338010311,
                    0.9995825290679932,
                    -0.023842304944992065
                ],
                [
                    -0.12140562385320663,
                    0.021688420325517654,
                    0.9923660159111023
                ]
            ],
            [
                [
                    0.9911206364631653,
                    0.0234968401491642,
                    0.13087345659732819
                ],
                [
                    -0.035568755120038986,
                    0.995244562625885,
                    0.09068144112825394
                ],
                [
                    -0.12812036275863647,
                    -0.09453123807907104,
                    0.9872431755065918
                ]
            ],
            [
                [
                    0.9889930486679077,
                    -0.003731427015736699,
                    -0.14791513979434967
                ],
                [
                    0.00831958744674921,
                    0.9995028376579285,
                    0.030412374064326286
                ],
                [
                    0.1477281153202057,
                    -0.03130821883678436,
                    0.9885324239730835
                ]
            ],
            [
                [
                    0.9941118359565735,
                    0.006558512337505817,
                    0.10816017538309097
                ],
                [
                    -0.004480449017137289,
                    0.9998009204864502,
                    -0.019444676116108894
                ],
                [
                    -0.10826616734266281,
                    0.0188455767929554,
                    0.9939433336257935
                ]
            ],
            [
                [
                    0.9935493469238281,
                    -0.11152590811252594,
                    -0.020535318180918694
                ],
                [
                    0.11298078298568726,
                    0.9890748858451843,
                    0.09469021111726761
                ],
                [
                    0.009750553406774998,
                    -0.09639949351549149,
                    0.995294988155365
                ]
            ],
            [
                [
                    0.995146632194519,
                    0.07889186590909958,
                    -0.05881517380475998
                ],
                [
                    -0.07249893248081207,
                    0.9919447302818298,
                    0.10387264937162399
                ],
                [
                    0.06653610616922379,
                    -0.09910447895526886,
                    0.9928500056266785
                ]
            ],
            [
                [
                    0.9480570554733276,
                    0.028621509671211243,
                    -0.3168102502822876
                ],
                [
                    0.002368961228057742,
                    0.9952810406684875,
                    0.09700557589530945
                ],
                [
                    0.31809166073799133,
                    -0.09271731972694397,
                    0.943515419960022
                ]
            ],
            [
                [
                    0.8953026533126831,
                    0.36490559577941895,
                    -0.2554936707019806
                ],
                [
                    -0.3612210154533386,
                    0.9303516149520874,
                    0.06296982616186142
                ],
                [
                    0.2606770098209381,
                    0.03591263294219971,
                    0.9647578597068787
                ]
            ],
            [
                [
                    0.7471634745597839,
                    -0.36922314763069153,
                    0.5526490807533264
                ],
                [
                    0.3523538112640381,
                    0.9250814318656921,
                    0.14167314767837524
                ],
                [
                    -0.5635543465614319,
                    0.08887501060962677,
                    0.8212842345237732
                ]
            ],
            [
                [
                    0.9633935689926147,
                    -0.07220683991909027,
                    -0.2581840455532074
                ],
                [
                    0.029444027692079544,
                    0.9857181310653687,
                    -0.16580963134765625
                ],
                [
                    0.266469269990921,
                    0.15213796496391296,
                    0.9517605900764465
                ]
            ],
            [
                [
                    0.46161240339279175,
                    0.8049147129058838,
                    -0.37286221981048584
                ],
                [
                    -0.8560865521430969,
                    0.5143581032752991,
                    0.050512660294771194
                ],
                [
                    0.23244309425354004,
                    0.2958850562572479,
                    0.926510751247406
                ]
            ],
            [
                [
                    0.44353076815605164,
                    -0.7543489933013916,
                    0.4839814603328705
                ],
                [
                    0.7029480934143066,
                    0.6277852654457092,
                    0.3342897593975067
                ],
                [
                    -0.5560075640678406,
                    0.19194604456424713,
                    0.8087102770805359
                ]
            ],
            [
                [
                    0.7754107117652893,
                    -0.22665077447891235,
                    -0.589379072189331
                ],
                [
                    0.20673716068267822,
                    0.9730440974235535,
                    -0.10220073908567429
                ],
                [
                    0.5966556668281555,
                    -0.04259901121258736,
                    0.8013659715652466
                ]
            ],
            [
                [
                    0.9700127243995667,
                    0.07072208821773529,
                    0.23253755271434784
                ],
                [
                    -0.07792165875434875,
                    0.9967186450958252,
                    0.021910324692726135
                ],
                [
                    -0.23022498190402985,
                    -0.0393730066716671,
                    0.9723405241966248
                ]
            ],
            [
                [
                    0.9970707893371582,
                    -0.06804101169109344,
                    0.03493369370698929
                ],
                [
                    0.06316717714071274,
                    0.9900811910629272,
                    0.12549497187137604
                ],
                [
                    -0.04312600567936897,
                    -0.1229206994175911,
                    0.9914789795875549
                ]
            ],
            [
                [
                    0.9938100576400757,
                    0.0996684655547142,
                    -0.04906729981303215
                ],
                [
                    -0.10339229553937912,
                    0.9913908839225769,
                    -0.08033736050128937
                ],
                [
                    0.0406377799808979,
                    0.08491327613592148,
                    0.9955591559410095
                ]
            ],
            [
                [
                    0.9738248586654663,
                    0.1902141273021698,
                    -0.12443415820598602
                ],
                [
                    -0.17478704452514648,
                    0.9766356945037842,
                    0.12502948939800262
                ],
                [
                    0.1453091949224472,
                    -0.10000733286142349,
                    0.9843190908432007
                ]
            ],
            [
                [
                    0.9853925704956055,
                    -0.15302449464797974,
                    0.07473345100879669
                ],
                [
                    0.14193017780780792,
                    0.9804631471633911,
                    0.1361902505159378
                ],
                [
                    -0.09411384910345078,
                    -0.12359391897916794,
                    0.9878599047660828
                ]
            ]
        ],
        "betas": [
            0.05051767826080322,
            0.19533754885196686,
            -0.1838557869195938,
            0.4372224807739258,
            0.03800779581069946,
            -0.013365920633077621,
            -0.09123930335044861,
            0.0021107345819473267,
            0.15633511543273926,
            -0.11354559659957886
        ]
    },
    "pred_cam_t": [
        0.004156755283474922,
        0.13318252563476562,
        32.36136245727539
    ],
    "focal_length": [
        5000.0,
        5000.0
    ],
    "pred_keypoints_3d": [
        [
            0.2232242226600647,
            -0.7064497470855713,
            -0.3074711561203003
        ],
        [
            0.1677021086215973,
            -0.6761345863342285,
            -0.12601672112941742
        ],
        [
            0.022832214832305908,
            -0.5727134943008423,
            -0.2231263667345047
        ],
        [
            0.054394420236349106,
            -0.3204247057437897,
            -0.19695986807346344
        ],
        [
            0.1534682810306549,
            -0.08426040410995483,
            -0.21777772903442383
        ],
        [
            0.27593427896499634,
            -0.573582649230957,
            0.012460842728614807
        ],
        [
            0.2091454565525055,
            -0.33412057161331177,
            0.0965462327003479
        ],
        [
            0.238421231508255,
            -0.1024431437253952,
            0.004002206027507782
        ],
        [
            -0.002277697902172804,
            -0.22618122398853302,
            0.025949299335479736
        ],
        [
            -0.0854530856013298,
            -0.1525748074054718,
            0.020399300381541252
        ],
        [
            -0.20704296231269836,
            0.20892760157585144,
            -0.02938961051404476
        ],
        [
            -0.2859610617160797,
            0.5205827951431274,
            0.20907379686832428
        ],
        [
            0.03630842640995979,
            -0.12767010927200317,
            0.06627479195594788
        ],
        [
            0.017496000975370407,
            0.24171164631843567,
            -0.004758179187774658
        ],
        [
            -0.053959909826517105,
            0.5428069829940796,
            0.24891656637191772
        ],
        [
            0.20612221956253052,
            -0.7647573947906494,
            -0.2947218418121338
        ],
        [
            0.26886194944381714,
            -0.7431304454803467,
            -0.2876632809638977
        ],
        [
            0.16428926587104797,
            -0.8017681837081909,
            -0.20784609019756317
        ],
        [
            0.3030153214931488,
            -0.7543458938598633,
            -0.18983137607574463
        ],
        [
            -0.06283490359783173,
            0.6804782152175903,
            0.10450521111488342
        ],
        [
            0.0019389241933822632,
            0.6743335723876953,
            0.15658706426620483
        ],
        [
            -0.05280477926135063,
            0.5435651540756226,
            0.3181656301021576
        ],
        [
            -0.288318932056427,
            0.6596422791481018,
            0.06184244155883789
        ],
        [
            -0.35998499393463135,
            0.6280386447906494,
            0.10039180517196655
        ],
        [
            -0.30171632766723633,
            0.5277552604675293,
            0.2795891761779785
        ],
        [
            -0.29764774441719055,
            0.46054357290267944,
            0.2023986130952835
        ],
        [
            -0.18801619112491608,
            0.14755453169345856,
            -0.03317779302597046
        ],
        [
            -0.12948185205459595,
            -0.2862611711025238,
            -0.013522818684577942
        ],
        [
            0.1261262446641922,
            -0.2211562842130661,
            0.09546320885419846
        ],
        [
            0.03224877640604973,
            0.2034463882446289,
            -0.003164936788380146
        ],
        [
            -0.039269041270017624,
            0.5019057393074036,
            0.2512255311012268
        ],
        [
            0.17570388317108154,
            -0.11075696349143982,
            -0.2243148684501648
        ],
        [
            0.05572250857949257,
            -0.33380675315856934,
            -0.23142704367637634
        ],
        [
            0.05064265802502632,
            -0.6124380826950073,
            -0.2038775086402893
        ],
        [
            0.2594814896583557,
            -0.6064952611923218,
            -0.00984879583120346
        ],
        [
            0.2562738358974457,
            -0.34610557556152344,
            0.07967668771743774
        ],
        [
            0.2500932812690735,
            -0.11895288527011871,
            -0.0007526646368205547
        ],
        [
            0.1755523383617401,
            -0.6568269729614258,
            -0.13051855564117432
        ],
        [
            0.2549595832824707,
            -0.8163209557533264,
            -0.2336411029100418
        ],
        [
            -0.0016388696385547519,
            -0.25407513976097107,
            0.04158515855669975
        ],
        [
            0.1527336686849594,
            -0.607633113861084,
            -0.10748317837715149
        ],
        [
            0.0706958994269371,
            -0.4787733554840088,
            -0.023298965767025948
        ],
        [
            0.22140347957611084,
            -0.7077277302742004,
            -0.22662056982517242
        ],
        [
            0.256327360868454,
            -0.8376948237419128,
            -0.23303671181201935
        ]
    ],
    "pred_vertices": [
        [
            0.29577019810676575,
            -0.780046820640564,
            -0.3024095892906189
        ],
        [
            0.2852185070514679,
            -0.767095148563385,
            -0.3042360544204712
        ],
        [
            0.29443323612213135,
            -0.7636981010437012,
            -0.29363662004470825
        ],
        [
            0.3037247955799103,
            -0.7745187282562256,
            -0.28753966093063354
        ],
        [
            0.28736239671707153,
            -0.7549880146980286,
            -0.2962648868560791
        ],
        [
            0.2786259055137634,
            -0.7569371461868286,
            -0.30446088314056396
        ],
        [
            0.2986895442008972,
            -0.7602061629295349,
            -0.28094226121902466
        ],
        [
            0.3061663508415222,
            -0.7681849598884583,
            -0.2727319598197937
        ],
        [
            0.2915898263454437,
            -0.7312889695167542,
            -0.2570202946662903
        ],
        [
            0.2936646342277527,
            -0.7296524047851562,
            -0.2459862232208252
        ],
        [
            0.2980270981788635,
            -0.7395275831222534,
            -0.2519384026527405
        ],
        [
            0.293637216091156,
            -0.7392303943634033,
            -0.26151517033576965
        ],
        [
            0.28164491057395935,
            -0.7101117372512817,
            -0.24443857371807098
        ],
        [
            0.27292120456695557,
            -0.7009597420692444,
            -0.24995002150535583
        ],
        [
            0.27196595072746277,
            -0.6959360241889954,
            -0.2371523082256317
        ],
        [
            0.279638409614563,
            -0.7053806781768799,
            -0.2309761792421341
        ],
        [
            0.2472115457057953,
            -0.7150229215621948,
            -0.28171950578689575
        ],
        [
            0.250299870967865,
            -0.7078251838684082,
            -0.27757421135902405
        ],
        [
            0.2560979723930359,
            -0.7127911448478699,
            -0.2785576581954956
        ],
        [
            0.252179890871048,
            -0.7196067571640015,
            -0.28226858377456665
        ],
        [
            0.24189428985118866,
            -0.7242967486381531,
            -0.2924319803714752
        ],
        [
            0.24475905299186707,
            -0.7300366759300232,
            -0.29098188877105713
        ],
        [
            0.2417091280221939,
            -0.7330001592636108,
            -0.2978783845901489
        ],
        [
            0.23940138518810272,
            -0.7259402275085449,
            -0.2999351918697357
        ],
        [
            0.2403726428747177,
            -0.7119531035423279,
            -0.28098633885383606
        ],
        [
            0.24379175901412964,
            -0.7044055461883545,
            -0.2763689160346985
        ],
        [
            0.24474556744098663,
            -0.7209486961364746,
            -0.2859058380126953
        ],
        [
            0.24132241308689117,
            -0.7168995141983032,
            -0.2869614064693451
        ],
        [
            0.23659874498844147,
            -0.7086282968521118,
            -0.2951585054397583
        ],
        [
            0.23968000710010529,
            -0.7127898931503296,
            -0.2951804995536804
        ],
        [
            0.23688477277755737,
            -0.7123003602027893,
            -0.3025856018066406
        ],
        [
            0.23380127549171448,
            -0.7081940174102783,
            -0.3001926839351654
        ],
        [
            0.2387930452823639,
            -0.7106900215148926,
            -0.28577810525894165
        ],
        [
            0.2402978241443634,
            -0.7120556831359863,
            -0.2893860340118408
        ],
        [
            0.2368135154247284,
            -0.7086609601974487,
            -0.2906596064567566
        ],
        [
            0.2348058819770813,
            -0.7082885503768921,
            -0.2870834469795227
        ],
        [
            0.23980122804641724,
            -0.7197675108909607,
            -0.29390737414360046
        ],
        [
            0.23782819509506226,
            -0.719660758972168,
            -0.30157992243766785
        ],
        [
            0.23484306037425995,
            -0.7194548845291138,
            -0.30938252806663513
        ],
        [
            0.23288141191005707,
            -0.7106934785842896,
            -0.30948933959007263
        ],
        [
            0.25581642985343933,
            -0.6948158144950867,
            -0.26468291878700256
        ],
        [
            0.25350695848464966,
            -0.7009643912315369,
            -0.2721285820007324
        ],
        [
            0.24713914096355438,
            -0.6978597044944763,
            -0.2715633511543274
        ],
        [
            0.2496756911277771,
            -0.6925853490829468,
            -0.2659929394721985
        ],
        [
            0.23492416739463806,
            -0.7063269019126892,
            -0.2824518382549286
        ],
        [
            0.23313546180725098,
            -0.6910427808761597,
            -0.2760889530181885
        ],
        [
            0.23474323749542236,
            -0.6941689848899841,
            -0.27780935168266296
        ],
        [
            0.22943618893623352,
            -0.6953389644622803,
            -0.2827700674533844
        ],
        [
            0.22858287394046783,
            -0.6922394633293152,
            -0.280939519405365
        ],
        [
            0.2552587389945984,
            -0.6840349435806274,
            -0.25012651085853577
        ],
        [
            0.2498205602169037,
            -0.6828644275665283,
            -0.25517940521240234
        ],
        [
            0.24784547090530396,
            -0.6777424812316895,
            -0.24982643127441406
        ],
        [
            0.2523057758808136,
            -0.6782786846160889,
            -0.2431788593530655
        ],
        [
            0.24392476677894592,
            -0.6734118461608887,
            -0.24688760936260223
        ],
        [
            0.24846452474594116,
            -0.6728513240814209,
            -0.23727582395076752
        ],
        [
            0.23539811372756958,
            -0.6629941463470459,
            -0.23356738686561584
        ],
        [
            0.24177342653274536,
            -0.667377233505249,
            -0.23472103476524353
        ],
        [
            0.23853009939193726,
            -0.6692740321159363,
            -0.24591611325740814
        ],
        [
            0.2319573163986206,
            -0.6652553081512451,
            -0.24782833456993103
        ],
        [
            0.2222413271665573,
            -0.670173168182373,
            -0.259871244430542
        ],
        [
            0.21637821197509766,
            -0.6697826385498047,
            -0.26301515102386475
        ],
        [
            0.21681708097457886,
            -0.6585582494735718,
            -0.2554917335510254
        ],
        [
            0.22395500540733337,
            -0.6608037948608398,
            -0.25177815556526184
        ],
        [
            0.23087690770626068,
            -0.6874992251396179,
            -0.26971739530563354
        ],
        [
            0.23448039591312408,
            -0.6874234080314636,
            -0.26648199558258057
        ],
        [
            0.2352781593799591,
            -0.6877946257591248,
            -0.2691127359867096
        ],
        [
            0.23190176486968994,
            -0.6887754201889038,
            -0.27326440811157227
        ],
        [
            0.23768115043640137,
            -0.6867280006408691,
            -0.2640530467033386
        ],
        [
            0.23907846212387085,
            -0.6862964034080505,
            -0.2629874050617218
        ],
        [
            0.23933205008506775,
            -0.687049388885498,
            -0.26467013359069824
        ],
        [
            0.2378135770559311,
            -0.6872891783714294,
            -0.26495277881622314
        ],
        [
            0.23591545224189758,
            -0.687347948551178,
            -0.2656988203525543
        ],
        [
            0.23433956503868103,
            -0.6857954263687134,
            -0.26548105478286743
        ],
        [
            0.23663297295570374,
            -0.6860946416854858,
            -0.2643209993839264
        ],
        [
            0.23084603250026703,
            -0.6850598454475403,
            -0.268352746963501
        ],
        [
            0.21860641241073608,
            -0.683979868888855,
            -0.2772376239299774
        ],
        [
            0.22238224744796753,
            -0.6836320757865906,
            -0.275168776512146
        ],
        [
            0.22245341539382935,
            -0.6883670091629028,
            -0.27627524733543396
        ],
        [
            0.21932882070541382,
            -0.6889697909355164,
            -0.27812206745147705
        ],
        [
            0.23834934830665588,
            -0.6887430548667908,
            -0.26746898889541626
        ],
        [
            0.24132250249385834,
            -0.6893267631530762,
            -0.2670724391937256
        ],
        [
            0.2389008104801178,
            -0.6914719343185425,
            -0.2719917297363281
        ],
        [
            0.23680415749549866,
            -0.6897561550140381,
            -0.27051830291748047
        ],
        [
            0.2445354461669922,
            -0.6902709603309631,
            -0.2670873999595642
        ],
        [
            0.24183997511863708,
            -0.6876634359359741,
            -0.26415491104125977
        ],
        [
            0.24493351578712463,
            -0.6877040863037109,
            -0.26327192783355713
        ],
        [
            0.23801162838935852,
            -0.6848835945129395,
            -0.26238036155700684
        ],
        [
            0.239926278591156,
            -0.6831090450286865,
            -0.25992944836616516
        ],
        [
            0.24133789539337158,
            -0.6848926544189453,
            -0.26177793741226196
        ],
        [
            0.23695231974124908,
            -0.6807904243469238,
            -0.25931134819984436
        ],
        [
            0.23513145744800568,
            -0.6835668087005615,
            -0.26302626729011536
        ],
        [
            0.2312661111354828,
            -0.6820025444030762,
            -0.2654323875904083
        ],
        [
            0.2265588790178299,
            -0.6806650161743164,
            -0.2688283920288086
        ],
        [
            0.2270970642566681,
            -0.6769062280654907,
            -0.26364827156066895
        ],
        [
            0.2325119972229004,
            -0.678531289100647,
            -0.2608426511287689
        ],
        [
            0.2420351505279541,
            -0.6946976184844971,
            -0.2723900079727173
        ],
        [
            0.24501222372055054,
            -0.6837948560714722,
            -0.2590371370315552
        ],
        [
            0.2504003047943115,
            -0.6884680986404419,
            -0.2606810927391052
        ],
        [
            0.24326513707637787,
            -0.6801015138626099,
            -0.2561034560203552
        ],
        [
            0.23986542224884033,
            -0.676897406578064,
            -0.2543087899684906
        ],
        [
            0.23479625582695007,
            -0.6739852428436279,
            -0.2545206546783447
        ],
        [
            0.22854331135749817,
            -0.6718512773513794,
            -0.25699901580810547
        ],
        [
            0.21613243222236633,
            -0.6547712087631226,
            -0.24101504683494568
        ],
        [
            0.22532299160957336,
            -0.6578137874603271,
            -0.23759210109710693
        ],
        [
            0.2739046812057495,
            -0.7521406412124634,
            -0.299521803855896
        ],
        [
            0.281604528427124,
            -0.7498347759246826,
            -0.2952686846256256
        ],
        [
            0.2790569067001343,
            -0.7450384497642517,
            -0.2877930998802185
        ],
        [
            0.2817220389842987,
            -0.7464154362678528,
            -0.28810325264930725
        ],
        [
            0.27720099687576294,
            -0.7480466365814209,
            -0.2927089333534241
        ],
        [
            0.27574247121810913,
            -0.7459338903427124,
            -0.2911103367805481
        ],
        [
            0.28880375623703003,
            -0.7406351566314697,
            -0.2687481641769409
        ],
        [
            0.285040020942688,
            -0.7417415380477905,
            -0.2745128273963928
        ],
        [
            0.283991277217865,
            -0.7388805150985718,
            -0.271653413772583
        ],
        [
            0.2879703640937805,
            -0.7345547676086426,
            -0.26530951261520386
        ],
        [
            0.2743735611438751,
            -0.731891393661499,
            -0.2764917314052582
        ],
        [
            0.27883070707321167,
            -0.7329218983650208,
            -0.27319836616516113
        ],
        [
            0.27765601873397827,
            -0.7388210296630859,
            -0.2789158523082733
        ],
        [
            0.27452021837234497,
            -0.7380131483078003,
            -0.28138184547424316
        ],
        [
            0.270864337682724,
            -0.7380651235580444,
            -0.28374114632606506
        ],
        [
            0.26697516441345215,
            -0.7388744950294495,
            -0.2855778932571411
        ],
        [
            0.265208899974823,
            -0.734512209892273,
            -0.2830643951892853
        ],
        [
            0.26961207389831543,
            -0.732772946357727,
            -0.2801111936569214
        ],
        [
            0.271583616733551,
            -0.7504937648773193,
            -0.295482337474823
        ],
        [
            0.2646264433860779,
            -0.7521793842315674,
            -0.2959917187690735
        ],
        [
            0.26470696926116943,
            -0.7495044469833374,
            -0.2941257059574127
        ],
        [
            0.2706378102302551,
            -0.7477233409881592,
            -0.293857604265213
        ],
        [
            0.2525887191295624,
            -0.7494199872016907,
            -0.2885836362838745
        ],
        [
            0.25468742847442627,
            -0.7506698966026306,
            -0.29034242033958435
        ],
        [
            0.25189152359962463,
            -0.752562403678894,
            -0.29258427023887634
        ],
        [
            0.24935971200466156,
            -0.7493013143539429,
            -0.2902117371559143
        ],
        [
            0.2503986358642578,
            -0.7459971308708191,
            -0.2887548804283142
        ],
        [
            0.25314247608184814,
            -0.7474063634872437,
            -0.2881126403808594
        ],
        [
            0.2954254448413849,
            -0.801239013671875,
            -0.31037527322769165
        ],
        [
            0.2848338484764099,
            -0.7853255271911621,
            -0.31326615810394287
        ],
        [
            0.30687737464904785,
            -0.7950189113616943,
            -0.2945041060447693
        ],
        [
            0.3119902014732361,
            -0.7872554063796997,
            -0.27868521213531494
        ],
        [
            0.31386038661003113,
            -0.777100682258606,
            -0.26344195008277893
        ],
        [
            0.2631664276123047,
            -0.68851238489151,
            -0.2438851296901703
        ],
        [
            0.2608821988105774,
            -0.6829229593276978,
            -0.2342548370361328
        ],
        [
            0.27022114396095276,
            -0.6917354464530945,
            -0.2247139811515808
        ],
        [
            0.2645234763622284,
            -0.6854974031448364,
            -0.21592894196510315
        ],
        [
            0.2553142011165619,
            -0.6763624548912048,
            -0.226592019200325
        ],
        [
            0.2370290458202362,
            -0.665697455406189,
            -0.21874822676181793
        ],
        [
            0.24724456667900085,
            -0.6702104806900024,
            -0.22112682461738586
        ],
        [
            0.2560664415359497,
            -0.6809302568435669,
            -0.2070169895887375
        ],
        [
            0.2665012776851654,
            -0.6956984996795654,
            -0.1966245174407959
        ],
        [
            0.2729145288467407,
            -0.6974514722824097,
            -0.2074565589427948
        ],
        [
            0.2750565707683563,
            -0.7130725383758545,
            -0.1902502179145813
        ],
        [
            0.2591633200645447,
            -0.695686936378479,
            -0.18239006400108337
        ],
        [
            0.2721371054649353,
            -0.7164067029953003,
            -0.1815679371356964
        ],
        [
            0.23335756361484528,
            -0.6666967868804932,
            -0.1701352596282959
        ],
        [
            0.2306886911392212,
            -0.6588958501815796,
            -0.15904170274734497
        ],
        [
            0.23896664381027222,
            -0.6689679026603699,
            -0.1465587615966797
        ],
        [
            0.24378299713134766,
            -0.6756768226623535,
            -0.1577119678258896
        ],
        [
            0.2773512303829193,
            -0.7007559537887573,
            -0.21808487176895142
        ],
        [
            0.30347850918769836,
            -0.7511705160140991,
            -0.24803493916988373
        ],
        [
            0.2993825674057007,
            -0.7482520341873169,
            -0.2595476508140564
        ],
        [
            0.3005405366420746,
            -0.7408912181854248,
            -0.23967944085597992
        ],
        [
            0.32712188363075256,
            -0.8076000213623047,
            -0.2528277635574341
        ],
        [
            0.32156434655189514,
            -0.7985456585884094,
            -0.26788386702537537
        ],
        [
            0.32162612676620483,
            -0.7863243818283081,
            -0.2545951306819916
        ],
        [
            0.3277672231197357,
            -0.7964601516723633,
            -0.24195168912410736
        ],
        [
            0.31359249353408813,
            -0.8420029282569885,
            -0.27863800525665283
        ],
        [
            0.3073367774486542,
            -0.8223966360092163,
            -0.2971481382846832
        ],
        [
            0.3147026300430298,
            -0.8118441104888916,
            -0.28366369009017944
        ],
        [
            0.3210449516773224,
            -0.8265421986579895,
            -0.2683834135532379
        ],
        [
            0.3296739459037781,
            -0.8021036386489868,
            -0.22994065284729004
        ],
        [
            0.33027175068855286,
            -0.8104639053344727,
            -0.21332697570323944
        ],
        [
            0.3324729800224304,
            -0.828215479850769,
            -0.21428026258945465
        ],
        [
            0.33113226294517517,
            -0.8198287487030029,
            -0.23517830669879913
        ],
        [
            0.3281063437461853,
            -0.8516199588775635,
            -0.21796850860118866
        ],
        [
            0.32680588960647583,
            -0.8418639898300171,
            -0.2435837686061859
        ],
        [
            0.26407939195632935,
            -0.7102242112159729,
            -0.16554202139377594
        ],
        [
            0.27271854877471924,
            -0.7260185480117798,
            -0.1715461164712906
        ],
        [
            0.2492789626121521,
            -0.684694766998291,
            -0.17112794518470764
        ],
        [
            0.25574609637260437,
            -0.6968989372253418,
            -0.15757623314857483
        ],
        [
            0.31644436717033386,
            -0.8724920749664307,
            -0.22210237383842468
        ],
        [
            0.3164365291595459,
            -0.861583948135376,
            -0.25286370515823364
        ],
        [
            0.31180065870285034,
            -0.8148238658905029,
            -0.16141308844089508
        ],
        [
            0.32122576236724854,
            -0.8253902196884155,
            -0.17572583258152008
        ],
        [
            0.32183465361595154,
            -0.8064961433410645,
            -0.18392743170261383
        ],
        [
            0.3135765790939331,
            -0.7989777326583862,
            -0.16942664980888367
        ],
        [
            0.3055824935436249,
            -0.8323644399642944,
            -0.1539313644170761
        ],
        [
            0.31590527296066284,
            -0.8456944227218628,
            -0.1702951341867447
