{
    "pred_cam": [
        1.460888147354126,
        0.09638044983148575,
        0.33026957511901855
    ],
    "pred_smpl_params": {
        "global_orient": [
            [
                [
                    -0.319233238697052,
                    0.18095406889915466,
                    -0.9302396178245544
                ],
                [
                    0.29739630222320557,
                    -0.9128848910331726,
                    -0.27963656187057495
                ],
                [
                    -0.8998030424118042,
                    -0.3659191131591797,
                    0.2376081347465515
                ]
            ]
        ],
        "body_pose": [
            [
                [
                    0.9842448234558105,
                    0.15701495110988617,
                    0.08129250258207321
                ],
                [
                    -0.16780507564544678,
                    0.9743921160697937,
                    0.1496714949607849
                ],
                [
                    -0.05571010708808899,
                    -0.16095468401908875,
                    0.9853882789611816
                ]
            ],
            [
                [
                    0.9755088686943054,
                    0.19640778005123138,
                    -0.099027618765831
                ],
                [
                    -0.19765160977840424,
                    0.9802682995796204,
                    -0.0028132053557783365
                ],
                [
                    0.09652110189199448,
                    0.022317275404930115,
                    0.9950807094573975
                ]
            ],
            [
                [
                    0.9891550540924072,
                    -0.12481299787759781,
                    0.07741976529359818
                ],
                [
                    0.13650290668010712,
                    0.9757850170135498,
                    -0.17091110348701477
                ],
                [
                    -0.05421311780810356,
                    0.17962563037872314,
                    0.9822400212287903
                ]
            ],
            [
                [
                    0.9591023325920105,
                    0.2459765523672104,
                    0.14006543159484863
                ],
                [
                    -0.22177694737911224,
                    0.9604905247688293,
                    -0.16814571619033813
                ],
                [
                    -0.1758914291858673,
                    0.1302056610584259,
                    0.9757606387138367
                ]
            ],
            [
                [
                    0.993166983127594,
                    0.09028496593236923,
                    0.07394590973854065
                ],
                [
                    -0.09189818799495697,
                    0.9955927133560181,
                    0.018705619499087334
                ],
                [
                    -0.07193116843700409,
                    -0.025373298674821854,
                    0.9970868229866028
                ]
            ],
            [
                [
                    0.9963966012001038,
                    -0.06345442682504654,
                    0.056279461830854416
                ],
                [
                    0.06532149016857147,
                    0.9973517656326294,
                    -0.03197839856147766
                ],
                [
                    -0.05410124361515045,
                    0.035539425909519196,
                    0.9979028701782227
                ]
            ],
            [
                [
                    0.9936644434928894,
                    0.013967336155474186,
                    0.111516073346138
                ],
                [
                    -0.01594136469066143,
                    0.9997312426567078,
                    0.016829797998070717
                ],
                [
                    -0.11125104129314423,
                    -0.01850089058279991,
                    0.9936200380325317
                ]
            ],
            [
                [
                    0.9876528978347778,
                    -0.04420825466513634,
                    -0.15029151737689972
                ],
                [
                    0.04402126371860504,
                    0.9990200996398926,
                    -0.004572502803057432
                ],
                [
                    0.15034639835357666,
                    -0.002099977806210518,
                    0.9886311888694763
                ]
            ],
            [
                [
                    0.9976538419723511,
                    -0.018890580162405968,
                    0.06580223888158798
                ],
                [
                    0.023581376299262047,
                    0.9971793293952942,
                    -0.07125525176525116
                ],
                [
                    -0.06427057832479477,
                    0.07263978570699692,
                    0.9952852725982666
                ]
            ],
            [
                [
                    0.9897398948669434,
                    -0.08740723133087158,
                    0.11302603036165237
                ],
                [
                    0.08891891688108444,
                    0.9960035085678101,
                    -0.008393695577979088
                ],
                [
                    -0.11184065043926239,
                    0.01835772953927517,
                    0.993556559085846
                ]
            ],
            [
                [
                    0.9962874054908752,
                    0.08408314734697342,
                    -0.018478022888302803
                ],
                [
                    -0.0826725885272026,
                    0.9943163394927979,
                    0.06708431988954544
                ],
                [
                    0.024013658985495567,
                    -0.06530763953924179,
                    0.9975762367248535
                ]
            ],
            [
                [
                    0.9645484089851379,
                    -0.0997186005115509,
                    0.24434109032154083
                ],
                [
                    0.11413195729255676,
                    0.9924221038818359,
                    -0.04552184417843819
                ],
                [
                    -0.2379501312971115,
                    0.07179515063762665,
                    0.968620240688324
                ]
            ],
            [
                [
                    0.9118016958236694,
                    0.4031917452812195,
                    -0.07780815660953522
                ],
                [
                    -0.4033523201942444,
                    0.914932370185852,
                    0.014340648427605629
                ],
                [
                    0.07697123289108276,
                    0.018308276310563087,
                    0.9968652129173279
                ]
            ],
            [
                [
                    0.9034726023674011,
                    -0.37802740931510925,
                    0.20207121968269348
                ],
                [
                    0.3802400231361389,
                    0.9244236350059509,
                    0.029301747679710388
                ],
                [
                    -0.1978762447834015,
                    0.0503622330725193,
                    0.9789325594902039
                ]
            ],
            [
                [
                    0.9791969060897827,
                    0.07726238667964935,
                    0.18762728571891785
                ],
                [
                    -0.001706948853097856,
                    0.9277747869491577,
                    -0.3731367886066437
                ],
                [
                    -0.20290528237819672,
                    0.36505410075187683,
                    0.9086061120033264
                ]
            ],
            [
                [
                    0.5459814667701721,
                    0.7707406282424927,
                    -0.32842516899108887
                ],
                [
                    -0.8180754780769348,
                    0.5750138759613037,
                    -0.010557921603322029
                ],
                [
                    0.18071162700653076,
                    0.27444103360176086,
                    0.9444708824157715
                ]
            ],
            [
                [
                    0.4887132942676544,
                    -0.7013440728187561,
                    0.5189178586006165
                ],
                [
                    0.8019068837165833,
                    0.5953966975212097,
                    0.04947855323553085
                ],
                [
                    -0.34366342425346375,
                    0.3919430077075958,
                    0.8533908724784851
                ]
            ],
            [
                [
                    0.26908203959465027,
                    -0.29810094833374023,
                    -0.915822446346283
                ],
                [
                    0.0440007746219635,
                    0.9537060856819153,
                    -0.2975040376186371
                ],
                [
                    0.9621116518974304,
                    0.039756111800670624,
                    0.26974186301231384
                ]
            ],
            [
                [
                    0.13841024041175842,
                    0.2970575988292694,
                    0.9447748064994812
                ],
                [
                    -0.019182590767741203,
                    0.9545817971229553,
                    -0.2973308563232422
                ],
                [
                    -0.9901891946792603,
                    0.023030424490571022,
                    0.137822225689888
                ]
            ],
            [
                [
                    0.9856347441673279,
                    -0.14078682661056519,
                    -0.09329080581665039
                ],
                [
                    0.15027856826782227,
                    0.9831559658050537,
                    0.10402312874794006
                ],
                [
                    0.0770743191242218,
                    -0.11654842644929886,
                    0.9901899099349976
                ]
            ],
            [
                [
                    0.9844074249267578,
                    0.13278596103191376,
                    0.11536862701177597
                ],
                [
                    -0.14639537036418915,
                    0.9820639491081238,
                    0.11882241815328598
                ],
                [
                    -0.09752142429351807,
                    -0.13385909795761108,
                    0.9861903190612793
                ]
            ],
            [
                [
                    0.9760684967041016,
                    0.20026041567325592,
                    -0.0847710371017456
                ],
                [
                    -0.18858793377876282,
                    0.9736031293869019,
                    0.12857523560523987
                ],
                [
                    0.10828187316656113,
                    -0.10951143503189087,
                    0.9880700707435608
                ]
            ],
            [
                [
                    0.9744260907173157,
                    -0.21281901001930237,
                    0.07212383300065994
                ],
                [
                    0.20156638324260712,
                    0.9696950316429138,
                    0.13806772232055664
                ],
                [
                    -0.09932154417037964,
                    -0.11999905109405518,
                    0.9877932667732239
                ]
            ]
        ],
        "betas": [
            -0.21197766065597534,
            -0.24403443932533264,
            0.37397322058677673,
            0.7737585306167603,
            0.2592134177684784,
            0.018550369888544083,
            -0.07562986016273499,
            -0.03370678424835205,
            0.07024341821670532,
            -0.05632364749908447
        ]
    },
    "pred_cam_t": [
        0.09638044983148575,
        0.33026957511901855,
        26.73887062072754
    ],
    "focal_length": [
        5000.0,
        5000.0
    ],
    "pred_keypoints_3d": [
        [
            -0.10921939462423325,
            -0.7980638742446899,
            -0.12242812663316727
        ],
        [
            0.0598340779542923,
            -0.7281368374824524,
            -0.07766225188970566
        ],
        [
            0.06904850155115128,
            -0.6433669328689575,
            0.1133255809545517
        ],
        [
            0.006040856242179871,
            -0.40949106216430664,
            0.16742658615112305
        ],
        [
            -0.2126925140619278,
            -0.42456966638565063,
            0.05041026324033737
        ],
        [
            0.03425883874297142,
            -0.6067037582397461,
            -0.24205291271209717
        ],
        [
            0.015397034585475922,
            -0.35318899154663086,
            -0.25217658281326294
        ],
        [
            -0.2082100808620453,
            -0.32811638712882996,
            -0.1603935956954956
        ],
        [
            -0.002091644098982215,
            -0.230811208486557,
            0.028342094272375107
        ],
        [
            0.007019907236099243,
            -0.1670314073562622,
            0.12110760807991028
        ],
        [
            -0.004330202005803585,
            0.13205119967460632,
            0.3430175185203552
        ],
        [
            -0.0009768037125468254,
            0.4568149447441101,
            0.5536499619483948
        ],
        [
            -0.03444445878267288,
            -0.1248025968670845,
            -0.0020166710019111633
        ],
        [
            -0.14002785086631775,
            0.18121004104614258,
            0.16482213139533997
        ],
        [
            -0.12342807650566101,
            0.44961875677108765,
            0.4426034390926361
        ],
        [
            -0.10173484683036804,
            -0.844702959060669,
            -0.08273061364889145
        ],
        [
            -0.08245833963155746,
            -0.8477121591567993,
            -0.14647120237350464
        ],
        [
            -0.023072808980941772,
            -0.8593105673789978,
            -0.013253843411803246
        ],
        [
            0.01783047616481781,
            -0.8659471273422241,
            -0.15673640370368958
        ],
        [
            -0.3192730247974396,
            0.46974948048591614,
            0.48317310214042664
        ],
        [
            -0.27349209785461426,
            0.5211118459701538,
            0.43670862913131714
        ],
        [
            -0.06884056329727173,
            0.4819844663143158,
            0.46204572916030884
        ],
        [
            -0.17589746415615082,
            0.43558913469314575,
            0.6413610577583313
        ],
        [
            -0.10130321234464645,
            0.4174461364746094,
            0.6856050491333008
        ],
        [
            0.04568241909146309,
            0.509044885635376,
            0.5600806474685669
        ],
        [
            0.03608174994587898,
            0.4141026437282562,
            0.5313866138458252
        ],
        [
            -0.0012901281006634235,
            0.07807975262403488,
            0.304006963968277
        ],
        [
            0.05634744465351105,
            -0.30187419056892395,
            0.1441393494606018
        ],
        [
            -0.023211056366562843,
            -0.1938670128583908,
            -0.11651735007762909
        ],
        [
            -0.13258637487888336,
            0.15159079432487488,
            0.13187913596630096
        ],
        [
            -0.09818270802497864,
            0.433643639087677,
            0.41008132696151733
        ],
        [
            -0.1860947608947754,
            -0.45434123277664185,
            0.049610428512096405
        ],
        [
            -0.015676867216825485,
            -0.4442707598209381,
            0.18517740070819855
        ],
        [
            0.06654322147369385,
            -0.6725989580154419,
            0.07462785392999649
        ],
        [
            0.046358007937669754,
            -0.6434161067008972,
            -0.22043482959270477
        ],
        [
            -0.014983067288994789,
            -0.3879201114177704,
            -0.280209481716156
        ],
        [
            -0.1995716392993927,
            -0.34774619340896606,
            -0.17220643162727356
        ],
        [
            0.051597774028778076,
            -0.7157264351844788,
            -0.07913310825824738
        ],
        [
            -0.03287219628691673,
            -0.9088296890258789,
            -0.09516437351703644
        ],
        [
            0.01647290214896202,
            -0.2484586536884308,
            0.012829761020839214
        ],
        [
            0.05459732934832573,
            -0.6559251546859741,
            -0.07025188207626343
        ],
        [
            0.06515872478485107,
            -0.4841530919075012,
            -0.0507262758910656
        ],
        [
            -0.030458610504865646,
            -0.7941887378692627,
            -0.1028730720281601
        ],
        [
            -0.03195994347333908,
            -0.9286943078041077,
            -0.09045995026826859
        ]
    ],
    "pred_vertices": [
        [
            -0.09439171850681305,
            -0.8934635519981384,
            -0.16104301810264587
        ],
        [
            -0.0979694277048111,
            -0.8772242069244385,
            -0.15655061602592468
        ],
        [
            -0.08526121824979782,
            -0.8769789934158325,
            -0.16404065489768982
        ],
        [
            -0.0782446414232254,
            -0.8899357318878174,
            -0.16692420840263367
        ],
        [
            -0.0888713076710701,
            -0.8662139773368835,
            -0.16139745712280273
        ],
        [
            -0.0981718972325325,
            -0.8652211427688599,
            -0.1540282815694809
        ],
        [
            -0.0718817189335823,
            -0.873971700668335,
            -0.1672186702489853
        ],
        [
            -0.06297186017036438,
            -0.8838785290718079,
            -0.1693398803472519
        ],
        [
            -0.04898000508546829,
            -0.8433204889297485,
            -0.16677604615688324
        ],
        [
            -0.037924155592918396,
            -0.8418382406234741,
            -0.16775476932525635
        ],
        [
            -0.04314644634723663,
            -0.8531656861305237,
            -0.16871067881584167
        ],
        [
            -0.05295610427856445,
            -0.8516362905502319,
            -0.16642823815345764
        ],
        [
            -0.038899071514606476,
            -0.8196964263916016,
            -0.16300994157791138
        ],
        [
            -0.045554086565971375,
            -0.8081074953079224,
            -0.15900352597236633
        ],
        [
            -0.03366340696811676,
            -0.802273154258728,
            -0.157742440700531
        ],
        [
            -0.026172146201133728,
            -0.8134982585906982,
            -0.16021856665611267
        ],
        [
            -0.08035401999950409,
            -0.8133969306945801,
            -0.13616859912872314
        ],
        [
            -0.07597987353801727,
            -0.8075995445251465,
            -0.14077946543693542
        ],
        [
            -0.07606805115938187,
            -0.814421534538269,
            -0.14462390542030334
        ],
        [
            -0.08008909970521927,
            -0.8194929361343384,
            -0.13921862840652466
        ],
        [
            -0.09140224009752274,
            -0.8205931186676025,
            -0.13011574745178223
        ],
        [
            -0.0896548330783844,
            -0.8268418312072754,
            -0.13043144345283508
        ],
        [
            -0.09684424847364426,
            -0.8288840055465698,
            -0.1277318000793457
        ],
        [
            -0.09908606112003326,
            -0.8217639923095703,
            -0.12852409482002258
        ],
        [
            -0.08038005232810974,
            -0.8081235885620117,
            -0.13073435425758362
        ],
        [
            -0.07543626427650452,
            -0.8022886514663696,
            -0.13543227314949036
        ],
        [
            -0.08465443551540375,
            -0.8181910514831543,
            -0.13256147503852844
        ],
        [
            -0.08599147945642471,
            -0.8132104277610779,
            -0.13131515681743622
        ],
        [
            -0.09468995034694672,
            -0.804424524307251,
            -0.13157197833061218
        ],
        [
            -0.09416881948709488,
            -0.8094240427017212,
            -0.13281233608722687
        ],
        [
            -0.10180550813674927,
            -0.8084194660186768,
            -0.132014662027359
        ],
        [
            -0.10010606050491333,
            -0.8032139539718628,
            -0.13020451366901398
        ],
        [
            -0.08506111800670624,
            -0.8062736988067627,
            -0.13148298859596252
        ],
        [
            -0.0882778987288475,
            -0.8084248304367065,
            -0.13299566507339478
        ],
        [
            -0.09014760702848434,
            -0.8040963411331177,
            -0.13121256232261658
        ],
        [
            -0.08705064654350281,
            -0.802865743637085,
            -0.128579780459404
        ],
        [
            -0.09284909069538116,
            -0.8156219124794006,
            -0.130346417427063
        ],
        [
            -0.1007063165307045,
            -0.8154411315917969,
            -0.13001598417758942
        ],
        [
            -0.1087607741355896,
            -0.8146929740905762,
            -0.12853911519050598
        ],
        [
            -0.10935432463884354,
            -0.8058807849884033,
            -0.12996888160705566
        ],
        [
            -0.06286296993494034,
            -0.7968626022338867,
            -0.14822621643543243
        ],
        [
            -0.07021498680114746,
            -0.8020020723342896,
            -0.1455250382423401
        ],
        [
            -0.07044926285743713,
            -0.7972345352172852,
            -0.14010345935821533
        ],
        [
            -0.06483437865972519,
            -0.7929609417915344,
            -0.14332997798919678
        ],
        [
            -0.08271222561597824,
            -0.8009113669395447,
            -0.12827301025390625
        ],
        [
            -0.07723935693502426,
            -0.7860336899757385,
            -0.13065670430660248
        ],
        [
            -0.07837700098752975,
            -0.7896193265914917,
            -0.13124647736549377
        ],
        [
            -0.08412239700555801,
            -0.7890565395355225,
            -0.12690365314483643
        ],
        [
            -0.08269030600786209,
            -0.7857943177223206,
            -0.1268583983182907
        ],
        [
            -0.04917540401220322,
            -0.7860174179077148,
            -0.1491227149963379
        ],
        [
            -0.05460706353187561,
            -0.7835368514060974,
            -0.14497748017311096
        ],
        [
            -0.05015615373849869,
            -0.7777397036552429,
            -0.144026517868042
        ],
        [
            -0.04347750544548035,
            -0.779405951499939,
            -0.1469167172908783
        ],
        [
            -0.04849526286125183,
            -0.7725470066070557,
            -0.14064857363700867
        ],
        [
            -0.03909701108932495,
            -0.7729331254959106,
            -0.1438358724117279
        ],
        [
            -0.03849039971828461,
            -0.75895094871521,
            -0.13380476832389832
        ],
        [
            -0.038313128054142,
            -0.7651664018630981,
            -0.13878408074378967
        ],
        [
            -0.048592112958431244,
            -0.766943097114563,
            -0.13640817999839783
        ],
        [
            -0.05170246958732605,
            -0.760930061340332,
            -0.13177457451820374
        ],
        [
            -0.06418341398239136,
            -0.7623137831687927,
            -0.1240030825138092
        ],
        [
            -0.06799311190843582,
            -0.7601990699768066,
            -0.11921602487564087
        ],
        [
            -0.061369530856609344,
            -0.7493700981140137,
            -0.12183573842048645
        ],
        [
            -0.05694715678691864,
            -0.7541751861572266,
            -0.1266307234764099
        ],
        [
            -0.07161977887153625,
            -0.78190016746521,
            -0.1280224621295929
        ],
        [
            -0.0678778886795044,
            -0.7829285860061646,
            -0.1308809220790863
        ],
        [
            -0.07027534395456314,
            -0.7836089134216309,
            -0.1321125030517578
        ],
        [
            -0.0748375803232193,
            -0.7835385203361511,
            -0.1294257640838623
        ],
        [
            -0.06496641039848328,
            -0.7834099531173706,
            -0.13367976248264313
        ],
        [
            -0.06365829706192017,
            -0.7835257053375244,
            -0.13495402038097382
        ],
        [
            -0.06522178649902344,
            -0.7843060493469238,
            -0.13532932102680206
        ],
        [
            -0.06566806137561798,
            -0.7838578224182129,
            -0.1341349482536316
        ],
        [
            -0.06675936281681061,
            -0.7832788228988647,
            -0.13240031898021698
        ],
        [
            -0.06685587018728256,
            -0.7813390493392944,
            -0.13133099675178528
        ],
        [
            -0.06544042378664017,
            -0.7824869155883789,
            -0.13291582465171814
        ],
        [
            -0.0702948346734047,
            -0.779575526714325,
            -0.1288384050130844
        ],
        [
            -0.08069423586130142,
            -0.7745852470397949,
            -0.1195167750120163
        ],
        [
            -0.07836737483739853,
            -0.7756763696670532,
            -0.1224307045340538
        ],
        [
            -0.07918504625558853,
            -0.7800673246383667,
            -0.12108111381530762
        ],
        [
            -0.08134579658508301,
            -0.7793549299240112,
            -0.11869804561138153
        ],
        [
            -0.06797410547733307,
            -0.785252034664154,
            -0.13497856259346008
        ],
        [
            -0.06715115159749985,
            -0.7871778011322021,
            -0.13685466349124908
        ],
        [
            -0.07221846282482147,
            -0.788547933101654,
            -0.1347285807132721
        ],
        [
            -0.07131624966859818,
            -0.7860531210899353,
            -0.13314393162727356
        ],
        [
            -0.06654340028762817,
            -0.789099395275116,
            -0.1396973729133606
        ],
        [
            -0.06424807757139206,
            -0.7858048677444458,
            -0.1373555064201355
        ],
        [
            -0.06298793107271194,
            -0.7866780757904053,
            -0.14027747511863708
        ],
        [
            -0.06329276412725449,
            -0.7818522453308105,
            -0.13421601057052612
        ],
        [
            -0.06052550673484802,
            -0.7809337973594666,
            -0.13607704639434814
        ],
        [
            -0.062066808342933655,
            -0.7830953598022461,
            -0.13729456067085266
        ],
        [
            -0.06068071722984314,
            -0.7775547504425049,
            -0.13403666019439697
        ],
        [
            -0.06450065225362778,
            -0.7796170115470886,
            -0.13200616836547852
        ],
        [
            -0.06764264404773712,
            -0.7768572568893433,
            -0.12951993942260742
        ],
        [
            -0.07181182503700256,
            -0.7740148305892944,
            -0.12630024552345276
        ],
        [
            -0.06688950955867767,
            -0.7704757452011108,
            -0.1270807385444641
        ],
        [
            -0.06314144283533096,
            -0.773844838142395,
            -0.13097700476646423
        ],
        [
            -0.072006456553936,
            -0.792482852935791,
            -0.13688208162784576
        ],
        [
            -0.058839745819568634,
            -0.783183753490448,
            -0.1406249701976776
        ],
        [
            -0.05968058854341507,
            -0.7892164587974548,
            -0.14446796476840973
        ],
        [
            -0.05640657991170883,
            -0.7790043950080872,
            -0.13965781033039093
        ],
        [
            -0.05545475333929062,
            -0.7747906446456909,
            -0.1370619833469391
        ],
        [
            -0.057052820920944214,
            -0.7704026699066162,
            -0.13299769163131714
        ],
        [
            -0.06048552691936493,
            -0.7659562230110168,
            -0.1288030445575714
        ],
        [
            -0.04820660501718521,
            -0.7442977428436279,
            -0.11940079927444458
        ],
        [
            -0.04407687485218048,
            -0.7505925297737122,
            -0.12630197405815125
        ],
        [
            -0.09383612126111984,
            -0.8585571050643921,
            -0.15034344792366028
        ],
        [
            -0.08832203596830368,
            -0.8590313792228699,
            -0.15759776532649994
        ],
        [
            -0.0814129114151001,
            -0.852977991104126,
            -0.1556967794895172
        ],
        [
            -0.0814184695482254,
            -0.8555245399475098,
            -0.15729568898677826
        ],
        [
            -0.08664938807487488,
            -0.8553656339645386,
            -0.15389002859592438
        ],
        [
            -0.08512218296527863,
            -0.8527997732162476,
            -0.1528249979019165
        ],
        [
            -0.060643069446086884,
            -0.8514547348022461,
            -0.1627424657344818
        ],
        [
            -0.06696093082427979,
            -0.851507842540741,
            -0.15977250039577484
        ],
        [
            -0.06437698751688004,
            -0.8484735488891602,
            -0.15904104709625244
        ],
        [
            -0.057529836893081665,
            -0.8454318046569824,
            -0.16344976425170898
        ],
        [
            -0.07068553566932678,
            -0.8387608528137207,
            -0.15368294715881348
        ],
        [
            -0.06679048389196396,
            -0.8412488698959351,
            -0.15674978494644165
        ],
        [
            -0.07245714962482452,
            -0.8464294075965881,
            -0.1547694057226181
        ],
        [
            -0.07531560957431793,
            -0.8446416854858398,
            -0.15262538194656372
        ],
        [
            -0.07804413884878159,
            -0.8433934450149536,
            -0.1497160792350769
        ],
        [
            -0.08067834377288818,
            -0.8428835868835449,
            -0.14602771401405334
        ],
        [
            -0.07829804718494415,
            -0.8379485607147217,
            -0.14588028192520142
        ],
        [
            -0.0746997818350792,
            -0.8378543853759766,
            -0.14994072914123535
        ],
        [
            -0.09003744274377823,
            -0.8557738661766052,
            -0.14835748076438904
        ],
        [
            -0.0920865535736084,
            -0.8548673391342163,
            -0.14119982719421387
        ],
        [
            -0.08979922533035278,
            -0.8522312641143799,
            -0.14212602376937866
        ],
        [
            -0.0885191559791565,
            -0.852821946144104,
            -0.14815223217010498
        ],
        [
            -0.08649303019046783,
            -0.8473257422447205,
            -0.13026197254657745
        ],
        [
            -0.0878976359963417,
            -0.8493260741233826,
            -0.1320173740386963
        ],
        [
            -0.09054014086723328,
            -0.8501490950584412,
            -0.12920662760734558
        ],
        [
            -0.08856886625289917,
            -0.8462029695510864,
            -0.12765812873840332
        ],
        [
            -0.08691587299108505,
            -0.843366265296936,
            -0.12967362999916077
        ],
        [
            -0.08590777218341827,
            -0.8456331491470337,
            -0.1315569132566452
        ],
        [
            -0.10249870270490646,
            -0.9144631028175354,
            -0.1526770442724228
        ],
        [
            -0.10667934268712997,
            -0.8958404064178467,
            -0.15049326419830322
        ],
        [
            -0.08372342586517334,
            -0.9123916625976562,
            -0.16199752688407898
        ],
        [
            -0.06734195351600647,
            -0.905977725982666,
            -0.16672274470329285
        ],
        [
            -0.05262693762779236,
            -0.8954834938049316,
            -0.1703525334596634
        ],
        [
            -0.04181217402219772,
            -0.7927302718162537,
            -0.15368807315826416
        ],
        [
            -0.03327919542789459,
            -0.7863270044326782,
            -0.1520555019378662
        ],
        [
            -0.02223624289035797,
            -0.797113299369812,
            -0.15593911707401276
        ],
        [
            -0.015845701098442078,
            -0.7885428667068481,
            -0.15189367532730103
        ],
        [
            -0.027831614017486572,
            -0.7776437997817993,
            -0.14812685549259186
        ],
        [
            -0.02572135627269745,
            -0.7593830823898315,
            -0.1331421434879303
        ],
        [
            -0.02531285583972931,
            -0.7680423259735107,
            -0.1419893503189087
        ],
        [
            -0.010418742895126343,
            -0.7797354459762573,
            -0.14568370580673218
        ],
        [
            0.0026336759328842163,
            -0.7961667776107788,
            -0.14958730340003967
        ],
        [
            -0.0054820626974105835,
            -0.8013750314712524,
            -0.15427955985069275
        ],
        [
            0.011284932494163513,
            -0.8149899244308472,
            -0.15047971904277802
        ],
        [
            0.01210322231054306,
            -0.7908828854560852,
            -0.1418764889240265
        ],
        [
            0.017988480627536774,
            -0.8162981271743774,
            -0.14479252696037292
        ],
        [
            0.004874672740697861,
            -0.7568346261978149,
            -0.12532953917980194
        ],
        [
            0.007753010839223862,
            -0.7478101849555969,
            -0.12505565583705902
        ],
        [
            0.022499848157167435,
            -0.7569923996925354,
            -0.1340518295764923
        ],
        [
            0.01951778307557106,
            -0.76661616563797,
            -0.13403305411338806
        ],
        [
            -0.014213323593139648,
            -0.80726158618927,
            -0.1580103039741516
        ],
        [
            -0.03906162083148956,
            -0.8653802871704102,
            -0.16915741562843323
        ],
        [
            -0.05046616494655609,
            -0.8615589141845703,
            -0.16884982585906982
        ],
        [
            -0.030939042568206787,
            -0.854521632194519,
            -0.16851569712162018
        ],
        [
            -0.039485201239585876,
            -0.9288378953933716,
            -0.16759327054023743
        ],
        [
            -0.05533646047115326,
            -0.9190717339515686,
            -0.16855211555957794
        ],
        [
            -0.04241837561130524,
            -0.9067766666412354,
            -0.17134340107440948
        ],
        [
            -0.029359683394432068,
            -0.917417049407959,
            -0.17097365856170654
        ],
        [
            -0.0677972137928009,
            -0.9578006267547607,
            -0.14750327169895172
        ],
        [
            -0.08706019818782806,
            -0.9381396174430847,
            -0.15310370922088623
        ],
        [
            -0.07273288071155548,
            -0.9306899309158325,
            -0.16152417659759521
        ],
        [
            -0.05597519874572754,
            -0.9454652667045593,
            -0.1581367552280426
        ],
        [
            -0.016866222023963928,
            -0.9231975078582764,
            -0.1680862009525299
        ],
        [
            -0.0008999854326248169,
            -0.9304737448692322,
            -0.16248154640197754
        ],
        [
            -0.0008106231689453125,
            -0.9473446607589722,
            -0.1576450616121292
        ],
        [
            -0.021544769406318665,
            -0.9405109882354736,
            -0.16360358893871307
        ],
        [
            -0.004821032285690308,
            -0.968346118927002,
            -0.14556080102920532
        ],
        [
            -0.030356809496879578,
            -0.9607383012771606,
            -0.1527482569217682
        ],
        [
            0.02874033898115158,
            -0.8053557872772217,
            -0.1383240669965744
        ],
        [
            0.027701199054718018,
            -0.8251618146896362,
            -0.13986405730247498
        ],
        [
            0.014303922653198242,
            -0.777202844619751,
            -0.1353493332862854
        ],
        [
            0.02979147434234619,
            -0.7890883684158325,
            -0.13723701238632202
        ],
        [
            -0.011124998331069946,
            -0.984032154083252,
            -0.12811815738677979
        ],
        [
            -0.04116338491439819,
            -0.9756805300712585,
            -0.13730640709400177
        ],
        [
            0.047007471323013306,
            -0.9242059588432312,
            -0.13572384417057037
        ],
        [
            0.034557029604911804,
            -0.9389181137084961,
            -0.14110884070396423
        ],
        [
            0.026874274015426636,
            -0.9219541549682617,
            -0.15180513262748718
