{
    "pred_cam": [
        1.1615875959396362,
        0.045098841190338135,
        0.1637694239616394
    ],
    "pred_smpl_params": {
        "global_orient": [
            [
                [
                    0.9713460803031921,
                    0.23658868670463562,
                    0.022641023620963097
                ],
                [
                    0.23520071804523468,
                    -0.9705795049667358,
                    0.0515361912548542
                ],
                [
                    0.03416779264807701,
                    -0.04473429173231125,
                    -0.9984143972396851
                ]
            ]
        ],
        "body_pose": [
            [
                [
                    0.9974833130836487,
                    -0.07087558507919312,
                    -0.0019170527812093496
                ],
                [
                    0.0691646933555603,
                    0.966745138168335,
                    0.24621152877807617
                ],
                [
                    -0.015597084537148476,
                    -0.24572448432445526,
                    0.9692142605781555
                ]
            ],
            [
                [
                    0.998440682888031,
                    0.05255691707134247,
                    0.01881382241845131
                ],
                [
                    -0.05539548769593239,
                    0.9744535684585571,
                    0.21765001118183136
                ],
                [
                    -0.006894183810800314,
                    -0.21835282444953918,
                    0.9758455157279968
                ]
            ],
            [
                [
                    0.9986699819564819,
                    0.04998750239610672,
                    0.01262691617012024
                ],
                [
                    -0.046091221272945404,
                    0.9753449559211731,
                    -0.21581882238388062
                ],
                [
                    -0.02310384251177311,
                    0.2149498164653778,
                    0.9763517379760742
                ]
            ],
            [
                [
                    0.995529055595398,
                    0.012102054432034492,
                    -0.09367784857749939
                ],
                [
                    -0.07076190412044525,
                    0.7524964213371277,
                    -0.6547839045524597
                ],
                [
                    0.06256798654794693,
                    0.6584851741790771,
                    0.7499884366989136
                ]
            ],
            [
                [
                    0.9932653307914734,
                    -0.05734750255942345,
                    0.10067388415336609
                ],
                [
                    0.10529106855392456,
                    0.80938321352005,
                    -0.577765166759491
                ],
                [
                    -0.048350363969802856,
                    0.5844741463661194,
                    0.8099704384803772
                ]
            ],
            [
                [
                    0.9990395903587341,
                    -0.037600286304950714,
                    0.02249768376350403
                ],
                [
                    0.03751709312200546,
                    0.9992875456809998,
                    0.004108787979930639
                ],
                [
                    -0.02263614535331726,
                    -0.0032607943285256624,
                    0.9997384548187256
                ]
            ],
            [
                [
                    0.9851707816123962,
                    0.07342302054166794,
                    0.1550723761320114
                ],
                [
                    -0.08946730941534042,
                    0.9910423755645752,
                    0.09914935380220413
                ],
                [
                    -0.1464034467935562,
                    -0.11155298352241516,
                    0.982914924621582
                ]
            ],
            [
                [
                    0.9863071441650391,
                    -0.08908231556415558,
                    -0.13878986239433289
                ],
                [
                    0.08710123598575592,
                    0.9959927201271057,
                    -0.02029510959982872
                ],
                [
                    0.14004163444042206,
                    0.007928440347313881,
                    0.9901139140129089
                ]
            ],
            [
                [
                    0.9994636178016663,
                    -0.03270500525832176,
                    -0.0017193123931065202
                ],
                [
                    0.03259865567088127,
                    0.9985116720199585,
                    -0.04372349753975868
                ],
                [
                    0.0031467312946915627,
                    0.04364399239420891,
                    0.9990422129631042
                ]
            ],
            [
                [
                    0.9838979244232178,
                    -0.177176833152771,
                    -0.023521192371845245
                ],
                [
                    0.178679957985878,
                    0.9719075560569763,
                    0.15319673717021942
                ],
                [
                    -0.004282486159354448,
                    -0.15493272244930267,
                    0.9879157543182373
                ]
            ],
            [
                [
                    0.9803406000137329,
                    0.19636984169483185,
                    -0.019264642149209976
                ],
                [
                    -0.18919265270233154,
                    0.9632269144058228,
                    0.19078801572322845
                ],
                [
                    0.05602123215794563,
                    -0.1833925098180771,
                    0.9814421534538269
                ]
            ],
            [
                [
                    0.9482723474502563,
                    -0.043059442192316055,
                    -0.31452441215515137
                ],
                [
                    0.07527975738048553,
                    0.9929997324943542,
                    0.09101899713277817
                ],
                [
                    0.3084034323692322,
                    -0.10998810082674026,
                    0.9448757171630859
                ]
            ],
            [
                [
                    0.9193920493125916,
                    0.390070378780365,
                    -0.05062822997570038
                ],
                [
                    -0.39274218678474426,
                    0.917460560798645,
                    -0.06340150535106659
                ],
                [
                    0.021718351170420647,
                    0.07817468792200089,
                    0.996703028678894
                ]
            ],
            [
                [
                    0.9215282797813416,
                    -0.368580162525177,
                    0.12220548093318939
                ],
                [
                    0.37350526452064514,
                    0.9274262189865112,
                    -0.019350960850715637
                ],
                [
                    -0.10620418190956116,
                    0.06347685307264328,
                    0.9923161268234253
                ]
            ],
            [
                [
                    0.9640475511550903,
                    -0.11422023922204971,
                    -0.23992913961410522
                ],
                [
                    0.08232106268405914,
                    0.9868602752685547,
                    -0.13903264701366425
                ],
                [
                    0.25265687704086304,
                    0.11428286135196686,
                    0.9607829451560974
                ]
            ],
            [
                [
                    0.41740623116493225,
                    0.8559988141059875,
                    -0.3050213158130646
                ],
                [
                    -0.905708372592926,
                    0.4191914200782776,
                    -0.06301508843898773
                ],
                [
                    0.07392147183418274,
                    0.30256325006484985,
                    0.9502584338188171
                ]
            ],
            [
                [
                    0.514537513256073,
                    -0.8003160357475281,
                    0.3078073561191559
                ],
                [
                    0.8506835699081421,
                    0.5215098261833191,
                    -0.06606730073690414
                ],
                [
                    -0.10764983296394348,
                    0.2958407998085022,
                    0.9491520524024963
                ]
            ],
            [
                [
                    0.47049766778945923,
                    -0.3248037099838257,
                    -0.8204477429389954
                ],
                [
                    0.10273516178131104,
                    0.9436300992965698,
                    -0.3146549165248871
                ],
                [
                    0.8764002919197083,
                    0.063755564391613,
                    0.4773445129394531
                ]
            ],
            [
                [
                    0.49951398372650146,
                    0.33265841007232666,
                    0.7998901009559631
                ],
                [
                    -0.0328211709856987,
                    0.9299386739730835,
                    -0.36624693870544434
                ],
                [
                    -0.8656838536262512,
                    0.15669213235378265,
                    0.47543561458587646
                ]
            ],
            [
                [
                    0.9943779110908508,
                    -0.10222239792346954,
                    -0.027625026181340218
                ],
                [
                    0.10345884412527084,
                    0.9934837222099304,
                    0.04781559854745865
                ],
                [
                    0.02255718968808651,
                    -0.050404828041791916,
                    0.9984740614891052
                ]
            ],
            [
                [
                    0.9908393621444702,
                    0.13172626495361328,
                    0.029759494587779045
                ],
                [
                    -0.12988798320293427,
                    0.9898889660835266,
                    -0.056999411433935165
                ],
                [
                    -0.03696691617369652,
                    0.052611857652664185,
                    0.9979305863380432
                ]
            ],
            [
                [
                    0.9639315009117126,
                    0.24495775997638702,
                    -0.10407601296901703
                ],
                [
                    -0.22748279571533203,
                    0.9612718224525452,
                    0.15558962523937225
                ],
                [
                    0.13815821707248688,
                    -0.12630222737789154,
                    0.9823238849639893
                ]
            ],
            [
                [
                    0.9708443880081177,
                    -0.23139871656894684,
                    0.06257647275924683
                ],
                [
                    0.21600544452667236,
                    0.9576913118362427,
                    0.1901814192533493
                ],
                [
                    -0.10393667966127396,
                    -0.17111970484256744,
                    0.9797526001930237
                ]
            ]
        ],
        "betas": [
            -0.03786824643611908,
            0.028194814920425415,
            0.1882903277873993,
            0.36504706740379333,
            0.015127122402191162,
            0.038632575422525406,
            -0.0015799403190612793,
            -0.04722025990486145,
            0.05830596387386322,
            -0.023397177457809448
        ]
    },
    "pred_cam_t": [
        0.045098841190338135,
        0.1637694239616394,
        33.628543853759766
    ],
    "focal_length": [
        5000.0,
        5000.0
    ],
    "pred_keypoints_3d": [
        [
            0.07013657689094543,
            -0.8108764886856079,
            -0.2092108130455017
        ],
        [
            0.12406191229820251,
            -0.7162829637527466,
            -0.04938158765435219
        ],
        [
            -0.0742817297577858,
            -0.6571362614631653,
            -0.036637987941503525
        ],
        [
            -0.1623803973197937,
            -0.4308132529258728,
            0.03376598283648491
        ],
        [
            -0.1322655826807022,
            -0.24437910318374634,
            -0.13562296330928802
        ],
        [
            0.27576905488967896,
            -0.5849675536155701,
            -0.012409173883497715
        ],
        [
            0.2249375283718109,
            -0.35233592987060547,
            0.0905204489827156
        ],
        [
            0.15824835002422333,
            -0.18949942290782928,
            -0.08409710973501205
        ],
        [
            -0.0020680828019976616,
            -0.22710269689559937,
            0.02753347158432007
        ],
        [
            -0.08854994922876358,
            -0.15520283579826355,
            0.03392961248755455
        ],
        [
            -0.23063427209854126,
            0.19395801424980164,
            -0.026520662009716034
        ],
        [
            -0.30346202850341797,
            0.5227137804031372,
            0.1843036413192749
        ],
        [
            0.0428096242249012,
            -0.12249696999788284,
            0.04105725884437561
        ],
        [
            0.018799981102347374,
            0.24391481280326843,
            -0.027994781732559204
        ],
        [
            -0.05967714637517929,
            0.5557423233985901,
            0.20471200346946716
        ],
        [
            0.06384768337011337,
            -0.8574826717376709,
            -0.16895383596420288
        ],
        [
            0.11898587644100189,
            -0.8474675416946411,
            -0.20477181673049927
        ],
        [
            0.07928705215454102,
            -0.8555194139480591,
            -0.06736117601394653
        ],
        [
            0.20306187868118286,
            -0.8319272994995117,
            -0.14477214217185974
        ],
        [
            -0.07283570617437363,
            0.6811928749084473,
            0.05057123303413391
        ],
        [
            -0.007721107453107834,
            0.6803209185600281,
            0.10355907678604126
        ],
        [
            -0.061291709542274475,
            0.563238263130188,
            0.2744289040565491
        ],
        [
            -0.3227277100086212,
            0.6495006680488586,
            0.031942129135131836
        ],
        [
            -0.3909617066383362,
            0.6199769973754883,
            0.07818403840065002
        ],
        [
            -0.3099077641963959,
            0.5364964604377747,
            0.2558332681655884
        ],
        [
            -0.31242066621780396,
            0.46398746967315674,
            0.18594050407409668
        ],
        [
            -0.20965637266635895,
            0.1350092887878418,
            -0.026882976293563843
        ],
        [
            -0.13589808344841003,
            -0.2952697277069092,
            0.03270239010453224
        ],
        [
            0.14223617315292358,
            -0.211231529712677,
            0.057614751160144806
        ],
        [
            0.03523983433842659,
            0.20657950639724731,
            -0.02725086361169815
        ],
        [
            -0.0438406765460968,
            0.5165078639984131,
            0.21128621697425842
        ],
        [
            -0.11192921549081802,
            -0.2761448919773102,
            -0.13746728003025055
        ],
        [
            -0.17758357524871826,
            -0.45186376571655273,
            -0.0012578167952597141
        ],
        [
            -0.033324241638183594,
            -0.6832318902015686,
            -0.03612208738923073
        ],
        [
            0.2518971264362335,
            -0.624671995639801,
            -0.01748359017074108
        ],
        [
            0.2610268294811249,
            -0.3626784682273865,
            0.05254783481359482
        ],
        [
            0.16981811821460724,
            -0.20943406224250793,
            -0.0866507887840271
        ],
        [
            0.12398550659418106,
            -0.7048811912536621,
            -0.05438495799899101
        ],
        [
            0.14024293422698975,
            -0.8950026631355286,
            -0.1276548206806183
        ],
        [
            0.0038437016773968935,
            -0.25310018658638,
            0.04506409168243408
        ],
        [
            0.10838524997234344,
            -0.6518331170082092,
            -0.030245333909988403
        ],
        [
            0.06903766840696335,
            -0.488575279712677,
            0.02395077422261238
        ],
        [
            0.11351941525936127,
            -0.7859546542167664,
            -0.14631560444831848
        ],
        [
            0.14229002594947815,
            -0.9151835441589355,
            -0.11969608068466187
        ]
    ],
    "pred_vertices": [
        [
            0.1343613564968109,
            -0.8910715579986572,
            -0.21685247123241425
        ],
        [
            0.12444186210632324,
            -0.8776794672012329,
            -0.2176169753074646
        ],
        [
            0.13800543546676636,
            -0.8728755712509155,
            -0.215715691447258
        ],
        [
            0.14897090196609497,
            -0.8829206228256226,
            -0.21155473589897156
        ],
        [
            0.1306290328502655,
            -0.8644022941589355,
            -0.21688541769981384
        ],
        [
            0.11856184899806976,
            -0.867348313331604,
            -0.2175457775592804
        ],
        [
            0.14864569902420044,
            -0.8661997318267822,
            -0.20944958925247192
        ],
        [
            0.15917366743087769,
            -0.8724818229675293,
            -0.2040642648935318
        ],
        [
            0.15506210923194885,
            -0.8308819532394409,
            -0.1980789303779602
        ],
        [
            0.16279299557209015,
            -0.8260141611099243,
            -0.19131247699260712
        ],
        [
            0.16378355026245117,
            -0.8376662731170654,
            -0.19450852274894714
        ],
        [
            0.1548997163772583,
            -0.8396924734115601,
            -0.19958043098449707
        ],
        [
            0.1537117213010788,
            -0.8052442073822021,
            -0.19117426872253418
        ],
        [
            0.14308607578277588,
            -0.7968170642852783,
            -0.19410103559494019
        ],
        [
            0.1493605226278305,
            -0.7877916097640991,
            -0.1856905221939087
        ],
        [
            0.15927603840827942,
            -0.7959414720535278,
            -0.18157875537872314
        ],
        [
            0.10415984690189362,
            -0.8152222633361816,
            -0.1995546966791153
        ],
        [
            0.10885914415121078,
            -0.8077519536018372,
            -0.20084752142429352
        ],
        [
            0.11320173740386963,
            -0.8138202428817749,
            -0.20284980535507202
        ],
        [
            0.10799895226955414,
            -0.8205749988555908,
            -0.20087355375289917
        ],
        [
            0.09421084076166153,
            -0.8261213898658752,
            -0.20101989805698395
        ],
        [
            0.0974438413977623,
            -0.8315011858940125,
            -0.19930590689182281
        ],
        [
            0.0911564975976944,
            -0.8358907103538513,
            -0.20158374309539795
        ],
        [
            0.08804827928543091,
            -0.8296291828155518,
            -0.20464655756950378
        ],
        [
            0.09894002228975296,
            -0.8108954429626465,
            -0.1961747258901596
        ],
        [
            0.10423589497804642,
            -0.8030941486358643,
            -0.19741646945476532
        ],
        [
            0.09986336529254913,
            -0.8215959072113037,
            -0.19896887242794037
        ],
        [
            0.09673401713371277,
            -0.8173941373825073,
            -0.1994803547859192
        ],
        [
            0.08819767832756042,
            -0.8115190267562866,
            -0.20613479614257812
        ],
        [
            0.09076175093650818,
            -0.8159691095352173,
            -0.2061302363872528
        ],
        [
            0.08432064205408096,
            -0.8174580335617065,
            -0.2103985697031021
        ],
        [
            0.08303692936897278,
            -0.8122644424438477,
            -0.20857706665992737
        ],
        [
            0.09518036246299744,
            -0.8108005523681641,
            -0.1994933784008026
        ],
        [
            0.09447313100099564,
            -0.8134864568710327,
            -0.2024911642074585
        ],
        [
            0.09081869572401047,
            -0.8101049065589905,
            -0.20287811756134033
        ],
        [
            0.09114303439855576,
            -0.8083267211914062,
            -0.19917604327201843
        ],
        [
            0.09162092953920364,
            -0.821994423866272,
            -0.2027081847190857
        ],
        [
            0.08577122539281845,
            -0.8240785598754883,
            -0.207401305437088
        ],
        [
            0.07895919680595398,
            -0.8259244561195374,
            -0.21172186732292175
        ],
        [
            0.0772148072719574,
            -0.8174451589584351,
            -0.21417078375816345
        ],
        [
            0.12059898674488068,
            -0.79265296459198,
            -0.19866114854812622
        ],
        [
            0.11442336440086365,
            -0.8002843260765076,
            -0.2009541094303131
        ],
        [
            0.1096096858382225,
            -0.7961171865463257,
            -0.19804257154464722
        ],
        [
            0.11478346586227417,
            -0.7899494767189026,
            -0.19709685444831848
        ],
        [
            0.09380601346492767,
            -0.8050158023834229,
            -0.19653663039207458
        ],
        [
            0.0957813486456871,
            -0.7885503768920898,
            -0.19643118977546692
        ],
        [
            0.09615986049175262,
            -0.7922708988189697,
            -0.19740030169487
        ],
        [
            0.08901503682136536,
            -0.7939342260360718,
            -0.1979079693555832
        ],
        [
            0.0892963856458664,
            -0.7903587818145752,
            -0.19722998142242432
        ],
        [
            0.12815818190574646,
            -0.7778880596160889,
            -0.19122964143753052
        ],
        [
            0.12085308134555817,
            -0.7775354981422424,
            -0.19248133897781372
        ],
        [
            0.12211170792579651,
            -0.7706373929977417,
            -0.18931511044502258
        ],
        [
            0.12954220175743103,
            -0.7697507739067078,
            -0.18644584715366364
        ],
        [
            0.12059895694255829,
            -0.7650461196899414,
            -0.18649831414222717
        ],
        [
            0.12978707253932953,
            -0.7620896100997925,
            -0.18185535073280334
        ],
        [
            0.12097179889678955,
            -0.7495907545089722,
            -0.17562910914421082
        ],
        [
            0.12564100325107574,
            -0.7549607753753662,
            -0.17837494611740112
        ],
        [
            0.11668946593999863,
            -0.7600462436676025,
            -0.18430349230766296
        ],
        [
            0.1101011410355568,
            -0.7557888031005859,
            -0.18385708332061768
        ],
        [
            0.09519393742084503,
            -0.7622591257095337,
            -0.18619121611118317
        ],
        [
            0.08859474956989288,
            -0.7617576718330383,
            -0.1856624186038971
        ],
        [
            0.09294314682483673,
            -0.7490535974502563,
            -0.1844308078289032
        ],
        [
            0.10110211372375488,
            -0.7515367269515991,
            -0.1843651682138443
        ],
        [
            0.09718586504459381,
            -0.783035397529602,
            -0.1915515959262848
        ],
        [
            0.10199758410453796,
            -0.7826366424560547,
            -0.1909618228673935
        ],
        [
            0.10114581882953644,
            -0.7839469909667969,
            -0.19328656792640686
        ],
        [
            0.09602100402116776,
            -0.7855173349380493,
            -0.19436798989772797
        ],
        [
            0.10596734285354614,
            -0.7818629145622253,
            -0.19102975726127625
        ],
        [
            0.10770495235919952,
            -0.7814055681228638,
            -0.1911284625530243
        ],
        [
            0.10698899626731873,
            -0.7826640009880066,
            -0.19227203726768494
        ],
        [
            0.10545998811721802,
            -0.7827481031417847,
            -0.1915966123342514
        ],
        [
            0.10348817706108093,
            -0.78267502784729,
            -0.19115066528320312
        ],
        [
            0.10231626033782959,
            -0.7808828353881836,
            -0.19076235592365265
        ],
        [
            0.10496065020561218,
            -0.7811791896820068,
            -0.19093641638755798
        ],
        [
            0.09779022634029388,
            -0.7804793119430542,
            -0.1913965791463852
        ],
        [
            0.0830395370721817,
            -0.7796472311019897,
            -0.19217151403427124
        ],
        [
            0.08699820190668106,
            -0.7796542644500732,
            -0.19266389310359955
        ],
        [
            0.08651351928710938,
            -0.784347653388977,
            -0.1917915940284729
        ],
        [
            0.08321528136730194,
            -0.7846208810806274,
            -0.191424161195755
        ],
        [
            0.10477525740861893,
            -0.7847853899002075,
            -0.19338294863700867
        ],
        [
            0.10732273757457733,
            -0.7858400940895081,
            -0.19436118006706238
        ],
        [
            0.10255187749862671,
            -0.788948118686676,
            -0.1960386484861374
        ],
        [
            0.10167907178401947,
            -0.786459743976593,
            -0.19446858763694763
        ],
        [
            0.10984860360622406,
            -0.7873203158378601,
            -0.19584012031555176
        ],
        [
            0.10933122038841248,
            -0.783520519733429,
            -0.19302202761173248
        ],
        [
            0.11257027089595795,
            -0.7836487293243408,
            -0.19418099522590637
        ],
        [
            0.10714760422706604,
            -0.779693603515625,
            -0.19063925743103027
        ],
        [
            0.11005458980798721,
            -0.7776138782501221,
            -0.1904679387807846
        ],
        [
            0.11020588874816895,
            -0.7801339626312256,
            -0.19195520877838135
        ],
        [
            0.10793115198612213,
            -0.7747045755386353,
            -0.1893273890018463
        ],
        [
            0.1043756753206253,
            -0.778164267539978,
            -0.1900976151227951
        ],
        [
            0.09981740266084671,
            -0.7767765522003174,
            -0.19052964448928833
        ],
        [
            0.09395492076873779,
            -0.7757140398025513,
            -0.19119395315647125
        ],
        [
            0.097239188849926,
            -0.770660400390625,
            -0.18904675543308258
        ],
        [
            0.10334621369838715,
            -0.7723088264465332,
            -0.18900777399539948
        ],
        [
            0.10517483204603195,
            -0.7924356460571289,
            -0.19702966511249542
        ],
        [
            0.11474455893039703,
            -0.7788777947425842,
            -0.19227959215641022
        ],
        [
            0.11834003776311874,
            -0.7846744656562805,
            -0.19485479593276978
        ],
        [
            0.11487296223640442,
            -0.7741472125053406,
            -0.19053295254707336
        ],
        [
            0.11302429437637329,
            -0.770025908946991,
            -0.1885172426700592
        ],
        [
            0.10892866551876068,
            -0.7664552927017212,
            -0.1871517300605774
        ],
        [
            0.10210400819778442,
            -0.7640911340713501,
            -0.1866413652896881
        ],
        [
            0.10040701925754547,
            -0.7407511472702026,
            -0.17423143982887268
        ],
        [
            0.11018817871809006,
            -0.7443267107009888,
            -0.17524513602256775
        ],
        [
            0.11715589463710785,
            -0.8604689836502075,
            -0.2129560112953186
        ],
        [
            0.1260099709033966,
            -0.8583390712738037,
            -0.21473917365074158
        ],
        [
            0.1279401183128357,
            -0.8510428071022034,
            -0.20953503251075745
        ],
        [
            0.12964500486850739,
            -0.8531427383422852,
            -0.21053504943847656
        ],
        [
            0.12374258041381836,
            -0.8550242781639099,
            -0.21119652688503265
        ],
        [
            0.12331078946590424,
            -0.852353036403656,
            -0.20990777015686035
        ],
        [
            0.14652569591999054,
            -0.8425531387329102,
            -0.20194746553897858
        ],
        [
            0.14018121361732483,
            -0.8448297381401062,
            -0.20389458537101746
        ],
        [
            0.14096127450466156,
            -0.8410471081733704,
            -0.20229743421077728
        ],
        [
            0.14769113063812256,
            -0.8357464075088501,
            -0.2012288123369217
        ],
        [
            0.13002629578113556,
            -0.8343585729598999,
            -0.2035045623779297
        ],
        [
            0.13562922179698944,
            -0.8351056575775146,
            -0.20295405387878418
        ],
        [
            0.131488636136055,
            -0.8421937227249146,
            -0.2045007199048996
        ],
        [
            0.12743672728538513,
            -0.8416407108306885,
            -0.20496752858161926
        ],
        [
            0.12310698628425598,
            -0.8416855931282043,
            -0.20484191179275513
        ],
        [
            0.11890348792076111,
            -0.842228353023529,
            -0.20394276082515717
        ],
        [
            0.11877058446407318,
            -0.837054431438446,
            -0.2026677429676056
        ],
        [
            0.12400758266448975,
            -0.8353738188743591,
            -0.20341628789901733
        ],
        [
            0.11736086010932922,
            -0.8571791648864746,
            -0.20930901169776917
        ],
        [
            0.11130163818597794,
            -0.8575167059898376,
            -0.2054850459098816
        ],
        [
            0.11239411681890488,
            -0.8544584512710571,
            -0.20511002838611603
        ],
        [
            0.11738511174917221,
            -0.8539636135101318,
            -0.20869873464107513
        ],
        [
            0.10558740794658661,
            -0.8501683473587036,
            -0.1946253478527069
        ],
        [
            0.10637003928422928,
            -0.8523258566856384,
            -0.19653911888599396
        ],
        [
            0.1028725653886795,
            -0.8542026877403259,
            -0.1960209757089615
        ],
        [
            0.10203608870506287,
            -0.8499617576599121,
            -0.19416192173957825
        ],
        [
            0.10361506789922714,
            -0.8465993404388428,
            -0.19492140412330627
        ],
        [
            0.10624367743730545,
            -0.8482515811920166,
            -0.19541528820991516
        ],
        [
            0.12989604473114014,
            -0.9139628410339355,
            -0.2141667902469635
        ],
        [
            0.11965426802635193,
            -0.8975428342819214,
            -0.2171872854232788
        ],
        [
            0.14854909479618073,
            -0.9051213264465332,
            -0.21027639508247375
        ],
        [
            0.1611361801624298,
            -0.8939027786254883,
            -0.2035403847694397
        ],
        [
            0.17081572115421295,
            -0.8797564506530762,
            -0.19709599018096924
        ],
        [
            0.13827908039093018,
            -0.781458854675293,
            -0.1889282464981079
        ],
        [
            0.14179885387420654,
            -0.772637665271759,
            -0.18260551989078522
        ],
        [
            0.15507979691028595,
            -0.7795084714889526,
            -0.17700214684009552
        ],
        [
            0.15514123439788818,
            -0.7697739601135254,
            -0.16942372918128967
        ],
        [
            0.14158090949058533,
            -0.7629485130310059,
            -0.1762600839138031
        ],
        [
            0.13051998615264893,
            -0.747306227684021,
            -0.1640005260705948
        ],
        [
            0.1377582848072052,
            -0.7539439797401428,
            -0.16980260610580444
        ],
        [
            0.15290823578834534,
            -0.7613097429275513,
            -0.1594805270433426
        ],
        [
            0.16742633283138275,
            -0.7734816074371338,
            -0.15153469145298004
        ],
        [
            0.1669926792383194,
            -0.7794471979141235,
            -0.16297075152397156
        ],
        [
            0.17853492498397827,
            -0.7889328002929688,
            -0.14494052529335022
        ],
        [
            0.16931872069835663,
            -0.7673375606536865,
            -0.13637027144432068
        ],
        [
            0.18088676035404205,
            -0.7885737419128418,
            -0.13530942797660828
        ],
        [
            0.15410035848617554,
            -0.7316809296607971,
            -0.12394562363624573
        ],
        [
            0.15734833478927612,
            -0.7202750444412231,
            -0.11655785143375397
        ],
        [
            0.17145022749900818,
            -0.727328360080719,
            -0.10782244801521301
        ],
        [
            0.17001929879188538,
            -0.73811936378479,
            -0.11648540943861008
        ],
        [
            0.16444028913974762,
            -0.7869163751602173,
            -0.17227889597415924
        ],
        [
            0.17044228315353394,
            -0.8481324911117554,
            -0.1899787187576294
        ],
        [
            0.16090722382068634,
            -0.8479548096656799,
            -0.19804874062538147
        ],
        [
            0.17261546850204468,
            -0.8355447053909302,
            -0.18601906299591064
        ],
        [
            0.1887323260307312,
            -0.9075721502304077,
            -0.18393060564994812
        ],
        [
            0.17507465183734894,
            -0.9025436639785767,
            -0.19614173471927643
        ],
        [
            0.1825706511735916,
            -0.886812686920166,
            -0.1909700334072113
        ],
        [
            0.19496500492095947,
            -0.8935129642486572,
            -0.1806066334247589
        ],
        [
            0.16423168778419495,
            -0.9453763365745544,
            -0.1830655336380005
        ],
        [
            0.14803874492645264,
            -0.9321250915527344,
            -0.20141321420669556
        ],
        [
            0.1610569953918457,
            -0.9190409183502197,
            -0.19914644956588745
        ],
        [
            0.1756783127784729,
            -0.9289626479148865,
            -0.18524019420146942
        ],
        [
            0.20317202806472778,
            -0.8955669403076172,
            -0.1702176183462143
        ],
        [
            0.21348755061626434,
            -0.8979355096817017,
            -0.15468403697013855
        ],
        [
            0.2149801254272461,
            -0.9149973392486572,
            -0.149415522813797
        ],
        [
            0.2019314169883728,
            -0.913899302482605,
            -0.16792112588882446
        ],
        [
            0.20993736386299133,
            -0.9369570016860962,
            -0.14062431454658508
        ],
        [
            0.19438941776752472,
            -0.9362398386001587,
            -0.16309134662151337
        ],
        [
            0.18330919742584229,
            -0.7759500741958618,
            -0.12083622813224792
        ],
        [
            0.1876639425754547,
            -0.7940754890441895,
            -0.12461784482002258
        ],
        [
            0.16754084825515747,
            -0.751692533493042,
            -0.12662647664546967
        ],
        [
            0.1806844025850296,
            -0.7599398493766785,
            -0.11500276625156403
        ],
        [
            0.1985153704881668,
            -0.9552921652793884,
            -0.12952300906181335
        ],
        [
            0.18129608035087585,
            -0.9553861618041992,
            -0.15702486038208008
        ],
        [
            0.22655272483825684,
            -0.8817785978317261,
            -0.10355732589960098
        ],
        [
            0.22705623507499695,
            -0.898197591304779,
            -0.11492064595222473
        ],
        [
            0.22260725498199463,
            -0.883412778377533,
            -0.12932126224040985
        ],
        [
            0.22348839044570923,
            -0.8701118230819702,
            -0.11681313812732697
        ],
        [
            0.22573739290237427,
            -0.89393150806427,
