{
    "pred_cam": [
        1.4617681503295898,
        0.09235648065805435,
        0.33427712321281433
    ],
    "pred_smpl_params": {
        "global_orient": [
            [
                [
                    -0.3265938460826874,
                    0.1817653626203537,
                    -0.9275224804878235
                ],
                [
                    0.29478099942207336,
                    -0.9127970337867737,
                    -0.28267621994018555
                ],
                [
                    -0.8980203866958618,
                    -0.3657362759113312,
                    0.24453291296958923
                ]
            ]
        ],
        "body_pose": [
            [
                [
                    0.9847854971885681,
                    0.15322406589984894,
                    0.08197511732578278
                ],
                [
                    -0.1642112284898758,
                    0.9748738408088684,
                    0.1505175232887268
                ],
                [
                    -0.05685250088572502,
                    -0.16168871521949768,
                    0.9852027297019958
                ]
            ],
            [
                [
                    0.9748952388763428,
                    0.19771850109100342,
                    -0.10240468382835388
                ],
                [
                    -0.19966186583042145,
                    0.9798235893249512,
                    -0.008985108695924282
                ],
                [
                    0.09856201708316803,
                    0.029205849394202232,
                    0.9947022199630737
                ]
            ],
            [
                [
                    0.9901946783065796,
                    -0.1165512204170227,
                    0.07700840383768082
                ],
                [
                    0.127752423286438,
                    0.9785416722297668,
                    -0.1616646647453308
                ],
                [
                    -0.056513722985982895,
                    0.1699175089597702,
                    0.9838364720344543
                ]
            ],
            [
                [
                    0.9598234295845032,
                    0.24351617693901062,
                    0.13942360877990723
                ],
                [
                    -0.21895831823349,
                    0.9607043266296387,
                    -0.17060056328773499
                ],
                [
                    -0.17548885941505432,
                    0.133218452334404,
                    0.975426435470581
                ]
            ],
            [
                [
                    0.9933784008026123,
                    0.08791529387235641,
                    0.07396069914102554
                ],
                [
                    -0.09047197550535202,
                    0.9953862428665161,
                    0.03195223584771156
                ],
                [
                    -0.07081037759780884,
                    -0.038432031869888306,
                    0.9967490434646606
                ]
            ],
            [
                [
                    0.9960099458694458,
                    -0.06503981351852417,
                    0.06110553815960884
                ],
                [
                    0.06750263273715973,
                    0.9969509840011597,
                    -0.03914199396967888
                ],
                [
                    -0.05837344378232956,
                    0.04311060532927513,
                    0.9973634481430054
                ]
            ],
            [
                [
                    0.9930216073989868,
                    0.01281309500336647,
                    0.11723487824201584
                ],
                [
                    -0.014849538914859295,
                    0.9997533559799194,
                    0.016513526439666748
                ],
                [
                    -0.11699437350034714,
                    -0.018139168620109558,
                    0.9929669499397278
                ]
            ],
            [
                [
                    0.987043559551239,
                    -0.044879890978336334,
                    -0.15404824912548065
                ],
                [
                    0.043497782200574875,
                    0.9989774227142334,
                    -0.012332437559962273
                ],
                [
                    0.15444420278072357,
                    0.005471894983202219,
                    0.9879863858222961
                ]
            ],
            [
                [
                    0.997588038444519,
                    -0.015305640175938606,
                    0.06770388782024384
                ],
                [
                    0.02042069099843502,
                    0.9969355463981628,
                    -0.07551570981740952
                ],
                [
                    -0.06634058803319931,
                    0.07671613246202469,
                    0.9948435425758362
                ]
            ],
            [
                [
                    0.9921827912330627,
                    -0.0813920795917511,
                    0.09459738433361053
                ],
                [
                    0.08222398906946182,
                    0.9966017007827759,
                    -0.004923560190945864
                ],
                [
                    -0.09387517720460892,
                    0.012663247063755989,
                    0.9955034255981445
                ]
            ],
            [
                [
                    0.9956599473953247,
                    0.08734309673309326,
                    -0.03213273733854294
                ],
                [
                    -0.08524631708860397,
                    0.9944489598274231,
                    0.061678893864154816
                ],
                [
                    0.03734159469604492,
                    -0.05867200344800949,
                    0.9975786805152893
                ]
            ],
            [
                [
                    0.9854623675346375,
                    -0.0814627930521965,
                    0.1490897536277771
                ],
                [
                    0.09038709104061127,
                    0.9944369792938232,
                    -0.05408456549048424
                ],
                [
                    -0.14385449886322021,
                    0.06677409261465073,
                    0.987343430519104
                ]
            ],
            [
                [
                    0.9142940640449524,
                    0.3997424840927124,
                    -0.06536306440830231
                ],
                [
                    -0.40005752444267273,
                    0.9164481163024902,
                    0.008766397833824158
                ],
                [
                    0.06340615451335907,
                    0.018133921548724174,
                    0.9978230595588684
                ]
            ],
            [
                [
                    0.8975170850753784,
                    -0.3886255919933319,
                    0.20840658247470856
                ],
                [
                    0.391059547662735,
                    0.9198384284973145,
                    0.031141357496380806
                ],
                [
                    -0.203802689909935,
                    0.05354949086904526,
                    0.9775464534759521
                ]
            ],
            [
                [
                    0.9938991665840149,
                    0.043184179812669754,
                    0.10148750245571136
                ],
                [
                    0.0004611999320331961,
                    0.9185258150100708,
                    -0.39536067843437195
                ],
                [
                    -0.1102922186255455,
                    0.3929953873157501,
                    0.9129021167755127
                ]
            ],
            [
                [
                    0.5465622544288635,
                    0.7630606293678284,
                    -0.34497538208961487
                ],
                [
                    -0.8201347589492798,
                    0.5710153579711914,
                    -0.03633686527609825
                ],
                [
                    0.16925904154777527,
                    0.3027866780757904,
                    0.9379079937934875
                ]
            ],
            [
                [
                    0.5143707990646362,
                    -0.6886275410652161,
                    0.5110917687416077
                ],
                [
                    0.7858884334564209,
                    0.617043673992157,
                    0.04045302793383598
                ],
                [
                    -0.3432230055332184,
                    0.38085323572158813,
                    0.8585736751556396
                ]
            ],
            [
                [
                    0.21423594653606415,
                    -0.3065303564071655,
                    -0.9274384379386902
                ],
                [
                    -0.004683260340243578,
                    0.9491503834724426,
                    -0.31478822231292725
                ],
                [
                    0.9767706990242004,
                    0.07178238034248352,
                    0.20190657675266266
                ]
            ],
            [
                [
                    0.1508573740720749,
                    0.29023823142051697,
                    0.9449887871742249
                ],
                [
                    -0.005090081132948399,
                    0.9561442732810974,
                    -0.29285189509391785
                ],
                [
                    -0.9885424375534058,
                    0.03936879709362984,
                    0.1457187533378601
                ]
            ],
            [
                [
                    0.9867090582847595,
                    -0.1289312243461609,
                    -0.09890325367450714
                ],
                [
                    0.1404183954000473,
                    0.9828358292579651,
                    0.11965098977088928
                ],
                [
                    0.08177891373634338,
                    -0.1319485604763031,
                    0.9878773093223572
                ]
            ],
            [
                [
                    0.9832930564880371,
                    0.13563302159309387,
                    0.12140187621116638
                ],
                [
                    -0.14819225668907166,
                    0.9837678074836731,
                    0.10119292140007019
                ],
                [
                    -0.10570614784955978,
                    -0.11749311536550522,
                    0.9874318242073059
                ]
            ],
            [
                [
                    0.9753140807151794,
                    0.2033265382051468,
                    -0.08614394068717957
                ],
                [
                    -0.19131582975387573,
                    0.9728567600250244,
                    0.1301843374967575
                ],
                [
                    0.11027564853429794,
                    -0.11048991233110428,
                    0.9877404570579529
                ]
            ],
            [
                [
                    0.9761067032814026,
                    -0.2069907784461975,
                    0.06611063331365585
                ],
                [
                    0.19618281722068787,
                    0.9703132510185242,
                    0.1414373219013214
                ],
                [
                    -0.0934242382645607,
                    -0.1250881403684616,
                    0.9877372980117798
                ]
            ]
        ],
        "betas": [
            -0.22098836302757263,
            -0.25572457909584045,
            0.41014692187309265,
            0.8153042197227478,
            0.27410686016082764,
            -0.0019312463700771332,
            -0.08464905619621277,
            -0.029261082410812378,
            0.06086958944797516,
            -0.06155693531036377
        ]
    },
    "pred_cam_t": [
        0.09235648065805435,
        0.33427712321281433,
        26.722774505615234
    ],
    "focal_length": [
        5000.0,
        5000.0
    ],
    "pred_keypoints_3d": [
        [
            -0.11355859786272049,
            -0.7947548627853394,
            -0.10153910517692566
        ],
        [
            0.060864344239234924,
            -0.7285020351409912,
            -0.0814766064286232
        ],
        [
            0.06970508396625519,
            -0.6440384387969971,
            0.11035658419132233
        ],
        [
            0.006328269839286804,
            -0.41211920976638794,
            0.1704866886138916
        ],
        [
            -0.2118571698665619,
            -0.42079782485961914,
            0.05259814113378525
        ],
        [
            0.03668516129255295,
            -0.6057834625244141,
            -0.2449549436569214
        ],
        [
            0.022819096222519875,
            -0.35234788060188293,
            -0.25560078024864197
        ],
        [
            -0.19377656280994415,
            -0.33491963148117065,
            -0.14762914180755615
        ],
        [
            -0.0020936760120093822,
            -0.23128588497638702,
            0.028367185965180397
        ],
        [
            0.007417203392833471,
            -0.16732099652290344,
            0.12100575864315033
        ],
        [
            -0.0008523822762072086,
            0.13200461864471436,
            0.3417883515357971
        ],
        [
            0.0005799136124551296,
            0.4561057686805725,
            0.5522559881210327
        ],
        [
            -0.03508950397372246,
            -0.1254192739725113,
            -0.0019440148025751114
        ],
        [
            -0.14111918210983276,
            0.18038220703601837,
            0.16374646127223969
        ],
        [
            -0.123676598072052,
            0.4505656957626343,
            0.4388082027435303
        ],
        [
            -0.09995060414075851,
            -0.8434492349624634,
            -0.06615830957889557
        ],
        [
            -0.09318321943283081,
            -0.8435226678848267,
            -0.13244414329528809
        ],
        [
            -0.010422959923744202,
            -0.8630022406578064,
            -0.013837814331054688
        ],
        [
            0.003273874521255493,
            -0.8628804683685303,
            -0.16252990067005157
        ],
        [
            -0.318925678730011,
            0.46995842456817627,
            0.4800046682357788
        ],
        [
            -0.2741941213607788,
            0.521842360496521,
            0.432853639125824
        ],
        [
            -0.0690583735704422,
            0.48299169540405273,
            0.45757153630256653
        ],
        [
            -0.17301905155181885,
            0.4336584508419037,
            0.6431972980499268
        ],
        [
            -0.09709670394659042,
            0.4165945053100586,
            0.6855974197387695
        ],
        [
            0.04684864729642868,
            0.5086003541946411,
            0.5578988790512085
        ],
        [
            0.03781307861208916,
            0.4137551188468933,
            0.5297216176986694
        ],
        [
            0.0018335613422095776,
            0.07791231572628021,
            0.30284935235977173
        ],
        [
            0.05724702030420303,
            -0.3022470474243164,
            0.14386458694934845
        ],
        [
            -0.024450961500406265,
            -0.19477587938308716,
            -0.11644084751605988
        ],
        [
            -0.1336289495229721,
            0.15068280696868896,
            0.1309131234884262
        ],
        [
            -0.09856031835079193,
            0.4344055652618408,
            0.40614786744117737
        ],
        [
            -0.18545636534690857,
            -0.45087873935699463,
            0.050740741193294525
        ],
        [
            -0.015477201901376247,
            -0.447013258934021,
            0.18733271956443787
        ],
        [
            0.06809546053409576,
            -0.67406165599823,
            0.07169520854949951
        ],
        [
            0.04766320064663887,
            -0.6423419117927551,
            -0.22319906949996948
        ],
        [
            -0.008763911202549934,
            -0.3866870701313019,
            -0.282694935798645
        ],
        [
            -0.18521885573863983,
            -0.35433289408683777,
            -0.16055741906166077
        ],
        [
            0.052354760468006134,
            -0.7155550718307495,
            -0.08265379071235657
        ],
        [
            -0.03656265512108803,
            -0.9080392718315125,
            -0.09451314806938171
        ],
        [
            0.016269788146018982,
            -0.24906547367572784,
            0.012715615332126617
        ],
        [
            0.0560496486723423,
            -0.6560693979263306,
            -0.07326178252696991
        ],
        [
            0.06616416573524475,
            -0.4844720959663391,
            -0.052421703934669495
        ],
        [
            -0.033293887972831726,
            -0.7929621338844299,
            -0.09732168912887573
        ],
        [
            -0.035441942512989044,
            -0.9279834032058716,
            -0.09064503014087677
        ]
    ],
    "pred_vertices": [
        [
            -0.10872890055179596,
            -0.8882201313972473,
            -0.14670775830745697
        ],
        [
            -0.1110389307141304,
            -0.8721321821212769,
            -0.14093387126922607
        ],
        [
            -0.09993264079093933,
            -0.8717148303985596,
            -0.15068665146827698
        ],
        [
            -0.0938621312379837,
            -0.8846827745437622,
            -0.1554279327392578
        ],
        [
            -0.10271497815847397,
            -0.8610557317733765,
            -0.1468491107225418
        ],
        [
            -0.11042483150959015,
            -0.8602964878082275,
            -0.1378200650215149
        ],
        [
            -0.08727127313613892,
            -0.8688160181045532,
            -0.15613867342472076
        ],
        [
            -0.07918500900268555,
            -0.8787274360656738,
            -0.16035708785057068
        ],
        [
            -0.06396235525608063,
            -0.8386488556861877,
            -0.15859895944595337
        ],
        [
            -0.053165555000305176,
            -0.8372918367385864,
            -0.16148069500923157
        ],
        [
            -0.05875459313392639,
            -0.8484499454498291,
            -0.16208738088607788
        ],
        [
            -0.06799811124801636,
            -0.8469222187995911,
            -0.15791474282741547
        ],
        [
            -0.05260777473449707,
            -0.8154355883598328,
            -0.1556568741798401
        ],
        [
            -0.05813426524400711,
            -0.8039743900299072,
            -0.1499999761581421
        ],
        [
            -0.045946359634399414,
            -0.7984211444854736,
            -0.15077555179595947
        ],
        [
            -0.03936111927032471,
            -0.8096202611923218,
            -0.15509933233261108
        ],
        [
            -0.0883389413356781,
            -0.8098388910293579,
            -0.12115748226642609
        ],
        [
            -0.08475850522518158,
            -0.8038691282272339,
            -0.12631648778915405
        ],
        [
            -0.08577726036310196,
            -0.8104686737060547,
            -0.13038024306297302
        ],
        [
            -0.0888471007347107,
            -0.8157618641853333,
            -0.12449544668197632
        ],
        [
            -0.09816797822713852,
            -0.8171800374984741,
            -0.1134420856833458
        ],
        [
            -0.09669285267591476,
            -0.8234244585037231,
            -0.11436119675636292
        ],
        [
            -0.10327689349651337,
            -0.8254827260971069,
            -0.11041664332151413
        ],
        [
            -0.10544300824403763,
            -0.8182986974716187,
            -0.11047957837581635
        ],
        [
            -0.0871414765715599,
            -0.804897665977478,
            -0.11555086076259613
        ],
        [
            -0.08303310722112656,
            -0.7988747954368591,
            -0.12095119059085846
        ],
        [
            -0.09199860692024231,
            -0.814756453037262,
            -0.11698391288518906
        ],
        [
            -0.09286537766456604,
            -0.8098569512367249,
            -0.1153162494301796
        ],
        [
            -0.10122255980968475,
            -0.8009254336357117,
            -0.11351881921291351
        ],
        [
            -0.10108475387096405,
            -0.805844783782959,
            -0.11505578458309174
        ],
        [
            -0.1083650141954422,
            -0.8047609329223633,
            -0.11277242749929428
        ],
        [
            -0.10622846335172653,
            -0.7997153997421265,
            -0.11109868437051773
        ],
        [
            -0.09173958003520966,
            -0.8029706478118896,
            -0.11531133204698563
        ],
        [
            -0.09525588899850845,
            -0.8049659729003906,
            -0.1162862479686737
        ],
        [
            -0.09663770347833633,
            -0.8007097840309143,
            -0.11400283128023148
        ],
        [
            -0.0930565893650055,
            -0.7996867299079895,
            -0.111959308385849
        ],
        [
            -0.09944987297058105,
            -0.8121964335441589,
            -0.11316346377134323
        ],
        [
            -0.10709784924983978,
            -0.8118939995765686,
            -0.11132767796516418
        ],
        [
            -0.11473105847835541,
            -0.8110830187797546,
            -0.10834656655788422
        ],
        [
            -0.11534599214792252,
            -0.8021929264068604,
            -0.10926920175552368
        ],
        [
            -0.07284389436244965,
            -0.7930036783218384,
            -0.1356983780860901
        ],
        [
            -0.07972897589206696,
            -0.7981374263763428,
            -0.13184532523155212
        ],
        [
            -0.07881444692611694,
            -0.7936825752258301,
            -0.12628516554832458
        ],
        [
            -0.07374390214681625,
            -0.7893623113632202,
            -0.13034042716026306
        ],
        [
            -0.08867280185222626,
            -0.7978187799453735,
            -0.11242454499006271
        ],
        [
            -0.08330189436674118,
            -0.7829525470733643,
            -0.115274578332901
        ],
        [
            -0.08466280251741409,
            -0.7864638566970825,
            -0.11577990651130676
        ],
        [
            -0.08948076516389847,
            -0.786018967628479,
            -0.11039154976606369
        ],
        [
            -0.0879647508263588,
            -0.782800555229187,
            -0.11050817370414734
        ],
        [
            -0.059166520833969116,
            -0.7823879718780518,
            -0.1386943757534027
        ],
        [
            -0.06371919810771942,
            -0.7800389528274536,
            -0.13348731398582458
        ],
        [
            -0.058958493173122406,
            -0.7743755578994751,
            -0.13318447768688202
        ],
        [
            -0.05288565158843994,
            -0.7760007977485657,
            -0.13739432394504547
        ],
        [
            -0.05654561519622803,
            -0.7693999409675598,
            -0.130072221159935
        ],
        [
            -0.047749876976013184,
            -0.769798994064331,
            -0.13505098223686218
        ],
        [
            -0.04494428634643555,
            -0.7564826011657715,
            -0.12493718415498734
        ],
        [
            -0.04581581801176071,
            -0.7623934745788574,
            -0.13003268837928772
        ],
        [
            -0.05571732670068741,
            -0.7640454769134521,
            -0.1257438361644745
        ],
        [
            -0.05780241638422012,
            -0.7582893371582031,
            -0.12040441483259201
        ],
        [
            -0.06864950060844421,
            -0.7598320841789246,
            -0.110361248254776
        ],
        [
            -0.07147840410470963,
            -0.7578902244567871,
            -0.10483786463737488
        ],
        [
            -0.0651935264468193,
            -0.7471175789833069,
            -0.10835985839366913
        ],
        [
            -0.061867617070674896,
            -0.7517262697219849,
            -0.1140800267457962
        ],
        [
            -0.07721935957670212,
            -0.779059648513794,
            -0.11356548964977264
        ],
        [
            -0.07408522069454193,
            -0.7800112366676331,
            -0.11712013185024261
        ],
        [
            -0.07668673247098923,
            -0.7805898189544678,
            -0.11788126826286316
        ],
        [
            -0.08068058639764786,
            -0.7805686593055725,
            -0.11438652127981186
        ],
        [
            -0.07175277918577194,
            -0.7803826332092285,
            -0.12042777240276337
        ],
        [
            -0.07071156799793243,
            -0.7804554104804993,
            -0.12191622704267502
        ],
        [
            -0.07233984023332596,
            -0.7811934947967529,
            -0.12201415002346039
        ],
        [
            -0.07248587161302567,
            -0.7808066606521606,
            -0.1207294911146164
        ],
        [
            -0.07323068380355835,
            -0.7803003787994385,
            -0.11880888044834137
        ],
        [
            -0.0730847716331482,
            -0.7784082889556885,
            -0.11768458038568497
        ],
        [
            -0.07205507159233093,
            -0.7794908285140991,
            -0.11955878138542175
        ],
        [
            -0.07596063613891602,
            -0.7767214775085449,
            -0.11451386660337448
        ],
        [
            -0.08432642370462418,
            -0.7720243334770203,
            -0.1032421886920929
        ],
        [
            -0.08264363557100296,
            -0.7730038166046143,
            -0.10654966533184052
        ],
        [
            -0.08333666622638702,
            -0.7774341106414795,
            -0.105246402323246
        ],
        [
            -0.08495308458805084,
            -0.7768100500106812,
            -0.10250435024499893
        ],
        [
            -0.07489635050296783,
            -0.7821390628814697,
            -0.12119743973016739
        ],
        [
            -0.07462894916534424,
            -0.7839314937591553,
            -0.12325862795114517
        ],
        [
            -0.0792621374130249,
            -0.7853118181228638,
            -0.12027575075626373
        ],
        [
            -0.07799456268548965,
            -0.7829378843307495,
            -0.11879284679889679
        ],
        [
            -0.07460655272006989,
            -0.7856998443603516,
            -0.12623107433319092
        ],
        [
            -0.07180960476398468,
            -0.7825836539268494,
            -0.1242399737238884
        ],
        [
            -0.07111744582653046,
            -0.7833259701728821,
            -0.12742137908935547
        ],
        [
            -0.07016706466674805,
            -0.778812050819397,
            -0.12121737003326416
        ],
        [
            -0.06778179854154587,
            -0.7778218984603882,
            -0.1235358715057373
        ],
        [
            -0.06958060711622238,
            -0.7799088954925537,
            -0.12449298799037933
        ],
        [
            -0.06745118647813797,
            -0.7745551466941833,
            -0.12139838933944702
        ],
        [
            -0.07089217752218246,
            -0.7766715288162231,
            -0.11876014620065689
        ],
        [
            -0.0734507367014885,
            -0.7739986181259155,
            -0.11561545729637146
        ],
        [
            -0.07687243819236755,
            -0.7712657451629639,
            -0.11154548823833466
        ],
        [
            -0.07208409905433655,
            -0.7677701711654663,
            -0.1131262481212616
        ],
        [
            -0.06920811533927917,
            -0.7709814310073853,
            -0.11779911071062088
        ],
        [
            -0.07953298091888428,
            -0.7891238331794739,
            -0.12263111770153046
        ],
        [
            -0.06704060733318329,
            -0.7798562049865723,
            -0.12839262187480927
        ],
        [
            -0.06877518445253372,
            -0.7856693267822266,
            -0.1322658658027649
        ],
        [
            -0.06434597074985504,
            -0.7757618427276611,
            -0.12775814533233643
        ],
        [
            -0.06279794126749039,
            -0.7717058062553406,
            -0.12527042627334595
        ],
        [
            -0.06355765461921692,
            -0.7675279378890991,
            -0.12085489928722382
        ],
        [
            -0.06597840040922165,
            -0.7632828950881958,
            -0.11591626703739166
        ],
        [
            -0.05171022564172745,
            -0.7424548864364624,
            -0.10845133662223816
        ],
        [
            -0.04901540279388428,
            -0.7484527826309204,
            -0.11624352633953094
        ],
        [
            -0.10531363636255264,
            -0.8539153337478638,
            -0.13467827439308167
        ],
        [
            -0.10125112533569336,
            -0.8541107773780823,
            -0.14286023378372192
        ],
        [
            -0.09393501281738281,
            -0.8483443260192871,
            -0.1419772207736969
        ],
        [
            -0.09439921379089355,
            -0.8507406711578369,
            -0.14363661408424377
        ],
        [
            -0.09883781522512436,
            -0.8506836295127869,
            -0.1393583118915558
        ],
        [
            -0.09706234186887741,
            -0.8482422232627869,
            -0.13845953345298767
        ],
        [
            -0.07482026517391205,
            -0.8468104600906372,
            -0.15280893445014954
        ],
        [
            -0.08045388758182526,
            -0.8469131588935852,
            -0.14867240190505981
        ],
        [
            -0.07776288688182831,
            -0.8439591526985168,
            -0.14837029576301575
        ],
        [
            -0.07179991900920868,
            -0.840806782245636,
            -0.15387621521949768
        ],
        [
            -0.08271583169698715,
            -0.8344223499298096,
            -0.14146453142166138
        ],
        [
            -0.07955670356750488,
            -0.836808979511261,
            -0.1453537940979004
        ],
        [
            -0.08480659127235413,
            -0.8420024514198303,
            -0.1425032615661621
        ],
        [
            -0.08717358112335205,
            -0.8402746915817261,
            -0.13976708054542542
        ],
        [
            -0.0893016830086708,
            -0.839119553565979,
            -0.13633686304092407
        ],
        [
            -0.09125283360481262,
            -0.8387414813041687,
            -0.13220253586769104
        ],
        [
            -0.08870651572942734,
            -0.8338804244995117,
            -0.13227152824401855
        ],
        [
            -0.08592429757118225,
            -0.8336317539215088,
            -0.13695067167282104
        ],
        [
            -0.10110845416784286,
            -0.8513202667236328,
            -0.13327771425247192
        ],
        [
            -0.10179995745420456,
            -0.8507702350616455,
            -0.12583327293395996
        ],
        [
            -0.09959632158279419,
            -0.8481494784355164,
            -0.12703056633472443
        ],
        [
            -0.09948468208312988,
            -0.8484479784965515,
            -0.13321927189826965
        ],
        [
            -0.09401852637529373,
            -0.8439591526985168,
            -0.1157340258359909
        ],
        [
            -0.0957724079489708,
            -0.8458535671234131,
            -0.11729417741298676
        ],
        [
            -0.09783624857664108,
            -0.8467897176742554,
            -0.11405715346336365
        ],
        [
            -0.09552666544914246,
            -0.8429399728775024,
            -0.11270984262228012
        ],
        [
            -0.0941721647977829,
            -0.8400281667709351,
            -0.11487610638141632
        ],
        [
            -0.09360251575708389,
            -0.8422078490257263,
            -0.11703696101903915
        ],
        [
            -0.11578628420829773,
            -0.909506618976593,
            -0.13802886009216309
        ],
        [
            -0.11896081268787384,
            -0.8908725380897522,
            -0.13429540395736694
        ],
        [
            -0.09902402758598328,
            -0.907196044921875,
            -0.1506703794002533
        ],
        [
            -0.08361151814460754,
            -0.900766134262085,
            -0.15804991126060486
        ],
        [
            -0.06953577697277069,
            -0.8903694152832031,
            -0.16389265656471252
        ],
        [
            -0.0529308021068573,
            -0.7889608144760132,
            -0.1448477804660797
        ],
        [
            -0.0439864918589592,
            -0.7827855944633484,
            -0.1446325182914734
        ],
        [
            -0.03412973880767822,
            -0.7935609817504883,
            -0.15094541013240814
        ],
        [
            -0.026641204953193665,
            -0.7853690981864929,
            -0.1478596329689026
        ],
        [
            -0.03750251233577728,
            -0.7744776010513306,
            -0.1415325105190277
        ],
        [
            -0.032057277858257294,
            -0.7572547197341919,
            -0.12683522701263428
        ],
        [
            -0.033457279205322266,
            -0.7653786540031433,
            -0.13573162257671356
        ],
        [
            -0.019604891538619995,
            -0.7771438360214233,
            -0.14242485165596008
        ],
        [
            -0.007930159568786621,
            -0.7935328483581543,
            -0.14908763766288757
        ],
        [
            -0.017329677939414978,
            -0.7982743978500366,
            -0.15260568261146545
        ],
        [
            -2.8386712074279785e-05,
            -0.8124401569366455,
            -0.15234753489494324
        ],
        [
            0.0034725144505500793,
            -0.7888833284378052,
            -0.14318400621414185
        ],
        [
            0.00787404179573059,
            -0.8140605688095093,
            -0.148125559091568
        ],
        [
            0.0010057352483272552,
            -0.7553032636642456,
            -0.1257401704788208
        ],
        [
            0.004570577293634415,
            -0.7463460564613342,
            -0.12598933279514313
        ],
        [
            0.01834738254547119,
            -0.7553671598434448,
            -0.1363179087638855
        ],
        [
            0.01437445729970932,
            -0.764907956123352,
            -0.1363125741481781
        ],
        [
            -0.026938557624816895,
            -0.8037192821502686,
            -0.1549055576324463
        ],
        [
            -0.05502590537071228,
            -0.8607703447341919,
            -0.16379721462726593
        ],
        [
            -0.06623873114585876,
            -0.8566974997520447,
            -0.1611379086971283
        ],
        [
            -0.046716585755348206,
            -0.8500822186470032,
            -0.1642673760652542
        ],
        [
            -0.05692572891712189,
            -0.9241430163383484,
            -0.1653476357460022
        ],
        [
            -0.07255223393440247,
            -0.9139728546142578,
            -0.16279949247837067
        ],
        [
            -0.05993792414665222,
            -0.9018095135688782,
            -0.16739681363105774
        ],
        [
            -0.04725569486618042,
            -0.9127433896064758,
            -0.1700221598148346
        ],
        [
            -0.081876739859581,
            -0.9536250829696655,
            -0.14161621034145355
        ],
        [
            -0.10127559304237366,
            -0.9333857297897339,
            -0.14247728884220123
        ],
        [
            -0.08851046860218048,
            -0.9256947636604309,
            -0.15314464271068573
        ],
        [
            -0.07184357941150665,
            -0.9409116506576538,
            -0.1536911129951477
        ],
        [
            -0.03468766808509827,
            -0.9188821315765381,
            -0.16980531811714172
        ],
        [
            -0.018038064241409302,
            -0.9267059564590454,
            -0.16771546006202698
        ],
        [
            -0.017645448446273804,
            -0.9439558982849121,
            -0.16380995512008667
        ],
        [
            -0.038913264870643616,
            -0.9363828301429749,
            -0.16541408002376556
        ],
        [
            -0.01989498734474182,
            -0.9654262065887451,
            -0.1521763801574707
        ],
        [
            -0.04616214334964752,
            -0.956946849822998,
            -0.1540275663137436
        ],
        [
            0.020488522946834564,
            -0.8035551309585571,
            -0.1430557817220688
        ],
        [
            0.018228650093078613,
            -0.823235034942627,
            -0.14538876712322235
        ],
        [
            0.007964469492435455,
            -0.7754286527633667,
            -0.13715338706970215
        ],
        [
            0.022907547652721405,
            -0.7874085903167725,
            -0.1413670778274536
        ],
        [
            -0.02335517108440399,
            -0.9818663597106934,
            -0.1345260590314865
        ],
        [
            -0.05436982214450836,
            -0.9724835753440857,
            -0.13752220571041107
        ],
        [
            0.034377142786979675,
            -0.9226667284965515,
            -0.14999501407146454
        ],
        [
            0.020588278770446777,
            -0.9368715882301331,
            -0.15381547808647156
        ],
        [
            0.011533766984939575,
            -0.9192372560501099,
