{
    "pred_cam": [
        1.4519928693771362,
        0.08904685825109482,
        0.3524434566497803
    ],
    "pred_smpl_params": {
        "global_orient": [
            [
                [
                    -0.509757399559021,
                    0.17127183079719543,
                    -0.8430973887443542
                ],
                [
                    0.2620352804660797,
                    -0.9025118350982666,
                    -0.341774582862854
                ],
                [
                    -0.8194417953491211,
                    -0.39514341950416565,
                    0.41518282890319824
                ]
            ]
        ],
        "body_pose": [
            [
                [
                    0.9865966439247131,
                    0.14870679378509521,
                    0.06718096137046814
                ],
                [
                    -0.1579861044883728,
                    0.9735217094421387,
                    0.1652146428823471
                ],
                [
                    -0.04083358123898506,
                    -0.17361389100551605,
                    0.9839668869972229
                ]
            ],
            [
                [
                    0.9782525897026062,
                    0.18976543843746185,
                    -0.08373109996318817
                ],
                [
                    -0.18366804718971252,
                    0.9800918698310852,
                    0.07540595531463623
                ],
                [
                    0.09637361019849777,
                    -0.05838735029101372,
                    0.9936312437057495
                ]
            ],
            [
                [
                    0.9923272132873535,
                    -0.09822677075862885,
                    0.07508787512779236
                ],
                [
                    0.11156964302062988,
                    0.973122775554657,
                    -0.20145569741725922
                ],
                [
                    -0.05328136309981346,
                    0.20828750729560852,
                    0.976615309715271
                ]
            ],
            [
                [
                    0.9799409508705139,
                    0.1699289083480835,
                    0.10411462187767029
                ],
                [
                    -0.15919220447540283,
                    0.9817531108856201,
                    -0.10401252657175064
                ],
                [
                    -0.11988958716392517,
                    0.08535189926624298,
                    0.9891114234924316
                ]
            ],
            [
                [
                    0.9988269209861755,
                    0.04514848440885544,
                    0.01750348135828972
                ],
                [
                    -0.04498625919222832,
                    0.998941957950592,
                    -0.00955364853143692
                ],
                [
                    -0.017916293814778328,
                    0.008755025453865528,
                    0.9998011589050293
                ]
            ],
            [
                [
                    0.995740532875061,
                    -0.03941822797060013,
                    0.0833478718996048
                ],
                [
                    0.042784083634614944,
                    0.9983232021331787,
                    -0.038989704102277756
                ],
                [
                    -0.08167122304439545,
                    0.04238959774374962,
                    0.9957573413848877
                ]
            ],
            [
                [
                    0.9924963712692261,
                    0.0364626944065094,
                    0.11671037971973419
                ],
                [
                    -0.040244221687316895,
                    0.9987331032752991,
                    0.030209651216864586
                ],
                [
                    -0.11546099185943604,
                    -0.034679897129535675,
                    0.9927064180374146
                ]
            ],
            [
                [
                    0.990632176399231,
                    -0.0360318198800087,
                    -0.13171784579753876
                ],
                [
                    0.03316407650709152,
                    0.9991641044616699,
                    -0.023901812732219696
                ],
                [
                    0.13246896862983704,
                    0.019309604540467262,
                    0.9909991025924683
                ]
            ],
            [
                [
                    0.9967840313911438,
                    0.01563742570579052,
                    0.07859418541193008
                ],
                [
                    -0.008206041529774666,
                    0.9955382347106934,
                    -0.094001904129982
                ],
                [
                    -0.07971345633268356,
                    0.09305465221405029,
                    0.9924649596214294
                ]
            ],
            [
                [
                    0.9935585856437683,
                    -0.10603868961334229,
                    0.03996424749493599
                ],
                [
                    0.10548293590545654,
                    0.9942960739135742,
                    0.01577378809452057
                ],
                [
                    -0.04140892252326012,
                    -0.01145663671195507,
                    0.9990766644477844
                ]
            ],
            [
                [
                    0.9909446835517883,
                    0.08923155814409256,
                    -0.10033101588487625
                ],
                [
                    -0.08186103403568268,
                    0.9937928915023804,
                    0.07532952725887299
                ],
                [
                    0.10643000900745392,
                    -0.06643419712781906,
                    0.9920983910560608
                ]
            ],
            [
                [
                    0.9890705943107605,
                    -0.02714715339243412,
                    -0.14492200314998627
                ],
                [
                    0.017015496268868446,
                    0.997352659702301,
                    -0.07069842517375946
                ],
                [
                    0.14645759761333466,
                    0.06745981425046921,
                    0.9869140982627869
                ]
            ],
            [
                [
                    0.9260985851287842,
                    0.3771207332611084,
                    -0.01101897656917572
                ],
                [
                    -0.37724819779396057,
                    0.9260103702545166,
                    -0.01373428013175726
                ],
                [
                    0.00502420449629426,
                    0.016876187175512314,
                    0.999845027923584
                ]
            ],
            [
                [
                    0.893145740032196,
                    -0.3780254125595093,
                    0.24369540810585022
                ],
                [
                    0.37901759147644043,
                    0.9243090152740479,
                    0.04470475763082504
                ],
                [
                    -0.24214939773082733,
                    0.052436985075473785,
                    0.9688209295272827
                ]
            ],
            [
                [
                    0.9883091449737549,
                    -0.04863392561674118,
                    -0.14449824392795563
                ],
                [
                    -0.006804938893765211,
                    0.9327431321144104,
                    -0.3604773283004761
                ],
                [
                    0.15231117606163025,
                    0.35724636912345886,
                    0.9215075969696045
                ]
            ],
            [
                [
                    0.5146299004554749,
                    0.7825537919998169,
                    -0.35037922859191895
                ],
                [
                    -0.8489617109298706,
                    0.5223018527030945,
                    -0.08040362596511841
                ],
                [
                    0.12008356302976608,
                    0.338836669921875,
                    0.9331503510475159
                ]
            ],
            [
                [
                    0.47112494707107544,
                    -0.7022373080253601,
                    0.5337638854980469
                ],
                [
                    0.7939469218254089,
                    0.6012511849403381,
                    0.09025106579065323
                ],
                [
                    -0.38430383801460266,
                    0.3812606930732727,
                    0.8408036231994629
                ]
            ],
            [
                [
                    0.08760257810354233,
                    -0.3401978015899658,
                    -0.9362645149230957
                ],
                [
                    0.012918262742459774,
                    0.9401868581771851,
                    -0.34041425585746765
                ],
                [
                    0.9960716962814331,
                    0.017726238816976547,
                    0.08675755560398102
                ]
            ],
            [
                [
                    0.1253051459789276,
                    0.3180128037929535,
                    0.9397693276405334
                ],
                [
                    -0.01096213050186634,
                    0.94762122631073,
                    -0.31920817494392395
                ],
                [
                    -0.9920576810836792,
                    0.029696548357605934,
                    0.12222791463136673
                ]
            ],
            [
                [
                    0.9878013134002686,
                    -0.1204914078116417,
                    -0.09864228963851929
                ],
                [
                    0.136930450797081,
                    0.9737603664398193,
                    0.1817714124917984
                ],
                [
                    0.07415205985307693,
                    -0.1930612027645111,
                    0.9783807396888733
                ]
            ],
            [
                [
                    0.9749583005905151,
                    0.1879333257675171,
                    0.11890056729316711
                ],
                [
                    -0.19632622599601746,
                    0.978498101234436,
                    0.06322481483221054
                ],
                [
                    -0.10446193814277649,
                    -0.08498485386371613,
                    0.9908910989761353
                ]
            ],
            [
                [
                    0.9710118770599365,
                    0.21805328130722046,
                    -0.09792191535234451
                ],
                [
                    -0.20546002686023712,
                    0.9707426428794861,
                    0.12427755445241928
                ],
                [
                    0.12215610593557358,
                    -0.10055594146251678,
                    0.9874038696289062
                ]
            ],
            [
                [
                    0.9792218804359436,
                    -0.19610950350761414,
                    0.05163009092211723
                ],
                [
                    0.18763737380504608,
                    0.9727588295936584,
                    0.1361345499753952
                ],
                [
                    -0.07692089676856995,
                    -0.12361817806959152,
                    0.9893441796302795
                ]
            ]
        ],
        "betas": [
            -0.22849515080451965,
            -0.2254294455051422,
            0.5646035671234131,
            1.199138879776001,
            0.3012528121471405,
            0.00872412696480751,
            -0.07738786935806274,
            -0.02290964126586914,
            0.051176637411117554,
            -0.08018672466278076
        ]
    },
    "pred_cam_t": [
        0.08904685825109482,
        0.3524434566497803,
        26.902679443359375
    ],
    "focal_length": [
        5000.0,
        5000.0
    ],
    "pred_keypoints_3d": [
        [
            -0.10758547484874725,
            -0.8119051456451416,
            -0.02536916732788086
        ],
        [
            0.04541613161563873,
            -0.7335253357887268,
            -0.1032453402876854
        ],
        [
            0.0856635719537735,
            -0.6577139496803284,
            0.0888003408908844
        ],
        [
            0.02135636657476425,
            -0.43090835213661194,
            0.1595943123102188
        ],
        [
            -0.20674356818199158,
            -0.4527929425239563,
            0.0677521675825119
        ],
        [
            0.00024175085127353668,
            -0.604743242263794,
            -0.25682106614112854
        ],
        [
            0.008053968660533428,
            -0.35232484340667725,
            -0.25759536027908325
        ],
        [
            -0.18897011876106262,
            -0.35183611512184143,
            -0.11773809790611267
        ],
        [
            -0.002377491444349289,
            -0.23532070219516754,
            0.027586858719587326
        ],
        [
            0.019854942336678505,
            -0.16950258612632751,
            0.11598421633243561
        ],
        [
            0.0036972183734178543,
            0.12000033259391785,
            0.3456687927246094
        ],
        [
            -0.005497114732861519,
            0.44899964332580566,
            0.5425778031349182
        ],
        [
            -0.047019004821777344,
            -0.13238868117332458,
            0.005039334297180176
        ],
        [
            -0.14557600021362305,
            0.16343721747398376,
            0.18736565113067627
        ],
        [
            -0.13045425713062286,
            0.4494873583316803,
            0.44167521595954895
        ],
        [
            -0.07425856590270996,
            -0.8632685542106628,
            -0.01709578186273575
        ],
        [
            -0.11337773501873016,
            -0.8532333374023438,
            -0.07016897201538086
        ],
        [
            0.026142850518226624,
            -0.880233108997345,
            -0.04041633754968643
        ],
        [
            -0.06096188724040985,
            -0.8572849035263062,
            -0.16048142313957214
        ],
        [
            -0.31372755765914917,
            0.43161267042160034,
            0.5170800685882568
        ],
        [
            -0.292069673538208,
            0.49020636081695557,
            0.4610285460948944
        ],
        [
            -0.08072918653488159,
            0.492314875125885,
            0.4498017132282257
        ],
        [
            -0.15374784171581268,
            0.4058295786380768,
            0.6679010987281799
        ],
        [
            -0.06826980412006378,
            0.4040955603122711,
            0.691916823387146
        ],
        [
            0.033183753490448,
            0.5072834491729736,
            0.5382665395736694
        ],
        [
            0.03274279460310936,
            0.4117671251296997,
            0.5147216320037842
        ],
        [
            0.00701273325830698,
            0.06689482927322388,
            0.30622023344039917
        ],
        [
            0.08367861807346344,
            -0.3003675937652588,
            0.12712562084197998
        ],
        [
            -0.05340428650379181,
            -0.20252826809883118,
            -0.10847501456737518
        ],
        [
            -0.14090462028980255,
            0.1336033046245575,
            0.15410350263118744
        ],
        [
            -0.10880596935749054,
            0.4358918070793152,
            0.4060041904449463
        ],
        [
            -0.17888492345809937,
            -0.4811733365058899,
            0.06136298552155495
        ],
        [
            0.003297625109553337,
            -0.4671986997127533,
            0.17795386910438538
        ],
        [
            0.07982854545116425,
            -0.6869427561759949,
            0.04785485193133354
        ],
        [
            0.011693351902067661,
            -0.640882670879364,
            -0.2349735051393509
        ],
        [
            -0.029461830854415894,
            -0.38363680243492126,
            -0.28197336196899414
        ],
        [
            -0.18180137872695923,
            -0.36980944871902466,
            -0.13459475338459015
        ],
        [
            0.03615333139896393,
            -0.7201104760169983,
            -0.1015826091170311
        ],
        [
            -0.047465063631534576,
            -0.9158648252487183,
            -0.09082463383674622
        ],
        [
            0.014671754091978073,
            -0.2519254684448242,
            0.008532196283340454
        ],
        [
            0.044414833188056946,
            -0.6617832779884338,
            -0.0911019891500473
        ],
        [
            0.05791056901216507,
            -0.4907519817352295,
            -0.06604547798633575
        ],
        [
            -0.04645779728889465,
            -0.8013483285903931,
            -0.07470520585775375
        ],
        [
            -0.04368259757757187,
            -0.9360238313674927,
            -0.09145404398441315
        ]
    ],
    "pred_vertices": [
        [
            -0.13470783829689026,
            -0.8967013359069824,
            -0.0787598043680191
        ],
        [
            -0.13265849649906158,
            -0.8817644119262695,
            -0.07018546760082245
        ],
        [
            -0.13083475828170776,
            -0.8787848353385925,
            -0.08464233577251434
        ],
        [
            -0.12966352701187134,
            -0.8903355598449707,
            -0.09446539729833603
        ],
        [
            -0.13009311258792877,
            -0.8692675828933716,
            -0.07799182832241058
        ],
        [
            -0.1298731565475464,
            -0.8707183599472046,
            -0.0661277025938034
        ],
        [
            -0.1248178631067276,
            -0.874000072479248,
            -0.09643476456403732
        ],
        [
            -0.1219172403216362,
            -0.8819917440414429,
            -0.10659100115299225
        ],
        [
            -0.10878095775842667,
            -0.8415418863296509,
            -0.10807515680789948
        ],
        [
            -0.10225611925125122,
            -0.8385155200958252,
            -0.11710023880004883
        ],
        [
            -0.10727862268686295,
            -0.849936842918396,
            -0.11607488244771957
        ],
        [
            -0.11148424446582794,
            -0.8502694368362427,
            -0.10649807751178741
        ],
        [
            -0.09780547767877579,
            -0.8178282380104065,
            -0.10959523171186447
        ],
        [
            -0.09829727560281754,
            -0.8079348206520081,
            -0.09993142634630203
        ],
        [
            -0.0894731730222702,
            -0.8010412454605103,
            -0.10788271576166153
        ],
        [
            -0.08752544224262238,
            -0.8107821345329285,
            -0.11722362041473389
        ],
        [
            -0.10206038504838943,
            -0.821168839931488,
            -0.059035319834947586
        ],
        [
            -0.10287231206893921,
            -0.8140679597854614,
            -0.0643596276640892
        ],
        [
            -0.10640344768762589,
            -0.8201091289520264,
            -0.06777287274599075
        ],
        [
            -0.10476506501436234,
            -0.8265588283538818,
            -0.06218460947275162
        ],
        [
            -0.10412918031215668,
            -0.8306718468666077,
            -0.048131559044122696
        ],
        [
            -0.10367028415203094,
            -0.8365026116371155,
            -0.05087995529174805
        ],
        [
            -0.10600171238183975,
            -0.839795708656311,
            -0.04396936669945717
        ],
        [
            -0.10770678520202637,
            -0.8329427242279053,
            -0.041346363723278046
        ],
        [
            -0.09732870757579803,
            -0.8170320391654968,
            -0.05479501187801361
        ],
        [
            -0.09800396114587784,
            -0.8096809387207031,
            -0.060710690915584564
        ],
        [
            -0.10196327418088913,
            -0.827073335647583,
            -0.054283834993839264
        ],
        [
            -0.1013379842042923,
            -0.8226668238639832,
            -0.05174272507429123
        ],
        [
            -0.10642699897289276,
            -0.8150036334991455,
            -0.04333001375198364
        ],
        [
            -0.10736522823572159,
            -0.8195866942405701,
            -0.04538818448781967
        ],
        [
            -0.11120802909135818,
            -0.8196593523025513,
            -0.03872910887002945
        ],
        [
            -0.10850181430578232,
            -0.8147698044776917,
            -0.03804784640669823
        ],
        [
            -0.10032425820827484,
            -0.8158388733863831,
            -0.0512845478951931
        ],
        [
            -0.10365556180477142,
            -0.8180097341537476,
            -0.049988120794296265
        ],
        [
            -0.10317620635032654,
            -0.8142908811569214,
            -0.04669788107275963
        ],
        [
            -0.09916896373033524,
            -0.8131750822067261,
            -0.047432221472263336
        ],
        [
            -0.10479980707168579,
            -0.8259955644607544,
            -0.04618934541940689
        ],
        [
            -0.10932540148496628,
            -0.8267511129379272,
            -0.03972518816590309
        ],
        [
            -0.11322380602359772,
            -0.8271856307983398,
            -0.03235836699604988
        ],
        [
            -0.11420131474733353,
            -0.8183680176734924,
            -0.031160924583673477
        ],
        [
            -0.09987417608499527,
            -0.8006680011749268,
            -0.07777680456638336
        ],
        [
            -0.10251917690038681,
            -0.807050347328186,
            -0.0710039958357811
        ],
        [
            -0.09821639955043793,
            -0.8033273220062256,
            -0.0667644590139389
        ],
        [
            -0.09700387716293335,
            -0.7979475259780884,
            -0.07255646586418152
        ],
        [
            -0.09621982276439667,
            -0.8107035160064697,
            -0.050494708120822906
        ],
        [
            -0.09398418664932251,
            -0.794933557510376,
            -0.05403928458690643
        ],
        [
            -0.09547267109155655,
            -0.7984596490859985,
            -0.05398446321487427
        ],
        [
            -0.09551345556974411,
            -0.7992783784866333,
            -0.04668935388326645
        ],
        [
            -0.0943857803940773,
            -0.7959194183349609,
            -0.04735034704208374
        ],
        [
            -0.09132958948612213,
            -0.7882559299468994,
            -0.08746114373207092
        ],
        [
            -0.09152108430862427,
            -0.7871062755584717,
            -0.0800904780626297
        ],
        [
            -0.08762960880994797,
            -0.7809773683547974,
            -0.08226243406534195
        ],
        [
            -0.08561068028211594,
            -0.7813500165939331,
            -0.08991631120443344
        ],
        [
            -0.08386048674583435,
            -0.77605801820755,
            -0.08103237301111221
        ],
        [
            -0.0801369920372963,
            -0.7748352885246277,
            -0.09095696359872818
        ],
        [
            -0.07147578150033951,
            -0.7628709077835083,
            -0.08357465267181396
        ],
        [
            -0.07535384595394135,
            -0.7680667638778687,
            -0.08760660886764526
        ],
        [
            -0.08049105852842331,
            -0.7712720036506653,
            -0.07764279097318649
        ],
        [
            -0.07867331057786942,
            -0.7666701078414917,
            -0.0714135617017746
        ],
        [
            -0.08003834635019302,
            -0.7708900570869446,
            -0.05664900690317154
        ],
        [
            -0.07866296172142029,
            -0.7699475288391113,
            -0.050172753632068634
        ],
        [
            -0.07638461887836456,
            -0.7581347227096558,
            -0.055626802146434784
        ],
        [
            -0.07763353735208511,
            -0.7614974975585938,
            -0.06288151443004608
        ],
        [
            -0.08840196579694748,
            -0.7905867099761963,
            -0.05614791065454483
        ],
        [
            -0.08836151659488678,
            -0.7906992435455322,
            -0.06105153262615204
        ],
        [
            -0.09079840034246445,
            -0.7914687395095825,
            -0.059940263628959656
        ],
        [
            -0.09149670600891113,
            -0.7923570871353149,
            -0.05467069894075394
        ],
        [
            -0.08881896734237671,
            -0.7902804613113403,
            -0.06512875854969025
        ],
        [
            -0.08903679996728897,
            -0.7900253534317017,
            -0.0669022649526596
        ],
        [
            -0.0903063714504242,
            -0.7909559011459351,
            -0.06598672270774841
        ],
        [
            -0.08940424770116806,
            -0.7908164262771606,
            -0.06488849967718124
        ],
        [
            -0.08871416002511978,
            -0.7906638979911804,
            -0.0629132017493248
        ],
        [
            -0.08788593113422394,
            -0.78890061378479,
            -0.06189688295125961
        ],
        [
            -0.08847703784704208,
            -0.7895454168319702,
            -0.06415890902280807
        ],
        [
            -0.08795370161533356,
            -0.7879939079284668,
            -0.05734929442405701
        ],
        [
            -0.08690899610519409,
            -0.7858614325523376,
            -0.042631618678569794
        ],
        [
            -0.08788937330245972,
            -0.7861276865005493,
            -0.04631923884153366
        ],
        [
            -0.08760559558868408,
            -0.7908056378364563,
            -0.04554672911763191
        ],
        [
            -0.0869145542383194,
            -0.7907900810241699,
            -0.04240744560956955
        ],
        [
            -0.09139791876077652,
            -0.792447566986084,
            -0.0639304518699646
        ],
        [
            -0.09292946755886078,
            -0.7937412261962891,
            -0.06575507670640945
        ],
        [
            -0.09447402507066727,
            -0.796018123626709,
            -0.06063217669725418
        ],
        [
            -0.09246305376291275,
            -0.7937809228897095,
            -0.060065627098083496
        ],
        [
            -0.09482654929161072,
            -0.7950712442398071,
            -0.06824154406785965
        ],
        [
            -0.09141292423009872,
            -0.791928768157959,
            -0.06817683577537537
        ],
        [
            -0.09294597804546356,
            -0.7921668291091919,
            -0.07124870270490646
        ],
        [
            -0.08817979693412781,
            -0.7883801460266113,
            -0.06654193997383118
        ],
        [
            -0.08799576759338379,
            -0.7867234945297241,
            -0.06968219578266144
        ],
        [
            -0.08993566781282425,
            -0.7889177799224854,
            -0.06946700811386108
        ],
        [
            -0.08626268059015274,
            -0.7837796211242676,
            -0.06788186728954315
        ],
        [
            -0.08709900081157684,
            -0.7866846323013306,
            -0.06393520534038544
        ],
        [
            -0.08690201491117477,
            -0.7847825288772583,
            -0.05946073308587074
        ],
        [
            -0.08676602691411972,
            -0.7830531597137451,
            -0.05371351167559624
        ],
        [
            -0.08426450192928314,
            -0.7787898778915405,
            -0.05758274346590042
        ],
        [
            -0.08518155664205551,
            -0.7809826135635376,
            -0.06349767744541168
        ],
        [
            -0.09615844488143921,
            -0.7995392680168152,
            -0.06290969997644424
        ],
        [
            -0.09065799415111542,
            -0.7879841327667236,
            -0.07405651360750198
        ],
        [
            -0.09453608095645905,
            -0.7934750318527222,
            -0.07671862840652466
        ],
        [
            -0.08821951597929001,
            -0.7836687564849854,
            -0.0747910588979721
        ],
        [
            -0.08538350462913513,
            -0.7798058390617371,
            -0.0734659880399704
        ],
        [
            -0.08322242647409439,
            -0.7763395309448242,
            -0.0690929964184761
        ],
        [
            -0.08159221708774567,
            -0.7732442617416382,
            -0.0631926953792572
        ],
        [
            -0.06636006385087967,
            -0.7521024346351624,
            -0.064421147108078
        ],
        [
            -0.06923715025186539,
            -0.7566460371017456,
            -0.07309006154537201
        ],
        [
            -0.12396407127380371,
            -0.864224910736084,
            -0.06585727632045746
        ],
        [
            -0.12625089287757874,
            -0.8629299402236938,
            -0.07470700889825821
        ],
        [
            -0.12004540115594864,
            -0.8567487001419067,
            -0.07781373709440231
        ],
        [
            -0.12175653874874115,
            -0.85875004529953,
            -0.07898582518100739
        ],
        [
            -0.12209202349185944,
            -0.8598436713218689,
            -0.07305065542459488
        ],
        [
            -0.12009813636541367,
            -0.8574808835983276,
            -0.07312150299549103
        ],
        [
            -0.11306910216808319,
            -0.8516504764556885,
            -0.09819546341896057
        ],
        [
            -0.1144665777683258,
            -0.8529394268989563,
            -0.0914311483502388
        ],
        [
            -0.11244068294763565,
            -0.8497275114059448,
            -0.09252205491065979
        ],
        [
            -0.11163485050201416,
            -0.8452168703079224,
            -0.09997952729463577
        ],
        [
            -0.11147315800189972,
            -0.8418153524398804,
            -0.0824274942278862
        ],
        [
            -0.11177279055118561,
            -0.8432661294937134,
            -0.08786194026470184
        ],
        [
            -0.11369858682155609,
            -0.8493947982788086,
            -0.08313006907701492
        ],
        [
            -0.11364267766475677,
            -0.8483378887176514,
            -0.07918951660394669
        ],
        [
            -0.1129450723528862,
            -0.8479433059692383,
            -0.07498066127300262
        ],
        [
            -0.11180797219276428,
            -0.8483436107635498,
            -0.07050929963588715
        ],
        [
            -0.10974103957414627,
            -0.8433254957199097,
            -0.07141834497451782
        ],
        [
            -0.11077892035245895,
            -0.8420606255531311,
            -0.0767124593257904
        ],
        [
            -0.1197015717625618,
            -0.861562192440033,
            -0.06710514426231384
        ],
        [
            -0.11538588255643845,
            -0.862189531326294,
            -0.06109239161014557
        ],
        [
            -0.11433757096529007,
            -0.8593130111694336,
            -0.06298251450061798
        ],
        [
            -0.11835937201976776,
            -0.8586722612380981,
            -0.0676487535238266
        ],
        [
            -0.10256039351224899,
            -0.8563708662986755,
            -0.05745042487978935
        ],
        [
            -0.10492025315761566,
            -0.858222246170044,
            -0.057825859636068344
        ],
        [
            -0.10424993932247162,
            -0.8598766326904297,
            -0.05423898622393608
        ],
        [
            -0.10161856561899185,
            -0.8559502363204956,
            -0.054003991186618805
        ],
        [
            -0.10197830200195312,
            -0.8526079654693604,
            -0.05600135028362274
        ],
        [
            -0.10303045809268951,
            -0.8543826341629028,
            -0.05837758257985115
        ],
        [
            -0.13514485955238342,
            -0.9194965362548828,
            -0.07144491374492645
        ],
        [
            -0.13430604338645935,
            -0.9019500017166138,
            -0.06361068040132523
        ],
        [
            -0.13125616312026978,
            -0.9133423566818237,
            -0.09138809889554977
        ],
        [
            -0.1243392676115036,
            -0.9042466282844543,
            -0.10575459897518158
        ],
        [
            -0.11740689724683762,
            -0.8917303085327148,
            -0.11767837405204773
        ],
        [
            -0.09069331735372543,
            -0.7931973338127136,
            -0.09730503708124161
        ],
        [
            -0.08361297845840454,
            -0.7860584259033203,
            -0.10225038975477219
        ],
        [
            -0.08039325475692749,
            -0.7949590086936951,
            -0.11508334428071976
        ],
        [
            -0.0720243826508522,
            -0.7864854335784912,
            -0.11683313548564911
        ],
        [
            -0.07623467594385147,
            -0.7775971293449402,
            -0.10327664017677307
        ],
        [
            -0.0622653067111969,
            -0.762345552444458,
            -0.09431623667478561
        ],
        [
            -0.06891675293445587,
            -0.7691877484321594,
            -0.10079464316368103
        ],
        [
            -0.0619882196187973,
            -0.7787114381790161,
            -0.11664289236068726
        ],
        [
            -0.0572819858789444,
            -0.7930622100830078,
            -0.13114815950393677
        ],
        [
            -0.0683591216802597,
            -0.7979179620742798,
            -0.1283232867717743
        ],
        [
            -0.05355764180421829,
            -0.8105577230453491,
            -0.14162346720695496
        ],
        [
            -0.043313831090927124,
            -0.7882801294326782,
            -0.1348349153995514
        ],
        [
            -0.0441131591796875,
            -0.8116863965988159,
            -0.14472047984600067
        ],
        [
            -0.03182951360940933,
            -0.7554770708084106,
            -0.12072190642356873
        ],
        [
            -0.027216866612434387,
            -0.7462019920349121,
            -0.12398886680603027
        ],
        [
            -0.01922258734703064,
            -0.7537186145782471,
            -0.13945674896240234
        ],
        [
            -0.025578834116458893,
            -0.7631626129150391,
            -0.1372545063495636
        ],
        [
            -0.07776784896850586,
            -0.8037543296813965,
            -0.12436188757419586
        ],
        [
            -0.10553725808858871,
            -0.861550509929657,
            -0.12205750495195389
        ],
        [
            -0.11233162879943848,
            -0.859054684638977,
            -0.11163646727800369
        ],
        [
            -0.09954134374856949,
            -0.8500114679336548,
            -0.12608639895915985
        ],
        [
            -0.10966801643371582,
            -0.9234994649887085,
            -0.13293664157390594
        ],
        [
            -0.11957848072052002,
            -0.9153842926025391,
            -0.11892183870077133
        ],
        [
            -0.11288192868232727,
            -0.9015012979507446,
            -0.12865900993347168
        ],
        [
            -0.10523948073387146,
            -0.9106860160827637,
            -0.14100955426692963
        ],
        [
            -0.11292840540409088,
            -0.9584340453147888,
            -0.10397373139858246
        ],
        [
            -0.12756825983524323,
            -0.9406112432479858,
            -0.08834832161664963
        ],
        [
            -0.12499014288187027,
            -0.9300981760025024,
            -0.10340248048305511
        ],
        [
            -0.11322483420372009,
            -0.9431333541870117,
            -0.11726285517215729
        ],
        [
            -0.09588739275932312,
            -0.9154378175735474,
            -0.1498398631811142
        ],
        [
            -0.08207337558269501,
            -0.9216934442520142,
            -0.16095973551273346
        ],
        [
            -0.08003956079483032,
            -0.9395449757575989,
            -0.16114139556884766
        ],
        [
            -0.09669327735900879,
            -0.9337131381034851,
            -0.14695009589195251
        ],
        [
            -0.074393630027771,
            -0.962318480014801,
            -0.15460912883281708
        ],
        [
            -0.09506157040596008,
            -0.9563141465187073,
            -0.1372283548116684
        ],
        [
            -0.029155127704143524,
            -0.8007495403289795,
            -0.14805327355861664
        ],
        [
            -0.034179866313934326,
            -0.8199580907821655,
            -0.1509009748697281
        ],
        [
            -0.03406548500061035,
            -0.7743827104568481,
            -0.1339576542377472
        ],
        [
            -0.02339882403612137,
            -0.784886360168457,
            -0.1469077318906784
        ],
        [
            -0.0656595528125763,
            -0.9816157817840576,
            -0.14204038679599762
        ],
        [
            -0.0906129777431488,
            -0.9748598337173462,
            -0.12217292934656143
        ],
        [
            -0.030221015214920044,
            -0.9149456024169922,
            -0.18144311010837555
        ],
        [
            -0.044203802943229675,
            -0.9297205209732056,
            -0.17797186970710754
        ],
        [
            -0.05561146140098572,
            -0.9122112393379211,
