{
    "pred_cam": [
        1.4459969997406006,
        0.09212496876716614,
        0.3520866930484772
    ],
    "pred_smpl_params": {
        "global_orient": [
            [
                [
                    -0.6236473321914673,
                    0.15171436965465546,
                    -0.7668419480323792
                ],
                [
                    0.2254737913608551,
                    -0.9043800830841064,
                    -0.3622957170009613
                ],
                [
                    -0.7484821081161499,
                    -0.3988475501537323,
                    0.5298066139221191
                ]
            ]
        ],
        "body_pose": [
            [
                [
                    0.9922236800193787,
                    0.11596228182315826,
                    0.045221976935863495
                ],
                [
                    -0.12272058427333832,
                    0.9721066355705261,
                    0.1998704969882965
                ],
                [
                    -0.02078315056860447,
                    -0.2038658708333969,
                    0.9787781834602356
                ]
            ],
            [
                [
                    0.983953595161438,
                    0.15619921684265137,
                    -0.08623956888914108
                ],
                [
                    -0.1442357450723648,
                    0.9808502793312073,
                    0.13087694346904755
                ],
                [
                    0.10503097623586655,
                    -0.11633799225091934,
                    0.9876406788825989
                ]
            ],
            [
                [
                    0.9932255148887634,
                    -0.07750058174133301,
                    0.08658354729413986
                ],
                [
                    0.09615914523601532,
                    0.9665042161941528,
                    -0.23795609176158905
                ],
                [
                    -0.06524162739515305,
                    0.2446698695421219,
                    0.9674090147018433
                ]
            ],
            [
                [
                    0.9909063577651978,
                    0.11514018476009369,
                    0.06962238997220993
                ],
                [
                    -0.10851015150547028,
                    0.9897822141647339,
                    -0.09250275045633316
                ],
                [
                    -0.07956178486347198,
                    0.08410683274269104,
                    0.9932753443717957
                ]
            ],
            [
                [
                    0.9989929795265198,
                    -0.013668181374669075,
                    -0.042733628302812576
                ],
                [
                    0.009524235501885414,
                    0.9953634142875671,
                    -0.095712810754776
                ],
                [
                    0.04384370893239975,
                    0.09520942717790604,
                    0.9944912195205688
                ]
            ],
            [
                [
                    0.9950920939445496,
                    -0.021960623562335968,
                    0.09648582339286804
                ],
                [
                    0.0249717365950346,
                    0.9992345571517944,
                    -0.030111832544207573
                ],
                [
                    -0.09575068950653076,
                    0.03237346559762955,
                    0.9948788285255432
                ]
            ],
            [
                [
                    0.9920734167098999,
                    0.052065663039684296,
                    0.11436612904071808
                ],
                [
                    -0.056547973304986954,
                    0.9977396726608276,
                    0.0363023541867733
                ],
                [
                    -0.11221751570701599,
                    -0.04248176887631416,
                    0.9927752017974854
                ]
            ],
            [
                [
                    0.9924550652503967,
                    -0.025450032204389572,
                    -0.11993829905986786
                ],
                [
                    0.0250355526804924,
                    0.9996742606163025,
                    -0.004961531143635511
                ],
                [
                    0.12002550065517426,
                    0.0019213747000321746,
                    0.9927689433097839
                ]
            ],
            [
                [
                    0.9956488609313965,
                    0.02425684966146946,
                    0.08997237682342529
                ],
                [
                    -0.016911547631025314,
                    0.996528148651123,
                    -0.08152131736278534
                ],
                [
                    -0.09163745492696762,
                    0.07964503020048141,
                    0.9926023483276367
                ]
            ],
            [
                [
                    0.9911872148513794,
                    -0.1297711730003357,
                    0.026593195274472237
                ],
                [
                    0.12884655594825745,
                    0.9910831451416016,
                    0.03395303711295128
                ],
                [
                    -0.030762191861867905,
                    -0.030227379873394966,
                    0.9990695118904114
                ]
            ],
            [
                [
                    0.9889450669288635,
                    0.08962997794151306,
                    -0.11812733858823776
                ],
                [
                    -0.08180854469537735,
                    0.9942229390144348,
                    0.0694843977689743
                ],
                [
                    0.12367279827594757,
                    -0.05905243009328842,
                    0.9905643463134766
                ]
            ],
            [
                [
                    0.9764302968978882,
                    -0.0026917182840406895,
                    -0.2158161848783493
                ],
                [
                    0.0012546030338853598,
                    0.9999761581420898,
                    -0.006795680616050959
                ],
                [
                    0.21582931280136108,
                    0.006364744156599045,
                    0.9764103889465332
                ]
            ],
            [
                [
                    0.9267264604568481,
                    0.37566202878952026,
                    -0.0074963946826756
                ],
                [
                    -0.3757365942001343,
                    0.9265208840370178,
                    -0.0195219274610281
                ],
                [
                    -0.00038807999226264656,
                    0.020908154547214508,
                    0.9997813701629639
                ]
            ],
            [
                [
                    0.8853248953819275,
                    -0.36329540610313416,
                    0.29020044207572937
                ],
                [
                    0.3653913140296936,
                    0.9295641183853149,
                    0.04898792877793312
                ],
                [
                    -0.2875570058822632,
                    0.06266649812459946,
                    0.9557112455368042
                ]
            ],
            [
                [
                    0.978419840335846,
                    -0.047482844442129135,
                    -0.2010967880487442
                ],
                [
                    -0.006740444805473089,
                    0.9653851985931396,
                    -0.2607412040233612
                ],
                [
                    0.20651660859584808,
                    0.25646984577178955,
                    0.9442319869995117
                ]
            ],
            [
                [
                    0.48611682653427124,
                    0.8055647015571594,
                    -0.33875665068626404
                ],
                [
                    -0.8702808618545532,
                    0.4814678430557251,
                    -0.10392321646213531
                ],
                [
                    0.07938355207443237,
                    0.34533220529556274,
                    0.9351171851158142
                ]
            ],
            [
                [
                    0.4540392756462097,
                    -0.7170815467834473,
                    0.5288121104240417
                ],
                [
                    0.7957077622413635,
                    0.5933809876441956,
                    0.12144177407026291
                ],
                [
                    -0.400870680809021,
                    0.3656406104564667,
                    0.84000563621521
                ]
            ],
            [
                [
                    0.043266844004392624,
                    -0.3637377619743347,
                    -0.9304959774017334
                ],
                [
                    0.04790164530277252,
                    0.9310522675514221,
                    -0.36172786355018616
                ],
                [
                    0.9979145526885986,
                    -0.02892145700752735,
                    0.05770733207464218
                ]
            ],
            [
                [
                    0.16277186572551727,
                    0.326800674200058,
                    0.9309707880020142
                ],
                [
                    -0.04619850218296051,
                    0.9450437426567078,
                    -0.3236633539199829
                ],
                [
                    -0.9855815768241882,
                    0.009673833847045898,
                    0.1689242422580719
                ]
            ],
            [
                [
                    0.986117959022522,
                    -0.13722750544548035,
                    -0.09348759800195694
                ],
                [
                    0.15384641289710999,
                    0.9669151902198792,
                    0.20348526537418365
                ],
                [
                    0.062470804899930954,
                    -0.21504321694374084,
                    0.9746043682098389
                ]
            ],
            [
                [
                    0.9698915481567383,
                    0.22095443308353424,
                    0.10241851210594177
                ],
                [
                    -0.22511067986488342,
                    0.9738454222679138,
                    0.030829358845949173
                ],
                [
                    -0.09292790293693542,
                    -0.052956633269786835,
                    0.9942636489868164
                ]
            ],
            [
                [
                    0.968351423740387,
                    0.2280016541481018,
                    -0.10154145956039429
                ],
                [
                    -0.21454115211963654,
                    0.9682677388191223,
                    0.12817800045013428
                ],
                [
                    0.1275441199541092,
                    -0.10233653336763382,
                    0.9865391850471497
                ]
            ],
            [
                [
                    0.9784467220306396,
                    -0.20071598887443542,
                    0.04852966591715813
                ],
                [
                    0.19221077859401703,
                    0.9711360931396484,
                    0.1412438601255417
                ],
                [
                    -0.07547879964113235,
                    -0.12887166440486908,
                    0.9887847304344177
                ]
            ]
        ],
        "betas": [
            -0.24078652262687683,
            -0.25262346863746643,
            0.5564537048339844,
            1.2372934818267822,
            0.30500203371047974,
            0.02023932710289955,
            -0.04875075817108154,
            -0.04341617226600647,
            0.05514931678771973,
            -0.087887704372406
        ]
    },
    "pred_cam_t": [
        0.09212496876716614,
        0.3520866930484772,
        27.014232635498047
    ],
    "focal_length": [
        5000.0,
        5000.0
    ],
    "pred_keypoints_3d": [
        [
            -0.09724695235490799,
            -0.8380494117736816,
            -0.007819056510925293
        ],
        [
            0.03065289370715618,
            -0.7335487008094788,
            -0.10515240579843521
        ],
        [
            0.08663202077150345,
            -0.6608078479766846,
            0.08337735384702682
        ],
        [
            0.023389793932437897,
            -0.4354962110519409,
            0.15835246443748474
        ],
        [
            -0.21347898244857788,
            -0.45652341842651367,
            0.09335651993751526
        ],
        [
            -0.030202997848391533,
            -0.6035146117210388,
            -0.25211620330810547
        ],
        [
            -0.007798364385962486,
            -0.35241952538490295,
            -0.24866418540477753
        ],
        [
            -0.1935296505689621,
            -0.355255663394928,
            -0.09458418190479279
        ],
        [
            -0.0024109988007694483,
            -0.23561610281467438,
            0.027642572298645973
        ],
        [
            0.02877226285636425,
            -0.16713622212409973,
            0.11112787574529648
        ],
        [
            0.008102094754576683,
            0.1231207549571991,
            0.3382715582847595
        ],
        [
            -0.008309172466397285,
            0.4713980555534363,
            0.4960067570209503
        ],
        [
            -0.0535624735057354,
            -0.1349133402109146,
            0.00954379141330719
        ],
        [
            -0.1542029082775116,
            0.15767435729503632,
            0.19438380002975464
        ],
        [
            -0.14738553762435913,
            0.4638875722885132,
            0.42299962043762207
        ],
        [
            -0.05681931972503662,
            -0.8842862844467163,
            -0.013890482485294342
        ],
        [
            -0.10721220076084137,
            -0.8740367889404297,
            -0.05649365484714508
        ],
        [
            0.03756353631615639,
            -0.882807731628418,
            -0.05827096104621887
        ],
        [
            -0.07483023405075073,
            -0.8590705394744873,
            -0.15528583526611328
        ],
        [
            -0.31448519229888916,
            0.42662304639816284,
            0.5233898758888245
        ],
        [
            -0.30963385105133057,
            0.48367977142333984,
            0.4616651237010956
        ],
        [
            -0.10350044816732407,
            0.513879656791687,
            0.4221075773239136
        ],
        [
            -0.13042117655277252,
            0.42714568972587585,
            0.6469008326530457
        ],
        [
            -0.042768727988004684,
            0.4373067617416382,
            0.6563884615898132
        ],
        [
            0.022414442151784897,
            0.5321916341781616,
            0.48022177815437317
        ],
        [
            0.0292644239962101,
            0.4349120259284973,
            0.4668537378311157
        ],
        [
            0.012074650265276432,
            0.06906363368034363,
            0.3011062741279602
        ],
        [
            0.10015996545553207,
            -0.2948784828186035,
            0.11550532281398773
        ],
        [
            -0.07153627276420593,
            -0.2077210545539856,
            -0.10113424062728882
        ],
        [
            -0.15094873309135437,
            0.12702542543411255,
            0.16223889589309692
        ],
        [
            -0.12853224575519562,
            0.45055490732192993,
            0.38633304834365845
        ],
        [
            -0.1871228814125061,
            -0.48462975025177,
            0.08309941738843918
        ],
        [
            0.007515954319387674,
            -0.4720020294189453,
            0.1781541258096695
        ],
        [
            0.07865782082080841,
            -0.6894039511680603,
            0.042053110897541046
        ],
        [
            -0.016296830028295517,
            -0.6398406624794006,
            -0.23096969723701477
        ],
        [
            -0.04891672730445862,
            -0.3814716935157776,
            -0.2706168293952942
        ],
        [
            -0.18794968724250793,
            -0.372547447681427,
            -0.11297862231731415
        ],
        [
            0.020267274230718613,
            -0.7206527590751648,
            -0.10219292342662811
        ],
        [
            -0.03994259238243103,
            -0.9228107333183289,
            -0.0986655205488205
        ],
        [
            0.013762748800218105,
            -0.25168097019195557,
            0.006499980576336384
        ],
        [
            0.029878422617912292,
            -0.662574291229248,
            -0.0919482633471489
        ],
        [
            0.04760979115962982,
            -0.49164003133773804,
            -0.06804822385311127
        ],
        [
            -0.049800414592027664,
            -0.8121098875999451,
            -0.0667383223772049
        ],
        [
            -0.03351673483848572,
            -0.9422309398651123,
            -0.10306772589683533
        ]
    ],
    "pred_vertices": [
        [
            -0.12377917021512985,
            -0.918748140335083,
            -0.06743338704109192
        ],
        [
            -0.12198811769485474,
            -0.9048317074775696,
            -0.0572599321603775
        ],
        [
            -0.12367391586303711,
            -0.8998870849609375,
            -0.0711776539683342
        ],
        [
            -0.12322700023651123,
            -0.9098846316337585,
            -0.08270437270402908
        ],
        [
            -0.12272457778453827,
            -0.8912416696548462,
            -0.06343165040016174
        ],
        [
            -0.11978955566883087,
            -0.8942190408706665,
            -0.05211430788040161
        ],
        [
            -0.12097308039665222,
            -0.8929378390312195,
            -0.08305376023054123
        ],
        [
            -0.1194002777338028,
            -0.8990204334259033,
            -0.09470240771770477
        ],
        [
            -0.11208246648311615,
            -0.8573033809661865,
            -0.09264051914215088
        ],
        [
            -0.10793662071228027,
            -0.8522260785102844,
            -0.10228931903839111
        ],
        [
            -0.11118443310260773,
            -0.8643059730529785,
            -0.10198655724525452
        ],
        [
            -0.11323444545269012,
            -0.8664580583572388,
            -0.09188222140073776
        ],
        [
            -0.10482729971408844,
            -0.8320611119270325,
            -0.09293153882026672
        ],
        [
            -0.10458364337682724,
            -0.823606014251709,
            -0.08198066800832748
        ],
        [
            -0.09855344891548157,
            -0.8145813345909119,
            -0.09048101305961609
        ],
        [
            -0.09734416007995605,
            -0.8227473497390747,
            -0.10132583230733871
        ],
        [
            -0.09797777235507965,
            -0.8421185612678528,
            -0.043126147240400314
        ],
        [
            -0.10077708959579468,
            -0.834617018699646,
            -0.04718669876456261
        ],
        [
            -0.10410919040441513,
            -0.8406698107719421,
            -0.050727639347314835
        ],
        [
            -0.10056211054325104,
            -0.8474314212799072,
            -0.046473316848278046
        ],
        [
            -0.0963701382279396,
            -0.8531196117401123,
            -0.03344026580452919
        ],
        [
            -0.09577243775129318,
            -0.8584216237068176,
            -0.03708036616444588
        ],
        [
            -0.09614463150501251,
            -0.862835168838501,
            -0.030389318242669106
        ],
        [
            -0.09813649952411652,
            -0.8566998243331909,
            -0.02647245302796364
        ],
        [
            -0.093056321144104,
            -0.837853729724884,
            -0.039235763251781464
        ],
        [
            -0.09589456021785736,
            -0.8299850225448608,
            -0.043875645846128464
        ],
        [
            -0.09612409770488739,
            -0.8484920263290405,
            -0.039330702275037766
        ],
        [
            -0.09545495361089706,
            -0.8444302082061768,
            -0.0362875834107399
        ],
        [
            -0.09959426522254944,
            -0.8386986255645752,
            -0.02598440833389759
        ],
        [
            -0.10035356134176254,
            -0.8430813550949097,
            -0.028487130999565125
        ],
        [
            -0.10262943804264069,
            -0.8445736169815063,
            -0.021243061870336533
        ],
        [
            -0.10047800838947296,
            -0.839451789855957,
            -0.0204010009765625
        ],
        [
            -0.09522444009780884,
            -0.8376785516738892,
            -0.03499578312039375
        ],
        [
            -0.0979042798280716,
            -0.8404639959335327,
            -0.03340359032154083
        ],
        [
            -0.09721604734659195,
            -0.8371468782424927,
            -0.029753118753433228
        ],
        [
            -0.09366666525602341,
            -0.8353284597396851,
            -0.031087297946214676
        ],
        [
            -0.0971798300743103,
            -0.8489291667938232,
            -0.030661465600132942
        ],
        [
            -0.10011325031518936,
            -0.8511149883270264,
            -0.02361420728266239
        ],
        [
            -0.10232453793287277,
            -0.8530293703079224,
            -0.015744537115097046
        ],
        [
            -0.10409680753946304,
            -0.844685971736908,
            -0.013127414509654045
        ],
        [
            -0.10231650620698929,
            -0.8193935751914978,
            -0.05899515748023987
        ],
        [
            -0.10264567285776138,
            -0.82691890001297,
            -0.05272173136472702
        ],
        [
            -0.0981161892414093,
            -0.8230534791946411,
            -0.04885535314679146
        ],
        [
            -0.09881315380334854,
            -0.8168924450874329,
            -0.05401065945625305
        ],
        [
            -0.09180926531553268,
            -0.8320446014404297,
            -0.0343131422996521
        ],
        [
            -0.09236244857311249,
            -0.8157026767730713,
            -0.03598937392234802
        ],
        [
            -0.09337412565946579,
            -0.8194141387939453,
            -0.036132097244262695
        ],
        [
            -0.09177813678979874,
            -0.8210994005203247,
            -0.029103903099894524
        ],
        [
            -0.09123516827821732,
            -0.8175246119499207,
            -0.02950342185795307
        ],
        [
            -0.09758716076612473,
            -0.8047499656677246,
            -0.0683441013097763
        ],
        [
            -0.09643018990755081,
            -0.8044936656951904,
            -0.060915421694517136
        ],
        [
            -0.09388821572065353,
            -0.7976037859916687,
            -0.06293074041604996
        ],
        [
            -0.09346218407154083,
            -0.7967329025268555,
            -0.07090220600366592
        ],
        [
            -0.09068161994218826,
            -0.7921743392944336,
            -0.061844952404499054
        ],
        [
            -0.08921458572149277,
            -0.7892367839813232,
            -0.07211562246084213
        ],
        [
            -0.08066538721323013,
            -0.7769337296485901,
            -0.06503084301948547
        ],
        [
            -0.08466584235429764,
            -0.7821762561798096,
            -0.06889061629772186
        ],
        [
            -0.08734557032585144,
            -0.7872982621192932,
            -0.05854827165603638
        ],
        [
            -0.08488499373197556,
            -0.7832015752792358,
            -0.05219840258359909
        ],
        [
            -0.08261967450380325,
            -0.7894566655158997,
            -0.037885308265686035
        ],
        [
            -0.08012399822473526,
            -0.7890129089355469,
            -0.03158551827073097
        ],
        [
            -0.08048691600561142,
            -0.7763253450393677,
            -0.0358165018260479
        ],
        [
            -0.08277247846126556,
            -0.7789206504821777,
            -0.043302882462739944
        ],
        [
            -0.08804751932621002,
            -0.8102269768714905,
            -0.03855696693062782
        ],
        [
            -0.08900444954633713,
            -0.8097589015960693,
            -0.04337748885154724
        ],
        [
            -0.09103137999773026,
            -0.8110344409942627,
            -0.04191458225250244
        ],
        [
            -0.09049002826213837,
            -0.8126479983329773,
            -0.03673947602510452
        ],
        [
            -0.09035240113735199,
            -0.8089310526847839,
            -0.04721333459019661
        ],
        [
            -0.09097477048635483,
            -0.8085018992424011,
            -0.04885290935635567
        ],
        [
            -0.09188395738601685,
            -0.809731125831604,
            -0.04784388095140457
        ],
        [
            -0.09077339619398117,
            -0.8096376657485962,
            -0.04689013212919235
        ],
        [
            -0.08971132338047028,
            -0.8096041679382324,
            -0.04509248957037926
        ],
        [
            -0.08892346173524857,
            -0.8078508377075195,
            -0.044022008776664734
        ],
        [
            -0.08991614729166031,
            -0.8082616329193115,
            -0.04624246805906296
        ],
        [
            -0.08815118670463562,
            -0.8075094223022461,
            -0.039434537291526794
        ],
        [
            -0.0843619778752327,
            -0.8070111274719238,
            -0.0248396173119545
        ],
        [
            -0.0860881358385086,
            -0.8069299459457397,
            -0.02836678922176361
        ],
        [
            -0.08505971729755402,
            -0.8116000890731812,
            -0.028311431407928467
        ],
        [
            -0.08368343859910965,
            -0.8119078874588013,
            -0.02531687542796135
        ],
        [
            -0.09223249554634094,
            -0.81171715259552,
            -0.04577944427728653
        ],
        [
            -0.09402024745941162,
            -0.8129098415374756,
            -0.047507692128419876
        ],
        [
            -0.09415965527296066,
            -0.816002607345581,
            -0.04250891134142876
        ],
        [
            -0.09237178415060043,
            -0.8135522603988647,
            -0.04204645752906799
        ],
        [
            -0.09618093818426132,
            -0.8142513036727905,
            -0.049748994410037994
        ],
        [
            -0.09328875690698624,
            -0.8106026649475098,
            -0.04990021884441376
        ],
        [
            -0.09531772136688232,
            -0.8107401132583618,
            -0.052668072283267975
        ],
        [
            -0.09028224647045135,
            -0.8067857623100281,
            -0.04845091328024864
        ],
        [
            -0.09099046885967255,
            -0.8047404885292053,
            -0.05130176246166229
        ],
        [
            -0.09252559393644333,
            -0.8072382807731628,
            -0.05102444812655449
        ],
        [
            -0.08927729725837708,
            -0.8018062114715576,
            -0.04950706660747528
        ],
        [
            -0.08889751136302948,
            -0.8052592277526855,
            -0.04590195044875145
        ],
        [
            -0.08797897398471832,
            -0.8038976192474365,
            -0.041307736188173294
        ],
        [
            -0.08687620609998703,
            -0.8028571605682373,
            -0.035456303507089615
        ],
        [
            -0.08583476394414902,
            -0.797803521156311,
            -0.03913818299770355
        ],
        [
            -0.08765216916799545,
            -0.7994093298912048,
            -0.04506539925932884
        ],
        [
            -0.09575267136096954,
            -0.819509744644165,
            -0.04490911215543747
        ],
        [
            -0.09427598863840103,
            -0.8059073686599731,
            -0.055257417261600494
        ],
        [
            -0.09784504026174545,
            -0.8116195201873779,
            -0.05794228985905647
        ],
        [
            -0.09263183176517487,
            -0.8011918067932129,
            -0.055836766958236694
        ],
        [
            -0.09011980891227722,
            -0.7970877289772034,
            -0.05456206202507019
        ],
        [
            -0.08760399371385574,
            -0.7937390804290771,
            -0.050348833203315735
        ],
        [
            -0.08513787388801575,
            -0.7912541627883911,
            -0.0443892627954483
        ],
        [
            -0.07316356897354126,
            -0.7678248882293701,
            -0.04572967067360878
        ],
        [
            -0.07711585611104965,
            -0.7716476917266846,
            -0.054429203271865845
        ],
        [
            -0.11494652926921844,
            -0.8868739604949951,
            -0.05195257440209389
        ],
        [
            -0.11915871500968933,
            -0.8849179148674011,
            -0.05994280427694321
        ],
        [
            -0.11469580233097076,
            -0.8775516152381897,
            -0.06322819739580154
        ],
        [
            -0.11638489365577698,
            -0.8795727491378784,
            -0.06438005715608597
        ],
        [
            -0.11522316932678223,
            -0.8814704418182373,
            -0.05867389217019081
        ],
        [
            -0.11367309838533401,
            -0.878844678401947,
            -0.05875401943922043
        ],
        [
            -0.11285325139760971,
            -0.8690905570983887,
            -0.08365198224782944
        ],
        [
            -0.1126788854598999,
            -0.8713626861572266,
            -0.07697193324565887
        ],
        [
            -0.11137895286083221,
            -0.8677295446395874,
            -0.0779847651720047
        ],
        [
            -0.11267313361167908,
            -0.8623136878013611,
            -0.08475324511528015
        ],
        [
            -0.10936826467514038,
            -0.8610259294509888,
            -0.06713830679655075
        ],
        [
            -0.11057804524898529,
            -0.8618228435516357,
            -0.07263708114624023
        ],
        [
            -0.11070950329303741,
            -0.868754506111145,
            -0.06848639249801636
        ],
        [
            -0.10997636616230011,
            -0.8681924939155579,
            -0.06447184085845947
        ],
        [
            -0.10847090184688568,
            -0.8682308793067932,
            -0.06042077764868736
        ],
        [
            -0.10640028119087219,
            -0.8689509034156799,
            -0.05636173486709595
        ],
        [
            -0.10518902540206909,
            -0.8636393547058105,
            -0.05687383934855461
        ],
        [
            -0.10747092962265015,
            -0.8619049787521362,
            -0.06166420504450798
        ],
        [
            -0.11146776378154755,
            -0.8835062980651855,
            -0.05353962630033493
        ],
        [
            -0.10598660260438919,
            -0.884127140045166,
            -0.04864553362131119
        ],
        [
            -0.10573093593120575,
            -0.8809993267059326,
            -0.05021091178059578
        ],
        [
            -0.1106734648346901,
            -0.8804299831390381,
            -0.05388574302196503
        ],
        [
            -0.09355214983224869,
            -0.8769925236701965,
            -0.046639345586299896
        ],
        [
            -0.09566545486450195,
            -0.8791223168373108,
            -0.04683879017829895
        ],
        [
            -0.0940495952963829,
            -0.8810591101646423,
            -0.043712690472602844
        ],
        [
            -0.09197145700454712,
            -0.8768279552459717,
            -0.043395280838012695
        ],
        [
            -0.09318341314792633,
            -0.8734055757522583,
            -0.04472450911998749
        ],
        [
            -0.09446815401315689,
            -0.8750287294387817,
            -0.04710843414068222
        ],
        [
            -0.11997130513191223,
            -0.9420017004013062,
            -0.06362757831811905
        ],
        [
            -0.119585782289505,
            -0.9255338907241821,
            -0.05356316268444061
        ],
        [
            -0.12147295475006104,
            -0.9328939914703369,
            -0.08278315514326096
        ],
        [
            -0.11897061765193939,
            -0.9212253093719482,
            -0.09671273827552795
        ],
        [
            -0.11633379757404327,
            -0.9064695239067078,
            -0.10786040127277374
        ],
        [
            -0.09845921397209167,
            -0.8083117008209229,
            -0.0787905752658844
        ],
        [
            -0.09348487108945847,
            -0.7996136546134949,
            -0.08397457003593445
        ],
        [
            -0.09192225337028503,
            -0.8064199686050415,
            -0.09835052490234375
        ],
        [
            -0.08502477407455444,
            -0.7966594099998474,
            -0.10055609792470932
        ],
        [
            -0.08750639110803604,
            -0.7900049686431885,
            -0.08529159426689148
        ],
        [
            -0.07353197038173676,
            -0.773948073387146,
            -0.07750696688890457
        ],
        [
            -0.08068956434726715,
            -0.7809260487556458,
            -0.08324306458234787
        ],
        [
            -0.0757526233792305,
            -0.7876433730125427,
            -0.10137304663658142
        ],
        [
            -0.07232002913951874,
            -0.7996436357498169,
            -0.11821311712265015
        ],
        [
            -0.08233431726694107,
            -0.8061233758926392,
            -0.11401086300611496
        ],
        [
            -0.06882913410663605,
            -0.8151251077651978,
            -0.13141854107379913
        ],
        [
            -0.05957195907831192,
            -0.7927154302597046,
            -0.12432411313056946
        ],
        [
            -0.06011708080768585,
            -0.814513087272644,
            -0.13672006130218506
        ],
        [
            -0.04755180701613426,
            -0.7588990926742554,
            -0.11072899401187897
        ],
        [
            -0.04380178079009056,
            -0.7485024333000183,
            -0.11476833373308182
        ],
        [
            -0.038318049162626266,
            -0.7544593214988708,
            -0.13175250589847565
        ],
        [
            -0.044042930006980896,
            -0.7647124528884888,
            -0.12871523201465607
        ],
        [
            -0.09012635797262192,
            -0.8136513233184814,
            -0.10910123586654663
        ],
        [
            -0.10932328552007675,
            -0.8747074007987976,
            -0.10989277809858322
        ],
        [
            -0.11399370431900024,
            -0.8745535016059875,
            -0.09798873960971832
        ],
        [
            -0.1057238057255745,
            -0.8619828224182129,
            -0.1133151426911354
        ],
        [
            -0.1084272563457489,
            -0.934714674949646,
            -0.1288107931613922
        ],
        [
            -0.11608383059501648,
            -0.9298163652420044,
            -0.11213274300098419
        ],
        [
            -0.11332208663225174,
            -0.9140360355377197,
            -0.1209016963839531
        ],
        [
            -0.10740096867084503,
            -0.9204787611961365,
            -0.1357833445072174
        ],
        [
            -0.10073519498109818,
            -0.9727374315261841,
            -0.1051306203007698
        ],
        [
            -0.11376850306987762,
            -0.959398627281189,
            -0.08452305197715759
        ],
        [
            -0.11586101353168488,
            -0.9468786716461182,
            -0.09809552878141403
        ],
        [
            -0.10588528960943222,
            -0.9562172293663025,
            -0.1157354861497879
        ],
        [
            -0.09957204759120941,
            -0.9226632118225098,
            -0.14681507647037506
        ],
        [
            -0.0876770094037056,
            -0.9253883361816406,
            -0.1611984670162201
        ],
        [
            -0.083526112139225,
            -0.9425933957099915,
            -0.16425877809524536
        ],
        [
            -0.0974370464682579,
            -0.941101610660553,
            -0.14640530943870544
        ],
        [
            -0.07384566962718964,
            -0.96470046043396,
            -0.16216608881950378
        ],
        [
            -0.09085444360971451,
            -0.9639983177185059,
            -0.14050999283790588
        ],
        [
            -0.04715171456336975,
            -0.8015296459197998,
            -0.14191997051239014
        ],
        [
            -0.050844937562942505,
            -0.8205768465995789,
            -0.14596132934093475
        ],
        [
            -0.051290303468704224,
            -0.7774991989135742,
            -0.12442249804735184
        ],
        [
            -0.04243207350373268,
            -0.7854158282279968,
            -0.14039675891399384
        ],
        [
            -0.06028740108013153,
            -0.9837238788604736,
            -0.15448272228240967
        ],
        [
            -0.08111108094453812,
            -0.9832797050476074,
            -0.12946844100952148
        ],
        [
            -0.04238501191139221,
            -0.9086840152740479,
            -0.19002021849155426
        ],
        [
            -0.053614482283592224,
            -0.9255805015563965,
            -0.18622565269470215
        ],
        [
            -0.06597594916820526,
