{
    "pred_cam": [
        1.1261860132217407,
        0.030479812994599342,
        0.16885921359062195
    ],
    "pred_smpl_params": {
        "global_orient": [
            [
                [
                    0.9792675971984863,
                    0.13805939257144928,
                    -0.14823788404464722
                ],
                [
                    0.1343725025653839,
                    -0.9903247356414795,
                    -0.03465373441576958
                ],
                [
                    -0.15158791840076447,
                    0.014016186818480492,
                    -0.9883443117141724
                ]
            ]
        ],
        "body_pose": [
            [
                [
                    0.9930789470672607,
                    -0.09947273880243301,
                    0.062443770468235016
                ],
                [
                    0.09111995995044708,
                    0.9879962801933289,
                    0.12474215775728226
                ],
                [
                    -0.07410265505313873,
                    -0.11818895488977432,
                    0.9902222752571106
                ]
            ],
            [
                [
                    0.9970480799674988,
                    -0.003064451739192009,
                    0.07671870291233063
                ],
                [
                    -0.008902408182621002,
                    0.9878499507904053,
                    0.15515568852424622
                ],
                [
                    -0.07626202702522278,
                    -0.15538066625595093,
                    0.9849066138267517
                ]
            ],
            [
                [
                    0.9980785250663757,
                    0.03727082535624504,
                    -0.04949808120727539
                ],
                [
                    -0.045348603278398514,
                    0.9837607741355896,
                    -0.17366114258766174
                ],
                [
                    0.042221780866384506,
                    0.17557214200496674,
                    0.9835606813430786
                ]
            ],
            [
                [
                    0.9965600371360779,
                    0.045092929154634476,
                    -0.06953143328428268
                ],
                [
                    -0.07753042131662369,
                    0.8036664128303528,
                    -0.5900079011917114
                ],
                [
                    0.029274923726916313,
                    0.5933691263198853,
                    0.8043978810310364
                ]
            ],
            [
                [
                    0.9902411103248596,
                    0.010950065217912197,
                    0.1389334797859192
                ],
                [
                    0.07232215255498886,
                    0.811789870262146,
                    -0.5794537663459778
                ],
                [
                    -0.11912985146045685,
                    0.5838469862937927,
                    0.8030757904052734
                ]
            ],
            [
                [
                    0.9954560399055481,
                    -0.0815010666847229,
                    -0.04924396425485611
                ],
                [
                    0.08185339719057083,
                    0.9966309666633606,
                    0.005177564453333616
                ],
                [
                    0.04865607991814613,
                    -0.0091848224401474,
                    0.998773455619812
                ]
            ],
            [
                [
                    0.9841852188110352,
                    0.07481540739536285,
                    0.1605680286884308
                ],
                [
                    -0.08995132148265839,
                    0.9919474720954895,
                    0.0891571119427681
                ],
                [
                    -0.15260471403598785,
                    -0.10219041258096695,
                    0.9829897880554199
                ]
            ],
            [
                [
                    0.9826428890228271,
                    -0.09738260507583618,
                    -0.15789157152175903
                ],
                [
                    0.09963477402925491,
                    0.9950035214424133,
                    0.006392819806933403
                ],
                [
                    0.1564801186323166,
                    -0.02201334945857525,
                    0.9874358177185059
                ]
            ],
            [
                [
                    0.9967066645622253,
                    -0.05218591168522835,
                    -0.06206804886460304
                ],
                [
                    0.04673032462596893,
                    0.9951711893081665,
                    -0.08631634712219238
                ],
                [
                    0.06627283245325089,
                    0.08313161879777908,
                    0.9943324327468872
                ]
            ],
            [
                [
                    0.9837166666984558,
                    -0.17967510223388672,
                    -0.004297067876905203
                ],
                [
                    0.17710046470165253,
                    0.9649940729141235,
                    0.19344709813594818
                ],
                [
                    -0.030610980466008186,
                    -0.19105812907218933,
                    0.9811012744903564
                ]
            ],
            [
                [
                    0.9772250652313232,
                    0.21130435168743134,
                    -0.019533371552824974
                ],
                [
                    -0.2035852074623108,
                    0.9595175981521606,
                    0.19462530314922333
                ],
                [
                    0.059867795556783676,
                    -0.18621604144573212,
                    0.9806830883026123
                ]
            ],
            [
                [
                    0.9732338786125183,
                    -0.05396796762943268,
                    -0.22339048981666565
                ],
                [
                    0.06486988067626953,
                    0.9970200061798096,
                    0.04174942895770073
                ],
                [
                    0.22047165036201477,
                    -0.05512326955795288,
                    0.9738345146179199
                ]
            ],
            [
                [
                    0.9104580283164978,
                    0.4127812683582306,
                    -0.02603396587073803
                ],
                [
                    -0.4134405255317688,
                    0.9065437316894531,
                    -0.0851198062300682
                ],
                [
                    -0.01153493020683527,
                    0.08826150745153427,
                    0.9960305094718933
                ]
            ],
            [
                [
                    0.9147456884384155,
                    -0.3952130377292633,
                    -0.08394569903612137
                ],
                [
                    0.39472249150276184,
                    0.9185106754302979,
                    -0.02307107113301754
                ],
                [
                    0.08622301369905472,
                    -0.012031089514493942,
                    0.9962031841278076
                ]
            ],
            [
                [
                    0.9705062508583069,
                    -0.10489416122436523,
                    -0.21705959737300873
                ],
                [
                    0.050568997859954834,
                    0.9689247012138367,
                    -0.24213168025016785
                ],
                [
                    0.23571260273456573,
                    0.2240138202905655,
                    0.9456518888473511
                ]
            ],
            [
                [
                    0.41167402267456055,
                    0.8428769707679749,
                    -0.34652984142303467
                ],
                [
                    -0.9052305817604065,
                    0.42212623357772827,
                    -0.0486522801220417
                ],
                [
                    0.10527143627405167,
                    0.33371829986572266,
                    0.9367763996124268
                ]
            ],
            [
                [
                    0.5895393490791321,
                    -0.7818387746810913,
                    0.20290769636631012
                ],
                [
                    0.8032918572425842,
                    0.5938189029693604,
                    -0.04584091156721115
                ],
                [
                    -0.08465021848678589,
                    0.19001910090446472,
                    0.9781243205070496
                ]
            ],
            [
                [
                    0.5337835550308228,
                    -0.2818540930747986,
                    -0.7972661852836609
                ],
                [
                    0.0362284779548645,
                    0.9495739340782166,
                    -0.31144317984580994
                ],
                [
                    0.8448446989059448,
                    0.13735948503017426,
                    0.5170781016349792
                ]
            ],
            [
                [
                    0.3191514313220978,
                    0.37961968779563904,
                    0.8683497309684753
                ],
                [
                    -0.3214457631111145,
                    0.905312716960907,
                    -0.27763545513153076
                ],
                [
                    -0.8915239572525024,
                    -0.19051960110664368,
                    0.41095900535583496
                ]
            ],
            [
                [
                    0.9976708292961121,
                    -0.06131637841463089,
                    -0.029887819662690163
                ],
                [
                    0.06288686394691467,
                    0.9965153336524963,
                    0.054793909192085266
                ],
                [
                    0.026423906907439232,
                    -0.05654583126306534,
                    0.9980502724647522
                ]
            ],
            [
                [
                    0.9903001189231873,
                    0.13689643144607544,
                    0.023770771920681
                ],
                [
                    -0.1375708132982254,
                    0.990051805973053,
                    0.029524443671107292
                ],
                [
                    -0.019492503255605698,
                    -0.03250822424888611,
                    0.9992813467979431
                ]
            ],
            [
                [
                    0.9662747979164124,
                    0.23610961437225342,
                    -0.10278753936290741
                ],
                [
                    -0.21936115622520447,
                    0.9637764096260071,
                    0.1517086625099182
                ],
                [
                    0.13488410413265228,
                    -0.12404466420412064,
                    0.9830661416053772
                ]
            ],
            [
                [
                    0.968727171421051,
                    -0.2386230230331421,
                    0.06801919639110565
                ],
                [
                    0.22683925926685333,
                    0.9627804756164551,
                    0.14696159958839417
                ],
                [
                    -0.10055597126483917,
                    -0.12693628668785095,
                    0.9868006706237793
                ]
            ]
        ],
        "betas": [
            0.0454956591129303,
            0.21070542931556702,
            0.4632052481174469,
            1.146045207977295,
            -0.04813426733016968,
            -0.027461227029561996,
            0.005974709987640381,
            0.08740752935409546,
            0.005542203783988953,
            0.003927469253540039
        ]
    },
    "pred_cam_t": [
        0.030479812994599342,
        0.16885921359062195,
        34.68565368652344
    ],
    "focal_length": [
        5000.0,
        5000.0
    ],
    "pred_keypoints_3d": [
        [
            -0.06373029947280884,
            -0.8400029540061951,
            -0.1492946445941925
        ],
        [
            0.04835381731390953,
            -0.7548669576644897,
            -0.013300696387887001
        ],
        [
            -0.1166626513004303,
            -0.6646095514297485,
            0.08156128227710724
        ],
        [
            -0.1576976478099823,
            -0.42889684438705444,
            0.15811236202716827
        ],
        [
            -0.30821657180786133,
            -0.3313089609146118,
            -0.020502522587776184
        ],
        [
            0.218064084649086,
            -0.6404839754104614,
            -0.04764554649591446
        ],
        [
            0.22453227639198303,
            -0.39335423707962036,
            0.027730189263820648
        ],
        [
            0.10170767456293106,
            -0.23247848451137543,
            -0.11534815281629562
        ],
        [
            -0.0027701607905328274,
            -0.23545025289058685,
            0.025374537333846092
        ],
        [
            -0.0774243175983429,
            -0.15434283018112183,
            0.039156876504421234
        ],
        [
            -0.17423956096172333,
            0.21029016375541687,
            -0.014994572848081589
        ],
        [
            -0.20071014761924744,
            0.5444488525390625,
            0.19481909275054932
        ],
        [
            0.050202418118715286,
            -0.13557268679141998,
            0.021498629823327065
        ],
        [
            0.06483791023492813,
            0.23248426616191864,
            -0.033933594822883606
        ],
        [
            0.03746676445007324,
            0.5570468902587891,
            0.18972186744213104
        ],
        [
            -0.06745016574859619,
            -0.8863778114318848,
            -0.1073511391878128
        ],
        [
            -0.0234285369515419,
            -0.885883092880249,
            -0.15722239017486572
        ],
        [
            -0.024820476770401,
            -0.8913016319274902,
            -0.01302248239517212
        ],
        [
            0.0754181444644928,
            -0.8890765309333801,
            -0.1228715181350708
        ],
        [
            0.026055268943309784,
            0.6777815818786621,
            0.031141221523284912
        ],
        [
            0.09554900228977203,
            0.6724284887313843,
            0.07969757914543152
        ],
        [
            0.04194972664117813,
            0.5677554607391357,
            0.25966009497642517
        ],
        [
            -0.2179344743490219,
            0.6671880483627319,
            0.037495940923690796
        ],
        [
            -0.2860180735588074,
            0.645654022693634,
            0.09029757976531982
        ],
        [
            -0.201467365026474,
            0.5610799193382263,
            0.2662467658519745
        ],
        [
            -0.21543578803539276,
            0.4871503710746765,
            0.19794249534606934
        ],
        [
            -0.1604013293981552,
            0.14889663457870483,
            -0.01598517596721649
        ],
        [
            -0.1346581131219864,
            -0.2886459529399872,
            0.05813831090927124
        ],
        [
            0.13913117349147797,
            -0.23449864983558655,
            0.02791735529899597
        ],
        [
            0.07629525661468506,
            0.19237621128559113,
            -0.035609062761068344
        ],
        [
            0.04959666728973389,
            0.5167997479438782,
            0.19720977544784546
        ],
        [
            -0.2892459034919739,
            -0.36473432183265686,
            -0.026200976222753525
        ],
        [
            -0.18976475298404694,
            -0.4587295949459076,
            0.14919188618659973
        ],
        [
            -0.08393260836601257,
            -0.6959600448608398,
            0.06330038607120514
        ],
        [
            0.18912924826145172,
            -0.6778118014335632,
            -0.03948071599006653
        ],
        [
            0.24214404821395874,
            -0.41163769364356995,
            -0.01995890773832798
        ],
        [
            0.10977962613105774,
            -0.253762811422348,
            -0.12041427195072174
        ],
        [
            0.050404831767082214,
            -0.7428373098373413,
            -0.012676860205829144
        ],
        [
            0.007151021622121334,
            -0.9396275281906128,
            -0.08900652825832367
        ],
        [
            0.0027244524098932743,
            -0.2612091898918152,
            0.04209801182150841
        ],
        [
            0.05072156712412834,
            -0.6848726272583008,
            0.008928848430514336
        ],
        [
            0.047361843287944794,
            -0.510093629360199,
            0.039066486060619354
        ],
        [
            -0.0008758939802646637,
            -0.8261886239051819,
            -0.10005493462085724
        ],
        [
            0.007415774744004011,
            -0.9598807692527771,
            -0.08158181607723236
        ]
    ],
    "pred_vertices": [
        [
            -0.021137095987796783,
            -0.9302350282669067,
            -0.17352509498596191
        ],
        [
            -0.02791742980480194,
            -0.9154471755027771,
            -0.1717233955860138
        ],
        [
            -0.013590388000011444,
            -0.9135297536849976,
            -0.17346757650375366
        ],
        [
            -0.004354692995548248,
            -0.9254230856895447,
            -0.17244254052639008
        ],
        [
            -0.019119612872600555,
            -0.903922438621521,
            -0.1727685183286667
        ],
        [
            -0.031237028539180756,
            -0.9042186737060547,
            -0.1699703335762024
        ],
        [
            -0.0004814639687538147,
            -0.9093911647796631,
            -0.17044013738632202
        ],
        [
            0.009508349001407623,
            -0.9174790382385254,
            -0.16810408234596252
        ],
        [
            0.015390317887067795,
            -0.8766181468963623,
            -0.16115401685237885
        ],
        [
            0.025455091148614883,
            -0.8736695051193237,
            -0.1569352149963379
        ],
        [
            0.0232582688331604,
            -0.8852621912956238,
            -0.16013649106025696
        ],
        [
            0.013324476778507233,
            -0.8852062225341797,
            -0.16256004571914673
        ],
        [
            0.021082140505313873,
            -0.8515254259109497,
            -0.15438328683376312
        ],
        [
            0.011924616992473602,
            -0.8410845994949341,
            -0.15417475998401642
        ],
        [
            0.021911896765232086,
            -0.8336955308914185,
            -0.14817185699939728
        ],
        [
            0.03080637753009796,
            -0.8438010811805725,
            -0.14707811176776886
        ],
        [
            -0.029764622449874878,
            -0.8515582084655762,
            -0.1485273241996765
        ],
        [
            -0.024237118661403656,
            -0.8449763655662537,
            -0.15113936364650726
        ],
        [
            -0.021892815828323364,
            -0.8517425060272217,
            -0.15411153435707092
        ],
        [
            -0.027586758136749268,
            -0.8574913740158081,
            -0.15074659883975983
        ],
        [
            -0.04169400781393051,
            -0.8603090047836304,
            -0.14742112159729004
        ],
        [
            -0.03920840471982956,
            -0.8662770390510559,
            -0.14650599658489227
        ],
        [
            -0.046665437519550323,
            -0.8692564964294434,
            -0.14718252420425415
        ],
        [
            -0.049232304096221924,
            -0.8623734712600708,
            -0.14942693710327148
        ],
        [
            -0.03294450044631958,
            -0.8463989496231079,
            -0.14400199055671692
        ],
        [
            -0.026717305183410645,
            -0.8395817279815674,
            -0.14675229787826538
        ],
        [
            -0.034951917827129364,
            -0.8570530414581299,
            -0.146805077791214
        ],
        [
            -0.03717810660600662,
            -0.8522786498069763,
            -0.14665961265563965
        ],
        [
            -0.04594048112630844,
            -0.8444864153862,
            -0.15115804970264435
        ],
        [
            -0.04440293461084366,
            -0.8493928909301758,
            -0.151774600148201
        ],
        [
            -0.051913097500801086,
            -0.8493209481239319,
            -0.15421760082244873
        ],
        [
            -0.05163649469614029,
            -0.8440563678741455,
            -0.15217410027980804
        ],
        [
            -0.037265993654727936,
            -0.8453961610794067,
            -0.14646440744400024
        ],
        [
            -0.03929437696933746,
            -0.8478297591209412,
            -0.14922483265399933
        ],
        [
            -0.04219239950180054,
            -0.8437386751174927,
            -0.14868682622909546
        ],
        [
            -0.04051033407449722,
            -0.8421744108200073,
            -0.14516130089759827
        ],
        [
            -0.04374997317790985,
            -0.8556500673294067,
            -0.1485493779182434
        ],
        [
            -0.05100812762975693,
            -0.8563341498374939,
            -0.15159142017364502
        ],
        [
            -0.059044286608695984,
            -0.8565807342529297,
            -0.15398818254470825
        ],
        [
            -0.059693679213523865,
            -0.8476845026016235,
            -0.15596766769886017
        ],
        [
            -0.00959305465221405,
            -0.8323198556900024,
            -0.1526033878326416
        ],
        [
            -0.017483316361904144,
            -0.8385947346687317,
            -0.15292099118232727
        ],
        [
            -0.020443841814994812,
            -0.8336460590362549,
            -0.14901402592658997
        ],
        [
            -0.014117389917373657,
            -0.8285195827484131,
            -0.14969851076602936
        ],
        [
            -0.036634936928749084,
            -0.8394750356674194,
            -0.1432550847530365
        ],
        [
            -0.03148876130580902,
            -0.8234007358551025,
            -0.1440119594335556
        ],
        [
            -0.03214522451162338,
            -0.8271661400794983,
            -0.14502592384815216
        ],
        [
            -0.03930496424436569,
            -0.8273621201515198,
            -0.14357797801494598
        ],
        [
            -0.03812848776578903,
            -0.8238744735717773,
            -0.14296911656856537
        ],
        [
            0.0024523548781871796,
            -0.8193331956863403,
            -0.14795845746994019
        ],
        [
            -0.0047050416469573975,
            -0.8174487352371216,
            -0.14735925197601318
        ],
        [
            -0.0012402161955833435,
            -0.8109242916107178,
            -0.14479804039001465
        ],
        [
            0.006715238094329834,
            -0.8117599487304688,
            -0.14387236535549164
        ],
        [
            -0.0007256828248500824,
            -0.8052467107772827,
            -0.14177656173706055
        ],
        [
            0.009802527725696564,
            -0.8044188618659973,
            -0.13977664709091187
        ],
        [
            0.005498018115758896,
            -0.7905145883560181,
            -0.13178911805152893
        ],
        [
            0.008206989616155624,
            -0.796698808670044,
            -0.13544973731040955
        ],
        [
            -0.002873435616493225,
            -0.7995885610580444,
            -0.13867542147636414
        ],
        [
            -0.008191965520381927,
            -0.7940307855606079,
            -0.13656587898731232
        ],
        [
            -0.02407362312078476,
            -0.7974144816398621,
            -0.13429254293441772
        ],
        [
            -0.03008003532886505,
            -0.7957273721694946,
            -0.13195466995239258
        ],
        [
            -0.023227974772453308,
            -0.7840551137924194,
            -0.13237129151821136
        ],
        [
            -0.016008615493774414,
            -0.7880669832229614,
            -0.13465549051761627
        ],
        [
            -0.027825072407722473,
            -0.8184412717819214,
            -0.1396179348230362
        ],
        [
            -0.02306896448135376,
            -0.8189730644226074,
            -0.14041374623775482
        ],
        [
            -0.024776339530944824,
            -0.8200334906578064,
            -0.1423981487751007
        ],
        [
            -0.030179031193256378,
            -0.8205506801605225,
            -0.14197753369808197
        ],
        [
            -0.01917695254087448,
            -0.8189430236816406,
            -0.14163050055503845
        ],
        [
            -0.017471827566623688,
            -0.8188377618789673,
            -0.14223916828632355
        ],
        [
            -0.01873072236776352,
            -0.819939374923706,
            -0.14310796558856964
        ],
        [
            -0.019936688244342804,
            -0.8196911811828613,
            -0.1420038342475891
        ],
        [
            -0.02165127545595169,
            -0.8192304372787476,
            -0.1410212516784668
        ],
        [
            -0.022283941507339478,
            -0.8171830773353577,
            -0.14034748077392578
        ],
        [
            -0.019958630204200745,
            -0.8180350661277771,
            -0.1412731558084488
        ],
        [
            -0.02662941813468933,
            -0.8158373832702637,
            -0.13971278071403503
        ],
        [
            -0.04043319821357727,
            -0.8122934103012085,
            -0.13631287217140198
        ],
        [
            -0.036974839866161346,
            -0.8129718899726868,
            -0.13789032399654388
        ],
        [
            -0.03812772035598755,
            -0.8176599740982056,
            -0.1368331015110016
        ],
        [
            -0.04104290157556534,
            -0.8173020482063293,
            -0.13558544218540192
        ],
        [
            -0.02141057699918747,
            -0.8215406537055969,
            -0.143561452627182
        ],
        [
            -0.019660845398902893,
            -0.8230826258659363,
            -0.14524872601032257
        ],
        [
            -0.02521565556526184,
            -0.8251482248306274,
            -0.14551813900470734
        ],
        [
            -0.025129981338977814,
            -0.8225823640823364,
            -0.14374861121177673
        ],
        [
            -0.017883777618408203,
            -0.8249920606613159,
            -0.14726704359054565
        ],
        [
            -0.01688089221715927,
            -0.8212219476699829,
            -0.1444988250732422
        ],
        [
            -0.014098159968852997,
            -0.8219567537307739,
            -0.14653871953487396
        ],
        [
            -0.01751013845205307,
            -0.8169822692871094,
            -0.1416393667459488
        ],
        [
            -0.014289505779743195,
            -0.8155070543289185,
            -0.1423511505126953
        ],
        [
            -0.015070319175720215,
            -0.8180336356163025,
            -0.14377908408641815
        ],
        [
            -0.01539786159992218,
            -0.8121484518051147,
            -0.14074091613292694
        ],
        [
            -0.019647911190986633,
            -0.8148918747901917,
            -0.14033162593841553
        ],
        [
            -0.02377907931804657,
            -0.8125399351119995,
            -0.13952404260635376
        ],
        [
            -0.02924075722694397,
            -0.8103190660476685,
            -0.13850000500679016
        ],
        [
            -0.024560369551181793,
            -0.8060198426246643,
            -0.1373940408229828
        ],
        [
            -0.01915406435728073,
            -0.8088628649711609,
            -0.13911746442317963
        ],
        [
            -0.023596003651618958,
            -0.8291558623313904,
            -0.14709003269672394
        ],
        [
            -0.010641045868396759,
            -0.817619800567627,
            -0.14542564749717712
        ],
        [
            -0.009136706590652466,
            -0.8239912986755371,
            -0.14875149726867676
        ],
        [
            -0.009063005447387695,
            -0.8129532337188721,
            -0.1438886970281601
        ],
        [
            -0.009381808340549469,
            -0.8085352182388306,
            -0.14149993658065796
        ],
        [
            -0.012288294732570648,
            -0.8042855262756348,
            -0.1391141414642334
        ],
        [
            -0.01805701106786728,
            -0.800534188747406,
            -0.13663308322429657
        ],
        [
            -0.01184723898768425,
            -0.7777904272079468,
            -0.1247798502445221
        ],
        [
            -0.0036925412714481354,
            -0.7831916809082031,
            -0.12860733270645142
        ],
        [
            -0.029934048652648926,
            -0.8978244662284851,
            -0.16477623581886292
        ],
        [
            -0.021649427711963654,
            -0.8973661661148071,
            -0.1690465807914734
        ],
        [
            -0.017074912786483765,
            -0.8909224271774292,
            -0.16440118849277496
        ],
        [
            -0.016268305480480194,
            -0.8932117223739624,
            -0.16586652398109436
        ],
        [
            -0.022229686379432678,
            -0.8939182758331299,
            -0.16488832235336304
        ],
        [
            -0.02180960774421692,
            -0.8913061618804932,
            -0.16347892582416534
        ],
        [
            0.004272975027561188,
            -0.8862912654876709,
            -0.16246598958969116
        ],
        [
            -0.0026613473892211914,
            -0.8873443007469177,
            -0.1623942255973816
        ],
        [
            -0.0007953792810440063,
            -0.8838658332824707,
            -0.1610989272594452
        ],
        [
            0.0068334415555000305,
            -0.8798997402191162,
            -0.16206413507461548
        ],
        [
            -0.010079853236675262,
            -0.8750666379928589,
            -0.1592506319284439
        ],
        [
            -0.004811272025108337,
            -0.876924455165863,
            -0.16031596064567566
        ],
        [
            -0.010456092655658722,
            -0.8829687833786011,
            -0.1606164276599884
        ],
        [
            -0.014289185404777527,
            -0.8816486597061157,
            -0.15988320112228394
        ],
        [
            -0.01831945776939392,
            -0.8808907270431519,
            -0.15852254629135132
        ],
        [
            -0.022191576659679413,
            -0.8807359933853149,
            -0.15645375847816467
        ],
        [
            -0.020896248519420624,
            -0.8756593465805054,
            -0.15525223314762115
        ],
        [
            -0.015810713171958923,
            -0.8749206066131592,
            -0.15744423866271973
        ],
        [
            -0.028048746287822723,
            -0.894921064376831,
            -0.16120773553848267
        ],
        [
            -0.032869234681129456,
            -0.8944048881530762,
            -0.15589639544487
        ],
        [
            -0.031001508235931396,
            -0.8915506601333618,
            -0.15581193566322327
        ],
        [
            -0.02720574289560318,
            -0.8918086886405945,
            -0.16057467460632324
        ],
        [
            -0.03383239358663559,
            -0.8866167068481445,
            -0.1438612937927246
        ],
        [
            -0.03399442136287689,
            -0.888792872428894,
            -0.1458742469549179
        ],
        [
            -0.037582144141197205,
            -0.8900104761123657,
            -0.14435432851314545
        ],
        [
            -0.03704068064689636,
            -0.8857111930847168,
            -0.14246723055839539
        ],
        [
            -0.03507053107023239,
            -0.8826366662979126,
            -0.14367249608039856
        ],
        [
            -0.03304700553417206,
            -0.8847969770431519,
            -0.1448284238576889
        ],
        [
            -0.029477983713150024,
            -0.951570987701416,
            -0.16961371898651123
        ],
        [
            -0.03625117242336273,
            -0.9338271617889404,
            -0.16936059296131134
        ],
        [
            -0.00885261595249176,
            -0.947084903717041,
            -0.17075899243354797
        ],
        [
            0.007016636431217194,
            -0.9389375448226929,
            -0.16773346066474915
        ],
        [
            0.02076660841703415,
            -0.927314817905426,
            -0.16437867283821106
        ],
        [
            0.01182662695646286,
            -0.8250523805618286,
            -0.14835858345031738
        ],
        [
            0.018712129443883896,
            -0.8172658681869507,
            -0.143454909324646
        ],
        [
            0.03142847865819931,
            -0.8269811868667603,
            -0.14170053601264954
        ],
        [
            0.03557012975215912,
            -0.8175272345542908,
            -0.13465741276741028
        ],
        [
            0.022189825773239136,
            -0.807857096195221,
            -0.13751062750816345
        ],
        [
            0.017892058938741684,
            -0.7906233668327332,
            -0.12349200993776321
        ],
        [
            0.022087406367063522,
            -0.798448920249939,
            -0.13064232468605042
        ],
        [
            0.03799609839916229,
            -0.8088688254356384,
            -0.12492018938064575
        ],
        [
            0.05168667063117027,
            -0.8239578008651733,
            -0.12115491181612015
        ],
        [
            0.046763770282268524,
            -0.8296117186546326,
            -0.13203294575214386
        ],
        [
            0.061222199350595474,
            -0.8415415287017822,
            -0.11726535856723785
        ],
        [
            0.05867950618267059,
            -0.818519115447998,
            -0.10718251764774323
        ],
        [
            0.066014863550663,
            -0.8419431447982788,
            -0.10818140208721161
        ],
        [
            0.05292629450559616,
            -0.7808164358139038,
            -0.0931013897061348
        ],
        [
            0.05945702642202377,
            -0.769858181476593,
            -0.08791641891002655
        ],
        [
            0.07474599778652191,
            -0.779004693031311,
            -0.08259648084640503
        ],
        [
            0.06942307949066162,
            -0.7898997068405151,
            -0.08960909396409988
        ],
        [
            0.04004222899675369,
            -0.8362347483634949,
            -0.13992469012737274
        ],
        [
            0.02877482771873474,
            -0.896492600440979,
            -0.1577589511871338
        ],
        [
            0.017785653471946716,
            -0.8943767547607422,
            -0.16288313269615173
        ],
        [
            0.03439772501587868,
            -0.8850968480110168,
            -0.15472406148910522
        ],
        [
            0.035175010561943054,
            -0.9580656290054321,
            -0.15619191527366638
        ],
        [
            0.019912637770175934,
            -0.9501739740371704,
            -0.16426454484462738
        ],
        [
            0.031914688646793365,
            -0.936610221862793,
            -0.16179096698760986
        ],
        [
            0.04498696327209473,
            -0.946069598197937,
            -0.15498490631580353
        ],
        [
            0.00443827360868454,
            -0.9903454780578613,
            -0.14856770634651184
        ],
        [
            -0.012733310461044312,
            -0.9734702110290527,
            -0.16194283962249756
        ],
        [
            0.0026908069849014282,
            -0.9634658098220825,
            -0.163288414478302
        ],
        [
            0.017994321882724762,
            -0.9764699935913086,
            -0.15397979319095612
        ],
        [
            0.054722145199775696,
            -0.9500426054000854,
            -0.14714808762073517
        ],
        [
            0.06833203136920929,
            -0.9551578164100647,
            -0.13517311215400696
        ],
        [
            0.06736329942941666,
            -0.972881019115448,
            -0.1310487985610962
        ],
        [
            0.050376154482364655,
            -0.9676223397254944,
            -0.14493675529956818
        ],
        [
            0.06078357249498367,
            -0.9943712949752808,
            -0.12126845121383667
        ],
        [
            0.04003215581178665,
            -0.9889042377471924,
            -0.13834966719150543
        ],
        [
            0.0744299665093422,
            -0.8300742506980896,
            -0.09521554410457611
        ],
        [
            0.07428069412708282,
            -0.8485511541366577,
            -0.09937138855457306
        ],
        [
            0.062034785747528076,
            -0.8028228878974915,
            -0.09790903329849243
        ],
        [
            0.07642371207475662,
            -0.813409686088562,
            -0.08963042497634888
        ],
        [
            0.04950219392776489,
            -1.0116548538208008,
            -0.10730592161417007
        ],
        [
            0.025250539183616638,
            -1.0057586431503296,
            -0.1286730319261551
        ],
        [
            0.09853559732437134,
            -0.9445061683654785,
            -0.08956065773963928
        ],
        [
            0.09237240254878998,
            -0.9602220058441162,
            -0.10092470794916153
        ],
        [
            0.08704199641942978,
