{
    "pred_cam": [
        1.1265329122543335,
        0.0748363807797432,
        0.15391573309898376
    ],
    "pred_smpl_params": {
        "global_orient": [
            [
                [
                    0.9796038866043091,
                    0.09883607178926468,
                    -0.17495043575763702
                ],
                [
                    0.10024792701005936,
                    -0.9949621558189392,
                    -0.0007710528443567455
                ],
                [
                    -0.17414528131484985,
                    -0.01678309217095375,
                    -0.9845768809318542
                ]
            ]
        ],
        "body_pose": [
            [
                [
                    0.9937501549720764,
                    -0.08138536661863327,
                    0.0764002874493599
                ],
                [
                    0.07359389215707779,
                    0.9922838807106018,
                    0.09978298097848892
                ],
                [
                    -0.08393164724111557,
                    -0.09353675693273544,
                    0.9920717477798462
                ]
            ],
            [
                [
                    0.996059238910675,
                    -0.0140555240213871,
                    0.08756914734840393
                ],
                [
                    0.0011791761498898268,
                    0.9893737435340881,
                    0.14538952708244324
                ],
                [
                    -0.0886821448802948,
                    -0.14471334218978882,
                    0.9854914546012878
                ]
            ],
            [
                [
                    0.9976378083229065,
                    0.01741061359643936,
                    -0.06645067781209946
                ],
                [
                    -0.027083123102784157,
                    0.9886819124221802,
                    -0.1475619524717331
                ],
                [
                    0.06312943994998932,
                    0.14901307225227356,
                    0.9868180155754089
                ]
            ],
            [
                [
                    0.9960493445396423,
                    0.03647913411259651,
                    -0.08096229285001755
                ],
                [
                    -0.07587458193302155,
                    0.8233087062835693,
                    -0.5624995827674866
                ],
                [
                    0.04613747075200081,
                    0.5664203763008118,
                    0.8228239417076111
                ]
            ],
            [
                [
                    0.9862105250358582,
                    0.027589676901698112,
                    0.16317962110042572
                ],
                [
                    0.077544204890728,
                    0.7940343618392944,
                    -0.6029065847396851
                ],
                [
                    -0.14620423316955566,
                    0.607246458530426,
                    0.7809455990791321
                ]
            ],
            [
                [
                    0.9944285750389099,
                    -0.08401519805192947,
                    -0.06366514414548874
                ],
                [
                    0.0855613723397255,
                    0.9960908889770508,
                    0.021956829354166985
                ],
                [
                    0.06157156825065613,
                    -0.027281776070594788,
                    0.9977297186851501
                ]
            ],
            [
                [
                    0.9842634201049805,
                    0.04832381010055542,
                    0.169971764087677
                ],
                [
                    -0.06527993828058243,
                    0.9932743906974792,
                    0.09562666714191437
                ],
                [
                    -0.1642075628042221,
                    -0.10521756857633591,
                    0.9807982444763184
                ]
            ],
            [
                [
                    0.9798429012298584,
                    -0.0678948238492012,
                    -0.18787796795368195
                ],
                [
                    0.07126320153474808,
                    0.9973943829536438,
                    0.011224391870200634
                ],
                [
                    0.1866263449192047,
                    -0.024386923760175705,
                    0.9821282029151917
                ]
            ],
            [
                [
                    0.9963457584381104,
                    -0.04897910729050636,
                    -0.06997301429510117
                ],
                [
                    0.0433620922267437,
                    0.9958789348602295,
                    -0.0796540230512619
                ],
                [
                    0.07358603924512863,
                    0.07632876932621002,
                    0.9943636059761047
                ]
            ],
            [
                [
                    0.9879284501075745,
                    -0.1535002440214157,
                    -0.020856840535998344
                ],
                [
                    0.1547805219888687,
                    0.972591757774353,
                    0.17351709306240082
                ],
                [
                    -0.006349722854793072,
                    -0.17465071380138397,
                    0.9846099019050598
                ]
            ],
            [
                [
                    0.9839070439338684,
                    0.17854411900043488,
                    0.006997114047408104
                ],
                [
                    -0.17703282833099365,
                    0.9687756896018982,
                    0.17358838021755219
                ],
                [
                    0.024214554578065872,
                    -0.17203354835510254,
                    0.9847934246063232
                ]
            ],
            [
                [
                    0.9757347106933594,
                    -0.05195888504385948,
                    -0.21270181238651276
                ],
                [
                    0.05582397058606148,
                    0.9983660578727722,
                    0.012202023528516293
                ],
                [
                    0.211720272898674,
                    -0.023779796436429024,
                    0.9770409464836121
                ]
            ],
            [
                [
                    0.9203467965126038,
                    0.3903699517250061,
                    0.023939047008752823
                ],
                [
                    -0.38658684492111206,
                    0.9172881841659546,
                    -0.09556672722101212
                ],
                [
                    -0.0592653863132,
                    0.07870001345872879,
                    0.9951351284980774
                ]
            ],
            [
                [
                    0.923274576663971,
                    -0.3594242036342621,
                    -0.1355666220188141
                ],
                [
                    0.3607528805732727,
                    0.9325326681137085,
                    -0.015496648848056793
                ],
                [
                    0.13199017941951752,
                    -0.03459839150309563,
                    0.99064701795578
                ]
            ],
            [
                [
                    0.9756037592887878,
                    -0.09009158611297607,
                    -0.2002021074295044
                ],
                [
                    0.042923133820295334,
                    0.9725964665412903,
                    -0.22850310802459717
                ],
                [
                    0.21530207991600037,
                    0.21433517336845398,
                    0.9527357816696167
                ]
            ],
            [
                [
                    0.4224991202354431,
                    0.8589580059051514,
                    -0.28928467631340027
                ],
                [
                    -0.9040970206260681,
                    0.421956866979599,
                    -0.06753524392843246
                ],
                [
                    0.06405571848154068,
                    0.2900749742984772,
                    0.9548577666282654
                ]
            ],
            [
                [
                    0.6228285431861877,
                    -0.7638496160507202,
                    0.16916990280151367
                ],
                [
                    0.7783010005950928,
                    0.6269333958625793,
                    -0.034670788794755936
                ],
                [
                    -0.07957499474287033,
                    0.1532590687274933,
                    0.9849768877029419
                ]
            ],
            [
                [
                    0.6040059328079224,
                    -0.26492077112197876,
                    -0.7516605854034424
                ],
                [
                    0.050124071538448334,
                    0.9538965225219727,
                    -0.2959204316139221
                ],
                [
                    0.7954019904136658,
                    0.14106139540672302,
                    0.5894380807876587
                ]
            ],
            [
                [
                    0.2825959026813507,
                    0.3869337737560272,
                    0.8777368068695068
                ],
                [
                    -0.3635066747665405,
                    0.8899851441383362,
                    -0.27529874444007874
                ],
                [
                    -0.8876950740814209,
                    -0.24126486480236053,
                    0.3921591639518738
                ]
            ],
            [
                [
                    0.999083936214447,
                    -0.04055052623152733,
                    -0.01366717740893364
                ],
                [
                    0.041168976575136185,
                    0.9979742169380188,
                    0.048503074795007706
                ],
                [
                    0.011672666296362877,
                    -0.049021314829587936,
                    0.998729407787323
                ]
            ],
            [
                [
                    0.9906410574913025,
                    0.13646812736988068,
                    -0.00257493881508708
                ],
                [
                    -0.1363295316696167,
                    0.9902041554450989,
                    0.030163617804646492
                ],
                [
                    0.006666088476777077,
                    -0.029530281201004982,
                    0.9995415210723877
                ]
            ],
            [
                [
                    0.9675037264823914,
                    0.23094548285007477,
                    -0.10296011716127396
                ],
                [
                    -0.21434523165225983,
                    0.9650839567184448,
                    0.1505628228187561
                ],
                [
                    0.13413694500923157,
                    -0.12360107898712158,
                    0.9832243919372559
                ]
            ],
            [
                [
                    0.969574511051178,
                    -0.23749230802059174,
                    0.059352144598960876
                ],
                [
                    0.227852925658226,
                    0.9641719460487366,
                    0.13585084676742554
                ],
                [
                    -0.08948920667171478,
                    -0.11819395422935486,
                    0.9889498353004456
                ]
            ]
        ],
        "betas": [
            -0.017782151699066162,
            -0.016560077667236328,
            0.2634298503398895,
            0.4415229558944702,
            0.027295410633087158,
            0.015583489090204239,
            0.005200117826461792,
            -0.03928983211517334,
            0.030800744891166687,
            -0.024899005889892578
        ]
    },
    "pred_cam_t": [
        0.0748363807797432,
        0.15391573309898376,
        34.67497634887695
    ],
    "focal_length": [
        5000.0,
        5000.0
    ],
    "pred_keypoints_3d": [
        [
            -0.09658901393413544,
            -0.8199441432952881,
            -0.13165056705474854
        ],
        [
            0.024013478308916092,
            -0.7431328296661377,
            -0.0020378828048706055
        ],
        [
            -0.1285109519958496,
            -0.6502318382263184,
            0.101128488779068
        ],
        [
            -0.16975510120391846,
            -0.41497838497161865,
            0.18339478969573975
        ],
        [
            -0.3544064164161682,
            -0.3390182852745056,
            0.027278229594230652
        ],
        [
            0.19524142146110535,
            -0.6427009701728821,
            -0.04872380197048187
        ],
        [
            0.2286657989025116,
            -0.3977013826370239,
            0.02873729169368744
        ],
        [
            0.1400652527809143,
            -0.20996341109275818,
            -0.10646378993988037
        ],
        [
            -0.002097886987030506,
            -0.22864559292793274,
            0.027830880135297775
        ],
        [
            -0.07594715803861618,
            -0.14505931735038757,
            0.0454237274825573
        ],
        [
            -0.15425828099250793,
            0.22633764147758484,
            0.00826503336429596
        ],
        [
            -0.16768528521060944,
            0.5461181402206421,
            0.24306730926036835
        ],
        [
            0.05742774158716202,
            -0.13044902682304382,
            0.02417714148759842
        ],
        [
            0.07884310185909271,
            0.24063265323638916,
            -0.008497975766658783
        ],
        [
            0.06692757457494736,
            0.5614031553268433,
            0.22431790828704834
        ],
        [
            -0.10188394784927368,
            -0.8658854961395264,
            -0.09043934941291809
        ],
        [
            -0.05927997827529907,
            -0.8672857880592346,
            -0.14134949445724487
        ],
        [
            -0.05678223818540573,
            -0.8732485771179199,
            0.002267315983772278
        ],
        [
            0.039653658866882324,
            -0.8756284713745117,
            -0.10981293022632599
        ],
        [
            0.05622971057891846,
            0.6863750219345093,
            0.06945149600505829
        ],
        [
            0.1262357532978058,
            0.6762428283691406,
            0.11500629782676697
        ],
        [
            0.07439254224300385,
            0.5700986385345459,
            0.29442083835601807
        ],
        [
            -0.18203037977218628,
            0.6798548698425293,
            0.09710642695426941
        ],
        [
            -0.25143155455589294,
            0.657098114490509,
            0.14625567197799683
        ],
        [
            -0.1678721010684967,
            0.5579311847686768,
            0.3157527446746826
        ],
        [
            -0.18483543395996094,
            0.48961377143859863,
            0.24222469329833984
        ],
        [
            -0.14420968294143677,
            0.16521252691745758,
            0.004628804046660662
        ],
        [
            -0.1405593752861023,
            -0.27679580450057983,
            0.06344575434923172
        ],
        [
            0.145368292927742,
            -0.232038676738739,
            0.025768255814909935
        ],
        [
            0.09035414457321167,
            0.20027825236320496,
            -0.012242360040545464
        ],
        [
            0.07821223139762878,
            0.520483672618866,
            0.2306833267211914
        ],
        [
            -0.3344314992427826,
            -0.3708566725254059,
            0.01983269676566124
        ],
        [
            -0.20179998874664307,
            -0.44697776436805725,
            0.18032383918762207
        ],
        [
            -0.10003480315208435,
            -0.6812448501586914,
            0.08101794123649597
        ],
        [
            0.16529902815818787,
            -0.6768374443054199,
            -0.03825533390045166
        ],
        [
            0.24558159708976746,
            -0.41701817512512207,
            -0.019339537248015404
        ],
        [
            0.14460575580596924,
            -0.23182590305805206,
            -0.11270909011363983
        ],
        [
            0.02707308903336525,
            -0.7342919707298279,
            -0.001965602859854698
        ],
        [
            -0.028572548180818558,
            -0.9229398965835571,
            -0.07339659333229065
        ],
        [
            0.0031113214790821075,
            -0.2542397975921631,
            0.04381762817502022
        ],
        [
            0.03083271160721779,
            -0.6769639849662781,
            0.01785341277718544
        ],
        [
            0.036023806780576706,
            -0.4991688132286072,
            0.04144645109772682
        ],
        [
            -0.03255746513605118,
            -0.8094632625579834,
            -0.0849815085530281
        ],
        [
            -0.028999971225857735,
            -0.9431895613670349,
            -0.06612706929445267
        ]
    ],
    "pred_vertices": [
        [
            -0.059351302683353424,
            -0.9123676419258118,
            -0.15741418302059174
        ],
        [
            -0.0654083788394928,
            -0.8971729278564453,
            -0.1552342027425766
        ],
        [
            -0.05111818015575409,
            -0.8958359956741333,
            -0.15740299224853516
        ],
        [
            -0.04237384349107742,
            -0.9082061648368835,
            -0.15674135088920593
        ],
        [
            -0.05618751049041748,
            -0.8857866525650024,
            -0.1566055864095688
        ],
        [
            -0.0681418925523758,
            -0.8855406045913696,
            -0.15351486206054688
        ],
        [
            -0.037810198962688446,
            -0.8921931982040405,
            -0.15484848618507385
        ],
        [
            -0.028056755661964417,
            -0.9008967876434326,
            -0.1528245508670807
        ],
        [
            -0.02015666663646698,
            -0.8599733710289001,
            -0.14636768400669098
        ],
        [
            -0.009864173829555511,
            -0.8575122356414795,
            -0.1424209475517273
        ],
        [
            -0.01273857057094574,
            -0.8690586686134338,
            -0.14535415172576904
        ],
        [
            -0.02269754558801651,
            -0.8684427738189697,
            -0.14756235480308533
        ],
        [
            -0.013138793408870697,
            -0.8352843523025513,
            -0.1397753357887268
        ],
        [
            -0.021877899765968323,
            -0.824447751045227,
            -0.13939158618450165
        ],
        [
            -0.011441748589277267,
            -0.8176061511039734,
            -0.13346615433692932
        ],
        [
            -0.00300048291683197,
            -0.8280378580093384,
            -0.13244013488292694
        ],
        [
            -0.06367874890565872,
            -0.8328289985656738,
            -0.13256454467773438
        ],
        [
            -0.05800782889127731,
            -0.8265749216079712,
            -0.13530738651752472
        ],
        [
            -0.056053876876831055,
            -0.8333885073661804,
            -0.13845619559288025
        ],
        [
            -0.061858393251895905,
            -0.838840126991272,
            -0.13490059971809387
        ],
        [
            -0.07576946169137955,
            -0.8409695625305176,
            -0.13083133101463318
        ],
        [
            -0.07361103594303131,
            -0.8470439910888672,
            -0.13009344041347504
        ],
        [
            -0.08112392574548721,
            -0.8496918082237244,
            -0.13033339381217957
        ],
        [
            -0.08334659785032272,
            -0.8427401185035706,
            -0.13238336145877838
        ],
        [
            -0.06635956466197968,
            -0.8276119232177734,
            -0.12772494554519653
        ],
        [
            -0.060002341866493225,
            -0.8212239742279053,
            -0.1306089460849762
        ],
        [
            -0.06896863132715225,
            -0.8380264043807983,
            -0.1306229531764984
        ],
        [
            -0.07085513323545456,
            -0.8331760764122009,
            -0.1302272081375122
        ],
        [
            -0.07923007011413574,
            -0.8251029253005981,
            -0.13412165641784668
        ],
        [
            -0.07794205099344254,
            -0.8300548791885376,
            -0.1348552703857422
        ],
        [
            -0.08542875200510025,
            -0.8296796083450317,
            -0.13694313168525696
        ],
        [
            -0.08484956622123718,
            -0.8244389891624451,
            -0.13492044806480408
        ],
        [
            -0.0705886259675026,
            -0.8263682723045349,
            -0.12986993789672852
        ],
        [
            -0.07274992018938065,
            -0.8286616802215576,
            -0.13253726065158844
        ],
        [
            -0.07542994618415833,
            -0.8244907855987549,
            -0.13182175159454346
        ],
        [
            -0.07361608743667603,
            -0.8230376243591309,
            -0.1283518373966217
        ],
        [
            -0.07752489298582077,
            -0.8362413644790649,
            -0.13175493478775024
        ],
        [
            -0.08481582999229431,
            -0.8366448879241943,
            -0.13441114127635956
        ],
        [
            -0.09281174093484879,
            -0.836583137512207,
            -0.1363886147737503
        ],
        [
            -0.09309454262256622,
            -0.82776939868927,
            -0.1383558064699173
        ],
        [
            -0.0429392009973526,
            -0.8147859573364258,
            -0.13714444637298584
        ],
        [
            -0.05105053633451462,
            -0.8205622434616089,
            -0.13728070259094238
        ],
        [
            -0.05359707027673721,
            -0.8156524300575256,
            -0.1330675482749939
        ],
        [
            -0.04711482673883438,
            -0.8109126687049866,
            -0.13389070332050323
        ],
        [
            -0.06964229792356491,
            -0.820635974407196,
            -0.1266123652458191
        ],
        [
            -0.06388883292675018,
            -0.8051000833511353,
            -0.12753908336162567
        ],
        [
            -0.06469544023275375,
            -0.808758020401001,
            -0.12845098972320557
        ],
        [
            -0.07181025296449661,
            -0.8086463212966919,
            -0.12675254046916962
        ],
        [
            -0.07051897794008255,
            -0.8052803874015808,
            -0.12628675997257233
        ],
        [
            -0.03023982048034668,
            -0.8026701211929321,
            -0.13267570734024048
        ],
        [
            -0.03725630044937134,
            -0.800529420375824,
            -0.1316716969013214
        ],
        [
            -0.033520013093948364,
            -0.7943331003189087,
            -0.12919694185256958
        ],
        [
            -0.02565094083547592,
            -0.7954800128936768,
            -0.12866909801959991
        ],
        [
            -0.032792553305625916,
            -0.7889077067375183,
            -0.12614589929580688
        ],
        [
            -0.022202059626579285,
            -0.7885118722915649,
            -0.12456484138965607
        ],
        [
            -0.025586113333702087,
            -0.7747907042503357,
            -0.11630174517631531
        ],
        [
            -0.02332048863172531,
            -0.7808836698532104,
            -0.12018045037984848
        ],
        [
            -0.03456566482782364,
            -0.7833281755447388,
            -0.12291382253170013
        ],
        [
            -0.03953921049833298,
            -0.7776645421981812,
            -0.12056179344654083
        ],
        [
            -0.05534382164478302,
            -0.780078113079071,
            -0.1180194690823555
        ],
        [
            -0.061089999973773956,
            -0.778113842010498,
            -0.11547106504440308
        ],
        [
            -0.05385669320821762,
            -0.7669836282730103,
            -0.1159503161907196
        ],
        [
            -0.04699688404798508,
            -0.771403431892395,
            -0.11836506426334381
        ],
        [
            -0.059971198439598083,
            -0.8004331588745117,
            -0.12332437187433243
        ],
        [
            -0.05528244376182556,
            -0.801192581653595,
            -0.12425258010625839
        ],
        [
            -0.0570591539144516,
            -0.802118182182312,
            -0.12620064616203308
        ],
        [
            -0.06245104968547821,
            -0.8023816347122192,
            -0.12563279271125793
        ],
        [
            -0.05148368328809738,
            -0.8013625144958496,
            -0.12556496262550354
        ],
        [
            -0.04981488734483719,
            -0.8013100624084473,
            -0.1262218952178955
        ],
        [
            -0.051093533635139465,
            -0.8023000955581665,
            -0.12706390023231506
        ],
        [
            -0.05224443972110748,
            -0.8019964098930359,
            -0.12593917548656464
        ],
        [
            -0.05392048507928848,
            -0.801496148109436,
            -0.12490027397871017
        ],
        [
            -0.05445875972509384,
            -0.7995122671127319,
            -0.12417960166931152
        ],
        [
            -0.0522317960858345,
            -0.8004719614982605,
            -0.12516997754573822
        ],
        [
            -0.05871555954217911,
            -0.7980263233184814,
            -0.12340255081653595
        ],
        [
            -0.07217812538146973,
            -0.7936934232711792,
            -0.11968521773815155
        ],
        [
            -0.06884407997131348,
            -0.7946109175682068,
            -0.12134751677513123
        ],
        [
            -0.07012231647968292,
            -0.7991063594818115,
            -0.12027689814567566
        ],
        [
            -0.07296701520681381,
            -0.7985820770263672,
            -0.11893746256828308
        ],
        [
            -0.053782448172569275,
            -0.8036876916885376,
            -0.12742657959461212
        ],
        [
            -0.05216175317764282,
            -0.8053318858146667,
            -0.1291184425354004
        ],
        [
            -0.05773889273405075,
            -0.807138204574585,
            -0.12917298078536987
        ],
        [
            -0.057525694370269775,
            -0.8046143054962158,
            -0.12747475504875183
        ],
        [
            -0.050578951835632324,
            -0.8072580099105835,
            -0.13122183084487915
        ],
        [
            -0.04935642331838608,
            -0.8036485910415649,
            -0.1284794956445694
        ],
        [
            -0.04671959578990936,
            -0.8044664859771729,
            -0.1305970698595047
        ],
        [
            -0.04977833479642868,
            -0.7995530366897583,
            -0.12560316920280457
        ],
        [
            -0.046565860509872437,
            -0.7982492446899414,
            -0.12636449933052063
        ],
        [
            -0.04746025800704956,
            -0.8006290197372437,
            -0.12781250476837158
        ],
        [
            -0.04750151187181473,
            -0.7949562072753906,
            -0.12473320960998535
        ],
        [
            -0.05179193615913391,
            -0.7974480390548706,
            -0.12423199415206909
        ],
        [
            -0.05578646808862686,
            -0.7949956059455872,
            -0.12330357730388641
        ],
        [
            -0.06111744046211243,
            -0.7925126552581787,
            -0.1221935972571373
        ],
        [
            -0.05628952383995056,
            -0.7885228395462036,
            -0.12124087661504745
        ],
        [
            -0.051057830452919006,
            -0.7915726900100708,
            -0.1230475902557373
        ],
        [
            -0.056360334157943726,
            -0.811083972454071,
            -0.1308395266532898
        ],
        [
            -0.04308236390352249,
            -0.8004477024078369,
            -0.12953610718250275
        ],
        [
            -0.041957683861255646,
            -0.8067278861999512,
            -0.13301609456539154
        ],
        [
            -0.04132404923439026,
            -0.7959778308868408,
            -0.1280074268579483
        ],
        [
            -0.041447609663009644,
            -0.7916864156723022,
            -0.12561072409152985
        ],
        [
            -0.04409688711166382,
            -0.7874777317047119,
            -0.12313363701105118
        ],
        [
            -0.049588508903980255,
            -0.7834742069244385,
            -0.12057802826166153
        ],
        [
            -0.042087554931640625,
            -0.7612693309783936,
            -0.10882697999477386
        ],
        [
            -0.03433092683553696,
            -0.7671235799789429,
            -0.11284094303846359
        ],
        [
            -0.06647464632987976,
            -0.8790226578712463,
            -0.14853402972221375
        ],
        [
            -0.05834576487541199,
            -0.8788957595825195,
            -0.15307748317718506
        ],
        [
            -0.053339749574661255,
            -0.872622013092041,
            -0.14866963028907776
        ],
        [
            -0.05269487947225571,
            -0.8749901056289673,
            -0.15014299750328064
        ],
        [
            -0.05862944573163986,
            -0.8753851652145386,
            -0.14896471798419952
        ],
        [
            -0.05804969370365143,
            -0.8728291988372803,
            -0.14756985008716583
        ],
        [
            -0.03177405148744583,
            -0.8690192699432373,
            -0.14726242423057556
        ],
        [
            -0.03874490410089493,
            -0.8697314858436584,
            -0.14705002307891846
        ],
        [
            -0.036696966737508774,
            -0.8663766384124756,
            -0.14583584666252136
        ],
        [
            -0.02890835702419281,
            -0.8627890348434448,
            -0.14703717827796936
        ],
        [
            -0.04551248997449875,
            -0.8572461605072021,
            -0.1438068002462387
        ],
        [
            -0.04040108621120453,
            -0.8593219518661499,
            -0.14501714706420898
        ],
        [
            -0.046292178332805634,
            -0.8650779128074646,
            -0.14507785439491272
        ],
        [
            -0.05002608150243759,
            -0.8635711669921875,
            -0.14426863193511963
        ],
        [
            -0.053965672850608826,
            -0.8625810146331787,
            -0.14283210039138794
        ],
        [
            -0.057765938341617584,
            -0.8622389435768127,
            -0.14064079523086548
        ],
        [
            -0.05618490278720856,
            -0.8572269678115845,
            -0.13950997591018677
        ],
        [
            -0.051160313189029694,
            -0.8567801713943481,
            -0.14185012876987457
        ],
        [
            -0.06437929719686508,
            -0.8760511875152588,
            -0.1451101005077362
        ],
        [
            -0.0690561830997467,
            -0.8753108978271484,
            -0.1396481841802597
        ],
        [
            -0.06707200407981873,
            -0.8725133538246155,
            -0.13964754343032837
        ],
        [
            -0.06342417746782303,
            -0.8729574680328369,
            -0.1445770561695099
        ],
        [
            -0.06926345080137253,
            -0.867396891117096,
            -0.12770508229732513
        ],
        [
            -0.06962434947490692,
            -0.8695532083511353,
            -0.12970569729804993
        ],
        [
            -0.0731721743941307,
            -0.8705897331237793,
            -0.12810935080051422
        ],
        [
            -0.07233379036188126,
            -0.8663851022720337,
            -0.12623034417629242
        ],
        [
            -0.07025332748889923,
            -0.8634325861930847,
            -0.12745819985866547
        ],
        [
            -0.06838013976812363,
            -0.8656536340713501,
            -0.12867185473442078
        ],
        [
            -0.06837235391139984,
            -0.9335381984710693,
            -0.153034046292305
        ],
        [
            -0.07463090866804123,
            -0.9153108596801758,
            -0.15284599363803864
        ],
        [
            -0.047780849039554596,
            -0.9299025535583496,
            -0.15488463640213013
        ],
        [
            -0.031371958553791046,
            -0.9223566055297852,
            -0.15252119302749634
        ],
        [
            -0.017141036689281464,
            -0.9111827611923218,
            -0.14939799904823303
        ],
        [
            -0.0211360901594162,
            -0.8087103366851807,
            -0.13338197767734528
        ],
        [
            -0.01385137066245079,
            -0.8013862371444702,
            -0.12871193885803223
        ],
        [
            -0.0014865323901176453,
            -0.8114643096923828,
            -0.1271379441022873
        ],
        [
            0.003123503178358078,
            -0.8025411367416382,
            -0.12024646997451782
        ],
        [
            -0.009832184761762619,
            -0.7923880815505981,
            -0.1228489875793457
        ],
        [
            -0.012900590896606445,
            -0.7752018570899963,
            -0.10868974030017853
        ],
        [
            -0.009320501238107681,
            -0.7830806970596313,
            -0.11600080132484436
        ],
        [
            0.006088037043809891,
            -0.7943227291107178,
            -0.11070071160793304
        ],
        [
            0.01911928877234459,
            -0.8097641468048096,
            -0.10725407302379608
        ],
        [
            0.013741619884967804,
            -0.8148596882820129,
            -0.11768867820501328
        ],
        [
            0.02784397453069687,
            -0.8276753425598145,
            -0.10391825437545776
        ],
        [
            0.02650328353047371,
            -0.8048697113990784,
            -0.0937998816370964
        ],
        [
            0.0326165109872818,
            -0.8284531831741333,
            -0.09512729942798615
        ],
        [
            0.02251654863357544,
            -0.7682414054870605,
            -0.08086457848548889
        ],
        [
            0.02934165671467781,
            -0.7582652568817139,
            -0.0765591487288475
        ],
        [
            0.04404447600245476,
            -0.7679001092910767,
            -0.0717477947473526
        ],
        [
            0.038437291979789734,
            -0.7780107259750366,
            -0.07791959494352341
        ],
        [
            0.006711773574352264,
            -0.8209637403488159,
            -0.1254034787416458
        ],
        [
            -0.007763296365737915,
            -0.8806911706924438,
            -0.1430613398551941
        ],
        [
            -0.018709510564804077,
            -0.8780059814453125,
            -0.14782865345478058
        ],
        [
            -0.0015834271907806396,
            -0.8695071339607239,
            -0.14028826355934143
        ],
        [
            -0.0034903809428215027,
            -0.9431531429290771,
            -0.14125138521194458
        ],
        [
            -0.018772780895233154,
            -0.9343245625495911,
            -0.14888763427734375
        ],
        [
            -0.006212808191776276,
            -0.9211171269416809,
            -0.14689750969409943
        ],
        [
            0.006613090634346008,
            -0.9312015771865845,
            -0.14027753472328186
        ],
        [
            -0.035074807703495026,
            -0.9743300676345825,
            -0.13269846141338348
        ],
        [
            -0.052308425307273865,
            -0.956485390663147,
            -0.1458354890346527
        ],
        [
            -0.036416925489902496,
            -0.9470243453979492,
            -0.147635817527771
        ],
        [
            -0.021107301115989685,
            -0.961027204990387,
            -0.13864488899707794
        ],
        [
            0.016687892377376556,
            -0.9357566833496094,
            -0.1327807903289795
        ],
        [
            0.03045348823070526,
            -0.9413670301437378,
            -0.12118174880743027
        ],
        [
            0.0290028378367424,
            -0.9587271213531494,
            -0.11628007888793945
        ],
        [
            0.01183357834815979,
            -0.9533135294914246,
            -0.1299000084400177
        ],
        [
            0.02176150679588318,
            -0.9797732830047607,
            -0.10601934790611267
        ],
        [
            0.0010109469294548035,
            -0.9738583564758301,
            -0.12291015684604645
        ],
        [
            0.041781432926654816,
            -0.8170463442802429,
            -0.08271223306655884
        ],
        [
            0.040854789316654205,
            -0.8354533910751343,
            -0.08683363348245621
        ],
        [
            0.030601996928453445,
            -0.7899366617202759,
            -0.08535781502723694
        ],
        [
            0.04448903724551201,
            -0.8011291027069092,
            -0.07759757339954376
        ],
        [
            0.01021779328584671,
            -0.9957221150398254,
            -0.0916052833199501
        ],
        [
            -0.013989217579364777,
            -0.9898457527160645,
            -0.11259712278842926
        ],
        [
            0.061459124088287354,
            -0.9318180084228516,
            -0.07647968828678131
        ],
        [
            0.054688386619091034,
            -0.9472670555114746,
            -0.08719906955957413
        ],
        [
            0.049898095428943634,
