{
    "pred_cam": [
        1.1305875778198242,
        0.07007521390914917,
        0.15615957975387573
    ],
    "pred_smpl_params": {
        "global_orient": [
            [
                [
                    0.9823103547096252,
                    0.08317768573760986,
                    -0.16777318716049194
                ],
                [
                    0.08444150537252426,
                    -0.996428370475769,
                    0.00040027571958489716
                ],
                [
                    -0.1671406775712967,
                    -0.014560215175151825,
                    -0.9858255386352539
                ]
            ]
        ],
        "body_pose": [
            [
                [
                    0.9931948781013489,
                    -0.08539403229951859,
                    0.07919473201036453
                ],
                [
                    0.07677431404590607,
                    0.9913821220397949,
                    0.10614682734012604
                ],
                [
                    -0.08757654577493668,
                    -0.09934436529874802,
                    0.9911916851997375
                ]
            ],
            [
                [
                    0.995698869228363,
                    -0.018904604017734528,
                    0.09069930016994476
                ],
                [
                    0.00331623712554574,
                    0.9856060743331909,
                    0.1690257489681244
                ],
                [
                    -0.09258914738893509,
                    -0.16799797117710114,
                    0.9814295172691345
                ]
            ],
            [
                [
                    0.997424840927124,
                    0.021475885063409805,
                    -0.06842873990535736
                ],
                [
                    -0.031824104487895966,
                    0.9875691533088684,
                    -0.15392999351024628
                ],
                [
                    0.06427232921123505,
                    0.15571127831935883,
                    0.9857094287872314
                ]
            ],
            [
                [
                    0.9954207539558411,
                    0.03737538307905197,
                    -0.0879812091588974
                ],
                [
                    -0.08281232416629791,
                    0.7969008088111877,
                    -0.5984072685241699
                ],
                [
                    0.04774657264351845,
                    0.6029528975486755,
                    0.7963467240333557
                ]
            ],
            [
                [
                    0.9856936931610107,
                    0.021270640194416046,
                    0.16719917953014374
                ],
                [
                    0.09175174683332443,
                    0.7644218802452087,
                    -0.6381542682647705
                ],
                [
                    -0.14138464629650116,
                    0.6443654298782349,
                    0.7515342235565186
                ]
            ],
            [
                [
                    0.9943282008171082,
                    -0.08630818873643875,
                    -0.062147412449121475
                ],
                [
                    0.08838818222284317,
                    0.9955868721008301,
                    0.03153073042631149
                ],
                [
                    0.059151798486709595,
                    -0.03684499114751816,
                    0.9975687265396118
                ]
            ],
            [
                [
                    0.9826540946960449,
                    0.04187154769897461,
                    0.1806591898202896
                ],
                [
                    -0.062312133610248566,
                    0.9920873045921326,
                    0.10899544507265091
                ],
                [
                    -0.1746658831834793,
                    -0.11836206912994385,
                    0.9774877429008484
                ]
            ],
            [
                [
                    0.978950560092926,
                    -0.05045162886381149,
                    -0.1977638304233551
                ],
                [
                    0.05439547076821327,
                    0.9984133839607239,
                    0.014557251706719398
                ],
                [
                    0.1967155933380127,
                    -0.02500828355550766,
                    0.9801416993141174
                ]
            ],
            [
                [
                    0.9961444735527039,
                    -0.05264963209629059,
                    -0.0701727420091629
                ],
                [
                    0.047017425298690796,
                    0.9957150220870972,
                    -0.07963043451309204
                ],
                [
                    0.07406456023454666,
                    0.07602407783269882,
                    0.9943514466285706
                ]
            ],
            [
                [
                    0.9880179762840271,
                    -0.14901794493198395,
                    -0.0401761420071125
                ],
                [
                    0.15359905362129211,
                    0.9748397469520569,
                    0.16153894364833832
                ],
                [
                    0.01509309746325016,
                    -0.1657743901014328,
                    0.9860482215881348
                ]
            ],
            [
                [
                    0.9874560236930847,
                    0.15787886083126068,
                    0.002185072284191847
                ],
                [
                    -0.15585051476955414,
                    0.9723638296127319,
                    0.17383664846420288
                ],
                [
                    0.025320447981357574,
                    -0.171996608376503,
                    0.9847720265388489
                ]
            ],
            [
                [
                    0.9727038145065308,
                    -0.05533018708229065,
                    -0.22535733878612518
                ],
                [
                    0.06066159904003143,
                    0.9980170726776123,
                    0.016796862706542015
                ],
                [
                    0.2239810973405838,
                    -0.03000890649855137,
                    0.9741314053535461
                ]
            ],
            [
                [
                    0.9179655313491821,
                    0.39417195320129395,
                    0.0443582609295845
                ],
                [
                    -0.3890431821346283,
                    0.9165009260177612,
                    -0.09312116354703903
                ],
                [
                    -0.0773601308465004,
                    0.06822475045919418,
                    0.9946661591529846
                ]
            ],
            [
                [
                    0.9221940040588379,
                    -0.35459646582603455,
                    -0.1543359011411667
                ],
                [
                    0.3580853044986725,
                    0.9336724877357483,
                    -0.005526104010641575
                ],
                [
                    0.14605872333049774,
                    -0.05016927421092987,
                    0.9880029559135437
                ]
            ],
            [
                [
                    0.9749929308891296,
                    -0.08781088888645172,
                    -0.2041514366865158
                ],
                [
                    0.04234541952610016,
                    0.9752025008201599,
                    -0.21722546219825745
                ],
                [
                    0.21816375851631165,
                    0.20314845442771912,
                    0.9545339345932007
                ]
            ],
            [
                [
                    0.43734055757522583,
                    0.8581472039222717,
                    -0.26891767978668213
                ],
                [
                    -0.897263765335083,
                    0.4364781379699707,
                    -0.06636719405651093
                ],
                [
                    0.06042387709021568,
                    0.27031514048576355,
                    0.9608739614486694
                ]
            ],
            [
                [
                    0.6453302502632141,
                    -0.7501184344291687,
                    0.1444690227508545
                ],
                [
                    0.7585458159446716,
                    0.6515998244285583,
                    -0.005090732593089342
                ],
                [
                    -0.09031734615564346,
                    0.11287157237529755,
                    0.9894962310791016
                ]
            ],
            [
                [
                    0.671806812286377,
                    -0.24359624087810516,
                    -0.6995258927345276
                ],
                [
                    0.06906651705503464,
                    0.9608640670776367,
                    -0.26827242970466614
                ],
                [
                    0.7374994158744812,
                    0.1319134533405304,
                    0.6623393893241882
                ]
            ],
            [
                [
                    0.32088351249694824,
                    0.39033299684524536,
                    0.862945020198822
                ],
                [
                    -0.41976144909858704,
                    0.8753659725189209,
                    -0.2398643046617508
                ],
                [
                    -0.8490195274353027,
                    -0.28526249527931213,
                    0.4447372555732727
                ]
            ],
            [
                [
                    0.9998037815093994,
                    -0.01944463513791561,
                    -0.003785630688071251
                ],
                [
                    0.01956847868859768,
                    0.999159574508667,
                    0.03601619228720665
                ],
                [
                    0.00308212754316628,
                    -0.03608320653438568,
                    0.9993440508842468
                ]
            ],
            [
                [
                    0.9916285276412964,
                    0.12649938464164734,
                    -0.025896510109305382
                ],
                [
                    -0.1261560171842575,
                    0.9919044971466064,
                    0.014495640993118286
                ],
                [
                    0.02752055414021015,
                    -0.011107292026281357,
                    0.9995594620704651
                ]
            ],
            [
                [
                    0.9674692153930664,
                    0.2276977151632309,
                    -0.11025955528020859
                ],
                [
                    -0.21139314770698547,
                    0.9670130610466003,
                    0.14212195575237274
                ],
                [
                    0.13898327946662903,
                    -0.1141904890537262,
                    0.9836891293525696
                ]
            ],
            [
                [
                    0.9705759286880493,
                    -0.2351217418909073,
                    0.051960695534944534
                ],
                [
                    0.22675290703773499,
                    0.9650556445121765,
                    0.131341814994812
                ],
                [
                    -0.08102628588676453,
                    -0.11569499224424362,
                    0.989974319934845
                ]
            ]
        ],
        "betas": [
            -0.026317760348320007,
            -0.0619332492351532,
            0.17212876677513123,
            0.2958317995071411,
            0.040019452571868896,
            0.017204973846673965,
            0.002405136823654175,
            -0.05697071552276611,
            0.03096480667591095,
            -0.018923044204711914
        ]
    },
    "pred_cam_t": [
        0.07007521390914917,
        0.15615957975387573,
        34.55061721801758
    ],
    "focal_length": [
        5000.0,
        5000.0
    ],
    "pred_keypoints_3d": [
        [
            -0.1058492511510849,
            -0.8167071342468262,
            -0.12681804597377777
        ],
        [
            0.01674152910709381,
            -0.7395796775817871,
            0.00035655684769153595
        ],
        [
            -0.13397015631198883,
            -0.6447448134422302,
            0.10304968059062958
        ],
        [
            -0.18020066618919373,
            -0.409297376871109,
            0.18353362381458282
        ],
        [
            -0.3844659924507141,
            -0.3398624658584595,
            0.0499827116727829
        ],
        [
            0.19013351202011108,
            -0.6427735686302185,
            -0.04422473907470703
        ],
        [
            0.22923952341079712,
            -0.3978489935398102,
            0.031960390508174896
        ],
        [
            0.16774113476276398,
            -0.1956063210964203,
            -0.09764782339334488
        ],
        [
            -0.0019784329924732447,
            -0.22698669135570526,
            0.028268717229366302
        ],
        [
            -0.07509227842092514,
            -0.14228981733322144,
            0.04510190337896347
        ],
        [
            -0.1467980444431305,
            0.22949647903442383,
            -0.0021440498530864716
        ],
        [
            -0.1539192795753479,
            0.5447264909744263,
            0.23979827761650085
        ],
        [
            0.05957647040486336,
            -0.1297922134399414,
            0.024692026898264885
        ],
        [
            0.08804821968078613,
            0.2409200668334961,
            -0.010237382724881172
        ],
        [
            0.08090831339359283,
            0.5533308386802673,
            0.23465152084827423
        ],
        [
            -0.11117003113031387,
            -0.8618409633636475,
            -0.08486607670783997
        ],
        [
            -0.06909304112195969,
            -0.8644083738327026,
            -0.13613495230674744
        ],
        [
            -0.06520702689886093,
            -0.8679307103157043,
            0.007453594356775284
        ],
        [
            0.030042938888072968,
            -0.8729487061500549,
            -0.10534479469060898
        ],
        [
            0.07444208860397339,
            0.6824632883071899,
            0.08339536190032959
        ],
        [
            0.14401456713676453,
            0.669662594795227,
            0.1288156807422638
        ],
        [
            0.08819450438022614,
            0.5597147941589355,
            0.3051077127456665
        ],
        [
            -0.16615378856658936,
            0.6812407970428467,
            0.09648746252059937
        ],
        [
            -0.23575517535209656,
            0.6587600708007812,
            0.14495393633842468
        ],
        [
            -0.15449398756027222,
            0.5550533533096313,
            0.31274741888046265
        ],
        [
            -0.172511026263237,
            0.48860251903533936,
            0.23761200904846191
        ],
        [
            -0.13804446160793304,
            0.16864733397960663,
            -0.004737936891615391
        ],
        [
            -0.1423371136188507,
            -0.27271050214767456,
            0.06365624815225601
        ],
        [
            0.14648987352848053,
            -0.23265555500984192,
            0.02744300663471222
        ],
        [
            0.09907061606645584,
            0.20061860978603363,
            -0.014022881165146828
        ],
        [
            0.09133681654930115,
            0.5119739174842834,
            0.23966172337532043
        ],
        [
            -0.36479705572128296,
            -0.37045425176620483,
            0.03985298424959183
        ],
        [
            -0.21083128452301025,
            -0.44258254766464233,
            0.1835096776485443
        ],
        [
            -0.10651042312383652,
            -0.6760095953941345,
            0.08301711082458496
        ],
        [
            0.15927797555923462,
            -0.6761146187782288,
            -0.034277960658073425
        ],
        [
            0.24808740615844727,
            -0.41763466596603394,
            -0.01513293944299221
        ],
        [
            0.17069542407989502,
            -0.21713754534721375,
            -0.104695625603199
        ],
        [
            0.020452093333005905,
            -0.7312999963760376,
            0.0012319115921854973
        ],
        [
            -0.037948064506053925,
            -0.919073760509491,
            -0.06741217523813248
        ],
        [
            0.0027956063859164715,
            -0.252522736787796,
            0.04478036239743233
        ],
        [
            0.024842921644449234,
            -0.6739465594291687,
            0.020722202956676483
        ],
        [
            0.03218873217701912,
            -0.49564313888549805,
            0.04202907532453537
        ],
        [
            -0.0413365513086319,
            -0.8059551119804382,
            -0.08105262368917465
        ],
        [
            -0.03843100741505623,
            -0.9392285346984863,
            -0.05971616506576538
        ]
    ],
    "pred_vertices": [
        [
            -0.06947237998247147,
            -0.9097598195075989,
            -0.15129058063030243
        ],
        [
            -0.07537026703357697,
            -0.8945174217224121,
            -0.1492478847503662
        ],
        [
            -0.061121679842472076,
            -0.8933060169219971,
            -0.15160134434700012
        ],
        [
            -0.052479591220617294,
            -0.9057316780090332,
            -0.15085741877555847
        ],
        [
            -0.06612037867307663,
            -0.8832009434700012,
            -0.15097996592521667
        ],
        [
            -0.07805436849594116,
            -0.8828288316726685,
            -0.14778536558151245
        ],
        [
            -0.04779258742928505,
            -0.8897260427474976,
            -0.14926552772521973
        ],
        [
            -0.03807404637336731,
            -0.8984899520874023,
            -0.14718768000602722
        ],
        [
            -0.029896005988121033,
            -0.8574532270431519,
            -0.141622856259346
        ],
        [
            -0.019563987851142883,
            -0.8550031185150146,
            -0.13781112432479858
        ],
        [
            -0.02251525968313217,
            -0.866588830947876,
            -0.14045929908752441
        ],
        [
            -0.03247303143143654,
            -0.8659071326255798,
            -0.14261730015277863
        ],
        [
            -0.02260284125804901,
            -0.8327218294143677,
            -0.1355200707912445
        ],
        [
            -0.03131460025906563,
            -0.821835994720459,
            -0.13526621460914612
        ],
        [
            -0.020766787230968475,
            -0.8149780631065369,
            -0.12951073050498962
        ],
        [
            -0.012384410947561264,
            -0.8254278898239136,
            -0.12833862006664276
        ],
        [
            -0.0731235221028328,
            -0.8297997713088989,
            -0.12794087827205658
        ],
        [
            -0.06744087487459183,
            -0.8236464858055115,
            -0.1308261752128601
        ],
        [
            -0.06555520743131638,
            -0.8305099010467529,
            -0.13387812674045563
        ],
        [
            -0.07137352973222733,
            -0.8358569145202637,
            -0.13018390536308289
        ],
        [
            -0.08521566540002823,
            -0.8378079533576965,
            -0.12590843439102173
        ],
        [
            -0.08310062438249588,
            -0.843880295753479,
            -0.1250985562801361
        ],
        [
            -0.09062313288450241,
            -0.8464862108230591,
            -0.12519057095050812
        ],
        [
            -0.09280554205179214,
            -0.839557409286499,
            -0.12731996178627014
        ],
        [
            -0.07572469860315323,
            -0.8244925737380981,
            -0.12315698713064194
        ],
        [
            -0.06935766339302063,
            -0.818216860294342,
            -0.12619231641292572
        ],
        [
            -0.07842742651700974,
            -0.8349214792251587,
            -0.12584714591503143
        ],
        [
            -0.08024489879608154,
            -0.830043375492096,
            -0.12550485134124756
        ],
        [
            -0.08858188986778259,
            -0.8220100402832031,
            -0.12938854098320007
        ],
        [
            -0.08733319491147995,
            -0.8269813060760498,
            -0.13006609678268433
        ],
        [
            -0.0948372408747673,
            -0.8265901803970337,
            -0.13206994533538818
        ],
        [
            -0.09419649094343185,
            -0.8213263750076294,
            -0.13012996315956116
        ],
        [
            -0.07994771003723145,
            -0.8232533931732178,
            -0.12523306906223297
        ],
        [
            -0.08213026076555252,
            -0.8255667686462402,
            -0.12784206867218018
        ],
        [
            -0.08477611839771271,
            -0.8213763236999512,
            -0.1271502524614334
        ],
        [
            -0.08292719721794128,
            -0.8198779225349426,
            -0.12372975051403046
        ],
        [
            -0.08694766461849213,
            -0.8330963850021362,
            -0.12689149379730225
        ],
        [
            -0.09425481408834457,
            -0.8334969282150269,
            -0.12943223118782043
        ],
        [
            -0.10225137323141098,
            -0.8334250450134277,
            -0.13130922615528107
        ],
        [
            -0.10247087478637695,
            -0.8246649503707886,
            -0.13342522084712982
        ],
        [
            -0.05231417715549469,
            -0.8120137453079224,
            -0.13299283385276794
        ],
        [
            -0.06048265099525452,
            -0.8177238702774048,
            -0.1329653412103653
        ],
        [
            -0.06294640898704529,
            -0.8127316236495972,
            -0.1288127601146698
        ],
        [
            -0.05643434822559357,
            -0.8080596923828125,
            -0.12976664304733276
        ],
        [
            -0.07892222702503204,
            -0.8174847364425659,
            -0.12208602577447891
        ],
        [
            -0.07306866347789764,
            -0.8020216822624207,
            -0.12335237115621567
        ],
        [
            -0.07390568405389786,
            -0.8056817054748535,
            -0.12418216466903687
        ],
        [
            -0.08100541681051254,
            -0.805496335029602,
            -0.12240983545780182
        ],
        [
            -0.07969265431165695,
            -0.8021394610404968,
            -0.12203152477741241
        ],
        [
            -0.039484284818172455,
            -0.7999484539031982,
            -0.128818541765213
        ],
        [
            -0.04647945612668991,
            -0.7977357506752014,
            -0.12779273092746735
        ],
        [
            -0.042677395045757294,
            -0.7915546894073486,
            -0.1254478543996811
        ],
        [
            -0.03480742126703262,
            -0.7927477359771729,
            -0.12496842443943024
        ],
        [
            -0.041859135031700134,
            -0.7861111164093018,
            -0.12249818444252014
        ],
        [
            -0.031248345971107483,
            -0.7857626676559448,
            -0.12099921703338623
        ],
        [
            -0.034415632486343384,
            -0.7719433307647705,
            -0.11290799081325531
        ],
        [
            -0.03225484490394592,
            -0.778079628944397,
            -0.11673106253147125
        ],
        [
            -0.04354836046695709,
            -0.7804837822914124,
            -0.11934490501880646
        ],
        [
            -0.048446767032146454,
            -0.7747618556022644,
            -0.11703849583864212
        ],
        [
            -0.06431108713150024,
            -0.7769855260848999,
            -0.11434148252010345
        ],
        [
            -0.07001197338104248,
            -0.7749224305152893,
            -0.11178508400917053
        ],
        [
            -0.06269612163305283,
            -0.7639114856719971,
            -0.11247728019952774
        ],
        [
            -0.05584368854761124,
            -0.7684219479560852,
            -0.11487521231174469
        ],
        [
            -0.06910344213247299,
            -0.797331690788269,
            -0.11927172541618347
        ],
        [
            -0.06443202495574951,
            -0.7981431484222412,
            -0.12022309005260468
        ],
        [
            -0.06623344868421555,
            -0.7990851402282715,
            -0.12213946878910065
        ],
        [
            -0.07162614911794662,
            -0.7993036508560181,
            -0.1215154230594635
        ],
        [
            -0.0606604740023613,
            -0.7983604669570923,
            -0.12156960368156433
        ],
        [
            -0.059001825749874115,
            -0.7983212471008301,
            -0.12224718928337097
        ],
        [
            -0.060287587344646454,
            -0.7993128299713135,
            -0.12305599451065063
        ],
        [
            -0.06144600361585617,
            -0.7989870309829712,
            -0.12193460762500763
        ],
        [
            -0.06310813874006271,
            -0.798462986946106,
            -0.12088558077812195
        ],
        [
            -0.06362318247556686,
            -0.796474814414978,
            -0.1201891303062439
        ],
        [
            -0.06139954924583435,
            -0.7974649667739868,
            -0.12118349969387054
        ],
        [
            -0.06786052882671356,
            -0.7949547171592712,
            -0.11939579248428345
        ],
        [
            -0.08123514801263809,
            -0.7904090881347656,
            -0.11566966027021408
        ],
        [
            -0.07793769240379333,
            -0.7914068102836609,
            -0.11732988059520721
        ],
        [
            -0.07923918962478638,
            -0.7958611249923706,
            -0.11617828905582428
        ],
        [
            -0.08204083889722824,
            -0.79527747631073,
            -0.11481891572475433
        ],
        [
            -0.06297826021909714,
            -0.8006729483604431,
            -0.1233704686164856
        ],
        [
            -0.061382003128528595,
            -0.8023668527603149,
            -0.1250360757112503
        ],
        [
            -0.06696755439043045,
            -0.8041421175003052,
            -0.12499518692493439
        ],
        [
            -0.06672098487615585,
            -0.8015953898429871,
            -0.12335537374019623
        ],
        [
            -0.05985251069068909,
            -0.8043336868286133,
            -0.1271246373653412
        ],
        [
            -0.058575697243213654,
            -0.8006938695907593,
            -0.1244635283946991
        ],
        [
            -0.055945537984371185,
            -0.8015518188476562,
            -0.12658686935901642
        ],
        [
            -0.058949537575244904,
            -0.7965701818466187,
            -0.12165991961956024
        ],
        [
            -0.05574415624141693,
            -0.7952994704246521,
            -0.1224706619977951
        ],
        [
            -0.05666440725326538,
            -0.7976833581924438,
            -0.12387122958898544
        ],
        [
            -0.056638941168785095,
            -0.7919903993606567,
            -0.12088783085346222
        ],
        [
            -0.06093285232782364,
            -0.7944401502609253,
            -0.12030081450939178
        ],
        [
            -0.06489726901054382,
            -0.7919589281082153,
            -0.11937309056520462
        ],
        [
            -0.07020483911037445,
            -0.7894177436828613,
            -0.11826923489570618
        ],
        [
            -0.06534340977668762,
            -0.7854599952697754,
            -0.11743150651454926
        ],
        [
            -0.06014734506607056,
            -0.7885689735412598,
            -0.11922425776720047
        ],
        [
            -0.06561639904975891,
            -0.8080961108207703,
            -0.12661531567573547
        ],
        [
            -0.05229659378528595,
            -0.7975722551345825,
            -0.12561890482902527
        ],
        [
            -0.051238395273685455,
            -0.8039023876190186,
            -0.12900656461715698
        ],
        [
            -0.050501786172389984,
            -0.7931041717529297,
            -0.12418442219495773
        ],
        [
            -0.050577349960803986,
            -0.7887941598892212,
            -0.12186092138290405
        ],
        [
            -0.053109847009181976,
            -0.784538745880127,
            -0.11943942308425903
        ],
        [
            -0.05859383940696716,
            -0.7804708480834961,
            -0.11689410358667374
        ],
        [
            -0.050800517201423645,
            -0.7582086324691772,
            -0.10555271804332733
        ],
        [
            -0.04306001961231232,
            -0.7641783356666565,
            -0.10951860249042511
        ],
        [
            -0.07635121047496796,
            -0.8762398958206177,
            -0.14294156432151794
        ],
        [
            -0.06825585663318634,
            -0.876227617263794,
            -0.14759093523025513
        ],
        [
            -0.06319502741098404,
            -0.8699010610580444,
            -0.14337629079818726
        ],
        [
            -0.062595896422863,
            -0.8723234534263611,
            -0.14480172097682953
        ],
        [
            -0.06849377602338791,
            -0.8726393580436707,
            -0.14354610443115234
        ],
        [
            -0.06790278106927872,
            -0.8700764179229736,
            -0.14221523702144623
        ],
        [
            -0.041603341698646545,
            -0.8664199113845825,
            -0.1422356516122818
        ],
        [
            -0.04857773333787918,
            -0.8670783042907715,
            -0.1419597864151001
        ],
        [
            -0.04648095369338989,
            -0.8637168407440186,
            -0.14082713425159454
        ],
        [
            -0.03867512196302414,
            -0.8602094650268555,
            -0.14215224981307983
        ],
        [
            -0.05522419512271881,
            -0.8545126914978027,
            -0.138906329870224
        ],
        [
            -0.050135158002376556,
            -0.8566312789916992,
            -0.14012138545513153
        ],
        [
            -0.056087926030159,
            -0.8623533248901367,
            -0.14001955091953278
        ],
        [
            -0.0598098561167717,
            -0.8608096241950989,
            -0.13920935988426208
        ],
        [
            -0.06372992694377899,
            -0.8597605228424072,
            -0.13776512444019318
        ],
        [
            -0.06748614460229874,
            -0.8593548536300659,
            -0.13553477823734283
        ],
        [
            -0.06587164103984833,
            -0.8543355464935303,
            -0.13451898097991943
        ],
        [
            -0.060868047177791595,
            -0.8539708852767944,
            -0.13691340386867523
        ],
        [
            -0.07424630224704742,
            -0.8731864094734192,
            -0.1396470069885254
        ],
        [
            -0.0788496732711792,
            -0.8723210096359253,
            -0.13413959741592407
        ],
        [
            -0.07687470316886902,
            -0.8695239424705505,
            -0.1342380940914154
        ],
        [
            -0.0732770785689354,
            -0.8700793981552124,
            -0.13919910788536072
        ],
        [
            -0.07889772206544876,
            -0.8641784191131592,
            -0.12239237129688263
        ],
        [
            -0.07930027693510056,
            -0.8663660883903503,
            -0.12433922290802002
        ],
        [
            -0.0828365758061409,
            -0.8673535585403442,
            -0.12269212305545807
        ],
        [
            -0.0819401815533638,
            -0.8631268739700317,
            -0.12091509997844696
        ],
        [
            -0.07984895259141922,
            -0.860216498374939,
            -0.1222085952758789
        ],
        [
            -0.07800699025392532,
            -0.8624652624130249,
            -0.12339440733194351
        ],
        [
            -0.07858562469482422,
            -0.9307833313941956,
            -0.1464199274778366
        ],
        [
            -0.08476010710000992,
            -0.912529468536377,
            -0.14650437235832214
        ],
        [
            -0.05804308503866196,
            -0.9273449182510376,
            -0.1485854536294937
        ],
        [
            -0.04154471307992935,
            -0.9198678731918335,
            -0.14657540619373322
        ],
        [
            -0.027202412486076355,
            -0.9087697267532349,
            -0.14369013905525208
        ],
        [
            -0.03041531890630722,
            -0.8060489892959595,
            -0.12949463725090027
        ],
        [
            -0.023033764213323593,
            -0.7987172603607178,
            -0.1250188946723938
        ],
        [
            -0.010684382170438766,
            -0.8088140487670898,
            -0.12334392964839935
        ],
        [
            -0.005969282239675522,
            -0.7998842597007751,
            -0.11662011593580246
        ],
        [
            -0.01887340098619461,
            -0.7896907925605774,
            -0.1193249374628067
        ],
        [
            -0.021632902324199677,
            -0.7723441123962402,
            -0.10535286366939545
        ],
        [
            -0.01821054518222809,
            -0.7803061008453369,
            -0.11260464787483215
        ],
        [
            -0.0028755776584148407,
            -0.7916213274002075,
            -0.10717901587486267
        ],
        [
            0.010034613311290741,
            -0.8070429563522339,
            -0.10355417430400848
        ],
        [
            0.004592545330524445,
            -0.8121744990348816,
            -0.11389584839344025
        ],
        [
            0.018622230738401413,
            -0.8249405026435852,
            -0.10008580982685089
        ],
        [
            0.017565622925758362,
            -0.802091658115387,
            -0.09018291532993317
        ],
        [
            0.023427020758390427,
            -0.8256536722183228,
            -0.0913463830947876
        ],
        [
            0.014235518872737885,
            -0.7652848958969116,
            -0.07782067358493805
        ],
        [
            0.02128865197300911,
            -0.7553126811981201,
            -0.07369612902402878
        ],
        [
            0.035792551934719086,
            -0.7650018930435181,
            -0.06884637475013733
        ],
        [
            0.029998520389199257,
            -0.775142252445221,
            -0.074844591319561
        ],
        [
            -0.0025662854313850403,
            -0.8183207511901855,
            -0.12146847695112228
        ],
        [
            -0.017666541039943695,
            -0.8782653212547302,
            -0.13794481754302979
        ],
        [
            -0.02856949344277382,
            -0.8755849599838257,
            -0.14266884326934814
        ],
        [
            -0.011352844536304474,
            -0.8670675754547119,
            -0.13549739122390747
        ],
        [
            -0.013674631714820862,
            -0.9407656788825989,
            -0.1350385844707489
        ],
        [
            -0.028974659740924835,
            -0.9319174289703369,
            -0.14269395172595978
        ],
        [
            -0.01631344109773636,
            -0.9187276363372803,
            -0.14110738039016724
        ],
        [
            -0.0034911707043647766,
            -0.928797721862793,
            -0.13435739278793335
        ],
        [
            -0.04530687630176544,
            -0.9715919494628906,
            -0.12564456462860107
        ],
        [
            -0.06263692677021027,
            -0.9538271427154541,
            -0.13895511627197266
        ],
        [
            -0.04668876528739929,
            -0.9444621801376343,
            -0.14104807376861572
        ],
        [
            -0.03131681680679321,
            -0.9585211277008057,
            -0.13201040029525757
        ],
        [
            0.0066625624895095825,
            -0.9333138465881348,
            -0.12688985466957092
        ],
        [
            0.02052506059408188,
            -0.9387815594673157,
            -0.11534552276134491
        ],
        [
            0.01899057626724243,
            -0.9559789896011353,
            -0.10997115075588226
        ],
        [
            0.0017431527376174927,
            -0.9507831335067749,
            -0.12356751412153244
        ],
        [
            0.011693529784679413,
            -0.9767796993255615,
            -0.099248006939888
        ],
        [
            -0.009123153984546661,
            -0.9710831642150879,
            -0.1161360889673233
        ],
        [
            0.03285742551088333,
            -0.8141466379165649,
            -0.07916813343763351
        ],
        [
            0.03174646943807602,
            -0.8325413465499878,
            -0.08309619873762131
        ],
        [
            0.02192852273583412,
            -0.7871062755584717,
            -0.0820348709821701
        ],
        [
            0.03575534373521805,
            -0.7982589602470398,
            -0.07426964491605759
        ],
        [
            0.00019565224647521973,
            -0.9922158122062683,
            -0.0844297707080841
        ],
        [
            -0.02407929301261902,
            -0.9867628216743469,
            -0.10535699129104614
        ],
        [
            0.051722437143325806,
            -0.9286620020866394,
            -0.07106296718120575
        ],
        [
            0.0449182465672493,
            -0.9442052245140076,
            -0.08140984922647476
        ],
        [
            0.04012084752321243,
