{
    "pred_cam": [
        1.5281078815460205,
        0.05368670076131821,
        0.34644922614097595
    ],
    "pred_smpl_params": {
        "global_orient": [
            [
                [
                    -0.954250693321228,
                    0.04511198401451111,
                    -0.2955850064754486
                ],
                [
                    0.0038817592430859804,
                    -0.986600935459137,
                    -0.1631060093641281
                ],
                [
                    -0.2989824712276459,
                    -0.15679141879081726,
                    0.941289484500885
                ]
            ]
        ],
        "body_pose": [
            [
                [
                    0.9930462837219238,
                    0.02316541038453579,
                    -0.11542338132858276
                ],
                [
                    -0.007342122960835695,
                    0.9907268285751343,
                    0.13567033410072327
                ],
                [
                    0.11749590188264847,
                    -0.13387945294380188,
                    0.9840076565742493
                ]
            ],
            [
                [
                    0.9991448521614075,
                    -0.015824100002646446,
                    -0.03819957748055458
                ],
                [
                    0.024999847635626793,
                    0.9670678377151489,
                    0.2532879412174225
                ],
                [
                    0.03293353319168091,
                    -0.2540263235569,
                    0.9666364789009094
                ]
            ],
            [
                [
                    0.9986233115196228,
                    -0.024203428998589516,
                    0.04653574898838997
                ],
                [
                    0.030974306166172028,
                    0.9880819320678711,
                    -0.15078036487102509
                ],
                [
                    -0.04233172535896301,
                    0.15201421082019806,
                    0.987471342086792
                ]
            ],
            [
                [
                    0.9835968017578125,
                    -0.11670852452516556,
                    -0.13753701746463776
                ],
                [
                    -0.10410959273576736,
                    0.2553560435771942,
                    -0.9612255096435547
                ],
                [
                    0.14730411767959595,
                    0.959777295589447,
                    0.23901690542697906
                ]
            ],
            [
                [
                    0.9554577469825745,
                    -0.23167946934700012,
                    0.18282558023929596
                ],
                [
                    0.2041884958744049,
                    0.07164975255727768,
                    -0.9763060808181763
                ],
                [
                    0.21309064328670502,
                    0.9701499938964844,
                    0.11576458811759949
                ]
            ],
            [
                [
                    0.9959514141082764,
                    0.03580682724714279,
                    0.0824538990855217
                ],
                [
                    -0.03346457704901695,
                    0.9990009665489197,
                    -0.02961607836186886
                ],
                [
                    -0.08343198895454407,
                    0.02673688903450966,
                    0.9961546659469604
                ]
            ],
            [
                [
                    0.9846621751785278,
                    -0.08026710152626038,
                    0.15491171181201935
                ],
                [
                    0.03979630023241043,
                    0.9678109288215637,
                    0.24851225316524506
                ],
                [
                    -0.16987259685993195,
                    -0.23853568732738495,
                    0.9561611413955688
                ]
            ],
            [
                [
                    0.978114664554596,
                    0.12762463092803955,
                    -0.1643284559249878
                ],
                [
                    -0.07755231857299805,
                    0.9564957618713379,
                    0.28125008940696716
                ],
                [
                    0.19307389855384827,
                    -0.26235073804855347,
                    0.9454601407051086
                ]
            ],
            [
                [
                    0.9977543950080872,
                    0.019083090126514435,
                    0.06420373171567917
                ],
                [
                    -0.017077352851629257,
                    0.9993531703948975,
                    -0.03164525330066681
                ],
                [
                    -0.06476610898971558,
                    0.03047775849699974,
                    0.9974349141120911
                ]
            ],
            [
                [
                    0.9992592334747314,
                    -0.03783207759261131,
                    0.007050881627947092
                ],
                [
                    0.03575655817985535,
                    0.9804757237434387,
                    0.19336162507534027
                ],
                [
                    -0.014228492975234985,
                    -0.1929662823677063,
                    0.9811021685600281
                ]
            ],
            [
                [
                    0.9998411536216736,
                    -0.006458614952862263,
                    -0.016614092513918877
                ],
                [
                    0.009184003807604313,
                    0.9854697585105896,
                    0.16960248351097107
                ],
                [
                    0.015277290716767311,
                    -0.1697281152009964,
                    0.9853725433349609
                ]
            ],
            [
                [
                    0.9959465861320496,
                    0.017426379024982452,
                    -0.0882420763373375
                ],
                [
                    -0.010125843808054924,
                    0.9965384602546692,
                    0.08251453936100006
                ],
                [
                    0.08937454223632812,
                    -0.08128654956817627,
                    0.9926755428314209
                ]
            ],
            [
                [
                    0.9156984090805054,
                    0.3969290852546692,
                    0.06279881298542023
                ],
                [
                    -0.3979165554046631,
                    0.9174147248268127,
                    0.0035499543882906437
                ],
                [
                    -0.05620348080992699,
                    -0.028239374980330467,
                    0.9980198740959167
                ]
            ],
            [
                [
                    0.9394378066062927,
                    -0.336519330739975,
                    0.06489448994398117
                ],
                [
                    0.3377137780189514,
                    0.9412142038345337,
                    -0.008079848252236843
                ],
                [
                    -0.05836058408021927,
                    0.029506279155611992,
                    0.9978594183921814
                ]
            ],
            [
                [
                    0.9980465173721313,
                    0.01213391125202179,
                    -0.061284389346838
                ],
                [
                    -0.020666401833295822,
                    0.9898539781570435,
                    -0.1405775547027588
                ],
                [
                    0.05895683541893959,
                    0.14156948029994965,
                    0.9881711006164551
                ]
            ],
            [
                [
                    0.47709283232688904,
                    0.8433147072792053,
                    -0.24739202857017517
                ],
                [
                    -0.8734961748123169,
                    0.4860425591468811,
                    -0.02769668959081173
                ],
                [
                    0.09688602387905121,
                    0.22930987179279327,
                    0.9685195684432983
                ]
            ],
            [
                [
                    0.49488258361816406,
                    -0.8295546174049377,
                    0.25870898365974426
                ],
                [
                    0.8574596047401428,
                    0.5144650936126709,
                    0.009412206709384918
                ],
                [
                    -0.14090467989444733,
                    0.21717458963394165,
                    0.9659093618392944
                ]
            ],
            [
                [
                    0.20285816490650177,
                    -0.41492903232574463,
                    -0.8869513273239136
                ],
                [
                    0.20688270032405853,
                    0.9034985899925232,
                    -0.3753531277179718
                ],
                [
                    0.9571040272712708,
                    -0.1073514074087143,
                    0.26912370324134827
                ]
            ],
            [
                [
                    0.02647581696510315,
                    0.4609334468841553,
                    0.8870396614074707
                ],
                [
                    -0.21078570187091827,
                    0.8699739575386047,
                    -0.4457741975784302
                ],
                [
                    -0.9771736860275269,
                    -0.1751730591058731,
                    0.12019144743680954
                ]
            ],
            [
                [
                    0.989178478717804,
                    -0.14503051340579987,
                    0.0221843384206295
                ],
                [
                    0.14624732732772827,
                    0.9867666363716125,
                    -0.07002419233322144
                ],
                [
                    -0.011735118925571442,
                    0.07251082360744476,
                    0.9972986578941345
                ]
            ],
            [
                [
                    0.9862522482872009,
                    0.1635502427816391,
                    -0.02361655794084072
                ],
                [
                    -0.16522720456123352,
                    0.9781994819641113,
                    -0.12579990923404694
                ],
                [
                    0.0025271011982113123,
                    0.1279725581407547,
                    0.9917743802070618
                ]
            ],
            [
                [
                    0.9621568322181702,
                    0.2612675428390503,
                    -0.07741737365722656
                ],
                [
                    -0.2503074109554291,
                    0.9596847295761108,
                    0.1278723180294037
                ],
                [
                    0.10770517587661743,
                    -0.10365509241819382,
                    0.9887644052505493
                ]
            ],
            [
                [
                    0.9632889628410339,
                    -0.2631348967552185,
                    0.05324001610279083
                ],
                [
                    0.2552121877670288,
                    0.9590847492218018,
                    0.12256914377212524
                ],
                [
                    -0.08331390470266342,
                    -0.10448198765516281,
                    0.9910309910774231
                ]
            ]
        ],
        "betas": [
            -0.2903379201889038,
            -0.25711169838905334,
            0.1956515610218048,
            0.2933805584907532,
            0.15342116355895996,
            0.07342422008514404,
            0.032995134592056274,
            -0.1482149362564087,
            0.08565043658018112,
            -0.10750550031661987
        ]
    },
    "pred_cam_t": [
        0.05368670076131821,
        0.34644922614097595,
        25.562658309936523
    ],
    "focal_length": [
        5000.0,
        5000.0
    ],
    "pred_keypoints_3d": [
        [
            -0.050535671412944794,
            -0.8455694317817688,
            0.11791481822729111
        ],
        [
            0.01098302286118269,
            -0.7284269332885742,
            -0.02345794253051281
        ],
        [
            0.1720542460680008,
            -0.6376380920410156,
            0.06212618947029114
        ],
        [
            0.21074368059635162,
            -0.39287057518959045,
            0.08349516242742538
        ],
        [
            0.07908092439174652,
            -0.40671277046203613,
            0.2942037880420685
        ],
        [
            -0.13568727672100067,
            -0.6236039996147156,
            -0.11355897784233093
        ],
        [
            -0.1364441215991974,
            -0.3697015941143036,
            -0.13349942862987518
        ],
        [
            -0.2683122456073761,
            -0.33560729026794434,
            0.06770831346511841
        ],
        [
            -0.001748241251334548,
            -0.2246663123369217,
            0.028958987444639206
        ],
        [
            0.06052766740322113,
            -0.1352124810218811,
            0.05974346399307251
        ],
        [
            0.047639816999435425,
            0.2088029980659485,
            0.20495861768722534
        ],
        [
            0.04675239324569702,
            0.34416839480400085,
            -0.15912345051765442
        ],
        [
            -0.07080703228712082,
            -0.13337308168411255,
            0.015980923548340797
        ],
        [
            -0.12397490441799164,
            0.21590864658355713,
            0.11011519283056259
        ],
        [
            -0.09802575409412384,
            0.3808938264846802,
            -0.2401382029056549
        ],
        [
            -0.010294608771800995,
            -0.8856524229049683,
            0.09617409110069275
        ],
        [
            -0.07307064533233643,
            -0.8829131126403809,
            0.07463596761226654
        ],
        [
            0.059276171028614044,
            -0.8679216504096985,
            0.02078993245959282
        ],
        [
            -0.0786786824464798,
            -0.8628823757171631,
            -0.025511447340250015
        ],
        [
            -0.11971409618854523,
            0.5456247329711914,
            -0.13941478729248047
        ],
        [
            -0.18011245131492615,
            0.5118070244789124,
            -0.1847466230392456
        ],
        [
            -0.10009795427322388,
            0.3584252893924713,
            -0.3038482367992401
        ],
        [
            0.004407107830047607,
            0.5068464279174805,
            -0.06382232904434204
        ],
        [
            0.0837579220533371,
            0.49050241708755493,
            -0.09032690525054932
        ],
        [
            0.06200888007879257,
            0.33197420835494995,
            -0.22789651155471802
        ],
        [
            0.07675151526927948,
            0.30448219180107117,
            -0.12786062061786652
        ],
        [
            0.05026901140809059,
            0.15931569039821625,
            0.2011212706565857
        ],
        [
            0.14542125165462494,
            -0.2530408799648285,
            0.05668807402253151
        ],
        [
            -0.13820448517799377,
            -0.23558862507343292,
            -0.039858944714069366
        ],
        [
            -0.13378925621509552,
            0.18128709495067596,
            0.10774697363376617
        ],
        [
            -0.10802540183067322,
            0.34012746810913086,
            -0.22590500116348267
        ],
        [
            0.07560863345861435,
            -0.4319422245025635,
            0.26721811294555664
        ],
        [
            0.2258760780096054,
            -0.4249640703201294,
            0.11306269466876984
        ],
        [
            0.14233455061912537,
            -0.6678949594497681,
            0.043478257954120636
        ],
        [
            -0.10904516279697418,
            -0.6557748317718506,
            -0.10271398723125458
        ],
        [
            -0.1797274649143219,
            -0.40407323837280273,
            -0.13349193334579468
        ],
        [
            -0.26495853066444397,
            -0.35482916235923767,
            0.054962653666734695
        ],
        [
            0.006700130179524422,
            -0.7200765013694763,
            -0.021951720118522644
        ],
        [
            -0.019524533301591873,
            -0.9191355109214783,
            0.006944424472749233
        ],
        [
            0.002903740154579282,
            -0.2443714439868927,
            0.007959182374179363
        ],
        [
            0.015519438311457634,
            -0.6604021191596985,
            -0.026161886751651764
        ],
        [
            0.019181586802005768,
            -0.48586463928222656,
            -0.024173540994524956
        ],
        [
            -0.03228014335036278,
            -0.8135200142860413,
            0.046432267874479294
        ],
        [
            -0.012411549687385559,
            -0.937545120716095,
            -0.0010340451262891293
        ]
    ],
    "pred_vertices": [
        [
            -0.0848793238401413,
            -0.9278254508972168,
            0.06800597161054611
        ],
        [
            -0.0806957334280014,
            -0.9144182205200195,
            0.07657977193593979
        ],
        [
            -0.08820656687021255,
            -0.909587025642395,
            0.06525710225105286
        ],
        [
            -0.09091878682374954,
            -0.9195606708526611,
            0.05359918251633644
        ],
        [
            -0.08574190735816956,
            -0.9012614488601685,
            0.07237455248832703
        ],
        [
            -0.07856005430221558,
            -0.9035377502441406,
            0.08192113786935806
        ],
        [
            -0.0910433828830719,
            -0.9025828838348389,
            0.05375851318240166
        ],
        [
            -0.09305907785892487,
            -0.9090316295623779,
            0.04140181839466095
        ],
        [
            -0.09311556071043015,
            -0.8664367198944092,
            0.0435328371822834
        ],
        [
            -0.09323543310165405,
            -0.8604863882064819,
            0.03345929831266403
        ],
        [
            -0.09374847263097763,
            -0.8724644184112549,
            0.03448787331581116
        ],
        [
            -0.0916716605424881,
            -0.8749414682388306,
            0.04435444250702858
        ],
        [
            -0.08987066149711609,
            -0.840674877166748,
            0.04250169172883034
        ],
        [
            -0.08659513294696808,
            -0.8326541185379028,
            0.053307726979255676
        ],
        [
            -0.08510346710681915,
            -0.8229053020477295,
            0.04406130686402321
        ],
        [
            -0.08681095391511917,
            -0.8304247856140137,
            0.033121101558208466
        ],
        [
            -0.0642402172088623,
            -0.8501189947128296,
            0.08505089581012726
        ],
        [
            -0.06894741207361221,
            -0.843259871006012,
            0.08272776007652283
        ],
        [
            -0.07249636948108673,
            -0.849495530128479,
            0.08027264475822449
        ],
        [
            -0.06694238632917404,
            -0.8556222915649414,
            0.08265819400548935
        ],
        [
            -0.05726868286728859,
            -0.860181987285614,
            0.09337372332811356
        ],
        [
            -0.057189080864191055,
            -0.8653007745742798,
            0.08952058851718903
        ],
        [
            -0.054472483694553375,
            -0.8698326349258423,
            0.09552153944969177
        ],
        [
            -0.05564558878540993,
            -0.8640159368515015,
            0.10014759004116058
        ],
        [
            -0.059088677167892456,
            -0.8452699780464172,
            0.08724740892648697
        ],
        [
            -0.0638517364859581,
            -0.8382006883621216,
            0.08425340801477432
        ],
        [
            -0.060400400310754776,
            -0.856044590473175,
            0.08772341161966324
        ],
        [
            -0.05879005789756775,
            -0.851487934589386,
            0.09082667529582977
        ],
        [
            -0.05947113782167435,
            -0.8465578556060791,
            0.10188683867454529
        ],
        [
            -0.06046171113848686,
            -0.8509577512741089,
            0.09962256252765656
        ],
        [
            -0.059493083506822586,
            -0.8527845740318298,
            0.10719668120145798
        ],
        [
            -0.05802783742547035,
            -0.8473814725875854,
            0.1074264720082283
        ],
        [
            -0.05885897949337959,
            -0.8449091911315918,
            0.09237810224294662
        ],
        [
            -0.06040985509753227,
            -0.8479238748550415,
            0.09465483576059341
        ],
        [
            -0.05874382331967354,
            -0.8446415662765503,
            0.09792496263980865
        ],
        [
            -0.056244056671857834,
            -0.8423748016357422,
            0.09543994069099426
        ],
        [
            -0.05752061679959297,
            -0.8562317490577698,
            0.0965370163321495
        ],
        [
            -0.05718173831701279,
            -0.8588370084762573,
            0.10384012758731842
        ],
        [
            -0.05592774227261543,
            -0.8611818552017212,
            0.11168485134840012
        ],
        [
            -0.057740550488233566,
            -0.8529689311981201,
            0.11501073837280273
        ],
        [
            -0.07638072967529297,
            -0.8287482857704163,
            0.07360213249921799
        ],
        [
            -0.07352404296398163,
            -0.8361508846282959,
            0.07910650223493576
        ],
        [
            -0.06846904754638672,
            -0.8317364454269409,
            0.08111853897571564
        ],
        [
            -0.07167558372020721,
            -0.8258209228515625,
            0.07703743129968643
        ],
        [
            -0.05608101561665535,
            -0.8389904499053955,
            0.09195860475301743
        ],
        [
            -0.0592433363199234,
            -0.8231788873672485,
            0.09182901680469513
        ],
        [
            -0.05962912365794182,
            -0.8268612623214722,
            0.09169478714466095
        ],
        [
            -0.05535661429166794,
            -0.8283230066299438,
            0.09743507206439972
        ],
        [
            -0.055567167699337006,
            -0.8248461484909058,
            0.09715723991394043
        ],
        [
            -0.07714450359344482,
            -0.8137576580047607,
            0.064389668405056
        ],
        [
            -0.07335120439529419,
            -0.8134253025054932,
            0.07052706927061081
        ],
        [
            -0.07259023189544678,
            -0.8063613176345825,
            0.06833992153406143
        ],
        [
            -0.07525035738945007,
            -0.8053338527679443,
            0.06127002462744713
        ],
        [
            -0.06982801109552383,
            -0.8007226586341858,
            0.06830087304115295
        ],
        [
            -0.07254050672054291,
            -0.7973641157150269,
            0.058879148215055466
        ],
        [
            -0.06364648044109344,
            -0.7839813828468323,
            0.06274966150522232
        ],
        [
            -0.06812264025211334,
            -0.789743185043335,
            0.06062767654657364
        ],
        [
            -0.06621401011943817,
            -0.7954549789428711,
            0.0703478679060936
        ],
        [
            -0.06233473867177963,
            -0.790928065776825,
            0.07548518478870392
        ],
        [
            -0.054534487426280975,
            -0.7967647314071655,
            0.08789711445569992
        ],
        [
            -0.05019565299153328,
            -0.7959340214729309,
            0.09256777167320251
        ],
        [
            -0.05325581133365631,
            -0.7836626768112183,
            0.08949897438287735
        ],
        [
            -0.057763583958148956,
            -0.7864489555358887,
            0.08303052932024002
        ],
        [
            -0.057746823877096176,
            -0.817655622959137,
            0.08809026330709457
        ],
        [
            -0.06026044860482216,
            -0.8173909187316895,
            0.0839730054140091
        ],
        [
            -0.06139414384961128,
            -0.8189361095428467,
            0.08597122132778168
        ],
        [
            -0.05887335166335106,
            -0.8204427361488342,
            0.09049372375011444
        ],
        [
            -0.06264463067054749,
            -0.8169182538986206,
            0.08091757446527481
        ],
        [
            -0.06383436918258667,
            -0.8165122866630554,
            0.07964518666267395
        ],
        [
            -0.0641820952296257,
            -0.8178331851959229,
            0.08078643679618835
        ],
        [
            -0.06290659308433533,
            -0.8177026510238647,
            0.08155448734760284
        ],
        [
            -0.06134462356567383,
            -0.8174991607666016,
            0.08287541568279266
        ],
        [
            -0.06058547645807266,
            -0.815673828125,
            0.08371739089488983
        ],
        [
            -0.06204257532954216,
            -0.8162112832069397,
            0.08174736797809601
        ],
        [
            -0.05837816372513771,
            -0.8152267932891846,
            0.0877058207988739
        ],
        [
            -0.049233291298151016,
            -0.8134896755218506,
            0.09981348365545273
        ],
        [
            -0.05265737324953079,
            -0.8142156600952148,
            0.09695015847682953
        ],
        [
            -0.051228564232587814,
            -0.8185174465179443,
            0.09648434817790985
        ],
        [
            -0.04819897189736366,
            -0.8181606531143188,
            0.09897219389677048
        ],
        [
            -0.0630578100681305,
            -0.8194449543952942,
            0.0831679105758667
        ],
        [
            -0.06559904664754868,
            -0.8211812973022461,
            0.0814589112997055
        ],
        [
            -0.06359633803367615,
            -0.8241890668869019,
            0.08595594018697739
        ],
        [
            -0.06227000802755356,
            -0.8215475082397461,
            0.08598842471837997
        ],
        [
            -0.068116694688797,
            -0.8228427767753601,
            0.08026137202978134
        ],
        [
            -0.06601978838443756,
            -0.8188473582267761,
            0.07928992807865143
        ],
        [
            -0.06823606789112091,
            -0.8189476728439331,
            0.07761004567146301
        ],
        [
            -0.06328754127025604,
            -0.8148395419120789,
            0.0799390971660614
        ],
        [
            -0.06505447626113892,
            -0.812945544719696,
            0.07767043262720108
        ],
        [
            -0.06604763865470886,
            -0.8155345320701599,
            0.07824468612670898
        ],
        [
            -0.06331522017717361,
            -0.8098957538604736,
            0.07898315787315369
        ],
        [
            -0.061427563428878784,
            -0.8131688833236694,
            0.08195191621780396
        ],
        [
            -0.05923474580049515,
            -0.8117145299911499,
            0.08594823628664017
        ],
        [
            -0.05630102381110191,
            -0.8105249404907227,
            0.09104014933109283
        ],
        [
            -0.05724962800741196,
            -0.8054543137550354,
            0.0876111164689064
        ],
        [
            -0.060748785734176636,
            -0.8072912096977234,
            0.08267933875322342
        ],
        [
            -0.06493854522705078,
            -0.8274155855178833,
            0.0843515694141388
        ],
        [
            -0.0691104531288147,
            -0.8145754933357239,
            0.07486498355865479
        ],
        [
            -0.07273516058921814,
            -0.8206127285957336,
            0.07324221730232239
        ],
        [
            -0.06838890165090561,
            -0.8097914457321167,
            0.07413946837186813
        ],
        [
            -0.0661948174238205,
            -0.8054940104484558,
            0.07481862604618073
        ],
        [
            -0.06307379901409149,
            -0.8017231225967407,
            0.0775851458311081
        ],
        [
            -0.059019241482019424,
            -0.7990103363990784,
            0.08283400535583496
        ],
        [
            -0.05096465349197388,
            -0.7742928266525269,
            0.07832684367895126
        ],
        [
            -0.05728933587670326,
            -0.77845299243927,
            0.07122766971588135
        ],
        [
            -0.0756227970123291,
            -0.8964605927467346,
            0.08079168200492859
        ],
        [
            -0.08258095383644104,
            -0.8948350548744202,
            0.07525067031383514
        ],
        [
            -0.08096935600042343,
            -0.8870127201080322,
            0.07084151357412338
        ],
        [
            -0.0832698717713356,
            -0.8898015022277832,
            0.06980177760124207
        ],
        [
            -0.07907278835773468,
            -0.8908636569976807,
            0.07501079142093658
        ],
        [
            -0.07817009091377258,
            -0.8883245587348938,
            0.07446829974651337
        ],
        [
            -0.08793970942497253,
            -0.8780061602592468,
            0.05201037973165512
        ],
        [
            -0.08510492742061615,
            -0.8803949356079102,
            0.057992275804281235
        ],
        [
            -0.08467825502157211,
            -0.8765387535095215,
            0.05659499019384384
        ],
        [
            -0.08905357122421265,
            -0.8713632822036743,
            0.05099403113126755
        ],
        [
            -0.08013081550598145,
            -0.8697720170021057,
            0.06651819497346878
        ],
        [
            -0.08292688429355621,
            -0.8706022500991821,
            0.06171371042728424
        ],
        [
            -0.08072155714035034,
            -0.877653956413269,
            0.06533157825469971
        ],
        [
            -0.07868548482656479,
            -0.877080500125885,
            0.0688704252243042
        ],
        [
            -0.07592619955539703,
            -0.876893162727356,
            0.0722198411822319
        ],
        [
            -0.0723080113530159,
            -0.8772159814834595,
            0.07486698031425476
        ],
        [
            -0.07209256291389465,
            -0.8717626333236694,
            0.07461795955896378
        ],
        [
            -0.07622511684894562,
            -0.8704473376274109,
            0.0710696130990982
        ],
        [
            -0.07362542301416397,
            -0.8924894332885742,
            0.07851693779230118
        ],
        [
            -0.06668710708618164,
            -0.8921706676483154,
            0.08091404289007187
        ],
        [
            -0.0675952136516571,
            -0.8890267014503479,
            0.08001667261123657
        ],
        [
            -0.07356749475002289,
            -0.8892929553985596,
            0.07828624546527863
        ],
        [
            -0.05603305622935295,
            -0.8830687999725342,
            0.07941471040248871
        ],
        [
            -0.05766117572784424,
            -0.88551926612854,
            0.07975154370069504
        ],
        [
            -0.05488641932606697,
            -0.8872436285018921,
            0.08208373188972473
        ],
        [
            -0.053556036204099655,
            -0.882717490196228,
            0.08188657462596893
        ],
        [
            -0.055433087050914764,
            -0.8795254230499268,
            0.0813295841217041
        ],
        [
            -0.057280831038951874,
            -0.8813196420669556,
            0.07949477434158325
        ],
        [
            -0.07717815041542053,
            -0.9498604536056519,
            0.06820855289697647
        ],
        [
            -0.07464268058538437,
            -0.9334465265274048,
            0.07901988178491592
        ],
        [
            -0.08644495159387589,
            -0.9411711692810059,
            0.0516730397939682
        ],
        [
            -0.0911283940076828,
            -0.9296543598175049,
            0.03839840739965439
        ],
        [
            -0.0943247452378273,
            -0.9149916172027588,
            0.027625316753983498
        ],
        [
            -0.0813724473118782,
            -0.8171385526657104,
            0.055054761469364166
        ],
        [
            -0.07999251782894135,
            -0.8078505992889404,
            0.049272023141384125
        ],
        [
            -0.08297493308782578,
            -0.813694417476654,
            0.03488622233271599
        ],
        [
            -0.07858891785144806,
            -0.8034582138061523,
            0.03150511533021927
        ],
        [
            -0.07611814141273499,
            -0.7975105047225952,
            0.04648324474692345
        ],
        [
            -0.061682455241680145,
            -0.7798428535461426,
            0.04908688738942146
        ],
        [
            -0.06994646787643433,
            -0.7875561714172363,
            0.04650753363966942
        ],
        [
            -0.07126130163669586,
            -0.7936058044433594,
            0.02824210189282894
        ],
        [
            -0.07312925159931183,
            -0.8047343492507935,
            0.0111245634034276
        ],
        [
            -0.07923053205013275,
            -0.811652660369873,
            0.01763506978750229
        ],
        [
            -0.07319819927215576,
            -0.8190926313400269,
            -0.0026806918904185295
        ],
        [
            -0.06387294083833694,
            -0.7970041036605835,
            0.002124609425663948
        ],
        [
            -0.0671796202659607,
            -0.8179036378860474,
            -0.009704245254397392
        ],
        [
            -0.05090516805648804,
            -0.7617719173431396,
            0.011205341666936874
        ],
        [
            -0.050894029438495636,
            -0.7505626678466797,
            0.006697148084640503
        ],
        [
            -0.05491930991411209,
            -0.7568432092666626,
            -0.009921688586473465
        ],
        [
            -0.05618983879685402,
            -0.7679667472839355,
            -0.00568552128970623
        ],
        [
            -0.08402994275093079,
            -0.8204175233840942,
            0.024169616401195526
        ],
        [
            -0.09293730556964874,
            -0.8835846185684204,
            0.02584105357527733
        ],
        [
            -0.09305205196142197,
            -0.8835708498954773,
            0.03788765147328377
        ],
        [
            -0.0922829732298851,
            -0.8700062036514282,
            0.022695882245898247
        ],
        [
            -0.09106460958719254,
            -0.9417387247085571,
            0.0033204229548573494
        ],
        [
            -0.09207005053758621,
            -0.9381487369537354,
            0.0216500386595726
        ],
        [
            -0.09530997276306152,
            -0.9217127561569214,
            0.014054371044039726
        ],
        [
            -0.0937085896730423,
            -0.9271543622016907,
            -0.002468004822731018
        ],
        [
            -0.06995117664337158,
            -0.9781334400177002,
            0.019404884427785873
        ],
        [
            -0.07613138109445572,
            -0.967252254486084,
            0.04439444839954376
        ],
        [
            -0.08362545073032379,
            -0.9540495276451111,
            0.03372987359762192
        ],
        [
            -0.08069431781768799,
            -0.9626028537750244,
            0.012795472517609596
        ],
        [
            -0.09083948284387589,
            -0.9278795719146729,
            -0.015721717849373817
        ],
        [
            -0.08479952067136765,
            -0.92812579870224,
            -0.03408316522836685
        ],
        [
            -0.07932079583406448,
            -0.9438604712486267,
            -0.04013723134994507
        ],
        [
            -0.08527007699012756,
            -0.9455428719520569,
            -0.017794955521821976
        ],
        [
            -0.06571438908576965,
            -0.9641833305358887,
            -0.0427895188331604
        ],
        [
            -0.0741521567106247,
            -0.9667158126831055,
            -0.01674376241862774
        ],
        [
            -0.06027441471815109,
            -0.8041252493858337,
            -0.01839778944849968
        ],
        [
            -0.06220660358667374,
            -0.8221397399902344,
            -0.02182820625603199
        ],
        [
            -0.05835099518299103,
            -0.78162682056427,
            0.00034024380147457123
        ],
        [
            -0.05830011144280434,
            -0.7885963320732117,
            -0.017626207321882248
        ],
        [
            -0.047634057700634,
            -0.9795141220092773,
            -0.0418713353574276
        ],
        [
            -0.05847149342298508,
            -0.9841639399528503,
            -0.011682523414492607
        ],
        [
            -0.05565158277750015,
            -0.9046280384063721,
            -0.07401628792285919
        ],
        [
            -0.061977170407772064,
            -0.9226124286651611,
            -0.06903290748596191
        ],
        [
            -0.0726771354675293,
            -0.9103463888168335,
            -0.05545995756983757
        ],
        [
            -0.06601959466934204,
            -0.8952853679656982,
