{
    "pred_cam": [
        1.1150095462799072,
        0.025393957272171974,
        0.15106189250946045
    ],
    "pred_smpl_params": {
        "global_orient": [
            [
                [
                    0.9934824109077454,
                    0.03752625733613968,
                    -0.10763150453567505
                ],
                [
                    0.039184264838695526,
                    -0.9991430044174194,
                    0.013330438174307346
                ],
                [
                    -0.10703904181718826,
                    -0.01746101677417755,
                    -0.9941014647483826
                ]
            ]
        ],
        "body_pose": [
            [
                [
                    0.9950853586196899,
                    -0.07706749439239502,
                    0.06217627599835396
                ],
                [
                    0.06574548780918121,
                    0.9837392568588257,
                    0.16713665425777435
                ],
                [
                    -0.07404603809118271,
                    -0.16222739219665527,
                    0.983971357345581
                ]
            ],
            [
                [
                    0.9964073896408081,
                    -0.01156602893024683,
                    0.08389612287282944
                ],
                [
                    -0.008035565726459026,
                    0.9732496738433838,
                    0.2296094298362732
                ],
                [
                    -0.08430754393339157,
                    -0.22945868968963623,
                    0.969660222530365
                ]
            ],
            [
                [
                    0.9979050159454346,
                    0.019283300265669823,
                    -0.06175507605075836
                ],
                [
                    -0.03128747269511223,
                    0.9793426394462585,
                    -0.19977258145809174
                ],
                [
                    0.05662710592150688,
                    0.2012862265110016,
                    0.9778942465782166
                ]
            ],
            [
                [
                    0.9953703880310059,
                    0.025032799690961838,
                    -0.09279680997133255
                ],
                [
                    -0.07561568915843964,
                    0.7999480366706848,
                    -0.5952860116958618
                ],
                [
                    0.05933092534542084,
                    0.5995469093322754,
                    0.7981374859809875
                ]
            ],
            [
                [
                    0.9876309037208557,
                    -0.006260761991143227,
                    0.15667149424552917
                ],
                [
                    0.11437220871448517,
                    0.7122745513916016,
                    -0.6925200819969177
                ],
                [
                    -0.1072574034333229,
                    0.7018731236457825,
                    0.7041804194450378
                ]
            ],
            [
                [
                    0.9961974024772644,
                    -0.07523858547210693,
                    -0.04392913728952408
                ],
                [
                    0.07723123580217361,
                    0.9959709644317627,
                    0.04557619243860245
                ],
                [
                    0.040323056280612946,
                    -0.04879559203982353,
                    0.9979944825172424
                ]
            ],
            [
                [
                    0.9818283319473267,
                    0.049874674528837204,
                    0.18310029804706573
                ],
                [
                    -0.07028312236070633,
                    0.9918021559715271,
                    0.10671813040971756
                ],
                [
                    -0.17627672851085663,
                    -0.11764772981405258,
                    0.9772847890853882
                ]
            ],
            [
                [
                    0.9797257781028748,
                    -0.028129559010267258,
                    -0.19835861027240753
                ],
                [
                    0.034448571503162384,
                    0.9990006685256958,
                    0.028477231040596962
                ],
                [
                    0.1973593384027481,
                    -0.03473304584622383,
                    0.9797157049179077
                ]
            ],
            [
                [
                    0.99742192029953,
                    -0.04384542629122734,
                    -0.05680723115801811
                ],
                [
                    0.04029848799109459,
                    0.9972531199455261,
                    -0.06214689835906029
                ],
                [
                    0.05937604978680611,
                    0.059697434306144714,
                    0.9964490532875061
                ]
            ],
            [
                [
                    0.9850912690162659,
                    -0.16326028108596802,
                    -0.054233185946941376
                ],
                [
                    0.16920778155326843,
                    0.9764032959938049,
                    0.134183868765831
                ],
                [
                    0.031046563759446144,
                    -0.14136004447937012,
                    0.9894712567329407
                ]
            ],
            [
                [
                    0.9922715425491333,
                    0.12393119186162949,
                    0.006186455953866243
                ],
                [
                    -0.12322565913200378,
                    0.9783109426498413,
                    0.16650255024433136
                ],
                [
                    0.014582582749426365,
                    -0.1659780591726303,
                    0.9860216379165649
                ]
            ],
            [
                [
                    0.9506278038024902,
                    -0.06484533846378326,
                    -0.30348289012908936
                ],
                [
                    0.08503995090723038,
                    0.9949243664741516,
                    0.05379257723689079
                ],
                [
                    0.2984543442726135,
                    -0.07694488763809204,
                    0.9513171911239624
                ]
            ],
            [
                [
                    0.8986372947692871,
                    0.43694037199020386,
                    0.0391688346862793
                ],
                [
                    -0.43358850479125977,
                    0.8982147574424744,
                    -0.07218878716230392
                ],
                [
                    -0.06672422587871552,
                    0.0478883758187294,
                    0.9966216087341309
                ]
            ],
            [
                [
                    0.9192007780075073,
                    -0.38257452845573425,
                    -0.09331005066633224
                ],
                [
                    0.38692378997802734,
                    0.9215070009231567,
                    0.0333891399204731
                ],
                [
                    0.07321203500032425,
                    -0.06679520010948181,
                    0.9950771331787109
                ]
            ],
            [
                [
                    0.9599019289016724,
                    -0.09801909327507019,
                    -0.2626417279243469
                ],
                [
                    0.04180625453591347,
                    0.9764564633369446,
                    -0.21162474155426025
                ],
                [
                    0.27720147371292114,
                    0.19215890765190125,
                    0.9414002299308777
                ]
            ],
            [
                [
                    0.5315150618553162,
                    0.8243656158447266,
                    -0.19471286237239838
                ],
                [
                    -0.8451480269432068,
                    0.5315119624137878,
                    -0.0567437969148159
                ],
                [
                    0.05671457201242447,
                    0.19472137093544006,
                    0.979217529296875
                ]
            ],
            [
                [
                    0.6871545314788818,
                    -0.70143723487854,
                    0.1892203539609909
                ],
                [
                    0.7085809111595154,
                    0.7045717239379883,
                    0.0386226624250412
                ],
                [
                    -0.16041068732738495,
                    0.10753820091485977,
                    0.9811747074127197
                ]
            ],
            [
                [
                    0.8625533580780029,
                    -0.18241597712039948,
                    -0.4719386398792267
                ],
                [
                    0.14206409454345703,
                    0.982541024684906,
                    -0.1201285719871521
                ],
                [
                    0.4856124520301819,
                    0.036571767181158066,
                    0.8734087944030762
                ]
            ],
            [
                [
                    0.37809497117996216,
                    0.3841623067855835,
                    0.8422966003417969
                ],
                [
                    -0.4297725260257721,
                    0.8786906003952026,
                    -0.20784242451190948
                ],
                [
                    -0.819963276386261,
                    -0.28341174125671387,
                    0.497330904006958
                ]
            ],
            [
                [
                    0.9999139308929443,
                    0.005866006948053837,
                    0.011737063527107239
                ],
                [
                    -0.006040538661181927,
                    0.9998708963394165,
                    0.014890344813466072
                ],
                [
                    -0.011648201383650303,
                    -0.014959961175918579,
                    0.9998202919960022
                ]
            ],
            [
                [
                    0.9928243160247803,
                    0.11677088588476181,
                    -0.025776268914341927
                ],
                [
                    -0.11679471284151077,
                    0.9931558966636658,
                    0.0005847483989782631
                ],
                [
                    0.025668134912848473,
                    0.0024299791548401117,
                    0.9996675252914429
                ]
            ],
            [
                [
                    0.9669899344444275,
                    0.22716425359249115,
                    -0.11544179916381836
                ],
                [
                    -0.21013958752155304,
                    0.9671643376350403,
                    0.1429491490125656
                ],
                [
                    0.1441241353750229,
                    -0.11397150158882141,
                    0.9829744100570679
                ]
            ],
            [
                [
                    0.9732452630996704,
                    -0.220852330327034,
                    0.06338830292224884
                ],
                [
                    0.2124771773815155,
                    0.9700717926025391,
                    0.11753338575363159
                ],
                [
                    -0.08744873106479645,
                    -0.10092023015022278,
                    0.9910438656806946
                ]
            ]
        ],
        "betas": [
            -0.03907547891139984,
            -0.0194166898727417,
            0.05886107683181763,
            0.18053452670574188,
            0.023364245891571045,
            -0.005225684493780136,
            -0.030809760093688965,
            -0.02983155846595764,
            0.03897105157375336,
            -0.010263830423355103
        ]
    },
    "pred_cam_t": [
        0.025393957272171974,
        0.15106189250946045,
        35.03333282470703
    ],
    "focal_length": [
        5000.0,
        5000.0
    ],
    "pred_keypoints_3d": [
        [
            -0.1291554570198059,
            -0.809096097946167,
            -0.1382398009300232
        ],
        [
            -0.003058803267776966,
            -0.7326083183288574,
            -0.015512943267822266
        ],
        [
            -0.1618846207857132,
            -0.6307414770126343,
            0.06918179988861084
        ],
        [
            -0.2268967479467392,
            -0.3919246792793274,
            0.12492731213569641
        ],
        [
            -0.4095809757709503,
            -0.32446080446243286,
            -0.03857864439487457
        ],
        [
            0.17643728852272034,
            -0.6369697451591492,
            -0.03910844773054123
        ],
        [
            0.22777846455574036,
            -0.39458703994750977,
            0.040105558931827545
        ],
        [
            0.259175568819046,
            -0.16269804537296295,
            -0.04316239058971405
        ],
        [
            -0.0019081775099039078,
            -0.22488150000572205,
            0.028040925040841103
        ],
        [
            -0.07177527248859406,
            -0.13723555207252502,
            0.04121754318475723
        ],
        [
            -0.1284700483083725,
            0.23411014676094055,
            -0.030296482145786285
        ],
        [
            -0.12564891576766968,
            0.5454143285751343,
            0.21820443868637085
        ],
        [
            0.06416191160678864,
            -0.1309877336025238,
            0.029085000976920128
        ],
        [
            0.10661739110946655,
            0.23712891340255737,
            -0.024714922532439232
        ],
        [
            0.10392384976148605,
            0.5648174285888672,
            0.20109893381595612
        ],
        [
            -0.13305211067199707,
            -0.8538297414779663,
            -0.09605657309293747
        ],
        [
            -0.09335257112979889,
            -0.8569389581680298,
            -0.1490601897239685
        ],
        [
            -0.08329223841428757,
            -0.8599181175231934,
            -0.0062833912670612335
        ],
        [
            0.007130660116672516,
            -0.8659783601760864,
            -0.12236563861370087
        ],
        [
            0.10726914554834366,
            0.6860587000846863,
            0.04332485795021057
        ],
        [
            0.17485302686691284,
            0.6733688116073608,
            0.09169523417949677
        ],
        [
            0.10935357213020325,
            0.5744855403900146,
            0.27105268836021423
        ],
        [
            -0.12729540467262268,
            0.6833590865135193,
            0.07587391138076782
        ],
        [
            -0.19896748661994934,
            0.6641499400138855,
            0.12208762764930725
        ],
        [
            -0.1286071538925171,
            0.5545196533203125,
            0.2908812463283539
        ],
        [
            -0.1472340226173401,
            0.48986735939979553,
            0.21414044499397278
        ],
        [
            -0.12196220457553864,
            0.1732109934091568,
            -0.030175941064953804
        ],
        [
            -0.1459110975265503,
            -0.2642364501953125,
            0.05580358952283859
        ],
        [
            0.1460942029953003,
            -0.23757275938987732,
            0.03718513250350952
        ],
        [
            0.11622271686792374,
            0.1958928257226944,
            -0.0260775126516819
        ],
        [
            0.11244050413370132,
            0.5232570767402649,
            0.20864984393119812
        ],
        [
            -0.3891706168651581,
            -0.3548761010169983,
            -0.045274995267391205
        ],
        [
            -0.2559061646461487,
            -0.4254324436187744,
            0.12196114659309387
        ],
        [
            -0.13354676961898804,
            -0.6638675332069397,
            0.053172480314970016
        ],
        [
            0.14439928531646729,
            -0.6706827878952026,
            -0.033631786704063416
        ],
        [
            0.2538318634033203,
            -0.415208101272583,
            -0.001630156533792615
        ],
        [
            0.25982391834259033,
            -0.18166381120681763,
            -0.05437856912612915
        ],
        [
            0.0008632447570562363,
            -0.7225464582443237,
            -0.014041577465832233
        ],
        [
            -0.059650350362062454,
            -0.9112818837165833,
            -0.081460140645504
        ],
        [
            0.0007539491052739322,
            -0.2508275806903839,
            0.045918986201286316
        ],
        [
            0.0047811903059482574,
            -0.6650941371917725,
            0.0065719252452254295
        ],
        [
            0.01625901646912098,
            -0.49064943194389343,
            0.03506560996174812
        ],
        [
            -0.062490351498126984,
            -0.7985156774520874,
            -0.09583605825901031
        ],
        [
            -0.06007915735244751,
            -0.9313384294509888,
            -0.07345178723335266
        ]
    ],
    "pred_vertices": [
        [
            -0.09436545521020889,
            -0.9023854732513428,
            -0.16333822906017303
        ],
        [
            -0.10006345808506012,
            -0.8870526552200317,
            -0.1613554209470749
        ],
        [
            -0.0858965516090393,
            -0.8859701752662659,
            -0.1642305701971054
        ],
        [
            -0.07736029475927353,
            -0.8985216617584229,
            -0.16374099254608154
        ],
        [
            -0.09080078452825546,
            -0.8758449554443359,
            -0.16366197168827057
        ],
        [
            -0.10266994684934616,
            -0.8754295110702515,
            -0.16002433001995087
        ],
        [
            -0.07247493416070938,
            -0.8825788497924805,
            -0.16245535016059875
        ],
        [
            -0.06274855136871338,
            -0.8912961483001709,
            -0.16079095005989075
        ],
        [
            -0.054203491657972336,
            -0.8503527641296387,
            -0.15610171854496002
        ],
        [
            -0.04362529516220093,
            -0.8478466272354126,
            -0.15272410213947296
        ],
        [
            -0.04674448445439339,
            -0.8595373630523682,
            -0.15518885850906372
        ],
        [
            -0.0568738654255867,
            -0.8588474988937378,
            -0.15691643953323364
        ],
        [
            -0.046321045607328415,
            -0.8256344199180603,
            -0.1503337323665619
        ],
        [
            -0.05501779168844223,
            -0.8147423267364502,
            -0.1497827172279358
        ],
        [
            -0.04408734664320946,
            -0.8079589605331421,
            -0.14447306096553802
        ],
        [
            -0.035736843943595886,
            -0.818472146987915,
            -0.14357885718345642
        ],
        [
            -0.0966547280550003,
            -0.8222764730453491,
            -0.14080791175365448
        ],
        [
            -0.09102464467287064,
            -0.8162137866020203,
            -0.14392739534378052
        ],
        [
            -0.08931156247854233,
            -0.8230958580970764,
            -0.14702226221561432
        ],
        [
            -0.09505491703748703,
            -0.8283807039260864,
            -0.1431000530719757
        ],
        [
            -0.10873263329267502,
            -0.8302339315414429,
            -0.13821247220039368
        ],
        [
            -0.10660210996866226,
            -0.8363139629364014,
            -0.13747891783714294
        ],
        [
            -0.11415547877550125,
            -0.8388619422912598,
            -0.13725091516971588
        ],
        [
            -0.11639373749494553,
            -0.831908106803894,
            -0.1392640471458435
        ],
        [
            -0.09909360855817795,
            -0.816921055316925,
            -0.13599343597888947
        ],
        [
            -0.09279704093933105,
            -0.8106917142868042,
            -0.13933376967906952
        ],
        [
            -0.1019410789012909,
            -0.8273777961730957,
            -0.1384638547897339
        ],
        [
            -0.10372043401002884,
            -0.8224906325340271,
            -0.1380670666694641
        ],
        [
            -0.11217152327299118,
            -0.8144374489784241,
            -0.14152202010154724
        ],
        [
            -0.11098212003707886,
            -0.8194235563278198,
            -0.14226040244102478
        ],
        [
            -0.11858848482370377,
            -0.8189687728881836,
            -0.1439247727394104
        ],
        [
            -0.11781933903694153,
            -0.8137540221214294,
            -0.1420063078403473
        ],
        [
            -0.10344894230365753,
            -0.8157271146774292,
            -0.13777481019496918
        ],
        [
            -0.10574766993522644,
            -0.8180263042449951,
            -0.14026165008544922
        ],
        [
            -0.10832507908344269,
            -0.8138231635093689,
            -0.1394651234149933
        ],
        [
            -0.10631271451711655,
            -0.8123040795326233,
            -0.1361839473247528
        ],
        [
            -0.11055600643157959,
            -0.8254989385604858,
            -0.1391446739435196
        ],
        [
            -0.11795669794082642,
            -0.8258427381515503,
            -0.141318216919899
        ],
        [
            -0.1259976476430893,
            -0.8257161378860474,
            -0.14282596111297607
        ],
        [
            -0.12618297338485718,
            -0.8170244693756104,
            -0.14494045078754425
        ],
        [
            -0.07588332146406174,
            -0.8047138452529907,
            -0.14674971997737885
        ],
        [
            -0.08418913185596466,
            -0.8103432655334473,
            -0.146348237991333
        ],
        [
            -0.08643520623445511,
            -0.8052685260772705,
            -0.14223548769950867
        ],
        [
            -0.0798928439617157,
            -0.8006458282470703,
            -0.14347045123577118
        ],
        [
            -0.10218385607004166,
            -0.8099406957626343,
            -0.13477100431919098
        ],
        [
            -0.09613938629627228,
            -0.7945064306259155,
            -0.13634997606277466
        ],
        [
            -0.09707757830619812,
            -0.7981697916984558,
            -0.13715249300003052
        ],
        [
            -0.1040835976600647,
            -0.7979321479797363,
            -0.13505500555038452
        ],
        [
            -0.10268901288509369,
            -0.794573962688446,
            -0.13473279774188995
        ],
        [
            -0.06268894672393799,
            -0.7927473783493042,
            -0.14312149584293365
        ],
        [
            -0.06965848803520203,
            -0.7904086112976074,
            -0.1419280469417572
        ],
        [
            -0.06562734395265579,
            -0.7842850685119629,
            -0.13972996175289154
        ],
        [
            -0.05764682590961456,
            -0.7855747938156128,
            -0.1395156979560852
        ],
        [
            -0.06441141664981842,
            -0.7788342237472534,
            -0.13684435188770294
        ],
        [
            -0.05368626117706299,
            -0.7786153554916382,
            -0.1356896609067917
        ],
        [
            -0.05623515695333481,
            -0.7648768424987793,
            -0.12754292786121368
        ],
        [
            -0.05434383451938629,
            -0.7709662914276123,
            -0.1314331442117691
        ],
        [
            -0.06585687398910522,
            -0.7732175588607788,
            -0.13368059694766998
        ],
        [
            -0.07052356749773026,
            -0.7674908638000488,
            -0.1312342882156372
        ],
        [
            -0.08657616376876831,
            -0.7695488333702087,
            -0.1279045045375824
        ],
        [
            -0.09213991463184357,
            -0.7673888802528381,
            -0.12518000602722168
        ],
        [
            -0.08457301557064056,
            -0.756564736366272,
            -0.12615907192230225
        ],
        [
            -0.07771727442741394,
            -0.7611293792724609,
            -0.12880584597587585
        ],
        [
            -0.09192244708538055,
            -0.7897861003875732,
            -0.13251151144504547
        ],
        [
            -0.0873274952173233,
            -0.7906264066696167,
            -0.13364870846271515
        ],
        [
            -0.08923481404781342,
            -0.7915685176849365,
            -0.13548344373703003
        ],
        [
            -0.09459914267063141,
            -0.7917545437812805,
            -0.13460126519203186
        ],
        [
            -0.08362917602062225,
            -0.790837287902832,
            -0.1352091133594513
        ],
        [
            -0.08201209455728531,
            -0.790800929069519,
            -0.1359822154045105
        ],
        [
            -0.08335140347480774,
            -0.7917906045913696,
            -0.13671131432056427
        ],
        [
            -0.08452574163675308,
            -0.7914606332778931,
            -0.13552676141262054
        ],
        [
            -0.08610919117927551,
            -0.7909323573112488,
            -0.13439403474330902
        ],
        [
            -0.08655048906803131,
            -0.7889642715454102,
            -0.13365182280540466
        ],
        [
            -0.08432254940271378,
            -0.7899513840675354,
            -0.13477829098701477
        ],
        [
            -0.09070853143930435,
            -0.7874268889427185,
            -0.13267479836940765
        ],
        [
            -0.10380526632070541,
            -0.7827900648117065,
            -0.1284618079662323
        ],
        [
            -0.10061237215995789,
            -0.7838013172149658,
            -0.13024494051933289
        ],
        [
            -0.10193222016096115,
            -0.7882493734359741,
            -0.12902003526687622
        ],
        [
            -0.10461895167827606,
            -0.7876666784286499,
            -0.12753385305404663
        ],
        [
            -0.08612152189016342,
            -0.7931880950927734,
            -0.1368550807237625
        ],
        [
            -0.08456633239984512,
            -0.7948724031448364,
            -0.13859966397285461
        ],
        [
            -0.09017616510391235,
            -0.7966392636299133,
            -0.13827843964099884
        ],
        [
            -0.0898001417517662,
            -0.7940824031829834,
            -0.13666293025016785
        ],
        [
            -0.08320638537406921,
            -0.7968682050704956,
            -0.14074718952178955
        ],
        [
            -0.0817246288061142,
            -0.7931786775588989,
            -0.13819478452205658
        ],
        [
            -0.07916007190942764,
            -0.7940905094146729,
            -0.14041957259178162
        ],
        [
            -0.08189424872398376,
            -0.7890703082084656,
            -0.13538643717765808
        ],
        [
            -0.07871127128601074,
            -0.7878139019012451,
            -0.13635411858558655
        ],
        [
            -0.07974887639284134,
            -0.7901735901832581,
            -0.137719064950943
        ],
        [
            -0.07946095615625381,
            -0.784538984298706,
            -0.13470537960529327
        ],
        [
            -0.08376932144165039,
            -0.7869532108306885,
            -0.13390591740608215
        ],
        [
            -0.08762705326080322,
            -0.7844681739807129,
            -0.13279743492603302
        ],
        [
            -0.09284805506467819,
            -0.7819061279296875,
            -0.1314793825149536
        ],
        [
            -0.08788078278303146,
            -0.7779868245124817,
            -0.1308944672346115
        ],
        [
            -0.08281292021274567,
            -0.7811292409896851,
            -0.13287563621997833
        ],
        [
            -0.08894913643598557,
            -0.8006222248077393,
            -0.13994307816028595
        ],
        [
            -0.07545731216669083,
            -0.7901279926300049,
            -0.13961032032966614
        ],
        [
            -0.0745897889137268,
            -0.7965081930160522,
            -0.14294950664043427
        ],
        [
            -0.07351064682006836,
            -0.7856956720352173,
            -0.1382518708705902
        ],
        [
            -0.07337665557861328,
            -0.7814168930053711,
            -0.13591226935386658
        ],
        [
            -0.0755021721124649,
            -0.777138888835907,
            -0.13343484699726105
        ],
        [
            -0.08097995817661285,
            -0.7730779647827148,
            -0.13064587116241455
        ],
        [
            -0.07220739871263504,
            -0.7510849237442017,
            -0.11976241320371628
        ],
        [
            -0.0645245835185051,
            -0.7571178078651428,
            -0.12393852323293686
        ],
        [
            -0.10084779560565948,
            -0.86882084608078,
            -0.1553175449371338
        ],
        [
            -0.09288209676742554,
            -0.8688967227935791,
            -0.160315603017807
        ],
        [
            -0.08764839172363281,
            -0.8625941276550293,
            -0.15637201070785522
        ],
        [
            -0.08714020997285843,
            -0.8649939298629761,
            -0.15782737731933594
        ],
        [
            -0.09295753389596939,
            -0.8653138875961304,
            -0.15630066394805908
        ],
        [
            -0.09228786826133728,
            -0.8627551794052124,
            -0.15498152375221252
        ],
        [
            -0.06614622473716736,
            -0.8592764139175415,
            -0.15617893636226654
        ],
        [
            -0.07310167700052261,
            -0.8598535060882568,
            -0.15562701225280762
        ],
        [
            -0.07088539749383926,
            -0.8564751148223877,
            -0.15466658771038055
        ],
        [
            -0.06312310695648193,
            -0.8530555367469788,
            -0.1563035398721695
        ],
        [
            -0.07944794744253159,
            -0.8471852540969849,
            -0.1524481177330017
        ],
        [
            -0.07441937178373337,
            -0.8493329286575317,
            -0.1538681834936142
        ],
        [
            -0.08047635853290558,
            -0.8550325036048889,
            -0.1534934788942337
        ],
        [
            -0.08416890352964401,
            -0.8534737825393677,
            -0.1525394171476364
        ],
        [
            -0.08799677342176437,
            -0.8523892760276794,
            -0.1509135365486145
        ],
        [
            -0.0915977880358696,
            -0.8519461154937744,
            -0.14856910705566406
        ],
        [
            -0.08993588387966156,
            -0.8469396829605103,
            -0.14761413633823395
        ],
        [
            -0.08505818247795105,
            -0.8466260433197021,
            -0.15020707249641418
        ],
        [
            -0.09867310523986816,
            -0.8657534122467041,
            -0.1522367000579834
        ],
        [
            -0.10293179005384445,
            -0.8648207187652588,
            -0.1464926302433014
        ],
        [
            -0.10099245607852936,
            -0.8620554208755493,
            -0.1467212587594986
        ],
        [
            -0.09762163460254669,
            -0.8626611232757568,
            -0.151812344789505
        ],
        [
            -0.10244128853082657,
            -0.8566160202026367,
            -0.1348371058702469
        ],
        [
            -0.10296223312616348,
            -0.8588193655014038,
            -0.13674145936965942
        ],
        [
            -0.10643632709980011,
            -0.8597928285598755,
            -0.13492533564567566
        ],
        [
            -0.10542097687721252,
            -0.8555495738983154,
            -0.13325758278369904
        ],
        [
            -0.10335291922092438,
            -0.8526478409767151,
            -0.13464254140853882
        ],
        [
            -0.10157579928636551,
            -0.8548949360847473,
            -0.13586966693401337
        ],
        [
            -0.103419229388237,
            -0.9232306480407715,
            -0.15814685821533203
        ],
        [
            -0.10944987833499908,
            -0.9051758050918579,
            -0.15796728432178497
        ],
        [
            -0.08309413492679596,
            -0.920006275177002,
            -0.1612388789653778
        ],
        [
            -0.06640179455280304,
            -0.9126647114753723,
            -0.16002091765403748
        ],
        [
            -0.05197674781084061,
            -0.9015905857086182,
            -0.15780751407146454
        ],
        [
            -0.053655318915843964,
            -0.7989506125450134,
            -0.14410799741744995
        ],
        [
            -0.04594273492693901,
            -0.7916443347930908,
            -0.1399385631084442
        ],
        [
            -0.03357662633061409,
            -0.8018310070037842,
            -0.13869383931159973
        ],
        [
            -0.028400447219610214,
            -0.7930048704147339,
            -0.13208019733428955
        ],
        [
            -0.04128263518214226,
            -0.7826957702636719,
            -0.13438847661018372
        ],
        [
            -0.04298409819602966,
            -0.7656354308128357,
            -0.12022402882575989
        ],
        [
            -0.04009626433253288,
            -0.7734310626983643,
            -0.12759467959403992
        ],
        [
            -0.024746201932430267,
            -0.784912109375,
            -0.12247580289840698
        ],
        [
            -0.01206529513001442,
            -0.8003777861595154,
            -0.11917594820261002
        ],
        [
            -0.01787629723548889,
            -0.8054571151733398,
            -0.12964610755443573
        ],
        [
            -0.0037466175854206085,
            -0.8183215856552124,
            -0.11601868271827698
        ],
        [
            -0.0037895701825618744,
            -0.7956342101097107,
            -0.1058182567358017
        ],
        [
            0.0015194006264209747,
            -0.81907057762146,
            -0.10749568045139313
        ],
        [
            -0.004594519734382629,
            -0.7581592798233032,
            -0.09297353029251099
        ],
        [
            0.0034205354750156403,
            -0.7479584217071533,
            -0.08851508796215057
        ],
        [
            0.017269480973482132,
            -0.7577544450759888,
            -0.08364985138177872
        ],
        [
            0.010713152587413788,
            -0.7680718898773193,
            -0.0902145653963089
        ],
        [
            -0.025528624653816223,
            -0.8115050196647644,
            -0.1370311826467514
        ],
        [
            -0.04218272864818573,
            -0.8712542057037354,
            -0.1526315063238144
        ],
        [
            -0.05307300388813019,
            -0.8686139583587646,
            -0.15688908100128174
        ],
        [
            -0.03538466989994049,
            -0.8600261211395264,
            -0.150655597448349
        ],
        [
            -0.03839775174856186,
            -0.9335513114929199,
            -0.14942121505737305
        ],
        [
            -0.05371445417404175,
            -0.9246363639831543,
            -0.15634535253047943
        ],
        [
            -0.04110509902238846,
            -0.9115286469459534,
            -0.15553726255893707
        ],
        [
            -0.02813197672367096,
            -0.9215651750564575,
            -0.1492389738559723
        ],
        [
            -0.06971707940101624,
            -0.964081346988678,
            -0.13869403302669525
        ],
        [
            -0.08764491975307465,
            -0.9462168216705322,
            -0.15139958262443542
        ],
        [
            -0.07155898958444595,
            -0.93711256980896,
            -0.15416106581687927
        ],
        [
            -0.05592242628335953,
            -0.9512853622436523,
            -0.14568066596984863
        ],
        [
            -0.017543204128742218,
            -0.9262704253196716,
            -0.14222261309623718
        ],
        [
            -0.0033182278275489807,
            -0.9317582845687866,
            -0.1313333511352539
        ],
        [
            -0.004750333726406097,
            -0.9487525820732117,
            -0.12569491565227509
        ],
        [
            -0.022491998970508575,
            -0.9435428380966187,
            -0.1385335624217987
        ],
        [
            -0.01184988021850586,
            -0.9694864749908447,
            -0.11456995457410812
        ],
        [
            -0.03318685293197632,
            -0.9636958241462708,
            -0.130621537566185
        ],
        [
            0.01193121075630188,
            -0.8075271844863892,
            -0.09556546062231064
        ],
        [
            0.010159920901060104,
            -0.8258209824562073,
            -0.09965264797210693
        ],
        [
            0.0017819181084632874,
            -0.78037428855896,
            -0.09760066866874695
        ],
        [
            0.015458043664693832,
            -0.7915202379226685,
            -0.09020702540874481
        ],
        [
            -0.022854119539260864,
            -0.9844809174537659,
            -0.09922662377357483
        ],
        [
            -0.047782376408576965,
            -0.9791789054870605,
            -0.11912249028682709
        ],
        [
            0.029521219432353973,
            -0.9217851758003235,
            -0.08844546973705292
        ],
        [
            0.02228793501853943,
            -0.9371187686920166,
            -0.09842611104249954
        ],
        [
            0.017095476388931274,
            -0.9212310314178467,
