{
    "pred_cam": [
        1.5346615314483643,
        0.053401410579681396,
        0.34886422753334045
    ],
    "pred_smpl_params": {
        "global_orient": [
            [
                [
                    -0.9554818868637085,
                    0.046218935400247574,
                    -0.2914072573184967
                ],
                [
                    0.0021146582439541817,
                    -0.9865564107894897,
                    -0.16340743005275726
                ],
                [
                    -0.2950422167778015,
                    -0.15674905478954315,
                    0.9425390362739563
                ]
            ]
        ],
        "body_pose": [
            [
                [
                    0.9918422698974609,
                    0.03257973864674568,
                    -0.12323709577322006
                ],
                [
                    -0.014151966199278831,
                    0.988953709602356,
                    0.14754755795001984
                ],
                [
                    0.126682847738266,
                    -0.14459986984729767,
                    0.9813471436500549
                ]
            ],
            [
                [
                    0.9990264773368835,
                    -0.02048541232943535,
                    -0.03906885161995888
                ],
                [
                    0.029736816883087158,
                    0.966901421546936,
                    0.2534114122390747
                ],
                [
                    0.03258449211716652,
                    -0.2543265223503113,
                    0.9665693044662476
                ]
            ],
            [
                [
                    0.9983882904052734,
                    -0.02317541465163231,
                    0.05180518329143524
                ],
                [
                    0.030843688175082207,
                    0.9878204464912415,
                    -0.15251055359840393
                ],
                [
                    -0.047639720141887665,
                    0.1538626104593277,
                    0.9869431853294373
                ]
            ],
            [
                [
                    0.9833049774169922,
                    -0.1186453178524971,
                    -0.13796596229076385
                ],
                [
                    -0.10549809783697128,
                    0.24605336785316467,
                    -0.9634977579116821
                ],
                [
                    0.14826150238513947,
                    0.9619672894477844,
                    0.22942864894866943
                ]
            ],
            [
                [
                    0.9557498097419739,
                    -0.23392638564109802,
                    0.17838342487812042
                ],
                [
                    0.20112629234790802,
                    0.07707537710666656,
                    -0.9765283465385437
                ],
                [
                    0.21468675136566162,
                    0.9691944718360901,
                    0.12071352452039719
                ]
            ],
            [
                [
                    0.9956638216972351,
                    0.04016408696770668,
                    0.08390627056360245
                ],
                [
                    -0.03779376298189163,
                    0.9988455772399902,
                    -0.02965008094906807
                ],
                [
                    -0.08500027656555176,
                    0.02635038271546364,
                    0.9960323572158813
                ]
            ],
            [
                [
                    0.9842636585235596,
                    -0.08280739188194275,
                    0.15610262751579285
                ],
                [
                    0.04181292653083801,
                    0.967455267906189,
                    0.24956335127353668
                ],
                [
                    -0.1716880053281784,
                    -0.23910902440547943,
                    0.9556934833526611
                ]
            ],
            [
                [
                    0.9772642850875854,
                    0.13324972987174988,
                    -0.1649210900068283
                ],
                [
                    -0.08126939833164215,
                    0.9538445472717285,
                    0.2890947759151459
                ],
                [
                    0.19583088159561157,
                    -0.269118994474411,
                    0.942987322807312
                ]
            ],
            [
                [
                    0.9975557327270508,
                    0.020627889782190323,
                    0.06676126271486282
                ],
                [
                    -0.018344132229685783,
                    0.9992313981056213,
                    -0.0346420481801033
                ],
                [
                    -0.06742455065250397,
                    0.0333326980471611,
                    0.9971674084663391
                ]
            ],
            [
                [
                    0.9990930557250977,
                    -0.041698016226291656,
                    0.008622654713690281
                ],
                [
                    0.039238616824150085,
                    0.9802486896514893,
                    0.1938374936580658
                ],
                [
                    -0.01653498224914074,
                    -0.19332334399223328,
                    0.9809958338737488
                ]
            ],
            [
                [
                    0.9998508095741272,
                    -0.007386882323771715,
                    -0.015615871176123619
                ],
                [
                    0.009991738013923168,
                    0.9847040176391602,
                    0.17394854128360748
                ],
                [
                    0.01409207470715046,
                    -0.17407861351966858,
                    0.9846309423446655
                ]
            ],
            [
                [
                    0.9989540576934814,
                    0.022376785054802895,
                    -0.03987523913383484
                ],
                [
                    -0.019021417945623398,
                    0.9963991641998291,
                    0.08262486010789871
                ],
                [
                    0.04158053174614906,
                    -0.08177996426820755,
                    0.9957826137542725
                ]
            ],
            [
                [
                    0.9157503843307495,
                    0.3970213532447815,
                    0.06144321709871292
                ],
                [
                    -0.3980926275253296,
                    0.9173269867897034,
                    0.005778885912150145
                ],
                [
                    -0.05406918376684189,
                    -0.029752111062407494,
                    0.9980937838554382
                ]
            ],
            [
                [
                    0.9393385052680969,
                    -0.3372606933116913,
                    0.062436122447252274
                ],
                [
                    0.33825746178627014,
                    0.9410355687141418,
                    -0.005829404108226299
                ],
                [
                    -0.05678858235478401,
                    0.02659527026116848,
                    0.9980319142341614
                ]
            ],
            [
                [
                    0.9991782903671265,
                    0.028931235894560814,
                    -0.028385499492287636
                ],
                [
                    -0.03271428123116493,
                    0.9891219139099121,
                    -0.1434139758348465
                ],
                [
                    0.02392757683992386,
                    0.14422473311424255,
                    0.9892556071281433
                ]
            ],
            [
                [
                    0.47729218006134033,
                    0.8426566123962402,
                    -0.2492431253194809
                ],
                [
                    -0.8737178444862366,
                    0.48536765575408936,
                    -0.03217896446585655
                ],
                [
                    0.0938587337732315,
                    0.23312689363956451,
                    0.9679063558578491
                ]
            ],
            [
                [
                    0.4912600517272949,
                    -0.8304020166397095,
                    0.26286134123802185
                ],
                [
                    0.8579452037811279,
                    0.5134082436561584,
                    0.018492573872208595
                ],
                [
                    -0.1503114402294159,
                    0.2164359837770462,
                    0.9646563529968262
                ]
            ],
            [
                [
                    0.20249418914318085,
                    -0.4178471863269806,
                    -0.8856635689735413
                ],
                [
                    0.20188267529010773,
                    0.9027847647666931,
                    -0.3797672688961029
                ],
                [
                    0.9582481980323792,
                    -0.10189945250749588,
                    0.26716476678848267
                ]
            ],
            [
                [
                    0.012559246271848679,
                    0.4596662223339081,
                    0.8880029320716858
                ],
                [
                    -0.21835428476333618,
                    0.8679007291793823,
                    -0.446172297000885
                ],
                [
                    -0.9757887721061707,
                    -0.1882956326007843,
                    0.11127026379108429
                ]
            ],
            [
                [
                    0.9888396859169006,
                    -0.14754067361354828,
                    0.020688973367214203
                ],
                [
                    0.1485828459262848,
                    0.9868067502975464,
                    -0.06430869549512863
                ],
                [
                    -0.01092787180095911,
                    0.06666500121355057,
                    0.9977157115936279
                ]
            ],
            [
                [
                    0.9859730005264282,
                    0.16519199311733246,
                    -0.023850824683904648
                ],
                [
                    -0.16686014831066132,
                    0.9789023995399475,
                    -0.1179310530424118
                ],
                [
                    0.0038663640152662992,
                    0.12025658786296844,
                    0.9927353262901306
                ]
            ],
            [
                [
                    0.963391125202179,
                    0.25636643171310425,
                    -0.07844666391611099
                ],
                [
                    -0.2455492913722992,
                    0.9612013697624207,
                    0.12568798661231995
                ],
                [
                    0.10762523114681244,
                    -0.10182416439056396,
                    0.9889634847640991
                ]
            ],
            [
                [
                    0.9631603956222534,
                    -0.26302576065063477,
                    0.0560319684445858
                ],
                [
                    0.255159854888916,
                    0.9596064686775208,
                    0.11852812021970749
                ],
                [
                    -0.08494458347558975,
                    -0.09986447542905807,
                    0.9913685321807861
                ]
            ]
        ],
        "betas": [
            -0.27616921067237854,
            -0.2687636911869049,
            0.20401355624198914,
            0.32440638542175293,
            0.15690678358078003,
            0.0762157142162323,
            0.03008618950843811,
            -0.14936503767967224,
            0.08629588037729263,
            -0.10831400752067566
        ]
    },
    "pred_cam_t": [
        0.053401410579681396,
        0.34886422753334045,
        25.453495025634766
    ],
    "focal_length": [
        5000.0,
        5000.0
    ],
    "pred_keypoints_3d": [
        [
            -0.06513868272304535,
            -0.8459099531173706,
            0.11351877450942993
        ],
        [
            0.009545305743813515,
            -0.7299656271934509,
            -0.02288796752691269
        ],
        [
            0.17117449641227722,
            -0.6397450566291809,
            0.06328227370977402
        ],
        [
            0.20901420712471008,
            -0.3949221670627594,
            0.08627744019031525
        ],
        [
            0.0775948166847229,
            -0.4141610562801361,
            0.2968335449695587
        ],
        [
            -0.13627269864082336,
            -0.6241161227226257,
            -0.11407764256000519
        ],
        [
            -0.13532477617263794,
            -0.37019968032836914,
            -0.13471396267414093
        ],
        [
            -0.266025185585022,
            -0.3346673846244812,
            0.06718529760837555
        ],
        [
            -0.0017765125958248973,
            -0.22525537014007568,
            0.029026098549365997
        ],
        [
            0.06044481322169304,
            -0.13562089204788208,
            0.05957338213920593
        ],
        [
            0.045820124447345734,
            0.20850291848182678,
            0.2043793648481369
        ],
        [
            0.04159286990761757,
            0.34521234035491943,
            -0.15925075113773346
        ],
        [
            -0.07104691863059998,
            -0.13401833176612854,
            0.01637573353946209
        ],
        [
            -0.12240985035896301,
            0.21407407522201538,
            0.11558890342712402
        ],
        [
            -0.10172130167484283,
            0.3799627125263214,
            -0.23465031385421753
        ],
        [
            -0.02426091395318508,
            -0.8870697021484375,
            0.09530866146087646
        ],
        [
            -0.08481654524803162,
            -0.8826459646224976,
            0.06825271248817444
        ],
        [
            0.05247877165675163,
            -0.8711310625076294,
            0.026297762989997864
        ],
        [
            -0.08093366026878357,
            -0.8625926971435547,
            -0.03186305612325668
        ],
        [
            -0.12180814892053604,
            0.5444785952568054,
            -0.13286668062210083
        ],
        [
            -0.18296387791633606,
            0.5105970501899719,
            -0.17728596925735474
        ],
        [
            -0.10487164556980133,
            0.35774219036102295,
            -0.29849913716316223
        ],
        [
            -0.000548921525478363,
            0.506531834602356,
            -0.06150555610656738
        ],
        [
            0.0788513645529747,
            0.49079418182373047,
            -0.08857685327529907
        ],
        [
            0.056375764310359955,
            0.33384862542152405,
            -0.22830283641815186
        ],
        [
            0.07206118106842041,
            0.3054988384246826,
            -0.12840840220451355
        ],
        [
            0.04879132658243179,
            0.158929705619812,
            0.20056436955928802
        ],
        [
            0.14565065503120422,
            -0.2533780336380005,
            0.05619785934686661
        ],
        [
            -0.13854585587978363,
            -0.2363714873790741,
            -0.03939082473516464
        ],
        [
            -0.1322757750749588,
            0.17961718142032623,
            0.11292683333158493
        ],
        [
            -0.11156722903251648,
            0.3391966223716736,
            -0.22042296826839447
        ],
        [
            0.07452905178070068,
            -0.43911993503570557,
            0.26944243907928467
        ],
        [
            0.22437509894371033,
            -0.42724016308784485,
            0.11558201164007187
        ],
        [
            0.14094211161136627,
            -0.6698838472366333,
            0.04497839882969856
        ],
        [
            -0.10985033959150314,
            -0.6564884781837463,
            -0.10347385704517365
        ],
        [
            -0.17895427346229553,
            -0.40442222356796265,
            -0.13450069725513458
        ],
        [
            -0.2628787159919739,
            -0.35404276847839355,
            0.054502975195646286
        ],
        [
            0.005375254899263382,
            -0.7214439511299133,
            -0.021800197660923004
        ],
        [
            -0.02646171674132347,
            -0.9203605651855469,
            0.005531144328415394
        ],
        [
            0.002853939775377512,
            -0.24494057893753052,
            0.007923319935798645
        ],
        [
            0.014530500397086143,
            -0.66172856092453,
            -0.02580227702856064
        ],
        [
            0.01910465955734253,
            -0.4871848225593567,
            -0.02382800169289112
        ],
        [
            -0.03963548690080643,
            -0.8142666220664978,
            0.04378388077020645
        ],
        [
            -0.019242731854319572,
            -0.9389606714248657,
            -0.0019206092692911625
        ]
    ],
    "pred_vertices": [
        [
            -0.09710776805877686,
            -0.9272633790969849,
            0.06064487248659134
        ],
        [
            -0.09331071376800537,
            -0.9139739871025085,
            0.0695667564868927
        ],
        [
            -0.09961654990911484,
            -0.9089548587799072,
            0.05763491615653038
        ],
        [
            -0.10165490210056305,
            -0.9188311100006104,
            0.04579600691795349
        ],
        [
            -0.09761138260364532,
            -0.9006798267364502,
            0.06496484577655792
        ],
        [
            -0.09135858714580536,
            -0.9031335115432739,
            0.07506383955478668
        ],
        [
            -0.10129179060459137,
            -0.9018605947494507,
            0.045956846326589584
        ],
        [
            -0.10247588902711868,
            -0.9082443714141846,
            0.033450957387685776
        ],
        [
            -0.10157588124275208,
            -0.8656309843063354,
            0.035624872893095016
        ],
        [
            -0.10069829225540161,
            -0.8596928715705872,
            0.02560100518167019
        ],
        [
            -0.10148867964744568,
            -0.8716834187507629,
            0.026571085676550865
        ],
        [
            -0.10033577680587769,
            -0.8741818070411682,
            0.03655485808849335
        ],
        [
            -0.09759043157100677,
            -0.8399832248687744,
            0.034996286034584045
        ],
        [
            -0.09506192058324814,
            -0.8320361375808716,
            0.04603952541947365
        ],
        [
            -0.09252460300922394,
            -0.8223419189453125,
            0.03702709823846817
        ],
        [
            -0.09347586333751678,
            -0.8298153877258301,
            0.025952555239200592
        ],
        [
            -0.07605991512537003,
            -0.8500820398330688,
            0.07949578016996384
        ],
        [
            -0.08033109456300735,
            -0.8430997133255005,
            0.07679341733455658
        ],
        [
            -0.08381614089012146,
            -0.8492384552955627,
            0.07401219010353088
        ],
        [
            -0.07868266105651855,
            -0.8555092811584473,
            0.07685557752847672
        ],
        [
            -0.07008981704711914,
            -0.8603407144546509,
            0.08840733766555786
        ],
        [
            -0.0698017105460167,
            -0.8654603958129883,
            0.08455829322338104
        ],
        [
            -0.06776919960975647,
            -0.8700684309005737,
            0.09077966958284378
        ],
        [
            -0.06918563693761826,
            -0.8642231225967407,
            0.09530143439769745
        ],
        [
            -0.07101071625947952,
            -0.845365047454834,
            0.08216410875320435
        ],
        [
            -0.07525844871997833,
            -0.8381779789924622,
            0.07878459244966507
        ],
        [
            -0.07265765964984894,
            -0.8561071157455444,
            0.08249016106128693
        ],
        [
            -0.07114031165838242,
            -0.851604700088501,
            0.08575049787759781
        ],
        [
            -0.07269440591335297,
            -0.8466614484786987,
            0.09674642235040665
        ],
        [
            -0.07360498607158661,
            -0.8510370254516602,
            0.09438712894916534
        ],
        [
            -0.07336820662021637,
            -0.8528879880905151,
            0.10202532261610031
        ],
        [
            -0.0717751532793045,
            -0.8475099205970764,
            0.10239892452955246
        ],
        [
            -0.07119281589984894,
            -0.8450160026550293,
            0.08731486648321152
        ],
        [
            -0.07302802801132202,
            -0.8479992151260376,
            0.08943983167409897
        ],
        [
            -0.07156375050544739,
            -0.844762921333313,
            0.09285762161016464
        ],
        [
            -0.06878285109996796,
            -0.8425561189651489,
            0.09061384201049805
        ],
        [
            -0.07052619755268097,
            -0.8563873767852783,
            0.09154464304447174
        ],
        [
            -0.07092265784740448,
            -0.8590050935745239,
            0.09885989874601364
        ],
        [
            -0.07042784988880157,
            -0.8613834381103516,
            0.10679344832897186
        ],
        [
            -0.07227584719657898,
            -0.8531158566474915,
            0.10997819155454636
        ],
        [
            -0.08654598891735077,
            -0.8283991813659668,
            0.06715191155672073
        ],
        [
            -0.08439245074987411,
            -0.8358760476112366,
            0.07282502949237823
        ],
        [
            -0.07939530164003372,
            -0.8315939903259277,
            0.0752890557050705
        ],
        [
            -0.08207279443740845,
            -0.8255943059921265,
            0.07098428905010223
        ],
        [
            -0.06819174438714981,
            -0.8391713500022888,
            0.08716845512390137
        ],
        [
            -0.07086825370788574,
            -0.8232676982879639,
            0.08686715364456177
        ],
        [
            -0.07133857160806656,
            -0.8269432783126831,
            0.08666890859603882
        ],
        [
            -0.06763704121112823,
            -0.8285183906555176,
            0.09276537597179413
        ],
        [
            -0.06772276759147644,
            -0.8250308632850647,
            0.09249452501535416
        ],
        [
            -0.08611615747213364,
            -0.8133955001831055,
            0.0580037385225296
        ],
        [
            -0.08285267651081085,
            -0.8131566047668457,
            0.06443429738283157
        ],
        [
            -0.08171383291482925,
            -0.8061147332191467,
            0.0623776912689209
        ],
        [
            -0.08371435105800629,
            -0.8050388097763062,
            0.05514322966337204
        ],
        [
            -0.07876478880643845,
            -0.8005572557449341,
            0.06266311556100845
        ],
        [
            -0.08055707812309265,
            -0.797155499458313,
            0.05309293791651726
        ],
        [
            -0.07163432985544205,
            -0.783955454826355,
            0.05782832205295563
        ],
        [
            -0.07608401775360107,
            -0.7896267175674438,
            0.05529097467660904
        ],
        [
            -0.07518089562654495,
            -0.7953683137893677,
            0.06505988538265228
        ],
        [
            -0.07162672281265259,
            -0.7909062504768372,
            0.07054712623357773
        ],
        [
            -0.06513269245624542,
            -0.796933650970459,
            0.08349279314279556
        ],
        [
            -0.06118669733405113,
            -0.7962220907211304,
            0.08852715790271759
        ],
        [
            -0.06359823048114777,
            -0.783845067024231,
            0.08528753370046616
        ],
        [
            -0.06760399043560028,
            -0.7865282297134399,
            0.07848064601421356
        ],
        [
            -0.06896615773439407,
            -0.8177728652954102,
            0.08330243080854416
        ],
        [
            -0.0711071714758873,
            -0.8174436092376709,
            0.07897823303937912
        ],
        [
            -0.07245826721191406,
            -0.8189588785171509,
            0.08085806667804718
        ],
        [
            -0.07038308680057526,
            -0.820530891418457,
            0.08557461947202682
        ],
        [
            -0.07319852709770203,
            -0.8169161081314087,
            0.07571502774953842
        ],
        [
            -0.07426014542579651,
            -0.8164805769920349,
            0.07433733344078064
        ],
        [
            -0.07474806159734726,
            -0.8177918195724487,
            0.0754389688372612
        ],
        [
            -0.07355855405330658,
            -0.81769198179245,
            0.07631702721118927
        ],
        [
            -0.07211095094680786,
            -0.8175261616706848,
            0.07777729630470276
        ],
        [
            -0.07137537002563477,
            -0.8157155513763428,
            0.07869870960712433
        ],
        [
            -0.07265131175518036,
            -0.8162213563919067,
            0.07660423219203949
        ],
        [
            -0.0695134848356247,
            -0.8153201937675476,
            0.08287428319454193
        ],
        [
            -0.06130695343017578,
            -0.8138331174850464,
            0.09574250131845474
        ],
        [
            -0.06457307189702988,
            -0.8144562840461731,
            0.09259159117937088
        ],
        [
            -0.06322669982910156,
            -0.8188013434410095,
            0.09222067147493362
        ],
        [
            -0.0603298656642437,
            -0.8185361623764038,
            0.0949731394648552
        ],
        [
            -0.07383234798908234,
            -0.81943678855896,
            0.07791326940059662
        ],
        [
            -0.07631281018257141,
            -0.8211039304733276,
            0.0759677067399025
        ],
        [
            -0.07479553669691086,
            -0.8241595029830933,
            0.08061084151268005
        ],
        [
            -0.07340489327907562,
            -0.8215519785881042,
            0.0807834193110466
        ],
        [
            -0.07876293361186981,
            -0.8226990103721619,
            0.07453040778636932
        ],
        [
            -0.0764729231595993,
            -0.8187621235847473,
            0.0737745612859726
        ],
        [
            -0.07846365869045258,
            -0.8188140392303467,
            0.0719117745757103
        ],
        [
            -0.07369110733270645,
            -0.8148214817047119,
            0.07469267398118973
        ],
        [
            -0.07519182562828064,
            -0.812889575958252,
            0.07227694243192673
        ],
        [
            -0.07631175965070724,
            -0.8154523372650146,
            0.07274407893419266
        ],
        [
            -0.07349561154842377,
            -0.8098737001419067,
            0.07377170026302338
        ],
        [
            -0.0719691663980484,
            -0.8131902813911438,
            0.07688038051128387
        ],
        [
            -0.07009794563055038,
            -0.8117825984954834,
            0.08107256144285202
        ],
        [
            -0.06758464872837067,
            -0.8106608390808105,
            0.08640996366739273
        ],
        [
            -0.06807813048362732,
            -0.8055636882781982,
            0.08293314278125763
        ],
        [
            -0.07119286060333252,
            -0.807320237159729,
            0.07770572602748871
        ],
        [
            -0.0759982019662857,
            -0.8273669481277466,
            0.07886634767055511
        ],
        [
            -0.07903680205345154,
            -0.8144172430038452,
            0.06910864263772964
        ],
        [
            -0.08266624808311462,
            -0.8203572034835815,
            0.0671485960483551
        ],
        [
            -0.07812153548002243,
            -0.8096505999565125,
            0.0684821605682373
        ],
        [
            -0.0758717730641365,
            -0.8054054975509644,
            0.06939089298248291
        ],
        [
            -0.0728602483868599,
            -0.8017059564590454,
            0.07250016182661057
        ],
        [
            -0.0692293792963028,
            -0.7990735769271851,
            0.07806304842233658
        ],
        [
            -0.0600300058722496,
            -0.7745199203491211,
            0.07441482692956924
        ],
        [
            -0.06585493683815002,
            -0.7785452604293823,
            0.06684666872024536
        ],
        [
            -0.08819545805454254,
            -0.896135687828064,
            0.07417189329862595
        ],
        [
            -0.09457458555698395,
            -0.894326388835907,
            0.06806762516498566
        ],
        [
            -0.09238865971565247,
            -0.8865380883216858,
            0.06382504105567932
        ],
        [
            -0.09475118666887283,
            -0.8892567157745361,
            0.06257108598947525
        ],
        [
            -0.09094899892807007,
            -0.8904448747634888,
            0.06812851876020432
        ],
        [
            -0.08995774388313293,
            -0.8879231214523315,
            0.06767356395721436
        ],
        [
            -0.09742175042629242,
            -0.8773418664932251,
            0.04446609318256378
        ],
        [
            -0.09518741816282272,
            -0.8798112273216248,
            0.05066036805510521
        ],
        [
            -0.09450097382068634,
            -0.8759660124778748,
            0.0493084080517292
        ],
        [
            -0.09824518859386444,
            -0.8706678152084351,
            0.04336411878466606
        ],
        [
            -0.09067040681838989,
            -0.869317352771759,
            0.05960184335708618
        ],
        [
            -0.0930463969707489,
            -0.8700751662254333,
            0.054572321474552155
        ],
        [
            -0.09139125049114227,
            -0.8771835565567017,
            0.058355145156383514
        ],
        [
            -0.08966163545846939,
            -0.8766646385192871,
            0.062054265290498734
        ],
        [
            -0.0871930941939354,
            -0.8765537142753601,
            0.06562451273202896
        ],
        [
            -0.08381430059671402,
            -0.8769752979278564,
            0.06857014447450638
        ],
        [
            -0.08344375342130661,
            -0.8715254664421082,
            0.06835874170064926
        ],
        [
            -0.087211474776268,
            -0.8700984716415405,
            0.06446409225463867
        ],
        [
            -0.08590205013751984,
            -0.8922227621078491,
            0.07207943499088287
        ],
        [
            -0.07919557392597198,
            -0.8920915126800537,
            0.07508182525634766
        ],
        [
            -0.07993092387914658,
            -0.8889198303222656,
            0.07411454617977142
        ],
        [
            -0.08573344349861145,
            -0.8890206813812256,
            0.07186100631952286
        ],
        [
            -0.06821327656507492,
            -0.8832683563232422,
            0.07454818487167358
        ],
        [
            -0.06993094086647034,
            -0.8856730461120605,
            0.07473468035459518
        ],
        [
            -0.06743036210536957,
            -0.8874689340591431,
            0.07730723172426224
        ],
        [
            -0.06595984101295471,
            -0.882981538772583,
            0.07722987234592438
        ],
        [
            -0.06768617033958435,
            -0.8797421455383301,
            0.07652012258768082
        ],
        [
            -0.06940921396017075,
            -0.8814891576766968,
            0.07452309131622314
        ],
        [
            -0.09011885523796082,
            -0.9494549036026001,
            0.06150936707854271
        ],
        [
            -0.08793970197439194,
            -0.9331555366516113,
            0.07247842103242874
        ],
        [
            -0.09757963567972183,
            -0.9405597448348999,
            0.04421549290418625
        ],
        [
            -0.10076690465211868,
            -0.9289453029632568,
            0.030584271997213364
        ],
        [
            -0.10269691050052643,
            -0.9141859412193298,
            0.019589541479945183
        ],
        [
            -0.08960844576358795,
            -0.8166770935058594,
            0.048333920538425446
        ],
        [
            -0.08747053146362305,
            -0.8074487447738647,
            0.042754124850034714
        ],
        [
            -0.08933275192975998,
            -0.8132097721099854,
            0.028154339641332626
        ],
        [
            -0.08443088084459305,
            -0.8031052350997925,
            0.02528541535139084
        ],
        [
            -0.08307422697544098,
            -0.797218918800354,
            0.04044148698449135
        ],
        [
            -0.06846117973327637,
            -0.7798557281494141,
            0.04451729729771614
        ],
        [
            -0.07670049369335175,
            -0.7874090671539307,
            0.04114331305027008
        ],
        [
            -0.07672257721424103,
            -0.7934017181396484,
            0.02282235585153103
        ],
        [
            -0.07749806344509125,
            -0.804479718208313,
            0.005492568016052246
        ],
        [
            -0.08409257233142853,
            -0.8112435936927795,
            0.011347969062626362
        ],
        [
            -0.07674805819988251,
            -0.8188214302062988,
            -0.008360196836292744
        ],
        [
            -0.06739331036806107,
            -0.7970198392868042,
            -0.0024438537657260895
        ],
        [
            -0.07009302079677582,
            -0.8178600072860718,
            -0.014744817279279232
        ],
        [
            -0.05421287566423416,
            -0.7625110745429993,
            0.008502352982759476
        ],
        [
            -0.05372912064194679,
            -0.7514156103134155,
            0.004389146342873573
        ],
        [
            -0.057114772498607635,
            -0.7576397657394409,
            -0.01257001981139183
        ],
        [
            -0.058605797588825226,
            -0.7686201333999634,
            -0.00879063829779625
        ],
        [
            -0.08967987447977066,
            -0.8198873996734619,
            0.01733211800456047
        ],
        [
            -0.10036864876747131,
            -0.882813572883606,
            0.018025966361165047
        ],
        [
            -0.10145755112171173,
            -0.8827909827232361,
            0.029979031533002853
        ],
        [
            -0.09892169386148453,
            -0.8692657947540283,
            0.014982149936258793
        ],
        [
            -0.09803834557533264,
            -0.9410168528556824,
            -0.004347208421677351
        ],
        [
            -0.10052411258220673,
            -0.9374364614486694,
            0.013807158917188644
        ],
        [
            -0.10261458158493042,
            -0.9209214448928833,
            0.005986732430756092
        ],
        [
            -0.09972752630710602,
            -0.9263996481895447,
            -0.010311317630112171
        ],
        [
            -0.07937173545360565,
            -0.9779883027076721,
            0.013496327213943005
        ],
        [
            -0.08749404549598694,
            -0.9669206738471985,
            0.03784202039241791
        ],
        [
            -0.09359420090913773,
            -0.9535413980484009,
            0.026572316884994507
        ],
        [
            -0.08904073387384415,
            -0.9621639251708984,
            0.005983314476907253
        ],
        [
            -0.09574856609106064,
            -0.9271746873855591,
            -0.02327551506459713
        ],
        [
            -0.08810900151729584,
            -0.927629828453064,
            -0.04102892428636551
        ],
        [
            -0.08259030431509018,
            -0.9434969425201416,
            -0.04661146178841591
        ],
        [
            -0.09052199870347977,
            -0.9450004696846008,
            -0.024875080212950706
        ],
        [
            -0.06936286389827728,
            -0.9642124176025391,
            -0.04812027886509895
        ],
        [
            -0.0801309123635292,
            -0.9664936065673828,
            -0.02288912422955036
        ],
        [
            -0.062254443764686584,
            -0.8043906092643738,
            -0.022562649101018906
        ],
        [
            -0.0641707107424736,
            -0.8222963213920593,
            -0.026399649679660797
        ],
        [
            -0.06132615730166435,
            -0.782030463218689,
            -0.003294624388217926
        ],
        [
            -0.06022760272026062,
            -0.7890191674232483,
            -0.021304041147232056
        ],
        [
            -0.051879867911338806,
            -0.9800757169723511,
            -0.0456835962831974
        ],
        [
            -0.06540153920650482,
            -0.9843750596046448,
            -0.016509316861629486
        ],
        [
            -0.05505809932947159,
            -0.9049419164657593,
            -0.07828225195407867
        ],
        [
            -0.06221006065607071,
            -0.9227624535560608,
            -0.07388318330049515
        ],
        [
            -0.07372299581766129,
            -0.9101755619049072,
            -0.06127376854419708
        ],
        [
            -0.06614873558282852,
