{
    "pred_cam": [
        1.115799069404602,
        0.022984499111771584,
        0.15182089805603027
    ],
    "pred_smpl_params": {
        "global_orient": [
            [
                [
                    0.9943571090698242,
                    0.03521524369716644,
                    -0.10006871819496155
                ],
                [
                    0.03695361688733101,
                    -0.9991956353187561,
                    0.015570997260510921
                ],
                [
                    -0.09943989664316177,
                    -0.019181033596396446,
                    -0.9948586225509644
                ]
            ]
        ],
        "body_pose": [
            [
                [
                    0.9956308603286743,
                    -0.07405653595924377,
                    0.05687544867396355
                ],
                [
                    0.06290173530578613,
                    0.9820846915245056,
                    0.177631676197052
                ],
                [
                    -0.06901129335165024,
                    -0.17327800393104553,
                    0.9824520945549011
                ]
            ],
            [
                [
                    0.9967908263206482,
                    -0.005376816727221012,
                    0.07986948639154434
                ],
                [
                    -0.014037668704986572,
                    0.9705401062965393,
                    0.24053038656711578
                ],
                [
                    -0.07880982756614685,
                    -0.24087966978549957,
                    0.9673500061035156
                ]
            ],
            [
                [
                    0.9981604814529419,
                    0.013857241719961166,
                    -0.05902191251516342
                ],
                [
                    -0.02563873678445816,
                    0.9786725640296936,
                    -0.20382048189640045
                ],
                [
                    0.05493872985243797,
                    0.20495881140232086,
                    0.9772275686264038
                ]
            ],
            [
                [
                    0.9949551820755005,
                    0.023069411516189575,
                    -0.09763196855783463
                ],
                [
                    -0.07771389931440353,
                    0.7926742434501648,
                    -0.6046719551086426
                ],
                [
                    0.06344091147184372,
                    0.6092088222503662,
                    0.790468156337738
                ]
            ],
            [
                [
                    0.9876524209976196,
                    -0.011047092266380787,
                    0.15627121925354004
                ],
                [
                    0.11983849853277206,
                    0.6957576870918274,
                    -0.7082090973854065
                ],
                [
                    -0.10090325027704239,
                    0.7181916832923889,
                    0.688490629196167
                ]
            ],
            [
                [
                    0.9966599941253662,
                    -0.07206257432699203,
                    -0.038416970521211624
                ],
                [
                    0.07384324073791504,
                    0.9961549639701843,
                    0.047143444418907166
                ],
                [
                    0.03487197682261467,
                    -0.049822818487882614,
                    0.9981491565704346
                ]
            ],
            [
                [
                    0.9822525978088379,
                    0.04789545759558678,
                    0.1813448965549469
                ],
                [
                    -0.06740924715995789,
                    0.9923927187919617,
                    0.10301792621612549
                ],
                [
                    -0.17503125965595245,
                    -0.11341392993927002,
                    0.9780089259147644
                ]
            ],
            [
                [
                    0.9793825149536133,
                    -0.02626962587237358,
                    -0.20029902458190918
                ],
                [
                    0.032528020441532135,
                    0.9990779757499695,
                    0.028017841279506683
                ],
                [
                    0.1993783563375473,
                    -0.033955514430999756,
                    0.9793339967727661
                ]
            ],
            [
                [
                    0.9977442622184753,
                    -0.042337097227573395,
                    -0.052096668630838394
                ],
                [
                    0.038971271365880966,
                    0.9971880912780762,
                    -0.0640096589922905
                ],
                [
                    0.05466015636920929,
                    0.06183499097824097,
                    0.9965886473655701
                ]
            ],
            [
                [
                    0.9858431220054626,
                    -0.1599937081336975,
                    -0.05015353858470917
                ],
                [
                    0.1654512584209442,
                    0.9767611026763916,
                    0.13624845445156097
                ],
                [
                    0.02718912623822689,
                    -0.14261756837368011,
                    0.9894043803215027
                ]
            ],
            [
                [
                    0.9925459623336792,
                    0.1209515854716301,
                    0.01494169607758522
                ],
                [
                    -0.1217416375875473,
                    0.978364884853363,
                    0.1672758162021637
                ],
                [
                    0.005613845773041248,
                    -0.16784796118736267,
                    0.9857969880104065
                ]
            ],
            [
                [
                    0.9526764750480652,
                    -0.07221691310405731,
                    -0.29528334736824036
                ],
                [
                    0.09014647454023361,
                    0.9947929382324219,
                    0.04754602536559105
                ],
                [
                    0.29031214118003845,
                    -0.07191473245620728,
                    0.9542259573936462
                ]
            ],
            [
                [
                    0.8982949256896973,
                    0.4368583559989929,
                    0.04712635651230812
                ],
                [
                    -0.4335395395755768,
                    0.8986639976501465,
                    -0.0666818618774414
                ],
                [
                    -0.07148128747940063,
                    0.03946884721517563,
                    0.9966606497764587
                ]
            ],
            [
                [
                    0.9247432351112366,
                    -0.3700025677680969,
                    -0.08915187418460846
                ],
                [
                    0.3743545413017273,
                    0.9265154004096985,
                    0.0377865806221962
                ],
                [
                    0.06861945241689682,
                    -0.06831729412078857,
                    0.9953010082244873
                ]
            ],
            [
                [
                    0.9643978476524353,
                    -0.10141081362962723,
                    -0.24423857033252716
                ],
                [
                    0.04990562051534653,
                    0.9767481088638306,
                    -0.20850078761577606
                ],
                [
                    0.25970378518104553,
                    0.18888886272907257,
                    0.9470347166061401
                ]
            ],
            [
                [
                    0.5261173248291016,
                    0.8303290009498596,
                    -0.18372350931167603
                ],
                [
                    -0.8483648896217346,
                    0.5274373292922974,
                    -0.04568272829055786
                ],
                [
                    0.058970943093299866,
                    0.17989905178546906,
                    0.9819158911705017
                ]
            ],
            [
                [
                    0.6933205127716064,
                    -0.6938611268997192,
                    0.19458520412445068
                ],
                [
                    0.7003810405731201,
                    0.7123686075210571,
                    0.04469190165400505
                ],
                [
                    -0.1696263700723648,
                    0.10529796779155731,
                    0.9798669815063477
                ]
            ],
            [
                [
                    0.8717142939567566,
                    -0.18883948028087616,
                    -0.45216575264930725
                ],
                [
                    0.15767551958560944,
                    0.9817802906036377,
                    -0.10604704916477203
                ],
                [
                    0.46395325660705566,
                    0.021147245541214943,
                    0.8856073021888733
                ]
            ],
            [
                [
                    0.40562236309051514,
                    0.3762509226799011,
                    0.8330100178718567
                ],
                [
                    -0.4211527705192566,
                    0.8857772350311279,
                    -0.1950102597475052
                ],
                [
                    -0.8112341165542603,
                    -0.27172398567199707,
                    0.5177501440048218
                ]
            ],
            [
                [
                    0.9998070001602173,
                    0.00557304173707962,
                    0.018839530646800995
                ],
                [
                    -0.005959127098321915,
                    0.9997720718383789,
                    0.020499810576438904
                ],
                [
                    -0.018720991909503937,
                    -0.020608119666576385,
                    0.9996123313903809
                ]
            ],
            [
                [
                    0.9932568073272705,
                    0.11180578917264938,
                    -0.03066514991223812
                ],
                [
                    -0.11194222420454025,
                    0.9937108755111694,
                    -0.002763735828921199
                ],
                [
                    0.030163291841745377,
                    0.006177824456244707,
                    0.9995259046554565
                ]
            ],
            [
                [
                    0.9673066735267639,
                    0.22629226744174957,
                    -0.11449698358774185
                ],
                [
                    -0.20951281487941742,
                    0.9674376249313354,
                    0.1420169621706009
                ],
                [
                    0.1429060399532318,
                    -0.11338537931442261,
                    0.9832199811935425
                ]
            ],
            [
                [
                    0.9734371900558472,
                    -0.21895618736743927,
                    0.06691844761371613
                ],
                [
                    0.2102723866701126,
                    0.970608651638031,
                    0.11706531792879105
                ],
                [
                    -0.09058381617069244,
                    -0.09988465160131454,
                    0.990867018699646
                ]
            ]
        ],
        "betas": [
            -0.041175588965415955,
            -0.015235751867294312,
            0.025667309761047363,
            0.11268921196460724,
            0.019845932722091675,
            -0.004508402198553085,
            -0.031057029962539673,
            -0.03362882137298584,
            0.04791344702243805,
            -0.0143052339553833
        ]
    },
    "pred_cam_t": [
        0.022984499111771584,
        0.15182089805603027,
        35.008544921875
    ],
    "focal_length": [
        5000.0,
        5000.0
    ],
    "pred_keypoints_3d": [
        [
            -0.12808597087860107,
            -0.8039381504058838,
            -0.14572283625602722
        ],
        [
            -0.005427842028439045,
            -0.7305080890655518,
            -0.017897743731737137
        ],
        [
            -0.16546472907066345,
            -0.6296547055244446,
            0.06347694993019104
        ],
        [
            -0.2366296350955963,
            -0.39189040660858154,
            0.11751832813024521
        ],
        [
            -0.41574618220329285,
            -0.3205513060092926,
            -0.04863663762807846
        ],
        [
            0.17492890357971191,
            -0.6362403035163879,
            -0.0367618203163147
        ],
        [
            0.22364133596420288,
            -0.39351949095726013,
            0.04394643008708954
        ],
        [
            0.26549866795539856,
            -0.16157811880111694,
            -0.03499912470579147
        ],
        [
            -0.0018600827315822244,
            -0.2240586131811142,
            0.028094837442040443
        ],
        [
            -0.07171985507011414,
            -0.13629934191703796,
            0.04092264175415039
        ],
        [
            -0.12972845137119293,
            0.2345137894153595,
            -0.034213051199913025
        ],
        [
            -0.12650316953659058,
            0.5427643060684204,
            0.21880178153514862
        ],
        [
            0.06455816328525543,
            -0.1303693950176239,
            0.029830491170287132
        ],
        [
            0.1068253219127655,
            0.23774564266204834,
            -0.027039477601647377
        ],
        [
            0.10446502268314362,
            0.5650616884231567,
            0.20016217231750488
        ],
        [
            -0.1348016858100891,
            -0.8484834432601929,
            -0.10376490652561188
        ],
        [
            -0.09290605783462524,
            -0.8525387048721313,
            -0.15496939420700073
        ],
        [
            -0.08915552496910095,
            -0.8554867506027222,
            -0.011961553245782852
        ],
        [
            0.005920238792896271,
            -0.8637264966964722,
            -0.12390103936195374
        ],
        [
            0.10743889957666397,
            0.6873923540115356,
            0.0431860089302063
        ],
        [
            0.17488081753253937,
            0.6744421124458313,
            0.09149780869483948
        ],
        [
            0.11026951670646667,
            0.5741926431655884,
            0.27016469836235046
        ],
        [
            -0.12823429703712463,
            0.682557225227356,
            0.07865744829177856
        ],
        [
            -0.19994452595710754,
            0.6628973484039307,
            0.12443229556083679
        ],
        [
            -0.12946170568466187,
            0.5508509874343872,
            0.29168078303337097
        ],
        [
            -0.14808890223503113,
            0.4872584044933319,
            0.2140369415283203
        ],
        [
            -0.12315426766872406,
            0.1739545613527298,
            -0.03386875241994858
        ],
        [
            -0.14628076553344727,
            -0.26293060183525085,
            0.05490628629922867
        ],
        [
            0.1463589072227478,
            -0.23698246479034424,
            0.03841617703437805
        ],
        [
            0.11647713929414749,
            0.1965794861316681,
            -0.028216596692800522
        ],
        [
            0.11305078119039536,
            0.5234090685844421,
            0.20749688148498535
        ],
        [
            -0.39529430866241455,
            -0.3506728708744049,
            -0.05559220910072327
        ],
        [
            -0.2650442123413086,
            -0.42559173703193665,
            0.11356375366449356
        ],
        [
            -0.13719972968101501,
            -0.6623342037200928,
            0.04799120873212814
        ],
        [
            0.14252232015132904,
            -0.6695438027381897,
            -0.03221747651696205
        ],
        [
            0.2516343593597412,
            -0.41448700428009033,
            0.003705024253576994
        ],
        [
            0.26648858189582825,
            -0.18036338686943054,
            -0.046304523944854736
        ],
        [
            -0.0012757349759340286,
            -0.7210309505462646,
            -0.016235243529081345
        ],
        [
            -0.06334524601697922,
            -0.9074633121490479,
            -0.08585110306739807
        ],
        [
            0.0006987473461776972,
            -0.24992430210113525,
            0.046141669154167175
        ],
        [
            0.002240806818008423,
            -0.6637371778488159,
            0.00470037292689085
        ],
        [
            0.014307040721178055,
            -0.48933666944503784,
            0.03434381261467934
        ],
        [
            -0.0632157102227211,
            -0.7948285341262817,
            -0.10043436288833618
        ],
        [
            -0.06452266126871109,
            -0.9275192022323608,
            -0.07787884026765823
        ]
    ],
    "pred_vertices": [
        [
            -0.09432828426361084,
            -0.8980640172958374,
            -0.1691715121269226
        ],
        [
            -0.09976371377706528,
            -0.8825759291648865,
            -0.1674443781375885
        ],
        [
            -0.08547978103160858,
            -0.881812334060669,
            -0.16972629725933075
        ],
        [
            -0.07724892348051071,
            -0.8945631980895996,
            -0.1688365638256073
        ],
        [
            -0.09018314629793167,
            -0.8715625405311584,
            -0.1693907082080841
        ],
        [
            -0.10215809941291809,
            -0.8708899021148682,
            -0.16627974808216095
        ],
        [
            -0.07208700478076935,
            -0.8787037134170532,
            -0.16739235818386078
        ],
        [
            -0.06263403594493866,
            -0.8876521587371826,
            -0.1652645468711853
        ],
        [
            -0.05338286608457565,
            -0.8468422889709473,
            -0.16029269993305206
        ],
        [
            -0.04290539771318436,
            -0.8445407152175903,
            -0.15647028386592865
        ],
        [
            -0.04619443044066429,
            -0.8561792969703674,
            -0.15905636548995972
        ],
        [
            -0.05622872710227966,
            -0.8552799224853516,
            -0.16121557354927063
        ],
        [
            -0.04527001082897186,
            -0.8222817182540894,
            -0.1542196422815323
        ],
        [
            -0.05374109745025635,
            -0.8112070560455322,
            -0.15405353903770447
        ],
        [
            -0.042933590710163116,
            -0.8046482801437378,
            -0.1482681930065155
        ],
        [
            -0.03485186770558357,
            -0.8153327107429504,
            -0.14700350165367126
        ],
        [
            -0.09581199288368225,
            -0.8178131580352783,
            -0.1468857377767563
        ],
        [
            -0.08994226157665253,
            -0.8118878602981567,
            -0.14975637197494507
        ],
        [
            -0.08823753148317337,
            -0.8188103437423706,
            -0.1527700126171112
        ],
        [
            -0.09424354135990143,
            -0.8239569664001465,
            -0.14909881353378296
        ],
        [
            -0.10816194862127304,
            -0.8254969120025635,
            -0.1448095589876175
        ],
        [
            -0.10619867593050003,
            -0.8316222429275513,
            -0.1439831405878067
        ],
        [
            -0.1138014942407608,
            -0.834006667137146,
            -0.14407411217689514
        ],
        [
            -0.11579771339893341,
            -0.8270069360733032,
            -0.14617297053337097
        ],
        [
            -0.09834475070238113,
            -0.8123942017555237,
            -0.1421947479248047
        ],
        [
            -0.09179821610450745,
            -0.8063209056854248,
            -0.1452454924583435
        ],
        [
            -0.1012968197464943,
            -0.8227869868278503,
            -0.1447763592004776
        ],
        [
            -0.10299786180257797,
            -0.8178634643554688,
            -0.1444540023803711
        ],
        [
            -0.11110460013151169,
            -0.8096369504928589,
            -0.1482544094324112
        ],
        [
            -0.10999252647161484,
            -0.814649760723114,
            -0.14893671870231628
        ],
        [
            -0.11750216037034988,
            -0.8140356540679932,
            -0.1509237438440323
        ],
        [
            -0.116703562438488,
            -0.8088328838348389,
            -0.14898018538951874
        ],
        [
            -0.10259514302015305,
            -0.8111076354980469,
            -0.14414560794830322
        ],
        [
            -0.10482791066169739,
            -0.8133597373962402,
            -0.1467202603816986
        ],
        [
            -0.10734394937753677,
            -0.8091030120849609,
            -0.1460351049900055
        ],
        [
            -0.10544862598180771,
            -0.8076180219650269,
            -0.14267565310001373
        ],
        [
            -0.10983537137508392,
            -0.8207241296768188,
            -0.14580987393856049
        ],
        [
            -0.1171349436044693,
            -0.8209116458892822,
            -0.14829176664352417
        ],
        [
            -0.12508681416511536,
            -0.8206152319908142,
            -0.15013007819652557
        ],
        [
            -0.1249973252415657,
            -0.8119372129440308,
            -0.152263343334198
        ],
        [
            -0.0744905024766922,
            -0.8007324934005737,
            -0.15192678570747375
        ],
        [
            -0.08290412276983261,
            -0.8061766624450684,
            -0.151882603764534
        ],
        [
            -0.08521690219640732,
            -0.8010472059249878,
            -0.14787285029888153
        ],
        [
            -0.07854297757148743,
            -0.7965730428695679,
            -0.1488225758075714
        ],
        [
            -0.10134545713663101,
            -0.805352509021759,
            -0.1410902738571167
        ],
        [
            -0.09493770450353622,
            -0.7900732755661011,
            -0.14240415394306183
        ],
        [
            -0.09590982645750046,
            -0.7937144041061401,
            -0.14324013888835907
        ],
        [
            -0.1029839739203453,
            -0.7933260202407837,
            -0.14144274592399597
        ],
        [
            -0.1015411764383316,
            -0.7900003790855408,
            -0.14106738567352295
        ],
        [
            -0.0612475648522377,
            -0.7890512943267822,
            -0.1477326601743698
        ],
        [
            -0.06819803267717361,
            -0.786565899848938,
            -0.1468290090560913
        ],
        [
            -0.06415912508964539,
            -0.7805311679840088,
            -0.1444586217403412
        ],
        [
            -0.05625234544277191,
            -0.7819806337356567,
            -0.143920436501503
        ],
        [
            -0.06299836188554764,
            -0.7750983238220215,
            -0.14152725040912628
        ],
        [
            -0.0523613765835762,
            -0.775084376335144,
            -0.139929860830307
        ],
        [
            -0.05499392747879028,
            -0.7612512111663818,
            -0.1318885236978531
        ],
        [
            -0.05306273698806763,
            -0.7674014568328857,
            -0.13570958375930786
        ],
        [
            -0.06447217613458633,
            -0.7694385647773743,
            -0.1384272277355194
        ],
        [
            -0.06911394745111465,
            -0.7636048793792725,
            -0.1361740231513977
        ],
        [
            -0.08525244891643524,
            -0.7653393149375916,
            -0.13352712988853455
        ],
        [
            -0.0908563882112503,
            -0.763067364692688,
            -0.13103872537612915
        ],
        [
            -0.08307594060897827,
            -0.752395510673523,
            -0.13168473541736603
        ],
        [
            -0.07625461369752884,
            -0.7570931911468506,
            -0.13404765725135803
        ],
        [
            -0.0907912626862526,
            -0.7854330539703369,
            -0.1383991241455078
        ],
        [
            -0.08617648482322693,
            -0.7863761186599731,
            -0.13933239877223969
        ],
        [
            -0.08801335841417313,
            -0.7872799634933472,
            -0.14124995470046997
        ],
        [
            -0.09340409189462662,
            -0.7873477935791016,
            -0.14060260355472565
        ],
        [
            -0.08242342621088028,
            -0.7866790890693665,
            -0.14072321355342865
        ],
        [
            -0.08077550679445267,
            -0.786677360534668,
            -0.14142560958862305
        ],
        [
            -0.08209530264139175,
            -0.7876360416412354,
            -0.14221294224262238
        ],
        [
            -0.08331234753131866,
            -0.7872795462608337,
            -0.14108075201511383
        ],
        [
            -0.0849330872297287,
            -0.7867153882980347,
            -0.1400185376405716
        ],
        [
            -0.08536989241838455,
            -0.7847408652305603,
            -0.13929608464241028
        ],
        [
            -0.08312001824378967,
            -0.7857802510261536,
            -0.14032086730003357
        ],
        [
            -0.08952711522579193,
            -0.7831127643585205,
            -0.1385047435760498
        ],
        [
            -0.10267975181341171,
            -0.7781929969787598,
            -0.13485485315322876
        ],
        [
            -0.09942934662103653,
            -0.7792730331420898,
            -0.13650695979595184
        ],
        [
            -0.10088633000850677,
            -0.78368079662323,
            -0.1353374570608139
        ],
        [
            -0.1036340519785881,
            -0.7830457091331482,
            -0.13396410644054413
        ],
        [
            -0.08489390462636948,
            -0.7889723181724548,
            -0.14247295260429382
        ],
        [
            -0.08328592777252197,
            -0.7906916737556458,
            -0.14415010809898376
        ],
        [
            -0.08892953395843506,
            -0.7923362255096436,
            -0.14407138526439667
        ],
        [
            -0.08857456594705582,
            -0.7897850275039673,
            -0.14244404435157776
        ],
        [
            -0.08188245445489883,
            -0.7927201986312866,
            -0.1462440937757492
        ],
        [
            -0.08043656498193741,
            -0.7890617251396179,
            -0.14362385869026184
        ],
        [
            -0.07782107591629028,
            -0.7900325059890747,
            -0.1457357257604599
        ],
        [
            -0.08065325766801834,
            -0.7849568128585815,
            -0.1408216804265976
        ],
        [
            -0.0774117186665535,
            -0.7837735414505005,
            -0.14164955914020538
        ],
        [
            -0.07842951267957687,
            -0.786106288433075,
            -0.1430618166923523
        ],
        [
            -0.07817299664020538,
            -0.7804856300354004,
            -0.1400313377380371
        ],
        [
            -0.08255139738321304,
            -0.7827972173690796,
            -0.1394292563199997
        ],
        [
            -0.08639620989561081,
            -0.7802292108535767,
            -0.13849221169948578
        ],
        [
            -0.09160574525594711,
            -0.7775543332099915,
            -0.1374034285545349
        ],
        [
            -0.08660206943750381,
            -0.7737462520599365,
            -0.13659623265266418
        ],
        [
            -0.08152981102466583,
            -0.7769976854324341,
            -0.138357013463974
        ],
        [
            -0.08773480355739594,
            -0.7963438034057617,
            -0.14568084478378296
        ],
        [
            -0.0740690678358078,
            -0.7861567735671997,
            -0.1447650045156479
        ],
        [
            -0.07319333404302597,
            -0.7925510406494141,
            -0.14806833863258362
        ],
        [
            -0.07210293412208557,
            -0.7817740440368652,
            -0.14331813156604767
        ],
        [
            -0.07199925184249878,
            -0.7774965763092041,
            -0.1409754604101181
        ],
        [
            -0.07415975630283356,
            -0.7731654644012451,
            -0.13859069347381592
        ],
        [
            -0.07964109629392624,
            -0.7689828872680664,
            -0.13604071736335754
        ],
        [
            -0.07094796746969223,
            -0.7471283078193665,
            -0.12477391958236694
        ],
        [
            -0.06326025724411011,
            -0.7533154487609863,
            -0.12863296270370483
        ],
        [
            -0.10039233416318893,
            -0.8643008470535278,
            -0.16150961816310883
        ],
        [
            -0.09222748875617981,
            -0.8645581603050232,
            -0.16615796089172363
        ],
        [
            -0.08702816069126129,
            -0.8583440780639648,
            -0.16201192140579224
        ],
        [
            -0.08649110794067383,
            -0.8607667684555054,
            -0.16343551874160767
        ],
        [
            -0.09239056706428528,
            -0.8609591722488403,
            -0.1621563732624054
        ],
        [
            -0.09172017872333527,
            -0.8583997488021851,
            -0.16082099080085754
        ],
        [
            -0.06551339477300644,
            -0.8555012345314026,
            -0.16088108718395233
        ],
        [
            -0.07248759269714355,
            -0.8559194803237915,
            -0.1606389284133911
        ],
        [
            -0.07024703174829483,
            -0.8525905609130859,
            -0.15957722067832947
        ],
        [
            -0.06235303357243538,
            -0.8493499755859375,
            -0.16087912023067474
        ],
        [
            -0.0786878913640976,
            -0.8431191444396973,
            -0.15773263573646545
        ],
        [
            -0.0736600011587143,
            -0.8453766107559204,
            -0.15893147885799408
        ],
        [
            -0.07983840256929398,
            -0.8509409427642822,
            -0.15881729125976562
        ],
        [
            -0.08352769166231155,
            -0.8492990136146545,
            -0.15803062915802002
        ],
        [
            -0.08739569783210754,
            -0.848126232624054,
            -0.15657591819763184
        ],
        [
            -0.0910831093788147,
            -0.8475952744483948,
            -0.1543915718793869
        ],
        [
            -0.08935382217168808,
            -0.8426283597946167,
            -0.15336576104164124
        ],
        [
            -0.0843697339296341,
            -0.8424328565597534,
            -0.15573912858963013
        ],
        [
            -0.09828944504261017,
            -0.8612543344497681,
            -0.15835300087928772
        ],
        [
            -0.10276816040277481,
            -0.8602122068405151,
            -0.15279808640480042
        ],
        [
            -0.10077288001775742,
            -0.857487678527832,
            -0.15295320749282837
        ],
        [
            -0.0971936285495758,
            -0.8581793904304504,
            -0.15789638459682465
        ],
        [
            -0.10260850191116333,
            -0.8519771099090576,
            -0.141150563955307
        ],
        [
            -0.10309943556785583,
            -0.8541731834411621,
            -0.1430763453245163
        ],
        [
            -0.10666651278734207,
            -0.855067253112793,
            -0.14141957461833954
        ],
        [
            -0.10562483966350555,
            -0.8508479595184326,
            -0.13970673084259033
        ],
        [
            -0.10343240201473236,
            -0.8480002284049988,
            -0.1409963220357895
        ],
        [
            -0.10165420919656754,
            -0.8502821326255798,
            -0.14214184880256653
        ],
        [
            -0.10399496555328369,
            -0.9187004566192627,
            -0.16431307792663574
        ],
        [
            -0.10967039316892624,
            -0.9005128145217896,
            -0.16446247696876526
        ],
        [
            -0.08354297280311584,
            -0.9159106612205505,
            -0.16654089093208313
        ],
        [
            -0.06675286591053009,
            -0.908932089805603,
            -0.16462844610214233
        ],
        [
            -0.052225545048713684,
            -0.8981732130050659,
            -0.1617889702320099
        ],
        [
            -0.05231554061174393,
            -0.7954443097114563,
            -0.14832554757595062
        ],
        [
            -0.04466908425092697,
            -0.7882925271987915,
            -0.14383873343467712
        ],
        [
            -0.03257739916443825,
            -0.798718273639679,
            -0.14205455780029297
        ],
        [
            -0.02754848450422287,
            -0.7899753451347351,
            -0.13526788353919983
        ],
        [
            -0.040109843015670776,
            -0.779410719871521,
            -0.13812053203582764
        ],
        [
            -0.04214615002274513,
            -0.7622296810150146,
            -0.12403874099254608
        ],
        [
            -0.03906743973493576,
            -0.7701201438903809,
            -0.13130177557468414
        ],
        [
            -0.02419959008693695,
            -0.781907320022583,
            -0.12556923925876617
        ],
        [
            -0.011962078511714935,
            -0.7976337671279907,
            -0.12174420058727264
        ],
        [
            -0.017410412430763245,
            -0.8026416301727295,
            -0.1323569416999817
        ],
        [
            -0.0041578710079193115,
            -0.8157399892807007,
            -0.11823974549770355
        ],
        [
            -0.004276547580957413,
            -0.7930178046226501,
            -0.10810442268848419
        ],
        [
            0.0006826668977737427,
            -0.8165775537490845,
            -0.10956521332263947
        ],
        [
            -0.005179649218916893,
            -0.7555220127105713,
            -0.0952964574098587
        ],
        [
            0.0027180323377251625,
            -0.7454496026039124,
            -0.09059760719537735
        ],
        [
            0.016295354813337326,
            -0.7554844617843628,
            -0.08537449687719345
        ],
        [
            0.009866597130894661,
            -0.7657053470611572,
            -0.092072993516922
        ],
        [
            -0.02480470761656761,
            -0.8085657954216003,
            -0.14002668857574463
        ],
        [
            -0.0420248918235302,
            -0.868008553981781,
            -0.15629172325134277
        ],
        [
            -0.052637986838817596,
            -0.8651542067527771,
            -0.16100317239761353
        ],
        [
            -0.035098690539598465,
            -0.8569095134735107,
            -0.1540168821811676
        ],
        [
            -0.03968736529350281,
            -0.9304054975509644,
            -0.1527727246284485
        ],
        [
            -0.054476916790008545,
            -0.9211763143539429,
            -0.16035179793834686
        ],
        [
            -0.041681528091430664,
            -0.9083192944526672,
            -0.1590128242969513
        ],
        [
            -0.029227174818515778,
            -0.9186125993728638,
            -0.15216170251369476
        ],
        [
            -0.0720478743314743,
            -0.9602532386779785,
            -0.14337126910686493
        ],
        [
            -0.0890345498919487,
            -0.9420077800750732,
            -0.15685543417930603
        ],
        [
            -0.07266156375408173,
            -0.9332537651062012,
            -0.15893292427062988
        ],
        [
            -0.05770859867334366,
            -0.9477832317352295,
            -0.14976800978183746
        ],
        [
            -0.019037306308746338,
            -0.923529863357544,
            -0.14468933641910553
        ],
        [
            -0.005458034574985504,
            -0.9292749166488647,
            -0.13317078351974487
        ],
        [
            -0.007444269955158234,
            -0.946172833442688,
            -0.12750275433063507
        ],
        [
            -0.024496711790561676,
            -0.9406994581222534,
            -0.14114385843276978
        ],
        [
            -0.015467539429664612,
            -0.9667036533355713,
            -0.116657555103302
        ],
        [
            -0.03591558337211609,
            -0.9605706930160522,
            -0.13365745544433594
        ],
        [
            0.010727740824222565,
            -0.8052233457565308,
            -0.0973128229379654
        ],
        [
            0.008822165429592133,
            -0.8235049247741699,
            -0.10141301155090332
        ],
        [
            0.0010972470045089722,
            -0.7778582572937012,
            -0.09971388429403305
        ],
        [
            0.014282159507274628,
            -0.7892642021179199,
            -0.09189674258232117
        ],
        [
            -0.02741171419620514,
            -0.9813659191131592,
            -0.10179251432418823
        ],
        [
            -0.05128759145736694,
            -0.9756927490234375,
            -0.1227874830365181
        ],
        [
            0.02562057226896286,
            -0.9198408126831055,
            -0.0889863595366478
        ],
        [
            0.01852533221244812,
            -0.935042142868042,
            -0.09916964918375015
        ],
        [
            0.01424727588891983,
            -0.9191076159477234,
