{
    "pred_cam": [
        1.130497694015503,
        0.019824454560875893,
        0.15099117159843445
    ],
    "pred_smpl_params": {
        "global_orient": [
            [
                [
                    0.9950820803642273,
                    0.028422173112630844,
                    -0.09488845616579056
                ],
                [
                    0.03144097700715065,
                    -0.9990410208702087,
                    0.030471928417682648
                ],
                [
                    -0.09393137693405151,
                    -0.03330545499920845,
                    -0.9950214624404907
                ]
            ]
        ],
        "body_pose": [
            [
                [
                    0.9962525367736816,
                    -0.0665583536028862,
                    0.055233459919691086
                ],
                [
                    0.0561857633292675,
                    0.9835342764854431,
                    0.1717657446861267
                ],
                [
                    -0.06575644761323929,
                    -0.16801875829696655,
                    0.9835881590843201
                ]
            ],
            [
                [
                    0.9968872666358948,
                    0.0008388847927562892,
                    0.078835628926754
                ],
                [
                    -0.018908666446805,
                    0.9733025431632996,
                    0.22874575853347778
                ],
                [
                    -0.07653902471065521,
                    -0.2295244187116623,
                    0.9702887535095215
                ]
            ],
            [
                [
                    0.9982534646987915,
                    0.006848091259598732,
                    -0.05867743492126465
                ],
                [
                    -0.018204612657427788,
                    0.9805812835693359,
                    -0.19526608288288116
                ],
                [
                    0.056200798600912094,
                    0.19599325954914093,
                    0.9789933562278748
                ]
            ],
            [
                [
                    0.9946590662002563,
                    0.02044113352894783,
                    -0.10117042064666748
                ],
                [
                    -0.07809184491634369,
                    0.7899707555770874,
                    -0.6081511378288269
                ],
                [
                    0.06749040633440018,
                    0.6128036975860596,
                    0.7873478531837463
                ]
            ],
            [
                [
                    0.9868833422660828,
                    -0.005477128084748983,
                    0.1613418012857437
                ],
                [
                    0.1166599690914154,
                    0.7150178551673889,
                    -0.6893039345741272
                ],
                [
                    -0.11158685386180878,
                    0.6990847587585449,
                    0.7062781453132629
                ]
            ],
            [
                [
                    0.9972959160804749,
                    -0.06392569839954376,
                    -0.03625289723277092
                ],
                [
                    0.06556305289268494,
                    0.9967905879020691,
                    0.045933663845062256
                ],
                [
                    0.0332002118229866,
                    -0.04818630963563919,
                    0.9982863664627075
                ]
            ],
            [
                [
                    0.9826522469520569,
                    0.05136927217245102,
                    0.17820149660110474
                ],
                [
                    -0.07026669383049011,
                    0.9923604726791382,
                    0.10140702873468399
                ],
                [
                    -0.17163090407848358,
                    -0.11216947436332703,
                    0.9787548184394836
                ]
            ],
            [
                [
                    0.9795439839363098,
                    -0.02908146195113659,
                    -0.19911785423755646
                ],
                [
                    0.03457508236169815,
                    0.9991098642349243,
                    0.024167850613594055
                ],
                [
                    0.19823776185512543,
                    -0.030557988211512566,
                    0.9796775579452515
                ]
            ],
            [
                [
                    0.9980394244194031,
                    -0.03818592056632042,
                    -0.0495915412902832
                ],
                [
                    0.03481907397508621,
                    0.9971407651901245,
                    -0.06706664711236954
                ],
                [
                    0.05201074853539467,
                    0.06520841270685196,
                    0.9965153932571411
                ]
            ],
            [
                [
                    0.9854927062988281,
                    -0.16270782053470612,
                    -0.04827387258410454
                ],
                [
                    0.16783036291599274,
                    0.9765832424163818,
                    0.1346035748720169
                ],
                [
                    0.025242401286959648,
                    -0.1407526433467865,
                    0.9897229671478271
                ]
            ],
            [
                [
                    0.9919991493225098,
                    0.12499455362558365,
                    0.017720280215144157
                ],
                [
                    -0.12616364657878876,
                    0.9765306711196899,
                    0.17455807328224182
                ],
                [
                    0.004514411091804504,
                    -0.175397127866745,
                    0.9844873547554016
                ]
            ],
            [
                [
                    0.9584315419197083,
                    -0.06928406655788422,
                    -0.2767827808856964
                ],
                [
                    0.08689957112073898,
                    0.994865357875824,
                    0.05187813937664032
                ],
                [
                    0.2717672884464264,
                    -0.07377395033836365,
                    0.9595310688018799
                ]
            ],
            [
                [
                    0.899631679058075,
                    0.4327455163002014,
                    0.05825947970151901
                ],
                [
                    -0.4290207326412201,
                    0.9008426070213318,
                    -0.06651190668344498
                ],
                [
                    -0.08126534521579742,
                    0.03484169766306877,
                    0.9960833191871643
                ]
            ],
            [
                [
                    0.9307727813720703,
                    -0.3526916801929474,
                    -0.09628398716449738
                ],
                [
                    0.35706502199172974,
                    0.9335244297981262,
                    0.03219717741012573
                ],
                [
                    0.0785277858376503,
                    -0.06434790045022964,
                    0.9948329925537109
                ]
            ],
            [
                [
                    0.972711443901062,
                    -0.083804652094841,
                    -0.2163543701171875
                ],
                [
                    0.04161449149250984,
                    0.9803836941719055,
                    -0.1926553100347519
                ],
                [
                    0.22825570404529572,
                    0.17839455604553223,
                    0.9571179151535034
                ]
            ],
            [
                [
                    0.5169177055358887,
                    0.8385779857635498,
                    -0.17199696600437164
                ],
                [
                    -0.8543470501899719,
                    0.517989456653595,
                    -0.042166706174612045
                ],
                [
                    0.05373254790902138,
                    0.16874182224273682,
                    0.9841945171356201
                ]
            ],
            [
                [
                    0.6766159534454346,
                    -0.7070119380950928,
                    0.20573046803474426
                ],
                [
                    0.716485321521759,
                    0.6965936422348022,
                    0.03749818727374077
                ],
                [
                    -0.16982217133045197,
                    0.12203099578619003,
                    0.9778900146484375
                ]
            ],
            [
                [
                    0.8742693066596985,
                    -0.1949038803577423,
                    -0.4445962607860565
                ],
                [
                    0.17115573585033417,
                    0.9808065891265869,
                    -0.09340354055166245
                ],
                [
                    0.45426762104034424,
                    0.005564666818827391,
                    0.8908480405807495
                ]
            ],
            [
                [
                    0.3505454957485199,
                    0.3839155435562134,
                    0.8542404770851135
                ],
                [
                    -0.4028252065181732,
                    0.8852425813674927,
                    -0.23254556953907013
                ],
                [
                    -0.8454878926277161,
                    -0.26259180903434753,
                    0.46496865153312683
                ]
            ],
            [
                [
                    0.9997502565383911,
                    -0.0008824188262224197,
                    0.02233259379863739
                ],
                [
                    0.0003010563086718321,
                    0.9996613264083862,
                    0.02602197229862213
                ],
                [
                    -0.022347992286086082,
                    -0.02600874751806259,
                    0.999411940574646
                ]
            ],
            [
                [
                    0.9926507472991943,
                    0.11699843406677246,
                    -0.030917376279830933
                ],
                [
                    -0.11675392836332321,
                    0.9931144118309021,
                    0.009604623541235924
                ],
                [
                    0.03182821720838547,
                    -0.005924311000853777,
                    0.9994757771492004
                ]
            ],
            [
                [
                    0.9669747352600098,
                    0.2283550202846527,
                    -0.1131977066397667
                ],
                [
                    -0.21194767951965332,
                    0.9671322703361511,
                    0.14047518372535706
                ],
                [
                    0.14155538380146027,
                    -0.11184397339820862,
                    0.9835917949676514
                ]
            ],
            [
                [
                    0.9730666279792786,
                    -0.2206689715385437,
                    0.06668291240930557
                ],
                [
                    0.2119852602481842,
                    0.9702115058898926,
                    0.11726846545934677
                ],
                [
                    -0.09057404100894928,
                    -0.09997422248125076,
                    0.9908590316772461
                ]
            ]
        ],
        "betas": [
            -0.06599688529968262,
            -0.023760557174682617,
            0.03439652919769287,
            0.07015308737754822,
            0.015547573566436768,
            -0.004664208739995956,
            -0.020454317331314087,
            -0.039009273052215576,
            0.05241714417934418,
            -0.015933483839035034
        ]
    },
    "pred_cam_t": [
        0.019824454560875893,
        0.15099117159843445,
        34.55336380004883
    ],
    "focal_length": [
        5000.0,
        5000.0
    ],
    "pred_keypoints_3d": [
        [
            -0.12425422668457031,
            -0.8026020526885986,
            -0.15700554847717285
        ],
        [
            -0.008327064104378223,
            -0.7288289666175842,
            -0.022430136799812317
        ],
        [
            -0.16857856512069702,
            -0.6307478547096252,
            0.0583009347319603
        ],
        [
            -0.23831498622894287,
            -0.39371931552886963,
            0.1159646064043045
        ],
        [
            -0.4059101939201355,
            -0.3277207016944885,
            -0.06333480775356293
        ],
        [
            0.17216023802757263,
            -0.6357941031455994,
            -0.03758882358670235
        ],
        [
            0.21872788667678833,
            -0.39472824335098267,
            0.04814312234520912
        ],
        [
            0.26802578568458557,
            -0.16272956132888794,
            -0.024792466312646866
        ],
        [
            -0.001810212736018002,
            -0.2234194427728653,
            0.02819063887000084
        ],
        [
            -0.0712784007191658,
            -0.1353946328163147,
            0.041899360716342926
        ],
        [
            -0.12818068265914917,
            0.237071692943573,
            -0.023390397429466248
        ],
        [
            -0.12785173952579498,
            0.5450310707092285,
            0.2293357104063034
        ],
        [
            0.06540881097316742,
            -0.13026633858680725,
            0.03157920390367508
        ],
        [
            0.10773050040006638,
            0.2386392056941986,
            -0.01745309680700302
        ],
        [
            0.10629516839981079,
            0.5597989559173584,
            0.2176654040813446
        ],
        [
            -0.13322798907756805,
            -0.8471179008483887,
            -0.11556054651737213
        ],
        [
            -0.08807920664548874,
            -0.8507933616638184,
            -0.16393598914146423
        ],
        [
            -0.09341923892498016,
            -0.853459358215332,
            -0.02098342776298523
        ],
        [
            0.008443407714366913,
            -0.8609462976455688,
            -0.1266496181488037
        ],
        [
            0.10852496325969696,
            0.6863830089569092,
            0.06430408358573914
        ],
        [
            0.17588669061660767,
            0.6720004081726074,
            0.11198553442955017
        ],
        [
            0.11228311061859131,
            0.5671919584274292,
            0.28782010078430176
        ],
        [
            -0.12756064534187317,
            0.684843897819519,
            0.08991163969039917
        ],
        [
            -0.19985657930374146,
            0.6653612852096558,
            0.13450753688812256
        ],
        [
            -0.13157959282398224,
            0.5530715584754944,
            0.3022516965866089
        ],
        [
            -0.1492498815059662,
            0.48965057730674744,
            0.22447317838668823
        ],
        [
            -0.12170642614364624,
            0.17638079822063446,
            -0.024238131940364838
        ],
        [
            -0.1468167006969452,
            -0.26153814792633057,
            0.05329075828194618
        ],
        [
            0.14654171466827393,
            -0.2372339963912964,
            0.03878549113869667
        ],
        [
            0.1174355149269104,
            0.19768361747264862,
            -0.019422074779868126
        ],
        [
            0.11485254019498825,
            0.5180770754814148,
            0.22400595247745514
        ],
        [
            -0.38466304540634155,
            -0.3577684462070465,
            -0.06819245964288712
        ],
        [
            -0.26696643233299255,
            -0.4273810386657715,
            0.11026275902986526
        ],
        [
            -0.140265554189682,
            -0.6623454689979553,
            0.042502328753471375
        ],
        [
            0.13953165709972382,
            -0.6687524318695068,
            -0.033853113651275635
        ],
        [
            0.24831461906433105,
            -0.41549673676490784,
            0.008546263910830021
        ],
        [
            0.2693672478199005,
            -0.1813468635082245,
            -0.03638048097491264
        ],
        [
            -0.0040422473102808,
            -0.7201690673828125,
            -0.020609010010957718
        ],
        [
            -0.06235532835125923,
            -0.9053009748458862,
            -0.09284009039402008
        ],
        [
            0.0005493380594998598,
            -0.24939969182014465,
            0.045582838356494904
        ],
        [
            -0.0007862262427806854,
            -0.6633130311965942,
            0.0010185058927163482
        ],
        [
            0.011556574143469334,
            -0.4890184998512268,
            0.032367926090955734
        ],
        [
            -0.06242828816175461,
            -0.7927976846694946,
            -0.1075800284743309
        ],
        [
            -0.06370387971401215,
            -0.9254083633422852,
            -0.08495993912220001
        ]
    ],
    "pred_vertices": [
        [
            -0.0882534459233284,
            -0.896443247795105,
            -0.17803126573562622
        ],
        [
            -0.09394662082195282,
            -0.8809895515441895,
            -0.17666897177696228
        ],
        [
            -0.07958921790122986,
            -0.8800853490829468,
            -0.1780495047569275
        ],
        [
            -0.07128075510263443,
            -0.8927360773086548,
            -0.17663788795471191
        ],
        [
            -0.0843731164932251,
            -0.8698651790618896,
            -0.17802932858467102
        ],
        [
            -0.09646732360124588,
            -0.8693174123764038,
            -0.17567014694213867
        ],
        [
            -0.06640943884849548,
            -0.8768126964569092,
            -0.17488864064216614
        ],
        [
            -0.0569855235517025,
            -0.8856591582298279,
            -0.17216931283473969
        ],
        [
            -0.0484769344329834,
            -0.8447439670562744,
            -0.1667112112045288
        ],
        [
            -0.03827885538339615,
            -0.8423113822937012,
            -0.1622580587863922
        ],
        [
            -0.04132065922021866,
            -0.8539843559265137,
            -0.1649850308895111
        ],
        [
            -0.05120070278644562,
            -0.8531930446624756,
            -0.16777420043945312
        ],
        [
            -0.04103561118245125,
            -0.8200940489768982,
            -0.1602638065814972
        ],
        [
            -0.04957506060600281,
            -0.8091082572937012,
            -0.1606478989124298
        ],
        [
            -0.03926584869623184,
            -0.8024464845657349,
            -0.15420804917812347
        ],
        [
            -0.031186211854219437,
            -0.8130294680595398,
            -0.15240167081356049
        ],
        [
            -0.09184066206216812,
            -0.8161084651947021,
            -0.156121164560318
        ],
        [
            -0.08588407933712006,
            -0.8101513981819153,
            -0.1586063951253891
        ],
        [
            -0.08391415327787399,
            -0.8170510530471802,
            -0.16150106489658356
        ],
        [
            -0.09006727486848831,
            -0.8222386837005615,
            -0.15821607410907745
        ],
        [
            -0.1042153611779213,
            -0.8239006996154785,
            -0.15481716394424438
        ],
        [
            -0.10224942117929459,
            -0.8300007581710815,
            -0.1538521647453308
        ],
        [
            -0.1097949743270874,
            -0.8324661254882812,
            -0.15441283583641052
        ],
        [
            -0.11172626912593842,
            -0.825498104095459,
            -0.15664148330688477
        ],
        [
            -0.09471716731786728,
            -0.8107173442840576,
            -0.15160858631134033
        ],
        [
            -0.08808037638664246,
            -0.8046097755432129,
            -0.1542138159275055
        ],
        [
            -0.09738638997077942,
            -0.8211236000061035,
            -0.15436942875385284
        ],
        [
            -0.09916280210018158,
            -0.81621915102005,
            -0.15415072441101074
        ],
        [
            -0.10709167271852493,
            -0.808091402053833,
            -0.1584564447402954
        ],
        [
            -0.10588743537664413,
            -0.8130922317504883,
            -0.15904830396175385
        ],
        [
            -0.11325064301490784,
            -0.8125690221786499,
            -0.16150785982608795
        ],
        [
            -0.11263057589530945,
            -0.8073502779006958,
            -0.15953439474105835
        ],
        [
            -0.09884510189294815,
            -0.80945885181427,
            -0.15382632613182068
        ],
        [
            -0.10088800638914108,
            -0.8117330074310303,
            -0.15652678906917572
        ],
        [
            -0.1034819707274437,
            -0.807506799697876,
            -0.15600743889808655
        ],
        [
            -0.1018248125910759,
            -0.8059996366500854,
            -0.15253211557865143
        ],
        [
            -0.10585663467645645,
            -0.8191441297531128,
            -0.1559191346168518
        ],
        [
            -0.11297641694545746,
            -0.8194239139556885,
            -0.15885287523269653
        ],
        [
            -0.12079222500324249,
            -0.8192242383956909,
            -0.16117271780967712
        ],
        [
            -0.12067870795726776,
            -0.8105673789978027,
            -0.16331224143505096
        ],
        [
            -0.07049664109945297,
            -0.7988720536231995,
            -0.1598099023103714
        ],
        [
            -0.0788009986281395,
            -0.8043837547302246,
            -0.16029438376426697
        ],
        [
            -0.08141517639160156,
            -0.7992892861366272,
            -0.15641792118549347
        ],
        [
            -0.07476508617401123,
            -0.7947609424591064,
            -0.15695089101791382
        ],
        [
            -0.09786780923604965,
            -0.8037109375,
            -0.15069696307182312
        ],
        [
            -0.09158974140882492,
            -0.7884065508842468,
            -0.15160536766052246
        ],
        [
            -0.09245902299880981,
            -0.7920531034469604,
            -0.1524783968925476
        ],
        [
            -0.09963402897119522,
            -0.7917356491088867,
            -0.15113745629787445
        ],
        [
            -0.09826332330703735,
            -0.7883995771408081,
            -0.15068751573562622
        ],
        [
            -0.0577220693230629,
            -0.7870846390724182,
            -0.15481016039848328
        ],
        [
            -0.06471498310565948,
            -0.7846825122833252,
            -0.1543036699295044
        ],
        [
            -0.06093570590019226,
            -0.7786173820495605,
            -0.15170060098171234
        ],
        [
            -0.05312204733490944,
            -0.7799795269966125,
            -0.15070697665214539
        ],
        [
            -0.060113951563835144,
            -0.773185133934021,
            -0.14869782328605652
        ],
        [
            -0.04964393749833107,
            -0.7730568647384644,
            -0.14648139476776123
        ],
        [
            -0.052937958389520645,
            -0.759242057800293,
            -0.13860654830932617
        ],
        [
            -0.05071328580379486,
            -0.7653703689575195,
            -0.14232105016708374
        ],
        [
            -0.061846934258937836,
            -0.7675492763519287,
            -0.1456889659166336
        ],
        [
            -0.06667759269475937,
            -0.761754035949707,
            -0.1437208354473114
        ],
        [
            -0.08278298377990723,
            -0.7636281251907349,
            -0.14214080572128296
        ],
        [
            -0.08854692429304123,
            -0.7614009380340576,
            -0.14000776410102844
        ],
        [
            -0.08090361952781677,
            -0.7506576776504517,
            -0.14014817774295807
        ],
        [
            -0.07398524880409241,
            -0.7553138732910156,
            -0.14204615354537964
        ],
        [
            -0.08775483071804047,
            -0.783724308013916,
            -0.1473609060049057
        ],
        [
            -0.08307894319295883,
            -0.7846274971961975,
            -0.1479949653148651
        ],
        [
            -0.08477375656366348,
            -0.7855488061904907,
            -0.15003012120723724
        ],
        [
            -0.09018447250127792,
            -0.7856659889221191,
            -0.1497303694486618
        ],
        [
            -0.07924579083919525,
            -0.7849117517471313,
            -0.14912845194339752
        ],
        [
            -0.07755972445011139,
            -0.7848972082138062,
            -0.14972035586833954
        ],
        [
            -0.07880940288305283,
            -0.7858606576919556,
            -0.15059751272201538
        ],
        [
            -0.0800885558128357,
            -0.7855121493339539,
            -0.14955107867717743
        ],
        [
            -0.08178119361400604,
            -0.784961998462677,
            -0.1485919952392578
        ],
        [
            -0.0822911188006401,
            -0.7830004692077637,
            -0.14789511263370514
        ],
        [
            -0.07998253405094147,
            -0.7840229868888855,
            -0.14876455068588257
        ],
        [
            -0.08650616556406021,
            -0.7814123630523682,
            -0.1473737359046936
        ],
        [
            -0.09993163496255875,
            -0.7766021490097046,
            -0.14457648992538452
        ],
        [
            -0.09656484425067902,
            -0.7776619791984558,
            -0.14602325856685638
        ],
        [
            -0.0980275347828865,
            -0.782073438167572,
            -0.14493978023529053
        ],
        [
            -0.10088387876749039,
            -0.7814570665359497,
            -0.14374497532844543
        ],
        [
            -0.08157331496477127,
            -0.7872065305709839,
            -0.15104375779628754
        ],
        [
            -0.07983965426683426,
            -0.7889229655265808,
            -0.15259654819965363
        ],
        [
            -0.08544646948575974,
            -0.7906209230422974,
            -0.15287111699581146
        ],
        [
            -0.08522970974445343,
            -0.7880606055259705,
            -0.151241272687912
        ],
        [
            -0.07828911393880844,
            -0.7909384369850159,
            -0.15459313988685608
        ],
        [
            -0.0770527645945549,
            -0.7872759103775024,
            -0.1518888920545578
        ],
        [
            -0.074334517121315,
            -0.7882164716720581,
            -0.15382787585258484
        ],
        [
            -0.07750151306390762,
            -0.783186137676239,
            -0.14910392463207245
        ],
        [
            -0.07423834502696991,
            -0.7819825410842896,
            -0.149716317653656
        ],
        [
            -0.075127013027668,
            -0.7843137383460999,
            -0.1511984020471573
        ],
        [
            -0.07514593750238419,
            -0.7787097692489624,
            -0.14814843237400055
        ],
        [
            -0.07951152324676514,
            -0.7810491919517517,
            -0.14783695340156555
        ],
        [
            -0.0834343433380127,
            -0.778518557548523,
            -0.14715753495693207
        ],
        [
            -0.0887286588549614,
            -0.7758864164352417,
            -0.14642196893692017
        ],
        [
            -0.08384136110544205,
            -0.7720403671264648,
            -0.14529815316200256
        ],
        [
            -0.078639455139637,
            -0.7752512097358704,
            -0.14671015739440918
        ],
        [
            -0.08412615954875946,
            -0.7946094274520874,
            -0.1543889045715332
        ],
        [
            -0.07068031281232834,
            -0.7843313813209534,
            -0.15261158347129822
        ],
        [
            -0.06953731179237366,
            -0.7906979322433472,
            -0.15585637092590332
        ],
        [
            -0.06887643784284592,
            -0.7799432277679443,
            -0.15104207396507263
        ],
        [
            -0.06899210810661316,
            -0.7756749987602234,
            -0.14869831502437592
        ],
        [
            -0.0714091882109642,
            -0.7713614702224731,
            -0.14645490050315857
        ],
        [
            -0.07701227068901062,
            -0.7672239542007446,
            -0.14430014789104462
        ],
        [
            -0.06934063881635666,
            -0.7452409267425537,
            -0.1324835568666458
        ],
        [
            -0.061459384858608246,
            -0.7513803243637085,
            -0.13584594428539276
        ],
        [
            -0.09504026174545288,
            -0.862668514251709,
            -0.17087727785110474
        ],
        [
            -0.08661805093288422,
            -0.8628475666046143,
            -0.1750030815601349
        ],
        [
            -0.08174003660678864,
            -0.8565555810928345,
            -0.1705695241689682
        ],
        [
            -0.08107785880565643,
            -0.8589956760406494,
            -0.17194166779518127
        ],
        [
            -0.08705182373523712,
            -0.8592360019683838,
            -0.17102688550949097
        ],
        [
            -0.08648298680782318,
            -0.8566592931747437,
            -0.1696663796901703
        ],
        [
            -0.06041059270501137,
            -0.8534952402114868,
            -0.16805675625801086
        ],
        [
            -0.06735873222351074,
            -0.85397869348526,
            -0.168279767036438
        ],
        [
            -0.06523554772138596,
            -0.8506262898445129,
            -0.1670740246772766
        ],
        [
            -0.05732636898756027,
            -0.8473201990127563,
            -0.16786475479602814
        ],
        [
            -0.07385069131851196,
            -0.841244101524353,
            -0.16579973697662354
        ],
        [
            -0.06875523924827576,
            -0.8434538841247559,
            -0.16665437817573547
        ],
        [
            -0.07485125958919525,
            -0.8490726947784424,
            -0.16694360971450806
        ],
        [
            -0.07859006524085999,
            -0.8474663496017456,
            -0.16641010344028473
        ],
        [
            -0.08254647254943848,
            -0.8463314771652222,
            -0.16519898176193237
        ],
        [
            -0.08637591451406479,
            -0.8458356857299805,
            -0.1632533073425293
        ],
        [
            -0.08475682884454727,
            -0.8408432006835938,
            -0.16213932633399963
        ],
        [
            -0.0796423926949501,
            -0.8406068086624146,
            -0.16418695449829102
        ],
        [
            -0.09316189587116241,
            -0.8595778346061707,
            -0.16761139035224915
        ],
        [
            -0.0979938954114914,
            -0.8585621118545532,
            -0.16235411167144775
        ],
        [
            -0.09602372348308563,
            -0.8558129072189331,
            -0.16239845752716064
        ],
        [
            -0.09213580936193466,
            -0.8564765453338623,
            -0.1671110987663269
        ],
        [
            -0.09864536672830582,
            -0.8502801060676575,
            -0.15078726410865784
        ],
        [
            -0.09899203479290009,
            -0.8524859547615051,
            -0.15272819995880127
        ],
        [
            -0.10263922065496445,
            -0.8534018993377686,
            -0.15131856501102448
        ],
        [
            -0.101751409471035,
            -0.8491852283477783,
            -0.14954815804958344
        ],
        [
            -0.09951376914978027,
            -0.8463213443756104,
            -0.1507009118795395
        ],
        [
            -0.09764597564935684,
            -0.8485831022262573,
            -0.15172147750854492
        ],
        [
            -0.09792669117450714,
            -0.9171692728996277,
            -0.17369163036346436
        ],
        [
            -0.10379146784543991,
            -0.89905846118927,
            -0.174253448843956
        ],
        [
            -0.07744157314300537,
            -0.914162814617157,
            -0.17466050386428833
        ],
        [
            -0.06089886650443077,
            -0.9070166349411011,
            -0.1717224419116974
        ],
        [
            -0.046693820506334305,
            -0.8960492610931396,
            -0.16802795231342316
        ],
        [
            -0.04871901497244835,
            -0.7933740019798279,
            -0.15484842658042908
        ],
        [
            -0.04149886593222618,
            -0.7861539125442505,
            -0.14992257952690125
        ],
        [
            -0.029456712305545807,
            -0.7964221239089966,
            -0.14737626910209656
        ],
        [
            -0.025013770908117294,
            -0.7876454591751099,
            -0.1403609663248062
        ],
        [
            -0.03747978433966637,
            -0.7772368788719177,
            -0.14397281408309937
        ],
        [
            -0.040656257420778275,
            -0.7600327730178833,
            -0.13004684448242188
        ],
        [
            -0.03702297806739807,
            -0.7679154872894287,
            -0.13713666796684265
        ],
        [
            -0.02243027091026306,
            -0.7795470952987671,
            -0.13056141138076782
        ],
        [
            -0.010260172188282013,
            -0.7951372861862183,
            -0.12598687410354614
        ],
        [
            -0.014977935701608658,
            -0.80016028881073,
            -0.13676577806472778
        ],
        [
            -0.002508319914340973,
            -0.8131333589553833,
            -0.12199895083904266
        ],
        [
            -0.0036029592156410217,
            -0.7904837727546692,
            -0.11204248666763306
        ],
        [
            0.0017083920538425446,
            -0.8139607906341553,
            -0.11309947073459625
        ],
        [
            -0.005774242803454399,
            -0.7532634735107422,
            -0.09956126660108566
        ],
        [
            0.0017512133345007896,
            -0.7432608604431152,
            -0.09469683468341827
        ],
        [
            0.015225287526845932,
            -0.7532854080200195,
            -0.08909410983324051
        ],
        [
            0.009213492274284363,
            -0.7634065747261047,
            -0.09578147530555725
        ],
        [
            -0.021707482635974884,
            -0.8061633110046387,
            -0.14482581615447998
        ],
        [
            -0.03720729798078537,
            -0.8657783269882202,
            -0.16197100281715393
        ],
        [
            -0.04750999063253403,
            -0.863028883934021,
            -0.16732065379619598
        ],
        [
            -0.03060976043343544,
            -0.8545745611190796,
            -0.1592436134815216
        ],
        [
            -0.03439659625291824,
            -0.9281805753707886,
            -0.1581091582775116
        ],
        [
            -0.048752665519714355,
            -0.9191064834594727,
            -0.16659164428710938
        ],
        [
            -0.03627602010965347,
            -0.9061038494110107,
            -0.16452272236347198
        ],
        [
            -0.024204730987548828,
            -0.9162173271179199,
            -0.15686364471912384
        ],
        [
            -0.06688186526298523,
            -0.9583650827407837,
            -0.1506516933441162
        ],
        [
            -0.08320759236812592,
            -0.9403412342071533,
            -0.16527076065540314
        ],
        [
            -0.06685535609722137,
            -0.9314106702804565,
            -0.16635562479496002
        ],
        [
            -0.05234319716691971,
            -0.9457646608352661,
            -0.15616896748542786
        ],
        [
            -0.014404647052288055,
            -0.9210322499275208,
            -0.14874626696109772
        ],
        [
            -0.0015322715044021606,
            -0.9266089200973511,
            -0.13637828826904297
        ],
        [
            -0.0036367177963256836,
            -0.9434229135513306,
            -0.13071846961975098
        ],
        [
            -0.01985228806734085,
            -0.9382480382919312,
            -0.14542382955551147
        ],
        [
            -0.012107118964195251,
            -0.9639812707901001,
            -0.1203017383813858
        ],
        [
            -0.031465016305446625,
            -0.9581945538520813,
            -0.13857673108577728
        ],
        [
            0.010852985084056854,
            -0.8026366233825684,
            -0.10057377815246582
        ],
        [
            0.009425852447748184,
            -0.8208332657814026,
            -0.10454820096492767
        ],
        [
            0.0009948909282684326,
            -0.7754543423652649,
            -0.10358094424009323
        ],
        [
            0.013926707208156586,
            -0.7868146896362305,
            -0.09523406624794006
        ],
        [
            -0.02475839853286743,
            -0.9786537289619446,
            -0.10616324841976166
        ],
        [
            -0.04728372395038605,
            -0.9734187126159668,
            -0.12863633036613464
        ],
        [
            0.02651529759168625,
            -0.9167155027389526,
            -0.09045492112636566
        ],
        [
            0.02024506777524948,
            -0.9320166110992432,
            -0.10087446868419647
        ],
        [
            0.016660504043102264,
            -0.9161854982376099,
            -0.11433885246515274
