{
    "pred_cam": [
        1.5361652374267578,
        0.05536525696516037,
        0.34504833817481995
    ],
    "pred_smpl_params": {
        "global_orient": [
            [
                [
                    -0.9430820941925049,
                    0.048014141619205475,
                    -0.3290756344795227
                ],
                [
                    0.010767631232738495,
                    -0.9845953583717346,
                    -0.17451690137386322
                ],
                [
                    -0.3323855698108673,
                    -0.1681271493434906,
                    0.9280372262001038
                ]
            ]
        ],
        "body_pose": [
            [
                [
                    0.9918727278709412,
                    0.029208961874246597,
                    -0.12383569777011871
                ],
                [
                    -0.011269782669842243,
                    0.989635705947876,
                    0.14315776526927948
                ],
                [
                    0.1267337203025818,
                    -0.14059868454933167,
                    0.9819218516349792
                ]
            ],
            [
                [
                    0.9979225993156433,
                    -0.01968255452811718,
                    -0.06134481355547905
                ],
                [
                    0.03371768444776535,
                    0.9709302186965942,
                    0.23697608709335327
                ],
                [
                    0.054897237569093704,
                    -0.23855216801166534,
                    0.9695768356323242
                ]
            ],
            [
                [
                    0.9979813694953918,
                    -0.01868172362446785,
                    0.06069732829928398
                ],
                [
                    0.027177205309271812,
                    0.9894492030143738,
                    -0.1423080563545227
                ],
                [
                    -0.057398367673158646,
                    0.14367038011550903,
                    0.9879595637321472
                ]
            ],
            [
                [
                    0.9840785264968872,
                    -0.11595486104488373,
                    -0.13469956815242767
                ],
                [
                    -0.10027658194303513,
                    0.2635073661804199,
                    -0.9594313502311707
                ],
                [
                    0.14674505591392517,
                    0.9576629400253296,
                    0.24768438935279846
                ]
            ],
            [
                [
                    0.9495800137519836,
                    -0.25628891587257385,
                    0.18059304356575012
                ],
                [
                    0.203022763133049,
                    0.06371355801820755,
                    -0.9770989418029785
                ],
                [
                    0.2389134019613266,
                    0.9644981026649475,
                    0.11253360658884048
                ]
            ],
            [
                [
                    0.9953572750091553,
                    0.042436495423316956,
                    0.08638861775398254
                ],
                [
                    -0.038499828428030014,
                    0.9981650114059448,
                    -0.04673684760928154
                ],
                [
                    -0.08821344375610352,
                    0.043193913996219635,
                    0.9951646327972412
                ]
            ],
            [
                [
                    0.9825740456581116,
                    -0.08632514625787735,
                    0.1646091192960739
                ],
                [
                    0.04688709229230881,
                    0.9720820784568787,
                    0.22990885376930237
                ],
                [
                    -0.17986048758029938,
                    -0.2181844413280487,
                    0.9591901302337646
                ]
            ],
            [
                [
                    0.9749266505241394,
                    0.1433805674314499,
                    -0.1701764464378357
                ],
                [
                    -0.08995208144187927,
                    0.9534090757369995,
                    0.28795793652534485
                ],
                [
                    0.20353534817695618,
                    -0.26543015241622925,
                    0.9424012899398804
                ]
            ],
            [
                [
                    0.9972955584526062,
                    0.021469535306096077,
                    0.07028909772634506
                ],
                [
                    -0.018446819856762886,
                    0.9988885521888733,
                    -0.04337431490421295
                ],
                [
                    -0.07114220410585403,
                    0.04196040332317352,
                    0.9965831637382507
                ]
            ],
            [
                [
                    0.9990705251693726,
                    -0.04216018319129944,
                    0.008972310461103916
                ],
                [
                    0.039765864610672,
                    0.9818255305290222,
                    0.18557322025299072
                ],
                [
                    -0.016633039340376854,
                    -0.18504396080970764,
                    0.9825894832611084
                ]
            ],
            [
                [
                    0.9996162056922913,
                    -0.022552067413926125,
                    -0.016089750453829765
                ],
                [
                    0.024983687326312065,
                    0.9848111271858215,
                    0.17182226479053497
                ],
                [
                    0.011970418505370617,
                    -0.17215830087661743,
                    0.9849966168403625
                ]
            ],
            [
                [
                    0.9975000023841858,
                    0.03441614285111427,
                    0.0617191419005394
                ],
                [
                    -0.03739960119128227,
                    0.9981539249420166,
                    0.04785376787185669
                ],
                [
                    -0.059958260506391525,
                    -0.05004240572452545,
                    0.9969456791877747
                ]
            ],
            [
                [
                    0.9126057028770447,
                    0.40520796179771423,
                    0.054382406175136566
                ],
                [
                    -0.40648430585861206,
                    0.9135438203811646,
                    0.01442835945636034
                ],
                [
                    -0.043834228068590164,
                    -0.0352729968726635,
                    0.9984159469604492
                ]
            ],
            [
                [
                    0.9297517538070679,
                    -0.3641708493232727,
                    0.05423390120267868
                ],
                [
                    0.3649015724658966,
                    0.931037962436676,
                    -0.003890171879902482
                ],
                [
                    -0.04907713457942009,
                    0.02340693026781082,
                    0.9985206723213196
                ]
            ],
            [
                [
                    0.9976702928543091,
                    0.06385763734579086,
                    0.024003300815820694
                ],
                [
                    -0.05748650059103966,
                    0.9763941168785095,
                    -0.20820653438568115
                ],
                [
                    -0.036732256412506104,
                    0.20634160935878754,
                    0.977790355682373
                ]
            ],
            [
                [
                    0.5000742077827454,
                    0.8257042169570923,
                    -0.26103341579437256
                ],
                [
                    -0.8597044944763184,
                    0.5095885396003723,
                    -0.03503994643688202
                ],
                [
                    0.10408700257539749,
                    0.241934135556221,
                    0.9646937251091003
                ]
            ],
            [
                [
                    0.5052993297576904,
                    -0.8235483169555664,
                    0.2577611804008484
                ],
                [
                    0.8484495878219604,
                    0.5286478400230408,
                    0.02578379213809967
                ],
                [
                    -0.15749908983707428,
                    0.20566882193088531,
                    0.9658646583557129
                ]
            ],
            [
                [
                    0.23961405456066132,
                    -0.40641215443611145,
                    -0.8817110657691956
                ],
                [
                    0.17774081230163574,
                    0.9111818075180054,
                    -0.3716934025287628
                ],
                [
                    0.9544597268104553,
                    -0.06765304505825043,
                    0.2905679941177368
                ]
            ],
            [
                [
                    0.06605256348848343,
                    0.447051078081131,
                    0.8920663595199585
                ],
                [
                    -0.2340860515832901,
                    0.8760113716125488,
                    -0.421672523021698
                ],
                [
                    -0.9699695110321045,
                    -0.18096771836280823,
                    0.1625112146139145
                ]
            ],
            [
                [
                    0.9899614453315735,
                    -0.14017024636268616,
                    0.018132489174604416
                ],
                [
                    0.141144260764122,
                    0.9871520400047302,
                    -0.07489490509033203
                ],
                [
                    -0.0074014849960803986,
                    0.07670235633850098,
                    0.9970266819000244
                ]
            ],
            [
                [
                    0.9891018271446228,
                    0.14465093612670898,
                    -0.027453986927866936
                ],
                [
                    -0.14689970016479492,
                    0.9820966124534607,
                    -0.11792628467082977
                ],
                [
                    0.00990432221442461,
                    0.12067408114671707,
                    0.9926427602767944
                ]
            ],
            [
                [
                    0.9638975858688354,
                    0.2538010776042938,
                    -0.08053851127624512
                ],
                [
                    -0.24240407347679138,
                    0.9615573883056641,
                    0.12902605533599854
                ],
                [
                    0.11018934100866318,
                    -0.10484503954648972,
                    0.9883652329444885
                ]
            ],
            [
                [
                    0.9620739221572876,
                    -0.26682981848716736,
                    0.056707702577114105
                ],
                [
                    0.2584984302520752,
                    0.9581587910652161,
                    0.12292391061782837
                ],
                [
                    -0.08713474124670029,
                    -0.10360302031040192,
                    0.9907946586608887
                ]
            ]
        ],
        "betas": [
            -0.2642477750778198,
            -0.29386207461357117,
            0.18026092648506165,
            0.3253043591976166,
            0.17284326255321503,
            0.03983515873551369,
            0.012038201093673706,
            -0.1300870180130005,
            0.06124751269817352,
            -0.10116982460021973
        ]
    },
    "pred_cam_t": [
        0.05536525696516037,
        0.34504833817481995,
        25.428579330444336
    ],
    "focal_length": [
        5000.0,
        5000.0
    ],
    "pred_keypoints_3d": [
        [
            -0.10189031064510345,
            -0.8305044174194336,
            0.09560052305459976
        ],
        [
            0.005985635332763195,
            -0.7297929525375366,
            -0.028286393731832504
        ],
        [
            0.16525998711585999,
            -0.639812171459198,
            0.06608636677265167
        ],
        [
            0.20281565189361572,
            -0.39500027894973755,
            0.09174122661352158
        ],
        [
            0.06900706887245178,
            -0.4028240442276001,
            0.30172207951545715
        ],
        [
            -0.13322430849075317,
            -0.6198888421058655,
            -0.126644566655159
        ],
        [
            -0.1331818848848343,
            -0.365646094083786,
            -0.14524562656879425
        ],
        [
            -0.26665276288986206,
            -0.3230469226837158,
            0.05366341769695282
        ],
        [
            -0.001760854385793209,
            -0.22534872591495514,
            0.02918325364589691
        ],
        [
            0.05966939032077789,
            -0.13645753264427185,
            0.06348833441734314
        ],
        [
            0.04305930435657501,
            0.20847675204277039,
            0.20624329149723053
        ],
        [
            0.037926819175481796,
            0.3373636305332184,
            -0.1603974550962448
        ],
        [
            -0.07021192461252213,
            -0.1336342692375183,
            0.015128850936889648
        ],
        [
            -0.12459521740674973,
            0.21384075284004211,
            0.11515092104673386
        ],
        [
            -0.08899339288473129,
            0.3890208601951599,
            -0.22948211431503296
        ],
        [
            -0.0632370114326477,
            -0.8767350912094116,
            0.08886872977018356
        ],
        [
            -0.1160711944103241,
            -0.8685896396636963,
            0.04942411184310913
        ],
        [
            0.027780361473560333,
            -0.8741539716720581,
            0.03663326054811478
        ],
        [
            -0.08965279161930084,
            -0.8576316237449646,
            -0.0482339970767498
        ],
        [
            -0.11555822193622589,
            0.5532798171043396,
            -0.12804394960403442
        ],
        [
            -0.17429634928703308,
            0.5186857581138611,
            -0.17536744475364685
        ],
        [
            -0.08898623287677765,
            0.36719101667404175,
            -0.2935267686843872
        ],
        [
            -0.004186134785413742,
            0.5008783340454102,
            -0.06620800495147705
        ],
        [
            0.07545425742864609,
            0.4845984876155853,
            -0.09259456396102905
        ],
        [
            0.05268710106611252,
            0.32428473234176636,
            -0.22896015644073486
        ],
        [
            0.06882691383361816,
            0.29837435483932495,
            -0.1283358931541443
        ],
        [
            0.04617973044514656,
            0.1588142216205597,
            0.2027115821838379
        ],
        [
            0.1446089744567871,
            -0.2546378970146179,
            0.06204797700047493
        ],
        [
            -0.13588717579841614,
            -0.23512126505374908,
            -0.044953472912311554
        ],
        [
            -0.13445770740509033,
            0.17913378775119781,
            0.11173485219478607
        ],
        [
            -0.09926917403936386,
            0.34776103496551514,
            -0.21638020873069763
        ],
        [
            0.06564395874738693,
            -0.4286796748638153,
            0.27544403076171875
        ],
        [
            0.21714915335178375,
            -0.4269830286502838,
            0.12155148386955261
        ],
        [
            0.13464149832725525,
            -0.670423150062561,
            0.0471339151263237
        ],
        [
            -0.10826336592435837,
            -0.6529609560966492,
            -0.11589979380369186
        ],
        [
            -0.17684108018875122,
            -0.39972639083862305,
            -0.14612644910812378
        ],
        [
            -0.26373445987701416,
            -0.34267544746398926,
            0.041697096079587936
        ],
        [
            0.0023252684623003006,
            -0.720001757144928,
            -0.028017275035381317
        ],
        [
            -0.051025938242673874,
            -0.9170971512794495,
            0.00288385315798223
        ],
        [
            0.0036608928348869085,
            -0.24492661654949188,
            0.00801518652588129
        ],
        [
            0.012420669198036194,
            -0.6601775884628296,
            -0.031080609187483788
        ],
        [
            0.01975441537797451,
            -0.48681554198265076,
            -0.027419522404670715
        ],
        [
            -0.05912506580352783,
            -0.8071597814559937,
            0.031192895025014877
        ],
        [
            -0.04487099498510361,
            -0.9366742372512817,
            -0.001788110937923193
        ]
    ],
    "pred_vertices": [
        [
            -0.13164293766021729,
            -0.9125422835350037,
            0.04240533709526062
        ],
        [
            -0.1281833052635193,
            -0.8989659547805786,
            0.05109228566288948
        ],
        [
            -0.13119979202747345,
            -0.8943831920623779,
            0.03786042332649231
        ],
        [
            -0.132113516330719,
            -0.9048676490783691,
            0.026485979557037354
        ],
        [
            -0.12992990016937256,
            -0.8857235312461853,
            0.044934943318367004
        ],
        [
            -0.12617897987365723,
            -0.887871265411377,
            0.05618995428085327
        ],
        [
            -0.12971727550029755,
            -0.8880864381790161,
            0.025691542774438858
        ],
        [
            -0.12920275330543518,
            -0.8952628374099731,
            0.013568349182605743
        ],
        [
            -0.12384496629238129,
            -0.8527697920799255,
            0.013280598446726799
        ],
        [
            -0.12043403834104538,
            -0.8478415608406067,
            0.003395034931600094
        ],
        [
            -0.12256336212158203,
            -0.8597216010093689,
            0.004939792212098837
        ],
        [
            -0.12370891124010086,
            -0.861419677734375,
            0.015036842785775661
        ],
        [
            -0.11693917959928513,
            -0.8278427124023438,
            0.012130757793784142
        ],
        [
            -0.11577357351779938,
            -0.8192613124847412,
            0.022928543388843536
        ],
        [
            -0.11040966212749481,
            -0.8106470108032227,
            0.014203283935785294
        ],
        [
            -0.10999356210231781,
            -0.8188475370407104,
            0.0036079634446650743
        ],
        [
            -0.10607731342315674,
            -0.8362963199615479,
            0.06029056757688522
        ],
        [
            -0.1088482141494751,
            -0.8291782140731812,
            0.05641523003578186
        ],
        [
            -0.11239723861217499,
            -0.8351404666900635,
            0.05333948880434036
        ],
        [
            -0.1087130680680275,
            -0.8416274785995483,
            0.05749707669019699
        ],
        [
            -0.10328298807144165,
            -0.8463970422744751,
            0.07089672237634659
        ],
        [
            -0.10280553251504898,
            -0.8518261909484863,
            0.06751343607902527
        ],
        [
            -0.10265862941741943,
            -0.8560868501663208,
            0.07429385930299759
        ],
        [
            -0.10427166521549225,
            -0.8497799634933472,
            0.07805193960666656
        ],
        [
            -0.10117153078317642,
            -0.8318945169448853,
            0.06365197896957397
        ],
        [
            -0.10373756289482117,
            -0.8246505260467529,
            0.05911950767040253
        ],
        [
            -0.10411176085472107,
            -0.8423485159873962,
            0.06425505131483078
        ],
        [
            -0.10272209346294403,
            -0.8378434181213379,
            0.06754501909017563
        ],
        [
            -0.10598169267177582,
            -0.8318836688995361,
            0.07767283916473389
        ],
        [
            -0.10691586881875992,
            -0.8363189101219177,
            0.0754375010728836
        ],
        [
            -0.10847404599189758,
            -0.8375411629676819,
            0.08304628729820251
        ],
        [
            -0.10636480897665024,
            -0.8323150873184204,
            0.0834302231669426
        ],
        [
            -0.10237457603216171,
            -0.8311430215835571,
            0.06866201758384705
        ],
        [
            -0.10496905446052551,
            -0.8337661623954773,
            0.07052261382341385
        ],
        [
            -0.10385672748088837,
            -0.8304167985916138,
            0.07398179918527603
        ],
        [
            -0.10040120035409927,
            -0.8286757469177246,
            0.07225503027439117
        ],
        [
            -0.10389893501996994,
            -0.8421688079833984,
            0.07360074669122696
        ],
        [
            -0.10612615197896957,
            -0.8441269397735596,
            0.0808263048529625
        ],
        [
            -0.1075248047709465,
            -0.8458782434463501,
            0.08881574869155884
        ],
        [
            -0.10897871851921082,
            -0.8372362852096558,
            0.09108899533748627
        ],
        [
            -0.1113257110118866,
            -0.814776599407196,
            0.0450303815305233
        ],
        [
            -0.11120346188545227,
            -0.8219302296638489,
            0.05133377015590668
        ],
        [
            -0.10631491243839264,
            -0.8180053234100342,
            0.054531462490558624
        ],
        [
            -0.1073898896574974,
            -0.8121393322944641,
            0.04949928820133209
        ],
        [
            -0.0986650139093399,
            -0.825684666633606,
            0.0688517764210701
        ],
        [
            -0.09937181323766708,
            -0.809709906578064,
            0.06724032759666443
        ],
        [
            -0.10019051283597946,
            -0.8133243322372437,
            0.06711320579051971
        ],
        [
            -0.09802156686782837,
            -0.8147498369216919,
            0.07391069829463959
        ],
        [
            -0.09765835106372833,
            -0.8113046884536743,
            0.07346518337726593
        ],
        [
            -0.10739549994468689,
            -0.8007004261016846,
            0.035464808344841
        ],
        [
            -0.10544727742671967,
            -0.8002705574035645,
            0.042355477809906006
        ],
        [
            -0.10311980545520782,
            -0.7935928106307983,
            0.04025854170322418
        ],
        [
            -0.10349574685096741,
            -0.7929657697677612,
            0.03281637281179428
        ],
        [
            -0.09960233420133591,
            -0.7884700298309326,
            0.040971539914608
        ],
        [
            -0.09905711561441422,
            -0.7857599258422852,
            0.031169112771749496
        ],
        [
            -0.08981924504041672,
            -0.7731490135192871,
            0.03705199062824249
        ],
        [
            -0.09429137408733368,
            -0.7785838842391968,
            0.033923253417015076
        ],
        [
            -0.0959678366780281,
            -0.7834967374801636,
            0.0438174232840538
        ],
        [
            -0.09305921196937561,
            -0.7789490818977356,
            0.049681406468153
        ],
        [
            -0.0900273397564888,
            -0.7844078540802002,
            0.06375785917043686
        ],
        [
            -0.087082639336586,
            -0.7837288975715637,
            0.06937306374311447
        ],
        [
            -0.08734362572431564,
            -0.7715034484863281,
            0.06519496440887451
        ],
        [
            -0.09022735804319382,
            -0.774349570274353,
            0.05799495428800583
        ],
        [
            -0.09624083340167999,
            -0.8046779632568359,
            0.06384329497814178
        ],
        [
            -0.09742171317338943,
            -0.8044883012771606,
            0.05916958302259445
        ],
        [
            -0.0992879718542099,
            -0.805695652961731,
            0.06078225001692772
        ],
        [
            -0.09840095788240433,
            -0.8070719242095947,
            0.06587867438793182
        ],
        [
            -0.09872345626354218,
            -0.8040354251861572,
            0.055518243461847305
        ],
        [
            -0.09942099452018738,
            -0.8036146759986877,
            0.053918592631816864
        ],
        [
            -0.10027749836444855,
            -0.8047664165496826,
            0.05495437979698181
        ],
        [
            -0.09930004179477692,
            -0.8046917915344238,
            0.056032054126262665
        ],
        [
            -0.09817485511302948,
            -0.8045519590377808,
            0.05776512622833252
        ],
        [
            -0.09743539243936539,
            -0.8027556538581848,
            0.05873703211545944
        ],
        [
            -0.09829568862915039,
            -0.8033273220062256,
            0.05647620931267738
        ],
        [
            -0.09643352776765823,
            -0.8021965622901917,
            0.06317651271820068
        ],
        [
            -0.09072299301624298,
            -0.8005847930908203,
            0.07733486592769623
        ],
        [
            -0.09344647079706192,
            -0.8010506629943848,
            0.07359809428453445
        ],
        [
            -0.09255151450634003,
            -0.8055188655853271,
            0.07372291386127472
        ],
        [
            -0.09015607833862305,
            -0.8054069876670837,
            0.07703740894794464
        ],
        [
            -0.10002359002828598,
            -0.8063263297080994,
            0.05767730996012688
        ],
        [
            -0.10228802263736725,
            -0.8078509569168091,
            0.05530814081430435
        ],
        [
            -0.1021023690700531,
            -0.8106417655944824,
            0.06029427424073219
        ],
        [
            -0.10049370676279068,
            -0.8081821799278259,
            0.06064153462648392
        ],
        [
            -0.10457173734903336,
            -0.8092907667160034,
            0.053456202149391174
        ],
        [
            -0.10172593593597412,
            -0.805700957775116,
            0.053012847900390625
        ],
        [
            -0.10323269665241241,
            -0.8057755827903748,
            0.050859611481428146
        ],
        [
            -0.09874311834573746,
            -0.8020045757293701,
            0.05431465432047844
        ],
        [
            -0.09946849942207336,
            -0.8001646399497986,
            0.05153428018093109
        ],
        [
            -0.10096423327922821,
            -0.8025436401367188,
            0.05187512934207916
        ],
        [
            -0.09780280292034149,
            -0.7972010970115662,
            0.05323190987110138
        ],
        [
            -0.09733541309833527,
            -0.8003699779510498,
            0.05674704164266586
        ],
        [
            -0.09622438251972198,
            -0.7987995147705078,
            0.061164550483226776
        ],
        [
            -0.09472228586673737,
            -0.7974880933761597,
            0.06681693345308304
        ],
        [
            -0.09387071430683136,
            -0.7926903963088989,
            0.06307398527860641
        ],
        [
            -0.09607622772455215,
            -0.7945563793182373,
            0.05743937939405441
        ],
        [
            -0.1032099574804306,
            -0.8139210939407349,
            0.05856051295995712
        ],
        [
            -0.10277813673019409,
            -0.8015353679656982,
            0.04772056266665459
        ],
        [
            -0.10662879794836044,
            -0.8071940541267395,
            0.04539259150624275
        ],
        [
            -0.10120590776205063,
            -0.796964168548584,
            0.047074101865291595
        ],
        [
            -0.09870694577693939,
            -0.7929224967956543,
            0.04824797064065933
        ],
        [
            -0.095911905169487,
            -0.7893629670143127,
            0.05182895064353943
        ],
        [
            -0.09321516752243042,
            -0.7865721583366394,
            0.057791948318481445
        ],
        [
            -0.08063887059688568,
            -0.7634719610214233,
            0.05500451847910881
        ],
        [
            -0.08534733206033707,
            -0.7675796151161194,
            0.04677818343043327
        ],
        [
            -0.12210957705974579,
            -0.8813112378120422,
            0.05542527139186859
        ],
        [
            -0.12686729431152344,
            -0.879374623298645,
            0.04809350520372391
        ],
        [
            -0.1229664534330368,
            -0.8721790909767151,
            0.043926168233156204
        ],
        [
            -0.12542712688446045,
            -0.874652624130249,
            0.042307741940021515
        ],
        [
            -0.1228817030787468,
            -0.87587571144104,
            0.04865005612373352
        ],
        [
            -0.12155881524085999,
            -0.8734523057937622,
            0.04825746268033981
        ],
        [
            -0.12286664545536041,
            -0.8641292452812195,
            0.023464618250727654
        ],
        [
            -0.12220171093940735,
            -0.8662949800491333,
            0.030100980773568153
        ],
        [
            -0.12077004462480545,
            -0.8626848459243774,
            0.028714168816804886
        ],
        [
            -0.12268015742301941,
            -0.8575125932693481,
            0.021836211904883385
        ],
        [
            -0.11832936108112335,
            -0.855636715888977,
            0.03910662233829498
        ],
        [
            -0.1197289377450943,
            -0.8565695285797119,
            0.033788975328207016
        ],
        [
            -0.11971025168895721,
            -0.8634370565414429,
            0.03818868100643158
        ],
        [
            -0.11871004104614258,
            -0.862786054611206,
            0.04209302365779877
        ],
        [
            -0.11699944734573364,
            -0.862629771232605,
            0.046060044318437576
        ],
        [
            -0.11434932053089142,
            -0.8631579875946045,
            0.04966121166944504
        ],
        [
            -0.11331833899021149,
            -0.8578153848648071,
            0.04919853061437607
        ],
        [
            -0.11602293699979782,
            -0.8563483953475952,
            0.04454357922077179
        ],
        [
            -0.1189943328499794,
            -0.8778070211410522,
            0.05360899120569229
        ],
        [
            -0.1130678653717041,
            -0.8781012296676636,
            0.05794385075569153
        ],
        [
            -0.11319415271282196,
            -0.8749452233314514,
            0.05665699392557144
        ],
        [
            -0.11839951574802399,
            -0.8746493458747864,
            0.053238026797771454
        ],
        [
            -0.10122442245483398,
            -0.8704724311828613,
            0.05916088819503784
        ],
        [
            -0.1032247245311737,
            -0.8726681470870972,
            0.05914498493075371
        ],
        [
            -0.10154120624065399,
            -0.8744783401489258,
            0.06227995827794075
        ],
        [
            -0.09955596178770065,
            -0.8701893091201782,
            0.06222035735845566
        ],
        [
            -0.10066879540681839,
            -0.866870105266571,
            0.0609484426677227
        ],
        [
            -0.10214444249868393,
            -0.8685969114303589,
            0.058753013610839844
        ],
        [
            -0.12768135964870453,
            -0.934982419013977,
            0.046012163162231445
        ],
        [
            -0.12574905157089233,
            -0.9183893799781799,
            0.05627875030040741
        ],
        [
            -0.13030868768692017,
            -0.9269533753395081,
            0.027080951258540154
        ],
        [
            -0.12925156950950623,
            -0.9162253141403198,
            0.012349393218755722
        ],
        [
            -0.1273481249809265,
            -0.9022811055183411,
            0.0003166547976434231
        ],
        [
            -0.1092105284333229,
            -0.8044154047966003,
            0.025519482791423798
        ],
        [
            -0.10495340824127197,
            -0.7960062026977539,
            0.020078536123037338
        ],
        [
            -0.10444509983062744,
            -0.8026946783065796,
            0.005782642867416143
        ],
        [
            -0.09807674586772919,
            -0.7934364080429077,
            0.0035936376079916954
        ],
        [
            -0.09904319047927856,
            -0.7865809798240662,
            0.018347544595599174
        ],
        [
            -0.08400668203830719,
            -0.7703081965446472,
            0.024783670902252197
        ],
        [
            -0.0920906662940979,
            -0.7774088382720947,
            0.020016049966216087
        ],
        [
            -0.08943891525268555,
            -0.7846375107765198,
            0.0024547725915908813
        ],
        [
            -0.088144950568676,
            -0.7967526912689209,
            -0.014252879656851292
        ],
        [
            -0.0959715023636818,
            -0.8025373220443726,
            -0.009548146277666092
        ],
        [
            -0.08616598695516586,
            -0.8121360540390015,
            -0.026970606297254562
        ],
        [
            -0.07634387165307999,
            -0.7908235788345337,
            -0.019825484603643417
        ],
        [
            -0.07832956314086914,
            -0.8123999834060669,
            -0.03163306042551994
        ],
        [
            -0.06271786987781525,
            -0.7581623792648315,
            -0.005915569141507149
        ],
        [
            -0.060999706387519836,
            -0.7478413581848145,
            -0.009287513792514801
        ],
        [
            -0.06231354549527168,
            -0.754439115524292,
            -0.026626240462064743
        ],
        [
            -0.06461797654628754,
            -0.7647979259490967,
            -0.023602964356541634
        ],
        [
            -0.10350610315799713,
            -0.8100347518920898,
            -0.004539148882031441
        ],
        [
            -0.12121713161468506,
            -0.8714183568954468,
            -0.0025434691924601793
        ],
        [
            -0.1245732381939888,
            -0.8704187870025635,
            0.008849803358316422
        ],
        [
            -0.11744382977485657,
            -0.8585320711135864,
            -0.005888693034648895
        ],
        [
            -0.12107890099287033,
            -0.9311884641647339,
            -0.0205212514847517
        ],
        [
            -0.1267942190170288,
            -0.9259815216064453,
            -0.0035224775783717632
        ],
        [
            -0.12525933980941772,
            -0.9101200103759766,
            -0.012502603232860565
        ],
        [
            -0.11983219534158707,
            -0.9171192646026611,
            -0.027471328154206276
        ],
        [
            -0.1108710765838623,
            -0.9684213399887085,
            0.003128679469227791
        ],
        [
            -0.12249958515167236,
            -0.9545567631721497,
            0.02448120526969433
        ],
        [
            -0.12448467314243317,
            -0.9416499137878418,
            0.01136036030948162
        ],
        [
            -0.11683562397956848,
            -0.9523528814315796,
            -0.007208472117781639
        ],
        [
            -0.11350332200527191,
            -0.9192410707473755,
            -0.03931718319654465
        ],
        [
            -0.10255865007638931,
            -0.9219485521316528,
            -0.05494556576013565
        ],
        [
            -0.09787570685148239,
            -0.9386559724807739,
            -0.05834585055708885
        ],
        [
            -0.110218346118927,
            -0.9376621842384338,
            -0.03874810412526131
        ],
        [
            -0.08708646148443222,
            -0.9607895612716675,
            -0.05589337646961212
        ],
        [
            -0.10296744853258133,
            -0.9598499536514282,
            -0.03332171216607094
        ],
        [
            -0.06800547242164612,
            -0.8003933429718018,
            -0.03776843473315239
        ],
        [
            -0.07062211632728577,
            -0.8183503150939941,
            -0.04143451899290085
        ],
        [
            -0.06895588338375092,
            -0.7770699262619019,
            -0.019040364772081375
        ],
        [
            -0.06533187627792358,
            -0.7852754592895508,
            -0.03620618209242821
        ],
        [
            -0.07240497320890427,
            -0.9780951738357544,
            -0.04893501102924347
        ],
        [
            -0.09196613729000092,
            -0.9786109924316406,
            -0.022970018908381462
        ],
        [
            -0.06040164828300476,
            -0.9056574106216431,
            -0.08590807020664215
        ],
        [
            -0.07011990994215012,
            -0.9223055243492126,
            -0.08190842717885971
        ],
        [
            -0.08248023688793182,
            -0.9076153039932251,
            -0.07285607606172562
        ],
        [
