{
    "pred_cam": [
        1.115918517112732,
        0.026085415855050087,
        0.15238267183303833
    ],
    "pred_smpl_params": {
        "global_orient": [
            [
                [
                    0.9967133402824402,
                    0.02814626879990101,
                    -0.07596312463283539
                ],
                [
                    0.03086271323263645,
                    -0.9989166855812073,
                    0.034826114773750305
                ],
                [
                    -0.07490061968564987,
                    -0.037056077271699905,
                    -0.9965022802352905
                ]
            ]
        ],
        "body_pose": [
            [
                [
                    0.9968546628952026,
                    -0.06321723014116287,
                    0.04779522866010666
                ],
                [
                    0.053324565291404724,
                    0.9811784029006958,
                    0.18559470772743225
                ],
                [
                    -0.05862842872738838,
                    -0.18246228992938995,
                    0.9814633131027222
                ]
            ],
            [
                [
                    0.9972122311592102,
                    0.007145926356315613,
                    0.074274443089962
                ],
                [
                    -0.02506997622549534,
                    0.969626247882843,
                    0.24330328404903412
                ],
                [
                    -0.0702798143029213,
                    -0.24448707699775696,
                    0.9671022891998291
                ]
            ],
            [
                [
                    0.9984941482543945,
                    0.0005907440208829939,
                    -0.05485382303595543
                ],
                [
                    -0.012069367803633213,
                    0.9778056740760803,
                    -0.2091662883758545
                ],
                [
                    0.0535128116607666,
                    0.20951339602470398,
                    0.9763403534889221
                ]
            ],
            [
                [
                    0.9950038194656372,
                    0.01988142542541027,
                    -0.0978376641869545
                ],
                [
                    -0.07444370537996292,
                    0.8007371425628662,
                    -0.5943721532821655
                ],
                [
                    0.06652528047561646,
                    0.5986859202384949,
                    0.7982165813446045
                ]
            ],
            [
                [
                    0.9877727627754211,
                    -0.014878136105835438,
                    0.15518906712532043
                ],
                [
                    0.11969855427742004,
                    0.7101569771766663,
                    -0.6937934160232544
                ],
                [
                    -0.09988626092672348,
                    0.703886091709137,
                    0.7032546401023865
                ]
            ],
            [
                [
                    0.9978859424591064,
                    -0.05744325369596481,
                    -0.0303974449634552
                ],
                [
                    0.0589982233941555,
                    0.9968498945236206,
                    0.05300428345799446
                ],
                [
                    0.027256952598690987,
                    -0.05468561872839928,
                    0.9981315732002258
                ]
            ],
            [
                [
                    0.9824714064598083,
                    0.05771516636013985,
                    0.17725346982479095
                ],
                [
                    -0.0751178115606308,
                    0.9928200840950012,
                    0.09308905899524689
                ],
                [
                    -0.17060816287994385,
                    -0.10477224737405777,
                    0.979752779006958
                ]
            ],
            [
                [
                    0.9797102808952332,
                    -0.037330761551856995,
                    -0.19691145420074463
                ],
                [
                    0.04337773472070694,
                    0.9987075924873352,
                    0.026484450325369835
                ],
                [
                    0.1956682950258255,
                    -0.03448866307735443,
                    0.9800634384155273
                ]
            ],
            [
                [
                    0.9985677599906921,
                    -0.0330611877143383,
                    -0.04206249117851257
                ],
                [
                    0.03011236898601055,
                    0.9971686601638794,
                    -0.06890527904033661
                ],
                [
                    0.044221486896276474,
                    0.0675399973988533,
                    0.9967360496520996
                ]
            ],
            [
                [
                    0.9843170642852783,
                    -0.16968762874603271,
                    -0.04822854697704315
                ],
                [
                    0.17491258680820465,
                    0.9743151664733887,
                    0.1418292373418808
                ],
                [
                    0.02292313612997532,
                    -0.14804072678089142,
                    0.9887155294418335
                ]
            ],
            [
                [
                    0.990148663520813,
                    0.13869157433509827,
                    0.019242264330387115
                ],
                [
                    -0.13994011282920837,
                    0.9755512475967407,
                    0.16945920884609222
                ],
                [
                    0.004730746615678072,
                    -0.1704825758934021,
                    0.9853492975234985
                ]
            ],
            [
                [
                    0.9550039172172546,
                    -0.058621373027563095,
                    -0.29074206948280334
                ],
                [
                    0.07870340347290039,
                    0.9952178597450256,
                    0.057855501770973206
                ],
                [
                    0.2859601080417633,
                    -0.07813462615013123,
                    0.9550506472587585
                ]
            ],
            [
                [
                    0.8986795544624329,
                    0.43395352363586426,
                    0.06371286511421204
                ],
                [
                    -0.4302278161048889,
                    0.9004198908805847,
                    -0.06440527737140656
                ],
                [
                    -0.0853172317147255,
                    0.030468663200736046,
                    0.995887815952301
                ]
            ],
            [
                [
                    0.9364736080169678,
                    -0.33962005376815796,
                    -0.08760913461446762
                ],
                [
                    0.3434932231903076,
                    0.9385647773742676,
                    0.033294349908828735
                ],
                [
                    0.07091942429542542,
                    -0.061272427439689636,
                    0.995598316192627
                ]
            ],
            [
                [
                    0.9717825055122375,
                    -0.074133962392807,
                    -0.2239261418581009
                ],
                [
                    0.03303387761116028,
                    0.9827448129653931,
                    -0.18199309706687927
                ],
                [
                    0.23355409502983093,
                    0.16946056485176086,
                    0.9574631452560425
                ]
            ],
            [
                [
                    0.517850935459137,
                    0.8373784422874451,
                    -0.17500804364681244
                ],
                [
                    -0.8535292744636536,
                    0.519523561000824,
                    -0.039787374436855316
                ],
                [
                    0.05760371312499046,
                    0.16997842490673065,
                    0.9837627410888672
                ]
            ],
            [
                [
                    0.687667727470398,
                    -0.6961575746536255,
                    0.2061011642217636
                ],
                [
                    0.705109179019928,
                    0.7080303430557251,
                    0.03891194239258766
                ],
                [
                    -0.17301470041275024,
                    0.11856532841920853,
                    0.9777567386627197
                ]
            ],
            [
                [
                    0.8578267693519592,
                    -0.20608577132225037,
                    -0.4708099067211151
                ],
                [
                    0.18298599123954773,
                    0.9785224795341492,
                    -0.0949200987815857
                ],
                [
                    0.48025980591773987,
                    -0.004726610612124205,
                    0.8771135807037354
                ]
            ],
            [
                [
                    0.34784358739852905,
                    0.37673336267471313,
                    0.8585317730903625
                ],
                [
                    -0.3987073004245758,
                    0.8882266879081726,
                    -0.22822318971157074
                ],
                [
                    -0.8485501408576965,
                    -0.2629169225692749,
                    0.45917031168937683
                ]
            ],
            [
                [
                    0.9996843338012695,
                    -0.014465137384831905,
                    0.020543428137898445
                ],
                [
                    0.013820466585457325,
                    0.9994180798530579,
                    0.031183555722236633
                ],
                [
                    -0.020982548594474792,
                    -0.030889790505170822,
                    0.9993025064468384
                ]
            ],
            [
                [
                    0.9919458627700806,
                    0.1245148777961731,
                    -0.02322557009756565
                ],
                [
                    -0.12440098077058792,
                    0.9922121167182922,
                    0.006291158031672239
                ],
                [
                    0.023828033357858658,
                    -0.003351204562932253,
                    0.9997105002403259
                ]
            ],
            [
                [
                    0.9667483568191528,
                    0.22993750870227814,
                    -0.11192073673009872
                ],
                [
                    -0.2134011685848236,
                    0.9665319919586182,
                    0.14239303767681122
                ],
                [
                    0.14091648161411285,
                    -0.11377424001693726,
                    0.9834621548652649
                ]
            ],
            [
                [
                    0.9729106426239014,
                    -0.21977894008159637,
                    0.07170762866735458
                ],
                [
                    0.21066948771476746,
                    0.9705920219421387,
                    0.11648808419704437
                ],
                [
                    -0.09520047903060913,
                    -0.098225899040699,
                    0.990600049495697
                ]
            ]
        ],
        "betas": [
            -0.047961920499801636,
            -0.011978685855865479,
            0.06333476305007935,
            0.1244468241930008,
            0.01624929904937744,
            -0.002820100635290146,
            -0.019338279962539673,
            -0.03614288568496704,
            0.05323295295238495,
            -0.021506786346435547
        ]
    },
    "pred_cam_t": [
        0.026085415855050087,
        0.15238267183303833,
        35.00479507446289
    ],
    "focal_length": [
        5000.0,
        5000.0
    ],
    "pred_keypoints_3d": [
        [
            -0.12013138085603714,
            -0.8048889636993408,
            -0.16807207465171814
        ],
        [
            -0.008340170606970787,
            -0.7299127578735352,
            -0.029819749295711517
        ],
        [
            -0.17213356494903564,
            -0.6338251233100891,
            0.04555696249008179
        ],
        [
            -0.2513122260570526,
            -0.39985391497612,
            0.10374931246042252
        ],
        [
            -0.4105914831161499,
            -0.335009902715683,
            -0.08356615155935287
        ],
        [
            0.17286764085292816,
            -0.6365053057670593,
            -0.036245301365852356
        ],
        [
            0.21593135595321655,
            -0.396060973405838,
            0.053260356187820435
        ],
        [
            0.26811331510543823,
            -0.16573293507099152,
            -0.023464053869247437
        ],
        [
            -0.0018605898367241025,
            -0.22426286339759827,
            0.02808425948023796
        ],
        [
            -0.07136018574237823,
            -0.13615350425243378,
            0.0408872589468956
        ],
        [
            -0.12947416305541992,
            0.2354164868593216,
            -0.029329463839530945
        ],
        [
            -0.13014324009418488,
            0.5446621179580688,
            0.22208358347415924
        ],
        [
            0.0652158260345459,
            -0.13110418617725372,
            0.033182889223098755
        ],
        [
            0.10731427371501923,
            0.23749126493930817,
            -0.01917935162782669
        ],
        [
            0.1023496687412262,
            0.565190315246582,
            0.20696818828582764
        ],
        [
            -0.12861046195030212,
            -0.8501958250999451,
            -0.127291738986969
        ],
        [
            -0.08236679434776306,
            -0.8519701957702637,
            -0.17479605972766876
        ],
        [
            -0.0905752032995224,
            -0.8565951585769653,
            -0.03189970552921295
        ],
        [
            0.013788048177957535,
            -0.8598997592926025,
            -0.13564620912075043
        ],
        [
            0.10615036636590958,
            0.6885644793510437,
            0.05086152255535126
        ],
        [
            0.1730395406484604,
            0.6755404472351074,
            0.0998651385307312
        ],
        [
            0.10721942782402039,
            0.5742781162261963,
            0.2771570384502411
        ],
        [
            -0.1287466287612915,
            0.6839988231658936,
            0.08163446187973022
        ],
        [
            -0.20140348374843597,
            0.6647570729255676,
            0.1261996626853943
        ],
        [
            -0.13406521081924438,
            0.5532821416854858,
            0.2950342893600464
        ],
        [
            -0.15151742100715637,
            0.48933324217796326,
            0.21746289730072021
        ],
        [
            -0.12279940396547318,
            0.17489615082740784,
            -0.02960105426609516
        ],
        [
            -0.1470588892698288,
            -0.26240330934524536,
            0.05071551352739334
        ],
        [
            0.14613200724124908,
            -0.23826730251312256,
            0.04170586168766022
        ],
        [
            0.11709052324295044,
            0.196485236287117,
            -0.020558178424835205
        ],
        [
            0.11084621399641037,
            0.5237007141113281,
            0.21461337804794312
        ],
        [
            -0.38839101791381836,
            -0.36467501521110535,
            -0.08762821555137634
        ],
        [
            -0.2788335978984833,
            -0.4339205324649811,
            0.09608150273561478
        ],
        [
            -0.14320963621139526,
            -0.6651277542114258,
            0.03082912787795067
        ],
        [
            0.13991960883140564,
            -0.6694067716598511,
            -0.03450815752148628
        ],
        [
            0.2471662014722824,
            -0.41695094108581543,
            0.014756996184587479
        ],
        [
            0.27006176114082336,
            -0.18475347757339478,
            -0.03459586948156357
        ],
        [
            -0.0038783568888902664,
            -0.7214856743812561,
            -0.027800049632787704
        ],
        [
            -0.05655141547322273,
            -0.9066571593284607,
            -0.10391560196876526
        ],
        [
            0.00020877685165032744,
            -0.25034692883491516,
            0.04577106609940529
        ],
        [
            -0.001794334501028061,
            -0.6649416089057922,
            -0.0051494468934834
        ],
        [
            0.009638400748372078,
            -0.4907033443450928,
            0.02908635139465332
        ],
        [
            -0.05938953161239624,
            -0.7938775420188904,
            -0.11723022162914276
        ],
        [
            -0.05748062953352928,
            -0.9269198775291443,
            -0.09629523754119873
        ]
    ],
    "pred_vertices": [
        [
            -0.08093985915184021,
            -0.897415816783905,
            -0.18946903944015503
        ],
        [
            -0.08709967881441116,
            -0.8821277618408203,
            -0.18806086480617523
        ],
        [
            -0.0727422833442688,
            -0.8808064460754395,
            -0.18914014101028442
        ],
        [
            -0.06410297751426697,
            -0.8932281732559204,
            -0.18773125112056732
        ],
        [
            -0.07782220840454102,
            -0.8707301020622253,
            -0.18907518684864044
        ],
        [
            -0.08999383449554443,
            -0.8705692291259766,
            -0.18695616722106934
        ],
        [
            -0.059707459062337875,
            -0.8772159814834595,
            -0.18566972017288208
        ],
        [
            -0.05008750408887863,
            -0.8858059644699097,
            -0.18287521600723267
        ],
        [
            -0.04285688325762749,
            -0.8447705507278442,
            -0.17665459215641022
        ],
        [
            -0.03280969709157944,
            -0.8421111702919006,
            -0.1719660609960556
        ],
        [
            -0.035464707762002945,
            -0.853839635848999,
            -0.17491932213306427
        ],
        [
            -0.04531777650117874,
            -0.8532983064651489,
            -0.17789392173290253
        ],
        [
            -0.0362321138381958,
            -0.8200000524520874,
            -0.16977666318416595
        ],
        [
            -0.04505768418312073,
            -0.8092461824417114,
            -0.17020180821418762
        ],
        [
            -0.035056035965681076,
            -0.8023836016654968,
            -0.163484126329422
        ],
        [
            -0.02673056721687317,
            -0.8127750158309937,
            -0.16164585947990417
        ],
        [
            -0.08727958053350449,
            -0.8174861669540405,
            -0.16661453247070312
        ],
        [
            -0.08142255246639252,
            -0.8113247156143188,
            -0.16891063749790192
        ],
        [
            -0.07919764518737793,
            -0.818137526512146,
            -0.17183880507946014
        ],
        [
            -0.08528413623571396,
            -0.8235399723052979,
            -0.16874606907367706
        ],
        [
            -0.09948966652154922,
            -0.8256641030311584,
            -0.16567012667655945
        ],
        [
            -0.09735935181379318,
            -0.831716775894165,
            -0.16473355889320374
        ],
        [
            -0.10483306646347046,
            -0.834386944770813,
            -0.16549928486347198
        ],
        [
            -0.10692957043647766,
            -0.8274475336074829,
            -0.16769461333751678
        ],
        [
            -0.09041590988636017,
            -0.8122338056564331,
            -0.16210521757602692
        ],
        [
            -0.08387729525566101,
            -0.8058913350105286,
            -0.16451263427734375
        ],
        [
            -0.0927349254488945,
            -0.8226852416992188,
            -0.1650378704071045
        ],
        [
            -0.09467371553182602,
            -0.8178504705429077,
            -0.16480185091495514
        ],
        [
            -0.10276390612125397,
            -0.8098829984664917,
            -0.1692180186510086
        ],
        [
            -0.1014002338051796,
            -0.8148417472839355,
            -0.1698409914970398
        ],
        [
            -0.10874247550964355,
            -0.8144936561584473,
            -0.1724589765071869
        ],
        [
            -0.10831057280302048,
            -0.8092830181121826,
            -0.17040817439556122
        ],
        [
            -0.09456059336662292,
            -0.811083972454071,
            -0.16440831124782562
        ],
        [
            -0.09649059176445007,
            -0.8133846521377563,
            -0.16718706488609314
        ],
        [
            -0.09921912103891373,
            -0.8092362880706787,
            -0.16667844355106354
        ],
        [
            -0.09767073392868042,
            -0.8077202439308167,
            -0.16314837336540222
        ],
        [
            -0.10126526653766632,
            -0.8209437131881714,
            -0.16676068305969238
        ],
        [
            -0.10832501947879791,
            -0.8213803768157959,
            -0.1698661744594574
        ],
        [
            -0.11610858887434006,
            -0.8213691711425781,
            -0.17237688601016998
        ],
        [
            -0.11619429290294647,
            -0.8126746416091919,
            -0.17441082000732422
        ],
        [
            -0.06630279868841171,
            -0.7995944023132324,
            -0.16965992748737335
        ],
        [
            -0.07446024566888809,
            -0.8053381443023682,
            -0.17037735879421234
        ],
        [
            -0.07730546593666077,
            -0.8003512024879456,
            -0.16651049256324768
        ],
        [
            -0.07075923681259155,
            -0.7956260442733765,
            -0.1668548285961151
        ],
        [
            -0.09380481392145157,
            -0.805334210395813,
            -0.16119644045829773
        ],
        [
            -0.08791527152061462,
            -0.7898218631744385,
            -0.16178293526172638
        ],
        [
            -0.08867181092500687,
            -0.7934860587120056,
            -0.1627293974161148
        ],
        [
            -0.09589339047670364,
            -0.7933822870254517,
            -0.1615431308746338
        ],
        [
            -0.09461510181427002,
            -0.7900077700614929,
            -0.16101126372814178
        ],
        [
            -0.05393804609775543,
            -0.7875059843063354,
            -0.16426609456539154
        ],
        [
            -0.06101825833320618,
            -0.785290002822876,
            -0.16389456391334534
        ],
        [
            -0.05744943022727966,
            -0.7791469097137451,
            -0.16114386916160583
        ],
        [
            -0.04959738254547119,
            -0.7803172469139099,
            -0.15999135375022888
        ],
        [
            -0.05681115388870239,
            -0.7737104892730713,
            -0.15807168185710907
        ],
        [
            -0.04637840762734413,
            -0.7733451724052429,
            -0.1556275188922882
        ],
        [
            -0.050200577825307846,
            -0.7597029209136963,
            -0.1476549208164215
        ],
        [
            -0.04773286357522011,
            -0.7657370567321777,
            -0.1513909548521042
        ],
        [
            -0.05876076966524124,
            -0.7681539058685303,
            -0.15503309667110443
        ],
        [
            -0.06379147619009018,
            -0.7625118494033813,
            -0.15309642255306244
        ],
        [
            -0.07993462681770325,
            -0.7648614048957825,
            -0.15185895562171936
        ],
        [
            -0.0858241617679596,
            -0.7628066539764404,
            -0.14983679354190826
        ],
        [
            -0.07843820005655289,
            -0.7518333196640015,
            -0.14970168471336365
        ],
        [
            -0.07131949812173843,
            -0.7562772035598755,
            -0.15151003003120422
        ],
        [
            -0.08427297323942184,
            -0.7850610017776489,
            -0.15740108489990234
        ],
        [
            -0.07955408841371536,
            -0.785828173160553,
            -0.15794530510902405
        ],
        [
            -0.0811876580119133,
            -0.7867718935012817,
            -0.1600310057401657
        ],
        [
            -0.08660994470119476,
            -0.7870429754257202,
            -0.15984651446342468
        ],
        [
            -0.07567865401506424,
            -0.7859867811203003,
            -0.15900948643684387
        ],
        [
            -0.07398071885108948,
            -0.785916805267334,
            -0.15957126021385193
        ],
        [
            -0.07519030570983887,
            -0.7869077920913696,
            -0.1604853868484497
        ],
        [
            -0.0765102207660675,
            -0.7866129875183105,
            -0.15945404767990112
        ],
        [
            -0.07823433727025986,
            -0.786121129989624,
            -0.15851974487304688
        ],
        [
            -0.07881078124046326,
            -0.7841783165931702,
            -0.1578056961297989
        ],
        [
            -0.07644514739513397,
            -0.7851207852363586,
            -0.1586470901966095
        ],
        [
            -0.0830860510468483,
            -0.7827092409133911,
            -0.1573564112186432
        ],
        [
            -0.09673960506916046,
            -0.7783235311508179,
            -0.15479552745819092
        ],
        [
            -0.09329097718000412,
            -0.7792525291442871,
            -0.15618161857128143
        ],
        [
            -0.09466329962015152,
            -0.7837251424789429,
            -0.15518516302108765
        ],
        [
            -0.09757767617702484,
            -0.7832233905792236,
            -0.1540442705154419
        ],
        [
            -0.0779324471950531,
            -0.7883505821228027,
            -0.16099685430526733
        ],
        [
            -0.07610125094652176,
            -0.7899787425994873,
            -0.16254867613315582
        ],
        [
            -0.08166924118995667,
            -0.7918311953544617,
            -0.16296067833900452
        ],
        [
            -0.08155080676078796,
            -0.7892825603485107,
            -0.1612895280122757
        ],
        [
            -0.07445019483566284,
            -0.7919291257858276,
            -0.1645357459783554
        ],
        [
            -0.07336748391389847,
            -0.7882565259933472,
            -0.16176456212997437
        ],
        [
            -0.07057718187570572,
            -0.7891104221343994,
            -0.16365551948547363
        ],
        [
            -0.07397641986608505,
            -0.7842090129852295,
            -0.15892791748046875
        ],
        [
            -0.07072648406028748,
            -0.7829012870788574,
            -0.1594705730676651
        ],
        [
            -0.07152751833200455,
            -0.7852439284324646,
            -0.16099794209003448
        ],
        [
            -0.07175236940383911,
            -0.7796738147735596,
            -0.15786951780319214
        ],
        [
            -0.0760699063539505,
            -0.7821424007415771,
            -0.1576692759990692
        ],
        [
            -0.08008117228746414,
            -0.7797245383262634,
            -0.15703746676445007
        ],
        [
            -0.08546919375658035,
            -0.7772471904754639,
            -0.15638291835784912
        ],
        [
            -0.08069790154695511,
            -0.7732737064361572,
            -0.1551159769296646
        ],
        [
            -0.07537319511175156,
            -0.77632737159729,
            -0.15645626187324524
        ],
        [
            -0.08021195232868195,
            -0.7957857847213745,
            -0.16449230909347534
        ],
        [
            -0.06704387813806534,
            -0.7851182222366333,
            -0.16232678294181824
        ],
        [
            -0.06565182656049728,
            -0.7914273738861084,
            -0.16560854017734528
        ],
        [
            -0.06538502871990204,
            -0.780693769454956,
            -0.16067039966583252
        ],
        [
            -0.06566014140844345,
            -0.7764543294906616,
            -0.15827539563179016
        ],
        [
            -0.0682154968380928,
            -0.7722212076187134,
            -0.15603415668010712
        ],
        [
            -0.07400260865688324,
            -0.768280029296875,
            -0.15392781794071198
        ],
        [
            -0.0671275183558464,
            -0.7462040185928345,
            -0.141717791557312
        ],
        [
            -0.05898217111825943,
            -0.7520956993103027,
            -0.1449795663356781
        ],
        [
            -0.08885716646909714,
            -0.863936185836792,
            -0.1820361614227295
        ],
        [
            -0.08034387975931168,
            -0.8638330698013306,
            -0.18598516285419464
        ],
        [
            -0.07572772353887558,
            -0.8574693202972412,
            -0.1813705861568451
        ],
        [
            -0.07495523244142532,
            -0.8598456382751465,
            -0.1827697455883026
        ],
        [
            -0.08095982670783997,
            -0.8602913618087769,
            -0.18197472393512726
        ],
        [
            -0.08048854768276215,
            -0.8577171564102173,
            -0.1805649995803833
        ],
        [
            -0.05452519655227661,
            -0.8538547158241272,
            -0.17836594581604004
        ],
        [
            -0.061461884528398514,
            -0.8545264601707458,
            -0.17874711751937866
        ],
        [
            -0.059453316032886505,
            -0.8511297702789307,
            -0.17744256556034088
        ],
        [
            -0.051620326936244965,
            -0.8475924730300903,
            -0.17802032828330994
        ],
        [
            -0.06837143003940582,
            -0.8420042991638184,
            -0.17623178660869598
        ],
        [
            -0.06318356096744537,
            -0.8440592288970947,
            -0.17699748277664185
        ],
        [
            -0.06912704557180405,
            -0.8498445749282837,
            -0.17750322818756104
        ],
        [
            -0.07292932271957397,
            -0.8483492136001587,
            -0.17702989280223846
        ],
        [
            -0.0769495964050293,
            -0.8473486304283142,
            -0.17588511109352112
        ],
        [
            -0.08083191514015198,
            -0.8469848036766052,
            -0.17401431500911713
        ],
        [
            -0.0793810486793518,
            -0.8419662117958069,
            -0.17279890179634094
        ],
        [
            -0.07422514259815216,
            -0.8415567874908447,
            -0.17473654448986053
        ],
        [
            -0.08713207393884659,
            -0.8608576059341431,
            -0.17868572473526
        ],
        [
            -0.09209047257900238,
            -0.8600401282310486,
            -0.17351683974266052
        ],
        [
            -0.09019970893859863,
            -0.85724937915802,
            -0.17347872257232666
        ],
        [
            -0.08620388060808182,
            -0.8577394485473633,
            -0.1781185269355774
        ],
        [
            -0.09322278201580048,
            -0.851954460144043,
            -0.16183122992515564
        ],
        [
            -0.0934644266963005,
            -0.8541467189788818,
            -0.163810595870018
        ],
        [
            -0.0971212163567543,
            -0.8551820516586304,
            -0.16248410940170288
        ],
        [
            -0.09639005362987518,
            -0.8509570360183716,
            -0.16063787043094635
        ],
        [
            -0.09421840310096741,
            -0.8480165004730225,
            -0.16171471774578094
        ],
        [
            -0.0922631323337555,
            -0.8502159714698792,
            -0.1627279371023178
        ],
        [
            -0.09013857692480087,
            -0.9184337854385376,
            -0.18562859296798706
        ],
        [
            -0.09648117423057556,
            -0.9004940986633301,
            -0.18604624271392822
        ],
        [
            -0.06971883773803711,
            -0.9148377776145935,
            -0.18616195023059845
        ],
        [
            -0.053414590656757355,
            -0.9072621464729309,
            -0.18278373777866364
        ],
        [
            -0.03957441821694374,
            -0.8959528207778931,
            -0.1786750853061676
        ],
        [
            -0.04474513605237007,
            -0.793552041053772,
            -0.16420474648475647
        ],
        [
            -0.037815313786268234,
            -0.786193311214447,
            -0.15903423726558685
        ],
        [
            -0.025547388941049576,
            -0.7961841821670532,
            -0.15638455748558044
        ],
        [
            -0.021463170647621155,
            -0.7873831987380981,
            -0.1491508185863495
        ],
        [
            -0.03414509445428848,
            -0.7772458791732788,
            -0.1528947949409485
        ],
        [
            -0.038008321076631546,
            -0.7603059411048889,
            -0.13883787393569946
        ],
        [
            -0.03405853360891342,
            -0.7680181860923767,
            -0.14593297243118286
        ],
        [
            -0.019258856773376465,
            -0.7793534994125366,
            -0.13917328417301178
        ],
        [
            -0.006779666990041733,
            -0.7946998476982117,
            -0.1345262974500656
        ],
        [
            -0.011162564158439636,
            -0.7996965646743774,
            -0.14551328122615814
        ],
        [
            0.0013604983687400818,
            -0.8125526309013367,
            -0.1305866837501526
        ],
        [
            -0.0004254765808582306,
            -0.7901145219802856,
            -0.12035760283470154
        ],
        [
            0.005480840802192688,
            -0.8133971691131592,
            -0.12158973515033722
        ],
        [
            -0.0034084971994161606,
            -0.7531486749649048,
            -0.10736018419265747
        ],
        [
            0.003988767508417368,
            -0.7431436777114868,
            -0.10213036090135574
        ],
        [
            0.01745523512363434,
            -0.7530571818351746,
            -0.09626350551843643
        ],
        [
            0.011679315939545631,
            -0.7630913853645325,
            -0.1033230721950531
        ],
        [
            -0.017588678747415543,
            -0.8057603240013123,
            -0.15379486978054047
        ],
        [
            -0.031054142862558365,
            -0.8655242323875427,
            -0.17199885845184326
        ],
        [
            -0.041356462985277176,
            -0.863009512424469,
            -0.1775248795747757
        ],
        [
            -0.02483101189136505,
            -0.854202151298523,
            -0.1689721941947937
        ],
        [
            -0.02661430835723877,
            -0.9278512001037598,
            -0.16896185278892517
        ],
        [
            -0.04103778675198555,
            -0.9190715551376343,
            -0.1775818020105362
        ],
        [
            -0.02895013988018036,
            -0.9057729244232178,
            -0.17512521147727966
        ],
        [
            -0.016739636659622192,
            -0.9156479239463806,
            -0.16736829280853271
        ],
        [
            -0.05843259021639824,
            -0.9589894413948059,
            -0.16251002252101898
        ],
        [
            -0.07495709508657455,
            -0.9412452578544617,
            -0.17721237242221832
        ],
        [
            -0.058820582926273346,
            -0.9318779110908508,
            -0.177859827876091
        ],
        [
            -0.044128283858299255,
            -0.9459254741668701,
            -0.16757459938526154
        ],
        [
            -0.006985858082771301,
            -0.9202874898910522,
            -0.15910303592681885
        ],
        [
            0.005781032145023346,
            -0.9256845712661743,
            -0.14652442932128906
        ],
        [
            0.004002213478088379,
            -0.9426535367965698,
            -0.14119195938110352
        ],
        [
            -0.01205945760011673,
            -0.9376944899559021,
            -0.15615063905715942
        ],
        [
            -0.004102438688278198,
            -0.9635784029960632,
            -0.13122843205928802
        ],
        [
            -0.023269198834896088,
            -0.958054780960083,
            -0.14977653324604034
        ],
        [
            0.014123603701591492,
            -0.8021011352539062,
            -0.10865338891744614
        ],
        [
            0.013207990676164627,
            -0.8201960325241089,
            -0.11292438954114914
        ],
        [
            0.0037681683897972107,
            -0.7751327157020569,
            -0.11153680831193924
        ],
        [
            0.016763532534241676,
            -0.7863600850105286,
            -0.10298764705657959
        ],
        [
            -0.016615234315395355,
            -0.9788737297058105,
            -0.11756481230258942
        ],
        [
            -0.03886917978525162,
            -0.9738597273826599,
            -0.1403845101594925
        ],
        [
            0.03267931938171387,
            -0.9156687259674072,
            -0.09985291212797165
        ],
        [
            0.027049511671066284,
            -0.9309920072555542,
            -0.11067758500576019
        ],
        [
            0.023257508873939514,
            -0.9150646924972534,
