{
    "pred_cam": [
        1.5390174388885498,
        0.060689762234687805,
        0.34923186898231506
    ],
    "pred_smpl_params": {
        "global_orient": [
            [
                [
                    -0.9284433126449585,
                    0.04799545556306839,
                    -0.36836037039756775
                ],
                [
                    0.026835814118385315,
                    -0.9803614020347595,
                    -0.19537502527236938
                ],
                [
                    -0.37050339579582214,
                    -0.19127990305423737,
                    0.908922016620636
                ]
            ]
        ],
        "body_pose": [
            [
                [
                    0.9918057918548584,
                    0.029875373467803,
                    -0.12421178072690964
                ],
                [
                    -0.01122989971190691,
                    0.9888965487480164,
                    0.1481805443763733
                ],
                [
                    0.12725955247879028,
                    -0.14557145535945892,
                    0.9811288118362427
                ]
            ],
            [
                [
                    0.9966798424720764,
                    -0.01312144473195076,
                    -0.08035518229007721
                ],
                [
                    0.032518964260816574,
                    0.9689460396766663,
                    0.24512451887130737
                ],
                [
                    0.07464344799518585,
                    -0.2469237744808197,
                    0.9661557078361511
                ]
            ],
            [
                [
                    0.9977366328239441,
                    -0.02438894473016262,
                    0.06266260147094727
                ],
                [
                    0.03348330408334732,
                    0.9883519411087036,
                    -0.14845611155033112
                ],
                [
                    -0.05831201747059822,
                    0.15021827816963196,
                    0.986931562423706
                ]
            ],
            [
                [
                    0.9831398129463196,
                    -0.12197531014680862,
                    -0.13622839748859406
                ],
                [
                    -0.09340068697929382,
                    0.3055040240287781,
                    -0.9475988745689392
                ],
                [
                    0.15720199048519135,
                    0.9443459510803223,
                    0.28896060585975647
                ]
            ],
            [
                [
                    0.9447695016860962,
                    -0.27913784980773926,
                    0.17173410952091217
                ],
                [
                    0.20226158201694489,
                    0.08429578691720963,
                    -0.9756969213485718
                ],
                [
                    0.2578774690628052,
                    0.9565439820289612,
                    0.1360989511013031
                ]
            ],
            [
                [
                    0.9955666065216064,
                    0.04137995094060898,
                    0.08446770906448364
                ],
                [
                    -0.03828928619623184,
                    0.998548150062561,
                    -0.0378882996737957
                ],
                [
                    -0.08591289073228836,
                    0.03448611870408058,
                    0.9957056045532227
                ]
            ],
            [
                [
                    0.9823786616325378,
                    -0.08204401284456253,
                    0.1679316908121109
                ],
                [
                    0.04669265076518059,
                    0.9777445793151855,
                    0.20453675091266632
                ],
                [
                    -0.1809753179550171,
                    -0.19309134781360626,
                    0.9643462896347046
                ]
            ],
            [
                [
                    0.9736677408218384,
                    0.14078354835510254,
                    -0.17930728197097778
                ],
                [
                    -0.08795773237943649,
                    0.9576254487037659,
                    0.27425703406333923
                ],
                [
                    0.2103201001882553,
                    -0.2512637674808502,
                    0.9447920322418213
                ]
            ],
            [
                [
                    0.9972346425056458,
                    0.025272948667407036,
                    0.06988854706287384
                ],
                [
                    -0.0214022658765316,
                    0.9982243180274963,
                    -0.05558842048048973
                ],
                [
                    -0.07116933912038803,
                    0.05393892154097557,
                    0.9960047602653503
                ]
            ],
            [
                [
                    0.9989654421806335,
                    -0.04268403723835945,
                    0.015689434483647346
                ],
                [
                    0.03915330395102501,
                    0.9827566742897034,
                    0.18071052432060242
                ],
                [
                    -0.023132355883717537,
                    -0.17990927398204803,
                    0.9834111928939819
                ]
            ],
            [
                [
                    0.9998215436935425,
                    -0.015920491889119148,
                    -0.010170950554311275
                ],
                [
                    0.017365531995892525,
                    0.9864856600761414,
                    0.1629248708486557
                ],
                [
                    0.007439652923494577,
                    -0.16307242214679718,
                    0.9865860939025879
                ]
            ],
            [
                [
                    0.9934188723564148,
                    0.02952180989086628,
                    0.11066726595163345
                ],
                [
                    -0.032299600541591644,
                    0.9992043972015381,
                    0.023391857743263245
                ],
                [
                    -0.10988865792751312,
                    -0.026812424883246422,
                    0.9935820698738098
                ]
            ],
            [
                [
                    0.9102480411529541,
                    0.409755140542984,
                    0.05957542732357979
                ],
                [
                    -0.41109585762023926,
                    0.9115162491798401,
                    0.01176212914288044
                ],
                [
                    -0.04948437586426735,
                    -0.0351976677775383,
                    0.9981545209884644
                ]
            ],
            [
                [
                    0.9282153248786926,
                    -0.3693210184574127,
                    0.044925108551979065
                ],
                [
                    0.36994123458862305,
                    0.9290353059768677,
                    -0.006073708180338144
                ],
                [
                    -0.0394938625395298,
                    0.022257359698414803,
                    0.9989718794822693
                ]
            ],
            [
                [
                    0.9953100085258484,
                    0.0831063911318779,
                    0.049510642886161804
                ],
                [
                    -0.06832084059715271,
                    0.9662367701530457,
                    -0.24843229353427887
                ],
                [
                    -0.068485327064991,
                    0.24388453364372253,
                    0.9673830270767212
                ]
            ],
            [
                [
                    0.5168111324310303,
                    0.8178386092185974,
                    -0.2530733644962311
                ],
                [
                    -0.8502159714698792,
                    0.524918258190155,
                    -0.039919789880514145
                ],
                [
                    0.10019488632678986,
                    0.23579801619052887,
                    0.966623067855835
                ]
            ],
            [
                [
                    0.5043920874595642,
                    -0.8231807947158813,
                    0.2606951594352722
                ],
                [
                    0.8476929664611816,
                    0.5295250415802002,
                    0.031934887170791626
                ],
                [
                    -0.1643328219652176,
                    0.20488175749778748,
                    0.9648928046226501
                ]
            ],
            [
                [
                    0.29771119356155396,
                    -0.38570889830589294,
                    -0.8732677698135376
                ],
                [
                    0.1727585345506668,
                    0.9214104413986206,
                    -0.3480764925479889
                ],
                [
                    0.9388942122459412,
                    -0.04723823443055153,
                    0.3409487009048462
                ]
            ],
            [
                [
                    0.0850653275847435,
                    0.43888890743255615,
                    0.8945056796073914
                ],
                [
                    -0.2367773801088333,
                    0.8809465169906616,
                    -0.4097191393375397
                ],
                [
                    -0.9678328037261963,
                    -0.17694580554962158,
                    0.1788569688796997
                ]
            ],
            [
                [
                    0.9912795424461365,
                    -0.13089551031589508,
                    0.01520856749266386
                ],
                [
                    0.13158656656742096,
                    0.9894267916679382,
                    -0.06098836660385132
                ],
                [
                    -0.007064661476761103,
                    0.06245775893330574,
                    0.9980226159095764
                ]
            ],
            [
                [
                    0.9910727143287659,
                    0.13198374211788177,
                    -0.01884601265192032
                ],
                [
                    -0.13315311074256897,
                    0.9869976043701172,
                    -0.09003324061632156
                ],
                [
                    0.006718043237924576,
                    0.09173889458179474,
                    0.995760440826416
                ]
            ],
            [
                [
                    0.9647860527038574,
                    0.25047609210014343,
                    -0.0803084447979927
                ],
                [
                    -0.23863747715950012,
                    0.9619190096855164,
                    0.13328109681606293
                ],
                [
                    0.1106339618563652,
                    -0.10942316055297852,
                    0.9878190159797668
                ]
            ],
            [
                [
                    0.961658239364624,
                    -0.26643267273902893,
                    0.06501448899507523
                ],
                [
                    0.2576245069503784,
                    0.9588943123817444,
                    0.11895909160375595
                ],
                [
                    -0.09403662383556366,
                    -0.09764868021011353,
                    0.9907681941986084
                ]
            ]
        ],
        "betas": [
            -0.2847387194633484,
            -0.335379034280777,
            0.2129184901714325,
            0.40002501010894775,
            0.1967836171388626,
            0.04088631644845009,
            -0.003164052963256836,
            -0.13453471660614014,
            0.059345170855522156,
            -0.10168585181236267
        ]
    },
    "pred_cam_t": [
        0.060689762234687805,
        0.34923186898231506,
        25.381454467773438
    ],
    "focal_length": [
        5000.0,
        5000.0
    ],
    "pred_keypoints_3d": [
        [
            -0.11842351406812668,
            -0.8225458860397339,
            0.07548313587903976
        ],
        [
            0.0052496809512376785,
            -0.730131983757019,
            -0.037950947880744934
        ],
        [
            0.1620180308818817,
            -0.6424945592880249,
            0.06364123523235321
        ],
        [
            0.19915831089019775,
            -0.39895951747894287,
            0.09475705772638321
        ],
        [
            0.060464873909950256,
            -0.4055829346179962,
            0.30070820450782776
        ],
        [
            -0.12860709428787231,
            -0.6166479587554932,
            -0.1404113918542862
        ],
        [
            -0.12734811007976532,
            -0.3630951941013336,
            -0.15834185481071472
        ],
        [
            -0.26904794573783875,
            -0.3064810633659363,
            0.03031618893146515
        ],
        [
            -0.0017835358157753944,
            -0.22613182663917542,
            0.029323730617761612
        ],
        [
            0.058814216405153275,
            -0.13864552974700928,
            0.06848445534706116
        ],
        [
            0.039891861379146576,
            0.20027580857276917,
            0.22153182327747345
        ],
        [
            0.03242943808436394,
            0.34651386737823486,
            -0.13693375885486603
        ],
        [
            -0.06900706887245178,
            -0.1335340440273285,
            0.01488696038722992
        ],
        [
            -0.12513768672943115,
            0.20982927083969116,
            0.12276865541934967
        ],
        [
            -0.0789460837841034,
            0.40898191928863525,
            -0.20554889738559723
        ],
        [
            -0.082060806453228,
            -0.8708304762840271,
            0.07478007674217224
        ],
        [
            -0.12946730852127075,
            -0.8614248037338257,
            0.0292827095836401
        ],
        [
            0.014642022550106049,
            -0.8752840757369995,
            0.03345825523138046
        ],
        [
            -0.09163045138120651,
            -0.8560280203819275,
            -0.06487079709768295
        ],
        [
            -0.1105574518442154,
            0.5684304237365723,
            -0.09768503904342651
        ],
        [
            -0.1669093370437622,
            0.5353531837463379,
            -0.14885711669921875
        ],
        [
            -0.0762789323925972,
            0.39071279764175415,
            -0.27075034379959106
        ],
        [
            -0.009418144822120667,
            0.5067737102508545,
            -0.03742009401321411
        ],
        [
            0.07041749358177185,
            0.4911842346191406,
            -0.06408959627151489
        ],
        [
            0.046822354197502136,
            0.33595871925354004,
            -0.2058771848678589
        ],
        [
            0.06366945058107376,
            0.3063180148601532,
            -0.10692672431468964
        ],
        [
            0.04334364831447601,
            0.15064454078674316,
            0.21652433276176453
        ],
        [
            0.14321279525756836,
            -0.25735118985176086,
            0.06704863905906677
        ],
        [
            -0.13272987306118011,
            -0.23301449418067932,
            -0.0508296974003315
        ],
        [
            -0.1349891573190689,
            0.1750272810459137,
            0.11778917908668518
        ],
        [
            -0.08929544687271118,
            0.3669559359550476,
            -0.19585266709327698
        ],
        [
            0.05801186338067055,
            -0.4319298267364502,
            0.27456507086753845
        ],
        [
            0.21251465380191803,
            -0.4312022626399994,
            0.12452740222215652
        ],
        [
            0.13121765851974487,
            -0.6725966930389404,
            0.04361140355467796
        ],
        [
            -0.10455456376075745,
            -0.6504455208778381,
            -0.1296776533126831
        ],
        [
            -0.1714511215686798,
            -0.396507203578949,
            -0.16086968779563904
        ],
        [
            -0.26671940088272095,
            -0.3267356753349304,
            0.019383538514375687
        ],
        [
            0.0018728617578744888,
            -0.7198506593704224,
            -0.038051486015319824
        ],
        [
            -0.06257341802120209,
            -0.9153597354888916,
            -0.007699416019022465
        ],
        [
            0.004545173142105341,
            -0.245225727558136,
            0.00755644403398037
        ],
        [
            0.012579258531332016,
            -0.6600525379180908,
            -0.03975973650813103
        ],
        [
            0.020763857290148735,
            -0.4872971177101135,
            -0.0322144515812397
        ],
        [
            -0.06730116903781891,
            -0.8038917183876038,
            0.015937408432364464
        ],
        [
            -0.057177022099494934,
            -0.9352894425392151,
            -0.011005816981196404
        ]
    ],
    "pred_vertices": [
        [
            -0.14668209850788116,
            -0.9050294756889343,
            0.022093914449214935
        ],
        [
            -0.14347240328788757,
            -0.8912420868873596,
            0.030696947127580643
        ],
        [
            -0.14462658762931824,
            -0.8870947360992432,
            0.017076401039958
        ],
        [
            -0.1449429988861084,
            -0.897894024848938,
            0.006023367866873741
        ],
        [
            -0.14376287162303925,
            -0.8781641721725464,
            0.02394445613026619
        ],
        [
            -0.14145588874816895,
            -0.8800232410430908,
            0.03560531884431839
        ],
        [
            -0.14145760238170624,
            -0.8813172578811646,
            0.004950830712914467
        ],
        [
            -0.14004755020141602,
            -0.8889080286026001,
            -0.006816225126385689
        ],
        [
            -0.13219726085662842,
            -0.846702516078949,
            -0.007890339940786362
        ],
        [
            -0.1275305598974228,
            -0.8423939943313599,
            -0.01743841916322708
        ],
        [
            -0.13041004538536072,
            -0.8541941046714783,
            -0.015731409192085266
        ],
        [
            -0.132755845785141,
            -0.8553829193115234,
            -0.005809340160340071
        ],
        [
            -0.1238224059343338,
            -0.8222710490226746,
            -0.008999964222311974
        ],
        [
            -0.12338085472583771,
            -0.8133184909820557,
            0.0015428775222972035
        ],
        [
            -0.11661964654922485,
            -0.8053522109985352,
            -0.006742709781974554
        ],
        [
            -0.11549423635005951,
            -0.8139562010765076,
            -0.016966672614216805
        ],
        [
            -0.11891946941614151,
            -0.8293620944023132,
            0.04014728218317032
        ],
        [
            -0.12081249058246613,
            -0.8222674131393433,
            0.035787664353847504
        ],
        [
            -0.12434779107570648,
            -0.828141450881958,
            0.03252629190683365
        ],
        [
            -0.1215294748544693,
            -0.8346433639526367,
            0.03725149482488632
        ],
        [
            -0.11793191730976105,
            -0.8392548561096191,
            0.05132763460278511
        ],
        [
            -0.11739493906497955,
            -0.8448265790939331,
            0.04820689558982849
        ],
        [
            -0.11828289180994034,
            -0.8488186597824097,
            0.05509008467197418
        ],
        [
            -0.11993560940027237,
            -0.8423063158988953,
            0.05841869115829468
        ],
        [
            -0.1141514778137207,
            -0.8251078128814697,
            0.04388261213898659
        ],
        [
            -0.11576013267040253,
            -0.8179315328598022,
            0.038903191685676575
        ],
        [
            -0.11776505410671234,
            -0.835343599319458,
            0.04448039457201958
        ],
        [
            -0.11649227142333984,
            -0.8308836221694946,
            0.047784432768821716
        ],
        [
            -0.12055464833974838,
            -0.8243788480758667,
            0.057257432490587234
        ],
        [
            -0.121498242020607,
            -0.8288376331329346,
            0.05507475510239601
        ],
        [
            -0.12398984283208847,
            -0.8296769857406616,
            0.06247565150260925
        ],
        [
            -0.12162767350673676,
            -0.8245463371276855,
            0.06293440610170364
        ],
        [
            -0.11589664220809937,
            -0.8241735100746155,
            0.04870328679680824
        ],
        [
            -0.11885276436805725,
            -0.826590895652771,
            0.050329968333244324
        ],
        [
            -0.11794059723615646,
            -0.8231730461120605,
            0.053781699389219284
        ],
        [
            -0.11418747901916504,
            -0.8216825127601624,
            0.05241900682449341
        ],
        [
            -0.11861544847488403,
            -0.8349060416221619,
            0.053783200681209564
        ],
        [
            -0.12178221344947815,
            -0.8364601135253906,
            0.06075938791036606
        ],
        [
            -0.12417298555374146,
            -0.8378214836120605,
            0.06857630610466003
        ],
        [
            -0.12534615397453308,
            -0.8290623426437378,
            0.0704130232334137
        ],
        [
            -0.12121830880641937,
            -0.8081992864608765,
            0.023818477988243103
        ],
        [
            -0.12219207733869553,
            -0.8151003122329712,
            0.030266612768173218
        ],
        [
            -0.11744797974824905,
            -0.8113383054733276,
            0.033869918435811996
        ],
        [
            -0.11763913184404373,
            -0.8056171536445618,
            0.028598520904779434
        ],
        [
            -0.11188364028930664,
            -0.8189352750778198,
            0.04916897043585777
        ],
        [
            -0.11147797852754593,
            -0.8030440807342529,
            0.04704488813877106
        ],
        [
            -0.11247588694095612,
            -0.806612491607666,
            0.04691997170448303
        ],
        [
            -0.1111791580915451,
            -0.8078834414482117,
            0.05395115166902542
        ],
        [
            -0.11057334393262863,
            -0.804481029510498,
            0.053456857800483704
        ],
        [
            -0.11547931283712387,
            -0.7947454452514648,
            0.014381134882569313
        ],
        [
            -0.11427869647741318,
            -0.7941535711288452,
            0.021413302049040794
        ],
        [
            -0.11135037243366241,
            -0.7877185344696045,
            0.01942005753517151
        ],
        [
            -0.11085881292819977,
            -0.7873884439468384,
            0.01201295293867588
        ],
        [
            -0.10760275274515152,
            -0.7828320264816284,
            0.020447246730327606
        ],
        [
            -0.10583359003067017,
            -0.7805839776992798,
            0.010742112062871456
        ],
        [
            -0.09658481180667877,
            -0.7682906985282898,
            0.01733902096748352
        ],
        [
            -0.10099631547927856,
            -0.7735989093780518,
            0.013854111544787884
        ],
        [
            -0.10399084538221359,
            -0.7779802083969116,
            0.023565854877233505
        ],
        [
            -0.10145896673202515,
            -0.7733777761459351,
            0.029595062136650085
        ],
        [
            -0.10033033043146133,
            -0.7783913612365723,
            0.043942879885435104
        ],
        [
            -0.09797222912311554,
            -0.7776811718940735,
            0.04979673773050308
        ],
        [
            -0.09707268327474594,
            -0.7656515836715698,
            0.04534066468477249
        ],
        [
            -0.09930236637592316,
            -0.768624484539032,
            0.038021981716156006
        ],
        [
            -0.10769515484571457,
            -0.7982468605041504,
            0.04387176036834717
        ],
        [
            -0.10834745317697525,
            -0.7981672286987305,
            0.03909943252801895
        ],
        [
            -0.1104576587677002,
            -0.7992020845413208,
            0.04051005840301514
        ],
        [
            -0.11022064089775085,
            -0.8004275560379028,
            0.04569515585899353
        ],
        [
            -0.10922631621360779,
            -0.7977787256240845,
            0.0353136882185936
        ],
        [
            -0.10972271114587784,
            -0.7973827123641968,
            0.03363250941038132
        ],
        [
            -0.11075814068317413,
            -0.7984397411346436,
            0.03459075838327408
        ],
        [
            -0.10990045964717865,
            -0.7983680963516235,
            0.035755760967731476
        ],
        [
            -0.10896094888448715,
            -0.7982274293899536,
            0.037605881690979004
        ],
        [
            -0.10821360349655151,
            -0.7964478135108948,
            0.038609668612480164
        ],
        [
            -0.10885662585496902,
            -0.7970637083053589,
            0.03629698604345322
        ],
        [
            -0.10768227279186249,
            -0.795773446559906,
            0.043109748512506485
        ],
        [
            -0.10345979779958725,
            -0.7940284013748169,
            0.05774916708469391
        ],
        [
            -0.1057979092001915,
            -0.7943989634513855,
            0.053737822920084
        ],
        [
            -0.10516998171806335,
            -0.7988986372947693,
            0.0540790855884552
        ],
        [
            -0.10313596576452255,
            -0.798883318901062,
            0.057654399424791336
        ],
        [
            -0.11089050769805908,
            -0.7999705672264099,
            0.03738173097372055
        ],
        [
            -0.11296787112951279,
            -0.8013993501663208,
            0.03480079770088196
        ],
        [
            -0.1134881004691124,
            -0.8040052652359009,
            0.039838969707489014
        ],
        [
            -0.11178576201200485,
            -0.8016256093978882,
            0.04030405730009079
        ],
        [
            -0.11512339115142822,
            -0.8027705550193787,
            0.03273508697748184
        ],
        [
            -0.11204370856285095,
            -0.7993713021278381,
            0.0325283408164978
        ],
        [
            -0.11330614984035492,
            -0.799509584903717,
            0.03026578575372696
        ],
        [
            -0.10898531228303909,
            -0.795808732509613,
            0.03406202048063278
        ],
        [
            -0.10929390043020248,
            -0.7940528392791748,
            0.031166881322860718
        ],
        [
            -0.11097362637519836,
            -0.796317458152771,
            0.03139880672097206
        ],
        [
            -0.1076495349407196,
            -0.7911192774772644,
            0.03297261521220207
        ],
        [
            -0.10774984210729599,
            -0.7941638827323914,
            0.0366009920835495
        ],
        [
            -0.10705633461475372,
            -0.7924834489822388,
            0.04106932133436203
        ],
        [
            -0.10611855238676071,
            -0.791034996509552,
            0.04680021479725838
        ],
        [
            -0.10456830263137817,
            -0.7864512205123901,
            0.04306250065565109
        ],
        [
            -0.10624907910823822,
            -0.7884082198143005,
            0.03728257119655609
        ],
        [
            -0.1145729050040245,
            -0.8073586821556091,
            0.0381208211183548
        ],
        [
            -0.11227607727050781,
            -0.7953643202781677,
            0.02705378830432892
        ],
        [
            -0.11617572605609894,
            -0.8008710145950317,
            0.024487929418683052
        ],
        [
            -0.110373355448246,
            -0.7909226417541504,
            0.026468710973858833
        ],
        [
            -0.10776863247156143,
            -0.7870007753372192,
            0.02781902626156807
        ],
        [
            -0.10512619465589523,
            -0.7835100293159485,
            0.0316527895629406
        ],
        [
            -0.10297402739524841,
            -0.7806035876274109,
            0.03775220364332199
        ],
        [
            -0.0888342559337616,
            -0.7583661079406738,
            0.035857006907463074
        ],
        [
            -0.09287150204181671,
            -0.762580156326294,
            0.027352992445230484
        ],
        [
            -0.13690991699695587,
            -0.8736874461174011,
            0.035021282732486725
        ],
        [
            -0.14071616530418396,
            -0.8717919588088989,
            0.027156397700309753
        ],
        [
            -0.13592806458473206,
            -0.8649601936340332,
            0.023231785744428635
        ],
        [
            -0.1383526474237442,
            -0.86725914478302,
            0.021393530070781708
        ],
        [
            -0.13659104704856873,
            -0.8684884309768677,
            0.0280496496707201
        ],
        [
            -0.1350967288017273,
            -0.866114616394043,
            0.027727628126740456
        ],
        [
            -0.13304400444030762,
            -0.8577444553375244,
            0.002693027490749955
        ],
        [
            -0.1332392692565918,
            -0.8596799373626709,
            0.009414324536919594
        ],
        [
            -0.13143794238567352,
            -0.8562153577804565,
            0.008103534579277039
        ],
        [
            -0.13231030106544495,
            -0.8512029647827148,
            0.000901975785382092
        ],
        [
            -0.12975166738033295,
            -0.8489179611206055,
            0.01843714341521263
        ],
        [
            -0.1306118369102478,
            -0.8499852418899536,
            0.013055076822638512
        ],
        [
            -0.13148516416549683,
            -0.8566389679908752,
            0.017613399773836136
        ],
        [
            -0.13089317083358765,
            -0.8558822870254517,
            0.021559692919254303
        ],
        [
            -0.12961137294769287,
            -0.8556690216064453,
            0.025670019909739494
        ],
        [
            -0.12742099165916443,
            -0.8562071323394775,
            0.029569009318947792
        ],
        [
            -0.12603357434272766,
            -0.8509600162506104,
            0.029033048078417778
        ],
        [
            -0.128098726272583,
            -0.8495362997055054,
            0.024068711325526237
        ],
        [
            -0.13341167569160461,
            -0.8704139590263367,
            0.033463504165410995
        ],
        [
            -0.12803056836128235,
            -0.8708586692810059,
            0.0384519100189209
        ],
        [
            -0.12781864404678345,
            -0.8677548766136169,
            0.03705577552318573
        ],
        [
            -0.13258779048919678,
            -0.8673000335693359,
            0.03306061774492264
        ],
        [
            -0.11595609784126282,
            -0.8638493418693542,
            0.040738485753536224
        ],
        [
            -0.11807414889335632,
            -0.8659286499023438,
            0.04057922214269638
        ],
        [
            -0.11686529964208603,
            -0.8676961660385132,
            0.04393087327480316
        ],
        [
            -0.11462707817554474,
            -0.8635349273681641,
            0.04394593834877014
        ],
        [
            -0.11538643389940262,
            -0.8602166175842285,
            0.04243779182434082
        ],
        [
            -0.11670604348182678,
            -0.8619447946548462,
            0.04015554487705231
        ],
        [
            -0.1445303112268448,
            -0.9273079633712769,
            0.026845382526516914
        ],
        [
            -0.14276987314224243,
            -0.9106906056404114,
            0.03679563105106354
        ],
        [
            -0.14450109004974365,
            -0.9200197458267212,
            0.007551651448011398
        ],
        [
            -0.14109888672828674,
            -0.909969687461853,
            -0.0073314751498401165
        ],
        [
            -0.1371152251958847,
            -0.8965819478034973,
            -0.019511446356773376
        ],
        [
            -0.1163683831691742,
            -0.7987588047981262,
            0.004421615973114967
        ],
        [
            -0.11105333268642426,
            -0.7908538579940796,
            -0.0007155961357057095
        ],
        [
            -0.10928691923618317,
            -0.7981094121932983,
            -0.014628397300839424
        ],
        [
            -0.10226449370384216,
            -0.7893221378326416,
            -0.016302529722452164
        ],
        [
            -0.10445952415466309,
            -0.7819015979766846,
            -0.001953182276338339
        ],
        [
            -0.0895363837480545,
            -0.7661219835281372,
            0.005870175547897816
        ],
        [
            -0.09736068546772003,
            -0.7730478644371033,
            0.0003177872858941555
        ],
        [
            -0.09331934154033661,
            -0.7809796333312988,
            -0.016637444496154785
        ],
        [
            -0.09090686589479446,
            -0.7936258912086487,
            -0.032888591289520264
        ],
        [
            -0.09926486760377884,
            -0.7989592552185059,
            -0.02889004722237587
        ],
        [
            -0.08831880241632462,
            -0.8095792531967163,
            -0.04488784819841385
        ],
        [
            -0.0785171389579773,
            -0.7884339094161987,
            -0.03706151992082596
        ],
        [
            -0.08003871887922287,
            -0.810447633266449,
            -0.04852587729692459
        ],
        [
            -0.06550656259059906,
            -0.7567288875579834,
            -0.02126116119325161
        ],
        [
            -0.06331191956996918,
            -0.7468863725662231,
            -0.024077264592051506
        ],
        [
            -0.0632271021604538,
            -0.7536957263946533,
            -0.041541729122400284
        ],
        [
            -0.06582143902778625,
            -0.7637024521827698,
            -0.03903365880250931
        ],
        [
            -0.10767785459756851,
            -0.8057963252067566,
            -0.024598918855190277
        ],
        [
            -0.12900421023368835,
            -0.8660842180252075,
            -0.02264478988945484
        ],
        [
            -0.13350941240787506,
            -0.8645439743995667,
            -0.011771353892982006
        ],
        [
            -0.12404398620128632,
            -0.8537095785140991,
            -0.025907909497618675
        ],
        [
            -0.1302005648612976,
            -0.9265412092208862,
            -0.03853372856974602
        ],
        [
            -0.13748964667320251,
            -0.9203835725784302,
            -0.022532515227794647
        ],
        [
            -0.13403204083442688,
            -0.9050644636154175,
            -0.03169737756252289
        ],
        [
            -0.12740100920200348,
            -0.9129115343093872,
            -0.04569855332374573
        ],
        [
            -0.12499955296516418,
            -0.9633936882019043,
            -0.01261928677558899
        ],
        [
            -0.13822036981582642,
            -0.9480170607566833,
            0.006765186786651611
        ],
        [
            -0.13787180185317993,
            -0.93562912940979,
            -0.006951319053769112
        ],
        [
            -0.1287524402141571,
            -0.9474712610244751,
            -0.024092867970466614
        ],
        [
            -0.1199333518743515,
            -0.915793776512146,
            -0.05672773718833923
        ],
        [
            -0.10751865059137344,
            -0.9197641611099243,
            -0.07083440572023392
        ],
        [
            -0.1034451574087143,
            -0.9367748498916626,
            -0.0731441080570221
        ],
        [
            -0.11788369715213776,
            -0.934373140335083,
            -0.055193882435560226
        ],
        [
            -0.09432169795036316,
            -0.9594257473945618,
            -0.06879187375307083
        ],
        [
            -0.11256075650453568,
            -0.9566713571548462,
            -0.04820524901151657
        ],
        [
            -0.06858925521373749,
            -0.7991700768470764,
            -0.05346454679965973
        ],
        [
            -0.07155245542526245,
            -0.8171780109405518,
            -0.05712025612592697
        ],
        [
            -0.07081183046102524,
            -0.7753205299377441,
            -0.03518812730908394
        ],
        [
            -0.06571393460035324,
            -0.78420090675354,
            -0.051672108471393585
        ],
        [
            -0.08153978735208511,
            -0.9772539138793945,
            -0.059639155864715576
        ],
        [
            -0.10387915372848511,
            -0.9756145477294922,
            -0.036048173904418945
        ],
        [
            -0.06131638586521149,
            -0.9069646596908569,
            -0.09737108647823334
        ],
        [
            -0.0722854882478714,
            -0.9229103326797485,
            -0.09386465698480606
        ],
        [
            -0.08475106209516525,
            -0.9072095155715942,
            -0.0868687778711319
        ],
        [
