{
    "pred_cam": [
        1.5309760570526123,
        0.07652479410171509,
        0.3499669134616852
    ],
    "pred_smpl_params": {
        "global_orient": [
            [
                [
                    -0.9230815172195435,
                    0.056610919535160065,
                    -0.3804152011871338
                ],
                [
                    0.02439083158969879,
                    -0.9785001277923584,
                    -0.2047986388206482
                ],
                [
                    -0.383830189704895,
                    -0.19832447171211243,
                    0.9018545746803284
                ]
            ]
        ],
        "body_pose": [
            [
                [
                    0.9905603528022766,
                    0.03861581161618233,
                    -0.13152574002742767
                ],
                [
                    -0.017847923561930656,
                    0.9876652956008911,
                    0.15555931627750397
                ],
                [
                    0.13591045141220093,
                    -0.15174342691898346,
                    0.9790313243865967
                ]
            ],
            [
                [
                    0.9950485825538635,
                    -0.017646487802267075,
                    -0.09781002998352051
                ],
                [
                    0.03740472346544266,
                    0.9782482981681824,
                    0.20403708517551422
                ],
                [
                    0.0920819565653801,
                    -0.2066853940486908,
                    0.9740646481513977
                ]
            ],
            [
                [
                    0.997138261795044,
                    -0.011639849282801151,
                    0.07469864189624786
                ],
                [
                    0.021909987553954124,
                    0.9901646375656128,
                    -0.13818088173866272
                ],
                [
                    -0.07235554605722427,
                    0.13942208886146545,
                    0.9875860810279846
                ]
            ],
            [
                [
                    0.9828292727470398,
                    -0.12997692823410034,
                    -0.13096871972084045
                ],
                [
                    -0.09153801947832108,
                    0.27283352613449097,
                    -0.9576965570449829
                ],
                [
                    0.16021110117435455,
                    0.953240692615509,
                    0.25625094771385193
                ]
            ],
            [
                [
                    0.9386104941368103,
                    -0.2959060072898865,
                    0.1773412525653839
                ],
                [
                    0.20605263113975525,
                    0.06858338415622711,
                    -0.9761344790458679
                ],
                [
                    0.27668142318725586,
                    0.9527517557144165,
                    0.12534528970718384
                ]
            ],
            [
                [
                    0.9946262836456299,
                    0.05845068395137787,
                    0.08545286953449249
                ],
                [
                    -0.05415746942162514,
                    0.9971917271614075,
                    -0.05172562599182129
                ],
                [
                    -0.08823630213737488,
                    0.04681975021958351,
                    0.9949986338615417
                ]
            ],
            [
                [
                    0.9808279275894165,
                    -0.08534031361341476,
                    0.17519593238830566
                ],
                [
                    0.0502726174890995,
                    0.979389488697052,
                    0.19562438130378723
                ],
                [
                    -0.18827970325946808,
                    -0.18306629359722137,
                    0.9649028182029724
                ]
            ],
            [
                [
                    0.9695642590522766,
                    0.15886735916137695,
                    -0.1862964630126953
                ],
                [
                    -0.10117273032665253,
                    0.9528656005859375,
                    0.28602686524391174
                ],
                [
                    0.22295579314231873,
                    -0.25847330689430237,
                    0.9399374723434448
                ]
            ],
            [
                [
                    0.9967002868652344,
                    0.03335580602288246,
                    0.07399896532297134
                ],
                [
                    -0.029439585283398628,
                    0.9981393218040466,
                    -0.053396690636873245
                ],
                [
                    -0.07564236968755722,
                    0.05104200169444084,
                    0.9958277344703674
                ]
            ],
            [
                [
                    0.9993650317192078,
                    -0.03444394841790199,
                    0.009119088761508465
                ],
                [
                    0.032412778586149216,
                    0.9851192235946655,
                    0.16878844797611237
                ],
                [
                    -0.014797129668295383,
                    -0.16838569939136505,
                    0.9856101274490356
                ]
            ],
            [
                [
                    0.99934321641922,
                    -0.03539257496595383,
                    -0.007774146273732185
                ],
                [
                    0.03617682680487633,
                    0.9867618083953857,
                    0.15808983147144318
                ],
                [
                    0.0020760218612849712,
                    -0.15826725959777832,
                    0.9873940944671631
                ]
            ],
            [
                [
                    0.989625096321106,
                    0.03175833821296692,
                    0.14011989533901215
                ],
                [
                    -0.03285527601838112,
                    0.999444842338562,
                    0.005521628074347973
                ],
                [
                    -0.13986675441265106,
                    -0.010068017989397049,
                    0.9901190996170044
                ]
            ],
            [
                [
                    0.9032214283943176,
                    0.4265788495540619,
                    0.04713374003767967
                ],
                [
                    -0.4283176362514496,
                    0.9029026627540588,
                    0.03620452061295509
                ],
                [
                    -0.02711310051381588,
                    -0.0528889074921608,
                    0.9982323050498962
                ]
            ],
            [
                [
                    0.9198206067085266,
                    -0.3900744915008545,
                    0.0420956127345562
                ],
                [
                    0.3905412554740906,
                    0.9205800294876099,
                    -0.0031623500399291515
                ],
                [
                    -0.03751882538199425,
                    0.0193488672375679,
                    0.9991086721420288
                ]
            ],
            [
                [
                    0.9946053624153137,
                    0.07945661246776581,
                    0.06668444722890854
                ],
                [
                    -0.05724341422319412,
                    0.956533670425415,
                    -0.2859484851360321
                ],
                [
                    -0.08650641143321991,
                    0.28058862686157227,
                    0.9559218883514404
                ]
            ],
            [
                [
                    0.5743564963340759,
                    0.7783644199371338,
                    -0.2535022795200348
                ],
                [
                    -0.8083711862564087,
                    0.5881093144416809,
                    -0.02575850859284401
                ],
                [
                    0.129037544131279,
                    0.21971850097179413,
                    0.9669917821884155
                ]
            ],
            [
                [
                    0.512121319770813,
                    -0.8187791109085083,
                    0.2594849467277527
                ],
                [
                    0.843379020690918,
                    0.536559522151947,
                    0.028561480343341827
                ],
                [
                    -0.162614643573761,
                    0.20421722531318665,
                    0.9653246998786926
                ]
            ],
            [
                [
                    0.3961773216724396,
                    -0.3456007242202759,
                    -0.8506490588188171
                ],
                [
                    0.18567223846912384,
                    0.9374721050262451,
                    -0.29440099000930786
                ],
                [
                    0.8992048501968384,
                    -0.041306886821985245,
                    0.43557363748550415
                ]
            ],
            [
                [
                    0.1062198057770729,
                    0.43029168248176575,
                    0.8964188098907471
                ],
                [
                    -0.2286050170660019,
                    0.887937605381012,
                    -0.3991324305534363
                ],
                [
                    -0.9677071571350098,
                    -0.1625300645828247,
                    0.1926833987236023
                ]
            ],
            [
                [
                    0.9935054183006287,
                    -0.11204764246940613,
                    0.019805757328867912
                ],
                [
                    0.11350545287132263,
                    0.9881244897842407,
                    -0.1035686731338501
                ],
                [
                    -0.007965927012264729,
                    0.10514410585165024,
                    0.9944250583648682
                ]
            ],
            [
                [
                    0.9943498969078064,
                    0.10545099526643753,
                    -0.012185011990368366
                ],
                [
                    -0.10611747205257416,
                    0.9904060959815979,
                    -0.08851487934589386
                ],
                [
                    0.0027341253589838743,
                    0.08930779248476028,
                    0.9960004091262817
                ]
            ],
            [
                [
                    0.9665471315383911,
                    0.24446071684360504,
                    -0.07762512564659119
                ],
                [
                    -0.23290646076202393,
                    0.9632810950279236,
                    0.13358204066753387
                ],
                [
                    0.10743037611246109,
                    -0.11103394627571106,
                    0.987993061542511
                ]
            ],
            [
                [
                    0.9625431299209595,
                    -0.26166030764579773,
                    0.0710260346531868
                ],
                [
                    0.25294390320777893,
                    0.9609475135803223,
                    0.11224636435508728
                ],
                [
                    -0.09762270748615265,
                    -0.09007635712623596,
                    0.9911388158798218
                ]
            ]
        ],
        "betas": [
            -0.28148144483566284,
            -0.3347414433956146,
            0.16445478796958923,
            0.3858184218406677,
            0.19516737759113312,
            0.016750935465097427,
            -0.014023512601852417,
            -0.11510735750198364,
            0.047195106744766235,
            -0.10065186023712158
        ]
    },
    "pred_cam_t": [
        0.07652479410171509,
        0.3499669134616852,
        25.514768600463867
    ],
    "focal_length": [
        5000.0,
        5000.0
    ],
    "pred_keypoints_3d": [
        [
            -0.13559803366661072,
            -0.8112598061561584,
            0.056528981775045395
        ],
        [
            -0.0003444254398345947,
            -0.7276679873466492,
            -0.04836549609899521
        ],
        [
            0.1559048891067505,
            -0.6450576186180115,
            0.05999639630317688
        ],
        [
            0.19630195200443268,
            -0.40259361267089844,
            0.09676380455493927
        ],
        [
            0.0512714684009552,
            -0.40498390793800354,
            0.29869112372398376
        ],
        [
            -0.12820583581924438,
            -0.6057446002960205,
            -0.15079456567764282
        ],
        [
            -0.13790926337242126,
            -0.3516441285610199,
            -0.15913431346416473
        ],
        [
            -0.2900828719139099,
            -0.2840772271156311,
            0.01767440140247345
        ],
        [
            -0.001775341690517962,
            -0.22571779787540436,
            0.0292879119515419
        ],
        [
            0.05767540633678436,
            -0.13829967379570007,
            0.06998839229345322
        ],
        [
            0.03854387253522873,
            0.2058466374874115,
            0.211370050907135
        ],
        [
            0.025262370705604553,
            0.33310651779174805,
            -0.15436342358589172
        ],
        [
            -0.06928223371505737,
            -0.13351354002952576,
            0.014628227800130844
        ],
        [
            -0.1271461844444275,
            0.20807448029518127,
            0.1279401183128357
        ],
        [
            -0.08126340806484222,
            0.40157943964004517,
            -0.20408150553703308
        ],
        [
            -0.10249858349561691,
            -0.8616040945053101,
            0.059577398002147675
        ],
        [
            -0.14590483903884888,
            -0.8506048917770386,
            0.010617293417453766
        ],
        [
            -0.003422684967517853,
            -0.8731807470321655,
            0.02532859891653061
        ],
        [
            -0.10125966370105743,
            -0.8503631353378296,
            -0.08044783025979996
        ],
        [
            -0.11454307287931442,
            0.5640628337860107,
            -0.10120820999145508
        ],
        [
            -0.17041128873825073,
            0.5291197299957275,
            -0.15158343315124512
        ],
        [
            -0.07841696590185165,
            0.38128599524497986,
            -0.26845234632492065
        ],
        [
            -0.015018489211797714,
            0.49756133556365967,
            -0.060955166816711426
        ],
        [
            0.06450127065181732,
            0.48053261637687683,
            -0.0876505970954895
        ],
        [
            0.03892055153846741,
            0.31949907541275024,
            -0.22277146577835083
        ],
        [
            0.05731620267033577,
            0.29447031021118164,
            -0.12247462570667267
        ],
        [
            0.04222392290830612,
            0.15591655671596527,
            0.20800410211086273
        ],
        [
            0.1424141526222229,
            -0.2567598819732666,
            0.06967347115278244
        ],
        [
            -0.1313379406929016,
            -0.23271653056144714,
            -0.0528373084962368
        ],
        [
            -0.13676950335502625,
            0.1735653281211853,
            0.12238085269927979
        ],
        [
            -0.09158958494663239,
            0.3594762086868286,
            -0.1932559609413147
        ],
        [
            0.04893980547785759,
            -0.4310949444770813,
            0.27234479784965515
        ],
        [
            0.20820055902004242,
            -0.4351881742477417,
            0.1262262761592865
        ],
        [
            0.12467990815639496,
            -0.6744546294212341,
            0.038482677191495895
        ],
        [
            -0.10603707283735275,
            -0.6410215497016907,
            -0.1413312703371048
        ],
        [
            -0.1807476431131363,
            -0.38563770055770874,
            -0.1640269011259079
        ],
        [
            -0.28778132796287537,
            -0.30439329147338867,
            0.008095279335975647
        ],
        [
            -0.0028769541531801224,
            -0.7160987854003906,
            -0.048636652529239655
        ],
        [
            -0.08020293712615967,
            -0.9096097946166992,
            -0.020104538649320602
        ],
        [
            0.004880819469690323,
            -0.24471749365329742,
            0.007751872297376394
        ],
        [
            0.008803367614746094,
            -0.6563022136688232,
            -0.04825463145971298
        ],
        [
            0.0217299722135067,
            -0.4857911765575409,
            -0.03561936691403389
        ],
        [
            -0.07933435589075089,
            -0.797505795955658,
            0.0005614098627120256
        ],
        [
            -0.07593751698732376,
            -0.929796576499939,
            -0.022535469383001328
        ]
    ],
    "pred_vertices": [
        [
            -0.16529898345470428,
            -0.8933293223381042,
            0.003336535766720772
        ],
        [
            -0.16175800561904907,
            -0.879522979259491,
            0.011786406859755516
        ],
        [
            -0.1616085320711136,
            -0.8757349252700806,
            -0.001941966824233532
        ],
        [
            -0.1619684398174286,
            -0.8867874145507812,
            -0.012727090157568455
        ],
        [
            -0.1607844978570938,
            -0.8666843771934509,
            0.004723318852484226
        ],
        [
            -0.1594352126121521,
            -0.8682650327682495,
            0.016568776220083237
        ],
        [
            -0.15722808241844177,
            -0.8705265522003174,
            -0.013942411169409752
        ],
        [
            -0.15557661652565002,
            -0.8784902095794678,
            -0.025420621037483215
        ],
        [
            -0.14512938261032104,
            -0.8368224501609802,
            -0.02696043625473976
        ],
        [
            -0.1396087408065796,
            -0.8330732583999634,
            -0.03621690720319748
        ],
        [
            -0.14321628212928772,
            -0.8446872234344482,
            -0.03441951796412468
        ],
        [
            -0.14627832174301147,
            -0.845453679561615,
            -0.024648573249578476
        ],
        [
            -0.13511738181114197,
            -0.8129944801330566,
            -0.027949249371886253
        ],
        [
            -0.1348053216934204,
            -0.8037903904914856,
            -0.01759730651974678
        ],
        [
            -0.12700527906417847,
            -0.7964781522750854,
            -0.02553005889058113
        ],
        [
            -0.1257411241531372,
            -0.8054108619689941,
            -0.03546813502907753
        ],
        [
            -0.13407915830612183,
            -0.8190028667449951,
            0.021412504836916924
        ],
        [
            -0.13517847657203674,
            -0.8119417428970337,
            0.01679822988808155
        ],
        [
            -0.13886700570583344,
            -0.8176659345626831,
            0.013439150527119637
        ],
        [
            -0.13681954145431519,
            -0.82419753074646,
            0.01847415417432785
        ],
        [
            -0.13453450798988342,
            -0.8286334276199341,
            0.03288453072309494
        ],
        [
            -0.134134441614151,
            -0.8343173265457153,
            0.02994329296052456
        ],
        [
            -0.1357889473438263,
            -0.8380510807037354,
            0.03683532029390335
        ],
        [
            -0.1372283697128296,
            -0.8313528895378113,
            0.03988594189286232
        ],
        [
            -0.12935031950473785,
            -0.814944326877594,
            0.025380169972777367
        ],
        [
            -0.1301126778125763,
            -0.807834267616272,
            0.020186709240078926
        ],
        [
            -0.1336355209350586,
            -0.8249204158782959,
            0.02594022825360298
        ],
        [
            -0.13229990005493164,
            -0.8204635381698608,
            0.029254350811243057
        ],
        [
            -0.13661858439445496,
            -0.813467264175415,
            0.038259223103523254
        ],
        [
            -0.1377117931842804,
            -0.81791090965271,
            0.03611928969621658
        ],
        [
            -0.14076246321201324,
            -0.8183730840682983,
            0.04333961382508278
        ],
        [
            -0.13810068368911743,
            -0.8133958578109741,
            0.0438506156206131
        ],
        [
            -0.13135167956352234,
            -0.813774824142456,
            0.03006410226225853
        ],
        [
            -0.13457493484020233,
            -0.8159659504890442,
            0.031526945531368256
        ],
        [
            -0.1336813122034073,
            -0.8125138878822327,
            0.034961096942424774
        ],
        [
            -0.12973985075950623,
            -0.811296820640564,
            0.03384210169315338
        ],
        [
            -0.13512152433395386,
            -0.8241762518882751,
            0.03517743945121765
        ],
        [
            -0.13887512683868408,
            -0.8253313302993774,
            0.041945263743400574
        ],
        [
            -0.14188450574874878,
            -0.8263178467750549,
            0.04959540069103241
        ],
        [
            -0.14258340001106262,
            -0.8174479007720947,
            0.05114850774407387
        ],
        [
            -0.1338714063167572,
            -0.7981951832771301,
            0.0046240841038525105
        ],
        [
            -0.1357193887233734,
            -0.804844081401825,
            0.01108993124216795
        ],
        [
            -0.13101528584957123,
            -0.8012900352478027,
            0.014943523332476616
        ],
        [
            -0.13048213720321655,
            -0.7957032918930054,
            0.009581322781741619
        ],
        [
            -0.1270260363817215,
            -0.8087900280952454,
            0.030733026564121246
        ],
        [
            -0.12546011805534363,
            -0.7930243015289307,
            0.02835879661142826
        ],
        [
            -0.126662939786911,
            -0.796531081199646,
            0.028222475200891495
        ],
        [
            -0.12594732642173767,
            -0.7976839542388916,
            0.03533143550157547
        ],
        [
            -0.12509697675704956,
            -0.7943388223648071,
            0.03481930494308472
        ],
        [
            -0.12667883932590485,
            -0.785370945930481,
            -0.0046373880468308926
        ],
        [
            -0.12593699991703033,
            -0.7846567034721375,
            0.002432539127767086
        ],
        [
            -0.12246721982955933,
            -0.7784780859947205,
            0.000522055197507143
        ],
        [
            -0.12144926935434341,
            -0.7783947587013245,
            -0.0068200393579900265
        ],
        [
            -0.11849787086248398,
            -0.7738553285598755,
            0.001709784846752882
        ],
        [
            -0.11590907722711563,
            -0.7720072269439697,
            -0.007858037017285824
        ],
        [
            -0.10638206452131271,
            -0.7601750493049622,
            -0.0008242929470725358
        ],
        [
            -0.1108761802315712,
            -0.765282154083252,
            -0.00452488474547863
        ],
        [
            -0.11481253802776337,
            -0.7691704034805298,
            0.004996323958039284
        ],
        [
            -0.11241955310106277,
            -0.764572262763977,
            0.01108767744153738
        ],
        [
            -0.11255563050508499,
            -0.7692157030105591,
            0.025548378005623817
        ],
        [
            -0.11055680364370346,
            -0.7685283422470093,
            0.03148826211690903
        ],
        [
            -0.10857919603586197,
            -0.7567435503005981,
            0.02689674310386181
        ],
        [
            -0.11055375635623932,
            -0.7597483992576599,
            0.019510146230459213
        ],
        [
            -0.1212182343006134,
            -0.7885383367538452,
            0.025349386036396027
        ],
        [
            -0.1215304508805275,
            -0.7885443568229675,
            0.02056160941720009
        ],
        [
            -0.12379075586795807,
            -0.7894086837768555,
            0.021830610930919647
        ],
        [
            -0.12398473173379898,
            -0.7905099391937256,
            0.02702634409070015
        ],
        [
            -0.12211298942565918,
            -0.7882000207901001,
            0.01672661118209362
        ],
        [
            -0.1224592924118042,
            -0.7878214120864868,
            0.015002911910414696
        ],
        [
            -0.12362783402204514,
            -0.7887866497039795,
            0.015904633328318596
        ],
        [
            -0.12285753339529037,
            -0.7887262105941772,
            0.01712532714009285
        ],
        [
            -0.12204655259847641,
            -0.7885915637016296,
            0.019035574048757553
        ],
        [
            -0.12126138806343079,
            -0.786834716796875,
            0.020053256303071976
        ],
        [
            -0.12177151441574097,
            -0.787480354309082,
            0.017721084877848625
        ],
        [
            -0.12100312858819962,
            -0.7860686779022217,
            0.02455022931098938
        ],
        [
            -0.11763247102499008,
            -0.7842326164245605,
            0.03937949985265732
        ],
        [
            -0.1197611466050148,
            -0.7845437526702881,
            0.035212498158216476
        ],
        [
            -0.1194492056965828,
            -0.789067268371582,
            0.03568284586071968
        ],
        [
            -0.11760851740837097,
            -0.789104700088501,
            0.039398085325956345
        ],
        [
            -0.12401481717824936,
            -0.790240466594696,
            0.018731623888015747
        ],
        [
            -0.12603339552879333,
            -0.7916053533554077,
            0.01600370556116104
        ],
        [
            -0.12706723809242249,
            -0.7940385341644287,
            0.02102622576057911
        ],
        [
            -0.12526002526283264,
            -0.7917509078979492,
            0.021570680662989616
        ],
        [
            -0.1281198263168335,
            -0.7928933501243591,
            0.013812171295285225
        ],
        [
            -0.12481389939785004,
            -0.7896960973739624,
            0.01376862172037363
        ],
        [
            -0.12588782608509064,
            -0.7898397445678711,
            0.011457259766757488
        ],
        [
            -0.12165720015764236,
            -0.7862844467163086,
            0.0154592115432024
        ],
        [
            -0.12163204699754715,
            -0.7846085429191589,
            0.012506728060543537
        ],
        [
            -0.12347064167261124,
            -0.7867527008056641,
            0.012662756256759167
        ],
        [
            -0.11995166540145874,
            -0.7817186713218689,
            0.01438001450151205
        ],
        [
            -0.12050625681877136,
            -0.7846472263336182,
            0.018049992620944977
        ],
        [
            -0.12003373354673386,
            -0.7828813791275024,
            0.022508347406983376
        ],
        [
            -0.11939670890569687,
            -0.781345009803772,
            0.02824128232896328
        ],
        [
            -0.1172790676355362,
            -0.7769795060157776,
            0.02454589307308197
        ],
        [
            -0.11869386583566666,
            -0.7789777517318726,
            0.018718881532549858
        ],
        [
            -0.12819954752922058,
            -0.7973822951316833,
            0.019339511170983315
        ],
        [
            -0.12439467757940292,
            -0.7858458757400513,
            0.008220759220421314
        ],
        [
            -0.12845879793167114,
            -0.7911602258682251,
            0.005500400438904762
        ],
        [
            -0.12217279523611069,
            -0.7815513610839844,
            0.007685565389692783
        ],
        [
            -0.11942233890295029,
            -0.7777694463729858,
            0.009140326641499996
        ],
        [
            -0.11686735600233078,
            -0.774367094039917,
            0.013067111372947693
        ],
        [
            -0.11492998152971268,
            -0.7714129686355591,
            0.019257783889770508
        ],
        [
            -0.09927792847156525,
            -0.7502894401550293,
            0.01795653998851776
        ],
        [
            -0.10304814577102661,
            -0.7544680833816528,
            0.009290158748626709
        ],
        [
            -0.1544828712940216,
            -0.8622982501983643,
            0.016153492033481598
        ],
        [
            -0.157578706741333,
            -0.8603830337524414,
            0.007994028739631176
        ],
        [
            -0.15206468105316162,
            -0.8539863228797913,
            0.004267657175660133
        ],
        [
            -0.15456528961658478,
            -0.8561575412750244,
            0.0022745737805962563
        ],
        [
            -0.1533050835132599,
            -0.8573288917541504,
            0.00910844188183546
        ],
        [
            -0.15162885189056396,
            -0.8550538420677185,
            0.008828735910356045
        ],
        [
            -0.1473170965909958,
            -0.8475379943847656,
            -0.016140922904014587
        ],
        [
            -0.14807364344596863,
            -0.849271297454834,
            -0.009409798309206963
        ],
        [
            -0.14597085118293762,
            -0.8459531664848328,
            -0.01066333707422018
        ],
        [
            -0.1460670679807663,
            -0.8410823941230774,
            -0.01802038587629795
        ],
        [
            -0.14453676342964172,
            -0.8384699821472168,
            -0.00044190604239702225
        ],
        [
            -0.14510951936244965,
            -0.8396304845809937,
            -0.005826763343065977
        ],
        [
            -0.1467151790857315,
            -0.8460830450057983,
            -0.0012139389291405678
        ],
        [
            -0.14634235203266144,
            -0.8452556133270264,
            0.00273283664137125
        ],
        [
            -0.14531368017196655,
            -0.84501051902771,
            0.006895164027810097
        ],
        [
            -0.14344780147075653,
            -0.8455822467803955,
            0.01093604788184166
        ],
        [
            -0.14167876541614532,
            -0.8404490947723389,
            0.010381631553173065
        ],
        [
            -0.14329974353313446,
            -0.839040994644165,
            0.005273099988698959
        ],
        [
            -0.15069186687469482,
            -0.8592784404754639,
            0.014770615845918655
        ],
        [
            -0.1456843614578247,
            -0.859912633895874,
            0.020126186311244965
        ],
        [
            -0.14516408741474152,
            -0.8568669557571411,
            0.018670018762350082
        ],
        [
            -0.14960330724716187,
            -0.8562314510345459,
            0.014339165762066841
        ],
        [
            -0.13334786891937256,
            -0.8536000847816467,
            0.02308097667992115
        ],
        [
            -0.13557934761047363,
            -0.8555492758750916,
            0.02283162623643875
        ],
        [
            -0.13472072780132294,
            -0.8573090434074402,
            0.026295408606529236
        ],
        [
            -0.13224244117736816,
            -0.8532872200012207,
            0.026359640061855316
        ],
        [
            -0.1326422095298767,
            -0.8499643802642822,
            0.02471030130982399
        ],
        [
            -0.13390180468559265,
            -0.8516647815704346,
            0.0223909392952919
        ],
        [
            -0.16503454744815826,
            -0.9154157638549805,
            0.008721701800823212
        ],
        [
            -0.1627645194530487,
            -0.8988726139068604,
            0.018417058512568474
        ],
        [
            -0.16309617459774017,
            -0.908780574798584,
            -0.010608832351863384
        ],
        [
            -0.15798687934875488,
            -0.8993737697601318,
            -0.025507012382149696
        ],
        [
            -0.15234489738941193,
            -0.8866428732872009,
            -0.037681639194488525
        ],
        [
            -0.12711045145988464,
            -0.7896131277084351,
            -0.014537448063492775
        ],
        [
            -0.12097737938165665,
            -0.782203197479248,
            -0.01944361999630928
        ],
        [
            -0.11868953704833984,
            -0.7899289131164551,
            -0.03304238244891167
        ],
        [
            -0.1110757365822792,
            -0.7816384434700012,
            -0.034359127283096313
        ],
        [
            -0.11374868452548981,
            -0.7737468481063843,
            -0.020363930612802505
        ],
        [
            -0.09856812655925751,
            -0.7587294578552246,
            -0.011697201058268547
        ],
        [
            -0.10633818805217743,
            -0.7652987241744995,
            -0.017724666744470596
        ],
        [
            -0.10174553096294403,
            -0.7738149166107178,
            -0.03416956961154938
        ],
        [
            -0.09907147288322449,
            -0.7869188189506531,
            -0.050030238926410675
        ],
        [
            -0.10787059366703033,
            -0.7917379140853882,
            -0.046525128185749054
        ],
        [
            -0.09665064513683319,
            -0.8033298254013062,
            -0.061497971415519714
        ],
        [
            -0.08632466942071915,
            -0.7824623584747314,
            -0.053233809769153595
        ],
        [
            -0.08824247866868973,
            -0.804779052734375,
            -0.06439024955034256
        ],
        [
            -0.0728178396821022,
            -0.7515461444854736,
            -0.03623837232589722
        ],
        [
            -0.0700555294752121,
            -0.7419341802597046,
            -0.038612596690654755
        ],
        [
            -0.06926868110895157,
            -0.7486907243728638,
            -0.05608547851443291
        ],
        [
            -0.0723506361246109,
            -0.7585928440093994,
            -0.053953610360622406
        ],
        [
            -0.1169513538479805,
            -0.7979249954223633,
            -0.04272889718413353
        ],
        [
            -0.14212755858898163,
            -0.8568087816238403,
            -0.0408538356423378
        ],
        [
            -0.14718768000602722,
            -0.854755163192749,
            -0.03045681118965149
        ],
        [
            -0.13616567850112915,
            -0.84486985206604,
            -0.044038478285074234
        ],
        [
            -0.14592859148979187,
            -0.9173966646194458,
            -0.055436789989471436
        ],
        [
            -0.15386603772640228,
            -0.9104148149490356,
            -0.040180753916502
        ],
        [
            -0.14885295927524567,
            -0.8956307172775269,
            -0.049323830753564835
        ],
        [
            -0.1417393833398819,
            -0.9042325615882874,
            -0.06261814385652542
        ],
        [
            -0.14510129392147064,
            -0.9538099765777588,
            -0.028345098719000816
        ],
        [
            -0.15868784487247467,
            -0.9370812177658081,
            -0.010332589969038963
        ],
        [
            -0.15644237399101257,
            -0.925203263759613,
            -0.0243002250790596
        ],
        [
            -0.14692527055740356,
            -0.9380788803100586,
            -0.04042970389127731
        ],
        [
            -0.13381128013134003,
            -0.9078212976455688,
            -0.07310537248849869
        ],
        [
            -0.12072590738534927,
            -0.9129539728164673,
            -0.08617894351482391
        ],
        [
            -0.11760900914669037,
            -0.9301954507827759,
            -0.08784055709838867
        ],
        [
            -0.13305221498012543,
            -0.9264313578605652,
            -0.07098356634378433
        ],
        [
            -0.11027646064758301,
            -0.9533780813217163,
            -0.08232220262289047
        ],
        [
            -0.1297372430562973,
            -0.9488374590873718,
            -0.06313338875770569
        ],
        [
            -0.07594800740480423,
            -0.794171154499054,
            -0.06856071949005127
        ],
        [
            -0.07957280427217484,
            -0.8121697902679443,
            -0.07215963304042816
        ],
        [
            -0.07807901501655579,
            -0.7698376178741455,
            -0.05064116418361664
        ],
        [
            -0.0724591612815857,
            -0.7792068719863892,
            -0.06658564507961273
        ],
        [
            -0.09934885799884796,
            -0.9716489315032959,
            -0.07187017798423767
        ],
        [
            -0.12314098328351974,
            -0.9679762125015259,
            -0.04993434250354767
        ],
        [
            -0.07209494709968567,
            -0.9037681818008423,
            -0.10970430821180344
        ],
        [
            -0.08418574929237366,
            -0.9188794493675232,
            -0.10651802271604538
        ],
        [
            -0.09612005949020386,
            -0.9022648334503174,
            -0.10086327791213989
