{
    "pred_cam": [
        1.109549641609192,
        0.028959499672055244,
        0.1545526385307312
    ],
    "pred_smpl_params": {
        "global_orient": [
            [
                [
                    0.9990354776382446,
                    0.023521460592746735,
                    -0.037077900022268295
                ],
                [
                    0.02533024363219738,
                    -0.9984729886054993,
                    0.049093056470155716
                ],
                [
                    -0.03586653992533684,
                    -0.049984902143478394,
                    -0.9981057643890381
                ]
            ]
        ],
        "body_pose": [
            [
                [
                    0.9972953796386719,
                    -0.06507095694541931,
                    0.03417085483670235
                ],
                [
                    0.05631193518638611,
                    0.975274384021759,
                    0.2137027382850647
                ],
                [
                    -0.047231800854206085,
                    -0.2112005352973938,
                    0.9763008952140808
                ]
            ],
            [
                [
                    0.9974714517593384,
                    0.025590894743800163,
                    0.06630077213048935
                ],
                [
                    -0.0423167385160923,
                    0.9633758664131165,
                    0.26479458808898926
                ],
                [
                    -0.05709623545408249,
                    -0.2669306695461273,
                    0.9620228409767151
                ]
            ],
            [
                [
                    0.9990285634994507,
                    -0.010619097389280796,
                    -0.04276882857084274
                ],
                [
                    0.000670805515255779,
                    0.9740837812423706,
                    -0.22618669271469116
                ],
                [
                    0.04406231641769409,
                    0.22593827545642853,
                    0.9731446504592896
                ]
            ],
            [
                [
                    0.994934618473053,
                    0.017140716314315796,
                    -0.09905216097831726
                ],
                [
                    -0.07095624506473541,
                    0.8177253603935242,
                    -0.5712184309959412
                ],
                [
                    0.07120636105537415,
                    0.5753533244132996,
                    0.8147994875907898
                ]
            ],
            [
                [
                    0.9884179830551147,
                    -0.021970557048916817,
                    0.1501569300889969
                ],
                [
                    0.12102150171995163,
                    0.7111126184463501,
                    -0.6925840377807617
                ],
                [
                    -0.09156202524900436,
                    0.7027347683906555,
                    0.7055354118347168
                ]
            ],
            [
                [
                    0.9990590214729309,
                    -0.04019326716661453,
                    -0.016291651874780655
                ],
                [
                    0.04097912833094597,
                    0.997848391532898,
                    0.051178429275751114
                ],
                [
                    0.014199571684002876,
                    -0.05179789662361145,
                    0.9985564947128296
                ]
            ],
            [
                [
                    0.9821313619613647,
                    0.07560659945011139,
                    0.1723414808511734
                ],
                [
                    -0.08819805830717087,
                    0.9938737154006958,
                    0.06660417467355728
                ],
                [
                    -0.16624996066093445,
                    -0.08061423152685165,
                    0.9827829003334045
                ]
            ],
            [
                [
                    0.9796701669692993,
                    -0.05535396933555603,
                    -0.19282741844654083
                ],
                [
                    0.06170138344168663,
                    0.997727632522583,
                    0.027064744383096695
                ],
                [
                    0.1908911019563675,
                    -0.03841223940253258,
                    0.9808593988418579
                ]
            ],
            [
                [
                    0.9992392659187317,
                    -0.024739550426602364,
                    -0.030146600678563118
                ],
                [
                    0.022291922941803932,
                    0.9966265559196472,
                    -0.07898490875959396
                ],
                [
                    0.031998954713344574,
                    0.07825279980897903,
                    0.9964199066162109
                ]
            ],
            [
                [
                    0.9806255102157593,
                    -0.19232501089572906,
                    -0.03721299022436142
                ],
                [
                    0.19577538967132568,
                    0.9687520265579224,
                    0.15228740870952606
                ],
                [
                    0.006761481519788504,
                    -0.1566222906112671,
                    0.9876354336738586
                ]
            ],
            [
                [
                    0.9863405823707581,
                    0.1621253341436386,
                    0.02911357581615448
                ],
                [
                    -0.16471736133098602,
                    0.9701137542724609,
                    0.17817839980125427
                ],
                [
                    0.0006437517004087567,
                    -0.18054009974002838,
                    0.9835674166679382
                ]
            ],
            [
                [
                    0.9792445302009583,
                    -0.04294342175126076,
                    -0.1980808973312378
                ],
                [
                    0.05719757825136185,
                    0.9961250424385071,
                    0.0668080747127533
                ],
                [
                    0.19444437325000763,
                    -0.07675118744373322,
                    0.9779062867164612
                ]
            ],
            [
                [
                    0.9068636298179626,
                    0.41704872250556946,
                    0.06056986749172211
                ],
                [
                    -0.4138891100883484,
                    0.9084590673446655,
                    -0.05829152464866638
                ],
                [
                    -0.07933565229177475,
                    0.02779325470328331,
                    0.9964604377746582
                ]
            ],
            [
                [
                    0.9473974704742432,
                    -0.3070588707923889,
                    -0.09029269963502884
                ],
                [
                    0.3097224235534668,
                    0.9506787657737732,
                    0.01678873784840107
                ],
                [
                    0.08068422228097916,
                    -0.043871283531188965,
                    0.9957736730575562
                ]
            ],
            [
                [
                    0.9884501695632935,
                    -0.03534770756959915,
                    -0.14736655354499817
                ],
                [
                    0.010549059137701988,
                    0.9861074686050415,
                    -0.16577322781085968
                ],
                [
                    0.1511789709329605,
                    0.16230398416519165,
                    0.9750909805297852
                ]
            ],
            [
                [
                    0.5075899958610535,
                    0.8422240018844604,
                    -0.18168967962265015
                ],
                [
                    -0.8592132329940796,
                    0.5104832649230957,
                    -0.034051429480314255
                ],
                [
                    0.06407060474157333,
                    0.1733943372964859,
                    0.9827661514282227
                ]
            ],
            [
                [
                    0.6840099096298218,
                    -0.7027954459190369,
                    0.19547107815742493
                ],
                [
                    0.7120479345321655,
                    0.7014721035957336,
                    0.030406225472688675
                ],
                [
                    -0.15848687291145325,
                    0.11838662624359131,
                    0.9802379012107849
                ]
            ],
            [
                [
                    0.8266180157661438,
                    -0.21876712143421173,
                    -0.5185012221336365
                ],
                [
                    0.19063538312911987,
                    0.9757282137870789,
                    -0.10776172578334808
                ],
                [
                    0.5294910073280334,
                    -0.009766903705894947,
                    0.8482592701911926
                ]
            ],
            [
                [
                    0.3031046688556671,
                    0.3681967854499817,
                    0.8789531588554382
                ],
                [
                    -0.39367201924324036,
                    0.8883413076400757,
                    -0.23637273907661438
                ],
                [
                    -0.8678420782089233,
                    -0.2743735909461975,
                    0.41420915722846985
                ]
            ],
            [
                [
                    0.9988943934440613,
                    -0.04277196153998375,
                    0.019506406038999557
                ],
                [
                    0.04169374704360962,
                    0.9977405071258545,
                    0.05268353223800659
                ],
                [
                    -0.021715708076953888,
                    -0.05181199312210083,
                    0.9984207153320312
                ]
            ],
            [
                [
                    0.9900997281074524,
                    0.1390514224767685,
                    -0.019162647426128387
                ],
                [
                    -0.13838112354278564,
                    0.9898380041122437,
                    0.032733384519815445
                ],
                [
                    0.02351953834295273,
                    -0.02975756675004959,
                    0.9992804527282715
                ]
            ],
            [
                [
                    0.9666517376899719,
                    0.2315468043088913,
                    -0.1094093844294548
                ],
                [
                    -0.21475210785865784,
                    0.9656532406806946,
                    0.14627119898796082
                ],
                [
                    0.13952016830444336,
                    -0.11789742112159729,
                    0.9831755757331848
                ]
            ],
            [
                [
                    0.9711353182792664,
                    -0.22649523615837097,
                    0.07480716705322266
                ],
                [
                    0.216620534658432,
                    0.9687369465827942,
                    0.12093042582273483
                ],
                [
                    -0.09985864162445068,
                    -0.1012350395321846,
                    0.989838182926178
                ]
            ]
        ],
        "betas": [
            -0.0384816974401474,
            -0.03306543827056885,
            0.07876098155975342,
            0.2003740668296814,
            0.004147231578826904,
            0.008592519909143448,
            0.006779879331588745,
            -0.04339641332626343,
            0.04391093552112579,
            -0.02627769112586975
        ]
    },
    "pred_cam_t": [
        0.028959499672055244,
        0.1545526385307312,
        35.205726623535156
    ],
    "focal_length": [
        5000.0,
        5000.0
    ],
    "pred_keypoints_3d": [
        [
            -0.08604957908391953,
            -0.7996973395347595,
            -0.2118154764175415
        ],
        [
            -0.008695272728800774,
            -0.7293252348899841,
            -0.047751400619745255
        ],
        [
            -0.17828670144081116,
            -0.639217734336853,
            0.018465831875801086
        ],
        [
            -0.2662839889526367,
            -0.4122241139411926,
            0.08912220597267151
        ],
        [
            -0.40676093101501465,
            -0.34280040860176086,
            -0.1109839528799057
        ],
        [
            0.17324542999267578,
            -0.638116717338562,
            -0.036449238657951355
        ],
        [
            0.21152696013450623,
            -0.4013215899467468,
            0.06361182034015656
        ],
        [
            0.26764047145843506,
            -0.17275457084178925,
            -0.015472173690795898
        ],
        [
            -0.0019342401064932346,
            -0.22526133060455322,
            0.028121108189225197
        ],
        [
            -0.07121332734823227,
            -0.13682471215724945,
            0.03940081596374512
        ],
        [
            -0.13140375912189484,
            0.23304469883441925,
            -0.035702869296073914
        ],
        [
            -0.13936932384967804,
            0.5445781350135803,
            0.21205595135688782
        ],
        [
            0.06528060883283615,
            -0.13255612552165985,
            0.03703349083662033
        ],
        [
            0.11203346401453018,
            0.23432640731334686,
            -0.019780989736318588
        ],
        [
            0.10535635054111481,
            0.5713210105895996,
            0.19138792157173157
        ],
        [
            -0.1043584942817688,
            -0.8461836576461792,
            -0.17575033009052277
        ],
        [
            -0.04716162383556366,
            -0.8465273380279541,
            -0.2095114290714264
        ],
        [
            -0.09267723560333252,
            -0.8551414012908936,
            -0.07330315560102463
        ],
        [
            0.035277754068374634,
            -0.855584442615509,
            -0.14709331095218658
        ],
        [
            0.11312235891819,
            0.6920139789581299,
            0.032710373401641846
        ],
        [
            0.17862814664840698,
            0.6792080402374268,
            0.08395975828170776
        ],
        [
            0.10822974890470505,
            0.5826151371002197,
            0.2617511749267578
        ],
        [
            -0.13410580158233643,
            0.681897759437561,
            0.06996560096740723
        ],
        [
            -0.20835188031196594,
            0.663566529750824,
            0.11294391751289368
        ],
        [
            -0.14450092613697052,
            0.5543767809867859,
            0.28501734137535095
        ],
        [
            -0.16029387712478638,
            0.48939964175224304,
            0.20781546831130981
        ],
        [
            -0.12419253587722778,
            0.1729472130537033,
            -0.03526902198791504
        ],
        [
            -0.14792296290397644,
            -0.2627909779548645,
            0.04526006057858467
        ],
        [
            0.14528071880340576,
            -0.2405017912387848,
            0.04792387783527374
        ],
        [
            0.12148003280162811,
            0.1934189796447754,
            -0.02017509937286377
        ],
        [
            0.11315120756626129,
            0.5303843021392822,
            0.20114733278751373
        ],
        [
            -0.3839125335216522,
            -0.3725023865699768,
            -0.1136956438422203
        ],
        [
            -0.2926343083381653,
            -0.4459753632545471,
            0.0766233429312706
        ],
        [
            -0.14841771125793457,
            -0.6686897277832031,
            0.004446909297257662
        ],
        [
            0.14067064225673676,
            -0.6705173254013062,
            -0.03811545670032501
        ],
        [
            0.2452927529811859,
            -0.42177408933639526,
            0.02630653977394104
        ],
        [
            0.2706601619720459,
            -0.19215664267539978,
            -0.026300128549337387
        ],
        [
            -0.0038850195705890656,
            -0.7222801446914673,
            -0.04523821920156479
        ],
        [
            -0.040339499711990356,
            -0.9032219648361206,
            -0.13594473898410797
        ],
        [
            -0.0006279899389483035,
            -0.2516956031322479,
            0.046194396913051605
        ],
        [
            -0.0038818754255771637,
            -0.667029082775116,
            -0.0201956145465374
        ],
        [
            0.005366647616028786,
            -0.49362438917160034,
            0.022775493562221527
        ],
        [
            -0.04061826691031456,
            -0.7900142073631287,
            -0.14589528739452362
        ],
        [
            -0.042681414633989334,
            -0.9237935543060303,
            -0.12943580746650696
        ]
    ],
    "pred_vertices": [
        [
            -0.04197768121957779,
            -0.8915886878967285,
            -0.22479549050331116
        ],
        [
            -0.04841677471995354,
            -0.8763166666030884,
            -0.2246004194021225
        ],
        [
            -0.03433559089899063,
            -0.8749840259552002,
            -0.2219144105911255
        ],
        [
            -0.02617616578936577,
            -0.8873652219772339,
            -0.21871358156204224
        ],
        [
            -0.03930311277508736,
            -0.8648815155029297,
            -0.22285649180412292
        ],
        [
            -0.051509007811546326,
            -0.8648194670677185,
            -0.22389253973960876
        ],
        [
            -0.022619251161813736,
            -0.8714324235916138,
            -0.21513842046260834
        ],
        [
            -0.013882974162697792,
            -0.880074143409729,
            -0.21015417575836182
        ],
        [
            -0.008833177387714386,
            -0.8391942977905273,
            -0.20090971887111664
        ],
        [
            -0.00033328868448734283,
            -0.8366732597351074,
            -0.19379189610481262
        ],
        [
            -0.0022175703197717667,
            -0.84837406873703,
            -0.19764018058776855
        ],
        [
            -0.010932279750704765,
            -0.8477116823196411,
            -0.20300382375717163
        ],
        [
            -0.004500502720475197,
            -0.8146011829376221,
            -0.19210770726203918
        ],
        [
            -0.01292429305613041,
            -0.8038325309753418,
            -0.19444318115711212
        ],
        [
            -0.005139036104083061,
            -0.7971519827842712,
            -0.18529124557971954
        ],
        [
            0.002529136836528778,
            -0.8075851202011108,
            -0.18165326118469238
        ],
        [
            -0.05440494418144226,
            -0.8122676610946655,
            -0.20198923349380493
        ],
        [
            -0.04826569929718971,
            -0.806033730506897,
            -0.20249128341674805
        ],
        [
            -0.045271165668964386,
            -0.8127683401107788,
            -0.20490549504756927
        ],
        [
            -0.05185132101178169,
            -0.8182554244995117,
            -0.20366120338439941
        ],
        [
            -0.06644707918167114,
            -0.8205176591873169,
            -0.20455242693424225
        ],
        [
            -0.06457005441188812,
            -0.8265869617462158,
            -0.2032337635755539
        ],
        [
            -0.07156041264533997,
            -0.8292453289031982,
            -0.2060413658618927
        ],
        [
            -0.07309714704751968,
            -0.8222601413726807,
            -0.20854276418685913
        ],
        [
            -0.05866234377026558,
            -0.807133674621582,
            -0.19834844768047333
        ],
        [
            -0.051852330565452576,
            -0.8007333874702454,
            -0.19873905181884766
        ],
        [
            -0.06001197174191475,
            -0.8175114393234253,
            -0.20206740498542786
        ],
        [
            -0.06210522726178169,
            -0.8127250671386719,
            -0.2022380530834198
        ],
        [
            -0.0688544362783432,
            -0.8046298027038574,
            -0.20851165056228638
        ],
        [
            -0.06731334328651428,
            -0.8095724582672119,
            -0.2088746726512909
        ],
        [
            -0.07373219728469849,
            -0.8091670274734497,
            -0.2133389115333557
        ],
        [
            -0.07389962673187256,
            -0.8039757013320923,
            -0.2111080139875412
        ],
        [
            -0.06214025616645813,
            -0.8059452772140503,
            -0.20170120894908905
        ],
        [
            -0.06325682997703552,
            -0.8081924915313721,
            -0.20497292280197144
        ],
        [
            -0.06607957929372787,
            -0.8040603995323181,
            -0.2050866335630417
        ],
        [
            -0.06554001569747925,
            -0.8026222586631775,
            -0.2012072056531906
        ],
        [
            -0.0679193064570427,
            -0.8157819509506226,
            -0.20595777034759521
        ],
        [
            -0.07392662763595581,
            -0.8161386251449585,
            -0.21087360382080078
        ],
        [
            -0.08081193268299103,
            -0.8160676956176758,
            -0.21536105871200562
        ],
        [
            -0.08050790429115295,
            -0.8072994947433472,
            -0.2171335518360138
        ],
        [
            -0.03369291126728058,
            -0.7942527532577515,
            -0.19905661046504974
        ],
        [
            -0.041242651641368866,
            -0.800014853477478,
            -0.20195624232292175
        ],
        [
            -0.04508404806256294,
            -0.7951263189315796,
            -0.19881737232208252
        ],
        [
            -0.0387614481151104,
            -0.7903702259063721,
            -0.1973680704832077
        ],
        [
            -0.062373578548431396,
            -0.8002782464027405,
            -0.19821736216545105
        ],
        [
            -0.0568440817296505,
            -0.7846934795379639,
            -0.19684696197509766
        ],
        [
            -0.057260677218437195,
            -0.7883561849594116,
            -0.19803130626678467
        ],
        [
            -0.064546599984169,
            -0.7882894277572632,
            -0.1987922489643097
        ],
        [
            -0.06351611763238907,
            -0.7849036455154419,
            -0.19785848259925842
        ],
        [
            -0.02335222251713276,
            -0.7822729349136353,
            -0.19045299291610718
        ],
        [
            -0.030294138938188553,
            -0.7800812125205994,
            -0.19179250299930573
        ],
        [
            -0.027695536613464355,
            -0.7739855051040649,
            -0.18811477720737457
        ],
        [
            -0.02048417553305626,
            -0.7751953601837158,
            -0.18509304523468018
        ],
        [
            -0.02813945710659027,
            -0.7686000466346741,
            -0.18490111827850342
        ],
        [
            -0.01878007873892784,
            -0.7683178186416626,
            -0.17996416985988617
        ],
        [
            -0.02483324520289898,
            -0.7547286748886108,
            -0.1728660762310028
        ],
        [
            -0.021372303366661072,
            -0.760750412940979,
            -0.17603063583374023
        ],
        [
            -0.030937079340219498,
            -0.7630831003189087,
            -0.18230581283569336
        ],
        [
            -0.03640773892402649,
            -0.7574193477630615,
            -0.18153411149978638
        ],
        [
            -0.05204115808010101,
            -0.759857177734375,
            -0.1844632625579834
        ],
        [
            -0.05829805135726929,
            -0.7578709125518799,
            -0.1839541494846344
        ],
        [
            -0.05144861340522766,
            -0.7467871308326721,
            -0.18164761364459991
        ],
        [
            -0.04416833817958832,
            -0.751185417175293,
            -0.18174682557582855
        ],
        [
            -0.05445154756307602,
            -0.7799804210662842,
            -0.19154468178749084
        ],
        [
            -0.04972837492823601,
            -0.7807341814041138,
            -0.190863698720932
        ],
        [
            -0.05073382332921028,
            -0.7816265821456909,
            -0.19333136081695557
        ],
        [
            -0.05600723624229431,
            -0.7819086313247681,
            -0.19456812739372253
        ],
        [
            -0.045690007507801056,
            -0.7808916568756104,
            -0.19086375832557678
        ],
        [
            -0.04389888048171997,
            -0.7808161973953247,
            -0.1909545361995697
        ],
        [
            -0.044807318598032,
            -0.7817803621292114,
            -0.19218827784061432
        ],
        [
            -0.04633132740855217,
            -0.7815173864364624,
            -0.1915186047554016
        ],
        [
            -0.04825551435351372,
            -0.7810399532318115,
            -0.19105076789855957
        ],
        [
            -0.04904448613524437,
            -0.7791030406951904,
            -0.19045764207839966
        ],
        [
            -0.0465511828660965,
            -0.7800261974334717,
            -0.19068431854248047
        ],
        [
            -0.053317464888095856,
            -0.77762770652771,
            -0.19111193716526031
        ],
        [
            -0.06737762689590454,
            -0.7733702659606934,
            -0.19203002750873566
        ],
        [
            -0.06356196105480194,
            -0.7742025256156921,
            -0.19252629578113556
        ],
        [
            -0.06506706774234772,
            -0.7787300944328308,
            -0.1920149326324463
        ],
        [
            -0.06831678748130798,
            -0.7783120274543762,
            -0.19166424870491028
        ],
        [
            -0.047381043434143066,
            -0.7832419872283936,
            -0.19344398379325867
        ],
        [
            -0.04511094465851784,
            -0.7848025560379028,
            -0.194504976272583
        ],
        [
            -0.05035372078418732,
            -0.7866462469100952,
            -0.19639669358730316
        ],
        [
            -0.0507245771586895,
            -0.7841228246688843,
            -0.19470123946666718
        ],
        [
            -0.04294601455330849,
            -0.7867199182510376,
            -0.1960163712501526
        ],
        [
            -0.04269522428512573,
            -0.7831105589866638,
            -0.19298268854618073
        ],
        [
            -0.039599642157554626,
            -0.7839429378509521,
            -0.1941036731004715
        ],
        [
            -0.04410265013575554,
            -0.7791219353675842,
            -0.19027861952781677
        ],
        [
            -0.04084140434861183,
            -0.7778139114379883,
            -0.18992382287979126
        ],
        [
            -0.04116041585803032,
            -0.7801245450973511,
            -0.19166892766952515
        ],
        [
            -0.042322952300310135,
            -0.7746047973632812,
            -0.1885610818862915
        ],
        [
            -0.046496808528900146,
            -0.7770690321922302,
            -0.1895545870065689
        ],
        [
            -0.05058092623949051,
            -0.7746362686157227,
            -0.18993906676769257
        ],
        [
            -0.05598874390125275,
            -0.7721558213233948,
            -0.19064466655254364
        ],
        [
            -0.05178382247686386,
            -0.7682104110717773,
            -0.18805518746376038
        ],
        [
            -0.04625263065099716,
            -0.7712560892105103,
            -0.18805792927742004
        ],
        [
            -0.048580922186374664,
            -0.7906246185302734,
            -0.1975635439157486
        ],
        [
            -0.036487579345703125,
            -0.7799659967422485,
            -0.19179290533065796
        ],
        [
            -0.03421725332736969,
            -0.7861873507499695,
            -0.1947615146636963
        ],
        [
            -0.03540550172328949,
            -0.7755714058876038,
            -0.1896660327911377
        ],
        [
            -0.036404166370630264,
            -0.7713746428489685,
            -0.18733657896518707
        ],
        [
            -0.039697177708148956,
            -0.7671356201171875,
            -0.18574917316436768
        ],
        [
            -0.04575560614466667,
            -0.76323401927948,
            -0.185074120759964
        ],
        [
            -0.04277529567480087,
            -0.7412799596786499,
            -0.17083512246608734
        ],
        [
            -0.03413563221693039,
            -0.7471030950546265,
            -0.17221695184707642
        ],
        [
            -0.05159323662519455,
            -0.85832279920578,
            -0.2185981720685959
        ],
        [
            -0.042424969375133514,
            -0.8580867648124695,
            -0.2202392965555191
        ],
        [
            -0.03916702792048454,
            -0.8518044948577881,
            -0.21441993117332458
        ],
        [
            -0.03792579099535942,
            -0.8541142344474792,
            -0.21562045812606812
        ],
        [
            -0.044049788266420364,
            -0.8546590805053711,
            -0.2163962721824646
        ],
        [
            -0.04395332559943199,
            -0.8520675897598267,
            -0.21487292647361755
        ],
        [
            -0.01952543295919895,
            -0.8482704758644104,
            -0.20582270622253418
        ],
        [
            -0.026092398911714554,
            -0.8489420413970947,
            -0.20803001523017883
        ],
        [
            -0.024571657180786133,
            -0.8455836772918701,
            -0.206086203455925
        ],
        [
            -0.016901908442378044,
            -0.8420118689537048,
            -0.20451945066452026
        ],
        [
            -0.03356122598052025,
            -0.8365147709846497,
            -0.20695748925209045
        ],
        [
            -0.028364233672618866,
            -0.8385403156280518,
            -0.20638318359851837
        ],
        [
            -0.033860959112644196,
            -0.8443103432655334,
            -0.20863257348537445
        ],
        [
            -0.03764503449201584,
            -0.8428338766098022,
            -0.20912957191467285
        ],
        [
            -0.04183434695005417,
            -0.841891348361969,
            -0.2090250849723816
        ],
        [
            -0.04608575999736786,
            -0.8415899276733398,
            -0.2082083374261856
        ],
        [
            -0.045031797140836716,
            -0.8366079330444336,
            -0.2065240889787674
        ],
        [
            -0.039560578763484955,
            -0.8361313939094543,
            -0.20703014731407166
        ],
        [
            -0.05079590901732445,
            -0.8553619384765625,
            -0.2147950381040573
        ],
        [
            -0.05693734809756279,
            -0.8546807765960693,
            -0.21109318733215332
        ],
        [
            -0.05515872314572334,
            -0.8518860340118408,
            -0.21047981083393097
        ],
        [
            -0.05008755996823311,
            -0.8522231578826904,
            -0.21394145488739014
        ],
        [
            -0.061137549579143524,
            -0.8469147682189941,
            -0.1999017298221588
        ],
        [
            -0.060836903750896454,
            -0.8490482568740845,
            -0.20193986594676971
        ],
        [
            -0.0646941065788269,
            -0.8501008749008179,
            -0.20166493952274323
        ],
        [
            -0.06450546532869339,
            -0.8459476232528687,
            -0.19954955577850342
        ],
        [
            -0.06217667832970619,
            -0.842985987663269,
            -0.19995468854904175
        ],
        [
            -0.06001017242670059,
            -0.8451622724533081,
            -0.20048348605632782
        ],
        [
            -0.051595140248537064,
            -0.9126149415969849,
            -0.22399196028709412
        ],
        [
            -0.05782134830951691,
            -0.8947499990463257,
            -0.22547698020935059
        ],
        [
            -0.0317993089556694,
            -0.9090336561203003,
            -0.21914222836494446
        ],
        [
            -0.01694720797240734,
            -0.9015896320343018,
            -0.21142657101154327
        ],
        [
            -0.004645301029086113,
            -0.8903468251228333,
            -0.2036246508359909
        ],
        [
            -0.014425734058022499,
            -0.7883155345916748,
            -0.18823982775211334
        ],
        [
            -0.009252732619643211,
            -0.7811135053634644,
            -0.18132470548152924
        ],
        [
            0.0019920598715543747,
            -0.7911508083343506,
            -0.1759316325187683
        ],
        [
            0.0039010783657431602,
            -0.7824990749359131,
            -0.16787156462669373
        ],
        [
            -0.0075887031853199005,
            -0.7722776532173157,
            -0.17439153790473938
        ],
        [
            -0.015377234667539597,
            -0.7554089426994324,
            -0.1615544557571411
        ],
        [
            -0.009529711678624153,
            -0.7631255388259888,
            -0.16761308908462524
        ],
        [
            0.003392455168068409,
            -0.7745593786239624,
            -0.1578434407711029
        ],
        [
            0.014711841940879822,
            -0.7900733351707458,
            -0.15061286091804504
        ],
        [
            0.013112408109009266,
            -0.7948609590530396,
            -0.16204075515270233
        ],
        [
            0.021828988566994667,
            -0.8080432415008545,
            -0.14511927962303162
        ],
        [
            0.01703845150768757,
            -0.7858269214630127,
            -0.13563138246536255
        ],
        [
            0.023386068642139435,
            -0.8092280626296997,
            -0.13551515340805054
        ],
        [
            0.009354816749691963,
            -0.749685525894165,
            -0.12372356653213501
        ],
        [
            0.015034729614853859,
            -0.7399606704711914,
            -0.11750411987304688
        ],
        [
            0.02775774896144867,
            -0.7502236366271973,
            -0.10962442308664322
        ],
        [
            0.023679638281464577,
            -0.759910523891449,
            -0.11701910942792892
        ],
        [
            0.009241985157132149,
            -0.8007701635360718,
            -0.17162790894508362
        ],
        [
            0.001608891412615776,
            -0.8600546717643738,
            -0.19417807459831238
        ],
        [
            -0.006995992735028267,
            -0.8574095964431763,
            -0.20205052196979523
        ],
        [
            0.006482020020484924,
            -0.8488513231277466,
            -0.18922200798988342
        ],
        [
            0.005589025095105171,
            -0.9224683046340942,
            -0.1918458342552185
        ],
        [
            -0.006158670410513878,
            -0.9135041236877441,
            -0.2035963386297226
        ],
        [
            0.004701850935816765,
            -0.9003251791000366,
            -0.19775056838989258
        ],
        [
            0.01455136202275753,
            -0.9103804230690002,
            -0.18744318187236786
        ],
        [
            -0.026609890162944794,
            -0.9537893533706665,
            -0.1946454793214798
        ],
        [
            -0.03881777077913284,
            -0.9356223940849304,
            -0.21263933181762695
        ],
        [
            -0.023200951516628265,
            -0.9263095855712891,
            -0.20883554220199585
        ],
        [
            -0.011618684977293015,
            -0.9405738115310669,
            -0.1954604834318161
        ],
        [
            0.02190619334578514,
            -0.9151744246482849,
            -0.17703872919082642
        ],
        [
            0.030914658680558205,
            -0.9209601879119873,
            -0.16173358261585236
        ],
        [
            0.02804337628185749,
            -0.9380272626876831,
            -0.15759378671646118
        ],
        [
            0.016376642510294914,
            -0.9326972961425781,
            -0.17605024576187134
        ],
        [
            0.01784583181142807,
            -0.9592537879943848,
            -0.15064239501953125
        ],
        [
            0.004060719162225723,
            -0.9532352685928345,
            -0.17328011989593506
        ],
        [
            0.028245482593774796,
            -0.798487663269043,
            -0.12115468084812164
        ],
        [
            0.028692957013845444,
            -0.8164370059967041,
            -0.12540608644485474
        ],
        [
            0.01809081807732582,
            -0.7714239954948425,
            -0.1262771487236023
        ],
        [
            0.02927407994866371,
            -0.7830469608306885,
            -0.115463487803936
        ],
        [
            0.00249408558011055,
            -0.9751302003860474,
            -0.14115390181541443
        ],
        [
            -0.013271447271108627,
            -0.9693398475646973,
            -0.16869422793388367
        ],
        [
            0.04498336836695671,
            -0.9122856855392456,
            -0.10957139730453491
        ],
        [
            0.042336590588092804,
            -0.9273166656494141,
            -0.12180902063846588
        ],
        [
            0.04195902496576309,
