{
    "pred_cam": [
        1.1204819679260254,
        0.026401611045002937,
        0.14961865544319153
    ],
    "pred_smpl_params": {
        "global_orient": [
            [
                [
                    0.9998140335083008,
                    0.019274696707725525,
                    -0.000492979132104665
                ],
                [
                    0.019259138032794,
                    -0.9971363544464111,
                    0.07313123345375061
                ],
                [
                    0.0009180153720080853,
                    -0.0731271356344223,
                    -0.997322142124176
                ]
            ]
        ],
        "body_pose": [
            [
                [
                    0.9979580640792847,
                    -0.05987383797764778,
                    0.022245274856686592
                ],
                [
                    0.05296957492828369,
                    0.9704088568687439,
                    0.235586479306221
                ],
                [
                    -0.035692472010850906,
                    -0.23392708599567413,
                    0.9715988636016846
                ]
            ],
            [
                [
                    0.9974367618560791,
                    0.05172001197934151,
                    0.04944511875510216
                ],
                [
                    -0.06327760964632034,
                    0.9601814150810242,
                    0.27211686968803406
                ],
                [
                    -0.03340240195393562,
                    -0.27454817295074463,
                    0.9609929323196411
                ]
            ],
            [
                [
                    0.9996435046195984,
                    -0.015636667609214783,
                    -0.021641256287693977
                ],
                [
                    0.010017828084528446,
                    0.9710046648979187,
                    -0.23885053396224976
                ],
                [
                    0.024748587980866432,
                    0.23854859173297882,
                    0.970815122127533
                ]
            ],
            [
                [
                    0.9941858649253845,
                    0.018615081906318665,
                    -0.10605644434690475
                ],
                [
                    -0.0783604085445404,
                    0.8006131052970886,
                    -0.5940355658531189
                ],
                [
                    0.07385214418172836,
                    0.5988923907279968,
                    0.7974169254302979
                ]
            ],
            [
                [
                    0.9883281588554382,
                    -0.02516993321478367,
                    0.15024611353874207
                ],
                [
                    0.12280111014842987,
                    0.7152774333953857,
                    -0.6879666447639465
                ],
                [
                    -0.0901515930891037,
                    0.6983872056007385,
                    0.7100197076797485
                ]
            ],
            [
                [
                    0.9995673894882202,
                    -0.028966138139367104,
                    0.005093783605843782
                ],
                [
                    0.02872139774262905,
                    0.9986664056777954,
                    0.042901765555143356
                ],
                [
                    -0.006329688243567944,
                    -0.04273690655827522,
                    0.9990662932395935
                ]
            ],
            [
                [
                    0.9842808842658997,
                    0.06720171123743057,
                    0.16332517564296722
                ],
                [
                    -0.07678432017564774,
                    0.9956339597702026,
                    0.05307837575674057
                ],
                [
                    -0.15904511511325836,
                    -0.06478483974933624,
                    0.9851434826850891
                ]
            ],
            [
                [
                    0.98096764087677,
                    -0.05134756490588188,
                    -0.18725930154323578
                ],
                [
                    0.05785311385989189,
                    0.9978909492492676,
                    0.029439235106110573
                ],
                [
                    0.18535272777080536,
                    -0.039712466299533844,
                    0.9818693399429321
                ]
            ],
            [
                [
                    0.999742865562439,
                    -0.02109421044588089,
                    -0.008320008404552937
                ],
                [
                    0.02036518231034279,
                    0.9966135025024414,
                    -0.07966667413711548
                ],
                [
                    0.009972338564693928,
                    0.0794767513871193,
                    0.9967868328094482
                ]
            ],
            [
                [
                    0.9813158512115479,
                    -0.18728221952915192,
                    -0.044096849858760834
                ],
                [
                    0.19190001487731934,
                    0.9692668318748474,
                    0.1539357453584671
                ],
                [
                    0.013912185095250607,
                    -0.15952177345752716,
                    0.98709636926651
                ]
            ],
            [
                [
                    0.9878774285316467,
                    0.15406566858291626,
                    0.01902390457689762
                ],
                [
                    -0.15490879118442535,
                    0.9704169034957886,
                    0.18518730998039246
                ],
                [
                    0.010069888085126877,
                    -0.1858893483877182,
                    0.9825190901756287
                ]
            ],
            [
                [
                    0.9982507228851318,
                    0.015835974365472794,
                    -0.056963179260492325
                ],
                [
                    -0.013664016500115395,
                    0.9991721510887146,
                    0.038318607956171036
                ],
                [
                    0.05752283334732056,
                    -0.037473227828741074,
                    0.9976407289505005
                ]
            ],
            [
                [
                    0.9147205352783203,
                    0.3995130658149719,
                    0.060627974569797516
                ],
                [
                    -0.397383451461792,
                    0.916579008102417,
                    -0.04437708109617233
                ],
                [
                    -0.07329954952001572,
                    0.016500068828463554,
                    0.997173547744751
                ]
            ],
            [
                [
                    0.9455686807632446,
                    -0.3115469217300415,
                    -0.09401293098926544
                ],
                [
                    0.3146127164363861,
                    0.9490220546722412,
                    0.019391294568777084
                ],
                [
                    0.0831790417432785,
                    -0.04791346192359924,
                    0.9953821301460266
                ]
            ],
            [
                [
                    0.9975994229316711,
                    0.04128752276301384,
                    -0.05559549480676651
                ],
                [
                    -0.05116657540202141,
                    0.980448842048645,
                    -0.1900053769350052
                ],
                [
                    0.046663686633110046,
                    0.19239386916160583,
                    0.9802077412605286
                ]
            ],
            [
                [
                    0.48574602603912354,
                    0.8511106371879578,
                    -0.1991519331932068
                ],
                [
                    -0.8713865876197815,
                    0.48944053053855896,
                    -0.03366503491997719
                ],
                [
                    0.06882037967443466,
                    0.18989098072052002,
                    0.9793902039527893
                ]
            ],
            [
                [
                    0.6732800602912903,
                    -0.7161563038825989,
                    0.18388578295707703
                ],
                [
                    0.7131158709526062,
                    0.6946609616279602,
                    0.0944020077586174
                ],
                [
                    -0.19534491002559662,
                    0.06757289171218872,
                    0.9784038066864014
                ]
            ],
            [
                [
                    0.7930909395217896,
                    -0.23721206188201904,
                    -0.5610144734382629
                ],
                [
                    0.18975166976451874,
                    0.9714357256889343,
                    -0.14250244200229645
                ],
                [
                    0.5787927508354187,
                    0.0065639568492770195,
                    0.8154482841491699
                ]
            ],
            [
                [
                    0.33925503492355347,
                    0.36357125639915466,
                    0.8675954341888428
                ],
                [
                    -0.4703661799430847,
                    0.8642804622650146,
                    -0.17825521528720856
                ],
                [
                    -0.8146542906761169,
                    -0.3476136326789856,
                    0.46422311663627625
                ]
            ],
            [
                [
                    0.9986210465431213,
                    -0.048623472452163696,
                    0.01978927291929722
                ],
                [
                    0.046846017241477966,
                    0.9955237507820129,
                    0.08208449184894562
                ],
                [
                    -0.023691926151514053,
                    -0.0810442641377449,
                    0.9964287877082825
                ]
            ],
            [
                [
                    0.9879650473594666,
                    0.14991538226604462,
                    -0.03808562457561493
                ],
                [
                    -0.14791469275951385,
                    0.9876931309700012,
                    0.050829075276851654
                ],
                [
                    0.045236967504024506,
                    -0.04458392411470413,
                    0.9979809522628784
                ]
            ],
            [
                [
                    0.9657225608825684,
                    0.22900119423866272,
                    -0.12222328782081604
                ],
                [
                    -0.21253684163093567,
                    0.967898428440094,
                    0.13416676223278046
                ],
                [
                    0.1490240842103958,
                    -0.10359089821577072,
                    0.9833925366401672
                ]
            ],
            [
                [
                    0.9690566062927246,
                    -0.2374662309885025,
                    0.06737243384122849
                ],
                [
                    0.2284814864397049,
                    0.9662193655967712,
                    0.1192321702837944
                ],
                [
                    -0.09341016411781311,
                    -0.10014937818050385,
                    0.9905778765678406
                ]
            ]
        ],
        "betas": [
            -0.07737278938293457,
            -0.04782480001449585,
            0.010826706886291504,
            0.06989651918411255,
            0.003666609525680542,
            0.025012437254190445,
            0.015042275190353394,
            -0.059298157691955566,
            0.05034531652927399,
            -0.03430473804473877
        ]
    },
    "pred_cam_t": [
        0.026401611045002937,
        0.14961865544319153,
        34.86222839355469
    ],
    "focal_length": [
        5000.0,
        5000.0
    ],
    "pred_keypoints_3d": [
        [
            -0.027369363233447075,
            -0.7726104259490967,
            -0.2523980736732483
        ],
        [
            -0.00843384675681591,
            -0.7205312848091125,
            -0.06684479862451553
        ],
        [
            -0.1818000227212906,
            -0.6306875944137573,
            -0.013735491782426834
        ],
        [
            -0.2698538899421692,
            -0.4013022780418396,
            0.04851111024618149
        ],
        [
            -0.4177815914154053,
            -0.334197461605072,
            -0.14671817421913147
        ],
        [
            0.17215660214424133,
            -0.6352825164794922,
            -0.03474658727645874
        ],
        [
            0.20239074528217316,
            -0.4019712507724762,
            0.07542744278907776
        ],
        [
            0.2621545195579529,
            -0.17540967464447021,
            -0.005769349634647369
        ],
        [
            -0.0018187786918133497,
            -0.22330188751220703,
            0.028281228616833687
        ],
        [
            -0.071187824010849,
            -0.13483086228370667,
            0.039112579077482224
        ],
        [
            -0.1360238492488861,
            0.2349427342414856,
            -0.03112366423010826
        ],
        [
            -0.1513998657464981,
            0.543866753578186,
            0.21916449069976807
        ],
        [
            0.06589123606681824,
            -0.131487637758255,
            0.04184403270483017
        ],
        [
            0.11481336504220963,
            0.23528644442558289,
            -0.013041969388723373
        ],
        [
            0.10338620841503143,
            0.5654987692832947,
            0.2080124318599701
        ],
        [
            -0.05555719882249832,
            -0.8228616118431091,
            -0.23116910457611084
        ],
        [
            0.009978033602237701,
            -0.819370448589325,
            -0.24130003154277802
        ],
        [
            -0.08184830099344254,
            -0.8440455198287964,
            -0.13274931907653809
        ],
        [
            0.06359022110700607,
            -0.836471676826477,
            -0.15531638264656067
        ],
        [
            0.11226379126310349,
            0.6926474571228027,
            0.05554148554801941
        ],
        [
            0.1773233711719513,
            0.6777406930923462,
            0.10627488791942596
        ],
        [
            0.10557407140731812,
            0.5736825466156006,
            0.2788050174713135
        ],
        [
            -0.14551511406898499,
            0.6812683939933777,
            0.07817286252975464
        ],
        [
            -0.21988165378570557,
            0.662549614906311,
            0.1200244128704071
        ],
        [
            -0.1578371226787567,
            0.5530201196670532,
            0.2919824421405792
        ],
        [
            -0.1715058982372284,
            0.48854193091392517,
            0.21406319737434387
        ],
        [
            -0.12795816361904144,
            0.17501582205295563,
            -0.03150968253612518
        ],
        [
            -0.14870259165763855,
            -0.25980061292648315,
            0.03915351629257202
        ],
        [
            0.14528150856494904,
            -0.2398923635482788,
            0.053405389189720154
        ],
        [
            0.12431150674819946,
            0.1947677880525589,
            -0.013679629191756248
        ],
        [
            0.11112749576568604,
            0.5243417024612427,
            0.21652506291866302
        ],
        [
            -0.3961973190307617,
            -0.36427950859069824,
            -0.14992842078208923
        ],
        [
            -0.29607096314430237,
            -0.434889018535614,
            0.03665146604180336
        ],
        [
            -0.15101289749145508,
            -0.659675121307373,
            -0.027829930186271667
        ],
        [
            0.1402299404144287,
            -0.6657408475875854,
            -0.039762694388628006
        ],
        [
            0.2390923947095871,
            -0.42220455408096313,
            0.04015597701072693
        ],
        [
            0.26587170362472534,
            -0.19505873322486877,
            -0.01590125635266304
        ],
        [
            -0.0033777914941310883,
            -0.7140691876411438,
            -0.06304311007261276
        ],
        [
            -0.008066730573773384,
            -0.8845332264900208,
            -0.17725495994091034
        ],
        [
            -0.0010254208464175463,
            -0.2500224709510803,
            0.04601932317018509
        ],
        [
            -0.005417263135313988,
            -0.6600323915481567,
            -0.03673022240400314
        ],
        [
            0.0020468272268772125,
            -0.48963308334350586,
            0.014125414192676544
        ],
        [
            -0.009597420692443848,
            -0.7709968686103821,
            -0.17362718284130096
        ],
        [
            -0.011294763535261154,
            -0.905571460723877,
            -0.17451868951320648
        ]
    ],
    "pred_vertices": [
        [
            0.02186647243797779,
            -0.8625354766845703,
            -0.25914818048477173
        ],
        [
            0.015039518475532532,
            -0.8474154472351074,
            -0.25934743881225586
        ],
        [
            0.027049407362937927,
            -0.8464398980140686,
            -0.2517009675502777
        ],
        [
            0.03421638906002045,
            -0.8589364886283875,
            -0.2473059892654419
        ],
        [
            0.022350924089550972,
            -0.836195707321167,
            -0.2531903088092804
        ],
        [
            0.011567912995815277,
            -0.835966944694519,
            -0.2584741711616516
        ],
        [
            0.03542583808302879,
            -0.8436456918716431,
            -0.24089515209197998
        ],
        [
            0.04230783134698868,
            -0.8528355360031128,
            -0.23404653370380402
        ],
        [
            0.041844673454761505,
            -0.8132598400115967,
            -0.2187875509262085
        ],
        [
            0.04713885113596916,
            -0.8117016553878784,
            -0.20900003612041473
        ],
        [
            0.04697193577885628,
            -0.82298743724823,
            -0.2145506888628006
        ],
        [
            0.04084651917219162,
            -0.8215265274047852,
            -0.2225227653980255
        ],
        [
            0.04154225438833237,
            -0.7900233268737793,
            -0.20665711164474487
        ],
        [
            0.03421565890312195,
            -0.7789946794509888,
            -0.21060341596603394
        ],
        [
            0.03770620375871658,
            -0.7735342383384705,
            -0.19871115684509277
        ],
        [
            0.043964482843875885,
            -0.784317135810852,
            -0.1937102973461151
        ],
        [
            -0.000996425747871399,
            -0.7863471508026123,
            -0.23314057290554047
        ],
        [
            0.004516921937465668,
            -0.7801575660705566,
            -0.23070985078811646
        ],
        [
            0.008483260869979858,
            -0.7865313291549683,
            -0.23260429501533508
        ],
        [
            0.0022379904985427856,
            -0.7920761108398438,
            -0.23442442715168
        ],
        [
            -0.010914669372141361,
            -0.7941569089889526,
            -0.24089127779006958
        ],
        [
            -0.009408940561115742,
            -0.8003503680229187,
            -0.23969754576683044
        ],
        [
            -0.014760843478143215,
            -0.8026177883148193,
            -0.24514082074165344
        ],
        [
            -0.0155746815726161,
            -0.7953941822052002,
            -0.2471931278705597
        ],
        [
            -0.006451379507780075,
            -0.7816687226295471,
            -0.23073513805866241
        ],
        [
            -0.0004082676023244858,
            -0.7753973007202148,
            -0.22789135575294495
        ],
        [
            -0.0058637578040361404,
            -0.7914605736732483,
            -0.23586437106132507
        ],
        [
            -0.00807584635913372,
            -0.7867551445960999,
            -0.23623687028884888
        ],
        [
            -0.012369061820209026,
            -0.7779135704040527,
            -0.2436363399028778
        ],
        [
            -0.01058771088719368,
            -0.7827727794647217,
            -0.2439703345298767
        ],
        [
            -0.014906601049005985,
            -0.7818142175674438,
            -0.2504067122936249
        ],
        [
            -0.016085170209407806,
            -0.7768900394439697,
            -0.24779875576496124
        ],
        [
            -0.008511677384376526,
            -0.7800574898719788,
            -0.23501016199588776
        ],
        [
            -0.008251679129898548,
            -0.781894862651825,
            -0.2387065589427948
        ],
        [
            -0.011016687378287315,
            -0.7777660489082336,
            -0.23937128484249115
        ],
        [
            -0.012023098766803741,
            -0.7768034338951111,
            -0.23541095852851868
        ],
        [
            -0.011935364454984665,
            -0.7893038392066956,
            -0.2421322464942932
        ],
        [
            -0.015699852257966995,
            -0.7890319228172302,
            -0.2489512860774994
        ],
        [
            -0.02047903463244438,
            -0.7884031534194946,
            -0.2555808126926422
        ],
        [
            -0.019991174340248108,
            -0.7795153856277466,
            -0.2561584711074829
        ],
        [
            0.016179338097572327,
            -0.7689642906188965,
            -0.22116924822330475
        ],
        [
            0.010603992268443108,
            -0.7743064165115356,
            -0.22707626223564148
        ],
        [
            0.005602719262242317,
            -0.7698742151260376,
            -0.22496692836284637
        ],
        [
            0.01068275049328804,
            -0.7653630375862122,
            -0.22089660167694092
        ],
        [
            -0.010364355519413948,
            -0.7749274969100952,
            -0.23121371865272522
        ],
        [
            -0.006606418639421463,
            -0.7597460746765137,
            -0.22635073959827423
        ],
        [
            -0.006392559036612511,
            -0.7632343769073486,
            -0.2279156893491745
        ],
        [
            -0.012865216471254826,
            -0.7630445957183838,
            -0.23126783967018127
        ],
        [
            -0.012413972988724709,
            -0.7598059773445129,
            -0.22972968220710754
        ],
        [
            0.022012177854776382,
            -0.7582105398178101,
            -0.20834150910377502
        ],
        [
            0.015928346663713455,
            -0.7559081315994263,
            -0.21168625354766846
        ],
        [
            0.016656750813126564,
            -0.7503611445426941,
            -0.20678800344467163
        ],
        [
            0.022207148373126984,
            -0.7519442439079285,
            -0.20173582434654236
        ],
        [
            0.014528846368193626,
            -0.745510995388031,
            -0.2035433053970337
        ],
        [
            0.02136462740600109,
            -0.7458652257919312,
            -0.19580361247062683
        ],
        [
            0.012515462934970856,
            -0.7331220507621765,
            -0.18996042013168335
        ],
        [
            0.01712455414235592,
            -0.7388100624084473,
            -0.192342609167099
        ],
        [
            0.010674448683857918,
            -0.7403428554534912,
            -0.20152753591537476
        ],
        [
            0.004999339580535889,
            -0.7347493171691895,
            -0.20207616686820984
        ],
        [
            -0.007909252308309078,
            -0.7367006540298462,
            -0.21044349670410156
        ],
        [
            -0.013979463838040829,
            -0.7348111271858215,
            -0.21192055940628052
        ],
        [
            -0.00916113518178463,
            -0.7241048812866211,
            -0.2062012255191803
        ],
        [
            -0.002404395490884781,
            -0.7284859418869019,
            -0.20430806279182434
        ],
        [
            -0.00645030289888382,
            -0.755661129951477,
            -0.22010958194732666
        ],
        [
            -0.002270517870783806,
            -0.7565186023712158,
            -0.2178613841533661
        ],
        [
            -0.0022350531071424484,
            -0.7570906281471252,
            -0.22058086097240448
        ],
        [
            -0.006635995581746101,
            -0.7571976184844971,
            -0.2236555814743042
        ],
        [
            0.0014538876712322235,
            -0.756743848323822,
            -0.21639883518218994
        ],
        [
            0.0031386055052280426,
            -0.7566661834716797,
            -0.21581313014030457
        ],
        [
            0.0028189606964588165,
            -0.7574443221092224,
            -0.2173740267753601
        ],
        [
            0.0012301001697778702,
            -0.7572485208511353,
            -0.2172706127166748
        ],
        [
            -0.000764705240726471,
            -0.7568227648735046,
            -0.21750259399414062
        ],
        [
            -0.0018313154578208923,
            -0.7549793720245361,
            -0.21704208850860596
        ],
        [
            0.0005296412855386734,
            -0.7559040188789368,
            -0.2164667844772339
        ],
        [
            -0.005619548261165619,
            -0.753402590751648,
            -0.2190462052822113
        ],
        [
            -0.018680410459637642,
            -0.749058187007904,
            -0.22448953986167908
        ],
        [
            -0.014794128946959972,
            -0.749769926071167,
            -0.22366899251937866
        ],
        [
            -0.01613566093146801,
            -0.7542977929115295,
            -0.22418518364429474
        ],
        [
            -0.019454827532172203,
            -0.7539854049682617,
            -0.2250208854675293
        ],
        [
            0.0009326506406068802,
            -0.7587407231330872,
            -0.21963196992874146
        ],
        [
            0.0035174712538719177,
            -0.7601543664932251,
            -0.2199106216430664
        ],
        [
            -0.0005459673702716827,
            -0.7617225050926208,
            -0.2237243354320526
        ],
        [
            -0.001633601263165474,
            -0.7594152092933655,
            -0.22207599878311157
        ],
        [
            0.006199436262249947,
            -0.7618757486343384,
            -0.22071188688278198
        ],
        [
            0.0051140859723091125,
            -0.7586982250213623,
            -0.21747735142707825
        ],
        [
            0.00827684998512268,
            -0.7594467997550964,
            -0.2175264209508896
        ],
        [
            0.002594985067844391,
            -0.7551013231277466,
            -0.21509456634521484
        ],
        [
            0.005387518554925919,
            -0.7539066076278687,
            -0.21343374252319336
        ],
        [
            0.00588439404964447,
            -0.7559453845024109,
            -0.2153976559638977
        ],
        [
            0.003349071368575096,
            -0.750872015953064,
            -0.2124168872833252
        ],
        [
            6.943941116333008e-06,
            -0.7531342506408691,
            -0.21509866416454315
        ],
        [
            -0.0037535876035690308,
            -0.7506325244903564,
            -0.21669617295265198
        ],
        [
            -0.008598883636295795,
            -0.7480269074440002,
            -0.21903908252716064
        ],
        [
            -0.005893336609005928,
            -0.744497537612915,
            -0.2146851122379303
        ],
        [
            -0.000634530559182167,
            -0.7475546598434448,
            -0.21304509043693542
        ],
        [
            0.0015975851565599442,
            -0.7655913829803467,
            -0.22458317875862122
        ],
        [
            0.010240936651825905,
            -0.7557972073554993,
            -0.2138206958770752
        ],
        [
            0.013719214126467705,
            -0.761546790599823,
            -0.216452956199646
        ],
        [
            0.010207496583461761,
            -0.7517436146736145,
            -0.21102795004844666
        ],
        [
            0.008174778893589973,
            -0.7478834390640259,
            -0.20884984731674194
        ],
        [
            0.004041364416480064,
            -0.7438745498657227,
            -0.20819059014320374
        ],
        [
            -0.0017419513314962387,
            -0.7400004267692566,
            -0.20923811197280884
        ],
        [
            -0.005339968018233776,
            -0.7198175191879272,
            -0.19264617562294006
        ],
        [
            0.00324319489300251,
            -0.7254903316497803,
            -0.1917261928319931
        ],
        [
            0.009490031749010086,
            -0.8300890922546387,
            -0.25278568267822266
        ],
        [
            0.018502766266465187,
            -0.8296604156494141,
            -0.25103747844696045
        ],
        [
            0.019228704273700714,
            -0.8240256309509277,
            -0.24376319348812103
        ],
        [
            0.021035900339484215,
            -0.82615065574646,
            -0.24464765191078186
        ],
        [
            0.015493862330913544,
            -0.8266967535018921,
            -0.24762016534805298
        ],
        [
            0.014987781643867493,
            -0.8242104053497314,
            -0.24593493342399597
        ],
        [
            0.03417135402560234,
            -0.8216592073440552,
            -0.22820964455604553
        ],
        [
            0.028953097760677338,
            -0.8220123052597046,
            -0.2327217161655426
        ],
        [
            0.02938622236251831,
            -0.8189807534217834,
            -0.2299308478832245
        ],
        [
            0.03578630089759827,
            -0.8156417608261108,
            -0.2252931445837021
        ],
        [
            0.020999358966946602,
            -0.8099106550216675,
            -0.23293262720108032
        ],
        [
            0.025647122412919998,
            -0.8120097517967224,
            -0.23075006902217865
        ],
        [
            0.02170397713780403,
            -0.8174079060554504,
            -0.23545151948928833
        ],
        [
            0.01835387945175171,
            -0.8158656358718872,
            -0.23710665106773376
        ],
        [
            0.014390602707862854,
            -0.8149336576461792,
            -0.23841971158981323
        ],
        [
            0.01008032076060772,
            -0.8147331476211548,
            -0.23914170265197754
        ],
        [
            0.01028808206319809,
            -0.809996485710144,
            -0.2366809844970703
        ],
        [
            0.015526898205280304,
            -0.809493362903595,
            -0.2351008653640747
        ],
        [
            0.00878230296075344,
            -0.8275905847549438,
            -0.24858465790748596
        ],
        [
            0.0016709696501493454,
            -0.8273130655288696,
            -0.2473505586385727
        ],
        [
            0.0029766708612442017,
            -0.8245775699615479,
            -0.24583172798156738
        ],
        [
            0.008996676653623581,
            -0.8245058059692383,
            -0.24723368883132935
        ],
        [
            -0.006591184996068478,
            -0.8208516836166382,
            -0.23766165971755981
        ],
        [
            -0.005486613139510155,
            -0.8227027654647827,
            -0.2397104799747467
        ],
        [
            -0.009082186967134476,
            -0.8237314224243164,
            -0.2410120666027069
        ],
        [
            -0.009859513491392136,
            -0.8199185132980347,
            -0.2384565770626068
        ],
        [
            -0.007698775269091129,
            -0.8169890642166138,
            -0.23761537671089172
        ],
        [
            -0.0054095108062028885,
            -0.8190934658050537,
            -0.23755568265914917
        ],
        [
            0.013519186526536942,
            -0.8832745552062988,
            -0.264080286026001
        ],
        [
            0.007374534383416176,
            -0.8655037879943848,
            -0.2657897472381592
        ],
        [
            0.02997027337551117,
            -0.8804120421409607,
            -0.2520689368247986
        ],
        [
            0.040769774466753006,
            -0.8739674091339111,
            -0.23872685432434082
        ],
        [
            0.04903986677527428,
            -0.8637672662734985,
            -0.22573214769363403
        ],
        [
            0.02973330207169056,
            -0.7644524574279785,
            -0.20382684469223022
        ],
        [
            0.03158251568675041,
            -0.7582722306251526,
            -0.19491595029830933
        ],
        [
            0.04044505953788757,
            -0.7687978148460388,
            -0.18698956072330475
        ],
        [
            0.03890465572476387,
            -0.7612279057502747,
            -0.17828060686588287
        ],
        [
            0.03001362457871437,
            -0.7504081726074219,
            -0.1872292160987854
        ],
        [
            0.017491888254880905,
            -0.7347812652587891,
            -0.1767806112766266
        ],
        [
            0.02543671429157257,
            -0.7420156002044678,
            -0.1810448318719864
        ],
        [
            0.034780919551849365,
            -0.7543159127235413,
            -0.16894447803497314
        ],
        [
            0.04371960461139679,
            -0.7704886794090271,
            -0.15982826054096222
        ],
        [
            0.04594867676496506,
            -0.7740261554718018,
            -0.1708722710609436
        ],
        [
            0.04919098690152168,
            -0.7889717817306519,
            -0.15402106940746307
        ],
        [
            0.040334295481443405,
            -0.7679356336593628,
            -0.14555874466896057
        ],
        [
            0.047050341963768005,
            -0.7914131879806519,
            -0.14508813619613647
        ],
        [
            0.02661903202533722,
            -0.7346280813217163,
            -0.13641205430030823
        ],
        [
            0.029595162719488144,
            -0.7261067628860474,
            -0.12960949540138245
        ],
        [
            0.04044504091143608,
            -0.7369015216827393,
            -0.11949659138917923
        ],
        [
            0.03881559893488884,
            -0.7454450726509094,
            -0.12678317725658417
        ],
        [
            0.046233903616666794,
            -0.7787533402442932,
            -0.18140476942062378
        ],
        [
            0.05012361705303192,
            -0.8348991870880127,
            -0.2113490253686905
        ],
        [
            0.04471245035529137,
            -0.8314126133918762,
            -0.22137120366096497
        ],
        [
            0.051919516175985336,
            -0.8245239853858948,
            -0.20379239320755005
        ],
        [
            0.0556877925992012,
            -0.8970934748649597,
            -0.2147165983915329
        ],
        [
            0.048577941954135895,
            -0.8868409395217896,
            -0.22888129949569702
        ],
        [
            0.05594389885663986,
            -0.8745613694190979,
            -0.218075230717659
        ],
        [
            0.06176052615046501,
            -0.8857028484344482,
            -0.2060948759317398
        ],
        [
            0.028023608028888702,
            -0.9278587102890015,
            -0.23242995142936707
        ],
        [
            0.02245260216295719,
            -0.9075775146484375,
            -0.25147753953933716
        ],
        [
            0.035214830189943314,
            -0.8988618850708008,
            -0.24127601087093353
        ],
        [
            0.041668958961963654,
            -0.9146479368209839,
            -0.2262614369392395
        ],
        [
            0.06511934101581573,
            -0.8915601968765259,
            -0.19426102936267853
        ],
        [
            0.06816817820072174,
            -0.8991310596466064,
            -0.17752432823181152
        ],
        [
            0.06469395756721497,
            -0.916461706161499,
            -0.1764608919620514
        ],
        [
            0.060466401278972626,
            -0.9092299938201904,
            -0.19724413752555847
        ],
        [
            0.053572043776512146,
            -0.9382718801498413,
            -0.17601057887077332
        ],
        [
            0.048810698091983795,
            -0.929726243019104,
            -0.2013731747865677
        ],
        [
            0.04602193087339401,
            -0.7826147079467773,
            -0.13005921244621277
        ],
        [
            0.04859995096921921,
            -0.7999507784843445,
            -0.13479551672935486
        ],
        [
            0.036841414868831635,
            -0.755292534828186,
            -0.13664522767066956
        ],
        [
            0.044690098613500595,
            -0.7680745124816895,
            -0.12425761669874191
        ],
        [
            0.03663290664553642,
            -0.9549709558486938,
            -0.1745307445526123
        ],
        [
            0.031753405928611755,
            -0.9462032318115234,
            -0.20512135326862335
        ],
        [
            0.062147434800863266,
            -0.89649498462677,
            -0.12351756542921066
        ],
        [
            0.06454795598983765,
            -0.9100551605224609,
            -0.1372300088405609
        ],
        [
            0.06845542788505554,
            -0.8922863006591797,
