{
    "pred_cam": [
        1.5522232055664062,
        0.17524872720241547,
        0.31533217430114746
    ],
    "pred_smpl_params": {
        "global_orient": [
            [
                [
                    -0.9127592444419861,
                    -0.015608820132911205,
                    -0.40819957852363586
                ],
                [
                    0.12515601515769958,
                    -0.9618993997573853,
                    -0.24307523667812347
                ],
                [
                    -0.3888527750968933,
                    -0.27295780181884766,
                    0.8799360990524292
                ]
            ]
        ],
        "body_pose": [
            [
                [
                    0.9888662695884705,
                    -0.026406560093164444,
                    -0.1464453786611557
                ],
                [
                    0.06538545340299606,
                    0.961141049861908,
                    0.26820263266563416
                ],
                [
                    0.13367235660552979,
                    -0.2747918963432312,
                    0.9521665573120117
                ]
            ],
            [
                [
                    0.9900518655776978,
                    -0.06762222200632095,
                    -0.12338770925998688
                ],
                [
                    0.10383187979459763,
                    0.9429385662078857,
                    0.3163633942604065
                ],
                [
                    0.09495384246110916,
                    -0.3260277509689331,
                    0.9405794143676758
                ]
            ],
            [
                [
                    0.9950764775276184,
                    0.0691458061337471,
                    0.07100511342287064
                ],
                [
                    -0.045916423201560974,
                    0.9565284848213196,
                    -0.2880016267299652
                ],
                [
                    -0.08783252537250519,
                    0.28332334756851196,
                    0.9549939036369324
                ]
            ],
            [
                [
                    0.964199423789978,
                    -0.19176487624645233,
                    -0.18315492570400238
                ],
                [
                    -0.09971440583467484,
                    0.37780439853668213,
                    -0.9205003380775452
                ],
                [
                    0.24571636319160461,
                    0.9058090448379517,
                    0.34515705704689026
                ]
            ],
            [
                [
                    0.9302578568458557,
                    -0.345773845911026,
                    0.12272246927022934
                ],
                [
                    0.16983278095722198,
                    0.10930512100458145,
                    -0.9793923497200012
                ],
                [
                    0.3252340257167816,
                    0.9319297075271606,
                    0.16040568053722382
                ]
            ],
            [
                [
                    0.9956300258636475,
                    0.07383397966623306,
                    0.05717771500349045
                ],
                [
                    -0.0715189203619957,
                    0.9965742230415344,
                    -0.04153113812208176
                ],
                [
                    -0.06004824489355087,
                    0.03726036101579666,
                    0.9974997639656067
                ]
            ],
            [
                [
                    0.9821010828018188,
                    -0.04049377515912056,
                    0.183950275182724
                ],
                [
                    0.015849433839321136,
                    0.9909199476242065,
                    0.13351620733737946
                ],
                [
                    -0.18768654763698578,
                    -0.1282109022140503,
                    0.9738253355026245
                ]
            ],
            [
                [
                    0.9685936570167542,
                    0.16233737766742706,
                    -0.18834233283996582
                ],
                [
                    -0.1023193821310997,
                    0.9505813717842102,
                    0.29313093423843384
                ],
                [
                    0.2266208380460739,
                    -0.2646537125110626,
                    0.937337338924408
                ]
            ],
            [
                [
                    0.9982491135597229,
                    0.04515964537858963,
                    0.03820125386118889
                ],
                [
                    -0.04364166408777237,
                    0.9982590079307556,
                    -0.0396784283220768
                ],
                [
                    -0.03992660716176033,
                    0.037941791117191315,
                    0.9984819889068604
                ]
            ],
            [
                [
                    0.9988827705383301,
                    -0.04463053122162819,
                    0.015535601414740086
                ],
                [
                    0.042023032903671265,
                    0.9892585873603821,
                    0.14000548422336578
                ],
                [
                    -0.02161724679172039,
                    -0.13919620215892792,
                    0.9900288581848145
                ]
            ],
            [
                [
                    0.9992004632949829,
                    -0.03746723011136055,
                    0.013952791690826416
                ],
                [
                    0.03558826446533203,
                    0.9925342798233032,
                    0.1166578084230423
                ],
                [
                    -0.018219470977783203,
                    -0.11606797575950623,
                    0.9930741190910339
                ]
            ],
            [
                [
                    0.9627273678779602,
                    0.012497742660343647,
                    0.27018478512763977
                ],
                [
                    -0.027308961376547813,
                    0.9983185529708862,
                    0.0511292926967144
                ],
                [
                    -0.26909148693084717,
                    -0.05660203471779823,
                    0.961449921131134
                ]
            ],
            [
                [
                    0.9162255525588989,
                    0.3807738721370697,
                    -0.12466787546873093
                ],
                [
                    -0.3669469654560089,
                    0.9224053025245667,
                    0.12049274146556854
                ],
                [
                    0.16087476909160614,
                    -0.06465201824903488,
                    0.9848551154136658
                ]
            ],
            [
                [
                    0.8840803503990173,
                    -0.4524555206298828,
                    0.11698706448078156
                ],
                [
                    0.45280393958091736,
                    0.8912561535835266,
                    0.02512010559439659
                ],
                [
                    -0.11563117802143097,
                    0.030764013528823853,
                    0.9928156733512878
                ]
            ],
            [
                [
                    0.9924400448799133,
                    0.05663944408297539,
                    0.10887912660837173
                ],
                [
                    -0.022046059370040894,
                    0.954984188079834,
                    -0.29583635926246643
                ],
                [
                    -0.12073385715484619,
                    0.29119953513145447,
                    0.9490132331848145
                ]
            ],
            [
                [
                    0.8178666234016418,
                    0.5184694528579712,
                    -0.2495671808719635
                ],
                [
                    -0.5128176212310791,
                    0.8534954786300659,
                    0.09253980964422226
                ],
                [
                    0.26098349690437317,
                    0.05229723080992699,
                    0.9639257192611694
                ]
            ],
            [
                [
                    0.5355179309844971,
                    -0.8038426041603088,
                    0.2589550018310547
                ],
                [
                    0.8295001983642578,
                    0.5582336187362671,
                    0.017453733831644058
                ],
                [
                    -0.15858744084835052,
                    0.2054564356803894,
                    0.9657317399978638
                ]
            ],
            [
                [
                    0.6963322162628174,
                    -0.19712570309638977,
                    -0.690118134021759
                ],
                [
                    0.2534584403038025,
                    0.9671288132667542,
                    -0.020510561764240265
                ],
                [
                    0.6714762449264526,
                    -0.16063405573368073,
                    0.7234061360359192
                ]
            ],
            [
                [
                    0.36930134892463684,
                    0.37272608280181885,
                    0.8512882590293884
                ],
                [
                    -0.21916908025741577,
                    0.925136148929596,
                    -0.3099806606769562
                ],
                [
                    -0.9030954241752625,
                    -0.07209981232881546,
                    0.42334407567977905
                ]
            ],
            [
                [
                    0.9924924969673157,
                    -0.11998245865106583,
                    0.023724980652332306
                ],
                [
                    0.12226797640323639,
                    0.9781527519226074,
                    -0.16812986135482788
                ],
                [
                    -0.003034022869542241,
                    0.16976843774318695,
                    0.9854792952537537
                ]
            ],
            [
                [
                    0.997754693031311,
                    0.06503622233867645,
                    0.01599268987774849
                ],
                [
                    -0.06491703540086746,
                    0.9978597164154053,
                    -0.007861752063035965
                ],
                [
                    -0.016469759866595268,
                    0.0068059018813073635,
                    0.9998411536216736
                ]
            ],
            [
                [
                    0.9808094501495361,
                    0.17592598497867584,
                    -0.08404095470905304
                ],
                [
                    -0.16252918541431427,
                    0.9758478403091431,
                    0.1459626704454422
                ],
                [
                    0.10768982023000717,
                    -0.12950246036052704,
                    0.9857138991355896
                ]
            ],
            [
                [
                    0.9725910425186157,
                    -0.20830585062503815,
                    0.10332202166318893
                ],
                [
                    0.1997496783733368,
                    0.975949227809906,
                    0.08731119334697723
                ],
                [
                    -0.11902447044849396,
                    -0.06427954137325287,
                    0.9908084869384766
                ]
            ]
        ],
        "betas": [
            -0.30184561014175415,
            -0.38064494729042053,
            0.030862122774124146,
            0.5221081972122192,
            0.25380951166152954,
            -0.0426151379942894,
            -0.10185620188713074,
            -0.04978802800178528,
            0.04807637631893158,
            -0.08427515625953674
        ]
    },
    "pred_cam_t": [
        0.17524872720241547,
        0.31533217430114746,
        25.165517807006836
    ],
    "focal_length": [
        5000.0,
        5000.0
    ],
    "pred_keypoints_3d": [
        [
            -0.25238558650016785,
            -0.7672510147094727,
            0.03684458136558533
        ],
        [
            -0.09503655135631561,
            -0.7111421227455139,
            -0.053425468504428864
        ],
        [
            0.08006365597248077,
            -0.6587764024734497,
            0.05237456038594246
        ],
        [
            0.16137179732322693,
            -0.4270625710487366,
            0.0885024219751358
        ],
        [
            0.04647336155176163,
            -0.3425002992153168,
            0.29170548915863037
        ],
        [
            -0.21093180775642395,
            -0.5635656714439392,
            -0.13331905007362366
        ],
        [
            -0.2900170683860779,
            -0.32210052013397217,
            -0.12896478176116943
        ],
        [
            -0.46484148502349854,
            -0.22782236337661743,
            0.010433942079544067
        ],
        [
            -0.001858060946688056,
            -0.22602219879627228,
            0.0291181318461895
        ],
        [
            0.06315775215625763,
            -0.14719408750534058,
            0.0766896978020668
        ],
        [
            0.032865993678569794,
            0.166290283203125,
            0.27241912484169006
        ],
        [
            -0.0012607201933860779,
            0.36146828532218933,
            -0.05841672420501709
        ],
        [
            -0.0615108385682106,
            -0.12845933437347412,
            0.021146822720766068
        ],
        [
            -0.1345248818397522,
            0.1861509382724762,
            0.18640631437301636
        ],
        [
            -0.11812873184680939,
            0.462233304977417,
            -0.08173123002052307
        ],
        [
            -0.22893792390823364,
            -0.822001576423645,
            0.04434428736567497
        ],
        [
            -0.26442623138427734,
            -0.8052818775177002,
            -0.00923688244074583
        ],
        [
            -0.12965410947799683,
            -0.852361261844635,
            0.021912500262260437
        ],
        [
            -0.21102964878082275,
            -0.8162552118301392,
            -0.09497658908367157
        ],
        [
            -0.15517744421958923,
            0.5991966724395752,
            0.053941935300827026
        ],
        [
            -0.21022850275039673,
            0.5729918479919434,
            -0.002475738525390625
        ],
        [
            -0.1166546493768692,
            0.45787060260772705,
            -0.14998257160186768
        ],
        [
            -0.03915932774543762,
            0.504928708076477,
            0.0671655535697937
        ],
        [
            0.039772383868694305,
            0.4940754771232605,
            0.03462892770767212
        ],
        [
            0.009760580956935883,
            0.36134082078933716,
            -0.12819111347198486
        ],
        [
            0.03301486372947693,
            0.31757915019989014,
            -0.03608803078532219
        ],
        [
            0.03865949809551239,
            0.11729539185762405,
            0.26092031598091125
        ],
        [
            0.14134562015533447,
            -0.2707364559173584,
            0.06548704206943512
        ],
        [
            -0.12705892324447632,
            -0.21665836870670319,
            -0.057668861001729965
        ],
        [
            -0.14185424149036407,
            0.1522417515516281,
            0.17495553195476532
        ],
        [
            -0.12503549456596375,
            0.4187382459640503,
            -0.08262313157320023
        ],
        [
            0.03412969037890434,
            -0.37219586968421936,
            0.2733042240142822
        ],
        [
            0.16709379851818085,
            -0.45841050148010254,
            0.1180778369307518
        ],
        [
            0.04266969859600067,
            -0.6823643445968628,
            0.030014649033546448
        ],
        [
            -0.19733038544654846,
            -0.6037241220474243,
            -0.1343669891357422
        ],
        [
            -0.32334330677986145,
            -0.3592354953289032,
            -0.13510465621948242
        ],
        [
            -0.46491795778274536,
            -0.24831198155879974,
            0.005967875011265278
        ],
        [
            -0.09336686879396439,
            -0.6972354054450989,
            -0.05127040296792984
        ],
        [
            -0.20745475590229034,
            -0.8758934736251831,
            -0.03142388164997101
        ],
        [
            0.006681494880467653,
            -0.2432306706905365,
            0.003390724305063486
        ],
        [
            -0.07573853433132172,
            -0.641132652759552,
            -0.04878868907690048
        ],
        [
            -0.016926631331443787,
            -0.48158591985702515,
            -0.04205881804227829
        ],
        [
            -0.18807274103164673,
            -0.7650559544563293,
            -0.012643937952816486
        ],
        [
            -0.206544429063797,
            -0.8965433835983276,
            -0.03330208733677864
        ]
    ],
    "pred_vertices": [
        [
            -0.28969502449035645,
            -0.8448194861412048,
            -0.017725558951497078
        ],
        [
            -0.28497883677482605,
            -0.8314047455787659,
            -0.009127384051680565
        ],
        [
            -0.2825336158275604,
            -0.828300952911377,
            -0.022770335897803307
        ],
        [
            -0.2838245630264282,
            -0.839401364326477,
            -0.03330579772591591
        ],
        [
            -0.2812573313713074,
            -0.8190994262695312,
            -0.016282949596643448
        ],
        [
            -0.2815248966217041,
            -0.8205246329307556,
            -0.004420347046107054
        ],
        [
            -0.2761554718017578,
            -0.8242934942245483,
            -0.03423643112182617
        ],
        [
            -0.27473434805870056,
            -0.8328021764755249,
            -0.045294325798749924
        ],
        [
            -0.25722113251686096,
            -0.7932175397872925,
            -0.046287745237350464
        ],
        [
            -0.25046131014823914,
            -0.7907999157905579,
            -0.054912958294153214
        ],
        [
            -0.2560690641403198,
            -0.8019212484359741,
            -0.05321912467479706
        ],
        [
            -0.26013410091400146,
            -0.8017337322235107,
            -0.043902114033699036
        ],
        [
            -0.2431946098804474,
            -0.7713240385055542,
            -0.04646923020482063
        ],
        [
            -0.242376908659935,
            -0.7619361877441406,
            -0.03634997457265854
        ],
        [
            -0.23276600241661072,
            -0.7562671303749084,
            -0.04348961263895035
        ],
        [
            -0.23206566274166107,
            -0.7656377553939819,
            -0.053196366876363754
        ],
        [
            -0.24844792485237122,
            -0.7758127450942993,
            0.0023237820714712143
        ],
        [
            -0.2476775348186493,
            -0.7688611149787903,
            -0.0023694951087236404
        ],
        [
            -0.2519511282444,
            -0.773985743522644,
            -0.006062207743525505
        ],
        [
            -0.25168296694755554,
            -0.7805985808372498,
            -0.0008516074158251286
        ],
        [
            -0.25193238258361816,
            -0.7851009368896484,
            0.01371425949037075
        ],
        [
            -0.25222882628440857,
            -0.7908610105514526,
            0.010865014046430588
        ],
        [
            -0.2553280293941498,
            -0.7939757108688354,
            0.01759009063243866
        ],
        [
            -0.25587379932403564,
            -0.7870413064956665,
            0.0203957911580801
        ],
        [
            -0.24364802241325378,
            -0.7724300026893616,
            0.006843232549726963
        ],
        [
            -0.24248018860816956,
            -0.7654551267623901,
            0.0016343453899025917
        ],
        [
            -0.24953468143939972,
            -0.7816200256347656,
            0.006888167932629585
        ],
        [
            -0.24794581532478333,
            -0.7775275707244873,
            0.010320971719920635
        ],
        [
            -0.25194692611694336,
            -0.7696453332901001,
            0.018778881058096886
        ],
        [
            -0.2536327838897705,
            -0.773881733417511,
            0.01655847206711769
        ],
        [
            -0.2574935853481293,
            -0.7735744714736938,
            0.023347316309809685
        ],
        [
            -0.2539864480495453,
            -0.7691078782081604,
            0.02413122169673443
        ],
        [
            -0.24598261713981628,
            -0.7711222171783447,
            0.01118983794003725
        ],
        [
            -0.2496931254863739,
            -0.7727233171463013,
            0.01227116771042347
        ],
        [
            -0.2485557496547699,
            -0.769359827041626,
            0.015759697183966637
        ],
        [
            -0.24436983466148376,
            -0.7688306570053101,
            0.015125293284654617
        ],
        [
            -0.25206685066223145,
            -0.7805639505386353,
            0.015849443152546883
        ],
        [
            -0.25673168897628784,
            -0.7807821035385132,
            0.02219771035015583
        ],
        [
            -0.2606630027294159,
            -0.7809569835662842,
            0.02949117310345173
        ],
        [
            -0.25986114144325256,
            -0.7721501588821411,
            0.030981888994574547
        ],
        [
            -0.2427738755941391,
            -0.7558363676071167,
            -0.01426694169640541
        ],
        [
            -0.24636125564575195,
            -0.7619911432266235,
            -0.008142609149217606
        ],
        [
            -0.2416461706161499,
            -0.7589845061302185,
            -0.0037296521477401257
        ],
        [
            -0.23962292075157166,
            -0.7536613345146179,
            -0.008989166468381882
        ],
        [
            -0.24094738066196442,
            -0.7668322920799255,
            0.01235521212220192
        ],
        [
            -0.2361854761838913,
            -0.7515838146209717,
            0.010139339603483677
        ],
        [
            -0.23802709579467773,
            -0.7548705339431763,
            0.009873716160655022
        ],
        [
            -0.23829035460948944,
            -0.7559231519699097,
            0.01700682006776333
        ],
        [
            -0.23674216866493225,
            -0.7527486085891724,
            0.01659538596868515
        ],
        [
            -0.23268741369247437,
            -0.7445492744445801,
            -0.02277735061943531
        ],
        [
            -0.23261292278766632,
            -0.7436419725418091,
            -0.01567748561501503
        ],
        [
            -0.22793065011501312,
            -0.7382065653800964,
            -0.017233707010746002
        ],
        [
            -0.2262137532234192,
            -0.7385749816894531,
            -0.02436433732509613
        ],
        [
            -0.22335048019886017,
            -0.7342398166656494,
            -0.015503793954849243
        ],
        [
            -0.21955645084381104,
            -0.7332589626312256,
            -0.024656374007463455
        ],
        [
            -0.20868529379367828,
            -0.7230252027511597,
            -0.016606580466032028
        ],
        [
            -0.21373824775218964,
            -0.7273817658424377,
            -0.020768869668245316
        ],
        [
            -0.21921013295650482,
            -0.7301396131515503,
            -0.011836721561849117
        ],
        [
            -0.2166014462709427,
            -0.7257817983627319,
            -0.00557818403467536
        ],
        [
            -0.21898357570171356,
            -0.7299827337265015,
            0.008595263585448265
        ],
        [
            -0.21749624609947205,
            -0.7295109033584595,
            0.014748807065188885
        ],
        [
            -0.21286039054393768,
            -0.718370795249939,
            0.01036140788346529
        ],
        [
            -0.21472924947738647,
            -0.7211513519287109,
            0.0029283096082508564
        ],
        [
            -0.2308732569217682,
            -0.7476463317871094,
            0.007632104679942131
        ],
        [
            -0.23073570430278778,
            -0.7476789355278015,
            0.0028504356741905212
        ],
        [
            -0.2332414835691452,
            -0.7481200695037842,
            0.0038456199690699577
        ],
        [
            -0.23410965502262115,
            -0.7490794658660889,
            0.008972812443971634
        ],
        [
            -0.23094524443149567,
            -0.7472409009933472,
            -0.0010560196824371815
        ],
        [
            -0.23106645047664642,
            -0.7468557357788086,
            -0.0028113345615565777
        ],
        [
            -0.23246830701828003,
            -0.7476012110710144,
            -0.0020331055857241154
        ],
        [
            -0.23181279003620148,
            -0.7476741075515747,
            -0.0008150655776262283
        ],
        [
            -0.231159970164299,
            -0.7476390600204468,
            0.0011882488615810871
        ],
        [
            -0.23012959957122803,
            -0.7460434436798096,
            0.002297261729836464
        ],
        [
            -0.23055164515972137,
            -0.74658203125,
            -1.569371670484543e-05
        ],
        [
            -0.23016062378883362,
            -0.7452222108840942,
            0.006780114956200123
        ],
        [
            -0.22805605828762054,
            -0.7438962459564209,
            0.021889623254537582
        ],
        [
            -0.22975677251815796,
            -0.7436650395393372,
            0.01754351705312729
        ],
        [
            -0.2302759885787964,
            -0.7482470870018005,
            0.018048100173473358
        ],
        [
            -0.22885924577713013,
            -0.7487990856170654,
            0.02188732475042343
        ],
        [
            -0.23341351747512817,
            -0.7491892576217651,
            0.000657182652503252
        ],
        [
            -0.23531004786491394,
            -0.7500568628311157,
            -0.002151921857148409
        ],
        [
            -0.23721472918987274,
            -0.752234697341919,
            0.0027348012663424015
        ],
        [
            -0.23507259786128998,
            -0.7502384781837463,
            0.003461906686425209
        ],
        [
            -0.23737163841724396,
            -0.7510864734649658,
            -0.004618651699274778
        ],
        [
            -0.23360008001327515,
            -0.7483648061752319,
            -0.004273629747331142
        ],
        [
            -0.2344675064086914,
            -0.7486201524734497,
            -0.006696940865367651
        ],
        [
            -0.23002563416957855,
            -0.7454718947410583,
            -0.0022678114473819733
        ],
        [
            -0.22943665087223053,
            -0.7439184188842773,
            -0.005218740552663803
        ],
        [
            -0.2316674143075943,
            -0.7457014322280884,
            -0.0052557517774403095
        ],
        [
            -0.2274065911769867,
            -0.7413169145584106,
            -0.003173333592712879
        ],
        [
            -0.2287984937429428,
            -0.7440187931060791,
            0.0004378305748105049
        ],
        [
            -0.22841763496398926,
            -0.7422552108764648,
            0.004899836145341396
        ],
        [
            -0.228053018450737,
            -0.7407379150390625,
            0.010634792037308216
        ],
        [
            -0.22481980919837952,
            -0.7368921041488647,
            0.0071562957018613815
        ],
        [
            -0.22602683305740356,
            -0.7387526035308838,
            0.0012551182880997658
        ],
        [
            -0.23878920078277588,
            -0.7556213140487671,
            0.0009420551359653473
        ],
        [
            -0.23195141553878784,
            -0.7448312044143677,
            -0.009766088798642159
        ],
        [
            -0.23650071024894714,
            -0.7495471239089966,
            -0.012832633219659328
        ],
        [
            -0.22895614802837372,
            -0.7409842014312744,
            -0.01007675752043724
        ],
        [
            -0.22571687400341034,
            -0.7376807332038879,
            -0.008331880904734135
        ],
        [
            -0.22284185886383057,
            -0.7346909642219543,
            -0.004064901731908321
        ],
        [
            -0.22104549407958984,
            -0.73191237449646,
            0.002139601856470108
        ],
        [
            -0.20153480768203735,
            -0.7140676975250244,
            0.0025517132598906755
        ],
        [
            -0.20528650283813477,
            -0.7177367210388184,
            -0.006262068636715412
        ],
        [
            -0.27540111541748047,
            -0.8155783414840698,
            -0.0045291767455637455
        ],
        [
            -0.27728965878486633,
            -0.8133764266967773,
            -0.012959630228579044
        ],
        [
            -0.27042829990386963,
            -0.8080301284790039,
            -0.01607036218047142
        ],
        [
            -0.27296531200408936,
            -0.8095369338989258,
            -0.01824791356921196
        ],
        [
            -0.2726832926273346,
            -0.8111185431480408,
            -0.011416553519666195
        ],
        [
            -0.2706395089626312,
            -0.8090158700942993,
            -0.011504699476063251
        ],
        [
            -0.2624751329421997,
            -0.8032490015029907,
            -0.0357511080801487
        ],
        [
            -0.26422157883644104,
            -0.8045763969421387,
            -0.029189180582761765
        ],
        [
            -0.2614325284957886,
            -0.8016341328620911,
            -0.030153430998325348
        ],
        [
            -0.25994959473609924,
            -0.797028660774231,
            -0.03744838386774063
        ],
        [
            -0.2596815824508667,
            -0.7941845059394836,
            -0.02012389525771141
        ],
        [
            -0.25994250178337097,
            -0.7953699827194214,
            -0.025412917137145996
        ],
        [
            -0.2631770074367523,
            -0.8013255000114441,
            -0.021041175350546837
        ],
        [
            -0.263042151927948,
            -0.8004654049873352,
            -0.017155403271317482
        ],
        [
            -0.26238375902175903,
            -0.8003238439559937,
            -0.012986857444047928
        ],
        [
            -0.2611219882965088,
            -0.8010482788085938,
            -0.008770369924604893
        ],
        [
            -0.2583716809749603,
            -0.7963963150978088,
            -0.009306702762842178
        ],
        [
            -0.259147584438324,
            -0.7948848009109497,
            -0.014474360272288322
        ],
        [
            -0.2711866796016693,
            -0.8132642507553101,
            -0.005561592057347298
        ],
        [
            -0.2668640911579132,
            -0.8145011067390442,
            0.000292191281914711
        ],
        [
            -0.265699565410614,
            -0.8117302656173706,
            -0.001182270236313343
        ],
        [
            -0.2694421708583832,
            -0.8104637265205383,
            -0.005947616882622242
        ],
        [
            -0.2540722191333771,
            -0.8102803230285645,
            0.004421675577759743
        ],
        [
            -0.2565694749355316,
            -0.8117894530296326,
            0.0040288399904966354
        ],
        [
            -0.25635987520217896,
            -0.8135952949523926,
            0.007513495162129402
        ],
        [
            -0.2533099353313446,
            -0.8100509643554688,
            0.007771309465169907
        ],
        [
            -0.2529807984828949,
            -0.8067500591278076,
            0.006012657657265663
        ],
        [
            -0.2542017698287964,
            -0.8082840442657471,
            0.0036413725465536118
        ],
        [
            -0.29407835006713867,
            -0.8658776879310608,
            -0.012170489877462387
        ],
        [
            -0.2901076674461365,
            -0.850279688835144,
            -0.0022265659645199776
        ],
        [
            -0.2892405390739441,
            -0.8606016635894775,
            -0.03094623237848282
        ],
        [
            -0.2807757258415222,
            -0.8528523445129395,
            -0.04543554410338402
        ],
        [
            -0.27191615104675293,
            -0.8418284058570862,
            -0.05695969611406326
        ],
        [
            -0.23283085227012634,
            -0.7490421533584595,
            -0.03263843432068825
        ],
        [
            -0.22502829134464264,
            -0.7430119514465332,
            -0.036806561052799225
        ],
        [
            -0.22261369228363037,
            -0.7515450716018677,
            -0.05003075674176216
        ],
        [
            -0.21372056007385254,
            -0.7446240186691284,
            -0.050518035888671875
        ],
        [
            -0.21639159321784973,
            -0.7359268665313721,
            -0.03681505471467972
        ],
        [
            -0.19980405271053314,
            -0.7234960794448853,
            -0.026262130588293076
        ],
        [
            -0.20806556940078735,
            -0.7287472486495972,
            -0.03325100243091583
        ],
        [
            -0.20352928340435028,
            -0.7382992506027222,
            -0.049228210002183914
        ],
        [
            -0.2016165405511856,
            -0.7519352436065674,
            -0.06510050594806671
        ],
        [
            -0.21114301681518555,
            -0.7556291818618774,
            -0.062486208975315094
        ],
        [
            -0.20082606375217438,
            -0.7690984010696411,
            -0.07599114626646042
        ],
        [
            -0.18831339478492737,
            -0.7494361400604248,
            -0.06649936735630035
        ],
        [
            -0.19264735281467438,
            -0.7720461487770081,
            -0.07794472575187683
        ],
        [
            -0.1709134727716446,
            -0.7208051085472107,
            -0.045959264039993286
        ],
        [
            -0.1662743091583252,
            -0.7113878726959229,
            -0.04721511900424957
        ],
        [
            -0.16626757383346558,
            -0.7178773283958435,
            -0.06495244801044464
        ],
        [
            -0.17078737914562225,
            -0.727723240852356,
            -0.06375401467084885
        ],
        [
            -0.2214801162481308,
            -0.7600091099739075,
            -0.05964265018701553
        ],
        [
            -0.2566148340702057,
            -0.813946008682251,
            -0.05910950154066086
        ],
        [
            -0.26215827465057373,
            -0.8109484910964966,
            -0.04956118017435074
        ],
        [
            -0.24825304746627808,
            -0.8035067915916443,
            -0.06189116835594177
        ],
        [
            -0.2691989839076996,
            -0.8734637498855591,
            -0.07343593239784241
        ],
        [
            -0.27709633111953735,
            -0.8647719025611877,
            -0.05932256579399109
        ],
        [
            -0.2687718868255615,
            -0.851615846157074,
            -0.06792309880256653
        ],
        [
            -0.2619933784008026,
            -0.8617311716079712,
            -0.08021905273199081
        ],
        [
            -0.27795568108558655,
            -0.9085771441459656,
            -0.0459752082824707
        ],
        [
            -0.2901204228401184,
            -0.8886756896972656,
            -0.02975223772227764
        ],
        [
            -0.2840974032878876,
            -0.8783977031707764,
            -0.04363776743412018
        ],
        [
            -0.2755770683288574,
            -0.8934061527252197,
            -0.058425456285476685
        ],
        [
            -0.2538614273071289,
            -0.8668231964111328,
            -0.09004156291484833
        ],
        [
            -0.2408330887556076,
            -0.8746228218078613,
            -0.10135308653116226
        ],
        [
            -0.24052956700325012,
            -0.8919801712036133,
            -0.1023578941822052
        ],
        [
            -0.2569214105606079,
            -0.8851582407951355,
            -0.0874844491481781
        ],
        [
            -0.23821808397769928,
            -0.9159467220306396,
            -0.09578530490398407
        ],
        [
            -0.2584417164325714,
            -0.9074357748031616,
            -0.07881151884794235
        ],
        [
            -0.17876273393630981,
            -0.7633066177368164,
            -0.08047224581241608
        ],
        [
            -0.18466785550117493,
            -0.7811595797538757,
            -0.08461122214794159
        ],
        [
            -0.17823533713817596,
            -0.7382519245147705,
            -0.061865128576755524
        ],
        [
            -0.17330709099769592,
            -0.7484352588653564,
            -0.07750772684812546
        ],
        [
            -0.2319708615541458,
            -0.9354020953178406,
            -0.08402930945158005
        ],
        [
            -0.2567414343357086,
            -0.9270651340484619,
            -0.06477136164903641
        ],
        [
            -0.189402773976326,
            -0.8751510381698608,
            -0.12018496543169022
        ],
        [
            -0.20413541793823242,
            -0.8875037431716919,
            -0.11767374724149704
        ],
        [
            -0.21337972581386566,
