{
    "pred_cam": [
        1.550849199295044,
        0.18710710108280182,
        0.31294572353363037
    ],
    "pred_smpl_params": {
        "global_orient": [
            [
                [
                    -0.906907320022583,
                    -0.03950979933142662,
                    -0.4194735288619995
                ],
                [
                    0.14425422251224518,
                    -0.9645393490791321,
                    -0.22103050351142883
                ],
                [
                    -0.39586588740348816,
                    -0.2609650194644928,
                    0.880447268486023
                ]
            ]
        ],
        "body_pose": [
            [
                [
                    0.9882602691650391,
                    -0.05208788812160492,
                    -0.1436263471841812
                ],
                [
                    0.08924804627895355,
                    0.9598326086997986,
                    0.2660001814365387
                ],
                [
                    0.1240018680691719,
                    -0.2756957709789276,
                    0.9532131552696228
                ]
            ],
            [
                [
                    0.9867236018180847,
                    -0.09475456178188324,
                    -0.1319015473127365
                ],
                [
                    0.1310502588748932,
                    0.9442464113235474,
                    0.3020339012145996
                ],
                [
                    0.09592848271131516,
                    -0.3153097331523895,
                    0.9441278576850891
                ]
            ],
            [
                [
                    0.9942494034767151,
                    0.08548224717378616,
                    0.06450429558753967
                ],
                [
                    -0.06236720085144043,
                    0.9518619179725647,
                    -0.30011528730392456
                ],
                [
                    -0.08705370873212814,
                    0.2943665087223053,
                    0.9517194032669067
                ]
            ],
            [
                [
                    0.9639781713485718,
                    -0.18501543998718262,
                    -0.19109000265598297
                ],
                [
                    -0.08701026439666748,
                    0.45955243706703186,
                    -0.8838782906532288
                ],
                [
                    0.25134700536727905,
                    0.8686661720275879,
                    0.4269002676010132
                ]
            ],
            [
                [
                    0.9258465766906738,
                    -0.3629715144634247,
                    0.1051655113697052
                ],
                [
                    0.17496924102306366,
                    0.16507388651371002,
                    -0.9706370830535889
                ],
                [
                    0.33495357632637024,
                    0.9170617461204529,
                    0.21634194254875183
                ]
            ],
            [
                [
                    0.996048092842102,
                    0.07483407109975815,
                    0.047833047807216644
                ],
                [
                    -0.07322070002555847,
                    0.9967141151428223,
                    -0.03463762253522873
                ],
                [
                    -0.05026794597506523,
                    0.03099837154150009,
                    0.9982545971870422
                ]
            ],
            [
                [
                    0.9822424650192261,
                    -0.012843376956880093,
                    0.18717575073242188
                ],
                [
                    -0.0054177758283913136,
                    0.9952964186668396,
                    0.09672481566667557
                ],
                [
                    -0.18753762543201447,
                    -0.09602130204439163,
                    0.9775528311729431
                ]
            ],
            [
                [
                    0.9695220589637756,
                    0.15625923871994019,
                    -0.188706174492836
                ],
                [
                    -0.10013553500175476,
                    0.9556726217269897,
                    0.2768804132938385
                ],
                [
                    0.2236064225435257,
                    -0.24954546988010406,
                    0.942192792892456
                ]
            ],
            [
                [
                    0.9987800121307373,
                    0.04274824634194374,
                    0.02472001686692238
                ],
                [
                    -0.041878871619701385,
                    0.9985206723213196,
                    -0.03467767685651779
                ],
                [
                    -0.026165859773755074,
                    0.03360012546181679,
                    0.9990927577018738
                ]
            ],
            [
                [
                    0.998003363609314,
                    -0.061622343957424164,
                    0.013857456855475903
                ],
                [
                    0.05927109718322754,
                    0.9895249605178833,
                    0.13163350522518158
                ],
                [
                    -0.021823864430189133,
                    -0.1305493265390396,
                    0.991201639175415
                ]
            ],
            [
                [
                    0.9993137717247009,
                    -0.03370514139533043,
                    0.015360888093709946
                ],
                [
                    0.03173631802201271,
                    0.9929580092430115,
                    0.11413704603910446
                ],
                [
                    -0.01909971982240677,
                    -0.11357121914625168,
                    0.9933462738990784
                ]
            ],
            [
                [
                    0.9580549001693726,
                    0.005415325053036213,
                    0.2865336239337921
                ],
                [
                    -0.017539191991090775,
                    0.9990552067756653,
                    0.03976251929998398
                ],
                [
                    -0.2860475778579712,
                    -0.04312024265527725,
                    0.9572446942329407
                ]
            ],
            [
                [
                    0.9250945448875427,
                    0.3479667603969574,
                    -0.15205010771751404
                ],
                [
                    -0.3330712616443634,
                    0.935836672782898,
                    0.1152096688747406
                ],
                [
                    0.182383194565773,
                    -0.055936314165592194,
                    0.9816351532936096
                ]
            ],
            [
                [
                    0.8990974426269531,
                    -0.41482076048851013,
                    0.13981255888938904
                ],
                [
                    0.4145441949367523,
                    0.9094489812850952,
                    0.0324912965297699
                ],
                [
                    -0.14063045382499695,
                    0.02874564565718174,
                    0.9896447658538818
                ]
            ],
            [
                [
                    0.9906536340713501,
                    0.06033976376056671,
                    0.12232930213212967
                ],
                [
                    -0.021969618275761604,
                    0.955708384513855,
                    -0.29349419474601746
                ],
                [
                    -0.1346205174922943,
                    0.28806355595588684,
                    0.9481016397476196
                ]
            ],
            [
                [
                    0.8329280614852905,
                    0.4965450167655945,
                    -0.24428243935108185
                ],
                [
                    -0.48928210139274597,
                    0.8670349717140198,
                    0.0940922424197197
                ],
                [
                    0.2585224509239197,
                    0.04115096107125282,
                    0.9651283621788025
                ]
            ],
            [
                [
                    0.536870539188385,
                    -0.7898419499397278,
                    0.2965124547481537
                ],
                [
                    0.822403609752655,
                    0.5683584213256836,
                    0.02491973340511322
                ],
                [
                    -0.18820799887180328,
                    0.23047426342964172,
                    0.9547037482261658
                ]
            ],
            [
                [
                    0.6927213668823242,
                    -0.19068042933940887,
                    -0.6955415606498718
                ],
                [
                    0.25091344118118286,
                    0.9678862690925598,
                    -0.0154467998072505
                ],
                [
                    0.6761505603790283,
                    -0.16382038593292236,
                    0.7183197736740112
                ]
            ],
            [
                [
                    0.23308336734771729,
                    0.38869649171829224,
                    0.891396164894104
                ],
                [
                    -0.18780843913555145,
                    0.9173791408538818,
                    -0.3509180545806885
                ],
                [
                    -0.9541488885879517,
                    -0.08561857044696808,
                    0.28682631254196167
                ]
            ],
            [
                [
                    0.9899269938468933,
                    -0.14065994322299957,
                    0.016104798763990402
                ],
                [
                    0.14128223061561584,
                    0.9740803837776184,
                    -0.17665421962738037
                ],
                [
                    0.009160804562270641,
                    0.17715008556842804,
                    0.9841412305831909
                ]
            ],
            [
                [
                    0.9953853487968445,
                    0.08873593062162399,
                    0.03652339056134224
                ],
                [
                    -0.08904579281806946,
                    0.9960033893585205,
                    0.00694325752556324
                ],
                [
                    -0.03576130047440529,
                    -0.010163470171391964,
                    0.9993087649345398
                ]
            ],
            [
                [
                    0.9814794659614563,
                    0.1705680638551712,
                    -0.0872049555182457
                ],
                [
                    -0.15634173154830933,
                    0.9762607216835022,
                    0.14990799129009247
                ],
                [
                    0.11070427298545837,
                    -0.13349781930446625,
                    0.9848467707633972
                ]
            ],
            [
                [
                    0.973084568977356,
                    -0.20418523252010345,
                    0.1068391427397728
                ],
                [
                    0.1963181346654892,
                    0.9772956967353821,
                    0.07970153540372849
                ],
                [
                    -0.12068731337785721,
                    -0.05658189207315445,
                    0.991076648235321
                ]
            ]
        ],
        "betas": [
            -0.31067270040512085,
            -0.42018964886665344,
            0.0661436915397644,
            0.5835098624229431,
            0.26775866746902466,
            -0.02530514821410179,
            -0.10654643177986145,
            -0.05764356255531311,
            0.04785430431365967,
            -0.0631759762763977
        ]
    },
    "pred_cam_t": [
        0.18710710108280182,
        0.31294572353363037,
        25.18781280517578
    ],
    "focal_length": [
        5000.0,
        5000.0
    ],
    "pred_keypoints_3d": [
        [
            -0.27375248074531555,
            -0.756524920463562,
            0.042740240693092346
        ],
        [
            -0.11432487517595291,
            -0.7088539004325867,
            -0.048625558614730835
        ],
        [
            0.06283295154571533,
            -0.6669014692306519,
            0.05602065101265907
        ],
        [
            0.1558055579662323,
            -0.4426293671131134,
            0.10505292564630508
        ],
        [
            0.010940253734588623,
            -0.38435861468315125,
            0.29737353324890137
        ],
        [
            -0.2287038266658783,
            -0.5593146085739136,
            -0.12442874908447266
        ],
        [
            -0.31163445115089417,
            -0.31968289613723755,
            -0.12201504409313202
        ],
        [
            -0.4818366765975952,
            -0.22639837861061096,
            0.02287288010120392
        ],
        [
            -0.001893789740279317,
            -0.22685885429382324,
            0.029303735122084618
        ],
        [
            0.06493792682886124,
            -0.14914165437221527,
            0.07639171928167343
        ],
        [
            0.034304842352867126,
            0.1703576296567917,
            0.2602008283138275
        ],
        [
            -0.006584383547306061,
            0.37010079622268677,
            -0.06595581769943237
        ],
        [
            -0.05897252634167671,
            -0.1278093159198761,
            0.019826538860797882
        ],
        [
            -0.13270090520381927,
            0.18994566798210144,
            0.17625373601913452
        ],
        [
            -0.11357298493385315,
            0.4827408790588379,
            -0.07175609469413757
        ],
        [
            -0.2525256872177124,
            -0.8119093179702759,
            0.05163586884737015
        ],
        [
            -0.28700441122055054,
            -0.7949994802474976,
            -0.0025169579312205315
        ],
        [
            -0.15419499576091766,
            -0.8468400239944458,
            0.030550740659236908
        ],
        [
            -0.2338874340057373,
            -0.8101698160171509,
            -0.08794510364532471
        ],
        [
            -0.15377281606197357,
            0.616006076335907,
            0.06705725193023682
        ],
        [
            -0.20729511976242065,
            0.5917096734046936,
            0.008218914270401001
        ],
        [
            -0.10969892889261246,
            0.481723427772522,
            -0.1402474045753479
        ],
        [
            -0.045214563608169556,
            0.5128684639930725,
            0.05991649627685547
        ],
        [
            0.033833879977464676,
            0.5033080577850342,
            0.026838600635528564
        ],
        [
            0.003561686724424362,
            0.3703431487083435,
            -0.13582533597946167
        ],
        [
            0.028406674042344093,
            0.3263961672782898,
            -0.0447663813829422
        ],
        [
            0.04039613530039787,
            0.12031648308038712,
            0.2500845193862915
        ],
        [
            0.14043594896793365,
            -0.27502164244651794,
            0.06723666191101074
        ],
        [
            -0.12565669417381287,
            -0.21542412042617798,
            -0.058540016412734985
        ],
        [
            -0.13987840712070465,
            0.15525184571743011,
            0.16488930583000183
        ],
        [
            -0.11987611651420593,
            0.43961596488952637,
            -0.0756867378950119
        ],
        [
            0.00244196318089962,
            -0.4124077558517456,
            0.27404549717903137
        ],
        [
            0.15794861316680908,
            -0.4759594202041626,
            0.13366983830928802
        ],
        [
            0.02474828064441681,
            -0.6876460313796997,
            0.034151509404182434
        ],
        [
            -0.21623536944389343,
            -0.5997840166091919,
            -0.12664711475372314
        ],
        [
            -0.3446844220161438,
            -0.35743850469589233,
            -0.1259988397359848
        ],
        [
            -0.4820021986961365,
            -0.24719175696372986,
            0.01874573715031147
        ],
        [
            -0.11308323591947556,
            -0.6964269876480103,
            -0.045664168894290924
        ],
        [
            -0.2329610288143158,
            -0.8684201240539551,
            -0.022723663598299026
        ],
        [
            0.006907142233103514,
            -0.2446247637271881,
            0.0038349959068000317
        ],
        [
            -0.09390271455049515,
            -0.6416146755218506,
            -0.0430411696434021
        ],
        [
            -0.02632289193570614,
            -0.48281097412109375,
            -0.039172857999801636
        ],
        [
            -0.20898205041885376,
            -0.7579959630966187,
            -0.006420171353965998
        ],
        [
            -0.23287230730056763,
            -0.8891416192054749,
            -0.024220295250415802
        ]
    ],
    "pred_vertices": [
        [
            -0.31401321291923523,
            -0.8337253332138062,
            -0.010322106070816517
        ],
        [
            -0.30881786346435547,
            -0.8203115463256836,
            -0.001986399292945862
        ],
        [
            -0.30617043375968933,
            -0.8176618814468384,
            -0.01570473052561283
        ],
        [
            -0.30786192417144775,
            -0.828893780708313,
            -0.025962358340620995
        ],
        [
            -0.3045586943626404,
            -0.8083317279815674,
            -0.009423620998859406
        ],
        [
            -0.30487489700317383,
            -0.8094863891601562,
            0.002513390965759754
        ],
        [
            -0.29957497119903564,
            -0.8141478300094604,
            -0.027210254222154617
        ],
        [
            -0.29843637347221375,
            -0.8229358196258545,
            -0.038061682134866714
        ],
        [
            -0.2792043387889862,
            -0.7841134071350098,
            -0.03974783793091774
        ],
        [
            -0.27235013246536255,
            -0.7821633815765381,
            -0.04841151088476181
        ],
        [
            -0.2784478962421417,
            -0.7930112481117249,
            -0.0465540885925293
        ],
        [
            -0.28255823254585266,
            -0.7924365997314453,
            -0.037256255745887756
        ],
        [
            -0.26440343260765076,
            -0.7627403736114502,
            -0.04043983668088913
        ],
        [
            -0.26321592926979065,
            -0.7531684637069702,
            -0.03052406758069992
        ],
        [
            -0.25338512659072876,
            -0.7480531334877014,
            -0.037753500044345856
        ],
        [
            -0.2530171275138855,
            -0.7576531171798706,
            -0.04726758599281311
        ],
        [
            -0.26999086141586304,
            -0.7659249305725098,
            0.008459003642201424
        ],
        [
            -0.26890677213668823,
            -0.7591181993484497,
            0.0036127446219325066
        ],
        [
            -0.27337896823883057,
            -0.7641458511352539,
            3.972090780735016e-06
        ],
        [
            -0.2733893096446991,
            -0.7706465721130371,
            0.005364410579204559
        ],
        [
            -0.27391481399536133,
            -0.7748380899429321,
            0.02000047080218792
        ],
        [
            -0.27442190051078796,
            -0.7806360125541687,
            0.0172698013484478
        ],
        [
            -0.27769261598587036,
            -0.7834664583206177,
            0.024043161422014236
        ],
        [
            -0.27797558903694153,
            -0.776472270488739,
            0.026694508269429207
        ],
        [
            -0.2650415003299713,
            -0.7626453638076782,
            0.01293993927538395
        ],
        [
            -0.2635723948478699,
            -0.7558333873748779,
            0.007589378394186497
        ],
        [
            -0.27129828929901123,
            -0.771583616733551,
            0.013145852833986282
        ],
        [
            -0.2696136236190796,
            -0.767512857913971,
            0.016470732167363167
        ],
        [
            -0.27333390712738037,
            -0.7592992186546326,
            0.024739624932408333
        ],
        [
            -0.2751942276954651,
            -0.763516902923584,
            0.022587217390537262
        ],
        [
            -0.2790512442588806,
            -0.7629096508026123,
            0.029348477721214294
        ],
        [
            -0.2753654718399048,
            -0.758564829826355,
            0.030064521357417107
        ],
        [
            -0.26740095019340515,
            -0.7611718773841858,
            0.017210472375154495
        ],
        [
            -0.27118822932243347,
            -0.762609601020813,
            0.018297959119081497
        ],
        [
            -0.2699182331562042,
            -0.7592285871505737,
            0.02173314057290554
        ],
        [
            -0.2657015919685364,
            -0.7588706016540527,
            0.021121563389897346
        ],
        [
            -0.2738679051399231,
            -0.7702643275260925,
            0.022042691707611084
        ],
        [
            -0.27858611941337585,
            -0.7701579332351685,
            0.028356844559311867
        ],
        [
            -0.28254956007003784,
            -0.7700201272964478,
            0.035630881786346436
        ],
        [
            -0.28140532970428467,
            -0.7612326145172119,
            0.03694498911499977
        ],
        [
            -0.2634352743625641,
            -0.7465639114379883,
            -0.008545059710741043
        ],
        [
            -0.26726463437080383,
            -0.7524451613426208,
            -0.0022994945757091045
        ],
        [
            -0.26244980096817017,
            -0.7495315074920654,
            0.002074980176985264
        ],
        [
            -0.26021045446395874,
            -0.7443945407867432,
            -0.003286693710833788
        ],
        [
            -0.2621973156929016,
            -0.7570619583129883,
            0.01832428388297558
        ],
        [
            -0.2567879557609558,
            -0.7420780062675476,
            0.01580752804875374
        ],
        [
            -0.2587701380252838,
            -0.7452892065048218,
            0.015594134107232094
        ],
        [
            -0.25911054015159607,
            -0.7461714148521423,
            0.022753331810235977
        ],
        [
            -0.2574172914028168,
            -0.7430738806724548,
            0.02228996716439724
        ],
        [
            -0.252902090549469,
            -0.7358612418174744,
            -0.017255740240216255
        ],
        [
            -0.2528141438961029,
            -0.7347925901412964,
            -0.010166517458856106
        ],
        [
            -0.24792183935642242,
            -0.7295775413513184,
            -0.011802837252616882
        ],
        [
            -0.24620988965034485,
            -0.7301833033561707,
            -0.018915973603725433
        ],
        [
            -0.24321037530899048,
            -0.7257446050643921,
            -0.010100712068378925
        ],
        [
            -0.23935270309448242,
            -0.725138783454895,
            -0.019235005602240562
        ],
        [
            -0.22805586457252502,
            -0.7151823043823242,
            -0.011255880817770958
        ],
        [
            -0.23329392075538635,
            -0.7194027900695801,
            -0.015394432470202446
        ],
        [
            -0.23888932168483734,
            -0.7217467427253723,
            -0.006473984569311142
        ],
        [
            -0.2360999584197998,
            -0.7173692584037781,
            -0.00026903487741947174
        ],
        [
            -0.2386544644832611,
            -0.7211645841598511,
            0.01397080160677433
        ],
        [
            -0.23718886077404022,
            -0.7206053733825684,
            0.02012806385755539
        ],
        [
            -0.23205354809761047,
            -0.7097526788711548,
            0.015535818412899971
        ],
        [
            -0.23406758904457092,
            -0.7126245498657227,
            0.008144266903400421
        ],
        [
            -0.2512530982494354,
            -0.7383757829666138,
            0.013287153095006943
        ],
        [
            -0.25110140442848206,
            -0.738508939743042,
            0.008504359982907772
        ],
        [
            -0.2536385953426361,
            -0.7388178110122681,
            0.009490974247455597
        ],
        [
            -0.2545467019081116,
            -0.7396474480628967,
            0.014637552201747894
        ],
        [
            -0.25130584836006165,
            -0.7381253838539124,
            0.004579449072480202
        ],
        [
            -0.2514232099056244,
            -0.7377641201019287,
            0.0028114384040236473
        ],
        [
            -0.25285235047340393,
            -0.738437294960022,
            0.003595891408622265
        ],
        [
            -0.252166748046875,
            -0.738523006439209,
            0.004837820306420326
        ],
        [
            -0.2515093684196472,
            -0.7384790182113647,
            0.006844990886747837
        ],
        [
            -0.25040674209594727,
            -0.7369164228439331,
            0.007930435240268707
        ],
        [
            -0.2508805990219116,
            -0.7374697923660278,
            0.005612051114439964
        ],
        [
            -0.25041675567626953,
            -0.7360061407089233,
            0.012397831305861473
        ],
        [
            -0.24840159714221954,
            -0.734464168548584,
            0.027459563687443733
        ],
        [
            -0.250031441450119,
            -0.7342286109924316,
            0.023138247430324554
        ],
        [
            -0.25071871280670166,
            -0.7387936115264893,
            0.02372891455888748
        ],
        [
            -0.24939584732055664,
            -0.7393399477005005,
            0.02754666656255722
        ],
        [
            -0.2538922429084778,
            -0.7399620413780212,
            0.006301240064203739
        ],
        [
            -0.25579631328582764,
            -0.740793764591217,
            0.0035087810829281807
        ],
        [
            -0.25778865814208984,
            -0.7428067922592163,
            0.008434852585196495
        ],
        [
            -0.2555626630783081,
            -0.740881085395813,
            0.009138256311416626
        ],
        [
            -0.2578832507133484,
            -0.7417979836463928,
            0.0010510189458727837
        ],
        [
            -0.2540198862552643,
            -0.7392055988311768,
            0.0013612844049930573
        ],
        [
            -0.2549474239349365,
            -0.7394914627075195,
            -0.0010949606075882912
        ],
        [
            -0.25031280517578125,
            -0.7364243268966675,
            0.0033367853611707687
        ],
        [
            -0.24967265129089355,
            -0.7349509000778198,
            0.00035064108669757843
        ],
        [
            -0.251985639333725,
            -0.7366313934326172,
            0.00033432524651288986
        ],
        [
            -0.24751752614974976,
            -0.7324070334434509,
            0.002360226586461067
        ],
        [
            -0.2490059733390808,
            -0.7349823117256165,
            0.006023464724421501
        ],
        [
            -0.24856293201446533,
            -0.7331457734107971,
            0.010453471913933754
        ],
        [
            -0.24815890192985535,
            -0.7315202951431274,
            0.016164006665349007
        ],
        [
            -0.24476465582847595,
            -0.7278733253479004,
            0.012627126649022102
        ],
        [
            -0.24602459371089935,
            -0.7298187017440796,
            0.006749361753463745
        ],
        [
            -0.25954487919807434,
            -0.746191143989563,
            0.006673204712569714
        ],
        [
            -0.25221574306488037,
            -0.7358666062355042,
            -0.0042023854330182076
        ],
        [
            -0.25692716240882874,
            -0.7404836416244507,
            -0.00719917006790638
        ],
        [
            -0.2490626871585846,
            -0.7321507930755615,
            -0.004576295614242554
        ],
        [
            -0.24567925930023193,
            -0.7289504408836365,
            -0.002871666569262743
        ],
        [
            -0.24272283911705017,
            -0.7259860038757324,
            0.001354435458779335
        ],
        [
            -0.24077245593070984,
            -0.7231573462486267,
            0.007532835938036442
        ],
        [
            -0.2204558104276657,
            -0.7060757875442505,
            0.007737979292869568
        ],
        [
            -0.22443538904190063,
            -0.7098077535629272,
            -0.0010042388457804918
        ],
        [
            -0.2985061705112457,
            -0.8047424554824829,
            0.002340482547879219
        ],
        [
            -0.30032455921173096,
            -0.8026580810546875,
            -0.006167452782392502
        ],
        [
            -0.29320982098579407,
            -0.797649621963501,
            -0.00935099646449089
        ],
        [
            -0.29573673009872437,
            -0.7990683317184448,
            -0.011469396762549877
        ],
        [
            -0.2956189215183258,
            -0.800551176071167,
            -0.004649417474865913
        ],
        [
            -0.29345545172691345,
            -0.7985420823097229,
            -0.004759596660733223
        ],
        [
            -0.28493794798851013,
            -0.793654203414917,
            -0.029073428362607956
        ],
        [
            -0.28676822781562805,
            -0.7947604656219482,
            -0.022490980103611946
        ],
        [
            -0.2838703989982605,
            -0.791941225528717,
            -0.023509439080953598
        ],
        [
            -0.2821881175041199,
            -0.7875732183456421,
            -0.030888278037309647
        ],
        [
            -0.28184938430786133,
            -0.7843563556671143,
            -0.013660534285008907
        ],
        [
            -0.2821418046951294,
            -0.7856473922729492,
            -0.018914014101028442
        ],
        [
            -0.2856384515762329,
            -0.7913544774055481,
            -0.014418085105717182
        ],
        [
            -0.2854805588722229,
            -0.7904189825057983,
            -0.010558569803833961
        ],
        [
            -0.2848103940486908,
            -0.7902313470840454,
            -0.006409934256225824
        ],
        [
            -0.28363385796546936,
            -0.7909032702445984,
            -0.002177373506128788
        ],
        [
            -0.28067684173583984,
            -0.7863824963569641,
            -0.002811988815665245
        ],
        [
            -0.28135809302330017,
            -0.7849607467651367,
            -0.008007685653865337
        ],
        [
            -0.29418209195137024,
            -0.8026237487792969,
            0.0012837667018175125
        ],
        [
            -0.2899552583694458,
            -0.8038928508758545,
            0.00719035416841507
        ],
        [
            -0.28865179419517517,
            -0.8012231588363647,
            0.005642931908369064
        ],
        [
            -0.2923225164413452,
            -0.7999011278152466,
            0.0008491287007927895
        ],
        [
            -0.2770299017429352,
            -0.8001179695129395,
            0.011255897581577301
        ],
        [
            -0.27957338094711304,
            -0.8015347719192505,
            0.010885423049330711
        ],
        [
            -0.27943968772888184,
            -0.803268551826477,
            0.01441635750234127
        ],
        [
            -0.2762746512889862,
            -0.7998514175415039,
            0.014599040150642395
        ],
        [
            -0.2758246660232544,
            -0.796592116355896,
            0.012777237221598625
        ],
        [
            -0.2770894467830658,
            -0.7981263399124146,
            0.010443335399031639
        ],
        [
            -0.31923723220825195,
            -0.8544421195983887,
            -0.0042842086404562
        ],
        [
            -0.3147211968898773,
            -0.8388500213623047,
            0.005235634744167328
        ],
        [
            -0.31426528096199036,
            -0.849799633026123,
            -0.023165898397564888
        ],
        [
            -0.3053171634674072,
            -0.8427985906600952,
            -0.03780520707368851
        ],
        [
            -0.29595258831977844,
            -0.832344651222229,
            -0.049502864480018616
        ],
        [
            -0.2532055079936981,
            -0.7405798435211182,
            -0.02704785391688347
        ],
        [
            -0.24515806138515472,
            -0.7349567413330078,
            -0.0312909334897995
        ],
        [
            -0.2430575042963028,
            -0.7438983917236328,
            -0.04434835910797119
        ],
        [
            -0.2339020073413849,
            -0.7373284101486206,
            -0.04490213841199875
        ],
        [
            -0.23626229166984558,
            -0.7282181978225708,
            -0.03135674446821213
        ],
        [
            -0.21921774744987488,
            -0.7161625623703003,
            -0.02081727795302868
        ],
        [
            -0.22767269611358643,
            -0.7212648391723633,
            -0.027801301330327988
        ],
        [
            -0.22350846230983734,
            -0.7313346266746521,
            -0.04361826181411743
        ],
        [
            -0.2220895141363144,
            -0.7453814148902893,
            -0.05931101739406586
        ],
        [
            -0.2317751795053482,
            -0.7486950159072876,
            -0.056726135313510895
        ],
        [
            -0.22195559740066528,
            -0.762834906578064,
            -0.06980608403682709
        ],
        [
            -0.2087559551000595,
            -0.7433037161827087,
            -0.06064978241920471
        ],
        [
            -0.21387188136577606,
            -0.7661561369895935,
            -0.07165427505970001
        ],
        [
            -0.19047217071056366,
            -0.7149413824081421,
            -0.04017432779073715
        ],
        [
            -0.18549777567386627,
            -0.705811083316803,
            -0.04139803349971771
        ],
        [
            -0.18586893379688263,
            -0.7126325964927673,
            -0.059106141328811646
        ],
        [
            -0.19065895676612854,
            -0.7222366333007812,
            -0.05789780616760254
        ],
        [
            -0.24219973385334015,
            -0.7526001334190369,
            -0.053810685873031616
        ],
        [
            -0.2794564962387085,
            -0.8050899505615234,
            -0.05212122201919556
        ],
        [
            -0.2849438190460205,
            -0.8016461133956909,
            -0.0427415668964386
        ],
        [
            -0.2706999182701111,
            -0.7950340509414673,
            -0.055189475417137146
        ],
        [
            -0.2943669259548187,
            -0.8645398616790771,
            -0.06517297774553299
        ],
        [
            -0.3019010126590729,
            -0.8551621437072754,
            -0.051294565200805664
        ],
        [
            -0.2931581139564514,
            -0.8425254821777344,
            -0.060189392417669296
        ],
        [
            -0.2867124676704407,
            -0.8532437086105347,
            -0.0721457451581955
        ],
        [
            -0.30477389693260193,
            -0.8986579179763794,
            -0.036974407732486725
        ],
        [
            -0.3162393271923065,
            -0.8778039216995239,
            -0.02124062366783619
        ],
        [
            -0.3097047209739685,
            -0.8681858777999878,
            -0.03535943478345871
        ],
        [
            -0.3017154335975647,
            -0.8838918209075928,
            -0.049791958183050156
        ],
        [
            -0.27870872616767883,
            -0.8588942289352417,
            -0.0818670392036438
        ],
        [
            -0.2660067081451416,
            -0.8675000667572021,
            -0.09295915812253952
        ],
        [
            -0.26638731360435486,
            -0.8848159909248352,
            -0.09352089464664459
        ],
        [
            -0.2825799584388733,
            -0.877009391784668,
            -0.07892302423715591
        ],
        [
            -0.26512065529823303,
            -0.9087752103805542,
            -0.086382195353508
        ],
        [
            -0.28499531745910645,
            -0.8990410566329956,
            -0.06969846040010452
        ],
        [
            -0.19972001016139984,
            -0.757893979549408,
            -0.07423941791057587
        ],
        [
            -0.20623552799224854,
            -0.775728702545166,
            -0.07811591774225235
        ],
        [
            -0.19838659465312958,
            -0.7324024438858032,
            -0.056013621389865875
        ],
        [
            -0.19381803274154663,
            -0.7431397438049316,
            -0.07145721465349197
        ],
        [
            -0.2596935033798218,
            -0.9282062649726868,
            -0.07413016259670258
        ],
        [
            -0.284157931804657,
            -0.9184033870697021,
            -0.05517473816871643
        ],
        [
            -0.21455618739128113,
            -0.8706855773925781,
            -0.11150146275758743
        ],
        [
            -0.22975817322731018,
            -0.882348895072937,
            -0.10875532776117325
        ],
        [
            -0.23826144635677338,
            -0.863253653049469,
