{
    "pred_cam": [
        1.5548808574676514,
        0.23331581056118011,
        0.303310364484787
    ],
    "pred_smpl_params": {
        "global_orient": [
            [
                [
                    -0.8669078946113586,
                    -0.12943528592586517,
                    -0.4813701808452606
                ],
                [
                    0.23969222605228424,
                    -0.9549674391746521,
                    -0.17488539218902588
                ],
                [
                    -0.4370564818382263,
                    -0.26699021458625793,
                    0.8588934540748596
                ]
            ]
        ],
        "body_pose": [
            [
                [
                    0.987253725528717,
                    -0.10226850211620331,
                    -0.1219479888677597
                ],
                [
                    0.1395859271287918,
                    0.9244816303253174,
                    0.35475262999534607
                ],
                [
                    0.07645866274833679,
                    -0.36725306510925293,
                    0.9269731640815735
                ]
            ],
            [
                [
                    0.9818927049636841,
                    -0.10639609396457672,
                    -0.1567372828722
                ],
                [
                    0.1590510606765747,
                    0.9124566912651062,
                    0.37699559330940247
                ],
                [
                    0.10290510952472687,
                    -0.3950984477996826,
                    0.9128569960594177
                ]
            ],
            [
                [
                    0.9913786053657532,
                    0.12392958998680115,
                    0.04254278168082237
                ],
                [
                    -0.09608396142721176,
                    0.9083502292633057,
                    -0.4070229232311249
                ],
                [
                    -0.08908592909574509,
                    0.399426132440567,
                    0.9124266505241394
                ]
            ],
            [
                [
                    0.9721545577049255,
                    -0.13331210613250732,
                    -0.19272646307945251
                ],
                [
                    -0.06237218156456947,
                    0.6455565690994263,
                    -0.761161208152771
                ],
                [
                    0.22588786482810974,
                    0.7519870400428772,
                    0.6192657947540283
                ]
            ],
            [
                [
                    0.9199735522270203,
                    -0.3918564021587372,
                    0.009854922071099281
                ],
                [
                    0.15971681475639343,
                    0.35177555680274963,
                    -0.9223580360412598
                ],
                [
                    0.3579651713371277,
                    0.8501191139221191,
                    0.38621026277542114
                ]
            ],
            [
                [
                    0.9979361891746521,
                    0.05891998112201691,
                    0.025532877072691917
                ],
                [
                    -0.05890341103076935,
                    0.9982626438140869,
                    -0.001401608344167471
                ],
                [
                    -0.025571102276444435,
                    -0.00010525771358516067,
                    0.9996730089187622
                ]
            ],
            [
                [
                    0.9814536571502686,
                    0.03836832195520401,
                    0.18782047927379608
                ],
                [
                    -0.04669100046157837,
                    0.9981046319007874,
                    0.04008857533335686
                ],
                [
                    -0.18592636287212372,
                    -0.048114605247974396,
                    0.9813848733901978
                ]
            ],
            [
                [
                    0.976001501083374,
                    0.10752131789922714,
                    -0.18936780095100403
                ],
                [
                    -0.06387720257043839,
                    0.9727070331573486,
                    0.22307103872299194
                ],
                [
                    0.20818428695201874,
                    -0.2056213915348053,
                    0.9562317132949829
                ]
            ],
            [
                [
                    0.9994205832481384,
                    0.03377263993024826,
                    -0.004228218458592892
                ],
                [
                    -0.033938102424144745,
                    0.998247504234314,
                    -0.048478808254003525
                ],
                [
                    0.0025835505221039057,
                    0.048594217747449875,
                    0.9988152980804443
                ]
            ],
            [
                [
                    0.9950144290924072,
                    -0.09847218543291092,
                    0.015796486288309097
                ],
                [
                    0.09611734002828598,
                    0.9891057014465332,
                    0.11149627715349197
                ],
                [
                    -0.02660367451608181,
                    -0.10942208766937256,
                    0.993639349937439
                ]
            ],
            [
                [
                    0.9998467564582825,
                    0.008949719369411469,
                    0.015039465390145779
                ],
                [
                    -0.010107394307851791,
                    0.9968429803848267,
                    0.07875183969736099
                ],
                [
                    -0.014287179335951805,
                    -0.0788917988538742,
                    0.9967806935310364
                ]
            ],
            [
                [
                    0.9541198015213013,
                    0.010297589004039764,
                    0.2992480993270874
                ],
                [
                    -0.027113914489746094,
                    0.9982739090919495,
                    0.05209759995341301
                ],
                [
                    -0.2981950640678406,
                    -0.057821135967969894,
                    0.9527521133422852
                ]
            ],
            [
                [
                    0.9451335668563843,
                    0.21935339272022247,
                    -0.24208801984786987
                ],
                [
                    -0.1976177990436554,
                    0.9739754796028137,
                    0.11099101603031158
                ],
                [
                    0.2601340413093567,
                    -0.05706043541431427,
                    0.9638850688934326
                ]
            ],
            [
                [
                    0.9059931039810181,
                    -0.3893830180168152,
                    0.16600434482097626
                ],
                [
                    0.38776782155036926,
                    0.9207350611686707,
                    0.04339434951543808
                ],
                [
                    -0.16974304616451263,
                    0.02505616284906864,
                    0.9851698279380798
                ]
            ],
            [
                [
                    0.9953420162200928,
                    0.03892843797802925,
                    0.08819850534200668
                ],
                [
                    -0.019196059554815292,
                    0.9765585660934448,
                    -0.2143940031528473
                ],
                [
                    -0.09447703510522842,
                    0.21170225739479065,
                    0.9727570414543152
                ]
            ],
            [
                [
                    0.86672043800354,
                    0.4203666150569916,
                    -0.268491268157959
                ],
                [
                    -0.3832426965236664,
                    0.905750036239624,
                    0.18094728887081146
                ],
                [
                    0.3192501664161682,
                    -0.05393339321017265,
                    0.9461345076560974
                ]
            ],
            [
                [
                    0.515829861164093,
                    -0.8098489046096802,
                    0.27939993143081665
                ],
                [
                    0.8375227451324463,
                    0.5453194975852966,
                    0.03438490256667137
                ],
                [
                    -0.18020880222320557,
                    0.21626704931259155,
                    0.9595589637756348
                ]
            ],
            [
                [
                    0.7242755889892578,
                    -0.15070034563541412,
                    -0.6728405356407166
                ],
                [
                    0.26426225900650024,
                    0.9619792699813843,
                    0.06900312751531601
                ],
                [
                    0.6368597745895386,
                    -0.22778362035751343,
                    0.7365624904632568
                ]
            ],
            [
                [
                    0.2802005112171173,
                    0.3731139004230499,
                    0.8844624161720276
                ],
                [
                    -0.2159317582845688,
                    0.922256588935852,
                    -0.3206496834754944
                ],
                [
                    -0.935340166091919,
                    -0.10113730281591415,
                    0.3389839231967926
                ]
            ],
            [
                [
                    0.9842721819877625,
                    -0.1760285645723343,
                    0.01490742713212967
                ],
                [
                    0.17611680924892426,
                    0.9711488485336304,
                    -0.1607879102230072
                ],
                [
                    0.013825934380292892,
                    0.16088451445102692,
                    0.986876368522644
                ]
            ],
            [
                [
                    0.9923050999641418,
                    0.11493230611085892,
                    0.04605711251497269
                ],
                [
                    -0.11866113543510437,
                    0.9889681935310364,
                    0.08866426348686218
                ],
                [
                    -0.03535863384604454,
                    -0.09344717860221863,
                    0.994996190071106
                ]
            ],
            [
                [
                    0.9847673773765564,
                    0.14642485976219177,
                    -0.09377060830593109
                ],
                [
                    -0.13102975487709045,
                    0.9794439673423767,
                    0.15336459875106812
                ],
                [
                    0.11429943889379501,
                    -0.13874171674251556,
                    0.9837104678153992
                ]
            ],
            [
                [
                    0.9764137864112854,
                    -0.18768279254436493,
                    0.1067299097776413
                ],
                [
                    0.17969051003456116,
                    0.9804476499557495,
                    0.08021046221256256
                ],
                [
                    -0.1196972131729126,
                    -0.059140246361494064,
                    0.9910474419593811
                ]
            ]
        ],
        "betas": [
            -0.3107683062553406,
            -0.4862159192562103,
            0.049875497817993164,
            0.7574799656867981,
            0.30679845809936523,
            -0.0001853369176387787,
            -0.09028664231300354,
            -0.05298769474029541,
            0.05294531583786011,
            -0.03783416748046875
        ]
    },
    "pred_cam_t": [
        0.23331581056118011,
        0.303310364484787,
        25.12250328063965
    ],
    "focal_length": [
        5000.0,
        5000.0
    ],
    "pred_keypoints_3d": [
        [
            -0.3509137034416199,
            -0.7156147360801697,
            0.07360914349555969
        ],
        [
            -0.18793821334838867,
            -0.6871336698532104,
            -0.02378731779754162
        ],
        [
            -0.0034672096371650696,
            -0.670810878276825,
            0.07543392479419708
        ],
        [
            0.12454008311033249,
            -0.4624585509300232,
            0.10989244282245636
        ],
        [
            0.009211227297782898,
            -0.36679607629776,
            0.30640360713005066
        ],
        [
            -0.2899354100227356,
            -0.5342156291007996,
            -0.0971517562866211
        ],
        [
            -0.3927658200263977,
            -0.3032890856266022,
            -0.08911104500293732
        ],
        [
            -0.5639837980270386,
            -0.2160181701183319,
            0.057711824774742126
        ],
        [
            -0.0020443317480385303,
            -0.22867445647716522,
            0.02935674600303173
        ],
        [
            0.07012823224067688,
            -0.15846189856529236,
            0.07981578260660172
        ],
        [
            0.045468248426914215,
            0.14756476879119873,
            0.2830655574798584
        ],
        [
            -0.0020169205963611603,
            0.42086127400398254,
            0.019202500581741333
        ],
        [
            -0.04755840450525284,
            -0.12421867996454239,
            0.017941046506166458
        ],
        [
            -0.12666453421115875,
            0.18348604440689087,
            0.18709337711334229
        ],
        [
            -0.07737687975168228,
            0.5329825282096863,
            0.04000023007392883
        ],
        [
            -0.3338804543018341,
            -0.7728562951087952,
            0.08117680251598358
        ],
        [
            -0.3683890700340271,
            -0.7520776987075806,
            0.028196150436997414
        ],
        [
            -0.2393748164176941,
            -0.8164712190628052,
            0.057191990315914154
        ],
        [
            -0.3195975720882416,
            -0.7705971002578735,
            -0.06008166819810867
        ],
        [
            -0.13538718223571777,
            0.63301020860672,
            0.20035399496555328
        ],
        [
            -0.18038156628608704,
            0.6256144642829895,
            0.1300426423549652
        ],
        [
            -0.061955131590366364,
            0.5510149002075195,
            -0.0256291925907135
        ],
        [
            -0.036095451563596725,
            0.5386661291122437,
            0.17129942774772644
        ],
        [
            0.04243212193250656,
            0.5351354479789734,
            0.13380518555641174
        ],
        [
            0.005725731607526541,
            0.4350522756576538,
            -0.04971989989280701
        ],
        [
            0.03237447142601013,
            0.37301063537597656,
            0.027899378910660744
        ],
        [
            0.0509016290307045,
            0.09629135578870773,
            0.2685893177986145
        ],
        [
            0.13433247804641724,
            -0.2914566397666931,
            0.07122121751308441
        ],
        [
            -0.11655251681804657,
            -0.20409996807575226,
            -0.06687315553426743
        ],
        [
            -0.13361775875091553,
            0.1493850201368332,
            0.17145000398159027
        ],
        [
            -0.08166182041168213,
            0.4942517876625061,
            0.0228156466037035
        ],
        [
            -0.005614261142909527,
            -0.39620187878608704,
            0.2878223657608032
        ],
        [
            0.12286248803138733,
            -0.49415090680122375,
            0.14003844559192657
        ],
        [
            -0.04479333758354187,
            -0.6850099563598633,
            0.05412798747420311
        ],
        [
            -0.2826375961303711,
            -0.5744941830635071,
            -0.10013540834188461
        ],
        [
            -0.4231504201889038,
            -0.34157294034957886,
            -0.09260611236095428
        ],
        [
            -0.5654968023300171,
            -0.23698490858078003,
            0.05382923409342766
        ],
        [
            -0.18467207252979279,
            -0.6772501468658447,
            -0.019911594688892365
        ],
        [
            -0.3218800127506256,
            -0.8297215700149536,
            0.005525447428226471
        ],
        [
            0.008551565930247307,
            -0.24696651101112366,
            0.0018479692516848445
        ],
        [
            -0.1607131063938141,
            -0.6275116205215454,
            -0.019662315025925636
        ],
        [
            -0.06297552585601807,
            -0.47972339391708374,
            -0.031308844685554504
        ],
        [
            -0.28726449608802795,
            -0.7220418453216553,
            0.02230462245643139
        ],
        [
            -0.3235303461551666,
            -0.8506901860237122,
            0.0035535069182515144
        ]
    ],
    "pred_vertices": [
        [
            -0.3990809917449951,
            -0.7883652448654175,
            0.02053062990307808
        ],
        [
            -0.39268767833709717,
            -0.7754004001617432,
            0.028932245448231697
        ],
        [
            -0.3902527987957001,
            -0.7728025913238525,
            0.015106506645679474
        ],
        [
            -0.3931654691696167,
            -0.7836966514587402,
            0.004864623304456472
        ],
        [
            -0.3876412808895111,
            -0.7636560797691345,
            0.021470151841640472
        ],
        [
            -0.38770589232444763,
            -0.7651471495628357,
            0.03342985361814499
        ],
        [
            -0.383741170167923,
            -0.7696480751037598,
            0.003443479537963867
        ],
        [
            -0.38356757164001465,
            -0.7783359885215759,
            -0.007448430173099041
        ],
        [
            -0.3606413006782532,
            -0.74153733253479,
            -0.008956248871982098
        ],
        [
            -0.35402926802635193,
            -0.7401472330093384,
            -0.017844360321760178
        ],
        [
            -0.36119911074638367,
            -0.7504097819328308,
            -0.016054637730121613
        ],
        [
            -0.3649851381778717,
            -0.7495255470275879,
            -0.006667654030025005
        ],
        [
            -0.34423041343688965,
            -0.7212702035903931,
            -0.010110152885317802
        ],
        [
            -0.3419736325740814,
            -0.7119054198265076,
            -0.00018840748816728592
        ],
        [
            -0.3320111632347107,
            -0.7075235843658447,
            -0.007746506482362747
        ],
        [
            -0.3327239453792572,
            -0.7170778512954712,
            -0.017389358952641487
        ],
        [
            -0.34870436787605286,
            -0.7245984673500061,
            0.03912070766091347
        ],
        [
            -0.3471544086933136,
            -0.7178034782409668,
            0.03428727388381958
        ],
        [
            -0.3521248698234558,
            -0.7224419116973877,
            0.03071732446551323
        ],
        [
            -0.35254234075546265,
            -0.7290055155754089,
            0.03600792959332466
        ],
        [
            -0.3531877100467682,
            -0.7334482669830322,
            0.05051831901073456
        ],
        [
            -0.35426807403564453,
            -0.7391282320022583,
            0.04767533391714096
        ],
        [
            -0.35759544372558594,
            -0.7417330145835876,
            0.05453037843108177
        ],
        [
            -0.3572590947151184,
            -0.7347812056541443,
            0.05730389803647995
        ],
        [
            -0.34335944056510925,
            -0.7217777371406555,
            0.04357345402240753
        ],
        [
            -0.34146398305892944,
            -0.7149631381034851,
            0.038203127682209015
        ],
        [
            -0.3503064811229706,
            -0.730250358581543,
            0.04376503825187683
        ],
        [
            -0.3484211564064026,
            -0.7264422178268433,
            0.047032035887241364
        ],
        [
            -0.351225346326828,
            -0.7180147171020508,
            0.055575717240571976
        ],
        [
            -0.3534950017929077,
            -0.7220562100410461,
            0.05340433865785599
        ],
        [
            -0.3571280241012573,
            -0.7212564945220947,
            0.06026172637939453
        ],
        [
            -0.3530292809009552,
            -0.7172143459320068,
            0.0609501488506794
        ],
        [
            -0.3457128405570984,
            -0.7203370928764343,
            0.047805264592170715
        ],
        [
            -0.34958577156066895,
            -0.7214912176132202,
            0.04896441847085953
        ],
        [
            -0.34793609380722046,
            -0.7182608842849731,
            0.0524209663271904
        ],
        [
            -0.3437352180480957,
            -0.7182199954986572,
            0.05171549692749977
        ],
        [
            -0.3527633547782898,
            -0.7289597988128662,
            0.052653390914201736
        ],
        [
            -0.35731711983680725,
            -0.728502631187439,
            0.05911727994680405
        ],
        [
            -0.3610932230949402,
            -0.7281022071838379,
            0.06652341783046722
        ],
        [
            -0.35916081070899963,
            -0.7194958329200745,
            0.06798078119754791
        ],
        [
            -0.3409513533115387,
            -0.7055435180664062,
            0.021981481462717056
        ],
        [
            -0.34507864713668823,
            -0.7112785577774048,
            0.02829984948039055
        ],
        [
            -0.3399583697319031,
            -0.7086774706840515,
            0.03264813497662544
        ],
        [
            -0.3374573588371277,
            -0.7036213278770447,
            0.02722734957933426
        ],
        [
            -0.34019359946250916,
            -0.7165654301643372,
            0.04881218075752258
        ],
        [
            -0.33343175053596497,
            -0.7019984722137451,
            0.04623527079820633
        ],
        [
            -0.33575427532196045,
            -0.7050333619117737,
            0.04605552554130554
        ],
        [
            -0.3359951674938202,
            -0.7059825658798218,
            0.053262948989868164
        ],
        [
            -0.3339847922325134,
            -0.7030136585235596,
            0.05278798192739487
        ],
        [
            -0.3298405408859253,
            -0.6955447196960449,
            0.012983547523617744
        ],
        [
            -0.3295104503631592,
            -0.6944662928581238,
            0.02015424147248268
        ],
        [
            -0.3242422044277191,
            -0.6896328926086426,
            0.018404051661491394
        ],
        [
            -0.3227735161781311,
            -0.6903388500213623,
            0.011169162578880787
        ],
        [
            -0.3191743493080139,
            -0.6860419511795044,
            0.020038418471813202
        ],
        [
            -0.3155558109283447,
            -0.6857180595397949,
            0.010745411738753319
        ],
        [
            -0.3030381500720978,
            -0.6767668128013611,
            0.01852087862789631
        ],
        [
            -0.3088151514530182,
            -0.6805137395858765,
            0.014472711831331253
        ],
        [
            -0.3143509328365326,
            -0.6824320554733276,
            0.02357972227036953
        ],
        [
            -0.3109246790409088,
            -0.6784093976020813,
            0.02980240434408188
        ],
        [
            -0.3134111166000366,
            -0.6823508739471436,
            0.04417065531015396
        ],
        [
            -0.3117345869541168,
            -0.6819359064102173,
            0.05044079199433327
        ],
        [
            -0.30572986602783203,
            -0.671368420124054,
            0.04572652280330658
        ],
        [
            -0.3082079589366913,
            -0.6739538908004761,
            0.03829667717218399
        ],
        [
            -0.3273884057998657,
            -0.6986132860183716,
            0.0436999648809433
        ],
        [
            -0.32741594314575195,
            -0.6986563801765442,
            0.038873083889484406
        ],
        [
            -0.3299662470817566,
            -0.698755145072937,
            0.03993864357471466
        ],
        [
            -0.33077412843704224,
            -0.6996232271194458,
            0.04514223337173462
        ],
        [
            -0.32778966426849365,
            -0.698103666305542,
            0.03491242974996567
        ],
        [
            -0.32796621322631836,
            -0.6976880431175232,
            0.033154264092445374
        ],
        [
            -0.3294103145599365,
            -0.698270857334137,
            0.033980052918195724
        ],
        [
            -0.32866203784942627,
            -0.698508620262146,
            0.03517657518386841
        ],
        [
            -0.3279072940349579,
            -0.6985776424407959,
            0.037171825766563416
        ],
        [
            -0.3265921473503113,
            -0.6971566677093506,
            0.03825577348470688
        ],
        [
            -0.32725027203559875,
            -0.6975224018096924,
            0.03594965487718582
        ],
        [
            -0.32635998725891113,
            -0.6963422298431396,
            0.04277041554450989
        ],
        [
            -0.3240853548049927,
            -0.6952295303344727,
            0.05786024034023285
        ],
        [
            -0.32556524872779846,
            -0.6947021484375,
            0.0536588653922081
        ],
        [
            -0.3266103267669678,
            -0.6992795467376709,
            0.054221007972955704
        ],
        [
            -0.32547950744628906,
            -0.7000746726989746,
            0.05788443237543106
        ],
        [
            -0.3306925892829895,
            -0.6999000310897827,
            0.03657635673880577
        ],
        [
            -0.33255448937416077,
            -0.7004151344299316,
            0.033989593386650085
        ],
        [
            -0.3345307409763336,
            -0.702412486076355,
            0.03899650275707245
        ],
        [
            -0.33208662271499634,
            -0.7006852626800537,
            0.039650022983551025
        ],
        [
            -0.3348020613193512,
            -0.7012643814086914,
            0.03153759986162186
        ],
        [
            -0.3307579457759857,
            -0.6989041566848755,
            0.031779639422893524
        ],
        [
            -0.3319726288318634,
            -0.6991174221038818,
            0.029198404401540756
        ],
        [
            -0.3266964256763458,
            -0.6964629888534546,
            0.03365247696638107
        ],
        [
            -0.3260863125324249,
            -0.694947361946106,
            0.030648650601506233
        ],
        [
            -0.3285546898841858,
            -0.6964343190193176,
            0.0306871235370636
        ],
        [
            -0.32355690002441406,
            -0.692696213722229,
            0.032609328627586365
        ],
        [
            -0.3250972032546997,
            -0.6952362060546875,
            0.03630964830517769
        ],
        [
            -0.32428812980651855,
            -0.6935645341873169,
            0.04078395292162895
        ],
        [
            -0.32357218861579895,
            -0.6920713186264038,
            0.0465376041829586
        ],
        [
            -0.3199954926967621,
            -0.6886316537857056,
            0.04289451241493225
        ],
        [
            -0.32160183787345886,
            -0.6903846263885498,
            0.03699784725904465
        ],
        [
            -0.3368460237979889,
            -0.7056889533996582,
            0.03711724281311035
        ],
        [
            -0.3288770318031311,
            -0.6955875754356384,
            0.02613418735563755
        ],
        [
            -0.3339892327785492,
            -0.6998627185821533,
            0.023229025304317474
        ],
        [
            -0.32542675733566284,
            -0.69211745262146,
            0.02569701336324215
        ],
        [
            -0.32168787717819214,
            -0.6892269849777222,
            0.02732815407216549
        ],
        [
            -0.3182104229927063,
            -0.6865794062614441,
            0.03155210614204407
        ],
        [
            -0.31581538915634155,
            -0.6841022372245789,
            0.037694334983825684
        ],
        [
            -0.29387766122817993,
            -0.6685941815376282,
            0.037447571754455566
        ],
        [
            -0.29847490787506104,
            -0.6718498468399048,
            0.02877987176179886
        ],
        [
            -0.38071802258491516,
            -0.7608885765075684,
            0.03311099857091904
        ],
        [
            -0.38269829750061035,
            -0.75852370262146,
            0.02468128316104412
        ],
        [
            -0.37531471252441406,
            -0.7539818286895752,
            0.021420326083898544
        ],
        [
            -0.3776932656764984,
            -0.755099892616272,
            0.019515275955200195
        ],
        [
            -0.37780889868736267,
            -0.756854236125946,
            0.02610430121421814
        ],
        [
            -0.3754839301109314,
            -0.75492262840271,
            0.026030326262116432
        ],
        [
            -0.3671994209289551,
            -0.7506062984466553,
            0.0014676173450425267
        ],
        [
            -0.3689785301685333,
            -0.751577615737915,
            0.008079194463789463
        ],
        [
            -0.3658502995967865,
            -0.7489590048789978,
            0.007050475105643272
        ],
        [
            -0.3639523983001709,
            -0.7447108030319214,
            -0.0002593414392322302
        ],
        [
            -0.36281460523605347,
            -0.7417926788330078,
            0.01688442938029766
        ],
        [
            -0.3633615970611572,
            -0.7429624199867249,
            0.011643810197710991
        ],
        [
            -0.36729896068573,
            -0.7483991980552673,
            0.016170673072338104
        ],
        [
            -0.36694133281707764,
            -0.7475393414497375,
            0.020017307251691818
        ],
        [
            -0.3661476671695709,
            -0.7475117444992065,
            0.02412908524274826
        ],
        [
            -0.3649442195892334,
            -0.7482866048812866,
            0.028337262570858
        ],
        [
            -0.3616201877593994,
            -0.7441043257713318,
            0.02759602665901184
        ],
        [
            -0.36226871609687805,
            -0.7425539493560791,
            0.022456450387835503
        ],
        [
            -0.3763245940208435,
            -0.7591487765312195,
            0.03195981681346893
        ],
        [
            -0.3720666468143463,
            -0.7607969641685486,
            0.037739310413599014
        ],
        [
            -0.3705972135066986,
            -0.758311927318573,
            0.03612743690609932
        ],
        [
            -0.37426885962486267,
            -0.7565656900405884,
            0.031510792672634125
        ],
        [
            -0.35876554250717163,
            -0.7583012580871582,
            0.041383638978004456
        ],
        [
            -0.36142247915267944,
            -0.759459912776947,
            0.04110506922006607
        ],
        [
            -0.36130255460739136,
            -0.7612524032592773,
            0.044588036835193634
        ],
        [
            -0.35788416862487793,
            -0.7581305503845215,
            0.04471391811966896
        ],
        [
            -0.35730618238449097,
            -0.7548861503601074,
            0.042924847453832626
        ],
        [
            -0.35872846841812134,
            -0.7562966346740723,
            0.040625616908073425
        ],
        [
            -0.40580469369888306,
            -0.8086428642272949,
            0.026590319350361824
        ],
        [
            -0.39997828006744385,
            -0.793560802936554,
            0.03605298697948456
        ],
        [
            -0.4014500379562378,
            -0.8040237426757812,
            0.007574643939733505
        ],
        [
            -0.3921907842159271,
            -0.7977359294891357,
            -0.007235865108668804
        ],
        [
            -0.3822948932647705,
            -0.7879964709281921,
            -0.01906723529100418
        ],
        [
            -0.33086878061294556,
            -0.7001264095306396,
            0.003076997585594654
        ],
        [
            -0.32244977355003357,
            -0.695173978805542,
            -0.0013312483206391335
        ],
        [
            -0.3215387165546417,
            -0.7042607069015503,
            -0.01456532347947359
        ],
        [
            -0.31180280447006226,
            -0.6984137892723083,
            -0.015420886687934399
        ],
        [
            -0.3130096197128296,
            -0.6891298890113831,
            -0.0015619052574038506
        ],
        [
            -0.2944633364677429,
            -0.6785644888877869,
            0.008583061397075653
        ],
        [
            -0.30369600653648376,
            -0.6829074621200562,
            0.001819412223994732
        ],
        [
            -0.30077654123306274,
            -0.6933199167251587,
            -0.014463797211647034
        ],
        [
            -0.3010084331035614,
            -0.7073994874954224,
            -0.030513687059283257
        ],
        [
            -0.3111647367477417,
            -0.7099065780639648,
            -0.02764272131025791
        ],
        [
            -0.3027517795562744,
            -0.7248614430427551,
            -0.041140079498291016
        ],
        [
            -0.287386953830719,
            -0.7064344882965088,
            -0.032641515135765076
        ],
        [
            -0.29488393664360046,
            -0.7288873195648193,
            -0.04361212998628616
        ],
        [
            -0.2650403678417206,
            -0.6798462867736816,
            -0.012907885015010834
        ],
        [
            -0.25872358679771423,
            -0.6714401245117188,
            -0.014616629108786583
        ],
        [
            -0.26055896282196045,
            -0.6785615086555481,
            -0.03236537054181099
        ],
        [
            -0.2666185200214386,
            -0.6873180866241455,
            -0.030755016952753067
        ],
        [
            -0.32170701026916504,
            -0.712939977645874,
            -0.024278156459331512
        ],
        [
            -0.3634282052516937,
            -0.7619897127151489,
            -0.021799135953187943
        ],
        [
            -0.368421733379364,
            -0.7582460045814514,
            -0.012138468213379383
        ],
        [
            -0.35395917296409607,
            -0.7527720928192139,
            -0.025185979902744293
        ],
        [
            -0.3841496407985687,
            -0.8199239373207092,
            -0.03513804450631142
        ],
        [
            -0.39035487174987793,
            -0.809975802898407,
            -0.020887546241283417
        ],
        [
            -0.38093966245651245,
            -0.7981318831443787,
            -0.03009377047419548
        ],
        [
            -0.3758721649646759,
            -0.8092830181121826,
            -0.04237552359700203
        ],
        [
            -0.39655306935310364,
            -0.8533004522323608,
            -0.006966060027480125
        ],
        [
            -0.4055638611316681,
            -0.8315520286560059,
            0.009391751140356064
        ],
        [
            -0.398889422416687,
            -0.8225566744804382,
            -0.004887763410806656
        ],
        [
            -0.3927694857120514,
            -0.8386744260787964,
            -0.019793180748820305
        ],
        [
            -0.36858487129211426,
            -0.8154693841934204,
            -0.05244617164134979
        ],
        [
            -0.3571869432926178,
            -0.8250115513801575,
            -0.06392522901296616
        ],
        [
            -0.3591843843460083,
            -0.8421828746795654,
            -0.0644260048866272
        ],
        [
            -0.3742814064025879,
            -0.8331226110458374,
            -0.049521446228027344
        ],
        [
            -0.3599589765071869,
            -0.8660359382629395,
            -0.0576770156621933
        ],
        [
            -0.3781452178955078,
            -0.8549556136131287,
            -0.04019372910261154
        ],
        [
            -0.2798874080181122,
            -0.7220534086227417,
            -0.04672190919518471
        ],
        [
            -0.28839460015296936,
            -0.739258348941803,
            -0.05049873888492584
        ],
        [
            -0.27554798126220703,
            -0.6965609788894653,
            -0.028436681255698204
        ],
        [
            -0.2723156809806824,
            -0.707970380783081,
            -0.044209133833646774
        ],
        [
            -0.35599127411842346,
            -0.8862185478210449,
            -0.04581597074866295
        ],
        [
            -0.3786417245864868,
            -0.8745239973068237,
            -0.0259169340133667
        ],
        [
            -0.3067580461502075,
            -0.8329232931137085,
            -0.08427925407886505
        ],
        [
            -0.32303857803344727,
            -0.8429516553878784,
            -0.08113079518079758
        ],
        [
            -0.32951852679252625,
            -0.8232452869415283,
            -0.07713662832975388
        ],
        [
            -0.3138353228569031,
            -0.8162504434585571,
            -0.08036220073699951
