{
    "pred_cam": [
        1.5674726963043213,
        0.23593105375766754,
        0.30240145325660706
    ],
    "pred_smpl_params": {
        "global_orient": [
            [
                [
                    -0.8610987067222595,
                    -0.13731029629707336,
                    -0.4895455837249756
                ],
                [
                    0.23502039909362793,
                    -0.9612997174263,
                    -0.14376476407051086
                ],
                [
                    -0.4508596360683441,
                    -0.23884883522987366,
                    0.8600446581840515
                ]
            ]
        ],
        "body_pose": [
            [
                [
                    0.9855427742004395,
                    -0.12411828339099884,
                    -0.1153259202837944
                ],
                [
                    0.1550164818763733,
                    0.9352858066558838,
                    0.31813567876815796
                ],
                [
                    0.06837624311447144,
                    -0.33141374588012695,
                    0.9410045742988586
                ]
            ],
            [
                [
                    0.9764999747276306,
                    -0.14445875585079193,
                    -0.15993566811084747
                ],
                [
                    0.1913028508424759,
                    0.9227547645568848,
                    0.3345548212528229
                ],
                [
                    0.09925201535224915,
                    -0.3572889268398285,
                    0.9287053942680359
                ]
            ],
            [
                [
                    0.9908143281936646,
                    0.1297582983970642,
                    0.0380755290389061
                ],
                [
                    -0.10375718772411346,
                    0.9100378751754761,
                    -0.40132972598075867
                ],
                [
                    -0.08672603219747543,
                    0.39369264245033264,
                    0.9151419401168823
                ]
            ],
            [
                [
                    0.9734219312667847,
                    -0.12135913223028183,
                    -0.19422096014022827
                ],
                [
                    -0.05949864909052849,
                    0.6849257946014404,
                    -0.7261795401573181
                ],
                [
                    0.22115543484687805,
                    0.7184348702430725,
                    0.6595010757446289
                ]
            ],
            [
                [
                    0.9164096713066101,
                    -0.4001852571964264,
                    0.006714808754622936
                ],
                [
                    0.1663900762796402,
                    0.36566153168678284,
                    -0.9157543778419495
                ],
                [
                    0.364016056060791,
                    0.8403233885765076,
                    0.40168261528015137
                ]
            ],
            [
                [
                    0.9976677894592285,
                    0.06552719324827194,
                    0.019109467044472694
                ],
                [
                    -0.06528465449810028,
                    0.9977813959121704,
                    -0.01305151917040348
                ],
                [
                    -0.019922297447919846,
                    0.011773524805903435,
                    0.999732255935669
                ]
            ],
            [
                [
                    0.9796923398971558,
                    0.033684469759464264,
                    0.19765721261501312
                ],
                [
                    -0.037948351353406906,
                    0.9991207122802734,
                    0.017822878435254097
                ],
                [
                    -0.19688308238983154,
                    -0.024961693212389946,
                    0.9801091551780701
                ]
            ],
            [
                [
                    0.9736911058425903,
                    0.11663883924484253,
                    -0.1957577019929886
                ],
                [
                    -0.07187020033597946,
                    0.9724134206771851,
                    0.22191622853279114
                ],
                [
                    0.2162414789199829,
                    -0.2020086944103241,
                    0.9552131295204163
                ]
            ],
            [
                [
                    0.9992733001708984,
                    0.03543895110487938,
                    -0.014033586718142033
                ],
                [
                    -0.03586667403578758,
                    0.9988600015640259,
                    -0.03150010108947754
                ],
                [
                    0.01290125772356987,
                    0.03198055177927017,
                    0.9994052052497864
                ]
            ],
            [
                [
                    0.9966316223144531,
                    -0.07934574037790298,
                    0.0207259189337492
                ],
                [
                    0.07676104456186295,
                    0.9915306568145752,
                    0.10475978255271912
                ],
                [
                    -0.02886262908577919,
                    -0.10281597822904587,
                    0.9942814707756042
                ]
            ],
            [
                [
                    0.9994152188301086,
                    -0.006648363545536995,
                    0.03354169800877571
                ],
                [
                    0.004568695556372404,
                    0.9980841279029846,
                    0.061702363193035126
                ],
                [
                    -0.03388765826821327,
                    -0.061513036489486694,
                    0.9975308179855347
                ]
            ],
            [
                [
                    0.9501276612281799,
                    0.0015354782808572054,
                    0.31185752153396606
                ],
                [
                    -0.011187558062374592,
                    0.9995120763778687,
                    0.029163571074604988
                ],
                [
                    -0.3116605877876282,
                    -0.031198039650917053,
                    0.9496812224388123
                ]
            ],
            [
                [
                    0.9457294344902039,
                    0.19989562034606934,
                    -0.25619813799858093
                ],
                [
                    -0.17684288322925568,
                    0.9780384302139282,
                    0.11030559986829758
                ],
                [
                    0.2726212739944458,
                    -0.05901243910193443,
                    0.9603098630905151
                ]
            ],
            [
                [
                    0.9105531573295593,
                    -0.37452834844589233,
                    0.17498955130577087
                ],
                [
                    0.37193524837493896,
                    0.926982581615448,
                    0.04865684360265732
                ],
                [
                    -0.1804356426000595,
                    0.020780134946107864,
                    0.9833672046661377
                ]
            ],
            [
                [
                    0.9949430227279663,
                    0.03993038460612297,
                    0.09216195344924927
                ],
                [
                    -0.02108805626630783,
                    0.980173647403717,
                    -0.19701524078845978
                ],
                [
                    -0.09820160269737244,
                    0.19407545030117035,
                    0.9760589599609375
                ]
            ],
            [
                [
                    0.874675452709198,
                    0.3995784819126129,
                    -0.274371862411499
                ],
                [
                    -0.3571861982345581,
                    0.9139996767044067,
                    0.1924126148223877
                ],
                [
                    0.3276597261428833,
                    -0.0702967494726181,
                    0.9421769976615906
                ]
            ],
            [
                [
                    0.4998731017112732,
                    -0.8190051913261414,
                    0.2817043364048004
                ],
                [
                    0.8459106087684631,
                    0.5314914584159851,
                    0.044182393699884415
                ],
                [
                    -0.18590907752513885,
                    0.21621109545230865,
                    0.9584834575653076
                ]
            ],
            [
                [
                    0.7377103567123413,
                    -0.15192753076553345,
                    -0.657800555229187
                ],
                [
                    0.261229008436203,
                    0.9626902937889099,
                    0.0706174299120903
                ],
                [
                    0.6225294470787048,
                    -0.22393177449703217,
                    0.749874472618103
                ]
            ],
            [
                [
                    0.29150381684303284,
                    0.36968445777893066,
                    0.8822465538978577
                ],
                [
                    -0.20796698331832886,
                    0.9247341752052307,
                    -0.31877338886260986
                ],
                [
                    -0.9336891174316406,
                    -0.09055448323488235,
                    0.3464457094669342
                ]
            ],
            [
                [
                    0.9840947389602661,
                    -0.17685595154762268,
                    0.016719071194529533
                ],
                [
                    0.17667843401432037,
                    0.9645971059799194,
                    -0.19579878449440002
                ],
                [
                    0.01850101351737976,
                    0.19563844799995422,
                    0.9805015921592712
                ]
            ],
            [
                [
                    0.993052065372467,
                    0.10610418021678925,
                    0.05088730901479721
                ],
                [
                    -0.11045737564563751,
                    0.9895997643470764,
                    0.09214978665113449
                ],
                [
                    -0.04058058559894562,
                    -0.0971304178237915,
                    0.9944440722465515
                ]
            ],
            [
                [
                    0.984893798828125,
                    0.15024244785308838,
                    -0.08608952164649963
                ],
                [
                    -0.13502566516399384,
                    0.9776121377944946,
                    0.16137726604938507
                ],
                [
                    0.1084078699350357,
                    -0.14731517434120178,
                    0.983130693435669
                ]
            ],
            [
                [
                    0.9753472208976746,
                    -0.18912966549396515,
                    0.11370091140270233
                ],
                [
                    0.18082325160503387,
                    0.9802981019020081,
                    0.07948917895555496
                ],
                [
                    -0.12649455666542053,
                    -0.0569697730243206,
                    0.9903300404548645
                ]
            ]
        ],
        "betas": [
            -0.31635552644729614,
            -0.48725536465644836,
            -0.02467900514602661,
            0.480487585067749,
            0.29202157258987427,
            -0.018349047750234604,
            -0.05042347311973572,
            -0.06503546237945557,
            0.032719627022743225,
            -0.028190672397613525
        ]
    },
    "pred_cam_t": [
        0.23593105375766754,
        0.30240145325660706,
        24.92068862915039
    ],
    "focal_length": [
        5000.0,
        5000.0
    ],
    "pred_keypoints_3d": [
        [
            -0.35516467690467834,
            -0.7007868885993958,
            0.08204200863838196
        ],
        [
            -0.1927078813314438,
            -0.6787595152854919,
            -0.016174636781215668
        ],
        [
            -0.010019935667514801,
            -0.6669386029243469,
            0.08316798508167267
        ],
        [
            0.1200287863612175,
            -0.45876628160476685,
            0.117637038230896
        ],
        [
            0.004141360521316528,
            -0.3580542504787445,
            0.31213200092315674
        ],
        [
            -0.2934051752090454,
            -0.5270751118659973,
            -0.08825403451919556
        ],
        [
            -0.402802973985672,
            -0.29837438464164734,
            -0.07857169955968857
        ],
        [
            -0.575942873954773,
            -0.2126704901456833,
            0.06763627380132675
        ],
        [
            -0.0018289594445377588,
            -0.2256847769021988,
            0.029745671898126602
        ],
        [
            0.07117448002099991,
            -0.15486612915992737,
            0.07902836799621582
        ],
        [
            0.043427638709545135,
            0.16865259408950806,
            0.2559085488319397
        ],
        [
            -0.005410071462392807,
            0.4232991635799408,
            -0.02834191918373108
        ],
        [
            -0.046835631132125854,
            -0.12107713520526886,
            0.014541583135724068
        ],
        [
            -0.12371508777141571,
            0.20110325515270233,
            0.1599806547164917
        ],
        [
            -0.06991787254810333,
            0.5489301681518555,
            0.005729272961616516
        ],
        [
            -0.33919641375541687,
            -0.7578562498092651,
            0.0915200263261795
        ],
        [
            -0.3731490671634674,
            -0.7382704019546509,
            0.037810832262039185
        ],
        [
            -0.2455136626958847,
            -0.8033711910247803,
            0.06899310648441315
        ],
        [
            -0.32444173097610474,
            -0.7601842880249023,
            -0.04940177500247955
        ],
        [
            -0.1328684538602829,
            0.656837522983551,
            0.15920090675354004
        ],
        [
            -0.1752348095178604,
            0.6465465426445007,
            0.08791965246200562
        ],
        [
            -0.05246231332421303,
            0.5642515420913696,
            -0.060161471366882324
        ],
        [
            -0.04164760559797287,
            0.5519199967384338,
            0.11339867115020752
        ],
        [
            0.037403807044029236,
            0.5467833280563354,
            0.07786256074905396
        ],
        [
            0.0028491374105215073,
            0.4323592782020569,
            -0.09809631109237671
        ],
        [
            0.02943253144621849,
            0.37627729773521423,
            -0.015820933505892754
        ],
        [
            0.04946131631731987,
            0.11590208113193512,
            0.24558588862419128
        ],
        [
            0.13448980450630188,
            -0.28850290179252625,
            0.07606746256351471
        ],
        [
            -0.11612433195114136,
            -0.20258188247680664,
            -0.0680665671825409
        ],
        [
            -0.1309300661087036,
            0.16561052203178406,
            0.14615418016910553
        ],
        [
            -0.07383830100297928,
            0.5095040202140808,
            -0.010535459034144878
        ],
        [
            -0.010797858238220215,
            -0.38739636540412903,
            0.29373958706855774
        ],
        [
            0.11780194938182831,
            -0.49011868238449097,
            0.1481793373823166
        ],
        [
            -0.05108920484781265,
            -0.6795699000358582,
            0.06192817538976669
        ],
        [
            -0.28685784339904785,
            -0.5671114921569824,
            -0.09163907915353775
        ],
        [
            -0.4319744408130646,
            -0.33710139989852905,
            -0.08197671920061111
        ],
        [
            -0.5769290328025818,
            -0.23347416520118713,
            0.06443879008293152
        ],
        [
            -0.1899310201406479,
            -0.6699767112731934,
            -0.011710742488503456
        ],
        [
            -0.3275032043457031,
            -0.8172160387039185,
            0.017548784613609314
        ],
        [
            0.008845866657793522,
            -0.24466989934444427,
            0.003556311596184969
        ],
        [
            -0.1658911257982254,
            -0.6210862398147583,
            -0.0115328598767519
        ],
        [
            -0.06427285075187683,
            -0.47535550594329834,
            -0.02582618221640587
        ],
        [
            -0.2917763292789459,
            -0.7097188830375671,
            0.031346626579761505
        ],
        [
            -0.3295305371284485,
            -0.8381898999214172,
            0.016146568581461906
        ]
    ],
    "pred_vertices": [
        [
            -0.40434834361076355,
            -0.7745112180709839,
            0.03093809448182583
        ],
        [
            -0.39778682589530945,
            -0.7614104747772217,
            0.03905392065644264
        ],
        [
            -0.3952120840549469,
            -0.7592399716377258,
            0.025169404223561287
        ],
        [
            -0.39822494983673096,
            -0.7704297304153442,
            0.015238524414598942
        ],
        [
            -0.3925405442714691,
            -0.7498986721038818,
            0.031274423003196716
        ],
        [
            -0.3926406502723694,
            -0.7510299682617188,
            0.043308939784765244
        ],
        [
            -0.3886265158653259,
            -0.7564998865127563,
            0.013493435457348824
        ],
        [
            -0.3885447680950165,
            -0.7655643820762634,
            0.002851137425750494
        ],
        [
            -0.3651195764541626,
            -0.7290889620780945,
            0.0004017193568870425
        ],
        [
            -0.35849374532699585,
            -0.7280837893486023,
            -0.008473187685012817
        ],
        [
            -0.3657870888710022,
            -0.738158643245697,
            -0.0064472053200006485
        ],
        [
            -0.3696177303791046,
            -0.7368919253349304,
            0.002889642957597971
        ],
        [
            -0.34851157665252686,
            -0.7090360522270203,
            -0.0012741903774440289
        ],
        [
            -0.3461367189884186,
            -0.6994316577911377,
            0.008404301479458809
        ],
        [
            -0.3360303044319153,
            -0.6954673528671265,
            0.00081796501763165
        ],
        [
            -0.33681419491767883,
            -0.705297589302063,
            -0.008536502718925476
        ],
        [
            -0.3531479239463806,
            -0.7107547521591187,
            0.04796658083796501
        ],
        [
            -0.35149815678596497,
            -0.7041548490524292,
            0.04295966029167175
        ],
        [
            -0.3565426170825958,
            -0.7088159322738647,
            0.03949880972504616
        ],
        [
            -0.35705530643463135,
            -0.7152004241943359,
            0.044964708387851715
        ],
        [
            -0.3577412962913513,
            -0.719171404838562,
            0.05954833701252937
        ],
        [
            -0.3589318096637726,
            -0.7249103784561157,
            0.05687929317355156
        ],
        [
            -0.36226117610931396,
            -0.7272789478302002,
            0.06377929449081421
        ],
        [
            -0.361786812543869,
            -0.7202712297439575,
            0.06633435934782028
        ],
        [
            -0.3477373421192169,
            -0.7078914642333984,
            0.05233680456876755
        ],
        [
            -0.3457414507865906,
            -0.7013200521469116,
            0.04681023582816124
        ],
        [
            -0.354816734790802,
            -0.7162237167358398,
            0.052741266787052155
        ],
        [
            -0.35285231471061707,
            -0.7123459577560425,
            0.055886160582304
        ],
        [
            -0.35549211502075195,
            -0.7036629319190979,
            0.0641210675239563
        ],
        [
            -0.35782259702682495,
            -0.7077324390411377,
            0.06206711009144783
        ],
        [
            -0.36140817403793335,
            -0.7067190408706665,
            0.0688667893409729
        ],
        [
            -0.3572758734226227,
            -0.7027087807655334,
            0.0694480612874031
        ],
        [
            -0.35002806782722473,
            -0.7062915563583374,
            0.05648743361234665
        ],
        [
            -0.35389068722724915,
            -0.7073603868484497,
            0.0576542429625988
        ],
        [
            -0.3521938920021057,
            -0.7040548324584961,
            0.06101936101913452
        ],
        [
            -0.3480110764503479,
            -0.7040859460830688,
            0.0603351891040802
        ],
        [
            -0.35717958211898804,
            -0.7146621346473694,
            0.06154825538396835
        ],
        [
            -0.3617144227027893,
            -0.7139674425125122,
            0.06795041263103485
        ],
        [
            -0.365441232919693,
            -0.7133188843727112,
            0.07530279457569122
        ],
        [
            -0.36340877413749695,
            -0.704715371131897,
            0.0765070915222168
        ],
        [
            -0.34508219361305237,
            -0.6924487948417664,
            0.03038695827126503
        ],
        [
            -0.34928205609321594,
            -0.697909414768219,
            0.036835990846157074
        ],
        [
            -0.3441358208656311,
            -0.6952716112136841,
            0.041112836450338364
        ],
        [
            -0.3415437638759613,
            -0.6904480457305908,
            0.03557995706796646
        ],
        [
            -0.34448564052581787,
            -0.7025947570800781,
            0.057422712445259094
        ],
        [
            -0.3375372588634491,
            -0.6883218288421631,
            0.054466668516397476
        ],
        [
            -0.3398739695549011,
            -0.6913127899169922,
            0.054353103041648865
        ],
        [
            -0.34013932943344116,
            -0.6920509338378906,
            0.06156640872359276
        ],
        [
            -0.33811983466148376,
            -0.6891347765922546,
            0.061023369431495667
        ],
        [
            -0.3337852358818054,
            -0.6829721331596375,
            0.021177394315600395
        ],
        [
            -0.333433598279953,
            -0.6817015409469604,
            0.02830524556338787
        ],
        [
            -0.32810473442077637,
            -0.6770410537719727,
            0.02646688185632229
        ],
        [
            -0.3266657590866089,
            -0.6779412627220154,
            0.01928096078336239
        ],
        [
            -0.323055624961853,
            -0.673473596572876,
            0.0280318446457386
        ],
        [
            -0.31940656900405884,
            -0.6734451055526733,
            0.01878967322409153
        ],
        [
            -0.3067711591720581,
            -0.6645011901855469,
            0.026334654539823532
        ],
        [
            -0.31261467933654785,
            -0.6682437062263489,
            0.022389471530914307
        ],
        [
            -0.31818780303001404,
            -0.6698637008666992,
            0.03147927671670914
        ],
        [
            -0.3147113621234894,
            -0.6657400131225586,
            0.0375690832734108
        ],
        [
            -0.31724634766578674,
            -0.669228196144104,
            0.05198972672224045
        ],
        [
            -0.3155755400657654,
            -0.6686505079269409,
            0.05818120390176773
        ],
        [
            -0.30936819314956665,
            -0.6583600640296936,
            0.053232792764902115
        ],
        [
            -0.3119397759437561,
            -0.6610907316207886,
            0.04589221999049187
        ],
        [
            -0.33145609498023987,
            -0.6851246356964111,
            0.05188671499490738
        ],
        [
            -0.33146995306015015,
            -0.685314953327179,
            0.04708664491772652
        ],
        [
            -0.3340144753456116,
            -0.6853374242782593,
            0.04813309758901596
        ],
        [
            -0.33484572172164917,
            -0.686036229133606,
            0.05334014445543289
        ],
        [
            -0.3318234980106354,
            -0.6848891973495483,
            0.04313703998923302
        ],
        [
            -0.3319867253303528,
            -0.684515118598938,
            0.04137396812438965
        ],
        [
            -0.33343273401260376,
            -0.685042142868042,
            0.04219315946102142
        ],
        [
            -0.3326639235019684,
            -0.6852872967720032,
            0.043421559035778046
        ],
        [
            -0.3319278955459595,
            -0.6853089332580566,
            0.0454157292842865
        ],
        [
            -0.33060720562934875,
            -0.6838961243629456,
            0.046461593359708786
        ],
        [
            -0.33128875494003296,
            -0.6842962503433228,
            0.04416303709149361
        ],
        [
            -0.33037757873535156,
            -0.6829611659049988,
            0.05093199014663696
        ],
        [
            -0.3281913101673126,
            -0.6813545823097229,
            0.06590656191110611
        ],
        [
            -0.3296339809894562,
            -0.6809688806533813,
            0.061715662479400635
        ],
        [
            -0.33072030544281006,
            -0.68547523021698,
            0.062395524233579636
        ],
        [
            -0.32963377237319946,
            -0.6861463785171509,
            0.066056028008461
        ],
        [
            -0.3347267508506775,
            -0.686571478843689,
            0.04483108967542648
        ],
        [
            -0.3365870714187622,
            -0.6871325373649597,
            0.042229972779750824
        ],
        [
            -0.33859115839004517,
            -0.6889568567276001,
            0.04725414514541626
        ],
        [
            -0.33614403009414673,
            -0.68724125623703,
            0.04787762090563774
        ],
        [
            -0.33883652091026306,
            -0.6880282163619995,
            0.039815861731767654
        ],
        [
            -0.3347724676132202,
            -0.6857265830039978,
            0.04001183807849884
        ],
        [
            -0.33601289987564087,
            -0.6859796047210693,
            0.03743494674563408
        ],
        [
            -0.33071160316467285,
            -0.6833231449127197,
            0.04185109585523605
        ],
        [
            -0.3300619125366211,
            -0.6819199919700623,
            0.03881876915693283
        ],
        [
            -0.3325471878051758,
            -0.6833392381668091,
            0.03887813538312912
        ],
        [
            -0.3275282084941864,
            -0.6796775460243225,
            0.04072977975010872
        ],
        [
            -0.3291184902191162,
            -0.682060182094574,
            0.044468604028224945
        ],
        [
            -0.32830554246902466,
            -0.6802881360054016,
            0.048874348402023315
        ],
        [
            -0.3276015520095825,
            -0.67862868309021,
            0.054564330726861954
        ],
        [
            -0.3239700198173523,
            -0.675381064414978,
            0.050865087658166885
        ],
        [
            -0.32556721568107605,
            -0.6772840619087219,
            0.045038431882858276
        ],
        [
            -0.340979665517807,
            -0.6922003626823425,
            0.04547201097011566
        ],
        [
            -0.3328275978565216,
            -0.6826472282409668,
            0.03431004658341408
        ],
        [
            -0.3380003571510315,
            -0.6868904829025269,
            0.03150284290313721
        ],
        [
            -0.32932811975479126,
            -0.6792868971824646,
            0.03380658105015755
        ],
        [
            -0.32557737827301025,
            -0.6764221787452698,
            0.03538816049695015
        ],
        [
            -0.3221517503261566,
            -0.6736934185028076,
            0.03948964923620224
        ],
        [
            -0.31968042254447937,
            -0.671112060546875,
            0.04558354616165161
        ],
        [
            -0.29747509956359863,
            -0.6559147834777832,
            0.044961366802453995
        ],
        [
            -0.30217331647872925,
            -0.6593354940414429,
            0.03638868033885956
        ],
        [
            -0.38563722372055054,
            -0.7467988133430481,
            0.042926475405693054
        ],
        [
            -0.38754040002822876,
            -0.7446789741516113,
            0.03441012650728226
        ],
        [
            -0.38012295961380005,
            -0.7402759790420532,
            0.03105216659605503
        ],
        [
            -0.38247689604759216,
            -0.7414690256118774,
            0.02916581742465496
        ],
        [
            -0.3826744556427002,
            -0.7429811954498291,
            0.03580140322446823
        ],
        [
            -0.38031843304634094,
            -0.7410792112350464,
            0.03568650037050247
        ],
        [
            -0.3718225359916687,
            -0.7376969456672668,
            0.011069366708397865
        ],
        [
            -0.3736601769924164,
            -0.7384083867073059,
            0.017699740827083588
        ],
        [
            -0.37052401900291443,
            -0.735846757888794,
            0.016600245609879494
        ],
        [
            -0.3685302436351776,
            -0.7318805456161499,
            0.009177522733807564
        ],
        [
            -0.36743709444999695,
            -0.7284512519836426,
            0.026217825710773468
        ],
        [
            -0.36798736453056335,
            -0.7297616600990295,
            0.02101774886250496
        ],
        [
            -0.3719833493232727,
            -0.7350218892097473,
            0.025693319737911224
        ],
        [
            -0.37162983417510986,
            -0.7340481281280518,
            0.029503820464015007
        ],
        [
            -0.3708498179912567,
            -0.7338912487030029,
            0.03360278159379959
        ],
        [
            -0.3697021007537842,
            -0.7345120906829834,
            0.037818681448698044
        ],
        [
            -0.3662945032119751,
            -0.7304338216781616,
            0.03697822242975235
        ],
        [
            -0.36690589785575867,
            -0.7290569543838501,
            0.0318082720041275
        ],
        [
            -0.3812215030193329,
            -0.7450933456420898,
            0.04175129905343056
        ],
        [
            -0.37701982259750366,
            -0.7465791702270508,
            0.04760010167956352
        ],
        [
            -0.3754929304122925,
            -0.7441967129707336,
            0.045922327786684036
        ],
        [
            -0.3791344463825226,
            -0.742559015750885,
            0.041233889758586884
        ],
        [
            -0.36368414759635925,
            -0.744140625,
            0.051193855702877045
        ],
        [
            -0.3663574755191803,
            -0.7452620267868042,
            0.05095318332314491
        ],
        [
            -0.3662794828414917,
            -0.7469437122344971,
            0.054482974112033844
        ],
        [
            -0.3628292679786682,
            -0.7438849210739136,
            0.0545082651078701
        ],
        [
            -0.3621797263622284,
            -0.7407322525978088,
            0.052627187222242355
        ],
        [
            -0.3636031150817871,
            -0.7421866655349731,
            0.05037069693207741
        ],
        [
            -0.41135427355766296,
            -0.7946311235427856,
            0.037597887217998505
        ],
        [
            -0.4054667353630066,
            -0.7792194485664368,
            0.04669441655278206
        ],
        [
            -0.40689364075660706,
            -0.7906052470207214,
            0.018476933240890503
        ],
        [
            -0.39744865894317627,
            -0.7848149538040161,
            0.003517754375934601
        ],
        [
            -0.3873696029186249,
            -0.7755069732666016,
            -0.008471479639410973
        ],
        [
            -0.33484017848968506,
            -0.6878085732460022,
            0.011412541382014751
        ],
        [
            -0.3263704180717468,
            -0.6831119656562805,
            0.006929215043783188
        ],
        [
            -0.3255097568035126,
            -0.6925622820854187,
            -0.006034426391124725
        ],
        [
            -0.31575027108192444,
            -0.6869183778762817,
            -0.006967920809984207
        ],
        [
            -0.3168952167034149,
            -0.6772183179855347,
            0.006587493233382702
        ],
        [
            -0.29824361205101013,
            -0.6665883660316467,
            0.016472110524773598
        ],
        [
            -0.307512104511261,
            -0.6710094213485718,
            0.00984765775501728
        ],
        [
            -0.30473560094833374,
            -0.6819436550140381,
            -0.0060622235760092735
        ],
        [
            -0.30511778593063354,
            -0.6964769959449768,
            -0.02166462503373623
        ],
        [
            -0.3152158856391907,
            -0.6987507343292236,
            -0.018806375563144684
        ],
        [
            -0.3071388006210327,
            -0.7141815423965454,
            -0.031682148575782776
        ],
        [
            -0.291683554649353,
            -0.6956614255905151,
            -0.02369716763496399
        ],
        [
            -0.2994397282600403,
            -0.7183380126953125,
            -0.033955421298742294
        ],
        [
            -0.26925647258758545,
            -0.6691387891769409,
            -0.004618937149643898
        ],
        [
            -0.26293236017227173,
            -0.6611225605010986,
            -0.006452674046158791
        ],
        [
            -0.2649722397327423,
            -0.6685593724250793,
            -0.023865822702646255
        ],
        [
            -0.27103564143180847,
            -0.6769999265670776,
            -0.02214222215116024
        ],
        [
            -0.32570093870162964,
            -0.7015425562858582,
            -0.01544309314340353
        ],
        [
            -0.368120402097702,
            -0.7499220967292786,
            -0.011813170276582241
        ],
        [
            -0.3730945289134979,
            -0.7458219528198242,
            -0.0023302866611629725
        ],
        [
            -0.3585883378982544,
            -0.7408484816551208,
            -0.015436230227351189
        ],
        [
            -0.3894813060760498,
            -0.8080376386642456,
            -0.023685865104198456
        ],
        [
            -0.395641565322876,
            -0.7975122928619385,
            -0.009740373119711876
        ],
        [
            -0.3860785961151123,
            -0.7859668731689453,
            -0.019240165129303932
        ],
        [
            -0.38106492161750793,
            -0.797588586807251,
            -0.031151149421930313
        ],
        [
            -0.40243765711784363,
            -0.840430736541748,
            0.005280075594782829
        ],
        [
            -0.411294549703598,
            -0.8180527091026306,
            0.02104012295603752
        ],
        [
            -0.40449145436286926,
            -0.8095282912254333,
            0.006503289565443993
        ],
        [
            -0.39848923683166504,
            -0.8262280225753784,
            -0.007959951646625996
        ],
        [
            -0.37383192777633667,
            -0.8041681051254272,
            -0.04110659286379814
        ],
        [
            -0.36248841881752014,
            -0.8141498565673828,
            -0.05221147835254669
        ],
        [
            -0.3643953800201416,
            -0.8312585353851318,
            -0.052193768322467804
        ],
        [
            -0.37960270047187805,
            -0.8217833042144775,
            -0.03766092658042908
        ],
        [
            -0.36543020606040955,
            -0.8549173474311829,
            -0.04471664875745773
        ],
        [
            -0.3836806118488312,
            -0.8431984186172485,
            -0.02774190902709961
        ],
        [
            -0.28453493118286133,
            -0.7117656469345093,
            -0.037201378494501114
        ],
        [
            -0.29315075278282166,
            -0.7289597988128662,
            -0.04047611728310585
        ],
        [
            -0.2799084186553955,
            -0.6859018802642822,
            -0.01969531923532486
        ],
        [
            -0.27694323658943176,
            -0.6977773904800415,
            -0.03500357270240784
        ],
        [
            -0.3616181015968323,
            -0.8745457530021667,
            -0.03221551328897476
        ],
        [
            -0.3844095468521118,
            -0.8622689843177795,
            -0.012962451204657555
        ],
        [
            -0.3120684027671814,
            -0.8232039213180542,
            -0.07178983837366104
        ],
        [
            -0.328357458114624,
            -0.832973837852478,
            -0.06847616285085678
        ],
        [
            -0.33479174971580505,
            -0.8130773901939392,
            -0.06521351635456085
        ],
        [
            -0.3191225826740265,
            -0.806350588798523,
            -0.06847279518842697
        ],
