{
    "pred_cam": [
        1.19862961769104,
        0.01097031868994236,
        0.15596061944961548
    ],
    "pred_smpl_params": {
        "global_orient": [
            [
                [
                    0.959187388420105,
                    0.17597822844982147,
                    0.22134004533290863
                ],
                [
                    0.16688032448291779,
                    -0.9841919541358948,
                    0.05930635333061218
                ],
                [
                    0.22827769815921783,
                    -0.019948603585362434,
                    -0.9733918309211731
                ]
            ]
        ],
        "body_pose": [
            [
                [
                    0.9954912066459656,
                    -0.014418281614780426,
                    -0.0937516838312149
                ],
                [
                    0.035790883004665375,
                    0.9724159240722656,
                    0.2304912805557251
                ],
                [
                    0.08784234523773193,
                    -0.23280750215053558,
                    0.968547523021698
                ]
            ],
            [
                [
                    0.9960993528366089,
                    0.07779691368341446,
                    -0.041638266295194626
                ],
                [
                    -0.06837858259677887,
                    0.9788111448287964,
                    0.19301070272922516
                ],
                [
                    0.055771637707948685,
                    -0.18941067159175873,
                    0.9803127646446228
                ]
            ],
            [
                [
                    0.9963212013244629,
                    0.006461278535425663,
                    0.08545339852571487
                ],
                [
                    0.01736387237906456,
                    0.9612498879432678,
                    -0.27513113617897034
                ],
                [
                    -0.08391977101564407,
                    0.275602787733078,
                    0.9576014280319214
                ]
            ],
            [
                [
                    0.9875359535217285,
                    -0.056738581508398056,
                    -0.14681141078472137
                ],
                [
                    -0.06262197345495224,
                    0.7141188979148865,
                    -0.6972178816795349
                ],
                [
                    0.14439994096755981,
                    0.6977212429046631,
                    0.7016649842262268
                ]
            ],
            [
                [
                    0.994138240814209,
                    -0.08658193796873093,
                    0.06475216895341873
                ],
                [
                    0.1080755963921547,
                    0.7792530655860901,
                    -0.6173203587532043
                ],
                [
                    0.002990473061800003,
                    0.6206998229026794,
                    0.7840426564216614
                ]
            ],
            [
                [
                    0.9926697611808777,
                    0.08276055753231049,
                    0.08807648718357086
                ],
                [
                    -0.0799088105559349,
                    0.9961721897125244,
                    -0.035431962460279465
                ],
                [
                    -0.09067173302173615,
                    0.028134148567914963,
                    0.9954832792282104
                ]
            ],
            [
                [
                    0.9872227311134338,
                    0.05299132317304611,
                    0.15027710795402527
                ],
                [
                    -0.057920750230550766,
                    0.9979109764099121,
                    0.028614163398742676
                ],
                [
                    -0.14844688773155212,
                    -0.03695271536707878,
                    0.9882296919822693
                ]
            ],
            [
                [
                    0.9882829189300537,
                    0.005336435046046972,
                    -0.15253955125808716
                ],
                [
                    0.006325454916805029,
                    0.9970981478691101,
                    0.07586409896612167
                ],
                [
                    0.15250173211097717,
                    -0.0759400799870491,
                    0.9853813052177429
                ]
            ],
            [
                [
                    0.9964141249656677,
                    0.04349218308925629,
                    0.07257620245218277
                ],
                [
                    -0.040509868413209915,
                    0.9982930421829224,
                    -0.04207080975174904
                ],
                [
                    -0.07428206503391266,
                    0.038979895412921906,
                    0.9964751601219177
                ]
            ],
            [
                [
                    0.9914131164550781,
                    -0.12907053530216217,
                    0.020997243002057076
                ],
                [
                    0.12610074877738953,
                    0.9861411452293396,
                    0.10781587660312653
                ],
                [
                    -0.03462209552526474,
                    -0.10424229502677917,
                    0.9939491748809814
                ]
            ],
            [
                [
                    0.9975998997688293,
                    0.06848526746034622,
                    -0.010203691199421883
                ],
                [
                    -0.06610777229070663,
                    0.9858854413032532,
                    0.15381725132465363
                ],
                [
                    0.020593883469700813,
                    -0.15277354419231415,
                    0.9880466461181641
                ]
            ],
            [
                [
                    0.9767184257507324,
                    0.056779686361551285,
                    0.20687472820281982
                ],
                [
                    -0.05574662983417511,
                    0.9983863234519958,
                    -0.01082437951117754
                ],
                [
                    -0.2071554809808731,
                    -0.0009601984638720751,
                    0.9783076047897339
                ]
            ],
            [
                [
                    0.8790019154548645,
                    0.45963793992996216,
                    -0.1268405169248581
                ],
                [
                    -0.4558444023132324,
                    0.8880876302719116,
                    0.05921364948153496
                ],
                [
                    0.1398623287677765,
                    0.005770618561655283,
                    0.9901540875434875
                ]
            ],
            [
                [
                    0.8586114645004272,
                    -0.43086710572242737,
                    0.27774062752723694
                ],
                [
                    0.44295239448547363,
                    0.8962967395782471,
                    0.021101707592606544
                ],
                [
                    -0.2580300569534302,
                    0.10490769892930984,
                    0.9604242444038391
                ]
            ],
            [
                [
                    0.9783473610877991,
                    0.11478402465581894,
                    0.17222383618354797
                ],
                [
                    -0.056267622858285904,
                    0.9482894539833069,
                    -0.31237953901290894
                ],
                [
                    -0.19917425513267517,
                    0.2959250807762146,
                    0.9342151284217834
                ]
            ],
            [
                [
                    0.6144034266471863,
                    0.7472665905952454,
                    -0.25318193435668945
                ],
                [
                    -0.7678503394126892,
                    0.6401052474975586,
                    0.025907710194587708
                ],
                [
                    0.18142303824424744,
                    0.17848804593086243,
                    0.9670717120170593
                ]
            ],
            [
                [
                    0.44786393642425537,
                    -0.7555453777313232,
                    0.47808903455734253
                ],
                [
                    0.8393992185592651,
                    0.5394672751426697,
                    0.06621235609054565
                ],
                [
                    -0.3079398274421692,
                    0.37165340781211853,
                    0.8758121728897095
                ]
            ],
            [
                [
                    0.8516427874565125,
                    -0.21646375954151154,
                    -0.47733429074287415
                ],
                [
                    0.23387089371681213,
                    0.9719831943511963,
                    -0.023515384644269943
                ],
                [
                    0.46905118227005005,
                    -0.09160789102315903,
                    0.8784070611000061
                ]
            ],
            [
                [
                    0.7231312394142151,
                    0.11760080605745316,
                    0.6806256771087646
                ],
                [
                    0.08709636330604553,
                    0.9620084762573242,
                    -0.2587546706199646
                ],
                [
                    -0.6851973533630371,
                    0.2463936060667038,
                    0.6854158043861389
                ]
            ],
            [
                [
                    0.997015655040741,
                    -0.07285928726196289,
                    0.02552039548754692
                ],
                [
                    0.07319766283035278,
                    0.997238039970398,
                    -0.01258507277816534
                ],
                [
                    -0.024532970041036606,
                    0.01441554818302393,
                    0.999595046043396
                ]
            ],
            [
                [
                    0.9998975396156311,
                    0.01430687215179205,
                    0.0006120612379163504
                ],
                [
                    -0.014313911087810993,
                    0.9998046159744263,
                    0.01363247912377119
                ],
                [
                    -0.0004169032326899469,
                    -0.013639841228723526,
                    0.9999069571495056
                ]
            ],
            [
                [
                    0.9729324579238892,
                    0.20318427681922913,
                    -0.1100846603512764
                ],
                [
                    -0.18529392778873444,
                    0.9705778360366821,
                    0.1537693440914154
                ],
                [
                    0.13808922469615936,
                    -0.12920916080474854,
                    0.9819554686546326
                ]
            ],
            [
                [
                    0.9722934365272522,
                    -0.21351325511932373,
                    0.09517137706279755
                ],
                [
                    0.19829408824443817,
                    0.9689180254936218,
                    0.14790993928909302
                ],
                [
                    -0.12379398941993713,
                    -0.1249399408698082,
                    0.9844110608100891
                ]
            ]
        ],
        "betas": [
            0.04354493319988251,
            0.21930357813835144,
            -0.09357982873916626,
            0.5276937484741211,
            0.0041092634201049805,
            -0.07211553305387497,
            -0.10780325531959534,
            0.07598498463630676,
            0.11126632243394852,
            -0.06628447771072388
        ]
    },
    "pred_cam_t": [
        0.01097031868994236,
        0.15596061944961548,
        32.589298248291016
    ],
    "focal_length": [
        5000.0,
        5000.0
    ],
    "pred_keypoints_3d": [
        [
            0.28324902057647705,
            -0.7086889743804932,
            -0.18372207880020142
        ],
        [
            0.1360979825258255,
            -0.7085183262825012,
            -0.060895077884197235
        ],
        [
            -0.04820535331964493,
            -0.6364657282829285,
            -0.13264915347099304
        ],
        [
            -0.10711891949176788,
            -0.3904876708984375,
            -0.1002391129732132
        ],
        [
            0.021422594785690308,
            -0.17292137444019318,
            -0.14348843693733215
        ],
        [
            0.25075599551200867,
            -0.5742352604866028,
            0.04867291450500488
        ],
        [
            0.20414654910564423,
            -0.32439184188842773,
            0.11211781203746796
        ],
        [
            0.26022064685821533,
            -0.09056331217288971,
            0.041452839970588684
        ],
        [
            -0.0023290582466870546,
            -0.22699259221553802,
            0.02575378492474556
        ],
        [
            -0.08177729696035385,
            -0.14983411133289337,
            0.017929792404174805
        ],
        [
            -0.19882237911224365,
            0.20963455736637115,
            -0.05170281231403351
        ],
        [
            -0.2696949541568756,
            0.5313978791236877,
            0.1748555302619934
        ],
        [
            0.0440930612385273,
            -0.12687939405441284,
            0.05027113854885101
        ],
        [
            0.038988541811704636,
            0.24305012822151184,
            -0.01892787218093872
        ],
        [
            -0.02431868389248848,
            0.5486018657684326,
            0.23082512617111206
        ],
        [
            0.2659788429737091,
            -0.7634912729263306,
            -0.20573879778385162
        ],
        [
            0.3064998984336853,
            -0.756816029548645,
            -0.15327078104019165
        ],
        [
            0.17656654119491577,
            -0.8161351680755615,
            -0.18468286097049713
        ],
        [
            0.2683786153793335,
            -0.8012316823005676,
            -0.07037723064422607
        ],
        [
            -0.02865615114569664,
            0.6949949264526367,
            0.0928347110748291
        ],
        [
            0.03378972411155701,
            0.6828607320785522,
            0.14691683650016785
        ],
        [
            -0.02390415221452713,
            0.5475350618362427,
            0.3002937436103821
        ],
        [
            -0.2722800374031067,
            0.6543779969215393,
            0.01683846116065979
        ],
        [
            -0.34568357467651367,
            0.6277666091918945,
            0.05666491389274597
        ],
        [
            -0.2837064266204834,
            0.5444985628128052,
            0.24478557705879211
        ],
        [
            -0.2817085385322571,
            0.47101065516471863,
            0.1719382107257843
        ],
        [
            -0.18034252524375916,
            0.14803053438663483,
            -0.05124776065349579
        ],
        [
            -0.1346365511417389,
            -0.28480014204978943,
            0.002825130708515644
        ],
        [
            0.13110002875328064,
            -0.2215631604194641,
            0.08156886696815491
        ],
        [
            0.05267518758773804,
            0.2038525640964508,
            -0.01773720234632492
        ],
        [
            -0.010351681150496006,
            0.5072050094604492,
            0.23370693624019623
        ],
        [
            0.038123078644275665,
            -0.2056022584438324,
            -0.14652451872825623
        ],
        [
            -0.1025993674993515,
            -0.4041476845741272,
            -0.13679015636444092
        ],
        [
            -0.008024747483432293,
            -0.6650403738021851,
            -0.11955508589744568
        ],
        [
            0.23606617748737335,
            -0.6142749190330505,
            0.036698367446660995
        ],
        [
            0.2508496344089508,
            -0.34048405289649963,
            0.09825432300567627
        ],
        [
            0.27067452669143677,
            -0.10712962597608566,
            0.035435862839221954
        ],
        [
            0.1371268630027771,
            -0.6908201575279236,
            -0.06139339506626129
        ],
        [
            0.2642113268375397,
            -0.8387572169303894,
            -0.1497700810432434
        ],
        [
            -0.0015041842125356197,
            -0.2533119320869446,
            0.04269175976514816
        ],
        [
            0.11193531006574631,
            -0.6382182836532593,
            -0.04356499761343002
        ],
        [
            0.04561268910765648,
            -0.49397391080856323,
            0.011424536816775799
        ],
        [
            0.226343035697937,
            -0.7333232760429382,
            -0.1296144723892212
        ],
        [
            0.2670406699180603,
            -0.8590620756149292,
            -0.15411575138568878
        ]
    ],
    "pred_vertices": [
        [
            0.33876997232437134,
            -0.7923109531402588,
            -0.16011479496955872
        ],
        [
            0.33109843730926514,
            -0.7776820659637451,
            -0.16364088654518127
        ],
        [
            0.33042144775390625,
            -0.7794853448867798,
            -0.1495310664176941
        ],
        [
            0.3344036340713501,
            -0.7925938367843628,
            -0.1432209014892578
        ],
        [
            0.32672184705734253,
            -0.7691184282302856,
            -0.15262630581855774
        ],
        [
            0.32568931579589844,
            -0.766958475112915,
            -0.16415607929229736
        ],
        [
            0.3251403868198395,
            -0.7803212404251099,
            -0.13673129677772522
        ],
        [
            0.3261212110519409,
            -0.791192352771759,
            -0.12897883355617523
        ],
        [
            0.30259889364242554,
            -0.758415937423706,
            -0.1146460622549057
        ],
        [
            0.2973144054412842,
            -0.7599743604660034,
            -0.10511519014835358
        ],
        [
            0.30432602763175964,
            -0.769008994102478,
            -0.11027160286903381
        ],
        [
            0.3070058524608612,
            -0.7652387022972107,
            -0.11936594545841217
        ],
        [
            0.2860231101512909,
            -0.7400224804878235,
            -0.10591822862625122
        ],
        [
            0.2822769284248352,
            -0.7283319234848022,
            -0.11216754466295242
        ],
        [
            0.2731766998767853,
            -0.7267569303512573,
            -0.10278326272964478
        ],
        [
            0.27559763193130493,
            -0.7386183738708496,
            -0.09657052159309387
        ],
        [
            0.28441596031188965,
            -0.7285259962081909,
            -0.153586283326149
        ],
        [
            0.28336983919143677,
            -0.7235466837882996,
            -0.14680802822113037
        ],
        [
            0.2887534499168396,
            -0.7289453744888306,
            -0.145371213555336
        ],
        [
            0.2887090742588043,
            -0.7335842251777649,
            -0.15232737362384796
        ],
        [
            0.28821131587028503,
            -0.733188271522522,
            -0.16742511093616486
        ],
        [
            0.2896580696105957,
            -0.7395431995391846,
            -0.1665375530719757
        ],
        [
            0.2923516631126404,
            -0.7397370934486389,
            -0.1741899698972702
        ],
        [
            0.29151612520217896,
            -0.7321215867996216,
            -0.1747368574142456
        ],
        [
            0.2786433696746826,
            -0.7246140837669373,
            -0.15637406706809998
        ],
        [
            0.2774164080619812,
            -0.7196165323257446,
            -0.14908713102340698
        ],
        [
            0.2858274579048157,
            -0.7323703765869141,
            -0.15986856818199158
        ],
        [
            0.2835899293422699,
            -0.7277419567108154,
            -0.1615046262741089
        ],
        [
            0.2853270173072815,
            -0.7165646553039551,
            -0.1673709601163864
        ],
        [
            0.2878912687301636,
            -0.721056342124939,
            -0.16678492724895477
        ],
        [
            0.2908329665660858,
            -0.7179046869277954,
            -0.1733788102865219
        ],
        [
            0.2866206467151642,
            -0.7140597701072693,
            -0.17241795361042023
        ],
        [
            0.2806922495365143,
            -0.7215285301208496,
            -0.16003209352493286
        ],
        [
            0.284423291683197,
            -0.7220784425735474,
            -0.16197507083415985
        ],
        [
            0.282431960105896,
            -0.7178597450256348,
            -0.16399013996124268
        ],
        [
            0.2783459424972534,
            -0.7182146906852722,
            -0.16282284259796143
        ],
        [
            0.2874377369880676,
            -0.7280334234237671,
            -0.16800934076309204
        ],
        [
            0.2912634611129761,
            -0.7253501415252686,
            -0.17452967166900635
        ],
        [
            0.2941437363624573,
            -0.7224414944648743,
            -0.18177571892738342
        ],
        [
            0.2920910716056824,
            -0.7137986421585083,
            -0.18037539720535278
        ],
        [
            0.27858591079711914,
            -0.7156356573104858,
            -0.13100385665893555
        ],
        [
            0.28203150629997253,
            -0.7190103530883789,
            -0.13904407620429993
        ],
        [
            0.2764969766139984,
            -0.7153190970420837,
            -0.14179448783397675
        ],
        [
            0.27458739280700684,
            -0.7121692895889282,
            -0.13494232296943665
        ],
        [
            0.2750583589076996,
            -0.7178864479064941,
            -0.1592559516429901
        ],
        [
            0.26845547556877136,
            -0.7049058079719543,
            -0.15179818868637085
        ],
        [
            0.27087071537971497,
            -0.7077997326850891,
            -0.15281012654304504
        ],
        [
            0.27028289437294006,
            -0.7065416574478149,
            -0.1598512828350067
        ],
        [
            0.26824575662612915,
            -0.7039123773574829,
            -0.15829260647296906
        ],
        [
            0.26833105087280273,
            -0.7091081142425537,
            -0.11841757595539093
        ],
        [
            0.2672005891799927,
            -0.705900251865387,
            -0.12474370002746582
        ],
        [
            0.2619646489620209,
            -0.7020806670188904,
            -0.12107765674591064
        ],
        [
            0.2612590789794922,
            -0.7051376104354858,
            -0.11442447453737259
        ],
        [
            0.2565053105354309,
            -0.6984628438949585,
            -0.12110252678394318
        ],
        [
            0.2540305554866791,
            -0.7011767029762268,
            -0.11191262304782867
        ],
        [
            0.2408204972743988,
            -0.6903043985366821,
            -0.1151278018951416
        ],
        [
            0.24693679809570312,
            -0.6953240633010864,
            -0.11314965784549713
        ],
        [
            0.2512645125389099,
            -0.6940369009971619,
            -0.12290321290493011
        ],
        [
            0.24699783325195312,
            -0.688399076461792,
            -0.12711292505264282
        ],
        [
            0.24793167412281036,
            -0.6880024075508118,
            -0.14168031513690948
        ],
        [
            0.24543598294258118,
            -0.6859986782073975,
            -0.14718084037303925
        ],
        [
            0.23994776606559753,
            -0.6773585081100464,
            -0.13897526264190674
        ],
        [
            0.2431446760892868,
            -0.6818059682846069,
            -0.13330847024917603
        ],
        [
            0.26250159740448,
            -0.702825665473938,
            -0.14786610007286072
        ],
        [
            0.2631092071533203,
            -0.7043099403381348,
            -0.1433648318052292
        ],
        [
            0.2655380964279175,
            -0.7040057182312012,
            -0.14466948807239532
        ],
        [
            0.2657930850982666,
            -0.703144907951355,
            -0.14983853697776794
        ],
        [
            0.2638983130455017,
            -0.7050554752349854,
            -0.13946421444416046
        ],
        [
            0.26423898339271545,
            -0.705234169960022,
            -0.1376826912164688
        ],
        [
            0.2656291723251343,
            -0.7054389715194702,
            -0.13883696496486664
        ],
        [
            0.26476266980171204,
            -0.7052420973777771,
            -0.13991029560565948
        ],
        [
            0.2637898921966553,
            -0.7047246098518372,
            -0.14170020818710327
        ],
        [
            0.26229771971702576,
            -0.7030675411224365,
            -0.1421653926372528
        ],
        [
            0.2632032036781311,
            -0.7041969299316406,
            -0.14018288254737854
        ],
        [
            0.2615205943584442,
            -0.7008535861968994,
            -0.14607882499694824
        ],
        [
            0.25743627548217773,
            -0.6956058740615845,
            -0.15953585505485535
        ],
        [
            0.25936397910118103,
            -0.696234941482544,
            -0.15566937625408173
        ],
        [
            0.2604219615459442,
            -0.7004996538162231,
            -0.15770524740219116
        ],
        [
            0.2589045763015747,
            -0.700218915939331,
            -0.16116294264793396
        ],
        [
            0.2667287588119507,
            -0.7060081958770752,
            -0.1418192833662033
        ],
        [
            0.26885461807250977,
            -0.7072542309761047,
            -0.1398560106754303
        ],
        [
            0.27036190032958984,
            -0.7074866890907288,
            -0.1453181654214859
        ],
        [
            0.2677685618400574,
            -0.7057640552520752,
            -0.14519399404525757
        ],
        [
            0.27141469717025757,
            -0.7086961269378662,
            -0.1379958540201187
        ],
        [
            0.26723048090934753,
            -0.7066393494606018,
            -0.13703161478042603
        ],
        [
            0.2688065767288208,
            -0.7075356245040894,
            -0.13477188348770142
        ],
        [
            0.2628742456436157,
            -0.7039462327957153,
            -0.13763658702373505
        ],
        [
            0.26257312297821045,
            -0.7034616470336914,
            -0.13423871994018555
        ],
        [
            0.2650676965713501,
            -0.7047778367996216,
            -0.13500991463661194
        ],
        [
            0.2597850561141968,
            -0.7007633447647095,
            -0.1351720094680786
        ],
        [
            0.26098042726516724,
            -0.7019615173339844,
            -0.13962459564208984
        ],
        [
            0.2596321403980255,
            -0.6989483833312988,
            -0.14320003986358643
        ],
        [
            0.2582215666770935,
            -0.6958172917366028,
            -0.14800886809825897
        ],
        [
            0.2548893094062805,
            -0.693892776966095,
            -0.14315995573997498
        ],
        [
            0.2572838366031647,
            -0.6972622871398926,
            -0.138404980301857
        ],
        [
            0.27292361855506897,
            -0.7111769914627075,
            -0.14474084973335266
        ],
        [
            0.26599428057670593,
            -0.7051326036453247,
            -0.1305532157421112
        ],
        [
            0.27150315046310425,
            -0.7098044157028198,
            -0.12972968816757202
        ],
        [
            0.2624741494655609,
            -0.702189564704895,
            -0.12869635224342346
        ],
        [
            0.2584287226200104,
            -0.6991271376609802,
            -0.1289532482624054
        ],
        [
            0.2542544901371002,
            -0.695449709892273,
            -0.13199809193611145
        ],
        [
            0.25115466117858887,
            -0.6913400888442993,
            -0.13650283217430115
        ],
        [
            0.22948980331420898,
            -0.6772656440734863,
            -0.12905587255954742
        ],
        [
            0.23495949804782867,
            -0.6826044321060181,
            -0.12267237901687622
        ],
        [
            0.31876134872436523,
            -0.763161301612854,
            -0.16186395287513733
        ],
        [
            0.3215557336807251,
            -0.7634426355361938,
            -0.1533026397228241
        ],
        [
            0.3142991065979004,
            -0.7605308294296265,
            -0.1480410099029541
        ],
        [
            0.31693601608276367,
            -0.7620961666107178,
            -0.14696866273880005
        ],
        [
            0.3163321018218994,
            -0.7618170976638794,
            -0.15361186861991882
        ],
        [
            0.31399106979370117,
            -0.7599645256996155,
            -0.15262211859226227
        ],
        [
            0.308510422706604,
            -0.7634942531585693,
            -0.12746310234069824
        ],
        [
            0.30955830216407776,
            -0.762283444404602,
            -0.1340714544057846
        ],
        [
            0.30645495653152466,
            -0.7603610754013062,
            -0.1320423185825348
        ],
        [
            0.3051382005214691,
            -0.7586765885353088,
            -0.12380917370319366
        ],
        [
            0.30187711119651794,
            -0.7508015632629395,
            -0.13891582190990448
        ],
        [
            0.30308252573013306,
            -0.7535068988800049,
            -0.13440914452075958
        ],
        [
            0.306611567735672,
            -0.7570450305938721,
            -0.1406274437904358
        ],
        [
            0.3058364689350128,
            -0.755069375038147,
            -0.14394579827785492
        ],
        [
            0.30451759696006775,
            -0.7538819909095764,
            -0.14777089655399323
        ],
        [
            0.302814781665802,
            -0.7535018920898438,
            -0.1518925577402115
        ],
        [
            0.29954028129577637,
            -0.7498244047164917,
            -0.14962351322174072
        ],
        [
            0.30075520277023315,
            -0.7498316764831543,
            -0.1443539708852768
        ],
        [
            0.31423887610435486,
            -0.7623385190963745,
            -0.1596815139055252
        ],
        [
            0.3093360662460327,
            -0.762550950050354,
            -0.16516144573688507
        ],
        [
            0.3079853653907776,
            -0.7605432271957397,
            -0.16273142397403717
        ],
        [
            0.31217676401138306,
            -0.7600728869438171,
            -0.15818823873996735
        ],
        [
            0.29524528980255127,
            -0.7597166895866394,
            -0.16644009947776794
        ],
        [
            0.298080712556839,
            -0.7607555389404297,
            -0.16679415106773376
        ],
        [
            0.2976953387260437,
            -0.7613178491592407,
            -0.1706891655921936
        ],
        [
            0.29399269819259644,
            -0.7585774660110474,
            -0.1695181429386139
        ],
        [
            0.2934646010398865,
            -0.7560909986495972,
            -0.16668269038200378
        ],
        [
            0.29517728090286255,
            -0.7580753564834595,
            -0.16499842703342438
        ],
        [
            0.3451797366142273,
            -0.8094496726989746,
            -0.17261500656604767
        ],
        [
            0.33755168318748474,
            -0.7928642630577087,
            -0.1762320101261139
        ],
        [
            0.34232693910598755,
            -0.810868501663208,
            -0.152548685669899
        ],
        [
            0.33488813042640686,
            -0.8093371391296387,
            -0.13598157465457916
        ],
        [
            0.3263505697250366,
            -0.8038686513900757,
            -0.12085284292697906
        ],
        [
            0.27054721117019653,
            -0.7164772152900696,
            -0.1106543317437172
        ],
        [
            0.26245546340942383,
            -0.7134281396865845,
            -0.10417698323726654
        ],
        [
            0.2636375427246094,
            -0.7258614301681519,
            -0.09426791220903397
        ],
        [
            0.2540764808654785,
            -0.7207919359207153,
            -0.09049864113330841
        ],
        [
            0.2530800700187683,
            -0.708092212677002,
            -0.10111850500106812
        ],
        [
            0.23389604687690735,
            -0.6952967643737793,
            -0.10548996180295944
        ],
        [
            0.24367603659629822,
            -0.7014583349227905,
            -0.10135769098997116
        ],
        [
            0.24325856566429138,
            -0.7157381772994995,
            -0.0886564552783966
        ],
        [
            0.24582988023757935,
            -0.7339290380477905,
            -0.07783070206642151
        ],
        [
            0.25545647740364075,
            -0.7354315519332886,
            -0.0824924185872078
        ],
        [
            0.24875369668006897,
            -0.7537049055099487,
            -0.07304728031158447
        ],
        [
            0.23322415351867676,
            -0.734214186668396,
            -0.07443161308765411
        ],
        [
            0.24176794290542603,
            -0.7583761811256409,
            -0.07122628390789032
        ],
        [
            0.2098582535982132,
            -0.7047238945960999,
            -0.0831303596496582
        ],
        [
            0.20512206852436066,
            -0.6974529027938843,
            -0.07800589501857758
        ],
        [
            0.20914798974990845,
            -0.7087321281433105,
            -0.06295947730541229
        ],
        [
            0.21388596296310425,
            -0.7163716554641724,
            -0.06821833550930023
        ],
        [
            0.2654881775379181,
            -0.7370619773864746,
            -0.08771616220474243
        ],
        [
            0.30735448002815247,
            -0.7812135219573975,
            -0.10816818475723267
        ],
        [
            0.31113356351852417,
            -0.7750596404075623,
            -0.1170041412115097
        ],
        [
            0.29822877049446106,
            -0.7739230990409851,
            -0.10142945498228073
        ],
        [
            0.3307076096534729,
            -0.8376857042312622,
            -0.11516334861516953
        ],
        [
            0.33563873171806335,
            -0.8243193030357361,
            -0.1261589527130127
        ],
        [
            0.32651445269584656,
            -0.8164263963699341,
            -0.11325934529304504
        ],
        [
            0.3234550952911377,
            -0.8302109241485596,
            -0.10409562289714813
        ],
        [
            0.3399538993835449,
            -0.8607683777809143,
            -0.15296155214309692
        ],
        [
            0.34675368666648865,
            -0.8355374932289124,
            -0.16290654242038727
        ],
        [
            0.3423013687133789,
            -0.8311628103256226,
            -0.14575593173503876
        ],
        [
            0.337419331073761,
            -0.8506715893745422,
            -0.1362110823392868
        ],
        [
            0.31729117035865784,
            -0.8393262624740601,
            -0.09618020057678223
        ],
        [
            0.30749040842056274,
            -0.8520454168319702,
            -0.08719625324010849
        ],
        [
            0.31027889251708984,
            -0.8685909509658813,
            -0.09168374538421631
        ],
        [
            0.32280802726745605,
            -0.8548306822776794,
            -0.10455508530139923
        ],
        [
            0.3107038736343384,
            -0.8895750045776367,
            -0.10475696623325348
        ],
        [
            0.3261035680770874,
            -0.8729511499404907,
            -0.12033781409263611
        ],
        [
            0.22842183709144592,
            -0.7535462975502014,
            -0.06474804878234863
        ],
        [
            0.23644936084747314,
            -0.7704406976699829,
            -0.06730925291776657
        ],
        [
            0.2213381975889206,
            -0.7241964936256409,
            -0.07436193525791168
        ],
        [
            0.22079582512378693,
            -0.7394076585769653,
            -0.06210114806890488
        ],
        [
            0.3058313727378845,
            -0.9062533378601074,
            -0.12159737199544907
        ],
        [
            0.32542163133621216,
            -0.8873599171638489,
            -0.13970378041267395
        ],
        [
            0.26027628779411316,
            -0.8669711351394653,
            -0.06345797330141068
        ],
        [
            0.2762204110622406,
            -0.8751535415649414,
            -0.07174179702997208
        ],
        [
            0.28171253204345703,
            -0.8549901247024536,
            -0.07035678625106812
        ],
        [
            0.26621654629707336,
            -0.8499852418899536,
            -0.06312637031078339
        ],
        [
            0.2508257031440735,
            -0.8843865394592285,
            -0.06801792979240417
        ],
        [
