{
    "pred_cam": [
        1.1978269815444946,
        0.013504186645150185,
        0.19128066301345825
    ],
    "pred_smpl_params": {
        "global_orient": [
            [
                [
                    0.9427244067192078,
                    0.2114894837141037,
                    0.2579587399959564
                ],
                [
                    0.20637424290180206,
                    -0.9773401021957397,
                    0.047073833644390106
                ],
                [
                    0.26206907629966736,
                    0.008858388289809227,
                    -0.9650083780288696
                ]
            ]
        ],
        "body_pose": [
            [
                [
                    0.993255615234375,
                    -0.017485754564404488,
                    -0.11461937427520752
                ],
                [
                    0.0397469662129879,
                    0.9800116419792175,
                    0.1949291229248047
                ],
                [
                    0.10891983658075333,
                    -0.19817019999027252,
                    0.9740970730781555
                ]
            ],
            [
                [
                    0.9954032301902771,
                    0.08101388812065125,
                    -0.05108082666993141
                ],
                [
                    -0.0715496763586998,
                    0.9835809469223022,
                    0.16567786037921906
                ],
                [
                    0.06366433948278427,
                    -0.1612614542245865,
                    0.9848561882972717
                ]
            ],
            [
                [
                    0.995427668094635,
                    0.007150996942073107,
                    0.09525075554847717
                ],
                [
                    0.018211277201771736,
                    0.9646937847137451,
                    -0.26274383068084717
                ],
                [
                    -0.09376668930053711,
                    0.2632770836353302,
                    0.9601526260375977
                ]
            ],
            [
                [
                    0.9849656224250793,
                    -0.08463089913129807,
                    -0.1505996584892273
                ],
                [
                    -0.05425122752785683,
                    0.6761338710784912,
                    -0.7347787618637085
                ],
                [
                    0.16401052474975586,
                    0.7319020628929138,
                    0.6613773107528687
                ]
            ],
            [
                [
                    0.9930015802383423,
                    -0.11115369200706482,
                    0.03990822657942772
                ],
                [
                    0.1117115169763565,
                    0.7743870615959167,
                    -0.6227721571922302
                ],
                [
                    0.03831901401281357,
                    0.622871994972229,
                    0.7813847064971924
                ]
            ],
            [
                [
                    0.9918323755264282,
                    0.07647539675235748,
                    0.10207919031381607
                ],
                [
                    -0.07291189581155777,
                    0.9966065287590027,
                    -0.038200780749320984
                ],
                [
                    -0.10465420037508011,
                    0.03044597990810871,
                    0.9940425753593445
                ]
            ],
            [
                [
                    0.9907495975494385,
                    0.06869946420192719,
                    0.11702774465084076
                ],
                [
                    -0.07680246233940125,
                    0.9948465824127197,
                    0.06619472056627274
                ],
                [
                    -0.11187709867954254,
                    -0.0745704248547554,
                    0.9909201264381409
                ]
            ],
            [
                [
                    0.9884236454963684,
                    -0.03116319514811039,
                    -0.14848428964614868
                ],
                [
                    0.040774110704660416,
                    0.9972349405288696,
                    0.062128253281116486
                ],
                [
                    0.14613761007785797,
                    -0.06746334582567215,
                    0.9869612455368042
                ]
            ],
            [
                [
                    0.9961667656898499,
                    0.03771226108074188,
                    0.07892762869596481
                ],
                [
                    -0.03234785795211792,
                    0.997148871421814,
                    -0.06817483901977539
                ],
                [
                    -0.08127361536026001,
                    0.06536036729812622,
                    0.9945464730262756
                ]
            ],
            [
                [
                    0.9880148768424988,
                    -0.15115490555763245,
                    0.031285371631383896
                ],
                [
                    0.1453743278980255,
                    0.9793338775634766,
                    0.14061136543750763
                ],
                [
                    -0.05189291387796402,
                    -0.13437803089618683,
                    0.9895704984664917
                ]
            ],
            [
                [
                    0.9957776665687561,
                    0.09009452909231186,
                    -0.017604859545826912
                ],
                [
                    -0.0855322852730751,
                    0.980223536491394,
                    0.17845439910888672
                ],
                [
                    0.03333446756005287,
                    -0.17619509994983673,
                    0.9837906956672668
                ]
            ],
            [
                [
                    0.9881696105003357,
                    0.02861265279352665,
                    0.1506720930337906
                ],
                [
                    -0.029583029448986053,
                    0.9995534420013428,
                    0.004202340729534626
                ],
                [
                    -0.1504845917224884,
                    -0.008609963580965996,
                    0.9885748028755188
                ]
            ],
            [
                [
                    0.8776193857192993,
                    0.4551425576210022,
                    -0.15043091773986816
                ],
                [
                    -0.45297402143478394,
                    0.8900976777076721,
                    0.05040532350540161
                ],
                [
                    0.15683980286121368,
                    0.023904602974653244,
                    0.9873347282409668
                ]
            ],
            [
                [
                    0.8361796140670776,
                    -0.43537428975105286,
                    0.3335457146167755
                ],
                [
                    0.4480040669441223,
                    0.8930193185806274,
                    0.04253024607896805
                ],
                [
                    -0.3163793385028839,
                    0.1138669028878212,
                    0.9417740106582642
                ]
            ],
            [
                [
                    0.9855384230613708,
                    0.08440566062927246,
                    0.14693403244018555
                ],
                [
                    -0.029962029308080673,
                    0.9402521252632141,
                    -0.33915814757347107
                ],
                [
                    -0.16678190231323242,
                    0.329850971698761,
                    0.9291835427284241
                ]
            ],
            [
                [
                    0.6026184558868408,
                    0.7497584819793701,
                    -0.27333730459213257
                ],
                [
                    -0.7765154242515564,
                    0.6298991441726685,
                    0.015840070322155952
                ],
                [
                    0.18405114114284515,
                    0.20270510017871857,
                    0.9617878794670105
                ]
            ],
            [
                [
                    0.40901365876197815,
                    -0.7387966513633728,
                    0.5356186628341675
                ],
                [
                    0.8232773542404175,
                    0.5519301891326904,
                    0.1326177716255188
                ],
                [
                    -0.3936017155647278,
                    0.3867202401161194,
                    0.8339815139770508
                ]
            ],
            [
                [
                    0.8485150933265686,
                    -0.20846259593963623,
                    -0.4863799512386322
                ],
                [
                    0.22909864783287048,
                    0.9732466340065002,
                    -0.01745925098657608
                ],
                [
                    0.4770072400569916,
                    -0.09661456197500229,
                    0.8735729455947876
                ]
            ],
            [
                [
                    0.7622435688972473,
                    0.09566786140203476,
                    0.6401814818382263
                ],
                [
                    0.048114653676748276,
                    0.9779074192047119,
                    -0.20342570543289185
                ],
                [
                    -0.645499587059021,
                    0.18586203455924988,
                    0.7408006191253662
                ]
            ],
            [
                [
                    0.9978988170623779,
                    -0.06233968213200569,
                    0.017657659947872162
                ],
                [
                    0.06238380819559097,
                    0.9980502724647522,
                    -0.0019583788234740496
                ],
                [
                    -0.017501147463917732,
                    0.0030558155849575996,
                    0.9998421669006348
                ]
            ],
            [
                [
                    0.9994508624076843,
                    0.03278302028775215,
                    -0.004819383379071951
                ],
                [
                    -0.03285126015543938,
                    0.9993501305580139,
                    -0.01483751181513071
                ],
                [
                    0.004329833202064037,
                    0.014987686648964882,
                    0.9998782873153687
                ]
            ],
            [
                [
                    0.9759592413902283,
                    0.1859140247106552,
                    -0.11375226080417633
                ],
                [
                    -0.16897016763687134,
                    0.9750595688819885,
                    0.14390252530574799
                ],
                [
                    0.13766871392726898,
                    -0.12122225016355515,
                    0.9830323457717896
                ]
            ],
            [
                [
                    0.9773361682891846,
                    -0.19583696126937866,
                    0.08038575947284698
                ],
                [
                    0.18494689464569092,
                    0.9746546149253845,
                    0.12586919963359833
                ],
                [
                    -0.10299818962812424,
                    -0.10814942419528961,
                    0.988784670829773
                ]
            ]
        ],
        "betas": [
            0.10588543117046356,
            0.5548253655433655,
            0.29438355565071106,
            1.697725534439087,
            -0.09896284341812134,
            -0.12099861353635788,
            -0.131373792886734,
            0.2343459129333496,
            0.12812453508377075,
            -0.06709367036819458
        ]
    },
    "pred_cam_t": [
        0.013504186645150185,
        0.19128066301345825,
        32.61113739013672
    ],
    "focal_length": [
        5000.0,
        5000.0
    ],
    "pred_keypoints_3d": [
        [
            0.3102092742919922,
            -0.7287807464599609,
            -0.18758542835712433
        ],
        [
            0.1616193652153015,
            -0.7285170555114746,
            -0.05892927944660187
        ],
        [
            -0.019581809639930725,
            -0.6544942855834961,
            -0.14248448610305786
        ],
        [
            -0.057233259081840515,
            -0.40613025426864624,
            -0.12336704879999161
        ],
        [
            0.08031158149242401,
            -0.19403380155563354,
            -0.15676149725914001
        ],
        [
            0.26448702812194824,
            -0.5891132354736328,
            0.06027236953377724
        ],
        [
            0.20533758401870728,
            -0.34299880266189575,
            0.11955592036247253
        ],
        [
            0.24860548973083496,
            -0.10769011080265045,
            0.047223031520843506
        ],
        [
            -0.0033883177675306797,
            -0.23838751018047333,
            0.021985020488500595
        ],
        [
            -0.0814533606171608,
            -0.163975328207016,
            0.011816216632723808
        ],
        [
            -0.21201369166374207,
            0.1878196895122528,
            -0.06223912537097931
        ],
        [
            -0.28998425602912903,
            0.5040764212608337,
            0.16251055896282196
        ],
        [
            0.03395870700478554,
            -0.1372152715921402,
            0.0458732508122921
        ],
        [
            0.018881645053625107,
            0.22991906106472015,
            -0.02239609882235527
        ],
        [
            -0.048934001475572586,
            0.5159484148025513,
            0.24247948825359344
        ],
        [
            0.2922664284706116,
            -0.7851426005363464,
            -0.20779170095920563
        ],
        [
            0.3352983593940735,
            -0.7772161960601807,
            -0.15743675827980042
        ],
        [
            0.20450182259082794,
            -0.8393254280090332,
            -0.18247149884700775
        ],
        [
            0.30164581537246704,
            -0.8216792941093445,
            -0.07171107828617096
        ],
        [
            -0.06501654535531998,
            0.6617555022239685,
            0.10508367419242859
        ],
        [
            5.465000867843628e-05,
            0.6539995074272156,
            0.15830650925636292
        ],
        [
            -0.046738483011722565,
            0.5139943361282349,
            0.3115650415420532
        ],
        [
            -0.2966682016849518,
            0.627927839756012,
            0.003421872854232788
        ],
        [
            -0.3684988021850586,
            0.5997141003608704,
            0.046916663646698
        ],
        [
            -0.30355381965637207,
            0.516045093536377,
            0.23256626725196838
        ],
        [
            -0.30021193623542786,
            0.44350099563598633,
            0.15971490740776062
        ],
        [
            -0.19057144224643707,
            0.12704597413539886,
            -0.06190476566553116
        ],
        [
            -0.12389395385980606,
            -0.3007384240627289,
            -0.0031836675480008125
        ],
        [
            0.11958268284797668,
            -0.22932210564613342,
            0.07807369530200958
        ],
        [
            0.032395362854003906,
            0.19118432700634003,
            -0.022038323804736137
        ],
        [
            -0.03373833745718002,
            0.4753410518169403,
            0.24307873845100403
        ],
        [
            0.09666658937931061,
            -0.22695644199848175,
            -0.1581895500421524
        ],
        [
            -0.05032595992088318,
            -0.42110106348991394,
            -0.15753860771656036
        ],
        [
            0.020684372633695602,
            -0.6847001314163208,
            -0.1258765012025833
        ],
        [
            0.25134503841400146,
            -0.6305704116821289,
            0.04627829045057297
        ],
        [
            0.25250837206840515,
            -0.3571542501449585,
            0.10605751723051071
        ],
        [
            0.25960594415664673,
            -0.12397430837154388,
            0.04206562787294388
        ],
        [
            0.16172926127910614,
            -0.7088308334350586,
            -0.05891939252614975
        ],
        [
            0.2956487536430359,
            -0.8589264154434204,
            -0.15247589349746704
        ],
        [
            -0.002142886398360133,
            -0.2649229168891907,
            0.037602249532938004
        ],
        [
            0.13350021839141846,
            -0.6564037203788757,
            -0.0413065031170845
        ],
        [
            0.059580352157354355,
            -0.5133143067359924,
            0.009992193430662155
        ],
        [
            0.2553197145462036,
            -0.7548542618751526,
            -0.1300281435251236
        ],
        [
            0.29852786660194397,
            -0.8792287111282349,
            -0.15692833065986633
        ]
    ],
    "pred_vertices": [
        [
            0.3678872585296631,
            -0.8108973503112793,
            -0.1656769961118698
        ],
        [
            0.3599989414215088,
            -0.7965829372406006,
            -0.16876867413520813
        ],
        [
            0.36001425981521606,
            -0.7984578013420105,
            -0.15463347733020782
        ],
        [
            0.3645086884498596,
            -0.811333417892456,
            -0.14854681491851807
        ],
        [
            0.356081485748291,
            -0.7884097695350647,
            -0.15763559937477112
        ],
        [
            0.3544183373451233,
            -0.7862387895584106,
            -0.16914238035678864
        ],
        [
            0.3553031384944916,
            -0.7995925545692444,
            -0.14162284135818481
        ],
        [
            0.3567672371864319,
            -0.8102157115936279,
            -0.1339428871870041
        ],
        [
            0.33327633142471313,
            -0.7784336805343628,
            -0.11863052845001221
        ],
        [
            0.3284050524234772,
            -0.7800410985946655,
            -0.10879476368427277
        ],
        [
            0.3355516493320465,
            -0.7887537479400635,
            -0.11419829726219177
        ],
        [
            0.33771511912345886,
            -0.785128116607666,
            -0.12350483983755112
        ],
        [
            0.3165910840034485,
            -0.7603366374969482,
            -0.10909893363714218
        ],
        [
            0.312171071767807,
            -0.7488499879837036,
            -0.115189328789711
        ],
        [
            0.3037163019180298,
            -0.7472506761550903,
            -0.10519734025001526
        ],
        [
            0.3069503903388977,
            -0.7590095400810242,
            -0.09902556240558624
        ],
        [
            0.31249359250068665,
            -0.749363899230957,
            -0.15702712535858154
        ],
        [
            0.3116428554058075,
            -0.744301438331604,
            -0.15008486807346344
        ],
        [
            0.31711748242378235,
            -0.7496654987335205,
            -0.14893630146980286
        ],
        [
            0.3169110417366028,
            -0.7543467283248901,
            -0.15595011413097382
        ],
        [
            0.31609779596328735,
            -0.7537941932678223,
            -0.17125101387500763
        ],
        [
            0.3175799548625946,
            -0.7601892352104187,
            -0.17032013833522797
        ],
        [
            0.3202268183231354,
            -0.7601802349090576,
            -0.1781485676765442
        ],
        [
            0.31930840015411377,
            -0.7524555921554565,
            -0.1787826269865036
        ],
        [
            0.3067532181739807,
            -0.7453436851501465,
            -0.159651517868042
        ],
        [
            0.30568721890449524,
            -0.7401746511459351,
            -0.1521172821521759
        ],
        [
            0.3138398826122284,
            -0.7531810998916626,
            -0.1634952872991562
        ],
        [
            0.31158244609832764,
            -0.7484135627746582,
            -0.1651630997657776
        ],
        [
            0.31312981247901917,
            -0.7369028329849243,
            -0.17123375833034515
        ],
        [
            0.31575751304626465,
            -0.7413785457611084,
            -0.1707705557346344
        ],
        [
            0.31842535734176636,
            -0.7380133867263794,
            -0.1775379180908203
        ],
        [
            0.31418704986572266,
            -0.7342880964279175,
            -0.17640818655490875
        ],
        [
            0.3087131381034851,
            -0.7421014308929443,
            -0.16352985799312592
        ],
        [
            0.31243982911109924,
            -0.7425698637962341,
            -0.16573694348335266
        ],
        [
            0.3103432059288025,
            -0.7383261322975159,
            -0.16764502227306366
        ],
        [
            0.3062872290611267,
            -0.7387444972991943,
            -0.16620375216007233
        ],
        [
            0.31532812118530273,
            -0.7484950423240662,
            -0.17191295325756073
        ],
        [
            0.3189579248428345,
            -0.7455877065658569,
            -0.17866826057434082
        ],
        [
            0.3216332197189331,
            -0.7424387335777283,
            -0.18612422049045563
        ],
        [
            0.31939876079559326,
            -0.7337173223495483,
            -0.18464308977127075
        ],
        [
            0.30736133456230164,
            -0.7361641526222229,
            -0.13383835554122925
        ],
        [
            0.31049996614456177,
            -0.7396366596221924,
            -0.14216256141662598
        ],
        [
            0.30496951937675476,
            -0.7357915639877319,
            -0.14465515315532684
        ],
        [
            0.30331796407699585,
            -0.7325214147567749,
            -0.13760626316070557
        ],
        [
            0.30304989218711853,
            -0.7383991479873657,
            -0.16237019002437592
        ],
        [
            0.29633989930152893,
            -0.7251883745193481,
            -0.15437152981758118
        ],
        [
            0.29891979694366455,
            -0.7280625104904175,
            -0.15556982159614563
        ],
        [
            0.29800429940223694,
            -0.7268149852752686,
            -0.1625598520040512
        ],
        [
            0.2958129346370697,
            -0.7242246270179749,
            -0.16082686185836792
        ],
        [
            0.2975924611091614,
            -0.7293845415115356,
            -0.12055262178182602
        ],
        [
            0.29632559418678284,
            -0.7260133028030396,
            -0.12682446837425232
        ],
        [
            0.29109644889831543,
            -0.7221476435661316,
            -0.12273041903972626
        ],
        [
            0.29057788848876953,
            -0.725396454334259,
            -0.11597827076911926
        ],
        [
            0.2854924499988556,
            -0.7184405326843262,
            -0.1222715750336647
        ],
        [
            0.28340035676956177,
            -0.721300482749939,
            -0.11291785538196564
        ],
        [
            0.26982954144477844,
            -0.710288405418396,
            -0.11560531705617905
        ],
        [
            0.276058167219162,
            -0.7154713869094849,
            -0.11382147669792175
        ],
        [
            0.2800789475440979,
            -0.7138976454734802,
            -0.12385433912277222
        ],
        [
            0.2755625247955322,
            -0.7081823348999023,
            -0.12789003551006317
        ],
        [
            0.2756757140159607,
            -0.7081558108329773,
            -0.1427306979894638
        ],
        [
            0.27295541763305664,
            -0.7061800956726074,
            -0.1482631117105484
        ],
        [
            0.26776155829429626,
            -0.697391152381897,
            -0.1396184265613556
        ],
        [
            0.27132898569107056,
            -0.701621413230896,
            -0.13391979038715363
        ],
        [
            0.2904030382633209,
            -0.7232249975204468,
            -0.15000776946544647
        ],
        [
            0.2912541925907135,
            -0.7246438264846802,
            -0.145517036318779
        ],
        [
            0.2936428487300873,
            -0.7243531942367554,
            -0.14699915051460266
        ],
        [
            0.29362213611602783,
            -0.7235288619995117,
            -0.15219388902187347
        ],
        [
            0.2922513484954834,
            -0.7253255844116211,
            -0.14156311750411987
        ],
        [
            0.2927059531211853,
            -0.7255109548568726,
            -0.1397780478000641
        ],
        [
            0.29407188296318054,
            -0.7257413864135742,
            -0.14109304547309875
        ],
        [
            0.2930813729763031,
            -0.7255526185035706,
            -0.1421063393354416
        ],
        [
            0.2919839024543762,
            -0.7250320911407471,
            -0.14381611347198486
        ],
        [
            0.29039981961250305,
            -0.7233023047447205,
            -0.14415805041790009
        ],
        [
            0.2914678454399109,
            -0.7244294881820679,
            -0.14220747351646423
        ],
        [
            0.2893756330013275,
            -0.7210607528686523,
            -0.14801758527755737
        ],
        [
            0.2845504879951477,
            -0.7161921262741089,
            -0.16148093342781067
        ],
        [
            0.28667259216308594,
            -0.7166913747787476,
            -0.1575990915298462
        ],
        [
            0.2878197133541107,
            -0.72109055519104,
            -0.15979568660259247
        ],
        [
            0.2861172556877136,
            -0.720863938331604,
            -0.16322818398475647
        ],
        [
            0.2950158715248108,
            -0.7263221740722656,
            -0.14422695338726044
        ],
        [
            0.29742342233657837,
            -0.7274969816207886,
            -0.14236518740653992
        ],
        [
            0.2987532317638397,
            -0.7276738286018372,
            -0.14795930683612823
        ],
        [
            0.29600638151168823,
            -0.726034939289093,
            -0.14768175780773163
        ],
        [
            0.3000442087650299,
            -0.7289865016937256,
            -0.1405649185180664
        ],
        [
            0.29583197832107544,
            -0.7269044518470764,
            -0.13933053612709045
        ],
        [
            0.29750433564186096,
            -0.7278065085411072,
            -0.13711325824260712
        ],
        [
            0.2912563681602478,
            -0.7241480350494385,
            -0.1395971179008484
        ],
        [
            0.2911585867404938,
            -0.7236157655715942,
            -0.1360999196767807
        ],
        [
            0.293667733669281,
            -0.7250096201896667,
            -0.13708579540252686
        ],
        [
            0.28817248344421387,
            -0.7208679914474487,
            -0.1368427574634552
        ],
        [
            0.28916308283805847,
            -0.7221271991729736,
            -0.141455739736557
        ],
        [
            0.28752994537353516,
            -0.7190656661987305,
            -0.14494389295578003
        ],
        [
            0.28574758768081665,
            -0.7160539627075195,
            -0.1496979296207428
        ],
        [
            0.28253504633903503,
            -0.7141103148460388,
            -0.14459024369716644
        ],
        [
            0.285344660282135,
            -0.7173842191696167,
            -0.13994884490966797
        ],
        [
            0.3013613224029541,
            -0.7314751148223877,
            -0.14755645394325256
        ],
        [
            0.29485785961151123,
            -0.7252587080001831,
            -0.13263258337974548
        ],
        [
            0.3004586100578308,
            -0.7300138473510742,
            -0.13214607536792755
        ],
        [
            0.29133084416389465,
            -0.7222548127174377,
            -0.13046503067016602
        ],
        [
            0.2871176600456238,
            -0.7191572189331055,
            -0.13040262460708618
        ],
        [
            0.2826748788356781,
            -0.7154092788696289,
            -0.13324038684368134
        ],
        [
            0.2791507840156555,
            -0.7114159464836121,
            -0.13764488697052002
        ],
        [
            0.25765150785446167,
            -0.6976379752159119,
            -0.12921085953712463
        ],
        [
            0.2634965479373932,
            -0.7027106285095215,
            -0.12299376726150513
        ],
        [
            0.34744974970817566,
            -0.7829614281654358,
            -0.16662999987602234
        ],
        [
            0.35062092542648315,
            -0.7832269072532654,
            -0.15816092491149902
        ],
        [
            0.3433963656425476,
            -0.7806918621063232,
            -0.1526428759098053
        ],
        [
            0.34620487689971924,
            -0.7821071743965149,
            -0.15162517130374908
        ],
        [
            0.34525981545448303,
            -0.7818557024002075,
            -0.15829989314079285
        ],
        [
            0.3428944945335388,
            -0.7800987958908081,
            -0.1572069376707077
        ],
        [
            0.33875441551208496,
            -0.783505916595459,
            -0.1316930502653122
        ],
        [
            0.3393758237361908,
            -0.7824052572250366,
            -0.1383749097585678
        ],
        [
            0.3363513648509979,
            -0.7805173397064209,
            -0.13618651032447815
        ],
        [
            0.33539095520973206,
            -0.7787783145904541,
            -0.12790793180465698
        ],
        [
            0.3311198055744171,
            -0.7710012197494507,
            -0.14286448061466217
        ],
        [
            0.3326207995414734,
            -0.7736872434616089,
            -0.1383817493915558
        ],
        [
            0.33597272634506226,
            -0.7771503925323486,
            -0.1447494626045227
        ],
        [
            0.33496904373168945,
            -0.7752335071563721,
            -0.14807027578353882
        ],
        [
            0.33341550827026367,
            -0.7741740942001343,
            -0.15188993513584137
        ],
        [
            0.33155015110969543,
            -0.7739080190658569,
            -0.1559802144765854
        ],
        [
            0.3282445967197418,
            -0.7702677249908447,
            -0.15357789397239685
        ],
        [
            0.3296743929386139,
            -0.7701479196548462,
            -0.14829698204994202
        ],
        [
            0.34291350841522217,
            -0.7824738025665283,
            -0.16427302360534668
        ],
        [
            0.33782759308815,
            -0.7829257845878601,
            -0.16950614750385284
        ],
        [
            0.33648478984832764,
            -0.7809715270996094,
            -0.16697879135608673
        ],
        [
            0.3407803773880005,
            -0.7803668975830078,
            -0.16264750063419342
        ],
        [
            0.3235693573951721,
            -0.7806186676025391,
            -0.17025317251682281
        ],
        [
            0.3263985514640808,
            -0.7816243171691895,
            -0.17067140340805054
        ],
        [
            0.3258281350135803,
            -0.7822563052177429,
            -0.17463470995426178
        ],
        [
            0.3221214711666107,
            -0.7794743180274963,
            -0.1733359843492508
        ],
        [
            0.32169532775878906,
            -0.7769169807434082,
            -0.17045441269874573
        ],
        [
            0.32354986667633057,
            -0.7788889408111572,
            -0.16882002353668213
        ],
        [
            0.374310702085495,
            -0.8274946212768555,
            -0.17840996384620667
        ],
        [
            0.36573079228401184,
            -0.811613917350769,
            -0.18150179088115692
        ],
        [
            0.3723538815975189,
            -0.8290460109710693,
            -0.1581496298313141
        ],
        [
            0.36562639474868774,
            -0.8278660774230957,
            -0.14142167568206787
        ],
        [
            0.3578009605407715,
            -0.8228675723075867,
            -0.1258312165737152
        ],
        [
            0.3003484606742859,
            -0.7368334531784058,
            -0.11292707920074463
        ],
        [
            0.2924037575721741,
            -0.7338109016418457,
            -0.10587598383426666
        ],
        [
            0.2946990728378296,
            -0.7463248372077942,
            -0.09602689743041992
        ],
        [
            0.2849428057670593,
            -0.7411640882492065,
            -0.09148423373699188
        ],
        [
            0.2829440236091614,
            -0.7284301519393921,
            -0.10219369828701019
        ],
        [
            0.2631361186504364,
            -0.716017484664917,
            -0.1059214323759079
        ],
        [
            0.2732483446598053,
            -0.7220011949539185,
            -0.10200232267379761
        ],
        [
            0.2736605703830719,
            -0.7362316846847534,
            -0.0889730453491211
        ],
        [
            0.2773338556289673,
            -0.7546023726463318,
            -0.07819944620132446
        ],
        [
            0.2874000072479248,
            -0.7559922337532043,
            -0.08351865410804749
        ],
        [
            0.2806217670440674,
            -0.7745581865310669,
            -0.07336434721946716
        ],
        [
            0.26418787240982056,
            -0.755291223526001,
            -0.0739029198884964
        ],
        [
            0.27344921231269836,
            -0.7793665528297424,
            -0.07079752534627914
        ],
        [
            0.2378552258014679,
            -0.7253532409667969,
            -0.0804765596985817
        ],
        [
            0.2321738600730896,
            -0.7175488471984863,
            -0.0742647796869278
        ],
        [
            0.23653729259967804,
            -0.7290595769882202,
            -0.05872248113155365
        ],
        [
            0.24235206842422485,
            -0.7369958162307739,
            -0.06517902761697769
        ],
        [
            0.29740843176841736,
            -0.7575493454933167,
            -0.08952497690916061
        ],
        [
            0.33894115686416626,
            -0.800748884677887,
            -0.11204178631305695
        ],
        [
            0.34218844771385193,
            -0.7946288585662842,
            -0.12122160196304321
        ],
        [
            0.32994312047958374,
            -0.7937077283859253,
            -0.10478365421295166
        ],
        [
            0.3633035719394684,
            -0.8554925322532654,
            -0.1205969750881195
        ],
        [
            0.3674721419811249,
            -0.8424198627471924,
            -0.13173958659172058
        ],
        [
            0.35871803760528564,
            -0.8349608182907104,
            -0.11834368854761124
        ],
        [
            0.35656559467315674,
            -0.8487088680267334,
            -0.10900277644395828
        ],
        [
            0.3713029623031616,
            -0.8779006600379944,
            -0.15916022658348083
        ],
        [
            0.37684985995292664,
            -0.8530429601669312,
            -0.1689232885837555
        ],
        [
            0.3731033205986023,
            -0.8489192128181458,
            -0.15178723633289337
        ],
        [
            0.3691963851451874,
            -0.8680311441421509,
            -0.14231939613819122
        ],
        [
            0.3509269952774048,
            -0.8577276468276978,
            -0.10119491815567017
        ],
        [
            0.3419433832168579,
            -0.8707143068313599,
            -0.09174370765686035
        ],
        [
            0.34615135192871094,
            -0.8871912956237793,
            -0.09655313193798065
        ],
        [
            0.35686975717544556,
            -0.8724608421325684,
            -0.10990458726882935
        ],
        [
            0.34702908992767334,
            -0.9082612991333008,
            -0.10962195694446564
        ],
        [
            0.3605409562587738,
            -0.8908010721206665,
            -0.12611523270606995
        ],
        [
            0.25973841547966003,
            -0.7748271226882935,
            -0.06340393424034119
        ],
        [
            0.2681780457496643,
            -0.7914921045303345,
            -0.06656685471534729
        ],
        [
            0.2509569227695465,
            -0.7451446652412415,
            -0.07254795730113983
        ],
        [
            0.2509080171585083,
            -0.760380744934082,
            -0.05982489138841629
        ],
        [
            0.3424346148967743,
            -0.9261348247528076,
            -0.12652899324893951
        ],
        [
            0.35966670513153076,
            -0.9053165912628174,
            -0.1458321213722229
        ],
        [
            0.29630371928215027,
            -0.8873780369758606,
            -0.06451154500246048
        ],
        [
            0.31266868114471436,
            -0.894765317440033,
            -0.07401632517576218
        ],
        [
            0.3168408274650574,
            -0.8744621276855469,
            -0.07326830923557281
        ],
        [
            0.3011816442012787,
            -0.8701367378234863,
            -0.06475090235471725
        ],
        [
            0.28761911392211914,
            -0.904839038848877,
            -0.06845057010650635
        ],
        [
            0.3070541322231293,
