{
    "pred_cam": [
        1.6022568941116333,
        0.28903520107269287,
        0.26321738958358765
    ],
    "pred_smpl_params": {
        "global_orient": [
            [
                [
                    -0.6401025056838989,
                    -0.16995753347873688,
                    -0.7492550611495972
                ],
                [
                    0.376244455575943,
                    -0.9196247458457947,
                    -0.11282920092344284
                ],
                [
                    -0.669857382774353,
                    -0.35412532091140747,
                    0.6525996923446655
                ]
            ]
        ],
        "body_pose": [
            [
                [
                    0.9950459599494934,
                    -0.08446560800075531,
                    0.0524308905005455
                ],
                [
                    0.053590767085552216,
                    0.8999324440956116,
                    0.43272334337234497
                ],
                [
                    -0.08373451232910156,
                    -0.42776983976364136,
                    0.9000006914138794
                ]
            ],
            [
                [
                    0.9978746175765991,
                    0.01196225080639124,
                    -0.06405643373727798
                ],
                [
                    0.0148874931037426,
                    0.9151581525802612,
                    0.4028199017047882
                ],
                [
                    0.06344040483236313,
                    -0.40291735529899597,
                    0.913034975528717
                ]
            ],
            [
                [
                    0.9961121678352356,
                    0.07990327477455139,
                    0.037095360457897186
                ],
                [
                    -0.04886708781123161,
                    0.8515422344207764,
                    -0.522003710269928
                ],
                [
                    -0.07329807430505753,
                    0.5181614756584167,
                    0.8521361947059631
                ]
            ],
            [
                [
                    0.9851193428039551,
                    0.14685197174549103,
                    0.08929971605539322
                ],
                [
                    -0.13010148704051971,
                    0.9766644239425659,
                    -0.1708810180425644
                ],
                [
                    -0.11231005936861038,
                    0.15672017633914948,
                    0.9812366962432861
                ]
            ],
            [
                [
                    0.9996098279953003,
                    -0.00905255600810051,
                    -0.026426061987876892
                ],
                [
                    0.0071816532872617245,
                    0.9975173473358154,
                    -0.07005377113819122
                ],
                [
                    0.026994623243808746,
                    0.06983664631843567,
                    0.9971931576728821
                ]
            ],
            [
                [
                    0.9996580481529236,
                    -0.015328284353017807,
                    0.02118612639605999
                ],
                [
                    0.015538862906396389,
                    0.9998311400413513,
                    -0.009810790419578552
                ],
                [
                    -0.021032165735960007,
                    0.010136643424630165,
                    0.9997274279594421
                ]
            ],
            [
                [
                    0.975985050201416,
                    0.0948171317577362,
                    0.19611947238445282
                ],
                [
                    -0.08131086081266403,
                    0.9938002824783325,
                    -0.07582652568817139
                ],
                [
                    -0.2020932137966156,
                    0.05805891007184982,
                    0.9776439070701599
                ]
            ],
            [
                [
                    0.9792259931564331,
                    -0.058731287717819214,
                    -0.19408005475997925
                ],
                [
                    0.05375124514102936,
                    0.9980782270431519,
                    -0.030831629410386086
                ],
                [
                    0.1955178827047348,
                    0.01975908689200878,
                    0.9805009961128235
                ]
            ],
            [
                [
                    0.999844491481781,
                    0.0021691210567951202,
                    -0.017500514164566994
                ],
                [
                    -0.003280236618593335,
                    0.9979628920555115,
                    -0.06371388584375381
                ],
                [
                    0.017326658591628075,
                    0.0637613832950592,
                    0.9978148341178894
                ]
            ],
            [
                [
                    0.9915363192558289,
                    -0.11901742964982986,
                    0.05187071114778519
                ],
                [
                    0.12063634395599365,
                    0.9922650456428528,
                    -0.029274089261889458
                ],
                [
                    -0.047985367476940155,
                    0.03528381511569023,
                    0.998224675655365
                ]
            ],
            [
                [
                    0.9926376938819885,
                    0.11999167501926422,
                    0.016501257196068764
                ],
                [
                    -0.11983564496040344,
                    0.9927419424057007,
                    -0.01014357153326273
                ],
                [
                    -0.017598634585738182,
                    0.008091454394161701,
                    0.9998123645782471
                ]
            ],
            [
                [
                    0.9653860926628113,
                    -0.03171028941869736,
                    0.2588902711868286
                ],
                [
                    0.04735162481665611,
                    0.9973955750465393,
                    -0.054404884576797485
                ],
                [
                    -0.2564908266067505,
                    0.064780592918396,
                    0.9643733501434326
                ]
            ],
            [
                [
                    0.9019059538841248,
                    0.039793480187654495,
                    -0.4300956428050995
                ],
                [
                    -0.012777025811374187,
                    0.997769296169281,
                    0.0655226856470108
                ],
                [
                    0.4317435920238495,
                    -0.05359993875026703,
                    0.9004024863243103
                ]
            ],
            [
                [
                    0.8631709218025208,
                    -0.2685122787952423,
                    0.42759469151496887
                ],
                [
                    0.2542848587036133,
                    0.9628111124038696,
                    0.09129046648740768
                ],
                [
                    -0.43620553612709045,
                    0.02993158996105194,
                    0.8993491530418396
                ]
            ],
            [
                [
                    0.9976252913475037,
                    0.05639218911528587,
                    0.039546020328998566
                ],
                [
                    -0.04686162248253822,
                    0.9765096306800842,
                    -0.21031618118286133
                ],
                [
                    -0.05047725886106491,
                    0.2079635113477707,
                    0.9768333435058594
                ]
            ],
            [
                [
                    0.8795343041419983,
                    0.31018415093421936,
                    -0.36083945631980896
                ],
                [
                    -0.2401667684316635,
                    0.944031298160553,
                    0.22610783576965332
                ],
                [
                    0.41077885031700134,
                    -0.11220795661211014,
                    0.9048038125038147
                ]
            ],
            [
                [
                    0.5322556495666504,
                    -0.7037463784217834,
                    0.4705792963504791
                ],
                [
                    0.7097598910331726,
                    0.673932671546936,
                    0.20507477223873138
                ],
                [
                    -0.4614593982696533,
                    0.22484609484672546,
                    0.858195424079895
                ]
            ],
            [
                [
                    0.8618912696838379,
                    -0.021790524944663048,
                    -0.506624698638916
                ],
                [
                    0.12260215729475021,
                    0.9783906936645508,
                    0.16649417579174042
                ],
                [
                    0.4920489490032196,
                    -0.2056131660938263,
                    0.845937967300415
                ]
            ],
            [
                [
                    0.6347200274467468,
                    0.1745016723871231,
                    0.752781331539154
                ],
                [
                    -0.17360828816890717,
                    0.9814671277999878,
                    -0.08113247901201248
                ],
                [
                    -0.7529878616333008,
                    -0.07919265329837799,
                    0.6532517671585083
                ]
            ],
            [
                [
                    0.9829636216163635,
                    -0.18172986805438995,
                    -0.027508974075317383
                ],
                [
                    0.17949046194553375,
                    0.9813238978385925,
                    -0.0691860094666481
                ],
                [
                    0.03956837207078934,
                    0.06306973844766617,
                    0.9972244501113892
                ]
            ],
            [
                [
                    0.9892754554748535,
                    0.12155137956142426,
                    0.08098948746919632
                ],
                [
                    -0.13757194578647614,
                    0.9617019891738892,
                    0.23707228899002075
                ],
                [
                    -0.049071282148361206,
                    -0.24567168951034546,
                    0.968110203742981
                ]
            ],
            [
                [
                    0.9884214997291565,
                    0.11198907345533371,
                    -0.10237855464220047
                ],
                [
                    -0.09530837833881378,
                    0.9832457900047302,
                    0.15538352727890015
                ],
                [
                    0.11806453764438629,
                    -0.14382688701152802,
                    0.9825347661972046
                ]
            ],
            [
                [
                    0.9845668077468872,
                    -0.1435091346502304,
                    0.1001671552658081
                ],
                [
                    0.13067226111888885,
                    0.9835495352745056,
                    0.1247195452451706
                ],
                [
                    -0.1164177656173706,
                    -0.10970564186573029,
                    0.9871228933334351
                ]
            ]
        ],
        "betas": [
            -0.24630698561668396,
            -0.36094585061073303,
            -0.03530365228652954,
            0.610294759273529,
            0.24382628500461578,
            -0.0031752251088619232,
            0.002207040786743164,
            -0.034111201763153076,
            0.0774075835943222,
            0.02977737784385681
        ]
    },
    "pred_cam_t": [
        0.28903520107269287,
        0.26321738958358765,
        24.37967300415039
    ],
    "focal_length": [
        5000.0,
        5000.0
    ],
    "pred_keypoints_3d": [
        [
            -0.4036881923675537,
            -0.6337747573852539,
            0.049278374761343
        ],
        [
            -0.2349792867898941,
            -0.6524603366851807,
            -0.03427519649267197
        ],
        [
            -0.09854842722415924,
            -0.6374047994613647,
            0.11363504827022552
        ],
        [
            -0.0291530042886734,
            -0.4232747554779053,
            0.2192918062210083
        ],
        [
            -0.18500927090644836,
            -0.25954726338386536,
            0.3237701654434204
        ],
        [
            -0.3155892789363861,
            -0.5132010579109192,
            -0.12851759791374207
        ],
        [
            -0.46032172441482544,
            -0.3034069240093231,
            -0.12492641061544418
        ],
        [
            -0.633128821849823,
            -0.1882885992527008,
            0.0026137754321098328
        ],
        [
            -0.0020876771304756403,
            -0.2270641177892685,
            0.02877010777592659
        ],
        [
            0.05931936576962471,
            -0.16939976811408997,
            0.10318019986152649
        ],
        [
            0.03903379291296005,
            0.11521276831626892,
            0.34166836738586426
        ],
        [
            0.021029965952038765,
            0.4572446942329407,
            0.5212831497192383
        ],
        [
            -0.026114195585250854,
            -0.11687229573726654,
            0.010412486270070076
        ],
        [
            -0.12164115160703659,
            0.18998904526233673,
            0.18075701594352722
        ],
        [
            -0.08085185289382935,
            0.5103715658187866,
            0.3927759826183319
        ],
        [
            -0.397413045167923,
            -0.6916297674179077,
            0.06819748878479004
        ],
        [
            -0.42429718375205994,
            -0.6745598316192627,
            0.009485773742198944
        ],
        [
            -0.31252363324165344,
            -0.7552871704101562,
            0.06135278195142746
        ],
        [
            -0.3744998276233673,
            -0.7165053486824036,
            -0.07123279571533203
        ],
        [
            -0.254280149936676,
            0.5303666591644287,
            0.4933437705039978
        ],
        [
            -0.23168212175369263,
            0.5761959552764893,
            0.427376389503479
        ],
        [
            -0.025528475642204285,
            0.5528180599212646,
            0.3901015520095825
        ],
        [
            -0.1043219119310379,
            0.4168132245540619,
            0.6699029207229614
        ],
        [
            -0.016800828278064728,
            0.4210069179534912,
            0.6839056611061096
        ],
        [
            0.053987015038728714,
            0.5186375379562378,
            0.5076678395271301
        ],
        [
            0.059232428669929504,
            0.4218596816062927,
            0.4899561405181885
        ],
        [
            0.043048396706581116,
            0.06240873038768768,
            0.3027976453304291
        ],
        [
            0.10215282440185547,
            -0.3108208179473877,
            0.10554288327693939
        ],
        [
            -0.0711686909198761,
            -0.18306118249893188,
            -0.09826960414648056
        ],
        [
            -0.12228389084339142,
            0.15958866477012634,
            0.15151497721672058
        ],
        [
            -0.06150822341442108,
            0.4937651753425598,
            0.3592941164970398
        ],
        [
            -0.2000868171453476,
            -0.2921559512615204,
            0.3112713694572449
        ],
        [
            -0.04626864939928055,
            -0.4503074288368225,
            0.24211376905441284
        ],
        [
            -0.12873831391334534,
            -0.6513500809669495,
            0.08209097385406494
        ],
        [
            -0.3109557330608368,
            -0.5515601634979248,
            -0.1302281618118286
        ],
        [
            -0.4838164746761322,
            -0.34212127327919006,
            -0.12608571350574493
        ],
        [
            -0.6375614404678345,
            -0.20929989218711853,
            0.0024203630164265633
        ],
        [
            -0.23792247474193573,
            -0.643207848072052,
            -0.02567649818956852
        ],
        [
            -0.3922930061817169,
            -0.7619698643684387,
            0.005257757380604744
        ],
        [
            0.015260315500199795,
            -0.24674363434314728,
            0.0033510199282318354
        ],
        [
            -0.21492613852024078,
            -0.5987643003463745,
            -0.02154572680592537
        ],
        [
            -0.08267156779766083,
            -0.46788087487220764,
            -0.04315044730901718
        ],
        [
            -0.3393298387527466,
            -0.6598639488220215,
            0.007190338335931301
        ],
        [
            -0.3979181945323944,
            -0.7820751667022705,
            0.006149361841380596
        ]
    ],
    "pred_vertices": [
        [
            -0.46145832538604736,
            -0.7063248157501221,
            0.0040518976747989655
        ],
        [
            -0.45391929149627686,
            -0.6924411058425903,
            0.011008944362401962
        ],
        [
            -0.44987091422080994,
            -0.6930419206619263,
            -0.003157608211040497
        ],
        [
            -0.453614741563797,
            -0.7052013874053955,
            -0.011136077344417572
        ],
        [
            -0.4459918439388275,
            -0.6832590103149414,
            0.0019886232912540436
        ],
        [
            -0.4471125602722168,
            -0.6827963590621948,
            0.013736028224229813
        ],
        [
            -0.44193869829177856,
            -0.6930933594703674,
            -0.014520993456244469
        ],
        [
            -0.44239580631256104,
            -0.7035433053970337,
            -0.02312711626291275
        ],
        [
            -0.4125085473060608,
            -0.6727301478385925,
            -0.02752310037612915
        ],
        [
            -0.40553635358810425,
            -0.674255907535553,
            -0.03584415093064308
        ],
        [
            -0.4148033857345581,
            -0.6825130581855774,
            -0.03369983658194542
        ],
        [
            -0.4188815951347351,
            -0.6791092157363892,
            -0.025194641202688217
        ],
        [
            -0.39268651604652405,
            -0.655950665473938,
            -0.030557353049516678
        ],
        [
            -0.3893281817436218,
            -0.6453927755355835,
            -0.022323928773403168
        ],
        [
            -0.37813234329223633,
            -0.6443004608154297,
            -0.029603764414787292
        ],
        [
            -0.38005635142326355,
            -0.6554497480392456,
            -0.037529926747083664
        ],
        [
            -0.4006997346878052,
            -0.649070680141449,
            0.01804615557193756
        ],
        [
            -0.39778512716293335,
            -0.6434789896011353,
            0.01224558800458908
        ],
        [
            -0.4033859968185425,
            -0.6479006409645081,
            0.008971549570560455
        ],
        [
            -0.4052380621433258,
            -0.6533271074295044,
            0.015142407268285751
        ],
        [
            -0.40758806467056274,
            -0.6550124883651733,
            0.029437623918056488
        ],
        [
            -0.4096251428127289,
            -0.660836935043335,
            0.027360182255506516
        ],
        [
            -0.4136838912963867,
            -0.6615407466888428,
            0.03421642631292343
        ],
        [
            -0.4122261703014374,
            -0.6543703079223633,
            0.03586256504058838
        ],
        [
            -0.3950541615486145,
            -0.6464473605155945,
            0.022545255720615387
        ],
        [
            -0.39179545640945435,
            -0.6409033536911011,
            0.016233541071414948
        ],
        [
            -0.4035119116306305,
            -0.6535922884941101,
            0.023216355592012405
        ],
        [
            -0.4013948440551758,
            -0.6495456695556641,
            0.02551569789648056
        ],
        [
            -0.40301191806793213,
            -0.6393500566482544,
            0.032366685569286346
        ],
        [
            -0.4058595299720764,
            -0.643332839012146,
            0.03066142275929451
        ],
        [
            -0.4097680449485779,
            -0.6407335996627808,
            0.03667576611042023
        ],
        [
            -0.40501588582992554,
            -0.6373848915100098,
            0.03718842193484306
        ],
        [
            -0.39764919877052307,
            -0.643906831741333,
            0.025557994842529297
        ],
        [
            -0.4016597270965576,
            -0.644261360168457,
            0.026474107056856155
        ],
        [
            -0.3996967077255249,
            -0.6406681537628174,
            0.0294603630900383
        ],
        [
            -0.39562907814979553,
            -0.6413707733154297,
            0.029261086136102676
        ],
        [
            -0.40640175342559814,
            -0.6502909660339355,
            0.03081074357032776
        ],
        [
            -0.4111863672733307,
            -0.6479254961013794,
            0.03663231059908867
        ],
        [
            -0.41518884897232056,
            -0.6455003619194031,
            0.04339853301644325
        ],
        [
            -0.41207215189933777,
            -0.6371725797653198,
            0.04364406317472458
        ],
        [
            -0.388573557138443,
            -0.6349014639854431,
            -0.001391267403960228
        ],
        [
            -0.3941020965576172,
            -0.6386514902114868,
            0.005316432565450668
        ],
        [
            -0.3888700604438782,
            -0.6360564231872559,
            0.009734727442264557
        ],
        [
            -0.3851257562637329,
            -0.6325633525848389,
            0.0037914663553237915
        ],
        [
            -0.39172616600990295,
            -0.6408247351646423,
            0.02645976096391678
        ],
        [
            -0.38216593861579895,
            -0.6284779906272888,
            0.022055163979530334
        ],
        [
            -0.38508474826812744,
            -0.6310292482376099,
            0.022165440022945404
        ],
        [
            -0.38599449396133423,
            -0.6305973529815674,
            0.02938799187541008
        ],
        [
            -0.38338711857795715,
            -0.6281437873840332,
            0.02865748479962349
        ],
        [
            -0.37521088123321533,
            -0.6288459897041321,
            -0.010998222976922989
        ],
        [
            -0.37515419721603394,
            -0.6263611316680908,
            -0.003985181450843811
        ],
        [
            -0.36896902322769165,
            -0.6230169534683228,
            -0.0060370489954948425
        ],
        [
            -0.3672132194042206,
            -0.6254150867462158,
            -0.012998431921005249
        ],
        [
            -0.3635551333427429,
            -0.6198806762695312,
            -0.004392001777887344
        ],
        [
            -0.3595137298107147,
            -0.6219863891601562,
            -0.013307513669133186
        ],
        [
            -0.3461756110191345,
            -0.613854169845581,
            -0.005819868296384811
        ],
        [
            -0.3522244393825531,
            -0.6174023151397705,
            -0.009827310219407082
        ],
        [
            -0.3583418130874634,
            -0.6165834069252014,
            -0.000972328707575798
        ],
        [
            -0.3545690178871155,
            -0.6123067140579224,
            0.004930693656206131
        ],
        [
            -0.35842829942703247,
            -0.6133139133453369,
            0.019173268228769302
        ],
        [
            -0.35704320669174194,
            -0.6120564341545105,
            0.02559797838330269
        ],
        [
            -0.3488532304763794,
            -0.6035844683647156,
            0.019718021154403687
        ],
        [
            -0.35150182247161865,
            -0.6069393754005432,
            0.012841638177633286
        ],
        [
            -0.37495118379592896,
            -0.6269279718399048,
            0.0202518068253994
        ],
        [
            -0.3747527301311493,
            -0.6277046203613281,
            0.015462499111890793
        ],
        [
            -0.37735575437545776,
            -0.6271767020225525,
            0.01624247059226036
        ],
        [
            -0.3786100447177887,
            -0.626995861530304,
            0.02141411602497101
        ],
        [
            -0.37489020824432373,
            -0.6276050209999084,
            0.0113031305372715
        ],
        [
            -0.374912828207016,
            -0.627494215965271,
            0.009483043104410172
        ],
        [
            -0.3764873147010803,
            -0.6276559233665466,
            0.010277878493070602
        ],
        [
            -0.37576669454574585,
            -0.6278862953186035,
            0.011509258300065994
        ],
        [
            -0.37513023614883423,
            -0.6277843713760376,
            0.013570956885814667
        ],
        [
            -0.37357431650161743,
            -0.6265493035316467,
            0.01459566131234169
        ],
        [
            -0.3742833137512207,
            -0.6270171999931335,
            0.01232505589723587
        ],
        [
            -0.3734095096588135,
            -0.625092625617981,
            0.018960069864988327
        ],
        [
            -0.3725140690803528,
            -0.6214679479598999,
            0.03342169523239136
        ],
        [
            -0.37313035130500793,
            -0.6216186881065369,
            0.029604457318782806
        ],
        [
            -0.37497958540916443,
            -0.6258501410484314,
            0.030782245099544525
        ],
        [
            -0.3746922016143799,
            -0.6259663701057434,
            0.034004662185907364
        ],
        [
            -0.37847965955734253,
            -0.6285194754600525,
            0.012420814484357834
        ],
        [
            -0.3800331652164459,
            -0.6291539669036865,
            0.010435044765472412
        ],
        [
            -0.38260704278945923,
            -0.6300067901611328,
            0.015508819371461868
        ],
        [
            -0.3798539638519287,
            -0.6286824941635132,
            0.016143672168254852
        ],
        [
            -0.3822949528694153,
            -0.6300527453422546,
            0.007862690836191177
        ],
        [
            -0.3778637945652008,
            -0.628399133682251,
            0.008085783571004868
        ],
        [
            -0.3793046474456787,
            -0.6286725997924805,
            0.004966374486684799
        ],
        [
            -0.37342074513435364,
            -0.6264711618423462,
            0.00989285483956337
        ],
        [
            -0.37241584062576294,
            -0.6255782246589661,
            0.006670936942100525
        ],
        [
            -0.3751812279224396,
            -0.626530110836029,
            0.0067297108471393585
        ],
        [
            -0.3695510923862457,
            -0.6236122846603394,
            0.008524149656295776
        ],
        [
            -0.3716896176338196,
            -0.6252136826515198,
            0.012497290968894958
        ],
        [
            -0.37078243494033813,
            -0.6230660676956177,
            0.01674531027674675
        ],
        [
            -0.37017908692359924,
            -0.6207242012023926,
            0.02221127226948738
        ],
        [
            -0.36580437421798706,
            -0.6186745762825012,
            0.018373463302850723
        ],
        [
            -0.36735814809799194,
            -0.6211142539978027,
            0.012718655169010162
        ],
        [
            -0.385736882686615,
            -0.6329243183135986,
            0.013477068394422531
        ],
        [
            -0.3751450777053833,
            -0.626317024230957,
            0.002079736441373825
        ],
        [
            -0.38076621294021606,
            -0.6300878524780273,
            -0.00042928382754325867
        ],
        [
            -0.3710329532623291,
            -0.623727560043335,
            0.0013856440782546997
        ],
        [
            -0.36684945225715637,
            -0.6213629841804504,
            0.0028842948377132416
        ],
        [
            -0.36326849460601807,
            -0.6186525225639343,
            0.007241416722536087
        ],
        [
            -0.3606124520301819,
            -0.6157714128494263,
            0.012865468859672546
        ],
        [
            -0.3363228738307953,
            -0.6040011644363403,
            0.012059096246957779
        ],
        [
            -0.3411507308483124,
            -0.6078683137893677,
            0.0039255619049072266
        ],
        [
            -0.4389185607433319,
            -0.6798770427703857,
            0.01373179629445076
        ],
        [
            -0.4399373531341553,
            -0.67882239818573,
            0.004736114293336868
        ],
        [
            -0.43163323402404785,
            -0.6759485006332397,
            0.0017477311193943024
        ],
        [
            -0.4336581230163574,
            -0.6771581172943115,
            0.000501539558172226
        ],
        [
            -0.43500757217407227,
            -0.6775729656219482,
            0.006484270095825195
        ],
        [
            -0.43224841356277466,
            -0.6759389638900757,
            0.00643414631485939
        ],
        [
            -0.42157232761383057,
            -0.6782383918762207,
            -0.01746162213385105
        ],
        [
            -0.4239170253276825,
            -0.6774937510490417,
            -0.011057466268539429
        ],
        [
            -0.4203604459762573,
            -0.6756295561790466,
            -0.012095112353563309
        ],
        [
            -0.41711926460266113,
            -0.6732847690582275,
            -0.019612062722444534
        ],
        [
            -0.41655150055885315,
            -0.6676211357116699,
            -0.0032881833612918854
        ],
        [
            -0.4170670211315155,
            -0.6695451736450195,
            -0.008275637403130531
        ],
        [
            -0.42215949296951294,
            -0.6733516454696655,
            -0.0033341646194458008
        ],
        [
            -0.42187756299972534,
            -0.6718740463256836,
            0.000267617404460907
        ],
        [
            -0.4213402271270752,
            -0.6712391376495361,
            0.004307854920625687
        ],
        [
            -0.4206539988517761,
            -0.6713343858718872,
            0.008692126721143723
        ],
        [
            -0.4165956974029541,
            -0.6680629253387451,
            0.0074543096125125885
        ],
        [
            -0.4165647625923157,
            -0.6673964262008667,
            0.0021958090364933014
        ],
        [
            -0.43423640727996826,
            -0.6791143417358398,
            0.012775760143995285
        ],
        [
            -0.4307253956794739,
            -0.6804056167602539,
            0.019182004034519196
        ],
        [
            -0.4286203384399414,
            -0.6786269545555115,
            0.01718718931078911
        ],
        [
            -0.43163448572158813,
            -0.6770198345184326,
            0.012076660990715027
        ],
        [
            -0.4171493649482727,
            -0.6798455715179443,
            0.023477908223867416
        ],
        [
            -0.41999566555023193,
            -0.6804460883140564,
            0.023169241845607758
        ],
        [
            -0.4203954339027405,
            -0.6816040277481079,
            0.026887990534305573
        ],
        [
            -0.41643205285072327,
            -0.6792961359024048,
            0.026859045028686523
        ],
        [
            -0.41520848870277405,
            -0.6765298843383789,
            0.024460770189762115
        ],
        [
            -0.4166593551635742,
            -0.6780755519866943,
            0.022308439016342163
        ],
        [
            -0.47265830636024475,
            -0.7246108055114746,
            0.013695016503334045
        ],
        [
            -0.4650755524635315,
            -0.7083770036697388,
            0.020272254943847656
        ],
        [
            -0.465882807970047,
            -0.7241724729537964,
            -0.005626127123832703
        ],
        [
            -0.4547272026538849,
            -0.7218343019485474,
            -0.020258136093616486
        ],
        [
            -0.44232305884361267,
            -0.7157850861549377,
            -0.0323786661028862
        ],
        [
            -0.3764115571975708,
            -0.635087251663208,
            -0.020126964896917343
        ],
        [
            -0.3669045567512512,
            -0.6327011585235596,
            -0.024427607655525208
        ],
        [
            -0.3670562207698822,
            -0.6441202163696289,
            -0.03581685200333595
        ],
        [
            -0.356498122215271,
            -0.6402100920677185,
            -0.036996349692344666
        ],
        [
            -0.35689470171928406,
            -0.6282885074615479,
            -0.02470146119594574
        ],
        [
            -0.3379119634628296,
            -0.6187609434127808,
            -0.014836978167295456
        ],
        [
            -0.3471217155456543,
            -0.6230417490005493,
            -0.021602865308523178
        ],
        [
            -0.34514138102531433,
            -0.6367692351341248,
            -0.036015674471855164
        ],
        [
            -0.3466704189777374,
            -0.6536968946456909,
            -0.04950467497110367
        ],
        [
            -0.35746046900749207,
            -0.6539394855499268,
            -0.04728415235877037
        ],
        [
            -0.35088467597961426,
            -0.6727346181869507,
            -0.057185057550668716
        ],
        [
            -0.33343684673309326,
            -0.6550853848457336,
            -0.05119630694389343
        ],
        [
            -0.3436691462993622,
            -0.6785138249397278,
            -0.058564234524965286
        ],
        [
            -0.3107296824455261,
            -0.6296259164810181,
            -0.03449423611164093
        ],
        [
            -0.30394864082336426,
            -0.6235097050666809,
            -0.037105873227119446
        ],
        [
            -0.30442631244659424,
            -0.6338537931442261,
            -0.05343610420823097
        ],
        [
            -0.31142696738243103,
            -0.640158474445343,
            -0.0508904755115509
        ],
        [
            -0.36813074350357056,
            -0.6546491384506226,
            -0.04413333535194397
        ],
        [
            -0.4184894859790802,
            -0.6941541433334351,
            -0.037839461117982864
        ],
        [
            -0.4236999750137329,
            -0.6877652406692505,
            -0.029262132942676544
        ],
        [
            -0.4077078700065613,
            -0.687021017074585,
            -0.042522188276052475
        ],
        [
            -0.4485877752304077,
            -0.7496145963668823,
            -0.0425340011715889
        ],
        [
            -0.4542367160320282,
            -0.7360455393791199,
            -0.031091995537281036
        ],
        [
            -0.4418971836566925,
            -0.7280861139297485,
            -0.04130999743938446
        ],
        [
            -0.43839961290359497,
            -0.7416048049926758,
            -0.05115128681063652
        ],
        [
            -0.4690900444984436,
            -0.7744290232658386,
            -0.010910116136074066
        ],
        [
            -0.47517460584640503,
            -0.7488496899604797,
            0.0005972310900688171
        ],
        [
            -0.46692225337028503,
            -0.7439374327659607,
            -0.014826614409685135
        ],
        [
            -0.46202683448791504,
            -0.7630894184112549,
            -0.025856230407953262
        ],
        [
            -0.4317975342273712,
            -0.7510894536972046,
            -0.059169575572013855
        ],
        [
            -0.4220385253429413,
            -0.7640188932418823,
            -0.06721892952919006
        ],
        [
            -0.42715370655059814,
            -0.7802758812904358,
            -0.0645962804555893
        ],
        [
            -0.44094187021255493,
            -0.7664539813995361,
            -0.0538349524140358
        ],
        [
            -0.43301379680633545,
            -0.8018553853034973,
            -0.0549955740571022
        ],
        [
            -0.4498078525066376,
            -0.7852106094360352,
            -0.041376616805791855
        ],
        [
            -0.3275804817676544,
            -0.6749352216720581,
            -0.06122865527868271
        ],
        [
            -0.33882084488868713,
            -0.691380500793457,
            -0.06262026727199554
        ],
        [
            -0.32099831104278564,
            -0.6467173099517822,
            -0.047888047993183136
        ],
        [
            -0.31791922450065613,
            -0.6619173288345337,
            -0.06046048179268837
        ],
        [
            -0.43425440788269043,
            -0.8199824094772339,
            -0.03956367075443268
        ],
        [
            -0.45466557145118713,
            -0.8012030124664307,
            -0.024035736918449402
        ],
        [
            -0.3726574778556824,
            -0.7842581272125244,
            -0.08140575885772705
        ],
        [
            -0.39100342988967896,
            -0.7900612354278564,
            -0.07778908312320709
        ],
        [
            -0.39378222823143005,
            -0.7693052887916565,
            -0.07851237803697586
        ],
        [
