{
    "pred_cam": [
        1.6196155548095703,
        0.2883101999759674,
        0.267810195684433
    ],
    "pred_smpl_params": {
        "global_orient": [
            [
                [
                    -0.608795702457428,
                    -0.14901447296142578,
                    -0.7792063355445862
                ],
                [
                    0.36933085322380066,
                    -0.922507107257843,
                    -0.11213988810777664
                ],
                [
                    -0.7021129727363586,
                    -0.35605520009994507,
                    0.6166539788246155
                ]
            ]
        ],
        "body_pose": [
            [
                [
                    0.9952478408813477,
                    -0.06530346721410751,
                    0.07223004847764969
                ],
                [
                    0.02916114032268524,
                    0.9076210260391235,
                    0.4187763035297394
                ],
                [
                    -0.09290505945682526,
                    -0.4146799147129059,
                    0.9052121639251709
                ]
            ],
            [
                [
                    0.9975428581237793,
                    0.040671512484550476,
                    -0.057044319808483124
                ],
                [
                    -0.01604370027780533,
                    0.9252156615257263,
                    0.3791024088859558
                ],
                [
                    0.06819695979356766,
                    -0.37725570797920227,
                    0.9235947728157043
                ]
            ],
            [
                [
                    0.9972412586212158,
                    0.06197976693511009,
                    0.04084637016057968
                ],
                [
                    -0.033097077161073685,
                    0.863822877407074,
                    -0.5027073621749878
                ],
                [
                    -0.06644170731306076,
                    0.49996858835220337,
                    0.8634911775588989
                ]
            ],
            [
                [
                    0.9779145121574402,
                    0.16837838292121887,
                    0.12382225692272186
                ],
                [
                    -0.1469021588563919,
                    0.9751477241516113,
                    -0.1658511459827423
                ],
                [
                    -0.1486707478761673,
                    0.14399848878383636,
                    0.9783462285995483
                ]
            ],
            [
                [
                    0.9998467564582825,
                    0.016362076625227928,
                    0.006228199694305658
                ],
                [
                    -0.016087733209133148,
                    0.9989962577819824,
                    -0.04180578142404556
                ],
                [
                    -0.0069059766829013824,
                    0.04169917479157448,
                    0.9991064071655273
                ]
            ],
            [
                [
                    0.9995532631874084,
                    -0.01688307709991932,
                    0.024663357064127922
                ],
                [
                    0.017198089510202408,
                    0.9997724890708923,
                    -0.012616624124348164
                ],
                [
                    -0.024444738402962685,
                    0.013035150244832039,
                    0.9996162056922913
                ]
            ],
            [
                [
                    0.9789701700210571,
                    0.08365511149168015,
                    0.1860625296831131
                ],
                [
                    -0.07247591018676758,
                    0.9951769709587097,
                    -0.06610629707574844
                ],
                [
                    -0.19069527089595795,
                    0.05123104155063629,
                    0.9803115725517273
                ]
            ],
            [
                [
                    0.9798926711082458,
                    -0.06227007135748863,
                    -0.18955959379673004
                ],
                [
                    0.05619318410754204,
                    0.9977239370346069,
                    -0.037270914763212204
                ],
                [
                    0.19144904613494873,
                    0.02586953528225422,
                    0.9811615347862244
                ]
            ],
            [
                [
                    0.9999203681945801,
                    0.0022926731035113335,
                    -0.01240825280547142
                ],
                [
                    -0.003082142909988761,
                    0.9979460835456848,
                    -0.06398460268974304
                ],
                [
                    0.012236072681844234,
                    0.06401775032281876,
                    0.9978736639022827
                ]
            ],
            [
                [
                    0.9930905103683472,
                    -0.10217101871967316,
                    0.05772696062922478
                ],
                [
                    0.1042228415608406,
                    0.993982195854187,
                    -0.03371932730078697
                ],
                [
                    -0.053934432566165924,
                    0.03950280696153641,
                    0.9977628588676453
                ]
            ],
            [
                [
                    0.9926322102546692,
                    0.12060486525297165,
                    0.011651037260890007
                ],
                [
                    -0.12054885178804398,
                    0.9926927089691162,
                    -0.005399288609623909
                ],
                [
                    -0.012217080220580101,
                    0.003954988904297352,
                    0.9999175071716309
                ]
            ],
            [
                [
                    0.9732307195663452,
                    -0.048101603984832764,
                    0.22474049031734467
                ],
                [
                    0.06216985732316971,
                    0.9964965581893921,
                    -0.05594246834516525
                ],
                [
                    -0.22126218676567078,
                    0.0684170052409172,
                    0.9728115200996399
                ]
            ],
            [
                [
                    0.9019230604171753,
                    0.07363677024841309,
                    -0.4255729913711548
                ],
                [
                    -0.04804656282067299,
                    0.9963488578796387,
                    0.07057216018438339
                ],
                [
                    0.4292158782482147,
                    -0.04320334270596504,
                    0.9021679759025574
                ]
            ],
            [
                [
                    0.8702604174613953,
                    -0.25438612699508667,
                    0.4218228757381439
                ],
                [
                    0.24143174290657043,
                    0.966698169708252,
                    0.08488430082798004
                ],
                [
                    -0.429368793964386,
                    0.027969976887106895,
                    0.9026960134506226
                ]
            ],
            [
                [
                    0.9980230927467346,
                    0.04650796577334404,
                    0.04227069020271301
                ],
                [
                    -0.03608290106058121,
                    0.9747194647789001,
                    -0.22049929201602936
                ],
                [
                    -0.05145704001188278,
                    0.21853816509246826,
                    0.9744706749916077
                ]
            ],
            [
                [
                    0.8587223291397095,
                    0.357989639043808,
                    -0.3666597604751587
                ],
                [
                    -0.2799854576587677,
                    0.9270442128181458,
                    0.24939335882663727
                ],
                [
                    0.42919009923934937,
                    -0.11150024086236954,
                    0.8963054418563843
                ]
            ],
            [
                [
                    0.5339922904968262,
                    -0.7018645405769348,
                    0.47142162919044495
                ],
                [
                    0.7127963304519653,
                    0.6735877394676208,
                    0.1954505741596222
                ],
                [
                    -0.45472368597984314,
                    0.23165851831436157,
                    0.859977126121521
                ]
            ],
            [
                [
                    0.8655821084976196,
                    -0.05141851678490639,
                    -0.4981202483177185
                ],
                [
                    0.16571778059005737,
                    0.9680804014205933,
                    0.18803708255290985
                ],
                [
                    0.4725518822669983,
                    -0.24530892074108124,
                    0.8464740514755249
                ]
            ],
            [
                [
                    0.6262087821960449,
                    0.17583417892456055,
                    0.7595688700675964
                ],
                [
                    -0.1664818525314331,
                    0.9819235801696777,
                    -0.09005541354417801
                ],
                [
                    -0.7616733312606812,
                    -0.07006096094846725,
                    0.6441623568534851
                ]
            ],
            [
                [
                    0.9845544099807739,
                    -0.1739863008260727,
                    -0.019533665850758553
                ],
                [
                    0.17268522083759308,
                    0.9834156632423401,
                    -0.055438484996557236
                ],
                [
                    0.028855253010988235,
                    0.05120902135968208,
                    0.998271107673645
                ]
            ],
            [
                [
                    0.9906730055809021,
                    0.11397520452737808,
                    0.07467752695083618
                ],
                [
                    -0.12836571037769318,
                    0.9644754528999329,
                    0.23088820278644562
                ],
                [
                    -0.04570911079645157,
                    -0.2383207231760025,
                    0.970110297203064
                ]
            ],
            [
                [
                    0.9872907400131226,
                    0.12054922431707382,
                    -0.10356077551841736
                ],
                [
                    -0.10435615479946136,
                    0.9832187294960022,
                    0.14963553845882416
                ],
                [
                    0.11986133456230164,
                    -0.1369265764951706,
                    0.9833027720451355
                ]
            ],
            [
                [
                    0.983611524105072,
                    -0.1449894905090332,
                    0.10717429220676422
                ],
                [
                    0.13112729787826538,
                    0.9832342863082886,
                    0.12671218812465668
                ],
                [
                    -0.12374937534332275,
                    -0.11058210581541061,
                    0.9861326813697815
                ]
            ]
        ],
        "betas": [
            -0.23686152696609497,
            -0.3021208941936493,
            -0.026918679475784302,
            0.5716339945793152,
            0.22333870828151703,
            0.0014323629438877106,
            -0.017166554927825928,
            -0.029592692852020264,
            0.07722224295139313,
            0.036300867795944214
        ]
    },
    "pred_cam_t": [
        0.2883101999759674,
        0.267810195684433,
        24.118377685546875
    ],
    "focal_length": [
        5000.0,
        5000.0
    ],
    "pred_keypoints_3d": [
        [
            -0.3912319540977478,
            -0.6459133625030518,
            0.03764450550079346
        ],
        [
            -0.22088681161403656,
            -0.6595760583877563,
            -0.042802222073078156
        ],
        [
            -0.09429691731929779,
            -0.6400018334388733,
            0.11165627837181091
        ],
        [
            -0.03365873545408249,
            -0.4245571196079254,
            0.22091799974441528
        ],
        [
            -0.19961127638816833,
            -0.26266711950302124,
            0.31295138597488403
        ],
        [
            -0.29844343662261963,
            -0.5212149024009705,
            -0.1438450813293457
        ],
        [
            -0.43439221382141113,
            -0.3050546646118164,
            -0.14325718581676483
        ],
        [
            -0.6184251308441162,
            -0.1899268627166748,
            -0.03179262578487396
        ],
        [
            -0.0020740970503538847,
            -0.2266019582748413,
            0.028500502929091454
        ],
        [
            0.05549415946006775,
            -0.1681801676750183,
            0.10520884394645691
        ],
        [
            0.03703117370605469,
            0.11779537796974182,
            0.343789279460907
        ],
        [
            0.023811310529708862,
            0.4538511037826538,
            0.5367459058761597
        ],
        [
            -0.025462405756115913,
            -0.11667919903993607,
            0.00828404538333416
        ],
        [
            -0.1220071092247963,
            0.19286233186721802,
            0.17541511356830597
        ],
        [
            -0.08288878202438354,
            0.5059447288513184,
            0.40012866258621216
        ],
        [
            -0.3834141194820404,
            -0.7033305168151855,
            0.057379670441150665
        ],
        [
            -0.41017842292785645,
            -0.687798798084259,
            -0.001773253083229065
        ],
        [
            -0.29679423570632935,
            -0.764127790927887,
            0.052123039960861206
        ],
        [
            -0.3581077754497528,
            -0.7290208339691162,
            -0.08131323009729385
        ],
        [
            -0.262620210647583,
            0.5293869972229004,
            0.4880807399749756
        ],
        [
            -0.23364880681037903,
            0.5761449337005615,
            0.4255950450897217
        ],
        [
            -0.02628963068127632,
            0.5460942983627319,
            0.4024088680744171
        ],
        [
            -0.11189544200897217,
            0.41464242339134216,
            0.6765629053115845
        ],
        [
            -0.025296472012996674,
            0.4143477976322174,
            0.6955159306526184
        ],
        [
            0.06039232388138771,
            0.5140347480773926,
            0.5272735953330994
        ],
        [
            0.062023062258958817,
            0.4178239107131958,
            0.5059455633163452
        ],
        [
            0.040672287344932556,
            0.06515877693891525,
            0.30425897240638733
        ],
        [
            0.09746550023555756,
            -0.3092803359031677,
            0.1105298101902008
        ],
        [
            -0.06562681496143341,
            -0.1836058348417282,
            -0.101493239402771
        ],
        [
            -0.12186481058597565,
            0.16244138777256012,
            0.1457338035106659
        ],
        [
            -0.062020763754844666,
            0.48910021781921387,
            0.367328941822052
        ],
        [
            -0.2130572497844696,
            -0.29536738991737366,
            0.2993333637714386
        ],
        [
            -0.0522024929523468,
            -0.45181599259376526,
            0.24256134033203125
        ],
        [
            -0.12174440920352936,
            -0.6548686027526855,
            0.07895342260599136
        ],
        [
            -0.2929805815219879,
            -0.5595116019248962,
            -0.14386028051376343
        ],
        [
            -0.4590183198451996,
            -0.3433018624782562,
            -0.1479804813861847
        ],
        [
            -0.6230436563491821,
            -0.2106020450592041,
            -0.03351479023694992
        ],
        [
            -0.2253386229276657,
            -0.6500740051269531,
            -0.034747518599033356
        ],
        [
            -0.3752962648868561,
            -0.7741671204566956,
            -0.004494764842092991
        ],
        [
            0.015664394944906235,
            -0.24635779857635498,
            0.004202669486403465
        ],
        [
            -0.20294132828712463,
            -0.6044172048568726,
            -0.029858585447072983
        ],
        [
            -0.07423138618469238,
            -0.470319002866745,
            -0.04539009556174278
        ],
        [
            -0.3258925974369049,
            -0.6704540252685547,
            -0.003261726116761565
        ],
        [
            -0.38032567501068115,
            -0.7943530678749084,
            -0.003377244807779789
        ]
    ],
    "pred_vertices": [
        [
            -0.4462755024433136,
            -0.7208107709884644,
            -0.00723830983042717
        ],
        [
            -0.4392356276512146,
            -0.7065922021865845,
            -0.00036973506212234497
        ],
        [
            -0.4350195527076721,
            -0.7072446942329407,
            -0.014494150876998901
        ],
        [
            -0.4382249116897583,
            -0.7196884155273438,
            -0.02232377789914608
        ],
        [
            -0.4314844608306885,
            -0.6973123550415039,
            -0.009444329887628555
        ],
        [
            -0.4327477812767029,
            -0.6967363357543945,
            0.0022619813680648804
        ],
        [
            -0.4269322156906128,
            -0.7072178721427917,
            -0.02577555924654007
        ],
        [
            -0.4269394278526306,
            -0.7177594900131226,
            -0.0342237763106823
        ],
        [
            -0.3980235457420349,
            -0.6861488223075867,
            -0.03868624195456505
        ],
        [
            -0.39085653424263,
            -0.6875394582748413,
            -0.046919673681259155
        ],
        [
            -0.3999245762825012,
            -0.6960142254829407,
            -0.04482201114296913
        ],
        [
            -0.4042206406593323,
            -0.6926707029342651,
            -0.03637046366930008
        ],
        [
            -0.37865149974823,
            -0.6688188910484314,
            -0.04168093949556351
        ],
        [
            -0.3757063150405884,
            -0.6580706834793091,
            -0.03355271369218826
        ],
        [
            -0.3644396960735321,
            -0.6567206978797913,
            -0.04069925844669342
        ],
        [
            -0.36594638228416443,
            -0.6680120825767517,
            -0.04849116504192352
        ],
        [
            -0.38741758465766907,
            -0.6615345478057861,
            0.006712228059768677
        ],
        [
            -0.3846352994441986,
            -0.6559313535690308,
            0.0008622258901596069
        ],
        [
            -0.39005449414253235,
            -0.6605732440948486,
            -0.0024092532694339752
        ],
        [
            -0.3917940855026245,
            -0.6659705638885498,
            0.003814760595560074
        ],
        [
            -0.39424222707748413,
            -0.6675268411636353,
            0.018071800470352173
        ],
        [
            -0.3960740566253662,
            -0.6734399199485779,
            0.016052380204200745
        ],
        [
            -0.4001830220222473,
            -0.6741880774497986,
            0.022863272577524185
        ],
        [
            -0.3989529609680176,
            -0.6669526100158691,
            0.02443757653236389
        ],
        [
            -0.38191497325897217,
            -0.6586823463439941,
            0.01123376190662384
        ],
        [
            -0.3787804841995239,
            -0.6531106233596802,
            0.004872683435678482
        ],
        [
            -0.39014753699302673,
            -0.6660773158073425,
            0.011910628527402878
        ],
        [
            -0.3881737291812897,
            -0.6619200706481934,
            0.01414569467306137
        ],
        [
            -0.39015719294548035,
            -0.6516895294189453,
            0.020837433636188507
        ],
        [
            -0.3928515613079071,
            -0.6557928323745728,
            0.019164394587278366
        ],
        [
            -0.3969078063964844,
            -0.6532390713691711,
            0.025090087205171585
        ],
        [
            -0.3922852873802185,
            -0.6497407555580139,
            0.02560923993587494
        ],
        [
            -0.38458749651908875,
            -0.6561707258224487,
            0.01415695995092392
        ],
        [
            -0.38858020305633545,
            -0.6566393375396729,
            0.015039749443531036
        ],
        [
            -0.3867688775062561,
            -0.6529383659362793,
            0.0179867185652256
        ],
        [
            -0.3826926052570343,
            -0.6535142660140991,
            0.01782893016934395
        ],
        [
            -0.3931974470615387,
            -0.6627496480941772,
            0.01939273625612259
        ],
        [
            -0.39810603857040405,
            -0.6604688167572021,
            0.025128822773694992
        ],
        [
            -0.4022444486618042,
            -0.6580877304077148,
            0.031811777502298355
        ],
        [
            -0.3994155824184418,
            -0.6496564149856567,
            0.03196769952774048
        ],
        [
            -0.3755335211753845,
            -0.6472696661949158,
            -0.012791812419891357
        ],
        [
            -0.381023645401001,
            -0.6510814428329468,
            -0.006085310131311417
        ],
        [
            -0.3759445548057556,
            -0.6482542753219604,
            -0.0016598701477050781
        ],
        [
            -0.3722371459007263,
            -0.6447341442108154,
            -0.007611803710460663
        ],
        [
            -0.3787939250469208,
            -0.652891218662262,
            0.01506005972623825
        ],
        [
            -0.36959636211395264,
            -0.6403403282165527,
            0.010561659932136536
        ],
        [
            -0.37242937088012695,
            -0.6429736614227295,
            0.010684128850698471
        ],
        [
            -0.3734235167503357,
            -0.6424846649169922,
            0.017876286059617996
        ],
        [
            -0.37089410424232483,
            -0.6399697065353394,
            0.01713433861732483
        ],
        [
            -0.3622276186943054,
            -0.6409403681755066,
            -0.022316593676805496
        ],
        [
            -0.36233991384506226,
            -0.6383681297302246,
            -0.015359275043010712
        ],
        [
            -0.35622113943099976,
            -0.6348731517791748,
            -0.017391271889209747
        ],
        [
            -0.35429495573043823,
            -0.6372933983802795,
            -0.02428608387708664
        ],
        [
            -0.35092946887016296,
            -0.6315650343894958,
            -0.015744352713227272
        ],
        [
            -0.34669241309165955,
            -0.6336386203765869,
            -0.024581775069236755
        ],
        [
            -0.3337291479110718,
            -0.6250149607658386,
            -0.017079394310712814
        ],
        [
            -0.33960074186325073,
            -0.6288031339645386,
            -0.021096499636769295
        ],
        [
            -0.34587398171424866,
            -0.6280819177627563,
            -0.012321926653385162
        ],
        [
            -0.34232184290885925,
            -0.6236360669136047,
            -0.006446389481425285
        ],
        [
            -0.3463155925273895,
            -0.6245934963226318,
            0.007738091051578522
        ],
        [
            -0.34503990411758423,
            -0.62321937084198,
            0.014131363481283188
        ],
        [
            -0.33709028363227844,
            -0.6145744323730469,
            0.008236739784479141
        ],
        [
            -0.33952566981315613,
            -0.6180976629257202,
            0.0014061257243156433
        ],
        [
            -0.3624202013015747,
            -0.638629138469696,
            0.008834831416606903
        ],
        [
            -0.36213892698287964,
            -0.6394665837287903,
            0.004070695489645004
        ],
        [
            -0.36476922035217285,
            -0.6390029788017273,
            0.004815179854631424
        ],
        [
            -0.36609014868736267,
            -0.6387850642204285,
            0.009961333125829697
        ],
        [
            -0.36222511529922485,
            -0.639430820941925,
            -8.264556527137756e-05
        ],
        [
            -0.3622231185436249,
            -0.6393480896949768,
            -0.0019043795764446259
        ],
        [
            -0.36380600929260254,
            -0.6395418047904968,
            -0.001121070235967636
        ],
        [
            -0.3630850315093994,
            -0.6397371292114258,
            0.00012090802192687988
        ],
        [
            -0.36247584223747253,
            -0.6395905613899231,
            0.00218190997838974
        ],
        [
            -0.3609686493873596,
            -0.6383054852485657,
            0.003202959895133972
        ],
        [
            -0.3616407811641693,
            -0.6388181447982788,
            0.00093112513422966
        ],
        [
            -0.36090272665023804,
            -0.6367859244346619,
            0.007535658776760101
        ],
        [
            -0.360288143157959,
            -0.6329267024993896,
            0.02188517153263092
        ],
        [
            -0.3608592748641968,
            -0.6331769824028015,
            0.01810678094625473
        ],
        [
            -0.3625900149345398,
            -0.6374326348304749,
            0.019322842359542847
        ],
        [
            -0.36233747005462646,
            -0.6374672055244446,
            0.02251119166612625
        ],
        [
            -0.3657824397087097,
            -0.6404174566268921,
            0.0009880028665065765
        ],
        [
            -0.3673118054866791,
            -0.6411281228065491,
            -0.0009786039590835571
        ],
        [
            -0.36991897225379944,
            -0.6419869661331177,
            0.004074040800333023
        ],
        [
            -0.3672146499156952,
            -0.6405764222145081,
            0.004713136702775955
        ],
        [
            -0.3695162832736969,
            -0.6421197056770325,
            -0.003547482192516327
        ],
        [
            -0.3651272654533386,
            -0.6403513550758362,
            -0.0033152587711811066
        ],
        [
            -0.36652952432632446,
            -0.6406737565994263,
            -0.006459154188632965
        ],
        [
            -0.36076807975769043,
            -0.6382774710655212,
            -0.001496385782957077
        ],
        [
            -0.35975104570388794,
            -0.6373922824859619,
            -0.0047163888812065125
        ],
        [
            -0.3624861240386963,
            -0.6384220719337463,
            -0.004671100527048111
        ],
        [
            -0.35696378350257874,
            -0.6353359222412109,
            -0.002861209213733673
        ],
        [
            -0.3591100871562958,
            -0.6369446516036987,
            0.001109529286623001
        ],
        [
            -0.35832229256629944,
            -0.6347192525863647,
            0.005326487123966217
        ],
        [
            -0.3578670620918274,
            -0.6322892904281616,
            0.010751575231552124
        ],
        [
            -0.3535076677799225,
            -0.6301640272140503,
            0.006938852369785309
        ],
        [
            -0.35490745306015015,
            -0.6327267289161682,
            0.0013166554272174835
        ],
        [
            -0.37292972207069397,
            -0.6449934244155884,
            0.0020374655723571777
        ],
        [
            -0.36241164803504944,
            -0.6382452249526978,
            -0.009309113025665283
        ],
        [
            -0.36789482831954956,
            -0.6421964764595032,
            -0.011815749108791351
        ],
        [
            -0.35836565494537354,
            -0.635555624961853,
            -0.009996771812438965
        ],
        [
            -0.3542640209197998,
            -0.633067786693573,
            -0.008492330089211464
        ],
        [
            -0.3508448898792267,
            -0.6302003264427185,
            -0.004148609936237335
        ],
        [
            -0.348351389169693,
            -0.6271770000457764,
            0.0014595352113246918
        ],
        [
            -0.3245367109775543,
            -0.6146403551101685,
            0.0007517896592617035
        ],
        [
            -0.3290805518627167,
            -0.6187601089477539,
            -0.007361844182014465
        ],
        [
            -0.42466607689857483,
            -0.6935549974441528,
            0.002339612692594528
        ],
        [
            -0.4255986213684082,
            -0.6926766633987427,
            -0.006688438355922699
        ],
        [
            -0.4173460304737091,
            -0.6895734071731567,
            -0.009613100439310074
        ],
        [
            -0.4193415641784668,
            -0.690904974937439,
            -0.010832980275154114
        ],
        [
            -0.42073532938957214,
            -0.6912316083908081,
            -0.0048979781568050385
        ],
        [
            -0.41801345348358154,
            -0.6895023584365845,
            -0.004941128194332123
        ],
        [
            -0.40702226758003235,
            -0.691787838935852,
            -0.02866646833717823
        ],
        [
            -0.40945881605148315,
            -0.6910334229469299,
            -0.022303776815533638
        ],
        [
            -0.4059618413448334,
            -0.689065158367157,
            -0.02333218976855278
        ],
        [
            -0.402698814868927,
            -0.6867281198501587,
            -0.03083198517560959
        ],
        [
            -0.40248891711235046,
            -0.6808186173439026,
            -0.014584291726350784
        ],
        [
            -0.4028960168361664,
            -0.6828274130821228,
            -0.019553884863853455
        ],
        [
            -0.4079078435897827,
            -0.6867297887802124,
            -0.014614356681704521
        ],
        [
            -0.4077181816101074,
            -0.6851882934570312,
            -0.011031132191419601
        ],
        [
            -0.4072403907775879,
            -0.6844730377197266,
            -0.00699455663561821
        ],
        [
            -0.40660911798477173,
            -0.6844743490219116,
            -0.002598091959953308
        ],
        [
            -0.40262743830680847,
            -0.68110191822052,
            -0.0038316138088703156
        ],
        [
            -0.4025636613368988,
            -0.6805103421211243,
            -0.009096380323171616
        ],
        [
            -0.4199758470058441,
            -0.6926536560058594,
            0.0014345385134220123
        ],
        [
            -0.41650390625,
            -0.6937509775161743,
            0.007886473089456558
        ],
        [
            -0.41442614793777466,
            -0.691913902759552,
            0.005893729627132416
        ],
        [
            -0.4174373149871826,
            -0.6904697418212891,
            0.0007367320358753204
        ],
        [
            -0.40296870470046997,
            -0.6926970481872559,
            0.012328099459409714
        ],
        [
            -0.4058037996292114,
            -0.6933900713920593,
            0.011993613094091415
        ],
        [
            -0.40621238946914673,
            -0.6945188045501709,
            0.0157230906188488
        ],
        [
            -0.4023098051548004,
            -0.6920861601829529,
            0.01570793241262436
        ],
        [
            -0.4011281728744507,
            -0.6893200874328613,
            0.013281036168336868
        ],
        [
            -0.4025106132030487,
            -0.6909303665161133,
            0.011135097593069077
        ],
        [
            -0.4569658041000366,
            -0.7394301891326904,
            0.002575155347585678
        ],
        [
            -0.44999638199806213,
            -0.7228196859359741,
            0.008909907191991806
        ],
        [
            -0.44987952709198,
            -0.7390575408935547,
            -0.016716599464416504
        ],
        [
            -0.4386885464191437,
            -0.7364726066589355,
            -0.031227903440594673
        ],
        [
            -0.42636892199516296,
            -0.7301265001296997,
            -0.043267861008644104
        ],
        [
            -0.36311009526252747,
            -0.6473410725593567,
            -0.031351588666439056
        ],
        [
            -0.35362154245376587,
            -0.644684910774231,
            -0.035584017634391785
        ],
        [
            -0.35330793261528015,
            -0.6562224626541138,
            -0.046814318746328354
        ],
        [
            -0.34284383058547974,
            -0.6519736647605896,
            -0.04794733226299286
        ],
        [
            -0.3437480330467224,
            -0.6399540901184082,
            -0.03583412617444992
        ],
        [
            -0.3251867890357971,
            -0.629749596118927,
            -0.02592433989048004
        ],
        [
            -0.3341415226459503,
            -0.634395956993103,
            -0.03272193670272827
        ],
        [
            -0.33155012130737305,
            -0.6482107639312744,
            -0.04685937613248825
        ],
        [
            -0.33239084482192993,
            -0.6653387546539307,
            -0.06004713475704193
        ],
        [
            -0.34327811002731323,
            -0.6658707857131958,
            -0.05800137668848038
        ],
        [
            -0.3359074294567108,
            -0.6845846176147461,
            -0.0675075352191925
        ],
        [
            -0.31905844807624817,
            -0.6663141250610352,
            -0.061606265604496
        ],
        [
            -0.3285115361213684,
            -0.6900715827941895,
            -0.06875912100076675
        ],
        [
            -0.2972804605960846,
            -0.6398141980171204,
            -0.0453030988574028
        ],
        [
            -0.2906178832054138,
            -0.6334428787231445,
            -0.04800591617822647
        ],
        [
            -0.2902238667011261,
            -0.6439490914344788,
            -0.06412045657634735
        ],
        [
            -0.29725274443626404,
            -0.6504902839660645,
            -0.06153139844536781
        ],
        [
            -0.3539647161960602,
            -0.6668995022773743,
            -0.054956432431936264
        ],
        [
            -0.4031658470630646,
            -0.7078032493591309,
            -0.04881701618432999
        ],
        [
            -0.40868401527404785,
            -0.7015088796615601,
            -0.0403786264359951
        ],
        [
            -0.39258164167404175,
            -0.7003892660140991,
            -0.05348419398069382
        ],
        [
            -0.4314122200012207,
            -0.7642390727996826,
            -0.05305371433496475
        ],
        [
            -0.43764376640319824,
            -0.7507076263427734,
            -0.041878558695316315
        ],
        [
            -0.42542168498039246,
            -0.7425074577331543,
            -0.052024923264980316
        ],
        [
            -0.42138367891311646,
            -0.7559659481048584,
            -0.061656396836042404
        ],
        [
            -0.4514196813106537,
            -0.7892712354660034,
            -0.021387197077274323
        ],
        [
            -0.4584370255470276,
            -0.7638585567474365,
            -0.01024061068892479
        ],
        [
            -0.4502839744091034,
            -0.758817732334137,
            -0.025676250457763672
        ],
        [
            -0.44458332657814026,
            -0.7779103517532349,
            -0.03636341542005539
        ],
        [
            -0.41440311074256897,
            -0.7653716802597046,
            -0.06941062211990356
        ],
        [
            -0.4040958881378174,
            -0.7780563235282898,
            -0.07711893320083618
        ],
        [
            -0.40868133306503296,
            -0.7944438457489014,
            -0.07436880469322205
        ],
        [
            -0.42300793528556824,
            -0.7809506058692932,
            -0.06399060785770416
        ],
        [
            -0.41394171118736267,
            -0.8160860538482666,
            -0.0645613968372345
        ],
        [
            -0.43143442273139954,
            -0.7998578548431396,
            -0.05140923708677292
        ],
        [
            -0.3124730885028839,
            -0.6859449744224548,
            -0.07139954715967178
        ],
        [
            -0.3232184648513794,
            -0.702673614025116,
            -0.07267285883426666
        ],
        [
            -0.30681419372558594,
            -0.6574112772941589,
            -0.058477431535720825
        ],
        [
            -0.30304622650146484,
            -0.6725984811782837,
            -0.0707421824336052
        ],
        [
            -0.414781391620636,
            -0.8340601921081543,
            -0.04893621802330017
        ],
        [
            -0.4359824061393738,
            -0.8157613277435303,
            -0.033950354903936386
        ],
        [
            -0.3539026379585266,
            -0.7967411279678345,
            -0.09042181074619293
        ],
        [
            -0.37207022309303284,
            -0.8031786680221558,
            -0.08697224408388138
        ],
        [
            -0.37555065751075745,
            -0.7825206518173218,
            -0.08802469074726105
