{
    "pred_cam": [
        1.2307826280593872,
        0.026923352852463722,
        0.16057640314102173
    ],
    "pred_smpl_params": {
        "global_orient": [
            [
                [
                    0.9095882773399353,
                    0.24066077172756195,
                    0.3387204110622406
                ],
                [
                    0.17940787971019745,
                    -0.9627576470375061,
                    0.2022632658481598
                ],
                [
                    0.3747825622558594,
                    -0.12320718169212341,
                    -0.9188895225524902
                ]
            ]
        ],
        "body_pose": [
            [
                [
                    0.995843768119812,
                    -0.017342127859592438,
                    -0.08941230922937393
                ],
                [
                    0.026438068598508835,
                    0.9944767355918884,
                    0.10157258808612823
                ],
                [
                    0.0871569812297821,
                    -0.10351429879665375,
                    0.9908019304275513
                ]
            ],
            [
                [
                    0.9913330078125,
                    0.0987597405910492,
                    -0.08663447946310043
                ],
                [
                    -0.08638927340507507,
                    0.9868708252906799,
                    0.1364654004573822
                ],
                [
                    0.0989743322134018,
                    -0.12779834866523743,
                    0.9868494272232056
                ]
            ],
            [
                [
                    0.9949449300765991,
                    0.011534614488482475,
                    0.09975695610046387
                ],
                [
                    0.009440446272492409,
                    0.9782388806343079,
                    -0.20726686716079712
                ],
                [
                    -0.09997687488794327,
                    0.20716087520122528,
                    0.9731849431991577
                ]
            ],
            [
                [
                    0.9783147573471069,
                    -0.10625331103801727,
                    -0.17779310047626495
                ],
                [
                    -0.001795681193470955,
                    0.8540083169937134,
                    -0.5202562808990479
                ],
                [
                    0.20711573958396912,
                    0.5092936754226685,
                    0.8352981209754944
                ]
            ],
            [
                [
                    0.9945980310440063,
                    -0.09463874995708466,
                    0.0426417700946331
                ],
                [
                    0.10351892560720444,
                    0.8740211725234985,
                    -0.474732369184494
                ],
                [
                    0.0076582771725952625,
                    0.4765820801258087,
                    0.8790966272354126
                ]
            ],
            [
                [
                    0.9927871823310852,
                    0.04966946318745613,
                    0.10911639034748077
                ],
                [
                    -0.04409504309296608,
                    0.9976246953010559,
                    -0.05292034149169922
                ],
                [
                    -0.11148573458194733,
                    0.047727152705192566,
                    0.9926192164421082
                ]
            ],
            [
                [
                    0.9871042966842651,
                    0.059915222227573395,
                    0.1484433114528656
                ],
                [
                    -0.06795288622379303,
                    0.9964510798454285,
                    0.04967525228857994
                ],
                [
                    -0.14494019746780396,
                    -0.05912179499864578,
                    0.9876725673675537
                ]
            ],
            [
                [
                    0.9891846776008606,
                    -0.06169121712446213,
                    -0.13307102024555206
                ],
                [
                    0.06526907533407211,
                    0.9976096749305725,
                    0.022690225392580032
                ],
                [
                    0.13135315477848053,
                    -0.031130244955420494,
                    0.9908467531204224
                ]
            ],
            [
                [
                    0.9959970712661743,
                    0.015371983870863914,
                    0.08805447071790695
                ],
                [
                    -0.011515242978930473,
                    0.998958945274353,
                    -0.04414121434092522
                ],
                [
                    -0.08864133805036545,
                    0.042950551956892014,
                    0.9951372146606445
                ]
            ],
            [
                [
                    0.988418459892273,
                    -0.1500045657157898,
                    0.02296948805451393
                ],
                [
                    0.14538519084453583,
                    0.9794186949729919,
                    0.14000742137432098
                ],
                [
                    -0.04349850118160248,
                    -0.13504648208618164,
                    0.9898839592933655
                ]
            ],
            [
                [
                    0.9888535141944885,
                    0.1419605016708374,
                    -0.04489945247769356
                ],
                [
                    -0.13456180691719055,
                    0.9811607599258423,
                    0.1386243849992752
                ],
                [
                    0.06373276561498642,
                    -0.13103745877742767,
                    0.9893267154693604
                ]
            ],
            [
                [
                    0.9906846880912781,
                    0.10940263420343399,
                    0.08108638226985931
                ],
                [
                    -0.10905638337135315,
                    0.9939975142478943,
                    -0.008700207807123661
                ],
                [
                    -0.08155148476362228,
                    -0.00022382473980542272,
                    0.9966691732406616
                ]
            ],
            [
                [
                    0.9284548759460449,
                    0.37103042006492615,
                    -0.01755577325820923
                ],
                [
                    -0.3710053563117981,
                    0.9286183714866638,
                    0.004782579373568296
                ],
                [
                    0.018077097833156586,
                    0.0020728781819343567,
                    0.9998345375061035
                ]
            ],
            [
                [
                    0.8942529559135437,
                    -0.38605427742004395,
                    0.22643692791461945
                ],
                [
                    0.3974088430404663,
                    0.9176281094551086,
                    -0.004989389795809984
                ],
                [
                    -0.20585870742797852,
                    0.09444981068372726,
                    0.9740130305290222
                ]
            ],
            [
                [
                    0.9937710165977478,
                    0.0846894383430481,
                    0.07243473827838898
                ],
                [
                    -0.06285469979047775,
                    0.9626864194869995,
                    -0.26321879029273987
                ],
                [
                    -0.09202378988265991,
                    0.257026344537735,
                    0.9620130062103271
                ]
            ],
            [
                [
                    0.5095981359481812,
                    0.8024006485939026,
                    -0.3105851113796234
                ],
                [
                    -0.8538479804992676,
                    0.516118586063385,
                    -0.06756722182035446
                ],
                [
                    0.10608278214931488,
                    0.29962456226348877,
                    0.9481412172317505
                ]
            ],
            [
                [
                    0.5160820484161377,
                    -0.7529560923576355,
                    0.4083092212677002
                ],
                [
                    0.8123456835746765,
                    0.5814064741134644,
                    0.04539821669459343
                ],
                [
                    -0.27157649397850037,
                    0.3082590401172638,
                    0.9117140769958496
                ]
            ],
            [
                [
                    0.0736735537648201,
                    -0.4155706763267517,
                    -0.906572163105011
                ],
                [
                    0.17133329808712006,
                    0.9008010625839233,
                    -0.3990015983581543
                ],
                [
                    0.9824545979499817,
                    -0.12593014538288116,
                    0.13756631314754486
                ]
            ],
            [
                [
                    0.608161449432373,
                    0.18232028186321259,
                    0.7725923657417297
                ],
                [
                    0.04497761279344559,
                    0.963789165019989,
                    -0.26284489035606384
                ],
                [
                    -0.7925381064414978,
                    0.19460147619247437,
                    0.5779390931129456
                ]
            ],
            [
                [
                    0.9868387579917908,
                    -0.15068314969539642,
                    -0.05868469551205635
                ],
                [
                    0.15743380784988403,
                    0.9781402945518494,
                    0.1358535885810852
                ],
                [
                    0.03693101555109024,
                    -0.14330454170703888,
                    0.9889893531799316
                ]
            ],
            [
                [
                    0.9953500628471375,
                    0.0912403091788292,
                    0.03087923862040043
                ],
                [
                    -0.09036349505186081,
                    0.9954954981803894,
                    -0.028693724423646927
                ],
                [
                    -0.03335816413164139,
                    0.025769943371415138,
                    0.9991112947463989
                ]
            ],
            [
                [
                    0.9687617421150208,
                    0.22497378289699554,
                    -0.10434284806251526
                ],
                [
                    -0.21251025795936584,
                    0.9699689745903015,
                    0.11831943690776825
                ],
                [
                    0.12782810628414154,
                    -0.09244941920042038,
                    0.9874780774116516
                ]
            ],
            [
                [
                    0.9711918830871582,
                    -0.23167122900485992,
                    0.05581047758460045
                ],
                [
                    0.21944619715213776,
                    0.9607829451560974,
                    0.1695273518562317
                ],
                [
                    -0.09289636462926865,
                    -0.15239617228507996,
                    0.9839439988136292
                ]
            ]
        ],
        "betas": [
            -0.003563985228538513,
            -0.05423179268836975,
            0.017686963081359863,
            0.4490014314651489,
            0.07283765077590942,
            -0.021817829459905624,
            -0.04956638813018799,
            0.008439719676971436,
            0.08744896203279495,
            -0.04511415958404541
        ]
    },
    "pred_cam_t": [
        0.026923352852463722,
        0.16057640314102173,
        31.73793601989746
    ],
    "focal_length": [
        5000.0,
        5000.0
    ],
    "pred_keypoints_3d": [
        [
            0.3088599443435669,
            -0.691379964351654,
            -0.20651914179325104
        ],
        [
            0.1590539515018463,
            -0.699520468711853,
            -0.08546434342861176
        ],
        [
            -0.013122063130140305,
            -0.6212778687477112,
            -0.1763419210910797
        ],
        [
            -0.10646192729473114,
            -0.38832980394363403,
            -0.14033491909503937
        ],
        [
            0.02697855234146118,
            -0.1756180077791214,
            -0.18106216192245483
        ],
        [
            0.25587984919548035,
            -0.5959834456443787,
            0.06187817454338074
        ],
        [
            0.1794496774673462,
            -0.3745211064815521,
            0.17474308609962463
        ],
        [
            0.2824814021587372,
            -0.2549475431442261,
            -0.01751217246055603
        ],
        [
            -0.002141702687367797,
            -0.2277325838804245,
            0.027766020968556404
        ],
        [
            -0.08612005412578583,
            -0.15359732508659363,
            0.01800915226340294
        ],
        [
            -0.23075631260871887,
            0.1986907422542572,
            0.0024856124073266983
        ],
        [
            -0.3402482271194458,
            0.5110645294189453,
            0.22172756493091583
        ],
        [
            0.03581475093960762,
            -0.12885794043540955,
            0.070998415350914
        ],
        [
            -0.0029762238264083862,
            0.2411646842956543,
            0.0970076471567154
        ],
        [
            -0.09519019722938538,
            0.5347534418106079,
            0.3473072648048401
        ],
        [
            0.2941274642944336,
            -0.7479952573776245,
            -0.22643782198429108
        ],
        [
            0.33461448550224304,
            -0.7374830842018127,
            -0.17456212639808655
        ],
        [
            0.20807009935379028,
            -0.8044588565826416,
            -0.20265409350395203
        ],
        [
            0.2994389235973358,
            -0.7807292342185974,
            -0.0886358916759491
        ],
        [
            -0.08915133774280548,
            0.6811022162437439,
            0.2104673981666565
        ],
        [
            -0.03077845089137554,
            0.6694961786270142,
            0.26995521783828735
        ],
        [
            -0.102801114320755,
            0.532889723777771,
            0.4162900745868683
        ],
        [
            -0.3329155445098877,
            0.6442381143569946,
            0.07244983315467834
        ],
        [
            -0.4086070656776428,
            0.6127933859825134,
            0.10456603765487671
        ],
        [
            -0.35946041345596313,
            0.5210926532745361,
            0.2913261353969574
        ],
        [
            -0.34913700819015503,
            0.451742947101593,
            0.21724560856819153
        ],
        [
            -0.2076786756515503,
            0.1392151564359665,
            -0.004273650236427784
        ],
        [
            -0.12846361100673676,
            -0.28851771354675293,
            -0.021574240177869797
        ],
        [
            0.12616799771785736,
            -0.22185292840003967,
            0.10012678802013397
        ],
        [
            0.014161771163344383,
            0.20223689079284668,
            0.09277267754077911
        ],
        [
            -0.08086241781711578,
            0.49403268098831177,
            0.35053402185440063
        ],
        [
            0.043961405754089355,
            -0.2098572701215744,
            -0.18116925656795502
        ],
        [
            -0.09659024327993393,
            -0.39948078989982605,
            -0.17948076128959656
        ],
        [
            0.024642493575811386,
            -0.6511303782463074,
            -0.16161486506462097
        ],
        [
            0.2420867383480072,
            -0.6287121176719666,
            0.038535140454769135
        ],
        [
            0.22920507192611694,
            -0.3919837176799774,
            0.1651918888092041
        ],
        [
            0.28724539279937744,
            -0.27765125036239624,
            -0.009764576330780983
        ],
        [
            0.16122455894947052,
            -0.6856725215911865,
            -0.08474570512771606
        ],
        [
            0.2964061200618744,
            -0.8220805525779724,
            -0.16683878004550934
        ],
        [
            -0.000645092164631933,
            -0.25530776381492615,
            0.03985389322042465
        ],
        [
            0.13249795138835907,
            -0.6373609304428101,
            -0.06396973133087158
        ],
        [
            0.06139250099658966,
            -0.4915086328983307,
            -0.003769777249544859
        ],
        [
            0.2541927099227905,
            -0.7165836095809937,
            -0.15133006870746613
        ],
        [
            0.30024605989456177,
            -0.8423303961753845,
            -0.17084746062755585
        ]
    ],
    "pred_vertices": [
        [
            0.3693336248397827,
            -0.7711528539657593,
            -0.17970174551010132
        ],
        [
            0.3608393371105194,
            -0.7570458650588989,
            -0.1838047057390213
        ],
        [
            0.3604404628276825,
            -0.7580714225769043,
            -0.16942502558231354
        ],
        [
            0.3650451898574829,
            -0.770858108997345,
            -0.16255861520767212
        ],
        [
            0.3557888865470886,
            -0.7482056021690369,
            -0.1731715053319931
        ],
        [
            0.35447388887405396,
            -0.7467876076698303,
            -0.18496710062026978
        ],
        [
            0.3552149534225464,
            -0.7586208581924438,
            -0.15660029649734497
        ],
        [
            0.3567989766597748,
            -0.7694109678268433,
            -0.14851748943328857
        ],
        [
            0.3313421308994293,
            -0.7375843524932861,
            -0.13536372780799866
        ],
        [
            0.32590311765670776,
            -0.7393056154251099,
            -0.12577040493488312
        ],
        [
            0.33352959156036377,
            -0.7478604316711426,
            -0.13034750521183014
        ],
        [
            0.33615660667419434,
            -0.7441835403442383,
            -0.13965554535388947
        ],
        [
            0.31392520666122437,
            -0.7198951244354248,
            -0.1269610971212387
        ],
        [
            0.30968478322029114,
            -0.708511233329773,
            -0.1336340606212616
        ],
        [
            0.3004230856895447,
            -0.7071986198425293,
            -0.12414170801639557
        ],
        [
            0.3033018708229065,
            -0.7187265157699585,
            -0.11758700013160706
        ],
        [
            0.31149786710739136,
            -0.7101023197174072,
            -0.17575740814208984
        ],
        [
            0.31038564443588257,
            -0.7048165798187256,
            -0.16898606717586517
        ],
        [
            0.316106379032135,
            -0.7098311185836792,
            -0.16746357083320618
        ],
        [
            0.3161029815673828,
            -0.7147983312606812,
            -0.17436660826206207
        ],
        [
            0.3151710629463196,
            -0.7151122689247131,
            -0.189369797706604
        ],
        [
            0.31700652837753296,
            -0.7212756872177124,
            -0.18832755088806152
        ],
        [
            0.3193928003311157,
            -0.7217469215393066,
            -0.19597767293453217
        ],
        [
            0.3183019757270813,
            -0.7142412662506104,
            -0.19671650230884552
        ],
        [
            0.3053085207939148,
            -0.7068448066711426,
            -0.17849662899971008
        ],
        [
            0.30401790142059326,
            -0.7016149759292603,
            -0.17115998268127441
        ],
        [
            0.31293490529060364,
            -0.7141435146331787,
            -0.18191757798194885
        ],
        [
            0.31035497784614563,
            -0.7097712755203247,
            -0.18355001509189606
        ],
        [
            0.3114813566207886,
            -0.6987886428833008,
            -0.18975995481014252
        ],
        [
            0.314225971698761,
            -0.7030709981918335,
            -0.18902629613876343
        ],
        [
            0.3168938159942627,
            -0.7001307010650635,
            -0.1958020031452179
        ],
        [
            0.3125791549682617,
            -0.6964436769485474,
            -0.1949141025543213
        ],
        [
            0.3070940673351288,
            -0.7037191987037659,
            -0.18218740820884705
        ],
        [
            0.3108293414115906,
            -0.7041269540786743,
            -0.1841433048248291
        ],
        [
            0.30863428115844727,
            -0.7001274228096008,
            -0.1863022744655609
        ],
        [
            0.30455997586250305,
            -0.7007230520248413,
            -0.18510767817497253
        ],
        [
            0.31397712230682373,
            -0.7101683616638184,
            -0.19009776413440704
        ],
        [
            0.31760600209236145,
            -0.7075788378715515,
            -0.19672569632530212
        ],
        [
            0.32034361362457275,
            -0.7048035860061646,
            -0.20412735641002655
        ],
        [
            0.31803590059280396,
            -0.696135938167572,
            -0.20295193791389465
        ],
        [
            0.30523473024368286,
            -0.6967841386795044,
            -0.15301597118377686
        ],
        [
            0.3087806701660156,
            -0.7001861333847046,
            -0.1611388921737671
        ],
        [
            0.3028993606567383,
            -0.6972088813781738,
            -0.16393765807151794
        ],
        [
            0.3008477985858917,
            -0.694055438041687,
            -0.15709656476974487
        ],
        [
            0.3013255298137665,
            -0.7004222273826599,
            -0.18148228526115417
        ],
        [
            0.2943361699581146,
            -0.6876280307769775,
            -0.174291729927063
        ],
        [
            0.2968432307243347,
            -0.690377414226532,
            -0.1752457320690155
        ],
        [
            0.2961757183074951,
            -0.6893432140350342,
            -0.18242481350898743
        ],
        [
            0.29410192370414734,
            -0.6867904663085938,
            -0.1809302419424057
        ],
        [
            0.2946605682373047,
            -0.6906078457832336,
            -0.14041303098201752
        ],
        [
            0.2932194769382477,
            -0.6879197359085083,
            -0.14699691534042358
        ],
        [
            0.28790149092674255,
            -0.6842041611671448,
            -0.14335957169532776
        ],
        [
            0.28745704889297485,
            -0.6868968605995178,
            -0.1363706737756729
        ],
        [
            0.282497763633728,
            -0.6807851791381836,
            -0.1433042585849762
        ],
        [
            0.2802138328552246,
            -0.683203399181366,
            -0.13374483585357666
        ],
        [
            0.2666766345500946,
            -0.6732892990112305,
            -0.1371762901544571
        ],
        [
            0.27291420102119446,
            -0.6778345108032227,
            -0.1350490301847458
        ],
        [
            0.2771359086036682,
            -0.6766927242279053,
            -0.1451624035835266
        ],
        [
            0.27273982763290405,
            -0.6714680790901184,
            -0.1496533751487732
        ],
        [
            0.2734726071357727,
            -0.6713948249816895,
            -0.16469354927539825
        ],
        [
            0.2708570063114166,
            -0.669629693031311,
            -0.17035464942455292
        ],
        [
            0.26521411538124084,
            -0.6608957648277283,
            -0.16224917769432068
        ],
        [
            0.268642783164978,
            -0.6651125550270081,
            -0.1562439501285553
        ],
        [
            0.2883267402648926,
            -0.685896098613739,
            -0.17044301331043243
        ],
        [
            0.2889922857284546,
            -0.6872600317001343,
            -0.16582868993282318
        ],
        [
            0.2913481295108795,
            -0.6868759393692017,
            -0.1671917885541916
        ],
        [
            0.29160743951797485,
            -0.6860935688018799,
            -0.17247383296489716
        ],
        [
            0.2897457480430603,
            -0.6879356503486633,
            -0.16191476583480835
        ],
        [
            0.2900741994380951,
            -0.688086986541748,
            -0.16014394164085388
        ],
        [
            0.29144802689552307,
            -0.6882450580596924,
            -0.16129623353481293
        ],
        [
            0.2905048429965973,
            -0.6881355047225952,
            -0.16238784790039062
        ],
        [
            0.28956544399261475,
            -0.687698483467102,
            -0.16419383883476257
        ],
        [
            0.2880888879299164,
            -0.6860705018043518,
            -0.16468073427677155
        ],
        [
            0.2890789210796356,
            -0.6871005296707153,
            -0.16264253854751587
        ],
        [
            0.2872532904148102,
            -0.6839988231658936,
            -0.16874627768993378
        ],
        [
            0.2830463647842407,
            -0.6790134310722351,
            -0.18246163427829742
        ],
        [
            0.2849591076374054,
            -0.6796144247055054,
            -0.1785929799079895
        ],
        [
            0.28614914417266846,
            -0.6838433742523193,
            -0.18052035570144653
        ],
        [
            0.28468555212020874,
            -0.6835376024246216,
            -0.1839829683303833
        ],
        [
            0.2925103008747101,
            -0.6887376308441162,
            -0.16420182585716248
        ],
        [
            0.2947359085083008,
            -0.6898291110992432,
            -0.16224968433380127
        ],
        [
            0.2962592840194702,
            -0.6900608539581299,
            -0.16774742305278778
        ],
        [
            0.2936270534992218,
            -0.6885046362876892,
            -0.1676720380783081
        ],
        [
            0.29730555415153503,
            -0.6910452842712402,
            -0.16033817827701569
        ],
        [
            0.2930772304534912,
            -0.6893116235733032,
            -0.15946045517921448
        ],
        [
            0.294742614030838,
            -0.6899222731590271,
            -0.15702909231185913
        ],
        [
            0.28870466351509094,
            -0.6868059635162354,
            -0.1600927710533142
        ],
        [
            0.2883780896663666,
            -0.6862149834632874,
            -0.15668539702892303
        ],
        [
            0.29085874557495117,
            -0.6875060796737671,
            -0.1574595868587494
        ],
        [
            0.2855781614780426,
            -0.6836256980895996,
            -0.15764346718788147
        ],
        [
            0.2868397533893585,
            -0.6848984956741333,
            -0.16210027039051056
        ],
        [
            0.285406231880188,
            -0.6820419430732727,
            -0.16585028171539307
        ],
        [
            0.28388258814811707,
            -0.6790530681610107,
            -0.17083975672721863
        ],
        [
            0.28054898977279663,
            -0.6771317720413208,
            -0.16598014533519745
        ],
        [
            0.28303083777427673,
            -0.680264413356781,
            -0.1610144078731537
        ],
        [
            0.29902392625808716,
            -0.6934361457824707,
            -0.1669388711452484
        ],
        [
            0.2918313443660736,
            -0.6875980496406555,
            -0.15289829671382904
        ],
        [
            0.2976478636264801,
            -0.6918359994888306,
            -0.15189838409423828
        ],
        [
            0.28824615478515625,
            -0.6847217082977295,
            -0.15108531713485718
        ],
        [
            0.2842053771018982,
            -0.6817635297775269,
            -0.15137968957424164
        ],
        [
            0.2801143229007721,
            -0.6783015131950378,
            -0.15447606146335602
        ],
        [
            0.2767986059188843,
            -0.6745099425315857,
            -0.1592719852924347
        ],
        [
            0.2549123466014862,
            -0.6609904766082764,
            -0.15194466710090637
        ],
        [
            0.26056578755378723,
            -0.6659875512123108,
            -0.14512185752391815
        ],
        [
            0.3472040593624115,
            -0.7430258989334106,
            -0.18276840448379517
        ],
        [
            0.350070983171463,
            -0.7428991794586182,
            -0.17425137758255005
        ],
        [
            0.3427930474281311,
            -0.7401852011680603,
            -0.16904689371585846
        ],
        [
            0.3454376757144928,
            -0.7416677474975586,
            -0.16800756752490997
        ],
        [
            0.34485071897506714,
            -0.741462230682373,
            -0.17458109557628632
        ],
        [
            0.34245559573173523,
            -0.7398076057434082,
            -0.17371125519275665
        ],
        [
            0.3372581899166107,
            -0.7428065538406372,
            -0.14802579581737518
        ],
        [
            0.33821290731430054,
            -0.7417716979980469,
            -0.15480469167232513
        ],
        [
            0.3351686894893646,
            -0.7399842143058777,
            -0.1527864933013916
        ],
        [
            0.33385181427001953,
            -0.7380493879318237,
            -0.1444634050130844
        ],
        [
            0.33019721508026123,
            -0.730880081653595,
            -0.16017049551010132
        ],
        [
            0.33158209919929504,
            -0.733399510383606,
            -0.15544185042381287
        ],
        [
            0.33498814702033997,
            -0.7370637655258179,
            -0.16168031096458435
        ],
        [
            0.3340758979320526,
            -0.7351937890052795,
            -0.16513073444366455
        ],
        [
            0.33278197050094604,
            -0.734089732170105,
            -0.1690755933523178
        ],
        [
            0.33107712864875793,
            -0.7338863015174866,
            -0.17324939370155334
        ],
        [
            0.3276226222515106,
            -0.730299174785614,
            -0.1711166799068451
        ],
        [
            0.3289216458797455,
            -0.7300426363945007,
            -0.16574755311012268
        ],
        [
            0.34251099824905396,
            -0.7425156235694885,
            -0.18058174848556519
        ],
        [
            0.3377889096736908,
            -0.7431037425994873,
            -0.18608886003494263
        ],
        [
            0.33621689677238464,
            -0.7411928772926331,
            -0.1837543100118637
        ],
        [
            0.3404276371002197,
            -0.7403889894485474,
            -0.1792571097612381
        ],
        [
            0.32347217202186584,
            -0.7411301732063293,
            -0.1874903440475464
        ],
        [
            0.32636842131614685,
            -0.7420393824577332,
            -0.1877787709236145
        ],
        [
            0.32592347264289856,
            -0.7427664995193481,
            -0.19160650670528412
        ],
        [
            0.3220469057559967,
            -0.7401924133300781,
            -0.19059622287750244
        ],
        [
            0.321504682302475,
            -0.7376110553741455,
            -0.1879461407661438
        ],
        [
            0.323381632566452,
            -0.7394559383392334,
            -0.1861761063337326
        ],
        [
            0.3762357831001282,
            -0.789271354675293,
            -0.19183102250099182
        ],
        [
            0.3680872619152069,
            -0.7719672918319702,
            -0.1956586241722107
        ],
        [
            0.3737944960594177,
            -0.7894231081008911,
            -0.17121316492557526
        ],
        [
            0.3664163053035736,
            -0.7871874570846558,
            -0.15463294088840485
        ],
        [
            0.35752421617507935,
            -0.7818522453308105,
            -0.13953061401844025
        ],
        [
            0.29729345440864563,
            -0.6973817348480225,
            -0.132356196641922
        ],
        [
            0.28910738229751587,
            -0.6946137547492981,
            -0.12579065561294556
        ],
        [
            0.2908889353275299,
            -0.706600546836853,
            -0.11551881581544876
        ],
        [
            0.28094202280044556,
            -0.7021287679672241,
            -0.11168340593576431
        ],
        [
            0.27956828474998474,
            -0.6897209882736206,
            -0.1226019561290741
        ],
        [
            0.2599393129348755,
            -0.6782397031784058,
            -0.12668222188949585
        ],
        [
            0.26985910534858704,
            -0.6837553977966309,
            -0.12270728498697281
        ],
        [
            0.2697758078575134,
            -0.6979811787605286,
            -0.10963093489408493
        ],
        [
            0.2729077637195587,
            -0.7158362865447998,
            -0.09864769876003265
        ],
        [
            0.28288891911506653,
            -0.7162929177284241,
            -0.10332728177309036
        ],
        [
            0.27679282426834106,
            -0.7352471947669983,
            -0.09315816313028336
        ],
        [
            0.26012948155403137,
            -0.7170882225036621,
            -0.0942036584019661
        ],
        [
            0.2698237895965576,
            -0.7402795553207397,
            -0.09057597070932388
        ],
        [
            0.23594051599502563,
            -0.6895737648010254,
            -0.1013726219534874
        ],
        [
            0.23070131242275238,
            -0.6833615899085999,
            -0.09588266909122467
        ],
        [
            0.23361170291900635,
            -0.695554256439209,
            -0.08131039887666702
        ],
        [
            0.23937109112739563,
            -0.7017585039138794,
            -0.0866030901670456
        ],
        [
            0.29301607608795166,
            -0.7174315452575684,
            -0.10871528089046478
        ],
        [
            0.33710289001464844,
            -0.7601715326309204,
            -0.12734787166118622
        ],
        [
            0.3407173156738281,
            -0.7535242438316345,
            -0.1369493007659912
        ],
        [
            0.32769301533699036,
            -0.7530325651168823,
            -0.12103776633739471
        ],
        [
            0.36397305130958557,
            -0.8159996271133423,
            -0.1322880983352661
        ],
        [
            0.3682950437068939,
            -0.8021243214607239,
            -0.14432008564472198
        ],
        [
            0.3586132228374481,
            -0.7944399118423462,
            -0.13110995292663574
        ],
        [
            0.3564379811286926,
            -0.8083216547966003,
            -0.12121794372797012
        ],
        [
            0.37357616424560547,
            -0.8402776122093201,
            -0.169682115316391
        ],
        [
            0.3785732388496399,
            -0.8152161836624146,
            -0.18073350191116333
        ],
        [
            0.37446796894073486,
            -0.8098245859146118,
            -0.1635829210281372
        ],
        [
            0.37070903182029724,
            -0.8293389081954956,
            -0.15299350023269653
        ],
        [
            0.3505815267562866,
            -0.8175157308578491,
            -0.11324840784072876
        ],
        [
            0.34117233753204346,
            -0.83050936460495,
            -0.10342735797166824
        ],
        [
            0.3448021411895752,
            -0.8474819660186768,
            -0.10763360559940338
        ],
        [
            0.35686421394348145,
            -0.8334634900093079,
            -0.1211826354265213
        ],
        [
            0.34577175974845886,
            -0.8685586452484131,
            -0.11981434375047684
        ],
        [
            0.36060383915901184,
            -0.8520499467849731,
            -0.13624022901058197
        ],
        [
            0.2554309666156769,
            -0.7366687059402466,
            -0.0839448869228363
        ],
        [
            0.2650813162326813,
            -0.7529103755950928,
            -0.08632901310920715
        ],
        [
            0.24782975018024445,
            -0.7082263827323914,
            -0.09301993995904922
        ],
        [
            0.24684497714042664,
            -0.7239017486572266,
            -0.081079863011837
        ],
        [
            0.34174221754074097,
            -0.8861786127090454,
            -0.13613712787628174
        ],
        [
            0.36067336797714233,
            -0.8670310974121094,
            -0.1549214869737625
        ],
        [
            0.2942872941493988,
            -0.8469021320343018,
            -0.07892344892024994
        ],
        [
            0.31109553575515747,
            -0.8547551035881042,
            -0.08696141839027405
        ],
        [
            0.315518319606781,
            -0.8341225385665894,
            -0.08656057715415955
        ],
        [
            0.29941654205322266,
            -0.8298258781433105,
            -0.0791860893368721
        ],
        [
            0.2860974669456482,
            -0.8649190664291382,
            -0.0828884094953537
        ],
        [
            0.305248498916626,
