{
    "pred_cam": [
        1.231691598892212,
        -0.0022919755429029465,
        0.20755495131015778
    ],
    "pred_smpl_params": {
        "global_orient": [
            [
                [
                    0.9175876975059509,
                    0.24005787074565887,
                    0.3168676197528839
                ],
                [
                    0.229021817445755,
                    -0.9707381129264832,
                    0.07222495228052139
                ],
                [
                    0.32493364810943604,
                    0.006296868436038494,
                    -0.9457158446311951
                ]
            ]
        ],
        "body_pose": [
            [
                [
                    0.9912666082382202,
                    0.023318082094192505,
                    -0.12979528307914734
                ],
                [
                    0.004780940245836973,
                    0.9772412776947021,
                    0.21207687258720398
                ],
                [
                    0.1317865401506424,
                    -0.21084526181221008,
                    0.9685951471328735
                ]
            ],
            [
                [
                    0.9887628555297852,
                    0.1278219223022461,
                    -0.07752195745706558
                ],
                [
                    -0.11277958750724792,
                    0.9781902432441711,
                    0.17442667484283447
                ],
                [
                    0.09812676906585693,
                    -0.16372370719909668,
                    0.9816138744354248
                ]
            ],
            [
                [
                    0.9959476590156555,
                    -0.010859420523047447,
                    0.08927644044160843
                ],
                [
                    0.032068800181150436,
                    0.9703109860420227,
                    -0.2397252768278122
                ],
                [
                    -0.0840226262807846,
                    0.24161683022975922,
                    0.9667271971702576
                ]
            ],
            [
                [
                    0.9851415753364563,
                    -0.08789245039224625,
                    -0.1475502848625183
                ],
                [
                    -0.04353882744908333,
                    0.7032526731491089,
                    -0.7096056342124939
                ],
                [
                    0.1661340892314911,
                    0.7054861187934875,
                    0.6889767050743103
                ]
            ],
            [
                [
                    0.9918177723884583,
                    -0.12394843250513077,
                    0.03056460991501808
                ],
                [
                    0.11800612509250641,
                    0.7988026142120361,
                    -0.5899056792259216
                ],
                [
                    0.048702795058488846,
                    0.5886858105659485,
                    0.8068932890892029
                ]
            ],
            [
                [
                    0.9931188225746155,
                    0.04691074416041374,
                    0.10730481147766113
                ],
                [
                    -0.043984588235616684,
                    0.9985972046852112,
                    -0.02947692759335041
                ],
                [
                    -0.10853707790374756,
                    0.024554334580898285,
                    0.99378901720047
                ]
            ],
            [
                [
                    0.9882997274398804,
                    0.07925072312355042,
                    0.13031835854053497
                ],
                [
                    -0.09369388222694397,
                    0.9896478056907654,
                    0.1087135523557663
                ],
                [
                    -0.12035365402698517,
                    -0.11965162307024002,
                    0.9854939579963684
                ]
            ],
            [
                [
                    0.9826480746269226,
                    -0.10553307831287384,
                    -0.15253056585788727
                ],
                [
                    0.11161276698112488,
                    0.9932416081428528,
                    0.03183772787451744
                ],
                [
                    0.14813978970050812,
                    -0.04830963909626007,
                    0.987785816192627
                ]
            ],
            [
                [
                    0.9965972304344177,
                    0.0030044529121369123,
                    0.08237072825431824
                ],
                [
                    0.004727364517748356,
                    0.9956070780754089,
                    -0.09351052343845367
                ],
                [
                    -0.08228982985019684,
                    0.09358172863721848,
                    0.992205023765564
                ]
            ],
            [
                [
                    0.9804374575614929,
                    -0.1944531798362732,
                    0.03050096146762371
                ],
                [
                    0.18490396440029144,
                    0.9630248546600342,
                    0.1959429383277893
                ],
                [
                    -0.06747490912675858,
                    -0.18647006154060364,
                    0.9801408052444458
                ]
            ],
            [
                [
                    0.9780023097991943,
                    0.206749826669693,
                    -0.027676407247781754
                ],
                [
                    -0.19555416703224182,
                    0.954933762550354,
                    0.22329343855381012
                ],
                [
                    0.0725950226187706,
                    -0.21296927332878113,
                    0.9743582010269165
                ]
            ],
            [
                [
                    0.9955134391784668,
                    0.08602709323167801,
                    0.03940104693174362
                ],
                [
                    -0.0880049616098404,
                    0.9947845339775085,
                    0.05156398564577103
                ],
                [
                    -0.034759651869535446,
                    -0.0548001229763031,
                    0.9978922009468079
                ]
            ],
            [
                [
                    0.9160450100898743,
                    0.3993070721626282,
                    0.03762204200029373
                ],
                [
                    -0.3997292220592499,
                    0.9166239500045776,
                    0.00413350947201252
                ],
                [
                    -0.0328347273170948,
                    -0.01882511004805565,
                    0.999283492565155
                ]
            ],
            [
                [
                    0.8844462037086487,
                    -0.43961626291275024,
                    0.1565009504556656
                ],
                [
                    0.45162129402160645,
                    0.8908092379570007,
                    -0.04997136443853378
                ],
                [
                    -0.11744426190853119,
                    0.1148761510848999,
                    0.9864128828048706
                ]
            ],
            [
                [
                    0.9957625865936279,
                    0.06788934767246246,
                    0.062031667679548264
                ],
                [
                    -0.04571098834276199,
                    0.950705885887146,
                    -0.30670636892318726
                ],
                [
                    -0.0797959715127945,
                    0.30257120728492737,
                    0.9497806429862976
                ]
            ],
            [
                [
                    0.532547652721405,
                    0.8014331459999084,
                    -0.272209107875824
                ],
                [
                    -0.8366396427154541,
                    0.5471403002738953,
                    -0.025914285331964493
                ],
                [
                    0.1281680166721344,
                    0.2415415495634079,
                    0.9618890285491943
                ]
            ],
            [
                [
                    0.5595526099205017,
                    -0.7266852855682373,
                    0.3985339105129242
                ],
                [
                    0.8024348616600037,
                    0.5953201055526733,
                    -0.04113604873418808
                ],
                [
                    -0.2073623239994049,
                    0.3428153097629547,
                    0.9162304997444153
                ]
            ],
            [
                [
                    0.15581926703453064,
                    -0.3885948061943054,
                    -0.9081379771232605
                ],
                [
                    0.308361679315567,
                    0.8925579190254211,
                    -0.32901903986930847
                ],
                [
                    0.9384207129478455,
                    -0.22876740992069244,
                    0.25890547037124634
                ]
            ],
            [
                [
                    0.538235068321228,
                    0.21236467361450195,
                    0.8156006336212158
                ],
                [
                    0.046328600496053696,
                    0.9588149189949036,
                    -0.28022798895835876
                ],
                [
                    -0.8415204882621765,
                    0.18861418962478638,
                    0.5062292814254761
                ]
            ],
            [
                [
                    0.9897579550743103,
                    -0.1276957243680954,
                    -0.06382102519273758
                ],
                [
                    0.13295750319957733,
                    0.987346351146698,
                    0.08642611652612686
                ],
                [
                    0.05197720602154732,
                    -0.09402640908956528,
                    0.9942120313644409
                ]
            ],
            [
                [
                    0.9946345686912537,
                    0.09897327423095703,
                    0.030108369886875153
                ],
                [
                    -0.09749949723482132,
                    0.9941246509552002,
                    -0.04701057821512222
                ],
                [
                    -0.03458426520228386,
                    0.04382278770208359,
                    0.9984405636787415
                ]
            ],
            [
                [
                    0.9691957235336304,
                    0.2182336449623108,
                    -0.11416541785001755
                ],
                [
                    -0.20580366253852844,
                    0.9722387194633484,
                    0.11134025454521179
                ],
                [
                    0.13529424369335175,
                    -0.08441483229398727,
                    0.9872028827667236
                ]
            ],
            [
                [
                    0.97101229429245,
                    -0.23511505126953125,
                    0.04308319091796875
                ],
                [
                    0.22424112260341644,
                    0.9584317207336426,
                    0.1764218509197235
                ],
                [
                    -0.08277171850204468,
                    -0.1616467535495758,
                    0.9833714365959167
                ]
            ]
        ],
        "betas": [
            0.06617484986782074,
            0.28929972648620605,
            0.6537187099456787,
            2.2028746604919434,
            -0.030602753162384033,
            -0.05983050912618637,
            -0.08196181058883667,
            0.22413702309131622,
            0.12829533219337463,
            -0.01621749997138977
        ]
    },
    "pred_cam_t": [
        -0.0022919755429029465,
        0.20755495131015778,
        31.714513778686523
    ],
    "focal_length": [
        5000.0,
        5000.0
    ],
    "pred_keypoints_3d": [
        [
            0.3043243885040283,
            -0.7593069672584534,
            -0.20113012194633484
        ],
        [
            0.16283565759658813,
            -0.7446742057800293,
            -0.05990196019411087
        ],
        [
            -0.027013666927814484,
            -0.6686440110206604,
            -0.1340034455060959
        ],
        [
            -0.13571244478225708,
            -0.4496263265609741,
            -0.09217309951782227
        ],
        [
            -0.015350863337516785,
            -0.2379848062992096,
            -0.15372450649738312
        ],
        [
            0.26155704259872437,
            -0.6260687112808228,
            0.08330903202295303
        ],
        [
            0.19364884495735168,
            -0.39730799198150635,
            0.17610269784927368
        ],
        [
            0.3307229280471802,
            -0.27585411071777344,
            0.010826066136360168
        ],
        [
            -0.003668270306661725,
            -0.2456534504890442,
            0.02321906015276909
        ],
        [
            -0.08342171460390091,
            -0.17270055413246155,
            0.008569391444325447
        ],
        [
            -0.23176607489585876,
            0.16358080506324768,
            -0.07121767103672028
        ],
        [
            -0.3313245177268982,
            0.47986137866973877,
            0.13218717277050018
        ],
        [
            0.02921900525689125,
            -0.14303234219551086,
            0.050506070256233215
        ],
        [
            -0.004789359867572784,
            0.21492353081703186,
            -0.02132163941860199
        ],
        [
            -0.09962300211191177,
            0.5029237270355225,
            0.22191180288791656
        ],
        [
            0.28492671251296997,
            -0.818435788154602,
            -0.21112649142742157
        ],
        [
            0.3324800729751587,
            -0.8033624887466431,
            -0.1666068732738495
        ],
        [
            0.20012569427490234,
            -0.8689126968383789,
            -0.1703782081604004
        ],
        [
            0.30793750286102295,
            -0.8350618481636047,
            -0.07110825181007385
        ],
        [
            -0.11098714917898178,
            0.633033275604248,
            0.0705232322216034
        ],
        [
            -0.048484355211257935,
            0.6324977874755859,
            0.12896206974983215
        ],
        [
            -0.10357309877872467,
            0.5071138143539429,
            0.29111748933792114
        ],
        [
            -0.3387223482131958,
            0.5977252721786499,
            -0.030374616384506226
        ],
        [
            -0.41051483154296875,
            0.567825436592102,
            0.013996884226799011
        ],
        [
            -0.3451390862464905,
            0.49531126022338867,
            0.20208284258842468
        ],
        [
            -0.3392203450202942,
            0.42109936475753784,
            0.1327958106994629
        ],
        [
            -0.20744678378105164,
            0.10595535486936569,
            -0.06951724737882614
        ],
        [
            -0.1208852231502533,
            -0.31210970878601074,
            -0.00942742358893156
        ],
        [
            0.11677618324756622,
            -0.2332034409046173,
            0.08769531548023224
        ],
        [
            0.01091560535132885,
            0.17791318893432617,
            -0.01904083415865898
        ],
        [
            -0.0827237069606781,
            0.4642799198627472,
            0.22645556926727295
        ],
        [
            0.002908073365688324,
            -0.27207639813423157,
            -0.1535511612892151
        ],
        [
            -0.12809666991233826,
            -0.4616689682006836,
            -0.13113991916179657
        ],
        [
            0.014354639686644077,
            -0.6997337341308594,
            -0.12156601250171661
        ],
        [
            0.24766242504119873,
            -0.6619552969932556,
            0.05967188626527786
        ],
        [
            0.24256137013435364,
            -0.41768866777420044,
            0.170138418674469
        ],
        [
            0.33293983340263367,
            -0.29858121275901794,
            0.018585143610835075
        ],
        [
            0.16034477949142456,
            -0.7287245988845825,
            -0.05480159819126129
        ],
        [
            0.2946992516517639,
            -0.8842602372169495,
            -0.14572960138320923
        ],
        [
            -0.0018186678644269705,
            -0.2724185585975647,
            0.03915053606033325
        ],
        [
            0.1299198567867279,
            -0.6785078644752502,
            -0.03350190818309784
        ],
        [
            0.06574111431837082,
            -0.5248029828071594,
            0.013583032414317131
        ],
        [
            0.25514358282089233,
            -0.7767144441604614,
            -0.13498036563396454
        ],
        [
            0.2972327172756195,
            -0.905158519744873,
            -0.14774221181869507
        ]
    ],
    "pred_vertices": [
        [
            0.36541420221328735,
            -0.836829662322998,
            -0.17291823029518127
        ],
        [
            0.3569461703300476,
            -0.8232358694076538,
            -0.1771545708179474
        ],
        [
            0.35849443078041077,
            -0.8228403925895691,
            -0.16290783882141113
        ],
        [
            0.36367708444595337,
            -0.8348034620285034,
            -0.15544086694717407
        ],
        [
            0.35373353958129883,
            -0.8136874437332153,
            -0.1669909954071045
        ],
        [
            0.350874125957489,
            -0.8134191036224365,
            -0.17861106991767883
        ],
        [
            0.35494759678840637,
            -0.8221642374992371,
            -0.149337500333786
        ],
        [
            0.3572387397289276,
            -0.8317376375198364,
            -0.1404494345188141
        ],
        [
            0.33436569571495056,
            -0.7985846996307373,
            -0.12749363481998444
        ],
        [
            0.33013930916786194,
            -0.7988623380661011,
            -0.11704479157924652
        ],
        [
            0.3371807932853699,
            -0.8079889416694641,
            -0.12163496762514114
        ],
        [
            0.33853206038475037,
            -0.8057639002799988,
            -0.13164415955543518
        ],
        [
            0.31833451986312866,
            -0.7795276641845703,
            -0.11887101829051971
        ],
        [
            0.31328561902046204,
            -0.7689239978790283,
            -0.12604232132434845
        ],
        [
            0.3058253228664398,
            -0.765911340713501,
            -0.11543808877468109
        ],
        [
            0.30969327688217163,
            -0.7766545414924622,
            -0.10807488858699799
        ],
        [
            0.30962738394737244,
            -0.7755860090255737,
            -0.16801992058753967
        ],
        [
            0.30945736169815063,
            -0.769426703453064,
            -0.16165155172348022
        ],
        [
            0.3150869607925415,
            -0.7745647430419922,
            -0.1603478193283081
        ],
        [
            0.3141622543334961,
            -0.7802911996841431,
            -0.16669192910194397
        ],
        [
            0.3118327856063843,
            -0.7820652723312378,
            -0.1818150132894516
        ],
        [
            0.31345266103744507,
            -0.7882168889045715,
            -0.18016092479228973
        ],
        [
            0.31525036692619324,
            -0.789395809173584,
            -0.18814100325107574
        ],
        [
            0.3143795132637024,
            -0.7818299531936646,
            -0.18976710736751556
        ],
        [
            0.3034988343715668,
            -0.7721836566925049,
            -0.1705089807510376
        ],
        [
            0.3031995892524719,
            -0.7658441066741943,
            -0.16346651315689087
        ],
        [
            0.31030967831611633,
            -0.7803674936294556,
            -0.17404760420322418
        ],
        [
            0.3079254925251007,
            -0.7759162783622742,
            -0.17605805397033691
        ],
        [
            0.30889949202537537,
            -0.765339732170105,
            -0.18386107683181763
        ],
        [
            0.3115425705909729,
            -0.7696696519851685,
            -0.18300087749958038
        ],
        [
            0.3135749399662018,
            -0.7673307657241821,
            -0.19048811495304108
        ],
        [
            0.3094305992126465,
            -0.7634631991386414,
            -0.18949197232723236
        ],
        [
            0.30517518520355225,
            -0.7694283723831177,
            -0.17500893771648407
        ],
        [
            0.308759480714798,
            -0.7701587080955505,
            -0.17750415205955505
        ],
        [
            0.3064644932746887,
            -0.7662663459777832,
            -0.17981359362602234
        ],
        [
            0.3024883270263672,
            -0.7665740251541138,
            -0.17793156206607819
        ],
        [
            0.3110121488571167,
            -0.776953935623169,
            -0.18312713503837585
        ],
        [
            0.3140072822570801,
            -0.7750316262245178,
            -0.19058367609977722
        ],
        [
            0.31609633564949036,
            -0.7729490399360657,
            -0.19874794781208038
        ],
        [
            0.31397363543510437,
            -0.7639588117599487,
            -0.19825983047485352
        ],
        [
            0.30661454796791077,
            -0.7590606808662415,
            -0.14583410322666168
        ],
        [
            0.30904364585876465,
            -0.7636589407920837,
            -0.15409229695796967
        ],
        [
            0.3031342923641205,
            -0.7604144811630249,
            -0.15649721026420593
        ],
        [
            0.30211204290390015,
            -0.7562083005905151,
            -0.14968928694725037
        ],
        [
            0.29957136511802673,
            -0.7656179666519165,
            -0.17378751933574677
        ],
        [
            0.2935754656791687,
            -0.7512898445129395,
            -0.16685563325881958
        ],
        [
            0.2960757911205292,
            -0.754273533821106,
            -0.16795918345451355
        ],
        [
            0.2945280075073242,
            -0.7539612650871277,
            -0.1750764548778534
        ],
        [
            0.2924704849720001,
            -0.7511732578277588,
            -0.17345628142356873
        ],
        [
            0.29804813861846924,
            -0.7504991292953491,
            -0.132492333650589
        ],
        [
            0.29611891508102417,
            -0.7481871247291565,
            -0.13913284242153168
        ],
        [
            0.2913002073764801,
            -0.7436714172363281,
            -0.135024756193161
        ],
        [
            0.291443407535553,
            -0.7458974123001099,
            -0.1276766061782837
        ],
        [
            0.2857954502105713,
            -0.7399294376373291,
            -0.13437265157699585
        ],
        [
            0.28465375304222107,
            -0.7414283752441406,
            -0.124265655875206
        ],
        [
            0.27087029814720154,
            -0.7310330271720886,
            -0.12703070044517517
        ],
        [
            0.27720844745635986,
            -0.7358452081680298,
            -0.12515264749526978
        ],
        [
            0.28026652336120605,
            -0.7356741428375244,
            -0.13597165048122406
        ],
        [
            0.2754368782043457,
            -0.7306004762649536,
            -0.14044733345508575
        ],
        [
            0.2741090655326843,
            -0.732515811920166,
            -0.15562552213668823
        ],
        [
            0.2708720862865448,
            -0.7312184572219849,
            -0.16131582856178284
        ],
        [
            0.26666873693466187,
            -0.7211334705352783,
            -0.15331104397773743
        ],
        [
            0.2706773579120636,
            -0.7247890830039978,
            -0.14718349277973175
        ],
        [
            0.2879597544670105,
            -0.7488783001899719,
            -0.16218549013137817
        ],
        [
            0.289215624332428,
            -0.7497171759605408,
            -0.1575256586074829
        ],
        [
            0.2914440631866455,
            -0.7496165037155151,
            -0.15931612253189087
        ],
        [
            0.2909860908985138,
            -0.7494551539421082,
            -0.16467851400375366
        ],
        [
            0.2905309200286865,
            -0.7498829364776611,
            -0.15356525778770447
        ],
        [
            0.2911473214626312,
            -0.7498501539230347,
            -0.15181466937065125
        ],
        [
            0.2923838794231415,
            -0.7502638101577759,
            -0.15324166417121887
        ],
        [
            0.29132673144340515,
            -0.750201940536499,
            -0.15416721999645233
        ],
        [
            0.29007673263549805,
            -0.7499176263809204,
            -0.15584182739257812
        ],
        [
            0.28848958015441895,
            -0.7481874227523804,
            -0.15625159442424774
        ],
        [
            0.28970614075660706,
            -0.7490553259849548,
            -0.1542382687330246
        ],
        [
            0.28711721301078796,
            -0.7464709877967834,
            -0.16038796305656433
        ],
        [
            0.2810836434364319,
            -0.7432633638381958,
            -0.17417672276496887
        ],
        [
            0.2834905982017517,
            -0.743354320526123,
            -0.17040279507637024
        ],
        [
            0.28449440002441406,
            -0.7480158805847168,
            -0.172148659825325
        ],
        [
            0.2825615406036377,
            -0.7481280565261841,
            -0.17548905313014984
        ],
        [
            0.29313191771507263,
            -0.7511805295944214,
            -0.15634267032146454
        ],
        [
            0.29565057158470154,
            -0.7520845532417297,
            -0.1546134203672409
        ],
        [
            0.29648345708847046,
            -0.7529659271240234,
            -0.1603609174489975
        ],
        [
            0.2937561869621277,
            -0.7513406276702881,
            -0.16001567244529724
        ],
        [
            0.29843437671661377,
            -0.7532561421394348,
            -0.1528526395559311
        ],
        [
            0.2943265736103058,
            -0.7511274814605713,
            -0.1515035480260849
        ],
        [
            0.29626786708831787,
            -0.7515863180160522,
            -0.14924722909927368
        ],
        [
            0.289716511964798,
            -0.7484023571014404,
            -0.15164121985435486
        ],
        [
            0.2899642288684845,
            -0.7473242282867432,
            -0.14821608364582062
        ],
        [
            0.29234689474105835,
            -0.7489335536956787,
            -0.1492762267589569
        ],
        [
            0.28692424297332764,
            -0.7446548938751221,
            -0.14899083971977234
        ],
        [
            0.2874904274940491,
            -0.7465991973876953,
            -0.15354952216148376
        ],
        [
            0.28552937507629395,
            -0.7440099716186523,
            -0.15736697614192963
        ],
        [
            0.28329238295555115,
            -0.7416281700134277,
            -0.16242673993110657
        ],
        [
            0.2806283235549927,
            -0.7389082312583923,
            -0.1572483330965042
        ],
        [
            0.2838425040245056,
            -0.7415611743927002,
            -0.1523364931344986
        ],
        [
            0.29923322796821594,
            -0.756588339805603,
            -0.1596166044473648
        ],
        [
            0.2940044701099396,
            -0.7484396696090698,
            -0.14487415552139282
        ],
        [
            0.29974687099456787,
            -0.753049910068512,
            -0.14426754415035248
        ],
        [
            0.2907130718231201,
            -0.7450430393218994,
            -0.1427609771490097
        ],
        [
            0.28655245900154114,
            -0.7419105172157288,
            -0.14265969395637512
        ],
        [
            0.2818809151649475,
            -0.7385693192481995,
            -0.14556002616882324
        ],
        [
            0.2780050039291382,
            -0.7351869344711304,
            -0.15027925372123718
        ],
        [
            0.25759053230285645,
            -0.7201143503189087,
            -0.14166715741157532
        ],
        [
            0.2638395130634308,
            -0.7245140075683594,
            -0.13507534563541412
        ],
        [
            0.34387561678886414,
            -0.809909462928772,
            -0.17585119605064392
        ],
        [
            0.347850501537323,
            -0.8089159727096558,
            -0.16781897842884064
        ],
        [
            0.341135710477829,
            -0.8057712316513062,
            -0.16202685236930847
        ],
        [
            0.3439527750015259,
            -0.8070471286773682,
            -0.16114383935928345
        ],
        [
            0.3425007462501526,
            -0.807644248008728,
            -0.1676473170518875
        ],
        [
            0.34020525217056274,
            -0.8058907985687256,
            -0.1666262149810791
        ],
        [
            0.3386359214782715,
            -0.80552738904953,
            -0.14018628001213074
        ],
        [
            0.3386010229587555,
            -0.8054553270339966,
            -0.1471138894557953
        ],
        [
            0.335783451795578,
            -0.8033386468887329,
            -0.1448959857225418
        ],
        [
            0.33561593294143677,
            -0.8003586530685425,
            -0.13676618039608002
        ],
        [
            0.329863041639328,
            -0.794837236404419,
            -0.15253373980522156
        ],
        [
            0.33179545402526855,
            -0.7968981266021729,
            -0.14774329960346222
        ],
        [
            0.3345277011394501,
            -0.8012425899505615,
            -0.15393653512001038
        ],
        [
            0.33313632011413574,
            -0.7997945547103882,
            -0.15747563540935516
        ],
        [
            0.3313049077987671,
            -0.7992266416549683,
            -0.16137035191059113
        ],
        [
            0.32902073860168457,
            -0.7995582222938538,
            -0.16535472869873047
        ],
        [
            0.32593414187431335,
            -0.7955931425094604,
            -0.16317245364189148
        ],
        [
            0.3278889060020447,
            -0.7946786880493164,
            -0.15799084305763245
        ],
        [
            0.33949849009513855,
            -0.8093345761299133,
            -0.17315925657749176
        ],
        [
            0.3340378999710083,
            -0.8105194568634033,
            -0.1778714805841446
        ],
        [
            0.332870751619339,
            -0.8082805275917053,
            -0.17550136148929596
        ],
        [
            0.33753451704978943,
            -0.8070939183235168,
            -0.17172807455062866
        ],
        [
            0.3196941614151001,
            -0.8085234761238098,
            -0.17768330872058868
        ],
        [
            0.32251253724098206,
            -0.8096015453338623,
            -0.1781657189130783
        ],
        [
            0.3215084671974182,
            -0.8108292818069458,
            -0.18188969790935516
        ],
        [
            0.3178221583366394,
            -0.8078532814979553,
            -0.18074168264865875
        ],
        [
            0.31773966550827026,
            -0.8048250079154968,
            -0.1783222109079361
        ],
        [
            0.31985345482826233,
            -0.8065527677536011,
            -0.1765935868024826
        ],
        [
            0.37053799629211426,
            -0.8556354641914368,
            -0.18384237587451935
        ],
        [
            0.3616621494293213,
            -0.8397024273872375,
            -0.18799543380737305
        ],
        [
            0.37065231800079346,
            -0.8540019392967224,
            -0.16307948529720306
        ],
        [
            0.3654150366783142,
            -0.850313663482666,
            -0.1461469829082489
        ],
        [
            0.35905349254608154,
            -0.8433451652526855,
            -0.13046729564666748
        ],
        [
            0.30161184072494507,
            -0.7566878795623779,
            -0.1241564154624939
        ],
        [
            0.29432815313339233,
            -0.7527430057525635,
            -0.11667884886264801
        ],
        [
            0.29770857095718384,
            -0.7638108730316162,
            -0.10552982240915298
        ],
        [
            0.28813469409942627,
            -0.7582361698150635,
            -0.1005404144525528
        ],
        [
            0.2852124571800232,
            -0.7469581365585327,
            -0.11259067058563232
        ],
        [
            0.2650337219238281,
            -0.735375702381134,
            -0.11556726694107056
        ],
        [
            0.2754627764225006,
            -0.7407513856887817,
            -0.11204462498426437
        ],
        [
            0.27683526277542114,
            -0.7533831596374512,
            -0.09719827771186829
        ],
        [
            0.2814290225505829,
            -0.7701977491378784,
            -0.08458089083433151
        ],
        [
            0.2914379835128784,
            -0.7716600298881531,
            -0.09092583507299423
        ],
        [
            0.2853865325450897,
            -0.7893500924110413,
            -0.07716166973114014
        ],
        [
            0.2684028744697571,
            -0.7707950472831726,
            -0.07790270447731018
        ],
        [
            0.2781783938407898,
            -0.7939215898513794,
            -0.07266023755073547
        ],
        [
            0.24162143468856812,
            -0.7418866157531738,
            -0.08348002284765244
        ],
        [
            0.23618748784065247,
            -0.7339498400688171,
            -0.07678910344839096
        ],
        [
            0.2404760718345642,
            -0.7451192140579224,
            -0.06069000065326691
        ],
        [
            0.24648885428905487,
            -0.7528074979782104,
            -0.06730329990386963
        ],
        [
            0.3009840250015259,
            -0.7738726139068604,
            -0.09787420183420181
        ],
        [
            0.3409630358219147,
            -0.8196653127670288,
            -0.11776858568191528
        ],
        [
            0.34340548515319824,
            -0.8143947720527649,
            -0.12843865156173706
        ],
        [
            0.3324671983718872,
            -0.8119285106658936,
            -0.11109425127506256
        ],
        [
            0.3658827245235443,
            -0.8754249811172485,
            -0.12095480412244797
        ],
        [
            0.3685480058193207,
            -0.8636620044708252,
            -0.13475294411182404
        ],
        [
            0.3611404299736023,
            -0.8545357584953308,
            -0.12121890485286713
        ],
        [
            0.3602149188518524,
            -0.867057204246521,
            -0.10969072580337524
        ],
        [
            0.37006059288978577,
            -0.9032433032989502,
            -0.15704816579818726
        ],
        [
            0.3738560676574707,
            -0.8801157474517822,
            -0.1706346720457077
        ],
        [
            0.3717762529850006,
            -0.8732110261917114,
            -0.15408091247081757
        ],
        [
            0.3693498373031616,
            -0.8908188343048096,
            -0.1414726823568344
        ],
        [
            0.35522350668907166,
            -0.8750309944152832,
            -0.10053005814552307
        ],
        [
            0.34723466634750366,
            -0.8868094682693481,
            -0.08811832964420319
        ],
        [
            0.351626992225647,
            -0.9041622877120972,
            -0.09133128821849823
        ],
        [
            0.3608675003051758,
            -0.8909428119659424,
            -0.10762108117341995
        ],
        [
            0.3514280319213867,
            -0.9266939163208008,
            -0.10122164338827133
        ],
        [
            0.3630511462688446,
            -0.911682665348053,
            -0.12146331369876862
        ],
        [
            0.26412689685821533,
            -0.7893016338348389,
            -0.06423566490411758
        ],
        [
            0.2732662558555603,
            -0.805872917175293,
            -0.06622713804244995
        ],
        [
            0.25518184900283813,
            -0.7609275579452515,
            -0.07525351643562317
        ],
        [
            0.2551838457584381,
            -0.7753748893737793,
            -0.06089596077799797
        ],
        [
            0.3459492325782776,
            -0.947411298751831,
            -0.11509429663419724
        ],
        [
            0.3608532249927521,
            -0.928863525390625,
            -0.13881917297840118
        ],
        [
            0.3040230870246887,
            -0.9000962972640991,
            -0.05439234524965286
        ],
        [
            0.32016226649284363,
            -0.9087533950805664,
            -0.06423167884349823
        ],
        [
            0.3237703740596771,
            -0.8883107900619507,
            -0.06704137474298477
        ],
        [
            0.3084494471549988,
            -0.88309645652771,
            -0.057448700070381165
        ],
        [
            0.2956046462059021,
            -0.9179475903511047,
            -0.05509626865386963
        ],
        [
            0.314312219619751,
