{
    "pred_cam": [
        1.5853643417358398,
        0.10998617857694626,
        0.2893727719783783
    ],
    "pred_smpl_params": {
        "global_orient": [
            [
                [
                    -0.306808203458786,
                    -0.022486455738544464,
                    -0.951505720615387
                ],
                [
                    0.33202463388442993,
                    -0.939445972442627,
                    -0.08485820889472961
                ],
                [
                    -0.891979992389679,
                    -0.34195852279663086,
                    0.29569578170776367
                ]
            ]
        ],
        "body_pose": [
            [
                [
                    0.989592969417572,
                    0.10542894154787064,
                    0.09793117642402649
                ],
                [
                    -0.13302046060562134,
                    0.9298028945922852,
                    0.34317922592163086
                ],
                [
                    -0.05487567186355591,
                    -0.35263460874557495,
                    0.9341506361961365
                ]
            ],
            [
                [
                    0.9754360318183899,
                    0.22025252878665924,
                    -0.003664557356387377
                ],
                [
                    -0.2123509794473648,
                    0.9446060061454773,
                    0.2502530515193939
                ],
                [
                    0.0585804283618927,
                    -0.24332766234874725,
                    0.9681735634803772
                ]
            ],
            [
                [
                    0.9939810633659363,
                    -0.08095256984233856,
                    0.07381315529346466
                ],
                [
                    0.10221628844738007,
                    0.9277185797691345,
                    -0.3590126633644104
                ],
                [
                    -0.039414841681718826,
                    0.3643966615200043,
                    0.9304093718528748
                ]
            ],
            [
                [
                    0.9544908404350281,
                    0.2618698179721832,
                    0.14272812008857727
                ],
                [
                    -0.237813338637352,
                    0.9570841193199158,
                    -0.16563445329666138
                ],
                [
                    -0.17997747659683228,
                    0.12415391951799393,
                    0.9758041501045227
                ]
            ],
            [
                [
                    0.985526442527771,
                    0.12832126021385193,
                    0.11077606678009033
                ],
                [
                    -0.12625855207443237,
                    0.9916704297065735,
                    -0.025468003004789352
                ],
                [
                    -0.11312142759561539,
                    0.011112963780760765,
                    0.9935190677642822
                ]
            ],
            [
                [
                    0.9951374530792236,
                    -0.06658992916345596,
                    0.0725749284029007
                ],
                [
                    0.06795529276132584,
                    0.9975517988204956,
                    -0.016506483778357506
                ],
                [
                    -0.07129808515310287,
                    0.021358074620366096,
                    0.9972262978553772
                ]
            ],
            [
                [
                    0.9915103912353516,
                    0.02006314881145954,
                    0.12847024202346802
                ],
                [
                    -0.0222872793674469,
                    0.9996252059936523,
                    0.01589801535010338
                ],
                [
                    -0.1281031221151352,
                    -0.018626296892762184,
                    0.991585910320282
                ]
            ],
            [
                [
                    0.987848162651062,
                    -0.04807981103658676,
                    -0.14779780805110931
                ],
                [
                    0.04306602105498314,
                    0.9983890652656555,
                    -0.03694004565477371
                ],
                [
                    0.14933578670024872,
                    0.030126098543405533,
                    0.9883273839950562
                ]
            ],
            [
                [
                    0.9980741143226624,
                    -0.03116588480770588,
                    0.05363478884100914
                ],
                [
                    0.03652496635913849,
                    0.994110643863678,
                    -0.10202860832214355
                ],
                [
                    -0.050139110535383224,
                    0.10379113256931305,
                    0.9933344125747681
                ]
            ],
            [
                [
                    0.9950345158576965,
                    -0.06300106644630432,
                    0.0770527794957161
                ],
                [
                    0.06559890508651733,
                    0.9973437190055847,
                    -0.031659793108701706
                ],
                [
                    -0.07485350221395493,
                    0.036557164043188095,
                    0.9965242147445679
                ]
            ],
            [
                [
                    0.9957028031349182,
                    0.07779230922460556,
                    -0.05024087801575661
                ],
                [
                    -0.07508841156959534,
                    0.9957334995269775,
                    0.05363423377275467
                ],
                [
                    0.05419884994626045,
                    -0.049631256610155106,
                    0.9972959160804749
                ]
            ],
            [
                [
                    0.998803973197937,
                    -0.048671722412109375,
                    0.004648369736969471
                ],
                [
                    0.04887084662914276,
                    0.990950882434845,
                    -0.12501145899295807
                ],
                [
                    0.0014782182406634092,
                    0.1250891238451004,
                    0.9921442866325378
                ]
            ],
            [
                [
                    0.9146865010261536,
                    0.3731611669063568,
                    -0.15523943305015564
                ],
                [
                    -0.37665480375289917,
                    0.9263242483139038,
                    0.007389787584543228
                ],
                [
                    0.14655962586402893,
                    0.05171233415603638,
                    0.987849235534668
                ]
            ],
            [
                [
                    0.8642899394035339,
                    -0.35088402032852173,
                    0.3603931963443756
                ],
                [
                    0.3564377725124359,
                    0.932793140411377,
                    0.05337678641080856
                ],
                [
                    -0.35490137338638306,
                    0.08232472836971283,
                    0.931272029876709
                ]
            ],
            [
                [
                    0.9990130662918091,
                    -0.009472469799220562,
                    -0.04339491203427315
                ],
                [
                    -0.008383424952626228,
                    0.9192217588424683,
                    -0.39365100860595703
                ],
                [
                    0.04361839219927788,
                    0.39362630248069763,
                    0.9182351231575012
                ]
            ],
            [
                [
                    0.5029214024543762,
                    0.8152698278427124,
                    -0.28706303238868713
                ],
                [
                    -0.8405441641807556,
                    0.538700520992279,
                    0.05733468756079674
                ],
                [
                    0.2013842612504959,
                    0.21245431900024414,
                    0.9561943411827087
                ]
            ],
            [
                [
                    0.4869762063026428,
                    -0.6954573392868042,
                    0.5283875465393066
                ],
                [
                    0.7452302575111389,
                    0.6463513970375061,
                    0.16389568150043488
                ],
                [
                    -0.45550647377967834,
                    0.3139570951461792,
                    0.8330336213111877
                ]
            ],
            [
                [
                    0.8179172277450562,
                    -0.12118097394704819,
                    -0.5624290704727173
                ],
                [
                    0.08720056712627411,
                    0.9923839569091797,
                    -0.0870068296790123
                ],
                [
                    0.5686891674995422,
                    0.022120235487818718,
                    0.8222549557685852
                ]
            ],
            [
                [
                    0.7154061198234558,
                    0.10787645727396011,
                    0.6903309226036072
                ],
                [
                    -0.04543182998895645,
                    0.9931005239486694,
                    -0.10810752958059311
                ],
                [
                    -0.6972302794456482,
                    0.045977797359228134,
                    0.7153711915016174
                ]
            ],
            [
                [
                    0.9977349042892456,
                    -0.06372395902872086,
                    -0.02154906839132309
                ],
                [
                    0.06581772863864899,
                    0.9909465909004211,
                    0.11701680719852448
                ],
                [
                    0.013897200115025043,
                    -0.11817006021738052,
                    0.9928961396217346
                ]
            ],
            [
                [
                    0.9930671453475952,
                    0.10286988317966461,
                    0.05688132345676422
                ],
                [
                    -0.10576862096786499,
                    0.9931057095527649,
                    0.050537969917058945
                ],
                [
                    -0.05129032954573631,
                    -0.05620385333895683,
                    0.9971010684967041
                ]
            ],
            [
                [
                    0.9759091138839722,
                    0.185464009642601,
                    -0.11491090804338455
                ],
                [
                    -0.16801095008850098,
                    0.9748388528823853,
                    0.14649713039398193
                ],
                [
                    0.13918958604335785,
                    -0.1236615926027298,
                    0.9825140833854675
                ]
            ],
            [
                [
                    0.9813481569290161,
                    -0.17547811567783356,
                    0.07850625365972519
                ],
                [
                    0.16048264503479004,
                    0.9726395010948181,
                    0.1679813414812088
                ],
                [
                    -0.10583532601594925,
                    -0.1522492915391922,
                    0.9826591610908508
                ]
            ]
        ],
        "betas": [
            -0.17725002765655518,
            0.12940318882465363,
            0.3202429711818695,
            1.074355125427246,
            0.20342908799648285,
            0.03969636932015419,
            -0.09520450234413147,
            0.014609023928642273,
            0.09000388532876968,
            -0.0743834376335144
        ]
    },
    "pred_cam_t": [
        0.10998617857694626,
        0.2893727719783783,
        24.639446258544922
    ],
    "focal_length": [
        5000.0,
        5000.0
    ],
    "pred_keypoints_3d": [
        [
            -0.3091990351676941,
            -0.6993522047996521,
            -0.005243044346570969
        ],
        [
            -0.12899543344974518,
            -0.7155981063842773,
            -0.04826580360531807
        ],
        [
            -0.07927713543176651,
            -0.6283107399940491,
            0.1314697563648224
        ],
        [
            -0.08353938162326813,
            -0.38161998987197876,
            0.16295281052589417
        ],
        [
            -0.2551243305206299,
            -0.20901770889759064,
            0.1059446707367897
        ],
        [
            -0.13249994814395905,
            -0.6008694767951965,
            -0.21701866388320923
        ],
        [
            -0.05684470385313034,
            -0.35741671919822693,
            -0.23584187030792236
        ],
        [
            -0.14529232680797577,
            -0.1340028941631317,
            -0.19084972143173218
        ],
        [
            -0.0024979696609079838,
            -0.23182635009288788,
            0.02519853785634041
        ],
        [
            0.024808259680867195,
            -0.16859328746795654,
            0.11199469864368439
        ],
        [
            -0.009021313861012459,
            0.11055755615234375,
            0.3604375123977661
        ],
        [
            -0.0073171984404325485,
            0.4102477729320526,
            0.6076688170433044
        ],
        [
            -0.013285566121339798,
            -0.12371581792831421,
            -0.0054048802703619
        ],
        [
            -0.12294699251651764,
            0.18806681036949158,
            0.15384666621685028
        ],
        [
            -0.11427967250347137,
            0.4549347460269928,
            0.4357755184173584
        ],
        [
            -0.30663567781448364,
            -0.7541265487670898,
            0.02391994744539261
        ],
        [
            -0.3250572979450226,
            -0.7473293542861938,
            -0.0396670438349247
        ],
        [
            -0.22445717453956604,
            -0.8161179423332214,
            0.03907672315835953
        ],
        [
            -0.2648681700229645,
            -0.8012390732765198,
            -0.10390519350767136
        ],
        [
            -0.311353474855423,
            0.47834622859954834,
            0.46756303310394287
        ],
        [
            -0.2639748454093933,
            0.5312430262565613,
            0.42518293857574463
        ],
        [
            -0.060017965734004974,
            0.48683473467826843,
            0.4581436812877655
        ],
        [
            -0.19271095097064972,
            0.3967799246311188,
            0.6808258295059204
        ],
        [
            -0.12144773453474045,
            0.3709651231765747,
            0.7265101075172424
        ],
        [
            0.043834228068590164,
            0.45550939440727234,
            0.624500036239624
        ],
        [
            0.02870495244860649,
            0.36713701486587524,
            0.5833898186683655
        ],
        [
            -0.004394269548356533,
            0.059937573969364166,
            0.316788911819458
        ],
        [
            0.051448799669742584,
            -0.30857598781585693,
            0.13418711721897125
        ],
        [
            -0.019084006547927856,
            -0.19717372953891754,
            -0.11589585244655609
        ],
        [
            -0.11615069955587387,
            0.15730132162570953,
            0.12220623344182968
        ],
        [
            -0.08803745359182358,
            0.4387708306312561,
            0.4048788249492645
        ],
        [
            -0.2623283863067627,
            -0.24470582604408264,
            0.09764192998409271
        ],
        [
            -0.10955134779214859,
            -0.40254223346710205,
            0.1822481006383896
        ],
        [
            -0.09048467129468918,
            -0.6598165035247803,
            0.09554718434810638
        ],
        [
            -0.13038183748722076,
            -0.6366038918495178,
            -0.19293995201587677
        ],
        [
            -0.10036337375640869,
            -0.37166741490364075,
            -0.2576044499874115
        ],
        [
            -0.1573881208896637,
            -0.1506364643573761,
            -0.19671881198883057
        ],
        [
            -0.1362116038799286,
            -0.6990480422973633,
            -0.04977165535092354
        ],
        [
            -0.2948398292064667,
            -0.8331203460693359,
            -0.023808050900697708
        ],
        [
            0.01577269844710827,
            -0.25357574224472046,
            0.008666271343827248
        ],
        [
            -0.10992926359176636,
            -0.6461664438247681,
            -0.04656173288822174
        ],
        [
            -0.02461247146129608,
            -0.49398693442344666,
            -0.043382447212934494
        ],
        [
            -0.24221886694431305,
            -0.7316288948059082,
            -0.032152432948350906
        ],
        [
            -0.3009885251522064,
            -0.8520085215568542,
            -0.019585052505135536
        ]
    ],
    "pred_vertices": [
        [
            -0.36218762397766113,
            -0.779370129108429,
            -0.04489164054393768
        ],
        [
            -0.35507047176361084,
            -0.7644040584564209,
            -0.03960862755775452
        ],
        [
            -0.3492724299430847,
            -0.7673856616020203,
            -0.052786506712436676
        ],
        [
            -0.35197436809539795,
            -0.7811051607131958,
            -0.05889172479510307
        ],
        [
            -0.34567683935165405,
            -0.7571959495544434,
            -0.04873175919055939
        ],
        [
            -0.3484927713871002,
            -0.7543542385101318,
            -0.037747010588645935
        ],
        [
            -0.3396676778793335,
            -0.7696477770805359,
            -0.06274605542421341
        ],
        [
            -0.33897295594215393,
            -0.7811239957809448,
            -0.06931141018867493
        ],
        [
            -0.3082057535648346,
            -0.7520227432250977,
            -0.07470874488353729
        ],
        [
            -0.2999151051044464,
            -0.7549183368682861,
            -0.08156751841306686
        ],
        [
            -0.30984240770339966,
            -0.7625199556350708,
            -0.0797453224658966
        ],
        [
            -0.3151264190673828,
            -0.7578868269920349,
            -0.07243604212999344
        ],
        [
            -0.2874789237976074,
            -0.7364962100982666,
            -0.07726296037435532
        ],
        [
            -0.28499990701675415,
            -0.7246542572975159,
            -0.07060710340738297
        ],
        [
            -0.2727643549442291,
            -0.7247539758682251,
            -0.0763460174202919
        ],
        [
            -0.2740322947502136,
            -0.7369962930679321,
            -0.082427978515625
        ],
        [
            -0.30204707384109497,
            -0.7210549116134644,
            -0.03207147493958473
        ],
        [
            -0.2983909845352173,
            -0.7164483070373535,
            -0.03851034864783287
        ],
        [
            -0.3035368323326111,
            -0.7214528322219849,
            -0.04158463329076767
        ],
        [
            -0.3062734305858612,
            -0.7257265448570251,
            -0.0347694493830204
        ],
        [
            -0.3106744885444641,
            -0.7245528697967529,
            -0.02104320377111435
        ],
        [
            -0.3124985694885254,
            -0.7307136058807373,
            -0.022274933755397797
        ],
        [
            -0.3175663948059082,
            -0.7301682233810425,
            -0.016068752855062485
        ],
        [
            -0.3161809742450714,
            -0.7227027416229248,
            -0.015538852661848068
        ],
        [
            -0.29704204201698303,
            -0.7176839113235474,
            -0.027470551431179047
        ],
        [
            -0.2929931581020355,
            -0.7131245136260986,
            -0.034408897161483765
        ],
        [
            -0.3057674169540405,
            -0.7245157957077026,
            -0.02658606693148613
        ],
        [
            -0.30377060174942017,
            -0.7199083566665649,
            -0.02497994154691696
        ],
        [
            -0.3061215281486511,
            -0.7084721326828003,
            -0.020440880209207535
        ],
        [
            -0.30875512957572937,
            -0.7127436399459839,
            -0.021719396114349365
        ],
        [
            -0.3134218454360962,
            -0.708899974822998,
            -0.016963783651590347
        ],
        [
            -0.3088341951370239,
            -0.7056049108505249,
            -0.01640339195728302
        ],
        [
            -0.2998044490814209,
            -0.7141844630241394,
            -0.025578491389751434
        ],
        [
            -0.30393528938293457,
            -0.7143247127532959,
            -0.025077469646930695
        ],
        [
            -0.3023720681667328,
            -0.7101713418960571,
            -0.022683463990688324
        ],
        [
            -0.2983068823814392,
            -0.7109606266021729,
            -0.022295892238616943
        ],
        [
            -0.30947601795196533,
            -0.7194295525550842,
            -0.02045358344912529
        ],
        [
            -0.3149915933609009,
            -0.7160602807998657,
            -0.015848606824874878
        ],
        [
            -0.3198806643486023,
            -0.7123958468437195,
            -0.010321587324142456
        ],
        [
            -0.3167203664779663,
            -0.7040948867797852,
            -0.011287618428468704
        ],
        [
            -0.2871326208114624,
            -0.710355281829834,
            -0.0523243322968483
        ],
        [
            -0.29363492131233215,
            -0.7126281261444092,
            -0.045790478587150574
        ],
        [
            -0.28911155462265015,
            -0.7093863487243652,
            -0.04133076220750809
        ],
        [
            -0.28448057174682617,
            -0.7070409059524536,
            -0.04731012135744095
        ],
        [
            -0.29400157928466797,
            -0.7110854983329773,
            -0.0245758518576622
        ],
        [
            -0.2838548719882965,
            -0.6995878219604492,
            -0.0301307775080204
        ],
        [
            -0.2868499755859375,
            -0.7020494341850281,
            -0.029890596866607666
        ],
        [
            -0.28863808512687683,
            -0.7003784775733948,
            -0.023116759955883026
        ],
        [
            -0.2859092950820923,
            -0.6981443762779236,
            -0.02397874742746353
        ],
        [
            -0.27222856879234314,
            -0.7060576677322388,
            -0.06089090183377266
        ],
        [
            -0.2732619345188141,
            -0.7023686766624451,
            -0.054579995572566986
        ],
        [
            -0.2666281461715698,
            -0.6994543075561523,
            -0.05644463002681732
        ],
        [
            -0.2637198865413666,
            -0.7032275795936584,
            -0.06251406669616699
        ],
        [
            -0.2613585293292999,
            -0.6964292526245117,
            -0.054819971323013306
        ],
        [
            -0.2559087872505188,
            -0.7000664472579956,
            -0.0627468004822731
        ],
        [
            -0.244083434343338,
            -0.6904285550117493,
            -0.05549554526805878
        ],
        [
            -0.249258890748024,
            -0.6949731707572937,
            -0.059373583644628525
        ],
        [
            -0.2567749321460724,
            -0.6925138235092163,
            -0.05144639313220978
        ],
        [
            -0.2539886236190796,
            -0.6872503757476807,
            -0.046024251729249954
        ],
        [
            -0.25967252254486084,
            -0.6856441497802734,
            -0.03251112625002861
        ],
        [
            -0.25920721888542175,
            -0.68346107006073,
            -0.026374220848083496
        ],
        [
            -0.2506314814090729,
            -0.6759389042854309,
            -0.03273522108793259
        ],
        [
            -0.2520754039287567,
            -0.6806010007858276,
            -0.0389411561191082
        ],
        [
            -0.27650928497314453,
            -0.6988227367401123,
            -0.030988004058599472
        ],
        [
            -0.27565115690231323,
            -0.7004462480545044,
            -0.03543497622013092
        ],
        [
            -0.278332382440567,
            -0.6997830867767334,
            -0.03511082008481026
        ],
        [
            -0.2802857756614685,
            -0.6985929608345032,
            -0.03036176785826683
        ],
        [
            -0.2751438021659851,
            -0.7011411190032959,
            -0.03948032483458519
        ],
        [
            -0.27488765120506287,
            -0.7013792991638184,
            -0.04126770794391632
        ],
        [
            -0.27659377455711365,
            -0.7013802528381348,
            -0.0406518392264843
        ],
        [
            -0.2759612798690796,
            -0.7012009620666504,
            -0.039392586797475815
        ],
        [
            -0.2756335735321045,
            -0.7007496356964111,
            -0.037351302802562714
        ],
        [
            -0.27420884370803833,
            -0.6993231177330017,
            -0.036410700529813766
        ],
        [
            -0.2746380567550659,
            -0.7003854513168335,
            -0.03856896981596947
        ],
        [
            -0.27463069558143616,
            -0.6970632076263428,
            -0.03248218074440956
        ],
        [
            -0.27549174427986145,
            -0.691093921661377,
            -0.019237209111452103
        ],
        [
            -0.2756827473640442,
            -0.6921012997627258,
            -0.022794563323259354
        ],
        [
            -0.27781182527542114,
            -0.6959939002990723,
            -0.021086420863866806
        ],
        [
            -0.2778792679309845,
            -0.69529128074646,
            -0.01810300350189209
        ],
        [
            -0.27869635820388794,
            -0.7014439702033997,
            -0.03889511153101921
        ],
        [
            -0.2802429795265198,
            -0.702735960483551,
            -0.040698569267988205
        ],
        [
            -0.28357791900634766,
            -0.7025073170661926,
            -0.03603675216436386
        ],
        [
            -0.28085970878601074,
            -0.7011963129043579,
            -0.03528472036123276
        ],
        [
            -0.28210344910621643,
            -0.7039207220077515,
            -0.0433519072830677
        ],
        [
            -0.27765151858329773,
            -0.7024603486061096,
            -0.04285386949777603
        ],
        [
            -0.27860376238822937,
            -0.7030391693115234,
            -0.046136483550071716
        ],
        [
            -0.2734200358390808,
            -0.700272262096405,
            -0.0409121997654438
        ],
        [
            -0.2719399034976959,
            -0.6999508738517761,
            -0.04408382996916771
        ],
        [
            -0.2747163772583008,
            -0.7009047269821167,
            -0.044151872396469116
        ],
        [
            -0.26931700110435486,
            -0.6976316571235657,
            -0.042323168367147446
        ],
        [
            -0.27210190892219543,
            -0.6984944343566895,
            -0.03840562701225281
        ],
        [
            -0.2717830240726471,
            -0.6955403685569763,
            -0.034614644944667816
        ],
        [
            -0.27187681198120117,
            -0.6923013925552368,
            -0.02970845252275467
        ],
        [
            -0.2669421434402466,
            -0.6909601092338562,
            -0.03320824354887009
        ],
        [
            -0.2677731513977051,
            -0.6943380236625671,
            -0.03843941166996956
        ],
        [
            -0.28634342551231384,
            -0.7055555582046509,
            -0.0379938930273056
        ],
        [
            -0.27410954236984253,
            -0.7012805342674255,
            -0.04873526096343994
        ],
        [
            -0.27949702739715576,
            -0.7053756713867188,
            -0.05123898759484291
        ],
        [
            -0.26981839537620544,
            -0.6988941431045532,
            -0.04940948262810707
        ],
        [
            -0.26576414704322815,
            -0.696378231048584,
            -0.04791594669222832
        ],
        [
            -0.26293671131134033,
            -0.6930817365646362,
            -0.04361245781183243
        ],
        [
            -0.2610158324241638,
            -0.6890476942062378,
            -0.0384395569562912
        ],
        [
            -0.2377108931541443,
            -0.6772487163543701,
            -0.0385851114988327
        ],
        [
            -0.24094703793525696,
            -0.6827159523963928,
            -0.04636586830019951
        ],
        [
            -0.34039226174354553,
            -0.7514339685440063,
            -0.036879152059555054
        ],
        [
            -0.339996337890625,
            -0.7522085905075073,
            -0.04605595022439957
        ],
        [
            -0.33110275864601135,
            -0.7502351999282837,
            -0.04815790802240372
        ],
        [
            -0.3332383632659912,
            -0.7518562078475952,
            -0.049281343817710876
        ],
        [
            -0.3352365493774414,
            -0.7507588267326355,
            -0.04378027468919754
        ],
        [
            -0.33239126205444336,
            -0.7491804361343384,
            -0.04376894235610962
        ],
        [
            -0.3187929093837738,
            -0.7554568648338318,
            -0.06531504541635513
        ],
        [
            -0.321868896484375,
            -0.7536764740943909,
            -0.059461429715156555
        ],
        [
            -0.31828027963638306,
            -0.7521833181381226,
            -0.06031850725412369
        ],
        [
            -0.31395694613456726,
            -0.7512046694755554,
            -0.06762520223855972
        ],
        [
            -0.3154193162918091,
            -0.7426486015319824,
            -0.05239793658256531
        ],
        [
            -0.3153650164604187,
            -0.7455379962921143,
            -0.05707907676696777
        ],
        [
            -0.32095590233802795,
            -0.7483127117156982,
            -0.05228101462125778
        ],
        [
            -0.3211425840854645,
            -0.7461674213409424,
            -0.048961929976940155
        ],
        [
            -0.3211134076118469,
            -0.7447713017463684,
            -0.04500008746981621
        ],
        [
            -0.3211055397987366,
            -0.7442128658294678,
            -0.04048875346779823
        ],
        [
            -0.31681007146835327,
            -0.7409974336624146,
            -0.041693441569805145
        ],
        [
            -0.3160496950149536,
            -0.7412786483764648,
            -0.047027338296175
        ],
        [
            -0.33530062437057495,
            -0.7510480880737305,
            -0.037216536700725555
        ],
        [
            -0.33290934562683105,
            -0.7514140009880066,
            -0.030178479850292206
        ],
        [
            -0.3303551971912384,
            -0.7497317790985107,
            -0.03219565749168396
        ],
        [
            -0.3325895667076111,
            -0.749035120010376,
            -0.03794538602232933
        ],
        [
            -0.31969907879829407,
            -0.7502331733703613,
            -0.023963455110788345
        ],
        [
            -0.32260239124298096,
            -0.7509039640426636,
            -0.024649083614349365
        ],
        [
            -0.3235962390899658,
            -0.7513344287872314,
            -0.020797990262508392
        ],
        [
            -0.31941482424736023,
            -0.7490653395652771,
            -0.020597267895936966
        ],
        [
            -0.3176259994506836,
            -0.7467816472053528,
            -0.023318644613027573
        ],
        [
            -0.3188645839691162,
            -0.7486749887466431,
            -0.02544930949807167
        ],
        [
            -0.37501734495162964,
            -0.7958518266677856,
            -0.033731382340192795
        ],
        [
            -0.3674789071083069,
            -0.7787439823150635,
            -0.02964993193745613
        ],
        [
            -0.3648110330104828,
            -0.7989022731781006,
            -0.05176504701375961
        ],
        [
            -0.3519901633262634,
            -0.7989256381988525,
            -0.06471721082925797
        ],
        [
            -0.33790314197540283,
            -0.7949652671813965,
            -0.07586653530597687
        ],
        [
            -0.2721414864063263,
            -0.7139316201210022,
            -0.06864936649799347
        ],
        [
            -0.2618599832057953,
            -0.7122403383255005,
            -0.07214697450399399
        ],
        [
            -0.26083463430404663,
            -0.7253607511520386,
            -0.08121800422668457
        ],
        [
            -0.24968299269676208,
            -0.7216370701789856,
            -0.08189409226179123
        ],
        [
            -0.25160667300224304,
            -0.7080183625221252,
            -0.07220945507287979
        ],
        [
            -0.2345588207244873,
            -0.6968764662742615,
            -0.062280453741550446
        ],
        [
            -0.24221670627593994,
            -0.7025241255760193,
            -0.06919572502374649
        ],
        [
            -0.23802550137043,
            -0.7181801795959473,
            -0.08015841245651245
        ],
        [
            -0.23788800835609436,
            -0.7370652556419373,
            -0.08973416686058044
        ],
        [
            -0.2497987300157547,
            -0.7368307709693909,
            -0.08925201743841171
        ],
        [
            -0.24085773527622223,
            -0.7571200728416443,
            -0.09454023092985153
        ],
        [
            -0.22386550903320312,
            -0.7390990257263184,
            -0.08922724425792694
        ],
        [
            -0.23326797783374786,
            -0.7626526355743408,
            -0.09396043419837952
        ],
        [
            -0.20395292341709137,
            -0.710318922996521,
            -0.0760982558131218
        ],
        [
            -0.19656510651111603,
            -0.7045670747756958,
            -0.07894574105739594
        ],
        [
            -0.19063039124011993,
            -0.7177848815917969,
            -0.09142743051052094
        ],
        [
            -0.19942934811115265,
            -0.7236487865447998,
            -0.08927348256111145
        ],
        [
            -0.26115426421165466,
            -0.7370970249176025,
            -0.08736632764339447
        ],
        [
            -0.31277477741241455,
            -0.7749677896499634,
            -0.08208628743886948
        ],
        [
            -0.3193126618862152,
            -0.7671233415603638,
            -0.07551500201225281
        ],
        [
            -0.30144381523132324,
            -0.7686451077461243,
            -0.08644966781139374
        ],
        [
            -0.3433115482330322,
            -0.8292407989501953,
            -0.08074323832988739
        ],
        [
            -0.35081368684768677,
            -0.8142465949058533,
            -0.07324429601430893
        ],
        [
            -0.33648937940597534,
            -0.8082863092422485,
            -0.08233857899904251
        ],
        [
            -0.33197298645973206,
            -0.8229125738143921,
            -0.08938883990049362
        ],
        [
            -0.36829453706741333,
            -0.8480223417282104,
            -0.048322614282369614
        ],
        [
            -0.3756742775440216,
            -0.8216928243637085,
            -0.042597126215696335
        ],
        [
            -0.3655019998550415,
            -0.8191081285476685,
            -0.05775127559900284
        ],
        [
            -0.35896217823028564,
            -0.8392750024795532,
            -0.06371588259935379
        ],
        [
            -0.3245755732059479,
            -0.8336036205291748,
            -0.09370362758636475
        ],
        [
            -0.31389641761779785,
            -0.8476445078849792,
            -0.09776518493890762
        ],
        [
            -0.3203932046890259,
            -0.8635221719741821,
            -0.09352882951498032
        ],
        [
            -0.3345067501068115,
            -0.8476439714431763,
            -0.08748871088027954
        ],
        [
            -0.32796576619148254,
            -0.8831713199615479,
            -0.08136066794395447
        ],
        [
            -0.3458435833454132,
            -0.8642443418502808,
            -0.07341353595256805
        ],
        [
            -0.2158331573009491,
            -0.7596402764320374,
            -0.09448902308940887
        ],
        [
            -0.22762741148471832,
            -0.7754349708557129,
            -0.09469776600599289
        ],
        [
            -0.21088582277297974,
            -0.7298374772071838,
            -0.08678673207759857
        ],
        [
            -0.2046426385641098,
            -0.7467468976974487,
            -0.0945412665605545
        ],
        [
            -0.3320236802101135,
            -0.8989822864532471,
            -0.06318122148513794
        ],
        [
            -0.353639155626297,
            -0.876873791217804,
            -0.05426923930644989
        ],
        [
            -0.2627457082271576,
            -0.868999719619751,
            -0.10159659385681152
        ],
        [
            -0.28205811977386475,
            -0.8747116327285767,
            -0.0997261255979538
        ],
        [
            -0.28405237197875977,
            -0.8544224500656128,
            -0.10424752533435822
        ],
