{
    "pred_cam": [
        1.5647573471069336,
        0.10082202404737473,
        0.28258249163627625
    ],
    "pred_smpl_params": {
        "global_orient": [
            [
                [
                    -0.22360914945602417,
                    0.002374907722696662,
                    -0.9746760129928589
                ],
                [
                    0.31759780645370483,
                    -0.9452415704727173,
                    -0.07516614347696304
                ],
                [
                    -0.9214828610420227,
                    -0.3263627886772156,
                    0.21061040461063385
                ]
            ]
        ],
        "body_pose": [
            [
                [
                    0.9898712038993835,
                    0.08432713150978088,
                    0.11421041190624237
                ],
                [
                    -0.11558669805526733,
                    0.9458059668540955,
                    0.3034646213054657
                ],
                [
                    -0.08243059366941452,
                    -0.3135920464992523,
                    0.9459731578826904
                ]
            ],
            [
                [
                    0.9731583595275879,
                    0.22892247140407562,
                    -0.02360505238175392
                ],
                [
                    -0.22184090316295624,
                    0.960423469543457,
                    0.16844429075717926
                ],
                [
                    0.061231523752212524,
                    -0.15868642926216125,
                    0.985428512096405
                ]
            ],
            [
                [
                    0.9944071769714355,
                    -0.08370233327150345,
                    0.06440573930740356
                ],
                [
                    0.10028467327356339,
                    0.939599335193634,
                    -0.3272554576396942
                ],
                [
                    -0.03312353044748306,
                    0.33188414573669434,
                    0.9427383542060852
                ]
            ],
            [
                [
                    0.9476750493049622,
                    0.2822691798210144,
                    0.1491176187992096
                ],
                [
                    -0.2477906048297882,
                    0.9449093341827393,
                    -0.21388345956802368
                ],
                [
                    -0.20127533376216888,
                    0.16574208438396454,
                    0.9654106497764587
                ]
            ],
            [
                [
                    0.9790802001953125,
                    0.12691588699817657,
                    0.15904216468334198
                ],
                [
                    -0.12076976895332336,
                    0.9915304183959961,
                    -0.04777134582400322
                ],
                [
                    -0.1637580841779709,
                    0.027564488351345062,
                    0.9861153960227966
                ]
            ],
            [
                [
                    0.9951010346412659,
                    -0.07931910455226898,
                    0.059012532234191895
                ],
                [
                    0.08120142668485641,
                    0.9962397217750549,
                    -0.03021019883453846
                ],
                [
                    -0.056394387036561966,
                    0.03485409915447235,
                    0.9977999925613403
                ]
            ],
            [
                [
                    0.9902600646018982,
                    -0.005334861110895872,
                    0.1391276866197586
                ],
                [
                    0.004297805018723011,
                    0.999960720539093,
                    0.007753463927656412
                ],
                [
                    -0.13916358351707458,
                    -0.007080004550516605,
                    0.9902440905570984
                ]
            ],
            [
                [
                    0.9848399758338928,
                    -0.04494863748550415,
                    -0.1675407439470291
                ],
                [
                    0.03707322105765343,
                    0.9980687499046326,
                    -0.04984249547123909
                ],
                [
                    0.1694575399160385,
                    0.04287560656666756,
                    0.9846044182777405
                ]
            ],
            [
                [
                    0.998233437538147,
                    -0.03804367035627365,
                    0.04563593864440918
                ],
                [
                    0.04160922393202782,
                    0.9959332942962646,
                    -0.07991000264883041
                ],
                [
                    -0.04241027683019638,
                    0.08166772127151489,
                    0.9957568645477295
                ]
            ],
            [
                [
                    0.9951601624488831,
                    -0.030594902113080025,
                    0.09338181465864182
                ],
                [
                    0.03474796190857887,
                    0.9984630346298218,
                    -0.043176598846912384
                ],
                [
                    -0.09191729873418808,
                    0.04621245712041855,
                    0.9946937561035156
                ]
            ],
            [
                [
                    0.9970417022705078,
                    0.06861258298158646,
                    -0.034642428159713745
                ],
                [
                    -0.06745962053537369,
                    0.9971620440483093,
                    0.033421002328395844
                ],
                [
                    0.036837220191955566,
                    -0.030985167250037193,
                    0.9988407492637634
                ]
            ],
            [
                [
                    0.9982279539108276,
                    -0.05855833739042282,
                    0.010578218847513199
                ],
                [
                    0.05949825420975685,
                    0.9850874543190002,
                    -0.16143934428691864
                ],
                [
                    -0.0009668520069681108,
                    0.1617826521396637,
                    0.9868259429931641
                ]
            ],
            [
                [
                    0.9193599820137024,
                    0.35265758633613586,
                    -0.1743837594985962
                ],
                [
                    -0.3557935357093811,
                    0.9344596862792969,
                    0.01400324422866106
                ],
                [
                    0.1678929477930069,
                    0.0491705946624279,
                    0.9845781326293945
                ]
            ],
            [
                [
                    0.866612434387207,
                    -0.33453211188316345,
                    0.37023109197616577
                ],
                [
                    0.34009456634521484,
                    0.9389342069625854,
                    0.05232800543308258
                ],
                [
                    -0.3651280403137207,
                    0.08056548237800598,
                    0.9274646043777466
                ]
            ],
            [
                [
                    0.9986642599105835,
                    -0.022405942901968956,
                    -0.04655861109495163
                ],
                [
                    0.0025191237218677998,
                    0.9211282134056091,
                    -0.38925108313560486
                ],
                [
                    0.05160799250006676,
                    0.38861384987831116,
                    0.919954240322113
                ]
            ],
            [
                [
                    0.5156111717224121,
                    0.8064921498298645,
                    -0.28933632373809814
                ],
                [
                    -0.8274848461151123,
                    0.5563144683837891,
                    0.07604585587978363
                ],
                [
                    0.22229237854480743,
                    0.2002113312482834,
                    0.9542019367218018
                ]
            ],
            [
                [
                    0.5008131861686707,
                    -0.6965513229370117,
                    0.5138115286827087
                ],
                [
                    0.7408471703529358,
                    0.6519242525100708,
                    0.16167916357517242
                ],
                [
                    -0.4475840628147125,
                    0.2996848225593567,
                    0.8425303101539612
                ]
            ],
            [
                [
                    0.8543351888656616,
                    -0.09914317727088928,
                    -0.5101783275604248
                ],
                [
                    0.06130392849445343,
                    0.9940071702003479,
                    -0.09050735831260681
                ],
                [
                    0.5160940885543823,
                    0.04604768007993698,
                    0.8552931547164917
                ]
            ],
            [
                [
                    0.757843554019928,
                    0.08585074543952942,
                    0.6467634439468384
                ],
                [
                    -0.03371584787964821,
                    0.995133638381958,
                    -0.09258663654327393
                ],
                [
                    -0.6515646576881409,
                    0.04836001992225647,
                    0.7570501565933228
                ]
            ],
            [
                [
                    0.9991603493690491,
                    -0.03926076740026474,
                    -0.011714402586221695
                ],
                [
                    0.04043314978480339,
                    0.9910595417022705,
                    0.12714631855487823
                ],
                [
                    0.00661780871450901,
                    -0.12751320004463196,
                    0.9918148517608643
                ]
            ],
            [
                [
                    0.996309220790863,
                    0.07285387068986893,
                    0.045389752835035324
                ],
                [
                    -0.07606256753206253,
                    0.9943894147872925,
                    0.07351280748844147
                ],
                [
                    -0.03977939859032631,
                    -0.07669395208358765,
                    0.9962608218193054
                ]
            ],
            [
                [
                    0.9752044081687927,
                    0.19077491760253906,
                    -0.11216628551483154
                ],
                [
                    -0.1722821742296219,
                    0.972568690776825,
                    0.15629802644252777
                ],
                [
                    0.13890714943408966,
                    -0.1330982744693756,
                    0.9813203811645508
                ]
            ],
            [
                [
                    0.9794948101043701,
                    -0.1845192313194275,
                    0.08088631182909012
                ],
                [
                    0.16752031445503235,
                    0.9689585566520691,
                    0.1818135529756546
                ],
                [
                    -0.11192359775304794,
                    -0.16453532874584198,
                    0.9800006151199341
                ]
            ]
        ],
        "betas": [
            -0.15454822778701782,
            0.017388880252838135,
            0.049871087074279785,
            0.4406285881996155,
            0.19593249261379242,
            0.05334470048546791,
            -0.05661621689796448,
            -0.07013934850692749,
            0.08127272129058838,
            -0.05718815326690674
        ]
    },
    "pred_cam_t": [
        0.10082202404737473,
        0.28258249163627625,
        24.96393394470215
    ],
    "focal_length": [
        5000.0,
        5000.0
    ],
    "pred_keypoints_3d": [
        [
            -0.2839292585849762,
            -0.6922109127044678,
            -0.01467694342136383
        ],
        [
            -0.10420989990234375,
            -0.7089684009552002,
            -0.04733853414654732
        ],
        [
            -0.07316476106643677,
            -0.6199260354042053,
            0.1334354281425476
        ],
        [
            -0.08958572149276733,
            -0.37122756242752075,
            0.16655850410461426
        ],
        [
            -0.25714021921157837,
            -0.19319948554039001,
            0.10520680248737335
        ],
        [
            -0.10609496384859085,
            -0.5997268557548523,
            -0.21730995178222656
        ],
        [
            -0.04909989610314369,
            -0.3494129776954651,
            -0.24200227856636047
        ],
        [
            -0.14433346688747406,
            -0.12443806231021881,
            -0.21130532026290894
        ],
        [
            -0.002026899252086878,
            -0.22569172084331512,
            0.026843279600143433
        ],
        [
            0.017581436783075333,
            -0.16152605414390564,
            0.11650844663381577
        ],
        [
            -0.004128787666559219,
            0.13100776076316833,
            0.3554127514362335
        ],
        [
            0.018201569095253944,
            0.44174671173095703,
            0.5948673486709595
        ],
        [
            -0.010244175791740417,
            -0.11750683188438416,
            -0.008146055042743683
        ],
        [
            -0.11812485754489899,
            0.20932379364967346,
            0.12866172194480896
        ],
        [
            -0.10483545809984207,
            0.4873296022415161,
            0.4056946635246277
        ],
        [
            -0.28276729583740234,
            -0.7453180551528931,
            0.016723759472370148
        ],
        [
            -0.2980361580848694,
            -0.7411991357803345,
            -0.047812726348638535
        ],
        [
            -0.20127689838409424,
            -0.805821418762207,
            0.037988871335983276
        ],
        [
            -0.23455406725406647,
            -0.7970262169837952,
            -0.10637958347797394
        ],
        [
            -0.30026471614837646,
            0.5361475944519043,
            0.4190908670425415
        ],
        [
            -0.24282406270503998,
            0.5799500942230225,
            0.3795648515224457
        ],
        [
            -0.04875504598021507,
            0.5143469572067261,
            0.4310190975666046
        ],
        [
            -0.17002439498901367,
            0.4551604092121124,
            0.6600017547607422
        ],
        [
            -0.10559660196304321,
            0.4223474860191345,
            0.710301399230957
        ],
        [
            0.07401102036237717,
            0.48158538341522217,
            0.6125612854957581
        ],
        [
            0.050150126218795776,
            0.39340412616729736,
            0.5741299390792847
        ],
        [
            -0.0009347377344965935,
            0.07838568836450577,
            0.3135822117328644
        ],
        [
            0.04070141538977623,
            -0.3013101816177368,
            0.14517638087272644
        ],
        [
            -0.006244327872991562,
            -0.19241178035736084,
            -0.11902642995119095
        ],
        [
            -0.1103581115603447,
            0.1772814691066742,
            0.09846285730600357
        ],
        [
            -0.0778113529086113,
            0.467302143573761,
            0.37716513872146606
        ],
        [
            -0.2645489573478699,
            -0.22843240201473236,
            0.09587787091732025
        ],
        [
            -0.11595933884382248,
            -0.3930213153362274,
            0.184484601020813
        ],
        [
            -0.08001721650362015,
            -0.6513627171516418,
            0.09787572920322418
        ],
        [
            -0.10309965163469315,
            -0.6340577602386475,
            -0.19330474734306335
        ],
        [
            -0.09007357060909271,
            -0.36720412969589233,
            -0.26480352878570557
        ],
        [
            -0.1559855341911316,
            -0.1413956880569458,
            -0.21650485694408417
        ],
        [
            -0.11389049142599106,
            -0.6942629814147949,
            -0.04925725609064102
        ],
        [
            -0.26758113503456116,
            -0.8263757228851318,
            -0.027215993031859398
        ],
        [
            0.0169815756380558,
            -0.2476024031639099,
            0.01242752093821764
        ],
        [
            -0.09139442443847656,
            -0.6406764984130859,
            -0.04561791568994522
        ],
        [
            -0.010642889887094498,
            -0.48483917117118835,
            -0.039340704679489136
        ],
        [
            -0.21635845303535461,
            -0.7245287895202637,
            -0.036725085228681564
        ],
        [
            -0.2738730013370514,
            -0.8450692892074585,
            -0.022513672709465027
        ]
    ],
    "pred_vertices": [
        [
            -0.33462151885032654,
            -0.774273157119751,
            -0.053580284118652344
        ],
        [
            -0.3278193771839142,
            -0.7590325474739075,
            -0.04843461513519287
        ],
        [
            -0.32135844230651855,
            -0.7624473571777344,
            -0.061178818345069885
        ],
        [
            -0.3235667943954468,
            -0.7764990329742432,
            -0.06692759692668915
        ],
        [
            -0.3180113136768341,
            -0.7519354820251465,
            -0.057383906096220016
        ],
        [
            -0.3214142918586731,
            -0.7486701011657715,
            -0.046695590019226074
        ],
        [
            -0.3112671971321106,
            -0.7649393677711487,
            -0.07054496556520462
        ],
        [
            -0.31014567613601685,
            -0.776763379573822,
            -0.07666832208633423
        ],
        [
            -0.27944841980934143,
            -0.7472803592681885,
            -0.08172591030597687
        ],
        [
            -0.27083373069763184,
            -0.750406801700592,
            -0.08801142871379852
        ],
        [
            -0.2806749939918518,
            -0.7580671310424805,
            -0.08635873347520828
        ],
        [
            -0.2863748371601105,
            -0.753119945526123,
            -0.07953990995883942
        ],
        [
            -0.25878018140792847,
            -0.7315624952316284,
            -0.0838991105556488
        ],
        [
            -0.2567967474460602,
            -0.7194236516952515,
            -0.07758776098489761
        ],
        [
            -0.24420396983623505,
            -0.7196847200393677,
            -0.08256500214338303
        ],
        [
            -0.24496148526668549,
            -0.7321934700012207,
            -0.08817027509212494
        ],
        [
            -0.2756710946559906,
            -0.7144361734390259,
            -0.04026088863611221
        ],
        [
            -0.2717863917350769,
            -0.7100644111633301,
            -0.04664246737957001
        ],
        [
            -0.27676308155059814,
            -0.7152001857757568,
            -0.049811288714408875
        ],
        [
            -0.279756635427475,
            -0.7192399501800537,
            -0.04298898205161095
        ],
        [
            -0.2846168279647827,
            -0.7176835536956787,
            -0.029539529234170914
        ],
        [
            -0.28639936447143555,
            -0.7238671779632568,
            -0.030600007623434067
        ],
        [
            -0.2916352152824402,
            -0.7232297658920288,
            -0.024634335190057755
        ],
        [
            -0.290258526802063,
            -0.7158030271530151,
            -0.024340778589248657
        ],
        [
            -0.270818293094635,
            -0.7109383344650269,
            -0.03555108979344368
        ],
        [
            -0.26656651496887207,
            -0.7066635489463806,
            -0.04237900301814079
        ],
        [
            -0.2795538306236267,
            -0.7177342772483826,
            -0.03486728295683861
        ],
        [
            -0.2775833010673523,
            -0.7131220102310181,
            -0.03334076702594757
        ],
        [
            -0.2800530791282654,
            -0.7017045021057129,
            -0.029341980814933777
        ],
        [
            -0.28261297941207886,
            -0.7060360908508301,
            -0.030587587505578995
        ],
        [
            -0.2874627709388733,
            -0.702164351940155,
            -0.02618733048439026
        ],
        [
            -0.28294944763183594,
            -0.6987807750701904,
            -0.025562800467014313
        ],
        [
            -0.27357906103134155,
            -0.7074756026268005,
            -0.03389626741409302
        ],
        [
            -0.27766379714012146,
            -0.7076577544212341,
            -0.03360328823328018
        ],
        [
            -0.27622830867767334,
            -0.7034177184104919,
            -0.031290341168642044
        ],
        [
            -0.27222317457199097,
            -0.7041429877281189,
            -0.03066147118806839
        ],
        [
            -0.2833945155143738,
            -0.7126320600509644,
            -0.029079988598823547
        ],
        [
            -0.28905168175697327,
            -0.7092370986938477,
            -0.024858567863702774
        ],
        [
            -0.294121116399765,
            -0.7055114507675171,
            -0.019704900681972504
        ],
        [
            -0.2910228371620178,
            -0.6972631812095642,
            -0.02086501568555832
        ],
        [
            -0.2599937617778778,
            -0.7044855356216431,
            -0.060007065534591675
        ],
        [
            -0.26675623655319214,
            -0.7065401673316956,
            -0.05375474691390991
        ],
        [
            -0.2624422609806061,
            -0.7031745910644531,
            -0.04920195788145065
        ],
        [
            -0.25756168365478516,
            -0.7010533213615417,
            -0.05497989058494568
        ],
        [
            -0.2679045796394348,
            -0.7043388485908508,
            -0.03270498290657997
        ],
        [
            -0.25776731967926025,
            -0.6930763125419617,
            -0.038139764219522476
        ],
        [
            -0.2606649100780487,
            -0.695556640625,
            -0.03795362636446953
        ],
        [
            -0.26278069615364075,
            -0.6936677098274231,
            -0.03133939579129219
        ],
        [
            -0.2601310908794403,
            -0.6914258003234863,
            -0.0321602001786232
        ],
        [
            -0.24472691118717194,
            -0.700516939163208,
            -0.06788060069084167
        ],
        [
            -0.24605026841163635,
            -0.6966733336448669,
            -0.06173170357942581
        ],
        [
            -0.23941439390182495,
            -0.6938228607177734,
            -0.06331979483366013
        ],
        [
            -0.23622620105743408,
            -0.6976945400238037,
            -0.06911446154117584
        ],
        [
            -0.23435468971729279,
            -0.6907144784927368,
            -0.06150359660387039
        ],
        [
            -0.22848784923553467,
            -0.6945159435272217,
            -0.06901080906391144
        ],
        [
            -0.21715804934501648,
            -0.6846243143081665,
            -0.0615377351641655
        ],
        [
            -0.22210796177387238,
            -0.6892776489257812,
            -0.06551150232553482
        ],
        [
            -0.2299906313419342,
            -0.686704158782959,
            -0.058050163090229034
        ],
        [
            -0.2275184988975525,
            -0.6812927722930908,
            -0.052681874483823776
        ],
        [
            -0.23384949564933777,
            -0.6792022585868835,
            -0.03964194282889366
        ],
        [
            -0.23363053798675537,
            -0.6768537163734436,
            -0.03363872691988945
        ],
        [
            -0.22486338019371033,
            -0.6695659160614014,
            -0.03973880410194397
        ],
        [
            -0.22598618268966675,
            -0.6744147539138794,
            -0.04576977714896202
        ],
        [
            -0.250484436750412,
            -0.692263126373291,
            -0.038638535887002945
        ],
        [
            -0.24939751625061035,
            -0.6940590739250183,
            -0.042947109788656235
        ],
        [
            -0.2520671784877777,
            -0.6934068202972412,
            -0.042800892144441605
        ],
        [
            -0.2542669177055359,
            -0.6920455098152161,
            -0.03822867199778557
        ],
        [
            -0.2486945390701294,
            -0.6949137449264526,
            -0.04688328504562378
        ],
        [
            -0.24833796918392181,
            -0.6952073574066162,
            -0.04863589257001877
        ],
        [
            -0.25004154443740845,
            -0.6951938271522522,
            -0.048135556280612946
        ],
        [
            -0.24948903918266296,
            -0.6949851512908936,
            -0.046818844974040985
        ],
        [
            -0.24928857386112213,
            -0.6944550275802612,
            -0.0447847843170166
        ],
        [
            -0.24795465171337128,
            -0.6930128335952759,
            -0.04381854087114334
        ],
        [
            -0.24826674163341522,
            -0.694131076335907,
            -0.04596875607967377
        ],
        [
            -0.24860109388828278,
            -0.6906310319900513,
            -0.04001821577548981
        ],
        [
            -0.2501332461833954,
            -0.6840550303459167,
            -0.027210168540477753
        ],
        [
            -0.25016656517982483,
            -0.6852327585220337,
            -0.030696701258420944
        ],
        [
            -0.2522779107093811,
            -0.6890243291854858,
            -0.028973650187253952
        ],
        [
            -0.2524881064891815,
            -0.688202977180481,
            -0.026039116084575653
        ],
        [
            -0.2521955370903015,
            -0.6952267289161682,
            -0.04647202044725418
        ],
        [
            -0.2535988688468933,
            -0.6965845823287964,
            -0.04833340644836426
        ],
        [
            -0.2571212649345398,
            -0.6962345838546753,
            -0.04388666898012161
        ],
        [
            -0.2545079290866852,
            -0.6948587894439697,
            -0.04304984211921692
        ],
        [
            -0.2553374171257019,
            -0.6978537440299988,
            -0.05099894106388092
        ],
        [
            -0.25095894932746887,
            -0.6963633298873901,
            -0.05032758414745331
        ],
        [
            -0.2517632842063904,
            -0.6970438957214355,
            -0.05361349135637283
        ],
        [
            -0.24694304168224335,
            -0.6940998435020447,
            -0.0482301190495491
        ],
        [
            -0.24530550837516785,
            -0.6938883066177368,
            -0.05129744112491608
        ],
        [
            -0.24802915751934052,
            -0.6948412656784058,
            -0.051500678062438965
        ],
        [
            -0.24285145103931427,
            -0.691515326499939,
            -0.04948264732956886
        ],
        [
            -0.24580836296081543,
            -0.6922428011894226,
            -0.04573006182909012
        ],
        [
            -0.24572888016700745,
            -0.6891819834709167,
            -0.0420537069439888
        ],
        [
            -0.2461191713809967,
            -0.6857371926307678,
            -0.0373215526342392
        ],
        [
            -0.24106928706169128,
            -0.6845133304595947,
            -0.04056635871529579
        ],
        [
            -0.24157392978668213,
            -0.6880873441696167,
            -0.04567364603281021
        ],
        [
            -0.25976529717445374,
            -0.6993016004562378,
            -0.04586731642484665
        ],
        [
            -0.24719266593456268,
            -0.6953911781311035,
            -0.056002914905548096
        ],
        [
            -0.25240781903266907,
            -0.6995458602905273,
            -0.05865366384387016
        ],
        [
            -0.2429320067167282,
            -0.6930379867553711,
            -0.05649884045124054
        ],
        [
            -0.2390460968017578,
            -0.6904518008232117,
            -0.054869987070560455
        ],
        [
            -0.23650211095809937,
            -0.6870221495628357,
            -0.05057823285460472
        ],
        [
            -0.23490434885025024,
            -0.6827973127365112,
            -0.04548128321766853
        ],
        [
            -0.2117796540260315,
            -0.6707866191864014,
            -0.04488923028111458
        ],
        [
            -0.21457147598266602,
            -0.6765567064285278,
            -0.05259202420711517
        ],
        [
            -0.31344684958457947,
            -0.7454719543457031,
            -0.04562028497457504
        ],
        [
            -0.31257227063179016,
            -0.7465941905975342,
            -0.054712776094675064
        ],
        [
            -0.3036278188228607,
            -0.7445400953292847,
            -0.0564892403781414
        ],
        [
            -0.30567747354507446,
            -0.7462683916091919,
            -0.057647429406642914
        ],
        [
            -0.30796101689338684,
            -0.74494469165802,
            -0.05229800194501877
        ],
        [
            -0.3051547408103943,
            -0.743322491645813,
            -0.05221833288669586
        ],
        [
            -0.2904234528541565,
            -0.7504143714904785,
            -0.07270032912492752
        ],
        [
            -0.2938159704208374,
            -0.7483828067779541,
            -0.0671108141541481
        ],
        [
            -0.2902367115020752,
            -0.7468621730804443,
            -0.06787716597318649
        ],
        [
            -0.2855696976184845,
            -0.746162474155426,
            -0.07499384135007858
        ],
        [
            -0.28790414333343506,
            -0.7370175123214722,
            -0.06023714691400528
        ],
        [
            -0.28760504722595215,
            -0.7400658130645752,
            -0.06477510929107666
        ],
        [
            -0.29332873225212097,
            -0.7427641749382019,
            -0.060092709958553314
        ],
        [
            -0.29370200634002686,
            -0.7404829263687134,
            -0.056907832622528076
        ],
        [
            -0.29388779401779175,
            -0.7388808131217957,
            -0.053040511906147
        ],
        [
            -0.29409879446029663,
            -0.7380963563919067,
            -0.0486055463552475
        ],
        [
            -0.2897944152355194,
            -0.734917402267456,
            -0.049703724682331085
        ],
        [
            -0.2887967526912689,
            -0.735436201095581,
            -0.05495414882898331
        ],
        [
            -0.3083319067955017,
            -0.7449536323547363,
            -0.04570562392473221
        ],
        [
            -0.306291401386261,
            -0.7449654340744019,
            -0.0385630838572979
        ],
        [
            -0.303661048412323,
            -0.7433314323425293,
            -0.040482211858034134
        ],
        [
            -0.3056448996067047,
            -0.7429106831550598,
            -0.04638661816716194
        ],
        [
            -0.29338574409484863,
            -0.7433186769485474,
            -0.0318119153380394
        ],
        [
            -0.296258807182312,
            -0.7440257668495178,
            -0.03259418159723282
        ],
        [
            -0.29743120074272156,
            -0.7443127632141113,
            -0.02881748601794243
        ],
        [
            -0.2932842969894409,
            -0.7420495748519897,
            -0.028510969132184982
        ],
        [
            -0.291368305683136,
            -0.7398999333381653,
            -0.031209781765937805
        ],
        [
            -0.292479932308197,
            -0.741866946220398,
            -0.033314693719148636
        ],
        [
            -0.34771981835365295,
            -0.7906304001808167,
            -0.04238508269190788
        ],
        [
            -0.3407694101333618,
            -0.7730414271354675,
            -0.038619548082351685
        ],
        [
            -0.33658668398857117,
            -0.7942566871643066,
            -0.059764567762613297
        ],
        [
            -0.3231564164161682,
            -0.7945101261138916,
            -0.07216301560401917
        ],
        [
            -0.30854856967926025,
            -0.7907642126083374,
            -0.08262309432029724
        ],
        [
            -0.24414339661598206,
            -0.7086305618286133,
            -0.07530859857797623
        ],
        [
            -0.233778178691864,
            -0.7069723010063171,
            -0.0783124789595604
        ],
        [
            -0.23200766742229462,
            -0.7203712463378906,
            -0.08675362914800644
        ],
        [
            -0.2210274189710617,
            -0.7165995836257935,
            -0.08696411550045013
        ],
        [
            -0.22364892065525055,
            -0.7026849985122681,
            -0.07800048589706421
        ],
        [
            -0.20725984871387482,
            -0.6909452676773071,
            -0.06775738298892975
        ],
        [
            -0.21449579298496246,
            -0.6969451308250427,
            -0.07476210594177246
        ],
        [
            -0.20967763662338257,
            -0.7129611968994141,
            -0.08475957065820694
        ],
        [
            -0.20878735184669495,
            -0.7320969700813293,
            -0.09351877123117447
        ],
        [
            -0.22048549354076385,
            -0.7320352792739868,
            -0.09360718727111816
        ],
        [
            -0.21145932376384735,
            -0.7522646188735962,
            -0.09763988107442856
        ],
        [
            -0.19505715370178223,
            -0.7337929010391235,
            -0.09226236492395401
        ],
        [
            -0.20405521988868713,
            -0.7575691938400269,
            -0.09639491140842438
        ],
        [
            -0.17695626616477966,
            -0.7047034502029419,
            -0.07918429374694824
        ],
        [
            -0.1699015498161316,
            -0.6992476582527161,
            -0.08165813237428665
        ],
        [
            -0.1631312072277069,
            -0.7124850749969482,
            -0.09318812191486359
        ],
        [
            -0.17162123322486877,
            -0.7182473540306091,
            -0.09148889780044556
        ],
        [
            -0.23179054260253906,
            -0.7323498725891113,
            -0.09238213300704956
        ],
        [
            -0.28336673974990845,
            -0.7707197666168213,
            -0.08833083510398865
        ],
        [
            -0.2902563810348511,
            -0.7627097368240356,
            -0.08237984031438828
        ],
        [
            -0.2719956636428833,
            -0.7643418312072754,
            -0.0923365131020546
        ],
        [
            -0.31328657269477844,
            -0.8256305456161499,
            -0.08654304593801498
        ],
        [
            -0.32138678431510925,
            -0.8102349042892456,
            -0.08004262298345566
        ],
        [
            -0.3065948486328125,
            -0.8044191002845764,
            -0.0885225385427475
        ],
        [
            -0.30153387784957886,
            -0.8193204402923584,
            -0.0947052612900734
        ],
        [
            -0.3396565318107605,
            -0.8436449766159058,
            -0.05482091009616852
        ],
        [
            -0.3476416766643524,
            -0.8170182704925537,
            -0.050336286425590515
        ],
        [
            -0.33670324087142944,
            -0.8147784471511841,
            -0.06516194343566895
        ],
        [
            -0.32969608902931213,
            -0.8353405594825745,
            -0.07008016854524612
        ],
        [
            -0.2938397526741028,
            -0.8301328420639038,
            -0.09840061515569687
        ],
        [
            -0.2827594578266144,
            -0.8441333770751953,
            -0.10133147984743118
        ],
        [
            -0.2888665497303009,
            -0.8599956035614014,
            -0.09670048952102661
        ],
        [
            -0.3036729395389557,
            -0.8443375825881958,
            -0.09203898906707764
        ],
        [
            -0.29665452241897583,
            -0.879275918006897,
            -0.08403877913951874
        ],
        [
            -0.31530627608299255,
            -0.8604264259338379,
            -0.07792330533266068
        ],
        [
            -0.18675431609153748,
            -0.7542365193367004,
            -0.09625659137964249
        ],
        [
            -0.19836869835853577,
            -0.7702275514602661,
            -0.09648948907852173
        ],
        [
            -0.18274131417274475,
            -0.7243605852127075,
            -0.08952425420284271
        ],
        [
            -0.17600882053375244,
            -0.7413220405578613,
            -0.09619224071502686
        ],
        [
            -0.3010648190975189,
            -0.8940480947494507,
            -0.06543538719415665
        ],
        [
            -0.3237678110599518,
            -0.8723828792572021,
            -0.05878544598817825
        ],
        [
            -0.23138701915740967,
            -0.8646074533462524,
            -0.1014227643609047
        ],
        [
            -0.2504386305809021,
            -0.8706482648849487,
            -0.10022077709436417
        ],
        [
            -0.2526923418045044,
            -0.8506136536598206,
            -0.10597017407417297
