{
    "pred_cam": [
        1.5536041259765625,
        0.09021802991628647,
        0.28523382544517517
    ],
    "pred_smpl_params": {
        "global_orient": [
            [
                [
                    -0.23161491751670837,
                    0.0008617437561042607,
                    -0.9728072285652161
                ],
                [
                    0.3224599361419678,
                    -0.9433961510658264,
                    -0.07760993391275406
                ],
                [
                    -0.9178094267845154,
                    -0.3316669762134552,
                    0.21822674572467804
                ]
            ]
        ],
        "body_pose": [
            [
                [
                    0.9862313270568848,
                    0.12170950323343277,
                    0.11195769160985947
                ],
                [
                    -0.1483852118253708,
                    0.9501544833183289,
                    0.27420464158058167
                ],
                [
                    -0.07300380617380142,
                    -0.2870420813560486,
                    0.955132007598877
                ]
            ],
            [
                [
                    0.9737547636032104,
                    0.22660663723945618,
                    -0.021236728876829147
                ],
                [
                    -0.21922120451927185,
                    0.9589009284973145,
                    0.1801416426897049
                ],
                [
                    0.061185214668512344,
                    -0.17075824737548828,
                    0.9834113121032715
                ]
            ],
            [
                [
                    0.9939653277397156,
                    -0.09091591835021973,
                    0.06137803569436073
                ],
                [
                    0.10588180273771286,
                    0.9414138793945312,
                    -0.3202015459537506
                ],
                [
                    -0.028670717030763626,
                    0.3247680366039276,
                    0.9453591108322144
                ]
            ],
            [
                [
                    0.9509271383285522,
                    0.273720920085907,
                    0.1442723125219345
                ],
                [
                    -0.25055569410324097,
                    0.9547871351242065,
                    -0.16001048684120178
                ],
                [
                    -0.18154758214950562,
                    0.11601006239652634,
                    0.9765153527259827
                ]
            ],
            [
                [
                    0.9824983477592468,
                    0.12867705523967743,
                    0.1346818506717682
                ],
                [
                    -0.12746113538742065,
                    0.9916865825653076,
                    -0.017648672685027122
                ],
                [
                    -0.13583315908908844,
                    0.000173091801116243,
                    0.9907317757606506
                ]
            ],
            [
                [
                    0.9949394464492798,
                    -0.08008953183889389,
                    0.06067242473363876
                ],
                [
                    0.08169138431549072,
                    0.9963590502738953,
                    -0.024394026026129723
                ],
                [
                    -0.05849781632423401,
                    0.029226994141936302,
                    0.997859537601471
                ]
            ],
            [
                [
                    0.9897352457046509,
                    -0.010199357755482197,
                    0.14254845678806305
                ],
                [
                    0.008231919258832932,
                    0.9998626112937927,
                    0.014384765177965164
                ],
                [
                    -0.14267559349536896,
                    -0.013063661754131317,
                    0.989683210849762
                ]
            ],
            [
                [
                    0.984455406665802,
                    -0.04662689194083214,
                    -0.16933219134807587
                ],
                [
                    0.038671430200338364,
                    0.998001217842102,
                    -0.0499810054898262
                ],
                [
                    0.17132419347763062,
                    0.04265575855970383,
                    0.9842908382415771
                ]
            ],
            [
                [
                    0.9982646703720093,
                    -0.03811196982860565,
                    0.04489106312394142
                ],
                [
                    0.041877370327711105,
                    0.9954004287719727,
                    -0.08616477251052856
                ],
                [
                    -0.04140067100524902,
                    0.08789516240358353,
                    0.9952691197395325
                ]
            ],
            [
                [
                    0.9959346055984497,
                    -0.0256836898624897,
                    0.08634061366319656
                ],
                [
                    0.02999885380268097,
                    0.9983453154563904,
                    -0.04905785620212555
                ],
                [
                    -0.08493776619434357,
                    0.051448531448841095,
                    0.9950571060180664
                ]
            ],
            [
                [
                    0.9970645308494568,
                    0.06987908482551575,
                    -0.03129251301288605
                ],
                [
                    -0.06892170757055283,
                    0.9971497058868408,
                    0.03069494292140007
                ],
                [
                    0.03334825485944748,
                    -0.028448104858398438,
                    0.999038815498352
                ]
            ],
            [
                [
                    0.9984930753707886,
                    -0.05417307838797569,
                    0.008767872117459774
                ],
                [
                    0.05487610772252083,
                    0.9842938184738159,
                    -0.16779223084449768
                ],
                [
                    0.00045965990284457803,
                    0.16802053153514862,
                    0.9857833981513977
                ]
            ],
            [
                [
                    0.9171947240829468,
                    0.36287766695022583,
                    -0.16454032063484192
                ],
                [
                    -0.36596858501434326,
                    0.9305469989776611,
                    0.0122174471616745
                ],
                [
                    0.15754593908786774,
                    0.049010809510946274,
                    0.9862946271896362
                ]
            ],
            [
                [
                    0.8690770864486694,
                    -0.34239885210990906,
                    0.35702672600746155
                ],
                [
                    0.3468741774559021,
                    0.9363760948181152,
                    0.05364786833524704
                ],
                [
                    -0.3526802659034729,
                    0.07721921801567078,
                    0.9325523376464844
                ]
            ],
            [
                [
                    0.9987273216247559,
                    -0.02129349112510681,
                    -0.0457199402153492
                ],
                [
                    0.0008041129331104457,
                    0.9131131172180176,
                    -0.40770554542541504
                ],
                [
                    0.05042894929647446,
                    0.40714991092681885,
                    0.9119681119918823
                ]
            ],
            [
                [
                    0.5152384638786316,
                    0.8074712157249451,
                    -0.28726208209991455
                ],
                [
                    -0.8271439075469971,
                    0.5562625527381897,
                    0.08003015071153641
                ],
                [
                    0.22441519796848297,
                    0.19637249410152435,
                    0.9545027613639832
                ]
            ],
            [
                [
                    0.5015177726745605,
                    -0.6950727105140686,
                    0.5151250958442688
                ],
                [
                    0.7399939298629761,
                    0.6531074047088623,
                    0.16080957651138306
                ],
                [
                    -0.44820636510849,
                    0.300540566444397,
                    0.8418945670127869
                ]
            ],
            [
                [
                    0.8585656881332397,
                    -0.09979072958230972,
                    -0.5028983354568481
                ],
                [
                    0.0686907023191452,
                    0.9944209456443787,
                    -0.08005303889513016
                ],
                [
                    0.5080812573432922,
                    0.03418636694550514,
                    0.8606303930282593
                ]
            ],
            [
                [
                    0.7716299295425415,
                    0.08444753289222717,
                    0.6304410099983215
                ],
                [
                    -0.039758339524269104,
                    0.9956129789352417,
                    -0.08469996601343155
                ],
                [
                    -0.6348279714584351,
                    0.040291741490364075,
                    0.7716022729873657
                ]
            ],
            [
                [
                    0.9992293119430542,
                    -0.03685266152024269,
                    -0.013512424193322659
                ],
                [
                    0.03828169405460358,
                    0.9910302758216858,
                    0.12803728878498077
                ],
                [
                    0.008672705851495266,
                    -0.12845590710639954,
                    0.9916772842407227
                ]
            ],
            [
                [
                    0.9964410066604614,
                    0.06919927895069122,
                    0.0481330044567585
                ],
                [
                    -0.07239505648612976,
                    0.9950438141822815,
                    0.06816723197698593
                ],
                [
                    -0.043177325278520584,
                    -0.07140921801328659,
                    0.9965121746063232
                ]
            ],
            [
                [
                    0.9762951731681824,
                    0.18548940122127533,
                    -0.11154100298881531
                ],
                [
                    -0.16818080842494965,
                    0.9745035767555237,
                    0.1485191434621811
                ],
                [
                    0.13624584674835205,
                    -0.12623946368694305,
                    0.9825989007949829
                ]
            ],
            [
                [
                    0.9802647233009338,
                    -0.1791330873966217,
                    0.08362099528312683
                ],
                [
                    0.16269344091415405,
                    0.9713000059127808,
                    0.17351363599300385
                ],
                [
                    -0.11230313032865524,
                    -0.1564846932888031,
                    0.9812749028205872
                ]
            ]
        ],
        "betas": [
            -0.16200539469718933,
            0.047923505306243896,
            0.10149875283241272,
            0.5863326787948608,
            0.19562490284442902,
            0.05653924122452736,
            -0.07441344857215881,
            -0.05246371030807495,
            0.10227649658918381,
            -0.0663953423500061
        ]
    },
    "pred_cam_t": [
        0.09021802991628647,
        0.28523382544517517,
        25.14314842224121
    ],
    "focal_length": [
        5000.0,
        5000.0
    ],
    "pred_keypoints_3d": [
        [
            -0.28081566095352173,
            -0.6949432492256165,
            -0.013808637857437134
        ],
        [
            -0.10167814791202545,
            -0.7128416299819946,
            -0.04788946360349655
        ],
        [
            -0.06797493994235992,
            -0.6230387091636658,
            0.13272124528884888
        ],
        [
            -0.08645486831665039,
            -0.37513500452041626,
            0.16627627611160278
        ],
        [
            -0.2547365427017212,
            -0.19578763842582703,
            0.11313271522521973
        ],
        [
            -0.10460159927606583,
            -0.6026372909545898,
            -0.21795041859149933
        ],
        [
            -0.04945896565914154,
            -0.35220617055892944,
            -0.2406088411808014
        ],
        [
            -0.1453092098236084,
            -0.12762980163097382,
            -0.211903378367424
        ],
        [
            -0.002141354838386178,
            -0.22701449692249298,
            0.026428259909152985
        ],
        [
            0.018190499395132065,
            -0.16322210431098938,
            0.11579985916614532
        ],
        [
            -0.006752312183380127,
            0.12683391571044922,
            0.3562217056751251
        ],
        [
            0.0014930404722690582,
            0.434115469455719,
            0.5992941856384277
        ],
        [
            -0.010523101314902306,
            -0.11881523579359055,
            -0.0074752382934093475
        ],
        [
            -0.10538461804389954,
            0.20502173900604248,
            0.14309266209602356
        ],
        [
            -0.095975361764431,
            0.4733179211616516,
            0.42828017473220825
        ],
        [
            -0.2801428437232971,
            -0.74822998046875,
            0.01748400181531906
        ],
        [
            -0.29590845108032227,
            -0.7437806725502014,
            -0.04692964255809784
        ],
        [
            -0.1994074583053589,
            -0.8100327849388123,
            0.037968337535858154
        ],
        [
            -0.2337488830089569,
            -0.800452709197998,
            -0.10614339262247086
        ],
        [
            -0.29242047667503357,
            0.5161412954330444,
            0.4442302882671356
        ],
        [
            -0.23670107126235962,
            0.5628187656402588,
            0.4054102301597595
        ],
        [
            -0.040638796985149384,
            0.5008154511451721,
            0.45394113659858704
        ],
        [
            -0.18672750890254974,
            0.43720388412475586,
            0.6657400131225586
        ],
        [
            -0.12030058354139328,
            0.4067934453487396,
            0.7151197195053101
        ],
        [
            0.05526861548423767,
            0.47645920515060425,
            0.6172534823417664
        ],
        [
            0.03578532859683037,
            0.38785886764526367,
            0.5777378082275391
        ],
        [
            -0.0030437009409070015,
            0.07453463971614838,
            0.3141079545021057
        ],
        [
            0.041525810956954956,
            -0.30288442969322205,
            0.14288029074668884
        ],
        [
            -0.008509533479809761,
            -0.19286946952342987,
            -0.1181526705622673
        ],
        [
            -0.09856709837913513,
            0.17344562709331512,
            0.11155261099338531
        ],
        [
            -0.06880616396665573,
            0.4547998607158661,
            0.3987356424331665
        ],
        [
            -0.26258453726768494,
            -0.23088183999061584,
            0.10352874547243118
        ],
        [
            -0.11192189157009125,
            -0.39721277356147766,
            0.1848844736814499
        ],
        [
            -0.0755540207028389,
            -0.6547148823738098,
            0.09707275778055191
        ],
        [
            -0.10154519975185394,
            -0.6371321678161621,
            -0.19372427463531494
        ],
        [
            -0.09002764523029327,
            -0.37017375230789185,
            -0.2640625834465027
        ],
        [
            -0.15678338706493378,
            -0.1446382701396942,
            -0.2173011302947998
        ],
        [
            -0.11073290556669235,
            -0.6978142857551575,
            -0.049883272498846054
        ],
        [
            -0.2666754722595215,
            -0.8293910026550293,
            -0.026641763746738434
        ],
        [
            0.01621830277144909,
            -0.2486584633588791,
            0.011750825680792332
        ],
        [
            -0.08836932480335236,
            -0.6439390182495117,
            -0.04624761641025543
        ],
        [
            -0.010245048440992832,
            -0.48724502325057983,
            -0.040686529129743576
        ],
        [
            -0.2139163613319397,
            -0.728291928768158,
            -0.036456018686294556
        ],
        [
            -0.27322494983673096,
            -0.8479265570640564,
            -0.02194642834365368
        ]
    ],
    "pred_vertices": [
        [
            -0.33305054903030396,
            -0.7761735916137695,
            -0.052450887858867645
        ],
        [
            -0.32599955797195435,
            -0.7610180377960205,
            -0.0473623126745224
        ],
        [
            -0.31965208053588867,
            -0.7645151019096375,
            -0.060147639364004135
        ],
        [
            -0.3221558928489685,
            -0.7785211801528931,
            -0.06587745249271393
        ],
        [
            -0.31616219878196716,
            -0.754075288772583,
            -0.05638249218463898
        ],
        [
            -0.31942081451416016,
            -0.750764012336731,
            -0.04565507173538208
        ],
        [
            -0.3096783757209778,
            -0.7671593427658081,
            -0.06959834694862366
        ],
        [
            -0.30879777669906616,
            -0.778961181640625,
            -0.07574035972356796
        ],
        [
            -0.27770906686782837,
            -0.7500314712524414,
            -0.08106879144906998
        ],
        [
            -0.26920104026794434,
            -0.7532694935798645,
            -0.08742280304431915
        ],
        [
            -0.27916696667671204,
            -0.7607536315917969,
            -0.08567976951599121
        ],
        [
            -0.28472691774368286,
            -0.7557430267333984,
            -0.07879988849163055
        ],
        [
            -0.25681400299072266,
            -0.7346751689910889,
            -0.08329997211694717
        ],
        [
            -0.2545762062072754,
            -0.7225927114486694,
            -0.07697667926549911
        ],
        [
            -0.24204224348068237,
            -0.723020076751709,
            -0.08209312707185745
        ],
        [
            -0.24305632710456848,
            -0.7355051636695862,
            -0.08772280067205429
        ],
        [
            -0.27305901050567627,
            -0.7173799276351929,
            -0.03946487978100777
        ],
        [
            -0.2691632807254791,
            -0.7130512595176697,
            -0.04588324576616287
        ],
        [
            -0.27425071597099304,
            -0.7181065082550049,
            -0.049009770154953
        ],
        [
            -0.2772490978240967,
            -0.722113311290741,
            -0.04216870665550232
        ],
        [
            -0.28199952840805054,
            -0.7204651832580566,
            -0.028689727187156677
        ],
        [
            -0.28388288617134094,
            -0.7266217470169067,
            -0.029751110821962357
        ],
        [
            -0.2890809178352356,
            -0.7258927822113037,
            -0.023748580366373062
        ],
        [
            -0.28759223222732544,
            -0.7184792757034302,
            -0.023451153188943863
        ],
        [
            -0.26812803745269775,
            -0.7139537334442139,
            -0.03480452299118042
        ],
        [
            -0.263858437538147,
            -0.7097180485725403,
            -0.0416698232293129
        ],
        [
            -0.27695560455322266,
            -0.7206272482872009,
            -0.03404766693711281
        ],
        [
            -0.27491313219070435,
            -0.7160102725028992,
            -0.0325346365571022
        ],
        [
            -0.2772138714790344,
            -0.7045258283615112,
            -0.028514783829450607
        ],
        [
            -0.2798483371734619,
            -0.7088154554367065,
            -0.02974233403801918
        ],
        [
            -0.2846077084541321,
            -0.704856812953949,
            -0.025313962250947952
        ],
        [
            -0.2800443768501282,
            -0.7015467882156372,
            -0.02470863237977028
        ],
        [
            -0.2708336114883423,
            -0.7104056477546692,
            -0.03315095603466034
        ],
        [
            -0.2749306857585907,
            -0.7105212807655334,
            -0.03281938284635544
        ],
        [
            -0.2734149694442749,
            -0.7063015699386597,
            -0.0305163711309433
        ],
        [
            -0.26940813660621643,
            -0.7070975303649902,
            -0.02991965040564537
        ],
        [
            -0.2806997299194336,
            -0.7154083251953125,
            -0.028252627700567245
        ],
        [
            -0.2862875759601593,
            -0.711916446685791,
            -0.02397947758436203
        ],
        [
            -0.2912714183330536,
            -0.708100438117981,
            -0.01878463849425316
        ],
        [
            -0.28805315494537354,
            -0.6998856067657471,
            -0.019944507628679276
        ],
        [
            -0.25739818811416626,
            -0.7076066732406616,
            -0.059361644089221954
        ],
        [
            -0.2641288638114929,
            -0.7095751762390137,
            -0.05306260660290718
        ],
        [
            -0.2597385346889496,
            -0.706279456615448,
            -0.04852594435214996
        ],
        [
            -0.2548756003379822,
            -0.7042196393013,
            -0.05434904992580414
        ],
        [
            -0.26510000228881836,
            -0.7073509693145752,
            -0.03198642656207085
        ],
        [
            -0.2548257112503052,
            -0.696211576461792,
            -0.03750191256403923
        ],
        [
            -0.25777241587638855,
            -0.6986513137817383,
            -0.03729437664151192
        ],
        [
            -0.2597982883453369,
            -0.6967366933822632,
            -0.0306684710085392
        ],
        [
            -0.25710615515708923,
            -0.6945354342460632,
            -0.031507283449172974
        ],
        [
            -0.2421390861272812,
            -0.7038445472717285,
            -0.06737964600324631
        ],
        [
            -0.24336427450180054,
            -0.6999739408493042,
            -0.06121879816055298
        ],
        [
            -0.23668982088565826,
            -0.6972182989120483,
            -0.06287214905023575
        ],
        [
            -0.2335958182811737,
            -0.7011590003967285,
            -0.06870988756418228
        ],
        [
            -0.23155254125595093,
            -0.6942073106765747,
            -0.061117023229599
        ],
        [
            -0.22581961750984192,
            -0.698110818862915,
            -0.06869170814752579
        ],
        [
            -0.2143334448337555,
            -0.6883901357650757,
            -0.06130578741431236
        ],
        [
            -0.2193508744239807,
            -0.692982017993927,
            -0.06524447351694107
        ],
        [
            -0.2271137833595276,
            -0.69026780128479,
            -0.057686831802129745
        ],
        [
            -0.22452792525291443,
            -0.6848971843719482,
            -0.05234069377183914
        ],
        [
            -0.23068858683109283,
            -0.6827304363250732,
            -0.03922285884618759
        ],
        [
            -0.23039156198501587,
            -0.6803954839706421,
            -0.03321423754096031
        ],
        [
            -0.2215920239686966,
            -0.6732318997383118,
            -0.03940221667289734
        ],
        [
            -0.22284117341041565,
            -0.6780497431755066,
            -0.045441459864377975
        ],
        [
            -0.24751943349838257,
            -0.6955553293228149,
            -0.03804996982216835
        ],
        [
            -0.24650320410728455,
            -0.6973482966423035,
            -0.04237344488501549
        ],
        [
            -0.24916613101959229,
            -0.6966554522514343,
            -0.0422036349773407
        ],
        [
            -0.251298189163208,
            -0.6952730417251587,
            -0.03761059790849686
        ],
        [
            -0.2458481639623642,
            -0.6982033252716064,
            -0.04632904380559921
        ],
        [
            -0.2455134093761444,
            -0.6985020637512207,
            -0.04808659479022026
        ],
        [
            -0.24722017347812653,
            -0.6984633803367615,
            -0.047566160559654236
        ],
        [
            -0.24663978815078735,
            -0.6982614994049072,
            -0.046279653906822205
        ],
        [
            -0.24640816450119019,
            -0.6977390050888062,
            -0.044244907796382904
        ],
        [
            -0.2450370192527771,
            -0.6963146924972534,
            -0.043287456035614014
        ],
        [
            -0.24539382755756378,
            -0.6974267363548279,
            -0.045418668538331985
        ],
        [
            -0.24560774862766266,
            -0.6939300298690796,
            -0.039475999772548676
        ],
        [
            -0.24691812694072723,
            -0.6873632669448853,
            -0.026624154299497604
        ],
        [
            -0.2470017671585083,
            -0.6885500550270081,
            -0.030107934027910233
        ],
        [
            -0.24916619062423706,
            -0.6923156380653381,
            -0.028372570872306824
        ],
        [
            -0.24933379888534546,
            -0.691472053527832,
            -0.025443777441978455
        ],
        [
            -0.2493547946214676,
            -0.6984372735023499,
            -0.045907530933618546
        ],
        [
            -0.25081634521484375,
            -0.6997936367988586,
            -0.047731734812259674
        ],
        [
            -0.2542964518070221,
            -0.699394941329956,
            -0.043256018310785294
        ],
        [
            -0.2516458034515381,
            -0.698060154914856,
            -0.04243665188550949
        ],
        [
            -0.25258225202560425,
            -0.7010449171066284,
            -0.050402477383613586
        ],
        [
            -0.2481761872768402,
            -0.6996155381202698,
            -0.0497555211186409
        ],
        [
            -0.2490117847919464,
            -0.7002672553062439,
            -0.0530397929251194
        ],
        [
            -0.24408790469169617,
            -0.6974146366119385,
            -0.04769366607069969
        ],
        [
            -0.24247074127197266,
            -0.6972328424453735,
            -0.0507826991379261
        ],
        [
            -0.24522194266319275,
            -0.6981414556503296,
            -0.05095631256699562
        ],
        [
            -0.23996201157569885,
            -0.6948854923248291,
            -0.04899124428629875
        ],
        [
            -0.24289792776107788,
            -0.6955723762512207,
            -0.045203641057014465
        ],
        [
            -0.24273715913295746,
            -0.6925104856491089,
            -0.04152657091617584
        ],
        [
            -0.24302445352077484,
            -0.6890758872032166,
            -0.036784183233976364
        ],
        [
            -0.23798444867134094,
            -0.687921404838562,
            -0.04007934406399727
        ],
        [
            -0.23859953880310059,
            -0.6914731860160828,
            -0.04519174247980118
        ],
        [
            -0.25699788331985474,
            -0.7024092674255371,
            -0.045216113328933716
        ],
        [
            -0.24443116784095764,
            -0.6986947655677795,
            -0.055471837520599365
        ],
        [
            -0.24973542988300323,
            -0.7027677893638611,
            -0.05807974562048912
        ],
        [
            -0.24012932181358337,
            -0.6964038014411926,
            -0.05601349472999573
        ],
        [
            -0.23618020117282867,
            -0.6938795447349548,
            -0.05442461743950844
        ],
        [
            -0.23356376588344574,
            -0.6904853582382202,
            -0.050151076167821884
        ],
        [
            -0.23184634745121002,
            -0.6862972974777222,
            -0.04506215453147888
        ],
        [
            -0.20861423015594482,
            -0.6746563911437988,
            -0.04468400776386261
        ],
        [
            -0.21156045794487,
            -0.6803684830665588,
            -0.05237891897559166
        ],
        [
            -0.3113986849784851,
            -0.7477353811264038,
            -0.04461393877863884
        ],
        [
            -0.31060731410980225,
            -0.7488702535629272,
            -0.053722038865089417
        ],
        [
            -0.3016344904899597,
            -0.7469940185546875,
            -0.055544544011354446
        ],
        [
            -0.30373260378837585,
            -0.7486943006515503,
            -0.05669691413640976
        ],
        [
            -0.30595165491104126,
            -0.747305154800415,
            -0.051329322159290314
        ],
        [
            -0.3031022548675537,
            -0.7457617521286011,
            -0.05125794559717178
        ],
        [
            -0.2886582016944885,
            -0.7530198693275452,
            -0.07192154973745346
        ],
        [
            -0.2919588088989258,
            -0.7509709000587463,
            -0.06627853214740753
        ],
        [
            -0.2883719205856323,
            -0.7495019435882568,
            -0.06706152856349945
        ],
        [
            -0.28375935554504395,
            -0.74884033203125,
            -0.07423355430364609
        ],
        [
            -0.2858162224292755,
            -0.7396936416625977,
            -0.05941605567932129
        ],
        [
            -0.28561004996299744,
            -0.7427405714988708,
            -0.06397220492362976
        ],
        [
            -0.2913234531879425,
            -0.7453632354736328,
            -0.0592673234641552
        ],
        [
            -0.29163259267807007,
            -0.7430799007415771,
            -0.05606689304113388
        ],
        [
            -0.2917560338973999,
            -0.7414833903312683,
            -0.05219006538391113
        ],
        [
            -0.2919243574142456,
            -0.7407110929489136,
            -0.04772453010082245
        ],
        [
            -0.28756946325302124,
            -0.7375885248184204,
            -0.048870764672756195
        ],
        [
            -0.2866228222846985,
            -0.7381078600883484,
            -0.054139748215675354
        ],
        [
            -0.3062658905982971,
            -0.7473233938217163,
            -0.044755637645721436
        ],
        [
            -0.30417001247406006,
            -0.7474008798599243,
            -0.03760402649641037
        ],
        [
            -0.30151236057281494,
            -0.745812714099884,
            -0.039571065455675125
        ],
        [
            -0.30352920293807983,
            -0.7453555464744568,
            -0.0454540029168129
        ],
        [
            -0.29115962982177734,
            -0.7460044026374817,
            -0.030939504504203796
        ],
        [
            -0.29405203461647034,
            -0.7466658353805542,
            -0.031703997403383255
        ],
        [
            -0.2951986491680145,
            -0.7469538450241089,
            -0.02790829911828041
        ],
        [
            -0.2910079061985016,
            -0.7447400689125061,
            -0.02762799710035324
        ],
        [
            -0.2890774607658386,
            -0.7426046133041382,
            -0.03034767508506775
        ],
        [
            -0.29023876786231995,
            -0.7445549964904785,
            -0.032452329993247986
        ],
        [
            -0.346382200717926,
            -0.7923468351364136,
            -0.04118296131491661
        ],
        [
            -0.3390887975692749,
            -0.774874210357666,
            -0.03741003945469856
        ],
        [
            -0.335384339094162,
            -0.7961231470108032,
            -0.058587878942489624
        ],
        [
            -0.32206782698631287,
            -0.7965322136878967,
            -0.07108598202466965
        ],
        [
            -0.3074875473976135,
            -0.7929974794387817,
            -0.08169163018465042
        ],
        [
            -0.24174481630325317,
            -0.7119691371917725,
            -0.0748237818479538
        ],
        [
            -0.23137184977531433,
            -0.7104695439338684,
            -0.07793857902288437
        ],
        [
            -0.22990739345550537,
            -0.7238724231719971,
            -0.08641701191663742
        ],
        [
            -0.21885599195957184,
            -0.7202739119529724,
            -0.08674795180559158
        ],
        [
            -0.22118379175662994,
            -0.7063469290733337,
            -0.077725350856781
        ],
        [
            -0.20463456213474274,
            -0.6948727369308472,
            -0.06764066964387894
        ],
        [
            -0.2119513750076294,
            -0.7007706165313721,
            -0.0745915099978447
        ],
        [
            -0.20743408799171448,
            -0.7168017625808716,
            -0.08469147235155106
        ],
        [
            -0.2068966031074524,
            -0.7359271049499512,
            -0.09349271655082703
        ],
        [
            -0.21862797439098358,
            -0.735675036907196,
            -0.0934406965970993
        ],
        [
            -0.20985451340675354,
            -0.7560673952102661,
            -0.09763015061616898
        ],
        [
            -0.19319793581962585,
            -0.7377926707267761,
            -0.09240174293518066
        ],
        [
            -0.20247064530849457,
            -0.7614901661872864,
            -0.09647279232740402
        ],
        [
            -0.17488045990467072,
            -0.7089931964874268,
            -0.07942778617143631
        ],
        [
            -0.16785159707069397,
            -0.7036060094833374,
            -0.08192918449640274
        ],
        [
            -0.16110394895076752,
            -0.7168871760368347,
            -0.09348903596401215
        ],
        [
            -0.1696276068687439,
            -0.7225695252418518,
            -0.0917576402425766
        ],
        [
            -0.22993458807468414,
            -0.7358506321907043,
            -0.0920790433883667
        ],
        [
            -0.28206193447113037,
            -0.7733601927757263,
            -0.08763299137353897
        ],
        [
            -0.2887886166572571,
            -0.765249490737915,
            -0.08160445839166641
        ],
        [
            -0.27060598134994507,
            -0.7671602964401245,
            -0.09175485372543335
        ],
        [
            -0.3127574324607849,
            -0.8277690410614014,
            -0.08554546535015106
        ],
        [
            -0.32054996490478516,
            -0.8123320937156677,
            -0.07893819361925125
        ],
        [
            -0.305774986743927,
            -0.8066887855529785,
            -0.08757953345775604
        ],
        [
            -0.3010011315345764,
            -0.8216434717178345,
            -0.09385717660188675
        ],
        [
            -0.3391667604446411,
            -0.8453837633132935,
            -0.05360295623540878
        ],
        [
            -0.34671545028686523,
            -0.8186787366867065,
            -0.04909038916230202
        ],
        [
            -0.33590447902679443,
            -0.8166139125823975,
            -0.0639927014708519
        ],
        [
            -0.3292161226272583,
            -0.8372305631637573,
            -0.06893584132194519
        ],
        [
            -0.2935166358947754,
            -0.8325934410095215,
            -0.0976056382060051
        ],
        [
            -0.2827065587043762,
            -0.8467525839805603,
            -0.10066422820091248
        ],
        [
            -0.28910520672798157,
            -0.8625431060791016,
            -0.09602759033441544
        ],
        [
            -0.30355215072631836,
            -0.8465842604637146,
            -0.0911700502038002
        ],
        [
            -0.2971211075782776,
            -0.8817294836044312,
            -0.08336564898490906
        ],
        [
            -0.3154170513153076,
            -0.8625574111938477,
            -0.07704045623540878
        ],
        [
            -0.18510201573371887,
            -0.758358359336853,
            -0.09638884663581848
        ],
        [
            -0.19692134857177734,
            -0.7742222547531128,
            -0.09650043398141861
        ],
        [
            -0.1807660311460495,
            -0.7285172343254089,
            -0.08976254612207413
        ],
        [
            -0.17417991161346436,
            -0.7455588579177856,
            -0.09639261662960052
        ],
        [
            -0.30172109603881836,
            -0.8965355753898621,
            -0.06477399170398712
        ],
        [
            -0.3239242434501648,
            -0.8744224309921265,
            -0.05781510844826698
        ],
        [
            -0.2316088229417801,
            -0.8680363893508911,
            -0.10131615400314331
        ],
        [
            -0.25082868337631226,
            -0.8737713098526001,
            -0.09997513890266418
        ],
        [
            -0.25275856256484985,
            -0.8536975383758545,
            -0.10561265051364899
