{
    "pred_cam": [
        1.2163728475570679,
        -0.004902174696326256,
        0.19986513257026672
    ],
    "pred_smpl_params": {
        "global_orient": [
            [
                [
                    0.9461350440979004,
                    0.2677316963672638,
                    0.18206678330898285
                ],
                [
                    0.2594124972820282,
                    -0.9633327126502991,
                    0.06852131336927414
                ],
                [
                    0.1937362253665924,
                    -0.017600005492568016,
                    -0.9808957576751709
                ]
            ]
        ],
        "body_pose": [
            [
                [
                    0.9963928461074829,
                    -0.03209257498383522,
                    -0.07855883240699768
                ],
                [
                    0.0528733916580677,
                    0.9588626623153687,
                    0.2789030373096466
                ],
                [
                    0.06637641042470932,
                    -0.28205060958862305,
                    0.9571007490158081
                ]
            ],
            [
                [
                    0.9960756301879883,
                    0.08336300402879715,
                    -0.029731038957834244
                ],
                [
                    -0.07350267469882965,
                    0.966276228427887,
                    0.2467946708202362
                ],
                [
                    0.04930194094777107,
                    -0.24364084005355835,
                    0.9686115980148315
                ]
            ],
            [
                [
                    0.9984326362609863,
                    0.0306004099547863,
                    0.046859290450811386
                ],
                [
                    -0.018671926110982895,
                    0.9714433550834656,
                    -0.236535906791687
                ],
                [
                    -0.052759237587451935,
                    0.23529024422168732,
                    0.9704921245574951
                ]
            ],
            [
                [
                    0.9904667139053345,
                    -0.04397042840719223,
                    -0.13054631650447845
                ],
                [
                    -0.06586967408657074,
                    0.6811434626579285,
                    -0.7291809320449829
                ],
                [
                    0.12098314613103867,
                    0.7308284640312195,
                    0.6717535853385925
                ]
            ],
            [
                [
                    0.9931233525276184,
                    -0.10086022317409515,
                    0.05944051593542099
                ],
                [
                    0.11638317257165909,
                    0.7955438494682312,
                    -0.594613254070282
                ],
                [
                    0.01268529612571001,
                    0.5974422693252563,
                    0.8018116354942322
                ]
            ],
            [
                [
                    0.9968766570091248,
                    0.03426740691065788,
                    0.07115163654088974
                ],
                [
                    -0.03493836149573326,
                    0.9993557929992676,
                    0.008206550031900406
                ],
                [
                    -0.07082457840442657,
                    -0.010666840709745884,
                    0.9974316954612732
                ]
            ],
            [
                [
                    0.9825640916824341,
                    0.09280219674110413,
                    0.16110724210739136
                ],
                [
                    -0.11084769666194916,
                    0.9880732893943787,
                    0.10688260942697525
                ],
                [
                    -0.1492668241262436,
                    -0.12287738174200058,
                    0.9811322689056396
                ]
            ],
            [
                [
                    0.9813393354415894,
                    -0.1238507628440857,
                    -0.14708498120307922
                ],
                [
                    0.12573792040348053,
                    0.9920570254325867,
                    0.003566175699234009
                ],
                [
                    0.14547504484653473,
                    -0.021993789821863174,
                    0.9891173243522644
                ]
            ],
            [
                [
                    0.9989447593688965,
                    0.00746926199644804,
                    0.04531657323241234
                ],
                [
                    -0.003061937401071191,
                    0.9953227639198303,
                    -0.09655673056840897
                ],
                [
                    -0.04582582414150238,
                    0.09631607681512833,
                    0.9942953586578369
                ]
            ],
            [
                [
                    0.9777677655220032,
                    -0.20967140793800354,
                    0.002841099863871932
                ],
                [
                    0.20431846380233765,
                    0.9556776285171509,
                    0.2119770646095276
                ],
                [
                    -0.04716070368885994,
                    -0.20668385922908783,
                    0.9772705435752869
                ]
            ],
            [
                [
                    0.9675359129905701,
                    0.2524121105670929,
                    -0.01274150237441063
                ],
                [
                    -0.24328671395778656,
                    0.9438415169715881,
                    0.22355037927627563
                ],
                [
                    0.06845277547836304,
                    -0.21319319307804108,
                    0.9746090769767761
                ]
            ],
            [
                [
                    0.9635835886001587,
                    0.00846395455300808,
                    -0.2672732174396515
                ],
                [
                    0.00968822743743658,
                    0.9977377653121948,
                    0.06652452796697617
                ],
                [
                    0.26723164319992065,
                    -0.06669134646654129,
                    0.9613217115402222
                ]
            ],
            [
                [
                    0.9315578937530518,
                    0.35696208477020264,
                    0.0691235288977623
                ],
                [
                    -0.3564292788505554,
                    0.934101402759552,
                    -0.02031552977859974
                ],
                [
                    -0.07182025909423828,
                    -0.005712558981031179,
                    0.9974012970924377
                ]
            ],
            [
                [
                    0.943656861782074,
                    -0.3232592046260834,
                    0.07081826031208038
                ],
                [
                    0.32738184928894043,
                    0.9431586861610413,
                    -0.0572090819478035
                ],
                [
                    -0.04829949513077736,
                    0.07717035710811615,
                    0.9958473443984985
                ]
            ],
            [
                [
                    0.977415919303894,
                    -0.10527697205543518,
                    -0.18323452770709991
                ],
                [
                    0.06454780697822571,
                    0.9743666052818298,
                    -0.21550698578357697
                ],
                [
                    0.20122553408145905,
                    0.1988125741481781,
                    0.9591568112373352
                ]
            ],
            [
                [
                    0.5142927765846252,
                    0.8207942843437195,
                    -0.24859526753425598
                ],
                [
                    -0.8444090485572815,
                    0.5353056192398071,
                    0.02052457630634308
                ],
                [
                    0.14992089569568634,
                    0.1993604451417923,
                    0.9683899879455566
                ]
            ],
            [
                [
                    0.5607171058654785,
                    -0.7714534997940063,
                    0.3007586896419525
                ],
                [
                    0.8234320878982544,
                    0.5576650500297546,
                    -0.1047343909740448
                ],
                [
                    -0.08692489564418793,
                    0.3063807189464569,
                    0.9479318857192993
                ]
            ],
            [
                [
                    0.188804030418396,
                    -0.3779037892818451,
                    -0.9063894152641296
                ],
                [
                    0.3626643419265747,
                    0.8845738172531128,
                    -0.29326391220092773
                ],
                [
                    0.9125939011573792,
                    -0.2733457088470459,
                    0.3040633201599121
                ]
            ],
            [
                [
                    0.3984012007713318,
                    0.33858752250671387,
                    0.8524289131164551
                ],
                [
                    0.018521634861826897,
                    0.9262109398841858,
                    -0.37655049562454224
                ],
                [
                    -0.9170242547988892,
                    0.16580656170845032,
                    0.3627323508262634
                ]
            ],
            [
                [
                    0.9876701235771179,
                    -0.149126797914505,
                    -0.04763390123844147
                ],
                [
                    0.15328630805015564,
                    0.9830303192138672,
                    0.1007712334394455
                ],
                [
                    0.0317978709936142,
                    -0.10683035105466843,
                    0.9937687516212463
                ]
            ],
            [
                [
                    0.9912680983543396,
                    0.12061502784490585,
                    0.05328717082738876
                ],
                [
                    -0.11898718029260635,
                    0.9923557043075562,
                    -0.03274327144026756
                ],
                [
                    -0.05682916194200516,
                    0.02611686848104,
                    0.9980421662330627
                ]
            ],
            [
                [
                    0.9683127999305725,
                    0.2298649400472641,
                    -0.09763402491807938
                ],
                [
                    -0.21853913366794586,
                    0.9691197276115417,
                    0.11422663182020187
                ],
                [
                    0.12087574601173401,
                    -0.08927026391029358,
                    0.9886454939842224
                ]
            ],
            [
                [
                    0.9712492227554321,
                    -0.2280801683664322,
                    0.0682232454419136
                ],
                [
                    0.21409165859222412,
                    0.9621382355690002,
                    0.16868554055690765
                ],
                [
                    -0.10411401093006134,
                    -0.14922967553138733,
                    0.9833060503005981
                ]
            ]
        ],
        "betas": [
            0.041667044162750244,
            0.13690565526485443,
            0.4667092263698578,
            1.4319132566452026,
            -0.0123557448387146,
            0.00035626068711280823,
            -0.012087821960449219,
            0.07587213814258575,
            0.07899339497089386,
            -0.014205962419509888
        ]
    },
    "pred_cam_t": [
        -0.004902174696326256,
        0.19986513257026672,
        32.11391830444336
    ],
    "focal_length": [
        5000.0,
        5000.0
    ],
    "pred_keypoints_3d": [
        [
            0.19631752371788025,
            -0.7890380620956421,
            -0.24160711467266083
        ],
        [
            0.17402981221675873,
            -0.7259654998779297,
            -0.055848825722932816
        ],
        [
            -0.02899351716041565,
            -0.6884002685546875,
            -0.09141509234905243
        ],
        [
            -0.18080267310142517,
            -0.49953383207321167,
            -0.02938883751630783
        ],
        [
            -0.12221382558345795,
            -0.2950834631919861,
            -0.16511821746826172
        ],
        [
            0.29243138432502747,
            -0.5942643284797668,
            0.049422744661569595
        ],
        [
            0.23076245188713074,
            -0.36133813858032227,
            0.14010043442249298
        ],
        [
            0.3440935015678406,
            -0.2394089549779892,
            -0.0428864061832428
        ],
        [
            -0.003008730011060834,
            -0.2384440153837204,
            0.025356663390994072
        ],
        [
            -0.08856023848056793,
            -0.16825951635837555,
            0.01983284205198288
        ],
        [
            -0.2356545776128769,
            0.16895745694637299,
            -0.06918088346719742
        ],
        [
            -0.32585522532463074,
            0.4975696802139282,
            0.1258743703365326
        ],
        [
            0.03286648914217949,
            -0.13367626070976257,
            0.04690054804086685
        ],
        [
            0.002690386027097702,
            0.22400325536727905,
            -0.041011326014995575
        ],
        [
            -0.08566060662269592,
            0.5185971260070801,
            0.20251771807670593
        ],
        [
            0.1840997189283371,
            -0.8448903560638428,
            -0.21585054695606232
        ],
        [
            0.24603381752967834,
            -0.8220468163490295,
            -0.22531726956367493
        ],
        [
            0.1610412299633026,
            -0.867554783821106,
            -0.11656345427036285
        ],
        [
            0.3003908693790436,
            -0.8159564733505249,
            -0.13584938645362854
        ],
        [
            -0.09734605252742767,
            0.647364616394043,
            0.05046546459197998
        ],
        [
            -0.03432691842317581,
            0.6470346450805664,
            0.1078522801399231
        ],
        [
            -0.08942246437072754,
            0.5242541432380676,
            0.2728705406188965
        ],
        [
            -0.33741554617881775,
            0.6148087978363037,
            -0.03637756407260895
        ],
        [
            -0.40795761346817017,
            0.5860612392425537,
            0.009817391633987427
        ],
        [
            -0.33667904138565063,
            0.5154864192008972,
            0.1967252492904663
        ],
        [
            -0.33404600620269775,
            0.43963098526000977,
            0.12949755787849426
        ],
        [
            -0.21300458908081055,
            0.11176371574401855,
            -0.06589461863040924
        ],
        [
            -0.12777577340602875,
            -0.3098255395889282,
            0.010075485333800316
        ],
        [
            0.12876299023628235,
            -0.22062188386917114,
            0.07644213736057281
        ],
        [
            0.018839385360479355,
            0.18831859529018402,
            -0.03811034932732582
        ],
        [
            -0.06901542842388153,
            0.480272114276886,
            0.2082870602607727
        ],
        [
            -0.09768089652061462,
            -0.3253976106643677,
            -0.16168911755084991
        ],
        [
            -0.1803184449672699,
            -0.5172274112701416,
            -0.06964841485023499
        ],
        [
            0.01374416146427393,
            -0.7100968956947327,
            -0.08299384266138077
        ],
        [
            0.2755746841430664,
            -0.6311992406845093,
            0.029343105852603912
        ],
        [
            0.2795345187187195,
            -0.3801743984222412,
            0.12792575359344482
        ],
        [
            0.34872883558273315,
            -0.26220738887786865,
            -0.03487606346607208
        ],
        [
            0.17305850982666016,
            -0.7158885598182678,
            -0.054390061646699905
        ],
        [
            0.24628032743930817,
            -0.8858286142349243,
            -0.15846629440784454
        ],
        [
            0.0008763459627516568,
            -0.2648504674434662,
            0.04325282573699951
        ],
        [
            0.1443175971508026,
            -0.667850136756897,
            -0.029844334349036217
        ],
        [
            0.07731720060110092,
            -0.5100904107093811,
            0.01802901364862919
        ],
        [
            0.21005071699619293,
            -0.7772060036659241,
            -0.1616860330104828
        ],
        [
            0.24874994158744812,
            -0.9069962501525879,
            -0.15463607013225555
        ]
    ],
    "pred_vertices": [
        [
            0.2711416780948639,
            -0.8595356345176697,
            -0.24060240387916565
        ],
        [
            0.2601955533027649,
            -0.8470580577850342,
            -0.24210479855537415
        ],
        [
            0.27131545543670654,
            -0.8420448303222656,
            -0.23430849611759186
        ],
        [
            0.2816546559333801,
            -0.8518111705780029,
            -0.22864291071891785
        ],
        [
            0.26361629366874695,
            -0.8343254327774048,
            -0.23632250726222992
        ],
        [
            0.2531503736972809,
            -0.8377642631530762,
            -0.2420429140329361
        ],
        [
            0.2779354751110077,
            -0.8365845680236816,
            -0.22306933999061584
        ],
        [
            0.2868260443210602,
            -0.8429722785949707,
            -0.2155720591545105
        ],
        [
            0.27432167530059814,
            -0.8048422336578369,
            -0.20250347256660461
        ],
        [
            0.27834048867225647,
            -0.8010183572769165,
            -0.1923811435699463
        ],
        [
            0.2822535037994385,
            -0.8115662336349487,
            -0.19756782054901123
        ],
        [
            0.2759914994239807,
            -0.8131959438323975,
            -0.20592552423477173
        ],
        [
            0.2663673758506775,
            -0.7819123864173889,
            -0.19158995151519775
        ],
        [
            0.2562856376171112,
            -0.7737331390380859,
            -0.19631806015968323
        ],
        [
            0.25788235664367676,
            -0.7664753794670105,
            -0.18473801016807556
        ],
        [
            0.2670961618423462,
            -0.7746138572692871,
            -0.17909641563892365
        ],
        [
            0.22517266869544983,
            -0.7934216856956482,
            -0.21951943635940552
        ],
        [
            0.22874072194099426,
            -0.7854484915733337,
            -0.21733149886131287
        ],
        [
            0.23439940810203552,
            -0.7905251383781433,
            -0.2187764197587967
        ],
        [
            0.2300085723400116,
            -0.7979665398597717,
            -0.22034218907356262
        ],
        [
            0.21820864081382751,
            -0.8044523000717163,
            -0.22742709517478943
        ],
        [
            0.2214062213897705,
            -0.8098313808441162,
            -0.2255973517894745
        ],
        [
            0.2172212302684784,
            -0.8139165639877319,
            -0.2312653660774231
        ],
        [
            0.2144414782524109,
            -0.8072890639305115,
            -0.23411177098751068
        ],
        [
            0.2185116559267044,
            -0.7904376983642578,
            -0.21776479482650757
        ],
        [
            0.22252899408340454,
            -0.7820117473602295,
            -0.2151871621608734
        ],
        [
            0.2220131754875183,
            -0.8001110553741455,
            -0.22209502756595612
        ],
        [
            0.21861016750335693,
            -0.7962353229522705,
            -0.2231864631175995
        ],
        [
            0.21226483583450317,
            -0.7893049716949463,
            -0.23179814219474792
        ],
        [
            0.21533331274986267,
            -0.7934056520462036,
            -0.23168081045150757
        ],
        [
            0.2111506462097168,
            -0.7941425442695618,
            -0.23851148784160614
        ],
        [
            0.20842351019382477,
            -0.7896900177001953,
            -0.23626306653022766
        ],
        [
            0.21620619297027588,
            -0.7897878885269165,
            -0.22257061302661896
        ],
        [
            0.21710723638534546,
            -0.7916992902755737,
            -0.226290762424469
        ],
        [
            0.21332184970378876,
            -0.7885785698890686,
            -0.22739490866661072
        ],
        [
            0.2119453251361847,
            -0.7877634763717651,
            -0.22342154383659363
        ],
        [
            0.21584056317806244,
            -0.8001447916030884,
            -0.22929850220680237
        ],
        [
            0.2124747335910797,
            -0.8013164401054382,
            -0.23647698760032654
        ],
        [
            0.2080465704202652,
            -0.8024395108222961,
            -0.24367700517177582
        ],
        [
            0.2058277279138565,
            -0.793644905090332,
            -0.24484261870384216
        ],
        [
            0.2363976538181305,
            -0.7702137231826782,
            -0.20795802772045135
        ],
        [
            0.23274937272071838,
            -0.7776000499725342,
            -0.21382728219032288
        ],
        [
            0.22658395767211914,
            -0.7746005058288574,
            -0.21228119730949402
        ],
        [
            0.2300635576248169,
            -0.7683395147323608,
            -0.20829349756240845
        ],
        [
            0.21283911168575287,
            -0.7849597334861755,
            -0.21919935941696167
        ],
        [
            0.21179163455963135,
            -0.7685667276382446,
            -0.21498140692710876
        ],
        [
            0.21313682198524475,
            -0.7719748616218567,
            -0.216544046998024
        ],
        [
            0.207017719745636,
            -0.7739182710647583,
            -0.22014689445495605
        ],
        [
            0.20639267563819885,
            -0.7705504894256592,
            -0.21856340765953064
        ],
        [
            0.2384706735610962,
            -0.7568302154541016,
            -0.1956280916929245
        ],
        [
            0.23214676976203918,
            -0.7566595077514648,
            -0.19952359795570374
        ],
        [
            0.23106680810451508,
            -0.7504955530166626,
            -0.1947859227657318
        ],
        [
            0.23677125573158264,
            -0.7499393820762634,
            -0.1891336739063263
        ],
        [
            0.22768118977546692,
            -0.7458367943763733,
            -0.1916733682155609
        ],
        [
            0.23410730063915253,
            -0.7435667514801025,
            -0.1834089457988739
        ],
        [
            0.2214924842119217,
            -0.7333182096481323,
            -0.17883796989917755
        ],
        [
            0.2277686893939972,
            -0.7377525568008423,
            -0.18048244714736938
        ],
        [
            0.22233623266220093,
            -0.7417386174201965,
            -0.1902305781841278
        ],
        [
            0.21530617773532867,
            -0.738082230091095,
            -0.19153034687042236
        ],
        [
            0.20334075391292572,
            -0.744997501373291,
            -0.20030057430267334
        ],
        [
            0.19692930579185486,
            -0.7451913356781006,
            -0.20227253437042236
        ],
        [
            0.19851087033748627,
            -0.7326161861419678,
            -0.19718033075332642
        ],
        [
            0.20644894242286682,
            -0.7344175577163696,
            -0.19460716843605042
        ],
        [
            0.21054184436798096,
            -0.764140248298645,
            -0.20871831476688385
        ],
        [
            0.2147364616394043,
            -0.7635488510131836,
            -0.20624902844429016
        ],
        [
            0.21499228477478027,
            -0.7643433809280396,
            -0.20896753668785095
        ],
        [
            0.21088683605194092,
            -0.7659435272216797,
            -0.21222534775733948
        ],
        [
            0.2183811366558075,
            -0.7624856233596802,
            -0.20457080006599426
        ],
        [
            0.21998916566371918,
            -0.7619259357452393,
            -0.20389124751091003
        ],
        [
            0.2199161797761917,
            -0.762961208820343,
            -0.2055005133152008
        ],
        [
            0.21829058229923248,
            -0.7632391452789307,
            -0.20543590188026428
        ],
        [
            0.21627414226531982,
            -0.7633854746818542,
            -0.20575560629367828
        ],
        [
            0.21472236514091492,
            -0.7617290019989014,
            -0.20550087094306946
        ],
        [
            0.21727676689624786,
            -0.7618627548217773,
            -0.20471814274787903
        ],
        [
            0.21067377924919128,
            -0.7614165544509888,
            -0.20777052640914917
        ],
        [
            0.19693012535572052,
            -0.7618576288223267,
            -0.21393896639347076
        ],
        [
            0.20091937482357025,
            -0.7612209320068359,
            -0.21287038922309875
        ],
        [
            0.20098073780536652,
            -0.7662064433097839,
            -0.21324485540390015
        ],
        [
            0.19769936800003052,
            -0.7669955492019653,
            -0.21425358951091766
        ],
        [
            0.21850384771823883,
            -0.7650130987167358,
            -0.20786011219024658
        ],
        [
            0.22151008248329163,
            -0.7655110359191895,
            -0.208047017455101
        ],
        [
            0.21816392242908478,
            -0.7684280872344971,
            -0.2120942622423172
        ],
        [
            0.21636193990707397,
            -0.7664601802825928,
            -0.2104368358850479
        ],
        [
            0.22468626499176025,
            -0.7663858532905579,
            -0.20861193537712097
        ],
        [
            0.22255189716815948,
            -0.7634090185165405,
            -0.20548942685127258
        ],
        [
            0.22591525316238403,
            -0.7631295323371887,
            -0.20536702871322632
        ],
        [
            0.2189796268939972,
            -0.7603214979171753,
            -0.2032860815525055
        ],
        [
            0.22136293351650238,
            -0.7581002712249756,
            -0.20161503553390503
        ],
        [
            0.22244957089424133,
            -0.7602760791778564,
            -0.2034127116203308
        ],
        [
            0.2184152901172638,
            -0.7555980682373047,
            -0.20078831911087036
        ],
        [
            0.21590909361839294,
            -0.7590669393539429,
            -0.2035607099533081
        ],
        [
            0.21156316995620728,
            -0.7578076124191284,
            -0.2054620236158371
        ],
        [
            0.20615455508232117,
            -0.7570405602455139,
            -0.20802390575408936
        ],
        [
            0.2075881063938141,
            -0.7523713111877441,
            -0.20374256372451782
        ],
        [
            0.21358302235603333,
            -0.753562331199646,
            -0.20180149376392365
        ],
        [
            0.22140872478485107,
            -0.7716354727745056,
            -0.2126639485359192
        ],
        [
            0.22660528123378754,
            -0.7585455179214478,
            -0.2018175721168518
        ],
        [
            0.23176777362823486,
            -0.7633641958236694,
            -0.20395922660827637
        ],
        [
            0.22534433007240295,
            -0.7542462348937988,
            -0.19923605024814606
        ],
        [
            0.22219450771808624,
            -0.7507898211479187,
            -0.19723215699195862
        ],
        [
            0.2171272337436676,
            -0.7479397058486938,
            -0.1969251036643982
        ],
        [
            0.2102295309305191,
            -0.7461624145507812,
            -0.19848880171775818
        ],
        [
            0.20044326782226562,
            -0.726571261882782,
            -0.18345779180526733
        ],
        [
            0.21039319038391113,
            -0.7291401624679565,
            -0.1815585196018219
        ],
        [
            0.24919632077217102,
            -0.8326348066329956,
            -0.23662510514259338
        ],
        [
            0.25765711069107056,
            -0.8295012712478638,
            -0.23449745774269104
        ],
        [
            0.25635164976119995,
            -0.823777437210083,
            -0.22725148499011993
        ],
        [
            0.2587824761867523,
            -0.8252087831497192,
            -0.22797629237174988
        ],
        [
            0.2537272572517395,
            -0.8275175094604492,
            -0.2312498688697815
        ],
        [
            0.25243881344795227,
            -0.8253387212753296,
            -0.22956348955631256
        ],
        [
            0.2695995569229126,
            -0.816012978553772,
            -0.21164071559906006
        ],
        [
            0.2647309899330139,
            -0.8182498216629028,
            -0.21616601943969727
        ],
        [
            0.2642134428024292,
            -0.8149793148040771,
            -0.21360820531845093
        ],
        [
            0.26926860213279724,
            -0.8095290660858154,
            -0.20911335945129395
        ],
        [
            0.2534118890762329,
            -0.8088989853858948,
            -0.21734541654586792
        ],
        [
            0.2585185766220093,
            -0.8093942403793335,
            -0.21488669514656067
        ],
        [
            0.2564883828163147,
            -0.8160679340362549,
            -0.21933647990226746
        ],
        [
            0.2527865767478943,
            -0.815706729888916,
            -0.22116541862487793
        ],
        [
            0.24871458113193512,
            -0.8161887526512146,
            -0.2226821780204773
        ],
        [
            0.24454809725284576,
            -0.8173702955245972,
            -0.22361010313034058
        ],
        [
            0.24315741658210754,
            -0.8126524686813354,
            -0.22134990990161896
        ],
        [
            0.24799758195877075,
            -0.8103535175323486,
            -0.21967634558677673
        ],
        [
            0.24763578176498413,
            -0.8305983543395996,
            -0.23230239748954773
        ],
        [
            0.24078957736492157,
            -0.8324481248855591,
            -0.23114576935768127
        ],
        [
            0.24117441475391388,
            -0.8295066952705383,
            -0.2296701818704605
        ],
        [
            0.24688886106014252,
            -0.8277326822280884,
            -0.23090288043022156
        ],
        [
            0.2304118275642395,
            -0.8286893367767334,
            -0.22188954055309296
        ],
        [
            0.23220902681350708,
            -0.8302500247955322,
            -0.22375988960266113
        ],
        [
            0.2290865182876587,
            -0.8325374126434326,
            -0.2249707132577896
        ],
        [
            0.22686979174613953,
            -0.8288754224777222,
            -0.2227395921945572
        ],
        [
            0.22803345322608948,
            -0.8252370357513428,
            -0.22219321131706238
        ],
        [
            0.23094205558300018,
            -0.8265321850776672,
            -0.22200410068035126
        ],
        [
            0.26986393332481384,
            -0.8820061683654785,
            -0.24474652111530304
        ],
        [
            0.25885874032974243,
            -0.86666339635849,
            -0.24727721512317657
        ],
        [
            0.2843114733695984,
            -0.8732028007507324,
            -0.23238113522529602
        ],
        [
            0.29168182611465454,
            -0.86326664686203,
            -0.21899168193340302
        ],
        [
            0.29653817415237427,
            -0.8507187366485596,
            -0.206388920545578
        ],
        [
            0.24766498804092407,
            -0.7602075934410095,
            -0.19049522280693054
        ],
        [
            0.24727153778076172,
            -0.7529171109199524,
            -0.18163877725601196
        ],
        [
            0.2588556110858917,
            -0.7601232528686523,
            -0.17313703894615173
        ],
        [
            0.2547249495983124,
            -0.7521687150001526,
            -0.16433319449424744
        ],
        [
            0.24317052960395813,
            -0.7449795603752136,
            -0.17411747574806213
        ],
        [
            0.22596736252307892,
            -0.7331667542457581,
            -0.1646161824464798
        ],
        [
            0.23593643307685852,
            -0.7379763126373291,
            -0.16813300549983978
        ],
        [
            0.24794811010360718,
            -0.745995283126831,
            -0.15458771586418152
        ],
        [
            0.26111429929733276,
            -0.7585481405258179,
            -0.14420974254608154
        ],
        [
            0.2653959095478058,
            -0.7622524499893188,
            -0.1560932844877243
        ],
        [
            0.2715446949005127,
            -0.7745271921157837,
            -0.13665346801280975
        ],
        [
            0.2567219138145447,
            -0.7555612325668335,
            -0.1285705864429474
        ],
        [
            0.27034157514572144,
            -0.7761440277099609,
            -0.12657959759235382
        ],
        [
            0.23174048960208893,
            -0.7249857187271118,
            -0.1174449771642685
        ],
        [
            0.23038986325263977,
            -0.7150994539260864,
            -0.1080503910779953
        ],
        [
            0.2420123964548111,
            -0.7226612567901611,
            -0.09521497040987015
        ],
        [
            0.24516740441322327,
            -0.7316519618034363,
            -0.10525767505168915
        ],
        [
            0.2674580514431,
            -0.7675919532775879,
            -0.16694757342338562
        ],
        [
            0.2887060046195984,
            -0.8221402168273926,
            -0.19323985278606415
        ],
        [
            0.28259700536727905,
            -0.8207761645317078,
            -0.20413555204868317
        ],
        [
            0.2868998646736145,
            -0.8111869692802429,
            -0.18605904281139374
        ],
        [
            0.31272003054618835,
            -0.8791646957397461,
            -0.1939825415611267
        ],
        [
            0.30324676632881165,
            -0.8725758194923401,
            -0.20866815745830536
        ],
        [
            0.3061361014842987,
            -0.8583656549453735,
            -0.19804500043392181
        ],
        [
            0.3151727616786957,
            -0.8664133548736572,
            -0.18558038771152496
        ],
        [
            0.295377641916275,
            -0.9177861213684082,
            -0.21078860759735107
        ],
        [
            0.2847866117954254,
            -0.9013765454292297,
            -0.23002667725086212
        ],
        [
            0.2938007712364197,
            -0.8887169361114502,
            -0.22027158737182617
        ],
        [
            0.3039233088493347,
            -0.9007538557052612,
            -0.20462952554225922
        ],
        [
            0.31914788484573364,
            -0.8703961968421936,
            -0.17368140816688538
        ],
        [
            0.323930025100708,
            -0.876032829284668,
            -0.15610969066619873
        ],
        [
            0.3268465995788574,
            -0.8939377069473267,
            -0.15517768263816833
        ],
        [
            0.3205070495605469,
            -0.8885093927383423,
            -0.1765391230583191
        ],
        [
            0.32284247875213623,
            -0.9179528951644897,
            -0.15396293997764587
        ],
        [
            0.3155600428581238,
            -0.9124493598937988,
            -0.17988431453704834
        ],
        [
            0.2650868892669678,
            -0.7671924829483032,
            -0.11029046773910522
        ],
        [
            0.2732313871383667,
            -0.7840020656585693,
            -0.11517772078514099
        ],
        [
            0.24865208566188812,
            -0.7427873611450195,
            -0.1176711767911911
        ],
        [
            0.2580426037311554,
            -0.7526758313179016,
            -0.10311363637447357
        ],
        [
            0.3120751976966858,
            -0.9405226707458496,
            -0.15235421061515808
        ],
        [
            0.30452990531921387,
            -0.9337674975395203,
            -0.18383218348026276
        ],
        [
            0.3166446089744568,
            -0.8723219037055969,
            -0.10073791444301605
        ],
        [
            0.32349148392677307,
            -0.8853944540023804,
            -0.11501944065093994
        ],
        [
            0.32129350304603577,
            -0.8677890300750732,
            -0.12628957629203796
        ],
        [
            0.31578439474105835,
            -0.8580125570297241,
            -0.11136100441217422
        ],
        [
            0.3125806450843811,
            -0.8882404565811157,
            -0.08954447507858276
        ],
        [
