{
    "pred_cam": [
        1.2162753343582153,
        -0.000417439267039299,
        0.18541386723518372
    ],
    "pred_smpl_params": {
        "global_orient": [
            [
                [
                    0.9473457336425781,
                    0.27617645263671875,
                    0.16205748915672302
                ],
                [
                    0.26628702878952026,
                    -0.9605430960655212,
                    0.08030152320861816
                ],
                [
                    0.17784056067466736,
                    -0.0329195000231266,
                    -0.9835085868835449
                ]
            ]
        ],
        "body_pose": [
            [
                [
                    0.9965132474899292,
                    -0.049292001873254776,
                    -0.06731697171926498
                ],
                [
                    0.0665876716375351,
                    0.9560043811798096,
                    0.2856951057910919
                ],
                [
                    0.05027283728122711,
                    -0.2891814708709717,
                    0.9559532403945923
                ]
            ],
            [
                [
                    0.9964357018470764,
                    0.07768522202968597,
                    -0.0328771136701107
                ],
                [
                    -0.06689506769180298,
                    0.9651339650154114,
                    0.2530641555786133
                ],
                [
                    0.05139016732573509,
                    -0.24996285140514374,
                    0.9668906927108765
                ]
            ],
            [
                [
                    0.9979115128517151,
                    0.046028874814510345,
                    0.04532039538025856
                ],
                [
                    -0.034352146089076996,
                    0.9723190665245056,
                    -0.23111788928508759
                ],
                [
                    -0.054703984409570694,
                    0.22907835245132446,
                    0.9718695878982544
                ]
            ],
            [
                [
                    0.9907038807868958,
                    -0.032104816287755966,
                    -0.13219374418258667
                ],
                [
                    -0.07340545207262039,
                    0.6919757127761841,
                    -0.7181791067123413
                ],
                [
                    0.11453183740377426,
                    0.721206545829773,
                    0.6831863522529602
                ]
            ],
            [
                [
                    0.9931618571281433,
                    -0.10215647518634796,
                    0.056509967893362045
                ],
                [
                    0.11595652997493744,
                    0.807040274143219,
                    -0.5789991021156311
                ],
                [
                    0.013542684726417065,
                    0.5815926194190979,
                    0.8133673071861267
                ]
            ],
            [
                [
                    0.9974892139434814,
                    0.026109058409929276,
                    0.06583080440759659
                ],
                [
                    -0.027404189109802246,
                    0.99944669008255,
                    0.01884789764881134
                ],
                [
                    -0.0653022900223732,
                    -0.020604612305760384,
                    0.9976527690887451
                ]
            ],
            [
                [
                    0.9818979501724243,
                    0.08982658386230469,
                    0.16675595939159393
                ],
                [
                    -0.10748066753149033,
                    0.9891613125801086,
                    0.10003893822431564
                ],
                [
                    -0.15596239268779755,
                    -0.11615108698606491,
                    0.980910062789917
                ]
            ],
            [
                [
                    0.9806784391403198,
                    -0.12473271787166595,
                    -0.15070345997810364
                ],
                [
                    0.12535588443279266,
                    0.9920971989631653,
                    -0.005395791493356228
                ],
                [
                    0.1501855105161667,
                    -0.013600029051303864,
                    0.9885643124580383
                ]
            ],
            [
                [
                    0.999211311340332,
                    -0.00016352396050933748,
                    0.039707135409116745
                ],
                [
                    0.003873136593028903,
                    0.9956243634223938,
                    -0.09336555004119873
                ],
                [
                    -0.03951812535524368,
                    0.09344571083784103,
                    0.9948397874832153
                ]
            ],
            [
                [
                    0.9790999293327332,
                    -0.20337742567062378,
                    -0.0009264004183933139
                ],
                [
                    0.19890810549259186,
                    0.9566141366958618,
                    0.21289648115634918
                ],
                [
                    -0.04241212457418442,
                    -0.2086312174797058,
                    0.9770742654800415
                ]
            ],
            [
                [
                    0.9662860035896301,
                    0.2574465274810791,
                    -0.003552727634087205
                ],
                [
                    -0.2509973347187042,
                    0.9449752569198608,
                    0.20981420576572418
                ],
                [
                    0.05737318843603134,
                    -0.2018488198518753,
                    0.9777347445487976
                ]
            ],
            [
                [
                    0.9493622183799744,
                    -0.017571283504366875,
                    -0.3136919140815735
                ],
                [
                    0.03748127073049545,
                    0.9976387023925781,
                    0.05755171924829483
                ],
                [
                    0.31193992495536804,
                    -0.06639499962329865,
                    0.9477790594100952
                ]
            ],
            [
                [
                    0.9332658052444458,
                    0.3470393419265747,
                    0.09262120723724365
                ],
                [
                    -0.3453139662742615,
                    0.9378505349159241,
                    -0.03456365317106247
                ],
                [
                    -0.09885979443788528,
                    0.00027367754955776036,
                    0.9951013922691345
                ]
            ],
            [
                [
                    0.9499931931495667,
                    -0.3081877529621124,
                    0.05033080652356148
                ],
                [
                    0.3108542859554291,
                    0.948653519153595,
                    -0.05853382125496864
                ],
                [
                    -0.029707085341215134,
                    0.07125227898359299,
                    0.9970158934593201
                ]
            ],
            [
                [
                    0.9682386517524719,
                    -0.1333787590265274,
                    -0.21148060262203217
                ],
                [
                    0.09090559184551239,
                    0.9757360219955444,
                    -0.1991867870092392
                ],
                [
                    0.23291653394699097,
                    0.1736355721950531,
                    0.9568701982498169
                ]
            ],
            [
                [
                    0.5087293982505798,
                    0.8283889889717102,
                    -0.2344483733177185
                ],
                [
                    -0.8511924743652344,
                    0.5248026847839355,
                    0.007311096414923668
                ],
                [
                    0.12909556925296783,
                    0.19584134221076965,
                    0.9721010327339172
                ]
            ],
            [
                [
                    0.5549218058586121,
                    -0.7843494415283203,
                    0.27723219990730286
                ],
                [
                    0.8292506337165833,
                    0.5481210947036743,
                    -0.10911736637353897
                ],
                [
                    -0.06637066602706909,
                    0.29044660925865173,
                    0.9545866250991821
                ]
            ],
            [
                [
                    0.15848460793495178,
                    -0.3830812871456146,
                    -0.9100171327590942
                ],
                [
                    0.35421478748321533,
                    0.882373571395874,
                    -0.3097558915615082
                ],
                [
                    0.9216368198394775,
                    -0.2732500433921814,
                    0.2755357027053833
                ]
            ],
            [
                [
                    0.3924196660518646,
                    0.3473970890045166,
                    0.8516584634780884
                ],
                [
                    0.008827459067106247,
                    0.9244656562805176,
                    -0.381163090467453
                ],
                [
                    -0.9197439551353455,
                    0.1570938527584076,
                    0.3597118556499481
                ]
            ],
            [
                [
                    0.9875147342681885,
                    -0.151624858379364,
                    -0.04271229729056358
                ],
                [
                    0.1553848534822464,
                    0.9821548461914062,
                    0.10595954954624176
                ],
                [
                    0.025883987545967102,
                    -0.11127348244190216,
                    0.9934526085853577
                ]
            ],
            [
                [
                    0.9911314845085144,
                    0.12144169211387634,
                    0.053947433829307556
                ],
                [
                    -0.11984450370073318,
                    0.9922791123390198,
                    -0.03192747011780739
                ],
                [
                    -0.05740824341773987,
                    0.025179017335176468,
                    0.9980331659317017
                ]
            ],
            [
                [
                    0.9672397375106812,
                    0.2366975098848343,
                    -0.09176979959011078
                ],
                [
                    -0.22524899244308472,
                    0.9669069051742554,
                    0.1198076605796814
                ],
                [
                    0.11709103733301163,
                    -0.09521166235208511,
                    0.9885466694831848
                ]
            ],
            [
                [
                    0.9701414108276367,
                    -0.23031310737133026,
                    0.07603659480810165
                ],
                [
                    0.21540111303329468,
                    0.9622508883476257,
                    0.16635999083518982
                ],
                [
                    -0.11148115992546082,
                    -0.14501434564590454,
                    0.9831291437149048
                ]
            ]
        ],
        "betas": [
            0.031473755836486816,
            0.0436059832572937,
            0.3795976936817169,
            1.1026536226272583,
            0.017129957675933838,
            0.020612630993127823,
            -0.008822709321975708,
            0.012386500835418701,
            0.07842248678207397,
            -0.01743614673614502
        ]
    },
    "pred_cam_t": [
        -0.000417439267039299,
        0.18541386723518372,
        32.116493225097656
    ],
    "focal_length": [
        5000.0,
        5000.0
    ],
    "pred_keypoints_3d": [
        [
            0.18004196882247925,
            -0.7883286476135254,
            -0.2376842051744461
        ],
        [
            0.17722950875759125,
            -0.7186039686203003,
            -0.05472062900662422
        ],
        [
            -0.025820888578891754,
            -0.6860770583152771,
            -0.08497045934200287
        ],
        [
            -0.18070849776268005,
            -0.5010972023010254,
            -0.015538662672042847
        ],
        [
            -0.13809797167778015,
            -0.29865896701812744,
            -0.16075904667377472
        ],
        [
            0.29733163118362427,
            -0.5874712467193604,
            0.04611384868621826
        ],
        [
            0.23379649221897125,
            -0.35787367820739746,
            0.145310640335083
        ],
        [
            0.3442981243133545,
            -0.235870361328125,
            -0.0397111177444458
        ],
        [
            -0.002710385015234351,
            -0.23549853265285492,
            0.026467397809028625
        ],
        [
            -0.09016914665699005,
            -0.1661752164363861,
            0.02274356223642826
        ],
        [
            -0.23983855545520782,
            0.17199662327766418,
            -0.0611441433429718
        ],
        [
            -0.32720646262168884,
            0.5042995810508728,
            0.13160818815231323
        ],
        [
            0.03389239311218262,
            -0.13014747202396393,
            0.048362068831920624
        ],
        [
            0.004558699205517769,
            0.22948189079761505,
            -0.03540484607219696
        ],
        [
            -0.08578300476074219,
            0.5257899165153503,
            0.20738987624645233
        ],
        [
            0.16977080702781677,
            -0.8424202799797058,
            -0.2081466019153595
        ],
        [
            0.23059013485908508,
            -0.8214203119277954,
            -0.22551226615905762
        ],
        [
            0.15775594115257263,
            -0.8595674633979797,
            -0.10627663135528564
        ],
        [
            0.2947036027908325,
            -0.8118684887886047,
            -0.1428917944431305
        ],
        [
            -0.09622816741466522,
            0.6553683876991272,
            0.05588671565055847
        ],
        [
            -0.033758051693439484,
            0.6545640230178833,
            0.11354982852935791
        ],
        [
            -0.09006626904010773,
            0.531304657459259,
            0.27800703048706055
        ],
        [
            -0.3421753942966461,
            0.621526837348938,
            -0.03004498779773712
        ],
        [
            -0.41207823157310486,
            0.5926058292388916,
            0.01671263575553894
        ],
        [
            -0.33646729588508606,
            0.5228087306022644,
            0.2027111053466797
        ],
        [
            -0.33526358008384705,
            0.44647276401519775,
            0.13613247871398926
        ],
        [
            -0.21738678216934204,
            0.11470092833042145,
            -0.05837167426943779
        ],
        [
            -0.1296798288822174,
            -0.30841976404190063,
            0.012547488324344158
        ],
        [
            0.13202445209026337,
            -0.2163117676973343,
            0.0762798935174942
        ],
        [
            0.02099686861038208,
            0.19388721883296967,
            -0.032706912606954575
        ],
        [
            -0.06910182535648346,
            0.4874705672264099,
            0.21353082358837128
        ],
        [
            -0.11238789558410645,
            -0.3280746638774872,
            -0.15804988145828247
        ],
        [
            -0.18239620327949524,
            -0.5197206139564514,
            -0.05594709515571594
        ],
        [
            0.016798973083496094,
            -0.7063066959381104,
            -0.07727071642875671
        ],
        [
            0.27998143434524536,
            -0.6243103742599487,
            0.02622261643409729
        ],
        [
            0.2828434109687805,
            -0.3759209215641022,
            0.13236743211746216
        ],
        [
            0.3490979075431824,
            -0.25890180468559265,
            -0.03179146721959114
        ],
        [
            0.17644639313220978,
            -0.7099369764328003,
            -0.054056115448474884
        ],
        [
            0.23741643130779266,
            -0.8817799687385559,
            -0.15530699491500854
        ],
        [
            0.0016363157192245126,
            -0.26197800040245056,
            0.04448697715997696
        ],
        [
            0.14828379452228546,
            -0.6623313426971436,
            -0.028869513422250748
        ],
        [
            0.0810011699795723,
            -0.503390908241272,
            0.018828056752681732
        ],
        [
            0.20262525975704193,
            -0.7728662490844727,
            -0.16113759577274323
        ],
        [
            0.23982232809066772,
            -0.9028967618942261,
            -0.1506607085466385
        ]
    ],
    "pred_vertices": [
        [
            0.2535892128944397,
            -0.860361635684967,
            -0.24110141396522522
        ],
        [
            0.24266669154167175,
            -0.8477003574371338,
            -0.24212664365768433
        ],
        [
            0.254686564207077,
            -0.8424899578094482,
            -0.2358589768409729
        ],
        [
            0.2654285430908203,
            -0.8522474765777588,
            -0.2307499647140503
        ],
        [
            0.24688029289245605,
            -0.8346719145774841,
            -0.23741742968559265
        ],
        [
            0.2357303500175476,
            -0.8382366895675659,
            -0.2418317198753357
        ],
        [
            0.2625567615032196,
            -0.836560845375061,
            -0.22573105990886688
        ],
        [
            0.2721075415611267,
            -0.8428159952163696,
            -0.21890026330947876
        ],
        [
            0.2616365849971771,
            -0.80368572473526,
            -0.20674653351306915
        ],
        [
            0.2667754590511322,
            -0.7994414567947388,
            -0.19729241728782654
        ],
        [
            0.2700297236442566,
            -0.8102754950523376,
            -0.20227880775928497
        ],
        [
            0.2628594934940338,
            -0.812206506729126,
            -0.2098546326160431
        ],
        [
            0.25533372163772583,
            -0.780038595199585,
            -0.19621410965919495
        ],
        [
            0.24489516019821167,
            -0.771904706954956,
            -0.20032572746276855
        ],
        [
            0.24782027304172516,
            -0.7641299962997437,
            -0.18925756216049194
        ],
        [
            0.25742197036743164,
            -0.772164523601532,
            -0.1841520369052887
        ],
        [
            0.21103735268115997,
            -0.7920477986335754,
            -0.2190592885017395
        ],
        [
            0.21497181057929993,
            -0.7840519547462463,
            -0.21772444248199463
        ],
        [
            0.22037233412265778,
            -0.7893031239509583,
            -0.2195298820734024
        ],
        [
            0.21569065749645233,
            -0.7967303991317749,
            -0.22018539905548096
        ],
        [
            0.20309239625930786,
            -0.8033292293548584,
            -0.22537335753440857
        ],
        [
            0.20638898015022278,
            -0.8086712956428528,
            -0.2236769199371338
        ],
        [
            0.2015131413936615,
            -0.8129777908325195,
            -0.22849851846694946
        ],
        [
            0.19856205582618713,
            -0.8064601421356201,
            -0.2313246726989746
        ],
        [
            0.20465075969696045,
            -0.7888733148574829,
            -0.21664583683013916
        ],
        [
            0.20908895134925842,
            -0.7804375886917114,
            -0.21501395106315613
        ],
        [
            0.20749762654304504,
            -0.7987943291664124,
            -0.2208441197872162
        ],
        [
            0.20410612225532532,
            -0.7949075698852539,
            -0.22168323397636414
        ],
        [
            0.1969541609287262,
            -0.7883568406105042,
            -0.22972458600997925
        ],
        [
            0.1999489963054657,
            -0.7925066351890564,
            -0.22973623871803284
        ],
        [
            0.19501890242099762,
            -0.793557345867157,
            -0.23595848679542542
        ],
        [
            0.192638099193573,
            -0.7889328598976135,
            -0.233669251203537
        ],
        [
            0.20184682309627533,
            -0.7884559631347656,
            -0.2210996150970459
        ],
        [
            0.20230671763420105,
            -0.7905555963516235,
            -0.22474463284015656
        ],
        [
            0.19846795499324799,
            -0.7874336838722229,
            -0.22556807100772858
        ],
        [
            0.19755220413208008,
            -0.7864091396331787,
            -0.22154393792152405
        ],
        [
            0.2005823701620102,
            -0.7991087436676025,
            -0.2271398901939392
        ],
        [
            0.19642746448516846,
            -0.8006072044372559,
            -0.23373092710971832
        ],
        [
            0.19122186303138733,
            -0.80203777551651,
            -0.2402406632900238
        ],
        [
            0.1890798658132553,
            -0.7933040857315063,
            -0.24163973331451416
        ],
        [
            0.22388410568237305,
            -0.768574595451355,
            -0.2099837362766266
        ],
        [
            0.21945258975028992,
            -0.776161789894104,
            -0.21508708596229553
        ],
        [
            0.21356099843978882,
            -0.7729932069778442,
            -0.21296465396881104
        ],
        [
            0.21756593883037567,
            -0.7666463851928711,
            -0.20967087149620056
        ],
        [
            0.1989801526069641,
            -0.7834126949310303,
            -0.21765324473381042
        ],
        [
            0.19873672723770142,
            -0.7668976783752441,
            -0.21422475576400757
        ],
        [
            0.19983063638210297,
            -0.7703820466995239,
            -0.21572443842887878
        ],
        [
            0.1933085024356842,
            -0.7723982334136963,
            -0.21851611137390137
        ],
        [
            0.19293713569641113,
            -0.7689628601074219,
            -0.2170933485031128
        ],
        [
            0.22752201557159424,
            -0.7547276020050049,
            -0.198548823595047
        ],
        [
            0.2207849621772766,
            -0.7546621561050415,
            -0.20172451436519623
        ],
        [
            0.22033800184726715,
            -0.7482913136482239,
            -0.1972077190876007
        ],
        [
            0.22667236626148224,
            -0.7474920153617859,
            -0.19224262237548828
        ],
        [
            0.217452734708786,
            -0.7434074878692627,
            -0.19399097561836243
        ],
        [
            0.2247854471206665,
            -0.7407927513122559,
            -0.18656215071678162
        ],
        [
            0.21297360956668854,
            -0.7301948070526123,
            -0.18114519119262695
        ],
        [
            0.21893785893917084,
            -0.7347383499145508,
            -0.18325753509998322
        ],
        [
            0.21240219473838806,
            -0.7391724586486816,
            -0.19218097627162933
        ],
        [
            0.2053539901971817,
            -0.7355145812034607,
            -0.19290360808372498
        ],
        [
            0.19230230152606964,
            -0.7426221370697021,
            -0.20007629692554474
        ],
        [
            0.18572662770748138,
            -0.7427735924720764,
            -0.20131747424602509
        ],
        [
            0.1880757212638855,
            -0.7300416827201843,
            -0.19705282151699066
        ],
        [
            0.1962621957063675,
            -0.7318636178970337,
            -0.19521144032478333
        ],
        [
            0.19822031259536743,
            -0.7621728181838989,
            -0.20813673734664917
        ],
        [
            0.20266395807266235,
            -0.7615442872047424,
            -0.20616945624351501
        ],
        [
            0.20260116457939148,
            -0.7624697685241699,
            -0.20884618163108826
        ],
        [
            0.19813288748264313,
            -0.7641554474830627,
            -0.21156036853790283
        ],
        [
            0.20646485686302185,
            -0.7604720592498779,
            -0.20496296882629395
        ],
        [
            0.20813734829425812,
            -0.7599051594734192,
            -0.20449282228946686
        ],
        [
            0.20787771046161652,
            -0.7610057592391968,
            -0.20601551234722137
        ],
        [
            0.2062312364578247,
            -0.7612788677215576,
            -0.20578798651695251
        ],
        [
            0.20419901609420776,
            -0.7614115476608276,
            -0.205885112285614
        ],
        [
            0.20272843539714813,
            -0.7597370743751526,
            -0.2055591344833374
        ],
        [
            0.20537325739860535,
            -0.7598519325256348,
            -0.20503108203411102
        ],
        [
            0.19846704602241516,
            -0.7594907283782959,
            -0.2073838859796524
        ],
        [
            0.1842103749513626,
            -0.7598602771759033,
            -0.21202707290649414
        ],
        [
            0.18824777007102966,
            -0.7593058347702026,
            -0.21141402423381805
        ],
        [
            0.18817147612571716,
            -0.7642545700073242,
            -0.21151947975158691
        ],
        [
            0.18484365940093994,
            -0.7649917006492615,
            -0.21213138103485107
        ],
        [
            0.20620189607143402,
            -0.7631413340568542,
            -0.20810186862945557
        ],
        [
            0.20914199948310852,
            -0.7636916637420654,
            -0.20855024456977844
        ],
        [
            0.20532241463661194,
            -0.7667539119720459,
            -0.21203842759132385
        ],
        [
            0.20376205444335938,
            -0.7646747827529907,
            -0.21030986309051514
        ],
        [
            0.21218721568584442,
            -0.7646523714065552,
            -0.2094525396823883
        ],
        [
            0.21047665178775787,
            -0.7615039944648743,
            -0.20626479387283325
        ],
        [
            0.21388380229473114,
            -0.7612484693527222,
            -0.20652802288532257
        ],
        [
            0.20723730325698853,
            -0.758273720741272,
            -0.20388135313987732
        ],
        [
            0.20980750024318695,
            -0.7560161352157593,
            -0.20259159803390503
        ],
        [
            0.21065042912960052,
            -0.7582793235778809,
            -0.2043760120868683
        ],
        [
            0.20703312754631042,
            -0.7534534335136414,
            -0.20159128308296204
        ],
        [
            0.20419350266456604,
            -0.7569992542266846,
            -0.20390275120735168
        ],
        [
            0.19969969987869263,
            -0.7557942867279053,
            -0.20537951588630676
        ],
        [
            0.19405922293663025,
            -0.7550538182258606,
            -0.2074013650417328
        ],
        [
            0.19603532552719116,
            -0.750218391418457,
            -0.2035728543996811
        ],
        [
            0.20217470824718475,
            -0.7514064311981201,
            -0.20219716429710388
        ],
        [
            0.20847424864768982,
            -0.7699756622314453,
            -0.21283060312271118
        ],
        [
            0.21498218178749084,
            -0.7565593719482422,
            -0.2033170759677887
        ],
        [
            0.2198137491941452,
            -0.7615364193916321,
            -0.2057720571756363
        ],
        [
            0.21407975256443024,
            -0.7521424293518066,
            -0.20084163546562195
        ],
        [
            0.21123751997947693,
            -0.7485535740852356,
            -0.19870540499687195
        ],
        [
            0.20639708638191223,
            -0.7455917596817017,
            -0.19797766208648682
        ],
        [
            0.1993390917778015,
            -0.743815541267395,
            -0.1989356130361557
        ],
        [
            0.19162216782569885,
            -0.7233093976974487,
            -0.1839398592710495
        ],
        [
            0.2017444372177124,
            -0.7259541749954224,
            -0.1828850507736206
        ],
        [
            0.2324092537164688,
            -0.8326501846313477,
            -0.23637732863426208
        ],
        [
            0.2411423623561859,
            -0.8295884728431702,
            -0.2353326976299286
        ],
        [
            0.24072301387786865,
            -0.8234273195266724,
            -0.228383868932724
        ],
        [
            0.2429809272289276,
            -0.8249954581260681,
            -0.2292506843805313
        ],
        [
            0.23761066794395447,
            -0.8273093700408936,
            -0.2318548560142517
        ],
        [
            0.2365374118089676,
            -0.8250331878662109,
            -0.2301766723394394
        ],
        [
            0.2557253837585449,
            -0.8152092695236206,
            -0.21473199129104614
        ],
        [
            0.25034308433532715,
            -0.817560613155365,
            -0.2186068594455719
        ],
        [
            0.25020647048950195,
            -0.8141261339187622,
            -0.21621078252792358
        ],
        [
            0.25582993030548096,
            -0.8085671067237854,
            -0.2125750035047531
        ],
        [
            0.23914548754692078,
            -0.8080507516860962,
            -0.21912607550621033
        ],
        [
            0.24450406432151794,
            -0.8085111379623413,
            -0.21720559895038605
        ],
        [
            0.24182599782943726,
            -0.8153977394104004,
            -0.22102704644203186
        ],
        [
            0.23794516921043396,
            -0.81504225730896,
            -0.2224714756011963
        ],
        [
            0.23372556269168854,
            -0.8154900074005127,
            -0.22352997958660126
        ],
        [
            0.22948695719242096,
            -0.8165897727012634,
            -0.22392848134040833
        ],
        [
            0.22841191291809082,
            -0.811755895614624,
            -0.22180303931236267
        ],
        [
            0.23344619572162628,
            -0.8095008134841919,
            -0.22079771757125854
        ],
        [
            0.23131772875785828,
            -0.830316424369812,
            -0.23210278153419495
        ],
        [
            0.22461967170238495,
            -0.8319277763366699,
            -0.23010879755020142
        ],
        [
            0.22519072890281677,
            -0.8289462327957153,
            -0.22887501120567322
        ],
        [
            0.23077543079853058,
            -0.8273651599884033,
            -0.230836421251297
        ],
        [
            0.21539346873760223,
            -0.8274415731430054,
            -0.22002369165420532
        ],
        [
            0.2169373333454132,
            -0.8291386365890503,
            -0.22198912501335144
        ],
        [
            0.2136736810207367,
            -0.831404447555542,
            -0.22271841764450073
        ],
        [
            0.21178822219371796,
            -0.8276023864746094,
            -0.22046303749084473
        ],
        [
            0.2130637764930725,
            -0.8239834308624268,
            -0.22025391459465027
        ],
        [
            0.21594786643981934,
            -0.8253228664398193,
            -0.2203148603439331
        ],
        [
            0.2515124976634979,
            -0.8832134008407593,
            -0.24375054240226746
        ],
        [
            0.24055522680282593,
            -0.8675559163093567,
            -0.24617254734039307
        ],
        [
            0.2674001455307007,
            -0.8739699721336365,
            -0.23359346389770508
        ],
        [
            0.2763477563858032,
            -0.8634129166603088,
            -0.2217051088809967
        ],
        [
            0.28261077404022217,
            -0.8503047227859497,
            -0.21033799648284912
        ],
        [
            0.2371709942817688,
            -0.7579829692840576,
            -0.19423189759254456
        ],
        [
            0.23787455260753632,
            -0.7502467036247253,
            -0.1857503354549408
        ],
        [
            0.2501688003540039,
            -0.7572267055511475,
            -0.1781042516231537
        ],
        [
            0.24712571501731873,
            -0.748833954334259,
            -0.16925452649593353
        ],
        [
            0.23479191958904266,
            -0.741879403591156,
            -0.1781947910785675
        ],
        [
            0.21898618340492249,
            -0.7293671369552612,
            -0.1673336923122406
        ],
        [
            0.22836151719093323,
            -0.7344664931297302,
            -0.1717240810394287
        ],
        [
            0.2414809763431549,
            -0.7422128915786743,
            -0.15903717279434204
        ],
        [
            0.2553190588951111,
            -0.7545037269592285,
            -0.14947566390037537
        ],
        [
            0.25838005542755127,
            -0.7586968541145325,
            -0.16161975264549255
        ],
        [
            0.2662619650363922,
            -0.7702425122261047,
            -0.1424320638179779
        ],
        [
            0.252735435962677,
            -0.7506661415100098,
            -0.13343478739261627
        ],
        [
            0.26618194580078125,
            -0.7712562680244446,
            -0.1321948766708374
        ],
        [
            0.22971771657466888,
            -0.7190691828727722,
            -0.12080056965351105
        ],
        [
            0.2292919158935547,
            -0.7089093923568726,
            -0.11140991747379303
        ],
        [
            0.2415265142917633,
            -0.7162879705429077,
            -0.09942478686571121
        ],
        [
            0.24388781189918518,
            -0.7255349159240723,
            -0.10964510589838028
        ],
        [
            0.25916123390197754,
            -0.7645569443702698,
            -0.17241062223911285
        ],
        [
            0.27668094635009766,
            -0.8208506107330322,
            -0.19803722202777863
        ],
        [
            0.26944682002067566,
            -0.8198580741882324,
            -0.2083231508731842
        ],
        [
            0.27594298124313354,
            -0.809421956539154,
            -0.19134540855884552
        ],
        [
            0.29976218938827515,
            -0.8786638379096985,
            -0.1980455219745636
        ],
        [
            0.28878116607666016,
            -0.8724907636642456,
            -0.21204377710819244
        ],
        [
            0.2930237352848053,
            -0.8577304482460022,
            -0.202600359916687
        ],
        [
            0.30326420068740845,
            -0.8653779029846191,
            -0.19070689380168915
        ],
        [
            0.28021031618118286,
            -0.9178162813186646,
            -0.2106296420097351
        ],
        [
            0.26768916845321655,
            -0.9022083282470703,
            -0.22958588600158691
        ],
        [
            0.2779419422149658,
            -0.8891100883483887,
            -0.22161930799484253
        ],
        [
            0.28968220949172974,
            -0.9006044864654541,
            -0.20644532144069672
        ],
        [
            0.3085132837295532,
            -0.8688713908195496,
            -0.17908626794815063
        ],
        [
            0.31509631872177124,
            -0.873647928237915,
            -0.16180908679962158
        ],
        [
            0.3176470100879669,
            -0.8915001153945923,
            -0.15993031859397888
        ],
        [
            0.3092268407344818,
            -0.8872685432434082,
            -0.180871844291687
        ],
        [
            0.31334495544433594,
            -0.9152265787124634,
            -0.1568901240825653
        ],
        [
            0.30357030034065247,
            -0.9110910892486572,
            -0.1822054386138916
        ],
        [
            0.2627217769622803,
            -0.7614117860794067,
            -0.11559509485960007
        ],
        [
            0.2702406048774719,
            -0.778548002243042,
            -0.12084724754095078
        ],
        [
            0.24618300795555115,
            -0.7371684312820435,
            -0.12213003635406494
        ],
        [
            0.25653815269470215,
            -0.7466530799865723,
            -0.10814303159713745
        ],
        [
            0.3023144006729126,
            -0.937156081199646,
            -0.1528702676296234
        ],
        [
            0.29187098145484924,
            -0.9322453737258911,
            -0.1836918294429779
        ],
        [
            0.31346985697746277,
            -0.8669300675392151,
            -0.10641689598560333
        ],
        [
            0.31865429878234863,
            -0.8808542490005493,
            -0.12045510113239288
        ],
        [
            0.31568390130996704,
            -0.8638290166854858,
            -0.1325279176235199
        ],
        [
            0.31190359592437744,
            -0.8532117605209351,
            -0.11774542182683945
        ],
        [
            0.3103238344192505,
            -0.8822358846664429,
            -0.09392528235912323
        ],
        [
