{
    "pred_cam": [
        1.570261001586914,
        0.09880436956882477,
        0.2861485779285431
    ],
    "pred_smpl_params": {
        "global_orient": [
            [
                [
                    -0.18927635252475739,
                    0.007319336291402578,
                    -0.9818964600563049
                ],
                [
                    0.3236662745475769,
                    -0.9436207413673401,
                    -0.06942589581012726
                ],
                [
                    -0.9270461201667786,
                    -0.33094748854637146,
                    0.17623606324195862
                ]
            ]
        ],
        "body_pose": [
            [
                [
                    0.9863902926445007,
                    0.11822964996099472,
                    0.1142626628279686
                ],
                [
                    -0.14643873274326324,
                    0.9477139711380005,
                    0.28353846073150635
                ],
                [
                    -0.0747656598687172,
                    -0.29641205072402954,
                    0.9521292448043823
                ]
            ],
            [
                [
                    0.9714376926422119,
                    0.23627500236034393,
                    -0.021974127739667892
                ],
                [
                    -0.23030462861061096,
                    0.9610815644264221,
                    0.15258440375328064
                ],
                [
                    0.0571708008646965,
                    -0.1431654989719391,
                    0.9880461096763611
                ]
            ],
            [
                [
                    0.9936423897743225,
                    -0.0954720601439476,
                    0.059664536267519
                ],
                [
                    0.10946042835712433,
                    0.9432002305984497,
                    -0.313674658536911
                ],
                [
                    -0.02632843516767025,
                    0.3182113468647003,
                    0.947654128074646
                ]
            ],
            [
                [
                    0.9455583691596985,
                    0.28751638531684875,
                    0.1524917483329773
                ],
                [
                    -0.2586730420589447,
                    0.9482816457748413,
                    -0.1839841902256012
                ],
                [
                    -0.19750359654426575,
                    0.13452227413654327,
                    0.9710283875465393
                ]
            ],
            [
                [
                    0.9776115417480469,
                    0.13760975003242493,
                    0.15918301045894623
                ],
                [
                    -0.1335975080728531,
                    0.990392804145813,
                    -0.03568997606635094
                ],
                [
                    -0.16256499290466309,
                    0.013624478131532669,
                    0.9866037368774414
                ]
            ],
            [
                [
                    0.9948006868362427,
                    -0.08575963973999023,
                    0.054927412420511246
                ],
                [
                    0.08719070255756378,
                    0.9958974719047546,
                    -0.02420569770038128
                ],
                [
                    -0.05262620374560356,
                    0.02886900119483471,
                    0.9981969594955444
                ]
            ],
            [
                [
                    0.989351749420166,
                    -0.010777870193123817,
                    0.14514441788196564
                ],
                [
                    0.008976656943559647,
                    0.9998744130134583,
                    0.013059147633612156
                ],
                [
                    -0.14526693522930145,
                    -0.01161718275398016,
                    0.9893242716789246
                ]
            ],
            [
                [
                    0.9838040471076965,
                    -0.0481782965362072,
                    -0.17265096306800842
                ],
                [
                    0.04044405743479729,
                    0.9980262517929077,
                    -0.04804009199142456
                ],
                [
                    0.17462468147277832,
                    0.0402793325483799,
                    0.9838107824325562
                ]
            ],
            [
                [
                    0.9983172416687012,
                    -0.03858157992362976,
                    0.043291788548231125
                ],
                [
                    0.042028117924928665,
                    0.9957662224769592,
                    -0.08175140619277954
                ],
                [
                    -0.039954401552677155,
                    0.08343330770730972,
                    0.9957121014595032
                ]
            ],
            [
                [
                    0.9959446787834167,
                    -0.025903694331645966,
                    0.08615802228450775
                ],
                [
                    0.03003459796309471,
                    0.9984431862831116,
                    -0.047000039368867874
                ],
                [
                    -0.0848064199090004,
                    0.04939715936779976,
                    0.9951722025871277
                ]
            ],
            [
                [
                    0.9971429705619812,
                    0.06990980356931686,
                    -0.02861093357205391
                ],
                [
                    -0.06904416531324387,
                    0.9971564412117004,
                    0.03020227514207363
                ],
                [
                    0.03064100444316864,
                    -0.028140567243099213,
                    0.9991344213485718
                ]
            ],
            [
                [
                    0.998046875,
                    -0.06245165318250656,
                    0.0014386398252099752
                ],
                [
                    0.061792898923158646,
                    0.9836183190345764,
                    -0.16934190690517426
                ],
                [
                    0.009160609915852547,
                    0.1691000759601593,
                    0.9855562448501587
                ]
            ],
            [
                [
                    0.919942319393158,
                    0.3517466187477112,
                    -0.1731484979391098
                ],
                [
                    -0.35514089465141296,
                    0.9347354769706726,
                    0.012018147855997086
                ],
                [
                    0.16607540845870972,
                    0.0504361130297184,
                    0.9848223328590393
                ]
            ],
            [
                [
                    0.8690000176429749,
                    -0.32955995202064514,
                    0.36909249424934387
                ],
                [
                    0.33326876163482666,
                    0.9411839246749878,
                    0.05572042241692543
                ],
                [
                    -0.3657471537590027,
                    0.07458595186471939,
                    0.9277209043502808
                ]
            ],
            [
                [
                    0.9985193014144897,
                    -0.025512946769595146,
                    -0.048044946044683456
                ],
                [
                    0.0044641438871622086,
                    0.9186505675315857,
                    -0.3950457274913788
                ],
                [
                    0.05421530082821846,
                    0.39424630999565125,
                    0.9174042344093323
                ]
            ],
            [
                [
                    0.519481897354126,
                    0.8040885329246521,
                    -0.28910231590270996
                ],
                [
                    -0.8239393830299377,
                    0.561021625995636,
                    0.07986622303724289
                ],
                [
                    0.22641217708587646,
                    0.19671371579170227,
                    0.9539608359336853
                ]
            ],
            [
                [
                    0.5041653513908386,
                    -0.6953778862953186,
                    0.5121200680732727
                ],
                [
                    0.7352742552757263,
                    0.6566696166992188,
                    0.16780002415180206
                ],
                [
                    -0.45297810435295105,
                    0.29194971919059753,
                    0.8423635363578796
                ]
            ],
            [
                [
                    0.8574955463409424,
                    -0.09573359042406082,
                    -0.505506157875061
                ],
                [
                    0.05873915180563927,
                    0.9943278431892395,
                    -0.08866753429174423
                ],
                [
                    0.511127233505249,
                    0.046339001506567,
                    0.8582550287246704
                ]
            ],
            [
                [
                    0.7986233830451965,
                    0.07188074290752411,
                    0.5975230932235718
                ],
                [
                    -0.033063583076000214,
                    0.9965826869010925,
                    -0.07569540292024612
                ],
                [
                    -0.6009222269058228,
                    0.04069586098194122,
                    0.7982708811759949
                ]
            ],
            [
                [
                    0.9992698431015015,
                    -0.0354328528046608,
                    -0.014294282533228397
                ],
                [
                    0.03689701110124588,
                    0.9920608401298523,
                    0.12022481113672256
                ],
                [
                    0.009920889511704445,
                    -0.12066444009542465,
                    0.9926438331604004
                ]
            ],
            [
                [
                    0.9966203570365906,
                    0.06650563329458237,
                    0.04821622371673584
                ],
                [
                    -0.06931383162736893,
                    0.9958416223526001,
                    0.0591190941631794
                ],
                [
                    -0.04408396780490875,
                    -0.062261346727609634,
                    0.9970858097076416
                ]
            ],
            [
                [
                    0.9769037365913391,
                    0.18472141027450562,
                    -0.10741106420755386
                ],
                [
                    -0.16779345273971558,
                    0.9743974804878235,
                    0.14964953064918518
                ],
                [
                    0.13230453431606293,
                    -0.12817029654979706,
                    0.9828875660896301
                ]
            ],
            [
                [
                    0.9811654686927795,
                    -0.1750922054052353,
                    0.08159121125936508
                ],
                [
                    0.158951535820961,
                    0.9718234539031982,
                    0.1740502566099167
                ],
                [
                    -0.10976710170507431,
                    -0.1578030288219452,
                    0.9813507795333862
                ]
            ]
        ],
        "betas": [
            -0.14964032173156738,
            0.054203927516937256,
            0.07253432273864746,
            0.5389638543128967,
            0.19372831284999847,
            0.06286543607711792,
            -0.07676666975021362,
            -0.06589165329933167,
            0.09966377168893814,
            -0.06592041254043579
        ]
    },
    "pred_cam_t": [
        0.09880436956882477,
        0.2861485779285431,
        24.87643814086914
    ],
    "focal_length": [
        5000.0,
        5000.0
    ],
    "pred_keypoints_3d": [
        [
            -0.27817386388778687,
            -0.6970465183258057,
            -0.01926571875810623
        ],
        [
            -0.09785386174917221,
            -0.7128169536590576,
            -0.04944111406803131
        ],
        [
            -0.07271871715784073,
            -0.6228185892105103,
            0.13154807686805725
        ],
        [
            -0.09731189906597137,
            -0.3750322461128235,
            0.16517385840415955
        ],
        [
            -0.260206013917923,
            -0.19078929722309113,
            0.11008292436599731
        ],
        [
            -0.09685575217008591,
            -0.6043943762779236,
            -0.22005879878997803
        ],
        [
            -0.04447495937347412,
            -0.35325756669044495,
            -0.2457982450723648
        ],
        [
            -0.1435489058494568,
            -0.1292736530303955,
            -0.22023557126522064
        ],
        [
            -0.0021177001763135195,
            -0.22660738229751587,
            0.026465825736522675
        ],
        [
            0.014894531108438969,
            -0.16293251514434814,
            0.11667368561029434
        ],
        [
            -0.007235587574541569,
            0.12768268585205078,
            0.35762929916381836
        ],
        [
            0.010849778540432453,
            0.43227261304855347,
            0.6046649217605591
        ],
        [
            -0.008153822273015976,
            -0.11833880096673965,
            -0.007882043719291687
        ],
        [
            -0.11043676733970642,
            0.20623859763145447,
            0.13767880201339722
        ],
        [
            -0.10698463022708893,
            0.47170931100845337,
            0.4266025722026825
        ],
        [
            -0.27711302042007446,
            -0.7501496076583862,
            0.012423969805240631
        ],
        [
            -0.2917165160179138,
            -0.7464235424995422,
            -0.05230752378702164
        ],
        [
            -0.19565001130104065,
            -0.8101675510406494,
            0.034870363771915436
        ],
        [
            -0.22731828689575195,
            -0.8022857308387756,
            -0.10985435545444489
        ],
        [
            -0.3028441071510315,
            0.5199102163314819,
            0.4341064691543579
        ],
        [
            -0.24403148889541626,
            0.5653665661811829,
            0.3985506594181061
        ],
        [
            -0.05201885849237442,
            0.4975479245185852,
            0.45500466227531433
        ],
        [
            -0.17947250604629517,
            0.4463650584220886,
            0.6637276411056519
        ],
        [
            -0.1170264333486557,
            0.41172298789024353,
            0.7154074311256409
        ],
        [
            0.0664583370089531,
            0.4711320996284485,
            0.6253051161766052
        ],
        [
            0.042992398142814636,
            0.3841231167316437,
            0.5839117765426636
        ],
        [
            -0.003998742438852787,
            0.07554116100072861,
            0.3153408169746399
        ],
        [
            0.03532804921269417,
            -0.302644282579422,
            0.1448308527469635
        ],
        [
            -0.0018154773861169815,
            -0.19255712628364563,
            -0.11844848096370697
        ],
        [
            -0.10246770083904266,
            0.17484040558338165,
            0.10648990422487259
        ],
        [
            -0.07896046340465546,
            0.45282334089279175,
            0.39808279275894165
        ],
        [
            -0.26833659410476685,
            -0.22538809478282928,
            0.0993095338344574
        ],
        [
            -0.12303917109966278,
            -0.39730364084243774,
            0.18267346918582916
        ],
        [
            -0.07819843292236328,
            -0.6545108556747437,
            0.09598621726036072
        ],
        [
            -0.09410233050584793,
            -0.6385391354560852,
            -0.1956503689289093
        ],
        [
            -0.08429174870252609,
            -0.37204882502555847,
            -0.26949548721313477
        ],
        [
            -0.15470543503761292,
            -0.14645862579345703,
            -0.2253931760787964
        ],
        [
            -0.1075587049126625,
            -0.698441207408905,
            -0.05175904184579849
        ],
        [
            -0.2611798048019409,
            -0.8312844038009644,
            -0.03082580864429474
        ],
        [
            0.016516072675585747,
            -0.24840781092643738,
            0.012570412829518318
        ],
        [
            -0.08600205183029175,
            -0.6445212960243225,
            -0.04782558232545853
        ],
        [
            -0.008139337413012981,
            -0.4867730140686035,
            -0.04034817963838577
        ],
        [
            -0.2102711796760559,
            -0.7293277382850647,
            -0.040391094982624054
        ],
        [
            -0.26747095584869385,
            -0.8499606847763062,
            -0.026100322604179382
        ]
    ],
    "pred_vertices": [
        [
            -0.3281014561653137,
            -0.7795553803443909,
            -0.05832742154598236
        ],
        [
            -0.3213961124420166,
            -0.7642865180969238,
            -0.0531771257519722
        ],
        [
            -0.3147667348384857,
            -0.7677356600761414,
            -0.06583146005868912
        ],
        [
            -0.3168729841709137,
            -0.7818217873573303,
            -0.07152343541383743
        ],
        [
            -0.3115241527557373,
            -0.7572019100189209,
            -0.062053948640823364
        ],
        [
            -0.31506437063217163,
            -0.7538707256317139,
            -0.05142880603671074
        ],
        [
            -0.3045654892921448,
            -0.7702552080154419,
            -0.07506194710731506
        ],
        [
            -0.3033478260040283,
            -0.7821110486984253,
            -0.08108632266521454
        ],
        [
            -0.2727171778678894,
            -0.7525961399078369,
            -0.08602632582187653
        ],
        [
            -0.2640211582183838,
            -0.7557346820831299,
            -0.09219179302453995
        ],
        [
            -0.27385056018829346,
            -0.7633653879165649,
            -0.09061406552791595
        ],
        [
            -0.2796502709388733,
            -0.7584162354469299,
            -0.08387292176485062
        ],
        [
            -0.2520885467529297,
            -0.736821174621582,
            -0.0879952684044838
        ],
        [
            -0.25020909309387207,
            -0.7246535420417786,
            -0.08172222226858139
        ],
        [
            -0.2375604510307312,
            -0.7248795032501221,
            -0.08658125251531601
        ],
        [
            -0.2382248342037201,
            -0.7374312281608582,
            -0.09212478995323181
        ],
        [
            -0.2695264518260956,
            -0.719516932964325,
            -0.044606007635593414
        ],
        [
            -0.26558536291122437,
            -0.7151610255241394,
            -0.05098215863108635
        ],
        [
            -0.2705082297325134,
            -0.7203443050384521,
            -0.05417230352759361
        ],
        [
            -0.27356669306755066,
            -0.7243564128875732,
            -0.04735979437828064
        ],
        [
            -0.27859264612197876,
            -0.7226918339729309,
            -0.03398652747273445
        ],
        [
            -0.28033730387687683,
            -0.7288906574249268,
            -0.03504083305597305
        ],
        [
            -0.2856597602367401,
            -0.7282285094261169,
            -0.02914196252822876
        ],
        [
            -0.28431060910224915,
            -0.7207863926887512,
            -0.028863050043582916
        ],
        [
            -0.2647523581981659,
            -0.7159568667411804,
            -0.03987516835331917
        ],
        [
            -0.2604343295097351,
            -0.7116937041282654,
            -0.04669060558080673
        ],
        [
            -0.2734687328338623,
            -0.7227972745895386,
            -0.03924114629626274
        ],
        [
            -0.2715229392051697,
            -0.7181189060211182,
            -0.03772849962115288
        ],
        [
            -0.2740973234176636,
            -0.7066655158996582,
            -0.03382366895675659
        ],
        [
            -0.2766273021697998,
            -0.7110154628753662,
            -0.035068728029727936
        ],
        [
            -0.28153830766677856,
            -0.7071214914321899,
            -0.03075653314590454
        ],
        [
            -0.277054101228714,
            -0.7037189602851868,
            -0.030096087604761124
        ],
        [
            -0.26752936840057373,
            -0.7124478816986084,
            -0.038293901830911636
        ],
        [
            -0.2716219127178192,
            -0.7126437425613403,
            -0.03803505748510361
        ],
        [
            -0.2702314853668213,
            -0.7083784341812134,
            -0.03573768958449364
        ],
        [
            -0.26622921228408813,
            -0.7090863585472107,
            -0.035064298659563065
        ],
        [
            -0.2773893177509308,
            -0.7176110148429871,
            -0.03355270251631737
        ],
        [
            -0.2831154465675354,
            -0.7142038345336914,
            -0.029407121241092682
        ],
        [
            -0.28826484084129333,
            -0.7104498744010925,
            -0.024334564805030823
        ],
        [
            -0.2851863503456116,
            -0.7021772861480713,
            -0.025503814220428467
        ],
        [
            -0.25366324186325073,
            -0.7095955014228821,
            -0.06426531821489334
        ],
        [
            -0.2604788541793823,
            -0.7116488814353943,
            -0.058082252740859985
        ],
        [
            -0.2562464475631714,
            -0.7082269191741943,
            -0.05349570885300636
        ],
        [
            -0.25130587816238403,
            -0.7061163783073425,
            -0.059236884117126465
        ],
        [
            -0.2618836462497711,
            -0.7092708349227905,
            -0.03705817461013794
        ],
        [
            -0.251718670129776,
            -0.6979719400405884,
            -0.04246040806174278
        ],
        [
            -0.25462114810943604,
            -0.7004672288894653,
            -0.04229196161031723
        ],
        [
            -0.25681057572364807,
            -0.6985484957695007,
            -0.03571770712733269
        ],
        [
            -0.2541491389274597,
            -0.6962981820106506,
            -0.03652156889438629
        ],
        [
            -0.238315150141716,
            -0.7056028842926025,
            -0.0720161572098732
        ],
        [
            -0.23973402380943298,
            -0.7017090320587158,
            -0.06590598821640015
        ],
        [
            -0.23308061063289642,
            -0.6988384127616882,
            -0.06744954735040665
        ],
        [
            -0.2297942042350769,
            -0.7027522921562195,
            -0.07319798320531845
        ],
        [
            -0.22803829610347748,
            -0.6956954598426819,
            -0.065611831843853
        ],
        [
            -0.22207099199295044,
            -0.6995290517807007,
            -0.07304731756448746
        ],
        [
            -0.21089482307434082,
            -0.6895250082015991,
            -0.06551376730203629
        ],
        [
            -0.21575552225112915,
            -0.6942471861839294,
            -0.06951438635587692
        ],
        [
            -0.22373871505260468,
            -0.6916365623474121,
            -0.062128111720085144
        ],
        [
            -0.22135846316814423,
            -0.6861771941184998,
            -0.056772537529468536
        ],
        [
            -0.2278282642364502,
            -0.6840530633926392,
            -0.043802905827760696
        ],
        [
            -0.22769345343112946,
            -0.6816692352294922,
            -0.03780488669872284
        ],
        [
            -0.21889889240264893,
            -0.6743752360343933,
            -0.04387367516756058
        ],
        [
            -0.2199329435825348,
            -0.6792498826980591,
            -0.04989032819867134
        ],
        [
            -0.24443098902702332,
            -0.6971908211708069,
            -0.04286066070199013
        ],
        [
            -0.24329665303230286,
            -0.6989983916282654,
            -0.0471482090651989
        ],
        [
            -0.24597664177417755,
            -0.6983554363250732,
            -0.04703619331121445
        ],
        [
            -0.2482263296842575,
            -0.696976900100708,
            -0.04249854013323784
        ],
        [
            -0.24254876375198364,
            -0.6998685598373413,
            -0.05108577758073807
        ],
        [
            -0.24217264354228973,
            -0.7001712322235107,
            -0.052835628390312195
        ],
        [
            -0.24389028549194336,
            -0.7001625299453735,
            -0.052347615361213684
        ],
        [
            -0.24333816766738892,
            -0.6999422311782837,
            -0.05104042589664459
        ],
        [
            -0.24315646290779114,
            -0.6994011402130127,
            -0.04900689423084259
        ],
        [
            -0.24183140695095062,
            -0.6979442834854126,
            -0.04803302139043808
        ],
        [
            -0.24212747812271118,
            -0.6990764141082764,
            -0.05017112195491791
        ],
        [
            -0.24252226948738098,
            -0.6955432891845703,
            -0.04425334930419922
        ],
        [
            -0.2442074716091156,
            -0.6888862252235413,
            -0.03149491921067238
        ],
        [
            -0.24420583248138428,
            -0.6901171803474426,
            -0.03496357798576355
        ],
        [
            -0.24633392691612244,
            -0.6939057111740112,
            -0.03324265405535698
        ],
        [
            -0.24656465649604797,
            -0.6930333971977234,
            -0.030330773442983627
        ],
        [
            -0.24604102969169617,
            -0.7001583576202393,
            -0.05072873458266258
        ],
        [
            -0.24745522439479828,
            -0.7015626430511475,
            -0.05257125571370125
        ],
        [
            -0.25102970004081726,
            -0.7011990547180176,
            -0.048168670386075974
        ],
        [
            -0.2484208643436432,
            -0.6998082399368286,
            -0.047305867075920105
        ],
        [
            -0.24914538860321045,
            -0.7028689980506897,
            -0.055260200053453445
        ],
        [
            -0.24478021264076233,
            -0.7013486623764038,
            -0.054547592997550964
        ],
        [
            -0.2455255389213562,
            -0.7020357847213745,
            -0.05784944072365761
        ],
        [
            -0.2407778650522232,
            -0.6990536451339722,
            -0.05242309719324112
        ],
        [
            -0.2391049712896347,
            -0.6988566517829895,
            -0.05548475682735443
        ],
        [
            -0.24183262884616852,
            -0.699823796749115,
            -0.055703721940517426
        ],
        [
            -0.23667801916599274,
            -0.6964539289474487,
            -0.05365868657827377
        ],
        [
            -0.23967400193214417,
            -0.6971727013587952,
            -0.04992362856864929
        ],
        [
            -0.23963920772075653,
            -0.6940882205963135,
            -0.0462639294564724
        ],
        [
            -0.24008633196353912,
            -0.6906232833862305,
            -0.04155506193637848
        ],
        [
            -0.23500508069992065,
            -0.6893978118896484,
            -0.044760413467884064
        ],
        [
            -0.2354533076286316,
            -0.6929945945739746,
            -0.04985738545656204
        ],
        [
            -0.25362154841423035,
            -0.7042686343193054,
            -0.050166234374046326
        ],
        [
            -0.240944504737854,
            -0.7003961801528931,
            -0.060198619961738586
        ],
        [
            -0.24611522257328033,
            -0.7045974731445312,
            -0.06287272274494171
        ],
        [
            -0.2366771399974823,
            -0.6980279684066772,
            -0.06067196652293205
        ],
        [
            -0.2328110933303833,
            -0.6954097151756287,
            -0.059024013578891754
        ],
        [
            -0.23033668100833893,
            -0.691931962966919,
            -0.054720189422369
        ],
        [
            -0.22880084812641144,
            -0.687682569026947,
            -0.04963485896587372
        ],
        [
            -0.20578831434249878,
            -0.675574779510498,
            -0.048892855644226074
        ],
        [
            -0.2084561288356781,
            -0.6813870668411255,
            -0.05659244954586029
        ],
        [
            -0.307151198387146,
            -0.7506486177444458,
            -0.05027024820446968
        ],
        [
            -0.3061448335647583,
            -0.7518374919891357,
            -0.0593436062335968
        ],
        [
            -0.29718729853630066,
            -0.7497888803482056,
            -0.06102616339921951
        ],
        [
            -0.2992420196533203,
            -0.7515580058097839,
            -0.0621923953294754
        ],
        [
            -0.3015768826007843,
            -0.7501528263092041,
            -0.056887973099946976
        ],
        [
            -0.29877060651779175,
            -0.7485502362251282,
            -0.05677887797355652
        ],
        [
            -0.28377336263656616,
            -0.7557088136672974,
            -0.07709292322397232
        ],
        [
            -0.28723016381263733,
            -0.7536672353744507,
            -0.07153742015361786
        ],
        [
            -0.2836572229862213,
            -0.7521365880966187,
            -0.07226908951997757
        ],
        [
            -0.27891603112220764,
            -0.7514563798904419,
            -0.07934410125017166
        ],
        [
            -0.28145110607147217,
            -0.7422171831130981,
            -0.0646548643708229
        ],
        [
            -0.28109270334243774,
            -0.7452938556671143,
            -0.06917690485715866
        ],
        [
            -0.2868429720401764,
            -0.7479959726333618,
            -0.06454815715551376
        ],
        [
            -0.2872619032859802,
            -0.7456947565078735,
            -0.061376675963401794
        ],
        [
            -0.2875013053417206,
            -0.7440636157989502,
            -0.05751635134220123
        ],
        [
            -0.2877694368362427,
            -0.7432630062103271,
            -0.05306905508041382
        ],
        [
            -0.283454030752182,
            -0.740059494972229,
            -0.0541500523686409
        ],
        [
            -0.28239691257476807,
            -0.7405998706817627,
            -0.05939717963337898
        ],
        [
            -0.30201655626296997,
            -0.7501338720321655,
            -0.050309840589761734
        ],
        [
            -0.30007004737854004,
            -0.750117301940918,
            -0.0431249663233757
        ],
        [
            -0.2974003553390503,
            -0.748490571975708,
            -0.04504816606640816
        ],
        [
            -0.29931437969207764,
            -0.7481101751327515,
            -0.050977036356925964
        ],
        [
            -0.2872224450111389,
            -0.7484126091003418,
            -0.0362309105694294
        ],
        [
            -0.2900856137275696,
            -0.7491356134414673,
            -0.03704635798931122
        ],
        [
            -0.2913035452365875,
            -0.7494204044342041,
            -0.033269692212343216
        ],
        [
            -0.28716033697128296,
            -0.7471242547035217,
            -0.03292684257030487
        ],
        [
            -0.285219669342041,
            -0.7449740767478943,
            -0.0356266051530838
        ],
        [
            -0.2863030433654785,
            -0.7469616532325745,
            -0.037738535553216934
        ],
        [
            -0.34131789207458496,
            -0.7959332466125488,
            -0.047144848853349686
        ],
        [
            -0.3343997597694397,
            -0.778248131275177,
            -0.04341084137558937
        ],
        [
            -0.3299156725406647,
            -0.7996077537536621,
            -0.06434907019138336
        ],
        [
            -0.3163607120513916,
            -0.7998392581939697,
            -0.07662419974803925
        ],
        [
            -0.30163493752479553,
            -0.7961499691009521,
            -0.08689770847558975
        ],
        [
            -0.23761972784996033,
            -0.7137660980224609,
            -0.07939322292804718
        ],
        [
            -0.22721192240715027,
            -0.7120783925056458,
            -0.08231248706579208
        ],
        [
            -0.22532328963279724,
            -0.7255167961120605,
            -0.09066204726696014
        ],
        [
            -0.21433085203170776,
            -0.7216947078704834,
            -0.09080196917057037
        ],
        [
            -0.21709689497947693,
            -0.7077407240867615,
            -0.08193223178386688
        ],
        [
            -0.20090803503990173,
            -0.6958914995193481,
            -0.07158826291561127
        ],
        [
            -0.2080002725124359,
            -0.7019637823104858,
            -0.07864612340927124
        ],
        [
            -0.202987402677536,
            -0.718008816242218,
            -0.0885070264339447
        ],
        [
            -0.20194172859191895,
            -0.7372032403945923,
            -0.0971255972981453
        ],
        [
            -0.2136741578578949,
            -0.7371629476547241,
            -0.09735020250082016
        ],
        [
            -0.20447593927383423,
            -0.7574325203895569,
            -0.10114701092243195
        ],
        [
            -0.18820308148860931,
            -0.7388690710067749,
            -0.09571334719657898
        ],
        [
            -0.19703185558319092,
            -0.762697160243988,
            -0.09980761259794235
        ],
        [
            -0.1702718585729599,
            -0.7096987962722778,
            -0.08270582556724548
        ],
        [
            -0.16310682892799377,
            -0.7042315602302551,
            -0.08515043556690216
        ],
        [
            -0.15598127245903015,
            -0.7175034284591675,
            -0.09644758701324463
        ],
        [
            -0.16461382806301117,
            -0.7232719659805298,
            -0.09482502937316895
        ],
        [
            -0.2250106930732727,
            -0.7375587821006775,
            -0.09621747583150864
        ],
        [
            -0.276472806930542,
            -0.7760870456695557,
            -0.09252274036407471
        ],
        [
            -0.2834613025188446,
            -0.7680553197860718,
            -0.08667003363370895
        ],
        [
            -0.26507580280303955,
            -0.7696447968482971,
            -0.0964864119887352
        ],
        [
            -0.3061748445034027,
            -0.8310206532478333,
            -0.0906222015619278
        ],
        [
            -0.314430296421051,
            -0.8156818151473999,
            -0.08428098261356354
        ],
        [
            -0.2995353937149048,
            -0.8098216652870178,
            -0.0926724225282669
        ],
        [
            -0.29434630274772644,
            -0.8247299194335938,
            -0.09873165935277939
        ],
        [
            -0.3328295350074768,
            -0.8489078283309937,
            -0.0590796172618866
        ],
        [
            -0.34094518423080444,
            -0.8223234415054321,
            -0.054876066744327545
        ],
        [
            -0.3299151062965393,
            -0.8201251029968262,
            -0.06961005181074142
        ],
        [
            -0.32274478673934937,
            -0.8406703472137451,
            -0.07428336888551712
        ],
        [
            -0.2865932285785675,
            -0.8355362415313721,
            -0.10224008560180664
        ],
        [
            -0.2754219174385071,
            -0.849494993686676,
            -0.10496342182159424
        ],
        [
            -0.28160762786865234,
            -0.8653742074966431,
            -0.10036786645650864
        ],
        [
            -0.29643648862838745,
            -0.8496776819229126,
            -0.09589076787233353
        ],
        [
            -0.28948187828063965,
            -0.8846242427825928,
            -0.08771976828575134
        ],
        [
            -0.3082783818244934,
            -0.865775465965271,
            -0.08189088851213455
        ],
        [
            -0.17968082427978516,
            -0.7593021392822266,
            -0.09947338700294495
        ],
        [
            -0.1912612020969391,
            -0.7753375768661499,
            -0.09968618303537369
        ],
        [
            -0.1758529543876648,
            -0.7293837070465088,
            -0.09295625239610672
        ],
        [
            -0.16888798773288727,
            -0.7463478446006775,
            -0.0993773490190506
        ],
        [
            -0.2941320836544037,
            -0.8993797898292542,
            -0.06910005211830139
        ],
        [
            -0.3169294595718384,
            -0.877653956413269,
            -0.06276342272758484
        ],
        [
            -0.22391556203365326,
            -0.8697854280471802,
            -0.104487344622612
        ],
        [
            -0.24304187297821045,
            -0.8758758902549744,
            -0.1034722775220871
        ],
        [
            -0.24526658654212952,
            -0.8558856844902039,
            -0.10930386930704117
        ],
        [
