{
    "pred_cam": [
        1.5567402839660645,
        0.10124542564153671,
        0.298363596200943
    ],
    "pred_smpl_params": {
        "global_orient": [
            [
                [
                    -0.15670283138751984,
                    0.018497474491596222,
                    -0.987472414970398
                ],
                [
                    0.29730334877967834,
                    -0.9525663256645203,
                    -0.06502291560173035
                ],
                [
                    -0.941835880279541,
                    -0.3037681579589844,
                    0.1437704861164093
                ]
            ]
        ],
        "body_pose": [
            [
                [
                    0.9890797734260559,
                    0.09084350615739822,
                    0.11605481058359146
                ],
                [
                    -0.11918120831251144,
                    0.9562382102012634,
                    0.2672159671783447
                ],
                [
                    -0.08670120686292648,
                    -0.2781294584274292,
                    0.9566227197647095
                ]
            ],
            [
                [
                    0.979482889175415,
                    0.19984650611877441,
                    -0.02597578428685665
                ],
                [
                    -0.19586437940597534,
                    0.9743587374687195,
                    0.11073455214500427
                ],
                [
                    0.04743964970111847,
                    -0.10337486118078232,
                    0.9935105443000793
                ]
            ],
            [
                [
                    0.9954929351806641,
                    -0.07982325553894043,
                    0.05120677128434181
                ],
                [
                    0.09153568744659424,
                    0.9499495625495911,
                    -0.2986922264099121
                ],
                [
                    -0.024801265448331833,
                    0.3020332157611847,
                    0.9529747366905212
                ]
            ],
            [
                [
                    0.9488386511802673,
                    0.2783139944076538,
                    0.14915263652801514
                ],
                [
                    -0.24397315084934235,
                    0.9460455775260925,
                    -0.21324846148490906
                ],
                [
                    -0.2004552185535431,
                    0.16594916582107544,
                    0.9655457735061646
                ]
            ],
            [
                [
                    0.9765471816062927,
                    0.1230730339884758,
                    0.17665937542915344
                ],
                [
                    -0.1173933818936348,
                    0.992184579372406,
                    -0.04229041561484337
                ],
                [
                    -0.18048353493213654,
                    0.020559946075081825,
                    0.9833630323410034
                ]
            ],
            [
                [
                    0.995134711265564,
                    -0.0867278203368187,
                    0.04674677923321724
                ],
                [
                    0.08854658156633377,
                    0.9953335523605347,
                    -0.0383484922349453
                ],
                [
                    -0.043202754110097885,
                    0.04230118170380592,
                    0.9981704354286194
                ]
            ],
            [
                [
                    0.9873266220092773,
                    -0.01736205630004406,
                    0.1577489674091339
                ],
                [
                    0.01647937297821045,
                    0.9998403787612915,
                    0.0069017657078802586
                ],
                [
                    -0.15784361958503723,
                    -0.004214690066874027,
                    0.9874551296234131
                ]
            ],
            [
                [
                    0.9820811748504639,
                    -0.03600665181875229,
                    -0.1849866658449173
                ],
                [
                    0.026852190494537354,
                    0.9982986450195312,
                    -0.051757026463747025
                ],
                [
                    0.1865355372428894,
                    0.04586230590939522,
                    0.9813771843910217
                ]
            ],
            [
                [
                    0.9984930157661438,
                    -0.0438617505133152,
                    0.0329824760556221
                ],
                [
                    0.046145711094141006,
                    0.9963356852531433,
                    -0.07201246917247772
                ],
                [
                    -0.02970302477478981,
                    0.07342594116926193,
                    0.9968582391738892
                ]
            ],
            [
                [
                    0.9959844946861267,
                    -0.014959428459405899,
                    0.08826760947704315
                ],
                [
                    0.018864436075091362,
                    0.9988721609115601,
                    -0.04357333481311798
                ],
                [
                    -0.08751621842384338,
                    0.045063480734825134,
                    0.9951434135437012
                ]
            ],
            [
                [
                    0.9981946349143982,
                    0.05594779923558235,
                    -0.021847212687134743
                ],
                [
                    -0.05553167313337326,
                    0.9982720613479614,
                    0.019211316481232643
                ],
                [
                    0.022884294390678406,
                    -0.01796342059969902,
                    0.9995766878128052
                ]
            ],
            [
                [
                    0.9979240894317627,
                    -0.06104756519198418,
                    -0.020508304238319397
                ],
                [
                    0.055838920176029205,
                    0.9788675308227539,
                    -0.1967240869998932
                ],
                [
                    0.03208444267511368,
                    0.1951705664396286,
                    0.9802443385124207
                ]
            ],
            [
                [
                    0.9217743873596191,
                    0.3376634120941162,
                    -0.1905662566423416
                ],
                [
                    -0.342426598072052,
                    0.9395071864128113,
                    0.008381038904190063
                ],
                [
                    0.18186834454536438,
                    0.05752952769398689,
                    0.9816386103630066
                ]
            ],
            [
                [
                    0.8647248148918152,
                    -0.31372278928756714,
                    0.39221033453941345
                ],
                [
                    0.3177003860473633,
                    0.9464979767799377,
                    0.05663948878645897
                ],
                [
                    -0.38899537920951843,
                    0.07562778890132904,
                    0.9181301593780518
                ]
            ],
            [
                [
                    0.996818482875824,
                    -0.0445714108645916,
                    -0.06607818603515625
                ],
                [
                    0.013571447692811489,
                    0.9118377566337585,
                    -0.41032645106315613
                ],
                [
                    0.07854140549898148,
                    0.4081242084503174,
                    0.9095416069030762
                ]
            ],
            [
                [
                    0.5170679092407227,
                    0.8078010082244873,
                    -0.2830166220664978
                ],
                [
                    -0.8271620869636536,
                    0.5565993189811707,
                    0.07746027410030365
                ],
                [
                    0.2200993448495865,
                    0.19404840469360352,
                    0.9559820294380188
                ]
            ],
            [
                [
                    0.5145403742790222,
                    -0.6819092631340027,
                    0.5198537111282349
                ],
                [
                    0.7231118083000183,
                    0.6709006428718567,
                    0.16432148218154907
                ],
                [
                    -0.46082255244255066,
                    0.29136234521865845,
                    0.8383021354675293
                ]
            ],
            [
                [
                    0.8808650374412537,
                    -0.08218634873628616,
                    -0.46617820858955383
                ],
                [
                    0.043963801115751266,
                    0.9947599172592163,
                    -0.09230269491672516
                ],
                [
                    0.4713214933872223,
                    0.060811251401901245,
                    0.8798624277114868
                ]
            ],
            [
                [
                    0.813339352607727,
                    0.05170819163322449,
                    0.5794872045516968
                ],
                [
                    -0.010019444860517979,
                    0.9971397519111633,
                    -0.07491295784711838
                ],
                [
                    -0.5817033052444458,
                    0.055123522877693176,
                    0.8115310668945312
                ]
            ],
            [
                [
                    0.9997118711471558,
                    -0.019729724153876305,
                    -0.013672344386577606
                ],
                [
                    0.021459195762872696,
                    0.9898138642311096,
                    0.14074037969112396
                ],
                [
                    0.01075630821287632,
                    -0.14099322259426117,
                    0.989952027797699
                ]
            ],
            [
                [
                    0.997124969959259,
                    0.05614980310201645,
                    0.05088244378566742
                ],
                [
                    -0.05966916307806969,
                    0.995724618434906,
                    0.07051286846399307
                ],
                [
                    -0.046705618500709534,
                    -0.07334625720977783,
                    0.9962123036384583
                ]
            ],
            [
                [
                    0.975890576839447,
                    0.19053825736045837,
                    -0.1064557209610939
                ],
                [
                    -0.17252852022647858,
                    0.9721766710281372,
                    0.15844999253749847
                ],
                [
                    0.13368456065654755,
                    -0.1362631916999817,
                    0.9816113114356995
                ]
            ],
            [
                [
                    0.9797629714012146,
                    -0.182271346449852,
                    0.08271507918834686
                ],
                [
                    0.16498203575611115,
                    0.9693767428398132,
                    0.1819056123495102
                ],
                [
                    -0.11333825439214706,
                    -0.16457787156105042,
                    0.9798309206962585
                ]
            ]
        ],
        "betas": [
            -0.14478105306625366,
            0.037722647190093994,
            -0.023086756467819214,
            0.2875334620475769,
            0.1786700040102005,
            0.09154224395751953,
            -0.05281361937522888,
            -0.09924489259719849,
            0.08506440371274948,
            -0.050752341747283936
        ]
    },
    "pred_cam_t": [
        0.10124542564153671,
        0.298363596200943,
        25.092496871948242
    ],
    "focal_length": [
        5000.0,
        5000.0
    ],
    "pred_keypoints_3d": [
        [
            -0.26607707142829895,
            -0.6897463798522949,
            -0.010536175221204758
        ],
        [
            -0.0891181081533432,
            -0.7100831270217896,
            -0.044568873941898346
        ],
        [
            -0.07119058072566986,
            -0.6197538375854492,
            0.1352262645959854
        ],
        [
            -0.10488690435886383,
            -0.37217018008232117,
            0.16992680728435516
        ],
        [
            -0.2647581696510315,
            -0.1864880621433258,
            0.10764219611883163
        ],
        [
            -0.08976243436336517,
            -0.6044033765792847,
            -0.21544139087200165
        ],
        [
            -0.03874725103378296,
            -0.35248732566833496,
            -0.24481721222400665
        ],
        [
            -0.12915880978107452,
            -0.12363767623901367,
            -0.2246224731206894
        ],
        [
            -0.0019418781157582998,
            -0.2240525335073471,
            0.02692592330276966
        ],
        [
            0.011867167428135872,
            -0.15800920128822327,
            0.11643192172050476
        ],
        [
            -0.006029563024640083,
            0.15110906958580017,
            0.3360172212123871
        ],
        [
            0.018281321972608566,
            0.47649088501930237,
            0.5576527714729309
        ],
        [
            -0.006935144774615765,
            -0.11664838343858719,
            -0.011244932189583778
        ],
        [
            -0.10861407220363617,
            0.2189072072505951,
            0.11228253692388535
        ],
        [
            -0.09946802258491516,
            0.5051875114440918,
            0.38317471742630005
        ],
        [
            -0.26600411534309387,
            -0.7426618337631226,
            0.020926184952259064
        ],
        [
            -0.28248101472854614,
            -0.7382270097732544,
            -0.04318296164274216
        ],
        [
            -0.1863078624010086,
            -0.8053772449493408,
            0.04041481763124466
        ],
        [
            -0.22197997570037842,
            -0.7960683703422546,
            -0.10266083478927612
        ],
        [
            -0.29231342673301697,
            0.5652878284454346,
            0.3807632327079773
        ],
        [
            -0.22980831563472748,
            0.6045123338699341,
            0.3444538414478302
        ],
        [
            -0.04366328939795494,
            0.5302428603172302,
            0.41127634048461914
        ],
        [
            -0.17224352061748505,
            0.5041966438293457,
            0.6106733679771423
        ],
        [
            -0.11309811472892761,
            0.4710372984409332,
            0.6665266156196594
        ],
        [
            0.07525814324617386,
            0.5142582654953003,
            0.5766564607620239
        ],
        [
            0.04872380197048187,
            0.4250228703022003,
            0.5420246124267578
        ],
        [
            -0.0031505469232797623,
            0.09554969519376755,
            0.2975011467933655
        ],
        [
            0.030587946996092796,
            -0.2968902587890625,
            0.1503024846315384
        ],
        [
            0.0033073830418288708,
            -0.1940765678882599,
            -0.1194651871919632
        ],
        [
            -0.10038670152425766,
            0.1857597380876541,
            0.08317522704601288
        ],
        [
            -0.07158390432596207,
            0.48304691910743713,
            0.35681939125061035
        ],
        [
            -0.27239304780960083,
            -0.22100801765918732,
            0.0961441621184349
        ],
        [
            -0.13075515627861023,
            -0.39493152499198914,
            0.18580587208271027
        ],
        [
            -0.07474774122238159,
            -0.6516073942184448,
            0.10039959847927094
        ],
        [
            -0.08613064885139465,
            -0.637795090675354,
            -0.19095243513584137
        ],
        [
            -0.07849204540252686,
            -0.3714328408241272,
            -0.26778820157051086
        ],
        [
            -0.1410628855228424,
            -0.1405414640903473,
            -0.2292422503232956
        ],
        [
            -0.1005992591381073,
            -0.6964423656463623,
            -0.04705823212862015
        ],
        [
            -0.25422173738479614,
            -0.8241657614707947,
            -0.02298935130238533
        ],
        [
            0.016792764887213707,
            -0.24623145163059235,
            0.014789923094213009
        ],
        [
            -0.08029547333717346,
            -0.6427474021911621,
            -0.04338398203253746
        ],
        [
            -0.0025321664288640022,
            -0.48388829827308655,
            -0.03571956604719162
        ],
        [
            -0.2007078230381012,
            -0.7238657474517822,
            -0.033763159066438675
        ],
        [
            -0.2610475420951843,
            -0.8424756526947021,
            -0.018001992255449295
        ]
    ],
    "pred_vertices": [
        [
            -0.3201456665992737,
            -0.7703119516372681,
            -0.04818043112754822
        ],
        [
            -0.3127730190753937,
            -0.7552622556686401,
            -0.04317443445324898
        ],
        [
            -0.30664607882499695,
            -0.7589356303215027,
            -0.05600927025079727
        ],
        [
            -0.3093813955783844,
            -0.7729383707046509,
            -0.061715200543403625
        ],
        [
            -0.3029243052005768,
            -0.7484627962112427,
            -0.05233580619096756
        ],
        [
            -0.30602046847343445,
            -0.7450242638587952,
            -0.04157629981637001
        ],
        [
            -0.29682955145835876,
            -0.7617833614349365,
            -0.06553342193365097
        ],
        [
            -0.2962036728858948,
            -0.773605465888977,
            -0.07168563455343246
        ],
        [
            -0.26480352878570557,
            -0.7449698448181152,
            -0.07751014828681946
        ],
        [
            -0.2564128637313843,
            -0.7483957409858704,
            -0.08392278105020523
        ],
        [
            -0.26640787720680237,
            -0.7557404637336731,
            -0.08210279792547226
        ],
        [
            -0.27185752987861633,
            -0.7506057024002075,
            -0.07515311986207962
        ],
        [
            -0.24371185898780823,
            -0.729878306388855,
            -0.08010532706975937
        ],
        [
            -0.2412555068731308,
            -0.7178328633308411,
            -0.07385668158531189
        ],
        [
            -0.22873154282569885,
            -0.7185178995132446,
            -0.07906315475702286
        ],
        [
            -0.2299639880657196,
            -0.7310069799423218,
            -0.0846162885427475
        ],
        [
            -0.2591873109340668,
            -0.7121641039848328,
            -0.036187246441841125
        ],
        [
            -0.2553267776966095,
            -0.7079246640205383,
            -0.04266804829239845
        ],
        [
            -0.2605384588241577,
            -0.7128949165344238,
            -0.045725949108600616
        ],
        [
            -0.2634914517402649,
            -0.7168364524841309,
            -0.038822922855615616
        ],
        [
            -0.26794424653053284,
            -0.715126097202301,
            -0.025281552225351334
        ],
        [
            -0.2699618339538574,
            -0.7212405204772949,
            -0.026284057646989822
        ],
        [
            -0.2750124931335449,
            -0.7204520106315613,
            -0.020202506333589554
        ],
        [
            -0.2733680009841919,
            -0.7130918502807617,
            -0.019961439073085785
        ],
        [
            -0.25410136580467224,
            -0.7088344097137451,
            -0.03159790113568306
        ],
        [
            -0.2499087005853653,
            -0.7046993970870972,
            -0.03852327540516853
        ],
        [
            -0.2630343437194824,
            -0.7153310179710388,
            -0.030712950974702835
        ],
        [
            -0.26084715127944946,
            -0.7107986211776733,
            -0.02924402803182602
        ],
        [
            -0.2628137767314911,
            -0.6993440389633179,
            -0.025231245905160904
        ],
        [
            -0.2655496299266815,
            -0.703584611415863,
            -0.026413455605506897
        ],
        [
            -0.27013716101646423,
            -0.6995896100997925,
            -0.021915387362241745
        ],
        [
            -0.2655302584171295,
            -0.6963523030281067,
            -0.021403934806585312
        ],
        [
            -0.2566467523574829,
            -0.7053150534629822,
            -0.02987145259976387
        ],
        [
            -0.2607077956199646,
            -0.705371618270874,
            -0.029492586851119995
        ],
        [
            -0.2590864896774292,
            -0.7011765837669373,
            -0.02722931280732155
        ],
        [
            -0.25511181354522705,
            -0.7020114660263062,
            -0.026693951338529587
        ],
        [
            -0.2665034830570221,
            -0.7101441621780396,
            -0.024848628789186478
        ],
        [
            -0.27193063497543335,
            -0.7065929770469666,
            -0.020517174154520035
        ],
        [
            -0.2767295241355896,
            -0.7027221918106079,
            -0.015279047191143036
        ],
        [
            -0.27341389656066895,
            -0.6945924758911133,
            -0.016545288264751434
        ],
        [
            -0.24367883801460266,
            -0.7027561068534851,
            -0.056276045739650726
        ],
        [
            -0.25033697485923767,
            -0.704582929611206,
            -0.04986599087715149
        ],
        [
            -0.24583888053894043,
            -0.701372504234314,
            -0.045428529381752014
        ],
        [
            -0.24102149903774261,
            -0.6994266510009766,
            -0.05130276829004288
        ],
        [
            -0.25087904930114746,
            -0.7023656368255615,
            -0.02882317826151848
        ],
        [
            -0.24059385061264038,
            -0.6914569735527039,
            -0.03451718017458916
        ],
        [
            -0.24354198575019836,
            -0.6938431262969971,
            -0.03426478058099747
        ],
        [
            -0.24544036388397217,
            -0.6918883919715881,
            -0.027624137699604034
        ],
        [
            -0.24277052283287048,
            -0.6897255182266235,
            -0.0285123772919178
        ],
        [
            -0.22844460606575012,
            -0.6993208527565002,
            -0.06446151435375214
        ],
        [
            -0.22953355312347412,
            -0.6954281330108643,
            -0.05828701704740524
        ],
        [
            -0.22285258769989014,
            -0.6928117871284485,
            -0.060016632080078125
        ],
        [
            -0.2198873907327652,
            -0.6967769861221313,
            -0.06590227037668228
        ],
        [
            -0.21771295368671417,
            -0.6898441910743713,
            -0.05836516618728638
        ],
        [
            -0.2120816707611084,
            -0.6938371062278748,
            -0.06598472595214844
        ],
        [
            -0.20042261481285095,
            -0.6842964887619019,
            -0.05879931151866913
        ],
        [
            -0.20553763210773468,
            -0.6888187527656555,
            -0.06265626847743988
        ],
        [
            -0.21320408582687378,
            -0.6859778165817261,
            -0.055017825216054916
        ],
        [
            -0.21049462258815765,
            -0.6806644797325134,
            -0.049732401967048645
        ],
        [
            -0.2164105921983719,
            -0.6784157752990723,
            -0.03653060644865036
        ],
        [
            -0.21598371863365173,
            -0.676098108291626,
            -0.030581533908843994
        ],
        [
            -0.20718953013420105,
            -0.6691288948059082,
            -0.03688529133796692
        ],
        [
            -0.2086120843887329,
            -0.6738478541374207,
            -0.04289913922548294
        ],
        [
            -0.23335129022598267,
            -0.690872848033905,
            -0.03515727072954178
        ],
        [
            -0.23241272568702698,
            -0.6927065253257751,
            -0.03946341946721077
        ],
        [
            -0.23504449427127838,
            -0.6919811964035034,
            -0.03926646336913109
        ],
        [
            -0.2370961606502533,
            -0.6905460357666016,
            -0.0346670038998127
        ],
        [
            -0.23181267082691193,
            -0.6935902833938599,
            -0.04339754208922386
        ],
        [
            -0.2314966320991516,
            -0.6938936710357666,
            -0.0451565757393837
        ],
        [
            -0.23318420350551605,
            -0.693828821182251,
            -0.04462147131562233
        ],
        [
            -0.2325783520936966,
            -0.6936438083648682,
            -0.043287765234708786
        ],
        [
            -0.23232993483543396,
            -0.6931139826774597,
            -0.041270170360803604
        ],
        [
            -0.23094695806503296,
            -0.6917127370834351,
            -0.04033931344747543
        ],
        [
            -0.23134946823120117,
            -0.6928171515464783,
            -0.04249706119298935
        ],
        [
            -0.2314414083957672,
            -0.6893161535263062,
            -0.036548957228660583
        ],
        [
            -0.2324819564819336,
            -0.6826760768890381,
            -0.023822031915187836
        ],
        [
            -0.23264732956886292,
            -0.6838595867156982,
            -0.027279939502477646
        ],
        [
            -0.2348199486732483,
            -0.6875571608543396,
            -0.02550641819834709
        ],
        [
            -0.23492196202278137,
            -0.6867290735244751,
            -0.02259128913283348
        ],
        [
            -0.23525460064411163,
            -0.6938073635101318,
            -0.04288994520902634
        ],
        [
            -0.236776664853096,
            -0.6950968503952026,
            -0.04475065693259239
        ],
        [
            -0.24018177390098572,
            -0.6946352124214172,
            -0.04025225713849068
        ],
        [
            -0.23751945793628693,
            -0.6933440566062927,
            -0.039468277245759964
        ],
        [
            -0.23859982192516327,
            -0.6963116526603699,
            -0.04736126586794853
        ],
        [
            -0.2341710329055786,
            -0.6949640512466431,
            -0.04678875207901001
        ],
        [
            -0.2350599467754364,
            -0.6956222653388977,
            -0.05006622523069382
        ],
        [
            -0.23007258772850037,
            -0.6928303837776184,
            -0.04478096589446068
        ],
        [
            -0.22848884761333466,
            -0.6926730275154114,
            -0.04788358509540558
        ],
        [
            -0.23123495280742645,
            -0.6935368776321411,
            -0.04802626743912697
        ],
        [
            -0.22595661878585815,
            -0.6903776526451111,
            -0.046128254383802414
        ],
        [
            -0.22886011004447937,
            -0.6910009384155273,
            -0.04232299327850342
        ],
        [
            -0.22861868143081665,
            -0.6879513263702393,
            -0.03867008537054062
        ],
        [
            -0.22880588471889496,
            -0.6844969391822815,
            -0.033958517014980316
        ],
        [
            -0.2238084375858307,
            -0.683441162109375,
            -0.03729887306690216
        ],
        [
            -0.2245263159275055,
            -0.6869881749153137,
            -0.04237658157944679
        ],
        [
            -0.24294191598892212,
            -0.6976022124290466,
            -0.0421644002199173
        ],
        [
            -0.23051302134990692,
            -0.694116473197937,
            -0.052536942064762115
        ],
        [
            -0.23590883612632751,
            -0.6980835795402527,
            -0.055077988654375076
        ],
        [
            -0.2262001931667328,
            -0.6919139623641968,
            -0.053125012665987015
        ],
        [
            -0.22223074734210968,
            -0.6894485950469971,
            -0.05159398540854454
        ],
        [
            -0.21955987811088562,
            -0.6860661506652832,
            -0.047422900795936584
        ],
        [
            -0.21770663559436798,
            -0.6819517016410828,
            -0.042331695556640625
        ],
        [
            -0.19439226388931274,
            -0.6706521511077881,
            -0.042340897023677826
        ],
        [
            -0.19750404357910156,
            -0.6762872338294983,
            -0.049995340406894684
        ],
        [
            -0.2980031967163086,
            -0.7420125007629395,
            -0.04068071395158768
        ],
        [
            -0.29730165004730225,
            -0.7432082891464233,
            -0.04978157952427864
        ],
        [
            -0.28832465410232544,
            -0.7414591312408447,
            -0.0517435148358345
        ],
        [
            -0.2904767692089081,
            -0.7431081533432007,
            -0.05286821722984314
        ],
        [
            -0.2926024794578552,
            -0.7416831254959106,
            -0.04747503250837326
        ],
        [
            -0.28974348306655884,
            -0.7401744723320007,
            -0.047450192272663116
        ],
        [
            -0.27566882967948914,
            -0.7477884292602539,
            -0.06818431615829468
        ],
        [
            -0.27886372804641724,
            -0.7456417083740234,
            -0.06252002716064453
        ],
        [
            -0.27530437707901,
            -0.7442077398300171,
            -0.06340724974870682
        ],
        [
            -0.2707839906215668,
            -0.7436692118644714,
            -0.07064111530780792
        ],
        [
            -0.2725246548652649,
            -0.7344159483909607,
            -0.05585004761815071
        ],
        [
            -0.2724393606185913,
            -0.7374650239944458,
            -0.06039968878030777
        ],
        [
            -0.27807068824768066,
            -0.7400148510932922,
            -0.05554351210594177
        ],
        [
            -0.27830588817596436,
            -0.7377177476882935,
            -0.05236183851957321
        ],
        [
            -0.27836769819259644,
            -0.7360745668411255,
            -0.04850313812494278
        ],
        [
            -0.2784748077392578,
            -0.7352582812309265,
            -0.04409007355570793
        ],
        [
            -0.2740890383720398,
            -0.732225239276886,
            -0.04526153579354286
        ],
        [
            -0.27323073148727417,
            -0.7327905297279358,
            -0.05053142085671425
        ],
        [
            -0.292834609746933,
            -0.7416433095932007,
            -0.04084520414471626
        ],
        [
            -0.29066985845565796,
            -0.7416939735412598,
            -0.03375726565718651
        ],
        [
            -0.2880028188228607,
            -0.7401602864265442,
            -0.03571872413158417
        ],
        [
            -0.29009827971458435,
            -0.7397047281265259,
            -0.04159341752529144
        ],
        [
            -0.27753686904907227,
            -0.740451455116272,
            -0.027255568653345108
        ],
        [
            -0.28045395016670227,
            -0.7410706281661987,
            -0.027979165315628052
        ],
        [
            -0.28156137466430664,
            -0.7413262128829956,
            -0.024171046912670135
        ],
        [
            -0.2773297429084778,
            -0.7391932606697083,
            -0.023958299309015274
        ],
        [
            -0.2753751575946808,
            -0.7371305823326111,
            -0.026696227490901947
        ],
        [
            -0.27658793330192566,
            -0.7390576004981995,
            -0.02877751737833023
        ],
        [
            -0.33358797430992126,
            -0.7862306833267212,
            -0.036706309765577316
        ],
        [
            -0.3260159492492676,
            -0.7687605619430542,
            -0.03311217203736305
        ],
        [
            -0.32286179065704346,
            -0.7901848554611206,
            -0.05426368862390518
        ],
        [
            -0.30968180298805237,
            -0.7908019423484802,
            -0.06697791814804077
        ],
        [
            -0.29512521624565125,
            -0.7875639200210571,
            -0.07764882594347
        ],
        [
            -0.22822274267673492,
            -0.7074563503265381,
            -0.07186812907457352
        ],
        [
            -0.2178707718849182,
            -0.7061070799827576,
            -0.07510696351528168
        ],
        [
            -0.21661975979804993,
            -0.7195284366607666,
            -0.0835147574543953
        ],
        [
            -0.2055504024028778,
            -0.7161023616790771,
            -0.08398231118917465
        ],
        [
            -0.20762743055820465,
            -0.702133297920227,
            -0.07503598928451538
        ],
        [
            -0.19086426496505737,
            -0.6908628940582275,
            -0.0653066411614418
        ],
        [
            -0.198276549577713,
            -0.696690022945404,
            -0.07206685096025467
        ],
        [
            -0.19407853484153748,
            -0.7128222584724426,
            -0.08203162252902985
        ],
        [
            -0.19386374950408936,
            -0.7319592237472534,
            -0.09064379334449768
        ],
        [
            -0.20559540390968323,
            -0.7315864562988281,
            -0.09055260568857193
        ],
        [
            -0.19721880555152893,
            -0.7520357370376587,
            -0.094553641974926
        ],
        [
            -0.1802082657814026,
            -0.7339684963226318,
            -0.08971107751131058
        ],
        [
            -0.18994778394699097,
            -0.7574655413627625,
            -0.09346024692058563
        ],
        [
            -0.16146492958068848,
            -0.7055354118347168,
            -0.07733865082263947
        ],
        [
            -0.1543826162815094,
            -0.7004265785217285,
            -0.07988603413105011
        ],
        [
            -0.14756037294864655,
            -0.713677167892456,
            -0.09102734178304672
        ],
        [
            -0.15628595650196075,
            -0.7191107273101807,
            -0.08937908709049225
        ],
        [
            -0.2168561965227127,
            -0.7315735220909119,
            -0.08910214900970459
        ],
        [
            -0.26947644352912903,
            -0.7684487104415894,
            -0.08388999849557877
        ],
        [
            -0.27601873874664307,
            -0.7602102160453796,
            -0.07780446112155914
        ],
        [
            -0.2580604553222656,
            -0.7622993588447571,
            -0.08820682764053345
        ],
        [
            -0.3009161353111267,
            -0.8223525285720825,
            -0.08138500899076462
        ],
        [
            -0.30849355459213257,
            -0.8066546320915222,
            -0.07476621866226196
        ],
        [
            -0.2936320900917053,
            -0.8013122081756592,
            -0.08352895081043243
        ],
        [
            -0.2891240417957306,
            -0.8164057731628418,
            -0.08976202458143234
        ],
        [
            -0.3272358477115631,
            -0.8395229578018188,
            -0.04910234734416008
        ],
        [
            -0.3343518078327179,
            -0.8126341104507446,
            -0.04452810436487198
        ],
        [
            -0.3236251473426819,
            -0.8107349872589111,
            -0.05964404717087746
        ],
        [
            -0.3173438310623169,
            -0.8315584659576416,
            -0.06460976600646973
        ],
        [
            -0.2818925380706787,
            -0.8274264335632324,
            -0.09359323233366013
        ],
        [
            -0.2712499797344208,
            -0.8417198657989502,
            -0.09673760086297989
        ],
        [
            -0.2776872515678406,
            -0.8574215173721313,
            -0.09192676097154617
        ],
        [
            -0.29191654920578003,
            -0.8413838148117065,
            -0.08695147931575775
        ],
        [
            -0.28575146198272705,
            -0.8764420747756958,
            -0.07901246845722198
        ],
        [
            -0.3037868142127991,
            -0.8570395708084106,
            -0.07266717404127121
        ],
        [
            -0.17243869602680206,
            -0.7544883489608765,
            -0.09364292025566101
        ],
        [
            -0.1845862865447998,
            -0.7701891660690308,
            -0.09352654963731766
        ],
        [
            -0.16758660972118378,
            -0.7248657941818237,
            -0.08737257868051529
        ],
        [
            -0.16123417019844055,
            -0.741899847984314,
            -0.09373939037322998
        ],
        [
            -0.290165513753891,
            -0.8909064531326294,
            -0.060269054025411606
        ],
        [
            -0.31219202280044556,
            -0.8686444759368896,
            -0.05330754071474075
        ],
        [
            -0.2204844355583191,
            -0.8635503649711609,
            -0.09769413620233536
        ],
        [
            -0.23969392478466034,
            -0.8690321445465088,
            -0.09609141200780869
        ],
        [
            -0.24151210486888885,
            -0.8489956855773926,
