{
    "pred_cam": [
        1.1672405004501343,
        0.030243659391999245,
        0.1817951798439026
    ],
    "pred_smpl_params": {
        "global_orient": [
            [
                [
                    0.965434730052948,
                    0.2604701519012451,
                    0.009546059183776379
                ],
                [
                    0.25919201970100403,
                    -0.9632704257965088,
                    0.07021073997020721
                ],
                [
                    0.027483239769935608,
                    -0.06530962139368057,
                    -0.9974865317344666
                ]
            ]
        ],
        "body_pose": [
            [
                [
                    0.9946687817573547,
                    -0.10298729687929153,
                    -0.005256903823465109
                ],
                [
                    0.10074835270643234,
                    0.9596427083015442,
                    0.2625559866428375
                ],
                [
                    -0.0219951830804348,
                    -0.26168587803840637,
                    0.9649024605751038
                ]
            ],
            [
                [
                    0.9986464977264404,
                    0.05185602232813835,
                    0.004013662226498127
                ],
                [
                    -0.05143824219703674,
                    0.9732800722122192,
                    0.22378599643707275
                ],
                [
                    0.007698231376707554,
                    -0.22368955612182617,
                    0.9746301174163818
                ]
            ],
            [
                [
                    0.9977130889892578,
                    0.06680332124233246,
                    0.01029606070369482
                ],
                [
                    -0.06334607303142548,
                    0.9772644639015198,
                    -0.20234021544456482
                ],
                [
                    -0.02357896976172924,
                    0.20122523605823517,
                    0.9792612791061401
                ]
            ],
            [
                [
                    0.9945614337921143,
                    0.018287822604179382,
                    -0.10253347456455231
                ],
                [
                    -0.08354402333498001,
                    0.7279407382011414,
                    -0.6805311441421509
                ],
                [
                    0.0621928796172142,
                    0.6853960752487183,
                    0.7255096435546875
                ]
            ],
            [
                [
                    0.9940583109855652,
                    -0.05737653747200966,
                    0.0924987718462944
                ],
                [
                    0.09748036414384842,
                    0.8473739624023438,
                    -0.5219721794128418
                ],
                [
                    -0.04843210056424141,
                    0.5278875827789307,
                    0.8479322195053101
                ]
            ],
            [
                [
                    0.9995287656784058,
                    -0.028435073792934418,
                    0.011565969325602055
                ],
                [
                    0.028191251680254936,
                    0.9993877410888672,
                    0.020724410191178322
                ],
                [
                    -0.012148186564445496,
                    -0.020388582721352577,
                    0.999718427658081
                ]
            ],
            [
                [
                    0.980186402797699,
                    0.0990128144621849,
                    0.1715545654296875
                ],
                [
                    -0.11493285000324249,
                    0.9896889925003052,
                    0.0854758620262146
                ],
                [
                    -0.1613224744796753,
                    -0.10349955409765244,
                    0.9814594984054565
                ]
            ],
            [
                [
                    0.9768204689025879,
                    -0.14046043157577515,
                    -0.1615322381258011
                ],
                [
                    0.13525302708148956,
                    0.9898841381072998,
                    -0.042849767953157425
                ],
                [
                    0.16591687500476837,
                    0.020008808001875877,
                    0.9859367609024048
                ]
            ],
            [
                [
                    0.9992133975028992,
                    -0.039320435374975204,
                    -0.005158947315067053
                ],
                [
                    0.038547493517398834,
                    0.9935556650161743,
                    -0.10658912360668182
                ],
                [
                    0.009316832758486271,
                    0.10630639642477036,
                    0.9942898154258728
                ]
            ],
            [
                [
                    0.9769691824913025,
                    -0.21303346753120422,
                    -0.012162189930677414
                ],
                [
                    0.2103659212589264,
                    0.9520549774169922,
                    0.22212058305740356
                ],
                [
                    -0.035740043967962265,
                    -0.21956348419189453,
                    0.9749433398246765
                ]
            ],
            [
                [
                    0.9629749059677124,
                    0.26952898502349854,
                    0.00578125286847353
                ],
                [
                    -0.2646014094352722,
                    0.9408285021781921,
                    0.2117258906364441
                ],
                [
                    0.051627084612846375,
                    -0.2054164558649063,
                    0.9773119688034058
                ]
            ],
            [
                [
                    0.9479501843452454,
                    -0.06844734400510788,
                    -0.31097477674484253
                ],
                [
                    0.08269838243722916,
                    0.9960327744483948,
                    0.03285845369100571
                ],
                [
                    0.3074920177459717,
                    -0.05686529353260994,
                    0.9498499631881714
                ]
            ],
            [
                [
                    0.9247731566429138,
                    0.347256600856781,
                    0.15558785200119019
                ],
                [
                    -0.33401915431022644,
                    0.9366728067398071,
                    -0.10523902624845505
                ],
                [
                    -0.18227985501289368,
                    0.04535289481282234,
                    0.9822002053260803
                ]
            ],
            [
                [
                    0.9400673508644104,
                    -0.3225083351135254,
                    -0.1107325404882431
                ],
                [
                    0.31502777338027954,
                    0.9457098841667175,
                    -0.07994019985198975
                ],
                [
                    0.13050222396850586,
                    0.04026535153388977,
                    0.9906300902366638
                ]
            ],
            [
                [
                    0.9598479866981506,
                    -0.1658526510000229,
                    -0.22624024748802185
                ],
                [
                    0.12615475058555603,
                    0.9755550622940063,
                    -0.179936945438385
                ],
                [
                    0.25055283308029175,
                    0.1441708356142044,
                    0.9573076367378235
                ]
            ],
            [
                [
                    0.43815863132476807,
                    0.8690510392189026,
                    -0.2297116219997406
                ],
                [
                    -0.8985883593559265,
                    0.4301680028438568,
                    -0.08657071739435196
                ],
                [
                    0.023580223321914673,
                    0.24434788525104523,
                    0.969400942325592
                ]
            ],
            [
                [
                    0.5508890748023987,
                    -0.8111172914505005,
                    0.19649434089660645
                ],
                [
                    0.8345645070075989,
                    0.5340319275856018,
                    -0.13532166182994843
                ],
                [
                    0.004827474243938923,
                    0.23853443562984467,
                    0.9711220860481262
                ]
            ],
            [
                [
                    0.02633855491876602,
                    -0.4086669385433197,
                    -0.9123034477233887
                ],
                [
                    0.19897852838039398,
                    0.8965016007423401,
                    -0.3958439230918884
                ],
                [
                    0.9796499013900757,
                    -0.17110280692577362,
                    0.10492850840091705
                ]
            ],
            [
                [
                    0.21418389678001404,
                    0.4043891727924347,
                    0.8891539573669434
                ],
                [
                    -0.11171238869428635,
                    0.9144468307495117,
                    -0.3889825642108917
                ],
                [
                    -0.9703842401504517,
                    -0.01601572334766388,
                    0.24103505909442902
                ]
            ],
            [
                [
                    0.9866927266120911,
                    -0.1541656106710434,
                    -0.05167682468891144
                ],
                [
                    0.1590222418308258,
                    0.9812397360801697,
                    0.10899754613637924
                ],
                [
                    0.03390368074178696,
                    -0.11576484143733978,
                    0.9926978945732117
                ]
            ],
            [
                [
                    0.9867008924484253,
                    0.15328960120677948,
                    0.05407113954424858
                ],
                [
                    -0.15326650440692902,
                    0.9881741404533386,
                    -0.004598821979016066
                ],
                [
                    -0.05413665995001793,
                    -0.003749631578102708,
                    0.9985264539718628
                ]
            ],
            [
                [
                    0.9634431600570679,
                    0.2520093023777008,
                    -0.09093204885721207
                ],
                [
                    -0.23905184864997864,
                    0.961866557598114,
                    0.13291709125041962
                ],
                [
                    0.12096083164215088,
                    -0.1063205823302269,
                    0.9869470596313477
                ]
            ],
            [
                [
                    0.9659029245376587,
                    -0.25035783648490906,
                    0.06597281992435455
                ],
                [
                    0.23619858920574188,
                    0.9564577341079712,
                    0.17146092653274536
                ],
                [
                    -0.1060267984867096,
                    -0.1500319242477417,
                    0.9829794764518738
                ]
            ]
        ],
        "betas": [
            0.04852406680583954,
            -0.0832597017288208,
            0.3058184087276459,
            0.594799280166626,
            0.022231876850128174,
            0.02424750104546547,
            0.03336372971534729,
            -0.06014984846115112,
            0.036096230149269104,
            0.010204017162322998
        ]
    },
    "pred_cam_t": [
        0.030243659391999245,
        0.1817951798439026,
        33.46568298339844
    ],
    "focal_length": [
        5000.0,
        5000.0
    ],
    "pred_keypoints_3d": [
        [
            0.0834299772977829,
            -0.7975550293922424,
            -0.23034869134426117
        ],
        [
            0.14562422037124634,
            -0.7199230790138245,
            -0.06322889775037766
        ],
        [
            -0.05309081822633743,
            -0.6850101947784424,
            -0.021142620593309402
        ],
        [
            -0.16320015490055084,
            -0.49802106618881226,
            0.10840940475463867
        ],
        [
            -0.21575340628623962,
            -0.3466455340385437,
            -0.08839495480060577
        ],
        [
            0.293439120054245,
            -0.5942078828811646,
            -0.007185779511928558
        ],
        [
            0.24698244035243988,
            -0.38009417057037354,
            0.131490558385849
        ],
        [
            0.26203036308288574,
            -0.26371216773986816,
            -0.08742894232273102
        ],
        [
            -0.002273294609040022,
            -0.23150290548801422,
            0.028219958767294884
        ],
        [
            -0.09071154147386551,
            -0.1614195704460144,
            0.03656177222728729
        ],
        [
            -0.24148309230804443,
            0.18472084403038025,
            -0.017108384519815445
        ],
        [
            -0.31951600313186646,
            0.5233224630355835,
            0.17531056702136993
        ],
        [
            0.03995881229639053,
            -0.12542325258255005,
            0.04270933195948601
        ],
        [
            0.01852455735206604,
            0.2405884563922882,
            -0.0249025858938694
        ],
        [
            -0.057951927185058594,
            0.5425862073898315,
            0.22071510553359985
        ],
        [
            0.07811784744262695,
            -0.8480071425437927,
            -0.1941913515329361
        ],
        [
            0.1314546912908554,
            -0.835769534111023,
            -0.2321239411830902
        ],
        [
            0.09923159331083298,
            -0.8572841882705688,
            -0.09324964880943298
        ],
        [
            0.21997518837451935,
            -0.8285239934921265,
            -0.1760094314813614
        ],
        [
            -0.07054150104522705,
            0.6741787195205688,
            0.0708879828453064
        ],
        [
            -0.005702175199985504,
            0.6712555885314941,
            0.1256168633699417
        ],
        [
            -0.06079764664173126,
            0.5480754971504211,
            0.2921426296234131
        ],
        [
            -0.3451923131942749,
            0.6430587768554688,
            0.01782780885696411
        ],
        [
            -0.4127453565597534,
            0.6140687465667725,
            0.06769853830337524
        ],
        [
            -0.3230110704898834,
            0.5416815280914307,
            0.24729962646961212
        ],
        [
            -0.3271583318710327,
            0.4655698239803314,
            0.18103724718093872
        ],
        [
            -0.21954359114170074,
            0.1262565702199936,
            -0.017615284770727158
        ],
        [
            -0.13466255366802216,
            -0.30453619360923767,
            0.034202925860881805
        ],
        [
            0.1419358253479004,
            -0.21277999877929688,
            0.05760989710688591
        ],
        [
            0.03474080190062523,
            0.20417971909046173,
            -0.024295425042510033
        ],
        [
            -0.04207254573702812,
            0.5038185715675354,
            0.2268408238887787
        ],
        [
            -0.18958070874214172,
            -0.37661856412887573,
            -0.09084554016590118
        ],
        [
            -0.18483711779117584,
            -0.5237716436386108,
            0.07592889666557312
        ],
        [
            -0.011555383913218975,
            -0.7042860984802246,
            -0.029343366622924805
        ],
        [
            0.26898860931396484,
            -0.6314287185668945,
            -0.019772490486502647
        ],
        [
            0.29202431440353394,
            -0.39279699325561523,
            0.10255858302116394
        ],
        [
            0.2714681029319763,
            -0.28672879934310913,
            -0.08071371167898178
        ],
        [
            0.14538638293743134,
            -0.7134449481964111,
            -0.06064058467745781
        ],
        [
            0.15572741627693176,
            -0.8919469714164734,
            -0.1616254299879074
        ],
        [
            0.004353594966232777,
            -0.2581655979156494,
            0.045699771493673325
        ],
        [
            0.12783238291740417,
            -0.6646584868431091,
            -0.029259148985147476
        ],
        [
            0.08159571141004562,
            -0.49615150690078735,
            0.020388949662446976
        ],
        [
            0.13075906038284302,
            -0.7804448008537292,
            -0.16749759018421173
        ],
        [
            0.1574418693780899,
            -0.9130890369415283,
            -0.1557430624961853
        ]
    ],
    "pred_vertices": [
        [
            0.14470693469047546,
            -0.878139853477478,
            -0.2503524720668793
        ],
        [
            0.1352216750383377,
            -0.864421010017395,
            -0.24918577075004578
        ],
        [
            0.14915116131305695,
            -0.860287070274353,
            -0.2475486695766449
        ],
        [
            0.1599438190460205,
            -0.8709040284156799,
            -0.24507035315036774
        ],
        [
            0.14202174544334412,
            -0.8515825271606445,
            -0.2472267597913742
        ],
        [
            0.12965941429138184,
            -0.8541339635848999,
            -0.24734969437122345
        ],
        [
            0.1604262888431549,
            -0.854560375213623,
            -0.24119362235069275
        ],
        [
            0.17095054686069489,
            -0.8615289926528931,
            -0.2371557652950287
        ],
        [
            0.16854941844940186,
            -0.8206614255905151,
            -0.22623085975646973
        ],
        [
            0.17689338326454163,
            -0.8165051937103271,
            -0.21934770047664642
        ],
        [
            0.17748919129371643,
            -0.8279271125793457,
            -0.22395095229148865
        ],
        [
            0.16816583275794983,
            -0.8293670415878296,
            -0.22866228222846985
        ],
        [
            0.16847696900367737,
            -0.7957756519317627,
            -0.21657124161720276
        ],
        [
            0.15793251991271973,
            -0.7867524027824402,
            -0.21794626116752625
        ],
        [
            0.16500824689865112,
            -0.7787128686904907,
            -0.20902478694915771
        ],
        [
            0.1749592274427414,
            -0.7874490022659302,
            -0.20643535256385803
        ],
        [
            0.11800830811262131,
            -0.8037291169166565,
            -0.222953200340271
        ],
        [
            0.12285975366830826,
            -0.7961772680282593,
            -0.22380313277244568
        ],
        [
            0.1268782615661621,
            -0.8021594285964966,
            -0.22673645615577698
        ],
        [
            0.12156837433576584,
            -0.8090100884437561,
            -0.22507375478744507
        ],
        [
            0.10763321071863174,
            -0.8143216371536255,
            -0.2249755710363388
        ],
        [
            0.1107562929391861,
            -0.8199232220649719,
            -0.22398607432842255
        ],
        [
            0.10421326011419296,
            -0.8239082098007202,
            -0.22633442282676697
        ],
        [
            0.10118453204631805,
            -0.8172961473464966,
            -0.22863465547561646
        ],
        [
            0.11317284405231476,
            -0.7996798753738403,
            -0.2187362164258957
        ],
        [
            0.11866039037704468,
            -0.7918037176132202,
            -0.21953055262565613
        ],
        [
            0.11352134495973587,
            -0.8100804090499878,
            -0.22274857759475708
        ],
        [
            0.11059793829917908,
            -0.8058561682701111,
            -0.22269876301288605
        ],
        [
            0.10192056745290756,
            -0.7990481853485107,
            -0.2283744066953659
        ],
        [
            0.10433217138051987,
            -0.803544819355011,
            -0.22893573343753815
        ],
        [
            0.09757857769727707,
            -0.8044445514678955,
            -0.23300038278102875
        ],
        [
            0.0965428501367569,
            -0.7993985414505005,
            -0.23056334257125854
        ],
        [
            0.10925710946321487,
            -0.7991988658905029,
            -0.2219540774822235
        ],
        [
            0.10833247750997543,
            -0.8015477657318115,
            -0.22527535259723663
        ],
        [
            0.10474517941474915,
            -0.7980560064315796,
            -0.22508853673934937
        ],
        [
            0.10527797788381577,
            -0.7967182397842407,
            -0.22112344205379486
        ],
        [
            0.10512080043554306,
            -0.8099788427352905,
            -0.22611282765865326
        ],
        [
            0.09895925968885422,
            -0.811427116394043,
            -0.23069319128990173
        ],
        [
            0.09181971102952957,
            -0.8126713037490845,
            -0.23484517633914948
        ],
        [
            0.09022103995084763,
            -0.8038910627365112,
            -0.23640765249729156
        ],
        [
            0.13530613481998444,
            -0.7814879417419434,
            -0.2207903414964676
        ],
        [
            0.1286851465702057,
            -0.788777232170105,
            -0.22350001335144043
        ],
        [
            0.12423491477966309,
            -0.7848590016365051,
            -0.219772070646286
        ],
        [
            0.12968450784683228,
            -0.7788912653923035,
            -0.21852003037929535
        ],
        [
            0.10819043219089508,
            -0.7936934232711792,
            -0.21825523674488068
        ],
        [
            0.11069734394550323,
            -0.7772074937820435,
            -0.21664635837078094
        ],
        [
            0.11089567840099335,
            -0.7808490991592407,
            -0.2180224061012268
        ],
        [
            0.1036473959684372,
            -0.7822586297988892,
            -0.21833433210849762
        ],
        [
            0.10408811271190643,
            -0.7787607908248901,
            -0.21728384494781494
        ],
        [
            0.14381244778633118,
            -0.7676199078559875,
            -0.21235352754592896
        ],
        [
            0.13642339408397675,
            -0.7670086622238159,
            -0.21313734352588654
        ],
        [
            0.1380862593650818,
            -0.7604029178619385,
            -0.2093619406223297
        ],
        [
            0.14575029909610748,
            -0.7599859237670898,
            -0.20681534707546234
        ],
        [
            0.1369321346282959,
            -0.7550510764122009,
            -0.20594459772109985
        ],
        [
            0.1465408056974411,
            -0.7527700066566467,
            -0.20150062441825867
        ],
        [
            0.13830988109111786,
            -0.7406837940216064,
            -0.19361823797225952
        ],
        [
            0.14274480938911438,
            -0.7458705902099609,
            -0.19710925221443176
        ],
        [
            0.13324977457523346,
            -0.7501788139343262,
            -0.2030101865530014
        ],
        [
            0.12671922147274017,
            -0.7458318471908569,
            -0.20179764926433563
        ],
        [
            0.1113474890589714,
            -0.7517164945602417,
            -0.20373332500457764
        ],
        [
            0.10475858300924301,
            -0.7511608600616455,
            -0.20276285707950592
        ],
        [
            0.1095411479473114,
            -0.7386059761047363,
            -0.2007042020559311
        ],
        [
            0.11769397556781769,
            -0.7413231134414673,
            -0.2014189213514328
        ],
        [
            0.1125057190656662,
            -0.7721812725067139,
            -0.21123002469539642
        ],
        [
            0.11738891154527664,
            -0.7719628214836121,
            -0.21085888147354126
        ],
        [
            0.11635947227478027,
            -0.7730170488357544,
            -0.2132546752691269
        ],
        [
            0.1111060231924057,
            -0.7743366956710815,
            -0.2142200767993927
        ],
        [
            0.12140312790870667,
            -0.7712918519973755,
            -0.21104001998901367
        ],
        [
            0.12316767126321793,
            -0.770897626876831,
            -0.21118706464767456
        ],
        [
            0.12234547734260559,
            -0.7720279693603516,
            -0.21241457760334015
        ],
        [
            0.12079702317714691,
            -0.7721198797225952,
            -0.21165667474269867
        ],
        [
            0.11884398013353348,
            -0.7720280885696411,
            -0.2111090123653412
        ],
        [
            0.11774500459432602,
            -0.7701990604400635,
            -0.21052846312522888
        ],
        [
            0.12041772156953812,
            -0.7705732583999634,
            -0.2108522653579712
        ],
        [
            0.11316673457622528,
            -0.7696069478988647,
            -0.21089382469654083
        ],
        [
            0.09839486330747604,
            -0.7684047222137451,
            -0.2107033133506775
        ],
        [
            0.1022903323173523,
            -0.7683832049369812,
            -0.2114504873752594
        ],
        [
            0.10172195732593536,
            -0.7732127904891968,
            -0.21100643277168274
        ],
        [
            0.09846191108226776,
            -0.7735042572021484,
            -0.21046996116638184
        ],
        [
            0.1199885904788971,
            -0.7740334272384644,
            -0.21363967657089233
        ],
        [
            0.12247028946876526,
            -0.7749492526054382,
            -0.21491891145706177
        ],
        [
            0.1174679845571518,
            -0.7777523994445801,
            -0.21665361523628235
        ],
        [
            0.11676310747861862,
            -0.7754157185554504,
            -0.21476292610168457
        ],
        [
            0.12487061321735382,
            -0.7763175964355469,
            -0.21667379140853882
        ],
        [
            0.12464062124490738,
            -0.772858738899231,
            -0.21341653168201447
        ],
        [
            0.12786637246608734,
            -0.7729702591896057,
            -0.21481555700302124
        ],
        [
            0.12267731130123138,
            -0.7691582441329956,
            -0.210518017411232
        ],
        [
            0.12569311261177063,
            -0.7671470046043396,
            -0.21032503247261047
        ],
        [
            0.1256968230009079,
            -0.7695795297622681,
            -0.2120472490787506
        ],
        [
            0.12368907034397125,
            -0.7642322778701782,
            -0.20880812406539917
        ],
        [
            0.11995282769203186,
            -0.7675576210021973,
            -0.20971670746803284
        ],
        [
            0.11537401378154755,
            -0.7659705281257629,
            -0.20979192852973938
        ],
        [
            0.10946355760097504,
            -0.7646801471710205,
            -0.20999136567115784
        ],
        [
            0.1130182296037674,
            -0.7599104046821594,
            -0.20751528441905975
        ],
        [
            0.11913421750068665,
            -0.7617062330245972,
            -0.2080325037240982
        ],
        [
            0.11998052895069122,
            -0.7812761068344116,
            -0.21815381944179535
        ],
        [
            0.13028016686439514,
            -0.7683227062225342,
            -0.21257644891738892
        ],
        [
            0.13354657590389252,
            -0.7739192247390747,
            -0.21601121127605438
        ],
        [
            0.13065077364444733,
            -0.7637106776237488,
            -0.21038834750652313
        ],
        [
            0.12902939319610596,
            -0.7597026228904724,
            -0.2078600525856018
        ],
        [
            0.12506705522537231,
            -0.7561720609664917,
            -0.20599451661109924
        ],
        [
            0.1182430163025856,
            -0.7536482810974121,
            -0.2047845870256424
        ],
        [
            0.11782974749803543,
            -0.7314423322677612,
            -0.19007006287574768
        ],
        [
            0.1275240033864975,
            -0.7352039813995361,
            -0.19211040437221527
        ],
        [
            0.12877151370048523,
            -0.8477257490158081,
            -0.24173443019390106
        ],
        [
            0.13764642179012299,
            -0.8456830978393555,
            -0.24390682578086853
        ],
        [
            0.14004968106746674,
            -0.8390147686004639,
            -0.2379773110151291
        ],
        [
            0.14159008860588074,
            -0.8409706950187683,
            -0.2392960488796234
        ],
        [
            0.1356421560049057,
            -0.8427083492279053,
            -0.23982137441635132
        ],
        [
            0.13534720242023468,
            -0.8402544260025024,
            -0.23814858496189117
        ],
        [
            0.15942692756652832,
            -0.8318291902542114,
            -0.23067981004714966
        ],
        [
            0.15285417437553406,
            -0.8337967395782471,
            -0.23239272832870483
        ],
        [
            0.15389029681682587,
            -0.8302141427993774,
            -0.23047250509262085
        ],
        [
            0.1609083116054535,
            -0.8251251578330994,
            -0.22938859462738037
        ],
        [
            0.1430548131465912,
            -0.823122501373291,
            -0.23031765222549438
        ],
        [
            0.1487051397562027,
            -0.8240795135498047,
            -0.2302057296037674
        ],
        [
            0.14420652389526367,
            -0.8308520317077637,
            -0.23221459984779358
        ],
        [
            0.1401081532239914,
            -0.8301255702972412,
            -0.23235061764717102
        ],
        [
            0.13576576113700867,
            -0.8300853371620178,
            -0.23198804259300232
        ],
        [
            0.1315944492816925,
            -0.8306516408920288,
            -0.23087511956691742
        ],
        [
            0.13170082867145538,
            -0.8256179690361023,
            -0.22905869781970978
        ],
        [
            0.13697554171085358,
            -0.8239564895629883,
            -0.22995193302631378
        ],
        [
            0.12927746772766113,
            -0.8449898958206177,
            -0.23764336109161377
        ],
        [
            0.1234654113650322,
            -0.8456460237503052,
            -0.23353281617164612
        ],
        [
            0.12467340379953384,
            -0.8426830768585205,
            -0.2328387200832367
        ],
        [
            0.12942445278167725,
            -0.8419166803359985,
            -0.23666320741176605
        ],
        [
            0.1185963973402977,
            -0.8393408060073853,
            -0.22158904373645782
        ],
        [
            0.11924666911363602,
            -0.8413411378860474,
            -0.22372470796108246
        ],
        [
            0.11571293324232101,
            -0.8431662321090698,
            -0.22317008674144745
        ],
        [
            0.11506161838769913,
            -0.8390810489654541,
            -0.22085325419902802
        ],
        [
            0.11667460203170776,
            -0.835667610168457,
            -0.22142358124256134
        ],
        [
            0.11924446374177933,
            -0.8373637199401855,
            -0.22224357724189758
        ],
        [
            0.13963685929775238,
            -0.9011729955673218,
            -0.24954727292060852
        ],
        [
            0.13010326027870178,
            -0.8841100931167603,
            -0.2503012716770172
        ],
        [
            0.15899558365345,
            -0.8931980133056641,
            -0.24597720801830292
        ],
        [
            0.17219732701778412,
            -0.8829754590988159,
            -0.2388887107372284
        ],
        [
            0.1828244924545288,
            -0.8698670268058777,
            -0.23131218552589417
        ],
        [
            0.15395160019397736,
            -0.7717005610466003,
            -0.2109944224357605
        ],
        [
            0.15817409753799438,
            -0.7635812759399414,
            -0.2039758265018463
        ],
        [
            0.1716097742319107,
            -0.7714433670043945,
            -0.19989079236984253
        ],
        [
            0.17240005731582642,
            -0.7622917890548706,
            -0.19130979478359222
        ],
        [
            0.1586345136165619,
            -0.7544460892677307,
            -0.1966569423675537
        ],
        [
            0.14852266013622284,
            -0.7395713329315186,
            -0.18246857821941376
        ],
        [
            0.15539667010307312,
            -0.7458943128585815,
            -0.18915662169456482
        ],
        [
            0.1710270643234253,
            -0.7545545101165771,
            -0.1804424375295639
        ],
        [
            0.18584373593330383,
            -0.7677749991416931,
            -0.17458894848823547
        ],
        [
            0.184500053524971,
            -0.7727981805801392,
            -0.1867695450782776
        ],
        [
            0.19705867767333984,
            -0.7840604782104492,
            -0.1701478809118271
        ],
        [
            0.18889427185058594,
            -0.762751042842865,
            -0.15885508060455322
        ],
        [
            0.20007365942001343,
            -0.7844462394714355,
            -0.1602936089038849
        ],
        [
            0.17398113012313843,
            -0.7282789349555969,
            -0.14266246557235718
        ],
        [
            0.17715047299861908,
            -0.7176841497421265,
            -0.1344142109155655
        ],
        [
            0.19162967801094055,
            -0.725727915763855,
            -0.1262168437242508
        ],
        [
            0.1902335286140442,
            -0.7356696128845215,
            -0.13584455847740173
        ],
        [
            0.18107034265995026,
            -0.779354453086853,
            -0.19658517837524414
        ],
        [
            0.18414857983589172,
            -0.8388222455978394,
            -0.22098392248153687
        ],
        [
            0.1741306632757187,
            -0.8375663757324219,
            -0.22857293486595154
        ],
        [
            0.18684637546539307,
            -0.8270086050033569,
            -0.21576103568077087
        ],
        [
            0.2005409598350525,
            -0.8995954990386963,
            -0.22194978594779968
        ],
        [
            0.1859399527311325,
            -0.8928478956222534,
            -0.2325514703989029
        ],
        [
            0.19462791085243225,
            -0.87800532579422,
            -0.22653619945049286
        ],
        [
            0.2074187695980072,
            -0.886177659034729,
            -0.21769051253795624
        ],
        [
            0.1746436506509781,
            -0.9370073080062866,
            -0.22357560694217682
        ],
        [
            0.15793994069099426,
            -0.9212809801101685,
            -0.23919719457626343
        ],
        [
            0.17131933569908142,
            -0.9087784290313721,
            -0.23636333644390106
        ],
        [
            0.1865861564874649,
            -0.9206887483596802,
            -0.22462314367294312
        ],
        [
            0.21577326953411102,
            -0.8895623683929443,
            -0.20800752937793732
        ],
        [
            0.2273431122303009,
            -0.8939242362976074,
            -0.19334012269973755
        ],
        [
            0.22856315970420837,
            -0.9117501974105835,
            -0.1901879757642746
        ],
        [
            0.21425554156303406,
            -0.9081274271011353,
            -0.20772628486156464
        ],
        [
            0.22345462441444397,
            -0.9344222545623779,
            -0.18338343501091003
        ],
        [
            0.206491619348526,
            -0.931012749671936,
            -0.20464320480823517
        ],
        [
            0.2030506730079651,
            -0.7732551097869873,
            -0.14426210522651672
        ],
        [
            0.20712676644325256,
            -0.7913081645965576,
            -0.15036727488040924
        ],
        [
            0.18759560585021973,
            -0.7480307817459106,
            -0.1474163979291916
        ],
        [
            0.20084112882614136,
            -0.7577656507492065,
            -0.13648435473442078
        ],
        [
            0.2121783047914505,
            -0.9542419910430908,
            -0.17371375858783722
        ],
        [
            0.19308540225028992,
            -0.9505088329315186,
            -0.1999826431274414
        ],
        [
            0.24395489692687988,
            -0.8834713697433472,
            -0.1413421332836151
        ],
        [
            0.24321669340133667,
            -0.8988630771636963,
            -0.15463653206825256
        ],
        [
            0.23814180493354797,
            -0.8823986053466797,
            -0.16709190607070923
        ],
        [
            0.2403852343559265,
            -0.8704465627670288,
            -0.15313440561294556
        ],
        [
            0.24373486638069153,
            -0.8973501920700073,
