{
    "pred_cam": [
        1.1333099603652954,
        0.04262426495552063,
        0.15042826533317566
    ],
    "pred_smpl_params": {
        "global_orient": [
            [
                [
                    0.9700667858123779,
                    0.24250033497810364,
                    -0.012809538282454014
                ],
                [
                    0.24283643066883087,
                    -0.9684946537017822,
                    0.05521361157298088
                ],
                [
                    0.0009833492804318666,
                    -0.05667150765657425,
                    -0.9983924031257629
                ]
            ]
        ],
        "body_pose": [
            [
                [
                    0.9960030317306519,
                    -0.08900638669729233,
                    0.007478518411517143
                ],
                [
                    0.08465827256441116,
                    0.9674009680747986,
                    0.23868030309677124
                ],
                [
                    -0.028478797525167465,
                    -0.23709316551685333,
                    0.9710693955421448
                ]
            ],
            [
                [
                    0.9987762570381165,
                    0.04722284898161888,
                    0.014696775935590267
                ],
                [
                    -0.04930548742413521,
                    0.9739779829978943,
                    0.22121450304985046
                ],
                [
                    -0.0038679582066833973,
                    -0.22166842222213745,
                    0.9751144051551819
                ]
            ],
            [
                [
                    0.9984102249145508,
                    0.0562518909573555,
                    0.0035765094216912985
                ],
                [
                    -0.05433301255106926,
                    0.977354884147644,
                    -0.2045121192932129
                ],
                [
                    -0.014999715611338615,
                    0.20399266481399536,
                    0.9788574576377869
                ]
            ],
            [
                [
                    0.9945023655891418,
                    0.018935952335596085,
                    -0.10298778861761093
                ],
                [
                    -0.07830893993377686,
                    0.7874302864074707,
                    -0.6114092469215393
                ],
                [
                    0.0695180892944336,
                    0.6161127686500549,
                    0.7845841646194458
                ]
            ],
            [
                [
                    0.9937140941619873,
                    -0.04928279295563698,
                    0.10051635652780533
                ],
                [
                    0.09479337930679321,
                    0.8480748534202576,
                    -0.521328330039978
                ],
                [
                    -0.059552889317274094,
                    0.5275796055793762,
                    0.8474156260490417
                ]
            ],
            [
                [
                    0.9994551539421082,
                    -0.03224623575806618,
                    0.00704216817393899
                ],
                [
                    0.03203282132744789,
                    0.9990785717964172,
                    0.028564387932419777
                ],
                [
                    -0.007956773042678833,
                    -0.02832324430346489,
                    0.9995671510696411
                ]
            ],
            [
                [
                    0.9797183275222778,
                    0.0985606238245964,
                    0.17446431517601013
                ],
                [
                    -0.1112092137336731,
                    0.9917179346084595,
                    0.06425018608570099
                ],
                [
                    -0.16668684780597687,
                    -0.08234912902116776,
                    0.9825651049613953
                ]
            ],
            [
                [
                    0.975638210773468,
                    -0.1367345005273819,
                    -0.1715627908706665
                ],
                [
                    0.12952391803264618,
                    0.9901804327964783,
                    -0.052595071494579315
                ],
                [
                    0.17706967890262604,
                    0.029092278331518173,
                    0.9837682247161865
                ]
            ],
            [
                [
                    0.9993592500686646,
                    -0.03508542850613594,
                    -0.00707484595477581
                ],
                [
                    0.03423638269305229,
                    0.9947084188461304,
                    -0.09686630219221115
                ],
                [
                    0.010436003096401691,
                    0.09656202048063278,
                    0.9952722787857056
                ]
            ],
            [
                [
                    0.9787043333053589,
                    -0.2039327174425125,
                    -0.023436008021235466
                ],
                [
                    0.20444193482398987,
                    0.9580848217010498,
                    0.20069144666194916
                ],
                [
                    -0.01847386173903942,
                    -0.20120888948440552,
                    0.9793741703033447
                ]
            ],
            [
                [
                    0.9667685031890869,
                    0.2542187571525574,
                    0.027047989889979362
                ],
                [
                    -0.2545306384563446,
                    0.9472140073776245,
                    0.19493505358695984
                ],
                [
                    0.023935910314321518,
                    -0.1953415870666504,
                    0.9804431200027466
                ]
            ],
            [
                [
                    0.9474384784698486,
                    -0.07274195551872253,
                    -0.31155896186828613
                ],
                [
                    0.08440546691417694,
                    0.9961401224136353,
                    0.024097546935081482
                ],
                [
                    0.308603435754776,
                    -0.0491282157599926,
                    0.9499213099479675
                ]
            ],
            [
                [
                    0.924566388130188,
                    0.3463898003101349,
                    0.15871702134609222
                ],
                [
                    -0.3331361413002014,
                    0.9370704293251038,
                    -0.10449511557817459
                ],
                [
                    -0.18492507934570312,
                    0.043738290667533875,
                    0.9817788004875183
                ]
            ],
            [
                [
                    0.9438228607177734,
                    -0.3106144368648529,
                    -0.11277024447917938
                ],
                [
                    0.3034345209598541,
                    0.9497770667076111,
                    -0.07649218291044235
                ],
                [
                    0.1308661699295044,
                    0.03797668591141701,
                    0.9906724691390991
                ]
            ],
            [
                [
                    0.9633203148841858,
                    -0.15580128133296967,
                    -0.2184947431087494
                ],
                [
                    0.12167443335056305,
                    0.9792860150337219,
                    -0.1618463397026062
                ],
                [
                    0.23918472230434418,
                    0.12932464480400085,
                    0.9623231291770935
                ]
            ],
            [
                [
                    0.4598925709724426,
                    0.8641575574874878,
                    -0.2042807638645172
                ],
                [
                    -0.8879159688949585,
                    0.45017144083976746,
                    -0.09460938721895218
                ],
                [
                    0.010203957557678223,
                    0.22489430010318756,
                    0.9743297696113586
                ]
            ],
            [
                [
                    0.5683565139770508,
                    -0.7999977469444275,
                    0.19228768348693848
                ],
                [
                    0.8226893544197083,
                    0.5490394234657288,
                    -0.14743784070014954
                ],
                [
                    0.0123763931915164,
                    0.24199026823043823,
                    0.9701997637748718
                ]
            ],
            [
                [
                    0.1341351419687271,
                    -0.3846285045146942,
                    -0.9132736325263977
                ],
                [
                    0.18553556501865387,
                    0.9150525331497192,
                    -0.3581275939941406
                ],
                [
                    0.9734394550323486,
                    -0.12140723317861557,
                    0.19410297274589539
                ]
            ],
            [
                [
                    0.21776002645492554,
                    0.39844512939453125,
                    0.8909668922424316
                ],
                [
                    -0.08238675445318222,
                    0.9171197414398193,
                    -0.39000481367111206
                ],
                [
                    -0.9725189208984375,
                    0.011523574590682983,
                    0.2325386255979538
                ]
            ],
            [
                [
                    0.988082230091095,
                    -0.14804679155349731,
                    -0.04213977977633476
                ],
                [
                    0.1512591391801834,
                    0.9846129417419434,
                    0.08751045912504196
                ],
                [
                    0.02853572927415371,
                    -0.09284154325723648,
                    0.9952719807624817
                ]
            ],
            [
                [
                    0.9877160787582397,
                    0.14628298580646515,
                    0.05493823066353798
                ],
                [
                    -0.1460670679807663,
                    0.9892427921295166,
                    -0.007946813479065895
                ],
                [
                    -0.05550973117351532,
                    -0.00017547157767694443,
                    0.9984581470489502
                ]
            ],
            [
                [
                    0.9628823399543762,
                    0.2552425265312195,
                    -0.08779940009117126
                ],
                [
                    -0.2411523461341858,
                    0.9595977067947388,
                    0.1449754685163498
                ],
                [
                    0.12125599384307861,
                    -0.11842130869626999,
                    0.9855320453643799
                ]
            ],
            [
                [
                    0.9666628241539001,
                    -0.24648438394069672,
                    0.06934420019388199
                ],
                [
                    0.23190729320049286,
                    0.9575945734977722,
                    0.170972540974617
                ],
                [
                    -0.108545683324337,
                    -0.14919134974479675,
                    0.9828326106071472
                ]
            ]
        ],
        "betas": [
            -0.015749260783195496,
            -0.1491771936416626,
            0.22839084267616272,
            0.29905200004577637,
            0.029395878314971924,
            0.032780859619379044,
            0.03378403186798096,
            -0.0942944586277008,
            0.029979422688484192,
            -0.003006577491760254
        ]
    },
    "pred_cam_t": [
        0.04262426495552063,
        0.15042826533317566,
        34.467620849609375
    ],
    "focal_length": [
        5000.0,
        5000.0
    ],
    "pred_keypoints_3d": [
        [
            0.06088262051343918,
            -0.7978864908218384,
            -0.214274063706398
        ],
        [
            0.12985947728157043,
            -0.7176397442817688,
            -0.05251949280500412
        ],
        [
            -0.06477518379688263,
            -0.6783084869384766,
            -0.006699917837977409
        ],
        [
            -0.17286235094070435,
            -0.48893386125564575,
            0.12118920683860779
        ],
        [
            -0.22454321384429932,
            -0.3390038013458252,
            -0.07644160091876984
        ],
        [
            0.2815483510494232,
            -0.5950077176094055,
            -0.007107589393854141
        ],
        [
            0.2504577040672302,
            -0.3768965005874634,
            0.1291971355676651
        ],
        [
            0.2609011232852936,
            -0.24239934980869293,
            -0.07858987152576447
        ],
        [
            -0.001975986873731017,
            -0.22793197631835938,
            0.028982851654291153
        ],
        [
            -0.08990712463855743,
            -0.1564929485321045,
            0.03802340477705002
        ],
        [
            -0.23417137563228607,
            0.1918978989124298,
            -0.016398560255765915
        ],
        [
            -0.30670365691185,
            0.5327764749526978,
            0.1739296168088913
        ],
        [
            0.043428000062704086,
            -0.12229077517986298,
            0.04070240631699562
        ],
        [
            0.020214363932609558,
            0.24446366727352142,
            -0.02150122821331024
        ],
        [
            -0.05358189344406128,
            0.5649700164794922,
            0.20013369619846344
        ],
        [
            0.05523328483104706,
            -0.8468434810638428,
            -0.17683903872966766
        ],
        [
            0.10791391879320145,
            -0.8369414806365967,
            -0.21618452668190002
        ],
        [
            0.07853715121746063,
            -0.8532856702804565,
            -0.0764831155538559
        ],
        [
            0.19746644794940948,
            -0.8298615217208862,
            -0.16240456700325012
        ],
        [
            -0.06756538897752762,
            0.6888099908828735,
            0.044349342584609985
        ],
        [
            -0.0022023916244506836,
            0.6880440711975098,
            0.09769585728645325
        ],
        [
            -0.055693984031677246,
            0.5745028257369995,
            0.2708866596221924
        ],
        [
            -0.3319056034088135,
            0.6532580852508545,
            0.018469810485839844
        ],
        [
            -0.39996856451034546,
            0.6254149675369263,
            0.06754687428474426
        ],
        [
            -0.30935120582580566,
            0.551164984703064,
            0.24585410952568054
        ],
        [
            -0.3150186836719513,
            0.4752897620201111,
            0.18016241490840912
        ],
        [
            -0.21362264454364777,
            0.13327986001968384,
            -0.016569610685110092
        ],
        [
            -0.13729679584503174,
            -0.2983206510543823,
            0.03908771276473999
        ],
        [
            0.14495477080345154,
            -0.2102755606174469,
            0.05452066659927368
        ],
        [
            0.0368519127368927,
            0.20740360021591187,
            -0.02084033563733101
        ],
        [
            -0.03785666823387146,
            0.5264822840690613,
            0.2089199423789978
        ],
        [
            -0.19893372058868408,
            -0.3690406084060669,
            -0.07869253307580948
        ],
        [
            -0.19524642825126648,
            -0.5149632692337036,
            0.08973349630832672
        ],
        [
            -0.0248359777033329,
            -0.6984948515892029,
            -0.015175343491137028
        ],
        [
            0.25641101598739624,
            -0.6318764686584473,
            -0.017113136127591133
        ],
        [
            0.293656587600708,
            -0.39116066694259644,
            0.09812818467617035
        ],
        [
            0.2697504758834839,
            -0.2657809853553772,
            -0.07454393804073334
        ],
        [
            0.13025440275669098,
            -0.7117829322814941,
            -0.050923656672239304
        ],
        [
            0.13282690942287445,
            -0.8912549018859863,
            -0.14403793215751648
        ],
        [
            0.004659167490899563,
            -0.2539207935333252,
            0.04665201157331467
        ],
        [
            0.11498988419771194,
            -0.6620721220970154,
            -0.021079156547784805
        ],
        [
            0.0743732824921608,
            -0.491219162940979,
            0.025140151381492615
        ],
        [
            0.10975295305252075,
            -0.7798275351524353,
            -0.15354904532432556
        ],
        [
            0.134366974234581,
            -0.9122042059898376,
            -0.13758070766925812
        ]
    ],
    "pred_vertices": [
        [
            0.1200220137834549,
            -0.8804703950881958,
            -0.23300595581531525
        ],
        [
            0.11078742146492004,
            -0.8664917945861816,
            -0.2320404052734375
        ],
        [
            0.124758780002594,
            -0.8625625371932983,
            -0.2308240830898285
        ],
        [
            0.13543084263801575,
            -0.8733131885528564,
            -0.2282908856868744
        ],
        [
            0.11781167984008789,
            -0.8536219000816345,
            -0.2307101935148239
        ],
        [
            0.10546723008155823,
            -0.8559430837631226,
            -0.2305186688899994
        ],
        [
            0.13624781370162964,
            -0.8567925095558167,
            -0.22497262060642242
        ],
        [
            0.14676979184150696,
            -0.8638863563537598,
            -0.22094807028770447
        ],
        [
            0.14539024233818054,
            -0.822498083114624,
            -0.21155138313770294
        ],
        [
            0.1539277732372284,
            -0.8183373212814331,
            -0.20503734052181244
        ],
        [
            0.1541433483362198,
            -0.8299372792243958,
            -0.20912978053092957
        ],
        [
            0.1447167992591858,
            -0.831275224685669,
            -0.21360966563224792
        ],
        [
            0.14597848057746887,
            -0.7973653078079224,
            -0.20277173817157745
        ],
        [
            0.13557377457618713,
            -0.7882035970687866,
            -0.20425380766391754
        ],
        [
            0.14295224845409393,
            -0.7800718545913696,
            -0.19569642841815948
        ],
        [
            0.15274398028850555,
            -0.788894534111023,
            -0.1929636001586914
        ],
        [
            0.09531295299530029,
            -0.8043956756591797,
            -0.20781847834587097
        ],
        [
            0.10025889426469803,
            -0.7970251441001892,
            -0.2090151458978653
        ],
        [
            0.10411076992750168,
            -0.8031599521636963,
            -0.21186834573745728
        ],
        [
            0.0987318903207779,
            -0.8098151683807373,
            -0.20984826982021332
        ],
        [
            0.08475479483604431,
            -0.8148125410079956,
            -0.2090928554534912
        ],
        [
            0.08778651058673859,
            -0.8204404711723328,
            -0.20804519951343536
        ],
        [
            0.08113670349121094,
            -0.8243658542633057,
            -0.21001121401786804
        ],
        [
            0.07819395512342453,
            -0.8177940845489502,
            -0.21239164471626282
        ],
        [
            0.09068025648593903,
            -0.8001400232315063,
            -0.20353157818317413
        ],
        [
            0.09625748544931412,
            -0.7924812436103821,
            -0.2047087550163269
        ],
        [
            0.0907483771443367,
            -0.810610830783844,
            -0.2072489708662033
        ],
        [
            0.08791440725326538,
            -0.8063442707061768,
            -0.20717695355415344
        ],
        [
            0.07927054911851883,
            -0.7996115684509277,
            -0.2127147614955902
        ],
        [
            0.08158822357654572,
            -0.8041607141494751,
            -0.2132091075181961
        ],
        [
            0.07476302981376648,
            -0.80507892370224,
            -0.2170044481754303
        ],
        [
            0.07387920469045639,
            -0.7999429106712341,
            -0.21474289894104004
        ],
        [
            0.08672815561294556,
            -0.7996866703033447,
            -0.2065623253583908
        ],
        [
            0.0856916606426239,
            -0.8021100759506226,
            -0.20973718166351318
        ],
        [
            0.08217929303646088,
            -0.7985634803771973,
            -0.20955878496170044
        ],
        [
            0.08282150328159332,
            -0.797112762928009,
            -0.20568008720874786
        ],
        [
            0.08232157677412033,
            -0.8104676008224487,
            -0.21023142337799072
        ],
        [
            0.07605434209108353,
            -0.8119637966156006,
            -0.21454265713691711
        ],
        [
            0.06884373724460602,
            -0.8132181167602539,
            -0.21839392185211182
        ],
        [
            0.06737199425697327,
            -0.8045254945755005,
            -0.22020499408245087
        ],
        [
            0.11299819499254227,
            -0.7826209664344788,
            -0.20674636960029602
        ],
        [
            0.10622139275074005,
            -0.789787769317627,
            -0.20907089114189148
        ],
        [
            0.10193100571632385,
            -0.7857186794281006,
            -0.205308735370636
        ],
        [
            0.10749386996030807,
            -0.7798787355422974,
            -0.2043617218732834
        ],
        [
            0.0858272910118103,
            -0.7941120862960815,
            -0.20303389430046082
        ],
        [
            0.08867396414279938,
            -0.777795672416687,
            -0.2020287811756134
        ],
        [
            0.08877865970134735,
            -0.7814500331878662,
            -0.20325258374214172
        ],
        [
            0.08150950074195862,
            -0.7827330827713013,
            -0.20332789421081543
        ],
        [
            0.08203183859586716,
            -0.7792391777038574,
            -0.20245471596717834
        ],
        [
            0.12192516028881073,
            -0.7688111066818237,
            -0.1989075243473053
        ],
        [
            0.11454013735055923,
            -0.7680993676185608,
            -0.19946786761283875
        ],
        [
            0.11638259887695312,
            -0.7614940404891968,
            -0.19595938920974731
        ],
        [
            0.12408798187971115,
            -0.7611237168312073,
            -0.19368283450603485
        ],
        [
            0.11537352204322815,
            -0.7560995817184448,
            -0.1926988959312439
        ],
        [
            0.125094935297966,
            -0.7538530826568604,
            -0.18860994279384613
        ],
        [
            0.11732645332813263,
            -0.7415285706520081,
            -0.18087325990200043
        ],
        [
            0.12155111134052277,
            -0.7468138933181763,
            -0.1843579262495041
        ],
        [
            0.11187656223773956,
            -0.751144289970398,
            -0.1898181438446045
        ],
        [
            0.10549350827932358,
            -0.7466938495635986,
            -0.188557967543602
        ],
        [
            0.09006473422050476,
            -0.7522218823432922,
            -0.19003117084503174
        ],
        [
            0.08356135338544846,
            -0.7514876127243042,
            -0.1889134645462036
        ],
        [
            0.08858326822519302,
            -0.7390853762626648,
            -0.18731604516506195
        ],
        [
            0.09661073982715607,
            -0.7420214414596558,
            -0.1880975365638733
        ],
        [
            0.09068982303142548,
            -0.7726699113845825,
            -0.19686949253082275
        ],
        [
            0.09556732326745987,
            -0.7725390195846558,
            -0.19662024080753326
        ],
        [
            0.09447695314884186,
            -0.7736231088638306,
            -0.1989632248878479
        ],
        [
            0.08919398486614227,
            -0.7748687267303467,
            -0.19976142048835754
        ],
        [
            0.0995650663971901,
            -0.7719616889953613,
            -0.19692863523960114
        ],
        [
            0.10131707787513733,
            -0.7715970873832703,
            -0.19713562726974487
        ],
        [
            0.10046480596065521,
            -0.7727229595184326,
            -0.19830304384231567
        ],
        [
            0.09895236790180206,
            -0.7727686762809753,
            -0.19750049710273743
        ],
        [
            0.097015880048275,
            -0.7726379036903381,
            -0.19690559804439545
        ],
        [
            0.09596476703882217,
            -0.7708216309547424,
            -0.1963377594947815
        ],
        [
            0.09859567880630493,
            -0.7712469100952148,
            -0.19672834873199463
        ],
        [
            0.09140611439943314,
            -0.7701767683029175,
            -0.19660620391368866
        ],
        [
            0.07669252157211304,
            -0.7686179876327515,
            -0.19616471230983734
        ],
        [
            0.08056510239839554,
            -0.7687249779701233,
            -0.1969902664422989
        ],
        [
            0.07992596924304962,
            -0.7734518051147461,
            -0.19637367129325867
        ],
        [
            0.07667217403650284,
            -0.7736563682556152,
            -0.19575387239456177
        ],
        [
            0.0980658084154129,
            -0.7746988534927368,
            -0.19938036799430847
        ],
        [
            0.10048800706863403,
            -0.7757052183151245,
            -0.2006690949201584
        ],
        [
            0.09542818367481232,
            -0.7784646153450012,
            -0.20216189324855804
        ],
        [
            0.09480594843626022,
            -0.7760611176490784,
            -0.20036858320236206
        ],
        [
            0.10280606895685196,
            -0.7771657705307007,
            -0.20244893431663513
        ],
        [
            0.10270391404628754,
            -0.7736307978630066,
            -0.19931365549564362
        ],
        [
            0.10586053133010864,
            -0.7738507986068726,
            -0.20078429579734802
        ],
        [
            0.10087648034095764,
            -0.7698835134506226,
            -0.1964978575706482
        ],
        [
            0.10390763729810715,
            -0.7679482698440552,
            -0.1964285969734192
        ],
        [
            0.10383154451847076,
            -0.7703752517700195,
            -0.19808903336524963
        ],
        [
            0.10200146585702896,
            -0.7650091648101807,
            -0.19496047496795654
        ],
        [
            0.09821155667304993,
            -0.7682498693466187,
            -0.195674866437912
        ],
        [
            0.0936848521232605,
            -0.766617476940155,
            -0.19569212198257446
        ],
        [
            0.08781225234270096,
            -0.7652168273925781,
            -0.1958332359790802
        ],
        [
            0.09149262309074402,
            -0.7604895234107971,
            -0.19361940026283264
        ],
        [
            0.09753823280334473,
            -0.7624092102050781,
            -0.19417276978492737
        ],
        [
            0.09780822694301605,
            -0.7820351719856262,
            -0.2036287784576416
        ],
        [
            0.1084103062748909,
            -0.7692594528198242,
            -0.19872887432575226
        ],
        [
            0.11148989945650101,
            -0.774964451789856,
            -0.20207373797893524
        ],
        [
            0.10889874398708344,
            -0.7646547555923462,
            -0.19669203460216522
        ],
        [
            0.10739708691835403,
            -0.7606066465377808,
            -0.19426986575126648
        ],
        [
            0.10357947647571564,
            -0.7569965124130249,
            -0.19242864847183228
        ],
        [
            0.09686905890703201,
            -0.7543238401412964,
            -0.19118566811084747
        ],
        [
            0.09720894694328308,
            -0.7317707538604736,
            -0.1771833300590515
        ],
        [
            0.10675033181905746,
            -0.7358162999153137,
            -0.17929817736148834
        ],
        [
            0.1047934740781784,
            -0.8492369055747986,
            -0.2252187579870224
        ],
        [
            0.11362481117248535,
            -0.8474366664886475,
            -0.227641761302948
        ],
        [
            0.11630277335643768,
            -0.8405846357345581,
            -0.2220732569694519
        ],
        [
            0.11777989566326141,
            -0.8426188826560974,
            -0.22334720194339752
        ],
        [
            0.11178619414567947,
            -0.844257116317749,
            -0.22367748618125916
        ],
        [
            0.11158343404531479,
            -0.841733992099762,
            -0.22208654880523682
        ],
        [
            0.13593004643917084,
            -0.833572268486023,
            -0.2153986692428589
        ],
        [
            0.12929606437683105,
            -0.8354452848434448,
            -0.21694152057170868
        ],
        [
            0.130426287651062,
            -0.8318301439285278,
            -0.2151830792427063
        ],
        [
            0.13755491375923157,
            -0.8268715143203735,
            -0.2144131362438202
        ],
        [
            0.11975863575935364,
            -0.8245682716369629,
            -0.2150503695011139
        ],
        [
            0.12537065148353577,
            -0.8256202936172485,
            -0.21503159403800964
        ],
        [
            0.12072545289993286,
            -0.8323569297790527,
            -0.2166896015405655
        ],
        [
            0.11665302515029907,
            -0.8315505981445312,
            -0.21677421033382416
        ],
        [
            0.11233394593000412,
            -0.8313921093940735,
            -0.21631981432437897
        ],
        [
            0.10817154496908188,
            -0.8318210244178772,
            -0.21511298418045044
        ],
        [
            0.10843147337436676,
            -0.8267439603805542,
            -0.2134626805782318
        ],
        [
            0.11369872838258743,
            -0.8252544403076172,
            -0.21452546119689941
        ],
        [
            0.10543926060199738,
            -0.846297025680542,
            -0.2212926149368286
        ],
        [
            0.09967964142560959,
            -0.8466672897338867,
            -0.21703800559043884
        ],
        [
            0.100971519947052,
            -0.8437162637710571,
            -0.21647705137729645
        ],
        [
            0.10565688461065292,
            -0.8431836366653442,
            -0.22045719623565674
        ],
        [
            0.095234215259552,
            -0.8398332595825195,
            -0.20523282885551453
        ],
        [
            0.09577396512031555,
            -0.8419146537780762,
            -0.20731961727142334
        ],
        [
            0.09224318712949753,
            -0.843633770942688,
            -0.20663493871688843
        ],
        [
            0.0917506217956543,
            -0.8394879698753357,
            -0.20444181561470032
        ],
        [
            0.09341567009687424,
            -0.8361471891403198,
            -0.20513765513896942
        ],
        [
            0.0959201231598854,
            -0.8379062414169312,
            -0.20595310628414154
        ],
        [
            0.11461625248193741,
            -0.9034468531608582,
            -0.2312343418598175
        ],
        [
            0.10521776974201202,
            -0.8862059712409973,
            -0.23247376084327698
        ],
        [
            0.13405649363994598,
            -0.895732045173645,
            -0.22840625047683716
        ],
        [
            0.14768463373184204,
            -0.8854663372039795,
            -0.22201761603355408
        ],
        [
            0.15857526659965515,
            -0.8722320795059204,
            -0.21510213613510132
        ],
        [
            0.13201552629470825,
            -0.7730014324188232,
            -0.19765609502792358
        ],
        [
            0.13650861382484436,
            -0.7648046016693115,
            -0.19104616343975067
        ],
        [
            0.14984802901744843,
            -0.7726987600326538,
            -0.18692603707313538
        ],
        [
            0.1509718894958496,
            -0.7634552121162415,
            -0.17870871722698212
        ],
        [
            0.13728997111320496,
            -0.7555559277534485,
            -0.1840534806251526
        ],
        [
            0.12784430384635925,
            -0.7401590347290039,
            -0.17011377215385437
        ],
        [
            0.1343899965286255,
            -0.7467564344406128,
            -0.17677974700927734
        ],
        [
            0.14995881915092468,
            -0.7555171251296997,
            -0.1681419461965561
        ],
        [
            0.16455161571502686,
            -0.7687375545501709,
            -0.1621573567390442
        ],
        [
            0.16285130381584167,
            -0.7739772200584412,
            -0.17398551106452942
        ],
        [
            0.1754702627658844,
            -0.7850677371025085,
            -0.15757781267166138
        ],
        [
            0.16799089312553406,
            -0.7634183168411255,
            -0.14686456322669983
        ],
        [
            0.17860954999923706,
            -0.7853025197982788,
            -0.14793109893798828
        ],
        [
            0.15452291071414948,
            -0.7286200523376465,
            -0.13199222087860107
        ],
        [
            0.1582275629043579,
            -0.7180979251861572,
            -0.12446726858615875
        ],
        [
            0.17254520952701569,
            -0.7261669635772705,
            -0.1165173277258873
        ],
        [
            0.1706523895263672,
            -0.7361404895782471,
            -0.1254761815071106
        ],
        [
            0.15916796028614044,
            -0.7806615829467773,
            -0.1834881752729416
        ],
        [
            0.16062761843204498,
            -0.8408701419830322,
            -0.20597395300865173
        ],
        [
            0.15047910809516907,
            -0.8396797776222229,
            -0.21329370141029358
        ],
        [
            0.16365057229995728,
            -0.8289287090301514,
            -0.2012782096862793
        ],
        [
            0.17606677114963531,
            -0.9021416306495667,
            -0.20488415658473969
        ],
        [
            0.1613699346780777,
            -0.8954012393951416,
            -0.21540752053260803
        ],
        [
            0.17035876214504242,
            -0.8804531693458557,
            -0.21020519733428955
        ],
        [
            0.18314778804779053,
            -0.8885772228240967,
            -0.20128564536571503
        ],
        [
            0.14971424639225006,
            -0.9390933513641357,
            -0.2046263962984085
        ],
        [
            0.13278581202030182,
            -0.9235713481903076,
            -0.22066400945186615
        ],
        [
            0.1464773714542389,
            -0.9112414121627808,
            -0.21853353083133698
        ],
        [
            0.1618967205286026,
            -0.9230924248695374,
            -0.20658902823925018
        ],
        [
            0.19187143445014954,
            -0.8918122053146362,
            -0.19169993698596954
        ],
        [
            0.20357896387577057,
            -0.8958398103713989,
            -0.17715589702129364
        ],
        [
            0.20451338589191437,
            -0.9133501052856445,
            -0.17306451499462128
        ],
        [
            0.18997031450271606,
            -0.9103661179542542,
            -0.1904544234275818
        ],
        [
            0.19911397993564606,
            -0.9356323480606079,
            -0.1652442365884781
        ],
        [
            0.18194782733917236,
            -0.9328176379203796,
            -0.1863677203655243
        ],
        [
            0.18226903676986694,
            -0.7736712694168091,
            -0.13258108496665955
        ],
        [
            0.1858091503381729,
            -0.7919183969497681,
            -0.13810022175312042
        ],
        [
            0.16739171743392944,
            -0.7485419511795044,
            -0.1362238973379135
        ],
        [
            0.18061667680740356,
            -0.7581872940063477,
            -0.12549002468585968
        ],
        [
            0.18767999112606049,
            -0.9544609785079956,
            -0.15460065007209778
        ],
        [
            0.16838671267032623,
            -0.9517168998718262,
            -0.1806090921163559
        ],
        [
            0.22109432518482208,
            -0.8839346170425415,
            -0.12609994411468506
        ],
        [
            0.2198958396911621,
            -0.8997023105621338,
            -0.13855765759944916
        ],
        [
            0.21504487097263336,
            -0.8836696147918701,
            -0.15169203281402588
        ],
        [
            0.21768136322498322,
            -0.8713167905807495,
            -0.13842535018920898
        ],
        [
            0.22082848846912384,
            -0.897283673286438,
