{
    "pred_cam": [
        1.5633575916290283,
        0.10361478477716446,
        0.28225192427635193
    ],
    "pred_smpl_params": {
        "global_orient": [
            [
                [
                    -0.20804759860038757,
                    0.027151519432663918,
                    -0.9777417778968811
                ],
                [
                    0.30614832043647766,
                    -0.9475804567337036,
                    -0.09145734459161758
                ],
                [
                    -0.9289722442626953,
                    -0.31836146116256714,
                    0.1888294517993927
                ]
            ]
        ],
        "body_pose": [
            [
                [
                    0.9877985119819641,
                    0.0917469933629036,
                    0.12584318220615387
                ],
                [
                    -0.12328474968671799,
                    0.9543934464454651,
                    0.27190810441970825
                ],
                [
                    -0.09515715390443802,
                    -0.28410500288009644,
                    0.9540594220161438
                ]
            ],
            [
                [
                    0.9728943705558777,
                    0.22893927991390228,
                    -0.032608456909656525
                ],
                [
                    -0.223003089427948,
                    0.9661464691162109,
                    0.12973320484161377
                ],
                [
                    0.06120556965470314,
                    -0.1189449280500412,
                    0.9910126328468323
                ]
            ],
            [
                [
                    0.9942730665206909,
                    -0.087021604180336,
                    0.0620347298681736
                ],
                [
                    0.10172156244516373,
                    0.9486048221588135,
                    -0.2996692657470703
                ],
                [
                    -0.032768744975328445,
                    0.30426332354545593,
                    0.9520242214202881
                ]
            ],
            [
                [
                    0.9426126480102539,
                    0.296039879322052,
                    0.15440796315670013
                ],
                [
                    -0.2596423923969269,
                    0.9406686425209045,
                    -0.21846815943717957
                ],
                [
                    -0.20992201566696167,
                    0.16583998501300812,
                    0.9635506868362427
                ]
            ],
            [
                [
                    0.9757489562034607,
                    0.12720264494419098,
                    0.1781386137008667
                ],
                [
                    -0.12284306436777115,
                    0.9917967319488525,
                    -0.03533865138888359
                ],
                [
                    -0.1811724752187729,
                    0.012598561123013496,
                    0.9833706021308899
                ]
            ],
            [
                [
                    0.9947158098220825,
                    -0.08388050645589828,
                    0.059197936207056046
                ],
                [
                    0.08612697571516037,
                    0.9956163167953491,
                    -0.03647184744477272
                ],
                [
                    -0.05587916076183319,
                    0.04137766733765602,
                    0.9975796937942505
                ]
            ],
            [
                [
                    0.9876734018325806,
                    -0.018470242619514465,
                    0.1554352343082428
                ],
                [
                    0.016563385725021362,
                    0.999770998954773,
                    0.013554229401051998
                ],
                [
                    -0.15564997494220734,
                    -0.010812618769705296,
                    0.98775315284729
                ]
            ],
            [
                [
                    0.9811883568763733,
                    -0.041882164776325226,
                    -0.18845491111278534
                ],
                [
                    0.0323670469224453,
                    0.9980543851852417,
                    -0.05328867956995964
                ],
                [
                    0.19032011926174164,
                    0.04618650674819946,
                    0.9806349277496338
                ]
            ],
            [
                [
                    0.9982274174690247,
                    -0.039578694850206375,
                    0.04444883018732071
                ],
                [
                    0.04288368672132492,
                    0.996181845664978,
                    -0.0760444700717926
                ],
                [
                    -0.04126937314867973,
                    0.07781579345464706,
                    0.9961133003234863
                ]
            ],
            [
                [
                    0.9960153698921204,
                    -0.01320335827767849,
                    0.08819841593503952
                ],
                [
                    0.018039532005786896,
                    0.9983636736869812,
                    -0.05426301434636116
                ],
                [
                    -0.08733764290809631,
                    0.05563785880804062,
                    0.9946237206459045
                ]
            ],
            [
                [
                    0.9977321624755859,
                    0.06100628525018692,
                    -0.028442205861210823
                ],
                [
                    -0.060467030853033066,
                    0.9979806542396545,
                    0.0194510780274868
                ],
                [
                    0.02957141026854515,
                    -0.017687147483229637,
                    0.9994062781333923
                ]
            ],
            [
                [
                    0.9980045557022095,
                    -0.06231328099966049,
                    -0.01019240915775299
                ],
                [
                    0.05942002311348915,
                    0.9814664721488953,
                    -0.1821890026330948
                ],
                [
                    0.021356305107474327,
                    0.18121984601020813,
                    0.9832106828689575
                ]
            ],
            [
                [
                    0.9221616983413696,
                    0.3428281843662262,
                    -0.1791272759437561
                ],
                [
                    -0.3457556664943695,
                    0.9381946921348572,
                    0.015614294447004795
                ],
                [
                    0.17340926826000214,
                    0.04753535985946655,
                    0.9837020039558411
                ]
            ],
            [
                [
                    0.8614252805709839,
                    -0.31883615255355835,
                    0.3953353762626648
                ],
                [
                    0.3211608827114105,
                    0.9449722170829773,
                    0.06231474503874779
                ],
                [
                    -0.39344918727874756,
                    0.07328677177429199,
                    0.9164206385612488
                ]
            ],
            [
                [
                    0.9976710081100464,
                    -0.03441604971885681,
                    -0.05888960510492325
                ],
                [
                    0.008755621500313282,
                    0.9208470582962036,
                    -0.38982564210891724
                ],
                [
                    0.06764457374811172,
                    0.38840216398239136,
                    0.9190037250518799
                ]
            ],
            [
                [
                    0.5122487545013428,
                    0.8114763498306274,
                    -0.281260222196579
                ],
                [
                    -0.8311318755149841,
                    0.5508974194526672,
                    0.07570918649435043
                ],
                [
                    0.2163817435503006,
                    0.1949823796749115,
                    0.956640362739563
                ]
            ],
            [
                [
                    0.5096526741981506,
                    -0.6837784647941589,
                    0.5222079753875732
                ],
                [
                    0.7163768410682678,
                    0.6733974814414978,
                    0.18259255588054657
                ],
                [
                    -0.47650638222694397,
                    0.28103893995285034,
                    0.8330419063568115
                ]
            ],
            [
                [
                    0.9051740765571594,
                    -0.06536610424518585,
                    -0.41998472809791565
                ],
                [
                    0.033280473202466965,
                    0.9959699511528015,
                    -0.08328410238027573
                ],
                [
                    0.4237361252307892,
                    0.06140931695699692,
                    0.9037016034126282
                ]
            ],
            [
                [
                    0.8544211983680725,
                    0.03898048400878906,
                    0.51811683177948
                ],
                [
                    -0.013938626274466515,
                    0.9985425472259521,
                    -0.0521392822265625
                ],
                [
                    -0.5193940997123718,
                    0.037327080965042114,
                    0.8537192344665527
                ]
            ],
            [
                [
                    0.9998828768730164,
                    -0.013291088864207268,
                    -0.007594272494316101
                ],
                [
                    0.014210621826350689,
                    0.9903696775436401,
                    0.13771657645702362
                ],
                [
                    0.005690733902156353,
                    -0.13780835270881653,
                    0.9904425740242004
                ]
            ],
            [
                [
                    0.997804582118988,
                    0.052171044051647186,
                    0.04079340398311615
                ],
                [
                    -0.054326076060533524,
                    0.9970815777778625,
                    0.05363672971725464
                ],
                [
                    -0.03787606954574585,
                    -0.05573512613773346,
                    0.9977267980575562
                ]
            ],
            [
                [
                    0.9764857888221741,
                    0.18692298233509064,
                    -0.10740277916193008
                ],
                [
                    -0.1692940890789032,
                    0.9733338356018066,
                    0.1547928750514984
                ],
                [
                    0.13347309827804565,
                    -0.13297037780284882,
                    0.9820916056632996
                ]
            ],
            [
                [
                    0.9812535047531128,
                    -0.17599406838417053,
                    0.07853491604328156
                ],
                [
                    0.15948589146137238,
                    0.9703224301338196,
                    0.18176551163196564
                ],
                [
                    -0.10819384455680847,
                    -0.16583281755447388,
                    0.9802008271217346
                ]
            ]
        ],
        "betas": [
            -0.1473492980003357,
            0.004257023334503174,
            -0.041135162115097046,
            0.3325958847999573,
            0.1763564497232437,
            0.0664655864238739,
            -0.03844422101974487,
            -0.09583166241645813,
            0.08350543677806854,
            -0.05571639537811279
        ]
    },
    "pred_cam_t": [
        0.10361478477716446,
        0.28225192427635193,
        24.986286163330078
    ],
    "focal_length": [
        5000.0,
        5000.0
    ],
    "pred_keypoints_3d": [
        [
            -0.2612933814525604,
            -0.6988018751144409,
            -0.011902276426553726
        ],
        [
            -0.08229611814022064,
            -0.7115317583084106,
            -0.04559417814016342
        ],
        [
            -0.06334683299064636,
            -0.6207730174064636,
            0.13448181748390198
        ],
        [
            -0.10577694326639175,
            -0.3744887113571167,
            0.1669960916042328
        ],
        [
            -0.2646283209323883,
            -0.18431971967220306,
            0.11773808300495148
        ],
        [
            -0.08581210672855377,
            -0.6053453683853149,
            -0.21670177578926086
        ],
        [
            -0.03895185887813568,
            -0.3526563346385956,
            -0.24403047561645508
        ],
        [
            -0.12118693441152573,
            -0.12065950036048889,
            -0.22628456354141235
        ],
        [
            -0.0019775244873017073,
            -0.2244308441877365,
            0.027038294821977615
        ],
        [
            0.014335422776639462,
            -0.15932489931583405,
            0.11674408614635468
        ],
        [
            -0.0035429121926426888,
            0.13827498257160187,
            0.35073351860046387
        ],
        [
            0.017606981098651886,
            0.4523662328720093,
            0.5874038934707642
        ],
        [
            -0.011460349895060062,
            -0.11672820150852203,
            -0.009195007383823395
        ],
        [
            -0.1169091984629631,
            0.21312518417835236,
            0.12425749748945236
        ],
        [
            -0.1037597805261612,
            0.48873990774154663,
            0.40498194098472595
        ],
        [
            -0.25855502486228943,
            -0.7518081665039062,
            0.01955994963645935
        ],
        [
            -0.2747419774532318,
            -0.7481737732887268,
            -0.044730931520462036
        ],
        [
            -0.17559359967708588,
            -0.8102959394454956,
            0.039747580885887146
        ],
        [
            -0.21070542931556702,
            -0.802664041519165,
            -0.10383789241313934
        ],
        [
            -0.2980688214302063,
            0.5438305735588074,
            0.41128772497177124
        ],
        [
            -0.23775584995746613,
            0.5859391689300537,
            0.3742252290248871
        ],
        [
            -0.04763219133019447,
            0.5140888690948486,
            0.432088702917099
        ],
        [
            -0.17098365724086761,
            0.4682067632675171,
            0.6516199111938477
        ],
        [
            -0.10718454420566559,
            0.43541958928108215,
            0.7024955749511719
        ],
        [
            0.07370820641517639,
            0.49202170968055725,
            0.6052626967430115
        ],
        [
            0.049431756138801575,
            0.4033346474170685,
            0.5677268505096436
        ],
        [
            -0.0005127452313899994,
            0.08478443324565887,
            0.3097303509712219
        ],
        [
            0.03857053071260452,
            -0.298099160194397,
            0.14728429913520813
        ],
        [
            -0.00405458826571703,
            -0.19237011671066284,
            -0.11930054426193237
        ],
        [
            -0.10899361968040466,
            0.1809234619140625,
            0.09409038722515106
        ],
        [
            -0.07641854882240295,
            0.4682614803314209,
            0.3768807649612427
        ],
        [
            -0.27362293004989624,
            -0.21799781918525696,
            0.10561205446720123
        ],
        [
            -0.13004876673221588,
            -0.39770224690437317,
            0.18412122130393982
        ],
        [
            -0.0669986680150032,
            -0.652784526348114,
            0.09941297769546509
        ],
        [
            -0.08157180994749069,
            -0.6386693716049194,
            -0.19206282496452332
        ],
        [
            -0.07845904678106308,
            -0.37158122658729553,
            -0.2675018310546875
        ],
        [
            -0.1335739642381668,
            -0.1370081603527069,
            -0.23080852627754211
        ],
        [
            -0.09344784915447235,
            -0.6979802250862122,
            -0.04801391810178757
        ],
        [
            -0.24206145107746124,
            -0.8325123190879822,
            -0.024354849010705948
        ],
        [
            0.017061429098248482,
            -0.2460310161113739,
            0.013345878571271896
        ],
        [
            -0.07408910989761353,
            -0.6437839865684509,
            -0.044404495507478714
        ],
        [
            0.00018151849508285522,
            -0.48380258679389954,
            -0.037671033293008804
        ],
        [
            -0.19365817308425903,
            -0.7295769453048706,
            -0.03470316156744957
        ],
        [
            -0.24788303673267365,
            -0.8513123989105225,
            -0.019457848742604256
        ]
    ],
    "pred_vertices": [
        [
            -0.3105187714099884,
            -0.782220721244812,
            -0.04996705427765846
        ],
        [
            -0.3040255010128021,
            -0.7667911052703857,
            -0.04490559920668602
        ],
        [
            -0.2976253032684326,
            -0.770086407661438,
            -0.057729654014110565
        ],
        [
            -0.29956141114234924,
            -0.7842272520065308,
            -0.06345190107822418
        ],
        [
            -0.2945064902305603,
            -0.7594353556632996,
            -0.054003968834877014
        ],
        [
            -0.29785582423210144,
            -0.7561841011047363,
            -0.043293680995702744
        ],
        [
            -0.2876194417476654,
            -0.7723750472068787,
            -0.0672052726149559
        ],
        [
            -0.2862984538078308,
            -0.784178614616394,
            -0.07334616035223007
        ],
        [
            -0.25642386078834534,
            -0.753941535949707,
            -0.07890009135007858
        ],
        [
            -0.24781401455402374,
            -0.7569141983985901,
            -0.08528321236371994
        ],
        [
            -0.257419228553772,
            -0.7647768259048462,
            -0.0834980234503746
        ],
        [
            -0.26317909359931946,
            -0.7599291801452637,
            -0.07659868150949478
        ],
        [
            -0.23616184294223785,
            -0.7377002835273743,
            -0.08136500418186188
        ],
        [
            -0.23441314697265625,
            -0.7255247831344604,
            -0.07509670406579971
        ],
        [
            -0.2218426913022995,
            -0.7255194783210754,
            -0.08023019134998322
        ],
        [
            -0.2223459780216217,
            -0.7380737066268921,
            -0.08578173816204071
        ],
        [
            -0.2529377043247223,
            -0.7208612561225891,
            -0.03752820938825607
        ],
        [
            -0.2492435872554779,
            -0.7164222002029419,
            -0.04397496581077576
        ],
        [
            -0.25414329767227173,
            -0.7216734886169434,
            -0.04707738757133484
        ],
        [
            -0.2569575905799866,
            -0.725762665271759,
            -0.0402047336101532
        ],
        [
            -0.2616370916366577,
            -0.7242908477783203,
            -0.026697535067796707
        ],
        [
            -0.26330405473709106,
            -0.7305052280426025,
            -0.02772338315844536
        ],
        [
            -0.26844945549964905,
            -0.7299962043762207,
            -0.021675072610378265
        ],
        [
            -0.2672182321548462,
            -0.7225518226623535,
            -0.021411936730146408
        ],
        [
            -0.24809104204177856,
            -0.7172529101371765,
            -0.03289736062288284
        ],
        [
            -0.2440609335899353,
            -0.7128930687904358,
            -0.03978519141674042
        ],
        [
            -0.25667279958724976,
            -0.7242344617843628,
            -0.032087117433547974
        ],
        [
            -0.2547561824321747,
            -0.7195738554000854,
            -0.03060527890920639
        ],
        [
            -0.25740155577659607,
            -0.708233118057251,
            -0.026585683226585388
        ],
        [
            -0.2598898410797119,
            -0.7126193046569824,
            -0.027795404195785522
        ],
        [
            -0.26474159955978394,
            -0.7088713049888611,
            -0.023340769112110138
        ],
        [
            -0.26030999422073364,
            -0.7053872346878052,
            -0.022777192294597626
        ],
        [
            -0.25086498260498047,
            -0.7138593196868896,
            -0.031209513545036316
        ],
        [
            -0.254932165145874,
            -0.7141357660293579,
            -0.030863575637340546
        ],
        [
            -0.25355952978134155,
            -0.7098592519760132,
            -0.028582867234945297
        ],
        [
            -0.24954181909561157,
            -0.7104819416999817,
            -0.028006955981254578
        ],
        [
            -0.26049596071243286,
            -0.7192277908325195,
            -0.026268936693668365
        ],
        [
            -0.2661518156528473,
            -0.7159736156463623,
            -0.021966226398944855
        ],
        [
            -0.2712128758430481,
            -0.712364673614502,
            -0.016751248389482498
        ],
        [
            -0.2683331072330475,
            -0.7040445804595947,
            -0.017982546240091324
        ],
        [
            -0.23778343200683594,
            -0.7105986475944519,
            -0.05749869346618652
        ],
        [
            -0.24439188838005066,
            -0.7128092646598816,
            -0.0511552095413208
        ],
        [
            -0.2401123046875,
            -0.7093403339385986,
            -0.04666759446263313
        ],
        [
            -0.23535576462745667,
            -0.7071266770362854,
            -0.05250855162739754
        ],
        [
            -0.24526701867580414,
            -0.7105914354324341,
            -0.030102621763944626
        ],
        [
            -0.23552709817886353,
            -0.6990803480148315,
            -0.03570854663848877
        ],
        [
            -0.2383514642715454,
            -0.7016379833221436,
            -0.03547973930835724
        ],
        [
            -0.2404165267944336,
            -0.6997867226600647,
            -0.028842102736234665
        ],
        [
            -0.2378508746623993,
            -0.6974672675132751,
            -0.02970598265528679
        ],
        [
            -0.22269290685653687,
            -0.706335186958313,
            -0.06558147817850113
        ],
        [
            -0.22403772175312042,
            -0.7025005221366882,
            -0.05940756946802139
        ],
        [
            -0.21749193966388702,
            -0.6995161771774292,
            -0.061084553599357605
        ],
        [
            -0.21427085995674133,
            -0.7033213973045349,
            -0.06694649159908295
        ],
        [
            -0.2125113159418106,
            -0.6962587833404541,
            -0.05935964360833168
        ],
        [
            -0.2066265046596527,
            -0.6999466419219971,
            -0.06695175170898438
        ],
        [
            -0.19549132883548737,
            -0.6897726058959961,
            -0.05964839085936546
        ],
        [
            -0.2003534585237503,
            -0.6945632696151733,
            -0.0635560154914856
        ],
        [
            -0.20822890102863312,
            -0.6921342611312866,
            -0.055969081819057465
        ],
        [
            -0.20583316683769226,
            -0.6866674423217773,
            -0.050649430602788925
        ],
        [
            -0.21201112866401672,
            -0.6847249865531921,
            -0.037518080323934555
        ],
        [
            -0.21176177263259888,
            -0.6823727488517761,
            -0.031527988612651825
        ],
        [
            -0.20327100157737732,
            -0.6749181747436523,
            -0.03776011988520622
        ],
        [
            -0.20436996221542358,
            -0.6797453165054321,
            -0.04377394914627075
        ],
        [
            -0.22829368710517883,
            -0.6981252431869507,
            -0.03627500683069229
        ],
        [
            -0.22722353041172028,
            -0.699905514717102,
            -0.04058835282921791
        ],
        [
            -0.22989898920059204,
            -0.6993239521980286,
            -0.04040956124663353
        ],
        [
            -0.23206618428230286,
            -0.6979981660842896,
            -0.035819508135318756
        ],
        [
            -0.22654667496681213,
            -0.7007599472999573,
            -0.04453268647193909
        ],
        [
            -0.22620122134685516,
            -0.7010494470596313,
            -0.04629019647836685
        ],
        [
            -0.22790005803108215,
            -0.7010745406150818,
            -0.04576623812317848
        ],
        [
            -0.22732263803482056,
            -0.7008566856384277,
            -0.04445076733827591
        ],
        [
            -0.2271120548248291,
            -0.7003121972084045,
            -0.0424254909157753
        ],
        [
            -0.2258051037788391,
            -0.6988347172737122,
            -0.04147632047533989
        ],
        [
            -0.22612863779067993,
            -0.6999601721763611,
            -0.04362525790929794
        ],
        [
            -0.22645749151706696,
            -0.6964623928070068,
            -0.03767692297697067
        ],
        [
            -0.2279694676399231,
            -0.6898532509803772,
            -0.024898819625377655
        ],
        [
            -0.22802616655826569,
            -0.6910609006881714,
            -0.028362814337015152
        ],
        [
            -0.23002207279205322,
            -0.694883406162262,
            -0.02661004662513733
        ],
        [
            -0.2302006483078003,
            -0.6940526366233826,
            -0.023691542446613312
        ],
        [
            -0.23000280559062958,
            -0.7011479139328003,
            -0.04408055171370506
        ],
        [
            -0.23142461478710175,
            -0.7025364637374878,
            -0.04591827467083931
        ],
        [
            -0.2348874807357788,
            -0.7022626399993896,
            -0.04143984243273735
        ],
        [
            -0.23230323195457458,
            -0.7008216977119446,
            -0.040630098432302475
        ],
        [
            -0.23315218091011047,
            -0.7038676738739014,
            -0.04855800420045853
        ],
        [
            -0.2288099080324173,
            -0.7022688388824463,
            -0.04794791340827942
        ],
        [
            -0.22962749004364014,
            -0.7029714584350586,
            -0.05123579129576683
        ],
        [
            -0.22483251988887787,
            -0.6999086737632751,
            -0.045902665704488754
        ],
        [
            -0.22323325276374817,
            -0.6996683478355408,
            -0.04899539425969124
        ],
        [
            -0.22593465447425842,
            -0.7006867527961731,
            -0.04916003718972206
        ],
        [
            -0.22083289921283722,
            -0.6972289085388184,
            -0.04721575230360031
        ],
        [
            -0.22372815012931824,
            -0.6980104446411133,
            -0.04342733696103096
        ],
        [
            -0.22367644309997559,
            -0.6949446797370911,
            -0.039760805666446686
        ],
        [
            -0.22408732771873474,
            -0.6914942264556885,
            -0.03503895923495293
        ],
        [
            -0.2191169261932373,
            -0.6901737451553345,
            -0.03834661841392517
        ],
        [
            -0.21960651874542236,
            -0.6937597990036011,
            -0.043441660702228546
        ],
        [
            -0.23746417462825775,
            -0.7053829431533813,
            -0.043385498225688934
        ],
        [
            -0.2251426875591278,
            -0.7012279629707336,
            -0.05367113649845123
        ],
        [
            -0.2302905172109604,
            -0.705491304397583,
            -0.05625022575259209
        ],
        [
            -0.22094430029392242,
            -0.6987874507904053,
            -0.05422394350171089
        ],
        [
            -0.2171168029308319,
            -0.6960961818695068,
            -0.05265393480658531
        ],
        [
            -0.2146395742893219,
            -0.6925767660140991,
            -0.04841550067067146
        ],
        [
            -0.21306182444095612,
            -0.68834388256073,
            -0.04334156587719917
        ],
        [
            -0.1902991533279419,
            -0.6758005619049072,
            -0.04310698062181473
        ],
        [
            -0.19303172826766968,
            -0.6816096305847168,
            -0.05077860504388809
        ],
        [
            -0.29001808166503906,
            -0.752750039100647,
            -0.04234195873141289
        ],
        [
            -0.2891926169395447,
            -0.753902018070221,
            -0.051441892981529236
        ],
        [
            -0.28033602237701416,
            -0.7516461610794067,
            -0.05334301292896271
        ],
        [
            -0.28237074613571167,
            -0.753436267375946,
            -0.05446610599756241
        ],
        [
            -0.284612774848938,
            -0.7521095275878906,
            -0.04909978434443474
        ],
        [
            -0.28185465931892395,
            -0.7504401206970215,
            -0.04905732721090317
        ],
        [
            -0.2672019600868225,
            -0.7573100924491882,
            -0.0697026401758194
        ],
        [
            -0.2705623209476471,
            -0.7553307414054871,
            -0.06406978517770767
        ],
        [
            -0.2670612037181854,
            -0.7537069916725159,
            -0.06490640342235565
        ],
        [
            -0.2625066339969635,
            -0.7529299259185791,
            -0.07209210842847824
        ],
        [
            -0.2649010419845581,
            -0.7437613010406494,
            -0.05733196437358856
        ],
        [
            -0.2645965814590454,
            -0.7468047142028809,
            -0.06186843290925026
        ],
        [
            -0.2701428234577179,
            -0.7496621608734131,
            -0.05707278847694397
        ],
        [
            -0.27054262161254883,
            -0.7473759651184082,
            -0.05389842391014099
        ],
        [
            -0.2707299292087555,
            -0.745743989944458,
            -0.05003722012042999
        ],
        [
            -0.27090832591056824,
            -0.7449471950531006,
            -0.0456027090549469
        ],
        [
            -0.2666987180709839,
            -0.7416620254516602,
            -0.04676831513643265
        ],
        [
            -0.2657604217529297,
            -0.7421773672103882,
            -0.05203770846128464
        ],
        [
            -0.28490400314331055,
            -0.7521055936813354,
            -0.042489610612392426
        ],
        [
            -0.28279608488082886,
            -0.7520675659179688,
            -0.03537209704518318
        ],
        [
            -0.28021153807640076,
            -0.7503751516342163,
            -0.03733057156205177
        ],
        [
            -0.28227418661117554,
            -0.7500185370445251,
            -0.04322315379977226
        ],
        [
            -0.26983004808425903,
            -0.75011146068573,
            -0.028791796416044235
        ],
        [
            -0.27269619703292847,
            -0.7508901357650757,
            -0.029536381363868713
        ],
        [
            -0.2738173007965088,
            -0.7512009143829346,
            -0.025739874690771103
        ],
        [
            -0.26971307396888733,
            -0.7488452196121216,
            -0.02548861876130104
        ],
        [
            -0.26786690950393677,
            -0.7466697692871094,
            -0.02821986749768257
        ],
        [
            -0.2689591944217682,
            -0.7486664652824402,
            -0.030312582850456238
        ],
        [
            -0.3231656849384308,
            -0.7988579273223877,
            -0.03857045620679855
        ],
        [
            -0.31654486060142517,
            -0.7810381054878235,
            -0.034933749586343765
        ],
        [
            -0.31210535764694214,
            -0.8022105693817139,
            -0.056075796484947205
        ],
        [
            -0.29886317253112793,
            -0.8020976781845093,
            -0.06869079172611237
        ],
        [
            -0.284424364566803,
            -0.7980743646621704,
            -0.0793069526553154
        ],
        [
            -0.22198960185050964,
            -0.7144432067871094,
            -0.07301028817892075
        ],
        [
            -0.21169379353523254,
            -0.7125465869903564,
            -0.07615643739700317
        ],
        [
            -0.2096644639968872,
            -0.7259135246276855,
            -0.08457287400960922
        ],
        [
            -0.19879387319087982,
            -0.7219055891036987,
            -0.08495080471038818
        ],
        [
            -0.20167136192321777,
            -0.7080342769622803,
            -0.07599261403083801
        ],
        [
            -0.18550243973731995,
            -0.6958755254745483,
            -0.06604143977165222
        ],
        [
            -0.19261926412582397,
            -0.7020803093910217,
            -0.07292212545871735
        ],
        [
            -0.18750298023223877,
            -0.7180203199386597,
            -0.0829131081700325
        ],
        [
            -0.18623581528663635,
            -0.737156331539154,
            -0.0915776938199997
        ],
        [
            -0.19794213771820068,
            -0.7373561859130859,
            -0.09153750538825989
        ],
        [
            -0.18851789832115173,
            -0.7574102282524109,
            -0.09555524587631226
        ],
        [
            -0.17250549793243408,
            -0.7385479211807251,
            -0.09052445739507675
        ],
        [
            -0.1809883862733841,
            -0.7625041604042053,
            -0.09440558403730392
        ],
        [
            -0.15493474900722504,
            -0.7092307209968567,
            -0.07790791243314743
        ],
        [
            -0.14795584976673126,
            -0.7037683129310608,
            -0.08046035468578339
        ],
        [
            -0.1407528966665268,
            -0.7168071269989014,
            -0.0918140709400177
        ],
        [
            -0.14924529194831848,
            -0.7226243019104004,
            -0.0900922566652298
        ],
        [
            -0.20919592678546906,
            -0.7379562258720398,
            -0.09016914665699005
        ],
        [
            -0.2598061263561249,
            -0.7776000499725342,
            -0.08535845577716827
        ],
        [
            -0.26682355999946594,
            -0.7697305679321289,
            -0.07931235432624817
        ],
        [
            -0.24867704510688782,
            -0.7708594799041748,
            -0.08959227055311203
        ],
        [
            -0.2883790135383606,
            -0.8330811262130737,
            -0.08306552469730377
        ],
        [
            -0.29684504866600037,
            -0.8178538680076599,
            -0.07655102759599686
        ],
        [
            -0.28218668699264526,
            -0.8116991519927979,
            -0.08518163114786148
        ],
        [
            -0.27685317397117615,
            -0.8265064358711243,
            -0.09141707420349121
        ],
        [
            -0.3139273226261139,
            -0.8516337871551514,
            -0.05096191540360451
        ],
        [
            -0.3224734961986542,
            -0.8251925706863403,
            -0.04644427448511124
        ],
        [
            -0.31180042028427124,
            -0.822690486907959,
            -0.061499644070863724
        ],
        [
            -0.3043785095214844,
            -0.8431411385536194,
            -0.06640733033418655
        ],
        [
            -0.2689947485923767,
            -0.8371672630310059,
            -0.09516318142414093
        ],
        [
            -0.2576136589050293,
            -0.8508784174919128,
            -0.09823152422904968
        ],
        [
            -0.2632973790168762,
            -0.866889476776123,
            -0.0935145691037178
        ],
        [
            -0.2783411741256714,
            -0.8515905141830444,
            -0.08863995969295502
        ],
        [
            -0.2704533338546753,
            -0.8863265514373779,
            -0.08071426302194595
        ],
        [
            -0.2894911766052246,
            -0.8678830862045288,
            -0.07441074401140213
        ],
        [
            -0.16368132829666138,
            -0.7587543725967407,
            -0.0944877415895462
        ],
        [
            -0.17500576376914978,
            -0.775032639503479,
            -0.09447775036096573
        ],
        [
            -0.16032329201698303,
            -0.7288848161697388,
            -0.08805133402347565
        ],
        [
            -0.15314456820487976,
            -0.745663046836853,
            -0.09458128362894058
        ],
        [
            -0.27426445484161377,
            -0.9010719060897827,
            -0.06199214234948158
        ],
        [
            -0.29742926359176636,
            -0.8799581527709961,
            -0.05510106310248375
        ],
        [
            -0.20572826266288757,
            -0.870081901550293,
            -0.09896537661552429
        ],
        [
            -0.22466373443603516,
            -0.8765289187431335,
            -0.09750023484230042
        ],
        [
            -0.22747500240802765,
            -0.8566068410873413,
