{
    "pred_cam": [
        1.1242389678955078,
        0.015266427770256996,
        0.2000662386417389
    ],
    "pred_smpl_params": {
        "global_orient": [
            [
                [
                    0.9803686738014221,
                    0.19243469834327698,
                    -0.04296722263097763
                ],
                [
                    0.19405026733875275,
                    -0.9802845120429993,
                    0.03723834455013275
                ],
                [
                    -0.03495415672659874,
                    -0.0448451042175293,
                    -0.9983822107315063
                ]
            ]
        ],
        "body_pose": [
            [
                [
                    0.9960609078407288,
                    -0.0885075256228447,
                    0.005388987250626087
                ],
                [
                    0.08442659676074982,
                    0.9652037024497986,
                    0.24749557673931122
                ],
                [
                    -0.027106689289212227,
                    -0.24606570601463318,
                    0.9688740372657776
                ]
            ],
            [
                [
                    0.9984192848205566,
                    0.042786605656147,
                    0.03644486889243126
                ],
                [
                    -0.04998890683054924,
                    0.9724147915840149,
                    0.22783896327018738
                ],
                [
                    -0.0256910752505064,
                    -0.22930064797401428,
                    0.9730165600776672
                ]
            ],
            [
                [
                    0.9992371797561646,
                    0.03726717829704285,
                    -0.011667318642139435
                ],
                [
                    -0.038846589624881744,
                    0.9791268110275269,
                    -0.19950345158576965
                ],
                [
                    0.003988855052739382,
                    0.19980451464653015,
                    0.9798276424407959
                ]
            ],
            [
                [
                    0.9953681230545044,
                    0.03350410610437393,
                    -0.09011019766330719
                ],
                [
                    -0.08264065533876419,
                    0.7771059274673462,
                    -0.6239206790924072
                ],
                [
                    0.04912124574184418,
                    0.6284774541854858,
                    0.7762752771377563
                ]
            ],
            [
                [
                    0.993908166885376,
                    -0.03182484582066536,
                    0.105516217648983
                ],
                [
                    0.08614688366651535,
                    0.8214807510375977,
                    -0.5636913776397705
                ],
                [
                    -0.06874015182256699,
                    0.5693474411964417,
                    0.8192180395126343
                ]
            ],
            [
                [
                    0.999280571937561,
                    -0.03741033747792244,
                    -0.006230235565453768
                ],
                [
                    0.03760542348027229,
                    0.9986840486526489,
                    0.034872811287641525
                ],
                [
                    0.0049174330197274685,
                    -0.03508201241493225,
                    0.9993724226951599
                ]
            ],
            [
                [
                    0.982105553150177,
                    0.10308478027582169,
                    0.15761399269104004
                ],
                [
                    -0.11790473014116287,
                    0.9891408681869507,
                    0.08774309605360031
                ],
                [
                    -0.14685747027397156,
                    -0.1047564223408699,
                    0.9835948944091797
                ]
            ],
            [
                [
                    0.9767348766326904,
                    -0.14636707305908203,
                    -0.1567336767911911
                ],
                [
                    0.14505766332149506,
                    0.9892245531082153,
                    -0.019823603332042694
                ],
                [
                    0.15794633328914642,
                    -0.00337301311083138,
                    0.9874417781829834
                ]
            ],
            [
                [
                    0.9994443655014038,
                    -0.025839969515800476,
                    -0.02105582319200039
                ],
                [
                    0.023095838725566864,
                    0.9923211336135864,
                    -0.12151294201612473
                ],
                [
                    0.024034030735492706,
                    0.12095911800861359,
                    0.9923665523529053
                ]
            ],
            [
                [
                    0.9727686047554016,
                    -0.2306225448846817,
                    0.02312144823372364
                ],
                [
                    0.2197401523590088,
                    0.9493744969367981,
                    0.22450478374958038
                ],
                [
                    -0.07372678071260452,
                    -0.21331046521663666,
                    0.9741987586021423
                ]
            ],
            [
                [
                    0.9632736444473267,
                    0.26786550879478455,
                    0.01875867322087288
                ],
                [
                    -0.2647966742515564,
                    0.9359951019287109,
                    0.23193924129009247
                ],
                [
                    0.04457049444317818,
                    -0.2283882051706314,
                    0.972549319267273
                ]
            ],
            [
                [
                    0.9517086744308472,
                    -0.08741435408592224,
                    -0.2942946255207062
                ],
                [
                    0.10908033698797226,
                    0.9923396110534668,
                    0.05799619108438492
                ],
                [
                    0.2869705259799957,
                    -0.0872972384095192,
                    0.9539533853530884
                ]
            ],
            [
                [
                    0.9138121604919434,
                    0.374786376953125,
                    0.1564687192440033
                ],
                [
                    -0.3637644648551941,
                    0.9266270995140076,
                    -0.09506596624851227
                ],
                [
                    -0.18061760067939758,
                    0.029954681172966957,
                    0.9830970764160156
                ]
            ],
            [
                [
                    0.9330539703369141,
                    -0.32623744010925293,
                    -0.15158933401107788
                ],
                [
                    0.3159264624118805,
                    0.9446538090705872,
                    -0.08842944353818893
                ],
                [
                    0.172048419713974,
                    0.03461837023496628,
                    0.9844800233840942
                ]
            ],
            [
                [
                    0.9574966430664062,
                    -0.1559196263551712,
                    -0.24267086386680603
                ],
                [
                    0.10957508534193039,
                    0.9748595356941223,
                    -0.19401565194129944
                ],
                [
                    0.26682087779045105,
                    0.15917867422103882,
                    0.9505096673965454
                ]
            ],
            [
                [
                    0.483683317899704,
                    0.8519758582115173,
                    -0.20046848058700562
                ],
                [
                    -0.873050332069397,
                    0.4858483672142029,
                    -0.0416460819542408
                ],
                [
                    0.06191584840416908,
                    0.1951625943183899,
                    0.9788145422935486
                ]
            ],
            [
                [
                    0.5551254749298096,
                    -0.8045831918716431,
                    0.21090634167194366
                ],
                [
                    0.8316720128059387,
                    0.5330983996391296,
                    -0.1553308069705963
                ],
                [
                    0.012542718090116978,
                    0.2616330087184906,
                    0.9650858640670776
                ]
            ],
            [
                [
                    0.26093363761901855,
                    -0.3645149767398834,
                    -0.8938917517662048
                ],
                [
                    0.30142414569854736,
                    0.9104388356208801,
                    -0.28327468037605286
                ],
                [
                    0.9170916676521301,
                    -0.195524662733078,
                    0.3474377393722534
                ]
            ],
            [
                [
                    0.04546957463026047,
                    0.43165940046310425,
                    0.9008899927139282
                ],
                [
                    -0.16397346556186676,
                    0.892815887928009,
                    -0.4195146858692169
                ],
                [
                    -0.9854162931442261,
                    -0.1286468803882599,
                    0.11137664318084717
                ]
            ],
            [
                [
                    0.9893580675125122,
                    -0.14007237553596497,
                    -0.039373647421598434
                ],
                [
                    0.14331671595573425,
                    0.9848600625991821,
                    0.09752460569143295
                ],
                [
                    0.02511703036725521,
                    -0.10212966054677963,
                    0.9944539666175842
                ]
            ],
            [
                [
                    0.9853820204734802,
                    0.15634146332740784,
                    0.06767287850379944
                ],
                [
                    -0.16020578145980835,
                    0.9854931831359863,
                    0.05601143464446068
                ],
                [
                    -0.057934246957302094,
                    -0.06603424996137619,
                    0.9961340427398682
                ]
            ],
            [
                [
                    0.9630514979362488,
                    0.25521326065063477,
                    -0.08601173758506775
                ],
                [
                    -0.24164699018001556,
                    0.9598562717437744,
                    0.1424172967672348
                ],
                [
                    0.1189056858420372,
                    -0.11637070775032043,
                    0.9860625267028809
                ]
            ],
            [
                [
                    0.9644644260406494,
                    -0.2523413300514221,
                    0.07830876111984253
                ],
                [
                    0.23930780589580536,
                    0.9599215984344482,
                    0.14588432013988495
                ],
                [
                    -0.11198291182518005,
                    -0.12196032702922821,
                    0.9861974716186523
                ]
            ]
        ],
        "betas": [
            0.10971476882696152,
            0.06231844425201416,
            0.5215896368026733,
            1.2450470924377441,
            -0.028167039155960083,
            -0.017651643604040146,
            0.03648605942726135,
            0.03447060286998749,
            0.016221925616264343,
            0.023830175399780273
        ]
    },
    "pred_cam_t": [
        0.015266427770256996,
        0.2000662386417389,
        34.7457275390625
    ],
    "focal_length": [
        5000.0,
        5000.0
    ],
    "pred_keypoints_3d": [
        [
            0.01161239668726921,
            -0.8348718285560608,
            -0.21436554193496704
        ],
        [
            0.09798768162727356,
            -0.7495012879371643,
            -0.05839798226952553
        ],
        [
            -0.09164232015609741,
            -0.6965410709381104,
            0.009778320789337158
        ],
        [
            -0.1700991988182068,
            -0.499679297208786,
            0.14477930963039398
        ],
        [
            -0.23559322953224182,
            -0.38698065280914307,
            -0.07235388457775116
        ],
        [
            0.26052096486091614,
            -0.6288576126098633,
            -0.021512040868401527
        ],
        [
            0.2500070333480835,
            -0.3996502161026001,
            0.09732835739850998
        ],
        [
            0.288444846868515,
            -0.2541949152946472,
            -0.10019967705011368
        ],
        [
            -0.0028621486853808165,
            -0.2383582592010498,
            0.026442643254995346
        ],
        [
            -0.08373317867517471,
            -0.16192767024040222,
            0.03764292597770691
        ],
        [
            -0.21129712462425232,
            0.19110089540481567,
            -0.024717621505260468
        ],
        [
            -0.26812660694122314,
            0.5278136730194092,
            0.17455458641052246
        ],
        [
            0.04474299028515816,
            -0.13533663749694824,
            0.03520134836435318
        ],
        [
            0.03935703635215759,
            0.22856184840202332,
            -0.03963856399059296
        ],
        [
            -0.01815556362271309,
            0.5530335307121277,
            0.17798464000225067
        ],
        [
            0.006777450442314148,
            -0.8824958801269531,
            -0.1736573576927185
        ],
        [
            0.05638780817389488,
            -0.8773444294929504,
            -0.21796560287475586
        ],
        [
            0.03792513906955719,
            -0.88670814037323,
            -0.0743693932890892
        ],
        [
            0.15157413482666016,
            -0.8738794326782227,
            -0.17212291061878204
        ],
        [
            -0.030046217143535614,
            0.6712130904197693,
            0.015573620796203613
        ],
        [
            0.036444924771785736,
            0.6699767708778381,
            0.06955669820308685
        ],
        [
            -0.01860620081424713,
            0.5657681226730347,
            0.24865907430648804
        ],
        [
            -0.2867470383644104,
            0.6476736068725586,
            0.01566857099533081
        ],
        [
            -0.3565363883972168,
            0.6230642795562744,
            0.06646987795829773
        ],
        [
            -0.2705780267715454,
            0.5463816523551941,
            0.24668699502944946
        ],
        [
            -0.2789947986602783,
            0.47061383724212646,
            0.17960356175899506
        ],
        [
            -0.19272872805595398,
            0.13179992139339447,
            -0.02433309704065323
        ],
        [
            -0.13522736728191376,
            -0.3018030524253845,
            0.04270049184560776
        ],
        [
            0.13948990404605865,
            -0.22981807589530945,
            0.046644870191812515
        ],
        [
            0.05324521288275719,
            0.1904517561197281,
            -0.03862069919705391
        ],
        [
            -0.0037611937150359154,
            0.5143940448760986,
            0.18733084201812744
        ],
        [
            -0.2115783542394638,
            -0.4196595549583435,
            -0.0710350051522255
        ],
        [
            -0.19687257707118988,
            -0.5274020433425903,
            0.11775343120098114
        ],
        [
            -0.052573464810848236,
            -0.7189397811889648,
            -0.0036149583756923676
        ],
        [
            0.2324432134628296,
            -0.6660180687904358,
            -0.030757715925574303
        ],
        [
            0.29128164052963257,
            -0.4192318320274353,
            0.06551137566566467
        ],
        [
            0.2949984669685364,
            -0.2783682346343994,
            -0.09702891856431961
        ],
        [
            0.09904585778713226,
            -0.7418739199638367,
            -0.053071487694978714
        ],
        [
            0.08313190937042236,
            -0.9306671619415283,
            -0.14705052971839905
        ],
        [
            0.002731213578954339,
            -0.2653171420097351,
            0.044086817651987076
        ],
        [
            0.0886106938123703,
            -0.6895430684089661,
            -0.021789342164993286
        ],
        [
            0.060504183173179626,
            -0.515550434589386,
            0.02111605368554592
        ],
        [
            0.0674753412604332,
            -0.8175291419029236,
            -0.1573707014322281
        ],
        [
            0.08397208154201508,
            -0.9514317512512207,
            -0.13962392508983612
        ]
    ],
    "pred_vertices": [
        [
            0.06399998068809509,
            -0.9212173223495483,
            -0.23460790514945984
        ],
        [
            0.05589288845658302,
            -0.9067674875259399,
            -0.2335120439529419
        ],
        [
            0.07025422155857086,
            -0.9038276672363281,
            -0.2335820496082306
        ],
        [
            0.08024434000253677,
            -0.9151341915130615,
            -0.23154723644256592
        ],
        [
            0.06399297714233398,
            -0.8946784138679504,
            -0.23319855332374573
        ],
        [
            0.051486242562532425,
            -0.8960576057434082,
            -0.23187080025672913
        ],
        [
            0.08268024027347565,
            -0.8988375067710876,
            -0.2287926971912384
        ],
        [
            0.09292156994342804,
            -0.9062129259109497,
            -0.22547844052314758
        ],
        [
            0.09498537331819534,
            -0.8650143146514893,
            -0.21711274981498718
        ],
        [
            0.10441315174102783,
            -0.8610892295837402,
            -0.21153582632541656
        ],
        [
            0.10359183698892593,
            -0.8728430271148682,
            -0.21543624997138977
        ],
        [
            0.09373704344034195,
            -0.8737899661064148,
            -0.2189311534166336
        ],
        [
            0.09806100279092789,
            -0.839545488357544,
            -0.20934531092643738
        ],
        [
            0.0881844311952591,
            -0.8297522068023682,
            -0.2101130336523056
        ],
        [
            0.09694624692201614,
            -0.8217247724533081,
            -0.20281445980072021
        ],
        [
            0.10641799867153168,
            -0.831181526184082,
            -0.20079633593559265
        ],
        [
            0.04652056470513344,
            -0.8436094522476196,
            -0.20972344279289246
        ],
        [
            0.05188794434070587,
            -0.8365119695663452,
            -0.21156466007232666
        ],
        [
            0.05508120357990265,
            -0.8430525064468384,
            -0.21439406275749207
        ],
        [
            0.04941929876804352,
            -0.849328875541687,
            -0.21174924075603485
        ],
        [
            0.035075318068265915,
            -0.8534469604492188,
            -0.21004441380500793
        ],
        [
            0.03791668638586998,
            -0.859210729598999,
            -0.2088843733072281
        ],
        [
            0.030802004039287567,
            -0.8627670407295227,
            -0.21046802401542664
        ],
        [
            0.027978971600532532,
            -0.856054961681366,
            -0.21297794580459595
        ],
        [
            0.04239192232489586,
            -0.8388499021530151,
            -0.20547445118427277
        ],
        [
            0.048435185104608536,
            -0.8314087390899658,
            -0.20740272104740143
        ],
        [
            0.041512928903102875,
            -0.8496025800704956,
            -0.20862002670764923
        ],
        [
            0.0388963483273983,
            -0.8450949192047119,
            -0.20872065424919128
        ],
        [
            0.030088119208812714,
            -0.8379044532775879,
            -0.21415522694587708
        ],
        [
            0.032080307602882385,
            -0.842656135559082,
            -0.21461376547813416
        ],
        [
            0.024827759712934494,
            -0.8431679010391235,
            -0.2179504632949829
        ],
        [
            0.024438872933387756,
            -0.8379141688346863,
            -0.21580080687999725
        ],
        [
            0.038162510842084885,
            -0.8382658958435059,
            -0.20841503143310547
        ],
        [
            0.03665637597441673,
            -0.8407869338989258,
            -0.21147991716861725
        ],
        [
            0.03338092938065529,
            -0.8369668126106262,
            -0.21121209859848022
        ],
        [
            0.034485433250665665,
            -0.8353749513626099,
            -0.20742850005626678
        ],
        [
            0.03273516520857811,
            -0.848962664604187,
            -0.21139046549797058
        ],
        [
            0.025951065123081207,
            -0.8501448035240173,
            -0.21528814733028412
        ],
        [
            0.018247324973344803,
            -0.8509974479675293,
            -0.21868896484375
        ],
        [
            0.017161719501018524,
            -0.8421328067779541,
            -0.22066235542297363
        ],
        [
            0.06580294668674469,
            -0.8226273655891418,
            -0.21099497377872467
        ],
        [
            0.05830669403076172,
            -0.8295584917068481,
            -0.21241050958633423
        ],
        [
            0.054555099457502365,
            -0.824910581111908,
            -0.2087501734495163
        ],
        [
            0.06061401218175888,
            -0.8192629814147949,
            -0.20856916904449463
        ],
        [
            0.037970736622810364,
            -0.8323261737823486,
            -0.2050817608833313
        ],
        [
            0.04203959181904793,
            -0.8157261610031128,
            -0.20490393042564392
        ],
        [
            0.04176434129476547,
            -0.8195327520370483,
            -0.2060931921005249
        ],
        [
            0.03442714363336563,
            -0.8203123807907104,
            -0.20556175708770752
        ],
        [
            0.03529592975974083,
            -0.8167292475700378,
            -0.20470786094665527
        ],
        [
            0.07637070119380951,
            -0.8087683916091919,
            -0.20470717549324036
        ],
        [
            0.06897536665201187,
            -0.8074588179588318,
            -0.2049586921930313
        ],
        [
            0.07165773212909698,
            -0.8006662130355835,
            -0.2018657773733139
        ],
        [
            0.07965001463890076,
            -0.8008624315261841,
            -0.19999703764915466
        ],
        [
            0.07146202772855759,
            -0.7948726415634155,
            -0.19870175421237946
        ],
        [
            0.08175977319478989,
            -0.7932655215263367,
            -0.19537165760993958
        ],
        [
            0.07541368901729584,
            -0.7798234820365906,
            -0.18758735060691833
        ],
        [
            0.07905648648738861,
            -0.7856968641281128,
            -0.19107292592525482
        ],
        [
            0.06851279735565186,
            -0.7894383668899536,
            -0.19575895369052887
        ],
        [
            0.06250263005495071,
            -0.7843613624572754,
            -0.19421851634979248
        ],
        [
            0.04638320952653885,
            -0.789130449295044,
            -0.19398292899131775
        ],
        [
            0.03989739343523979,
            -0.7879283428192139,
            -0.19241559505462646
        ],
        [
            0.04602476581931114,
            -0.7755846977233887,
            -0.19186289608478546
        ],
        [
            0.05393901839852333,
            -0.7790361642837524,
            -0.19324219226837158
        ],
        [
            0.04486914351582527,
            -0.8104766607284546,
            -0.20001408457756042
        ],
        [
            0.04977598786354065,
            -0.8106344938278198,
            -0.20020176470279694
        ],
        [
            0.04837549477815628,
            -0.811787486076355,
            -0.20241543650627136
        ],
        [
            0.04294128715991974,
            -0.8127284646034241,
            -0.20266760885715485
        ],
        [
            0.05384625121951103,
            -0.8102651834487915,
            -0.20094427466392517
        ],
        [
            0.05562124773859978,
            -0.8100361824035645,
            -0.2013474553823471
        ],
        [
            0.05453891307115555,
            -0.81122225522995,
            -0.20238670706748962
        ],
        [
            0.053077440708875656,
            -0.8111289739608765,
            -0.2014220952987671
        ],
        [
            0.051225244998931885,
            -0.8108125925064087,
            -0.20063680410385132
        ],
        [
            0.05035759508609772,
            -0.8088139295578003,
            -0.20002709329128265
        ],
        [
            0.05295705795288086,
            -0.8094246983528137,
            -0.20066796243190765
        ],
        [
            0.04582000896334648,
            -0.8078176379203796,
            -0.19992826879024506
        ],
        [
            0.03126225620508194,
            -0.8054366111755371,
            -0.1981872320175171
        ],
        [
            0.03501623868942261,
            -0.805763304233551,
            -0.19937169551849365
        ],
        [
            0.03409324586391449,
            -0.8106223940849304,
            -0.1985241323709488
        ],
        [
            0.030949626117944717,
            -0.8105835914611816,
            -0.19760656356811523
        ],
        [
            0.05189266428351402,
            -0.8131430149078369,
            -0.20317909121513367
        ],
        [
            0.05409882217645645,
            -0.8143795728683472,
            -0.20471696555614471
        ],
        [
            0.04867227002978325,
            -0.8168842792510986,
            -0.20569506287574768
        ],
        [
            0.048391517251729965,
            -0.8143385648727417,
            -0.20385479927062988
        ],
        [
            0.056216269731521606,
            -0.8161136507987976,
            -0.20655229687690735
        ],
        [
            0.05665759742259979,
            -0.8123233318328857,
            -0.2036018818616867
        ],
        [
            0.05974772572517395,
            -0.8128116130828857,
            -0.2053098976612091
        ],
        [
            0.05537537485361099,
            -0.8081610202789307,
            -0.20072565972805023
        ],
        [
            0.05859256535768509,
            -0.8063805103302002,
            -0.20105871558189392
        ],
        [
            0.05816908925771713,
            -0.808978796005249,
            -0.20259977877140045
        ],
        [
            0.05703010410070419,
            -0.8031471967697144,
            -0.19946447014808655
        ],
        [
            0.05290050432085991,
            -0.8062521815299988,
            -0.19964607059955597
        ],
        [
            0.04847882688045502,
            -0.8042253255844116,
            -0.1993076056241989
        ],
        [
            0.04269197955727577,
            -0.8024526834487915,
            -0.19891424477100372
        ],
        [
            0.04693493992090225,
            -0.7977637648582458,
            -0.19719603657722473
        ],
        [
            0.052805960178375244,
            -0.8001644611358643,
            -0.19827863574028015
        ],
        [
            0.05074835196137428,
            -0.8207961320877075,
            -0.20713746547698975
        ],
        [
            0.06277153640985489,
            -0.8081611394882202,
            -0.20372283458709717
        ],
        [
            0.06517163664102554,
            -0.8143739700317383,
            -0.20694628357887268
        ],
        [
            0.06381744891405106,
            -0.8033574819564819,
            -0.20194479823112488
        ],
        [
            0.06289050728082657,
            -0.7989989519119263,
            -0.19947752356529236
        ],
        [
            0.05949068441987038,
            -0.7949115037918091,
            -0.19739371538162231
        ],
        [
            0.053003884851932526,
            -0.7917326092720032,
            -0.1955876350402832
        ],
        [
            0.05613753944635391,
            -0.7686189413070679,
            -0.18254557251930237
        ],
        [
            0.0652814656496048,
            -0.773331880569458,
            -0.18534448742866516
        ],
        [
            0.05170179903507233,
            -0.8895313739776611,
            -0.22646811604499817
        ],
        [
            0.06048138439655304,
            -0.8884068727493286,
            -0.22971093654632568
        ],
        [
            0.06402090191841125,
            -0.8817083835601807,
            -0.22440075874328613
        ],
        [
            0.06520411372184753,
            -0.8838530778884888,
            -0.22580204904079437
        ],
        [
            0.05915692076086998,
            -0.8851007223129272,
            -0.22555960714817047
        ],
        [
            0.05923663079738617,
            -0.8825274705886841,
            -0.2239849716424942
        ],
        [
            0.08463449776172638,
            -0.8756609559059143,
            -0.21983495354652405
        ],
        [
            0.07777749001979828,
            -0.8772227764129639,
            -0.2206249237060547
        ],
        [
            0.07930102944374084,
            -0.8735735416412354,
            -0.2190886288881302
        ],
        [
            0.08674486726522446,
            -0.8690162897109985,
            -0.21912923455238342
        ],
        [
            0.06913942843675613,
            -0.865473747253418,
            -0.21826833486557007
        ],
        [
            0.07468998432159424,
            -0.8669185638427734,
            -0.21867376565933228
        ],
        [
            0.06946317106485367,
            -0.8734127283096313,
            -0.2198047935962677
        ],
        [
            0.06542731821537018,
            -0.8723680973052979,
            -0.2195325791835785
        ],
        [
            0.06117432191967964,
            -0.8719697594642639,
            -0.21863660216331482
        ],
        [
            0.057103853672742844,
            -0.8721387386322021,
            -0.21706648170948029
        ],
        [
            0.05783269181847572,
            -0.8669960498809814,
            -0.215603768825531
        ],
        [
            0.06310149282217026,
            -0.8658100962638855,
            -0.2171608954668045
        ],
        [
            0.052899058908224106,
            -0.8867137432098389,
            -0.22257262468338013
        ],
        [
            0.047543965280056,
            -0.8866415023803711,
            -0.21782919764518738
        ],
        [
            0.04911515489220619,
            -0.8837358951568604,
            -0.21746301651000977
        ],
        [
            0.05341833457350731,
            -0.8835787773132324,
            -0.2217755913734436
        ],
        [
            0.044566694647073746,
            -0.8792790174484253,
            -0.20587372779846191
        ],
        [
            0.04483228176832199,
            -0.8814678192138672,
            -0.20790307223796844
        ],
        [
            0.04119715839624405,
            -0.8829869031906128,
            -0.2068113386631012
        ],
        [
            0.04112972691655159,
            -0.8786511421203613,
            -0.20480260252952576
        ],
        [
            0.042944714426994324,
            -0.8753665685653687,
            -0.2058156430721283
        ],
        [
            0.04526989534497261,
            -0.8773528337478638,
            -0.20677383244037628
        ],
        [
            0.0570090115070343,
            -0.9432971477508545,
            -0.2318580448627472
        ],
        [
            0.049199216067790985,
            -0.9260275959968567,
            -0.23218759894371033
        ],
        [
            0.07727966457605362,
            -0.9371129274368286,
            -0.23078979551792145
        ],
        [
            0.09203900396823883,
            -0.9278668165206909,
            -0.22575059533119202
        ],
        [
            0.1045377254486084,
            -0.9152317643165588,
            -0.22044755518436432
        ],
        [
            0.08629955351352692,
            -0.8137685060501099,
            -0.20409457385540009
        ],
        [
            0.09202539920806885,
            -0.8054808378219604,
            -0.19818046689033508
        ],
        [
            0.10524144023656845,
            -0.8143954873085022,
            -0.1950998604297638
        ],
        [
            0.10786598175764084,
            -0.8046292662620544,
            -0.18724367022514343
        ],
        [
            0.09414941072463989,
            -0.795822262763977,
            -0.19160282611846924
        ],
        [
            0.08684157580137253,
            -0.7792022824287415,
            -0.1774533987045288
        ],
        [
            0.09249356389045715,
            -0.786533534526825,
            -0.18435095250606537
        ],
        [
            0.10844866186380386,
            -0.7960095405578613,
            -0.1766471415758133
        ],
        [
            0.12279383093118668,
            -0.8102270364761353,
            -0.17150641977787018
        ],
        [
            0.11962813884019852,
            -0.8160175085067749,
            -0.18341168761253357
        ],
        [
            0.133097305893898,
            -0.827244222164154,
            -0.16693001985549927
        ],
        [
            0.1280791461467743,
            -0.8044451475143433,
            -0.15619485080242157
        ],
        [
            0.1372292935848236,
            -0.8273118734359741,
            -0.1570916473865509
        ],
        [
            0.11821146309375763,
            -0.7668523788452148,
            -0.14032357931137085
        ],
        [
            0.12330590188503265,
            -0.7555092573165894,
            -0.1327720284461975
        ],
        [
            0.13817198574543,
            -0.7643932104110718,
            -0.1254255771636963
        ],
        [
            0.13470017910003662,
            -0.775256335735321,
            -0.13459110260009766
        ],
        [
            0.11435573548078537,
            -0.8230159878730774,
            -0.19237111508846283
        ],
        [
            0.10945381969213486,
            -0.8838776350021362,
            -0.2125769853591919
        ],
        [
            0.09897930920124054,
            -0.8823317289352417,
            -0.21903035044670105
        ],
        [
            0.11390174180269241,
            -0.8720426559448242,
            -0.20845814049243927
        ],
        [
            0.1201653778553009,
            -0.9454036951065063,
            -0.21094875037670135
        ],
        [
            0.10539865493774414,
            -0.9382531642913818,
            -0.22023923695087433
        ],
        [
            0.11587899923324585,
            -0.9239562153816223,
            -0.21648040413856506
        ],
        [
            0.1287321150302887,
            -0.9326092600822449,
            -0.20843994617462158
        ],
        [
            0.09118667244911194,
            -0.9802124500274658,
            -0.20741011202335358
        ],
        [
            0.07435114681720734,
            -0.9642000794410706,
            -0.22237665951251984
        ],
        [
            0.08897370100021362,
            -0.9530361890792847,
            -0.2216663658618927
        ],
        [
            0.10419203341007233,
            -0.9652502536773682,
            -0.21084050834178925
        ],
        [
            0.13774652779102325,
            -0.936143159866333,
            -0.1994985044002533
        ],
        [
            0.15048256516456604,
            -0.9407114386558533,
            -0.18599703907966614
        ],
        [
            0.15047092735767365,
            -0.9585018754005432,
            -0.1824052929878235
        ],
        [
            0.13460563123226166,
            -0.9541021585464478,
            -0.1981758028268814
        ],
        [
            0.14434468746185303,
            -0.9805800914764404,
            -0.1737266480922699
        ],
        [
            0.12524960935115814,
            -0.9764604568481445,
            -0.19295044243335724
        ],
        [
            0.1431417614221573,
            -0.8151990175247192,
            -0.1421167403459549
        ],
        [
            0.14486202597618103,
            -0.8338137865066528,
            -0.1472923308610916
        ],
        [
            0.12947037816047668,
            -0.7885233759880066,
            -0.14535921812057495
        ],
        [
            0.14327913522720337,
            -0.7986723184585571,
            -0.13502618670463562
        ],
        [
            0.13286006450653076,
            -0.9994422197341919,
            -0.16159242391586304
        ],
        [
            0.1107238158583641,
            -0.9946263432502747,
            -0.1855299472808838
        ],
        [
            0.1742718666791916,
            -0.9290035963058472,
            -0.13672572374343872
        ],
        [
            0.17064177989959717,
            -0.9449619650840759,
            -0.14910262823104858
        ],
        [
            0.16538316011428833,
            -0.9287545680999756,
            -0.16166353225708008
        ],
        [
            0.1703641414642334,
            -0.9161394238471985,
            -0.14874091744422913
        ],
        [
            0.17467141151428223,
