{
    "pred_cam": [
        1.1362587213516235,
        0.005590396001935005,
        0.2014322578907013
    ],
    "pred_smpl_params": {
        "global_orient": [
            [
                [
                    0.9831119775772095,
                    0.1774887591600418,
                    -0.04459367319941521
                ],
                [
                    0.1787475198507309,
                    -0.9835513234138489,
                    0.026001760736107826
                ],
                [
                    -0.03924514725804329,
                    -0.03353365138173103,
                    -0.9986667633056641
                ]
            ]
        ],
        "body_pose": [
            [
                [
                    0.9961591362953186,
                    -0.08754187077283859,
                    0.0018526120111346245
                ],
                [
                    0.0842989906668663,
                    0.9645498394966125,
                    0.25007471442222595
                ],
                [
                    -0.023678943514823914,
                    -0.248958021402359,
                    0.968224823474884
                ]
            ],
            [
                [
                    0.9983057975769043,
                    0.040634140372276306,
                    0.0416468009352684
                ],
                [
                    -0.04946092888712883,
                    0.9696168899536133,
                    0.23957601189613342
                ],
                [
                    -0.03064647689461708,
                    -0.24122999608516693,
                    0.9699839353561401
                ]
            ],
            [
                [
                    0.9993072152137756,
                    0.03478362783789635,
                    -0.013233578763902187
                ],
                [
                    -0.03677541762590408,
                    0.9774903059005737,
                    -0.2077506184577942
                ],
                [
                    0.005709374323487282,
                    0.20809337496757507,
                    0.9780923128128052
                ]
            ],
            [
                [
                    0.9955635070800781,
                    0.031370390206575394,
                    -0.0887083038687706
                ],
                [
                    -0.08018840849399567,
                    0.7761011123657227,
                    -0.6254892945289612
                ],
                [
                    0.04922479763627052,
                    0.6298276782035828,
                    0.7751734852790833
                ]
            ],
            [
                [
                    0.9937765598297119,
                    -0.03502212464809418,
                    0.10574298352003098
                ],
                [
                    0.09007307142019272,
                    0.8111531734466553,
                    -0.5778558254241943
                ],
                [
                    -0.0655360221862793,
                    0.5837841629981995,
                    0.8092595338821411
                ]
            ],
            [
                [
                    0.9989557266235352,
                    -0.044705480337142944,
                    -0.009435147978365421
                ],
                [
                    0.044996604323387146,
                    0.9984318017959595,
                    0.033304668962955475
                ],
                [
                    0.007931450381875038,
                    -0.03369443491101265,
                    0.9994007349014282
                ]
            ],
            [
                [
                    0.9820705056190491,
                    0.10501299798488617,
                    0.15655599534511566
                ],
                [
                    -0.11953379213809967,
                    0.9890637397766113,
                    0.08639748394489288
                ],
                [
                    -0.14577099680900574,
                    -0.10356215387582779,
                    0.9838829040527344
                ]
            ],
            [
                [
                    0.9752360582351685,
                    -0.15790754556655884,
                    -0.15485402941703796
                ],
                [
                    0.15618573129177094,
                    0.9874528050422668,
                    -0.02330128662288189
                ],
                [
                    0.1565905064344406,
                    -0.001461734645999968,
                    0.9876624941825867
                ]
            ],
            [
                [
                    0.9991941452026367,
                    -0.03210059553384781,
                    -0.024097325280308723
                ],
                [
                    0.02874906174838543,
                    0.9912986159324646,
                    -0.12845395505428314
                ],
                [
                    0.028011098504066467,
                    0.1276576668024063,
                    0.9914226531982422
                ]
            ],
            [
                [
                    0.9694333076477051,
                    -0.24333983659744263,
                    0.0313810370862484
                ],
                [
                    0.22901929914951324,
                    0.9433456063270569,
                    0.24010252952575684
                ],
                [
                    -0.08802968263626099,
                    -0.2255765199661255,
                    0.9702401757240295
                ]
            ],
            [
                [
                    0.9602585434913635,
                    0.2786988914012909,
                    0.015180548653006554
                ],
                [
                    -0.2737262547016144,
                    0.9297025203704834,
                    0.2464287132024765
                ],
                [
                    0.05456601083278656,
                    -0.24079059064388275,
                    0.9690420031547546
                ]
            ],
            [
                [
                    0.9565231800079346,
                    -0.08899416774511337,
                    -0.27774688601493835
                ],
                [
                    0.11495108157396317,
                    0.990257978439331,
                    0.07858297973871231
                ],
                [
                    0.2680476903915405,
                    -0.10709375888109207,
                    0.9574347138404846
                ]
            ],
            [
                [
                    0.9026594161987305,
                    0.39113369584083557,
                    0.1795005202293396
                ],
                [
                    -0.3763042688369751,
                    0.9197297096252441,
                    -0.11176946759223938
                ],
                [
                    -0.2088087499141693,
                    0.03334295377135277,
                    0.9773879647254944
                ]
            ],
            [
                [
                    0.9190159440040588,
                    -0.34508681297302246,
                    -0.1905907392501831
                ],
                [
                    0.3315731883049011,
                    0.9381376504898071,
                    -0.099784255027771
                ],
                [
                    0.21323460340499878,
                    0.028508543968200684,
                    0.9765849709510803
                ]
            ],
            [
                [
                    0.9602553844451904,
                    -0.1442180722951889,
                    -0.2389785647392273
                ],
                [
                    0.0958402156829834,
                    0.9744821786880493,
                    -0.20297576487064362
                ],
                [
                    0.26215311884880066,
                    0.1720048189163208,
                    0.9495736360549927
                ]
            ],
            [
                [
                    0.4862340986728668,
                    0.8548623323440552,
                    -0.18107137084007263
                ],
                [
                    -0.8728380799293518,
                    0.48500490188598633,
                    -0.054073773324489594
                ],
                [
                    0.04159487038850784,
                    0.1843384951353073,
                    0.9819822907447815
                ]
            ],
            [
                [
                    0.571216344833374,
                    -0.8015830516815186,
                    0.1765686720609665
                ],
                [
                    0.8201415538787842,
                    0.5487838387489319,
                    -0.16187672317028046
                ],
                [
                    0.032859597355127335,
                    0.23727792501449585,
                    0.9708858728408813
                ]
            ],
            [
                [
                    0.2943435609340668,
                    -0.35970669984817505,
                    -0.8854225277900696
                ],
                [
                    0.3167983889579773,
                    0.9108073711395264,
                    -0.2647051513195038
                ],
                [
                    0.901665449142456,
                    -0.20258618891239166,
                    0.38204479217529297
                ]
            ],
            [
                [
                    -0.0077330684289336205,
                    0.42224910855293274,
                    0.9064468145370483
                ],
                [
                    -0.22520238161087036,
                    0.882451593875885,
                    -0.4129926860332489
                ],
                [
                    -0.9742813110351562,
                    -0.2073276787996292,
                    0.08826744556427002
                ]
            ],
            [
                [
                    0.9897596836090088,
                    -0.13724960386753082,
                    -0.03922175616025925
                ],
                [
                    0.14069844782352448,
                    0.9843754768371582,
                    0.10587228834629059
                ],
                [
                    0.024078000336885452,
                    -0.11030656099319458,
                    0.9936059713363647
                ]
            ],
            [
                [
                    0.9835121035575867,
                    0.16608580946922302,
                    0.07155086100101471
                ],
                [
                    -0.17171622812747955,
                    0.9817758202552795,
                    0.08142366260290146
                ],
                [
                    -0.05672358721494675,
                    -0.09236759692430496,
                    0.9941080212593079
                ]
            ],
            [
                [
                    0.9609789848327637,
                    0.26299989223480225,
                    -0.08573424071073532
                ],
                [
                    -0.24854913353919983,
                    0.9569799304008484,
                    0.14970842003822327
                ],
                [
                    0.1214192658662796,
                    -0.12255748361349106,
                    0.9850059747695923
                ]
            ],
            [
                [
                    0.9620429277420044,
                    -0.26173800230026245,
                    0.0772436335682869
                ],
                [
                    0.2491731494665146,
                    0.9579164981842041,
                    0.14250844717025757
                ],
                [
                    -0.11129283159971237,
                    -0.11785221099853516,
                    0.9867748618125916
                ]
            ]
        ],
        "betas": [
            0.15941685438156128,
            0.14495910704135895,
            0.5987530946731567,
            1.554507851600647,
            -0.05485504865646362,
            -0.05262383073568344,
            0.038751184940338135,
            0.09707927703857422,
            -0.0017668157815933228,
            0.05026209354400635
        ]
    },
    "pred_cam_t": [
        0.005590396001935005,
        0.2014322578907013,
        34.378173828125
    ],
    "focal_length": [
        5000.0,
        5000.0
    ],
    "pred_keypoints_3d": [
        [
            -0.002415195107460022,
            -0.8446013927459717,
            -0.21841953694820404
        ],
        [
            0.08568069338798523,
            -0.7586615681648254,
            -0.06114682927727699
        ],
        [
            -0.100504569709301,
            -0.6990939378738403,
            0.016159113496541977
        ],
        [
            -0.16582012176513672,
            -0.5043982863426208,
            0.16039693355560303
        ],
        [
            -0.2585705518722534,
            -0.40416860580444336,
            -0.053086116909980774
        ],
        [
            0.2525095045566559,
            -0.6418156027793884,
            -0.022301048040390015
        ],
        [
            0.2461530715227127,
            -0.4172738492488861,
            0.10542656481266022
        ],
        [
            0.297005832195282,
            -0.25811678171157837,
            -0.07878203690052032
        ],
        [
            -0.0031668429728597403,
            -0.24164330959320068,
            0.025509845465421677
        ],
        [
            -0.08172506839036942,
            -0.16374608874320984,
            0.03623323142528534
        ],
        [
            -0.20365631580352783,
            0.1897328794002533,
            -0.03555312007665634
        ],
        [
            -0.25381287932395935,
            0.528741717338562,
            0.16128164529800415
        ],
        [
            0.04482828453183174,
            -0.1394512951374054,
            0.0331549234688282
        ],
        [
            0.04513689875602722,
            0.22313112020492554,
            -0.048213597387075424
        ],
        [
            -0.006035033613443375,
            0.5515114068984985,
            0.16481289267539978
        ],
        [
            -0.008639417588710785,
            -0.892028272151947,
            -0.177086740732193
        ],
        [
            0.04156089574098587,
            -0.8884289264678955,
            -0.2210257351398468
        ],
        [
            0.02138356864452362,
            -0.8963140845298767,
            -0.07705701142549515
        ],
        [
            0.13659939169883728,
            -0.8869791030883789,
            -0.1742640882730484
        ],
        [
            -0.016555003821849823,
            0.6672661304473877,
            4.254281520843506e-05
        ],
        [
            0.05049616098403931,
            0.6658743023872375,
            0.05415548384189606
        ],
        [
            -0.006016895174980164,
            0.5656313896179199,
            0.2355615198612213
        ],
        [
            -0.26967477798461914,
            0.6479766368865967,
            0.0008198171854019165
        ],
        [
            -0.33999258279800415,
            0.6253930926322937,
            0.052761077880859375
        ],
        [
            -0.2558544874191284,
            0.5477253198623657,
            0.23343968391418457
        ],
        [
            -0.26590853929519653,
            0.47176408767700195,
            0.16667360067367554
        ],
        [
            -0.18579688668251038,
            0.13015471398830414,
            -0.034033022820949554
        ],
        [
            -0.13432207703590393,
            -0.3029482662677765,
            0.04309356212615967
        ],
        [
            0.13718247413635254,
            -0.23578737676143646,
            0.04521629586815834
        ],
        [
            0.05808786302804947,
            0.18467962741851807,
            -0.04672735929489136
        ],
        [
            0.007687801960855722,
            0.5128568410873413,
            0.1747937798500061
        ],
        [
            -0.2341572493314743,
            -0.4371570646762848,
            -0.05289389565587044
        ],
        [
            -0.19489064812660217,
            -0.5326835513114929,
            0.13653886318206787
        ],
        [
            -0.06240835785865784,
            -0.7228901386260986,
            0.00038787350058555603
        ],
        [
            0.22299015522003174,
            -0.6788396835327148,
            -0.03224104642868042
        ],
        [
            0.28771787881851196,
            -0.4367729425430298,
            0.07328711450099945
        ],
        [
            0.3028795123100281,
            -0.2827606201171875,
            -0.07706484198570251
        ],
        [
            0.0873890221118927,
            -0.7505055665969849,
            -0.053337737917900085
        ],
        [
            0.06589677929878235,
            -0.9418947100639343,
            -0.14987264573574066
        ],
        [
            0.001957839820533991,
            -0.26882559061050415,
            0.04343349486589432
        ],
        [
            0.07887009531259537,
            -0.6978738903999329,
            -0.02067813277244568
        ],
        [
            0.05626843869686127,
            -0.522297739982605,
            0.02018871158361435
        ],
        [
            0.05372539162635803,
            -0.8282039761543274,
            -0.16036443412303925
        ],
        [
            0.06622191518545151,
            -0.9626275300979614,
            -0.14222387969493866
        ]
    ],
    "pred_vertices": [
        [
            0.04803280159831047,
            -0.9322391748428345,
            -0.23755823075771332
        ],
        [
            0.040337935090065,
            -0.9176489114761353,
            -0.2366744726896286
        ],
        [
            0.05478258430957794,
            -0.9151307344436646,
            -0.2365657091140747
        ],
        [
            0.0644235908985138,
            -0.926619827747345,
            -0.2344229817390442
        ],
        [
            0.04880546033382416,
            -0.9058868288993835,
            -0.23630845546722412
        ],
        [
            0.03623409569263458,
            -0.9069004058837891,
            -0.23507115244865417
        ],
        [
            0.06734609603881836,
            -0.9104999899864197,
            -0.23166871070861816
        ],
        [
            0.07734103500843048,
            -0.9179955720901489,
            -0.2282639741897583
        ],
        [
            0.08040639758110046,
            -0.8769806623458862,
            -0.21988072991371155
        ],
        [
            0.08990797400474548,
            -0.873258113861084,
            -0.21426859498023987
        ],
        [
            0.08880331367254257,
            -0.8850507736206055,
            -0.2181490659713745
        ],
        [
            0.07897691428661346,
            -0.8857540488243103,
            -0.2217075228691101
        ],
        [
            0.08410027623176575,
            -0.8515280485153198,
            -0.21222244203090668
        ],
        [
            0.07448753714561462,
            -0.8414949774742126,
            -0.2130506932735443
        ],
        [
            0.08341370522975922,
            -0.8336266875267029,
            -0.2058078646659851
        ],
        [
            0.09264004230499268,
            -0.8433361053466797,
            -0.20374533534049988
        ],
        [
            0.03243013843894005,
            -0.8543218374252319,
            -0.2130303680896759
        ],
        [
            0.038014788180589676,
            -0.8473411798477173,
            -0.21482494473457336
        ],
        [
            0.0410698726773262,
            -0.8540087938308716,
            -0.2175426185131073
        ],
        [
            0.03520546481013298,
            -0.8601393699645996,
            -0.21496593952178955
        ],
        [
            0.020660776644945145,
            -0.8639017939567566,
            -0.21357551217079163
        ],
        [
            0.023372728377580643,
            -0.8697319030761719,
            -0.21230356395244598
        ],
        [
            0.016152121126651764,
            -0.8731094598770142,
            -0.21406541764736176
        ],
        [
            0.013489902019500732,
            -0.8663214445114136,
            -0.21668456494808197
        ],
        [
            0.02833574265241623,
            -0.8493979573249817,
            -0.2089478075504303
        ],
        [
            0.03461258113384247,
            -0.8420610427856445,
            -0.21082672476768494
        ],
        [
            0.027220159769058228,
            -0.8602141737937927,
            -0.21200914680957794
        ],
        [
            0.024675574153661728,
            -0.8556215763092041,
            -0.21223926544189453
        ],
        [
            0.016050629317760468,
            -0.8481813073158264,
            -0.21796450018882751
        ],
        [
            0.01792958378791809,
            -0.8530077338218689,
            -0.2183561623096466
        ],
        [
            0.0106683149933815,
            -0.8533155918121338,
            -0.22182537615299225
        ],
        [
            0.01038912683725357,
            -0.8480336666107178,
            -0.21970069408416748
        ],
        [
            0.0241088829934597,
            -0.8487240076065063,
            -0.2120291292667389
        ],
        [
            0.022551335394382477,
            -0.8512462377548218,
            -0.21514132618904114
        ],
        [
            0.019364256411790848,
            -0.8473203182220459,
            -0.21494914591312408
        ],
        [
            0.020484544336795807,
            -0.8457173109054565,
            -0.21113571524620056
        ],
        [
            0.01841413974761963,
            -0.8593441247940063,
            -0.21504780650138855
        ],
        [
            0.011605888605117798,
            -0.8603525757789612,
            -0.21908637881278992
        ],
        [
            0.0038714855909347534,
            -0.8609994649887085,
            -0.2226410210132599
        ],
        [
            0.0030243992805480957,
            -0.8520671725273132,
            -0.22466343641281128
        ],
        [
            0.05230164900422096,
            -0.8337260484695435,
            -0.21421071887016296
        ],
        [
            0.04462578520178795,
            -0.8405177593231201,
            -0.21563851833343506
        ],
        [
            0.040932994335889816,
            -0.835680365562439,
            -0.21214404702186584
        ],
        [
            0.0471513457596302,
            -0.8301389217376709,
            -0.2119562327861786
        ],
        [
            0.02404468134045601,
            -0.8426992893218994,
            -0.20872221887111664
        ],
        [
            0.028563201427459717,
            -0.8260205388069153,
            -0.20858226716518402
        ],
        [
            0.028188075870275497,
            -0.8298759460449219,
            -0.20978790521621704
        ],
        [
            0.02082183212041855,
            -0.8304471969604492,
            -0.20935051143169403
        ],
        [
            0.021791972219944,
            -0.8268389105796814,
            -0.20845133066177368
        ],
        [
            0.0631907507777214,
            -0.8199801445007324,
            -0.20797118544578552
        ],
        [
            0.05583212524652481,
            -0.8184212446212769,
            -0.2083982676267624
        ],
        [
            0.05869366228580475,
            -0.8116178512573242,
            -0.20531918108463287
        ],
        [
            0.0666699931025505,
            -0.8120818138122559,
            -0.20328816771507263
        ],
        [
            0.058666810393333435,
            -0.8057301640510559,
            -0.20219175517559052
        ],
        [
            0.06898589432239532,
            -0.804449200630188,
            -0.1987222582101822
        ],
        [
            0.0629083663225174,
            -0.7906351685523987,
            -0.1911279857158661
        ],
        [
            0.06644519418478012,
            -0.7967193126678467,
            -0.19448697566986084
        ],
        [
            0.055826958268880844,
            -0.8001312017440796,
            -0.1993158757686615
        ],
        [
            0.04992656409740448,
            -0.7948065996170044,
            -0.1978813260793686
        ],
        [
            0.03362101688981056,
            -0.7991946339607239,
            -0.19769522547721863
        ],
        [
            0.02710043266415596,
            -0.7978088855743408,
            -0.19621983170509338
        ],
        [
            0.033594951033592224,
            -0.785542368888855,
            -0.19572849571704865
        ],
        [
            0.04148034378886223,
            -0.7892093062400818,
            -0.19703409075737
        ],
        [
            0.031516507267951965,
            -0.8207725286483765,
            -0.20365101099014282
        ],
        [
            0.03642742335796356,
            -0.8210514783859253,
            -0.2037936896085739
        ],
        [
            0.035005148500204086,
            -0.8222063779830933,
            -0.20601922273635864
        ],
        [
            0.02954346314072609,
            -0.8230114579200745,
            -0.20630641281604767
        ],
        [
            0.04053906351327896,
            -0.8207810521125793,
            -0.20451274514198303
        ],
        [
            0.0423315092921257,
            -0.8206100463867188,
            -0.20491129159927368
        ],
        [
            0.0412098690867424,
            -0.8217989802360535,
            -0.2059529423713684
        ],
        [
            0.03973914682865143,
            -0.8216495513916016,
            -0.20499101281166077
        ],
        [
            0.03789136931300163,
            -0.8212649822235107,
            -0.20421628654003143
        ],
        [
            0.03707435354590416,
            -0.8192031383514404,
            -0.20361684262752533
        ],
        [
            0.039671145379543304,
            -0.8198957443237305,
            -0.20424483716487885
        ],
        [
            0.03255736827850342,
            -0.8180602788925171,
            -0.20357094705104828
        ],
        [
            0.018007520586252213,
            -0.8153455257415771,
            -0.20194104313850403
        ],
        [
            0.02177787572145462,
            -0.8157434463500977,
            -0.20310553908348083
        ],
        [
            0.020707301795482635,
            -0.8206485509872437,
            -0.2022402286529541
        ],
        [
            0.01755036786198616,
            -0.820529043674469,
            -0.2013452649116516
        ],
        [
            0.038493040949106216,
            -0.8236791491508484,
            -0.20676127076148987
        ],
        [
            0.04068644344806671,
            -0.8249927759170532,
            -0.20830395817756653
        ],
        [
            0.035182442516088486,
            -0.8273719549179077,
            -0.20933416485786438
        ],
        [
            0.034955088049173355,
            -0.8247858881950378,
            -0.20748451352119446
        ],
        [
            0.042798735201358795,
            -0.8268242478370667,
            -0.21006986498832703
        ],
        [
            0.04331943392753601,
            -0.8229740858078003,
            -0.20715771615505219
        ],
        [
            0.04642391949892044,
            -0.8235725164413452,
            -0.20882061123847961
        ],
        [
            0.04213578626513481,
            -0.8186862468719482,
            -0.20429369807243347
        ],
        [
            0.04542345926165581,
            -0.8169856071472168,
            -0.20462173223495483
        ],
        [
            0.04493360593914986,
            -0.8196252584457397,
            -0.2061534821987152
        ],
        [
            0.04393835738301277,
            -0.8136506080627441,
            -0.20304223895072937
        ],
        [
            0.03970680013298988,
            -0.81667160987854,
            -0.20321953296661377
        ],
        [
            0.03533313050866127,
            -0.8144814968109131,
            -0.2029288411140442
        ],
        [
            0.029585570096969604,
            -0.8125468492507935,
            -0.20257198810577393
        ],
        [
            0.03396414592862129,
            -0.8079205751419067,
            -0.20082014799118042
        ],
        [
            0.039782021194696426,
            -0.8105156421661377,
            -0.20187033712863922
        ],
        [
            0.03717316314578056,
            -0.8314157724380493,
            -0.21069583296775818
        ],
        [
            0.04957866668701172,
            -0.8189332485198975,
            -0.2072436809539795
        ],
        [
            0.051842134445905685,
            -0.8253001570701599,
            -0.210359588265419
        ],
        [
            0.05076101794838905,
            -0.8140903115272522,
            -0.2054930031299591
        ],
        [
            0.04995163530111313,
            -0.8096428513526917,
            -0.2030431479215622
        ],
        [
            0.046633992344141006,
            -0.8053771257400513,
            -0.20099584758281708
        ],
        [
            0.04020838066935539,
            -0.8019946813583374,
            -0.19921588897705078
        ],
        [
            0.043864116072654724,
            -0.77882319688797,
            -0.18627777695655823
        ],
        [
            0.052916839718818665,
            -0.7838014364242554,
            -0.18900862336158752
        ],
        [
            0.03660081326961517,
            -0.900489091873169,
            -0.22959311306476593
        ],
        [
            0.045446790754795074,
            -0.8996120691299438,
            -0.23277385532855988
        ],
        [
            0.04909449815750122,
            -0.893010675907135,
            -0.22740615904331207
        ],
        [
            0.05024505406618118,
            -0.8951818943023682,
            -0.22880935668945312
        ],
        [
            0.04415854811668396,
            -0.8962916135787964,
            -0.22860091924667358
        ],
        [
            0.044284701347351074,
            -0.893700361251831,
            -0.22703835368156433
        ],
        [
            0.06984671205282211,
            -0.8874281644821167,
            -0.2226802110671997
        ],
        [
            0.06295917928218842,
            -0.8888468742370605,
            -0.22350579500198364
        ],
        [
            0.0645667240023613,
            -0.8852157592773438,
            -0.22195099294185638
        ],
        [
            0.07211624830961227,
            -0.880824089050293,
            -0.22193224728107452
        ],
        [
            0.054608650505542755,
            -0.8768025040626526,
            -0.2212386280298233
        ],
        [
            0.0601351261138916,
            -0.8784003257751465,
            -0.22157339751720428
        ],
        [
            0.05474752187728882,
            -0.8847653865814209,
            -0.2227914035320282
        ],
        [
            0.05072689801454544,
            -0.8836259245872498,
            -0.22254735231399536
        ],
        [
            0.04647098481655121,
            -0.8831342458724976,
            -0.22167256474494934
        ],
        [
            0.0423821397125721,
            -0.8832162618637085,
            -0.22013287246227264
        ],
        [
            0.043224506080150604,
            -0.8780690431594849,
            -0.21868465840816498
        ],
        [
            0.04855571314692497,
            -0.8769985437393188,
            -0.2201845943927765
        ],
        [
            0.03784136101603508,
            -0.8977630138397217,
            -0.22565433382987976
        ],
        [
            0.03244869410991669,
            -0.8975510001182556,
            -0.22097280621528625
        ],
        [
            0.03411276265978813,
            -0.8946716785430908,
            -0.22058938443660736
        ],
        [
            0.038447268307209015,
            -0.8946232199668884,
            -0.2248425930738449
        ],
        [
            0.029550347477197647,
            -0.8900771141052246,
            -0.20905444025993347
        ],
        [
            0.029794659465551376,
            -0.8922925591468811,
            -0.21106144785881042
        ],
        [
            0.026073507964611053,
            -0.8937095403671265,
            -0.21000415086746216
        ],
        [
            0.026096999645233154,
            -0.8893336653709412,
            -0.20803284645080566
        ],
        [
            0.028010733425617218,
            -0.8860828876495361,
            -0.20904886722564697
        ],
        [
            0.030305560678243637,
            -0.888155996799469,
            -0.20996315777301788
        ],
        [
            0.04035782814025879,
            -0.9539585113525391,
            -0.2348625659942627
        ],
        [
            0.033131860196590424,
            -0.9366695880889893,
            -0.23511993885040283
        ],
        [
            0.06083947792649269,
            -0.9484208822250366,
            -0.2335628867149353
        ],
        [
            0.0757836177945137,
            -0.9396481513977051,
            -0.22843241691589355
        ],
        [
            0.08863713592290878,
            -0.9273256063461304,
            -0.22306311130523682
        ],
        [
            0.07297138124704361,
            -0.8253167867660522,
            -0.20721521973609924
        ],
        [
            0.07889562845230103,
            -0.8171013593673706,
            -0.20128799974918365
        ],
        [
            0.09186779707670212,
            -0.8264307975769043,
            -0.19811807572841644
        ],
        [
            0.09473855048418045,
            -0.8165841102600098,
            -0.19028450548648834
        ],
        [
            0.08124706149101257,
            -0.807381808757782,
            -0.1947653889656067
        ],
        [
            0.07421281188726425,
            -0.7903959155082703,
            -0.18083897233009338
        ],
        [
            0.0797814130783081,
            -0.7979705333709717,
            -0.1876143515110016
        ],
        [
            0.09553144127130508,
            -0.8077966570854187,
            -0.17973081767559052
        ],
        [
            0.10951759666204453,
            -0.8224483728408813,
            -0.17441992461681366
        ],
        [
            0.1062188595533371,
            -0.8283263444900513,
            -0.18640966713428497
        ],
        [
            0.11940549314022064,
            -0.8397246599197388,
            -0.16956180334091187
        ],
        [
            0.11484973877668381,
            -0.8166928291320801,
            -0.15899915993213654
        ],
        [
            0.1234661266207695,
            -0.8398497104644775,
            -0.15955165028572083
        ],
        [
            0.10575465857982635,
            -0.7783689498901367,
            -0.14323055744171143
        ],
        [
            0.11119400709867477,
            -0.7668147087097168,
            -0.13567452132701874
        ],
        [
            0.12603770196437836,
            -0.7761152386665344,
            -0.12819424271583557
        ],
        [
            0.12217763066291809,
            -0.7871968150138855,
            -0.13732804358005524
        ],
        [
            0.10074751079082489,
            -0.8353217840194702,
            -0.19535911083221436
        ],
        [
            0.09435739368200302,
            -0.8960962891578674,
            -0.21527186036109924
        ],
        [
            0.08401475846767426,
            -0.8943713307380676,
            -0.22180157899856567
        ],
        [
            0.09910542517900467,
            -0.8844205141067505,
            -0.2111237496137619
        ],
        [
            0.10312473773956299,
            -0.9576399922370911,
            -0.21336795389652252
        ],
        [
            0.08873981237411499,
            -0.9502445459365845,
            -0.222801074385643
        ],
        [
            0.09962286800146103,
            -0.9362999200820923,
            -0.21905821561813354
        ],
        [
            0.11213425546884537,
            -0.945229172706604,
            -0.21087387204170227
        ],
        [
            0.07303749024868011,
            -0.99153733253479,
            -0.2100238800048828
        ],
        [
            0.05695457383990288,
            -0.9752267599105835,
            -0.22521278262138367
        ],
        [
            0.07183903455734253,
            -0.9645352363586426,
            -0.22434929013252258
        ],
        [
            0.08648622035980225,
            -0.9769898056983948,
            -0.21338897943496704
        ],
        [
            0.12087899446487427,
            -0.9489419460296631,
            -0.20180824398994446
        ],
        [
            0.13338062167167664,
            -0.9538509845733643,
            -0.18822292983531952
        ],
        [
            0.13275684416294098,
            -0.9717507362365723,
            -0.18489007651805878
        ],
        [
            0.1171470582485199,
            -0.9666805267333984,
            -0.20065662264823914
        ],
        [
            0.12601685523986816,
            -0.9937652349472046,
            -0.1762865036725998
        ],
        [
            0.10709328949451447,
            -0.9889496564865112,
            -0.19556747376918793
        ],
        [
            0.12961316108703613,
            -0.8278156518936157,
            -0.1445738673210144
        ],
        [
            0.13084666430950165,
            -0.8464184999465942,
            -0.14954276382923126
        ],
        [
            0.11651904881000519,
            -0.8005999326705933,
            -0.14809302985668182
        ],
        [
            0.13020913302898407,
            -0.8110394477844238,
            -0.13757669925689697
        ],
        [
            0.11397688090801239,
            -1.0126729011535645,
            -0.16423894464969635
        ],
        [
            0.091905377805233,
            -1.0067983865737915,
            -0.18824607133865356
        ],
        [
            0.15737983584403992,
            -0.9427071213722229,
            -0.13868339359760284
        ],
        [
            0.15331561863422394,
            -0.9586042165756226,
            -0.1512281596660614
        ],
        [
            0.14850473403930664,
            -0.9422215223312378,
            -0.16367772221565247
        ],
        [
            0.15387387573719025,
            -0.9296610355377197,
            -0.15065763890743256
        ],
        [
