{
    "pred_cam": [
        1.5435359477996826,
        0.07217565178871155,
        0.30322661995887756
    ],
    "pred_smpl_params": {
        "global_orient": [
            [
                [
                    -0.40717077255249023,
                    0.06190972775220871,
                    -0.9112513661384583
                ],
                [
                    0.2834020256996155,
                    -0.9398925304412842,
                    -0.19048695266246796
                ],
                [
                    -0.8682714104652405,
                    -0.33581119775772095,
                    0.36515143513679504
                ]
            ]
        ],
        "body_pose": [
            [
                [
                    0.990684986114502,
                    0.0900367870926857,
                    0.10215922445058823
                ],
                [
                    -0.11352857202291489,
                    0.9603808522224426,
                    0.2545190155506134
                ],
                [
                    -0.07519568502902985,
                    -0.2637462019920349,
                    0.9616566300392151
                ]
            ],
            [
                [
                    0.9814940690994263,
                    0.1799040585756302,
                    -0.06560318171977997
                ],
                [
                    -0.1678701788187027,
                    0.9731857180595398,
                    0.15725521743297577
                ],
                [
                    0.09213493019342422,
                    -0.14333227276802063,
                    0.9853765368461609
                ]
            ],
            [
                [
                    0.9945368766784668,
                    -0.07092633098363876,
                    0.07658880949020386
                ],
                [
                    0.08982840925455093,
                    0.9552486538887024,
                    -0.2818348705768585
                ],
                [
                    -0.05317184329032898,
                    0.2871750295162201,
                    0.9564012289047241
                ]
            ],
            [
                [
                    0.9618087410926819,
                    0.24478180706501007,
                    0.12249843031167984
                ],
                [
                    -0.22196100652217865,
                    0.9593545794487,
                    -0.17427583038806915
                ],
                [
                    -0.1601789891719818,
                    0.14043013751506805,
                    0.9770476222038269
                ]
            ],
            [
                [
                    0.9956894516944885,
                    0.061607811599969864,
                    0.0693323016166687
                ],
                [
                    -0.06170332059264183,
                    0.9980942606925964,
                    -0.000765506352763623
                ],
                [
                    -0.06924732774496078,
                    -0.003515825141221285,
                    0.997593343257904
                ]
            ],
            [
                [
                    0.9957956671714783,
                    -0.05216772109270096,
                    0.07529710978269577
                ],
                [
                    0.05382736027240753,
                    0.9983462691307068,
                    -0.02018134854733944
                ],
                [
                    -0.07411978393793106,
                    0.024149540811777115,
                    0.9969569444656372
                ]
            ],
            [
                [
                    0.9875807166099548,
                    -0.0020806763786822557,
                    0.15709906816482544
                ],
                [
                    0.001894126064144075,
                    0.9999973177909851,
                    0.001337016117759049
                ],
                [
                    -0.15710142254829407,
                    -0.0010228418977931142,
                    0.9875820279121399
                ]
            ],
            [
                [
                    0.9823272824287415,
                    -0.020352432504296303,
                    -0.18606151640415192
                ],
                [
                    0.013544192537665367,
                    0.9991938471794128,
                    -0.037789635360240936
                ],
                [
                    0.1866806596517563,
                    0.034601736813783646,
                    0.9818110466003418
                ]
            ],
            [
                [
                    0.9981964230537415,
                    -0.017522485926747322,
                    0.05741862207651138
                ],
                [
                    0.02279847301542759,
                    0.9954460859298706,
                    -0.09255998581647873
                ],
                [
                    -0.05553526058793068,
                    0.09370210021734238,
                    0.9940502047538757
                ]
            ],
            [
                [
                    0.9973845481872559,
                    -0.03362046554684639,
                    0.06398215144872665
                ],
                [
                    0.03663700446486473,
                    0.9982428550720215,
                    -0.046572405844926834
                ],
                [
                    -0.06230394169688225,
                    0.048794712871313095,
                    0.9968637228012085
                ]
            ],
            [
                [
                    0.9979518055915833,
                    0.052874598652124405,
                    -0.03600779175758362
                ],
                [
                    -0.05195559933781624,
                    0.998310923576355,
                    0.025997638702392578
                ],
                [
                    0.03732158988714218,
                    -0.024073582142591476,
                    0.9990133047103882
                ]
            ],
            [
                [
                    0.9985175132751465,
                    -0.04905504733324051,
                    0.02358655445277691
                ],
                [
                    0.052110739052295685,
                    0.9867080450057983,
                    -0.15392139554023743
                ],
                [
                    -0.01572241820394993,
                    0.15492233633995056,
                    0.9878015518188477
                ]
            ],
            [
                [
                    0.9253771305084229,
                    0.36288881301879883,
                    -0.10949437320232391
                ],
                [
                    -0.36334750056266785,
                    0.9315085411071777,
                    0.016444502398371696
                ],
                [
                    0.1079624742269516,
                    0.024567142128944397,
                    0.9938514232635498
                ]
            ],
            [
                [
                    0.8924313187599182,
                    -0.33284294605255127,
                    0.3046012222766876
                ],
                [
                    0.3379976749420166,
                    0.9404066801071167,
                    0.037320930510759354
                ],
                [
                    -0.2988710403442383,
                    0.0696481466293335,
                    0.9517484903335571
                ]
            ],
            [
                [
                    0.9994193315505981,
                    -0.014167340472340584,
                    -0.03099050745368004
                ],
                [
                    0.0006614640005864203,
                    0.9173663258552551,
                    -0.3980434536933899
                ],
                [
                    0.034068867564201355,
                    0.3977917730808258,
                    0.9168429970741272
                ]
            ],
            [
                [
                    0.5329028367996216,
                    0.8010625839233398,
                    -0.27260443568229675
                ],
                [
                    -0.8219566941261292,
                    0.566577672958374,
                    0.05811053514480591
                ],
                [
                    0.20100180804729462,
                    0.19310179352760315,
                    0.9603695869445801
                ]
            ],
            [
                [
                    0.4754135012626648,
                    -0.726382315158844,
                    0.4963374137878418
                ],
                [
                    0.78626549243927,
                    0.6039089560508728,
                    0.13069257140159607
                ],
                [
                    -0.3946754038333893,
                    0.3281199634075165,
                    0.858235776424408
                ]
            ],
            [
                [
                    0.9069211483001709,
                    -0.05921225994825363,
                    -0.41711869835853577
                ],
                [
                    0.03612900897860527,
                    0.9973576664924622,
                    -0.06302683800458908
                ],
                [
                    0.4197485148906708,
                    0.042090293020009995,
                    0.9066640138626099
                ]
            ],
            [
                [
                    0.8028265833854675,
                    0.05185460299253464,
                    0.5939532518386841
                ],
                [
                    0.021818269044160843,
                    0.992988109588623,
                    -0.11618295311927795
                ],
                [
                    -0.5958131551742554,
                    0.10623376816511154,
                    0.7960658669471741
                ]
            ],
            [
                [
                    0.999998927116394,
                    -0.0006502788164652884,
                    0.0013379812007769942
                ],
                [
                    0.0004941541119478643,
                    0.9935327172279358,
                    0.11354515701532364
                ],
                [
                    -0.0014031643513590097,
                    -0.11354436725378036,
                    0.9935320019721985
                ]
            ],
            [
                [
                    0.9988613724708557,
                    0.02601679228246212,
                    0.039990562945604324
                ],
                [
                    -0.02942930907011032,
                    0.9957508444786072,
                    0.08725930750370026
                ],
                [
                    -0.0375504307448864,
                    -0.08833683282136917,
                    0.9953827261924744
                ]
            ],
            [
                [
                    0.9770098328590393,
                    0.18262159824371338,
                    -0.11000560969114304
                ],
                [
                    -0.16461211442947388,
                    0.9740877151489258,
                    0.15509970486164093
                ],
                [
                    0.13547968864440918,
                    -0.13342566788196564,
                    0.9817550182342529
                ]
            ],
            [
                [
                    0.981454610824585,
                    -0.17596878111362457,
                    0.07603856921195984
                ],
                [
                    0.1600707769393921,
                    0.9705581665039062,
                    0.179983988404274
                ],
                [
                    -0.1054714024066925,
                    -0.16447454690933228,
                    0.9807262420654297
                ]
            ]
        ],
        "betas": [
            -0.1693677008152008,
            -0.060454368591308594,
            0.09928309917449951,
            0.5058861970901489,
            0.190040722489357,
            0.0691068172454834,
            -0.019520729780197144,
            -0.0954926609992981,
            0.06835171580314636,
            -0.06016567349433899
        ]
    },
    "pred_cam_t": [
        0.07217565178871155,
        0.30322661995887756,
        25.307151794433594
    ],
    "focal_length": [
        5000.0,
        5000.0
    ],
    "pred_keypoints_3d": [
        [
            -0.22369560599327087,
            -0.7319029569625854,
            -0.015382077544927597
        ],
        [
            -0.045951880514621735,
            -0.721094012260437,
            -0.060638897120952606
        ],
        [
            -0.0024442439898848534,
            -0.6411309838294983,
            0.12295624613761902
        ],
        [
            -0.026707127690315247,
            -0.3970562815666199,
            0.17428605258464813
        ],
        [
            -0.19502243399620056,
            -0.21217961609363556,
            0.14947175979614258
        ],
        [
            -0.07376189529895782,
            -0.6039973497390747,
            -0.22383633255958557
        ],
        [
            -0.04868596792221069,
            -0.348956823348999,
            -0.2430523931980133
        ],
        [
            -0.14655056595802307,
            -0.12585532665252686,
            -0.21248160302639008
        ],
        [
            -0.002057664329186082,
            -0.226737841963768,
            0.027283623814582825
        ],
        [
            0.023952512070536613,
            -0.16016486287117004,
            0.1137763261795044
        ],
        [
            0.005239840596914291,
            0.1408795714378357,
            0.3397815525531769
        ],
        [
            0.0006480999290943146,
            0.47633522748947144,
            0.5415701270103455
        ],
        [
            -0.029022717848420143,
            -0.12038666754961014,
            -0.004365675151348114
        ],
        [
            -0.13365048170089722,
            0.1982765793800354,
            0.1491142213344574
        ],
        [
            -0.10494397580623627,
            0.4893873333930969,
            0.40887898206710815
        ],
        [
            -0.2131531536579132,
            -0.785862922668457,
            0.012444771826267242
        ],
        [
            -0.2331269085407257,
            -0.7804299592971802,
            -0.050711095333099365
        ],
        [
            -0.12261144816875458,
            -0.8355734348297119,
            0.02490580826997757
        ],
        [
            -0.1668480932712555,
            -0.8237200975418091,
            -0.11635968089103699
        ],
        [
            -0.2984490394592285,
            0.5164095759391785,
            0.4585585594177246
        ],
        [
            -0.2556041181087494,
            0.5645745992660522,
            0.40659743547439575
        ],
        [
            -0.04876101389527321,
            0.5239750146865845,
            0.42243754863739014
        ],
        [
            -0.16467604041099548,
            0.4524574279785156,
            0.650743842124939
        ],
        [
            -0.08421896398067474,
            0.4409776031970978,
            0.6850498914718628
        ],
        [
            0.046739332377910614,
            0.5298647284507751,
            0.5425882339477539
        ],
        [
            0.03865763545036316,
            0.4341346025466919,
            0.5175579786300659
        ],
        [
            0.008969124406576157,
            0.08564797043800354,
            0.3009020686149597
        ],
        [
            0.06808274984359741,
            -0.2964164614677429,
            0.13700880110263824
        ],
        [
            -0.03510431945323944,
            -0.19511570036411285,
            -0.1151459589600563
        ],
        [
            -0.12847568094730377,
            0.16649800539016724,
            0.11808238178491592
        ],
        [
            -0.08110182732343674,
            0.47146522998809814,
            0.3764909505844116
        ],
        [
            -0.20431706309318542,
            -0.24650290608406067,
            0.13821201026439667
        ],
        [
            -0.04937698692083359,
            -0.4210490882396698,
            0.19442462921142578
        ],
        [
            -0.010732516646385193,
            -0.670100212097168,
            0.08549676090478897
        ],
        [
            -0.06549446284770966,
            -0.6387785077095032,
            -0.20140191912651062
        ],
        [
            -0.08834299445152283,
            -0.37001144886016846,
            -0.2659609317779541
        ],
        [
            -0.15807047486305237,
            -0.1429271101951599,
            -0.2171945422887802
        ],
        [
            -0.05506829172372818,
            -0.7084892988204956,
            -0.061058491468429565
        ],
        [
            -0.1900681108236313,
            -0.8616006374359131,
            -0.03754380717873573
        ],
        [
            0.01624344289302826,
            -0.24638691544532776,
            0.010271631181240082
        ],
        [
            -0.03851613774895668,
            -0.6526839733123779,
            -0.05576041340827942
        ],
        [
            0.015331240370869637,
            -0.486682265996933,
            -0.04562423750758171
        ],
        [
            -0.15378904342651367,
            -0.7532289028167725,
            -0.04348856955766678
        ],
        [
            -0.19342109560966492,
            -0.8812900185585022,
            -0.03369732201099396
        ]
    ],
    "pred_vertices": [
        [
            -0.26508569717407227,
            -0.8180800676345825,
            -0.05634268745779991
        ],
        [
            -0.26019036769866943,
            -0.802178680896759,
            -0.05062650516629219
        ],
        [
            -0.2541542053222656,
            -0.8040294647216797,
            -0.06389793008565903
        ],
        [
            -0.2548784613609314,
            -0.8178991079330444,
            -0.07043439149856567
        ],
        [
            -0.252109557390213,
            -0.7933175563812256,
            -0.0596940740942955
        ],
        [
            -0.25517481565475464,
            -0.7911577224731445,
            -0.04854092746973038
        ],
        [
            -0.24446934461593628,
            -0.8045800924301147,
            -0.07399920374155045
        ],
        [
            -0.24215662479400635,
            -0.8156253099441528,
            -0.08099836111068726
        ],
        [
            -0.21627765893936157,
            -0.781924843788147,
            -0.08612992614507675
        ],
        [
            -0.20776616036891937,
            -0.7834281921386719,
            -0.09311987459659576
        ],
        [
            -0.2163132280111313,
            -0.7925342917442322,
            -0.0912909209728241
        ],
        [
            -0.22217880189418793,
            -0.7888392210006714,
            -0.08377199620008469
        ],
        [
            -0.1981632113456726,
            -0.7632797360420227,
            -0.08852635324001312
        ],
        [
            -0.19741544127464294,
            -0.7513964772224426,
            -0.0815729945898056
        ],
        [
            -0.18529155850410461,
            -0.7495928406715393,
            -0.08735788613557816
        ],
        [
            -0.18467602133750916,
            -0.7617616653442383,
            -0.09366989880800247
        ],
        [
            -0.214164599776268,
            -0.7512463331222534,
            -0.042874276638031006
        ],
        [
            -0.21133127808570862,
            -0.7460471391677856,
            -0.04918341338634491
        ],
        [
            -0.21579135954380035,
            -0.7516183853149414,
            -0.052367936819791794
        ],
        [
            -0.2177484929561615,
            -0.7564079761505127,
            -0.04564480483531952
        ],
        [
            -0.22188997268676758,
            -0.7563470602035522,
            -0.03181063011288643
        ],
        [
            -0.22287893295288086,
            -0.7626326084136963,
            -0.033141035586595535
        ],
        [
            -0.22773393988609314,
            -0.7630730867385864,
            -0.026830516755580902
        ],
        [
            -0.22739273309707642,
            -0.7555662393569946,
            -0.026171140372753143
        ],
        [
            -0.20950442552566528,
            -0.7474108338356018,
            -0.03826410323381424
        ],
        [
            -0.206344336271286,
            -0.7422047257423401,
            -0.04501625522971153
        ],
        [
            -0.21719250082969666,
            -0.7553510665893555,
            -0.037466224282979965
        ],
        [
            -0.2158098816871643,
            -0.7506544589996338,
            -0.0357554592192173
        ],
        [
            -0.21960587799549103,
            -0.7399200201034546,
            -0.03094317764043808
        ],
        [
            -0.2216244637966156,
            -0.7444725632667542,
            -0.03230033814907074
        ],
        [
            -0.22665904462337494,
            -0.7415961027145386,
            -0.027378469705581665
        ],
        [
            -0.22261516749858856,
            -0.7376487851142883,
            -0.026793137192726135
        ],
        [
            -0.21267226338386536,
            -0.7445005178451538,
            -0.03622337430715561
        ],
        [
            -0.2167014330625534,
            -0.7452493906021118,
            -0.03571012243628502
        ],
        [
            -0.21569597721099854,
            -0.7409968376159668,
            -0.03321698680520058
        ],
        [
            -0.21155330538749695,
            -0.7412087917327881,
            -0.032847076654434204
        ],
        [
            -0.22136950492858887,
            -0.7512222528457642,
            -0.031138692051172256
        ],
        [
            -0.22716115415096283,
            -0.748891294002533,
            -0.026382602751255035
        ],
        [
            -0.23235104978084564,
            -0.7462045550346375,
            -0.02070089802145958
        ],
        [
            -0.2304937094449997,
            -0.7375513315200806,
            -0.021503623574972153
        ],
        [
            -0.2013959139585495,
            -0.7380952835083008,
            -0.06283985078334808
        ],
        [
            -0.20734241604804993,
            -0.741467297077179,
            -0.05633380264043808
        ],
        [
            -0.2032051682472229,
            -0.7378334999084473,
            -0.05180611461400986
        ],
        [
            -0.1990814507007599,
            -0.734723687171936,
            -0.05772620439529419
        ],
        [
            -0.2074071168899536,
            -0.7406766414642334,
            -0.035101860761642456
        ],
        [
            -0.19934764504432678,
            -0.7277275323867798,
            -0.04036884382367134
        ],
        [
            -0.201839417219162,
            -0.730629563331604,
            -0.04018041118979454
        ],
        [
            -0.20374763011932373,
            -0.7294076681137085,
            -0.03334410488605499
        ],
        [
            -0.20150047540664673,
            -0.726738452911377,
            -0.03416898846626282
        ],
        [
            -0.18740972876548767,
            -0.7315878868103027,
            -0.0713922530412674
        ],
        [
            -0.18880106508731842,
            -0.7283309102058411,
            -0.06490764766931534
        ],
        [
            -0.1827584207057953,
            -0.7244679927825928,
            -0.06669486314058304
        ],
        [
            -0.17948293685913086,
            -0.7275183200836182,
            -0.07297348976135254
        ],
        [
            -0.1780494600534439,
            -0.7207281589508057,
            -0.06500415503978729
        ],
        [
            -0.1722889542579651,
            -0.7232905030250549,
            -0.0731053277850151
        ],
        [
            -0.16200703382492065,
            -0.7123638987541199,
            -0.0656014159321785
        ],
        [
            -0.16650545597076416,
            -0.7174155712127686,
            -0.06963174045085907
        ],
        [
            -0.17408519983291626,
            -0.7163444757461548,
            -0.06152934581041336
        ],
        [
            -0.17204295098781586,
            -0.7109286785125732,
            -0.05598332732915878
        ],
        [
            -0.17770026624202728,
            -0.7105315923690796,
            -0.042386315762996674
        ],
        [
            -0.17739734053611755,
            -0.7084851861000061,
            -0.03626269847154617
        ],
        [
            -0.17016854882240295,
            -0.6997195482254028,
            -0.04238561913371086
        ],
        [
            -0.17101821303367615,
            -0.704270601272583,
            -0.04874042049050331
        ],
        [
            -0.19224096834659576,
            -0.7258288860321045,
            -0.041267383843660355
        ],
        [
            -0.19121631979942322,
            -0.7272253036499023,
            -0.04574266076087952
        ],
        [
            -0.19393430650234222,
            -0.7269774675369263,
            -0.045392509549856186
        ],
        [
            -0.19598263502120972,
            -0.7261859178543091,
            -0.040613140910863876
        ],
        [
            -0.1906566172838211,
            -0.7277949452400208,
            -0.04977051168680191
        ],
        [
            -0.1903776377439499,
            -0.7279505729675293,
            -0.05155918747186661
        ],
        [
            -0.19204393029212952,
            -0.7282049655914307,
            -0.05095751956105232
        ],
        [
            -0.19143512845039368,
            -0.7280032634735107,
            -0.04967866092920303
        ],
        [
            -0.1911659836769104,
            -0.727542519569397,
            -0.04763348773121834
        ],
        [
            -0.18998858332633972,
            -0.7259508371353149,
            -0.04665802791714668
        ],
        [
            -0.19027873873710632,
            -0.7269895672798157,
            -0.04883994534611702
        ],
        [
            -0.19069796800613403,
            -0.7238801717758179,
            -0.04267013818025589
        ],
        [
            -0.19222614169120789,
            -0.7183067798614502,
            -0.02931850403547287
        ],
        [
            -0.1923193782567978,
            -0.7192410230636597,
            -0.03290218487381935
        ],
        [
            -0.1937766671180725,
            -0.7234053611755371,
            -0.03131484612822533
        ],
        [
            -0.19390156865119934,
            -0.7228338718414307,
            -0.028296317905187607
        ],
        [
            -0.1940993368625641,
            -0.728663444519043,
            -0.049156516790390015
        ],
        [
            -0.19539161026477814,
            -0.7300424575805664,
            -0.0510479211807251
        ],
        [
            -0.19861149787902832,
            -0.7304369211196899,
            -0.04638848081231117
        ],
        [
            -0.19617345929145813,
            -0.728723406791687,
            -0.045616891235113144
        ],
        [
            -0.19708342850208282,
            -0.7314367294311523,
            -0.05370736122131348
        ],
        [
            -0.19292667508125305,
            -0.7293737530708313,
            -0.053173452615737915
        ],
        [
            -0.1938568353652954,
            -0.7300132513046265,
            -0.05643153935670853
        ],
        [
            -0.1891176849603653,
            -0.7266668081283569,
            -0.05116187036037445
        ],
        [
            -0.18771734833717346,
            -0.7260843515396118,
            -0.05431090295314789
        ],
        [
            -0.19029715657234192,
            -0.7274187803268433,
            -0.05441035330295563
        ],
        [
            -0.18552502989768982,
            -0.7234392166137695,
            -0.052495524287223816
        ],
        [
            -0.1881018877029419,
            -0.7247632741928101,
            -0.0486261211335659
        ],
        [
            -0.18821769952774048,
            -0.7218911647796631,
            -0.04477492719888687
        ],
        [
            -0.18875476717948914,
            -0.7187824845314026,
            -0.039802826941013336
        ],
        [
            -0.18415749073028564,
            -0.716695249080658,
            -0.04325764998793602
        ],
        [
            -0.18450841307640076,
            -0.7200322151184082,
            -0.04856402426958084
        ],
        [
            -0.20094893872737885,
            -0.7337925434112549,
            -0.04837029427289963
        ],
        [
            -0.18968269228935242,
            -0.7276089191436768,
            -0.058997683227062225
        ],
        [
            -0.1944616734981537,
            -0.7322641015052795,
            -0.061626993119716644
        ],
        [
            -0.18583296239376068,
            -0.7246280908584595,
            -0.05959419906139374
        ],
        [
            -0.18225222826004028,
            -0.7215808629989624,
            -0.058027297258377075
        ],
        [
            -0.17996734380722046,
            -0.7179607152938843,
            -0.053731903433799744
        ],
        [
            -0.17864814400672913,
            -0.713910698890686,
            -0.048413679003715515
        ],
        [
            -0.15741613507270813,
            -0.6988801956176758,
            -0.048369698226451874
        ],
        [
            -0.1599273532629013,
            -0.7044904232025146,
            -0.05633850768208504
        ],
        [
            -0.2476794719696045,
            -0.7869092226028442,
            -0.04775497317314148
        ],
        [
            -0.247277170419693,
            -0.7874225378036499,
            -0.05697321891784668
        ],
        [
            -0.23883280158042908,
            -0.7840849161148071,
            -0.05914544314146042
        ],
        [
            -0.24064648151397705,
            -0.7859554290771484,
            -0.06033531203866005
        ],
        [
            -0.2427850067615509,
            -0.7852689623832703,
            -0.054735735058784485
        ],
        [
            -0.2402142584323883,
            -0.7833212614059448,
            -0.05471009761095047
        ],
        [
            -0.2260453999042511,
            -0.787189245223999,
            -0.07652459293603897
        ],
        [
            -0.22928208112716675,
            -0.7859914898872375,
            -0.07058445364236832
        ],
        [
            -0.2260226458311081,
            -0.7839001417160034,
            -0.07148047536611557
        ],
        [
            -0.2220371961593628,
            -0.7821223735809326,
            -0.07885707914829254
        ],
        [
            -0.22459372878074646,
            -0.774213433265686,
            -0.06338804215192795
        ],
        [
            -0.2241840660572052,
            -0.776919960975647,
            -0.06813126802444458
        ],
        [
            -0.22912724316120148,
            -0.7806835174560547,
            -0.06330431252717972
        ],
        [
            -0.2296133041381836,
            -0.7786412239074707,
            -0.05996137857437134
        ],
        [
            -0.22973889112472534,
            -0.7773050665855408,
            -0.055989596992731094
        ],
        [
            -0.22977878153324127,
            -0.7767796516418457,
            -0.05148635059595108
        ],
        [
            -0.22603154182434082,
            -0.7729906439781189,
            -0.05266488343477249
        ],
        [
            -0.22532930970191956,
            -0.773070752620697,
            -0.05799347907304764
        ],
        [
            -0.24271956086158752,
            -0.7856570482254028,
            -0.04816356301307678
        ],
        [
            -0.24019291996955872,
            -0.7857964038848877,
            -0.04115337133407593
        ],
        [
            -0.2379474639892578,
            -0.7837639451026917,
            -0.043150439858436584
        ],
        [
            -0.24035906791687012,
            -0.7833085060119629,
            -0.04888393357396126
        ],
        [
            -0.22722521424293518,
            -0.7828198671340942,
            -0.03511131927371025
        ],
        [
            -0.23000378906726837,
            -0.7838948965072632,
            -0.03575526550412178
        ],
        [
            -0.2308584600687027,
            -0.7845616340637207,
            -0.031940754503011703
        ],
        [
            -0.22705921530723572,
            -0.7817461490631104,
            -0.031741444021463394
        ],
        [
            -0.22565340995788574,
            -0.7792083621025085,
            -0.03440185263752937
        ],
        [
            -0.22664299607276917,
            -0.7811875343322754,
            -0.03655824810266495
        ],
        [
            -0.2751837968826294,
            -0.836582362651825,
            -0.04563681036233902
        ],
        [
            -0.27046671509742737,
            -0.8185279369354248,
            -0.040984850376844406
        ],
        [
            -0.2649015188217163,
            -0.8375803828239441,
            -0.06374593079090118
        ],
        [
            -0.2523312568664551,
            -0.8352192640304565,
            -0.07683683931827545
        ],
        [
            -0.23914135992527008,
            -0.8288475275039673,
            -0.08804384618997574
        ],
        [
            -0.1862465739250183,
            -0.7391024827957153,
            -0.07940277457237244
        ],
        [
            -0.17645324766635895,
            -0.7358286380767822,
            -0.0829366147518158
        ],
        [
            -0.17345398664474487,
            -0.7483435273170471,
            -0.09228422492742538
        ],
        [
            -0.16316641867160797,
            -0.7431253790855408,
            -0.09290724992752075
        ],
        [
            -0.16704913973808289,
            -0.7302128076553345,
            -0.08292482793331146
        ],
        [
            -0.15181858837604523,
            -0.7168636918067932,
            -0.07284732908010483
        ],
        [
            -0.15860986709594727,
            -0.723446249961853,
            -0.0798475444316864
        ],
        [
            -0.15234649181365967,
            -0.7380359172821045,
            -0.09118438512086868
        ],
        [
            -0.14940965175628662,
            -0.756325364112854,
            -0.10129755735397339
        ],
        [
            -0.1609255075454712,
            -0.7578665614128113,
            -0.10060600936412811
        ],
        [
            -0.149583637714386,
            -0.7764157652854919,
            -0.10655003041028976
        ],
        [
            -0.135695219039917,
            -0.7560131549835205,
            -0.10109106451272964
        ],
        [
            -0.141442209482193,
            -0.7806506156921387,
            -0.1061348170042038
        ],
        [
            -0.12130279093980789,
            -0.7256361246109009,
            -0.08684729039669037
        ],
        [
            -0.11539622396230698,
            -0.7191696166992188,
            -0.08926288038492203
        ],
        [
            -0.10779408365488052,
            -0.7306869029998779,
            -0.10225093364715576
        ],
        [
            -0.11503645777702332,
            -0.7376511096954346,
            -0.10044243186712265
        ],
        [
            -0.1719163954257965,
            -0.7598531246185303,
            -0.09870688617229462
        ],
        [
            -0.21734756231307983,
            -0.8053659796714783,
            -0.09380140900611877
        ],
        [
            -0.2248583436012268,
            -0.7986961603164673,
            -0.08699550479650497
        ],
        [
            -0.2072198987007141,
            -0.7972394227981567,
            -0.09811113774776459
        ],
        [
            -0.23934432864189148,
            -0.8639025688171387,
            -0.09383026510477066
        ],
        [
            -0.2489224672317505,
            -0.8501472473144531,
            -0.0859593003988266
        ],
        [
            -0.2357368916273117,
            -0.8417667150497437,
            -0.09487858414649963
        ],
        [
            -0.22916287183761597,
            -0.8555102348327637,
            -0.10237474739551544
        ],
        [
            -0.26081526279449463,
            -0.8871676921844482,
            -0.0616876445710659
        ],
        [
            -0.272067666053772,
            -0.8622053861618042,
            -0.05518219992518425
        ],
        [
            -0.2625429034233093,
            -0.8576688766479492,
            -0.0704575628042221
        ],
        [
            -0.25311416387557983,
            -0.8767813444137573,
            -0.07699885964393616
        ],
        [
            -0.22035454213619232,
            -0.8649846911430359,
            -0.10726273059844971
        ],
        [
            -0.20774053037166595,
            -0.8771646022796631,
            -0.11184196919202805
        ],
        [
            -0.21126201748847961,
            -0.8939362168312073,
            -0.10789863765239716
        ],
        [
            -0.22778475284576416,
            -0.8807594776153564,
            -0.10120315104722977
        ],
        [
            -0.2154674381017685,
            -0.9147812724113464,
            -0.09598901122808456
        ],
        [
            -0.2360321581363678,
            -0.8990387320518494,
            -0.08744443207979202
        ],
        [
            -0.12484176456928253,
            -0.7749379873275757,
            -0.10669675469398499
        ],
        [
            -0.13411960005760193,
            -0.7924666404724121,
            -0.10720320791006088
        ],
        [
            -0.12484575808048248,
            -0.7452189326286316,
            -0.09835012257099152
        ],
        [
            -0.1162167638540268,
            -0.7607247829437256,
            -0.10648360103368759
        ],
        [
            -0.21658459305763245,
            -0.9310252666473389,
            -0.07810520380735397
        ],
        [
            -0.2415032684803009,
            -0.9131497144699097,
            -0.06856872886419296
        ],
        [
            -0.15403714776039124,
            -0.8902382850646973,
            -0.11638147383928299
        ],
        [
            -0.1720651090145111,
            -0.898910641670227,
            -0.11434241384267807
        ],
        [
            -0.17741462588310242,
            -0.8791046142578125,
