{
    "pred_cam": [
        1.1138994693756104,
        -0.025365566834807396,
        0.18384739756584167
    ],
    "pred_smpl_params": {
        "global_orient": [
            [
                [
                    0.9856580495834351,
                    0.14982104301452637,
                    -0.07766486704349518
                ],
                [
                    0.1524697244167328,
                    -0.9878724217414856,
                    0.029343167319893837
                ],
                [
                    -0.07232675701379776,
                    -0.040763869881629944,
                    -0.9965475797653198
                ]
            ]
        ],
        "body_pose": [
            [
                [
                    0.9967652559280396,
                    -0.07851935923099518,
                    0.017139215022325516
                ],
                [
                    0.07300006598234177,
                    0.9737555384635925,
                    0.21557174623012543
                ],
                [
                    -0.03361596167087555,
                    -0.2136232554912567,
                    0.9763376116752625
                ]
            ],
            [
                [
                    0.9979709386825562,
                    0.02945118024945259,
                    0.05645054206252098
                ],
                [
                    -0.0408828929066658,
                    0.9760836958885193,
                    0.2135162204504013
                ],
                [
                    -0.0488121472299099,
                    -0.21539083123207092,
                    0.9753072261810303
                ]
            ],
            [
                [
                    0.9996112585067749,
                    0.021251235157251358,
                    -0.018050571903586388
                ],
                [
                    -0.024396046996116638,
                    0.9800669550895691,
                    -0.1971639096736908
                ],
                [
                    0.013500791974365711,
                    0.19752760231494904,
                    0.9802044034004211
                ]
            ],
            [
                [
                    0.9951446056365967,
                    0.025083208456635475,
                    -0.09517348557710648
                ],
                [
                    -0.07727718353271484,
                    0.7979795336723328,
                    -0.5977097153663635
                ],
                [
                    0.06095403432846069,
                    0.6021623611450195,
                    0.7960433959960938
                ]
            ],
            [
                [
                    0.9921969175338745,
                    -0.01241991389542818,
                    0.12406081706285477
                ],
                [
                    0.08535924553871155,
                    0.7929388880729675,
                    -0.6032924056053162
                ],
                [
                    -0.09087980538606644,
                    0.6091745495796204,
                    0.7878116965293884
                ]
            ],
            [
                [
                    0.9982708692550659,
                    -0.0566323921084404,
                    -0.01575310528278351
                ],
                [
                    0.057250067591667175,
                    0.9974761009216309,
                    0.04199878126382828
                ],
                [
                    0.013334853574633598,
                    -0.042828019708395004,
                    0.9989935159683228
                ]
            ],
            [
                [
                    0.983600378036499,
                    0.08886556327342987,
                    0.1569495052099228
                ],
                [
                    -0.10378015786409378,
                    0.9905627369880676,
                    0.08952758461236954
                ],
                [
                    -0.14751240611076355,
                    -0.10434762388467789,
                    0.9835403561592102
                ]
            ],
            [
                [
                    0.9812804460525513,
                    -0.11527189612388611,
                    -0.1542757898569107
                ],
                [
                    0.11592989414930344,
                    0.9932460188865662,
                    -0.004755285568535328
                ],
                [
                    0.1537819653749466,
                    -0.01321890577673912,
                    0.9880163669586182
                ]
            ],
            [
                [
                    0.9990848302841187,
                    -0.03410094231367111,
                    -0.02581912837922573
                ],
                [
                    0.03083522990345955,
                    0.992563784122467,
                    -0.11775555461645126
                ],
                [
                    0.029642704874277115,
                    0.11685165017843246,
                    0.9927069544792175
                ]
            ],
            [
                [
                    0.9742733836174011,
                    -0.22413255274295807,
                    0.023580843582749367
                ],
                [
                    0.21448782086372375,
                    0.9542617797851562,
                    0.2082773596048355
                ],
                [
                    -0.06918402761220932,
                    -0.19786126911640167,
                    0.9777855277061462
                ]
            ],
            [
                [
                    0.9737986326217651,
                    0.2270432561635971,
                    0.012946099042892456
                ],
                [
                    -0.22354412078857422,
                    0.945228636264801,
                    0.23784621059894562
                ],
                [
                    0.04176435247063637,
                    -0.23450833559036255,
                    0.9712165594100952
                ]
            ],
            [
                [
                    0.958997368812561,
                    -0.09841065853834152,
                    -0.26578038930892944
                ],
                [
                    0.11268653720617294,
                    0.9928660988807678,
                    0.03897009789943695
                ],
                [
                    0.2600492537021637,
                    -0.06732209771871567,
                    0.9632455110549927
                ]
            ],
            [
                [
                    0.9115530848503113,
                    0.375932902097702,
                    0.16656962037086487
                ],
                [
                    -0.36290088295936584,
                    0.9260116219520569,
                    -0.10394930839538574
                ],
                [
                    -0.19332335889339447,
                    0.034307051450014114,
                    0.9805351495742798
                ]
            ],
            [
                [
                    0.9261335134506226,
                    -0.3428935706615448,
                    -0.1571640968322754
                ],
                [
                    0.34152185916900635,
                    0.9391642808914185,
                    -0.03651290759444237
                ],
                [
                    0.16012296080589294,
                    -0.019859153777360916,
                    0.9868971705436707
                ]
            ],
            [
                [
                    0.9612879157066345,
                    -0.12924808263778687,
                    -0.24335260689258575
                ],
                [
                    0.07714728266000748,
                    0.9740877747535706,
                    -0.2126060575246811
                ],
                [
                    0.26452571153640747,
                    0.1856016367673874,
                    0.9463499188423157
                ]
            ],
            [
                [
                    0.4943508207798004,
                    0.8550681471824646,
                    -0.15644709765911102
                ],
                [
                    -0.8684350848197937,
                    0.4936661720275879,
                    -0.04598000645637512
                ],
                [
                    0.03791659697890282,
                    0.15859441459178925,
                    0.9866154789924622
                ]
            ],
            [
                [
                    0.5343396663665771,
                    -0.808334231376648,
                    0.24713729321956635
                ],
                [
                    0.839981734752655,
                    0.5404474139213562,
                    -0.048448141664266586
                ],
                [
                    -0.09440243989229202,
                    0.2334785759449005,
                    0.9677684903144836
                ]
            ],
            [
                [
                    0.44093748927116394,
                    -0.34389761090278625,
                    -0.8290407657623291
                ],
                [
                    0.34998610615730286,
                    0.9164444208145142,
                    -0.19400864839553833
                ],
                [
                    0.8264889121055603,
                    -0.2046070396900177,
                    0.5244540572166443
                ]
            ],
            [
                [
                    -0.031054161489009857,
                    0.4159618020057678,
                    0.908851683139801
                ],
                [
                    -0.2999366223812103,
                    0.8635061979293823,
                    -0.4054565727710724
                ],
                [
                    -0.953453540802002,
                    -0.28518903255462646,
                    0.09794671833515167
                ]
            ],
            [
                [
                    0.9929922223091125,
                    -0.11812929064035416,
                    -0.003464034292846918
                ],
                [
                    0.11780868470668793,
                    0.9871243834495544,
                    0.10819704830646515
                ],
                [
                    -0.009361807256937027,
                    -0.10784690827131271,
                    0.9941235184669495
                ]
            ],
            [
                [
                    0.9831223487854004,
                    0.17712147533893585,
                    0.04580807313323021
                ],
                [
                    -0.18147225677967072,
                    0.9758731722831726,
                    0.1214059367775917
                ],
                [
                    -0.02319927327334881,
                    -0.1276697963476181,
                    0.9915453791618347
                ]
            ],
            [
                [
                    0.9620364308357239,
                    0.2571658194065094,
                    -0.09138761460781097
                ],
                [
                    -0.24235545098781586,
                    0.958951473236084,
                    0.1472274214029312
                ],
                [
                    0.12549814581871033,
                    -0.11948984861373901,
                    0.9848718047142029
                ]
            ],
            [
                [
                    0.9635765552520752,
                    -0.25367239117622375,
                    0.08467855304479599
                ],
                [
                    0.24339674413204193,
                    0.9630448818206787,
                    0.11533641815185547
                ],
                [
                    -0.11080692708492279,
                    -0.09052499383687973,
                    0.9897105097770691
                ]
            ]
        ],
        "betas": [
            0.08072684705257416,
            0.07031098008155823,
            0.4378257095813751,
            1.0180742740631104,
            -0.02080845832824707,
            -0.02529945597052574,
            0.02592054009437561,
            0.03001558780670166,
            0.029487386345863342,
            0.015797734260559082
        ]
    },
    "pred_cam_t": [
        -0.025365566834807396,
        0.18384739756584167,
        35.06824493408203
    ],
    "focal_length": [
        5000.0,
        5000.0
    ],
    "pred_keypoints_3d": [
        [
            -0.03920924663543701,
            -0.8255994319915771,
            -0.20153078436851501
        ],
        [
            0.06008876860141754,
            -0.7503129243850708,
            -0.04948897659778595
        ],
        [
            -0.11901234090328217,
            -0.6784259080886841,
            0.02885756641626358
        ],
        [
            -0.17441494762897491,
            -0.45229044556617737,
            0.12491647154092789
        ],
        [
            -0.2721703350543976,
            -0.4100674092769623,
            -0.10520098358392715
        ],
        [
            0.2324194610118866,
            -0.6430761218070984,
            -0.02678367868065834
        ],
        [
            0.2488010674715042,
            -0.4138922095298767,
            0.09248057007789612
        ],
        [
            0.3175983130931854,
            -0.24039341509342194,
            -0.07139688730239868
        ],
        [
            -0.0026641369331628084,
            -0.2354554682970047,
            0.026633959263563156
        ],
        [
            -0.08027457445859909,
            -0.15578912198543549,
            0.03988441824913025
        ],
        [
            -0.19051647186279297,
            0.20460323989391327,
            -0.01754900813102722
        ],
        [
            -0.23270347714424133,
            0.5314090251922607,
            0.20255525410175323
        ],
        [
            0.050024133175611496,
            -0.134538471698761,
            0.03254050761461258
        ],
        [
            0.053549282252788544,
            0.23209014534950256,
            -0.03318756818771362
        ],
        [
            0.0160689540207386,
            0.5613206624984741,
            0.18334606289863586
        ],
        [
            -0.04708767682313919,
            -0.8734569549560547,
            -0.1620228886604309
        ],
        [
            0.001330748200416565,
            -0.8715413212776184,
            -0.20781569182872772
        ],
        [
            -0.013290584087371826,
            -0.8827855587005615,
            -0.06414400786161423
        ],
        [
            0.09746423363685608,
            -0.8777098655700684,
            -0.1651041954755783
        ],
        [
            0.0029084384441375732,
            0.6789957284927368,
            0.020844385027885437
        ],
        [
            0.0712510347366333,
            0.6747885346412659,
            0.07169176638126373
        ],
        [
            0.01945088803768158,
            0.5744664072990417,
            0.2537178099155426
        ],
        [
            -0.24670685827732086,
            0.6583633422851562,
            0.04992136359214783
        ],
        [
            -0.317477285861969,
            0.6346322298049927,
            0.09889580309391022
        ],
        [
            -0.23552362620830536,
            0.5460919141769409,
            0.2754789888858795
        ],
        [
            -0.24597564339637756,
            0.4742218852043152,
            0.20416191220283508
        ],
        [
            -0.17489926517009735,
            0.14466790854930878,
            -0.01843399927020073
        ],
        [
            -0.13786646723747253,
            -0.29243963956832886,
            0.047882869839668274
        ],
        [
            0.14131128787994385,
            -0.232389435172081,
            0.040961526334285736
        ],
        [
            0.06643138825893402,
            0.1929905116558075,
            -0.033275529742240906
        ],
        [
            0.029367035254836082,
            0.5219951272010803,
            0.19240131974220276
        ],
        [
            -0.25007134675979614,
            -0.44282665848731995,
            -0.09730716049671173
        ],
        [
            -0.20497150719165802,
            -0.4841472804546356,
            0.10882927477359772
        ],
        [
            -0.08306214958429337,
            -0.7035902738571167,
            0.011738115921616554
        ],
        [
            0.2013140469789505,
            -0.6779593825340271,
            -0.03272309526801109
        ],
        [
            0.28766530752182007,
            -0.436897337436676,
            0.05910356715321541
        ],
        [
            0.3214257061481476,
            -0.2645430266857147,
            -0.07234726846218109
        ],
        [
            0.062083348631858826,
            -0.7425568103790283,
            -0.04371744394302368
        ],
        [
            0.025479406118392944,
            -0.9286920428276062,
            -0.1388992816209793
        ],
        [
            0.0023680035956203938,
            -0.2620542049407959,
            0.04385703057050705
        ],
        [
            0.05778215080499649,
            -0.6881350874900818,
            -0.014439905062317848
        ],
        [
            0.045685917139053345,
            -0.5116961002349854,
            0.02332083322107792
        ],
        [
            0.01946253888309002,
            -0.8146228790283203,
            -0.14635291695594788
        ],
        [
            0.02482917718589306,
            -0.9494552612304688,
            -0.13197849690914154
        ]
    ],
    "pred_vertices": [
        [
            0.004557117819786072,
            -0.9157580733299255,
            -0.22559303045272827
        ],
        [
            -0.0022457391023635864,
            -0.9006937742233276,
            -0.22378629446029663
        ],
        [
            0.01228921115398407,
            -0.8990169763565063,
            -0.2242428958415985
        ],
        [
            0.02131926268339157,
            -0.9111114740371704,
            -0.2229064702987671
        ],
        [
            0.006875716149806976,
            -0.8892969489097595,
            -0.22349917888641357
        ],
        [
            -0.005531862378120422,
            -0.8895468711853027,
            -0.22184982895851135
        ],
        [
            0.025221630930900574,
            -0.8952370882034302,
            -0.2197955995798111
        ],
        [
            0.034947216510772705,
            -0.9034630060195923,
            -0.21707768738269806
        ],
        [
            0.04075366631150246,
            -0.8627524971961975,
            -0.20790931582450867
        ],
        [
            0.050682585686445236,
            -0.8597805500030518,
            -0.20260420441627502
        ],
        [
            0.048615437000989914,
            -0.871435284614563,
            -0.2066669464111328
        ],
        [
            0.03865295276045799,
            -0.8713732957839966,
            -0.2098638266324997
        ],
        [
            0.046288177371025085,
            -0.8379184007644653,
            -0.19966350495815277
        ],
        [
            0.03723384812474251,
            -0.827304482460022,
            -0.19989292323589325
        ],
        [
            0.04684669151902199,
            -0.8203103542327881,
            -0.1926477551460266
        ],
        [
            0.05551286041736603,
            -0.8305876851081848,
            -0.19111667573451996
        ],
        [
            -0.005294717848300934,
            -0.8373427391052246,
            -0.1984976828098297
        ],
        [
            0.0005710646510124207,
            -0.8307473659515381,
            -0.2003222405910492
        ],
        [
            0.0030973106622695923,
            -0.8374484777450562,
            -0.2034314125776291
        ],
        [
            -0.0029768794775009155,
            -0.8432509899139404,
            -0.20075254142284393
        ],
        [
            -0.01749570667743683,
            -0.8461025953292847,
            -0.19861122965812683
        ],
        [
            -0.01514328271150589,
            -0.8521300554275513,
            -0.19769753515720367
        ],
        [
            -0.022559143602848053,
            -0.8550095558166504,
            -0.19910505414009094
        ],
        [
            -0.02484891563653946,
            -0.8480173349380493,
            -0.20129072666168213
        ],
        [
            -0.008845284581184387,
            -0.8323475122451782,
            -0.19397810101509094
        ],
        [
            -0.0022847428917884827,
            -0.8254861235618591,
            -0.1958817094564438
        ],
        [
            -0.010730832815170288,
            -0.8428720831871033,
            -0.19737021625041962
        ],
        [
            -0.012942366302013397,
            -0.8381497859954834,
            -0.19722001254558563
        ],
        [
            -0.02122185379266739,
            -0.8301264047622681,
            -0.20202890038490295
        ],
        [
            -0.019666098058223724,
            -0.8350279331207275,
            -0.20269319415092468
        ],
        [
            -0.026993505656719208,
            -0.8348139524459839,
            -0.20574542880058289
        ],
        [
            -0.026853784918785095,
            -0.8296167254447937,
            -0.20347782969474792
        ],
        [
            -0.013056479394435883,
            -0.8313140869140625,
            -0.19666451215744019
        ],
        [
            -0.014860458672046661,
            -0.8336081504821777,
            -0.19970275461673737
        ],
        [
            -0.017772242426872253,
            -0.8295357823371887,
            -0.19920380413532257
        ],
        [
            -0.016415581107139587,
            -0.8281349539756775,
            -0.19545307755470276
        ],
        [
            -0.019444122910499573,
            -0.8413950204849243,
            -0.19971519708633423
        ],
        [
            -0.026402167975902557,
            -0.841894268989563,
            -0.20333801209926605
        ],
        [
            -0.03420829772949219,
            -0.8419971466064453,
            -0.20640496909618378
        ],
        [
            -0.03457225114107132,
            -0.8330960273742676,
            -0.2081192582845688
        ],
        [
            0.015585590153932571,
            -0.8182191252708435,
            -0.1998850256204605
        ],
        [
            0.007521338760852814,
            -0.8243632316589355,
            -0.20121631026268005
        ],
        [
            0.0043109506368637085,
            -0.8195415139198303,
            -0.19730179011821747
        ],
        [
            0.010807313024997711,
            -0.8144751787185669,
            -0.19718624651432037
        ],
        [
            -0.012628227472305298,
            -0.8255212306976318,
            -0.19317759573459625
        ],
        [
            -0.0071430206298828125,
            -0.8094594478607178,
            -0.19275155663490295
        ],
        [
            -0.0077767521142959595,
            -0.8131742477416992,
            -0.19398465752601624
        ],
        [
            -0.015109032392501831,
            -0.8133360147476196,
            -0.1931971162557602
        ],
        [
            -0.01391436904668808,
            -0.809887707233429,
            -0.19232887029647827
        ],
        [
            0.027445178478956223,
            -0.8055993318557739,
            -0.19359293580055237
        ],
        [
            0.020210660994052887,
            -0.8036266565322876,
            -0.19355691969394684
        ],
        [
            0.02354702353477478,
            -0.7972648739814758,
            -0.1903846263885498
        ],
        [
            0.031484831124544144,
            -0.7982431650161743,
            -0.18880271911621094
        ],
        [
            0.023899521678686142,
            -0.7916712760925293,
            -0.18707069754600525
        ],
        [
            0.034374646842479706,
            -0.7910901308059692,
            -0.18404728174209595
        ],
        [
            0.029535993933677673,
            -0.7774825692176819,
            -0.1757553070783615
        ],
        [
            0.03249642997980118,
            -0.7834941148757935,
            -0.17950214445590973
        ],
        [
            0.021549269556999207,
            -0.7861281633377075,
            -0.18389306962490082
        ],
        [
            0.016088906675577164,
            -0.7806167006492615,
            -0.182011678814888
        ],
        [
            -0.0002259761095046997,
            -0.7838438153266907,
            -0.18137824535369873
        ],
        [
            -0.006466947495937347,
            -0.7821210622787476,
            -0.17953985929489136
        ],
        [
            0.0006656721234321594,
            -0.7705093026161194,
            -0.17886856198310852
        ],
        [
            0.008111964911222458,
            -0.7746264934539795,
            -0.18058186769485474
        ],
        [
            -0.003741160035133362,
            -0.8046244382858276,
            -0.18789654970169067
        ],
        [
            0.0010999590158462524,
            -0.8051925897598267,
            -0.18826839327812195
        ],
        [
            -0.0004479140043258667,
            -0.8061496019363403,
            -0.19045652449131012
        ],
        [
            -0.005919903516769409,
            -0.8066225051879883,
            -0.1905149668455124
        ],
        [
            0.005123540759086609,
            -0.8051551580429077,
            -0.18916136026382446
        ],
        [
            0.006883926689624786,
            -0.8050540685653687,
            -0.18963029980659485
        ],
        [
            0.0056916698813438416,
            -0.8060993552207947,
            -0.1906493455171585
        ],
        [
            0.0042997077107429504,
            -0.8058931231498718,
            -0.18963006138801575
        ],
        [
            0.002507038414478302,
            -0.8054571747779846,
            -0.1887643039226532
        ],
        [
            0.0018332526087760925,
            -0.8034491539001465,
            -0.18805168569087982
        ],
        [
            0.004313461482524872,
            -0.8042754530906677,
            -0.18881726264953613
        ],
        [
            -0.0025708675384521484,
            -0.802085816860199,
            -0.18776355683803558
        ],
        [
            -0.01673205941915512,
            -0.7984915971755981,
            -0.18548113107681274
        ],
        [
            -0.01310054212808609,
            -0.7991155385971069,
            -0.18681612610816956
        ],
        [
            -0.014383479952812195,
            -0.803862452507019,
            -0.18603025376796722
        ],
        [
            -0.01746039092540741,
            -0.8035715818405151,
            -0.18500083684921265
        ],
        [
            0.0029067546129226685,
            -0.8077396154403687,
            -0.19136083126068115
        ],
        [
            0.00491853803396225,
            -0.8091502785682678,
            -0.19298876821994781
        ],
        [
            -0.0006882175803184509,
            -0.8111535310745239,
            -0.1938020884990692
        ],
        [
            -0.0007004663348197937,
            -0.8086583614349365,
            -0.19191917777061462
        ],
        [
            0.0067998990416526794,
            -0.8109976053237915,
            -0.19493114948272705
        ],
        [
            0.0076560527086257935,
            -0.8073590993881226,
            -0.1919371336698532
        ],
        [
            0.010589882731437683,
            -0.8080740571022034,
            -0.19375941157341003
        ],
        [
            0.006815396249294281,
            -0.8032296299934387,
            -0.18894600868225098
        ],
        [
            0.010130010545253754,
            -0.8017471432685852,
            -0.18933121860027313
        ],
        [
            0.00944674015045166,
            -0.8041969537734985,
            -0.19094455242156982
        ],
        [
            0.008910506963729858,
            -0.7984753847122192,
            -0.18760336935520172
        ],
        [
            0.004562549293041229,
            -0.8011761903762817,
            -0.18770968914031982
        ],
        [
            0.000372081995010376,
            -0.7988147735595703,
            -0.18715985119342804
        ],
        [
            -0.005196519196033478,
            -0.7965577244758606,
            -0.18654796481132507
        ],
        [
            -0.0005417689681053162,
            -0.792333722114563,
            -0.18487051129341125
        ],
        [
            0.005029596388339996,
            -0.7952021360397339,
            -0.18618926405906677
        ],
        [
            0.0009736493229866028,
            -0.8151689767837524,
            -0.19540028274059296
        ],
        [
            0.01403958722949028,
            -0.8037830591201782,
            -0.19217026233673096
        ],
        [
            0.015780482441186905,
            -0.8100558519363403,
            -0.19561512768268585
        ],
        [
            0.015536308288574219,
            -0.7991980910301208,
            -0.1902986764907837
        ],
        [
            0.015063822269439697,
            -0.7949045300483704,
            -0.18768829107284546
        ],
        [
            0.012085866183042526,
            -0.7906689047813416,
            -0.18538115918636322
        ],
        [
            0.006035260856151581,
            -0.7869583368301392,
            -0.18330734968185425
        ],
        [
            0.011586256325244904,
            -0.7647308111190796,
            -0.16986243426799774
        ],
        [
            0.020114585757255554,
            -0.7702065706253052,
            -0.17308154702186584
        ],
        [
            -0.004650048911571503,
            -0.8831444978713989,
            -0.21637390553951263
        ],
        [
            0.004069983959197998,
            -0.8827265501022339,
            -0.21989840269088745
        ],
        [
            0.008315347135066986,
            -0.8764631748199463,
            -0.21456226706504822
        ],
        [
            0.009257607161998749,
            -0.8786828517913818,
            -0.21606986224651337
        ],
        [
            0.003156505525112152,
            -0.8793968558311462,
            -0.21562421321868896
        ],
        [
            0.003515996038913727,
            -0.8768702745437622,
            -0.21399813890457153
        ],
        [
            0.02945655584335327,
            -0.8723275661468506,
            -0.21056661009788513
        ],
        [
            0.022498592734336853,
            -0.8732585906982422,
            -0.21116837859153748
        ],
        [
            0.024365663528442383,
            -0.8698052763938904,
            -0.20960533618927002
        ],
        [
            0.032156165689229965,
            -0.865921676158905,
            -0.20978763699531555
        ],
        [
            0.015034370124340057,
            -0.8608968257904053,
            -0.20826981961727142
        ],
        [
            0.02038957178592682,
            -0.8628056049346924,
            -0.20890095829963684
        ],
        [
            0.014609567821025848,
            -0.8687699437141418,
            -0.2099929004907608
        ],
        [
            0.01071050763130188,
            -0.8673924803733826,
            -0.20956775546073914
        ],
        [
            0.006558306515216827,
            -0.8666353821754456,
            -0.20850159227848053
        ],
        [
            0.002538822591304779,
            -0.8664961457252502,
            -0.20680300891399384
        ],
        [
            0.0037664398550987244,
            -0.8614683151245117,
            -0.20526215434074402
        ],
        [
            0.009053677320480347,
            -0.8607302904129028,
            -0.20695507526397705
        ],
        [
            -0.003097720444202423,
            -0.8804662227630615,
            -0.2124941349029541
        ],
        [
            -0.008303172886371613,
            -0.8800549507141113,
            -0.20757004618644714
        ],
        [
            -0.006454683840274811,
            -0.8772861957550049,
            -0.2071954607963562
        ],
        [
            -0.0022924914956092834,
            -0.8773729801177979,
            -0.2116680145263672
        ],
        [
            -0.010209627449512482,
            -0.8727107048034668,
            -0.19538788497447968
        ],
        [
            -0.010225676000118256,
            -0.8748471736907959,
            -0.19747593998908997
        ],
        [
            -0.013942398130893707,
            -0.8760742545127869,
            -0.19631363451480865
        ],
        [
            -0.01352275162935257,
            -0.8718274831771851,
            -0.19422376155853271
        ],
        [
            -0.011436551809310913,
            -0.8687034845352173,
            -0.19517073035240173
        ],
        [
            -0.009328000247478485,
            -0.8708469867706299,
            -0.19622573256492615
        ],
        [
            -0.004215903580188751,
            -0.9370682239532471,
            -0.22304503619670868
        ],
        [
            -0.010575756430625916,
            -0.9194465279579163,
            -0.22265468537807465
        ],
        [
            0.016404300928115845,
            -0.9328001737594604,
            -0.22252465784549713
        ],
        [
            0.032159775495529175,
            -0.9250293374061584,
            -0.21788008511066437
        ],
        [
            0.04578607529401779,
            -0.9135376214981079,
            -0.21263571083545685
        ],
        [
            0.03688669949769974,
            -0.811485767364502,
            -0.1933969110250473
        ],
        [
            0.043475136160850525,
            -0.803942859172821,
            -0.1875218003988266
        ],
        [
            0.05597491189837456,
            -0.8139927983283997,
            -0.18499360978603363
        ],
        [
            0.05963689461350441,
            -0.8048244714736938,
            -0.17705276608467102
        ],
        [
            0.04662344232201576,
            -0.7947999238967896,
            -0.1807810664176941
        ],
        [
            0.04125601425766945,
            -0.7781151533126831,
            -0.16614389419555664
        ],
        [
            0.04601619392633438,
            -0.7856555581092834,
            -0.17332881689071655
        ],
        [
            0.06124411150813103,
            -0.796710729598999,
            -0.16636788845062256
        ],
        [
            0.07438057661056519,
            -0.8121169209480286,
            -0.16200387477874756
        ],
        [
            0.07036633789539337,
            -0.8172217607498169,
            -0.17382164299488068
        ],
        [
            0.08326242864131927,
            -0.8299950361251831,
            -0.15819966793060303
        ],
        [
            0.08040045201778412,
            -0.8072801828384399,
            -0.14688792824745178
        ],
        [
            0.08749455958604813,
            -0.8307792544364929,
            -0.14852017164230347
        ],
        [
            0.07426043599843979,
            -0.7698248028755188,
            -0.13106769323349
        ],
        [
            0.08043140172958374,
            -0.7592251300811768,
            -0.12418227642774582
        ],
        [
            0.09467306733131409,
            -0.7691463828086853,
            -0.11740580201148987
        ],
        [
            0.09006573259830475,
            -0.779473066329956,
            -0.12605464458465576
        ],
        [
            0.06433241069316864,
            -0.8234117031097412,
            -0.1827402561903
        ],
        [
            0.05348103493452072,
            -0.8829821348190308,
            -0.20423997938632965
        ],
        [
            0.04308929294347763,
            -0.8804715871810913,
            -0.21021439135074615
        ],
        [
            0.059160441160202026,
            -0.8716435432434082,
            -0.20006176829338074
        ],
        [
            0.0590069517493248,
            -0.9451501369476318,
            -0.20403900742530823
        ],
        [
            0.04474145919084549,
            -0.9365992546081543,
            -0.21270659565925598
        ],
        [
            0.056372806429862976,
            -0.9233084917068481,
            -0.20911897718906403
        ],
        [
            0.06857989728450775,
            -0.9331524968147278,
            -0.20153261721134186
        ],
        [
            0.027463309466838837,
            -0.9774868488311768,
            -0.20047670602798462
        ],
        [
            0.011449411511421204,
            -0.9597136974334717,
            -0.2148113250732422
        ],
        [
            0.02709110826253891,
            -0.9499228000640869,
            -0.21425268054008484
        ],
        [
            0.0415460541844368,
            -0.9636690020561218,
            -0.2040625661611557
        ],
        [
            0.0777418315410614,
            -0.9376839995384216,
            -0.19301946461200714
        ],
        [
            0.09040512144565582,
            -0.9436159729957581,
            -0.18012407422065735
        ],
        [
            0.08894544839859009,
            -0.9612393379211426,
            -0.17666639387607574
        ],
        [
            0.07314543426036835,
            -0.9552855491638184,
            -0.19178122282028198
        ],
        [
            0.08112441748380661,
            -0.9829680919647217,
            -0.1682063639163971
        ],
        [
            0.0621204674243927,
            -0.9767687320709229,
            -0.18681855499744415
        ],
        [
            0.09487683326005936,
            -0.8194653987884521,
            -0.13385628163814545
        ],
        [
            0.09490887075662613,
            -0.837883472442627,
            -0.1392384171485901
        ],
        [
            0.08341886103153229,
            -0.7919231653213501,
            -0.1363033503293991
        ],
        [
            0.09658744931221008,
            -0.803253173828125,
            -0.12677830457687378
        ],
        [
            0.06852927803993225,
            -1.0006622076034546,
            -0.15597501397132874
        ],
        [
            0.046363770961761475,
            -0.9937387704849243,
            -0.17915847897529602
        ],
        [
            0.11621994525194168,
            -0.9351104497909546,
            -0.13147908449172974
        ],
        [
            0.11096746474504471,
            -0.9503694176673889,
            -0.14389251172542572
        ],
        [
            0.1068633571267128,
            -0.9335799217224121,
