{
    "pred_cam": [
        1.1164987087249756,
        -0.01453600637614727,
        0.1632910668849945
    ],
    "pred_smpl_params": {
        "global_orient": [
            [
                [
                    0.9867278337478638,
                    0.14193636178970337,
                    -0.07888217270374298
                ],
                [
                    0.1444762796163559,
                    -0.9891273379325867,
                    0.02745385654270649
                ],
                [
                    -0.07412781566381454,
                    -0.03848608210682869,
                    -0.9965059161186218
                ]
            ]
        ],
        "body_pose": [
            [
                [
                    0.997330367565155,
                    -0.06980455666780472,
                    0.021433567628264427
                ],
                [
                    0.06407700479030609,
                    0.9773817658424377,
                    0.2015416920185089
                ],
                [
                    -0.035017307847738266,
                    -0.1996302604675293,
                    0.9792453646659851
                ]
            ],
            [
                [
                    0.9977224469184875,
                    0.02797248587012291,
                    0.061379242688417435
                ],
                [
                    -0.04039674997329712,
                    0.9765164852142334,
                    0.21162156760692596
                ],
                [
                    -0.05401826277375221,
                    -0.21361911296844482,
                    0.9754224419593811
                ]
            ],
            [
                [
                    0.9996616244316101,
                    0.01730966381728649,
                    -0.019414236769080162
                ],
                [
                    -0.02075888216495514,
                    0.9806765913963318,
                    -0.19453145563602448
                ],
                [
                    0.01567181386053562,
                    0.19486866891384125,
                    0.9807040691375732
                ]
            ],
            [
                [
                    0.9942457675933838,
                    0.01572779379785061,
                    -0.1059616431593895
                ],
                [
                    -0.07783341407775879,
                    0.7856959700584412,
                    -0.6136967539787292
                ],
                [
                    0.07360157370567322,
                    0.6184128522872925,
                    0.78239905834198
                ]
            ],
            [
                [
                    0.9903088808059692,
                    -0.01037666667252779,
                    0.138494074344635
                ],
                [
                    0.09413596242666245,
                    0.7833331227302551,
                    -0.6144327521324158
                ],
                [
                    -0.10211122781038284,
                    0.6215155124664307,
                    0.7767185568809509
                ]
            ],
            [
                [
                    0.9978209137916565,
                    -0.06389455497264862,
                    -0.01646261475980282
                ],
                [
                    0.06452740728855133,
                    0.9970605373382568,
                    0.04130919277667999
                ],
                [
                    0.013774792663753033,
                    -0.042281460016965866,
                    0.9990108013153076
                ]
            ],
            [
                [
                    0.9854146838188171,
                    0.06893795728683472,
                    0.15558111667633057
                ],
                [
                    -0.08514849096536636,
                    0.9913321733474731,
                    0.10005178302526474
                ],
                [
                    -0.14733518660068512,
                    -0.11183999478816986,
                    0.9827432632446289
                ]
            ],
            [
                [
                    0.9817010164260864,
                    -0.09512841701507568,
                    -0.1649661660194397
                ],
                [
                    0.09441172331571579,
                    0.9954584836959839,
                    -0.012198266573250294
                ],
                [
                    0.16537737846374512,
                    -0.0035996928345412016,
                    0.9862238168716431
                ]
            ],
            [
                [
                    0.9988786578178406,
                    -0.039467960596084595,
                    -0.026147376745939255
                ],
                [
                    0.03660321980714798,
                    0.9940893054008484,
                    -0.10220909863710403
                ],
                [
                    0.030026810243725777,
                    0.10113741457462311,
                    0.9944192171096802
                ]
            ],
            [
                [
                    0.9794443249702454,
                    -0.201657235622406,
                    0.00480754766613245
                ],
                [
                    0.19751319289207458,
                    0.963610827922821,
                    0.18011868000030518
                ],
                [
                    -0.040954846888780594,
                    -0.17546668648719788,
                    0.9836331009864807
                ]
            ],
            [
                [
                    0.9798102378845215,
                    0.19879832863807678,
                    0.021239379420876503
                ],
                [
                    -0.19838593900203705,
                    0.9535664319992065,
                    0.22661428153514862
                ],
                [
                    0.024797383695840836,
                    -0.22625258564949036,
                    0.9737529158592224
                ]
            ],
            [
                [
                    0.9604458808898926,
                    -0.1110927164554596,
                    -0.25534725189208984
                ],
                [
                    0.11996579170227051,
                    0.9925886392593384,
                    0.01939036138355732
                ],
                [
                    0.2513006627559662,
                    -0.049256324768066406,
                    0.9666550159454346
                ]
            ],
            [
                [
                    0.9113330841064453,
                    0.3754424452781677,
                    0.168863907456398
                ],
                [
                    -0.36199823021888733,
                    0.9261815547943115,
                    -0.10556983202695847
                ],
                [
                    -0.1960340291261673,
                    0.035080842673778534,
                    0.9799693822860718
                ]
            ],
            [
                [
                    0.9249539375305176,
                    -0.3435266315937042,
                    -0.16263392567634583
                ],
                [
                    0.34524449706077576,
                    0.9383307099342346,
                    -0.018485279753804207
                ],
                [
                    0.15895459055900574,
                    -0.03905043751001358,
                    0.9865133762359619
                ]
            ],
            [
                [
                    0.9661700129508972,
                    -0.11975710093975067,
                    -0.2284160852432251
                ],
                [
                    0.07255446165800095,
                    0.9760972261428833,
                    -0.20486584305763245
                ],
                [
                    0.24749045073986053,
                    0.1813625991344452,
                    0.9517647624015808
                ]
            ],
            [
                [
                    0.49352097511291504,
                    0.8586278557777405,
                    -0.13854709267616272
                ],
                [
                    -0.8694602251052856,
                    0.4910615384578705,
                    -0.05382857099175453
                ],
                [
                    0.021816436201334,
                    0.14702671766281128,
                    0.9888918995857239
                ]
            ],
            [
                [
                    0.5353848338127136,
                    -0.8122837543487549,
                    0.231426402926445
                ],
                [
                    0.8360956907272339,
                    0.548509418964386,
                    -0.009020575322210789
                ],
                [
                    -0.11961231380701065,
                    0.19832409918308258,
                    0.9728105664253235
                ]
            ],
            [
                [
                    0.49560344219207764,
                    -0.33570197224617004,
                    -0.8010501861572266
                ],
                [
                    0.32867875695228577,
                    0.926186740398407,
                    -0.1847929209470749
                ],
                [
                    0.8039574027061462,
                    -0.17170415818691254,
                    0.5693594217300415
                ]
            ],
            [
                [
                    -0.06186620146036148,
                    0.41878607869148254,
                    0.9059750437736511
                ],
                [
                    -0.3472500741481781,
                    0.8419734835624695,
                    -0.4129140377044678
                ],
                [
                    -0.9357296228408813,
                    -0.3401453197002411,
                    0.09333380311727524
                ]
            ],
            [
                [
                    0.9954177141189575,
                    -0.09504248946905136,
                    0.010507688857614994
                ],
                [
                    0.09352156519889832,
                    0.9905643463134766,
                    0.10017978399991989
                ],
                [
                    -0.019929876551032066,
                    -0.09873804450035095,
                    0.9949138164520264
                ]
            ],
            [
                [
                    0.9822786450386047,
                    0.1861354261636734,
                    0.021962076425552368
                ],
                [
                    -0.18741875886917114,
                    0.9744000434875488,
                    0.12417265772819519
                ],
                [
                    0.001713080913759768,
                    -0.1260882467031479,
                    0.9920176267623901
                ]
            ],
            [
                [
                    0.961855947971344,
                    0.25502079725265503,
                    -0.0989825427532196
                ],
                [
                    -0.23993946611881256,
                    0.9602752923965454,
                    0.14247946441173553
                ],
                [
                    0.13138572871685028,
                    -0.11329490691423416,
                    0.9848360419273376
                ]
            ],
            [
                [
                    0.9644610285758972,
                    -0.25372314453125,
                    0.07375296205282211
                ],
                [
                    0.24481429159641266,
                    0.9631003737449646,
                    0.11181946843862534
                ],
                [
                    -0.09940269589424133,
                    -0.0897897332906723,
                    0.9909878373146057
                ]
            ]
        ],
        "betas": [
            0.022816121578216553,
            -0.07219409942626953,
            0.24197211861610413,
            0.45586201548576355,
            0.024912595748901367,
            0.005413118749856949,
            0.019879013299942017,
            -0.04561036825180054,
            0.0447947233915329,
            0.003040879964828491
        ]
    },
    "pred_cam_t": [
        -0.01453600637614727,
        0.1632910668849945,
        34.98660659790039
    ],
    "focal_length": [
        5000.0,
        5000.0
    ],
    "pred_keypoints_3d": [
        [
            -0.04846559464931488,
            -0.8094224333763123,
            -0.18799082934856415
        ],
        [
            0.05153563618659973,
            -0.7388882637023926,
            -0.037232689559459686
        ],
        [
            -0.12436985969543457,
            -0.6627172827720642,
            0.038776807487010956
        ],
        [
            -0.17666712403297424,
            -0.42900121212005615,
            0.1204715222120285
        ],
        [
            -0.2909202575683594,
            -0.4165074825286865,
            -0.1059453934431076
        ],
        [
            0.22497907280921936,
            -0.636582612991333,
            -0.020136842504143715
        ],
        [
            0.24633415043354034,
            -0.40689578652381897,
            0.09883837401866913
        ],
        [
            0.31869184970855713,
            -0.22600403428077698,
            -0.05518016219139099
        ],
        [
            -0.002146665472537279,
            -0.22947221994400024,
            0.028262294828891754
        ],
        [
            -0.08103512972593307,
            -0.14934669435024261,
            0.04098334535956383
        ],
        [
            -0.1877344846725464,
            0.21270979940891266,
            -0.01569146290421486
        ],
        [
            -0.22924475371837616,
            0.5367838740348816,
            0.21091097593307495
        ],
        [
            0.053348008543252945,
            -0.1287548989057541,
            0.033330753445625305
        ],
        [
            0.05562722682952881,
            0.23979370296001434,
            -0.026166368275880814
        ],
        [
            0.023690734058618546,
            0.5629790425300598,
            0.20243985950946808
        ],
        [
            -0.05932775139808655,
            -0.8563897609710693,
            -0.14904722571372986
        ],
        [
            -0.009996965527534485,
            -0.8566404581069946,
            -0.19374488294124603
        ],
        [
            -0.027676314115524292,
            -0.8666213750839233,
            -0.05095794424414635
        ],
        [
            0.08443433046340942,
            -0.8665400743484497,
            -0.14923357963562012
        ],
        [
            0.008085429668426514,
            0.6854767799377441,
            0.044513776898384094
        ],
        [
            0.0774463340640068,
            0.678565502166748,
            0.09241071343421936
        ],
        [
            0.02913608029484749,
            0.573662281036377,
            0.27285903692245483
        ],
        [
            -0.24172265827655792,
            0.6676335334777832,
            0.06328999996185303
        ],
        [
            -0.3132244646549225,
            0.6433703899383545,
            0.10941663384437561
        ],
        [
            -0.23259103298187256,
            0.5495461821556091,
            0.28415459394454956
        ],
        [
            -0.2431093156337738,
            0.4796578288078308,
            0.21119365096092224
        ],
        [
            -0.17305658757686615,
            0.15284091234207153,
            -0.016687607392668724
        ],
        [
            -0.14145511388778687,
            -0.2849748730659485,
            0.04993610084056854
        ],
        [
            0.145858034491539,
            -0.22645333409309387,
            0.042265743017196655
        ],
        [
            0.06912000477313995,
            0.20078159868717194,
            -0.026857243850827217
        ],
        [
            0.03703220933675766,
            0.5230708122253418,
            0.20983825623989105
        ],
        [
            -0.2678842544555664,
            -0.4474290609359741,
            -0.09633421897888184
        ],
        [
            -0.20796358585357666,
            -0.4625122845172882,
            0.1091679036617279
        ],
        [
            -0.08977672457695007,
            -0.6883563995361328,
            0.02170933037996292
        ],
        [
            0.19361914694309235,
            -0.6705582141876221,
            -0.024388819932937622
        ],
        [
            0.2852179706096649,
            -0.43050992488861084,
            0.06537187844514847
        ],
        [
            0.3219720721244812,
            -0.24983899295330048,
            -0.057449497282505035
        ],
        [
            0.05363989993929863,
            -0.7317889332771301,
            -0.032494205981492996
        ],
        [
            0.010971585288643837,
            -0.9144403338432312,
            -0.12352880090475082
        ],
        [
            0.0030014109797775745,
            -0.2555108964443207,
            0.04570414498448372
        ],
        [
            0.05070705711841583,
            -0.6769222021102905,
            -0.005397303495556116
        ],
        [
            0.042556677013635635,
            -0.5000215172767639,
            0.029047086834907532
        ],
        [
            0.008942564949393272,
            -0.8005474805831909,
            -0.1324446201324463
        ],
        [
            0.009417807683348656,
            -0.9350612163543701,
            -0.11661480367183685
        ]
    ],
    "pred_vertices": [
        [
            -0.008094236254692078,
            -0.901508092880249,
            -0.21098075807094574
        ],
        [
            -0.01438158005475998,
            -0.8861695528030396,
            -0.20923839509487152
        ],
        [
            0.0001545548439025879,
            -0.8850110769271851,
            -0.20944687724113464
        ],
        [
            0.008748464286327362,
            -0.8974326848983765,
            -0.20789635181427002
        ],
        [
            -0.004880830645561218,
            -0.8749353885650635,
            -0.20890559256076813
        ],
        [
            -0.017238155007362366,
            -0.8747265934944153,
            -0.20749309659004211
        ],
        [
            0.013085804879665375,
            -0.8815904855728149,
            -0.20486238598823547
        ],
        [
            0.022524483501911163,
            -0.8902813196182251,
            -0.20191362500190735
        ],
        [
            0.029704365879297256,
            -0.8494815826416016,
            -0.1931111365556717
        ],
        [
            0.03958822414278984,
            -0.8468977212905884,
            -0.18763253092765808
        ],
        [
            0.037083208560943604,
            -0.8585258722305298,
            -0.1915307193994522
        ],
        [
            0.027245700359344482,
            -0.8580138683319092,
            -0.1949721723794937
        ],
        [
            0.035988643765449524,
            -0.8249244689941406,
            -0.18489286303520203
        ],
        [
            0.027298394590616226,
            -0.8139857053756714,
            -0.18543273210525513
        ],
        [
            0.03694296255707741,
            -0.8073805570602417,
            -0.17788612842559814
        ],
        [
            0.04516950994729996,
            -0.817914605140686,
            -0.1759975254535675
        ],
        [
            -0.01540566235780716,
            -0.8222395181655884,
            -0.18483103811740875
        ],
        [
            -0.00932968407869339,
            -0.8159489631652832,
            -0.1865721344947815
        ],
        [
            -0.00698784738779068,
            -0.8227139711380005,
            -0.18965813517570496
        ],
        [
            -0.013288721442222595,
            -0.8282362222671509,
            -0.1870407909154892
        ],
        [
            -0.027809999883174896,
            -0.8304775953292847,
            -0.1849210560321808
        ],
        [
            -0.025759249925613403,
            -0.8365864157676697,
            -0.18400833010673523
        ],
        [
            -0.03320235759019852,
            -0.8391970992088318,
            -0.18537183105945587
        ],
        [
            -0.03512312471866608,
            -0.8321669101715088,
            -0.18754006922245026
        ],
        [
            -0.018774233758449554,
            -0.817130446434021,
            -0.18027406930923462
        ],
        [
            -0.012012816965579987,
            -0.8106600046157837,
            -0.18205547332763672
        ],
        [
            -0.020989641547203064,
            -0.8274993896484375,
            -0.18372277915477753
        ],
        [
            -0.022975370287895203,
            -0.8227143287658691,
            -0.18350861966609955
        ],
        [
            -0.030773617327213287,
            -0.8145000338554382,
            -0.18823258578777313
        ],
        [
            -0.029394187033176422,
            -0.8194525837898254,
            -0.18888521194458008
        ],
        [
            -0.03660726547241211,
            -0.8190157413482666,
            -0.19196376204490662
        ],
        [
            -0.0362977460026741,
            -0.8138090372085571,
            -0.18973439931869507
        ],
        [
            -0.02284051477909088,
            -0.8159424662590027,
            -0.18287771940231323
        ],
        [
            -0.024634085595607758,
            -0.8181546926498413,
            -0.18588373064994812
        ],
        [
            -0.027396582067012787,
            -0.8140031099319458,
            -0.18539901077747345
        ],
        [
            -0.02608579397201538,
            -0.812658429145813,
            -0.1816571056842804
        ],
        [
            -0.02949206531047821,
            -0.8257350921630859,
            -0.18595772981643677
        ],
        [
            -0.0363524928689003,
            -0.8260278701782227,
            -0.18956588208675385
        ],
        [
            -0.04403199255466461,
            -0.8258973956108093,
            -0.19262278079986572
        ],
        [
            -0.04401811212301254,
            -0.8170976638793945,
            -0.19439128041267395
        ],
        [
            0.006037600338459015,
            -0.8041452169418335,
            -0.18587082624435425
        ],
        [
            -0.002161972224712372,
            -0.8098949193954468,
            -0.18735694885253906
        ],
        [
            -0.005231715738773346,
            -0.8050388097763062,
            -0.18338587880134583
        ],
        [
            0.0013961642980575562,
            -0.8002976179122925,
            -0.18313591182231903
        ],
        [
            -0.022291630506515503,
            -0.8102577328681946,
            -0.17938388884067535
        ],
        [
            -0.016296766698360443,
            -0.794655442237854,
            -0.17896291613578796
        ],
        [
            -0.017017237842082977,
            -0.7982932329177856,
            -0.18012233078479767
        ],
        [
            -0.02435469627380371,
            -0.7981899380683899,
            -0.17943602800369263
        ],
        [
            -0.0230817049741745,
            -0.794837474822998,
            -0.178653746843338
        ],
        [
            0.01814187690615654,
            -0.7921696901321411,
            -0.17929919064044952
        ],
        [
            0.01100999116897583,
            -0.7899814248085022,
            -0.1792784184217453
        ],
        [
            0.014443844556808472,
            -0.7838526964187622,
            -0.1760781705379486
        ],
        [
            0.02223844826221466,
            -0.785064697265625,
            -0.17446503043174744
        ],
        [
            0.014822084456682205,
            -0.7784035801887512,
            -0.1728000044822693
        ],
        [
            0.025198623538017273,
            -0.7781486511230469,
            -0.16964665055274963
        ],
        [
            0.020747791975736618,
            -0.7645617723464966,
            -0.16144011914730072
        ],
        [
            0.02351408079266548,
            -0.7705563306808472,
            -0.1651894897222519
        ],
        [
            0.012642215937376022,
            -0.7728619575500488,
            -0.16966186463832855
        ],
        [
            0.007377810776233673,
            -0.7672295570373535,
            -0.16785430908203125
        ],
        [
            -0.008874945342540741,
            -0.7696808576583862,
            -0.16761474311351776
        ],
        [
            -0.014991067349910736,
            -0.7677167654037476,
            -0.16586549580097198
        ],
        [
            -0.0075683146715164185,
            -0.7565493583679199,
            -0.16501858830451965
        ],
        [
            -0.0003597065806388855,
            -0.7609872817993164,
            -0.1665528565645218
        ],
        [
            -0.012861117720603943,
            -0.7899940609931946,
            -0.174151211977005
        ],
        [
            -0.008057110011577606,
            -0.790752649307251,
            -0.17442575097084045
        ],
        [
            -0.009568050503730774,
            -0.7916279435157776,
            -0.17663300037384033
        ],
        [
            -0.015030786395072937,
            -0.7918953895568848,
            -0.17679333686828613
        ],
        [
            -0.004076935350894928,
            -0.7908908128738403,
            -0.17522647976875305
        ],
        [
            -0.0023217499256134033,
            -0.790841817855835,
            -0.1756550520658493
        ],
        [
            -0.0034892484545707703,
            -0.7918092012405396,
            -0.1766883283853531
        ],
        [
            -0.004882253706455231,
            -0.7915503978729248,
            -0.17571446299552917
        ],
        [
            -0.006685607135295868,
            -0.7910676002502441,
            -0.17489168047904968
        ],
        [
            -0.007310159504413605,
            -0.789096474647522,
            -0.17419648170471191
        ],
        [
            -0.004874654114246368,
            -0.7900165319442749,
            -0.17490516602993011
        ],
        [
            -0.011654287576675415,
            -0.7876096367835999,
            -0.1739884912967682
        ],
        [
            -0.02563735842704773,
            -0.783358097076416,
            -0.17204898595809937
        ],
        [
            -0.0220322385430336,
            -0.7841832637786865,
            -0.17329858243465424
        ],
        [
            -0.023462846875190735,
            -0.7887670993804932,
            -0.17250989377498627
        ],
        [
            -0.026548229157924652,
            -0.7883309721946716,
            -0.17154163122177124
        ],
        [
            -0.0062761083245277405,
            -0.793295681476593,
            -0.17743100225925446
        ],
        [
            -0.004285164177417755,
            -0.7948026657104492,
            -0.17896521091461182
        ],
        [
            -0.009891301393508911,
            -0.796594500541687,
            -0.17983509600162506
        ],
        [
            -0.00986684113740921,
            -0.7941155433654785,
            -0.17802394926548004
        ],
        [
            -0.002479374408721924,
            -0.7966899871826172,
            -0.1808876246213913
        ],
        [
            -0.001568913459777832,
            -0.7931454181671143,
            -0.1779000163078308
        ],
        [
            0.0013153180480003357,
            -0.7939568758010864,
            -0.17966428399085999
        ],
        [
            -0.0023599937558174133,
            -0.7890841364860535,
            -0.1749863475561142
        ],
        [
            0.0009619668126106262,
            -0.7877513766288757,
            -0.17527702450752258
        ],
        [
            0.00025722384452819824,
            -0.7901016473770142,
            -0.17690838873386383
        ],
        [
            -0.00018066167831420898,
            -0.7845027446746826,
            -0.17361818253993988
        ],
        [
            -0.004560105502605438,
            -0.7869958877563477,
            -0.1738164871931076
        ],
        [
            -0.008657775819301605,
            -0.7845392227172852,
            -0.17336326837539673
        ],
        [
            -0.014134861528873444,
            -0.7820658683776855,
            -0.17291314899921417
        ],
        [
            -0.00941864401102066,
            -0.7780774235725403,
            -0.17118065059185028
        ],
        [
            -0.0039478689432144165,
            -0.7811293601989746,
            -0.17232957482337952
        ],
        [
            -0.008368045091629028,
            -0.800584077835083,
            -0.18141481280326843
        ],
        [
            0.004859939217567444,
            -0.7899006605148315,
            -0.17799732089042664
        ],
        [
            0.006445258855819702,
            -0.7961466908454895,
            -0.18144017457962036
        ],
        [
            0.006428763270378113,
            -0.785456657409668,
            -0.1761072427034378
        ],
        [
            0.006012275815010071,
            -0.7812225818634033,
            -0.17355312407016754
        ],
        [
            0.0031415075063705444,
            -0.776975691318512,
            -0.17134562134742737
        ],
        [
            -0.002749204635620117,
            -0.7730317115783691,
            -0.1694507747888565
        ],
        [
            0.0032791346311569214,
            -0.7511062622070312,
            -0.15596170723438263
        ],
        [
            0.011599544435739517,
            -0.7569509744644165,
            -0.1589878797531128
        ],
        [
            -0.016218945384025574,
            -0.8681652545928955,
            -0.2021932154893875
        ],
        [
            -0.007467024028301239,
            -0.8680887818336487,
            -0.20558053255081177
        ],
        [
            -0.0030797794461250305,
            -0.861894428730011,
            -0.20029698312282562
        ],
        [
            -0.0021889954805374146,
            -0.8642001152038574,
            -0.20175041258335114
        ],
        [
            -0.00832049548625946,
            -0.8646460771560669,
            -0.20139366388320923
        ],
        [
            -0.007892079651355743,
            -0.8621346950531006,
            -0.19979619979858398
        ],
        [
            0.018068857491016388,
            -0.8585683703422546,
            -0.19587257504463196
        ],
        [
            0.011110223829746246,
            -0.8592194318771362,
            -0.1966453492641449
        ],
        [
            0.013071134686470032,
            -0.8558453321456909,
            -0.19508635997772217
        ],
        [
            0.02101226896047592,
            -0.8522818684577942,
            -0.1951349824666977
        ],
        [
            0.004082106053829193,
            -0.8466521501541138,
            -0.19403044879436493
        ],
        [
            0.009341888129711151,
            -0.8487478494644165,
            -0.19455590844154358
        ],
        [
            0.0033744648098945618,
            -0.8544880151748657,
            -0.19566267728805542
        ],
        [
            -0.0004558563232421875,
            -0.8529536724090576,
            -0.195340096950531
        ],
        [
            -0.004576139152050018,
            -0.8519976139068604,
            -0.1943795084953308
        ],
        [
            -0.008602894842624664,
            -0.8516775369644165,
            -0.1927499771118164
        ],
        [
            -0.007216304540634155,
            -0.8466976284980774,
            -0.1912413388490677
        ],
        [
            -0.001896485686302185,
            -0.846218466758728,
            -0.19283831119537354
        ],
        [
            -0.014660283923149109,
            -0.8654057383537292,
            -0.19837906956672668
        ],
        [
            -0.019961155951023102,
            -0.864733099937439,
            -0.19356118142604828
        ],
        [
            -0.01803780347108841,
            -0.8620153665542603,
            -0.193195641040802
        ],
        [
            -0.01378002017736435,
            -0.8623103499412537,
            -0.19761909544467926
        ],
        [
            -0.021778687834739685,
            -0.8571388721466064,
            -0.18155887722969055
        ],
        [
            -0.02186570316553116,
            -0.8592751026153564,
            -0.1836310178041458
        ],
        [
            -0.02561093121767044,
            -0.8603299260139465,
            -0.18255522847175598
        ],
        [
            -0.0250399187207222,
            -0.8561480641365051,
            -0.1804794818162918
        ],
        [
            -0.02281598001718521,
            -0.8531486988067627,
            -0.18136915564537048
        ],
        [
            -0.020782247185707092,
            -0.8553533554077148,
            -0.18235963582992554
        ],
        [
            -0.017620041966438293,
            -0.9226162433624268,
            -0.20825380086898804
        ],
        [
            -0.023548275232315063,
            -0.9046677350997925,
            -0.20836129784584045
        ],
        [
            0.0030161067843437195,
            -0.9191209077835083,
            -0.2073872685432434
        ],
        [
            0.019008316099643707,
            -0.9118347764015198,
            -0.20265346765518188
        ],
        [
            0.03286662697792053,
            -0.9006935358047485,
            -0.19712574779987335
        ],
        [
            0.02733299508690834,
            -0.7983332872390747,
            -0.1788945496082306
        ],
        [
            0.034002307802438736,
            -0.7911039590835571,
            -0.17297407984733582
        ],
        [
            0.04607222229242325,
            -0.8014479875564575,
            -0.17000490427017212
        ],
        [
            0.04977291449904442,
            -0.792587399482727,
            -0.16211766004562378
        ],
        [
            0.03728190064430237,
            -0.7822054624557495,
            -0.16623468697071075
        ],
        [
            0.0322713740170002,
            -0.765367865562439,
            -0.1518174111843109
        ],
        [
            0.036847058683633804,
            -0.7730375528335571,
            -0.1588931381702423
        ],
        [
            0.05135365203022957,
            -0.7846609354019165,
            -0.15159910917282104
        ],
        [
            0.06375502049922943,
            -0.8003442883491516,
            -0.14684849977493286
        ],
        [
            0.05987299606204033,
            -0.8051778078079224,
            -0.15845392644405365
        ],
        [
            0.07187163829803467,
            -0.8184046149253845,
            -0.1430027335882187
        ],
        [
            0.06945514678955078,
            -0.795723557472229,
            -0.1319611668586731
        ],
        [
            0.0756618082523346,
            -0.8193801641464233,
            -0.13344404101371765
        ],
        [
            0.06419052928686142,
            -0.758711040019989,
            -0.11749288439750671
        ],
        [
            0.07042839378118515,
            -0.7486271858215332,
            -0.11114004254341125
        ],
        [
            0.08402702212333679,
            -0.7587940096855164,
            -0.1042296439409256
        ],
        [
            0.07938653975725174,
            -0.7687724828720093,
            -0.11229981482028961
        ],
        [
            0.053988002240657806,
            -0.8110617399215698,
            -0.1674049347639084
        ],
        [
            0.041425276547670364,
            -0.8703170418739319,
            -0.18890444934368134
        ],
        [
            0.03128834068775177,
            -0.8674346208572388,
            -0.19504159688949585
        ],
        [
            0.04740917310118675,
            -0.8591621518135071,
            -0.18476243317127228
        ],
        [
            0.04494533687829971,
            -0.933101236820221,
            -0.18773531913757324
        ],
        [
            0.03110460937023163,
            -0.9239502549171448,
            -0.19677773118019104
        ],
        [
            0.043053269386291504,
            -0.91096031665802,
            -0.1931527554988861
        ],
        [
            0.054701730608940125,
            -0.9212040901184082,
            -0.1851176619529724
        ],
        [
            0.012447662651538849,
            -0.964389443397522,
            -0.18455155193805695
        ],
        [
            -0.0028833746910095215,
            -0.9460451006889343,
            -0.19953279197216034
        ],
        [
            0.013115182518959045,
            -0.9367238879203796,
            -0.1987239420413971
        ],
        [
            0.0270574688911438,
            -0.9511203765869141,
            -0.18806476891040802
        ],
        [
            0.06378387659788132,
            -0.9260633587837219,
            -0.17641472816467285
        ],
        [
            0.07596226036548615,
            -0.9322783946990967,
            -0.16322959959506989
        ],
        [
            0.07385440170764923,
            -0.9495723247528076,
            -0.15909065306186676
        ],
        [
            0.058612726628780365,
            -0.9436080455780029,
            -0.17472553253173828
        ],
        [
            0.06505341827869415,
            -0.9707893133163452,
            -0.15042895078659058
        ],
        [
            0.04687061905860901,
            -0.9643728733062744,
            -0.1697503924369812
        ],
        [
            0.0830891877412796,
            -0.8082572817802429,
            -0.11903567612171173
        ],
        [
            0.08269806951284409,
            -0.8266744613647461,
            -0.12422354519367218
        ],
        [
            0.07266596704721451,
            -0.7807378768920898,
            -0.12199793756008148
        ],
        [
            0.08512216061353683,
            -0.7924002408981323,
            -0.11238905787467957
        ],
        [
            0.05159284919500351,
            -0.9871970415115356,
            -0.13819995522499084
        ],
        [
            0.030523128807544708,
            -0.9805147051811218,
            -0.1620824933052063
        ],
        [
            0.10034145414829254,
            -0.9241201877593994,
            -0.11434037983417511
        ],
        [
            0.095056913793087,
            -0.9392879009246826,
            -0.12631312012672424
        ],
        [
            0.09200559556484222,
