{
    "pred_cam": [
        1.5456392765045166,
        0.06754925847053528,
        0.3224490284919739
    ],
    "pred_smpl_params": {
        "global_orient": [
            [
                [
                    -0.609055757522583,
                    0.08278848230838776,
                    -0.7887946963310242
                ],
                [
                    0.21645396947860718,
                    -0.9394332766532898,
                    -0.26573050022125244
                ],
                [
                    -0.7630195021629333,
                    -0.3325824439525604,
                    0.5542473793029785
                ]
            ]
        ],
        "body_pose": [
            [
                [
                    0.9957059025764465,
                    0.06017700955271721,
                    0.0703464224934578
                ],
                [
                    -0.07553447782993317,
                    0.9674440026283264,
                    0.24155069887638092
                ],
                [
                    -0.05352041870355606,
                    -0.24582698941230774,
                    0.9678351283073425
                ]
            ],
            [
                [
                    0.9854479432106018,
                    0.12704800069332123,
                    -0.11292055994272232
                ],
                [
                    -0.1059977114200592,
                    0.9786556959152222,
                    0.1760617047548294
                ],
                [
                    0.1328786015510559,
                    -0.16153034567832947,
                    0.9778810143470764
                ]
            ],
            [
                [
                    0.9954083561897278,
                    -0.03909521922469139,
                    0.08737147599458694
                ],
                [
                    0.06093127280473709,
                    0.9627658128738403,
                    -0.2633805572986603
                ],
                [
                    -0.07382135093212128,
                    0.2674948573112488,
                    0.9607272744178772
                ]
            ],
            [
                [
                    0.9824507236480713,
                    0.17075897753238678,
                    0.0750463455915451
                ],
                [
                    -0.15555664896965027,
                    0.9721129536628723,
                    -0.17549516260623932
                ],
                [
                    -0.10292089730501175,
                    0.16074138879776,
                    0.9816157817840576
                ]
            ],
            [
                [
                    0.9958271980285645,
                    -0.06636570394039154,
                    -0.06264074891805649
                ],
                [
                    0.05480945482850075,
                    0.9837579131126404,
                    -0.17092791199684143
                ],
                [
                    0.07296707481145859,
                    0.16678135097026825,
                    0.9832903742790222
                ]
            ],
            [
                [
                    0.9954659342765808,
                    -0.03353239595890045,
                    0.08901219069957733
                ],
                [
                    0.03439493104815483,
                    0.9993749260902405,
                    -0.008173556998372078
                ],
                [
                    -0.08868246525526047,
                    0.011198065243661404,
                    0.9959970116615295
                ]
            ],
            [
                [
                    0.9856010675430298,
                    -0.0016523010563105345,
                    0.16907930374145508
                ],
                [
                    0.000641931255813688,
                    0.9999815821647644,
                    0.006030200980603695
                ],
                [
                    -0.16908615827560425,
                    -0.0058348351158201694,
                    0.9855839610099792
                ]
            ],
            [
                [
                    0.9791949391365051,
                    0.027491675689816475,
                    -0.20105086266994476
                ],
                [
                    -0.026179499924182892,
                    0.9996150732040405,
                    0.00918304268270731
                ],
                [
                    0.20122593641281128,
                    -0.0037285778671503067,
                    0.9795377254486084
                ]
            ],
            [
                [
                    0.9974632263183594,
                    -0.005387141834944487,
                    0.07097918540239334
                ],
                [
                    0.012240246869623661,
                    0.9952602982521057,
                    -0.09647324681282043
                ],
                [
                    -0.07012305408716202,
                    0.09709732234477997,
                    0.9928014874458313
                ]
            ],
            [
                [
                    0.9979039430618286,
                    -0.05118614435195923,
                    0.03959490358829498
                ],
                [
                    0.052123554050922394,
                    0.998375415802002,
                    -0.023015925660729408
                ],
                [
                    -0.03835247829556465,
                    0.02503150887787342,
                    0.9989507794380188
                ]
            ],
            [
                [
                    0.998591959476471,
                    0.027915291488170624,
                    -0.04511050134897232
                ],
                [
                    -0.027190424501895905,
                    0.999492347240448,
                    0.01660367287695408
                ],
                [
                    0.04555109888315201,
                    -0.01535371970385313,
                    0.9988440275192261
                ]
            ],
            [
                [
                    0.9997444152832031,
                    -0.02259906381368637,
                    0.0006988696986809373
                ],
                [
                    0.02251116931438446,
                    0.9920195937156677,
                    -0.12405756860971451
                ],
                [
                    0.002110292436555028,
                    0.12404157966375351,
                    0.9922747611999512
                ]
            ],
            [
                [
                    0.9218552112579346,
                    0.3851774036884308,
                    -0.042675286531448364
                ],
                [
                    -0.3842921853065491,
                    0.9227979183197021,
                    0.027631090953946114
                ],
                [
                    0.05002354085445404,
                    -0.009072089567780495,
                    0.9987067580223083
                ]
            ],
            [
                [
                    0.9021928906440735,
                    -0.3681562542915344,
                    0.2247418910264969
                ],
                [
                    0.3700861930847168,
                    0.9283350110054016,
                    0.035076674073934555
                ],
                [
                    -0.22154945135116577,
                    0.05152794346213341,
                    0.9737867712974548
                ]
            ],
            [
                [
                    0.9979016780853271,
                    0.0003332492196932435,
                    -0.06474748253822327
                ],
                [
                    -0.02509717270731926,
                    0.9238015413284302,
                    -0.38204827904701233
                ],
                [
                    0.059686511754989624,
                    0.38287153840065,
                    0.9218714833259583
                ]
            ],
            [
                [
                    0.5391625165939331,
                    0.8043803572654724,
                    -0.24955160915851593
                ],
                [
                    -0.8205190896987915,
                    0.5684951543807983,
                    0.05967981740832329
                ],
                [
                    0.18987415730953217,
                    0.17258474230766296,
                    0.9665207266807556
                ]
            ],
            [
                [
                    0.47680261731147766,
                    -0.7854281067848206,
                    0.3946669399738312
                ],
                [
                    0.8066287636756897,
                    0.5693768262863159,
                    0.1586192101240158
                ],
                [
                    -0.3492981493473053,
                    0.24271968007087708,
                    0.905029296875
                ]
            ],
            [
                [
                    0.929065465927124,
                    -0.08133959025144577,
                    -0.3608616888523102
                ],
                [
                    0.08421403169631958,
                    0.9964172840118408,
                    -0.007780828047543764
                ],
                [
                    0.36020171642303467,
                    -0.023160727694630623,
                    0.9325868487358093
                ]
            ],
            [
                [
                    0.8474148511886597,
                    0.11931249499320984,
                    0.5173515677452087
                ],
                [
                    -0.1018650084733963,
                    0.9928567409515381,
                    -0.06212085112929344
                ],
                [
                    -0.5210677981376648,
                    -5.7878587540471926e-05,
                    0.8535153269767761
                ]
            ],
            [
                [
                    0.9995108842849731,
                    0.011102347634732723,
                    0.029235076159238815
                ],
                [
                    -0.014159329235553741,
                    0.9942088723182678,
                    0.1065278872847557
                ],
                [
                    -0.02788306400179863,
                    -0.10688973218202591,
                    0.9938797950744629
                ]
            ],
            [
                [
                    0.9999065399169922,
                    0.01367234531790018,
                    0.0002724085934460163
                ],
                [
                    -0.013644406571984291,
                    0.99613356590271,
                    0.08678558468818665
                ],
                [
                    0.000915207841899246,
                    -0.08678118884563446,
                    0.9962270259857178
                ]
            ],
            [
                [
                    0.9729511737823486,
                    0.19815869629383087,
                    -0.11873966455459595
                ],
                [
                    -0.17889779806137085,
                    0.9715136289596558,
                    0.15542441606521606
                ],
                [
                    0.1461559236049652,
                    -0.12997810542583466,
                    0.9806854724884033
                ]
            ],
            [
                [
                    0.978786826133728,
                    -0.18827615678310394,
                    0.08079864829778671
                ],
                [
                    0.17245681583881378,
                    0.9700230956077576,
                    0.1712128221988678
                ],
                [
                    -0.11061184853315353,
                    -0.1536465734243393,
                    0.9819153547286987
                ]
            ]
        ],
        "betas": [
            -0.20600876212120056,
            -0.19534996151924133,
            0.04099014401435852,
            0.4737476110458374,
            0.21133868396282196,
            0.057546887546777725,
            -0.015929609537124634,
            -0.13421174883842468,
            0.06560732424259186,
            -0.0791979432106018
        ]
    },
    "pred_cam_t": [
        0.06754925847053528,
        0.3224490284919739,
        25.272714614868164
    ],
    "focal_length": [
        5000.0,
        5000.0
    ],
    "pred_keypoints_3d": [
        [
            -0.17981436848640442,
            -0.7586297988891602,
            0.008960098028182983
        ],
        [
            -0.015832241624593735,
            -0.7217280268669128,
            -0.0671294704079628
        ],
        [
            0.05920221656560898,
            -0.6428073644638062,
            0.10916689038276672
        ],
        [
            0.03766406327486038,
            -0.40087226033210754,
            0.16824541985988617
        ],
        [
            -0.12587428092956543,
            -0.2258480042219162,
            0.24147260189056396
        ],
        [
            -0.07492436468601227,
            -0.6008501648902893,
            -0.219980850815773
        ],
        [
            -0.07136997580528259,
            -0.3448982238769531,
            -0.22929221391677856
        ],
        [
            -0.17947790026664734,
            -0.12719053030014038,
            -0.19988171756267548
        ],
        [
            -0.0019824537448585033,
            -0.22632554173469543,
            0.02811642363667488
        ],
        [
            0.035070646554231644,
            -0.15519334375858307,
            0.1070287674665451
        ],
        [
            0.018173975870013237,
            0.155251607298851,
            0.3166196346282959
        ],
        [
            0.010080469772219658,
            0.5310305953025818,
            0.41962510347366333
        ],
        [
            -0.046210989356040955,
            -0.12407616525888443,
            0.0018016323447227478
        ],
        [
            -0.14827416837215424,
            0.19129061698913574,
            0.15909236669540405
        ],
        [
            -0.10691143572330475,
            0.5190539360046387,
            0.3652307987213135
        ],
        [
            -0.15867289900779724,
            -0.813204824924469,
            0.02708454430103302
        ],
        [
            -0.19096261262893677,
            -0.8035515546798706,
            -0.03018735721707344
        ],
        [
            -0.06256096065044403,
            -0.852161705493927,
            0.016166888177394867
        ],
        [
            -0.134611114859581,
            -0.8311158418655396,
            -0.11199888586997986
        ],
        [
            -0.2844270169734955,
            0.5261134505271912,
            0.45879611372947693
        ],
        [
            -0.2644484043121338,
            0.5718767642974854,
            0.3920663297176361
        ],
        [
            -0.05547917261719704,
            0.5629079341888428,
            0.3598911762237549
        ],
        [
            -0.09744037687778473,
            0.5124763250350952,
            0.5861234664916992
        ],
        [
            -0.009757958352565765,
            0.5212790966033936,
            0.5880803465843201
        ],
        [
            0.0410250648856163,
            0.5883170962333679,
            0.39293867349624634
        ],
        [
            0.04628295078873634,
            0.4885316491127014,
            0.3941057324409485
        ],
        [
            0.02162683755159378,
            0.09701986610889435,
            0.2841441333293915
        ],
        [
            0.09846289455890656,
            -0.2857080101966858,
            0.12168598175048828
        ],
        [
            -0.0682825967669487,
            -0.2027273327112198,
            -0.10476601868867874
        ],
        [
            -0.1463659256696701,
            0.157998725771904,
            0.12976011633872986
        ],
        [
            -0.08862198889255524,
            0.5001527070999146,
            0.33041247725486755
        ],
        [
            -0.13863937556743622,
            -0.25939464569091797,
            0.23361799120903015
        ],
        [
            0.02745981514453888,
            -0.42748093605041504,
            0.19633252918720245
        ],
        [
            0.04438519477844238,
            -0.6714510321617126,
            0.07215027511119843
        ],
        [
            -0.06195921450853348,
            -0.6353573799133301,
            -0.19905559718608856
        ],
        [
            -0.11074457317590714,
            -0.36850449442863464,
            -0.2528310716152191
        ],
        [
            -0.19003266096115112,
            -0.14465759694576263,
            -0.20469588041305542
        ],
        [
            -0.022585522383451462,
            -0.7093035578727722,
            -0.06605908274650574
        ],
        [
            -0.13793040812015533,
            -0.8797543048858643,
            -0.03617863729596138
        ],
        [
            0.014730781316757202,
            -0.24463827908039093,
            0.00780986063182354
        ],
        [
            -0.009374426677823067,
            -0.6520419120788574,
            -0.06111885979771614
        ],
        [
            0.02468099072575569,
            -0.4832533597946167,
            -0.05078072100877762
        ],
        [
            -0.11502350866794586,
            -0.7675051689147949,
            -0.03428921476006508
        ],
        [
            -0.1382543444633484,
            -0.9000905752182007,
            -0.034285012632608414
        ]
    ],
    "pred_vertices": [
        [
            -0.2190394103527069,
            -0.8442641496658325,
            -0.034970130771398544
        ],
        [
            -0.2147287130355835,
            -0.828636884689331,
            -0.028132330626249313
        ],
        [
            -0.21125458180904388,
            -0.8282417058944702,
            -0.042361970990896225
        ],
        [
            -0.21201545000076294,
            -0.8412195444107056,
            -0.05054839327931404
        ],
        [
            -0.20962610840797424,
            -0.817811131477356,
            -0.03722109645605087
        ],
        [
            -0.21067076921463013,
            -0.8173501491546631,
            -0.02539069950580597
        ],
        [
            -0.20386558771133423,
            -0.826481282711029,
            -0.054036810994148254
        ],
        [
            -0.20191681385040283,
            -0.836137056350708,
            -0.0629236027598381
        ],
        [
            -0.18118847906589508,
            -0.7990689277648926,
            -0.06812377274036407
        ],
        [
            -0.17408370971679688,
            -0.7987143993377686,
            -0.07670117914676666
        ],
        [
            -0.18106921017169952,
            -0.8090811967849731,
            -0.07452994585037231
        ],
        [
            -0.18573862314224243,
            -0.8069480061531067,
            -0.06561116874217987
        ],
        [
            -0.16596128046512604,
            -0.7781461477279663,
            -0.07142561674118042
        ],
        [
            -0.16517198085784912,
            -0.7671107649803162,
            -0.06319262087345123
        ],
        [
            -0.1546573042869568,
            -0.7632171511650085,
            -0.07080607116222382
        ],
        [
            -0.15392902493476868,
            -0.7744259834289551,
            -0.0786425843834877
        ],
        [
            -0.17399029433727264,
            -0.7732961773872375,
            -0.02229485660791397
        ],
        [
            -0.1729433536529541,
            -0.7671517729759216,
            -0.028297029435634613
        ],
        [
            -0.1773144006729126,
            -0.7728332281112671,
            -0.031316645443439484
        ],
        [
            -0.17746613919734955,
            -0.7785075306892395,
            -0.02498777210712433
        ],
        [
            -0.17878413200378418,
            -0.7805567383766174,
            -0.01065237820148468
        ],
        [
            -0.1793719083070755,
            -0.7867029309272766,
            -0.012583106756210327
        ],
        [
            -0.1828126311302185,
            -0.7884523868560791,
            -0.005599424242973328
        ],
        [
            -0.1831340789794922,
            -0.7811046242713928,
            -0.004043541848659515
        ],
        [
            -0.16892938315868378,
            -0.7694655656814575,
            -0.018152106553316116
        ],
        [
            -0.16768068075180054,
            -0.763218879699707,
            -0.024639923125505447
        ],
        [
            -0.17546141147613525,
            -0.7783083915710449,
            -0.01697046309709549
        ],
        [
            -0.17421111464500427,
            -0.7737782001495361,
            -0.014885008335113525
        ],
        [
            -0.17815181612968445,
            -0.7641913890838623,
            -0.008141420781612396
        ],
        [
            -0.17991381883621216,
            -0.7687721252441406,
            -0.00968705490231514
        ],
        [
            -0.1841280460357666,
            -0.7671430110931396,
            -0.0035425350069999695
        ],
        [
            -0.180478036403656,
            -0.7628046274185181,
            -0.003217458724975586
        ],
        [
            -0.17187966406345367,
            -0.7673029899597168,
            -0.01510460302233696
        ],
        [
            -0.1756734997034073,
            -0.7685823440551758,
            -0.013979580253362656
        ],
        [
            -0.17462719976902008,
            -0.7645572423934937,
            -0.01116817444562912
        ],
        [
            -0.1704569160938263,
            -0.7642961144447327,
            -0.01158728078007698
        ],
        [
            -0.17868086695671082,
            -0.7755599021911621,
            -0.009401824325323105
        ],
        [
            -0.18364748358726501,
            -0.7745005488395691,
            -0.0034060999751091003
        ],
        [
            -0.1878979355096817,
            -0.7731485366821289,
            0.0034345611929893494
        ],
        [
            -0.18711327016353607,
            -0.7643553018569946,
            0.003439091145992279
        ],
        [
            -0.16676732897758484,
            -0.7566038370132446,
            -0.04241874814033508
        ],
        [
            -0.17091146111488342,
            -0.76139897108078,
            -0.03537005931138992
        ],
        [
            -0.16638389229774475,
            -0.757797360420227,
            -0.03124251216650009
        ],
        [
            -0.16383987665176392,
            -0.7535797357559204,
            -0.03738590329885483
        ],
        [
            -0.16691048443317413,
            -0.7630023956298828,
            -0.014467582106590271
        ],
        [
            -0.16149351000785828,
            -0.7485869526863098,
            -0.019387327134609222
        ],
        [
            -0.1635473072528839,
            -0.7518002986907959,
            -0.019128791987895966
        ],
        [
            -0.16420918703079224,
            -0.7515643239021301,
            -0.011931773275136948
        ],
        [
            -0.1624930500984192,
            -0.7485367059707642,
            -0.012804783880710602
        ],
        [
            -0.15547214448451996,
            -0.7475599646568298,
            -0.0524652823805809
        ],
        [
            -0.15592291951179504,
            -0.7451961040496826,
            -0.0454503670334816
        ],
        [
            -0.15080538392066956,
            -0.7404595613479614,
            -0.047788411378860474
        ],
        [
            -0.14850205183029175,
            -0.7423902750015259,
            -0.05495794117450714
        ],
        [
            -0.14630088210105896,
            -0.7363512516021729,
            -0.04661305993795395
        ],
        [
            -0.14193901419639587,
            -0.7373734712600708,
            -0.05592811852693558
        ],
        [
            -0.13157449662685394,
            -0.7262077331542969,
            -0.049144186079502106
        ],
        [
            -0.1362314075231552,
            -0.7312732934951782,
            -0.05288586765527725
        ],
        [
            -0.14222615957260132,
            -0.7319321632385254,
            -0.04341645538806915
        ],
        [
            -0.13971908390522003,
            -0.7269370555877686,
            -0.037704870104789734
        ],
        [
            -0.14269709587097168,
            -0.7286564707756042,
            -0.023136485368013382
        ],
        [
            -0.1414441168308258,
            -0.7271960973739624,
            -0.01694851741194725
        ],
        [
            -0.1365038901567459,
            -0.7170591354370117,
            -0.023145761340856552
        ],
        [
            -0.13804376125335693,
            -0.7209898233413696,
            -0.029931165277957916
        ],
        [
            -0.15502503514289856,
            -0.745619535446167,
            -0.021408677101135254
        ],
        [
            -0.15474139153957367,
            -0.7463984489440918,
            -0.026142526417970657
        ],
        [
            -0.15734097361564636,
            -0.74653559923172,
            -0.02526179328560829
        ],
        [
            -0.1584915816783905,
            -0.7465327978134155,
            -0.020098328590393066
        ],
        [
            -0.15490791201591492,
            -0.7464724779129028,
            -0.030237805098295212
        ],
        [
            -0.15497003495693207,
            -0.7463884949684143,
            -0.03204501420259476
        ],
        [
            -0.15643517673015594,
            -0.7469256520271301,
            -0.031195461750030518
        ],
        [
            -0.15562009811401367,
            -0.7468016743659973,
            -0.02999785915017128
        ],
        [
            -0.15501314401626587,
            -0.7465282082557678,
            -0.028003070503473282
        ],
        [
            -0.15385502576828003,
            -0.7449045181274414,
            -0.027068011462688446
        ],
        [
            -0.15445809066295624,
            -0.7457208633422852,
            -0.029305368661880493
        ],
        [
            -0.1539979726076126,
            -0.743381917476654,
            -0.022770065814256668
        ],
        [
            -0.15346476435661316,
            -0.7394915819168091,
            -0.008653592318296432
        ],
        [
            -0.15419162809848785,
            -0.7399861812591553,
            -0.012340303510427475
        ],
        [
            -0.15485727787017822,
            -0.7444586753845215,
            -0.011055517941713333
        ],
        [
            -0.15439926087856293,
            -0.7443037033081055,
            -0.007934000343084335
        ],
        [
            -0.1579972505569458,
            -0.7479089498519897,
            -0.029031869024038315
        ],
        [
            -0.15949328243732452,
            -0.749165415763855,
            -0.03092227876186371
        ],
        [
            -0.16166824102401733,
            -0.7504676580429077,
            -0.025833692401647568
        ],
        [
            -0.15935882925987244,
            -0.7485283613204956,
            -0.025309104472398758
        ],
        [
            -0.16146892309188843,
            -0.7504985928535461,
            -0.033375561237335205
        ],
        [
            -0.1575842797756195,
            -0.7479661107063293,
            -0.03334176167845726
        ],
        [
            -0.1589948832988739,
            -0.7484304904937744,
            -0.03640845790505409
        ],
        [
            -0.153810054063797,
            -0.7450125217437744,
            -0.03172514960169792
        ],
        [
            -0.15310469269752502,
            -0.7439348697662354,
            -0.034963950514793396
        ],
        [
            -0.15547871589660645,
            -0.745571494102478,
            -0.03476561978459358
        ],
        [
            -0.15091368556022644,
            -0.7412523627281189,
            -0.033270128071308136
        ],
        [
            -0.15253855288028717,
            -0.7432762980461121,
            -0.029211286455392838
        ],
        [
            -0.15221096575260162,
            -0.7408750653266907,
            -0.025054022669792175
        ],
        [
            -0.15211287140846252,
            -0.7383824586868286,
            -0.019689541310071945
        ],
        [
            -0.14853477478027344,
            -0.735395073890686,
            -0.023641962558031082
        ],
        [
            -0.1495317965745926,
            -0.7381784915924072,
            -0.02919682487845421
        ],
        [
            -0.16392302513122559,
            -0.7539358139038086,
            -0.02773308753967285
        ],
        [
            -0.15571001172065735,
            -0.7452291250228882,
            -0.03939748555421829
        ],
        [
            -0.160368412733078,
            -0.7501474022865295,
            -0.041737522929906845
        ],
        [
            -0.15241703391075134,
            -0.7417316436767578,
            -0.0402841717004776
        ],
        [
            -0.14898259937763214,
            -0.7384452223777771,
            -0.039023272693157196
        ],
        [
            -0.14630800485610962,
            -0.7350238561630249,
            -0.03491685539484024
        ],
        [
            -0.14443397521972656,
            -0.7314856052398682,
            -0.029342584311962128
        ],
        [
            -0.12526747584342957,
            -0.7141085863113403,
            -0.031331662088632584
        ],
        [
            -0.12862205505371094,
            -0.719141960144043,
            -0.039523132145404816
        ],
        [
            -0.20368993282318115,
            -0.8122187852859497,
            -0.02545027807354927
        ],
        [
            -0.205068439245224,
            -0.8116574883460999,
            -0.03458058089017868
        ],
        [
            -0.197691410779953,
            -0.807052731513977,
            -0.03779071941971779
        ],
        [
            -0.1994943618774414,
            -0.8089414834976196,
            -0.03895721957087517
        ],
        [
            -0.2005148082971573,
            -0.8092135190963745,
            -0.032928466796875
        ],
        [
            -0.19825896620750427,
            -0.8069576025009155,
            -0.03309798613190651
        ],
        [
            -0.1882677674293518,
            -0.8066123723983765,
            -0.05755317956209183
        ],
        [
            -0.19040752947330475,
            -0.8064966201782227,
            -0.05098257586359978
        ],
        [
            -0.1876198798418045,
            -0.8039075136184692,
            -0.052214816212654114
        ],
        [
            -0.18538379669189453,
            -0.8008303642272949,
            -0.05994259566068649
        ],
        [
            -0.1857176125049591,
            -0.7950477004051208,
            -0.04329224303364754
        ],
        [
            -0.1859307438135147,
            -0.7971395254135132,
            -0.04837842658162117
        ],
        [
            -0.1894369274377823,
            -0.8019968867301941,
            -0.04322386160492897
        ],
        [
            -0.18949773907661438,
            -0.8003960251808167,
            -0.039586685597896576
        ],
        [
            -0.1889948695898056,
            -0.799528956413269,
            -0.035488925874233246
        ],
        [
            -0.188229501247406,
            -0.7994900941848755,
            -0.031024999916553497
        ],
        [
            -0.1851695477962494,
            -0.7951920032501221,
            -0.03234071657061577
        ],
        [
            -0.18550100922584534,
            -0.7946069836616516,
            -0.03770823031663895
        ],
        [
            -0.19913668930530548,
            -0.8102375268936157,
            -0.02654552087187767
        ],
        [
            -0.19531741738319397,
            -0.8108186721801758,
            -0.020215250551700592
        ],
        [
            -0.19374848902225494,
            -0.8083292245864868,
            -0.022265981882810593
        ],
        [
            -0.19725042581558228,
            -0.8075693845748901,
            -0.027364294975996017
        ],
        [
            -0.18185988068580627,
            -0.8069475889205933,
            -0.016272269189357758
        ],
        [
            -0.18456381559371948,
            -0.8082969188690186,
            -0.016522839665412903
        ],
        [
            -0.18457430601119995,
            -0.8094805479049683,
            -0.012743890285491943
        ],
        [
            -0.18116360902786255,
            -0.8062133193016052,
            -0.012895606458187103
        ],
        [
            -0.18057432770729065,
            -0.8032834529876709,
            -0.015361666679382324
        ],
        [
            -0.18174749612808228,
            -0.8051356077194214,
            -0.01753668114542961
        ],
        [
            -0.22492483258247375,
            -0.8647036552429199,
            -0.025229498744010925
        ],
        [
            -0.22127485275268555,
            -0.847004771232605,
            -0.018991176038980484
        ],
        [
            -0.21867582201957703,
            -0.8623522520065308,
            -0.044888388365507126
        ],
        [
            -0.2091612070798874,
            -0.8569926023483276,
            -0.05965110659599304
        ],
        [
            -0.19908909499645233,
            -0.8478999137878418,
            -0.07223519682884216
        ],
        [
            -0.1551329493522644,
            -0.7539174556732178,
            -0.061491284519433975
        ],
        [
            -0.14662225544452667,
            -0.7491148710250854,
            -0.0663127601146698
        ],
        [
            -0.1441027671098709,
            -0.7600799202919006,
            -0.07754103094339371
        ],
        [
            -0.13468171656131744,
            -0.753760814666748,
            -0.07936103641986847
        ],
        [
            -0.13796570897102356,
            -0.7425437569618225,
            -0.06734383851289749
        ],
        [
            -0.12250681966543198,
            -0.7286776304244995,
            -0.058853764086961746
        ],
        [
            -0.12982605397701263,
            -0.7352452874183655,
            -0.06512647122144699
        ],
        [
            -0.12422433495521545,
            -0.7477549910545349,
            -0.07913601398468018
        ],
        [
            -0.1213594600558281,
            -0.764268159866333,
            -0.09177867323160172
        ],
        [
            -0.13238069415092468,
            -0.7670736312866211,
            -0.08916203677654266
        ],
        [
            -0.12052133679389954,
            -0.783458948135376,
            -0.09940894693136215
        ],
        [
            -0.10789962112903595,
            -0.7624906301498413,
            -0.09428999572992325
        ],
        [
            -0.11196129024028778,
            -0.7867223024368286,
            -0.10115795582532883
        ],
        [
            -0.09406676888465881,
            -0.7323691248893738,
            -0.0800284594297409
        ],
        [
            -0.08933156728744507,
            -0.7251948118209839,
            -0.08302817493677139
        ],
        [
            -0.08312786370515823,
            -0.7347451448440552,
            -0.09805716574192047
        ],
        [
            -0.08923221379518509,
            -0.7424112558364868,
            -0.09564336389303207
        ],
        [
            -0.1425880491733551,
            -0.7704771757125854,
            -0.08555370569229126
        ],
        [
            -0.18128786981105804,
            -0.8215212821960449,
            -0.07847290486097336
        ],
        [
            -0.1878950595855713,
            -0.8167166709899902,
            -0.06955355405807495
        ],
        [
            -0.17301033437252045,
            -0.8119666576385498,
            -0.08338354527950287
        ],
        [
            -0.1969125121831894,
            -0.882064163684845,
            -0.08257458359003067
        ],
        [
            -0.20605631172657013,
            -0.8704168796539307,
            -0.07129108160734177
        ],
        [
            -0.19597874581813812,
            -0.8594743013381958,
            -0.0814027190208435
        ],
        [
            -0.18948137760162354,
            -0.871552586555481,
            -0.0917396992444992
        ],
        [
            -0.2089487463235855,
            -0.9111802577972412,
            -0.05017648637294769
        ],
        [
            -0.2212183177471161,
            -0.8886032700538635,
            -0.0384536050260067
        ],
        [
            -0.21539345383644104,
            -0.8812445402145386,
            -0.054586321115493774
        ],
        [
            -0.2055978775024414,
            -0.8983355760574341,
            -0.06524768471717834
        ],
        [
            -0.18083278834819794,
            -0.8792382478713989,
            -0.09941534698009491
        ],
        [
            -0.1680954396724701,
            -0.8891581892967224,
            -0.10784492641687393
        ],
        [
            -0.16889984905719757,
            -0.9065791368484497,
            -0.10544272512197495
        ],
        [
            -0.18528445065021515,
            -0.8964757919311523,
            -0.09415054321289062
        ],
        [
            -0.1684824526309967,
            -0.9288873672485352,
            -0.09559269994497299
        ],
        [
            -0.18847103416919708,
            -0.9168065190315247,
            -0.08141757547855377
        ],
        [
            -0.09624902158975601,
            -0.7792720794677734,
            -0.10403034090995789
        ],
        [
            -0.10379957407712936,
            -0.7973321676254272,
            -0.10508571565151215
        ],
        [
            -0.09776513278484344,
            -0.751007080078125,
            -0.09253629297018051
        ],
        [
            -0.08920237421989441,
            -0.7645652890205383,
            -0.10378488898277283
        ],
        [
            -0.16423413157463074,
            -0.9468069076538086,
            -0.0800153911113739
        ],
        [
            -0.18873119354248047,
            -0.9335659742355347,
            -0.063930943608284
        ],
        [
            -0.11509287357330322,
            -0.8948397636413574,
            -0.12340586632490158
        ],
        [
            -0.13143977522850037,
            -0.9058749675750732,
            -0.11944529414176941
        ],
        [
            -0.13956603407859802,
