{
    "pred_cam": [
        1.5567405223846436,
        0.061831556260585785,
        0.3365381062030792
    ],
    "pred_smpl_params": {
        "global_orient": [
            [
                [
                    -0.7377007007598877,
                    0.08979359269142151,
                    -0.6691299080848694
                ],
                [
                    0.13040243089199066,
                    -0.953500509262085,
                    -0.27172034978866577
                ],
                [
                    -0.6624144911766052,
                    -0.2877044379711151,
                    0.6916887164115906
                ]
            ]
        ],
        "body_pose": [
            [
                [
                    0.9970341920852661,
                    0.07439915835857391,
                    0.019687218591570854
                ],
                [
                    -0.07678718864917755,
                    0.9788236021995544,
                    0.1897580325603485
                ],
                [
                    -0.005152476951479912,
                    -0.1907069832086563,
                    0.9816334843635559
                ]
            ],
            [
                [
                    0.9879264831542969,
                    0.02729155495762825,
                    -0.15250076353549957
                ],
                [
                    -0.010447096079587936,
                    0.9938564896583557,
                    0.11018257588148117
                ],
                [
                    0.15457092225551605,
                    -0.10725908726453781,
                    0.9821422696113586
                ]
            ],
            [
                [
                    0.9949049949645996,
                    -0.02418745495378971,
                    0.09787220507860184
                ],
                [
                    0.04471440985798836,
                    0.9759525656700134,
                    -0.21334733068943024
                ],
                [
                    -0.09035831689834595,
                    0.21663662791252136,
                    0.9720616340637207
                ]
            ],
            [
                [
                    0.9963940978050232,
                    0.08431902527809143,
                    0.009444077499210835
                ],
                [
                    -0.08119834959506989,
                    0.9799162149429321,
                    -0.1821296215057373
                ],
                [
                    -0.024611398577690125,
                    0.18070602416992188,
                    0.9832292795181274
                ]
            ],
            [
                [
                    0.961621880531311,
                    -0.2531086504459381,
                    -0.10592138022184372
                ],
                [
                    0.159300297498703,
                    0.8293405175209045,
                    -0.5355536937713623
                ],
                [
                    0.2233981490135193,
                    0.4981268644332886,
                    0.8378322720527649
                ]
            ],
            [
                [
                    0.9949031472206116,
                    0.0030444927979260683,
                    0.10078917443752289
                ],
                [
                    -0.002752590924501419,
                    0.9999915957450867,
                    -0.0030350687447935343
                ],
                [
                    -0.10079757124185562,
                    0.0027421675622463226,
                    0.9949031472206116
                ]
            ],
            [
                [
                    0.9813370704650879,
                    -0.012036026455461979,
                    0.19191831350326538
                ],
                [
                    0.006725340150296688,
                    0.9995768666267395,
                    0.02829914726316929
                ],
                [
                    -0.19217771291732788,
                    -0.026480289176106453,
                    0.9810028076171875
                ]
            ],
            [
                [
                    0.9742613434791565,
                    0.08088205009698868,
                    -0.21041139960289001
                ],
                [
                    -0.06531161814928055,
                    0.9946580529212952,
                    0.07993579655885696
                ],
                [
                    0.21575278043746948,
                    -0.06413604319095612,
                    0.9743394255638123
                ]
            ],
            [
                [
                    0.9960102438926697,
                    0.019240891560912132,
                    0.08714014291763306
                ],
                [
                    -0.012525702826678753,
                    0.9969552755355835,
                    -0.07696312665939331
                ],
                [
                    -0.0883556604385376,
                    0.07556457072496414,
                    0.9932186603546143
                ]
            ],
            [
                [
                    0.997452437877655,
                    -0.0713333934545517,
                    -0.0004183051350992173
                ],
                [
                    0.07133392244577408,
                    0.9974514842033386,
                    0.0014617356937378645
                ],
                [
                    0.0003129685064777732,
                    -0.0014878511428833008,
                    0.999998927116394
                ]
            ],
            [
                [
                    0.998978853225708,
                    -0.01989579200744629,
                    -0.040562573820352554
                ],
                [
                    0.021199895069003105,
                    0.9992637038230896,
                    0.031977470964193344
                ],
                [
                    0.039896491914987564,
                    -0.03280474245548248,
                    0.9986650943756104
                ]
            ],
            [
                [
                    0.998259425163269,
                    -0.004314502701163292,
                    -0.05881736800074577
                ],
                [
                    -2.2963395167607814e-05,
                    0.9972918629646301,
                    -0.07354530692100525
                ],
                [
                    0.05897539481520653,
                    0.07341864705085754,
                    0.9955558776855469
                ]
            ],
            [
                [
                    0.9299678802490234,
                    0.36600300669670105,
                    -0.034664005041122437
                ],
                [
                    -0.36493930220603943,
                    0.930431067943573,
                    0.03342736139893532
                ],
                [
                    0.04448697715997696,
                    -0.018436113372445107,
                    0.9988399147987366
                ]
            ],
            [
                [
                    0.913874626159668,
                    -0.34715381264686584,
                    0.21051698923110962
                ],
                [
                    0.3478092849254608,
                    0.9369067549705505,
                    0.0351356640458107
                ],
                [
                    -0.20943224430084229,
                    0.041110165417194366,
                    0.9769586324691772
                ]
            ],
            [
                [
                    0.99272221326828,
                    -0.001945251482538879,
                    -0.12041138857603073
                ],
                [
                    -0.03654489666223526,
                    0.9478535056114197,
                    -0.3166041672229767
                ],
                [
                    0.11474823206663132,
                    0.31870037317276,
                    0.9408841133117676
                ]
            ],
            [
                [
                    0.5394877195358276,
                    0.8050481081008911,
                    -0.2466789036989212
                ],
                [
                    -0.8261666893959045,
                    0.5626567006111145,
                    0.029426677152514458
                ],
                [
                    0.16248545050621033,
                    0.18792258203029633,
                    0.9686502814292908
                ]
            ],
            [
                [
                    0.4712260067462921,
                    -0.8182395100593567,
                    0.3292872905731201
                ],
                [
                    0.811326801776886,
                    0.5485615134239197,
                    0.2020619958639145
                ],
                [
                    -0.34596946835517883,
                    0.17194274067878723,
                    0.922356128692627
                ]
            ],
            [
                [
                    0.9371607899665833,
                    -0.07445606589317322,
                    -0.34086060523986816
                ],
                [
                    0.07367631047964096,
                    0.9971656203269958,
                    -0.015251011587679386
                ],
                [
                    0.34102997183799744,
                    -0.010820702649652958,
                    0.9399901628494263
                ]
            ],
            [
                [
                    0.8271185755729675,
                    0.22731980681419373,
                    0.5140044093132019
                ],
                [
                    -0.23888461291790009,
                    0.9700236320495605,
                    -0.04459042847156525
                ],
                [
                    -0.5087327361106873,
                    -0.08590618520975113,
                    0.8566277623176575
                ]
            ],
            [
                [
                    0.9995351433753967,
                    0.014094103127717972,
                    0.02703717164695263
                ],
                [
                    -0.015949344262480736,
                    0.9974420666694641,
                    0.06967733800411224
                ],
                [
                    -0.025985972955822945,
                    -0.07007616013288498,
                    0.9972031712532043
                ]
            ],
            [
                [
                    0.9988707900047302,
                    0.04642193391919136,
                    -0.010108647868037224
                ],
                [
                    -0.04601595923304558,
                    0.9982461333274841,
                    0.03724716603755951
                ],
                [
                    0.01182000245898962,
                    -0.03673994541168213,
                    0.9992550611495972
                ]
            ],
            [
                [
                    0.9698770642280579,
                    0.21279820799827576,
                    -0.11855551600456238
                ],
                [
                    -0.1927856206893921,
                    0.9680389761924744,
                    0.1604192554950714
                ],
                [
                    0.1489032804965973,
                    -0.13273115456104279,
                    0.9799032211303711
                ]
            ],
            [
                [
                    0.9781604409217834,
                    -0.1960422396659851,
                    0.06906213611364365
                ],
                [
                    0.18364812433719635,
                    0.970766007900238,
                    0.15455348789691925
                ],
                [
                    -0.09734217822551727,
                    -0.13849498331546783,
                    0.9855676889419556
                ]
            ]
        ],
        "betas": [
            -0.28762656450271606,
            -0.25402727723121643,
            0.032144784927368164,
            0.40726330876350403,
            0.21618527173995972,
            0.04820442572236061,
            0.017149358987808228,
            -0.15166908502578735,
            0.03947637975215912,
            -0.10594642162322998
        ]
    },
    "pred_cam_t": [
        0.061831556260585785,
        0.3365381062030792,
        25.092493057250977
    ],
    "focal_length": [
        5000.0,
        5000.0
    ],
    "pred_keypoints_3d": [
        [
            -0.13228869438171387,
            -0.7908709049224854,
            0.02993778884410858
        ],
        [
            0.008264150470495224,
            -0.7197893261909485,
            -0.06968633830547333
        ],
        [
            0.09762737154960632,
            -0.6459835171699524,
            0.09972521662712097
        ],
        [
            0.06775921583175659,
            -0.4108383357524872,
            0.1753227412700653
        ],
        [
            -0.08242611587047577,
            -0.27213263511657715,
            0.31772324442863464
        ],
        [
            -0.07602335512638092,
            -0.6001909375190735,
            -0.20857708156108856
        ],
        [
            -0.08954538404941559,
            -0.3457910716533661,
            -0.21331292390823364
        ],
        [
            -0.20159660279750824,
            -0.13438507914543152,
            -0.16863161325454712
        ],
        [
            -0.0018575598951429129,
            -0.22481851279735565,
            0.028416678309440613
        ],
        [
            0.04286597669124603,
            -0.1468561887741089,
            0.09621095657348633
        ],
        [
            0.025409450754523277,
            0.19270464777946472,
            0.24964343011379242
        ],
        [
            0.006339306011795998,
            0.5608332753181458,
            0.13003791868686676
        ],
        [
            -0.05678541958332062,
            -0.1273888349533081,
            0.0038024764508008957
        ],
        [
            -0.1359729766845703,
            0.19836890697479248,
            0.14845246076583862
        ],
        [
            -0.08788515627384186,
            0.5593793988227844,
            0.27995699644088745
        ],
        [
            -0.10063204914331436,
            -0.8426699638366699,
            0.03405451774597168
        ],
        [
            -0.14518889784812927,
            -0.8310064077377319,
            -0.013721369206905365
        ],
        [
            -0.0047509148716926575,
            -0.8618721961975098,
            -0.0014969632029533386
        ],
        [
            -0.10380089282989502,
            -0.8366867899894714,
            -0.10797891765832901
        ],
        [
            -0.2377733588218689,
            0.5650496482849121,
            0.4108196794986725
        ],
        [
            -0.24098753929138184,
            0.6002357006072998,
            0.3348897397518158
        ],
        [
            -0.045642200857400894,
            0.6060742139816284,
            0.2548678517341614
        ],
        [
            -0.051234662532806396,
            0.6283257007598877,
            0.30634140968322754
        ],
        [
            0.031480975449085236,
            0.6345859169960022,
            0.2794463038444519
        ],
        [
            0.024187713861465454,
            0.596150279045105,
            0.07205349951982498
        ],
        [
            0.03963248431682587,
            0.5105472803115845,
            0.1229785904288292
        ],
        [
            0.02927590161561966,
            0.13157549500465393,
            0.23478500545024872
        ],
        [
            0.11656995117664337,
            -0.2711033523082733,
            0.1089584082365036
        ],
        [
            -0.09185373783111572,
            -0.21397511661052704,
            -0.09163761138916016
        ],
        [
            -0.13870510458946228,
            0.16213640570640564,
            0.12320569157600403
        ],
        [
            -0.07604716718196869,
            0.5361030101776123,
            0.2450922429561615
        ],
        [
            -0.09356646984815598,
            -0.3050650358200073,
            0.307983934879303
        ],
        [
            0.06795477867126465,
            -0.4409008026123047,
            0.2034406065940857
        ],
        [
            0.08066068589687347,
            -0.6733995676040649,
            0.06313599646091461
        ],
        [
            -0.05847734585404396,
            -0.6336315274238586,
            -0.19025573134422302
        ],
        [
            -0.13039633631706238,
            -0.37166398763656616,
            -0.23296478390693665
        ],
        [
            -0.21127760410308838,
            -0.15258413553237915,
            -0.17203497886657715
        ],
        [
            0.001034783199429512,
            -0.7099149823188782,
            -0.06729156523942947
        ],
        [
            -0.08414854109287262,
            -0.8948898911476135,
            -0.04294441267848015
        ],
        [
            0.011974697932600975,
            -0.24280959367752075,
            0.007915275171399117
        ],
        [
            0.0103703448548913,
            -0.6523560881614685,
            -0.06142701208591461
        ],
        [
            0.0310170017182827,
            -0.48124945163726807,
            -0.04615228623151779
        ],
        [
            -0.07794561237096786,
            -0.7821565270423889,
            -0.026231518015265465
        ],
        [
            -0.08092135936021805,
            -0.9151514768600464,
            -0.04450675845146179
        ]
    ],
    "pred_vertices": [
        [
            -0.16710495948791504,
            -0.8745623230934143,
            -0.020411979407072067
        ],
        [
            -0.16347083449363708,
            -0.859808623790741,
            -0.011982537806034088
        ],
        [
            -0.16323597729206085,
            -0.8567325472831726,
            -0.026138000190258026
        ],
        [
            -0.16410279273986816,
            -0.8683339357376099,
            -0.03633253276348114
        ],
        [
            -0.16211465001106262,
            -0.8470401763916016,
            -0.019706983119249344
        ],
        [
            -0.16068938374519348,
            -0.848517656326294,
            -0.007745102047920227
        ],
        [
            -0.15885674953460693,
            -0.8522046804428101,
            -0.03839082270860672
        ],
        [
            -0.15757009387016296,
            -0.8599420785903931,
            -0.04930678382515907
        ],
        [
            -0.14428173005580902,
            -0.8195682764053345,
            -0.0517243929207325
        ],
        [
            -0.13913452625274658,
            -0.8167906999588013,
            -0.061334915459156036
        ],
        [
            -0.14385178685188293,
            -0.8282940983772278,
            -0.05965862423181534
        ],
        [
            -0.1468980312347412,
            -0.8282780647277832,
            -0.049727655947208405
        ],
        [
            -0.13329319655895233,
            -0.7960102558135986,
            -0.05432241037487984
        ],
        [
            -0.13239943981170654,
            -0.7863858938217163,
            -0.044485677033662796
        ],
        [
            -0.12437338382005692,
            -0.7797526121139526,
            -0.05319608747959137
        ],
        [
            -0.12362135946750641,
            -0.7893988490104675,
            -0.06279557198286057
        ],
        [
            -0.13145038485527039,
            -0.799728512763977,
            -0.004161708056926727
        ],
        [
            -0.13249903917312622,
            -0.7927389144897461,
            -0.009169425815343857
        ],
        [
            -0.13653875887393951,
            -0.7985610961914062,
            -0.012247573584318161
        ],
        [
            -0.1346248984336853,
            -0.8049862384796143,
            -0.006974611431360245
        ],
        [
            -0.13248994946479797,
            -0.8091698884963989,
            0.00693836435675621
        ],
        [
            -0.13260620832443237,
            -0.8149465322494507,
            0.0041305385529994965
        ],
        [
            -0.1341782510280609,
            -0.8182450532913208,
            0.011216860264539719
        ],
        [
            -0.1351797729730606,
            -0.8113908767700195,
            0.014060724526643753
        ],
        [
            -0.1262456178665161,
            -0.795718252658844,
            -0.00042733922600746155
        ],
        [
            -0.12720641493797302,
            -0.7885617017745972,
            -0.005944129079580307
        ],
        [
            -0.1310482919216156,
            -0.805587887763977,
            0.00048397108912467957
        ],
        [
            -0.12992320954799652,
            -0.8012081384658813,
            0.0031474530696868896
        ],
        [
            -0.13363215327262878,
            -0.7935684323310852,
            0.012004811316728592
        ],
        [
            -0.13503649830818176,
            -0.7980817556381226,
            0.010055791586637497
        ],
        [
            -0.13794037699699402,
            -0.7981036901473999,
            0.017138861119747162
        ],
        [
            -0.13499706983566284,
            -0.7933204174041748,
            0.01747409999370575
        ],
        [
            -0.12861108779907227,
            -0.7945358753204346,
            0.0036153793334960938
        ],
        [
            -0.13185927271842957,
            -0.7965829968452454,
            0.005214780569076538
        ],
        [
            -0.13079270720481873,
            -0.7929288744926453,
            0.00842931866645813
        ],
        [
            -0.1268945336341858,
            -0.7918606996536255,
            0.007232777774333954
        ],
        [
            -0.13279488682746887,
            -0.8045121431350708,
            0.00906139612197876
        ],
        [
            -0.13644450902938843,
            -0.805182933807373,
            0.0159543938934803
        ],
        [
            -0.13928374648094177,
            -0.8055891990661621,
            0.023596923798322678
        ],
        [
            -0.139682799577713,
            -0.7969013452529907,
            0.02495354413986206
        ],
        [
            -0.13095232844352722,
            -0.7795049548149109,
            -0.022222284227609634
        ],
        [
            -0.1327759176492691,
            -0.7858525514602661,
            -0.015349788591265678
        ],
        [
            -0.12804937362670898,
            -0.7821918725967407,
            -0.011620674282312393
        ],
        [
            -0.1274627447128296,
            -0.7768136262893677,
            -0.01735411398112774
        ],
        [
            -0.12429510056972504,
            -0.7895852327346802,
            0.003992494195699692
        ],
        [
            -0.12219323962926865,
            -0.773906409740448,
            0.0006557554006576538
        ],
        [
            -0.12363705784082413,
            -0.7774219512939453,
            0.0007311739027500153
        ],
        [
            -0.12276966124773026,
            -0.778311014175415,
            0.007868584245443344
        ],
        [
            -0.12176156789064407,
            -0.7749364376068115,
            0.0072140879929065704
        ],
        [
            -0.12338684499263763,
            -0.7674100995063782,
            -0.032572872936725616
        ],
        [
            -0.12268301844596863,
            -0.7661805748939514,
            -0.02527739480137825
        ],
        [
            -0.11894150078296661,
            -0.7603511214256287,
            -0.027702920138835907
        ],
        [
            -0.11794975399971008,
            -0.7607704401016235,
            -0.03550177812576294
        ],
        [
            -0.11495963484048843,
            -0.7556602954864502,
            -0.026934079825878143
        ],
        [
            -0.1125015914440155,
            -0.7545613050460815,
            -0.03699205443263054
        ],
        [
            -0.10260866582393646,
            -0.7429369688034058,
            -0.030622364953160286
        ],
        [
            -0.10719673335552216,
            -0.7480789422988892,
            -0.03418470919132233
        ],
        [
            -0.11104957014322281,
            -0.7510945796966553,
            -0.0239156112074852
        ],
        [
            -0.10822074860334396,
            -0.7465693950653076,
            -0.018072638660669327
        ],
        [
            -0.10790450870990753,
            -0.7508118152618408,
            -0.003268018364906311
        ],
        [
            -0.10566871613264084,
            -0.7499549388885498,
            0.002725902944803238
        ],
        [
            -0.10357566177845001,
            -0.7384357452392578,
            -0.00261610746383667
        ],
        [
            -0.10586575418710709,
            -0.7415376305580139,
            -0.009862810373306274
        ],
        [
            -0.11697442084550858,
            -0.7696195840835571,
            -0.0021439790725708008
        ],
        [
            -0.11755006015300751,
            -0.7696965336799622,
            -0.006892409175634384
        ],
        [
            -0.11983346939086914,
            -0.7704157829284668,
            -0.0055554769933223724
        ],
        [
            -0.11985975503921509,
            -0.771330714225769,
            -0.0003145746886730194
        ],
        [
            -0.11850692331790924,
            -0.769267201423645,
            -0.010823182761669159
        ],
        [
            -0.1189536526799202,
            -0.7689340710639954,
            -0.01253419741988182
        ],
        [
            -0.12009429186582565,
            -0.769844651222229,
            -0.011536244302988052
        ],
        [
            -0.11908329278230667,
            -0.7697727084159851,
            -0.010430321097373962
        ],
        [
            -0.11813865602016449,
            -0.7696576118469238,
            -0.008594430983066559
        ],
        [
            -0.11709633469581604,
            -0.7679855227470398,
            -0.007654175162315369
        ],
        [
            -0.11801550537347794,
            -0.7685686349868774,
            -0.009896170347929
        ],
        [
            -0.11657769232988358,
            -0.7671185731887817,
            -0.003215644508600235
        ],
        [
            -0.11362440884113312,
            -0.7650966644287109,
            0.011101491749286652
        ],
        [
            -0.11510330438613892,
            -0.7652492523193359,
            0.007466111332178116
        ],
        [
            -0.11484459042549133,
            -0.7698715329170227,
            0.008111536502838135
        ],
        [
            -0.11368943005800247,
            -0.770017147064209,
            0.011182956397533417
        ],
        [
            -0.12091931700706482,
            -0.7713602781295776,
            -0.009159926325082779
        ],
        [
            -0.12261680513620377,
            -0.7726181745529175,
            -0.01111774891614914
        ],
        [
            -0.12347909063100815,
            -0.7749410271644592,
            -0.006005764007568359
        ],
        [
            -0.12146425992250443,
            -0.7727057933807373,
            -0.005598563700914383
        ],
        [
            -0.12479527294635773,
            -0.7739529609680176,
            -0.013327490538358688
        ],
        [
            -0.12145166099071503,
            -0.7707780599594116,
            -0.013582400977611542
        ],
        [
            -0.12326928228139877,
            -0.7710391879081726,
            -0.01635480672121048
        ],
        [
            -0.11799246072769165,
            -0.7674359083175659,
            -0.01222372055053711
        ],
        [
            -0.11811136454343796,
            -0.7658203840255737,
            -0.015307258814573288
        ],
        [
            -0.12007754296064377,
            -0.7678762674331665,
            -0.014942582696676254
        ],
        [
            -0.11608600616455078,
            -0.76307213306427,
            -0.013656925410032272
        ],
        [
            -0.11653027683496475,
            -0.7658677101135254,
            -0.009776066988706589
        ],
        [
            -0.11569944024085999,
            -0.7640559673309326,
            -0.005424417555332184
        ],
        [
            -0.11486445367336273,
            -0.7623425126075745,
            0.0001954995095729828
        ],
        [
            -0.11270222067832947,
            -0.7582708597183228,
            -0.0038181431591510773
        ],
        [
            -0.11438791453838348,
            -0.7603976130485535,
            -0.009497284889221191
        ],
        [
            -0.12546676397323608,
            -0.7784171104431152,
            -0.007938314229249954
        ],
        [
            -0.12121883034706116,
            -0.7670170068740845,
            -0.019387267529964447
        ],
        [
            -0.12546823918819427,
            -0.7723084688186646,
            -0.021697163581848145
        ],
        [
            -0.11877172440290451,
            -0.7628982067108154,
            -0.020265184342861176
        ],
        [
            -0.11574982106685638,
            -0.7592509984970093,
            -0.019148729741573334
        ],
        [
            -0.11290552467107773,
            -0.7559217214584351,
            -0.01538889855146408
        ],
        [
            -0.11046117544174194,
            -0.7530254125595093,
            -0.009499780833721161
        ],
        [
            -0.09473498165607452,
            -0.732611894607544,
            -0.012337202206254005
        ],
        [
            -0.0988711416721344,
            -0.7369117736816406,
            -0.020793454721570015
        ],
        [
            -0.15496516227722168,
            -0.8422232866287231,
            -0.008149564266204834
        ],
        [
            -0.1582385003566742,
            -0.8406239151954651,
            -0.016632862389087677
        ],
        [
            -0.15256984531879425,
            -0.8344776630401611,
            -0.020372457802295685
        ],
        [
            -0.154331237077713,
            -0.8364890217781067,
            -0.021646350622177124
        ],
        [
            -0.15394234657287598,
            -0.8377093076705933,
            -0.015501677989959717
        ],
        [
            -0.15216264128684998,
            -0.8351486921310425,
            -0.01569313183426857
        ],
        [
            -0.1477273404598236,
            -0.8295632600784302,
            -0.04124376177787781
        ],
        [
            -0.14847055077552795,
            -0.8307671546936035,
            -0.034405358135700226
        ],
        [
            -0.14644354581832886,
            -0.8275614976882935,
            -0.035747118294239044
        ],
        [
            -0.1463528424501419,
            -0.8231264352798462,
            -0.04315374046564102
        ],
        [
            -0.1441313475370407,
            -0.8198524713516235,
            -0.025879617780447006
        ],
        [
            -0.1450432986021042,
            -0.8211857676506042,
            -0.031182466074824333
        ],
        [
            -0.14665402472019196,
            -0.8272875547409058,
            -0.026299841701984406
        ],
        [
            -0.14620457589626312,
            -0.8262718915939331,
            -0.02244601398706436
        ],
        [
            -0.14499342441558838,
            -0.8259204626083374,
            -0.018389370292425156
        ],
        [
            -0.14332976937294006,
            -0.8263574242591858,
            -0.014233004301786423
        ],
        [
            -0.14124520123004913,
            -0.8214654922485352,
            -0.015263337641954422
        ],
        [
            -0.14280419051647186,
            -0.8201999664306641,
            -0.020333152264356613
        ],
        [
            -0.15117579698562622,
            -0.8392662405967712,
            -0.009680062532424927
        ],
        [
            -0.14609871804714203,
            -0.8400319218635559,
            -0.004356805235147476
        ],
        [
            -0.1453845053911209,
            -0.8370963335037231,
            -0.006185002624988556
        ],
        [
            -0.1499398648738861,
            -0.8362789750099182,
            -0.010354746133089066
        ],
        [
            -0.13289862871170044,
            -0.8345571756362915,
            -0.002333682030439377
        ],
        [
            -0.13533833622932434,
            -0.836315393447876,
            -0.0023113302886486053
        ],
        [
            -0.13437584042549133,
            -0.8380212783813477,
            0.0011628307402133942
        ],
        [
            -0.1316562443971634,
            -0.8341729640960693,
            0.000920761376619339
        ],
        [
            -0.13200423121452332,
            -0.8309189081192017,
            -0.0009940862655639648
        ],
        [
            -0.13332843780517578,
            -0.8326267004013062,
            -0.0032007433474063873
        ],
        [
            -0.1679205745458603,
            -0.8966925144195557,
            -0.013486843556165695
        ],
        [
            -0.16538774967193604,
            -0.8797361254692078,
            -0.004992052912712097
        ],
        [
            -0.166731059551239,
            -0.8904732465744019,
            -0.033221010118722916
        ],
        [
            -0.1613103151321411,
            -0.8815318942070007,
            -0.04857611656188965
        ],
        [
            -0.1553487926721573,
            -0.8693271279335022,
            -0.061019446700811386
        ],
        [
            -0.12411978840827942,
            -0.772189736366272,
            -0.04247710853815079
        ],
        [
            -0.11763367056846619,
            -0.765304446220398,
            -0.047992974519729614
        ],
        [
            -0.11592905968427658,
            -0.7739531397819519,
            -0.06119963154196739
        ],
        [
            -0.10791139304637909,
            -0.7660773992538452,
            -0.06368542462587357
        ],
        [
            -0.11028333008289337,
            -0.7573021650314331,
            -0.049658022820949554
        ],
        [
            -0.09509703516960144,
            -0.7425940632820129,
            -0.04242900758981705
        ],
        [
            -0.10273182392120361,
            -0.7492259740829468,
            -0.04796630144119263
        ],
        [
            -0.09814607352018356,
            -0.7587414383888245,
            -0.064528688788414
        ],
        [
            -0.09562191367149353,
            -0.772735059261322,
            -0.07972821593284607
        ],
        [
            -0.1056942343711853,
            -0.7772848010063171,
            -0.07572239637374878
        ],
        [
            -0.09383334219455719,
            -0.7901821136474609,
            -0.09021609276533127
        ],
        [
            -0.08284109830856323,
            -0.7687885761260986,
            -0.08460400998592377
        ],
        [
            -0.08540841937065125,
            -0.7916959524154663,
            -0.0941423550248146
        ],
        [
            -0.0691857784986496,
            -0.738076388835907,
            -0.07082287967205048
        ],
        [
            -0.06541918218135834,
            -0.7296226024627686,
            -0.07437976449728012
        ],
        [
            -0.061157677322626114,
            -0.7368422746658325,
            -0.09088338166475296
        ],
        [
            -0.06638762354850769,
            -0.7456270456314087,
            -0.08798600733280182
        ],
        [
            -0.11451307684183121,
            -0.7827643752098083,
            -0.07084590196609497
        ],
        [
            -0.14300011098384857,
            -0.8400893807411194,
            -0.06551603227853775
        ],
        [
            -0.14812323451042175,
            -0.8377665877342224,
            -0.054841913282871246
        ],
        [
            -0.13742654025554657,
            -0.8285548090934753,
            -0.07015756517648697
        ],
        [
            -0.15067985653877258,
            -0.9009436368942261,
            -0.07742801308631897
        ],
        [
            -0.15873795747756958,
            -0.8926244378089905,
            -0.06275511533021927
        ],
        [
            -0.15290379524230957,
            -0.8786338567733765,
            -0.07260780036449432
        ],
        [
            -0.14681799709796906,
            -0.8880202770233154,
            -0.08589398860931396
        ],
        [
            -0.15113742649555206,
            -0.9357891082763672,
            -0.04881153255701065
        ],
        [
            -0.1637515425682068,
            -0.9175547957420349,
            -0.03113410249352455
        ],
        [
            -0.16254408657550812,
            -0.9069973230361938,
            -0.04662060737609863
        ],
        [
            -0.15301400423049927,
            -0.9206192493438721,
            -0.06186583638191223
        ],
        [
            -0.13897821307182312,
            -0.8928560018539429,
            -0.0963044986128807
        ],
        [
            -0.12687349319458008,
            -0.899004340171814,
            -0.10864688456058502
        ],
        [
            -0.12455365061759949,
            -0.9164133667945862,
            -0.10917531698942184
        ],
        [
            -0.1395353227853775,
            -0.9112102389335632,
            -0.09324756264686584
        ],
        [
            -0.11876155436038971,
            -0.9394760131835938,
            -0.1032169833779335
        ],
        [
            -0.13688912987709045,
            -0.933144211769104,
            -0.08385110646486282
        ],
        [
            -0.07147864252328873,
            -0.7815956473350525,
            -0.09921968728303909
        ],
        [
            -0.07694420963525772,
            -0.7999030947685242,
            -0.10145391523838043
        ],
        [
            -0.07367730140686035,
            -0.7559731006622314,
            -0.08397605270147324
        ],
        [
            -0.0660703107714653,
            -0.766463577747345,
            -0.09845732152462006
        ],
        [
            -0.1086048036813736,
            -0.9580148458480835,
            -0.09205254167318344
        ],
        [
            -0.13108429312705994,
            -0.952000617980957,
            -0.06985725462436676
        ],
        [
            -0.07797303795814514,
            -0.8932509422302246,
            -0.13420085608959198
        ],
        [
            -0.09140567481517792,
            -0.9073553085327148,
