{
    "pred_cam": [
        1.1353483200073242,
        -0.010713128373026848,
        0.1656283140182495
    ],
    "pred_smpl_params": {
        "global_orient": [
            [
                [
                    0.9873409867286682,
                    0.12574154138565063,
                    -0.09667961299419403
                ],
                [
                    0.13077951967716217,
                    -0.9902659058570862,
                    0.04764625430107117
                ],
                [
                    -0.08974741399288177,
                    -0.0596868060529232,
                    -0.9941745400428772
                ]
            ]
        ],
        "body_pose": [
            [
                [
                    0.9976010918617249,
                    -0.0624614842236042,
                    0.029844585806131363
                ],
                [
                    0.05580703914165497,
                    0.980743944644928,
                    0.18715478479862213
                ],
                [
                    -0.040959861129522324,
                    -0.18504026532173157,
                    0.9818770289421082
                ]
            ],
            [
                [
                    0.9975138902664185,
                    0.024456605315208435,
                    0.06609072536230087
                ],
                [
                    -0.03691982477903366,
                    0.9802047610282898,
                    0.1945137083530426
                ],
                [
                    -0.06002529338002205,
                    -0.19647017121315002,
                    0.9786707758903503
                ]
            ],
            [
                [
                    0.9995898604393005,
                    0.013356229290366173,
                    -0.02533135376870632
                ],
                [
                    -0.017869072034955025,
                    0.9821444749832153,
                    -0.18727760016918182
                ],
                [
                    0.022377725690603256,
                    0.18765345215797424,
                    0.9819803237915039
                ]
            ],
            [
                [
                    0.994739830493927,
                    0.019754188135266304,
                    -0.10051141679286957
                ],
                [
                    -0.07751071453094482,
                    0.7866622805595398,
                    -0.6124986410140991
                ],
                [
                    0.0669691190123558,
                    0.6170674562454224,
                    0.7840554714202881
                ]
            ],
            [
                [
                    0.9893214702606201,
                    -0.001286148908548057,
                    0.14574368298053741
                ],
                [
                    0.09301949292421341,
                    0.7753995656967163,
                    -0.624582052230835
                ],
                [
                    -0.11220628768205643,
                    0.6314695477485657,
                    0.7672390937805176
                ]
            ],
            [
                [
                    0.9973611235618591,
                    -0.06802008301019669,
                    -0.025378083810210228
                ],
                [
                    0.06907577812671661,
                    0.996669352054596,
                    0.04334300383925438
                ],
                [
                    0.022345365956425667,
                    -0.044981639832258224,
                    0.9987378120422363
                ]
            ],
            [
                [
                    0.9872012734413147,
                    0.05262389034032822,
                    0.1505466103553772
                ],
                [
                    -0.07027892023324966,
                    0.990938127040863,
                    0.11446568369865417
                ],
                [
                    -0.14315874874591827,
                    -0.1235809326171875,
                    0.9819537401199341
                ]
            ],
            [
                [
                    0.9824254512786865,
                    -0.07963037490844727,
                    -0.16881738603115082
                ],
                [
                    0.08034928888082504,
                    0.9967634081840515,
                    -0.0025794138200581074
                ],
                [
                    0.168476402759552,
                    -0.011030277237296104,
                    0.9856439828872681
                ]
            ],
            [
                [
                    0.9985855221748352,
                    -0.04266955330967903,
                    -0.031724102795124054
                ],
                [
                    0.039468832314014435,
                    0.9946507215499878,
                    -0.09545782208442688
                ],
                [
                    0.035627543926239014,
                    0.0940706729888916,
                    0.9949279427528381
                ]
            ],
            [
                [
                    0.9823538661003113,
                    -0.18703195452690125,
                    0.00020207749912515283
                ],
                [
                    0.18452385067939758,
                    0.9693555235862732,
                    0.16217543184757233
                ],
                [
                    -0.03052787482738495,
                    -0.1592763513326645,
                    0.9867619872093201
                ]
            ],
            [
                [
                    0.9838528037071228,
                    0.17736749351024628,
                    0.023969102650880814
                ],
                [
                    -0.1782708764076233,
                    0.9592215418815613,
                    0.21934808790683746
                ],
                [
                    0.01591353863477707,
                    -0.2200791984796524,
                    0.9753522872924805
                ]
            ],
            [
                [
                    0.9631199836730957,
                    -0.11689794808626175,
                    -0.24235256016254425
                ],
                [
                    0.12382357567548752,
                    0.9922125935554504,
                    0.013490063138306141
                ],
                [
                    0.23888827860355377,
                    -0.043001510202884674,
                    0.9700945019721985
                ]
            ],
            [
                [
                    0.9089128971099854,
                    0.3775012791156769,
                    0.17711587250232697
                ],
                [
                    -0.36353233456611633,
                    0.9254292249679565,
                    -0.10688760876655579
                ],
                [
                    -0.20425842702388763,
                    0.03276418522000313,
                    0.9783684611320496
                ]
            ],
            [
                [
                    0.9237401485443115,
                    -0.33952683210372925,
                    -0.17727257311344147
                ],
                [
                    0.3454917371273041,
                    0.9384170770645142,
                    0.0029718910809606314
                ],
                [
                    0.16534657776355743,
                    -0.0639914721250534,
                    0.9841572642326355
                ]
            ],
            [
                [
                    0.970148503780365,
                    -0.1104983240365982,
                    -0.21587496995925903
                ],
                [
                    0.0666894018650055,
                    0.9774024486541748,
                    -0.20059160888195038
                ],
                [
                    0.23316176235675812,
                    0.18020707368850708,
                    0.9555945992469788
                ]
            ],
            [
                [
                    0.48941248655319214,
                    0.8635664582252502,
                    -0.12136045098304749
                ],
                [
                    -0.8719356060028076,
                    0.48686254024505615,
                    -0.051895398646593094
                ],
                [
                    0.014270731247961521,
                    0.13121676445007324,
                    0.9912509322166443
                ]
            ],
            [
                [
                    0.5349066257476807,
                    -0.8137681484222412,
                    0.22728009521961212
                ],
                [
                    0.8305269479751587,
                    0.5558443665504456,
                    0.03552490100264549
                ],
                [
                    -0.15524140000343323,
                    0.16975973546504974,
                    0.9731811881065369
                ]
            ],
            [
                [
                    0.5421193838119507,
                    -0.33473703265190125,
                    -0.770751416683197
                ],
                [
                    0.3427218496799469,
                    0.9255538582801819,
                    -0.1609092354774475
                ],
                [
                    0.7672342658042908,
                    -0.1769213229417801,
                    0.6164823770523071
                ]
            ],
            [
                [
                    -0.10780138522386551,
                    0.4209951162338257,
                    0.900634229183197
                ],
                [
                    -0.4135403633117676,
                    0.8048316836357117,
                    -0.42571157217025757
                ],
                [
                    -0.904081404209137,
                    -0.41834089159965515,
                    0.08733650296926498
                ]
            ],
            [
                [
                    0.9961414337158203,
                    -0.08530764281749725,
                    0.02061382681131363
                ],
                [
                    0.08291380852460861,
                    0.9917678236961365,
                    0.09758026152849197
                ],
                [
                    -0.028768472373485565,
                    -0.09549456089735031,
                    0.9950141906738281
                ]
            ],
            [
                [
                    0.9792012572288513,
                    0.20277656614780426,
                    0.006824297830462456
                ],
                [
                    -0.2019481360912323,
                    0.9708579778671265,
                    0.1290416270494461
                ],
                [
                    0.019541192799806595,
                    -0.12773586809635162,
                    0.9916157126426697
                ]
            ],
            [
                [
                    0.9623978734016418,
                    0.25198888778686523,
                    -0.10144893825054169
                ],
                [
                    -0.23725828528404236,
                    0.9616214632987976,
                    0.1378137767314911
                ],
                [
                    0.132283017039299,
                    -0.10856208950281143,
                    0.9852489233016968
                ]
            ],
            [
                [
                    0.9649114608764648,
                    -0.25325286388397217,
                    0.06934607028961182
                ],
                [
                    0.2458924651145935,
                    0.9641592502593994,
                    0.09966861456632614
                ],
                [
                    -0.09210201352834702,
                    -0.0791197121143341,
                    0.9926012754440308
                ]
            ]
        ],
        "betas": [
            -0.016046270728111267,
            -0.11157423257827759,
            0.19892618060112,
            0.26770830154418945,
            0.030282706022262573,
            0.013350103050470352,
            0.02377989888191223,
            -0.07080906629562378,
            0.0552678257226944,
            -0.0082014799118042
        ]
    },
    "pred_cam_t": [
        -0.010713128373026848,
        0.1656283140182495,
        34.40574264526367
    ],
    "focal_length": [
        5000.0,
        5000.0
    ],
    "pred_keypoints_3d": [
        [
            -0.06456971168518066,
            -0.8010456562042236,
            -0.18858885765075684
        ],
        [
            0.03993292152881622,
            -0.7345384359359741,
            -0.03993464633822441
        ],
        [
            -0.13008072972297668,
            -0.655631959438324,
            0.04309803992509842
        ],
        [
            -0.17946620285511017,
            -0.41768091917037964,
            0.1138518676161766
        ],
        [
            -0.3194463849067688,
            -0.4374479651451111,
            -0.09680842608213425
        ],
        [
            0.21501760184764862,
            -0.636364221572876,
            -0.029749680310487747
        ],
        [
            0.24297042191028595,
            -0.4081479609012604,
            0.090457022190094
        ],
        [
            0.3237606883049011,
            -0.2215432971715927,
            -0.05146870017051697
        ],
        [
            -0.001962359994649887,
            -0.22726762294769287,
            0.028745099902153015
        ],
        [
            -0.07996387779712677,
            -0.14628762006759644,
            0.04431832581758499
        ],
        [
            -0.18010151386260986,
            0.21952056884765625,
            0.0030764304101467133
        ],
        [
            -0.21514861285686493,
            0.5319634675979614,
            0.24647510051727295
        ],
        [
            0.05584508180618286,
            -0.12750528752803802,
            0.03453132510185242
        ],
        [
            0.06004561856389046,
            0.24291189014911652,
            -0.011508680880069733
        ],
        [
            0.03225850313901901,
            0.5582697987556458,
            0.22828376293182373
        ],
        [
            -0.07641389220952988,
            -0.8477456569671631,
            -0.14998269081115723
        ],
        [
            -0.027636848390102386,
            -0.8491472005844116,
            -0.19518953561782837
        ],
        [
            -0.043823108077049255,
            -0.8592536449432373,
            -0.052480172365903854
        ],
        [
            0.06672921031713486,
            -0.8618878722190857,
            -0.15181787312030792
        ],
        [
            0.016190223395824432,
            0.6845988035202026,
            0.07395708560943604
        ],
        [
            0.0860329419374466,
            0.675490140914917,
            0.12011963129043579
        ],
        [
            0.03896302729845047,
            0.566926121711731,
            0.2986527681350708
        ],
        [
            -0.22729629278182983,
            0.6687717437744141,
            0.1055101752281189
        ],
        [
            -0.29883211851119995,
            0.6436744928359985,
            0.15032601356506348
        ],
        [
            -0.21806132793426514,
            0.541441798210144,
            0.3201444745063782
        ],
        [
            -0.22981442511081696,
            0.47513139247894287,
            0.24399738013744354
        ],
        [
            -0.1667451560497284,
            0.1596611738204956,
            -0.00040893908590078354
        ],
        [
            -0.14287734031677246,
            -0.28069519996643066,
            0.05165189504623413
        ],
        [
            0.14751452207565308,
            -0.22639396786689758,
            0.03977091237902641
        ],
        [
            0.07351373136043549,
            0.20378288626670837,
            -0.013711387291550636
        ],
        [
            0.04538924992084503,
            0.5179752111434937,
            0.23417314887046814
        ],
        [
            -0.29426318407058716,
            -0.4660419225692749,
            -0.08675462752580643
        ],
        [
            -0.2106625884771347,
            -0.45273470878601074,
            0.10859005153179169
        ],
        [
            -0.09737303853034973,
            -0.6813042163848877,
            0.02370845526456833
        ],
        [
            0.18295155465602875,
            -0.6694948077201843,
            -0.032747913151979446
        ],
        [
            0.281413733959198,
            -0.43241599202156067,
            0.05630715191364288
        ],
        [
            0.326221227645874,
            -0.24509508907794952,
            -0.05493074655532837
        ],
        [
            0.04261726513504982,
            -0.7278821468353271,
            -0.034947559237480164
        ],
        [
            -0.007297163363546133,
            -0.9078056812286377,
            -0.12520797550678253
        ],
        [
            0.003163478570058942,
            -0.25341475009918213,
            0.0453476645052433
        ],
        [
            0.041586458683013916,
            -0.6728990077972412,
            -0.008436741307377815
        ],
        [
            0.03825754672288895,
            -0.4960038661956787,
            0.025797512382268906
        ],
        [
            -0.00651882030069828,
            -0.7940533757209778,
            -0.13387972116470337
        ],
        [
            -0.009265316650271416,
            -0.9283648133277893,
            -0.11838245391845703
        ]
    ],
    "pred_vertices": [
        [
            -0.027115732431411743,
            -0.8941249847412109,
            -0.21251225471496582
        ],
        [
            -0.032985031604766846,
            -0.8786647319793701,
            -0.21053315699100494
        ],
        [
            -0.018445663154125214,
            -0.8778601884841919,
            -0.21090589463710785
        ],
        [
            -0.010165117681026459,
            -0.8904906511306763,
            -0.2095479816198349
        ],
        [
            -0.023192889988422394,
            -0.8675976991653442,
            -0.2102968543767929
        ],
        [
            -0.03546077013015747,
            -0.8670691251754761,
            -0.20874685049057007
        ],
        [
            -0.0054059624671936035,
            -0.8747645616531372,
            -0.20651602745056152
        ],
        [
            0.0038769319653511047,
            -0.8837466239929199,
            -0.20374125242233276
        ],
        [
            0.012212209403514862,
            -0.8431090712547302,
            -0.1949542760848999
        ],
        [
            0.0222330242395401,
            -0.8408179879188538,
            -0.1895802915096283
        ],
        [
            0.019328847527503967,
            -0.8523804545402527,
            -0.19343669712543488
        ],
        [
            0.009491674602031708,
            -0.8515490293502808,
            -0.1967795193195343
        ],
        [
            0.019232630729675293,
            -0.8188108801841736,
            -0.18671953678131104
        ],
        [
            0.010808460414409637,
            -0.8076592683792114,
            -0.1871415376663208
        ],
        [
            0.020673230290412903,
            -0.8013771772384644,
            -0.17963354289531708
        ],
        [
            0.028632082045078278,
            -0.8121124505996704,
            -0.1778198778629303
        ],
        [
            -0.03199385851621628,
            -0.8146916627883911,
            -0.1861075460910797
        ],
        [
            -0.0258050337433815,
            -0.8085925579071045,
            -0.18787333369255066
        ],
        [
            -0.02367047220468521,
            -0.815385103225708,
            -0.19103312492370605
        ],
        [
            -0.03006739914417267,
            -0.8207295536994934,
            -0.1883697658777237
        ],
        [
            -0.04454715549945831,
            -0.8225513696670532,
            -0.1860072910785675
        ],
        [
            -0.042668431997299194,
            -0.82871413230896,
            -0.18517014384269714
        ],
        [
            -0.05016966164112091,
            -0.8311229944229126,
            -0.1864023655653
        ],
        [
            -0.051908038556575775,
            -0.8240483403205872,
            -0.18846938014030457
        ],
        [
            -0.035144053399562836,
            -0.8095248937606812,
            -0.1814495474100113
        ],
        [
            -0.02827366441488266,
            -0.8032889366149902,
            -0.18324780464172363
        ],
        [
            -0.03766786307096481,
            -0.819779634475708,
            -0.18494312465190887
        ],
        [
            -0.039495401084423065,
            -0.8149340152740479,
            -0.18462345004081726
        ],
        [
            -0.04709852486848831,
            -0.8065342903137207,
            -0.18909378349781036
        ],
        [
            -0.04585983604192734,
            -0.8115200996398926,
            -0.18980631232261658
        ],
        [
            -0.053066350519657135,
            -0.8108848333358765,
            -0.1927528828382492
        ],
        [
            -0.052588269114494324,
            -0.8056999444961548,
            -0.1905108094215393
        ],
        [
            -0.0391656830906868,
            -0.808195948600769,
            -0.1839194893836975
        ],
        [
            -0.04103987663984299,
            -0.8103368282318115,
            -0.18688951432704926
        ],
        [
            -0.043682754039764404,
            -0.8061286211013794,
            -0.18632380664348602
        ],
        [
            -0.04230055212974548,
            -0.8048405647277832,
            -0.18260842561721802
        ],
        [
            -0.0460832417011261,
            -0.8177689909934998,
            -0.18695279955863953
        ],
        [
            -0.05297362804412842,
            -0.8178806304931641,
            -0.19042158126831055
        ],
        [
            -0.06065187603235245,
            -0.8175501823425293,
            -0.19331447780132294
        ],
        [
            -0.060424044728279114,
            -0.8087872266769409,
            -0.19503961503505707
        ],
        [
            -0.010173454880714417,
            -0.7972708344459534,
            -0.18729066848754883
        ],
        [
            -0.0185040682554245,
            -0.8027502298355103,
            -0.18871493637561798
        ],
        [
            -0.021386437118053436,
            -0.7978737354278564,
            -0.18464040756225586
        ],
        [
            -0.014658026397228241,
            -0.7933398485183716,
            -0.18443644046783447
        ],
        [
            -0.03843647241592407,
            -0.8025903105735779,
            -0.18039733171463013
        ],
        [
            -0.03205782175064087,
            -0.7872510552406311,
            -0.17999069392681122
        ],
        [
            -0.032875753939151764,
            -0.7908421754837036,
            -0.18112435936927795
        ],
        [
            -0.040188953280448914,
            -0.7905541658401489,
            -0.1803319901227951
        ],
        [
            -0.0388336181640625,
            -0.7872600555419922,
            -0.17958812415599823
        ],
        [
            0.002270735800266266,
            -0.7857446670532227,
            -0.1807706207036972
        ],
        [
            -0.004785269498825073,
            -0.7833819389343262,
            -0.18060779571533203
        ],
        [
            -0.0011889785528182983,
            -0.7774181365966797,
            -0.17742229998111725
        ],
        [
            0.006548859179019928,
            -0.7788262367248535,
            -0.1759549081325531
        ],
        [
            -0.0006939321756362915,
            -0.7720528841018677,
            -0.1741187572479248
        ],
        [
            0.009698010981082916,
            -0.7720712423324585,
            -0.17112039029598236
        ],
        [
            0.005713988095521927,
            -0.7585124373435974,
            -0.16275611519813538
        ],
        [
            0.008263055235147476,
            -0.7644965648651123,
            -0.16660667955875397
        ],
        [
            -0.0026788264513015747,
            -0.7665138840675354,
            -0.17091330885887146
        ],
        [
            -0.007754333317279816,
            -0.7607809901237488,
            -0.16899222135543823
        ],
        [
            -0.023952461779117584,
            -0.7627409100532532,
            -0.16862666606903076
        ],
        [
            -0.02995605766773224,
            -0.7606178522109985,
            -0.16678397357463837
        ],
        [
            -0.0222933366894722,
            -0.7497366666793823,
            -0.16592717170715332
        ],
        [
            -0.01528593897819519,
            -0.7543694972991943,
            -0.16754460334777832
        ],
        [
            -0.02848215401172638,
            -0.7827518582344055,
            -0.17523740231990814
        ],
        [
            -0.023715227842330933,
            -0.7836359739303589,
            -0.1755772829055786
        ],
        [
            -0.025261692702770233,
            -0.7844469547271729,
            -0.17777305841445923
        ],
        [
            -0.03071717917919159,
            -0.7845721244812012,
            -0.17786048352718353
        ],
        [
            -0.01977524161338806,
            -0.7838853597640991,
            -0.17642369866371155
        ],
        [
            -0.018032893538475037,
            -0.7838721871376038,
            -0.1768747866153717
        ],
        [
            -0.0192197784781456,
            -0.7847886085510254,
            -0.1778973937034607
        ],
        [
            -0.02058453857898712,
            -0.78449547290802,
            -0.1769135296344757
        ],
        [
            -0.02236700803041458,
            -0.7839791178703308,
            -0.17606329917907715
        ],
        [
            -0.022936895489692688,
            -0.7820236086845398,
            -0.17533990740776062
        ],
        [
            -0.02055279165506363,
            -0.7830073833465576,
            -0.17608273029327393
        ],
        [
            -0.027228258550167084,
            -0.7804408073425293,
            -0.1750667244195938
        ],
        [
            -0.041021473705768585,
            -0.775774359703064,
            -0.1729535460472107
        ],
        [
            -0.03748544305562973,
            -0.776725172996521,
            -0.1742517501115799
        ],
        [
            -0.03900459408760071,
            -0.7812321186065674,
            -0.17346762120723724
        ],
        [
            -0.04204462468624115,
            -0.7806904315948486,
            -0.17245042324066162
        ],
        [
            -0.022016175091266632,
            -0.7861565351486206,
            -0.17860212922096252
        ],
        [
            -0.020106621086597443,
            -0.7877346277236938,
            -0.18015187978744507
        ],
        [
            -0.025738663971424103,
            -0.7893720865249634,
            -0.18094074726104736
        ],
        [
            -0.025638580322265625,
            -0.7869133949279785,
            -0.17914269864559174
        ],
        [
            -0.018390513956546783,
            -0.7896488904953003,
            -0.18210206925868988
        ],
        [
            -0.017357759177684784,
            -0.7861714363098145,
            -0.17912042140960693
        ],
        [
            -0.014532871544361115,
            -0.7870311141014099,
            -0.18091124296188354
        ],
        [
            -0.01802714914083481,
            -0.7821506261825562,
            -0.17619198560714722
        ],
        [
            -0.01469895988702774,
            -0.7809178829193115,
            -0.17649850249290466
        ],
        [
            -0.015467807650566101,
            -0.7832031846046448,
            -0.17814722657203674
        ],
        [
            -0.015740536153316498,
            -0.7776815295219421,
            -0.17481732368469238
        ],
        [
            -0.02015465497970581,
            -0.7800341844558716,
            -0.17498154938220978
        ],
        [
            -0.02417084574699402,
            -0.7774988412857056,
            -0.17446386814117432
        ],
        [
            -0.029564402997493744,
            -0.774879515171051,
            -0.17395752668380737
        ],
        [
            -0.024751171469688416,
            -0.7710562944412231,
            -0.17226840555667877
        ],
        [
            -0.019388779997825623,
            -0.7742379903793335,
            -0.17347633838653564
        ],
        [
            -0.024334244430065155,
            -0.7933475971221924,
            -0.18255166709423065
        ],
        [
            -0.010889656841754913,
            -0.7831391096115112,
            -0.17926236987113953
        ],
        [
            -0.009508997201919556,
            -0.7893600463867188,
            -0.18277089297771454
        ],
        [
            -0.009208984673023224,
            -0.7787882089614868,
            -0.1773620992898941
        ],
        [
            -0.00950545072555542,
            -0.7745968699455261,
            -0.17478804290294647
        ],
        [
            -0.012252770364284515,
            -0.7703263759613037,
            -0.1725199818611145
        ],
        [
            -0.017964854836463928,
            -0.7662389278411865,
            -0.1705719232559204
        ],
        [
            -0.011260494589805603,
            -0.7446362972259521,
            -0.15702031552791595
        ],
        [
            -0.0031798407435417175,
            -0.7506916522979736,
            -0.16016392409801483
        ],
        [
            -0.03422398865222931,
            -0.8604989051818848,
            -0.20351925492286682
        ],
        [
            -0.02553161233663559,
            -0.8606404066085815,
            -0.2070111334323883
        ],
        [
            -0.020929202437400818,
            -0.8545584678649902,
            -0.20180769264698029
        ],
        [
            -0.02013237029314041,
            -0.8569234609603882,
            -0.2032773643732071
        ],
        [
            -0.02624218910932541,
            -0.8571715950965881,
            -0.2028273493051529
        ],
        [
            -0.025733351707458496,
            -0.8546805381774902,
            -0.2012416273355484
        ],
        [
            0.0003237798810005188,
            -0.8518258333206177,
            -0.19760501384735107
        ],
        [
            -0.006645269691944122,
            -0.8522847890853882,
            -0.19831500947475433
        ],
        [
            -0.004582799971103668,
            -0.8489761352539062,
            -0.1967727243900299
        ],
        [
            0.003445260226726532,
            -0.8456380367279053,
            -0.1968919038772583
        ],
        [
            -0.013294711709022522,
            -0.8395707607269287,
            -0.19561263918876648
        ],
        [
            -0.008116483688354492,
            -0.8417986631393433,
            -0.1962025761604309
        ],
        [
            -0.014239422976970673,
            -0.84736567735672,
            -0.197243332862854
        ],
        [
            -0.018013611435890198,
            -0.8457320928573608,
            -0.19688327610492706
        ],
        [
            -0.022084057331085205,
            -0.8446550369262695,
            -0.19587360322475433
        ],
        [
            -0.026078328490257263,
            -0.8442304134368896,
            -0.19419027864933014
        ],
        [
            -0.024538695812225342,
            -0.8392909169197083,
            -0.19269776344299316
        ],
        [
            -0.0192347913980484,
            -0.8389691114425659,
            -0.19435325264930725
        ],
        [
            -0.03255847096443176,
            -0.8577406406402588,
            -0.1997479796409607
        ],
        [
            -0.03780362755060196,
            -0.8569394946098328,
            -0.19487768411636353
        ],
        [
            -0.03580298274755478,
            -0.8542549014091492,
            -0.19453707337379456
        ],
        [
            -0.03159976005554199,
            -0.8546513319015503,
            -0.19902171194553375
        ],
        [
            -0.03925125300884247,
            -0.849298894405365,
            -0.1828821450471878
        ],
        [
            -0.039431408047676086,
            -0.8514154553413391,
            -0.1849565953016281
        ],
        [
            -0.04318036884069443,
            -0.8523718118667603,
            -0.18385064601898193
        ],
        [
            -0.04245508462190628,
            -0.8482381105422974,
            -0.18177536129951477
        ],
        [
            -0.04015865921974182,
            -0.8453088998794556,
            -0.18266259133815765
        ],
        [
            -0.03820151090621948,
            -0.8475541472434998,
            -0.18367470800876617
        ],
        [
            -0.03716116398572922,
            -0.9150384068489075,
            -0.20963433384895325
        ],
        [
            -0.04264958202838898,
            -0.8969459533691406,
            -0.20965231955051422
        ],
        [
            -0.016468405723571777,
            -0.9121012687683105,
            -0.20900458097457886
        ],
        [
            -0.00021535158157348633,
            -0.9052368402481079,
            -0.20453134179115295
        ],
        [
            0.013966768980026245,
            -0.894424319267273,
            -0.19908744096755981
        ],
        [
            0.01128397136926651,
            -0.7921311855316162,
            -0.18049964308738708
        ],
        [
            0.01817513257265091,
            -0.7851442098617554,
            -0.17465324699878693
        ],
        [
            0.030004188418388367,
            -0.7957575917243958,
            -0.17179663479328156
        ],
        [
            0.03396144136786461,
            -0.7871236205101013,
            -0.16395631432533264
        ],
        [
            0.021727677434682846,
            -0.7764314413070679,
            -0.16791561245918274
        ],
        [
            0.017307206988334656,
            -0.7596059441566467,
            -0.1533585637807846
        ],
        [
            0.02160121127963066,
            -0.7673102617263794,
            -0.16054248809814453
        ],
        [
            0.03580976277589798,
            -0.7793787121772766,
            -0.1534736454486847
        ],
        [
            0.04781634733080864,
            -0.7953318357467651,
            -0.1489226520061493
        ],
        [
            0.04373009502887726,
            -0.7999091148376465,
            -0.1603902131319046
        ],
        [
            0.05548853799700737,
            -0.8135603666305542,
            -0.14533250033855438
        ],
        [
            0.05367397889494896,
            -0.7909858226776123,
            -0.13420648872852325
        ],
        [
            0.05923107638955116,
            -0.8147327899932861,
            -0.1358925700187683
        ],
        [
            0.04943856969475746,
            -0.754219651222229,
            -0.11996405571699142
        ],
        [
            0.055916085839271545,
            -0.7444260120391846,
            -0.11394001543521881
        ],
        [
            0.06933840364217758,
            -0.7548649311065674,
            -0.10740616172552109
        ],
        [
            0.06440982222557068,
            -0.7646200656890869,
            -0.11515332758426666
        ],
        [
            0.037680357694625854,
            -0.8055621385574341,
            -0.16927067935466766
        ],
        [
            0.023342706263065338,
            -0.8643134832382202,
            -0.1909160315990448
        ],
        [
            0.013257250189781189,
            -0.8611518740653992,
            -0.19686201214790344
        ],
        [
            0.02969224750995636,
            -0.8533223867416382,
            -0.18681630492210388
        ],
        [
            0.025334641337394714,
            -0.9273109436035156,
            -0.18978966772556305
        ],
        [
            0.011624075472354889,
            -0.9177263975143433,
            -0.19864393770694733
        ],
        [
            0.023907653987407684,
            -0.9050134420394897,
            -0.1951903998851776
        ],
        [
            0.03533775359392166,
            -0.9155675172805786,
            -0.18723176419734955
        ],
        [
            -0.007802434265613556,
            -0.9577934741973877,
            -0.18632741272449493
        ],
        [
            -0.022937893867492676,
            -0.93896484375,
            -0.20119240880012512
        ],
        [
            -0.006662726402282715,
            -0.9300490617752075,
            -0.20054355263710022
        ],
        [
            0.007096648216247559,
            -0.9449069499969482,
            -0.19003434479236603
        ],
        [
            0.04449756443500519,
            -0.9207308292388916,
            -0.17863406240940094
        ],
        [
            0.05666714906692505,
            -0.9272648096084595,
            -0.1656256914138794
        ],
        [
            0.05417256057262421,
            -0.9443964958190918,
            -0.1612793654203415
        ],
        [
            0.038955554366111755,
            -0.9381530284881592,
            -0.17676913738250732
        ],
        [
            0.044901587069034576,
            -0.9653700590133667,
            -0.1525217741727829
        ],
        [
            0.026790417730808258,
            -0.9585238099098206,
            -0.17175032198429108
        ],
        [
            0.06711375713348389,
            -0.8038696050643921,
            -0.1217411607503891
        ],
        [
            0.06625606119632721,
            -0.8221832513809204,
            -0.1269034743309021
        ],
        [
            0.05732230097055435,
            -0.7762570381164551,
            -0.1245114654302597
        ],
        [
            0.0696016326546669,
            -0.7882226705551147,
            -0.1152518093585968
        ],
        [
            0.031198062002658844,
            -0.9811528921127319,
            -0.14013749361038208
        ],
        [
            0.010179534554481506,
            -0.974200963973999,
            -0.16384175419807434
        ],
        [
            0.08147301524877548,
            -0.9198293685913086,
            -0.11706174910068512
        ],
        [
            0.0758034810423851,
            -0.9348242282867432,
            -0.12884259223937988
        ],
        [
            0.07310262322425842,
