{
    "pred_cam": [
        1.1218953132629395,
        -0.005663780495524406,
        0.1658942699432373
    ],
    "pred_smpl_params": {
        "global_orient": [
            [
                [
                    0.9883052110671997,
                    0.121650330722332,
                    -0.09194526821374893
                ],
                [
                    0.1260218769311905,
                    -0.9910813570022583,
                    0.043316055089235306
                ],
                [
                    -0.08585582673549652,
                    -0.054396603256464005,
                    -0.9948214888572693
                ]
            ]
        ],
        "body_pose": [
            [
                [
                    0.9977131485939026,
                    -0.060537975281476974,
                    0.03006063587963581
                ],
                [
                    0.05396264046430588,
                    0.9812431335449219,
                    0.18506737053394318
                ],
                [
                    -0.04070039838552475,
                    -0.18302199244499207,
                    0.9822659492492676
                ]
            ],
            [
                [
                    0.9975393414497375,
                    0.022183166816830635,
                    0.06650811433792114
                ],
                [
                    -0.034609511494636536,
                    0.9807912707328796,
                    0.19196544587612152
                ],
                [
                    -0.06097216531634331,
                    -0.1937948614358902,
                    0.9791456460952759
                ]
            ],
            [
                [
                    0.9995735287666321,
                    0.015395590104162693,
                    -0.02481318637728691
                ],
                [
                    -0.01976291462779045,
                    0.9822177886962891,
                    -0.18670177459716797
                ],
                [
                    0.0214975718408823,
                    0.18711254000663757,
                    0.982103168964386
                ]
            ],
            [
                [
                    0.9948262572288513,
                    0.018317438662052155,
                    -0.09992556273937225
                ],
                [
                    -0.07593094557523727,
                    0.7875293493270874,
                    -0.611581563949585
                ],
                [
                    0.06749173998832703,
                    0.6160048842430115,
                    0.7848457098007202
                ]
            ],
            [
                [
                    0.9894540905952454,
                    5.1711249398067594e-05,
                    0.14484667778015137
                ],
                [
                    0.08931325376033783,
                    0.7870544791221619,
                    -0.6103838086128235
                ],
                [
                    -0.1140337809920311,
                    0.6168835163116455,
                    0.7787496447563171
                ]
            ],
            [
                [
                    0.9972636699676514,
                    -0.06945113092660904,
                    -0.025332612916827202
                ],
                [
                    0.07060927152633667,
                    0.9963428974151611,
                    0.04811684042215347
                ],
                [
                    0.02189819887280464,
                    -0.049773890525102615,
                    0.9985204935073853
                ]
            ],
            [
                [
                    0.987317681312561,
                    0.05210638791322708,
                    0.14996227622032166
                ],
                [
                    -0.06982692331075668,
                    0.9908573031425476,
                    0.1154380515217781
                ],
                [
                    -0.1425761580467224,
                    -0.12444543838500977,
                    0.981929361820221
                ]
            ],
            [
                [
                    0.9821510314941406,
                    -0.08342436701059341,
                    -0.16858144104480743
                ],
                [
                    0.08310388028621674,
                    0.996500551700592,
                    -0.008968167938292027
                ],
                [
                    0.16873964667320251,
                    -0.005201674997806549,
                    0.9856469631195068
                ]
            ],
            [
                [
                    0.9985421299934387,
                    -0.043832577764987946,
                    -0.03150155767798424
                ],
                [
                    0.040580131113529205,
                    0.9944213032722473,
                    -0.09736278653144836
                ],
                [
                    0.035593483597040176,
                    0.09594250470399857,
                    0.9947503209114075
                ]
            ],
            [
                [
                    0.9828080534934998,
                    -0.1846131682395935,
                    -0.002516139065846801
                ],
                [
                    0.18253302574157715,
                    0.969505250453949,
                    0.16352728009223938
                ],
                [
                    -0.027749884873628616,
                    -0.1611752063035965,
                    0.9865355491638184
                ]
            ],
            [
                [
                    0.9832724928855896,
                    0.18088692426681519,
                    0.021334074437618256
                ],
                [
                    -0.1811782717704773,
                    0.9593197703361511,
                    0.21651791036128998
                ],
                [
                    0.018699059262871742,
                    -0.21676138043403625,
                    0.976045548915863
                ]
            ],
            [
                [
                    0.9595713019371033,
                    -0.11564968526363373,
                    -0.25660887360572815
                ],
                [
                    0.12330685555934906,
                    0.9922713041305542,
                    0.013896049931645393
                ],
                [
                    0.2530185580253601,
                    -0.0449758842587471,
                    0.9664154648780823
                ]
            ],
            [
                [
                    0.9080924391746521,
                    0.37776967883110046,
                    0.18071550130844116
                ],
                [
                    -0.3620620369911194,
                    0.9250977039337158,
                    -0.11447851359844208
                ],
                [
                    -0.21042600274085999,
                    0.03852686285972595,
                    0.9768502712249756
                ]
            ],
            [
                [
                    0.9230982661247253,
                    -0.3397504687309265,
                    -0.1801646649837494
                ],
                [
                    0.3464559316635132,
                    0.9380460381507874,
                    0.006168216932564974
                ],
                [
                    0.16690707206726074,
                    -0.06811297684907913,
                    0.9836172461509705
                ]
            ],
            [
                [
                    0.9665480852127075,
                    -0.11409595608711243,
                    -0.2297104150056839
                ],
                [
                    0.06599394232034683,
                    0.9760841131210327,
                    -0.20713432133197784
                ],
                [
                    0.24784986674785614,
                    0.18504579365253448,
                    0.9509618878364563
                ]
            ],
            [
                [
                    0.48630550503730774,
                    0.8653021454811096,
                    -0.12148752808570862
                ],
                [
                    -0.8737682104110718,
                    0.48252665996551514,
                    -0.060804326087236404
                ],
                [
                    0.006006855051964521,
                    0.13572141528129578,
                    0.9907289147377014
                ]
            ],
            [
                [
                    0.5405047535896301,
                    -0.8124907612800598,
                    0.2184339165687561
                ],
                [
                    0.825687050819397,
                    0.5621079802513123,
                    0.04770219326019287
                ],
                [
                    -0.16154104471206665,
                    0.15457479655742645,
                    0.9746851325035095
                ]
            ],
            [
                [
                    0.5502179265022278,
                    -0.33266162872314453,
                    -0.7658958435058594
                ],
                [
                    0.34186744689941406,
                    0.926565945148468,
                    -0.15685077011585236
                ],
                [
                    0.7618312835693359,
                    -0.1755327582359314,
                    0.623539388179779
                ]
            ],
            [
                [
                    -0.08977756649255753,
                    0.41351518034935,
                    0.9060602784156799
                ],
                [
                    -0.44271132349967957,
                    0.798348605632782,
                    -0.4082232117652893
                ],
                [
                    -0.8921584486961365,
                    -0.4377724230289459,
                    0.11139406263828278
                ]
            ],
            [
                [
                    0.9965655207633972,
                    -0.08018249273300171,
                    0.02069103717803955
                ],
                [
                    0.07743846625089645,
                    0.9908909797668457,
                    0.11017446219921112
                ],
                [
                    -0.029336625710129738,
                    -0.1081937700510025,
                    0.9936969876289368
                ]
            ],
            [
                [
                    0.9789933562278748,
                    0.203855961561203,
                    0.0038536174688488245
                ],
                [
                    -0.20248949527740479,
                    0.9698702692985535,
                    0.1354609727859497
                ],
                [
                    0.023877015337347984,
                    -0.13339568674564362,
                    0.9907752275466919
                ]
            ],
            [
                [
                    0.9626697897911072,
                    0.25067752599716187,
                    -0.1021159291267395
                ],
                [
                    -0.2360004484653473,
                    0.9620645046234131,
                    0.13687825202941895
                ],
                [
                    0.13255441188812256,
                    -0.1076691597700119,
                    0.985310435295105
                ]
            ],
            [
                [
                    0.9651027917861938,
                    -0.2528373599052429,
                    0.06819012761116028
                ],
                [
                    0.24570481479167938,
                    0.964358925819397,
                    0.09818919748067856
                ],
                [
                    -0.09058564156293869,
                    -0.0780080258846283,
                    0.9928288459777832
                ]
            ]
        ],
        "betas": [
            -0.004335135221481323,
            -0.09585034847259521,
            0.21460911631584167,
            0.3101899027824402,
            0.027965843677520752,
            0.014827702194452286,
            0.020911604166030884,
            -0.06740224361419678,
            0.0596817284822464,
            -0.010209262371063232
        ]
    },
    "pred_cam_t": [
        -0.005663780495524406,
        0.1658942699432373,
        34.81830978393555
    ],
    "focal_length": [
        5000.0,
        5000.0
    ],
    "pred_keypoints_3d": [
        [
            -0.06873240321874619,
            -0.8038759231567383,
            -0.18316872417926788
        ],
        [
            0.03832310065627098,
            -0.7365736961364746,
            -0.0368146188557148
        ],
        [
            -0.13175497949123383,
            -0.6559375524520874,
            0.04505060985684395
        ],
        [
            -0.18247978389263153,
            -0.41704583168029785,
            0.11172358691692352
        ],
        [
            -0.3314773142337799,
            -0.4398984909057617,
            -0.0924774557352066
        ],
        [
            0.21394169330596924,
            -0.6393042206764221,
            -0.025881493464112282
        ],
        [
            0.24163542687892914,
            -0.41205546259880066,
            0.09638740122318268
        ],
        [
            0.32425880432128906,
            -0.22301171720027924,
            -0.04144872725009918
        ],
        [
            -0.0020061919931322336,
            -0.22782085835933685,
            0.02860858105123043
        ],
        [
            -0.07956680655479431,
            -0.14638806879520416,
            0.04348765313625336
        ],
        [
            -0.17708052694797516,
            0.22012923657894135,
            0.0008504763245582581
        ],
        [
            -0.21247538924217224,
            0.5378109216690063,
            0.23752108216285706
        ],
        [
            0.056050948798656464,
            -0.12827105820178986,
            0.034242741763591766
        ],
        [
            0.061524275690317154,
            0.24210233986377716,
            -0.012898996472358704
        ],
        [
            0.033969633281230927,
            0.5586622357368469,
            0.22553735971450806
        ],
        [
            -0.07966934144496918,
            -0.8505318760871887,
            -0.14413616061210632
        ],
        [
            -0.03196901082992554,
            -0.8520338535308838,
            -0.19049102067947388
        ],
        [
            -0.0448695570230484,
            -0.8618882894515991,
            -0.047405827790498734
        ],
        [
            0.06349697709083557,
            -0.8647140264511108,
            -0.14923396706581116
        ],
        [
            0.0187370702624321,
            0.6841069459915161,
            0.07036702334880829
        ],
        [
            0.08857901394367218,
            0.6752243041992188,
            0.11675243079662323
        ],
        [
            0.04049158841371536,
            0.5677552223205566,
            0.29598715901374817
        ],
        [
            -0.22302868962287903,
            0.6729559898376465,
            0.09436723589897156
        ],
        [
            -0.2949051260948181,
            0.6487168669700623,
            0.13929283618927002
        ],
        [
            -0.21582454442977905,
            0.5484110116958618,
            0.31105777621269226
        ],
        [
            -0.2273654043674469,
            0.48094624280929565,
            0.23603464663028717
        ],
        [
            -0.1640288084745407,
            0.15992292761802673,
            -0.0022278735414147377
        ],
        [
            -0.1429409235715866,
            -0.28055375814437866,
            0.05099352449178696
        ],
        [
            0.1470668911933899,
            -0.22762471437454224,
            0.04022300988435745
        ],
        [
            0.07484687119722366,
            0.20291371643543243,
            -0.01490812562406063
        ],
        [
            0.046917252242565155,
            0.5183676481246948,
            0.23172691464424133
        ],
        [
            -0.3061428964138031,
            -0.468586266040802,
            -0.08302032947540283
        ],
        [
            -0.21337446570396423,
            -0.45231056213378906,
            0.10787515342235565
        ],
        [
            -0.09907546639442444,
            -0.6820706129074097,
            0.025903161615133286
        ],
        [
            0.18146702647209167,
            -0.6723376512527466,
            -0.028973741456866264
        ],
        [
            0.28032639622688293,
            -0.4360865354537964,
            0.06227767467498779
        ],
        [
            0.32679954171180725,
            -0.2465689778327942,
            -0.045217230916023254
        ],
        [
            0.04103291779756546,
            -0.7298778295516968,
            -0.03173517435789108
        ],
        [
            -0.01008298434317112,
            -0.9105703234672546,
            -0.12093764543533325
        ],
        [
            0.002892265794798732,
            -0.25395143032073975,
            0.0452360138297081
        ],
        [
            0.040099963545799255,
            -0.6747221946716309,
            -0.005487754940986633
        ],
        [
            0.037422314286231995,
            -0.49714842438697815,
            0.026934511959552765
        ],
        [
            -0.009415017440915108,
            -0.7967853546142578,
            -0.1298658847808838
        ],
        [
            -0.011945781297981739,
            -0.9310949444770813,
            -0.11400758475065231
        ]
    ],
    "pred_vertices": [
        [
            -0.03181293606758118,
            -0.8970065116882324,
            -0.207750141620636
        ],
        [
            -0.03762833774089813,
            -0.8815439343452454,
            -0.20569336414337158
        ],
        [
            -0.023092418909072876,
            -0.8807523250579834,
            -0.20637677609920502
        ],
        [
            -0.014787957072257996,
            -0.8933702111244202,
            -0.2051953375339508
        ],
        [
            -0.027819812297821045,
            -0.8704980611801147,
            -0.20569385588169098
        ],
        [
            -0.04006863385438919,
            -0.8699541687965393,
            -0.20386923849582672
        ],
        [
            -0.009950302541255951,
            -0.8776712417602539,
            -0.2022784948348999
        ],
        [
            -0.000611431896686554,
            -0.8866187930107117,
            -0.19971328973770142
        ],
        [
            0.007902376353740692,
            -0.8460071086883545,
            -0.19117696583271027
        ],
        [
            0.018046937882900238,
            -0.8437225222587585,
            -0.1860354095697403
        ],
        [
            0.01507442444562912,
            -0.8552942276000977,
            -0.18980951607227325
        ],
        [
            0.005162224173545837,
            -0.8544626235961914,
            -0.19293569028377533
        ],
        [
            0.015153855085372925,
            -0.8216983079910278,
            -0.183128222823143
        ],
        [
            0.0067242830991744995,
            -0.8105403780937195,
            -0.18338435888290405
        ],
        [
            0.01678558439016342,
            -0.8042466640472412,
            -0.17611077427864075
        ],
        [
            0.024777814745903015,
            -0.8149912357330322,
            -0.17446665465831757
        ],
        [
            -0.036105915904045105,
            -0.8175530433654785,
            -0.181369811296463
        ],
        [
            -0.02994149923324585,
            -0.811453104019165,
            -0.18329907953739166
        ],
        [
            -0.027888543903827667,
            -0.8182566165924072,
            -0.186491459608078
        ],
        [
            -0.03423745930194855,
            -0.8235988616943359,
            -0.18367129564285278
        ],
        [
            -0.0486578568816185,
            -0.8254172205924988,
            -0.18098273873329163
        ],
        [
            -0.046761803328990936,
            -0.8315807580947876,
            -0.18017491698265076
        ],
        [
            -0.05429393798112869,
            -0.8339861035346985,
            -0.18124006688594818
        ],
        [
            -0.0560758039355278,
            -0.8269104957580566,
            -0.18328915536403656
        ],
        [
            -0.03915277123451233,
            -0.8123726844787598,
            -0.17665430903434753
        ],
        [
            -0.032301001250743866,
            -0.8061273694038391,
            -0.17863784730434418
        ],
        [
            -0.04176488518714905,
            -0.8226434588432312,
            -0.18006816506385803
        ],
        [
            -0.04357306659221649,
            -0.8177967071533203,
            -0.17972761392593384
        ],
        [
            -0.05127296596765518,
            -0.8093929290771484,
            -0.18405374884605408
        ],
        [
            -0.05005604773759842,
            -0.8143824338912964,
            -0.1847844272851944
        ],
        [
            -0.05733007937669754,
            -0.8137428760528564,
            -0.18757668137550354
        ],
        [
            -0.05679614096879959,
            -0.8085585832595825,
            -0.1853504627943039
        ],
        [
            -0.04322542995214462,
            -0.8110540509223938,
            -0.17904426157474518
        ],
        [
            -0.04516869783401489,
            -0.8131988644599915,
            -0.18197503685951233
        ],
        [
            -0.047792911529541016,
            -0.808984100818634,
            -0.18136189877986908
        ],
        [
            -0.04632209986448288,
            -0.8076900243759155,
            -0.1776791512966156
        ],
        [
            -0.050218671560287476,
            -0.8206311464309692,
            -0.18191352486610413
        ],
        [
            -0.057189494371414185,
            -0.8207405805587769,
            -0.18522962927818298
        ],
        [
            -0.06493323296308517,
            -0.820404589176178,
            -0.18796050548553467
        ],
        [
            -0.0647357776761055,
            -0.8116416931152344,
            -0.18970723450183868
        ],
        [
            -0.014259405434131622,
            -0.8001183271408081,
            -0.1830969899892807
        ],
        [
            -0.02264629304409027,
            -0.8056029081344604,
            -0.18431995809078217
        ],
        [
            -0.025430060923099518,
            -0.8007078170776367,
            -0.18020257353782654
        ],
        [
            -0.018680818378925323,
            -0.7961711883544922,
            -0.1801624894142151
        ],
        [
            -0.042398639023303986,
            -0.8054304718971252,
            -0.1755581498146057
        ],
        [
            -0.03597056865692139,
            -0.7900686264038086,
            -0.1753353774547577
        ],
        [
            -0.0368262380361557,
            -0.7936668395996094,
            -0.17645086348056793
        ],
        [
            -0.044121988117694855,
            -0.7933706641197205,
            -0.175495445728302
        ],
        [
            -0.04273892194032669,
            -0.7900716066360474,
            -0.17478248476982117
        ],
        [
            -0.001629956066608429,
            -0.7885739803314209,
            -0.17687882483005524
        ],
        [
            -0.008690394461154938,
            -0.786194920539856,
            -0.17658618092536926
        ],
        [
            -0.004994578659534454,
            -0.780226469039917,
            -0.17348650097846985
        ],
        [
            0.0027981698513031006,
            -0.7816480994224548,
            -0.1721661388874054
        ],
        [
            -0.004382200539112091,
            -0.774849534034729,
            -0.17020952701568604
        ],
        [
            0.006098613142967224,
            -0.7748846411705017,
            -0.16742214560508728
        ],
        [
            0.0023329928517341614,
            -0.7613110542297363,
            -0.15902215242385864
        ],
        [
            0.004790902137756348,
            -0.7673084735870361,
            -0.16289469599723816
        ],
        [
            -0.006284438073635101,
            -0.7692960500717163,
            -0.1669786423444748
        ],
        [
            -0.01131226122379303,
            -0.7635575532913208,
            -0.16496606171131134
        ],
        [
            -0.027554839849472046,
            -0.7655045986175537,
            -0.16421975195407867
        ],
        [
            -0.03352770954370499,
            -0.763370156288147,
            -0.16225048899650574
        ],
        [
            -0.02580566704273224,
            -0.7524968385696411,
            -0.16160891950130463
        ],
        [
            -0.018812939524650574,
            -0.7571329474449158,
            -0.16337153315544128
        ],
        [
            -0.03228411078453064,
            -0.7855576276779175,
            -0.1706591099500656
        ],
        [
            -0.027525365352630615,
            -0.7864415645599365,
            -0.17110812664031982
        ],
        [
            -0.02912691980600357,
            -0.7872611284255981,
            -0.17326422035694122
        ],
        [
            -0.034587323665618896,
            -0.7873837947845459,
            -0.17322717607021332
        ],
        [
            -0.02360040694475174,
            -0.7866884469985962,
            -0.17205069959163666
        ],
        [
            -0.02186928689479828,
            -0.7866784334182739,
            -0.1725430190563202
        ],
        [
            -0.023084893822669983,
            -0.7876003384590149,
            -0.17353463172912598
        ],
        [
            -0.024430714547634125,
            -0.787300705909729,
            -0.17251813411712646
        ],
        [
            -0.026190489530563354,
            -0.7867816686630249,
            -0.17162801325321198
        ],
        [
            -0.026738032698631287,
            -0.7848191261291504,
            -0.17089542746543884
        ],
        [
            -0.024366475641727448,
            -0.7858073711395264,
            -0.1716945618391037
        ],
        [
            -0.031021952629089355,
            -0.7832324504852295,
            -0.17052607238292694
        ],
        [
            -0.04475896805524826,
            -0.7785629034042358,
            -0.16811993718147278
        ],
        [
            -0.04125930368900299,
            -0.7795108556747437,
            -0.1694868952035904
        ],
        [
            -0.04277250915765762,
            -0.7840259075164795,
            -0.16865937411785126
        ],
        [
            -0.04577614367008209,
            -0.783483624458313,
            -0.1675800383090973
        ],
        [
            -0.025895342230796814,
            -0.7889741659164429,
            -0.17417359352111816
        ],
        [
            -0.024033106863498688,
            -0.7905526161193848,
            -0.17576837539672852
        ],
        [
            -0.0296906977891922,
            -0.7921903133392334,
            -0.17642751336097717
        ],
        [
            -0.02954164147377014,
            -0.7897288203239441,
            -0.17462944984436035
        ],
        [
            -0.02236253023147583,
            -0.792473554611206,
            -0.1777503341436386
        ],
        [
            -0.021252654492855072,
            -0.7889864444732666,
            -0.1748013198375702
        ],
        [
            -0.018452219665050507,
            -0.7898546457290649,
            -0.17665895819664001
        ],
        [
            -0.021840207278728485,
            -0.7849481105804443,
            -0.17186632752418518
        ],
        [
            -0.01851201057434082,
            -0.7837145924568176,
            -0.17225587368011475
        ],
        [
            -0.01932891458272934,
            -0.7860097885131836,
            -0.17387984693050385
        ],
        [
            -0.01950516551733017,
            -0.7804680466651917,
            -0.17055684328079224
        ],
        [
            -0.0239342600107193,
            -0.7828240990638733,
            -0.17060907185077667
        ],
        [
            -0.027935661375522614,
            -0.7802828550338745,
            -0.17000184953212738
        ],
        [
            -0.03331562876701355,
            -0.7776600122451782,
            -0.16937591135501862
        ],
        [
            -0.02845066785812378,
            -0.7738327980041504,
            -0.16780400276184082
        ],
        [
            -0.02311805635690689,
            -0.7770190238952637,
            -0.16913315653800964
        ],
        [
            -0.028317779302597046,
            -0.7961791753768921,
            -0.17806267738342285
        ],
        [
            -0.014772891998291016,
            -0.7859441041946411,
            -0.17510685324668884
        ],
        [
            -0.013482056558132172,
            -0.792178750038147,
            -0.17863088846206665
        ],
        [
            -0.01303272694349289,
            -0.7815832495689392,
            -0.17325645685195923
        ],
        [
            -0.013251863420009613,
            -0.7773820161819458,
            -0.1706821769475937
        ],
        [
            -0.015924818813800812,
            -0.773103654384613,
            -0.16835974156856537
        ],
        [
            -0.021603785455226898,
            -0.7690099477767944,
            -0.16628137230873108
        ],
        [
            -0.014526166021823883,
            -0.7474068999290466,
            -0.15297380089759827
        ],
        [
            -0.006495244801044464,
            -0.7534729242324829,
            -0.15626655519008636
        ],
        [
            -0.038725197315216064,
            -0.8633953928947449,
            -0.19865800440311432
        ],
        [
            -0.03010040521621704,
            -0.8635480403900146,
            -0.20235154032707214
        ],
        [
            -0.025392726063728333,
            -0.8574677109718323,
            -0.19724991917610168
        ],
        [
            -0.02464040368795395,
            -0.8598266839981079,
            -0.19873453676700592
        ],
        [
            -0.030728094279766083,
            -0.8600783348083496,
            -0.19814708828926086
        ],
        [
            -0.030189022421836853,
            -0.8575822710990906,
            -0.1965818554162979
        ],
        [
            -0.004039451479911804,
            -0.8547351360321045,
            -0.19355319440364838
        ],
        [
            -0.011026524007320404,
            -0.855194091796875,
            -0.1940956711769104
        ],
        [
            -0.008923150599002838,
            -0.851882815361023,
            -0.19261744618415833
        ],
        [
            -0.0008961260318756104,
            -0.8485437631607056,
            -0.19292542338371277
        ],
        [
            -0.01760932058095932,
            -0.842463493347168,
            -0.19127368927001953
        ],
        [
            -0.01243852823972702,
            -0.8446975946426392,
            -0.19198250770568848
        ],
        [
            -0.018595531582832336,
            -0.8502619862556458,
            -0.19286474585533142
        ],
        [
            -0.022364288568496704,
            -0.8486239910125732,
            -0.19242000579833984
        ],
        [
            -0.02641485631465912,
            -0.84754478931427,
            -0.19131803512573242
        ],
        [
            -0.030369244515895844,
            -0.8471190929412842,
            -0.1895419955253601
        ],
        [
            -0.0287976935505867,
            -0.842177152633667,
            -0.1880970299243927
        ],
        [
            -0.023526258766651154,
            -0.8418551683425903,
            -0.18987654149532318
        ],
        [
            -0.03698492795228958,
            -0.8606373071670532,
            -0.19492660462856293
        ],
        [
            -0.042112790048122406,
            -0.8598325252532959,
            -0.1899372637271881
        ],
        [
            -0.040104545652866364,
            -0.8571454286575317,
            -0.1896456629037857
        ],
        [
            -0.03600740432739258,
            -0.857544481754303,
            -0.19422395527362823
        ],
        [
            -0.04328794777393341,
            -0.8521825075149536,
            -0.17790670692920685
        ],
        [
            -0.043515272438526154,
            -0.8543010950088501,
            -0.1799735724925995
        ],
        [
            -0.04724326729774475,
            -0.8552576899528503,
            -0.1787753701210022
        ],
        [
            -0.046469852328300476,
            -0.851115345954895,
            -0.17672596871852875
        ],
        [
            -0.04418890178203583,
            -0.8481866717338562,
            -0.17767395079135895
        ],
        [
            -0.04225470870733261,
            -0.8504372835159302,
            -0.1787261664867401
        ],
        [
            -0.0418119952082634,
            -0.9178935289382935,
            -0.20463135838508606
        ],
        [
            -0.04729142785072327,
            -0.8998066186904907,
            -0.20455187559127808
        ],
        [
            -0.021092131733894348,
            -0.9149655103683472,
            -0.20447523891925812
        ],
        [
            -0.004745982587337494,
            -0.908092737197876,
            -0.20040884613990784
        ],
        [
            0.009579747915267944,
            -0.897296667098999,
            -0.19528348743915558
        ],
        [
            0.007385671138763428,
            -0.7949772477149963,
            -0.1767854243516922
        ],
        [
            0.01444261521100998,
            -0.7879822254180908,
            -0.1710951328277588
        ],
        [
            0.02632102370262146,
            -0.7986195087432861,
            -0.16849005222320557
        ],
        [
            0.030503984540700912,
            -0.7899714708328247,
            -0.16072221100330353
        ],
        [
            0.018191169947385788,
            -0.7792643308639526,
            -0.1644424945116043
        ],
        [
            0.014171026647090912,
            -0.7624462842941284,
            -0.14983883500099182
        ],
        [
            0.01827700436115265,
            -0.7701528668403625,
            -0.1570764034986496
        ],
        [
            0.03262963145971298,
            -0.7822266817092896,
            -0.1502462774515152
        ],
        [
            0.044686876237392426,
            -0.7981886863708496,
            -0.14590224623680115
        ],
        [
            0.0403372123837471,
            -0.8027814626693726,
            -0.1573631763458252
        ],
        [
            0.052425626665353775,
            -0.8164236545562744,
            -0.1424238085746765
        ],
        [
            0.050953324884176254,
            -0.7938308715820312,
            -0.1312420517206192
        ],
        [
            0.056421056389808655,
            -0.8175663948059082,
            -0.13302069902420044
        ],
        [
            0.04724714905023575,
            -0.7569583058357239,
            -0.11693665385246277
        ],
        [
            0.05390646681189537,
            -0.7471292018890381,
            -0.11095680296421051
        ],
        [
            0.06733368337154388,
            -0.7575482130050659,
            -0.10443606227636337
        ],
        [
            0.06224723905324936,
            -0.7673379182815552,
            -0.11222623288631439
        ],
        [
            0.03404133394360542,
            -0.8084325790405273,
            -0.1661313772201538
        ],
        [
            0.019162997603416443,
            -0.8672061562538147,
            -0.18734164535999298
        ],
        [
            0.00891394168138504,
            -0.8640615940093994,
            -0.19307373464107513
        ],
        [
            0.025623485445976257,
            -0.8562290072441101,
            -0.18342648446559906
        ],
        [
            0.021109536290168762,
            -0.9301393032073975,
            -0.18621599674224854
        ],
        [
            0.007212057709693909,
            -0.9205647706985474,
            -0.19480060040950775
        ],
        [
            0.019596241414546967,
            -0.9078773260116577,
            -0.1916203647851944
        ],
        [
            0.031216099858283997,
            -0.9184295535087585,
            -0.18391217291355133
        ],
        [
            -0.01198887825012207,
            -0.9605841636657715,
            -0.18195758759975433
        ],
        [
            -0.02742660790681839,
            -0.9417989253997803,
            -0.19648656249046326
        ],
        [
            -0.011121794581413269,
            -0.9328877329826355,
            -0.19623588025569916
        ],
        [
            0.0028411298990249634,
            -0.9477126002311707,
            -0.1860276758670807
        ],
        [
            0.04053807258605957,
            -0.9235861301422119,
            -0.17551779747009277
        ],
        [
            0.05300816893577576,
            -0.9301106929779053,
            -0.1627930849790573
        ],
        [
            0.05055323243141174,
            -0.9472805857658386,
            -0.15840819478034973
        ],
        [
            0.035012125968933105,
            -0.9409956932067871,
            -0.1735319346189499
        ],
        [
            0.04148728400468826,
            -0.968239963054657,
            -0.14943177998065948
        ],
        [
            0.02294052392244339,
            -0.961365282535553,
            -0.1682443916797638
        ],
        [
            0.0646512359380722,
            -0.8066622018814087,
            -0.11893387883901596
        ],
        [
            0.0636373907327652,
            -0.8249677419662476,
            -0.12413696944713593
        ],
        [
            0.054929956793785095,
            -0.7790322303771973,
            -0.12156103551387787
        ],
        [
            0.06731540709733963,
            -0.7909649610519409,
            -0.11239561438560486
        ],
        [
            0.028046943247318268,
            -0.984062671661377,
            -0.13672608137130737
        ],
        [
            0.006469205021858215,
            -0.977031946182251,
            -0.15993866324424744
        ],
        [
            0.07895608246326447,
            -0.9226300716400146,
            -0.11476843804121017
        ],
        [
            0.07300209254026413,
            -0.9376382827758789,
            -0.12646836042404175
        ],
        [
            0.07001180946826935,
