{
    "pred_cam": [
        1.5591737031936646,
        0.059785954654216766,
        0.33676302433013916
    ],
    "pred_smpl_params": {
        "global_orient": [
            [
                [
                    -0.7055486440658569,
                    0.08944898843765259,
                    -0.7029937505722046
                ],
                [
                    0.15790128707885742,
                    -0.9472204446792603,
                    -0.2789996266365051
                ],
                [
                    -0.6908461451530457,
                    -0.3078513741493225,
                    0.6541860103607178
                ]
            ]
        ],
        "body_pose": [
            [
                [
                    0.9966375231742859,
                    0.0765472874045372,
                    0.029226107522845268
                ],
                [
                    -0.08098462224006653,
                    0.9744827747344971,
                    0.20934391021728516
                ],
                [
                    -0.01245562918484211,
                    -0.21100686490535736,
                    0.9774052500724792
                ]
            ],
            [
                [
                    0.9861066341400146,
                    0.05641353875398636,
                    -0.1562408208847046
                ],
                [
                    -0.03369462117552757,
                    0.9889435768127441,
                    0.14441369473934174
                ],
                [
                    0.16266022622585297,
                    -0.1371428370475769,
                    0.977104663848877
                ]
            ],
            [
                [
                    0.994520902633667,
                    -0.03244198486208916,
                    0.09937676042318344
                ],
                [
                    0.055001042783260345,
                    0.9707985520362854,
                    -0.23350583016872406
                ],
                [
                    -0.08889943361282349,
                    0.2376922369003296,
                    0.9672638177871704
                ]
            ],
            [
                [
                    0.9938360452651978,
                    0.10814421623945236,
                    0.024387763813138008
                ],
                [
                    -0.10242779552936554,
                    0.979902982711792,
                    -0.1711684912443161
                ],
                [
                    -0.042408525943756104,
                    0.16761542856693268,
                    0.9849398732185364
                ]
            ],
            [
                [
                    0.9699534773826599,
                    -0.20947635173797607,
                    -0.12373311817646027
                ],
                [
                    0.1329084038734436,
                    0.8822193145751953,
                    -0.45169076323509216
                ],
                [
                    0.20377826690673828,
                    0.42167386412620544,
                    0.8835528492927551
                ]
            ],
            [
                [
                    0.9943020343780518,
                    -0.017097171396017075,
                    0.10521922260522842
                ],
                [
                    0.017502574250102043,
                    0.9998425245285034,
                    -0.0029306793585419655
                ],
                [
                    -0.10515254735946655,
                    0.004755587782710791,
                    0.994444727897644
                ]
            ],
            [
                [
                    0.9818269610404968,
                    -0.027390027418732643,
                    0.18779125809669495
                ],
                [
                    0.02334134839475155,
                    0.9994457364082336,
                    0.02373749390244484
                ],
                [
                    -0.1883373260498047,
                    -0.01892281509935856,
                    0.9819220900535583
                ]
            ],
            [
                [
                    0.9772611856460571,
                    0.06237265467643738,
                    -0.20265793800354004
                ],
                [
                    -0.051561348140239716,
                    0.9969725012779236,
                    0.05820109695196152
                ],
                [
                    0.20567451417446136,
                    -0.04642835631966591,
                    0.9775185585021973
                ]
            ],
            [
                [
                    0.9957835078239441,
                    0.009779233485460281,
                    0.09121163934469223
                ],
                [
                    -0.0021695171017199755,
                    0.9965341091156006,
                    -0.08315786719322205
                ],
                [
                    -0.0917087122797966,
                    0.08260934799909592,
                    0.9923534393310547
                ]
            ],
            [
                [
                    0.9988126754760742,
                    -0.044712457805871964,
                    0.019341586157679558
                ],
                [
                    0.04466147720813751,
                    0.9989975094795227,
                    0.0030602081678807735
                ],
                [
                    -0.01945902593433857,
                    -0.002192750805988908,
                    0.9998083114624023
                ]
            ],
            [
                [
                    0.9992847442626953,
                    -0.005966223776340485,
                    -0.037341754883527756
                ],
                [
                    0.006430881097912788,
                    0.9999032616615295,
                    0.012335878796875477
                ],
                [
                    0.037264544516801834,
                    -0.012567196972668171,
                    0.999226450920105
                ]
            ],
            [
                [
                    0.9987959861755371,
                    0.0038770977407693863,
                    -0.04890303313732147
                ],
                [
                    -0.008249103091657162,
                    0.9959509372711182,
                    -0.0895194262266159
                ],
                [
                    0.048357944935560226,
                    0.08981505036354065,
                    0.9947837591171265
                ]
            ],
            [
                [
                    0.9292762279510498,
                    0.3678104877471924,
                    -0.034074924886226654
                ],
                [
                    -0.36665937304496765,
                    0.929671585559845,
                    0.03566012904047966
                ],
                [
                    0.044794656336307526,
                    -0.02064421959221363,
                    0.9987828731536865
                ]
            ],
            [
                [
                    0.8974060416221619,
                    -0.38308557868003845,
                    0.21887849271297455
                ],
                [
                    0.38868701457977295,
                    0.9211811423301697,
                    0.01864587888121605
                ],
                [
                    -0.20876972377300262,
                    0.06834229826927185,
                    0.9755738973617554
                ]
            ],
            [
                [
                    0.9931777119636536,
                    -0.007099568843841553,
                    -0.11639431118965149
                ],
                [
                    -0.03379993513226509,
                    0.9377691149711609,
                    -0.34561049938201904
                ],
                [
                    0.11160468310117722,
                    0.34718674421310425,
                    0.9311314225196838
                ]
            ],
            [
                [
                    0.5219008326530457,
                    0.8141114711761475,
                    -0.2546409070491791
                ],
                [
                    -0.8334392309188843,
                    0.5502505302429199,
                    0.0510236918926239
                ],
                [
                    0.18165528774261475,
                    0.18559840321540833,
                    0.9656886458396912
                ]
            ],
            [
                [
                    0.46539485454559326,
                    -0.8369454741477966,
                    0.28797534108161926
                ],
                [
                    0.8365358710289001,
                    0.5222199559211731,
                    0.16581295430660248
                ],
                [
                    -0.28916287422180176,
                    0.16373324394226074,
                    0.9431734085083008
                ]
            ],
            [
                [
                    0.9375269412994385,
                    -0.07264332473278046,
                    -0.34024447202682495
                ],
                [
                    0.06825032830238342,
                    0.9973580241203308,
                    -0.024878868833184242
                ],
                [
                    0.34115278720855713,
                    0.00010281975846737623,
                    0.9400079250335693
                ]
            ],
            [
                [
                    0.9289087057113647,
                    0.1410820037126541,
                    0.34238073229789734
                ],
                [
                    -0.1397792100906372,
                    0.9897692203521729,
                    -0.02861298993229866
                ],
                [
                    -0.3429147005081177,
                    -0.02127884328365326,
                    0.9391255974769592
                ]
            ],
            [
                [
                    0.999010443687439,
                    0.024047572165727615,
                    0.037413906306028366
                ],
                [
                    -0.027538113296031952,
                    0.9950228929519653,
                    0.09576600790023804
                ],
                [
                    -0.03492475301027298,
                    -0.09670155495405197,
                    0.9947004914283752
                ]
            ],
            [
                [
                    0.9997217655181885,
                    -0.0036073869559913874,
                    -0.023311452940106392
                ],
                [
                    0.004691606387495995,
                    0.9989014863967896,
                    0.046624064445495605
                ],
                [
                    0.023117654025554657,
                    -0.04672045633196831,
                    0.9986404776573181
                ]
            ],
            [
                [
                    0.9699415564537048,
                    0.21347664296627045,
                    -0.11679506301879883
                ],
                [
                    -0.19268040359020233,
                    0.966916024684906,
                    0.16717548668384552
                ],
                [
                    0.14861908555030823,
                    -0.13964633643627167,
                    0.9789847731590271
                ]
            ],
            [
                [
                    0.9774767756462097,
                    -0.19469976425170898,
                    0.08143147081136703
                ],
                [
                    0.1776697337627411,
                    0.9674185514450073,
                    0.1803739219903946
                ],
                [
                    -0.11389708518981934,
                    -0.1618434339761734,
                    0.9802214503288269
                ]
            ]
        ],
        "betas": [
            -0.24111217260360718,
            -0.22385159134864807,
            -0.04456782341003418,
            0.351201593875885,
            0.20851941406726837,
            0.06297984719276428,
            0.002417325973510742,
            -0.1598285436630249,
            0.06718418002128601,
            -0.11495757102966309
        ]
    },
    "pred_cam_t": [
        0.059785954654216766,
        0.33676302433013916,
        25.053335189819336
    ],
    "focal_length": [
        5000.0,
        5000.0
    ],
    "pred_keypoints_3d": [
        [
            -0.1434260606765747,
            -0.7791483402252197,
            0.026734456419944763
        ],
        [
            0.004714382812380791,
            -0.7191480398178101,
            -0.0662253350019455
        ],
        [
            0.08615037798881531,
            -0.6379150748252869,
            0.10616947710514069
        ],
        [
            0.06921601295471191,
            -0.3933449387550354,
            0.15504780411720276
        ],
        [
            -0.041019901633262634,
            -0.19341810047626495,
            0.2578732669353485
        ],
        [
            -0.07074499875307083,
            -0.6019676923751831,
            -0.2124619036912918
        ],
        [
            -0.08260184526443481,
            -0.3462539315223694,
            -0.21657177805900574
        ],
        [
            -0.19555717706680298,
            -0.1331302672624588,
            -0.17569568753242493
        ],
        [
            -0.0018689227290451527,
            -0.22446885704994202,
            0.028335630893707275
        ],
        [
            0.04084506630897522,
            -0.1488446295261383,
            0.09992474317550659
        ],
        [
            0.021346138790249825,
            0.18134430050849915,
            0.2757478952407837
        ],
        [
            0.003750106319785118,
            0.566169023513794,
            0.21876201033592224
        ],
        [
            -0.054195720702409744,
            -0.12561321258544922,
            0.003850063309073448
        ],
        [
            -0.14017081260681152,
            0.19547876715660095,
            0.1586526781320572
        ],
        [
            -0.09425881505012512,
            0.5471992492675781,
            0.3186512589454651
        ],
        [
            -0.11494190990924835,
            -0.8324530124664307,
            0.035255201160907745
        ],
        [
            -0.15604610741138458,
            -0.8208966255187988,
            -0.015599172562360764
        ],
        [
            -0.018567979335784912,
            -0.8586636781692505,
            0.006474681198596954
        ],
        [
            -0.1098545491695404,
            -0.8337070345878601,
            -0.10677243024110794
        ],
        [
            -0.2534083425998688,
            0.5480494499206543,
            0.43957605957984924
        ],
        [
            -0.25029614567756653,
            0.5877697467803955,
            0.36617511510849
        ],
        [
            -0.04958609119057655,
            0.5945155620574951,
            0.29924556612968445
        ],
        [
            -0.06215361878275871,
            0.6083633303642273,
            0.40100425481796265
        ],
        [
            0.02198992669582367,
            0.6183342337608337,
            0.37875592708587646
        ],
        [
            0.023660439997911453,
            0.6096488237380981,
            0.16720809042453766
        ],
        [
            0.03748588263988495,
            0.5172727704048157,
            0.20469483733177185
        ],
        [
            0.025398124009370804,
            0.12049455940723419,
            0.25538840889930725
        ],
        [
            0.11222400516271591,
            -0.27443817257881165,
            0.11196877062320709
        ],
        [
            -0.0859629213809967,
            -0.2092866599559784,
            -0.0956975668668747
        ],
        [
            -0.1416572630405426,
            0.160298153758049,
            0.1316206455230713
        ],
        [
            -0.08072136342525482,
            0.525863528251648,
            0.2829948365688324
        ],
        [
            -0.06013733893632889,
            -0.22390760481357574,
            0.2549050450325012
        ],
        [
            0.0656932145357132,
            -0.4187201261520386,
            0.18625004589557648
        ],
        [
            0.07124130427837372,
            -0.6674947142601013,
            0.06865088641643524
        ],
        [
            -0.05456143617630005,
            -0.6348146796226501,
            -0.19229136407375336
        ],
        [
            -0.12230075895786285,
            -0.3717837929725647,
            -0.238218292593956
        ],
        [
            -0.20543906092643738,
            -0.15097865462303162,
            -0.17972686886787415
        ],
        [
            -0.0025089355185627937,
            -0.7078532576560974,
            -0.06383411586284637
        ],
        [
            -0.09722830355167389,
            -0.889374315738678,
            -0.03792994096875191
        ],
        [
            0.012802940793335438,
            -0.24224917590618134,
            0.00743396021425724
        ],
        [
            0.007431778125464916,
            -0.6502984762191772,
            -0.059333499521017075
        ],
        [
            0.030192408710718155,
            -0.48026105761528015,
            -0.047613371163606644
        ],
        [
            -0.08580711483955383,
            -0.7762630581855774,
            -0.026120109483599663
        ],
        [
            -0.09516727924346924,
            -0.9097344875335693,
            -0.03824585676193237
        ]
    ],
    "pred_vertices": [
        [
            -0.18010862171649933,
            -0.863720178604126,
            -0.021364230662584305
        ],
        [
            -0.17618337273597717,
            -0.8486721515655518,
            -0.013389036059379578
        ],
        [
            -0.1749667376279831,
            -0.8463535904884338,
            -0.027702778577804565
        ],
        [
            -0.17582634091377258,
            -0.8584245443344116,
            -0.037366487085819244
        ],
        [
            -0.17364197969436646,
            -0.8363590240478516,
            -0.021646205335855484
        ],
        [
            -0.17297063767910004,
            -0.8372539281845093,
            -0.009625513106584549
        ],
        [
            -0.16969391703605652,
            -0.8426748514175415,
            -0.03993067145347595
        ],
        [
            -0.16821175813674927,
            -0.851054310798645,
            -0.05029729753732681
        ],
        [
            -0.15240755677223206,
            -0.8115139007568359,
            -0.05393432080745697
        ],
        [
            -0.14665460586547852,
            -0.8095569610595703,
            -0.06332676112651825
        ],
        [
            -0.15213702619075775,
            -0.8207235336303711,
            -0.06139611452817917
        ],
        [
            -0.15568888187408447,
            -0.8200040459632874,
            -0.051677897572517395
        ],
        [
            -0.14000269770622253,
            -0.78876793384552,
            -0.056871719658374786
        ],
        [
            -0.13911911845207214,
            -0.7786772847175598,
            -0.04751579463481903
        ],
        [
            -0.13026368618011475,
            -0.7729151844978333,
            -0.05600005015730858
        ],
        [
            -0.12953147292137146,
            -0.7831023931503296,
            -0.06508763134479523
        ],
        [
            -0.14110317826271057,
            -0.789884626865387,
            -0.006702341139316559
        ],
        [
            -0.14150384068489075,
            -0.7831188440322876,
            -0.012077711522579193
        ],
        [
            -0.14567077159881592,
            -0.7889045476913452,
            -0.01511087641119957
        ],
        [
            -0.14439022541046143,
            -0.7951356172561646,
            -0.009462784975767136
        ],
        [
            -0.1433229148387909,
            -0.7986865639686584,
            0.004690244793891907
        ],
        [
            -0.1436120569705963,
            -0.8046140670776367,
            0.002169031649827957
        ],
        [
            -0.14575207233428955,
            -0.8074464797973633,
            0.009316802024841309
        ],
        [
            -0.14652641117572784,
            -0.8003848791122437,
            0.011742327362298965
        ],
        [
            -0.1358763873577118,
            -0.7859451770782471,
            -0.0028965026140213013
        ],
        [
            -0.1361917108297348,
            -0.7790368795394897,
            -0.008750326931476593
        ],
        [
            -0.1412825882434845,
            -0.7955120801925659,
            -0.0018008314073085785
        ],
        [
            -0.14009574055671692,
            -0.7910579442977905,
            0.0006689392030239105
        ],
        [
            -0.14389818906784058,
            -0.7827094793319702,
            0.008921481668949127
        ],
        [
            -0.14542502164840698,
            -0.7872622609138489,
            0.007127206772565842
        ],
        [
            -0.14873793721199036,
            -0.7867594957351685,
            0.01398574560880661
        ],
        [
            -0.14556416869163513,
            -0.7820907235145569,
            0.014267440885305405
        ],
        [
            -0.13844580948352814,
            -0.7844106554985046,
            0.0008666329085826874
        ],
        [
            -0.1418881118297577,
            -0.7862024903297424,
            0.0023728907108306885
        ],
        [
            -0.14081527292728424,
            -0.7824110984802246,
            0.005455233156681061
        ],
        [
            -0.13680747151374817,
            -0.7816318869590759,
            0.004458978772163391
        ],
        [
            -0.14347419142723083,
            -0.7938807606697083,
            0.006522960960865021
        ],
        [
            -0.14754940569400787,
            -0.7939906716346741,
            0.013228360563516617
        ],
        [
            -0.15083816647529602,
            -0.793829083442688,
            0.020693853497505188
        ],
        [
            -0.1508534848690033,
            -0.7850635647773743,
            0.02160690724849701
        ],
        [
            -0.13856080174446106,
            -0.7706671357154846,
            -0.025598477572202682
        ],
        [
            -0.1410786211490631,
            -0.7765651941299438,
            -0.018615804612636566
        ],
        [
            -0.1363856941461563,
            -0.7729244232177734,
            -0.014760710299015045
        ],
        [
            -0.13519394397735596,
            -0.7678899765014648,
            -0.020682763308286667
        ],
        [
            -0.13388049602508545,
            -0.7796860933303833,
            0.0012951567769050598
        ],
        [
            -0.1307789832353592,
            -0.7643215656280518,
            -0.002612609416246414
        ],
        [
            -0.1324152946472168,
            -0.7677590847015381,
            -0.002460543066263199
        ],
        [
            -0.1320030391216278,
            -0.7683124542236328,
            0.004740569740533829
        ],
        [
            -0.13078376650810242,
            -0.7650246620178223,
            0.003998253494501114
        ],
        [
            -0.12979593873023987,
            -0.7595212459564209,
            -0.03601997345685959
        ],
        [
            -0.12942637503147125,
            -0.7579395771026611,
            -0.028766965493559837
        ],
        [
            -0.12523411214351654,
            -0.7524601221084595,
            -0.031224990263581276
        ],
        [
            -0.12386368215084076,
            -0.7533406019210815,
            -0.03890659660100937
        ],
        [
            -0.12107927352190018,
            -0.7479593753814697,
            -0.030385136604309082
        ],
        [
            -0.11804694682359695,
            -0.7475310564041138,
            -0.04031562805175781
        ],
        [
            -0.1079842671751976,
            -0.7360118627548218,
            -0.03390955179929733
        ],
        [
            -0.1125936508178711,
            -0.7411824464797974,
            -0.03749581426382065
        ],
        [
            -0.11708304286003113,
            -0.7434434294700623,
            -0.027344413101673126
        ],
        [
            -0.11429977416992188,
            -0.7387790679931641,
            -0.021564533933997154
        ],
        [
            -0.114950031042099,
            -0.7422717809677124,
            -0.006732471287250519
        ],
        [
            -0.11297060549259186,
            -0.7412687540054321,
            -0.0006843432784080505
        ],
        [
            -0.11002399027347565,
            -0.730124831199646,
            -0.006380610167980194
        ],
        [
            -0.11211439222097397,
            -0.733458399772644,
            -0.013486117124557495
        ],
        [
            -0.12514643371105194,
            -0.7604752779006958,
            -0.005241215229034424
        ],
        [
            -0.12547391653060913,
            -0.760756254196167,
            -0.01000482589006424
        ],
        [
            -0.12786155939102173,
            -0.7612862586975098,
            -0.008786667138338089
        ],
        [
            -0.12822706997394562,
            -0.7619178295135498,
            -0.0035340674221515656
        ],
        [
            -0.12620097398757935,
            -0.7604770660400391,
            -0.01400989294052124
        ],
        [
            -0.12652942538261414,
            -0.7602151036262512,
            -0.015758488327264786
        ],
        [
            -0.12777291238307953,
            -0.7610106468200684,
            -0.014790937304496765
        ],
        [
            -0.12681633234024048,
            -0.7609202265739441,
            -0.013676047325134277
        ],
        [
            -0.12597288191318512,
            -0.7607619762420654,
            -0.01178690791130066
        ],
        [
            -0.12488774955272675,
            -0.7591037154197693,
            -0.010853029787540436
        ],
        [
            -0.12572526931762695,
            -0.7597582340240479,
            -0.013081979006528854
        ],
        [
            -0.12456368654966354,
            -0.7580357193946838,
            -0.006440330296754837
        ],
        [
            -0.12227434664964676,
            -0.755459725856781,
            0.007863607257604599
        ],
        [
            -0.12354189902544022,
            -0.7557065486907959,
            0.004201289266347885
        ],
        [
            -0.12356049567461014,
            -0.7602986097335815,
            0.005069911479949951
        ],
        [
            -0.12260479480028152,
            -0.760371208190918,
            0.008164327591657639
        ],
        [
            -0.12882670760154724,
            -0.7623487710952759,
            -0.012470655143260956
        ],
        [
            -0.13047151267528534,
            -0.7636159062385559,
            -0.01437896117568016
        ],
        [
            -0.13173115253448486,
            -0.7656282186508179,
            -0.009238217025995255
        ],
        [
            -0.12961843609809875,
            -0.7634842395782471,
            -0.008807886391878128
        ],
        [
            -0.1325952708721161,
            -0.7649513483047485,
            -0.016675405204296112
        ],
        [
            -0.12908050417900085,
            -0.7619661092758179,
            -0.016864515841007233
        ],
        [
            -0.13077622652053833,
            -0.7622905969619751,
            -0.019736818969249725
        ],
        [
            -0.12550388276576996,
            -0.758756697177887,
            -0.0154552161693573
        ],
        [
            -0.1253642737865448,
            -0.75730299949646,
            -0.018613800406455994
        ],
        [
            -0.12746372818946838,
            -0.7592281103134155,
            -0.018275350332260132
        ],
        [
            -0.12327830493450165,
            -0.7545861005783081,
            -0.01696465164422989
        ],
        [
            -0.12410002946853638,
            -0.7571377754211426,
            -0.012993931770324707
        ],
        [
            -0.12340493500232697,
            -0.7551494836807251,
            -0.00868896022439003
        ],
        [
            -0.1227707713842392,
            -0.7531970739364624,
            -0.0031389258801937103
        ],
        [
            -0.12014783918857574,
            -0.7494708299636841,
            -0.007196944206953049
        ],
        [
            -0.1216604933142662,
            -0.7517910003662109,
            -0.012838222086429596
        ],
        [
            -0.1338137686252594,
            -0.7691020965576172,
            -0.01114824041724205
        ],
        [
            -0.1283360868692398,
            -0.7585214376449585,
            -0.022798046469688416
        ],
        [
            -0.1327359527349472,
            -0.7637056112289429,
            -0.02508595958352089
        ],
        [
            -0.12560942769050598,
            -0.7546035051345825,
            -0.02372029423713684
        ],
        [
            -0.12245137989521027,
            -0.7510690689086914,
            -0.02258879318833351
        ],
        [
            -0.1196100041270256,
            -0.7477465271949768,
            -0.018736839294433594
        ],
        [
            -0.11729981005191803,
            -0.7446582317352295,
            -0.012960046529769897
        ],
        [
            -0.10050075501203537,
            -0.7251647710800171,
            -0.01577981933951378
        ],
        [
            -0.1044403538107872,
            -0.7296525239944458,
            -0.02416013740003109
        ],
        [
            -0.16684472560882568,
            -0.8312918543815613,
            -0.010061074048280716
        ],
        [
            -0.16954819858074188,
            -0.829986572265625,
            -0.018777675926685333
        ],
        [
            -0.1633330136537552,
            -0.8242928981781006,
            -0.022473376244306564
        ],
        [
            -0.16510406136512756,
            -0.8262967467308044,
            -0.02370346710085869
        ],
        [
            -0.16515231132507324,
            -0.8272124528884888,
            -0.017541415989398956
        ],
        [
            -0.16324442625045776,
            -0.8247114419937134,
            -0.01775074377655983
        ],
        [
            -0.15702953934669495,
            -0.8208000659942627,
            -0.043261632323265076
        ],
        [
            -0.15820613503456116,
            -0.8215888142585754,
            -0.03643914312124252
        ],
        [
            -0.1559046357870102,
            -0.8185832500457764,
            -0.03777480125427246
        ],
        [
            -0.15513892471790314,
            -0.814541220664978,
            -0.045363008975982666
        ],
        [
            -0.15366147458553314,
            -0.8105095624923706,
            -0.028182104229927063
        ],
        [
            -0.15437613427639008,
            -0.8120744228363037,
            -0.03343803063035011
        ],
        [
            -0.15657532215118408,
            -0.8178141713142395,
            -0.02841060608625412
        ],
        [
            -0.15628817677497864,
            -0.8166066408157349,
            -0.02461310476064682
        ],
        [
            -0.15530210733413696,
            -0.8160945177078247,
            -0.02051563933491707
        ],
        [
            -0.1538890302181244,
            -0.8164039850234985,
            -0.016230549663305283
        ],
        [
            -0.15148772299289703,
            -0.8116788268089294,
            -0.017398785799741745
        ],
        [
            -0.1526738405227661,
            -0.8106092810630798,
            -0.02260955423116684
        ],
        [
            -0.16275745630264282,
            -0.828650951385498,
            -0.011549457907676697
        ],
        [
            -0.15804395079612732,
            -0.8294196724891663,
            -0.005888704210519791
        ],
        [
            -0.1570592224597931,
            -0.8265921473503113,
            -0.007834699004888535
        ],
        [
            -0.16133415699005127,
            -0.8257362246513367,
            -0.012307696044445038
        ],
        [
            -0.1446141004562378,
            -0.8245154619216919,
            -0.0033911168575286865
        ],
        [
            -0.14717639982700348,
            -0.8261395692825317,
            -0.0034225434064865112
        ],
        [
            -0.14651596546173096,
            -0.8276943564414978,
            0.00017742067575454712
        ],
        [
            -0.14351987838745117,
            -0.8240219354629517,
            -7.934123277664185e-05
        ],
        [
            -0.14356571435928345,
            -0.8208572864532471,
            -0.0022010914981365204
        ],
        [
            -0.14486390352249146,
            -0.822614848613739,
            -0.004408344626426697
        ],
        [
            -0.18249481916427612,
            -0.8854522109031677,
            -0.013408370316028595
        ],
        [
            -0.17962414026260376,
            -0.8681204319000244,
            -0.005589280277490616
        ],
        [
            -0.17973405122756958,
            -0.880308985710144,
            -0.03332958370447159
        ],
        [
            -0.1731262505054474,
            -0.8723942041397095,
            -0.048661623150110245
        ],
        [
            -0.16576507687568665,
            -0.8611547946929932,
            -0.061350565403699875
        ],
        [
            -0.13023731112480164,
            -0.7647824287414551,
            -0.04568900913000107
        ],
        [
            -0.12305939197540283,
            -0.7585678100585938,
            -0.05107758939266205
        ],
        [
            -0.12111305445432663,
            -0.7679532170295715,
            -0.0637194961309433
        ],
        [
            -0.1126459389925003,
            -0.7605787515640259,
            -0.06612177938222885
        ],
        [
            -0.11528092622756958,
            -0.7510418891906738,
            -0.05266796797513962
        ],
        [
            -0.10006099939346313,
            -0.7365534901618958,
            -0.04522746056318283
        ],
        [
            -0.10758522152900696,
            -0.7432036399841309,
            -0.05093945562839508
        ],
        [
            -0.10269054025411606,
            -0.7536460757255554,
            -0.0667923092842102
        ],
        [
            -0.10007217526435852,
            -0.7684348821640015,
            -0.0812423899769783
        ],
        [
            -0.11041542887687683,
            -0.7724852561950684,
            -0.07750992476940155
        ],
        [
            -0.09857336431741714,
            -0.7865086793899536,
            -0.09084631502628326
        ],
        [
            -0.08713573962450027,
            -0.7652278542518616,
            -0.08551640808582306
        ],
        [
            -0.09008441865444183,
            -0.7885897159576416,
            -0.09419670701026917
        ],
        [
            -0.07338753342628479,
            -0.7350316643714905,
            -0.07160625606775284
        ],
        [
            -0.06929951161146164,
            -0.727150022983551,
            -0.07507430016994476
        ],
        [
            -0.06426768749952316,
            -0.7350565195083618,
            -0.09110929071903229
        ],
        [
            -0.06983429193496704,
            -0.7433253526687622,
            -0.08830724656581879
        ],
        [
            -0.11968718469142914,
            -0.7773189544677734,
            -0.07292275130748749
        ],
        [
            -0.15164627134799957,
            -0.8328230381011963,
            -0.06665632128715515
        ],
        [
            -0.1572108268737793,
            -0.8297209143638611,
            -0.056357212364673615
        ],
        [
            -0.14516547322273254,
            -0.8219209909439087,
            -0.07147304713726044
        ],
        [
            -0.16195771098136902,
            -0.8937569260597229,
            -0.07585325837135315
        ],
        [
            -0.17046743631362915,
            -0.8843661546707153,
            -0.06221091374754906
        ],
        [
            -0.16315099596977234,
            -0.8712692260742188,
            -0.07231339067220688
        ],
        [
            -0.15696442127227783,
            -0.8815534710884094,
            -0.08479055762290955
        ],
        [
            -0.1659071147441864,
            -0.9269911050796509,
            -0.045677728950977325
        ],
        [
            -0.1784709244966507,
            -0.9072322845458984,
            -0.02974991872906685
        ],
        [
            -0.1759088635444641,
            -0.8975694179534912,
            -0.04567278176546097
        ],
        [
            -0.16621017456054688,
            -0.9124045372009277,
            -0.05954066291451454
        ],
        [
            -0.14882923662662506,
            -0.88735032081604,
            -0.0944722592830658
        ],
        [
            -0.13644763827323914,
            -0.8947452306747437,
            -0.10569299757480621
        ],
        [
            -0.13515329360961914,
            -0.9122844338417053,
            -0.10529232025146484
        ],
        [
            -0.15064837038516998,
            -0.9054478406906128,
            -0.09060586988925934
        ],
        [
            -0.13097883760929108,
            -0.9351584911346436,
            -0.09801344573497772
        ],
        [
            -0.14978162944316864,
            -0.9269194602966309,
            -0.07989992201328278
        ],
        [
            -0.0754506066441536,
            -0.779460608959198,
            -0.0985887348651886
        ],
        [
            -0.08162014186382294,
            -0.7977275848388672,
            -0.10038533061742783
        ],
        [
            -0.07756321877241135,
            -0.7529615163803101,
            -0.08454961329698563
        ],
        [
            -0.06952247023582458,
            -0.764484167098999,
            -0.09804921597242355
        ],
        [
            -0.12258081138134003,
            -0.9536647796630859,
            -0.08532118797302246
        ],
        [
            -0.14585024118423462,
            -0.9452858567237854,
            -0.06470204889774323
        ],
        [
            -0.08598765730857849,
            -0.8926626443862915,
            -0.12870456278324127
        ],
        [
            -0.10049374401569366,
            -0.9058446884155273,
