{
    "pred_cam": [
        1.134712815284729,
        0.003672393038868904,
        0.16282165050506592
    ],
    "pred_smpl_params": {
        "global_orient": [
            [
                [
                    0.9885836243629456,
                    0.1162727028131485,
                    -0.09582830220460892
                ],
                [
                    0.12046311795711517,
                    -0.9919455051422119,
                    0.03915006294846535
                ],
                [
                    -0.09050437062978745,
                    -0.050246890634298325,
                    -0.9946276545524597
                ]
            ]
        ],
        "body_pose": [
            [
                [
                    0.9974972009658813,
                    -0.06295137107372284,
                    0.03219364583492279
                ],
                [
                    0.05593406409025192,
                    0.9810830950737,
                    0.1853300780057907
                ],
                [
                    -0.04325142502784729,
                    -0.1830655187368393,
                    0.9821487665176392
                ]
            ],
            [
                [
                    0.9972670078277588,
                    0.020862901583313942,
                    0.07087496668100357
                ],
                [
                    -0.035005517303943634,
                    0.9782185554504395,
                    0.20460481941699982
                ],
                [
                    -0.06506254523992538,
                    -0.20652665197849274,
                    0.9762753844261169
                ]
            ],
            [
                [
                    0.999485194683075,
                    0.01628839783370495,
                    -0.02764015458524227
                ],
                [
                    -0.021162521094083786,
                    0.9822437167167664,
                    -0.18641190230846405
                ],
                [
                    0.024113018065690994,
                    0.18690088391304016,
                    0.9820827841758728
                ]
            ],
            [
                [
                    0.9945224523544312,
                    0.022547561675310135,
                    -0.10206232964992523
                ],
                [
                    -0.08230698108673096,
                    0.7708020806312561,
                    -0.6317355632781982
                ],
                [
                    0.06442572921514511,
                    0.6366755962371826,
                    0.7684357762336731
                ]
            ],
            [
                [
                    0.9883200526237488,
                    -5.348722879716661e-06,
                    0.1523924171924591
                ],
                [
                    0.0978800430893898,
                    0.7664844393730164,
                    -0.6347605586051941
                ],
                [
                    -0.11680303514003754,
                    0.6422627568244934,
                    0.7575324773788452
                ]
            ],
            [
                [
                    0.9966737031936646,
                    -0.07746719568967819,
                    -0.02530708536505699
                ],
                [
                    0.0787244364619255,
                    0.9954771399497986,
                    0.05317649617791176
                ],
                [
                    0.02107319049537182,
                    -0.05499189719557762,
                    0.9982644319534302
                ]
            ],
            [
                [
                    0.986823558807373,
                    0.050242792814970016,
                    0.1538010984659195
                ],
                [
                    -0.0699249878525734,
                    0.989643394947052,
                    0.1253647655248642
                ],
                [
                    -0.14590959250926971,
                    -0.1344674825668335,
                    0.9801166653633118
                ]
            ],
            [
                [
                    0.9816010594367981,
                    -0.07977472990751266,
                    -0.17347989976406097
                ],
                [
                    0.08128675818443298,
                    0.9966894388198853,
                    0.0016171425813809037
                ],
                [
                    0.17277656495571136,
                    -0.015689007937908173,
                    0.9848360419273376
                ]
            ],
            [
                [
                    0.9982941150665283,
                    -0.04878063127398491,
                    -0.032081108540296555
                ],
                [
                    0.04550327733159065,
                    0.9943430423736572,
                    -0.09597582370042801
                ],
                [
                    0.03658138960599899,
                    0.09435231238603592,
                    0.9948664903640747
                ]
            ],
            [
                [
                    0.9831604957580566,
                    -0.18270140886306763,
                    -0.003962039947509766
                ],
                [
                    0.18079350888729095,
                    0.9692766070365906,
                    0.16678301990032196
                ],
                [
                    -0.026631183922290802,
                    -0.1646907776594162,
                    0.9859856963157654
                ]
            ],
            [
                [
                    0.9830650687217712,
                    0.18220935761928558,
                    0.01956486701965332
                ],
                [
                    -0.18213307857513428,
                    0.9596481919288635,
                    0.21424944698810577
                ],
                [
                    0.02026286907494068,
                    -0.21418455243110657,
                    0.976582944393158
                ]
            ],
            [
                [
                    0.9608337879180908,
                    -0.10706455260515213,
                    -0.25560837984085083
                ],
                [
                    0.11594429612159729,
                    0.9930567145347595,
                    0.019882075488567352
                ],
                [
                    0.2517049312591553,
                    -0.04873970150947571,
                    0.9665759801864624
                ]
            ],
            [
                [
                    0.9032430052757263,
                    0.3887249827384949,
                    0.18178234994411469
                ],
                [
                    -0.37477216124534607,
                    0.9209093451499939,
                    -0.10710678994655609
                ],
                [
                    -0.20904015004634857,
                    0.028616510331630707,
                    0.9774882197380066
                ]
            ],
            [
                [
                    0.9213621616363525,
                    -0.34212514758110046,
                    -0.1845053881406784
                ],
                [
                    0.3516077399253845,
                    0.9359262585639954,
                    0.02034715563058853
                ],
                [
                    0.16572216153144836,
                    -0.08362062275409698,
                    0.982620894908905
                ]
            ],
            [
                [
                    0.967214822769165,
                    -0.1035916805267334,
                    -0.23187115788459778
                ],
                [
                    0.05301389470696449,
                    0.9752676486968994,
                    -0.21457511186599731
                ],
                [
                    0.24836465716362,
                    0.1952478438615799,
                    0.948785126209259
                ]
            ],
            [
                [
                    0.4903545677661896,
                    0.8624882698059082,
                    -0.12516501545906067
                ],
                [
                    -0.8714296221733093,
                    0.48732200264930725,
                    -0.055926185101270676
                ],
                [
                    0.012759976089000702,
                    0.1364961564540863,
                    0.990558385848999
                ]
            ],
            [
                [
                    0.5858588218688965,
                    -0.7847015261650085,
                    0.20251668989658356
                ],
                [
                    0.7910195589065552,
                    0.6080378293991089,
                    0.06766089797019958
                ],
                [
                    -0.17623142898082733,
                    0.12055493146181107,
                    0.9769385457038879
                ]
            ],
            [
                [
                    0.5637858510017395,
                    -0.33364641666412354,
                    -0.7555299997329712
                ],
                [
                    0.3491310179233551,
                    0.9252980947494507,
                    -0.14809110760688782
                ],
                [
                    0.7485005259513855,
                    -0.18028727173805237,
                    0.6381562948226929
                ]
            ],
            [
                [
                    -0.03347509354352951,
                    0.39933326840400696,
                    0.916194498538971
                ],
                [
                    -0.494351863861084,
                    0.7900992631912231,
                    -0.3624354600906372
                ],
                [
                    -0.8686171174049377,
                    -0.465054988861084,
                    0.17096249759197235
                ]
            ],
            [
                [
                    0.9970976710319519,
                    -0.0729404091835022,
                    0.02181372046470642
                ],
                [
                    0.07011040300130844,
                    0.9914158582687378,
                    0.11035902053117752
                ],
                [
                    -0.029676100239157677,
                    -0.108509361743927,
                    0.99365234375
                ]
            ],
            [
                [
                    0.9796345233917236,
                    0.20068742334842682,
                    -0.006386287976056337
                ],
                [
                    -0.1985899955034256,
                    0.973109781742096,
                    0.11670151352882385
                ],
                [
                    0.02963508665561676,
                    -0.11305657774209976,
                    0.9931464791297913
                ]
            ],
            [
                [
                    0.9629475474357605,
                    0.24826999008655548,
                    -0.10532820969820023
                ],
                [
                    -0.23418530821800232,
                    0.9634634852409363,
                    0.12998278439044952
                ],
                [
                    0.13375069200992584,
                    -0.10050028562545776,
                    0.9859060049057007
                ]
            ],
            [
                [
                    0.9654159545898438,
                    -0.2522523105144501,
                    0.0658859983086586
                ],
                [
                    0.24542920291423798,
                    0.9645740389823914,
                    0.09675448387861252
                ],
                [
                    -0.08795846253633499,
                    -0.07723796367645264,
                    0.9931252598762512
                ]
            ]
        ],
        "betas": [
            0.0017725825309753418,
            -0.0662907063961029,
            0.2352849543094635,
            0.4204988181591034,
            0.025693655014038086,
            0.00697273388504982,
            0.01039913296699524,
            -0.047305941581726074,
            0.06188039481639862,
            -0.008469879627227783
        ]
    },
    "pred_cam_t": [
        0.003672393038868904,
        0.16282165050506592,
        34.425010681152344
    ],
    "focal_length": [
        5000.0,
        5000.0
    ],
    "pred_keypoints_3d": [
        [
            -0.07532566785812378,
            -0.8082046508789062,
            -0.17909033596515656
        ],
        [
            0.03280983120203018,
            -0.7395502328872681,
            -0.033529311418533325
        ],
        [
            -0.13515505194664001,
            -0.6543211340904236,
            0.04960580915212631
        ],
        [
            -0.19572003185749054,
            -0.4163881540298462,
            0.11035151779651642
        ],
        [
            -0.36362573504447937,
            -0.44387733936309814,
            -0.07787154614925385
        ],
        [
            0.21013331413269043,
            -0.6433154344558716,
            -0.024517500773072243
        ],
        [
            0.24008171260356903,
            -0.4130152463912964,
            0.09105310589075089
        ],
        [
            0.32570087909698486,
            -0.22658102214336395,
            -0.04846518486738205
        ],
        [
            -0.002104960149154067,
            -0.2288185954093933,
            0.028243329375982285
        ],
        [
            -0.07875414937734604,
            -0.14694122970104218,
            0.04315890371799469
        ],
        [
            -0.17447328567504883,
            0.21900103986263275,
            -0.006085596978664398
        ],
        [
            -0.2075446993112564,
            0.5328978896141052,
            0.23524907231330872
        ],
        [
            0.056076712906360626,
            -0.1296418309211731,
            0.03330637142062187
        ],
        [
            0.06436706334352493,
            0.24013110995292664,
            -0.015935547649860382
        ],
        [
            0.03865332901477814,
            0.5512539148330688,
            0.22912493348121643
        ],
        [
            -0.0861426517367363,
            -0.8547821044921875,
            -0.13976623117923737
        ],
        [
            -0.038623347878456116,
            -0.8564717769622803,
            -0.18629252910614014
        ],
        [
            -0.0510588064789772,
            -0.8658250570297241,
            -0.04300074279308319
        ],
        [
            0.0569879412651062,
            -0.8690757751464844,
            -0.1452215164899826
        ],
        [
            0.02419952303171158,
            0.6781224608421326,
            0.07527661323547363
        ],
        [
            0.09400036931037903,
            0.6688586473464966,
            0.1217641532421112
        ],
        [
            0.04541292041540146,
            0.5593112707138062,
            0.29968252778053284
        ],
        [
            -0.2173469066619873,
            0.668968915939331,
            0.0925927460193634
        ],
        [
            -0.2891734540462494,
            0.644646942615509,
            0.13761571049690247
        ],
        [
            -0.2111317366361618,
            0.5429275631904602,
            0.30880826711654663
        ],
        [
            -0.2229609191417694,
            0.47620242834091187,
            0.23287980258464813
        ],
        [
            -0.161697655916214,
            0.15904349088668823,
            -0.008561256341636181
        ],
        [
            -0.14239564538002014,
            -0.28067541122436523,
            0.05166996270418167
        ],
        [
            0.14625519514083862,
            -0.22966814041137695,
            0.039181943982839584
        ],
        [
            0.07733190059661865,
            0.20094606280326843,
            -0.01808852143585682
        ],
        [
            0.05145510286092758,
            0.510845959186554,
            0.23449310660362244
        ],
        [
            -0.33719247579574585,
            -0.47190266847610474,
            -0.07102970778942108
        ],
        [
            -0.224920392036438,
            -0.45262715220451355,
            0.10932600498199463
        ],
        [
            -0.10374005138874054,
            -0.6817752718925476,
            0.03030969388782978
        ],
        [
            0.17713159322738647,
            -0.6761335730552673,
            -0.02718227356672287
        ],
        [
            0.27843451499938965,
            -0.4381660521030426,
            0.05765589326620102
        ],
        [
            0.3279203176498413,
            -0.25010550022125244,
            -0.05182889476418495
        ],
        [
            0.03628471866250038,
            -0.732387125492096,
            -0.02765481173992157
        ],
        [
            -0.0166331734508276,
            -0.9147573709487915,
            -0.11675991863012314
        ],
        [
            0.002702489495277405,
            -0.2550109624862671,
            0.0449848473072052
        ],
        [
            0.0358484610915184,
            -0.6764909029006958,
            -0.0022042999044060707
        ],
        [
            0.03590579703450203,
            -0.4983265995979309,
            0.027015572413802147
        ],
        [
            -0.015680555254220963,
            -0.8009679317474365,
            -0.12587954103946686
        ],
        [
            -0.018501536920666695,
            -0.93522047996521,
            -0.10975997895002365
        ]
    ],
    "pred_vertices": [
        [
            -0.03852537274360657,
            -0.901303231716156,
            -0.20346665382385254
        ],
        [
            -0.04427928477525711,
            -0.8858941197395325,
            -0.2014193832874298
        ],
        [
            -0.02975737303495407,
            -0.8851057887077332,
            -0.20216426253318787
        ],
        [
            -0.021501831710338593,
            -0.8977035284042358,
            -0.20099587738513947
        ],
        [
            -0.03448835015296936,
            -0.8748884201049805,
            -0.20152565836906433
        ],
        [
            -0.04672127217054367,
            -0.874321460723877,
            -0.1996583491563797
        ],
        [
            -0.016606420278549194,
            -0.8820548057556152,
            -0.1981281042098999
        ],
        [
            -0.007293105125427246,
            -0.890994131565094,
            -0.1955479383468628
        ],
        [
            0.0012622475624084473,
            -0.8504341840744019,
            -0.1871236115694046
        ],
        [
            0.011405877768993378,
            -0.8481643795967102,
            -0.18201792240142822
        ],
        [
            0.008430369198322296,
            -0.8597429394721985,
            -0.18574082851409912
        ],
        [
            -0.0014550089836120605,
            -0.858884871006012,
            -0.18885605037212372
        ],
        [
            0.008565880358219147,
            -0.8261381387710571,
            -0.17913907766342163
        ],
        [
            0.00014309585094451904,
            -0.8149826526641846,
            -0.17937976121902466
        ],
        [
            0.010240994393825531,
            -0.8086732029914856,
            -0.17218643426895142
        ],
        [
            0.01822265237569809,
            -0.8194222450256348,
            -0.1705600619316101
        ],
        [
            -0.042692944407463074,
            -0.8219795227050781,
            -0.1772184520959854
        ],
        [
            -0.03652002662420273,
            -0.8158822059631348,
            -0.17917528748512268
        ],
        [
            -0.034486860036849976,
            -0.8226933479309082,
            -0.18233121931552887
        ],
        [
            -0.04084531217813492,
            -0.8280249238014221,
            -0.17949572205543518
        ],
        [
            -0.05526416748762131,
            -0.8298192024230957,
            -0.1768309772014618
        ],
        [
            -0.053367942571640015,
            -0.8359801769256592,
            -0.17599716782569885
        ],
        [
            -0.0609157457947731,
            -0.838379979133606,
            -0.1770719289779663
        ],
        [
            -0.0627036988735199,
            -0.8313003778457642,
            -0.17914843559265137
        ],
        [
            -0.04573337733745575,
            -0.816776692867279,
            -0.17254914343357086
        ],
        [
            -0.03886178880929947,
            -0.8105255365371704,
            -0.1745644062757492
        ],
        [
            -0.04837093502283096,
            -0.8270647525787354,
            -0.1759081333875656
        ],
        [
            -0.05016498267650604,
            -0.822203516960144,
            -0.17560407519340515
        ],
        [
            -0.057886071503162384,
            -0.8137893080711365,
            -0.17997975647449493
        ],
        [
            -0.05667518079280853,
            -0.8187821507453918,
            -0.18070533871650696
        ],
        [
            -0.0639619454741478,
            -0.8181183338165283,
            -0.1835077702999115
        ],
        [
            -0.063414566218853,
            -0.8129396438598633,
            -0.18128006160259247
        ],
        [
            -0.049806565046310425,
            -0.8154453039169312,
            -0.17496290802955627
        ],
        [
            -0.051761284470558167,
            -0.8175971508026123,
            -0.1779017299413681
        ],
        [
            -0.05438021570444107,
            -0.8133745193481445,
            -0.17729851603507996
        ],
        [
            -0.0528908371925354,
            -0.8120677471160889,
            -0.17361880838871002
        ],
        [
            -0.05682612955570221,
            -0.8250290751457214,
            -0.1778075098991394
        ],
        [
            -0.06382151693105698,
            -0.8251248598098755,
            -0.18112671375274658
        ],
        [
            -0.07158184796571732,
            -0.8247758150100708,
            -0.18387092649936676
        ],
        [
            -0.07136768847703934,
            -0.8159933090209961,
            -0.18564005196094513
        ],
        [
            -0.02081289142370224,
            -0.8045380115509033,
            -0.17907112836837769
        ],
        [
            -0.029212959110736847,
            -0.8100275993347168,
            -0.18024857342243195
        ],
        [
            -0.031981825828552246,
            -0.805098831653595,
            -0.17618119716644287
        ],
        [
            -0.025221005082130432,
            -0.8005537986755371,
            -0.17618247866630554
        ],
        [
            -0.0489484965801239,
            -0.8097995519638062,
            -0.171493262052536
        ],
        [
            -0.042479947209358215,
            -0.7943947911262512,
            -0.17134295403957367
        ],
        [
            -0.04335196316242218,
            -0.7980045676231384,
            -0.17245572805404663
        ],
        [
            -0.05064129829406738,
            -0.7976930141448975,
            -0.17148542404174805
        ],
        [
            -0.04924408346414566,
            -0.7943861484527588,
            -0.17077086865901947
        ],
        [
            -0.008145250380039215,
            -0.7929559946060181,
            -0.1729518473148346
        ],
        [
            -0.01519705355167389,
            -0.7905502915382385,
            -0.17268425226211548
        ],
        [
            -0.011468552052974701,
            -0.784569501876831,
            -0.16961215436458588
        ],
        [
            -0.0036755800247192383,
            -0.7860225439071655,
            -0.16827403008937836
        ],
        [
            -0.010808631777763367,
            -0.7791891098022461,
            -0.16635245084762573
        ],
        [
            -0.0003182068467140198,
            -0.7792544364929199,
            -0.1635809689760208
        ],
        [
            -0.00401054322719574,
            -0.7656331658363342,
            -0.155238538980484
        ],
        [
            -0.001584850251674652,
            -0.7716684341430664,
            -0.15907594561576843
        ],
        [
            -0.012685306370258331,
            -0.7736066579818726,
            -0.1631452888250351
        ],
        [
            -0.01768997311592102,
            -0.7678355574607849,
            -0.16115030646324158
        ],
        [
            -0.0339600145816803,
            -0.769755482673645,
            -0.16032397747039795
        ],
        [
            -0.03993359953165054,
            -0.7676042318344116,
            -0.15835422277450562
        ],
        [
            -0.03218022733926773,
            -0.7567415237426758,
            -0.15778270363807678
        ],
        [
            -0.0251789391040802,
            -0.7613853216171265,
            -0.1595662385225296
        ],
        [
            -0.0387754812836647,
            -0.7898789048194885,
            -0.16667886078357697
        ],
        [
            -0.03401966392993927,
            -0.7907718420028687,
            -0.16713592410087585
        ],
        [
            -0.03563529998064041,
            -0.7916009426116943,
            -0.1692851185798645
        ],
        [
            -0.041097283363342285,
            -0.7917155027389526,
            -0.16923406720161438
        ],
        [
            -0.03009406477212906,
            -0.7910243272781372,
            -0.1680889129638672
        ],
        [
            -0.02836376428604126,
            -0.7910161018371582,
            -0.16859093308448792
        ],
        [
            -0.02959033101797104,
            -0.7919468283653259,
            -0.1695730984210968
        ],
        [
            -0.03092871606349945,
            -0.7916349172592163,
            -0.16856281459331512
        ],
        [
            -0.03268320858478546,
            -0.7911074161529541,
            -0.16766677796840668
        ],
        [
            -0.03322134166955948,
            -0.7891291379928589,
            -0.16693738102912903
        ],
        [
            -0.030855193734169006,
            -0.7901328802108765,
            -0.16773445904254913
        ],
        [
            -0.03750073164701462,
            -0.7875258922576904,
            -0.1665642261505127
        ],
        [
            -0.05121687054634094,
            -0.7828331589698792,
            -0.1641278713941574
        ],
        [
            -0.047728098928928375,
            -0.7837923765182495,
            -0.16549818217754364
        ],
        [
            -0.04925987869501114,
            -0.7883194088935852,
            -0.16466322541236877
        ],
        [
            -0.052243150770664215,
            -0.7877655029296875,
            -0.16357356309890747
        ],
        [
            -0.032392896711826324,
            -0.793310284614563,
            -0.1702090948820114
        ],
        [
            -0.030559085309505463,
            -0.7949082851409912,
            -0.17180858552455902
        ],
        [
            -0.036225855350494385,
            -0.7965389490127563,
            -0.1724550724029541
        ],
        [
            -0.03606422245502472,
            -0.7940734624862671,
            -0.17065411806106567
        ],
        [
            -0.028892092406749725,
            -0.7968363761901855,
            -0.17379146814346313
        ],
        [
            -0.02776208519935608,
            -0.793334424495697,
            -0.17085298895835876
        ],
        [
            -0.024953752756118774,
            -0.7942073345184326,
            -0.17271308600902557
        ],
        [
            -0.028325103223323822,
            -0.7892743945121765,
            -0.16791769862174988
        ],
        [
            -0.024993576109409332,
            -0.7880439162254333,
            -0.16832900047302246
        ],
        [
            -0.025825224816799164,
            -0.7903522253036499,
            -0.16994139552116394
        ],
        [
            -0.025969862937927246,
            -0.784774661064148,
            -0.16663959622383118
        ],
        [
            -0.030407190322875977,
            -0.7871319055557251,
            -0.1666586846113205
        ],
        [
            -0.03440166264772415,
            -0.7845712900161743,
            -0.1660483330488205
        ],
        [
            -0.03977177292108536,
            -0.7819377779960632,
            -0.1654086709022522
        ],
        [
            -0.03488697111606598,
            -0.7781060338020325,
            -0.16386127471923828
        ],
        [
            -0.029568515717983246,
            -0.7813065648078918,
            -0.16520754992961884
        ],
        [
            -0.034849658608436584,
            -0.8005391359329224,
            -0.17407408356666565
        ],
        [
            -0.021273471415042877,
            -0.7902883291244507,
            -0.17119160294532776
        ],
        [
            -0.020006917417049408,
            -0.79654461145401,
            -0.17469346523284912
        ],
        [
            -0.019511885941028595,
            -0.7859116792678833,
            -0.16936521232128143
        ],
        [
            -0.019704975187778473,
            -0.7816939949989319,
            -0.16680489480495453
        ],
        [
            -0.02234828472137451,
            -0.7774009704589844,
            -0.16447889804840088
        ],
        [
            -0.028017356991767883,
            -0.773285448551178,
            -0.1623816341161728
        ],
        [
            -0.020854584872722626,
            -0.7516971826553345,
            -0.14919978380203247
        ],
        [
            -0.012827299535274506,
            -0.7577769756317139,
            -0.15249499678611755
        ],
        [
            -0.045374877750873566,
            -0.8678367733955383,
            -0.19439446926116943
        ],
        [
            -0.036761440336704254,
            -0.8679853677749634,
            -0.19812892377376556
        ],
        [
            -0.03205019235610962,
            -0.861919641494751,
            -0.19304025173187256
        ],
        [
            -0.031317636370658875,
            -0.8642809391021729,
            -0.19452963769435883
        ],
        [
            -0.037383995950222015,
            -0.8645288944244385,
            -0.19391265511512756
        ],
        [
            -0.036850862205028534,
            -0.8620340824127197,
            -0.1923624873161316
        ],
        [
            -0.010670818388462067,
            -0.8591592311859131,
            -0.18944720923900604
        ],
        [
            -0.017656780779361725,
            -0.859626293182373,
            -0.1899537891149521
        ],
        [
            -0.015549466013908386,
            -0.8563225269317627,
            -0.1884731948375702
        ],
        [
            -0.00752393901348114,
            -0.8529804944992065,
            -0.18881040811538696
        ],
        [
            -0.024225637316703796,
            -0.8468850255012512,
            -0.1871316283941269
        ],
        [
            -0.019056782126426697,
            -0.8491251468658447,
            -0.18784546852111816
        ],
        [
            -0.025220617651939392,
            -0.8546843528747559,
            -0.18870607018470764
        ],
        [
            -0.028992682695388794,
            -0.8530467748641968,
            -0.18824678659439087
        ],
        [
            -0.03304651379585266,
            -0.8519630432128906,
            -0.18714702129364014
        ],
        [
            -0.03699786216020584,
            -0.8515408039093018,
            -0.18534380197525024
        ],
        [
            -0.03541401028633118,
            -0.8465932607650757,
            -0.1839219033718109
        ],
        [
            -0.030137985944747925,
            -0.846272349357605,
            -0.1857205629348755
        ],
        [
            -0.04363086074590683,
            -0.8650806546211243,
            -0.19068825244903564
        ],
        [
            -0.048743464052677155,
            -0.8642755746841431,
            -0.18567919731140137
        ],
        [
            -0.04673409461975098,
            -0.861570417881012,
            -0.18541784584522247
        ],
        [
            -0.042646072804927826,
            -0.8619881868362427,
            -0.18998900055885315
        ],
        [
            -0.04989714175462723,
            -0.8565948009490967,
            -0.17366978526115417
        ],
        [
            -0.05012878030538559,
            -0.8587166666984558,
            -0.17573168873786926
        ],
        [
            -0.05386235564947128,
            -0.8596779108047485,
            -0.17451059818267822
        ],
        [
            -0.053076520562171936,
            -0.8555183410644531,
            -0.17247986793518066
        ],
        [
            -0.05079181492328644,
            -0.8525903224945068,
            -0.17344626784324646
        ],
        [
            -0.04886274039745331,
            -0.8548487424850464,
            -0.17450106143951416
        ],
        [
            -0.048583149909973145,
            -0.9221011400222778,
            -0.2003001868724823
        ],
        [
            -0.05401718616485596,
            -0.904067873954773,
            -0.2001943290233612
        ],
        [
            -0.02785263955593109,
            -0.9192355871200562,
            -0.20018284022808075
        ],
        [
            -0.011483758687973022,
            -0.9123940467834473,
            -0.1961827576160431
        ],
        [
            0.0028817132115364075,
            -0.9016812443733215,
            -0.1911262720823288
        ],
        [
            0.0008517876267433167,
            -0.7993810176849365,
            -0.17285709083080292
        ],
        [
            0.007947869598865509,
            -0.7923858165740967,
            -0.16721011698246002
        ],
        [
            0.019827749580144882,
            -0.8030363917350769,
            -0.16463471949100494
        ],
        [
            0.024067696183919907,
            -0.7943843603134155,
            -0.15690355002880096
        ],
        [
            0.011758647859096527,
            -0.783659815788269,
            -0.16060952842235565
        ],
        [
            0.007847178727388382,
            -0.7668347358703613,
            -0.1460726112127304
        ],
        [
            0.011909473687410355,
            -0.7745563387870789,
            -0.15328674018383026
        ],
        [
            0.026277460157871246,
            -0.7866262197494507,
            -0.1464621126651764
        ],
        [
            0.038316838443279266,
            -0.8025830984115601,
            -0.14210350811481476
        ],
        [
            0.03390641137957573,
            -0.8071942329406738,
            -0.1535542607307434
        ],
        [
            0.046055324375629425,
            -0.820824146270752,
            -0.13853506743907928
        ],
        [
            0.044642962515354156,
            -0.7982576489448547,
            -0.12740595638751984
        ],
        [
            0.05007903277873993,
            -0.821964681148529,
            -0.12911736965179443
        ],
        [
            0.04121294617652893,
            -0.7613015174865723,
            -0.11327435076236725
        ],
        [
            0.0480278916656971,
            -0.7513972520828247,
            -0.1074208915233612
        ],
        [
            0.06147131323814392,
            -0.7617924213409424,
            -0.10085153579711914
        ],
        [
            0.05621694028377533,
            -0.7716687917709351,
            -0.1085505336523056
        ],
        [
            0.02752009406685829,
            -0.8128600120544434,
            -0.16228672862052917
        ],
        [
            0.012511499226093292,
            -0.8716184496879578,
            -0.18325068056583405
        ],
        [
            0.0022699832916259766,
            -0.8685076832771301,
            -0.18897685408592224
        ],
        [
            0.018984682857990265,
            -0.8606851100921631,
            -0.179393008351326
        ],
        [
            0.014377996325492859,
            -0.9344177842140198,
            -0.18211215734481812
        ],
        [
            0.0004223659634590149,
            -0.9248721599578857,
            -0.19066716730594635
        ],
        [
            0.012911736965179443,
            -0.9122215509414673,
            -0.18754348158836365
        ],
        [
            0.024557039141654968,
            -0.9227762818336487,
            -0.17984797060489655
        ],
        [
            -0.018834546208381653,
            -0.9647583961486816,
            -0.17768360674381256
        ],
        [
            -0.034238047897815704,
            -0.9459989070892334,
            -0.1921374499797821
        ],
        [
            -0.017918474972248077,
            -0.9371099472045898,
            -0.19192756712436676
        ],
        [
            -0.00396912544965744,
            -0.9519258737564087,
            -0.1818266361951828
        ],
        [
            0.03384169936180115,
            -0.9279090762138367,
            -0.17146354913711548
        ],
        [
            0.04633775353431702,
            -0.9344052076339722,
            -0.15876804292201996
        ],
        [
            0.04378766566514969,
            -0.9516324996948242,
            -0.15440090000629425
        ],
        [
            0.028263449668884277,
            -0.945280134677887,
            -0.1694965362548828
        ],
        [
            0.034736476838588715,
            -0.9726263284683228,
            -0.14541064202785492
        ],
        [
            0.016125068068504333,
            -0.9656631946563721,
            -0.16418442130088806
        ],
        [
            0.0583934560418129,
            -0.8110615015029907,
            -0.11505920439958572
        ],
        [
            0.05734081566333771,
            -0.8292992115020752,
            -0.12020594626665115
        ],
        [
            0.048723962157964706,
            -0.783423900604248,
            -0.11777465045452118
        ],
        [
            0.061162568628787994,
            -0.7952963709831238,
            -0.10860469937324524
        ],
        [
            0.021314270794391632,
            -0.9885047674179077,
            -0.1326705813407898
        ],
        [
            -0.0003729313611984253,
            -0.9813359975814819,
            -0.1558239609003067
        ],
        [
            0.07251917570829391,
            -0.9269294738769531,
            -0.11078281700611115
        ],
        [
            0.06651885062456131,
            -0.941923975944519,
            -0.12251321226358414
        ],
        [
            0.06347478181123734,
            -0.9251886606216431,
