{
    "pred_cam": [
        1.5668361186981201,
        0.054386235773563385,
        0.3489195704460144
    ],
    "pred_smpl_params": {
        "global_orient": [
            [
                [
                    -0.7895233631134033,
                    0.08062225580215454,
                    -0.6084019541740417
                ],
                [
                    0.10528197884559631,
                    -0.9588459730148315,
                    -0.26368576288223267
                ],
                [
                    -0.6046226620674133,
                    -0.2722398340702057,
                    0.7485432028770447
                ]
            ]
        ],
        "body_pose": [
            [
                [
                    0.9962342381477356,
                    0.0854496881365776,
                    -0.014682344160974026
                ],
                [
                    -0.08147711306810379,
                    0.980575680732727,
                    0.17841747403144836
                ],
                [
                    0.029642866924405098,
                    -0.17654934525489807,
                    0.9838452339172363
                ]
            ],
            [
                [
                    0.9858766198158264,
                    0.0059539880603551865,
                    -0.1673675924539566
                ],
                [
                    0.012293525971472263,
                    0.9940987825393677,
                    0.10777922719717026
                ],
                [
                    0.16702166199684143,
                    -0.10831455141305923,
                    0.9799855351448059
                ]
            ],
            [
                [
                    0.994392454624176,
                    -0.028702042996883392,
                    0.10178348422050476
                ],
                [
                    0.049370892345905304,
                    0.977138102054596,
                    -0.20679369568824768
                ],
                [
                    -0.0935211181640625,
                    0.2106592208147049,
                    0.973075807094574
                ]
            ],
            [
                [
                    0.9979140758514404,
                    0.038557469844818115,
                    -0.05177704989910126
                ],
                [
                    -0.051076337695121765,
                    0.9620723128318787,
                    -0.2679702937602997
                ],
                [
                    0.03948100656270981,
                    0.270055890083313,
                    0.9620348811149597
                ]
            ],
            [
                [
                    0.9471087455749512,
                    -0.31557151675224304,
                    -0.05830709636211395
                ],
                [
                    0.18204519152641296,
                    0.6779547929763794,
                    -0.7122055888175964
                ],
                [
                    0.26428139209747314,
                    0.663921594619751,
                    0.6995452046394348
                ]
            ],
            [
                [
                    0.9940041303634644,
                    0.005514775402843952,
                    0.10920365899801254
                ],
                [
                    -0.006579550448805094,
                    0.9999342560768127,
                    0.009392382577061653
                ],
                [
                    -0.1091446802020073,
                    -0.010054577142000198,
                    0.993975043296814
                ]
            ],
            [
                [
                    0.9797344207763672,
                    -0.032842446118593216,
                    0.1975902020931244
                ],
                [
                    0.022315023466944695,
                    0.9982219338417053,
                    0.055272236466407776
                ],
                [
                    -0.19905415177345276,
                    -0.04974287748336792,
                    0.978725254535675
                ]
            ],
            [
                [
                    0.9762600660324097,
                    0.08999117463827133,
                    -0.1970226764678955
                ],
                [
                    -0.07061877101659775,
                    0.9921456575393677,
                    0.10324735194444656
                ],
                [
                    0.20476654171943665,
                    -0.08688276261091232,
                    0.9749472737312317
                ]
            ],
            [
                [
                    0.9945062398910522,
                    0.02599005401134491,
                    0.10140027850866318
                ],
                [
                    -0.019291093572974205,
                    0.9976001977920532,
                    -0.06649455428123474
                ],
                [
                    -0.10288514941930771,
                    0.06417311728000641,
                    0.9926210045814514
                ]
            ],
            [
                [
                    0.9982030987739563,
                    -0.05870211496949196,
                    -0.012033862061798573
                ],
                [
                    0.059002023190259933,
                    0.9979113936424255,
                    0.02629639208316803
                ],
                [
                    0.010465074330568314,
                    -0.02695915848016739,
                    0.9995818138122559
                ]
            ],
            [
                [
                    0.9988189935684204,
                    -0.029789434745907784,
                    -0.03838256001472473
                ],
                [
                    0.031193915754556656,
                    0.9988455772399902,
                    0.03652786836028099
                ],
                [
                    0.03725011274218559,
                    -0.037682030349969864,
                    0.9985951781272888
                ]
            ],
            [
                [
                    0.9941625595092773,
                    0.01507996954023838,
                    -0.1068335622549057
                ],
                [
                    -0.017500877380371094,
                    0.9996100068092346,
                    -0.021759334951639175
                ],
                [
                    0.10646378248929977,
                    0.02350199595093727,
                    0.9940387606620789
                ]
            ],
            [
                [
                    0.93193119764328,
                    0.36213764548301697,
                    -0.018991081044077873
                ],
                [
                    -0.36131682991981506,
                    0.931730329990387,
                    0.03645145893096924
                ],
                [
                    0.030895013362169266,
                    -0.02710845321416855,
                    0.9991549849510193
                ]
            ],
            [
                [
                    0.9038265347480774,
                    -0.369642049074173,
                    0.2155514508485794
                ],
                [
                    0.37366509437561035,
                    0.9272701144218445,
                    0.023333782330155373
                ],
                [
                    -0.20849958062171936,
                    0.05945436283946037,
                    0.9762136936187744
                ]
            ],
            [
                [
                    0.9890735149383545,
                    -0.004709553439170122,
                    -0.14734748005867004
                ],
                [
                    -0.03453890606760979,
                    0.9642691016197205,
                    -0.2626633942127228
                ],
                [
                    0.14331965148448944,
                    0.2648826539516449,
                    0.9535703659057617
                ]
            ],
            [
                [
                    0.5238673686981201,
                    0.8116483688354492,
                    -0.2584373652935028
                ],
                [
                    -0.838747501373291,
                    0.5444347858428955,
                    0.00966293178498745
                ],
                [
                    0.14854522049427032,
                    0.21170158684253693,
                    0.9659796357154846
                ]
            ],
            [
                [
                    0.4423648416996002,
                    -0.8560230731964111,
                    0.2674654722213745
                ],
                [
                    0.8558100461959839,
                    0.49208852648735046,
                    0.15949292480945587
                ],
                [
                    -0.2681463360786438,
                    0.15834559500217438,
                    0.9502757787704468
                ]
            ],
            [
                [
                    0.9300876259803772,
                    -0.07963581383228302,
                    -0.3586015999317169
                ],
                [
                    0.06921178847551346,
                    0.9967244267463684,
                    -0.04183445870876312
                ],
                [
                    0.360758513212204,
                    0.014090243726968765,
                    0.9325528144836426
                ]
            ],
            [
                [
                    0.9271103143692017,
                    0.15706756711006165,
                    0.3402884304523468
                ],
                [
                    -0.14684826135635376,
                    0.9875863790512085,
                    -0.05575625225901604
                ],
                [
                    -0.3448216915130615,
                    0.001721421256661415,
                    0.9386666417121887
                ]
            ],
            [
                [
                    0.9988090395927429,
                    0.02165914885699749,
                    0.0437193438410759
                ],
                [
                    -0.02398531697690487,
                    0.9982849359512329,
                    0.0534031018614769
                ],
                [
                    -0.042487699538469315,
                    -0.054388124495744705,
                    0.9976155161857605
                ]
            ],
            [
                [
                    0.9992804527282715,
                    0.003368858713656664,
                    -0.03777898848056793
                ],
                [
                    -0.0034138343762606382,
                    0.9999935626983643,
                    -0.0011258547892794013
                ],
                [
                    0.0377749502658844,
                    0.001254015602171421,
                    0.9992855191230774
                ]
            ],
            [
                [
                    0.9684494733810425,
                    0.22281089425086975,
                    -0.11162877827882767
                ],
                [
                    -0.20199082791805267,
                    0.9641557335853577,
                    0.17205677926540375
                ],
                [
                    0.1459636390209198,
                    -0.1440802961587906,
                    0.9787418842315674
                ]
            ],
            [
                [
                    0.9776392579078674,
                    -0.19678209722042084,
                    0.07415086030960083
                ],
                [
                    0.18118096888065338,
                    0.9672061204910278,
                    0.17800509929656982
                ],
                [
                    -0.10674738138914108,
                    -0.1605900377035141,
                    0.9812318682670593
                ]
            ]
        ],
        "betas": [
            -0.2643606960773468,
            -0.23823091387748718,
            0.054030776023864746,
            0.3836306631565094,
            0.20614992082118988,
            0.08945572376251221,
            0.030372321605682373,
            -0.17295369505882263,
            0.06753215193748474,
            -0.12503814697265625
        ]
    },
    "pred_cam_t": [
        0.054386235773563385,
        0.3489195704460144,
        24.930814743041992
    ],
    "focal_length": [
        5000.0,
        5000.0
    ],
    "pred_keypoints_3d": [
        [
            -0.10993549972772598,
            -0.8136798143386841,
            0.04339621961116791
        ],
        [
            0.013779627159237862,
            -0.7221033573150635,
            -0.06488581001758575
        ],
        [
            0.10874834656715393,
            -0.6426894664764404,
            0.10034534335136414
        ],
        [
            0.08965528011322021,
            -0.39973360300064087,
            0.1524256467819214
        ],
        [
            -0.01439172774553299,
            -0.20564614236354828,
            0.2698899507522583
        ],
        [
            -0.07963220775127411,
            -0.6056393384933472,
            -0.2002185583114624
        ],
        [
            -0.0962987020611763,
            -0.3509880602359772,
            -0.20377486944198608
        ],
        [
            -0.2105071246623993,
            -0.1428758203983307,
            -0.14809490740299225
        ],
        [
            -0.0018627811223268509,
            -0.2250864952802658,
            0.028442293405532837
        ],
        [
            0.04697081446647644,
            -0.14480721950531006,
            0.09074005484580994
        ],
        [
            0.030274471268057823,
            0.20044183731079102,
            0.23292173445224762
        ],
        [
            0.004170829430222511,
            0.5252625346183777,
            0.021567359566688538
        ],
        [
            -0.05998236685991287,
            -0.12878639996051788,
            0.006043301895260811
        ],
        [
            -0.1268913894891739,
            0.20123402774333954,
            0.14888587594032288
        ],
        [
            -0.06471498310565948,
            0.5770705938339233,
            0.22296521067619324
        ],
        [
            -0.07303494215011597,
            -0.8620744943618774,
            0.03908368945121765
        ],
        [
            -0.12356123328208923,
            -0.8513718843460083,
            -0.002622978761792183
        ],
        [
            0.019508928060531616,
            -0.867190420627594,
            -0.007829524576663971
        ],
        [
            -0.09234706312417984,
            -0.8443523645401001,
            -0.10063382983207703
        ],
        [
            -0.191443532705307,
            0.5932817459106445,
            0.375321626663208
        ],
        [
            -0.20850150287151337,
            0.6199238300323486,
            0.2976066470146179
        ],
        [
            -0.029426757246255875,
            0.6213374733924866,
            0.18529126048088074
        ],
        [
            -0.04175322502851486,
            0.6337782144546509,
            0.180171400308609
        ],
        [
            0.038491856306791306,
            0.6320005059242249,
            0.14692893624305725
        ],
        [
            0.018798794597387314,
            0.5456300973892212,
            -0.044349610805511475
        ],
        [
            0.03709932416677475,
            0.47448107600212097,
            0.02541462332010269
        ],
        [
            0.03429339453577995,
            0.14090770483016968,
            0.2237638533115387
        ],
        [
            0.1235610619187355,
            -0.2671571969985962,
            0.10028362274169922
        ],
        [
            -0.10200561583042145,
            -0.2181793600320816,
            -0.08402617275714874
        ],
        [
            -0.13243640959262848,
            0.1638658493757248,
            0.12644703686237335
        ],
        [
            -0.05858694016933441,
            0.5495790243148804,
            0.1894935965538025
        ],
        [
            -0.03310885652899742,
            -0.2358516901731491,
            0.2671147882938385
        ],
        [
            0.09027828276157379,
            -0.4254452586174011,
            0.18373669683933258
        ],
        [
            0.09204944223165512,
            -0.6718201637268066,
            0.06327913701534271
        ],
        [
            -0.06027815490961075,
            -0.6383354663848877,
            -0.18213492631912231
        ],
        [
            -0.1376485377550125,
            -0.37761390209198,
            -0.2206840068101883
        ],
        [
            -0.21967458724975586,
            -0.16114869713783264,
            -0.1507088989019394
        ],
        [
            0.006712837144732475,
            -0.7122685313224792,
            -0.06161753833293915
        ],
        [
            -0.06005296856164932,
            -0.9050992131233215,
            -0.04418400302529335
        ],
        [
            0.010398772545158863,
            -0.24295806884765625,
            0.007403889670968056
        ],
        [
            0.01485633198171854,
            -0.6543386578559875,
            -0.05699896439909935
        ],
        [
            0.029845979064702988,
            -0.48263469338417053,
            -0.04264509677886963
        ],
        [
            -0.06350967288017273,
            -0.7942983508110046,
            -0.017613817006349564
        ],
        [
            -0.054812993854284286,
            -0.9248427152633667,
            -0.04799201339483261
        ]
    ],
    "pred_vertices": [
        [
            -0.1414150595664978,
            -0.8961806297302246,
            -0.011217363178730011
        ],
        [
            -0.1382124274969101,
            -0.8819886445999146,
            -0.0018435772508382797
        ],
        [
            -0.14000719785690308,
            -0.8776026368141174,
            -0.01548415794968605
        ],
        [
            -0.14086966216564178,
            -0.8883702754974365,
            -0.026803795248270035
        ],
        [
            -0.13905251026153564,
            -0.8685131072998047,
            -0.00829329900443554
        ],
        [
            -0.13618819415569305,
            -0.8707668781280518,
            0.0033857356756925583
        ],
        [
            -0.1374967247247696,
            -0.8716437816619873,
            -0.02763497084379196
        ],
        [
            -0.13663014769554138,
            -0.8783538341522217,
            -0.039461467415094376
        ],
        [
            -0.12803184986114502,
            -0.836624264717102,
            -0.03942219167947769
        ],
        [
            -0.12420438230037689,
            -0.8325194120407104,
            -0.049227241426706314
        ],
        [
            -0.12753452360630035,
            -0.8444554805755615,
            -0.048108216375112534
        ],
        [
            -0.12946416437625885,
            -0.8456553220748901,
            -0.03789941594004631
        ],
        [
            -0.11988937854766846,
            -0.8117746114730835,
            -0.04085541144013405
        ],
        [
            -0.11890719830989838,
            -0.8030071258544922,
            -0.030237410217523575
        ],
        [
            -0.11263729631900787,
            -0.794796884059906,
            -0.03906365483999252
        ],
        [
            -0.11195383965969086,
            -0.8034664392471313,
            -0.04953320324420929
        ],
        [
            -0.1120590940117836,
            -0.8196017742156982,
            0.008435599505901337
        ],
        [
            -0.11432845890522003,
            -0.8123698234558105,
            0.00418914295732975
        ],
        [
            -0.1180485412478447,
            -0.8183119297027588,
            0.0009960941970348358
        ],
        [
            -0.11494038254022598,
            -0.824913740158081,
            0.005464604124426842
        ],
        [
            -0.11085960268974304,
            -0.8299792408943176,
            0.0187804214656353
        ],
        [
            -0.11068636178970337,
            -0.8354774713516235,
            0.015456046909093857
        ],
        [
            -0.11109422147274017,
            -0.8395408391952515,
            0.022329233586788177
        ],
        [
            -0.11248163878917694,
            -0.8330917358398438,
            0.02591312676668167
        ],
        [
            -0.10691551119089127,
            -0.8153725266456604,
            0.011987550184130669
        ],
        [
            -0.10918830335140228,
            -0.8079382181167603,
            0.0072538964450359344
        ],
        [
            -0.11056452244520187,
            -0.8257534503936768,
            0.012489750981330872
        ],
        [
            -0.10956571251153946,
            -0.8214760422706604,
            0.015512559562921524
        ],
        [
            -0.11300569027662277,
            -0.8150759935379028,
            0.025402825325727463
        ],
        [
            -0.11414340883493423,
            -0.8195242881774902,
            0.0231915395706892
        ],
        [
            -0.11619184911251068,
            -0.8204833269119263,
            0.030539322644472122
        ],
        [
            -0.11377448588609695,
            -0.8154382705688477,
            0.031015384942293167
        ],
        [
            -0.10886754095554352,
            -0.8147896528244019,
            0.01647733710706234
        ],
        [
            -0.11168809980154037,
            -0.8173022270202637,
            0.0182297732681036
        ],
        [
            -0.11064568907022476,
            -0.8138469457626343,
            0.021645866334438324
        ],
        [
            -0.10704973340034485,
            -0.8122533559799194,
            0.02012396790087223
        ],
        [
            -0.11138568073511124,
            -0.8255918025970459,
            0.021394051611423492
        ],
        [
            -0.11414342373609543,
            -0.8272467255592346,
            0.02853795513510704
        ],
        [
            -0.116083525121212,
            -0.8286310434341431,
            0.036379676312208176
        ],
        [
            -0.1171845868229866,
            -0.8200900554656982,
            0.03859330341219902
        ],
        [
            -0.11558778584003448,
            -0.7979955673217773,
            -0.007674054242670536
        ],
        [
            -0.11596856266260147,
            -0.8050879836082458,
            -0.0012595001608133316
        ],
        [
            -0.11126305162906647,
            -0.8012377023696899,
            0.0023139286786317825
        ],
        [
            -0.1118529736995697,
            -0.7953664660453796,
            -0.0029405755922198296
        ],
        [
            -0.10507713258266449,
            -0.8094316720962524,
            0.016856489703059196
        ],
        [
            -0.10499129444360733,
            -0.7933348417282104,
            0.014823677018284798
        ],
        [
            -0.10605612397193909,
            -0.7969890832901001,
            0.014714976772665977
        ],
        [
            -0.10430855304002762,
            -0.7983801364898682,
            0.021631155163049698
        ],
        [
            -0.1037328913807869,
            -0.7948577404022217,
            0.021190015599131584
        ],
        [
            -0.11048047244548798,
            -0.7842879295349121,
            -0.017589041963219643
        ],
        [
            -0.10907378792762756,
            -0.7836326360702515,
            -0.010312550701200962
        ],
        [
            -0.10625205934047699,
            -0.777215838432312,
            -0.012550491839647293
        ],
        [
            -0.10613825172185898,
            -0.7768018245697021,
            -0.020457573235034943
        ],
        [
            -0.10271625220775604,
            -0.7721396684646606,
            -0.011861579492688179
        ],
        [
            -0.10154011845588684,
            -0.7698581218719482,
            -0.022003572434186935
        ],
        [
            -0.09221407771110535,
            -0.7577502727508545,
            -0.01570739783346653
        ],
        [
            -0.09662245959043503,
            -0.7630656361579895,
            -0.01921493373811245
        ],
        [
            -0.09901788085699081,
            -0.7674013376235962,
            -0.008858558721840382
        ],
        [
            -0.09608422219753265,
            -0.7630736231803894,
            -0.00295898225158453
        ],
        [
            -0.0937604010105133,
            -0.7685412168502808,
            0.011513907462358475
        ],
        [
            -0.09100151807069778,
            -0.7679380774497986,
            0.01733262836933136
        ],
        [
            -0.09069515019655228,
            -0.7557951211929321,
            0.012830380350351334
        ],
        [
            -0.0933816209435463,
            -0.7584986090660095,
            0.0054293666034936905
        ],
        [
            -0.10064926743507385,
            -0.7883000373840332,
            0.011814670637249947
        ],
        [
            -0.10171312093734741,
            -0.7880488634109497,
            0.007153531536459923
        ],
        [
            -0.10373412817716599,
            -0.7891372442245483,
            0.008657440543174744
        ],
        [
            -0.10310079157352448,
            -0.7904757261276245,
            0.01379467360675335
        ],
        [
            -0.10310567915439606,
            -0.7874186038970947,
            0.0033827032893896103
        ],
        [
            -0.1037629172205925,
            -0.7869901657104492,
            0.0017669238150119781
        ],
        [
            -0.10468123108148575,
            -0.7881130576133728,
            0.0027902815490961075
        ],
        [
            -0.10358010232448578,
            -0.7880389094352722,
            0.003802899271249771
        ],
        [
            -0.10246752202510834,
            -0.7879629135131836,
            0.005532238632440567
        ],
        [
            -0.1015251874923706,
            -0.7862561941146851,
            0.006512144580483437
        ],
        [
            -0.1026032567024231,
            -0.7867410778999329,
            0.004311723634600639
        ],
        [
            -0.10063339024782181,
            -0.785706639289856,
            0.010950878262519836
        ],
        [
            -0.09627934545278549,
            -0.7845323085784912,
            0.025133438408374786
        ],
        [
            -0.09816358983516693,
            -0.7845732569694519,
            0.021566327661275864
        ],
        [
            -0.09738557040691376,
            -0.7891669273376465,
            0.0217747762799263
        ],
        [
            -0.09584779292345047,
            -0.7894284725189209,
            0.0247780941426754
        ],
        [
            -0.1050516739487648,
            -0.7898939847946167,
            0.005173215642571449
        ],
        [
            -0.10682971775531769,
            -0.7911738157272339,
            0.0031910426914691925
        ],
        [
            -0.10690071433782578,
            -0.7939823865890503,
            0.008141700178384781
        ],
        [
            -0.10510477423667908,
            -0.7915769219398499,
            0.008551444858312607
        ],
        [
            -0.10906833410263062,
            -0.7925708293914795,
            0.001085931435227394
        ],
        [
            -0.10614673793315887,
            -0.7890039086341858,
            0.0008067451417446136
        ],
        [
            -0.10815250873565674,
            -0.7892224788665771,
            -0.0017634183168411255
        ],
        [
            -0.10294713079929352,
            -0.7854174375534058,
            0.0021102335304021835
        ],
        [
            -0.10356448590755463,
            -0.7835589051246643,
            -0.0007845908403396606
        ],
        [
            -0.10522069036960602,
            -0.7858673930168152,
            -0.0004162639379501343
        ],
        [
            -0.1016780436038971,
            -0.7807538509368896,
            0.0008909441530704498
        ],
        [
            -0.10142341256141663,
            -0.783898115158081,
            0.004526881501078606
        ],
        [
            -0.10030403733253479,
            -0.7823830246925354,
            0.00892803817987442
        ],
        [
            -0.09903132170438766,
            -0.7810695171356201,
            0.014587797224521637
        ],
        [
            -0.09777234494686127,
            -0.7764443159103394,
            0.010748889297246933
        ],
        [
            -0.09983766078948975,
            -0.7782602310180664,
            0.005079504102468491
        ],
        [
            -0.10867960751056671,
            -0.7974671125411987,
            0.006154695525765419
        ],
        [
            -0.10690180957317352,
            -0.7847830057144165,
            -0.004655735567212105
        ],
        [
            -0.11078916490077972,
            -0.7903344631195068,
            -0.00706605426967144
        ],
        [
            -0.10502219200134277,
            -0.7803435921669006,
            -0.00539308600127697
        ],
        [
            -0.10232701897621155,
            -0.776461124420166,
            -0.0042489152401685715
        ],
        [
            -0.09944269061088562,
            -0.7731385231018066,
            -0.0006356574594974518
        ],
        [
            -0.09672034531831741,
            -0.7705119848251343,
            0.005340682342648506
        ],
        [
            -0.08358471840620041,
            -0.7482595443725586,
            0.0026982026174664497
        ],
        [
            -0.08806950598955154,
            -0.752219557762146,
            -0.005831646732985973
        ],
        [
            -0.1313839852809906,
            -0.8638948202133179,
            0.002997901290655136
        ],
        [
            -0.13565804064273834,
            -0.8619760274887085,
            -0.004907235503196716
        ],
        [
            -0.13116541504859924,
            -0.8549667000770569,
            -0.008691785857081413
        ],
        [
            -0.13284850120544434,
            -0.8570847511291504,
            -0.010068587958812714
        ],
        [
            -0.13164100050926208,
            -0.8586913347244263,
            -0.003996746614575386
        ],
        [
            -0.13020431995391846,
            -0.855971097946167,
            -0.00414547324180603
        ],
        [
            -0.12922042608261108,
            -0.8477904796600342,
            -0.02946515753865242
        ],
        [
            -0.12910081446170807,
            -0.849649965763092,
            -0.022699151188135147
        ],
        [
            -0.12756013870239258,
            -0.8461174368858337,
            -0.023947536945343018
        ],
        [
            -0.12871068716049194,
            -0.8411025404930115,
            -0.030898896977305412
        ],
        [
            -0.12504221498966217,
            -0.8390486836433411,
            -0.013612554408609867
        ],
        [
            -0.12634329497814178,
            -0.840011477470398,
            -0.01893259584903717
        ],
        [
            -0.12676456570625305,
            -0.8466924428939819,
            -0.014502497389912605
        ],
        [
            -0.12602485716342926,
            -0.8459686040878296,
            -0.01060640811920166
        ],
        [
            -0.12444919347763062,
            -0.8458375930786133,
            -0.006631489843130112
        ],
        [
            -0.12227027118206024,
            -0.846428394317627,
            -0.002731872722506523
        ],
        [
            -0.12083790451288223,
            -0.8412532806396484,
            -0.003447987139225006
        ],
        [
            -0.12309356033802032,
            -0.8397413492202759,
            -0.008223507553339005
        ],
        [
            -0.12810203433036804,
            -0.8604385256767273,
            0.001315804198384285
        ],
        [
            -0.12241822481155396,
            -0.861083447933197,
            0.0059941597282886505
        ],
        [
            -0.12223353981971741,
            -0.8579819798469543,
            0.004398200660943985
        ],
        [
            -0.1272926926612854,
            -0.8573119640350342,
            0.0008006691932678223
        ],
        [
            -0.10973858833312988,
            -0.854412317276001,
            0.007228422909975052
        ],
        [
            -0.11196934431791306,
            -0.8564385175704956,
            0.007309563457965851
        ],
        [
            -0.11046238243579865,
            -0.8583118915557861,
            0.010506000369787216
        ],
        [
            -0.10818055272102356,
            -0.8541514873504639,
            0.010378509759902954
        ],
        [
            -0.10907017439603806,
            -0.8508131504058838,
            0.008859414607286453
        ],
        [
            -0.11047647893428802,
            -0.8524777293205261,
            0.006628841161727905
        ],
        [
            -0.1392231285572052,
            -0.9186785221099854,
            -0.006528761237859726
        ],
        [
            -0.13740600645542145,
            -0.9022177457809448,
            0.003400539979338646
        ],
        [
            -0.14097082614898682,
            -0.9106431603431702,
            -0.02555288001894951
        ],
        [
            -0.13828504085540771,
            -0.899861216545105,
            -0.04047609120607376
        ],
        [
            -0.13483953475952148,
            -0.886191725730896,
            -0.052273575216531754
        ],
        [
            -0.11191234737634659,
            -0.788210391998291,
            -0.027772212401032448
        ],
        [
            -0.10680132359266281,
            -0.780163586139679,
            -0.0332578606903553
        ],
        [
            -0.10573001205921173,
            -0.7874183058738708,
            -0.047341037541627884
        ],
        [
            -0.09876671433448792,
            -0.7785540223121643,
            -0.049931444227695465
        ],
        [
            -0.10046820342540741,
            -0.7712510824203491,
            -0.035029616206884384
        ],
        [
            -0.08582691848278046,
            -0.75571608543396,
            -0.02831234037876129
        ],
        [
            -0.09348266571760178,
            -0.7625900506973267,
            -0.03348561003804207
        ],
        [
            -0.08966532349586487,
            -0.7702651023864746,
            -0.05119382590055466
        ],
        [
            -0.08745726197957993,
            -0.7826769351959229,
            -0.06765466928482056
        ],
        [
            -0.09669983386993408,
            -0.788470983505249,
            -0.06303732842206955
        ],
        [
            -0.08513704687356949,
            -0.7989267110824585,
            -0.07973697036504745
        ],
        [
            -0.07540786266326904,
            -0.7772961854934692,
            -0.07364703714847565
        ],
        [
            -0.07711310684680939,
            -0.799209475517273,
            -0.08471290022134781
        ],
        [
            -0.06222476810216904,
            -0.7455774545669556,
            -0.0602588951587677
        ],
        [
            -0.059140726923942566,
            -0.7361820936203003,
            -0.06427282094955444
        ],
        [
            -0.056175462901592255,
            -0.7423646450042725,
            -0.08134524524211884
        ],
        [
            -0.06078965216875076,
            -0.7519312500953674,
            -0.07800120860338211
        ],
        [
            -0.10446986556053162,
            -0.7952562570571899,
            -0.05778858810663223
        ],
        [
            -0.12601199746131897,
            -0.8557323813438416,
            -0.05518680438399315
        ],
        [
            -0.13012464344501495,
            -0.854855477809906,
            -0.04377663880586624
        ],
        [
            -0.12218361347913742,
            -0.8431988954544067,
            -0.059148650616407394
        ],
        [
            -0.12913531064987183,
            -0.9155535101890564,
            -0.07199837267398834
        ],
        [
            -0.13635018467903137,
            -0.9095282554626465,
            -0.0559927374124527
        ],
        [
            -0.1329614520072937,
            -0.8940972089767456,
            -0.06494612991809845
        ],
        [
            -0.12750539183616638,
            -0.901629626750946,
            -0.07968208193778992
        ],
        [
            -0.12268991023302078,
            -0.9523888826370239,
            -0.047030918300151825
        ],
        [
            -0.1349620223045349,
            -0.9372835159301758,
            -0.02647382952272892
        ],
        [
            -0.13655680418014526,
            -0.9252342581748962,
            -0.040867939591407776
        ],
        [
            -0.1275545209646225,
            -0.9364758133888245,
            -0.05827312916517258
        ],
        [
            -0.12045194953680038,
            -0.9046266078948975,
            -0.09126219153404236
        ],
        [
            -0.1091521754860878,
            -0.9082823991775513,
            -0.1053735539317131
        ],
        [
            -0.1052950918674469,
            -0.9252324104309082,
            -0.10790502279996872
        ],
        [
            -0.11876240372657776,
            -0.9230973720550537,
            -0.0898781269788742
        ],
        [
            -0.0964604988694191,
            -0.947810173034668,
            -0.10469405353069305
        ],
        [
            -0.11285743117332458,
            -0.9452031850814819,
            -0.08290702104568481
        ],
        [
            -0.06468525528907776,
            -0.7875134348869324,
            -0.09066802263259888
        ],
        [
            -0.06878889352083206,
            -0.8058667182922363,
            -0.09364933520555496
        ],
        [
            -0.0670989528298378,
            -0.763494610786438,
            -0.073502317070961
        ],
        [
            -0.06039455533027649,
            -0.77213454246521,
            -0.08959196507930756
        ],
        [
            -0.08321650326251984,
            -0.9659088850021362,
            -0.09645934402942657
        ],
        [
            -0.10373187810182571,
            -0.9644147157669067,
            -0.07149867713451385
        ],
        [
            -0.06422625482082367,
            -0.8949207067489624,
            -0.13524021208286285
        ],
        [
            -0.07571008801460266,
            -0.9107842445373535,
            -0.13059242069721222
        ],
        [
