{
    "pred_cam": [
        1.5618233680725098,
        0.033754512667655945,
        0.35465356707572937
    ],
    "pred_smpl_params": {
        "global_orient": [
            [
                [
                    -0.9375131726264954,
                    0.03955089673399925,
                    -0.34569457173347473
                ],
                [
                    0.03719707578420639,
                    -0.9764330387115479,
                    -0.21259097754955292
                ],
                [
                    -0.3459557294845581,
                    -0.2121656835079193,
                    0.9139476418495178
                ]
            ]
        ],
        "body_pose": [
            [
                [
                    0.996207594871521,
                    0.024402892217040062,
                    -0.08351504802703857
                ],
                [
                    -0.01355622336268425,
                    0.9916738271713257,
                    0.12805946171283722
                ],
                [
                    0.08594471216201782,
                    -0.12644168734550476,
                    0.988243818283081
                ]
            ],
            [
                [
                    0.996071994304657,
                    -0.009734194725751877,
                    -0.0880105122923851
                ],
                [
                    0.02894679084420204,
                    0.9751248359680176,
                    0.21975822746753693
                ],
                [
                    0.08368206024169922,
                    -0.22144262492656708,
                    0.9715763330459595
                ]
            ],
            [
                [
                    0.9973865747451782,
                    -0.017197750508785248,
                    0.07017355412244797
                ],
                [
                    0.028146982192993164,
                    0.9870113134384155,
                    -0.15816569328308105
                ],
                [
                    -0.06654199957847595,
                    0.15972751379013062,
                    0.9849159121513367
                ]
            ],
            [
                [
                    0.9841066598892212,
                    -0.11102495342493057,
                    -0.1385912001132965
                ],
                [
                    -0.07883962988853455,
                    0.42614978551864624,
                    -0.9012107253074646
                ],
                [
                    0.15911750495433807,
                    0.8978139162063599,
                    0.4106236696243286
                ]
            ],
            [
                [
                    0.9439447522163391,
                    -0.2871664762496948,
                    0.16279952228069305
                ],
                [
                    0.2069624364376068,
                    0.13062985241413116,
                    -0.9695887565612793
                ],
                [
                    0.25716692209243774,
                    0.9489316344261169,
                    0.18274003267288208
                ]
            ],
            [
                [
                    0.9947338700294495,
                    0.017574599012732506,
                    0.10097386687994003
                ],
                [
                    -0.017642198130488396,
                    0.9998443126678467,
                    -0.00022355579130817205
                ],
                [
                    -0.1009620800614357,
                    -0.0015590222319588065,
                    0.9948890805244446
                ]
            ],
            [
                [
                    0.9782235622406006,
                    -0.09330025315284729,
                    0.1854017972946167
                ],
                [
                    0.05560164898633957,
                    0.9784197807312012,
                    0.1990053951740265
                ],
                [
                    -0.19996805489063263,
                    -0.18436309695243835,
                    0.9623009562492371
                ]
            ],
            [
                [
                    0.9727891087532043,
                    0.15406958758831024,
                    -0.1730433851480484
                ],
                [
                    -0.11284708231687546,
                    0.9673575758934021,
                    0.22690264880657196
                ],
                [
                    0.20235364139080048,
                    -0.2012009620666504,
                    0.9584212303161621
                ]
            ],
            [
                [
                    0.9961031079292297,
                    0.01677636429667473,
                    0.0865861177444458
                ],
                [
                    -0.0153287872672081,
                    0.9997318983078003,
                    -0.017356179654598236
                ],
                [
                    -0.08685407042503357,
                    0.015961283817887306,
                    0.996093213558197
                ]
            ],
            [
                [
                    0.9994429349899292,
                    -0.02388450689613819,
                    -0.023309463635087013
                ],
                [
                    0.02617906965315342,
                    0.9942650198936462,
                    0.10369100421667099
                ],
                [
                    0.02069917693734169,
                    -0.10424346476793289,
                    0.9943364262580872
                ]
            ],
            [
                [
                    0.9972831606864929,
                    -0.06855611503124237,
                    -0.0269548911601305
                ],
                [
                    0.07122393697500229,
                    0.9907804727554321,
                    0.11524374783039093
                ],
                [
                    0.018805721774697304,
                    -0.11685045808553696,
                    0.9929715394973755
                ]
            ],
            [
                [
                    0.9961024522781372,
                    0.0006759410607628524,
                    -0.08820152282714844
                ],
                [
                    0.010015699081122875,
                    0.9926361441612244,
                    0.12071927636861801
                ],
                [
                    0.08763362467288971,
                    -0.12113216519355774,
                    0.9887605309486389
                ]
            ],
            [
                [
                    0.908694326877594,
                    0.41390570998191833,
                    -0.05437668785452843
                ],
                [
                    -0.4126061797142029,
                    0.9102821350097656,
                    0.03380267694592476
                ],
                [
                    0.06348924338817596,
                    -0.008280138485133648,
                    0.9979482889175415
                ]
            ],
            [
                [
                    0.8850740790367126,
                    -0.4030553996562958,
                    0.23278774321079254
                ],
                [
                    0.40264803171157837,
                    0.9139066934585571,
                    0.05147036164999008
                ],
                [
                    -0.2334916591644287,
                    0.04817643389105797,
                    0.9711645841598511
                ]
            ],
            [
                [
                    0.9925342202186584,
                    0.01571405865252018,
                    -0.12094997614622116
                ],
                [
                    -0.041548099368810654,
                    0.9759151339530945,
                    -0.2141573578119278
                ],
                [
                    0.11467163264751434,
                    0.21758374571800232,
                    0.9692820310592651
                ]
            ],
            [
                [
                    0.5500286221504211,
                    0.7965546250343323,
                    -0.2509366273880005
                ],
                [
                    -0.8299424052238464,
                    0.5548328161239624,
                    -0.05793267861008644
                ],
                [
                    0.09308132529258728,
                    0.2401275783777237,
                    0.9662684202194214
                ]
            ],
            [
                [
                    0.4359273910522461,
                    -0.8523939847946167,
                    0.2887762784957886
                ],
                [
                    0.8663740158081055,
                    0.4843258559703827,
                    0.12175609916448593
                ],
                [
                    -0.24364599585533142,
                    0.19711144268512726,
                    0.9496229290962219
                ]
            ],
            [
                [
                    0.9045723080635071,
                    -0.07813500612974167,
                    -0.419098824262619
                ],
                [
                    0.0266085397452116,
                    0.9914920926094055,
                    -0.1274183988571167
                ],
                [
                    0.42548900842666626,
                    0.1041075587272644,
                    0.8989553451538086
                ]
            ],
            [
                [
                    0.8904243111610413,
                    0.19156846404075623,
                    0.4128512144088745
                ],
                [
                    -0.13654473423957825,
                    0.9777584671974182,
                    -0.15919773280620575
                ],
                [
                    -0.4341660439968109,
                    0.08538088947534561,
                    0.8967775702476501
                ]
            ],
            [
                [
                    0.9986464977264404,
                    0.033582307398319244,
                    0.03971782326698303
                ],
                [
                    -0.030793890357017517,
                    0.9971519112586975,
                    -0.06884711235761642
                ],
                [
                    -0.04191674664616585,
                    0.06753085553646088,
                    0.9968363642692566
                ]
            ],
            [
                [
                    0.9984278678894043,
                    -0.004398940596729517,
                    -0.05587886646389961
                ],
                [
                    -0.002045373199507594,
                    0.9933924078941345,
                    -0.11474878340959549
                ],
                [
                    0.05601441487669945,
                    0.11468267440795898,
                    0.9918216466903687
                ]
            ],
            [
                [
                    0.9675734639167786,
                    0.23230643570423126,
                    -0.09917327016592026
                ],
                [
                    -0.21367783844470978,
                    0.9621622562408447,
                    0.16907262802124023
                ],
                [
                    0.13469743728637695,
                    -0.14239905774593353,
                    0.98060142993927
                ]
            ],
            [
                [
                    0.9742404222488403,
                    -0.21800105273723602,
                    0.05771564692258835
                ],
                [
                    0.20589488744735718,
                    0.9642712473869324,
                    0.16669762134552002
                ],
                [
                    -0.09199381619691849,
                    -0.1505202203989029,
                    0.9843173027038574
                ]
            ]
        ],
        "betas": [
            -0.26181861758232117,
            -0.22788181900978088,
            0.14926815032958984,
            0.37456968426704407,
            0.17564867436885834,
            0.1077784076333046,
            0.008594393730163574,
            -0.16557133197784424,
            0.10423507541418076,
            -0.1383247673511505
        ]
    },
    "pred_cam_t": [
        0.033754512667655945,
        0.35465356707572937,
        25.01082992553711
    ],
    "focal_length": [
        5000.0,
        5000.0
    ],
    "pred_keypoints_3d": [
        [
            -0.054781828075647354,
            -0.8525903224945068,
            0.06862679868936539
        ],
        [
            0.013282401487231255,
            -0.7259103059768677,
            -0.0570644736289978
        ],
        [
            0.15142709016799927,
            -0.634240984916687,
            0.06798083335161209
        ],
        [
            0.1262304037809372,
            -0.3919264078140259,
            0.12015236169099808
        ],
        [
            0.024355098605155945,
            -0.21725808084011078,
            0.2662143409252167
        ],
        [
            -0.13098526000976562,
            -0.6128730773925781,
            -0.14611545205116272
        ],
        [
            -0.15353497862815857,
            -0.3587172031402588,
            -0.14720597863197327
        ],
        [
            -0.23476748168468475,
            -0.1579093188047409,
            -0.03566829860210419
        ],
        [
            -0.0018417038954794407,
            -0.22553277015686035,
            0.02859511226415634
        ],
        [
            0.05969517305493355,
            -0.1390707641839981,
            0.06737230718135834
        ],
        [
            0.050437286496162415,
            0.2019108086824417,
            0.22055001556873322
        ],
        [
            0.026226162910461426,
            0.36360979080200195,
            -0.13207580149173737
        ],
        [
            -0.06843975931406021,
            -0.13249635696411133,
            0.01756562665104866
        ],
        [
            -0.12018465995788574,
            0.21288958191871643,
            0.12653212249279022
        ],
        [
            -0.06749634444713593,
            0.4546155035495758,
            -0.17278949916362762
        ],
        [
            -0.013005215674638748,
            -0.8914956450462341,
            0.047032345086336136
        ],
        [
            -0.07439802587032318,
            -0.8878225088119507,
            0.022348061203956604
        ],
        [
            0.06092344596982002,
            -0.8703523874282837,
            -0.022942956537008286
        ],
        [
            -0.07392449676990509,
            -0.8631941676139832,
            -0.07709570229053497
        ],
        [
            -0.10396253317594528,
            0.6024460792541504,
            -0.048638343811035156
        ],
        [
            -0.1590401530265808,
            0.574085533618927,
            -0.10420453548431396
        ],
        [
            -0.0637812614440918,
            0.44407591223716736,
            -0.23986345529556274
        ],
        [
            -0.010768205858767033,
            0.5280584692955017,
            -0.03249698877334595
        ],
        [
            0.06679588556289673,
            0.5095345973968506,
            -0.06254714727401733
        ],
        [
            0.03959215432405472,
            0.352419376373291,
            -0.200617253780365
        ],
        [
            0.058786094188690186,
            0.3211973309516907,
            -0.103798508644104
        ],
        [
            0.053608160465955734,
            0.15067772567272186,
            0.21515369415283203
        ],
        [
            0.1426985263824463,
            -0.25756946206092834,
            0.061757199466228485
        ],
        [
            -0.13327579200267792,
            -0.23102271556854248,
            -0.04812327027320862
        ],
        [
            -0.13066482543945312,
            0.17686113715171814,
            0.1210658848285675
        ],
        [
            -0.0771530270576477,
            0.4116111397743225,
            -0.168697789311409
        ],
        [
            0.008494306355714798,
            -0.24822857975959778,
            0.26272839307785034
        ],
        [
            0.13673540949821472,
            -0.4167361557483673,
            0.1503291130065918
        ],
        [
            0.12714917957782745,
            -0.666384220123291,
            0.038037121295928955
        ],
        [
            -0.10379813611507416,
            -0.6464248299598694,
            -0.13972249627113342
        ],
        [
            -0.19621282815933228,
            -0.3864388167858124,
            -0.14351695775985718
        ],
        [
            -0.2415943145751953,
            -0.1767982840538025,
            -0.03375866636633873
        ],
        [
            0.006809193640947342,
            -0.7153893113136292,
            -0.05135748162865639
        ],
        [
            -0.017149850726127625,
            -0.920935869216919,
            -0.04302774369716644
        ],
        [
            0.004182589706033468,
            -0.2444511502981186,
            0.006406094413250685
        ],
        [
            0.011410020291805267,
            -0.6556156277656555,
            -0.04820491001009941
        ],
        [
            0.01802913472056389,
            -0.4833366870880127,
            -0.03699573129415512
        ],
        [
            -0.032747622579336166,
            -0.8171250820159912,
            0.00036811758764088154
        ],
        [
            -0.009466392919421196,
            -0.9386774897575378,
            -0.05117698013782501
        ]
    ],
    "pred_vertices": [
        [
            -0.08492879569530487,
            -0.9328218698501587,
            0.012434901669621468
        ],
        [
            -0.0815790593624115,
            -0.9196895360946655,
            0.022233685478568077
        ],
        [
            -0.08826713263988495,
            -0.9142806529998779,
            0.010689551942050457
        ],
        [
            -0.09039969742298126,
            -0.9238681793212891,
            -0.001739700324833393
        ],
        [
            -0.08673269301652908,
            -0.9063437581062317,
            0.018578723073005676
        ],
        [
            -0.08028647303581238,
            -0.9089089632034302,
            0.028545677661895752
        ],
        [
            -0.09040725976228714,
            -0.9068351984024048,
            -0.0006472207605838776
        ],
        [
            -0.09166590869426727,
            -0.9125840663909912,
            -0.013522130437195301
        ],
        [
            -0.0924123227596283,
            -0.8701333999633789,
            -0.008998353034257889
        ],
        [
            -0.09216093271970749,
            -0.8640635013580322,
            -0.01867656037211418
        ],
        [
            -0.09253384172916412,
            -0.8760640621185303,
            -0.018318820744752884
        ],
        [
            -0.09105049818754196,
            -0.878851056098938,
            -0.00840328074991703
        ],
        [
            -0.08945000916719437,
            -0.8441195487976074,
            -0.008503071963787079
        ],
        [
            -0.08689983189105988,
            -0.8366438746452332,
            0.002795768901705742
        ],
        [
            -0.08509200811386108,
            -0.8263697028160095,
            -0.005894249305129051
        ],
        [
            -0.086004838347435,
            -0.8334578275680542,
            -0.017326710745692253
        ],
        [
            -0.06626977026462555,
            -0.8555729389190674,
            0.034754108637571335
        ],
        [
            -0.07083876430988312,
            -0.8486284017562866,
            0.03245372325181961
        ],
        [
            -0.07417652010917664,
            -0.8547497987747192,
            0.029487019404768944
        ],
        [
            -0.06881138682365417,
            -0.8610000610351562,
            0.03190845251083374
        ],
        [
            -0.059949807822704315,
            -0.8661643266677856,
            0.04301648214459419
        ],
        [
            -0.059655968099832535,
            -0.871098518371582,
            0.03891934081912041
        ],
        [
            -0.05730139836668968,
            -0.875930905342102,
            0.04489118978381157
        ],
        [
            -0.05875995755195618,
            -0.8703206181526184,
            0.04972349852323532
        ],
        [
            -0.0613163560628891,
            -0.8508036136627197,
            0.03755844011902809
        ],
        [
            -0.06595636904239655,
            -0.8436111211776733,
            0.03471057116985321
        ],
        [
            -0.06263262778520584,
            -0.8616691827774048,
            0.037365227937698364
        ],
        [
            -0.061330318450927734,
            -0.8572970628738403,
            0.04089351370930672
        ],
        [
            -0.0626462772488594,
            -0.8529747724533081,
            0.05211656913161278
        ],
        [
            -0.06353995203971863,
            -0.8572646379470825,
            0.04963154345750809
        ],
        [
            -0.06308507919311523,
            -0.8594107627868652,
            0.057122617959976196
        ],
        [
            -0.061615049839019775,
            -0.8540449142456055,
            0.05767266824841499
        ],
        [
            -0.06145239993929863,
            -0.8508104681968689,
            0.042746976017951965
        ],
        [
            -0.06313779950141907,
            -0.8539726734161377,
            0.04479191452264786
        ],
        [
            -0.0617331825196743,
            -0.8508114218711853,
            0.048274774104356766
        ],
        [
            -0.05912694334983826,
            -0.84836745262146,
            0.04605814814567566
        ],
        [
            -0.06046561151742935,
            -0.8623374700546265,
            0.04641961678862572
        ],
        [
            -0.0605812594294548,
            -0.8653064966201782,
            0.05362575873732567
        ],
        [
            -0.05982678011059761,
            -0.8679753541946411,
            0.06139621511101723
        ],
        [
            -0.06179691106081009,
            -0.8599185943603516,
            0.0650443583726883
        ],
        [
            -0.07794846594333649,
            -0.8336524367332458,
            0.023891635239124298
        ],
        [
            -0.07524534314870834,
            -0.8413399457931519,
            0.029029877856373787
        ],
        [
            -0.07046948373317719,
            -0.8369705677032471,
            0.03168075531721115
        ],
        [
            -0.07354453951120377,
            -0.8308340311050415,
            0.027785146608948708
        ],
        [
            -0.05874350294470787,
            -0.8448293805122375,
            0.042801737785339355
        ],
        [
            -0.06208017095923424,
            -0.8289008736610413,
            0.043443042784929276
        ],
        [
            -0.0624566525220871,
            -0.8326476216316223,
            0.043056685477495193
        ],
        [
            -0.05851343274116516,
            -0.8343760371208191,
            0.048923783004283905
        ],
        [
            -0.05873288959264755,
            -0.8308136463165283,
            0.048864997923374176
        ],
        [
            -0.07843907177448273,
            -0.8181536197662354,
            0.015382835641503334
        ],
        [
            -0.07505589723587036,
            -0.8180636167526245,
            0.02185855805873871
        ],
        [
            -0.07421068847179413,
            -0.8109280467033386,
            0.020024845376610756
        ],
        [
            -0.07650291919708252,
            -0.8095839023590088,
            0.012730924412608147
        ],
        [
            -0.07152572274208069,
            -0.8052901029586792,
            0.020413298159837723
        ],
        [
            -0.07378286123275757,
            -0.8015759587287903,
            0.010994073003530502
        ],
        [
            -0.06527997553348541,
            -0.7884647846221924,
            0.016193663701415062
        ],
        [
            -0.06955427676439285,
            -0.7941498756408691,
            0.013370232656598091
        ],
        [
            -0.06809397041797638,
            -0.8001396656036377,
            0.02301599457859993
        ],
        [
            -0.06455640494823456,
            -0.7958617806434631,
            0.028567679226398468
        ],
        [
            -0.05729389935731888,
            -0.8022481203079224,
            0.04107317700982094
        ],
        [
            -0.05317584052681923,
            -0.8016883134841919,
            0.04600298032164574
        ],
        [
            -0.05620061978697777,
            -0.789364755153656,
            0.04340706020593643
        ],
        [
            -0.06041019782423973,
            -0.7917517423629761,
            0.03654290363192558
        ],
        [
            -0.06025073304772377,
            -0.8231021761894226,
            0.0400257334113121
        ],
        [
            -0.06257539242506027,
            -0.8226171731948853,
            0.03586103022098541
        ],
        [
            -0.06378978490829468,
            -0.8242950439453125,
            0.03766429424285889
        ],
        [
            -0.06149657815694809,
            -0.8260003328323364,
            0.04219947010278702
        ],
        [
            -0.06490562856197357,
            -0.8219594955444336,
            0.032709941267967224
        ],
        [
            -0.06604240834712982,
            -0.8214983344078064,
            0.03140367567539215
        ],
        [
            -0.06642398238182068,
            -0.8229040503501892,
            0.03246068209409714
        ],
        [
            -0.06517238914966583,
            -0.8227483630180359,
            0.03326219692826271
        ],
        [
            -0.06367278099060059,
            -0.8225976228713989,
            0.0346495546400547
        ],
        [
            -0.0629056841135025,
            -0.8208061456680298,
            0.03562171757221222
        ],
        [
            -0.06432662159204483,
            -0.8212789297103882,
            0.03359208628535271
        ],
        [
            -0.06091346591711044,
            -0.8205410242080688,
            0.03971035033464432
        ],
        [
            -0.05252588167786598,
            -0.8195487260818481,
            0.05234818905591965
        ],
        [
            -0.055667437613010406,
            -0.8199963569641113,
            0.04921579733490944
        ],
        [
            -0.054176874458789825,
            -0.8243051767349243,
            0.048588961362838745
        ],
        [
            -0.05140403285622597,
            -0.824189305305481,
            0.05122985690832138
        ],
        [
            -0.06548568606376648,
            -0.824669361114502,
            0.034836333245038986
        ],
        [
            -0.0678112804889679,
            -0.8263466954231262,
            0.03289003297686577
        ],
        [
            -0.06601661443710327,
            -0.829586386680603,
            0.03724464401602745
        ],
        [
            -0.06467325985431671,
            -0.8269224166870117,
            0.03751467913389206
        ],
        [
            -0.07025356590747833,
            -0.8279662132263184,
            0.03137607499957085
        ],
        [
            -0.06820093095302582,
            -0.8238422870635986,
            0.03082088567316532
        ],
        [
            -0.07041065394878387,
            -0.8239501714706421,
            0.029011467471718788
        ],
        [
            -0.06549446284770966,
            -0.8198242783546448,
            0.03179057687520981
        ],
        [
            -0.06718319654464722,
            -0.8178368806838989,
            0.02950584515929222
        ],
        [
            -0.06818550825119019,
            -0.8204834461212158,
            0.029906168580055237
        ],
        [
            -0.06550900638103485,
            -0.8148406744003296,
            0.031079784035682678
        ],
        [
            -0.06372266262769699,
            -0.8182436227798462,
            0.0339767150580883
        ],
        [
            -0.06173107400536537,
            -0.8169832229614258,
            0.03812701627612114
        ],
        [
            -0.05908383056521416,
            -0.8160423040390015,
            0.04338287189602852
        ],
        [
            -0.059852126985788345,
            -0.810832679271698,
            0.04014527425169945
        ],
        [
            -0.06311197578907013,
            -0.8124260902404785,
            0.03500073030591011
        ],
        [
            -0.0673038512468338,
            -0.8328213691711426,
            0.0354481041431427
        ],
        [
            -0.07111096382141113,
            -0.8193670511245728,
            0.026441920548677444
        ],
        [
            -0.07454795390367508,
            -0.825334906578064,
            0.024303637444972992
        ],
        [
            -0.07038316130638123,
            -0.8145426511764526,
            0.025976942852139473
        ],
        [
            -0.06825785338878632,
            -0.8102705478668213,
            0.027001213282346725
        ],
        [
            -0.06520916521549225,
            -0.8067112565040588,
            0.030073197558522224
        ],
        [
            -0.061466362327337265,
            -0.8042052984237671,
            0.03565202280879021
        ],
        [
            -0.05356962978839874,
            -0.7796278595924377,
            0.0329347625374794
        ],
        [
            -0.05950212478637695,
            -0.7833781242370605,
            0.025241851806640625
        ],
        [
            -0.077284075319767,
            -0.9018359184265137,
            0.027837930247187614
        ],
        [
            -0.08390071988105774,
            -0.8998982310295105,
            0.021957963705062866
        ],
        [
            -0.08209129422903061,
            -0.891884982585907,
            0.01806214451789856
        ],
        [
            -0.08416102826595306,
            -0.8945227265357971,
            0.016663048416376114
        ],
        [
            -0.0804339051246643,
            -0.8959448337554932,
            0.02214840240776539
        ],
        [
            -0.07964171469211578,
            -0.8932344913482666,
            0.02189556695520878
        ],
        [
            -0.08786341547966003,
            -0.882121205329895,
            -0.0007508350536227226
        ],
        [
            -0.08539633452892303,
            -0.8846900463104248,
            0.005276876501739025
        ],
        [
            -0.08497308194637299,
            -0.8807646036148071,
            0.004165045917034149
        ],
        [
            -0.08902345597743988,
            -0.875391960144043,
            -0.001383335329592228
        ],
        [
            -0.08108595013618469,
            -0.8744418621063232,
            0.014603468589484692
        ],
        [
            -0.08362042903900146,
            -0.8750591278076172,
            0.009700092487037182
        ],
        [
            -0.0814552754163742,
            -0.8822247982025146,
            0.01295905839651823
        ],
        [
            -0.07971498370170593,
            -0.8818233013153076,
            0.016596481204032898
        ],
        [
            -0.07715615630149841,
            -0.8817857503890991,
            0.020073572173714638
        ],
        [
            -0.07376657426357269,
            -0.8822680711746216,
            0.022914698347449303
        ],
        [
            -0.07359908521175385,
            -0.876803994178772,
            0.022921649739146233
        ],
        [
            -0.07747487723827362,
            -0.8753311038017273,
            0.019249984994530678
        ],
        [
            -0.07534702122211456,
            -0.8976324796676636,
            0.02600402943789959
        ],
        [
            -0.06850007176399231,
            -0.8974672555923462,
            0.028662938624620438
        ],
        [
            -0.0694054514169693,
            -0.8942767381668091,
            0.027875032275915146
        ],
        [
            -0.07529693841934204,
            -0.8943867683410645,
            0.025820830836892128
        ],
        [
            -0.05777816101908684,
            -0.8883571624755859,
            0.028061244636774063
        ],
        [
            -0.059421394020318985,
            -0.8908137083053589,
            0.028275510296225548
        ],
        [
            -0.05676700174808502,
            -0.8926669955253601,
            0.03064364567399025
        ],
        [
            -0.05543476343154907,
            -0.8881204128265381,
            0.030680570751428604
        ],
        [
            -0.05729782208800316,
            -0.8848685026168823,
            0.030079199001193047
        ],
        [
            -0.059020448476076126,
            -0.886569619178772,
            0.02808401547372341
        ],
        [
            -0.07775016874074936,
            -0.9546449780464172,
            0.012270460836589336
        ],
        [
            -0.07560571283102036,
            -0.9390597343444824,
            0.0243256613612175
        ],
        [
            -0.08601100742816925,
            -0.9451912045478821,
            -0.004102690145373344
        ],
        [
            -0.0899142175912857,
            -0.9329900741577148,
            -0.017237886786460876
        ],
        [
            -0.09241893887519836,
            -0.918053150177002,
            -0.027436483651399612
        ],
        [
            -0.08212360739707947,
            -0.8211076855659485,
            0.005604506470263004
        ],
        [
            -0.08043429255485535,
            -0.8115648031234741,
            0.00034734606742858887
        ],
        [
            -0.08240895718336105,
            -0.8167250752449036,
            -0.014432309195399284
        ],
        [
            -0.07802152633666992,
            -0.80640709400177,
            -0.01721920073032379
        ],
        [
            -0.07650572061538696,
            -0.8012294769287109,
            -0.0016938075423240662
        ],
        [
            -0.06266511976718903,
            -0.7839299440383911,
            0.002704465761780739
        ],
        [
            -0.07063410431146622,
            -0.7914547920227051,
            -0.0008435901254415512
        ],
        [
            -0.07079213857650757,
            -0.7964391708374023,
            -0.01960737630724907
        ],
        [
            -0.07150533050298691,
            -0.806432843208313,
            -0.03753066062927246
        ],
        [
            -0.07778358459472656,
            -0.8140040636062622,
            -0.03165242820978165
        ],
        [
            -0.07021573185920715,
            -0.8202934265136719,
            -0.05212567746639252
        ],
        [
            -0.06194255128502846,
            -0.7984384298324585,
            -0.0456046499311924
        ],
        [
            -0.06390450894832611,
            -0.8186908960342407,
            -0.05871610343456268
        ],
        [
            -0.0500909648835659,
            -0.7635793685913086,
            -0.033101364970207214
        ],
        [
            -0.04998600110411644,
            -0.7517746090888977,
            -0.03685396537184715
        ],
        [
            -0.05274500697851181,
            -0.7566463947296143,
            -0.05429200828075409
        ],
        [
            -0.05404987186193466,
            -0.7684750556945801,
            -0.05080144479870796
        ],
        [
            -0.0828179121017456,
            -0.8230502009391785,
            -0.025749074295163155
        ],
        [
            -0.0907239094376564,
            -0.8867640495300293,
            -0.027614392340183258
        ],
        [
            -0.0916101485490799,
            -0.8874475955963135,
            -0.01550464890897274
        ],
        [
            -0.09049206227064133,
            -0.8728713989257812,
            -0.02999737299978733
        ],
        [
            -0.08795000612735748,
            -0.9432076215744019,
            -0.052296679466962814
        ],
        [
            -0.09088197350502014,
            -0.9407459497451782,
            -0.03434358537197113
        ],
        [
            -0.09286448359489441,
            -0.9238274097442627,
            -0.04109715670347214
        ],
        [
            -0.09055785089731216,
            -0.928431510925293,
            -0.05783778056502342
        ],
        [
            -0.06794828921556473,
            -0.9801575541496277,
            -0.036469824612140656
        ],
        [
            -0.07591718435287476,
            -0.9704325199127197,
            -0.011426318436861038
        ],
        [
            -0.08305934816598892,
            -0.9568967819213867,
            -0.02230231836438179
        ],
        [
            -0.07835833728313446,
            -0.9644603729248047,
            -0.043097347021102905
        ],
        [
            -0.08711758255958557,
            -0.9286618232727051,
            -0.0711200162768364
        ],
        [
            -0.08007379621267319,
            -0.9280677437782288,
            -0.08851747959852219
        ],
        [
            -0.07434633374214172,
            -0.9435137510299683,
            -0.09494974464178085
        ],
        [
            -0.08151865750551224,
            -0.9461519122123718,
            -0.07333490252494812
        ],
        [
            -0.06077541410923004,
            -0.9638920426368713,
            -0.09776713699102402
        ],
        [
            -0.07048182189464569,
            -0.9672408699989319,
            -0.0720820426940918
        ],
        [
            -0.05656851828098297,
            -0.8041701316833496,
            -0.0663461983203888
        ],
        [
            -0.05789747089147568,
            -0.8223000168800354,
            -0.07064040005207062
        ],
        [
            -0.056331001222133636,
            -0.7827876806259155,
            -0.04599343240261078
        ],
        [
            -0.054964579641819,
            -0.7882805466651917,
            -0.06438575685024261
        ],
        [
            -0.04255533590912819,
            -0.9791868925094604,
            -0.09635798633098602
        ],
        [
            -0.05497594550251961,
            -0.9850339889526367,
            -0.06678628921508789
        ],
        [
            -0.04919425770640373,
            -0.9023715853691101,
            -0.12645047903060913
        ],
        [
            -0.055742084980010986,
            -0.9205471873283386,
            -0.12190072983503342
        ],
        [
            -0.06724140048027039,
            -0.9089279174804688,
