{
    "pred_cam": [
        1.1296727657318115,
        -0.010843290016055107,
        0.1532929539680481
    ],
    "pred_smpl_params": {
        "global_orient": [
            [
                [
                    0.9920862913131714,
                    0.0921843945980072,
                    -0.08524608612060547
                ],
                [
                    0.09709875285625458,
                    -0.993730902671814,
                    0.05541436746716499
                ],
                [
                    -0.07960332930088043,
                    -0.06325311958789825,
                    -0.9948177933692932
                ]
            ]
        ],
        "body_pose": [
            [
                [
                    0.9977779388427734,
                    -0.05543476715683937,
                    0.03696221485733986
                ],
                [
                    0.0472089909017086,
                    0.9796835780143738,
                    0.1949138194322586
                ],
                [
                    -0.04701627790927887,
                    -0.19273576140403748,
                    0.9801236987113953
                ]
            ],
            [
                [
                    0.9977732300758362,
                    0.02186356671154499,
                    0.06301307678222656
                ],
                [
                    -0.03486625850200653,
                    0.9763603210449219,
                    0.21331918239593506
                ],
                [
                    -0.056859537959098816,
                    -0.21504119038581848,
                    0.9749484658241272
                ]
            ],
            [
                [
                    0.9992538690567017,
                    0.023797551169991493,
                    -0.030419031158089638
                ],
                [
                    -0.029107054695487022,
                    0.9817109107971191,
                    -0.18813969194889069
                ],
                [
                    0.025385428220033646,
                    0.18888473510742188,
                    0.9816710948944092
                ]
            ],
            [
                [
                    0.9937318563461304,
                    0.0221463181078434,
                    -0.10957486182451248
                ],
                [
                    -0.08816759288311005,
                    0.7578752636909485,
                    -0.6464144587516785
                ],
                [
                    0.06872835755348206,
                    0.6520234942436218,
                    0.7550773620605469
                ]
            ],
            [
                [
                    0.9870373606681824,
                    -0.011488080024719238,
                    0.1600792407989502
                ],
                [
                    0.11150482296943665,
                    0.7664715647697449,
                    -0.6325251460075378
                ],
                [
                    -0.11542968451976776,
                    0.6421754956245422,
                    0.7578170299530029
                ]
            ],
            [
                [
                    0.997141420841217,
                    -0.07377805560827255,
                    -0.016302330419421196
                ],
                [
                    0.07479845732450485,
                    0.9943815469741821,
                    0.07490401715040207
                ],
                [
                    0.010684462264180183,
                    -0.07590928673744202,
                    0.9970574975013733
                ]
            ],
            [
                [
                    0.9812394976615906,
                    0.04985007643699646,
                    0.18623673915863037
                ],
                [
                    -0.07471523433923721,
                    0.9888288974761963,
                    0.1289772391319275
                ],
                [
                    -0.17772671580314636,
                    -0.14047226309776306,
                    0.9740025401115417
                ]
            ],
            [
                [
                    0.9777942895889282,
                    -0.06736771762371063,
                    -0.1984436810016632
                ],
                [
                    0.06764392554759979,
                    0.9976949095726013,
                    -0.005394908599555492
                ],
                [
                    0.1983496993780136,
                    -0.00814839918166399,
                    0.9800974130630493
                ]
            ],
            [
                [
                    0.998296320438385,
                    -0.05134468153119087,
                    -0.02771693840622902
                ],
                [
                    0.048440564423799515,
                    0.9941184520721436,
                    -0.09686028212308884
                ],
                [
                    0.03252718225121498,
                    0.09535263478755951,
                    0.9949119687080383
                ]
            ],
            [
                [
                    0.984032392501831,
                    -0.17001180350780487,
                    -0.05269010737538338
                ],
                [
                    0.1763049215078354,
                    0.9716628789901733,
                    0.15744157135486603
                ],
                [
                    0.02443009801208973,
                    -0.16421712934970856,
                    0.986121654510498
                ]
            ],
            [
                [
                    0.9842703342437744,
                    0.1742793470621109,
                    0.028958434239029884
                ],
                [
                    -0.17654375731945038,
                    0.9641035199165344,
                    0.1983346939086914
                ],
                [
                    0.006646711379289627,
                    -0.20032739639282227,
                    0.9797064065933228
                ]
            ],
            [
                [
                    0.9481415748596191,
                    -0.07427316904067993,
                    -0.3090486228466034
                ],
                [
                    0.08440914005041122,
                    0.9962396025657654,
                    0.01953718811273575
                ],
                [
                    0.30643540620803833,
                    -0.04461054876446724,
                    0.9508455395698547
                ]
            ],
            [
                [
                    0.9043922424316406,
                    0.37824898958206177,
                    0.19748985767364502
                ],
                [
                    -0.3651396930217743,
                    0.9255136251449585,
                    -0.10048667341470718
                ],
                [
                    -0.22078853845596313,
                    0.01876799948513508,
                    0.9751410484313965
                ]
            ],
            [
                [
                    0.9289469718933105,
                    -0.3206399083137512,
                    -0.18506135046482086
                ],
                [
                    0.3297504186630249,
                    0.9438585042953491,
                    0.019895873963832855
                ],
                [
                    0.1682923138141632,
                    -0.0795062705874443,
                    0.982525646686554
                ]
            ],
            [
                [
                    0.9629669189453125,
                    -0.11837553232908249,
                    -0.24224381148815155
                ],
                [
                    0.0662081241607666,
                    0.9747745394706726,
                    -0.21314573287963867
                ],
                [
                    0.2613643407821655,
                    0.18921375274658203,
                    0.9465130567550659
                ]
            ],
            [
                [
                    0.5097061991691589,
                    0.8528535962104797,
                    -0.11331518739461899
                ],
                [
                    -0.8602373600006104,
                    0.5073179006576538,
                    -0.05118780955672264
                ],
                [
                    0.013831118121743202,
                    0.12356869876384735,
                    0.9922395944595337
                ]
            ],
            [
                [
                    0.6880715489387512,
                    -0.7102552652359009,
                    0.14864365756511688
                ],
                [
                    0.7112507820129395,
                    0.700718343257904,
                    0.05582171678543091
                ],
                [
                    -0.14380502700805664,
                    0.06731358170509338,
                    0.987313985824585
                ]
            ],
            [
                [
                    0.6291635036468506,
                    -0.31566017866134644,
                    -0.7102900743484497
                ],
                [
                    0.33427098393440247,
                    0.9348856806755066,
                    -0.11938092112541199
                ],
                [
                    0.7017237544059753,
                    -0.16231921315193176,
                    0.6937119960784912
                ]
            ],
            [
                [
                    0.31892359256744385,
                    0.38013651967048645,
                    0.8682073354721069
                ],
                [
                    -0.4703407883644104,
                    0.8587650060653687,
                    -0.20322930812835693
                ],
                [
                    -0.8228409886360168,
                    -0.34353870153427124,
                    0.45267412066459656
                ]
            ],
            [
                [
                    0.9986277222633362,
                    -0.046569276601076126,
                    0.023955652490258217
                ],
                [
                    0.04384269937872887,
                    0.9936184883117676,
                    0.10392335802316666
                ],
                [
                    -0.02864241600036621,
                    -0.10273047536611557,
                    0.994296669960022
                ]
            ],
            [
                [
                    0.990239679813385,
                    0.13566863536834717,
                    -0.03192903846502304
                ],
                [
                    -0.1348835974931717,
                    0.9905310869216919,
                    0.025585506111383438
                ],
                [
                    0.03509785234928131,
                    -0.02102907933294773,
                    0.9991626739501953
                ]
            ],
            [
                [
                    0.9662730097770691,
                    0.23303507268428802,
                    -0.10959533601999283
                ],
                [
                    -0.2206643968820572,
                    0.9686500430107117,
                    0.11412367224693298
                ],
                [
                    0.1327543705701828,
                    -0.08609083294868469,
                    0.9874029159545898
                ]
            ],
            [
                [
                    0.9717686772346497,
                    -0.22943706810474396,
                    0.0549919456243515
                ],
                [
                    0.2216539829969406,
                    0.967663049697876,
                    0.12040631473064423
                ],
                [
                    -0.08083935081958771,
                    -0.10481791943311691,
                    0.9912002682685852
                ]
            ]
        ],
        "betas": [
            -0.031643882393836975,
            -0.08094048500061035,
            0.16547206044197083,
            0.17823190987110138,
            0.030514657497406006,
            -0.006944861263036728,
            -0.002232491970062256,
            -0.07277721166610718,
            0.05566425621509552,
            -0.011811673641204834
        ]
    },
    "pred_cam_t": [
        -0.010843290016055107,
        0.1532929539680481,
        34.57859802246094
    ],
    "focal_length": [
        5000.0,
        5000.0
    ],
    "pred_keypoints_3d": [
        [
            -0.08613458275794983,
            -0.8019613027572632,
            -0.17583641409873962
        ],
        [
            0.024742525070905685,
            -0.7335687875747681,
            -0.03429301083087921
        ],
        [
            -0.14301687479019165,
            -0.6485416293144226,
            0.04309941828250885
        ],
        [
            -0.23230475187301636,
            -0.42382189631462097,
            0.11881204694509506
        ],
        [
            -0.4258505702018738,
            -0.3810915946960449,
            -0.03981465846300125
        ],
        [
            0.20222878456115723,
            -0.6422279477119446,
            -0.02111189439892769
        ],
        [
            0.24038177728652954,
            -0.4122046232223511,
            0.09322203695774078
        ],
        [
            0.3422967791557312,
            -0.2215440422296524,
            -0.028343655169010162
        ],
        [
            -0.0018794648349285126,
            -0.2259071171283722,
            0.028640570119023323
        ],
        [
            -0.07726757228374481,
            -0.14250224828720093,
            0.04393354058265686
        ],
        [
            -0.16401442885398865,
            0.22642073035240173,
            -0.0036486685276031494
        ],
        [
            -0.18624159693717957,
            0.5408388376235962,
            0.23943041265010834
        ],
        [
            0.059416163712739944,
            -0.1283617913722992,
            0.03555271774530411
        ],
        [
            0.07394598424434662,
            0.24230554699897766,
            -0.011084634810686111
        ],
        [
            0.05094431713223457,
            0.5480538010597229,
            0.24206294119358063
        ],
        [
            -0.09477216750383377,
            -0.8489253520965576,
            -0.13672131299972534
        ],
        [
            -0.04924658685922623,
            -0.84940505027771,
            -0.18500947952270508
        ],
        [
            -0.055820368230342865,
            -0.8602549433708191,
            -0.041933026164770126
        ],
        [
            0.04777282476425171,
            -0.8607650399208069,
            -0.14758774638175964
        ],
        [
            0.0428222119808197,
            0.6780886650085449,
            0.0917508602142334
        ],
        [
            0.11148136854171753,
            0.6674670577049255,
            0.1390531361103058
        ],
        [
            0.056670937687158585,
            0.5540988445281982,
            0.31301364302635193
        ],
        [
            -0.19570350646972656,
            0.6793144941329956,
            0.09903964400291443
        ],
        [
            -0.26669564843177795,
            0.6555217504501343,
            0.14456698298454285
        ],
        [
            -0.1893264651298523,
            0.5501266121864319,
            0.3131324052810669
        ],
        [
            -0.20329277217388153,
            0.4844212532043457,
            0.23686161637306213
        ],
        [
            -0.15313369035720825,
            0.16633422672748566,
            -0.006473959423601627
        ],
        [
            -0.14463914930820465,
            -0.27422600984573364,
            0.05014711618423462
        ],
        [
            0.1476437896490097,
            -0.23013019561767578,
            0.04092051088809967
        ],
        [
            0.086703360080719,
            0.20330047607421875,
            -0.01354219950735569
        ],
        [
            0.062832772731781,
            0.5072937607765198,
            0.24671074748039246
        ],
        [
            -0.40179646015167236,
            -0.40916913747787476,
            -0.04713480919599533
        ],
        [
            -0.2583495080471039,
            -0.460578054189682,
            0.11420859396457672
        ],
        [
            -0.11293678730726242,
            -0.677352786064148,
            0.026523251086473465
        ],
        [
            0.16880065202713013,
            -0.6735910773277283,
            -0.02477497048676014
        ],
        [
            0.27837711572647095,
            -0.43833252787590027,
            0.06248960644006729
        ],
        [
            0.34361475706100464,
            -0.24429535865783691,
            -0.03308175876736641
        ],
        [
            0.028714576736092567,
            -0.7278094291687012,
            -0.028678366914391518
        ],
        [
            -0.02322426065802574,
            -0.9078890681266785,
            -0.1166454553604126
        ],
        [
            0.002247838070616126,
            -0.2520645558834076,
            0.04520271345973015
        ],
        [
            0.02782381884753704,
            -0.6726809740066528,
            -0.0031762165017426014
        ],
        [
            0.030019091442227364,
            -0.49280253052711487,
            0.025256695225834846
        ],
        [
            -0.02486581541597843,
            -0.7943797707557678,
            -0.1254177838563919
        ],
        [
            -0.0246083103120327,
            -0.9284493923187256,
            -0.10989982634782791
        ]
    ],
    "pred_vertices": [
        [
            -0.04880834370851517,
            -0.8942763805389404,
            -0.20226994156837463
        ],
        [
            -0.05467689037322998,
            -0.878926157951355,
            -0.19983530044555664
        ],
        [
            -0.0402999185025692,
            -0.8778162598609924,
            -0.2011169046163559
        ],
        [
            -0.03181034326553345,
            -0.8903678059577942,
            -0.20048677921295166
        ],
        [
            -0.04520423710346222,
            -0.8676918745040894,
            -0.20035916566848755
        ],
        [
            -0.05734962970018387,
            -0.8673914670944214,
            -0.19809235632419586
        ],
        [
            -0.027113303542137146,
            -0.8745960593223572,
            -0.1975650191307068
        ],
        [
            -0.017632529139518738,
            -0.8835176229476929,
            -0.19534413516521454
        ],
        [
            -0.009472787380218506,
            -0.8427655696868896,
            -0.18723930418491364
        ],
        [
            0.0007003694772720337,
            -0.8404375314712524,
            -0.1825016587972641
        ],
        [
            -0.002085842192173004,
            -0.8519925475120544,
            -0.1860542744398117
        ],
        [
            -0.01207616925239563,
            -0.8512383699417114,
            -0.1888693869113922
        ],
        [
            -0.0022974610328674316,
            -0.8184607028961182,
            -0.17927885055541992
        ],
        [
            -0.010899946093559265,
            -0.8074595928192139,
            -0.1791883111000061
        ],
        [
            -0.0006497055292129517,
            -0.8010501265525818,
            -0.17223215103149414
        ],
        [
            0.007516816258430481,
            -0.8116469383239746,
            -0.170945942401886
        ],
        [
            -0.053447380661964417,
            -0.8152030110359192,
            -0.1753990799188614
        ],
        [
            -0.047472961246967316,
            -0.8090026378631592,
            -0.17756691575050354
        ],
        [
            -0.04545561969280243,
            -0.815726637840271,
            -0.18086673319339752
        ],
        [
            -0.05160455405712128,
            -0.8211795687675476,
            -0.17782710492610931
        ],
        [
            -0.0657743364572525,
            -0.8232441544532776,
            -0.17455977201461792
        ],
        [
            -0.06377050280570984,
            -0.8293702602386475,
            -0.1739121377468109
        ],
        [
            -0.07129047811031342,
            -0.8318873643875122,
            -0.17463235557079315
        ],
        [
            -0.07324840873479843,
            -0.824832558631897,
            -0.17655213177204132
        ],
        [
            -0.05637001246213913,
            -0.8101338148117065,
            -0.17052949965000153
        ],
        [
            -0.04969266802072525,
            -0.8037524223327637,
            -0.17279335856437683
        ],
        [
            -0.058972664177417755,
            -0.8203791379928589,
            -0.17390486598014832
        ],
        [
            -0.060757413506507874,
            -0.8155736923217773,
            -0.1734541654586792
        ],
        [
            -0.0687335953116417,
            -0.8072912693023682,
            -0.1773909479379654
        ],
        [
            -0.06748203188180923,
            -0.8122214078903198,
            -0.17823731899261475
        ],
        [
            -0.07485239952802658,
            -0.8116607069969177,
            -0.18075835704803467
        ],
        [
            -0.07428888976573944,
            -0.8065277934074402,
            -0.17847993969917297
        ],
        [
            -0.060494765639305115,
            -0.8088422417640686,
            -0.17272807657718658
        ],
        [
            -0.0625009834766388,
            -0.8109776973724365,
            -0.17561101913452148
        ],
        [
            -0.06514342129230499,
            -0.806816577911377,
            -0.1748732030391693
        ],
        [
            -0.06354403495788574,
            -0.8055164813995361,
            -0.17125089466571808
        ],
        [
            -0.06743321567773819,
            -0.8184749484062195,
            -0.17540881037712097
        ],
        [
            -0.07453340291976929,
            -0.8186570405960083,
            -0.17843438684940338
        ],
        [
            -0.08234545588493347,
            -0.8184155225753784,
            -0.18086697161197662
        ],
        [
            -0.08231854438781738,
            -0.8096383213996887,
            -0.18258987367153168
        ],
        [
            -0.03198626637458801,
            -0.7974424362182617,
            -0.17797760665416718
        ],
        [
            -0.0403260663151741,
            -0.8030320405960083,
            -0.17889061570167542
        ],
        [
            -0.0429968535900116,
            -0.7982131838798523,
            -0.17466023564338684
        ],
        [
            -0.03632313758134842,
            -0.793588399887085,
            -0.1748688966035843
        ],
        [
            -0.0595855712890625,
            -0.8032398223876953,
            -0.16926632821559906
        ],
        [
            -0.053363554179668427,
            -0.7878180742263794,
            -0.16926977038383484
        ],
        [
            -0.05421909689903259,
            -0.7914104461669922,
            -0.17036567628383636
        ],
        [
            -0.06145405024290085,
            -0.7912333011627197,
            -0.16910456120967865
        ],
        [
            -0.06009550392627716,
            -0.7879265546798706,
            -0.16845209896564484
        ],
        [
            -0.01927729696035385,
            -0.785792887210846,
            -0.17217516899108887
        ],
        [
            -0.026352688670158386,
            -0.7835274934768677,
            -0.1715911626815796
        ],
        [
            -0.022607289254665375,
            -0.7775755524635315,
            -0.168588787317276
        ],
        [
            -0.014721609652042389,
            -0.7788803577423096,
            -0.16758984327316284
        ],
        [
            -0.021867096424102783,
            -0.7723003625869751,
            -0.16530317068099976
        ],
        [
            -0.011283647269010544,
            -0.7721755504608154,
            -0.16295000910758972
        ],
        [
            -0.014787916094064713,
            -0.7588592767715454,
            -0.15435655415058136
        ],
        [
            -0.012452438473701477,
            -0.7647596597671509,
            -0.15835119783878326
        ],
        [
            -0.0236886665225029,
            -0.7668424844741821,
            -0.1619890332221985
        ],
        [
            -0.02866290509700775,
            -0.7612490653991699,
            -0.15976063907146454
        ],
        [
            -0.044879935681819916,
            -0.7633798122406006,
            -0.15841776132583618
        ],
        [
            -0.05076164752244949,
            -0.761354386806488,
            -0.15620927512645721
        ],
        [
            -0.043187834322452545,
            -0.7504779100418091,
            -0.15582424402236938
        ],
        [
            -0.03617200255393982,
            -0.7549690008163452,
            -0.15786801278591156
        ],
        [
            -0.04959942400455475,
            -0.7833184003829956,
            -0.16470497846603394
        ],
        [
            -0.04486868530511856,
            -0.7841389179229736,
            -0.16533325612545013
        ],
        [
            -0.04654458165168762,
            -0.7849647402763367,
            -0.1674279272556305
        ],
        [
            -0.05199384689331055,
            -0.7851524353027344,
            -0.1672104299068451
        ],
        [
            -0.040995366871356964,
            -0.7843239307403564,
            -0.166426420211792
        ],
        [
            -0.03929750621318817,
            -0.7842742204666138,
            -0.1669890284538269
        ],
        [
            -0.04053539037704468,
            -0.7852016687393188,
            -0.1679319441318512
        ],
        [
            -0.04183889925479889,
            -0.7849193811416626,
            -0.166885107755661
        ],
        [
            -0.04356025904417038,
            -0.7844403982162476,
            -0.16592541337013245
        ],
        [
            -0.04410100728273392,
            -0.7825004458427429,
            -0.16516165435314178
        ],
        [
            -0.04175238311290741,
            -0.7834597826004028,
            -0.16604101657867432
        ],
        [
            -0.048376113176345825,
            -0.7809826135635376,
            -0.16461895406246185
        ],
        [
            -0.06199439615011215,
            -0.7764805555343628,
            -0.16172006726264954
        ],
        [
            -0.05856070667505264,
            -0.777396559715271,
            -0.16317814588546753
        ],
        [
            -0.06000411510467529,
            -0.7818969488143921,
            -0.16235119104385376
        ],
        [
            -0.06291446089744568,
            -0.7814092636108398,
            -0.16116081178188324
        ],
        [
            -0.043292365968227386,
            -0.7865796685218811,
            -0.16848917305469513
        ],
        [
            -0.04153478890657425,
            -0.7881316542625427,
            -0.17014072835445404
        ],
        [
            -0.04717222601175308,
            -0.7898508310317993,
            -0.17058739066123962
        ],
        [
            -0.04697856307029724,
            -0.7874071598052979,
            -0.16879022121429443
        ],
        [
            -0.039936237037181854,
            -0.7899871468544006,
            -0.17225195467472076
        ],
        [
            -0.03874785453081131,
            -0.786523699760437,
            -0.16929979622364044
        ],
        [
            -0.035971514880657196,
            -0.7873216271400452,
            -0.1712893843650818
        ],
        [
            -0.0392569825053215,
            -0.7825658321380615,
            -0.16630351543426514
        ],
        [
            -0.03597477823495865,
            -0.7812797427177429,
            -0.16683010756969452
        ],
        [
            -0.03683146834373474,
            -0.7835649251937866,
            -0.16842380166053772
        ],
        [
            -0.03693649172782898,
            -0.7780787944793701,
            -0.16509827971458435
        ],
        [
            -0.04132001847028732,
            -0.7804872393608093,
            -0.16498073935508728
        ],
        [
            -0.045318230986595154,
            -0.7780269384384155,
            -0.16420704126358032
        ],
        [
            -0.050685420632362366,
            -0.7754894495010376,
            -0.16337980329990387
        ],
        [
            -0.04581717401742935,
            -0.7716442942619324,
            -0.1619873344898224
        ],
        [
            -0.04051981866359711,
            -0.7747069597244263,
            -0.16353687644004822
        ],
        [
            -0.04578402638435364,
            -0.7937505841255188,
            -0.17234168946743011
        ],
        [
            -0.03234511613845825,
            -0.7833986282348633,
            -0.16985507309436798
        ],
        [
            -0.03112105280160904,
            -0.7895349264144897,
            -0.17350760102272034
        ],
        [
            -0.030594006180763245,
            -0.779052734375,
            -0.16805215179920197
        ],
        [
            -0.030765578150749207,
            -0.7749063968658447,
            -0.16547267138957977
        ],
        [
            -0.0333101823925972,
            -0.7707536220550537,
            -0.16300733387470245
        ],
        [
            -0.038976870477199554,
            -0.7667829394340515,
            -0.16069303452968597
        ],
        [
            -0.03162160515785217,
            -0.7453978061676025,
            -0.147744283080101
        ],
        [
            -0.023580744862556458,
            -0.7512760162353516,
            -0.15126797556877136
        ],
        [
            -0.0559888631105423,
            -0.8609306216239929,
            -0.19280366599559784
        ],
        [
            -0.04753474146127701,
            -0.8608168363571167,
            -0.19686704874038696
        ],
        [
            -0.04274648800492287,
            -0.8547205924987793,
            -0.19197678565979004
        ],
        [
            -0.0420663058757782,
            -0.8570414781570435,
            -0.19347675144672394
        ],
        [
            -0.048054084181785583,
            -0.857435941696167,
            -0.192643404006958
        ],
        [
            -0.04752914607524872,
            -0.8549348711967468,
            -0.19113007187843323
        ],
        [
            -0.021334022283554077,
            -0.8516385555267334,
            -0.1891535520553589
        ],
        [
            -0.0283186212182045,
            -0.8521772623062134,
            -0.18944400548934937
        ],
        [
            -0.026214435696601868,
            -0.8488904237747192,
            -0.18802335858345032
        ],
        [
            -0.01826488971710205,
            -0.8454310894012451,
            -0.1886216700077057
        ],
        [
            -0.03499668464064598,
            -0.8396698832511902,
            -0.18628531694412231
        ],
        [
            -0.029825255274772644,
            -0.8417971134185791,
            -0.18722279369831085
        ],
        [
            -0.035910412669181824,
            -0.8474448919296265,
            -0.18783532083034515
        ],
        [
            -0.039688289165496826,
            -0.8458637595176697,
            -0.18722550570964813
        ],
        [
            -0.04372856765985489,
            -0.844833254814148,
            -0.18602882325649261
        ],
        [
            -0.04760102927684784,
            -0.8444830775260925,
            -0.18405990302562714
        ],
        [
            -0.046042852103710175,
            -0.8395501375198364,
            -0.18265849351882935
        ],
        [
            -0.040861740708351135,
            -0.8391385674476624,
            -0.18466463685035706
        ],
        [
            -0.054197490215301514,
            -0.8580790758132935,
            -0.18923500180244446
        ],
        [
            -0.05908798426389694,
            -0.8573827743530273,
            -0.18399307131767273
        ],
        [
            -0.05715988576412201,
            -0.8546464443206787,
            -0.1838245391845703
        ],
        [
            -0.053238555788993835,
            -0.8549916744232178,
            -0.1885644793510437
        ],
        [
            -0.05991458147764206,
            -0.8498142957687378,
            -0.17187292873859406
        ],
        [
            -0.06021919101476669,
            -0.8519165515899658,
            -0.1739579439163208
        ],
        [
            -0.06385171413421631,
            -0.8529620170593262,
            -0.17260733246803284
        ],
        [
            -0.06304337829351425,
            -0.8488129377365112,
            -0.1705489307641983
        ],
        [
            -0.06083344668149948,
            -0.8458644151687622,
            -0.1715601086616516
        ],
        [
            -0.05892200767993927,
            -0.8480616807937622,
            -0.172715425491333
        ],
        [
            -0.05828370898962021,
            -0.9153735637664795,
            -0.1989029347896576
        ],
        [
            -0.06425266712903976,
            -0.8971645832061768,
            -0.19868597388267517
        ],
        [
            -0.03776963800191879,
            -0.9119607210159302,
            -0.1996910572052002
        ],
        [
            -0.021306045353412628,
            -0.9047377109527588,
            -0.19632892310619354
        ],
        [
            -0.007061555981636047,
            -0.8940563201904297,
            -0.19154080748558044
        ],
        [
            -0.010178692638874054,
            -0.7919855117797852,
            -0.17247796058654785
        ],
        [
            -0.003003884106874466,
            -0.7849755883216858,
            -0.16703064739704132
        ],
        [
            0.009106732904911041,
            -0.7953382730484009,
            -0.16494838893413544
        ],
        [
            0.013510942459106445,
            -0.7868238687515259,
            -0.1572836935520172
        ],
        [
            0.0009432770311832428,
            -0.7763404846191406,
            -0.16049359738826752
        ],
        [
            -0.002472471445798874,
            -0.7599378228187561,
            -0.14566108584403992
        ],
        [
            0.0013260617852210999,
            -0.7674121856689453,
            -0.15309174358844757
        ],
        [
            0.015992093831300735,
            -0.7792779207229614,
            -0.14682917296886444
        ],
        [
            0.02831694856286049,
            -0.7949291467666626,
            -0.1429600715637207
        ],
        [
            0.023621316999197006,
            -0.7994299530982971,
            -0.1542910784482956
        ],
        [
            0.03637072443962097,
            -0.8130730390548706,
            -0.13988648355007172
        ],
        [
            0.03514382243156433,
            -0.7908099889755249,
            -0.12842001020908356
        ],
        [
            0.04077737033367157,
            -0.814190685749054,
            -0.13079933822155
        ],
        [
            0.03218664228916168,
            -0.7543290853500366,
            -0.11391709744930267
        ],
        [
            0.03918804973363876,
            -0.7445670366287231,
            -0.10809541493654251
        ],
        [
            0.05249989777803421,
            -0.7546648383140564,
            -0.10179217904806137
        ],
        [
            0.04718737676739693,
            -0.7644085884094238,
            -0.10961061716079712
        ],
        [
            0.016986463218927383,
            -0.8050210475921631,
            -0.16291025280952454
        ],
        [
            0.0022838637232780457,
            -0.8639202117919922,
            -0.18365132808685303
        ],
        [
            -0.008265286684036255,
            -0.8609359264373779,
            -0.18902446329593658
        ],
        [
            0.00855814665555954,
            -0.8529129028320312,
            -0.18013235926628113
        ],
        [
            0.00563088059425354,
            -0.9267311096191406,
            -0.1833615005016327
        ],
        [
            -0.00902584195137024,
            -0.917219877243042,
            -0.19140926003456116
        ],
        [
            0.0034668296575546265,
            -0.9043349027633667,
            -0.18847545981407166
        ],
        [
            0.015691563487052917,
            -0.9147968292236328,
            -0.1813308745622635
        ],
        [
            -0.02682596445083618,
            -0.9577406644821167,
            -0.17780545353889465
        ],
        [
            -0.04320570081472397,
            -0.9390249252319336,
            -0.19136762619018555
        ],
        [
            -0.027004115283489227,
            -0.9297393560409546,
            -0.19180458784103394
        ],
        [
            -0.012306585907936096,
            -0.9446243643760681,
            -0.1824723333120346
        ],
        [
            0.02534078061580658,
            -0.9198648929595947,
            -0.17341460287570953
        ],
        [
            0.038367703557014465,
            -0.9260619282722473,
            -0.16119757294654846
        ],
        [
            0.03627319633960724,
            -0.9433780908584595,
            -0.15653739869594574
        ],
        [
            0.02009887993335724,
            -0.9374837875366211,
            -0.17116068303585052
        ],
        [
            0.0279989093542099,
            -0.964484453201294,
            -0.14734339714050293
        ],
        [
            0.008628346025943756,
            -0.9579801559448242,
            -0.16550101339817047
        ],
        [
            0.04946766793727875,
            -0.8033343553543091,
            -0.11682341247797012
        ],
        [
            0.04842205345630646,
            -0.8215007185935974,
            -0.12230715155601501
        ],
        [
            0.039580103009939194,
            -0.7760938405990601,
            -0.11877146363258362
        ],
        [
            0.05221767723560333,
            -0.7877262830734253,
            -0.11012092232704163
        ],
        [
            0.015373393893241882,
            -0.980449378490448,
            -0.13423755764961243
        ],
        [
            -0.007128432393074036,
            -0.9739335775375366,
            -0.15670400857925415
        ],
        [
            0.06596135348081589,
            -0.9183182716369629,
            -0.11420128494501114
        ],
        [
            0.0599120631814003,
            -0.9332863688468933,
            -0.12575815618038177
        ],
        [
            0.05616846680641174,
            -0.9166380167007446,
