{
    "pred_cam": [
        1.5584052801132202,
        0.0357879176735878,
        0.3512642979621887
    ],
    "pred_smpl_params": {
        "global_orient": [
            [
                [
                    -0.9854143261909485,
                    0.008928447961807251,
                    -0.16993799805641174
                ],
                [
                    0.01792101003229618,
                    -0.9876248240470886,
                    -0.1558072715997696
                ],
                [
                    -0.16922613978385925,
                    -0.15658016502857208,
                    0.9730596542358398
                ]
            ]
        ],
        "body_pose": [
            [
                [
                    0.9964684247970581,
                    0.017807042226195335,
                    -0.08205924928188324
                ],
                [
                    -0.0027875418309122324,
                    0.983731746673584,
                    0.17962217330932617
                ],
                [
                    0.08392281830310822,
                    -0.17875905334949493,
                    0.9803072810173035
                ]
            ],
            [
                [
                    0.9992419481277466,
                    -0.038666751235723495,
                    0.004512083251029253
                ],
                [
                    0.03570423647761345,
                    0.9564785361289978,
                    0.28960999846458435
                ],
                [
                    -0.015513989143073559,
                    -0.2892293930053711,
                    0.9571340680122375
                ]
            ],
            [
                [
                    0.9997506141662598,
                    -0.003983986098319292,
                    0.021975530311465263
                ],
                [
                    0.007397457025945187,
                    0.987488865852356,
                    -0.1575155407190323
                ],
                [
                    -0.021073052659630775,
                    0.1576388031244278,
                    0.9872720837593079
                ]
            ],
            [
                [
                    0.9863744378089905,
                    -0.080049067735672,
                    -0.14372776448726654
                ],
                [
                    -0.13330699503421783,
                    0.12307202816009521,
                    -0.9834035038948059
                ],
                [
                    0.0964093878865242,
                    0.9891639351844788,
                    0.11072400212287903
                ]
            ],
            [
                [
                    0.9629786610603333,
                    -0.1852995902299881,
                    0.19579610228538513
                ],
                [
                    0.20849205553531647,
                    0.0515163317322731,
                    -0.9766663312911987
                ],
                [
                    0.17088915407657623,
                    0.9813308119773865,
                    0.08824262022972107
                ]
            ],
            [
                [
                    0.9986093640327454,
                    0.017512956634163857,
                    0.049724921584129333
                ],
                [
                    -0.01683548092842102,
                    0.999760091304779,
                    -0.014010749757289886
                ],
                [
                    -0.04995836317539215,
                    0.013154123909771442,
                    0.9986646175384521
                ]
            ],
            [
                [
                    0.9795781373977661,
                    -0.10484760999679565,
                    0.1715620458126068
                ],
                [
                    0.05505896732211113,
                    0.9605379700660706,
                    0.27264508605003357
                ],
                [
                    -0.1933780461549759,
                    -0.2576311528682709,
                    0.9466947913169861
                ]
            ],
            [
                [
                    0.9697145819664001,
                    0.16586801409721375,
                    -0.17928019165992737
                ],
                [
                    -0.11191758513450623,
                    0.9541968703269958,
                    0.2774575352668762
                ],
                [
                    0.2170899510383606,
                    -0.2489900141954422,
                    0.9438621401786804
                ]
            ],
            [
                [
                    0.9995844960212708,
                    0.008590742945671082,
                    0.027513587847352028
                ],
                [
                    -0.008168547414243221,
                    0.9998477697372437,
                    -0.015420756302773952
                ],
                [
                    -0.027641871944069862,
                    0.01518960390239954,
                    0.9995024800300598
                ]
            ],
            [
                [
                    0.9995015859603882,
                    -0.008338511921465397,
                    -0.030447859317064285
                ],
                [
                    0.012812343426048756,
                    0.9886273741722107,
                    0.14983908832073212
                ],
                [
                    0.028852153569459915,
                    -0.1501545011997223,
                    0.9882414937019348
                ]
            ],
            [
                [
                    0.9988515973091125,
                    -0.046532563865184784,
                    -0.011406422592699528
                ],
                [
                    0.047847941517829895,
                    0.9810035228729248,
                    0.18799643218517303
                ],
                [
                    0.0024417806416749954,
                    -0.18832632899284363,
                    0.9821034073829651
                ]
            ],
            [
                [
                    0.9923872947692871,
                    -0.043831661343574524,
                    -0.11509207636117935
                ],
                [
                    0.059038061648607254,
                    0.9894588589668274,
                    0.1322331726551056
                ],
                [
                    0.10808288305997849,
                    -0.1380213350057602,
                    0.9845141172409058
                ]
            ],
            [
                [
                    0.9000053405761719,
                    0.43251869082450867,
                    -0.054017987102270126
                ],
                [
                    -0.43220746517181396,
                    0.9015960693359375,
                    0.017922325059771538
                ],
                [
                    0.05645414814352989,
                    0.007216788828372955,
                    0.998379111289978
                ]
            ],
            [
                [
                    0.9160147309303284,
                    -0.37603503465652466,
                    0.13969558477401733
                ],
                [
                    0.3761635720729828,
                    0.9261741638183594,
                    0.02650437504053116
                ],
                [
                    -0.13934899866580963,
                    0.028269993141293526,
                    0.9898398518562317
                ]
            ],
            [
                [
                    0.9954792261123657,
                    -0.00127366092056036,
                    -0.09497140347957611
                ],
                [
                    -0.016437336802482605,
                    0.9825122952461243,
                    -0.1854707896709442
                ],
                [
                    0.0935468003153801,
                    0.18619337677955627,
                    0.978049635887146
                ]
            ],
            [
                [
                    0.583609402179718,
                    0.7806680798530579,
                    -0.22351129353046417
                ],
                [
                    -0.8086807727813721,
                    0.5837392807006836,
                    -0.07269008457660675
                ],
                [
                    0.07372549176216125,
                    0.2231719046831131,
                    0.9719869494438171
                ]
            ],
            [
                [
                    0.48444294929504395,
                    -0.8091505169868469,
                    0.33255141973495483
                ],
                [
                    0.8567147254943848,
                    0.5157448053359985,
                    0.006873478647321463
                ],
                [
                    -0.17707332968711853,
                    0.2815718650817871,
                    0.9430601000785828
                ]
            ],
            [
                [
                    0.8574976325035095,
                    -0.12976817786693573,
                    -0.4978533685207367
                ],
                [
                    0.05230523645877838,
                    0.9846426248550415,
                    -0.16656239330768585
                ],
                [
                    0.5118221640586853,
                    0.11678652465343475,
                    0.8511162996292114
                ]
            ],
            [
                [
                    0.2529638409614563,
                    0.4197631776332855,
                    0.8716697096824646
                ],
                [
                    -0.11674637347459793,
                    0.9076336026191711,
                    -0.40320152044296265
                ],
                [
                    -0.9604059457778931,
                    0.00023112038616091013,
                    0.27860429883003235
                ]
            ],
            [
                [
                    0.999757707118988,
                    -0.012580285780131817,
                    0.018065592274069786
                ],
                [
                    0.015788797289133072,
                    0.981620192527771,
                    -0.1901906281709671
                ],
                [
                    -0.015340897254645824,
                    0.19042976200580597,
                    0.9815809726715088
                ]
            ],
            [
                [
                    0.9951999187469482,
                    0.09457215666770935,
                    -0.025165336206555367
                ],
                [
                    -0.09688600897789001,
                    0.9883779287338257,
                    -0.11714155972003937
                ],
                [
                    0.013794532045722008,
                    0.11901743710041046,
                    0.9927963614463806
                ]
            ],
            [
                [
                    0.9667511582374573,
                    0.23914912343025208,
                    -0.09055323153734207
                ],
                [
                    -0.22186148166656494,
                    0.9604910612106323,
                    0.1680309921503067
                ],
                [
                    0.12716002762317657,
                    -0.1423538774251938,
                    0.98161381483078
                ]
            ],
            [
                [
                    0.9713218808174133,
                    -0.2328767329454422,
                    0.04798179864883423
                ],
                [
                    0.224317729473114,
                    0.964432418346405,
                    0.13982708752155304
                ],
                [
                    -0.07883767783641815,
                    -0.12505394220352173,
                    0.9890127182006836
                ]
            ]
        ],
        "betas": [
            -0.1992557942867279,
            -0.14479482173919678,
            0.12023228406906128,
            0.21513521671295166,
            0.11848607659339905,
            0.09636566787958145,
            -0.013127803802490234,
            -0.11865106225013733,
            0.12402229756116867,
            -0.10927096009254456
        ]
    },
    "pred_cam_t": [
        0.0357879176735878,
        0.3512642979621887,
        25.06568717956543
    ],
    "focal_length": [
        5000.0,
        5000.0
    ],
    "pred_keypoints_3d": [
        [
            -0.01842200569808483,
            -0.8512588143348694,
            0.12155839800834656
        ],
        [
            -0.006019542459398508,
            -0.7286487817764282,
            -0.026516273617744446
        ],
        [
            0.16852666437625885,
            -0.634388267993927,
            0.02898474782705307
        ],
        [
            0.1931825578212738,
            -0.38652998208999634,
            0.05914881080389023
        ],
        [
            0.06864961236715317,
            -0.3574792444705963,
            0.2752997577190399
        ],
        [
            -0.17247802019119263,
            -0.6182088851928711,
            -0.06919743120670319
        ],
        [
            -0.19875498116016388,
            -0.36330446600914,
            -0.08903416991233826
        ],
        [
            -0.24849864840507507,
            -0.16288171708583832,
            0.04317283630371094
        ],
        [
            -0.0017855353653430939,
            -0.22431181371212006,
            0.02849290519952774
        ],
        [
            0.06505735218524933,
            -0.1356409192085266,
            0.04994484782218933
        ],
        [
            0.06667976826429367,
            0.20656228065490723,
            0.20835429430007935
        ],
        [
            0.0547223836183548,
            0.3502589762210846,
            -0.15655964612960815
        ],
        [
            -0.07016746699810028,
            -0.13187652826309204,
            0.024202441796660423
        ],
        [
            -0.11030305922031403,
            0.21677365899085999,
            0.1384667009115219
        ],
        [
            -0.10164099931716919,
            0.34976738691329956,
            -0.23020179569721222
        ],
        [
            0.017136067152023315,
            -0.888428807258606,
            0.08883439749479294
        ],
        [
            -0.049194373190402985,
            -0.8905167579650879,
            0.08601981401443481
        ],
        [
            0.061072710901498795,
            -0.8661912679672241,
            -0.0025753937661647797
        ],
        [
            -0.0841374471783638,
            -0.8713436126708984,
            -0.008325887843966484
        ],
        [
            -0.11023564636707306,
            0.5233004093170166,
            -0.14087331295013428
        ],
        [
            -0.1754385381937027,
            0.48888954520225525,
            -0.17851847410202026
        ],
        [
            -0.11021759361028671,
            0.3221123516559601,
            -0.2913020849227905
        ],
        [
            0.023201122879981995,
            0.5145507454872131,
            -0.056868910789489746
        ],
        [
            0.10073059052228928,
            0.49407345056533813,
            -0.08567541837692261
        ],
        [
            0.0679984763264656,
            0.3380424380302429,
            -0.2256259322166443
        ],
        [
            0.08484818041324615,
            0.3079966902732849,
            -0.12611040472984314
        ],
        [
            0.06798513233661652,
            0.15635791420936584,
            0.20232084393501282
        ],
        [
            0.14760562777519226,
            -0.2552027702331543,
            0.036280687898397446
        ],
        [
            -0.14551329612731934,
            -0.2336777150630951,
            -0.022752419114112854
        ],
        [
            -0.12117776274681091,
            0.18346236646175385,
            0.1359606683254242
        ],
        [
            -0.11244961619377136,
            0.3103161156177521,
            -0.21110990643501282
        ],
        [
            0.06261050701141357,
            -0.3858928382396698,
            0.2535157799720764
        ],
        [
            0.20975947380065918,
            -0.41664063930511475,
            0.08661516010761261
        ],
        [
            0.13638997077941895,
            -0.6657295823097229,
            0.014122122898697853
        ],
        [
            -0.14504437148571014,
            -0.6532233357429504,
            -0.07068562507629395
        ],
        [
            -0.23676258325576782,
            -0.39131349325180054,
            -0.06725805997848511
        ],
        [
            -0.251981645822525,
            -0.18289616703987122,
            0.04764347895979881
        ],
        [
            -0.010063868016004562,
            -0.7186967730522156,
            -0.021350914612412453
        ],
        [
            -0.01403997652232647,
            -0.9230583310127258,
            0.006173358298838139
        ],
        [
            0.0003711848403327167,
            -0.2445024847984314,
            0.006510357838124037
        ],
        [
            -0.0042466893792152405,
            -0.6582627296447754,
            -0.025248568505048752
        ],
        [
            0.004345155321061611,
            -0.48415571451187134,
            -0.026948053389787674
        ],
        [
            -0.023307127878069878,
            -0.8184040784835815,
            0.048379670828580856
        ],
        [
            -0.007970820181071758,
            -0.9408334493637085,
            -0.00380862969905138
        ]
    ],
    "pred_vertices": [
        [
            -0.0586501881480217,
            -0.9359182715415955,
            0.08190568536520004
        ],
        [
            -0.05360701307654381,
            -0.9222427606582642,
            0.08941149711608887
        ],
        [
            -0.06418127566576004,
            -0.9181489944458008,
            0.08054649829864502
        ],
        [
            -0.06906379759311676,
            -0.9285095930099487,
            0.0698528066277504
        ],
        [
            -0.060834769159555435,
            -0.9096664190292358,
            0.08699348568916321
        ],
        [
            -0.0511026605963707,
            -0.9112797975540161,
            0.09418942779302597
        ],
        [
            -0.07055570930242538,
            -0.9115245342254639,
            0.0702543705701828
        ],
        [
            -0.07526140660047531,
            -0.9181004762649536,
            0.05880489572882652
        ],
        [
            -0.07822605967521667,
            -0.8758186101913452,
            0.061946261674165726
        ],
        [
            -0.08164165914058685,
            -0.8699824810028076,
            0.052503906190395355
        ],
        [
            -0.08095556497573853,
            -0.8819503784179688,
            0.05340903624892235
        ],
        [
            -0.07604807615280151,
            -0.8841202259063721,
            0.06218709424138069
        ],
        [
            -0.07734733074903488,
            -0.8497474193572998,
            0.06034685671329498
        ],
        [
            -0.0716368779540062,
            -0.8414633274078369,
            0.06982272118330002
        ],
        [
            -0.07366086542606354,
            -0.8316067457199097,
            0.06063750386238098
        ],
        [
            -0.07781991362571716,
            -0.8394032716751099,
            0.05053924769163132
        ],
        [
            -0.04023130238056183,
            -0.8569999933242798,
            0.09382869303226471
        ],
        [
            -0.045848242938518524,
            -0.850532054901123,
            0.09298267960548401
        ],
        [
            -0.04947309568524361,
            -0.857039213180542,
            0.0914962887763977
        ],
        [
            -0.043094754219055176,
            -0.862772524356842,
            0.09220614284276962
        ],
        [
            -0.03064650297164917,
            -0.8664913177490234,
            0.0997915267944336
        ],
        [
            -0.03128203749656677,
            -0.8716303110122681,
            0.09594845771789551
        ],
        [
            -0.026705607771873474,
            -0.8759413957595825,
            0.10096554458141327
        ],
        [
            -0.026919115334749222,
            -0.8701446056365967,
            0.10582805424928665
        ],
        [
            -0.03505078703165054,
            -0.8517452478408813,
            0.09474730491638184
        ],
        [
            -0.040938831865787506,
            -0.8450503349304199,
            0.09333758056163788
        ],
        [
            -0.03538646176457405,
            -0.8626713156700134,
            0.09527435898780823
        ],
        [
            -0.03346424549818039,
            -0.8578833341598511,
            0.09799383580684662
        ],
        [
            -0.03125402331352234,
            -0.8529787063598633,
            0.10878638923168182
        ],
        [
            -0.032529398798942566,
            -0.8574892282485962,
            0.1068492904305458
        ],
        [
            -0.029381416738033295,
            -0.859143853187561,
            0.11383313685655594
        ],
        [
            -0.028274431824684143,
            -0.8536666035652161,
            0.11368092894554138
        ],
        [
            -0.03345075249671936,
            -0.851332426071167,
            0.09961390495300293
        ],
        [
            -0.034071482717990875,
            -0.8544362783432007,
            0.1021687313914299
        ],
        [
            -0.03181492164731026,
            -0.851003110408783,
            0.10487730801105499
        ],
        [
            -0.03032718040049076,
            -0.8485633134841919,
            0.10185324400663376
        ],
        [
            -0.03032981976866722,
            -0.8625282049179077,
            0.10309343039989471
        ],
        [
            -0.027722010388970375,
            -0.8650526404380798,
            0.10993283987045288
        ],
        [
            -0.02414611540734768,
            -0.8672072887420654,
            0.11703219264745712
        ],
        [
            -0.025562264025211334,
            -0.8591279983520508,
            0.12080198526382446
        ],
        [
            -0.056528180837631226,
            -0.8365942239761353,
            0.08661185204982758
        ],
        [
            -0.05166557431221008,
            -0.8437649607658386,
            0.09099167585372925
        ],
        [
            -0.04673001915216446,
            -0.8389124274253845,
            0.09173564612865448
        ],
        [
            -0.051396310329437256,
            -0.8332277536392212,
            0.08883045613765717
        ],
        [
            -0.0314294807612896,
            -0.8451718688011169,
            0.09854094684123993
        ],
        [
            -0.03571465611457825,
            -0.8294600248336792,
            0.099542036652565
        ],
        [
            -0.035867124795913696,
            -0.8332200050354004,
            0.09947766363620758
        ],
        [
            -0.030052943155169487,
            -0.8343298435211182,
            0.10370296239852905
        ],
        [
            -0.030572637915611267,
            -0.8308266401290894,
            0.10353270173072815
        ],
        [
            -0.06106219440698624,
            -0.8216489553451538,
            0.07819348573684692
        ],
        [
            -0.05583804473280907,
            -0.8209282755851746,
            0.0831809788942337
        ],
        [
            -0.05627316236495972,
            -0.8138025999069214,
            0.08088786900043488
        ],
        [
            -0.060853004455566406,
            -0.8130701780319214,
            0.07471001148223877
        ],
        [
            -0.054159268736839294,
            -0.8079347014427185,
            0.08004260063171387
        ],
        [
            -0.05961526930332184,
            -0.8048992156982422,
            0.07173680514097214
        ],
        [
            -0.05104459077119827,
            -0.7909523248672485,
            0.07317685335874557
        ],
        [
            -0.05552300810813904,
            -0.7969810366630554,
            0.0722847506403923
        ],
        [
            -0.050542108714580536,
            -0.8024157285690308,
            0.0810907781124115
        ],
        [
            -0.0457867830991745,
            -0.7975723743438721,
            0.08501304686069489
        ],
        [
            -0.03421632945537567,
            -0.8027227520942688,
            0.09466613084077835
        ],
        [
            -0.028825748711824417,
            -0.8015528917312622,
            0.0979507714509964
        ],
        [
            -0.033530645072460175,
            -0.789634108543396,
            0.09585845470428467
        ],
        [
            -0.03962446749210358,
            -0.7927491664886475,
            0.0909154936671257
        ],
        [
            -0.03561937436461449,
            -0.8238743543624878,
            0.09557786583900452
        ],
        [
            -0.0391976423561573,
            -0.8238115310668945,
            0.09238702058792114
        ],
        [
            -0.03959871083498001,
            -0.8254525661468506,
            0.09459647536277771
        ],
        [
            -0.03577616438269615,
            -0.8267412185668945,
            0.09814421087503433
        ],
        [
            -0.04243544489145279,
            -0.8234948515892029,
            0.09020090848207474
        ],
        [
            -0.043990105390548706,
            -0.8231735825538635,
            0.08934102207422256
        ],
        [
            -0.043881192803382874,
            -0.824539840221405,
            0.09052613377571106
        ],
        [
            -0.04241097718477249,
            -0.8243094682693481,
            0.09091827273368835
        ],
        [
            -0.0405493900179863,
            -0.8239700198173523,
            0.09171167761087418
        ],
        [
            -0.039693281054496765,
            -0.8220800161361694,
            0.09228134155273438
        ],
        [
            -0.04166164994239807,
            -0.8227300047874451,
            0.09080284833908081
        ],
        [
            -0.03647003322839737,
            -0.8214395046234131,
            0.09541479498147964
        ],
        [
            -0.024624541401863098,
            -0.8189308643341064,
            0.10437333583831787
        ],
        [
            -0.02849314734339714,
            -0.8199683427810669,
            0.10258099436759949
        ],
        [
            -0.026955585926771164,
            -0.8242026567459106,
            0.10169944167137146
        ],
        [
            -0.023555461317300797,
            -0.8235455751419067,
            0.10319535434246063
        ],
        [
            -0.04208137094974518,
            -0.8260258436203003,
            0.09249675273895264
        ],
        [
            -0.04478360712528229,
            -0.8280408978462219,
            0.09152193367481232
        ],
        [
            -0.04134484380483627,
            -0.8309176564216614,
            0.0951758399605751
        ],
        [
            -0.040262967348098755,
            -0.8281413316726685,
            0.09485084563493729
        ],
        [
            -0.047373488545417786,
            -0.829930305480957,
            0.0910702794790268
        ],
        [
            -0.04600447043776512,
            -0.8256908655166626,
            0.0896194726228714
        ],
        [
            -0.04868603125214577,
            -0.8259440660476685,
            0.08863312005996704
        ],
        [
            -0.04349225386977196,
            -0.8214530944824219,
            0.08946119248867035
        ],
        [
            -0.045983098447322845,
            -0.8197050094604492,
            0.0878070518374443
        ],
        [
            -0.046583183109760284,
            -0.8223714828491211,
            0.08865506947040558
        ],
        [
            -0.04415829852223396,
            -0.816504716873169,
            0.0885809063911438
        ],
        [
            -0.04121384769678116,
            -0.8196321725845337,
            0.0908246859908104
        ],
        [
            -0.03810299187898636,
            -0.8179920315742493,
            0.09399311989545822
        ],
        [
            -0.03392823785543442,
            -0.8165781497955322,
            0.09800057113170624
        ],
        [
            -0.03620413690805435,
            -0.8115824460983276,
            0.09505432844161987
        ],
        [
            -0.04080948978662491,
            -0.813706636428833,
            0.09133496135473251
        ],
        [
            -0.042939748615026474,
            -0.8342171907424927,
            0.09401284903287888
        ],
        [
            -0.05050192400813103,
            -0.8216947913169861,
            0.08625631779432297
        ],
        [
            -0.05391525477170944,
            -0.8280578255653381,
            0.08559450507164001
        ],
        [
            -0.05038851499557495,
            -0.8168432712554932,
            0.08537557721138
        ],
        [
            -0.04841328412294388,
            -0.8123685717582703,
            0.08538220822811127
        ],
        [
            -0.04505043476819992,
            -0.8083504438400269,
            0.08714233338832855
        ],
        [
            -0.03975069150328636,
            -0.8053082227706909,
            0.09106148779392242
        ],
        [
            -0.035203829407691956,
            -0.780366837978363,
            0.08462677150964737
        ],
        [
            -0.04307030513882637,
            -0.7849733829498291,
            0.07953909039497375
        ],
        [
            -0.04895443469285965,
            -0.9042514562606812,
            0.09233523905277252
        ],
        [
            -0.05741022527217865,
            -0.9030952453613281,
            0.08896856009960175
        ],
        [
            -0.05756407976150513,
            -0.8952593207359314,
            0.0843295156955719
        ],
        [
            -0.05974544957280159,
            -0.8982564210891724,
            0.08396787941455841
        ],
        [
            -0.054325759410858154,
            -0.8989123106002808,
            0.08778814226388931
        ],
        [
            -0.05376999452710152,
            -0.8962979912757874,
            0.08702901750802994
        ],
        [
            -0.07010231912136078,
            -0.8868839740753174,
            0.0684797614812851
        ],
        [
            -0.06554165482521057,
            -0.889011561870575,
            0.07334040105342865
        ],
        [
            -0.06589893251657486,
            -0.8850915431976318,
            0.07199464738368988
        ],
        [
            -0.07195864617824554,
            -0.8803074359893799,
            0.06793703138828278
        ],
        [
            -0.05929269641637802,
            -0.877881646156311,
            0.08030538260936737
        ],
        [
            -0.06325799226760864,
            -0.8789336681365967,
            0.07653652131557465
        ],
        [
            -0.05959273502230644,
            -0.885835587978363,
            0.07928352057933807
        ],
        [
            -0.05669620633125305,
            -0.8851236701011658,
            0.08208639919757843
        ],
        [
            -0.05313453823328018,
            -0.8846817016601562,
            0.08443129062652588
        ],
        [
            -0.048994410783052444,
            -0.8847370147705078,
            0.0859449952840805
        ],
        [
            -0.049255888909101486,
            -0.8792627453804016,
            0.08573012053966522
        ],
        [
            -0.054229430854320526,
            -0.8782863616943359,
            0.08353699743747711
        ],
        [
            -0.048033274710178375,
            -0.9000968933105469,
            0.08987829834222794
        ],
        [
            -0.040696367621421814,
            -0.8992232084274292,
            0.09006312489509583
        ],
        [
            -0.042123422026634216,
            -0.8961568474769592,
            0.0895533561706543
        ],
        [
            -0.048293158411979675,
            -0.896845817565918,
            0.08957597613334656
        ],
        [
            -0.03170063719153404,
            -0.8893808126449585,
            0.08575460314750671
        ],
        [
            -0.03294295817613602,
            -0.8919363021850586,
            0.08650505542755127
        ],
        [
            -0.02946673147380352,
            -0.8934692144393921,
            0.08794532716274261
        ],
        [
            -0.028657402843236923,
            -0.8888716697692871,
            0.08745163679122925
        ],
        [
            -0.030898243188858032,
            -0.885758101940155,
            0.08743053674697876
        ],
        [
            -0.033018358051776886,
            -0.8876675367355347,
            0.08617816120386124
        ],
        [
            -0.04992422088980675,
            -0.9573964476585388,
            0.08002136647701263
        ],
        [
            -0.04535731300711632,
            -0.941015362739563,
            0.08973261713981628
        ],
        [
            -0.06369119882583618,
            -0.9496670961380005,
            0.06665275990962982
        ],
        [
            -0.07267272472381592,
            -0.9388447999954224,
            0.05515200272202492
        ],
        [
            -0.07977946847677231,
            -0.9245045185089111,
            0.04617677628993988
        ],
        [
            -0.06742700934410095,
            -0.8254731893539429,
            0.07022976130247116
        ],
        [
            -0.06851640343666077,
            -0.8160699605941772,
            0.06439065933227539
        ],
        [
            -0.07502780109643936,
            -0.8222689628601074,
            0.051367249339818954
        ],
        [
            -0.07258497923612595,
            -0.8117736577987671,
            0.046921901404857635
        ],
        [
            -0.06645840406417847,
            -0.8054885864257812,
            0.06074449419975281
        ],
        [
            -0.05306543782353401,
            -0.787074625492096,
            0.05928560718894005
        ],
        [
            -0.06122072413563728,
            -0.7951419353485107,
            0.05908184498548508
        ],
        [
            -0.06704756617546082,
            -0.8014666438102722,
            0.04174358770251274
        ],
        [
            -0.07271769642829895,
            -0.8128191232681274,
            0.025699511170387268
        ],
        [
            -0.07653191685676575,
            -0.8202110528945923,
            0.033612240105867386
        ],
        [
            -0.07552213221788406,
            -0.8273142576217651,
            0.012326914817094803
        ],
        [
            -0.06671229749917984,
            -0.8044713735580444,
            0.01447173859924078
        ],
        [
            -0.07166976481676102,
            -0.8258090019226074,
            0.004000936634838581
        ],
        [
            -0.05451592430472374,
            -0.767173171043396,
            0.0199320986866951
        ],
        [
            -0.056642189621925354,
            -0.7550144195556641,
            0.01558556966483593
        ],
        [
            -0.06470780819654465,
            -0.7612807750701904,
            0.0006460621953010559
        ],
        [
            -0.06389358639717102,
            -0.7734715938568115,
            0.0050987303256988525
        ],
        [
            -0.07849574089050293,
            -0.8293204307556152,
            0.04123874008655548
        ],
        [
            -0.08110665529966354,
            -0.8931759595870972,
            0.04470760002732277
        ],
        [
            -0.07825636118650436,
            -0.8930056095123291,
            0.056160371750593185
        ],
        [
            -0.0831792801618576,
            -0.8794092535972595,
            0.04183536767959595
        ],
        [
            -0.08122757077217102,
            -0.9507730007171631,
            0.02177569642663002
        ],
        [
            -0.07766497135162354,
            -0.9472120404243469,
            0.03938516974449158
        ],
        [
            -0.08386647701263428,
            -0.931015133857727,
            0.03349737450480461
        ],
        [
            -0.08645828068256378,
            -0.9364022016525269,
            0.01710416004061699
        ],
        [
            -0.054398808628320694,
            -0.9854143857955933,
            0.031121768057346344
        ],
        [
            -0.054397761821746826,
            -0.9750845432281494,
            0.05714993551373482
        ],
        [
            -0.06534188985824585,
            -0.9625323414802551,
            0.0488136000931263
        ],
        [
            -0.06756008416414261,
            -0.9708815813064575,
            0.02790338173508644
        ],
        [
            -0.08766280114650726,
            -0.937261700630188,
            0.003473900258541107
        ],
        [
            -0.08708321303129196,
            -0.9372421503067017,
            -0.015518367290496826
        ],
        [
            -0.08242075145244598,
            -0.9525007009506226,
            -0.022957637906074524
        ],
        [
            -0.08156958967447281,
            -0.9541739225387573,
            -9.058043360710144e-05
        ],
        [
            -0.06880024075508118,
            -0.972202718257904,
            -0.02957235276699066
        ],
        [
            -0.0693514421582222,
            -0.9747138023376465,
            -0.0021867454051971436
        ],
        [
            -0.0688745304942131,
            -0.8111838102340698,
            -0.006213166750967503
        ],
        [
            -0.07011525332927704,
            -0.8294388651847839,
            -0.009048936888575554
        ],
        [
            -0.06312109529972076,
            -0.7881684303283691,
            0.01135129015892744
        ],
        [
            -0.06782752275466919,
            -0.7949004173278809,
            -0.005907746497541666
        ],
        [
            -0.05002223327755928,
            -0.9859410524368286,
            -0.03381674736738205
        ],
        [
            -0.051319021731615067,
            -0.990902304649353,
            -0.0019149631261825562
        ],
        [
            -0.07229138165712357,
            -0.9122943878173828,
            -0.061928220093250275
        ],
        [
            -0.07546855509281158,
            -0.9303093552589417,
            -0.05538702756166458
        ],
        [
            -0.0830184668302536,
            -0.9188159704208374,
            -0.03942347690463066
        ],
        [
