{
    "pred_cam": [
        1.1316192150115967,
        -0.0770866870880127,
        0.16444462537765503
    ],
    "pred_smpl_params": {
        "global_orient": [
            [
                [
                    0.9958613514900208,
                    0.07498034089803696,
                    -0.0513630285859108
                ],
                [
                    0.07705675065517426,
                    -0.9962354898452759,
                    0.03971261903643608
                ],
                [
                    -0.04819200560450554,
                    -0.04350613057613373,
                    -0.9978901743888855
                ]
            ]
        ],
        "body_pose": [
            [
                [
                    0.99774169921875,
                    -0.061834078282117844,
                    0.026230454444885254
                ],
                [
                    0.05479755252599716,
                    0.9751884937286377,
                    0.21448677778244019
                ],
                [
                    -0.038842231035232544,
                    -0.21256504952907562,
                    0.9763745665550232
                ]
            ],
            [
                [
                    0.9981200098991394,
                    0.026424763724207878,
                    0.055300790816545486
                ],
                [
                    -0.03850904107093811,
                    0.9723256826400757,
                    0.2304335981607437
                ],
                [
                    -0.047681234776973724,
                    -0.23212996125221252,
                    0.9715152978897095
                ]
            ],
            [
                [
                    0.9994240999221802,
                    0.02153082564473152,
                    -0.026229090988636017
                ],
                [
                    -0.026315197348594666,
                    0.9797587990760803,
                    -0.19844451546669006
                ],
                [
                    0.021425506100058556,
                    0.19902044534683228,
                    0.9797611236572266
                ]
            ],
            [
                [
                    0.9934192895889282,
                    0.01711384765803814,
                    -0.11324842274188995
                ],
                [
                    -0.08793007582426071,
                    0.7475519180297852,
                    -0.6583573222160339
                ],
                [
                    0.07339204102754593,
                    0.6639828681945801,
                    0.7441373467445374
                ]
            ],
            [
                [
                    0.9877415895462036,
                    -0.02282506227493286,
                    0.15441972017288208
                ],
                [
                    0.12010245770215988,
                    0.7430195808410645,
                    -0.658405065536499
                ],
                [
                    -0.09970874339342117,
                    0.6688803434371948,
                    0.736652672290802
                ]
            ],
            [
                [
                    0.998071014881134,
                    -0.061820317059755325,
                    -0.005699369590729475
                ],
                [
                    0.06206774339079857,
                    0.9956205487251282,
                    0.06990862637758255
                ],
                [
                    0.001352636725641787,
                    -0.07012751698493958,
                    0.9975370764732361
                ]
            ],
            [
                [
                    0.9793998003005981,
                    0.06053673475980759,
                    0.1926432102918625
                ],
                [
                    -0.083733469247818,
                    0.9898717403411865,
                    0.11464168131351471
                ],
                [
                    -0.18375203013420105,
                    -0.1284107118844986,
                    0.9745491147041321
                ]
            ],
            [
                [
                    0.9777852892875671,
                    -0.06007945537567139,
                    -0.20081424713134766
                ],
                [
                    0.06188826262950897,
                    0.9980792999267578,
                    0.002735751448199153
                ],
                [
                    0.20026418566703796,
                    -0.015103023499250412,
                    0.9796254634857178
                ]
            ],
            [
                [
                    0.9988149404525757,
                    -0.043324679136276245,
                    -0.02217630110681057
                ],
                [
                    0.041157156229019165,
                    0.9950640797615051,
                    -0.09029706567525864
                ],
                [
                    0.02597893215715885,
                    0.08927733451128006,
                    0.9956679940223694
                ]
            ],
            [
                [
                    0.98321133852005,
                    -0.17457617819309235,
                    -0.05309118330478668
                ],
                [
                    0.18074683845043182,
                    0.9716858267784119,
                    0.1521749645471573
                ],
                [
                    0.025021828711032867,
                    -0.15921621024608612,
                    0.9869266152381897
                ]
            ],
            [
                [
                    0.9853143692016602,
                    0.16846369206905365,
                    0.027847478166222572
                ],
                [
                    -0.17066116631031036,
                    0.9663634896278381,
                    0.19239644706249237
                ],
                [
                    0.005501030944287777,
                    -0.19432349503040314,
                    0.9809220433235168
                ]
            ],
            [
                [
                    0.946008563041687,
                    -0.06382323056459427,
                    -0.31779637932777405
                ],
                [
                    0.07743509113788605,
                    0.9965346455574036,
                    0.030372271314263344
                ],
                [
                    0.3147566616535187,
                    -0.05334101617336273,
                    0.9476724863052368
                ]
            ],
            [
                [
                    0.9087130427360535,
                    0.38418781757354736,
                    0.16321873664855957
                ],
                [
                    -0.37708383798599243,
                    0.9232388138771057,
                    -0.07374205440282822
                ],
                [
                    -0.17902065813541412,
                    0.005463217850774527,
                    0.9838301539421082
                ]
            ],
            [
                [
                    0.9344967007637024,
                    -0.3239794671535492,
                    -0.14748935401439667
                ],
                [
                    0.3280261754989624,
                    0.944662868976593,
                    0.003308804938569665
                ],
                [
                    0.13825571537017822,
                    -0.05147243291139603,
                    0.9890580773353577
                ]
            ],
            [
                [
                    0.9653810262680054,
                    -0.11250703036785126,
                    -0.23533329367637634
                ],
                [
                    0.06563472002744675,
                    0.9779443144798279,
                    -0.19828522205352783
                ],
                [
                    0.2524513304233551,
                    0.1759747415781021,
                    0.9514732360839844
                ]
            ],
            [
                [
                    0.5268987417221069,
                    0.8404343724250793,
                    -0.12668025493621826
                ],
                [
                    -0.8474966287612915,
                    0.5307888984680176,
                    -0.0035651347134262323
                ],
                [
                    0.06424420326948166,
                    0.10923953354358673,
                    0.9919373393058777
                ]
            ],
            [
                [
                    0.6924681663513184,
                    -0.7047484517097473,
                    0.15432865917682648
                ],
                [
                    0.7111831903457642,
                    0.7027716040611267,
                    0.018178708851337433
                ],
                [
                    -0.12126922607421875,
                    0.09716777503490448,
                    0.9878522157669067
                ]
            ],
            [
                [
                    0.6743240356445312,
                    -0.3079516589641571,
                    -0.6711577773094177
                ],
                [
                    0.3412109315395355,
                    0.9359850287437439,
                    -0.08664339035749435
                ],
                [
                    0.654875636100769,
                    -0.1705806702375412,
                    0.736233651638031
                ]
            ],
            [
                [
                    0.38775330781936646,
                    0.3745895326137543,
                    0.8422173857688904
                ],
                [
                    -0.4071985185146332,
                    0.8893238306045532,
                    -0.20806843042373657
                ],
                [
                    -0.8269442319869995,
                    -0.26227042078971863,
                    0.49737057089805603
                ]
            ],
            [
                [
                    0.9985131621360779,
                    -0.04905903339385986,
                    0.023761019110679626
                ],
                [
                    0.04705816134810448,
                    0.995803713798523,
                    0.07848858088254929
                ],
                [
                    -0.02751188725233078,
                    -0.07725373655557632,
                    0.9966317415237427
                ]
            ],
            [
                [
                    0.9923173785209656,
                    0.12134214490652084,
                    -0.024131929501891136
                ],
                [
                    -0.12123949825763702,
                    0.9926069974899292,
                    0.005677636247128248
                ],
                [
                    0.0246424600481987,
                    -0.0027082739397883415,
                    0.9996926188468933
                ]
            ],
            [
                [
                    0.9675857424736023,
                    0.22870191931724548,
                    -0.10711390525102615
                ],
                [
                    -0.21634384989738464,
                    0.9694482088088989,
                    0.11560986191034317
                ],
                [
                    0.13028156757354736,
                    -0.08868900686502457,
                    0.9875025153160095
                ]
            ],
            [
                [
                    0.9737364649772644,
                    -0.22019727528095245,
                    0.0578823983669281
                ],
                [
                    0.2113465815782547,
                    0.9687418937683105,
                    0.12989163398742676
                ],
                [
                    -0.0846748799085617,
                    -0.11424697935581207,
                    0.9898372292518616
                ]
            ]
        ],
        "betas": [
            -0.04979380965232849,
            -0.09755700826644897,
            0.10515356063842773,
            0.13480298221111298,
            0.03206741809844971,
            0.0015172101557254791,
            0.006109178066253662,
            -0.07813319563865662,
            0.05128340423107147,
            -0.013934820890426636
        ]
    },
    "pred_cam_t": [
        -0.0770866870880127,
        0.16444462537765503,
        34.51911926269531
    ],
    "focal_length": [
        5000.0,
        5000.0
    ],
    "pred_keypoints_3d": [
        [
            -0.08190474659204483,
            -0.8036675453186035,
            -0.17540863156318665
        ],
        [
            0.020399034023284912,
            -0.7317376136779785,
            -0.0293126180768013
        ],
        [
            -0.15212124586105347,
            -0.6450150609016418,
            0.03457805514335632
        ],
        [
            -0.24351897835731506,
            -0.42123401165008545,
            0.1103999987244606
        ],
        [
            -0.41077619791030884,
            -0.3437829613685608,
            -0.06405747681856155
        ],
        [
            0.19788303971290588,
            -0.6395914554595947,
            -0.009914081543684006
        ],
        [
            0.23624232411384583,
            -0.40140247344970703,
            0.08595380187034607
        ],
        [
            0.3472682237625122,
            -0.2154039591550827,
            -0.034648120403289795
        ],
        [
            -0.0018464569002389908,
            -0.22503162920475006,
            0.028699718415737152
        ],
        [
            -0.07611240446567535,
            -0.14010408520698547,
            0.04003940522670746
        ],
        [
            -0.15588149428367615,
            0.22782772779464722,
            -0.022611908614635468
        ],
        [
            -0.1740085631608963,
            0.5427347421646118,
            0.21968334913253784
        ],
        [
            0.06112484633922577,
            -0.12868839502334595,
            0.035974085330963135
        ],
        [
            0.08643439412117004,
            0.23922637104988098,
            -0.024076107889413834
        ],
        [
            0.06755377352237701,
            0.5509737730026245,
            0.2215394675731659
        ],
        [
            -0.09215638786554337,
            -0.8498654961585999,
            -0.1359373778104782
        ],
        [
            -0.04388309270143509,
            -0.8506137132644653,
            -0.18142203986644745
        ],
        [
            -0.058716461062431335,
            -0.8585716485977173,
            -0.038855429738759995
        ],
        [
            0.05078957974910736,
            -0.859707236289978,
            -0.13816693425178528
        ],
        [
            0.06665293872356415,
            0.6801046133041382,
            0.07021936774253845
        ],
        [
            0.1334751546382904,
            0.6680562496185303,
            0.11963921785354614
        ],
        [
            0.07168737798929214,
            0.5574902296066284,
            0.29242101311683655
        ],
        [
            -0.1796509474515915,
            0.6802953481674194,
            0.07812553644180298
        ],
        [
            -0.251293808221817,
            0.6579380631446838,
            0.12311667203903198
        ],
        [
            -0.1778387427330017,
            0.5524753332138062,
            0.2931276559829712
        ],
        [
            -0.1922803670167923,
            0.48663291335105896,
            0.21697501838207245
        ],
        [
            -0.14601488411426544,
            0.1679038107395172,
            -0.023457814007997513
        ],
        [
            -0.1462470442056656,
            -0.27024468779563904,
            0.046746354550123215
        ],
        [
            0.14731889963150024,
            -0.23190288245677948,
            0.046481307595968246
        ],
        [
            0.09818282723426819,
            0.200019970536232,
            -0.024998057633638382
        ],
        [
            0.07815062254667282,
            0.5099602937698364,
            0.22716090083122253
        ],
        [
            -0.38749951124191284,
            -0.3720846474170685,
            -0.07192236185073853
        ],
        [
            -0.26994335651397705,
            -0.45605212450027466,
            0.09993471950292587
        ],
        [
            -0.12095083296298981,
            -0.6745529174804688,
            0.021657805889844894
        ],
        [
            0.1650208830833435,
            -0.6709339022636414,
            -0.014579996466636658
        ],
        [
            0.2745603919029236,
            -0.42963993549346924,
            0.058827489614486694
        ],
        [
            0.34865397214889526,
            -0.23783555626869202,
            -0.03890686109662056
        ],
        [
            0.023857804015278816,
            -0.7254925966262817,
            -0.024816550314426422
        ],
        [
            -0.02099662274122238,
            -0.9072265625,
            -0.1103878989815712
        ],
        [
            0.001266271574422717,
            -0.2509895861148834,
            0.04636255279183388
        ],
        [
            0.02208038792014122,
            -0.6700164079666138,
            -0.00042206328362226486
        ],
        [
            0.023881953209638596,
            -0.49175962805747986,
            0.02970767207443714
        ],
        [
            -0.023747967556118965,
            -0.7940452098846436,
            -0.12172312289476395
        ],
        [
            -0.02243848145008087,
            -0.9276861548423767,
            -0.10334339737892151
        ]
    ],
    "pred_vertices": [
        [
            -0.04178236424922943,
            -0.8958804607391357,
            -0.1974097192287445
        ],
        [
            -0.04800105839967728,
            -0.8805336952209473,
            -0.19571292400360107
        ],
        [
            -0.03362111747264862,
            -0.8792163133621216,
            -0.1962064504623413
        ],
        [
            -0.024996325373649597,
            -0.891692042350769,
            -0.1947690099477768
        ],
        [
            -0.03870735317468643,
            -0.8691647052764893,
            -0.19599096477031708
        ],
        [
            -0.05096081644296646,
            -0.8690232038497925,
            -0.194464311003685
        ],
        [
            -0.020719237625598907,
            -0.8757361769676208,
            -0.1919657438993454
        ],
        [
            -0.011258956044912338,
            -0.8844947814941406,
            -0.1889726221561432
        ],
        [
            -0.004158932715654373,
            -0.8434559106826782,
            -0.18140877783298492
        ],
        [
            0.005666621029376984,
            -0.8408627510070801,
            -0.1761530637741089
        ],
        [
            0.003250814974308014,
            -0.8525071144104004,
            -0.17958855628967285
        ],
        [
            -0.006576158106327057,
            -0.851982593536377,
            -0.18298348784446716
        ],
        [
            0.0021789036691188812,
            -0.8188499212265015,
            -0.17362859845161438
        ],
        [
            -0.006560854613780975,
            -0.8079929351806641,
            -0.1742905080318451
        ],
        [
            0.003155101090669632,
            -0.8012814521789551,
            -0.16691218316555023
        ],
        [
            0.011377286165952682,
            -0.8117185831069946,
            -0.16489680111408234
        ],
        [
            -0.04908425360918045,
            -0.8163272738456726,
            -0.1727699339389801
        ],
        [
            -0.043094851076602936,
            -0.8100981712341309,
            -0.17471083998680115
        ],
        [
            -0.04078036546707153,
            -0.816845715045929,
            -0.17772874236106873
        ],
        [
            -0.04701171815395355,
            -0.8223190307617188,
            -0.17494623363018036
        ],
        [
            -0.061345621943473816,
            -0.8245449066162109,
            -0.17247410118579865
        ],
        [
            -0.059286899864673615,
            -0.8306165337562561,
            -0.17158101499080658
        ],
        [
            -0.06671740859746933,
            -0.8332700729370117,
            -0.17268157005310059
        ],
        [
            -0.0686727911233902,
            -0.8262906074523926,
            -0.17486026883125305
        ],
        [
            -0.05238330364227295,
            -0.8112145662307739,
            -0.1682174950838089
        ],
        [
            -0.045698367059230804,
            -0.8047865033149719,
            -0.17022299766540527
        ],
        [
            -0.05461347848176956,
            -0.8215591907501221,
            -0.17148299515247345
        ],
        [
            -0.05652260780334473,
            -0.8167791366577148,
            -0.17125441133975983
        ],
        [
            -0.06438492238521576,
            -0.8087183237075806,
            -0.17584168910980225
        ],
        [
            -0.06300711631774902,
            -0.8136378526687622,
            -0.17650160193443298
        ],
        [
            -0.07023713737726212,
            -0.8132553100585938,
            -0.17946018278598785
        ],
        [
            -0.0698852390050888,
            -0.8080708980560303,
            -0.17726603150367737
        ],
        [
            -0.056428954005241394,
            -0.810042679309845,
            -0.17067746818065643
        ],
        [
            -0.05822652578353882,
            -0.812267541885376,
            -0.17361406981945038
        ],
        [
            -0.06097192317247391,
            -0.8081355094909668,
            -0.17313161492347717
        ],
        [
            -0.059607215225696564,
            -0.8067300319671631,
            -0.16946443915367126
        ],
        [
            -0.06304282695055008,
            -0.8198295831680298,
            -0.1735360026359558
        ],
        [
            -0.06994979828596115,
            -0.8201858401298523,
            -0.1769673377275467
        ],
        [
            -0.07760878652334213,
            -0.8201244473457336,
            -0.17985790967941284
        ],
        [
            -0.07760662585496902,
            -0.8113835453987122,
            -0.18175983428955078
        ],
        [
            -0.02782786637544632,
            -0.7983342409133911,
            -0.17449019849300385
        ],
        [
            -0.036008745431900024,
            -0.8040717244148254,
            -0.17574888467788696
        ],
        [
            -0.03900086134672165,
            -0.7991925477981567,
            -0.17181995511054993
        ],
        [
            -0.032403528690338135,
            -0.7944728136062622,
            -0.1717483252286911
        ],
        [
            -0.055806249380111694,
            -0.8043526411056519,
            -0.16731135547161102
        ],
        [
            -0.049847714602947235,
            -0.7888583540916443,
            -0.16728219389915466
        ],
        [
            -0.050576530396938324,
            -0.7924845218658447,
            -0.16834431886672974
        ],
        [
            -0.05787363648414612,
            -0.7923955917358398,
            -0.16751030087471008
        ],
        [
            -0.056610338389873505,
            -0.7890534400939941,
            -0.16685456037521362
        ],
        [
            -0.015673618763685226,
            -0.7863762378692627,
            -0.16823649406433105
        ],
        [
            -0.022791873663663864,
            -0.7842076420783997,
            -0.16810956597328186
        ],
        [
            -0.019333723932504654,
            -0.7781379818916321,
            -0.16503384709358215
        ],
        [
            -0.011509966105222702,
            -0.7792929410934448,
            -0.16356462240219116
        ],
        [
            -0.018868304789066315,
            -0.7727899551391602,
            -0.16181614995002747
        ],
        [
            -0.008478324860334396,
            -0.7724505662918091,
            -0.15887553989887238
        ],
        [
            -0.01267789676785469,
            -0.7590157389640808,
            -0.15076199173927307
        ],
        [
            -0.010035179555416107,
            -0.7649691700935364,
            -0.1545119732618332
        ],
        [
            -0.020966481417417526,
            -0.7673144340515137,
            -0.15872536599636078
        ],
        [
            -0.026130907237529755,
            -0.7617628574371338,
            -0.15689490735530853
        ],
        [
            -0.042359523475170135,
            -0.76411372423172,
            -0.15648619830608368
        ],
        [
            -0.04837191104888916,
            -0.7621259689331055,
            -0.15467523038387299
        ],
        [
            -0.041000768542289734,
            -0.7511417865753174,
            -0.15404772758483887
        ],
        [
            -0.03380829840898514,
            -0.7555683851242065,
            -0.15556994080543518
        ],
        [
            -0.046399280428886414,
            -0.7841929197311401,
            -0.16261637210845947
        ],
        [
            -0.041632138192653656,
            -0.7849578261375427,
            -0.16294516623020172
        ],
        [
            -0.043169647455215454,
            -0.7858474850654602,
            -0.16512179374694824
        ],
        [
            -0.04861956834793091,
            -0.7861124873161316,
            -0.16522173583507538
        ],
        [
            -0.03769867867231369,
            -0.7851016521453857,
            -0.16381323337554932
        ],
        [
            -0.03596930205821991,
            -0.7850324511528015,
            -0.1642777919769287
        ],
        [
            -0.037137389183044434,
            -0.7859963178634644,
            -0.16527192294597626
        ],
        [
            -0.03851660341024399,
            -0.7857277989387512,
            -0.16430875658988953
        ],
        [
            -0.040294937789440155,
            -0.7852570414543152,
            -0.1634564995765686
        ],
        [
            -0.040909357368946075,
            -0.783321738243103,
            -0.16275663673877716
        ],
        [
            -0.038486748933792114,
            -0.78424471616745,
            -0.16348394751548767
        ],
        [
            -0.045227453112602234,
            -0.7818605303764343,
            -0.16249506175518036
        ],
        [
            -0.05906442552804947,
            -0.7775010466575623,
            -0.1605134904384613
        ],
        [
            -0.055512815713882446,
            -0.7783969044685364,
            -0.16173888742923737
        ],
        [
            -0.05693889409303665,
            -0.7828865051269531,
            -0.16090981662273407
        ],
        [
            -0.059943534433841705,
            -0.7824331521987915,
            -0.15990518033504486
        ],
        [
            -0.03987056761980057,
            -0.7874442338943481,
            -0.16596078872680664
        ],
        [
            -0.03795731067657471,
            -0.7889937162399292,
            -0.16745665669441223
        ],
        [
            -0.04353277385234833,
            -0.7908173203468323,
            -0.16818320751190186
        ],
        [
            -0.04347960650920868,
            -0.7883251905441284,
            -0.16644343733787537
        ],
        [
            -0.036218829452991486,
            -0.7908743023872375,
            -0.16943785548210144
        ],
        [
            -0.035252995789051056,
            -0.7873135805130005,
            -0.16650593280792236
        ],
        [
            -0.032368794083595276,
            -0.7881180047988892,
            -0.16830971837043762
        ],
        [
            -0.03599667549133301,
            -0.7833223342895508,
            -0.16361993551254272
        ],
        [
            -0.03271123021841049,
            -0.7819954752922058,
            -0.1639876812696457
        ],
        [
            -0.03343724459409714,
            -0.7843174338340759,
            -0.1655796468257904
        ],
        [
            -0.03382335603237152,
            -0.7787973880767822,
            -0.16236521303653717
        ],
        [
            -0.03816749155521393,
            -0.7812659740447998,
            -0.16245312988758087
        ],
        [
            -0.04223870486021042,
            -0.7788606882095337,
            -0.1619621068239212
        ],
        [
            -0.047679200768470764,
            -0.776393473148346,
            -0.16151365637779236
        ],
        [
            -0.04295966774225235,
            -0.7724511623382568,
            -0.15993152558803558
        ],
        [
            -0.037540048360824585,
            -0.7754626274108887,
            -0.1610870361328125
        ],
        [
            -0.04200763255357742,
            -0.7947271466255188,
            -0.1697753220796585
        ],
        [
            -0.02888084203004837,
            -0.7841238975524902,
            -0.16674163937568665
        ],
        [
            -0.027345992624759674,
            -0.7903221249580383,
            -0.17016451060771942
        ],
        [
            -0.027309440076351166,
            -0.7797262072563171,
            -0.16493186354637146
        ],
        [
            -0.027703657746315002,
            -0.7755442261695862,
            -0.16245222091674805
        ],
        [
            -0.030418507754802704,
            -0.7713915705680847,
            -0.16021768748760223
        ],
        [
            -0.03629337251186371,
            -0.7674802541732788,
            -0.15833531320095062
        ],
        [
            -0.030032791197299957,
            -0.7457120418548584,
            -0.14542852342128754
        ],
        [
            -0.02171686664223671,
            -0.7515382766723633,
            -0.14832745492458344
        ],
        [
            -0.05000212788581848,
            -0.8624402284622192,
            -0.18927545845508575
        ],
        [
            -0.04133689031004906,
            -0.862257719039917,
            -0.19283317029476166
        ],
        [
            -0.03691450506448746,
            -0.8559926748275757,
            -0.18783526122570038
        ],
        [
            -0.03608819842338562,
            -0.8583266139030457,
            -0.18922579288482666
        ],
        [
            -0.042136337608098984,
            -0.8588093519210815,
            -0.18874689936637878
        ],
        [
            -0.04172810539603233,
            -0.8562677502632141,
            -0.1872570514678955
        ],
        [
            -0.015797413885593414,
            -0.8525371551513672,
            -0.1838037222623825
        ],
        [
            -0.022736307233572006,
            -0.8531713485717773,
            -0.18451255559921265
        ],
        [
            -0.020761825144290924,
            -0.8498119115829468,
            -0.18303993344306946
        ],
        [
            -0.012853812426328659,
            -0.8462597131729126,
            -0.18323829770088196
        ],
        [
            -0.029746562242507935,
            -0.8407004475593567,
            -0.18202388286590576
        ],
        [
            -0.02450932189822197,
            -0.8427588939666748,
            -0.18260160088539124
        ],
        [
            -0.030465461313724518,
            -0.8485233783721924,
            -0.18346333503723145
        ],
        [
            -0.03429090604186058,
            -0.8469895720481873,
            -0.18312081694602966
        ],
        [
            -0.0384041890501976,
            -0.8459997177124023,
            -0.18218867480754852
        ],
        [
            -0.04237336665391922,
            -0.8456588387489319,
            -0.18046720325946808
        ],
        [
            -0.04097210615873337,
            -0.8406854867935181,
            -0.17906565964221954
        ],
        [
            -0.03570597618818283,
            -0.8402384519577026,
            -0.18076999485492706
        ],
        [
            -0.04846567660570145,
            -0.859476625919342,
            -0.18570852279663086
        ],
        [
            -0.053630996495485306,
            -0.8587247133255005,
            -0.18076211214065552
        ],
        [
            -0.05178115889430046,
            -0.8559697866439819,
            -0.1805596947669983
        ],
        [
            -0.047584641724824905,
            -0.8563731908798218,
            -0.18504373729228973
        ],
        [
            -0.055285245180130005,
            -0.8509149551391602,
            -0.16890478134155273
        ],
        [
            -0.05544556677341461,
            -0.8530683517456055,
            -0.17095842957496643
        ],
        [
            -0.05912116914987564,
            -0.8541432619094849,
            -0.16980032622814178
        ],
        [
            -0.05849428102374077,
            -0.8499399423599243,
            -0.16778875887393951
        ],
        [
            -0.05628049746155739,
            -0.8469808101654053,
            -0.1687319278717041
        ],
        [
            -0.05428129434585571,
            -0.8491631746292114,
            -0.16973012685775757
        ],
        [
            -0.051088593900203705,
            -0.9170191287994385,
            -0.19421961903572083
        ],
        [
            -0.057388514280319214,
            -0.8989047408103943,
            -0.19477544724941254
        ],
        [
            -0.030674461275339127,
            -0.913295328617096,
            -0.19392381608486176
        ],
        [
            -0.01452154666185379,
            -0.9057445526123047,
            -0.18972045183181763
        ],
        [
            -0.0007757022976875305,
            -0.8947700262069702,
            -0.18442755937576294
        ],
        [
            -0.006466943770647049,
            -0.7924038171768188,
            -0.16789941489696503
        ],
        [
            0.00023807957768440247,
            -0.7851739525794983,
            -0.1622139811515808
        ],
        [
            0.01235562190413475,
            -0.7952715158462524,
            -0.15920621156692505
        ],
        [
            0.01614711433649063,
            -0.7865606546401978,
            -0.15153467655181885
        ],
        [
            0.0036340542137622833,
            -0.7763635516166687,
            -0.15566687285900116
        ],
        [
            -0.0008690468966960907,
            -0.7597050070762634,
            -0.14138618111610413
        ],
        [
            0.003433316946029663,
            -0.7672890424728394,
            -0.14845025539398193
        ],
        [
            0.01788898929953575,
            -0.7787594795227051,
            -0.14116202294826508
        ],
        [
            0.03022143989801407,
            -0.794124186038971,
            -0.13626283407211304
        ],
        [
            0.026264946907758713,
            -0.7989341616630554,
            -0.14764702320098877
        ],
        [
            0.03827182576060295,
            -0.812098503112793,
            -0.13235442340373993
        ],
        [
            0.03613085672259331,
            -0.7896527051925659,
            -0.12157031893730164
        ],
        [
            0.04217008873820305,
            -0.8129964470863342,
            -0.1231176108121872
        ],
        [
            0.03207409009337425,
            -0.7529735565185547,
            -0.10789348185062408
        ],
        [
            0.03880176693201065,
            -0.7431070804595947,
            -0.10185445845127106
        ],
        [
            0.05182987451553345,
            -0.7529880404472351,
            -0.09487426280975342
        ],
        [
            0.046902623027563095,
            -0.7628574371337891,
            -0.10275889933109283
        ],
        [
            0.020249217748641968,
            -0.8047977685928345,
            -0.15647141635417938
        ],
        [
            0.007595520466566086,
            -0.8643450736999512,
            -0.17666611075401306
        ],
        [
            -0.002618316560983658,
            -0.8616364002227783,
            -0.18269065022468567
        ],
        [
            0.013489879667758942,
            -0.8531413078308105,
            -0.17304003238677979
        ],
        [
            0.01195012778043747,
            -0.9270545244216919,
            -0.17488712072372437
        ],
        [
            -0.0023229271173477173,
            -0.917942225933075,
            -0.18392014503479004
        ],
        [
            0.009734340012073517,
            -0.9047948122024536,
            -0.18054690957069397
        ],
        [
            0.02168542891740799,
            -0.9149032831192017,
            -0.17250385880470276
        ],
        [
            -0.020288139581680298,
            -0.9584040641784668,
            -0.17047615349292755
        ],
        [
            -0.036156050860881805,
            -0.9401956796646118,
            -0.18531924486160278
        ],
        [
            -0.020085588097572327,
            -0.930718719959259,
            -0.18506520986557007
        ],
        [
            -0.00574580579996109,
            -0.9452037215232849,
            -0.1745765209197998
        ],
        [
            0.03097384423017502,
            -0.9196736216545105,
            -0.16396091878414154
        ],
        [
            0.043290458619594574,
            -0.9253785610198975,
            -0.15084955096244812
        ],
        [
            0.04124422371387482,
            -0.9425670504570007,
            -0.14589549601078033
        ],
        [
            0.02584216743707657,
            -0.9373021125793457,
            -0.16160720586776733
        ],
        [
            0.03269707411527634,
            -0.9635621309280396,
            -0.13671721518039703
        ],
        [
            0.014340214431285858,
            -0.9577894806861877,
            -0.15608952939510345
        ],
        [
            0.04995827376842499,
            -0.8018158674240112,
            -0.10902583599090576
        ],
        [
            0.04939208924770355,
            -0.8200936317443848,
            -0.11408932507038116
        ],
        [
            0.03985128551721573,
            -0.7747591733932495,
            -0.11201542615890503
        ],
        [
            0.05215541273355484,
            -0.7861226797103882,
            -0.1025792732834816
        ],
        [
            0.019571557641029358,
            -0.9793502688407898,
            -0.12403492629528046
        ],
        [
            -0.0016219839453697205,
            -0.9738005995750427,
            -0.1479019820690155
        ],
        [
            0.06794428825378418,
            -0.9162451028823853,
            -0.10259616374969482
        ],
        [
            0.06281745433807373,
            -0.9314788579940796,
            -0.11408710479736328
        ],
        [
