{
    "pred_cam": [
        1.5252506732940674,
        -0.011736301705241203,
        0.33716413378715515
    ],
    "pred_smpl_params": {
        "global_orient": [
            [
                [
                    -0.9740394353866577,
                    0.05509704351425171,
                    -0.219571053981781
                ],
                [
                    -0.02192268706858158,
                    -0.988328754901886,
                    -0.15075041353702545
                ],
                [
                    -0.22531428933143616,
                    -0.1420232653617859,
                    0.9638790488243103
                ]
            ]
        ],
        "body_pose": [
            [
                [
                    0.9945379495620728,
                    -0.01540394127368927,
                    -0.10323292762041092
                ],
                [
                    0.034381356090307236,
                    0.9821993708610535,
                    0.18466803431510925
                ],
                [
                    0.0985506996512413,
                    -0.1872086524963379,
                    0.977364182472229
                ]
            ],
            [
                [
                    0.9989393353462219,
                    -0.041231684386730194,
                    -0.02049553208053112
                ],
                [
                    0.04487704858183861,
                    0.9714440703392029,
                    0.23298607766628265
                ],
                [
                    0.010303853079676628,
                    -0.23365876078605652,
                    0.9722640514373779
                ]
            ],
            [
                [
                    0.9994174242019653,
                    -0.002219991059973836,
                    0.03405558317899704
                ],
                [
                    0.006786578334867954,
                    0.9908808469772339,
                    -0.1345703899860382
                ],
                [
                    -0.03344627469778061,
                    0.13472312688827515,
                    0.9903186559677124
                ]
            ],
            [
                [
                    0.9822174906730652,
                    -0.11441824585199356,
                    -0.14885327219963074
                ],
                [
                    -0.1226373240351677,
                    0.20931963622570038,
                    -0.9701264500617981
                ],
                [
                    0.14215806126594543,
                    0.9711301326751709,
                    0.19156545400619507
                ]
            ],
            [
                [
                    0.9608931541442871,
                    -0.19185589253902435,
                    0.19968925416469574
                ],
                [
                    0.22061073780059814,
                    0.0944998487830162,
                    -0.9707732796669006
                ],
                [
                    0.16737796366214752,
                    0.976862907409668,
                    0.13312973082065582
                ]
            ],
            [
                [
                    0.9964385628700256,
                    0.06414318084716797,
                    0.05473271384835243
                ],
                [
                    -0.06195922940969467,
                    0.9972481727600098,
                    -0.040708642452955246
                ],
                [
                    -0.05719327926635742,
                    0.03717247024178505,
                    0.9976707696914673
                ]
            ],
            [
                [
                    0.9792187213897705,
                    -0.050010573118925095,
                    0.19654440879821777
                ],
                [
                    0.007134042680263519,
                    0.9770137071609497,
                    0.21305729448795319
                ],
                [
                    -0.20268169045448303,
                    -0.20722751319408417,
                    0.9570668935775757
                ]
            ],
            [
                [
                    0.9648409485816956,
                    0.17004390060901642,
                    -0.20041710138320923
                ],
                [
                    -0.10542767494916916,
                    0.9488745927810669,
                    0.2975265085697174
                ],
                [
                    0.24076326191425323,
                    -0.2659362554550171,
                    0.9334403872489929
                ]
            ],
            [
                [
                    0.9990628361701965,
                    0.026316963136196136,
                    0.03436335176229477
                ],
                [
                    -0.025206010788679123,
                    0.9991580247879028,
                    -0.03237216919660568
                ],
                [
                    -0.03518635407090187,
                    0.03147566691040993,
                    0.9988849759101868
                ]
            ],
            [
                [
                    0.9982059001922607,
                    -0.04975218325853348,
                    -0.03331097215414047
                ],
                [
                    0.05421341210603714,
                    0.9871733784675598,
                    0.15016502141952515
                ],
                [
                    0.025412674993276596,
                    -0.15170152485370636,
                    0.9880995154380798
                ]
            ],
            [
                [
                    0.9992477893829346,
                    -0.038597844541072845,
                    -0.0037525442894548178
                ],
                [
                    0.03859035298228264,
                    0.9801455736160278,
                    0.19448769092559814
                ],
                [
                    -0.003828765358775854,
                    -0.19448621571063995,
                    0.9808977842330933
                ]
            ],
            [
                [
                    0.9997384548187256,
                    0.008601134642958641,
                    0.02119315043091774
                ],
                [
                    -0.01050520595163107,
                    0.9957554936408997,
                    0.09143650531768799
                ],
                [
                    -0.02031673863530159,
                    -0.09163521975278854,
                    0.9955854415893555
                ]
            ],
            [
                [
                    0.906199038028717,
                    0.42099156975746155,
                    -0.03961772471666336
                ],
                [
                    -0.42006173729896545,
                    0.9070050716400146,
                    0.02983238361775875
                ],
                [
                    0.04849265515804291,
                    -0.01039218157529831,
                    0.9987695813179016
                ]
            ],
            [
                [
                    0.9591957926750183,
                    -0.2739810049533844,
                    0.06984075903892517
                ],
                [
                    0.2749488949775696,
                    0.9614485502243042,
                    -0.004455475136637688
                ],
                [
                    -0.06592757254838943,
                    0.023476310074329376,
                    0.9975481629371643
                ]
            ],
            [
                [
                    0.9983260631561279,
                    0.04878659173846245,
                    0.031063305214047432
                ],
                [
                    -0.04146753251552582,
                    0.9781793355941772,
                    -0.203581765294075
                ],
                [
                    -0.04031755030155182,
                    0.20195287466049194,
                    0.978564977645874
                ]
            ],
            [
                [
                    0.5835046768188477,
                    0.7769502997398376,
                    -0.23636969923973083
                ],
                [
                    -0.808102548122406,
                    0.5843662023544312,
                    -0.07407103478908539
                ],
                [
                    0.08057694137096405,
                    0.23423172533512115,
                    0.9688359498977661
                ]
            ],
            [
                [
                    0.6009894609451294,
                    -0.7451894879341125,
                    0.2889711558818817
                ],
                [
                    0.7889937162399292,
                    0.6108931303024292,
                    -0.06556303799152374
                ],
                [
                    -0.12767359614372253,
                    0.2673991322517395,
                    0.9550901651382446
                ]
            ],
            [
                [
                    0.8038614392280579,
                    -0.1424916386604309,
                    -0.5774970054626465
                ],
                [
                    0.024511592462658882,
                    0.9779934883117676,
                    -0.20719052851200104
                ],
                [
                    0.5943111777305603,
                    0.15239709615707397,
                    0.7896639704704285
                ]
            ],
            [
                [
                    -0.020333074033260345,
                    0.429119348526001,
                    0.9030190110206604
                ],
                [
                    -0.03479239344596863,
                    0.902354896068573,
                    -0.4295872449874878
                ],
                [
                    -0.9991877675056458,
                    -0.04015301167964935,
                    -0.003417559899389744
                ]
            ],
            [
                [
                    0.9988549947738647,
                    -0.04784143716096878,
                    -0.00014433161413762718
                ],
                [
                    0.04682481288909912,
                    0.9782392382621765,
                    -0.20212717354297638
                ],
                [
                    0.00981124397367239,
                    0.20188894867897034,
                    0.9793593287467957
                ]
            ],
            [
                [
                    0.9934288859367371,
                    0.11425957083702087,
                    0.006620198022574186
                ],
                [
                    -0.1122872605919838,
                    0.9842089414596558,
                    -0.13683700561523438
                ],
                [
                    -0.022150594741106033,
                    0.13519446551799774,
                    0.9905714988708496
                ]
            ],
            [
                [
                    0.9709426760673523,
                    0.2250860333442688,
                    -0.08128181844949722
                ],
                [
                    -0.21013493835926056,
                    0.9644079804420471,
                    0.1605008840560913
                ],
                [
                    0.11451534181833267,
                    -0.13875699043273926,
                    0.9836832880973816
                ]
            ],
            [
                [
                    0.9703704714775085,
                    -0.239564448595047,
                    0.03146466985344887
                ],
                [
                    0.23271478712558746,
                    0.961672306060791,
                    0.1450178474187851
                ],
                [
                    -0.06499982625246048,
                    -0.13339874148368835,
                    0.9889286160469055
                ]
            ]
        ],
        "betas": [
            -0.23845800757408142,
            -0.23671916127204895,
            0.15274032950401306,
            0.23371034860610962,
            0.10884341597557068,
            0.07935908436775208,
            0.0011538863182067871,
            -0.11225157976150513,
            0.09403187781572342,
            -0.0855570137500763
        ]
    },
    "pred_cam_t": [
        -0.011736301705241203,
        0.33716413378715515,
        25.610544204711914
    ],
    "focal_length": [
        5000.0,
        5000.0
    ],
    "pred_keypoints_3d": [
        [
            -0.07142932713031769,
            -0.8381491899490356,
            0.1175849586725235
        ],
        [
            -4.377216100692749e-07,
            -0.7289461493492126,
            -0.02402801439166069
        ],
        [
            0.17429031431674957,
            -0.6506968140602112,
            0.038357410579919815
        ],
        [
            0.2676503360271454,
            -0.4214636981487274,
            0.0726529210805893
        ],
        [
            0.11375701427459717,
            -0.41640588641166687,
            0.2696175277233124
        ],
        [
            -0.15878726541996002,
            -0.6152555346488953,
            -0.08270414173603058
        ],
        [
            -0.18016517162322998,
            -0.3612436056137085,
            -0.10520540177822113
        ],
        [
            -0.23090967535972595,
            -0.1733837127685547,
            0.04221007227897644
        ],
        [
            -0.0017544967122375965,
            -0.2244569957256317,
            0.02905840054154396
        ],
        [
            0.06060918793082237,
            -0.13305942714214325,
            0.053435392677783966
        ],
        [
            0.04348555579781532,
            0.21794407069683075,
            0.1853312849998474
        ],
        [
            0.03513811528682709,
            0.34899479150772095,
            -0.1825583279132843
        ],
        [
            -0.07358934730291367,
            -0.13482913374900818,
            0.01981046050786972
        ],
        [
            -0.145292729139328,
            0.20931297540664673,
            0.12638697028160095
        ],
        [
            -0.146616131067276,
            0.3682349622249603,
            -0.22999408841133118
        ],
        [
            -0.03331742808222771,
            -0.8820621967315674,
            0.10028575360774994
        ],
        [
            -0.0941980853676796,
            -0.8754854202270508,
            0.07483170926570892
        ],
        [
            0.042405255138874054,
            -0.8730280995368958,
            0.02823706716299057
        ],
        [
            -0.09209080040454865,
            -0.860316276550293,
            -0.025640150532126427
        ],
        [
            -0.1756974309682846,
            0.538941502571106,
            -0.1393951177597046
        ],
        [
            -0.2351098656654358,
            0.498793363571167,
            -0.18061816692352295
        ],
        [
            -0.14954516291618347,
            0.3423714339733124,
            -0.2927771806716919
        ],
        [
            -0.0043229833245277405,
            0.5117968320846558,
            -0.0855608582496643
        ],
        [
            0.0747714638710022,
            0.4949401021003723,
            -0.1123393177986145
        ],
        [
            0.04979865252971649,
            0.336866557598114,
            -0.25143158435821533
        ],
        [
            0.06618036329746246,
            0.3096047043800354,
            -0.150719553232193
        ],
        [
            0.04709254577755928,
            0.1672499030828476,
            0.1826428472995758
        ],
        [
            0.14859533309936523,
            -0.2497040033340454,
            0.04695126414299011
        ],
        [
            -0.14184501767158508,
            -0.24043795466423035,
            -0.030270785093307495
        ],
        [
            -0.15324389934539795,
            0.17467094957828522,
            0.12368796765804291
        ],
        [
            -0.15349915623664856,
            0.3271188735961914,
            -0.21420297026634216
        ],
        [
            0.10820960998535156,
            -0.4388291835784912,
            0.2406427264213562
        ],
        [
            0.2757956385612488,
            -0.4564122259616852,
            0.09953607618808746
        ],
        [
            0.14353030920028687,
            -0.6783000826835632,
            0.02462616376578808
        ],
        [
            -0.13263486325740814,
            -0.6501944065093994,
            -0.08165499567985535
        ],
        [
            -0.22032472491264343,
            -0.38968759775161743,
            -0.08551348000764847
        ],
        [
            -0.2346751093864441,
            -0.19441428780555725,
            0.04523209109902382
        ],
        [
            -0.005462624132633209,
            -0.7215048670768738,
            -0.021906567737460136
        ],
        [
            -0.03988685831427574,
            -0.9189376831054688,
            0.012694714590907097
        ],
        [
            0.0025835358537733555,
            -0.2450847029685974,
            0.007922821678221226
        ],
        [
            0.00447189062833786,
            -0.6625720262527466,
            -0.025454316288232803
        ],
        [
            0.017891094088554382,
            -0.48614025115966797,
            -0.0255063995718956
        ],
        [
            -0.04614789038896561,
            -0.8108617663383484,
            0.045748040080070496
        ],
        [
            -0.034001339226961136,
            -0.9380696415901184,
            0.005754641257226467
        ]
    ],
    "pred_vertices": [
        [
            -0.10849503427743912,
            -0.9198290109634399,
            0.06972408294677734
        ],
        [
            -0.10407260805368423,
            -0.9063798189163208,
            0.07788063585758209
        ],
        [
            -0.11023281514644623,
            -0.9017422795295715,
            0.06594865024089813
        ],
        [
            -0.1132022812962532,
            -0.9120141267776489,
            0.05468000844120979
        ],
        [
            -0.10807102918624878,
            -0.8931871652603149,
            0.07282005250453949
        ],
        [
            -0.1016111746430397,
            -0.8953366279602051,
            0.08285021781921387
        ],
        [
            -0.11189613491296768,
            -0.8950939178466797,
            0.053951479494571686
        ],
        [
            -0.11369740962982178,
            -0.9018340706825256,
            0.04170309007167816
        ],
        [
            -0.11083808541297913,
            -0.8591583967208862,
            0.042248282581567764
        ],
        [
            -0.11015383899211884,
            -0.8537828326225281,
            0.03211459144949913
        ],
        [
            -0.11124614626169205,
            -0.8657687902450562,
            0.033522672951221466
        ],
        [
            -0.10994984209537506,
            -0.867745041847229,
            0.04348761588335037
        ],
        [
            -0.10573455691337585,
            -0.8337294459342957,
            0.04043202847242355
        ],
        [
            -0.10232460498809814,
            -0.8254865407943726,
            0.050914786756038666
        ],
        [
            -0.09967038035392761,
            -0.8162971138954163,
            0.04147714376449585
        ],
        [
            -0.10141691565513611,
            -0.8241782188415527,
            0.030821941792964935
        ],
        [
            -0.08343881368637085,
            -0.8430401086807251,
            0.0841681957244873
        ],
        [
            -0.08725214004516602,
            -0.8359928131103516,
            0.08130265772342682
        ],
        [
            -0.09117099642753601,
            -0.8420302867889404,
            0.07887572050094604
        ],
        [
            -0.08640788495540619,
            -0.8484501838684082,
            0.08183817565441132
        ],
        [
            -0.0779019147157669,
            -0.8532812595367432,
            0.09338738024234772
        ],
        [
            -0.07796280086040497,
            -0.858562707901001,
            0.08973460644483566
        ],
        [
            -0.07608789950609207,
            -0.8630332350730896,
            0.09614824503660202
        ],
        [
            -0.07701240479946136,
            -0.8569338321685791,
            0.10044801235198975
        ],
        [
            -0.07805591076612473,
            -0.8384803533554077,
            0.08653222024440765
        ],
        [
            -0.08190242946147919,
            -0.831252932548523,
            0.08307849615812302
        ],
        [
            -0.08031150698661804,
            -0.8491237163543701,
            0.08733280003070831
        ],
        [
            -0.07856258749961853,
            -0.8445743322372437,
            0.09040839970111847
        ],
        [
            -0.07945218682289124,
            -0.8391634225845337,
            0.1012282520532608
        ],
        [
            -0.08075487613677979,
            -0.8436062335968018,
            0.09909752011299133
        ],
        [
            -0.08039312064647675,
            -0.8450772166252136,
            0.10680055618286133
        ],
        [
            -0.0784650444984436,
            -0.839783787727356,
            0.10686952620744705
        ],
        [
            -0.07814104855060577,
            -0.8379338979721069,
            0.0917472243309021
        ],
        [
            -0.08010736107826233,
            -0.8407455086708069,
            0.0940498411655426
        ],
        [
            -0.07833319902420044,
            -0.8374459743499756,
            0.09727084636688232
        ],
        [
            -0.0754854828119278,
            -0.8354538679122925,
            0.09485480189323425
        ],
        [
            -0.0780983716249466,
            -0.8491501808166504,
            0.09643815457820892
        ],
        [
            -0.07841230928897858,
            -0.8514684438705444,
            0.10386119782924652
        ],
        [
            -0.07778424024581909,
            -0.8535230159759521,
            0.11181643605232239
        ],
        [
            -0.07906871289014816,
            -0.8450323343276978,
            0.11468235403299332
        ],
        [
            -0.09293413907289505,
            -0.8214136362075806,
            0.0715228021144867
        ],
        [
            -0.09095662087202072,
            -0.8287269473075867,
            0.07733410596847534
        ],
        [
            -0.08576381206512451,
            -0.8246018886566162,
            0.07949702441692352
        ],
        [
            -0.08828223496675491,
            -0.8186238408088684,
            0.07514724880456924
        ],
        [
            -0.07477620244026184,
            -0.832269012928009,
            0.09127403795719147
        ],
        [
            -0.07658545672893524,
            -0.8161894083023071,
            0.09053578972816467
        ],
        [
            -0.07726496458053589,
            -0.8198707699775696,
            0.09045003354549408
        ],
        [
            -0.07346896827220917,
            -0.8213913440704346,
            0.09644175320863724
        ],
        [
            -0.07335182279348373,
            -0.8178834915161133,
            0.09607028216123581
        ],
        [
            -0.09212896227836609,
            -0.806812047958374,
            0.06184990704059601
        ],
        [
            -0.08868338167667389,
            -0.8064171075820923,
            0.06814708560705185
        ],
        [
            -0.08723697811365128,
            -0.7995419502258301,
            0.06579224765300751
        ],
        [
            -0.08939152956008911,
            -0.7987683415412903,
            0.05859670415520668
        ],
        [
            -0.08391498029232025,
            -0.7942613959312439,
            0.06573274731636047
        ],
        [
            -0.0857943668961525,
            -0.7912849187850952,
            0.05619639903306961
        ],
        [
            -0.07596904039382935,
            -0.7784996628761292,
            0.060227133333683014
        ],
        [
            -0.08086298406124115,
            -0.7839696407318115,
            0.058012984693050385
        ],
        [
            -0.07994550466537476,
            -0.7892289161682129,
            0.06782691180706024
        ],
        [
            -0.07597094774246216,
            -0.7847039103507996,
            0.07299000769853592
        ],
        [
            -0.06934799253940582,
            -0.7903465628623962,
            0.08583158254623413
        ],
        [
            -0.06522630155086517,
            -0.7896765470504761,
            0.09063644707202911
        ],
        [
            -0.06694083660840988,
            -0.7774620056152344,
            0.08691498637199402
        ],
        [
            -0.07145330309867859,
            -0.7802457809448242,
            0.08046157658100128
        ],
        [
            -0.07444638758897781,
            -0.8109139204025269,
            0.08671015501022339
        ],
        [
            -0.07669130712747574,
            -0.810639500617981,
            0.0824790745973587
        ],
        [
            -0.07808515429496765,
            -0.8120060563087463,
            0.0844510942697525
        ],
        [
            -0.0759223997592926,
            -0.8134915232658386,
            0.08910559117794037
        ],
        [
            -0.07890114933252335,
            -0.810112714767456,
            0.07928696274757385
        ],
        [
            -0.08001431822776794,
            -0.8096634745597839,
            0.07793554663658142
        ],
        [
            -0.0805453509092331,
            -0.810910701751709,
            0.07911200076341629
        ],
        [
            -0.07925539463758469,
            -0.8108130097389221,
            0.07997855544090271
        ],
        [
            -0.07773959636688232,
            -0.8106565475463867,
            0.08135862648487091
        ],
        [
            -0.07682818174362183,
            -0.8088692426681519,
            0.0821610540151596
        ],
        [
            -0.0782548040151596,
            -0.8094152212142944,
            0.08011363446712494
        ],
        [
            -0.07480110228061676,
            -0.8083984851837158,
            0.08620819449424744
        ],
        [
            -0.0661868304014206,
            -0.806859016418457,
            0.09858588129281998
        ],
        [
            -0.06954076886177063,
            -0.8074127435684204,
            0.09561295807361603
        ],
        [
            -0.06847646087408066,
            -0.8118565082550049,
            0.095369353890419
        ],
        [
            -0.06551472097635269,
            -0.8116616010665894,
            0.09795147180557251
        ],
        [
            -0.0796247348189354,
            -0.8124995231628418,
            0.0816693902015686
        ],
        [
            -0.08227972686290741,
            -0.8141544461250305,
            0.07980840653181076
        ],
        [
            -0.08073750138282776,
            -0.8171355724334717,
            0.08445203304290771
        ],
        [
            -0.07921731472015381,
            -0.8145633339881897,
            0.08450615406036377
        ],
        [
            -0.08482081443071365,
            -0.8156952857971191,
            0.07853224128484726
        ],
        [
            -0.08239272236824036,
            -0.8118478655815125,
            0.07755492627620697
        ],
        [
            -0.08447523415088654,
            -0.8119131922721863,
            0.07580322027206421
        ],
        [
            -0.0792919397354126,
            -0.8080450296401978,
            0.07818649709224701
        ],
        [
            -0.08077208697795868,
            -0.8061567544937134,
            0.07573756575584412
        ],
        [
            -0.08206628262996674,
            -0.8086159825325012,
            0.07637318968772888
        ],
        [
            -0.0788383036851883,
            -0.803170919418335,
            0.07706571370363235
        ],
        [
            -0.07734201848506927,
            -0.8064305782318115,
            0.08022687584161758
        ],
        [
            -0.07529518008232117,
            -0.8049389123916626,
            0.08426868170499802
        ],
        [
            -0.07254957407712936,
            -0.8037344217300415,
            0.0894356444478035
        ],
        [
            -0.07285390794277191,
            -0.7987754344940186,
            0.08578290045261383
        ],
        [
            -0.07623186707496643,
            -0.8005952835083008,
            0.08077233284711838
        ],
        [
            -0.08218637853860855,
            -0.8203801512718201,
            0.08291071653366089
        ],
        [
            -0.08479510992765427,
            -0.8076451420783997,
            0.07277311384677887
        ],
        [
            -0.0887705460190773,
            -0.8134853839874268,
            0.07117269933223724
        ],
        [
            -0.08362014591693878,
            -0.802966833114624,
            0.07190781086683273
        ],
        [
            -0.08105991780757904,
            -0.798841655254364,
            0.07254695147275925
        ],
        [
            -0.07779796421527863,
            -0.7952555418014526,
            0.07540230453014374
        ],
        [
            -0.07374468445777893,
            -0.7925138473510742,
            0.08070902526378632
        ],
        [
            -0.0631742775440216,
            -0.7689688205718994,
            0.07569859176874161
        ],
        [
            -0.06964102387428284,
            -0.7730721831321716,
            0.06867461651563644
        ],
        [
            -0.09807778149843216,
            -0.8887469172477722,
            0.0814739540219307
        ],
        [
            -0.10467147082090378,
            -0.8867652416229248,
            0.07554788887500763
        ],
        [
            -0.10211003571748734,
            -0.8793145418167114,
            0.07080154120922089
        ],
        [
            -0.10465352237224579,
            -0.8818873763084412,
            0.06975343823432922
        ],
        [
            -0.100748211145401,
            -0.8831388354301453,
            0.07521621137857437
        ],
        [
            -0.09959369897842407,
            -0.8806604146957397,
            0.07460878789424896
        ],
        [
            -0.10707525908946991,
            -0.87062668800354,
            0.05142372101545334
        ],
        [
            -0.1048005074262619,
            -0.8729521036148071,
            0.05758091062307358
        ],
        [
            -0.10399070382118225,
            -0.8691730499267578,
            0.05604720860719681
        ],
        [
            -0.10759719461202621,
            -0.8639670610427856,
            0.05006944388151169
        ],
        [
            -0.09952656924724579,
            -0.8622766733169556,
            0.0658038854598999
        ],
        [
            -0.10208918154239655,
            -0.8630975484848022,
            0.06099019944667816
        ],
        [
            -0.10073119401931763,
            -0.8701152801513672,
            0.06501571089029312
        ],
        [
            -0.09887834638357162,
            -0.869570791721344,
            0.06858009099960327
        ],
        [
            -0.09625531733036041,
            -0.8694371581077576,
            0.0719284862279892
        ],
        [
            -0.09290886670351028,
            -0.8699560165405273,
            0.07472933828830719
        ],
        [
            -0.09225213527679443,
            -0.8645128011703491,
            0.07428982853889465
        ],
        [
            -0.0959906280040741,
            -0.8630675077438354,
            0.07052017003297806
        ],
        [
            -0.09569436311721802,
            -0.8849849700927734,
            0.07922908663749695
        ],
        [
            -0.08885456621646881,
            -0.8850783109664917,
            0.08190050721168518
        ],
        [
            -0.08948366343975067,
            -0.8818545341491699,
            0.08085444569587708
        ],
        [
            -0.09535381197929382,
            -0.8817064762115479,
            0.078825443983078
        ],
        [
            -0.07757636904716492,
            -0.8768504858016968,
            0.08062420785427094
        ],
        [
            -0.07936574518680573,
            -0.879156768321991,
            0.0809762179851532
        ],
        [
            -0.07688829302787781,
            -0.8809753060340881,
            0.08358258008956909
        ],
        [
            -0.07526545226573944,
            -0.8766194581985474,
            0.08321380615234375
        ],
        [
            -0.07681281864643097,
            -0.8732599020004272,
            0.0823589414358139
        ],
        [
            -0.07864908128976822,
            -0.874972939491272,
            0.08053568005561829
        ],
        [
            -0.1031675711274147,
            -0.9420202374458313,
            0.07144831120967865
        ],
        [
            -0.09940062463283539,
            -0.9258949756622314,
            0.08154357969760895
        ],
        [
            -0.11044250428676605,
            -0.933836817741394,
            0.05418933182954788
        ],
        [
            -0.11334241926670074,
            -0.9228525757789612,
            0.03979766368865967
        ],
        [
            -0.11483246833086014,
            -0.9084186553955078,
            0.028375599533319473
        ],
        [
            -0.09607003629207611,
            -0.8103784322738647,
            0.05239063501358032
        ],
        [
            -0.09368066489696503,
            -0.8015150427818298,
            0.046429090201854706
        ],
        [
            -0.0963456928730011,
            -0.8077576160430908,
            0.03221295401453972
        ],
        [
            -0.09109050780534744,
            -0.7981783151626587,
            0.028883766382932663
        ],
        [
            -0.08880339562892914,
            -0.7917739152908325,
            0.043692633509635925
        ],
        [
            -0.0731712132692337,
            -0.7752478122711182,
            0.04691770300269127
        ],
        [
            -0.08191715180873871,
            -0.7823487520217896,
            0.043986666947603226
        ],
        [
            -0.08312509953975677,
            -0.789027988910675,
            0.02606719359755516
        ],
        [
            -0.08521738648414612,
            -0.8005870580673218,
            0.009151365607976913
        ],
        [
            -0.09184982627630234,
            -0.8068628907203674,
            0.015206702053546906
        ],
        [
            -0.08567799627780914,
            -0.8155666589736938,
            -0.004039641469717026
        ],
        [
            -0.07509416341781616,
            -0.7940412759780884,
            0.0011835660552605987
        ],
        [
            -0.07903234660625458,
            -0.8154574632644653,
            -0.010202934965491295
        ],
        [
            -0.06010855734348297,
            -0.7600923776626587,
            0.011922396719455719
        ],
        [
            -0.05970380827784538,
            -0.7488110065460205,
            0.008241217583417892
        ],
        [
            -0.06493671983480453,
            -0.7549916505813599,
            -0.008268671110272408
        ],
        [
            -0.06603364646434784,
            -0.7662706971168518,
            -0.004838273860514164
        ],
        [
            -0.09751488268375397,
            -0.8148729801177979,
            0.021638743579387665
        ],
        [
            -0.1106739193201065,
            -0.8773497343063354,
            0.02570980414748192
        ],
        [
            -0.11160706728696823,
            -0.8767405152320862,
            0.03725828975439072
        ],
        [
            -0.10916359722614288,
            -0.8639405965805054,
            0.022078068926930428
        ],
        [
            -0.11199399083852768,
            -0.9362901449203491,
            0.005602015182375908
        ],
        [
            -0.11370417475700378,
            -0.9317452907562256,
            0.02338034100830555
        ],
        [
            -0.1152225211262703,
            -0.9155290722846985,
            0.01531117595732212
        ],
        [
            -0.1128968670964241,
            -0.9218688011169434,
            -0.0007320679724216461
        ],
        [
            -0.09536600112915039,
            -0.9735828638076782,
            0.024664632976055145
        ],
        [
            -0.1024777889251709,
            -0.961031436920166,
            0.048939548432826996
        ],
        [
            -0.10776392370462418,
            -0.9478978514671326,
            0.036914899945259094
        ],
        [
            -0.10427530109882355,
            -0.9576973915100098,
            0.016627764329314232
        ],
        [
            -0.1096925288438797,
            -0.9235063791275024,
            -0.01404077559709549
        ],
        [
            -0.10287775099277496,
            -0.925106942653656,
            -0.031813837587833405
        ],
        [
            -0.09845217317342758,
            -0.9413006901741028,
            -0.03678666055202484
        ],
        [
            -0.10552913695573807,
            -0.9414327144622803,
            -0.014900464564561844
        ],
        [
            -0.08647873252630234,
            -0.9632303714752197,
            -0.037883903831243515
        ],
        [
            -0.0964222103357315,
            -0.9634777307510376,
            -0.012186054140329361
        ],
        [
            -0.0715111643075943,
            -0.8024458885192871,
            -0.018421649932861328
        ],
        [
            -0.07394975423812866,
            -0.8204085230827332,
            -0.02179446816444397
        ],
        [
            -0.06845930963754654,
            -0.779564380645752,
            0.0004616100341081619
        ],
        [
            -0.06908003985881805,
            -0.7869510650634766,
            -0.017271090298891068
        ],
        [
            -0.06980481743812561,
            -0.9796041250228882,
            -0.03512077033519745
        ],
        [
            -0.08218927681446075,
            -0.9818587303161621,
            -0.0053673237562179565
        ],
        [
            -0.07014146447181702,
            -0.9062950015068054,
            -0.07103990018367767
        ],
        [
            -0.07769222557544708,
            -0.9231300354003906,
            -0.0655645877122879
        ],
        [
            -0.08831822872161865,
            -0.909424364566803,
            -0.05334907025098801
        ],
        [
            -0.08042746037244797,
            -0.8953620195388794,
