{
    "pred_cam": [
        1.5265769958496094,
        -0.011703049764037132,
        0.33897167444229126
    ],
    "pred_smpl_params": {
        "global_orient": [
            [
                [
                    -0.9755082726478577,
                    0.05052325502038002,
                    -0.2140817791223526
                ],
                [
                    -0.017857203260064125,
                    -0.9882414937019348,
                    -0.1518547385931015
                ],
                [
                    -0.21923670172691345,
                    -0.14431264996528625,
                    0.9649399518966675
                ]
            ]
        ],
        "body_pose": [
            [
                [
                    0.9947201013565063,
                    -0.017011752352118492,
                    -0.10120522230863571
                ],
                [
                    0.03510219231247902,
                    0.9830836057662964,
                    0.17976230382919312
                ],
                [
                    0.09643512219190598,
                    -0.18236570060253143,
                    0.9784901738166809
                ]
            ],
            [
                [
                    0.9989357590675354,
                    -0.04127882421016693,
                    -0.02057740092277527
                ],
                [
                    0.04491318017244339,
                    0.9720831513404846,
                    0.23029781877994537
                ],
                [
                    0.010496523231267929,
                    -0.2309769093990326,
                    0.9729025959968567
                ]
            ],
            [
                [
                    0.999455988407135,
                    -0.002903798595070839,
                    0.03285345062613487
                ],
                [
                    0.007292779162526131,
                    0.9909173846244812,
                    -0.13427454233169556
                ],
                [
                    -0.03216514736413956,
                    0.134441077709198,
                    0.9903994798660278
                ]
            ],
            [
                [
                    0.9827761054039001,
                    -0.10913713276386261,
                    -0.14913173019886017
                ],
                [
                    -0.1242595762014389,
                    0.20706632733345032,
                    -0.9704036116600037
                ],
                [
                    0.13678722083568573,
                    0.9722204804420471,
                    0.1899385005235672
                ]
            ],
            [
                [
                    0.9623268842697144,
                    -0.1880732923746109,
                    0.19635535776615143
                ],
                [
                    0.21870283782482147,
                    0.10635901987552643,
                    -0.9699777364730835
                ],
                [
                    0.16154274344444275,
                    0.9763790965080261,
                    0.14348430931568146
                ]
            ],
            [
                [
                    0.9966463446617126,
                    0.06150700896978378,
                    0.053972527384757996
                ],
                [
                    -0.05958718806505203,
                    0.9975560307502747,
                    -0.03648776188492775
                ],
                [
                    -0.05608487129211426,
                    0.033149320632219315,
                    0.9978756308555603
                ]
            ],
            [
                [
                    0.9789339900016785,
                    -0.049724794924259186,
                    0.1980293095111847
                ],
                [
                    0.007491621188819408,
                    0.9779857993125916,
                    0.2085365504026413
                ],
                [
                    -0.2040393203496933,
                    -0.2026599794626236,
                    0.9577560424804688
                ]
            ],
            [
                [
                    0.9647311568260193,
                    0.1661352962255478,
                    -0.20418821275234222
                ],
                [
                    -0.10167411714792252,
                    0.9506571888923645,
                    0.29310956597328186
                ],
                [
                    0.24280884861946106,
                    -0.2620112895965576,
                    0.9340202808380127
                ]
            ],
            [
                [
                    0.9991907477378845,
                    0.02326994016766548,
                    0.03280950337648392
                ],
                [
                    -0.022235650569200516,
                    0.9992549419403076,
                    -0.03154410794377327
                ],
                [
                    -0.033519092947244644,
                    0.03078903816640377,
                    0.9989637136459351
                ]
            ],
            [
                [
                    0.9983657598495483,
                    -0.04941827803850174,
                    -0.02869865670800209
                ],
                [
                    0.053224656730890274,
                    0.986929714679718,
                    0.1521083414554596
                ],
                [
                    0.02080662176012993,
                    -0.15338723361492157,
                    0.9879471063613892
                ]
            ],
            [
                [
                    0.9994001388549805,
                    -0.03457319363951683,
                    0.002012986224144697
                ],
                [
                    0.03354232385754585,
                    0.9807895421981812,
                    0.19216370582580566
                ],
                [
                    -0.008618028834462166,
                    -0.19198091328144073,
                    0.9813608527183533
                ]
            ],
            [
                [
                    0.9992378354072571,
                    0.005767273250967264,
                    0.03860762342810631
                ],
                [
                    -0.009371292777359486,
                    0.9955440759658813,
                    0.09383045136928558
                ],
                [
                    -0.03789444640278816,
                    -0.09412073343992233,
                    0.9948393702507019
                ]
            ],
            [
                [
                    0.9072157740592957,
                    0.4190253019332886,
                    -0.03711158037185669
                ],
                [
                    -0.41826844215393066,
                    0.9079336524009705,
                    0.026607198640704155
                ],
                [
                    0.04484394192695618,
                    -0.008615869097411633,
                    0.9989567995071411
                ]
            ],
            [
                [
                    0.9587363600730896,
                    -0.2765374183654785,
                    0.06596677005290985
                ],
                [
                    0.27746203541755676,
                    0.9607229828834534,
                    -0.0051099215634167194
                ],
                [
                    -0.061962712556123734,
                    0.02320234291255474,
                    0.9978086948394775
                ]
            ],
            [
                [
                    0.9977561831474304,
                    0.05169277638196945,
                    0.0425477996468544
                ],
                [
                    -0.042092215269804,
                    0.9785272479057312,
                    -0.20177385210990906
                ],
                [
                    -0.0520644336938858,
                    0.1995301991701126,
                    0.9785074591636658
                ]
            ],
            [
                [
                    0.58101886510849,
                    0.7797785997390747,
                    -0.2331574708223343
                ],
                [
                    -0.8104301691055298,
                    0.5806875824928284,
                    -0.07749062776565552
                ],
                [
                    0.07496611773967743,
                    0.23398138582706451,
                    0.9693465232849121
                ]
            ],
            [
                [
                    0.6044355034828186,
                    -0.743561863899231,
                    0.2859605848789215
                ],
                [
                    0.7866662740707397,
                    0.6137417554855347,
                    -0.06691182404756546
                ],
                [
                    -0.12575286626815796,
                    0.2653994560241699,
                    0.9559023976325989
                ]
            ],
            [
                [
                    0.8016122579574585,
                    -0.14565351605415344,
                    -0.5798299908638
                ],
                [
                    0.02234979346394539,
                    0.9764910340309143,
                    -0.2143964022397995
                ],
                [
                    0.5974263548851013,
                    0.15890368819236755,
                    0.7860224843025208
                ]
            ],
            [
                [
                    -0.007048039231449366,
                    0.4246272146701813,
                    0.905340850353241
                ],
                [
                    -0.03888130187988281,
                    0.9045622944831848,
                    -0.42456477880477905
                ],
                [
                    -0.9992190003395081,
                    -0.03819317743182182,
                    0.010134668089449406
                ]
            ],
            [
                [
                    0.9987748861312866,
                    -0.049482058733701706,
                    0.0003862075973302126
                ],
                [
                    0.04857153072953224,
                    0.9788450598716736,
                    -0.1987539529800415
                ],
                [
                    0.009456717409193516,
                    0.1985292285680771,
                    0.9800493121147156
                ]
            ],
            [
                [
                    0.9935106635093689,
                    0.11352835595607758,
                    0.006914855446666479
                ],
                [
                    -0.1116006076335907,
                    0.984763503074646,
                    -0.1333644986152649
                ],
                [
                    -0.02195015177130699,
                    0.13172735273838043,
                    0.9910428524017334
                ]
            ],
            [
                [
                    0.9716184139251709,
                    0.22271256148815155,
                    -0.07972908765077591
                ],
                [
                    -0.20795448124408722,
                    0.9648205637931824,
                    0.16086064279079437
                ],
                [
                    0.11274995654821396,
                    -0.13971514999866486,
                    0.9837514758110046
                ]
            ],
            [
                [
                    0.9704487919807434,
                    -0.23891788721084595,
                    0.033874668180942535
                ],
                [
                    0.23186828196048737,
                    0.9621331691741943,
                    0.14330726861953735
                ],
                [
                    -0.0668305978178978,
                    -0.13121788203716278,
                    0.9890984296798706
                ]
            ]
        ],
        "betas": [
            -0.2248556911945343,
            -0.24392381310462952,
            0.16427907347679138,
            0.24488383531570435,
            0.11178234219551086,
            0.08204388618469238,
            -0.0017511546611785889,
            -0.11741757392883301,
            0.09459660202264786,
            -0.08819133043289185
        ]
    },
    "pred_cam_t": [
        -0.011703049764037132,
        0.33897167444229126,
        25.588293075561523
    ],
    "focal_length": [
        5000.0,
        5000.0
    ],
    "pred_keypoints_3d": [
        [
            -0.07352462410926819,
            -0.8406270742416382,
            0.11398489773273468
        ],
        [
            -0.0004087816923856735,
            -0.7299522161483765,
            -0.025917597115039825
        ],
        [
            0.174602210521698,
            -0.6510059237480164,
            0.03481677174568176
        ],
        [
            0.26824453473091125,
            -0.42167550325393677,
            0.068635955452919
        ],
        [
            0.11946040391921997,
            -0.41513916850090027,
            0.2696217894554138
        ],
        [
            -0.16029196977615356,
            -0.6166030764579773,
            -0.08277186006307602
        ],
        [
            -0.18178018927574158,
            -0.3625355660915375,
            -0.10589751601219177
        ],
        [
            -0.23096813261508942,
            -0.1746184229850769,
            0.04224565625190735
        ],
        [
            -0.0017646874766796827,
            -0.22486425936222076,
            0.029136503115296364
        ],
        [
            0.06111987307667732,
            -0.1336708664894104,
            0.05335133522748947
        ],
        [
            0.04630628228187561,
            0.21764051914215088,
            0.18512427806854248
        ],
        [
            0.03687291219830513,
            0.35303497314453125,
            -0.1813981533050537
        ],
        [
            -0.07336882501840591,
            -0.13487207889556885,
            0.02055536024272442
        ],
        [
            -0.14333531260490417,
            0.20996081829071045,
            0.12641911208629608
        ],
        [
            -0.14318439364433289,
            0.36728382110595703,
            -0.2309017926454544
        ],
        [
            -0.034828800708055496,
            -0.8842312693595886,
            0.09709951281547546
        ],
        [
            -0.095253124833107,
            -0.8778139352798462,
            0.0704892948269844
        ],
        [
            0.04236873984336853,
            -0.8742191791534424,
            0.02658853307366371
        ],
        [
            -0.09126536548137665,
            -0.8618873953819275,
            -0.029814455658197403
        ],
        [
            -0.1717263162136078,
            0.5391284227371216,
            -0.14172708988189697
        ],
        [
            -0.2311338633298874,
            0.4987851679325104,
            -0.18289530277252197
        ],
        [
            -0.14610840380191803,
            0.3409596085548401,
            -0.293637752532959
        ],
        [
            -0.0008082538843154907,
            0.5156656503677368,
            -0.0832321047782898
        ],
        [
            0.0781826376914978,
            0.49839669466018677,
            -0.11041057109832764
        ],
        [
            0.05095136910676956,
            0.34126728773117065,
            -0.25053679943084717
        ],
        [
            0.06781654059886932,
            0.3130604028701782,
            -0.150151789188385
        ],
        [
            0.0496985986828804,
            0.16677552461624146,
            0.18237683176994324
        ],
        [
            0.14871543645858765,
            -0.25073811411857605,
            0.046036526560783386
        ],
        [
            -0.14236068725585938,
            -0.24022865295410156,
            -0.02937142550945282
        ],
        [
            -0.1514996588230133,
            0.1753927767276764,
            0.12381969392299652
        ],
        [
            -0.15035070478916168,
            0.32627710700035095,
            -0.214951753616333
        ],
        [
            0.11314272880554199,
            -0.43780672550201416,
            0.2409306764602661
        ],
        [
            0.2769584357738495,
            -0.4566551446914673,
            0.09532078355550766
        ],
        [
            0.14368006587028503,
            -0.6787692308425903,
            0.021487826481461525
        ],
        [
            -0.13396278023719788,
            -0.6515533924102783,
            -0.08225157856941223
        ],
        [
            -0.22176297008991241,
            -0.39095330238342285,
            -0.08567909896373749
        ],
        [
            -0.2346724569797516,
            -0.19567464292049408,
            0.04534817859530449
        ],
        [
            -0.00580856017768383,
            -0.7225595116615295,
            -0.02386411651968956
        ],
        [
            -0.03943799436092377,
            -0.9205272197723389,
            0.009114360436797142
        ],
        [
            0.002375734969973564,
            -0.24548813700675964,
            0.00793010089546442
        ],
        [
            0.003918187692761421,
            -0.6635091304779053,
            -0.027253123000264168
        ],
        [
            0.016674475744366646,
            -0.48669523000717163,
            -0.026345549151301384
        ],
        [
            -0.04691871628165245,
            -0.8126586079597473,
            0.04276449233293533
        ],
        [
            -0.03333927318453789,
            -0.9395994544029236,
            0.002123037353157997
        ]
    ],
    "pred_vertices": [
        [
            -0.10917668789625168,
            -0.9221819639205933,
            0.06481564790010452
        ],
        [
            -0.10499101877212524,
            -0.9087728261947632,
            0.073155976831913
        ],
        [
            -0.1109219565987587,
            -0.9040788412094116,
            0.06113051250576973
        ],
        [
            -0.11363144963979721,
            -0.9142860174179077,
            0.049741923809051514
        ],
        [
            -0.10896290838718414,
            -0.8955593705177307,
            0.06811045855283737
        ],
        [
            -0.10268835723400116,
            -0.8977497816085815,
            0.07823939621448517
        ],
        [
            -0.11240646243095398,
            -0.8973474502563477,
            0.04915410280227661
        ],
        [
            -0.11394478380680084,
            -0.9040251970291138,
            0.03682640939950943
        ],
        [
            -0.11133378744125366,
            -0.8613367080688477,
            0.03772862255573273
        ],
        [
            -0.11050131916999817,
            -0.8559004068374634,
            0.027653370052576065
        ],
        [
            -0.11151096224784851,
            -0.8678907155990601,
            0.02894490770995617
        ],
        [
            -0.11039876192808151,
            -0.8699126243591309,
            0.03891051933169365
        ],
        [
            -0.10636787116527557,
            -0.8358551263809204,
            0.036203764379024506
        ],
        [
            -0.10320672392845154,
            -0.8276611566543579,
            0.04680183529853821
        ],
        [
            -0.10043242573738098,
            -0.818382978439331,
            0.03750001639127731
        ],
        [
            -0.1019286960363388,
            -0.8262009620666504,
            0.026752734556794167
        ],
        [
            -0.08486807346343994,
            -0.8453559875488281,
            0.08027661591768265
        ],
        [
            -0.08865916728973389,
            -0.8383061289787292,
            0.07739131897687912
        ],
        [
            -0.09249286353588104,
            -0.8443531394004822,
            0.07483741641044617
        ],
        [
            -0.08775780349969864,
            -0.850767970085144,
            0.07784498482942581
        ],
        [
            -0.07944242656230927,
            -0.8556310534477234,
            0.08953076601028442
        ],
        [
            -0.07940187305212021,
            -0.8608872890472412,
            0.08583678305149078
        ],
        [
            -0.07763034850358963,
            -0.8653966188430786,
            0.09225612878799438
        ],
        [
            -0.07867258787155151,
            -0.8593332767486572,
            0.09658277034759521
        ],
        [
            -0.07956083118915558,
            -0.8407770395278931,
            0.0827837735414505
        ],
        [
            -0.0833723396062851,
            -0.8335461616516113,
            0.07930874824523926
        ],
        [
            -0.0817764550447464,
            -0.8514469265937805,
            0.08346107602119446
        ],
        [
            -0.080097496509552,
            -0.8469017744064331,
            0.0866040289402008
        ],
        [
            -0.081236831843853,
            -0.8415734171867371,
            0.09745006263256073
        ],
        [
            -0.08247017860412598,
            -0.8460111618041992,
            0.09525950253009796
        ],
        [
            -0.08225470781326294,
            -0.8475373983383179,
            0.10296019911766052
        ],
        [
            -0.08035790920257568,
            -0.8422260284423828,
            0.10310831665992737
        ],
        [
            -0.07974456250667572,
            -0.8402605652809143,
            0.08800147473812103
        ],
        [
            -0.08174188435077667,
            -0.8431040048599243,
            0.0902433693408966
        ],
        [
            -0.0800505205988884,
            -0.8398171663284302,
            0.09352482855319977
        ],
        [
            -0.07716305553913116,
            -0.8377900123596191,
            0.09118333458900452
        ],
        [
            -0.0797266811132431,
            -0.8515218496322632,
            0.09260618686676025
        ],
        [
            -0.08017721027135849,
            -0.8538988828659058,
            0.10000908374786377
        ],
        [
            -0.07969191670417786,
            -0.8560084104537964,
            0.10796532034873962
        ],
        [
            -0.08107321709394455,
            -0.8475395441055298,
            0.11087518185377121
        ],
        [
            -0.09423971176147461,
            -0.8236815929412842,
            0.06762375682592392
        ],
        [
            -0.09233453869819641,
            -0.8310322761535645,
            0.07340918481349945
        ],
        [
            -0.0872046947479248,
            -0.8268870711326599,
            0.07570553570985794
        ],
        [
            -0.08967480808496475,
            -0.8208877444267273,
            0.07135780900716782
        ],
        [
            -0.07639573514461517,
            -0.834570586681366,
            0.08764016628265381
        ],
        [
            -0.0782720297574997,
            -0.8184820413589478,
            0.08700144290924072
        ],
        [
            -0.07892994582653046,
            -0.8221710920333862,
            0.08687003701925278
        ],
        [
            -0.07524417340755463,
            -0.8237143754959106,
            0.0929279625415802
        ],
        [
            -0.07513633370399475,
            -0.8201993703842163,
            0.09258881956338882
        ],
        [
            -0.09333967417478561,
            -0.8089947700500488,
            0.05808857083320618
        ],
        [
            -0.09001359343528748,
            -0.8086251020431519,
            0.06445194780826569
        ],
        [
            -0.08856070041656494,
            -0.8017200827598572,
            0.06218595802783966
        ],
        [
            -0.09058049321174622,
            -0.8009080290794373,
            0.054967254400253296
        ],
        [
            -0.08525298535823822,
            -0.796412467956543,
            0.062253113836050034
        ],
        [
            -0.0869714617729187,
            -0.7933780550956726,
            0.05271613970398903
        ],
        [
            -0.07726842164993286,
            -0.7805372476577759,
            0.05705122649669647
        ],
        [
            -0.08210316300392151,
            -0.7860310077667236,
            0.054695822298526764
        ],
        [
            -0.08134011924266815,
            -0.791361927986145,
            0.06446928530931473
        ],
        [
            -0.07747987657785416,
            -0.7868372201919556,
            0.06975099444389343
        ],
        [
            -0.0710877776145935,
            -0.7925429344177246,
            0.08265522867441177
        ],
        [
            -0.06705623865127563,
            -0.7918856739997864,
            0.08754857629537582
        ],
        [
            -0.06875751912593842,
            -0.779633104801178,
            0.08390405029058456
        ],
        [
            -0.07312750816345215,
            -0.7823991775512695,
            0.07735037803649902
        ],
        [
            -0.07609815895557404,
            -0.8131711483001709,
            0.08326227962970734
        ],
        [
            -0.07826659828424454,
            -0.8128784894943237,
            0.07898834347724915
        ],
        [
            -0.0796939879655838,
            -0.8142686486244202,
            0.08092185854911804
        ],
        [
            -0.07761380076408386,
            -0.8157763481140137,
            0.0856073871254921
        ],
        [
            -0.0804193764925003,
            -0.8123438358306885,
            0.07575295865535736
        ],
        [
            -0.08151058852672577,
            -0.8118923902511597,
            0.07438120245933533
        ],
        [
            -0.08205898106098175,
            -0.813151478767395,
            0.07553815841674805
        ],
        [
            -0.08078990131616592,
            -0.8130520582199097,
            0.07643065601587296
        ],
        [
            -0.07929927110671997,
            -0.8128961324691772,
            0.07784271240234375
        ],
        [
            -0.07840977609157562,
            -0.8111065626144409,
            0.0786784291267395
        ],
        [
            -0.07979148626327515,
            -0.811647355556488,
            0.07659871876239777
        ],
        [
            -0.07646097987890244,
            -0.8106521964073181,
            0.082770936191082
        ],
        [
            -0.0680670514702797,
            -0.809145450592041,
            0.09532827883958817
        ],
        [
            -0.07138177752494812,
            -0.8097022175788879,
            0.09228868037462234
        ],
        [
            -0.0702880471944809,
            -0.8141418695449829,
            0.0920276790857315
        ],
        [
            -0.06735517084598541,
            -0.8139417767524719,
            0.094668447971344
        ],
        [
            -0.08116844296455383,
            -0.8147457242012024,
            0.078101746737957
        ],
        [
            -0.08379052579402924,
            -0.816411018371582,
            0.07617649435997009
        ],
        [
            -0.08232234418392181,
            -0.8194179534912109,
            0.08082728832960129
        ],
        [
            -0.0808144360780716,
            -0.8168351650238037,
            0.08093446493148804
        ],
        [
            -0.08630018681287766,
            -0.8179589509963989,
            0.07483301311731339
        ],
        [
            -0.0838732123374939,
            -0.8140901327133179,
            0.07393597811460495
        ],
        [
            -0.085904061794281,
            -0.8141494989395142,
            0.07214123010635376
        ],
        [
            -0.08079864084720612,
            -0.8102702498435974,
            0.07466011494398117
        ],
        [
            -0.08224181830883026,
            -0.8083745837211609,
            0.07219474017620087
        ],
        [
            -0.08353917300701141,
            -0.8108481168746948,
            0.07278445363044739
        ],
        [
            -0.08034873008728027,
            -0.8053807020187378,
            0.0735897496342659
        ],
        [
            -0.07889397442340851,
            -0.8086549043655396,
            0.07675457000732422
        ],
        [
            -0.07693055272102356,
            -0.8071774244308472,
            0.08085136860609055
        ],
        [
            -0.0742894858121872,
            -0.8059914112091064,
            0.08608335256576538
        ],
        [
            -0.07454759627580643,
            -0.80100417137146,
            0.0824635922908783
        ],
        [
            -0.07782337069511414,
            -0.8028101921081543,
            0.07737205922603607
        ],
        [
            -0.08370371162891388,
            -0.8226574659347534,
            0.07922473549842834
        ],
        [
            -0.08620664477348328,
            -0.8098666071891785,
            0.06913886219263077
        ],
        [
            -0.09011870622634888,
            -0.8157185316085815,
            0.06741861253976822
        ],
        [
            -0.08503992855548859,
            -0.8051708936691284,
            0.06833676248788834
        ],
        [
            -0.08251186460256577,
            -0.8010293245315552,
            0.06906569004058838
        ],
        [
            -0.07929710298776627,
            -0.7974364757537842,
            0.07203122228384018
        ],
        [
            -0.07537294179201126,
            -0.7947019338607788,
            0.07742996513843536
        ],
        [
            -0.06479603052139282,
            -0.7710224390029907,
            0.07282894849777222
        ],
        [
            -0.07110690325498581,
            -0.7751160860061646,
            0.06566576659679413
        ],
        [
            -0.09917527437210083,
            -0.8911385536193848,
            0.0769616961479187
        ],
        [
            -0.105658620595932,
            -0.8891440629959106,
            0.07092950493097305
        ],
        [
            -0.10305245220661163,
            -0.8816453814506531,
            0.06628930568695068
        ],
        [
            -0.1055794358253479,
            -0.8842334151268005,
            0.06517402827739716
        ],
        [
            -0.10174714773893356,
            -0.8854953050613403,
            0.07069899141788483
        ],
        [
            -0.10060333460569382,
            -0.8830083608627319,
            0.0701332613825798
        ],
        [
            -0.1076800525188446,
            -0.8728389739990234,
            0.046872369945049286
        ],
        [
            -0.10551681369543076,
            -0.87519770860672,
            0.05305603891611099
        ],
        [
            -0.1046902984380722,
            -0.8714038133621216,
            0.05156480893492699
        ],
        [
            -0.10821186006069183,
            -0.8661730885505676,
            0.045556724071502686
        ],
        [
            -0.10045496374368668,
            -0.8645526170730591,
            0.06145486235618591
        ],
        [
            -0.10291589796543121,
            -0.865354061126709,
            0.05658657103776932
        ],
        [
            -0.10160437226295471,
            -0.8723950386047363,
            0.060588739812374115
        ],
        [
            -0.09982439875602722,
            -0.8718645572662354,
            0.06419014930725098
        ],
        [
            -0.09726819396018982,
            -0.871740996837616,
            0.06759199500083923
        ],
        [
            -0.09396849572658539,
            -0.8722610473632812,
            0.07045187801122665
        ],
        [
            -0.09333750605583191,
            -0.8668084740638733,
            0.07006305456161499
        ],
        [
            -0.09700964391231537,
            -0.8653566837310791,
            0.06622964888811111
        ],
        [
            -0.09676633030176163,
            -0.887346625328064,
            0.07479293644428253
        ],
        [
            -0.08998289704322815,
            -0.8874234557151794,
            0.07759915292263031
        ],
        [
            -0.09060594439506531,
            -0.8841938972473145,
            0.07656415551900864
        ],
        [
            -0.09643541276454926,
            -0.884066641330719,
            0.0744163990020752
        ],
        [
            -0.07873113453388214,
            -0.8791135549545288,
            0.07660374045372009
        ],
        [
            -0.08051364123821259,
            -0.8814319372177124,
            0.07690399885177612
        ],
        [
            -0.07808160036802292,
            -0.883252739906311,
            0.07954781502485275
        ],
        [
            -0.07647300511598587,
            -0.8788866996765137,
            0.07923954725265503
        ],
        [
            -0.07802626490592957,
            -0.8755307197570801,
            0.0783834159374237
        ],
        [
            -0.07981528341770172,
            -0.8772441148757935,
            0.07651020586490631
        ],
        [
            -0.10375101119279861,
            -0.9443749189376831,
            0.06648492813110352
        ],
        [
            -0.10024645179510117,
            -0.9282815456390381,
            0.07677312195301056
        ],
        [
            -0.11071032285690308,
            -0.9361022710800171,
            0.049115899950265884
        ],
        [
            -0.11340394616127014,
            -0.925045371055603,
            0.03476247191429138
        ],
        [
            -0.11477337032556534,
            -0.910546064376831,
            0.023419927805662155
        ],
        [
            -0.09707918018102646,
            -0.8125187158584595,
            0.04852984845638275
        ],
        [
            -0.0946221649646759,
            -0.803600013256073,
            0.042691249400377274
        ],
        [
            -0.09697304666042328,
            -0.8097562193870544,
            0.02838122472167015
        ],
        [
            -0.0917205661535263,
            -0.8001128435134888,
            0.025248883292078972
        ],
        [
            -0.08974622189998627,
            -0.7937964200973511,
            0.04015198349952698
        ],
        [
            -0.07424302399158478,
            -0.777157187461853,
            0.04385916516184807
        ],
        [
            -0.08292292058467865,
            -0.7843104004859924,
            0.040686700493097305
        ],
        [
            -0.08378641307353973,
            -0.790867805480957,
            0.022695014253258705
        ],
        [
            -0.08553260564804077,
            -0.8023202419281006,
            0.005624349229037762
        ],
        [
            -0.0921676754951477,
            -0.8086858987808228,
            0.0114801786839962
        ],
        [
            -0.08565910905599594,
            -0.817206859588623,
            -0.007708766032010317
        ],
        [
            -0.07530954480171204,
            -0.795656681060791,
            -0.0020362851209938526
        ],
        [
            -0.07888677716255188,
            -0.8170299530029297,
            -0.013716895133256912
        ],
        [
            -0.06055174395442009,
            -0.7617710828781128,
            0.009458683431148529
        ],
        [
            -0.06013290956616402,
            -0.7504631280899048,
            0.005974184721708298
        ],
        [
            -0.06528925150632858,
            -0.75658118724823,
            -0.01066795364022255
        ],
        [
            -0.06630222499370575,
            -0.7678845524787903,
            -0.007454316131770611
        ],
        [
            -0.09791237115859985,
            -0.8167977929115295,
            0.017725512385368347
        ],
        [
            -0.11079555004835129,
            -0.8793957233428955,
            0.021060381084680557
        ],
        [
            -0.11191684752702713,
            -0.8788702487945557,
            0.032594338059425354
        ],
        [
            -0.10922937095165253,
            -0.8659625053405762,
            0.01755908690392971
        ],
        [
            -0.11135590076446533,
            -0.9382317066192627,
            0.0005187708884477615
        ],
        [
            -0.11344541609287262,
            -0.9338381290435791,
            0.018304895609617233
        ],
        [
            -0.11487796157598495,
            -0.9175552129745483,
            0.010296115651726723
        ],
        [
            -0.1122242882847786,
            -0.9237717390060425,
            -0.005743267014622688
        ],
        [
            -0.0948479175567627,
            -0.9755734205245972,
            0.019640229642391205
        ],
        [
            -0.10251857340335846,
            -0.9632242918014526,
            0.04384397342801094
        ],
        [
            -0.10763488709926605,
            -0.9500320553779602,
            0.03182918205857277
        ],
        [
            -0.10369362682104111,
            -0.9596738815307617,
            0.01154339499771595
        ],
        [
            -0.1087496280670166,
            -0.9253031611442566,
            -0.018995901569724083
        ],
        [
            -0.10156197845935822,
            -0.9267492294311523,
            -0.03663337230682373
        ],
        [
            -0.09695000946521759,
            -0.9428955316543579,
            -0.04163486510515213
        ],
        [
            -0.10445382446050644,
            -0.9432045221328735,
            -0.01988845318555832
        ],
        [
            -0.0848429873585701,
            -0.9647655487060547,
            -0.04267317056655884
        ],
        [
            -0.09527730941772461,
            -0.9652496576309204,
            -0.017153669148683548
        ],
        [
            -0.0713164359331131,
            -0.8039386868476868,
            -0.02163480594754219
        ],
        [
            -0.07354774326086044,
            -0.8218974471092224,
            -0.025249551981687546
        ],
        [
            -0.06869934499263763,
            -0.781195342540741,
            -0.0023957453668117523
        ],
        [
            -0.06907010078430176,
            -0.7884577512741089,
            -0.02022651396691799
        ],
        [
            -0.06812859326601028,
            -0.9811136722564697,
            -0.039727095514535904
        ],
        [
            -0.08106857538223267,
            -0.9836116433143616,
            -0.010189656168222427
        ],
        [
            -0.06821680068969727,
            -0.9074565768241882,
            -0.075132355093956
        ],
        [
            -0.07575386762619019,
            -0.9243894219398499,
            -0.06990572810173035
        ],
        [
            -0.08670234680175781,
            -0.9108190536499023,
            -0.05779840052127838
        ],
        [
            -0.07878048717975616,
            -0.8966580033302307,
            -0.06420927494764328
