{
    "pred_cam": [
        1.1048078536987305,
        -0.08839171379804611,
        0.1704818606376648
    ],
    "pred_smpl_params": {
        "global_orient": [
            [
                [
                    0.9978418350219727,
                    0.06335270404815674,
                    -0.017266057431697845
                ],
                [
                    0.06446325778961182,
                    -0.9951750636100769,
                    0.07396568357944489
                ],
                [
                    -0.0124968271702528,
                    -0.07491907477378845,
                    -0.9971112608909607
                ]
            ]
        ],
        "body_pose": [
            [
                [
                    0.9985737800598145,
                    -0.05236662179231644,
                    0.010392148047685623
                ],
                [
                    0.04871518164873123,
                    0.9733851552009583,
                    0.22393788397312164
                ],
                [
                    -0.021842436864972115,
                    -0.2231122851371765,
                    0.9745479226112366
                ]
            ],
            [
                [
                    0.9985937476158142,
                    0.036900848150253296,
                    0.03806387633085251
                ],
                [
                    -0.04454795643687248,
                    0.9733093976974487,
                    0.22513161599636078
                ],
                [
                    -0.02874038554728031,
                    -0.226510688662529,
                    0.9735845327377319
                ]
            ],
            [
                [
                    0.9998630285263062,
                    0.00856721494346857,
                    -0.01416261587291956
                ],
                [
                    -0.01133543811738491,
                    0.977911651134491,
                    -0.20871122181415558
                ],
                [
                    0.012061710469424725,
                    0.2088431715965271,
                    0.9778748154640198
                ]
            ],
            [
                [
                    0.9935497045516968,
                    0.015186931006610394,
                    -0.11237535625696182
                ],
                [
                    -0.08329998701810837,
                    0.7701478004455566,
                    -0.6324028968811035
                ],
                [
                    0.07694137841463089,
                    0.6376846432685852,
                    0.7664452195167542
                ]
            ],
            [
                [
                    0.9893932938575745,
                    -0.03184247389435768,
                    0.1417279839515686
                ],
                [
                    0.11611893028020859,
                    0.7595836520195007,
                    -0.6399602890014648
                ],
                [
                    -0.08727633208036423,
                    0.6496297717094421,
                    0.7552244663238525
                ]
            ],
            [
                [
                    0.9987591505050659,
                    -0.049671486020088196,
                    0.0035927852150052786
                ],
                [
                    0.04932921752333641,
                    0.9966239929199219,
                    0.06562937051057816
                ],
                [
                    -0.006840564776211977,
                    -0.06537070125341415,
                    0.9978376030921936
                ]
            ],
            [
                [
                    0.9811612367630005,
                    0.06353723257780075,
                    0.182443767786026
                ],
                [
                    -0.08110304921865463,
                    0.9925897717475891,
                    0.09048660844564438
                ],
                [
                    -0.17534254491329193,
                    -0.10357867926359177,
                    0.9790436625480652
                ]
            ],
            [
                [
                    0.9789720177650452,
                    -0.06523235142230988,
                    -0.1932840347290039
                ],
                [
                    0.06908556073904037,
                    0.9975226521492004,
                    0.013255503959953785
                ],
                [
                    0.1919405162334442,
                    -0.026329899206757545,
                    0.981053352355957
                ]
            ],
            [
                [
                    0.9993069767951965,
                    -0.036213379353284836,
                    -0.008613464422523975
                ],
                [
                    0.035324305295944214,
                    0.9955507516860962,
                    -0.08735549449920654
                ],
                [
                    0.011738577857613564,
                    0.08699069172143936,
                    0.9961400032043457
                ]
            ],
            [
                [
                    0.9830209612846375,
                    -0.17899107933044434,
                    -0.04039796441793442
                ],
                [
                    0.1832103133201599,
                    0.9696452021598816,
                    0.16193269193172455
                ],
                [
                    0.010187186300754547,
                    -0.1665845513343811,
                    0.9859745502471924
                ]
            ],
            [
                [
                    0.9836034774780273,
                    0.17662066221237183,
                    0.03646138682961464
                ],
                [
                    -0.1803404837846756,
                    0.9646861553192139,
                    0.1919839233160019
                ],
                [
                    -0.0012654721504077315,
                    -0.19541148841381073,
                    0.9807205200195312
                ]
            ],
            [
                [
                    0.9768065810203552,
                    -0.048482391983270645,
                    -0.20856250822544098
                ],
                [
                    0.05763633921742439,
                    0.9976127743721008,
                    0.03803609311580658
                ],
                [
                    0.20622055232524872,
                    -0.04917468503117561,
                    0.9772690534591675
                ]
            ],
            [
                [
                    0.9153998494148254,
                    0.37302449345588684,
                    0.15131403505802155
                ],
                [
                    -0.3671150207519531,
                    0.927807092666626,
                    -0.06633703410625458
                ],
                [
                    -0.16513556241989136,
                    0.005175251513719559,
                    0.9862573742866516
                ]
            ],
            [
                [
                    0.9384781122207642,
                    -0.31751880049705505,
                    -0.13579599559307098
                ],
                [
                    0.3202563524246216,
                    0.9473292827606201,
                    -0.0017767574172466993
                ],
                [
                    0.12920767068862915,
                    -0.041822079569101334,
                    0.9907352328300476
                ]
            ],
            [
                [
                    0.9866103529930115,
                    -0.051474470645189285,
                    -0.15475913882255554
                ],
                [
                    0.023895496502518654,
                    0.9842710494995117,
                    -0.1750415861606598
                ],
                [
                    0.16133511066436768,
                    0.1689997911453247,
                    0.9723219871520996
                ]
            ],
            [
                [
                    0.5100298523902893,
                    0.8492605090141296,
                    -0.13647760450839996
                ],
                [
                    -0.8575343489646912,
                    0.5144138932228088,
                    -0.0036391413304954767
                ],
                [
                    0.06711539626121521,
                    0.11889029294252396,
                    0.9906364679336548
                ]
            ],
            [
                [
                    0.6450772881507874,
                    -0.7469896674156189,
                    0.16087834537029266
                ],
                [
                    0.7517271041870117,
                    0.6581533551216125,
                    0.04171939566731453
                ],
                [
                    -0.13704659044742584,
                    0.09402437508106232,
                    0.9860921502113342
                ]
            ],
            [
                [
                    0.5981894135475159,
                    -0.3356388509273529,
                    -0.7276784181594849
                ],
                [
                    0.33916231989860535,
                    0.9287601113319397,
                    -0.14957790076732635
                ],
                [
                    0.7260428667068481,
                    -0.15732523798942566,
                    0.6694105267524719
                ]
            ],
            [
                [
                    0.3747459650039673,
                    0.39352378249168396,
                    0.8394668102264404
                ],
                [
                    -0.44639942049980164,
                    0.8701705932617188,
                    -0.20864012837409973
                ],
                [
                    -0.8125841617584229,
                    -0.2965503931045532,
                    0.5017617344856262
                ]
            ],
            [
                [
                    0.9966252446174622,
                    -0.07864084839820862,
                    0.02353016287088394
                ],
                [
                    0.07613670825958252,
                    0.992742657661438,
                    0.09308697283267975
                ],
                [
                    -0.030679835006594658,
                    -0.09098131954669952,
                    0.9953798651695251
                ]
            ],
            [
                [
                    0.9898151755332947,
                    0.14062140882015228,
                    -0.022170888260006905
                ],
                [
                    -0.14011722803115845,
                    0.9898709654808044,
                    0.022862596437335014
                ],
                [
                    0.025161288678646088,
                    -0.019523221999406815,
                    0.9994927644729614
                ]
            ],
            [
                [
                    0.965674877166748,
                    0.23597416281700134,
                    -0.10857414454221725
                ],
                [
                    -0.22320514917373657,
                    0.9676260948181152,
                    0.11781029403209686
                ],
                [
                    0.13285934925079346,
                    -0.08953212201595306,
                    0.987082839012146
                ]
            ],
            [
                [
                    0.970436692237854,
                    -0.23036518692970276,
                    0.07200323790311813
                ],
                [
                    0.22045841813087463,
                    0.9674761891365051,
                    0.12404836714267731
                ],
                [
                    -0.09823783487081528,
                    -0.10450737178325653,
                    0.9896603226661682
                ]
            ]
        ],
        "betas": [
            -0.07184618711471558,
            -0.06324535608291626,
            0.10722297430038452,
            0.06731760501861572,
            0.016806989908218384,
            0.01784617081284523,
            0.016129910945892334,
            -0.08715665340423584,
            0.04878292977809906,
            -0.045779675245285034
        ]
    },
    "pred_cam_t": [
        -0.08839171379804611,
        0.1704818606376648,
        35.35682678222656
    ],
    "focal_length": [
        5000.0,
        5000.0
    ],
    "pred_keypoints_3d": [
        [
            -0.05049698054790497,
            -0.7905370593070984,
            -0.22153505682945251
        ],
        [
            0.014316530898213387,
            -0.7263380289077759,
            -0.050838615745306015
        ],
        [
            -0.16042989492416382,
            -0.6404596567153931,
            0.0038097500801086426
        ],
        [
            -0.24099943041801453,
            -0.4124991297721863,
            0.07935009151697159
        ],
        [
            -0.39788782596588135,
            -0.3272484838962555,
            -0.10091949254274368
        ],
        [
            0.19100579619407654,
            -0.6393153667449951,
            -0.017108488827943802
        ],
        [
            0.2250588834285736,
            -0.40521711111068726,
            0.0896642655134201
        ],
        [
            0.3377874493598938,
            -0.22730779647827148,
            -0.040757134556770325
        ],
        [
            -0.0017795689636841416,
            -0.22400665283203125,
            0.028540436178445816
        ],
        [
            -0.07526875287294388,
            -0.1385345458984375,
            0.04038149118423462
        ],
        [
            -0.1519378423690796,
            0.23223534226417542,
            -0.009438756853342056
        ],
        [
            -0.16808445751667023,
            0.5446387529373169,
            0.23639364540576935
        ],
        [
            0.06221533194184303,
            -0.12895438075065613,
            0.041290514171123505
        ],
        [
            0.09086481481790543,
            0.24038654565811157,
            -0.009791012853384018
        ],
        [
            0.0705287978053093,
            0.5552660226821899,
            0.23190514743328094
        ],
        [
            -0.07115106284618378,
            -0.8382300138473511,
            -0.18853667378425598
        ],
        [
            -0.011922352015972137,
            -0.837552547454834,
            -0.21852169930934906
        ],
        [
            -0.06621649861335754,
            -0.8510048389434814,
            -0.08612701296806335
        ],
        [
            0.06611587107181549,
            -0.8492570519447327,
            -0.1512840837240219
        ],
        [
            0.07212699204683304,
            0.6861304044723511,
            0.08220040798187256
        ],
        [
            0.1379333734512329,
            0.6728813648223877,
            0.1323196142911911
        ],
        [
            0.07364065945148468,
            0.5614553093910217,
            0.3029239773750305
        ],
        [
            -0.1699017882347107,
            0.6819877624511719,
            0.09540531039237976
        ],
        [
            -0.24265679717063904,
            0.6612837314605713,
            0.13930556178092957
        ],
        [
            -0.1722411811351776,
            0.5543232560157776,
            0.30981531739234924
        ],
        [
            -0.18679223954677582,
            0.4888811707496643,
            0.2330804318189621
        ],
        [
            -0.14257162809371948,
            0.17209471762180328,
            -0.012241161428391933
        ],
        [
            -0.14707612991333008,
            -0.2672653794288635,
            0.03995824232697487
        ],
        [
            0.1467215120792389,
            -0.23328666388988495,
            0.05097091943025589
        ],
        [
            0.10230781137943268,
            0.20109505951404572,
            -0.011266516521573067
        ],
        [
            0.08061777055263519,
            0.5142799019813538,
            0.2380562722682953
        ],
        [
            -0.3756611943244934,
            -0.356576532125473,
            -0.10783208161592484
        ],
        [
            -0.2687506377696991,
            -0.44581395387649536,
            0.06658784300088882
        ],
        [
            -0.12851960957050323,
            -0.6689011454582214,
            -0.008960181847214699
        ],
        [
            0.1588737964630127,
            -0.6694679260253906,
            -0.024281101301312447
        ],
        [
            0.2641712427139282,
            -0.43357357382774353,
            0.06284292042255402
        ],
        [
            0.338725745677948,
            -0.25004202127456665,
            -0.04400864243507385
        ],
        [
            0.01769879087805748,
            -0.720909059047699,
            -0.046323440968990326
        ],
        [
            -0.00972076877951622,
            -0.8970640301704407,
            -0.1462525725364685
        ],
        [
            0.0005348083795979619,
            -0.2503158152103424,
            0.04534564167261124
        ],
        [
            0.015121402218937874,
            -0.6664436459541321,
            -0.02039504051208496
        ],
        [
            0.017789021134376526,
            -0.4908347725868225,
            0.019277364015579224
        ],
        [
            -0.009711102582514286,
            -0.7836183309555054,
            -0.15287669003009796
        ],
        [
            -0.012585807591676712,
            -0.9178143739700317,
            -0.1408580094575882
        ]
    ],
    "pred_vertices": [
        [
            -0.005655236542224884,
            -0.882280170917511,
            -0.2353912889957428
        ],
        [
            -0.01223704218864441,
            -0.8669837713241577,
            -0.23473045229911804
        ],
        [
            0.0016553159803152084,
            -0.8657383918762207,
            -0.23119664192199707
        ],
        [
            0.009690044447779655,
            -0.8782238960266113,
            -0.2279817759990692
        ],
        [
            -0.0033318661153316498,
            -0.8556213974952698,
            -0.23193210363388062
        ],
        [
            -0.015379447489976883,
            -0.8554725050926208,
            -0.23381906747817993
        ],
        [
            0.012859750539064407,
            -0.8624452352523804,
            -0.2234942615032196
        ],
        [
            0.02128709852695465,
            -0.8714064359664917,
            -0.218339204788208
        ],
        [
            0.02584764175117016,
            -0.8307311534881592,
            -0.20717725157737732
        ],
        [
            0.033814020454883575,
            -0.828477144241333,
            -0.1993776112794876
        ],
        [
            0.03226245567202568,
            -0.8399964570999146,
            -0.20381544530391693
        ],
        [
            0.023828819394111633,
            -0.8391786813735962,
            -0.20975126326084137
        ],
        [
            0.02946857176721096,
            -0.8065526485443115,
            -0.19719460606575012
        ],
        [
            0.021299201995134354,
            -0.7955983877182007,
            -0.19975920021533966
        ],
        [
            0.0283803828060627,
            -0.789310097694397,
            -0.18978725373744965
        ],
        [
            0.035755883902311325,
            -0.7998828887939453,
            -0.18599572777748108
        ],
        [
            -0.019594993442296982,
            -0.8035892248153687,
            -0.21027126908302307
        ],
        [
            -0.01341920718550682,
            -0.7973691821098328,
            -0.21018879115581512
        ],
        [
            -0.01029977947473526,
            -0.804009199142456,
            -0.2126922905445099
        ],
        [
            -0.016953062266111374,
            -0.8095093369483948,
            -0.21200287342071533
        ],
        [
            -0.03144858032464981,
            -0.8116814494132996,
            -0.21382461488246918
        ],
        [
            -0.029693353921175003,
            -0.8178080916404724,
            -0.21265271306037903
        ],
        [
            -0.036487188190221786,
            -0.8203421831130981,
            -0.21590933203697205
        ],
        [
            -0.0378042571246624,
            -0.8132667541503906,
            -0.21823741495609283
        ],
        [
            -0.024028748273849487,
            -0.7986121773719788,
            -0.2066555768251419
        ],
        [
            -0.01719607785344124,
            -0.7922444343566895,
            -0.20636522769927979
        ],
        [
            -0.025166336447000504,
            -0.8087879419326782,
            -0.21085774898529053
        ],
        [
            -0.027225974947214127,
            -0.8040201663970947,
            -0.2109459638595581
        ],
        [
            -0.033504512161016464,
            -0.795687198638916,
            -0.21726220846176147
        ],
        [
            -0.03198106214404106,
            -0.8005886077880859,
            -0.21769358217716217
        ],
        [
            -0.03807287663221359,
            -0.8000390529632568,
            -0.22254981100559235
        ],
        [
            -0.03836114704608917,
            -0.7949150800704956,
            -0.2201463133096695
        ],
        [
            -0.027271047234535217,
            -0.7972896099090576,
            -0.21011784672737122
        ],
        [
            -0.02817428484559059,
            -0.7993921041488647,
            -0.2135208249092102
        ],
        [
            -0.03096313774585724,
            -0.7952527403831482,
            -0.21366077661514282
        ],
        [
            -0.030697517096996307,
            -0.7939949035644531,
            -0.2096966803073883
        ],
        [
            -0.03278933838009834,
            -0.8069171905517578,
            -0.21507002413272858
        ],
        [
            -0.03844688832759857,
            -0.8070688247680664,
            -0.22035187482833862
        ],
        [
            -0.04500346630811691,
            -0.8068205118179321,
            -0.225252166390419
        ],
        [
            -0.04458094760775566,
            -0.7980220317840576,
            -0.22673235833644867
        ],
        [
            0.0009344816207885742,
            -0.7858067154884338,
            -0.20533566176891327
        ],
        [
            -0.0063861701637506485,
            -0.7914199829101562,
            -0.20897789299488068
        ],
        [
            -0.010434269905090332,
            -0.7866805791854858,
            -0.2058142125606537
        ],
        [
            -0.004224058240652084,
            -0.7820401191711426,
            -0.20374879240989685
        ],
        [
            -0.027730558067560196,
            -0.7917819619178772,
            -0.20645684003829956
        ],
        [
            -0.022296637296676636,
            -0.7764142751693726,
            -0.2041386365890503
        ],
        [
            -0.02264927327632904,
            -0.7799910306930542,
            -0.20545892417430878
        ],
        [
            -0.02986489236354828,
            -0.7798724174499512,
            -0.20669876039028168
        ],
        [
            -0.028884854167699814,
            -0.776566743850708,
            -0.20561836659908295
        ],
        [
            0.010629354044795036,
            -0.7742599248886108,
            -0.1955760419368744
        ],
        [
            0.0037824679166078568,
            -0.7720585465431213,
            -0.19721543788909912
        ],
        [
            0.006107958033680916,
            -0.7661705017089844,
            -0.19313156604766846
        ],
        [
            0.013080394826829433,
            -0.7674426436424255,
            -0.18975648283958435
        ],
        [
            0.005368215963244438,
            -0.760962724685669,
            -0.18977972865104675
        ],
        [
            0.014400319196283817,
            -0.7608354091644287,
            -0.18424922227859497
        ],
        [
            0.007945945486426353,
            -0.7475738525390625,
            -0.17704936861991882
        ],
        [
            0.011562743224203587,
            -0.75346839427948,
            -0.1802091896533966
        ],
        [
            0.0024182070046663284,
            -0.7555727362632751,
            -0.1871451437473297
        ],
        [
            -0.0030986741185188293,
            -0.7499867677688599,
            -0.18652161955833435
        ],
        [
            -0.01837100088596344,
            -0.7522368431091309,
            -0.1906275898218155
        ],
        [
            -0.02463195100426674,
            -0.7502811551094055,
            -0.19042082130908966
        ],
        [
            -0.018001116812229156,
            -0.7393299341201782,
            -0.1873382329940796
        ],
        [
            -0.010843370109796524,
            -0.7437500953674316,
            -0.18706077337265015
        ],
        [
            -0.020246319472789764,
            -0.7719382047653198,
            -0.1985384225845337
        ],
        [
            -0.01557891070842743,
            -0.7727398872375488,
            -0.19757002592086792
        ],
        [
            -0.016411948949098587,
            -0.7735238075256348,
            -0.20011916756629944
        ],
        [
            -0.021578989923000336,
            -0.7737323641777039,
            -0.2017432451248169
        ],
        [
            -0.011584565043449402,
            -0.7729307413101196,
            -0.19728317856788635
        ],
        [
            -0.009801749140024185,
            -0.7728649973869324,
            -0.19723054766654968
        ],
        [
            -0.010611753910779953,
            -0.7737597227096558,
            -0.1985548436641693
        ],
        [
            -0.012145955115556717,
            -0.773524820804596,
            -0.19799686968326569
        ],
        [
            -0.014105722308158875,
            -0.7730657458305359,
            -0.19766095280647278
        ],
        [
            -0.014927469193935394,
            -0.771156907081604,
            -0.19708211719989777
        ],
        [
            -0.012458264827728271,
            -0.7720783948898315,
            -0.19715029001235962
        ],
        [
            -0.019146129488945007,
            -0.7696523070335388,
            -0.1979808509349823
        ],
        [
            -0.03313325345516205,
            -0.7652752995491028,
            -0.1997157335281372
        ],
        [
            -0.029262855648994446,
            -0.7661195993423462,
            -0.1999659687280655
        ],
        [
            -0.030789222568273544,
            -0.7706161737442017,
            -0.19971635937690735
        ],
        [
            -0.03409956768155098,
            -0.7702043056488037,
            -0.1995784342288971
        ],
        [
            -0.013076845556497574,
            -0.7751549482345581,
            -0.2000386118888855
        ],
        [
            -0.010757636278867722,
            -0.7766543626785278,
            -0.20097613334655762
        ],
        [
            -0.015851113945245743,
            -0.7783849239349365,
            -0.2032877802848816
        ],
        [
            -0.016327939927577972,
            -0.7759517431259155,
            -0.2015409767627716
        ],
        [
            -0.008493155241012573,
            -0.7784874439239502,
            -0.20243965089321136
        ],
        [
            -0.008463084697723389,
            -0.7750661373138428,
            -0.19924476742744446
        ],
        [
            -0.005330022424459457,
            -0.7758499383926392,
            -0.2002008706331253
        ],
        [
            -0.010052986443042755,
            -0.7712042927742004,
            -0.19653360545635223
        ],
        [
            -0.006841406226158142,
            -0.769929051399231,
            -0.1958974003791809
        ],
        [
            -0.007032986730337143,
            -0.7721555829048157,
            -0.1977243572473526
        ],
        [
            -0.008412960916757584,
            -0.7667862176895142,
            -0.1945425420999527
        ],
        [
            -0.012478530406951904,
            -0.7691701650619507,
            -0.19595053791999817
        ],
        [
            -0.016535844653844833,
            -0.7667278051376343,
            -0.1965278685092926
        ],
        [
            -0.021874744445085526,
            -0.7642059922218323,
            -0.1975187063217163
        ],
        [
            -0.01787286251783371,
            -0.7604044675827026,
            -0.19450512528419495
        ],
        [
            -0.012356448918581009,
            -0.7634386420249939,
            -0.19423891603946686
        ],
        [
            -0.01401984691619873,
            -0.7822760343551636,
            -0.20451872050762177
        ],
        [
            -0.00236307829618454,
            -0.7719751596450806,
            -0.19755709171295166
        ],
        [
            0.00010451488196849823,
            -0.7780122756958008,
            -0.20067276060581207
        ],
        [
            -0.0014531780034303665,
            -0.767698347568512,
            -0.19521668553352356
        ],
        [
            -0.0026216600090265274,
            -0.7636194229125977,
            -0.1928209513425827
        ],
        [
            -0.006088659167289734,
            -0.7594811916351318,
            -0.191287100315094
        ],
        [
            -0.012071020901203156,
            -0.7555798292160034,
            -0.19094207882881165
        ],
        [
            -0.010060034692287445,
            -0.734224796295166,
            -0.17586202919483185
        ],
        [
            -0.0014380402863025665,
            -0.7400070428848267,
            -0.17676696181297302
        ],
        [
            -0.015740007162094116,
            -0.8490504622459412,
            -0.22831717133522034
        ],
        [
            -0.006542637944221497,
            -0.8488028645515442,
            -0.22932560741901398
        ],
        [
            -0.0036525167524814606,
            -0.8426733016967773,
            -0.2231210470199585
        ],
        [
            -0.0023318007588386536,
            -0.8449841737747192,
            -0.2242838740348816
        ],
        [
            -0.008407168090343475,
            -0.8454697728157043,
            -0.22549644112586975
        ],
        [
            -0.008394069969654083,
            -0.842910647392273,
            -0.2239164561033249
        ],
        [
            0.015445850789546967,
            -0.8396158218383789,
            -0.21309781074523926
        ],
        [
            0.00903160311281681,
            -0.8401426076889038,
            -0.21578824520111084
        ],
        [
            0.010415732860565186,
            -0.8368857502937317,
            -0.21360942721366882
        ],
        [
            0.018017571419477463,
            -0.8334012031555176,
            -0.211414635181427
        ],
        [
            0.0014949087053537369,
            -0.8277779817581177,
            -0.21474438905715942
        ],
        [
            0.006649365648627281,
            -0.8298633694648743,
            -0.21389459073543549
        ],
        [
            0.0012953989207744598,
            -0.8355202674865723,
            -0.21665632724761963
        ],
        [
            -0.0024415068328380585,
            -0.8339667320251465,
            -0.21734218299388885
        ],
        [
            -0.006650332361459732,
            -0.8329886198043823,
            -0.21754363179206848
        ],
        [
            -0.010969303548336029,
            -0.8326780200004578,
            -0.21697647869586945
        ],
        [
            -0.010022591799497604,
            -0.8277795314788818,
            -0.2150561362504959
        ],
        [
            -0.004503991454839706,
            -0.8273177146911621,
            -0.2151932418346405
        ],
        [
            -0.015208788216114044,
            -0.8462257385253906,
            -0.22432328760623932
        ],
        [
            -0.02158425748348236,
            -0.8455957174301147,
            -0.22103077173233032
        ],
        [
            -0.019877348095178604,
            -0.8428599238395691,
            -0.22019705176353455
        ],
        [
            -0.014573782682418823,
            -0.8431156277656555,
            -0.22335469722747803
        ],
        [
            -0.026502665132284164,
            -0.8381935358047485,
            -0.20982152223587036
        ],
        [
            -0.026076558977365494,
            -0.8402488827705383,
            -0.21194103360176086
        ],
        [
            -0.029898907989263535,
            -0.8413058519363403,
            -0.21194711327552795
        ],
        [
            -0.029878906905651093,
            -0.8372266292572021,
            -0.20962785184383392
        ],
        [
            -0.027528978884220123,
            -0.8342868685722351,
            -0.2097783386707306
        ],
        [
            -0.02532348781824112,
            -0.8364501595497131,
            -0.21025121212005615
        ],
        [
            -0.015373654663562775,
            -0.9033932685852051,
            -0.23561511933803558
        ],
        [
            -0.021448522806167603,
            -0.8852506279945374,
            -0.23720309138298035
        ],
        [
            0.004104342311620712,
            -0.8998666405677795,
            -0.22951151430606842
        ],
        [
            0.018419712781906128,
            -0.8925949335098267,
            -0.22071488201618195
        ],
        [
            0.03017512708902359,
            -0.8818710446357727,
            -0.21144777536392212
        ],
        [
            0.019353318959474564,
            -0.7803490161895752,
            -0.19302761554718018
        ],
        [
            0.024012155830860138,
            -0.7734715938568115,
            -0.18551582098007202
        ],
        [
            0.034812845289707184,
            -0.7837120890617371,
            -0.17972569167613983
        ],
        [
            0.03616446256637573,
            -0.7753540277481079,
            -0.17125067114830017
        ],
        [
            0.02518247254192829,
            -0.7649410963058472,
            -0.17815187573432922
        ],
        [
            0.0166451595723629,
            -0.7485513687133789,
            -0.16524726152420044
        ],
        [
            0.02284250780940056,
            -0.7560684680938721,
            -0.17117398977279663
        ],
        [
            0.03495047613978386,
            -0.7678433060646057,
            -0.16098423302173615
        ],
        [
            0.04575974866747856,
            -0.7835257053375244,
            -0.15358008444309235
        ],
        [
            0.044843729585409164,
            -0.787871241569519,
            -0.1652144193649292
        ],
        [
            0.05253816023468971,
            -0.8016661405563354,
            -0.1482909768819809
        ],
        [
            0.047172483056783676,
            -0.7797226905822754,
            -0.13832685351371765
        ],
        [
            0.053598929196596146,
            -0.8030728697776794,
            -0.1386643499135971
        ],
        [
            0.038445401936769485,
            -0.7444234490394592,
            -0.12610779702663422
        ],
        [
            0.04337761178612709,
            -0.7351671457290649,
            -0.11936468631029129
        ],
        [
            0.055293209850788116,
            -0.7454949617385864,
            -0.11059917509555817
        ],
        [
            0.052104782313108444,
            -0.7547245025634766,
            -0.11849403381347656
        ],
        [
            0.041773270815610886,
            -0.7933857440948486,
            -0.17529389262199402
        ],
        [
            0.035948172211647034,
            -0.8519184589385986,
            -0.2004586011171341
        ],
        [
            0.027688652276992798,
            -0.8489234447479248,
            -0.20886191725730896
        ],
        [
            0.04019604250788689,
            -0.8409416675567627,
            -0.1947644054889679
        ],
        [
            0.03986790031194687,
            -0.9145932197570801,
            -0.20006613433361053
        ],
        [
            0.02867249958217144,
            -0.9051244258880615,
            -0.2123287171125412
        ],
        [
            0.03916480764746666,
            -0.8922204375267029,
            -0.2052176296710968
        ],
        [
            0.04839394614100456,
            -0.9026453495025635,
            -0.19461527466773987
        ],
        [
            0.007852159440517426,
            -0.9458237290382385,
            -0.2058941274881363
        ],
        [
            -0.003255236893892288,
            -0.9269288778305054,
            -0.223833367228508
        ],
        [
            0.012039370834827423,
            -0.9176750183105469,
            -0.21888506412506104
        ],
        [
            0.022827474400401115,
            -0.9325647354125977,
            -0.20529255270957947
        ],
        [
            0.05501331761479378,
            -0.9077141284942627,
            -0.18396469950675964
        ],
        [
            0.06305056065320969,
            -0.9140222668647766,
            -0.16818168759346008
        ],
        [
            0.05989065021276474,
            -0.9312268495559692,
            -0.16455595195293427
        ],
        [
            0.0495154932141304,
            -0.9254627227783203,
            -0.183772474527359
        ],
        [
            0.04922494292259216,
            -0.9524054527282715,
            -0.15890401601791382
        ],
        [
            0.03703702241182327,
            -0.9459055662155151,
            -0.18239682912826538
        ],
        [
            0.057184088975191116,
            -0.7928755283355713,
            -0.12348103523254395
        ],
        [
            0.05807509645819664,
            -0.810767650604248,
            -0.12845739722251892
        ],
        [
            0.047535598278045654,
            -0.7657456398010254,
            -0.12845751643180847
        ],
        [
            0.05765830725431442,
            -0.777690052986145,
            -0.11716718226671219
        ],
        [
            0.033293355256319046,
            -0.968513011932373,
            -0.15100392699241638
        ],
        [
            0.01962563768029213,
            -0.9620668888092041,
            -0.17956945300102234
        ],
        [
            0.07333482056856155,
            -0.906808614730835,
            -0.11494608223438263
        ],
        [
            0.07156781852245331,
            -0.9216244220733643,
            -0.12777921557426453
        ],
        [
