{
    "pred_cam": [
        1.1063430309295654,
        -0.09028967469930649,
        0.1659379005432129
    ],
    "pred_smpl_params": {
        "global_orient": [
            [
                [
                    0.9976337552070618,
                    0.06386377662420273,
                    -0.025460975244641304
                ],
                [
                    0.06545548141002655,
                    -0.9955662488937378,
                    0.06755322962999344
                ],
                [
                    -0.021033883094787598,
                    -0.06905994564294815,
                    -0.9973907470703125
                ]
            ]
        ],
        "body_pose": [
            [
                [
                    0.9984921813011169,
                    -0.05236521735787392,
                    0.016469182446599007
                ],
                [
                    0.04740561917424202,
                    0.97383052110672,
                    0.22227632999420166
                ],
                [
                    -0.027677742764353752,
                    -0.22116045653820038,
                    0.9748445749282837
                ]
            ],
            [
                [
                    0.9984908699989319,
                    0.03699740022420883,
                    0.04058535769581795
                ],
                [
                    -0.045372992753982544,
                    0.9721060991287231,
                    0.23011064529418945
                ],
                [
                    -0.03093978390097618,
                    -0.23160485923290253,
                    0.9723177552223206
                ]
            ],
            [
                [
                    0.9998494386672974,
                    0.00507128331810236,
                    -0.01659330539405346
                ],
                [
                    -0.008413800038397312,
                    0.9780796766281128,
                    -0.20806090533733368
                ],
                [
                    0.01517444010823965,
                    0.20816919207572937,
                    0.977975070476532
                ]
            ],
            [
                [
                    0.9934884309768677,
                    0.022780556231737137,
                    -0.11163239926099777
                ],
                [
                    -0.08935202658176422,
                    0.7637034058570862,
                    -0.6393538117408752
                ],
                [
                    0.07068919390439987,
                    0.645165205001831,
                    0.7607659697532654
                ]
            ],
            [
                [
                    0.9888957738876343,
                    -0.03003861755132675,
                    0.14554287493228912
                ],
                [
                    0.11971037834882736,
                    0.7413357496261597,
                    -0.6603715419769287
                ],
                [
                    -0.08805948495864868,
                    0.6704617142677307,
                    0.7366997003555298
                ]
            ],
            [
                [
                    0.9987232685089111,
                    -0.05046171694993973,
                    0.002334940480068326
                ],
                [
                    0.050193265080451965,
                    0.9965018033981323,
                    0.0668182298541069
                ],
                [
                    -0.005698535591363907,
                    -0.06661572307348251,
                    0.9977623820304871
                ]
            ],
            [
                [
                    0.9810936450958252,
                    0.056833140552043915,
                    0.18500064313411713
                ],
                [
                    -0.07528819888830185,
                    0.9926921725273132,
                    0.09430770576000214
                ],
                [
                    -0.17828887701034546,
                    -0.1064530611038208,
                    0.9782028198242188
                ]
            ],
            [
                [
                    0.9792633652687073,
                    -0.06203155592083931,
                    -0.19286096096038818
                ],
                [
                    0.06634420901536942,
                    0.9976688623428345,
                    0.01597781851887703
                ],
                [
                    0.19142024219036102,
                    -0.028441697359085083,
                    0.9810960292816162
                ]
            ],
            [
                [
                    0.9993952512741089,
                    -0.033003371208906174,
                    -0.010957288555800915
                ],
                [
                    0.03195292875170708,
                    0.9958558082580566,
                    -0.08514853566884995
                ],
                [
                    0.013722066767513752,
                    0.08474691212177277,
                    0.9963081479072571
                ]
            ],
            [
                [
                    0.9841116666793823,
                    -0.17337675392627716,
                    -0.038269877433776855
                ],
                [
                    0.17732392251491547,
                    0.9706332683563232,
                    0.16256482899188995
                ],
                [
                    0.008961052633821964,
                    -0.1667681336402893,
                    0.9859553575515747
                ]
            ],
            [
                [
                    0.9841743111610413,
                    0.17211005091667175,
                    0.04217933490872383
                ],
                [
                    -0.17703238129615784,
                    0.96541428565979,
                    0.19140207767486572
                ],
                [
                    -0.007778311613947153,
                    -0.19584010541439056,
                    0.9806050062179565
                ]
            ],
            [
                [
                    0.9773067235946655,
                    -0.04639790207147598,
                    -0.20668545365333557
                ],
                [
                    0.05648080259561539,
                    0.9974707961082458,
                    0.04315024986863136
                ],
                [
                    0.2041606307029724,
                    -0.05384478718042374,
                    0.9774554967880249
                ]
            ],
            [
                [
                    0.9134877324104309,
                    0.3783222734928131,
                    0.14970791339874268
                ],
                [
                    -0.3723301887512207,
                    0.9256560802459717,
                    -0.06731311976909637
                ],
                [
                    -0.1640440970659256,
                    0.005748935509473085,
                    0.9864363074302673
                ]
            ],
            [
                [
                    0.9340605139732361,
                    -0.3333565294742584,
                    -0.1280791014432907
                ],
                [
                    0.3357069492340088,
                    0.9419602155685425,
                    -0.0034198351204395294
                ],
                [
                    0.12178546190261841,
                    -0.03980271518230438,
                    0.9917579293251038
                ]
            ],
            [
                [
                    0.9862423539161682,
                    -0.05307512357831001,
                    -0.15655386447906494
                ],
                [
                    0.02373659424483776,
                    0.982709527015686,
                    -0.18362627923488617
                ],
                [
                    0.16359294950962067,
                    0.17738395929336548,
                    0.9704495668411255
                ]
            ],
            [
                [
                    0.5227019786834717,
                    0.8430972695350647,
                    -0.12637095153331757
                ],
                [
                    -0.850113034248352,
                    0.5265912413597107,
                    -0.003071111859753728
                ],
                [
                    0.0639565959572792,
                    0.10903487354516983,
                    0.9919782280921936
                ]
            ],
            [
                [
                    0.6454331278800964,
                    -0.7458099126815796,
                    0.16487446427345276
                ],
                [
                    0.7522249221801758,
                    0.6581162214279175,
                    0.03225909546017647
                ],
                [
                    -0.1325657218694687,
                    0.10320159792900085,
                    0.9857867956161499
                ]
            ],
            [
                [
                    0.6309396624565125,
                    -0.3297165632247925,
                    -0.7022835612297058
                ],
                [
                    0.3367516100406647,
                    0.931870698928833,
                    -0.13496437668800354
                ],
                [
                    0.6989374756813049,
                    -0.15134075284004211,
                    0.6989867687225342
                ]
            ],
            [
                [
                    0.44626250863075256,
                    0.3817073702812195,
                    0.8094128966331482
                ],
                [
                    -0.41570794582366943,
                    0.8893828988075256,
                    -0.19022326171398163
                ],
                [
                    -0.7924876809120178,
                    -0.2515898644924164,
                    0.5555770397186279
                ]
            ],
            [
                [
                    0.9971826076507568,
                    -0.0700269490480423,
                    0.026885665953159332
                ],
                [
                    0.06769686192274094,
                    0.9945321083068848,
                    0.07951777428388596
                ],
                [
                    -0.03230704367160797,
                    -0.07747368514537811,
                    0.9964707493782043
                ]
            ],
            [
                [
                    0.9918302893638611,
                    0.125148206949234,
                    -0.02470908872783184
                ],
                [
                    -0.12473448365926743,
                    0.9920333623886108,
                    0.017636191099882126
                ],
                [
                    0.026719380170106888,
                    -0.014410033822059631,
                    0.9995390176773071
                ]
            ],
            [
                [
                    0.9658136367797852,
                    0.23564697802066803,
                    -0.10804888606071472
                ],
                [
                    -0.22248218953609467,
                    0.9673857092857361,
                    0.12110473215579987
                ],
                [
                    0.133062943816185,
                    -0.09292564541101456,
                    0.9867415428161621
                ]
            ],
            [
                [
                    0.9706735014915466,
                    -0.22872492671012878,
                    0.07401277869939804
                ],
                [
                    0.21821469068527222,
                    0.9674755930900574,
                    0.1279585063457489
                ],
                [
                    -0.10087284445762634,
                    -0.1080552488565445,
                    0.9890140295028687
                ]
            ]
        ],
        "betas": [
            -0.08443489670753479,
            -0.06901490688323975,
            0.08848854899406433,
            0.04292947053909302,
            0.018488407135009766,
            0.017075035721063614,
            0.008892536163330078,
            -0.08245569467544556,
            0.04977099597454071,
            -0.04151773452758789
        ]
    },
    "pred_cam_t": [
        -0.09028967469930649,
        0.1659379005432129,
        35.30776596069336
    ],
    "focal_length": [
        5000.0,
        5000.0
    ],
    "pred_keypoints_3d": [
        [
            -0.05330202728509903,
            -0.7917429208755493,
            -0.2150118350982666
        ],
        [
            0.01347929798066616,
            -0.7258856296539307,
            -0.046279989182949066
        ],
        [
            -0.16065824031829834,
            -0.6380776166915894,
            0.009480668231844902
        ],
        [
            -0.23661740124225616,
            -0.4083598852157593,
            0.08425945043563843
        ],
        [
            -0.3916298747062683,
            -0.3030553162097931,
            -0.08662295341491699
        ],
        [
            0.19031870365142822,
            -0.6377707719802856,
            -0.016079910099506378
        ],
        [
            0.22738879919052124,
            -0.4032708406448364,
            0.08859631419181824
        ],
        [
            0.3416562080383301,
            -0.22187630832195282,
            -0.03525092452764511
        ],
        [
            -0.0017536664381623268,
            -0.22353017330169678,
            0.028575589880347252
        ],
        [
            -0.07528432458639145,
            -0.13812655210494995,
            0.04045064002275467
        ],
        [
            -0.1527990996837616,
            0.23174983263015747,
            -0.013107221573591232
        ],
        [
            -0.1684516966342926,
            0.5398669838905334,
            0.23780368268489838
        ],
        [
            0.06229589879512787,
            -0.1283978372812271,
            0.040189824998378754
        ],
        [
            0.09002040326595306,
            0.24063830077648163,
            -0.012452729046344757
        ],
        [
            0.06665477156639099,
            0.5538228750228882,
            0.2308582067489624
        ],
        [
            -0.07350898534059525,
            -0.8392070531845093,
            -0.18149492144584656
        ],
        [
            -0.014732908457517624,
            -0.8387100100517273,
            -0.2122674286365509
        ],
        [
            -0.06714911013841629,
            -0.8512786626815796,
            -0.07917909324169159
        ],
        [
            0.06412128359079361,
            -0.8499335646629333,
            -0.14606186747550964
        ],
        [
            0.06856290251016617,
            0.6848471164703369,
            0.0814354419708252
        ],
        [
            0.1339414417743683,
            0.6717381477355957,
            0.13192901015281677
        ],
        [
            0.0696914941072464,
            0.5596466064453125,
            0.3017989993095398
        ],
        [
            -0.1707424819469452,
            0.6790432929992676,
            0.09895399212837219
        ],
        [
            -0.24335460364818573,
            0.6576581597328186,
            0.14254415035247803
        ],
        [
            -0.17254860699176788,
            0.5483828783035278,
            0.31125354766845703
        ],
        [
            -0.18713127076625824,
            0.4841037392616272,
            0.23363524675369263
        ],
        [
            -0.1433790922164917,
            0.17191150784492493,
            -0.015619207173585892
        ],
        [
            -0.1470063030719757,
            -0.26678553223609924,
            0.04156194627285004
        ],
        [
            0.1470935195684433,
            -0.23249971866607666,
            0.049900978803634644
        ],
        [
            0.1016499251127243,
            0.20144332945346832,
            -0.013929867185652256
        ],
        [
            0.07704904675483704,
            0.5128222703933716,
            0.2367580384016037
        ],
        [
            -0.37109220027923584,
            -0.33268699049949646,
            -0.09590961039066315
        ],
        [
            -0.265135794878006,
            -0.44045665860176086,
            0.07118003815412521
        ],
        [
            -0.12884008884429932,
            -0.6672471165657043,
            -0.0032403930090367794
        ],
        [
            0.15838147699832916,
            -0.6683299541473389,
            -0.02233322523534298
        ],
        [
            0.2659054398536682,
            -0.4316422939300537,
            0.06174848973751068
        ],
        [
            0.34251290559768677,
            -0.2442004531621933,
            -0.039211705327034
        ],
        [
            0.01677669771015644,
            -0.7199034690856934,
            -0.04189224913716316
        ],
        [
            -0.011491176672279835,
            -0.897720217704773,
            -0.13962487876415253
        ],
        [
            0.0007528061978518963,
            -0.24969561398029327,
            0.04559614881873131
        ],
        [
            0.0145807433873415,
            -0.6651320457458496,
            -0.016552526503801346
        ],
        [
            0.0175960510969162,
            -0.4898233413696289,
            0.02130725234746933
        ],
        [
            -0.011645746417343616,
            -0.7843571901321411,
            -0.14712022244930267
        ],
        [
            -0.01428938377648592,
            -0.9183913469314575,
            -0.134108304977417
        ]
    ],
    "pred_vertices": [
        [
            -0.00866365060210228,
            -0.8835830688476562,
            -0.2288651168346405
        ],
        [
            -0.015252184122800827,
            -0.8682706952095032,
            -0.22821779549121857
        ],
        [
            -0.0013131387531757355,
            -0.8669775128364563,
            -0.2248799204826355
        ],
        [
            0.0067601315677165985,
            -0.8794752359390259,
            -0.22168326377868652
        ],
        [
            -0.006322596222162247,
            -0.8568688631057739,
            -0.22563834488391876
        ],
        [
            -0.01837759092450142,
            -0.8567315340042114,
            -0.227378249168396
        ],
        [
            0.009982159361243248,
            -0.8636336326599121,
            -0.2173536717891693
        ],
        [
            0.018451012670993805,
            -0.8725955486297607,
            -0.21224334836006165
        ],
        [
            0.0231762807816267,
            -0.8318129777908325,
            -0.20149284601211548
        ],
        [
            0.031241904944181442,
            -0.829494833946228,
            -0.1938306987285614
        ],
        [
            0.029647037386894226,
            -0.8410392999649048,
            -0.19815780222415924
        ],
        [
            0.021128427237272263,
            -0.8402670621871948,
            -0.203973650932312
        ],
        [
            0.02689088135957718,
            -0.8075699210166931,
            -0.19172397255897522
        ],
        [
            0.01867915689945221,
            -0.79664546251297,
            -0.19424709677696228
        ],
        [
            0.02588498219847679,
            -0.7902839183807373,
            -0.18442237377166748
        ],
        [
            0.03331059589982033,
            -0.8008254170417786,
            -0.18065661191940308
        ],
        [
            -0.0222959965467453,
            -0.8047180771827698,
            -0.20410695672035217
        ],
        [
            -0.01613226905465126,
            -0.7985048294067383,
            -0.20415163040161133
        ],
        [
            -0.013046443462371826,
            -0.8051545023918152,
            -0.2066562920808792
        ],
        [
            -0.019677720963954926,
            -0.8106468319892883,
            -0.20583665370941162
        ],
        [
            -0.03417132422327995,
            -0.8128252029418945,
            -0.20744046568870544
        ],
        [
            -0.03239750117063522,
            -0.8189427852630615,
            -0.2062608301639557
        ],
        [
            -0.03923351317644119,
            -0.8215028047561646,
            -0.20939743518829346
        ],
        [
            -0.04058397188782692,
            -0.8144429922103882,
            -0.21174514293670654
        ],
        [
            -0.02667723223567009,
            -0.7997215986251831,
            -0.20046228170394897
        ],
        [
            -0.01985887810587883,
            -0.7933603525161743,
            -0.20031407475471497
        ],
        [
            -0.027867428958415985,
            -0.8099185228347778,
            -0.20458334684371948
        ],
        [
            -0.02991369739174843,
            -0.8051414489746094,
            -0.20467054843902588
        ],
        [
            -0.03627996891736984,
            -0.7968637347221375,
            -0.21094222366809845
        ],
        [
            -0.03476458042860031,
            -0.8017598390579224,
            -0.21136483550071716
        ],
        [
            -0.04091200232505798,
            -0.8012470006942749,
            -0.21613582968711853
        ],
        [
            -0.041169989854097366,
            -0.7961115837097168,
            -0.21376477181911469
        ],
        [
            -0.029951121658086777,
            -0.7984095215797424,
            -0.20388007164001465
        ],
        [
            -0.030900675803422928,
            -0.8005313277244568,
            -0.2072538435459137
        ],
        [
            -0.03368760272860527,
            -0.7963974475860596,
            -0.20738226175308228
        ],
        [
            -0.03336884453892708,
            -0.7951148748397827,
            -0.20343396067619324
        ],
        [
            -0.03552516922354698,
            -0.808064341545105,
            -0.20869389176368713
        ],
        [
            -0.04125256463885307,
            -0.8082559108734131,
            -0.21389195322990417
        ],
        [
            -0.04786616563796997,
            -0.8080447912216187,
            -0.2186921387910843
        ],
        [
            -0.04746495559811592,
            -0.7992573976516724,
            -0.22023575007915497
        ],
        [
            -0.0017471052706241608,
            -0.7869170904159546,
            -0.1995978206396103
        ],
        [
            -0.009099874645471573,
            -0.7925496697425842,
            -0.20309117436408997
        ],
        [
            -0.013104241341352463,
            -0.7877963185310364,
            -0.19990187883377075
        ],
        [
            -0.006880044937133789,
            -0.7831447124481201,
            -0.19796006381511688
        ],
        [
            -0.030367542058229446,
            -0.7928892374038696,
            -0.2002498209476471
        ],
        [
            -0.024923067539930344,
            -0.7775208950042725,
            -0.19812186062335968
        ],
        [
            -0.025288432836532593,
            -0.7811049222946167,
            -0.19940733909606934
        ],
        [
            -0.03251277282834053,
            -0.7810003757476807,
            -0.2005397528409958
        ],
        [
            -0.03152332082390785,
            -0.7776882648468018,
            -0.19950339198112488
        ],
        [
            0.008062370121479034,
            -0.7753139734268188,
            -0.1900600790977478
        ],
        [
            0.0011953562498092651,
            -0.7731338739395142,
            -0.19160638749599457
        ],
        [
            0.003566501662135124,
            -0.767228364944458,
            -0.1875980943441391
        ],
        [
            0.010587871074676514,
            -0.7684676051139832,
            -0.18432800471782684
        ],
        [
            0.0028737057000398636,
            -0.7620205879211426,
            -0.18426939845085144
        ],
        [
            0.011980188079178333,
            -0.7618428468704224,
            -0.17888347804546356
        ],
        [
            0.005625609308481216,
            -0.7485644221305847,
            -0.17169208824634552
        ],
        [
            0.009199433028697968,
            -0.7544701099395752,
            -0.17486178874969482
        ],
        [
            -4.241429269313812e-05,
            -0.7566303014755249,
            -0.18163025379180908
        ],
        [
            -0.005540437996387482,
            -0.7510526180267334,
            -0.18096664547920227
        ],
        [
            -0.020851265639066696,
            -0.7533194422721863,
            -0.1848374605178833
        ],
        [
            -0.02709173783659935,
            -0.7513731718063354,
            -0.18454883992671967
        ],
        [
            -0.020440183579921722,
            -0.7404186725616455,
            -0.18164238333702087
        ],
        [
            -0.013283785432577133,
            -0.744835376739502,
            -0.18143464624881744
        ],
        [
            -0.022817090153694153,
            -0.773025393486023,
            -0.19258861243724823
        ],
        [
            -0.018143784254789352,
            -0.7738183736801147,
            -0.19168168306350708
        ],
        [
            -0.019008561968803406,
            -0.7746169567108154,
            -0.1942114382982254
        ],
        [
            -0.02419004961848259,
            -0.7748353481292725,
            -0.1957608163356781
        ],
        [
            -0.014149926602840424,
            -0.774007260799408,
            -0.1914486438035965
        ],
        [
            -0.012368958443403244,
            -0.7739404439926147,
            -0.19142118096351624
        ],
        [
            -0.013194363564252853,
            -0.774840235710144,
            -0.19272804260253906
        ],
        [
            -0.01471516489982605,
            -0.774601936340332,
            -0.19215160608291626
        ],
        [
            -0.016668252646923065,
            -0.774143397808075,
            -0.19179172813892365
        ],
        [
            -0.0174853578209877,
            -0.7722375392913818,
            -0.19121263921260834
        ],
        [
            -0.015021972358226776,
            -0.7731583118438721,
            -0.19130828976631165
        ],
        [
            -0.021710719913244247,
            -0.7707433700561523,
            -0.19206129014492035
        ],
        [
            -0.035686541348695755,
            -0.7663775682449341,
            -0.19361832737922668
        ],
        [
            -0.031839706003665924,
            -0.7672333717346191,
            -0.19391731917858124
        ],
        [
            -0.03335607796907425,
            -0.7717160582542419,
            -0.19362019002437592
        ],
        [
            -0.03664306178689003,
            -0.7712981700897217,
            -0.19343550503253937
        ],
        [
            -0.01565903052687645,
            -0.7762306928634644,
            -0.1941673457622528
        ],
        [
            -0.013371352106332779,
            -0.777748703956604,
            -0.19512107968330383
        ],
        [
            -0.018485449254512787,
            -0.7794957756996155,
            -0.19734476506710052
        ],
        [
            -0.01894032582640648,
            -0.7770510911941528,
            -0.1956140697002411
        ],
        [
            -0.011125274002552032,
            -0.7795885801315308,
            -0.1966104656457901
        ],
        [
            -0.01105579361319542,
            -0.7761467695236206,
            -0.19343875348567963
        ],
        [
            -0.007929936051368713,
            -0.7769299745559692,
            -0.1944338083267212
        ],
        [
            -0.012613341212272644,
            -0.7722821235656738,
            -0.19072964787483215
        ],
        [
            -0.00939839705824852,
            -0.7710062265396118,
            -0.19014492630958557
        ],
        [
            -0.00961223989725113,
            -0.7732380628585815,
            -0.1919548362493515
        ],
        [
            -0.010954737663269043,
            -0.7678627967834473,
            -0.18879374861717224
        ],
        [
            -0.015030685812234879,
            -0.7702493667602539,
            -0.19013118743896484
        ],
        [
            -0.01909158006310463,
            -0.7678191661834717,
            -0.1906682401895523
        ],
        [
            -0.024436917155981064,
            -0.7653090953826904,
            -0.19160127639770508
        ],
        [
            -0.020402509719133377,
            -0.7614953517913818,
            -0.1886734813451767
        ],
        [
            -0.014889959245920181,
            -0.764519989490509,
            -0.18846216797828674
        ],
        [
            -0.016660034656524658,
            -0.78337562084198,
            -0.19857972860336304
        ],
        [
            -0.004947161301970482,
            -0.7730554938316345,
            -0.19185613095760345
        ],
        [
            -0.0025182701647281647,
            -0.7790999412536621,
            -0.1949722021818161
        ],
        [
            -0.004011781886219978,
            -0.7687732577323914,
            -0.1895563155412674
        ],
        [
            -0.005151856690645218,
            -0.7646890878677368,
            -0.18717607855796814
        ],
        [
            -0.00859057530760765,
            -0.7605616450309753,
            -0.1856185346841812
        ],
        [
            -0.014564123004674911,
            -0.7566558122634888,
            -0.18522274494171143
        ],
        [
            -0.012350078672170639,
            -0.7352392673492432,
            -0.17036020755767822
        ],
        [
            -0.003742162138223648,
            -0.7410211563110352,
            -0.17133623361587524
        ],
        [
            -0.018675662577152252,
            -0.8502870798110962,
            -0.22191765904426575
        ],
        [
            -0.009499683976173401,
            -0.8500267267227173,
            -0.22304710745811462
        ],
        [
            -0.006521500647068024,
            -0.8438588380813599,
            -0.21693284809589386
        ],
        [
            -0.0052346400916576385,
            -0.8461865186691284,
            -0.21809805929660797
        ],
        [
            -0.011303380131721497,
            -0.8466688394546509,
            -0.2192298173904419
        ],
        [
            -0.0112677700817585,
            -0.8441031575202942,
            -0.217662513256073
        ],
        [
            0.012697108089923859,
            -0.8407294750213623,
            -0.20719508826732635
        ],
        [
            0.00625125877559185,
            -0.8412700891494751,
            -0.20979340374469757
        ],
        [
            0.007659614086151123,
            -0.8380005359649658,
            -0.20765848457813263
        ],
        [
            0.015285274013876915,
            -0.8345024585723877,
            -0.20559674501419067
        ],
        [
            -0.0012695658951997757,
            -0.8289055228233337,
            -0.20872899889945984
        ],
        [
            0.0038893967866897583,
            -0.8309817910194397,
            -0.20794332027435303
        ],
        [
            -0.0014916788786649704,
            -0.836661696434021,
            -0.2105785459280014
        ],
        [
            -0.005233455449342728,
            -0.8351147174835205,
            -0.21122248470783234
        ],
        [
            -0.009439058601856232,
            -0.834131121635437,
            -0.21138352155685425
        ],
        [
            -0.013748042285442352,
            -0.8338165283203125,
            -0.21076062321662903
        ],
        [
            -0.012772370129823685,
            -0.828906774520874,
            -0.20887967944145203
        ],
        [
            -0.0072652436792850494,
            -0.8284497261047363,
            -0.20909564197063446
        ],
        [
            -0.01808110997080803,
            -0.8474140167236328,
            -0.21797241270542145
        ],
        [
            -0.024409208446741104,
            -0.8467665910720825,
            -0.2145821452140808
        ],
        [
            -0.022687293589115143,
            -0.8440276980400085,
            -0.21379752457141876
        ],
        [
            -0.017425887286663055,
            -0.8443096876144409,
            -0.21702352166175842
        ],
        [
            -0.02916603535413742,
            -0.8392843008041382,
            -0.20335865020751953
        ],
        [
            -0.028772465884685516,
            -0.8413538336753845,
            -0.2054767608642578
        ],
        [
            -0.032587792724370956,
            -0.8424167037010193,
            -0.20542071759700775
        ],
        [
            -0.03253690153360367,
            -0.8383200168609619,
            -0.2031230926513672
        ],
        [
            -0.03018718585371971,
            -0.8353797793388367,
            -0.2033153772354126
        ],
        [
            -0.02798909693956375,
            -0.8375420570373535,
            -0.2038075029850006
        ],
        [
            -0.018371347337961197,
            -0.9047163128852844,
            -0.2288212925195694
        ],
        [
            -0.024492468684911728,
            -0.8865611553192139,
            -0.23047447204589844
        ],
        [
            0.0011678598821163177,
            -0.901117742061615,
            -0.22299371659755707
        ],
        [
            0.015598773956298828,
            -0.8937829732894897,
            -0.21444416046142578
        ],
        [
            0.027417417615652084,
            -0.8830132484436035,
            -0.2054254412651062
        ],
        [
            0.0168208796530962,
            -0.7813677787780762,
            -0.18759842216968536
        ],
        [
            0.02156974747776985,
            -0.7744476795196533,
            -0.18020860850811005
        ],
        [
            0.03244632109999657,
            -0.784614086151123,
            -0.1744912564754486
        ],
        [
            0.03391416743397713,
            -0.7762171626091003,
            -0.1661088615655899
        ],
        [
            0.022843610495328903,
            -0.7658854722976685,
            -0.1729273945093155
        ],
        [
            0.01450094673782587,
            -0.7494394183158875,
            -0.16003993153572083
        ],
        [
            0.02061043679714203,
            -0.7569799423217773,
            -0.16599227488040924
        ],
        [
            0.03285007178783417,
            -0.7686476707458496,
            -0.15590205788612366
        ],
        [
            0.043772269040346146,
            -0.7842223644256592,
            -0.1485404521226883
        ],
        [
            0.042680464684963226,
            -0.788666844367981,
            -0.1600865125656128
        ],
        [
            0.05061384290456772,
            -0.8023238182067871,
            -0.1432047188282013
        ],
        [
            0.045372478663921356,
            -0.7803105115890503,
            -0.13338321447372437
        ],
        [
            0.05179985612630844,
            -0.8036552667617798,
            -0.13361527025699615
        ],
        [
            0.03674890100955963,
            -0.744937539100647,
            -0.12142041325569153
        ],
        [
            0.04175148159265518,
            -0.7355910539627075,
            -0.11487410962581635
        ],
        [
            0.05379077047109604,
            -0.7457680702209473,
            -0.10619758069515228
        ],
        [
            0.05051214620471001,
            -0.7551165819168091,
            -0.11392651498317719
        ],
        [
            0.03946443274617195,
            -0.7942556738853455,
            -0.17008370161056519
        ],
        [
            0.033317625522613525,
            -0.8529760837554932,
            -0.1947449892759323
        ],
        [
            0.02497665025293827,
            -0.8500285148620605,
            -0.20305171608924866
        ],
        [
            0.037656527012586594,
            -0.8419365882873535,
            -0.18920597434043884
        ],
        [
            0.03732902184128761,
            -0.9156245589256287,
            -0.19395500421524048
        ],
        [
            0.025975896045565605,
            -0.9062610268592834,
            -0.20614807307720184
        ],
        [
            0.03653747960925102,
            -0.8932732343673706,
            -0.1992415487766266
        ],
        [
            0.045932069420814514,
            -0.9036123156547546,
            -0.18870164453983307
        ],
        [
            0.00528997927904129,
            -0.9469054937362671,
            -0.19913694262504578
        ],
        [
            -0.006086312234401703,
            -0.9281167984008789,
            -0.2170582264661789
        ],
        [
            0.009282618761062622,
            -0.9188140630722046,
            -0.21237535774707794
        ],
        [
            0.02026337757706642,
            -0.9336398839950562,
            -0.19881793856620789
        ],
        [
            0.052712518721818924,
            -0.9086286425590515,
            -0.17812606692314148
        ],
        [
            0.06094687804579735,
            -0.9147902727127075,
            -0.1624266505241394
        ],
        [
            0.0578659251332283,
            -0.9319562911987305,
            -0.15858954191207886
        ],
        [
            0.04721759632229805,
            -0.9263694882392883,
            -0.17769981920719147
        ],
        [
            0.04728382080793381,
            -0.9531062841415405,
            -0.15264298021793365
        ],
        [
            0.034769318997859955,
            -0.946796178817749,
            -0.17602601647377014
        ],
        [
            0.055584460496902466,
            -0.7933080196380615,
            -0.11860224604606628
        ],
        [
            0.056378331035375595,
            -0.8112815618515015,
            -0.12341774255037308
        ],
        [
            0.04583955556154251,
            -0.7662568092346191,
            -0.12367034703493118
        ],
        [
            0.05612342059612274,
            -0.778049886226654,
            -0.11246397346258163
        ],
        [
            0.031462062150239944,
            -0.9691163301467896,
            -0.14439603686332703
        ],
        [
            0.017429310828447342,
            -0.9629403352737427,
            -0.17285200953483582
        ],
        [
            0.07198740541934967,
            -0.9071547985076904,
            -0.10940726101398468
        ],
        [
            0.07001158595085144,
            -0.9220541715621948,
            -0.1220986545085907
        ],
        [
            0.07041452825069427,
