{
    "pred_cam": [
        1.519771933555603,
        -0.010903222486376762,
        0.3456311821937561
    ],
    "pred_smpl_params": {
        "global_orient": [
            [
                [
                    -0.9697179198265076,
                    0.05839891731739044,
                    -0.2371431291103363
                ],
                [
                    -0.025148222222924232,
                    -0.9897058010101318,
                    -0.14088989794254303
                ],
                [
                    -0.24292975664138794,
                    -0.13065971434116364,
                    0.9612040519714355
                ]
            ]
        ],
        "body_pose": [
            [
                [
                    0.9952194690704346,
                    -0.02393282577395439,
                    -0.09468630701303482
                ],
                [
                    0.037557344883680344,
                    0.988741934299469,
                    0.14484044909477234
                ],
                [
                    0.09015388786792755,
                    -0.14770419895648956,
                    0.9849140644073486
                ]
            ],
            [
                [
                    0.9981085658073425,
                    -0.05370727926492691,
                    -0.029913995414972305
                ],
                [
                    0.05858182907104492,
                    0.9784692525863647,
                    0.19790402054786682
                ],
                [
                    0.018641039729118347,
                    -0.19928210973739624,
                    0.9797648191452026
                ]
            ],
            [
                [
                    0.9995246529579163,
                    -0.00039852134068496525,
                    0.030826326459646225
                ],
                [
                    0.004161359276622534,
                    0.9925092458724976,
                    -0.12209828943014145
                ],
                [
                    -0.030546758323907852,
                    0.12216853350400925,
                    0.992039144039154
                ]
            ],
            [
                [
                    0.9827237725257874,
                    -0.11559615284204483,
                    -0.14453870058059692
                ],
                [
                    -0.11073435842990875,
                    0.25851765275001526,
                    -0.9596387147903442
                ],
                [
                    0.14829635620117188,
                    0.9590652585029602,
                    0.24125097692012787
                ]
            ],
            [
                [
                    0.9597817659378052,
                    -0.20852141082286835,
                    0.18798349797725677
                ],
                [
                    0.22158154845237732,
                    0.15146765112876892,
                    -0.9633064866065979
                ],
                [
                    0.17239657044410706,
                    0.9662176370620728,
                    0.1915803849697113
                ]
            ],
            [
                [
                    0.9960952997207642,
                    0.07036639004945755,
                    0.05331850424408913
                ],
                [
                    -0.06839485466480255,
                    0.9969365000724792,
                    -0.037942782044410706
                ],
                [
                    -0.055825065821409225,
                    0.03414791077375412,
                    0.9978564381599426
                ]
            ],
            [
                [
                    0.9796021580696106,
                    -0.04062832146883011,
                    0.19679710268974304
                ],
                [
                    0.002214515581727028,
                    0.9814707040786743,
                    0.191599041223526
                ],
                [
                    -0.2009349763393402,
                    -0.18725499510765076,
                    0.9615408182144165
                ]
            ],
            [
                [
                    0.9651461243629456,
                    0.16484202444553375,
                    -0.2032734900712967
                ],
                [
                    -0.10395243763923645,
                    0.9542713165283203,
                    0.2802860736846924
                ],
                [
                    0.24018095433712006,
                    -0.24938622117042542,
                    0.9381470084190369
                ]
            ],
            [
                [
                    0.9990765452384949,
                    0.03008456341922283,
                    0.03067680262029171
                ],
                [
                    -0.02900668792426586,
                    0.99896639585495,
                    -0.03499603644013405
                ],
                [
                    -0.03169793635606766,
                    0.03407388553023338,
                    0.9989165663719177
                ]
            ],
            [
                [
                    0.9983643889427185,
                    -0.04693274199962616,
                    -0.03264743462204933
                ],
                [
                    0.05128184333443642,
                    0.9875824451446533,
                    0.1484958827495575
                ],
                [
                    0.025272715836763382,
                    -0.14992722868919373,
                    0.9883739352226257
                ]
            ],
            [
                [
                    0.9993011951446533,
                    -0.03736988827586174,
                    -0.000706132035702467
                ],
                [
                    0.0368896909058094,
                    0.9830681681632996,
                    0.17948850989341736
                ],
                [
                    -0.0060132946819067,
                    -0.17938916385173798,
                    0.9837597608566284
                ]
            ],
            [
                [
                    0.9996676445007324,
                    0.008038314990699291,
                    -0.024494707584381104
                ],
                [
                    -0.006269386969506741,
                    0.9974239468574524,
                    0.07145645469427109
                ],
                [
                    0.025006001815199852,
                    -0.0712791383266449,
                    0.9971428513526917
                ]
            ],
            [
                [
                    0.915160059928894,
                    0.4013993740081787,
                    -0.03688780218362808
                ],
                [
                    -0.40082308650016785,
                    0.915886402130127,
                    0.022201627492904663
                ],
                [
                    0.0426967553794384,
                    -0.005532557610422373,
                    0.999072790145874
                ]
            ],
            [
                [
                    0.967467188835144,
                    -0.24345745146274567,
                    0.06881756335496902
                ],
                [
                    0.2442585974931717,
                    0.9697043299674988,
                    -0.003348349593579769
                ],
                [
                    -0.06591751426458359,
                    0.020048700273036957,
                    0.9976236820220947
                ]
            ],
            [
                [
                    0.9994365572929382,
                    0.03276055306196213,
                    0.0073071857914328575
                ],
                [
                    -0.03071492724120617,
                    0.9804177284240723,
                    -0.19451938569545746
                ],
                [
                    -0.01353665255010128,
                    0.19418533146381378,
                    0.9808715581893921
                ]
            ],
            [
                [
                    0.5690434575080872,
                    0.7865680456161499,
                    -0.23979206383228302
                ],
                [
                    -0.8182651400566101,
                    0.5705146789550781,
                    -0.07039335370063782
                ],
                [
                    0.08143572509288788,
                    0.23627033829689026,
                    0.968268871307373
                ]
            ],
            [
                [
                    0.5857279300689697,
                    -0.7555924654006958,
                    0.2932626008987427
                ],
                [
                    0.799464225769043,
                    0.5981281995773315,
                    -0.05567483231425285
                ],
                [
                    -0.13334114849567413,
                    0.2670632302761078,
                    0.9544095396995544
                ]
            ],
            [
                [
                    0.7894671559333801,
                    -0.14761938154697418,
                    -0.5957768559455872
                ],
                [
                    0.028497153893113136,
                    0.9784168004989624,
                    -0.20466673374176025
                ],
                [
                    0.6131308674812317,
                    0.14459972083568573,
                    0.7766346335411072
                ]
            ],
            [
                [
                    -0.055815439671278,
                    0.43150952458381653,
                    0.9003798961639404
                ],
                [
                    -0.02941932901740074,
                    0.9006834030151367,
                    -0.4334786832332611
                ],
                [
                    -0.9980075359344482,
                    -0.05068338289856911,
                    -0.037577319890260696
                ]
            ],
            [
                [
                    0.998617947101593,
                    -0.05255251005291939,
                    0.0006168982363305986
                ],
                [
                    0.05172307789325714,
                    0.9806397557258606,
                    -0.18886590003967285
                ],
                [
                    0.009320423007011414,
                    0.18863679468631744,
                    0.9820026159286499
                ]
            ],
            [
                [
                    0.992441713809967,
                    0.12225417792797089,
                    0.010646820068359375
                ],
                [
                    -0.11995035409927368,
                    0.9847284555435181,
                    -0.12618161737918854
                ],
                [
                    -0.025910457596182823,
                    0.12395081669092178,
                    0.9919500350952148
                ]
            ],
            [
                [
                    0.9701058268547058,
                    0.2300032377243042,
                    -0.07741589844226837
                ],
                [
                    -0.2151980847120285,
                    0.9627549052238464,
                    0.16368505358695984
                ],
                [
                    0.11218062788248062,
                    -0.14213205873966217,
                    0.9834703803062439
                ]
            ],
            [
                [
                    0.9696965217590332,
                    -0.2420756220817566,
                    0.032987017184495926
                ],
                [
                    0.2351255714893341,
                    0.9613643288612366,
                    0.14315944910049438
                ],
                [
                    -0.06636794656515121,
                    -0.13106511533260345,
                    0.989149808883667
                ]
            ]
        ],
        "betas": [
            -0.250449001789093,
            -0.2280956208705902,
            0.1872798502445221,
            0.2370583564043045,
            0.1138225793838501,
            0.0864260196685791,
            0.008568376302719116,
            -0.12373471260070801,
            0.09369216114282608,
            -0.09173470735549927
        ]
    },
    "pred_cam_t": [
        -0.010903222486376762,
        0.3456311821937561,
        25.702869415283203
    ],
    "focal_length": [
        5000.0,
        5000.0
    ],
    "pred_keypoints_3d": [
        [
            -0.06465141475200653,
            -0.8372143507003784,
            0.1211976706981659
        ],
        [
            -0.0006404360756278038,
            -0.7292941808700562,
            -0.024806547909975052
        ],
        [
            0.17295432090759277,
            -0.6559157371520996,
            0.03962859883904457
        ],
        [
            0.269628643989563,
            -0.4291585683822632,
            0.07892852276563644
        ],
        [
            0.10964730381965637,
            -0.43223896622657776,
            0.2706635892391205
        ],
        [
            -0.15801391005516052,
            -0.6161754727363586,
            -0.08456843346357346
        ],
        [
            -0.17753800749778748,
            -0.3623535931110382,
            -0.1078014224767685
        ],
        [
            -0.22928522527217865,
            -0.17782440781593323,
            0.042937636375427246
        ],
        [
            -0.0017429846338927746,
            -0.22449663281440735,
            0.029002700001001358
        ],
        [
            0.06013015657663345,
            -0.13276593387126923,
            0.05353729799389839
        ],
        [
            0.03866633400321007,
            0.22388730943202972,
            0.16786141693592072
        ],
        [
            0.024437658488750458,
            0.3565715551376343,
            -0.19889943301677704
        ],
        [
            -0.07348345220088959,
            -0.1350063681602478,
            0.01744728535413742
        ],
        [
            -0.14691835641860962,
            0.2140364646911621,
            0.10435466468334198
        ],
        [
            -0.13981029391288757,
            0.37281331419944763,
            -0.2516525983810425
        ],
        [
            -0.02754836343228817,
            -0.8811173439025879,
            0.10171329230070114
        ],
        [
            -0.08988405019044876,
            -0.8747990131378174,
            0.08019225299358368
        ],
        [
            0.04321441426873207,
            -0.8722796440124512,
            0.025044947862625122
        ],
        [
            -0.09433241188526154,
            -0.8601429462432861,
            -0.020431136712431908
        ],
        [
            -0.17254415154457092,
            0.5452855825424194,
            -0.16584432125091553
        ],
        [
            -0.23036623001098633,
            0.5041133165359497,
            -0.20815223455429077
        ],
        [
            -0.14043931663036346,
            0.34616363048553467,
            -0.31428515911102295
        ],
        [
            -0.01697906106710434,
            0.5202832818031311,
            -0.10423338413238525
        ],
        [
            0.06219182908535004,
            0.5042644143104553,
            -0.1312198042869568
        ],
        [
            0.03886241465806961,
            0.34402117133140564,
            -0.26783818006515503
        ],
        [
            0.05630280077457428,
            0.3176429271697998,
            -0.1675204336643219
        ],
        [
            0.04308626428246498,
            0.17239192128181458,
            0.1676328480243683
        ],
        [
            0.14801529049873352,
            -0.2494456022977829,
            0.050512682646512985
        ],
        [
            -0.14047756791114807,
            -0.24114343523979187,
            -0.031911540776491165
        ],
        [
            -0.15482363104820251,
            0.17881806194782257,
            0.10300746560096741
        ],
        [
            -0.14669080078601837,
            0.33175623416900635,
            -0.23606933653354645
        ],
        [
            0.10520819574594498,
            -0.4537782073020935,
            0.24064871668815613
        ],
        [
            0.2769079804420471,
            -0.4649445116519928,
            0.10529793053865433
        ],
        [
            0.14218591153621674,
            -0.6820799112319946,
            0.025281470268964767
        ],
        [
            -0.13177600502967834,
            -0.6506717205047607,
            -0.08266393840312958
        ],
        [
            -0.21820244193077087,
            -0.39085477590560913,
            -0.08850833773612976
        ],
        [
            -0.2332354187965393,
            -0.19906169176101685,
            0.045381609350442886
        ],
        [
            -0.006364388391375542,
            -0.7231230735778809,
            -0.022207388654351234
        ],
        [
            -0.03954567015171051,
            -0.9184629917144775,
            0.014880484901368618
        ],
        [
            0.0029523493722081184,
            -0.24526287615299225,
            0.008858283050358295
        ],
        [
            0.004067622125148773,
            -0.6646904349327087,
            -0.025657907128334045
        ],
        [
            0.018947996199131012,
            -0.48724013566970825,
            -0.024660281836986542
        ],
        [
            -0.04412703216075897,
            -0.8103482723236084,
            0.04800153151154518
        ],
        [
            -0.034021515399217606,
            -0.9376219511032104,
            0.007728452328592539
        ]
    ],
    "pred_vertices": [
        [
            -0.10457408428192139,
            -0.9192709922790527,
            0.07605442404747009
        ],
        [
            -0.09964585304260254,
            -0.9057589769363403,
            0.08387312293052673
        ],
        [
            -0.10660651326179504,
            -0.9011879563331604,
            0.07233291119337082
        ],
        [
            -0.11021747440099716,
            -0.9115288257598877,
            0.06129821762442589
        ],
        [
            -0.1039855033159256,
            -0.8925936222076416,
            0.07901225984096527
        ],
        [
            -0.09687526524066925,
            -0.8946563005447388,
            0.08870268613100052
        ],
        [
            -0.10899485647678375,
            -0.8946175575256348,
            0.06043499335646629
        ],
        [
            -0.1115022525191307,
            -0.9014135599136353,
            0.0483446829020977
        ],
        [
            -0.10859088599681854,
            -0.8587648868560791,
            0.048573289066553116
        ],
        [
            -0.10853751003742218,
            -0.8534739017486572,
            0.03838393837213516
        ],
        [
            -0.10965801775455475,
            -0.8653696775436401,
            0.039855342358350754
        ],
        [
            -0.10775937139987946,
            -0.8673192262649536,
            0.04977579787373543
        ],
        [
            -0.10376017540693283,
            -0.8332917094230652,
            0.04625851660966873
        ],
        [
            -0.09972147643566132,
            -0.8249821662902832,
            0.05649515613913536
        ],
        [
            -0.09768065065145493,
            -0.8158340454101562,
            0.046828702092170715
        ],
        [
            -0.1000601053237915,
            -0.8237716555595398,
            0.03634028881788254
        ],
        [
            -0.07867158949375153,
            -0.842319130897522,
            0.08866997063159943
        ],
        [
            -0.08271174132823944,
            -0.8352961540222168,
            0.08600111305713654
        ],
        [
            -0.08676478266716003,
            -0.8413563966751099,
            0.08386911451816559
        ],
        [
            -0.08177365362644196,
            -0.8477464914321899,
            0.08656249940395355
        ],
        [
            -0.07257920503616333,
            -0.8524860739707947,
            0.09754019230604172
        ],
        [
            -0.07286103814840317,
            -0.8577814102172852,
            0.09393039345741272
        ],
        [
            -0.07056310772895813,
            -0.8622128963470459,
            0.1002180427312851
        ],
        [
            -0.07123439013957977,
            -0.8560999631881714,
            0.10453379154205322
        ],
        [
            -0.07313099503517151,
            -0.837740421295166,
            0.09062837809324265
        ],
        [
            -0.077256940305233,
            -0.8305341005325317,
            0.08738672733306885
        ],
        [
            -0.07530245184898376,
            -0.848371148109436,
            0.09164871275424957
        ],
        [
            -0.07344762980937958,
            -0.8438024520874023,
            0.09456939995288849
        ],
        [
            -0.07366310805082321,
            -0.8383288383483887,
            0.10536707192659378
        ],
        [
            -0.07507605850696564,
            -0.842789351940155,
            0.10334892570972443
        ],
        [
            -0.07420402765274048,
            -0.8442213535308838,
            0.11100678145885468
        ],
        [
            -0.07230815291404724,
            -0.8389312028884888,
            0.11092840135097504
        ],
        [
            -0.0729474276304245,
            -0.8371587991714478,
            0.09583058953285217
        ],
        [
            -0.07475051283836365,
            -0.8399580717086792,
            0.09827025234699249
        ],
        [
            -0.07279212772846222,
            -0.8366341590881348,
            0.10135053098201752
        ],
        [
            -0.07011210918426514,
            -0.8346500992774963,
            0.09874023497104645
        ],
        [
            -0.07256646454334259,
            -0.8483351469039917,
            0.10057726502418518
        ],
        [
            -0.07240240275859833,
            -0.8506203293800354,
            0.10799571871757507
        ],
        [
            -0.07127660512924194,
            -0.8526342511177063,
            0.11589023470878601
        ],
        [
            -0.07243117690086365,
            -0.8441412448883057,
            0.1187853068113327
        ],
        [
            -0.08905535936355591,
            -0.8207831382751465,
            0.0764647126197815
        ],
        [
            -0.0866619274020195,
            -0.8280556201934814,
            0.08221936225891113
        ],
        [
            -0.08136466145515442,
            -0.8239156007766724,
            0.08400876820087433
        ],
        [
            -0.08418159931898117,
            -0.8179694414138794,
            0.07977662980556488
        ],
        [
            -0.06966937333345413,
            -0.831491231918335,
            0.09511107951402664
        ],
        [
            -0.07160674035549164,
            -0.815448522567749,
            0.09435683488845825
        ],
        [
            -0.07227785885334015,
            -0.8191229104995728,
            0.09434306621551514
        ],
        [
            -0.06810463964939117,
            -0.8206017017364502,
            0.10008792579174042
        ],
        [
            -0.06802880764007568,
            -0.8171042203903198,
            0.09968601912260056
        ],
        [
            -0.08890480548143387,
            -0.8062335848808289,
            0.06663703918457031
        ],
        [
            -0.08507311344146729,
            -0.8058048486709595,
            0.07271681725978851
        ],
        [
            -0.08380329608917236,
            -0.7989439964294434,
            0.07021921128034592
        ],
        [
            -0.08642590045928955,
            -0.7981925010681152,
            0.06313706934452057
        ],
        [
            -0.0805693119764328,
            -0.7936505079269409,
            0.06988707184791565
        ],
        [
            -0.08304986357688904,
            -0.7907031178474426,
            0.060438722372055054
        ],
        [
            -0.07305692136287689,
            -0.7779048681259155,
            0.06377321481704712
        ],
        [
            -0.07805099338293076,
            -0.7833846211433411,
            0.06188201159238815
        ],
        [
            -0.07649920880794525,
            -0.7886151671409607,
            0.0716940239071846
        ],
        [
            -0.07221987843513489,
            -0.7840927243232727,
            0.07656709104776382
        ],
        [
            -0.06471845507621765,
            -0.789661169052124,
            0.0890655368566513
        ],
        [
            -0.06031849607825279,
            -0.7889535427093506,
            0.09359117597341537
        ],
        [
            -0.0623507983982563,
            -0.7767717838287354,
            0.0899096131324768
        ],
        [
            -0.06726875901222229,
            -0.7795959115028381,
            0.08371663093566895
        ],
        [
            -0.0696447491645813,
            -0.8101954460144043,
            0.09036358445882797
        ],
        [
            -0.07214796543121338,
            -0.8099445104598999,
            0.08628708124160767
        ],
        [
            -0.07341013848781586,
            -0.8113023042678833,
            0.08835539221763611
        ],
        [
            -0.07095292210578918,
            -0.8127577304840088,
            0.09287761151790619
        ],
        [
            -0.07455970346927643,
            -0.8094342350959778,
            0.08324598520994186
        ],
        [
            -0.07576118409633636,
            -0.8089922666549683,
            0.08197182416915894
        ],
        [
            -0.07620982825756073,
            -0.8102338314056396,
            0.08318502455949783
        ],
        [
            -0.07482761144638062,
            -0.810127854347229,
            0.08397547900676727
        ],
        [
            -0.07323091477155685,
            -0.8099649548530579,
            0.08524566888809204
        ],
        [
            -0.07228010892868042,
            -0.8081781268119812,
            0.08597169816493988
        ],
        [
            -0.07386365532875061,
            -0.8087356090545654,
            0.08401757478713989
        ],
        [
            -0.07000650465488434,
            -0.8076876401901245,
            0.08987407386302948
        ],
        [
            -0.06078179180622101,
            -0.8060712814331055,
            0.10168641805648804
        ],
        [
            -0.06421533972024918,
            -0.8066493272781372,
            0.09892532229423523
        ],
        [
            -0.06314283609390259,
            -0.8110863566398621,
            0.09864411503076553
        ],
        [
            -0.060131434351205826,
            -0.8108673095703125,
            0.10103239864110947
        ],
        [
            -0.07516998052597046,
            -0.8118040561676025,
            0.08569622039794922
        ],
        [
            -0.07788853347301483,
            -0.8134772777557373,
            0.0840064138174057
        ],
        [
            -0.07604565471410751,
            -0.8164316415786743,
            0.08855679631233215
        ],
        [
            -0.07453005015850067,
            -0.8138585090637207,
            0.08849471807479858
        ],
        [
            -0.08048674464225769,
            -0.8150287866592407,
            0.08291230350732803
        ],
        [
            -0.07814949005842209,
            -0.8111838698387146,
            0.08175390958786011
        ],
        [
            -0.08043187856674194,
            -0.8112579584121704,
            0.0801345556974411
        ],
        [
            -0.07502996921539307,
            -0.8073740005493164,
            0.08215978741645813
        ],
        [
            -0.07668443024158478,
            -0.8054938316345215,
            0.07980523258447647
        ],
        [
            -0.07791990041732788,
            -0.8079510927200317,
            0.0805383026599884
        ],
        [
            -0.07466857135295868,
            -0.8025135397911072,
            0.08097238093614578
        ],
        [
            -0.07296141237020493,
            -0.8057550191879272,
            0.08405185490846634
        ],
        [
            -0.07066793739795685,
            -0.8042479753494263,
            0.08793951570987701
        ],
        [
            -0.06761752814054489,
            -0.8030165433883667,
            0.09292054176330566
        ],
        [
            -0.06817266345024109,
            -0.798082709312439,
            0.08926717936992645
        ],
        [
            -0.07184502482414246,
            -0.7999278903007507,
            0.08448386192321777
        ],
        [
            -0.07766103744506836,
            -0.8196783065795898,
            0.08714349567890167
        ],
        [
            -0.08088269829750061,
            -0.8070007562637329,
            0.07711419463157654
        ],
        [
            -0.0849369615316391,
            -0.8128541111946106,
            0.07580086588859558
        ],
        [
            -0.07978508621454239,
            -0.8023293018341064,
            0.07614032179117203
        ],
        [
            -0.07720997929573059,
            -0.7982009053230286,
            0.07658250629901886
        ],
        [
            -0.0738404244184494,
            -0.7946221828460693,
            0.07915236800909042
        ],
        [
            -0.06942058354616165,
            -0.7918533086776733,
            0.08422313630580902
        ],
        [
            -0.059379663318395615,
            -0.7682919502258301,
            0.07843779027462006
        ],
        [
            -0.06626304984092712,
            -0.7724515199661255,
            0.07178457081317902
        ],
        [
            -0.09341269731521606,
            -0.8880305290222168,
            0.0871289074420929
        ],
        [
            -0.10040385276079178,
            -0.8861046433448792,
            0.08159470558166504
        ],
        [
            -0.09813861548900604,
            -0.8786760568618774,
            0.07666080445051193
        ],
        [
            -0.10063600540161133,
            -0.8812636137008667,
            0.07577762007713318
        ],
        [
            -0.09651137888431549,
            -0.8824665546417236,
            0.08100999891757965
        ],
        [
            -0.0953768864274025,
            -0.8799935579299927,
            0.08032192289829254
        ],
        [
            -0.10432761162519455,
            -0.8701234459877014,
            0.05758335441350937
        ],
        [
            -0.10166703164577484,
            -0.8723942041397095,
            0.06361052393913269
        ],
        [
            -0.10101081430912018,
            -0.8686240911483765,
            0.06201561167836189
        ],
        [
            -0.10498641431331635,
            -0.8634833097457886,
            0.05624591186642647
        ],
        [
            -0.09594830870628357,
            -0.8616747856140137,
            0.07144206017255783
        ],
        [
            -0.09881842881441116,
            -0.8625308275222778,
            0.06679868698120117
        ],
        [
            -0.09714598208665848,
            -0.8695077896118164,
            0.0707714855670929
        ],
        [
            -0.09507825970649719,
            -0.8689353466033936,
            0.07421688735485077
        ],
        [
            -0.09225020557641983,
            -0.8687794804573059,
            0.07739463448524475
        ],
        [
            -0.08876053988933563,
            -0.8692765235900879,
            0.07998982816934586
        ],
        [
            -0.0881296843290329,
            -0.8638361096382141,
            0.07948540151119232
        ],
        [
            -0.0921022817492485,
            -0.8624222278594971,
            0.0759468674659729
        ],
        [
            -0.09115789830684662,
            -0.8842554092407227,
            0.08472439646720886
        ],
        [
            -0.08418019115924835,
            -0.8843247294425964,
            0.0869571715593338
        ],
        [
            -0.08487177640199661,
            -0.8811123371124268,
            0.08593209087848663
        ],
        [
            -0.09086129069328308,
            -0.8809856176376343,
            0.08429756760597229
        ],
        [
            -0.07301151752471924,
            -0.8761011362075806,
            0.08490265160799026
        ],
        [
            -0.07476688921451569,
            -0.8784075975418091,
            0.08537602424621582
        ],
        [
            -0.07211314886808395,
            -0.8802090287208557,
            0.08782751113176346
        ],
        [
            -0.07053908705711365,
            -0.8758527040481567,
            0.08734127879142761
        ],
        [
            -0.07215344905853271,
            -0.8725029230117798,
            0.08657600730657578
        ],
        [
            -0.07409567385911942,
            -0.8742283582687378,
            0.08488085120916367
        ],
        [
            -0.09901444613933563,
            -0.9414588212966919,
            0.07752375304698944
        ],
        [
            -0.09482168406248093,
            -0.9252137541770935,
            0.08734259754419327
        ],
        [
            -0.10754873603582382,
            -0.9333339929580688,
            0.06078386306762695
        ],
        [
            -0.11133919656276703,
            -0.9223959445953369,
            0.04655420780181885
        ],
        [
            -0.11348870396614075,
            -0.9080259799957275,
            0.03514336794614792
        ],
        [
            -0.09342636168003082,
            -0.8098464012145996,
            0.05745389312505722
        ],
        [
            -0.09145665913820267,
            -0.8009875416755676,
            0.051287829875946045
        ],
        [
            -0.0949915423989296,
            -0.8073359727859497,
            0.037282660603523254
        ],
        [
            -0.08997681736946106,
            -0.7977335453033447,
            0.03351275250315666
        ],
        [
            -0.08680792897939682,
            -0.7912527322769165,
            0.04812711477279663
        ],
        [
            -0.0711081326007843,
            -0.7746713161468506,
            0.05019795894622803
        ],
        [
            -0.07993866503238678,
            -0.7818069458007812,
            0.04787367582321167
        ],
        [
            -0.08214005827903748,
            -0.788597583770752,
            0.030063727870583534
        ],
        [
            -0.0851595476269722,
            -0.8002614378929138,
            0.013397250324487686
        ],
        [
            -0.09158581495285034,
            -0.8065338134765625,
            0.019967757165431976
        ],
        [
            -0.08637316524982452,
            -0.8153398036956787,
            0.0003827698528766632
        ],
        [
            -0.07558515667915344,
            -0.7936794757843018,
            0.004581681452691555
        ],
        [
            -0.08014199137687683,
            -0.8151543140411377,
            -0.00627870112657547
        ],
        [
            -0.06030523031949997,
            -0.7594523429870605,
            0.013695844449102879
        ],
        [
            -0.0599965937435627,
            -0.7482680082321167,
            0.00963587500154972
        ],
        [
            -0.06558571010828018,
            -0.754520058631897,
            -0.006635377183556557
        ],
        [
            -0.06681632995605469,
            -0.7657215595245361,
            -0.002772165462374687
        ],
        [
            -0.09675914794206619,
            -0.8144978284835815,
            0.02685064822435379
        ],
        [
            -0.10946674644947052,
            -0.8769803047180176,
            0.03202104568481445
        ],
        [
            -0.10970745235681534,
            -0.8763280510902405,
            0.04365969076752663
        ],
        [
            -0.10835874080657959,
            -0.8635827898979187,
            0.02825356461107731
        ],
        [
            -0.11197908222675323,
            -0.936068594455719,
            0.012338345870375633
        ],
        [
            -0.11261679232120514,
            -0.9313816428184509,
            0.030208081007003784
        ],
        [
            -0.11475266516208649,
            -0.9151970744132996,
            0.022167496383190155
        ],
        [
            -0.1133832335472107,
            -0.9216454029083252,
            0.006000429391860962
        ],
        [
            -0.0940852016210556,
            -0.9731994867324829,
            0.0304679237306118
        ],
        [
            -0.09965420514345169,
            -0.960550844669342,
            0.05512359365820885
        ],
        [
            -0.1058325543999672,
            -0.9474787712097168,
            0.04341474175453186
        ],
        [
            -0.10357997566461563,
            -0.9573913812637329,
            0.022945016622543335
        ],
        [
            -0.110977403819561,
            -0.9233523607254028,
            -0.007468659430742264
        ],
        [
            -0.10531182587146759,
            -0.9249864220619202,
            -0.02565886825323105
        ],
        [
            -0.10112172365188599,
            -0.941211462020874,
            -0.030811969190835953
        ],
        [
            -0.10680384933948517,
            -0.9412752389907837,
            -0.008520059287548065
        ],
        [
            -0.08915695548057556,
            -0.9630945920944214,
            -0.03253592550754547
        ],
        [
            -0.09742365777492523,
            -0.9632526636123657,
            -0.006279677152633667
        ],
        [
            -0.0730830729007721,
            -0.8020676374435425,
            -0.015225760638713837
        ],
        [
            -0.07578028738498688,
            -0.8200829029083252,
            -0.01814236305654049
        ],
        [
            -0.06914325803518295,
            -0.7790218591690063,
            0.003026505932211876
        ],
        [
            -0.07043904066085815,
            -0.7865347862243652,
            -0.014596651308238506
        ],
        [
            -0.07221674919128418,
            -0.979390025138855,
            -0.03074023872613907
        ],
        [
            -0.08274822682142258,
            -0.981552243232727,
            -0.0002624429762363434
        ],
        [
            -0.07503165304660797,
            -0.9062325954437256,
            -0.0669175535440445
        ],
        [
            -0.0822252631187439,
            -0.9230978488922119,
            -0.060896970331668854
        ],
        [
            -0.092093326151371,
            -0.9093707799911499,
            -0.048079993575811386
        ],
        [
            -0.08462166041135788,
