{
    "pred_cam": [
        1.133131742477417,
        -0.09502973407506943,
        0.17128786444664001
    ],
    "pred_smpl_params": {
        "global_orient": [
            [
                [
                    0.997760534286499,
                    0.06354058533906937,
                    -0.02089390531182289
                ],
                [
                    0.0648765116930008,
                    -0.9953567385673523,
                    0.07110593467950821
                ],
                [
                    -0.01627877540886402,
                    -0.07230221480131149,
                    -0.997249960899353
                ]
            ]
        ],
        "body_pose": [
            [
                [
                    0.9980719685554504,
                    -0.06110808625817299,
                    0.010866023600101471
                ],
                [
                    0.0569358691573143,
                    0.9711242318153381,
                    0.23168084025382996
                ],
                [
                    -0.024709833785891533,
                    -0.2306155115365982,
                    0.9727311134338379
                ]
            ],
            [
                [
                    0.9987524151802063,
                    0.03392781689763069,
                    0.0366387739777565
                ],
                [
                    -0.04160330072045326,
                    0.9711570143699646,
                    0.23478353023529053
                ],
                [
                    -0.027616309002041817,
                    -0.2360149323940277,
                    0.9713569283485413
                ]
            ],
            [
                [
                    0.9998201131820679,
                    0.00872058980166912,
                    -0.01684306561946869
                ],
                [
                    -0.012147168628871441,
                    0.9764242768287659,
                    -0.21551838517189026
                ],
                [
                    0.014566529542207718,
                    0.2156842201948166,
                    0.9763545393943787
                ]
            ],
            [
                [
                    0.9937093257904053,
                    0.016993261873722076,
                    -0.11069346219301224
                ],
                [
                    -0.08187548071146011,
                    0.7846132516860962,
                    -0.6145555377006531
                ],
                [
                    0.07640823721885681,
                    0.6197526454925537,
                    0.7810688614845276
                ]
            ],
            [
                [
                    0.9900469183921814,
                    -0.03396375849843025,
                    0.1365780085325241
                ],
                [
                    0.11439751088619232,
                    0.7594761848449707,
                    -0.6403977870941162
                ],
                [
                    -0.08197741955518723,
                    0.6496480107307434,
                    0.7558024525642395
                ]
            ],
            [
                [
                    0.999030590057373,
                    -0.043953049927949905,
                    0.0024514272809028625
                ],
                [
                    0.043683234602212906,
                    0.996707558631897,
                    0.06830660998821259
                ],
                [
                    -0.005445640068501234,
                    -0.06813330948352814,
                    0.9976613521575928
                ]
            ],
            [
                [
                    0.9799222350120544,
                    0.07360027730464935,
                    0.18529841303825378
                ],
                [
                    -0.09010010957717896,
                    0.9925306439399719,
                    0.08224871009588242
                ],
                [
                    -0.17786084115505219,
                    -0.09729274362325668,
                    0.9792342185974121
                ]
            ],
            [
                [
                    0.9775463342666626,
                    -0.06649100035429001,
                    -0.19995540380477905
                ],
                [
                    0.07148730009794235,
                    0.997281551361084,
                    0.017863478511571884
                ],
                [
                    0.19822406768798828,
                    -0.03175664693117142,
                    0.9796422123908997
                ]
            ],
            [
                [
                    0.9993948936462402,
                    -0.03336530551314354,
                    -0.009833259508013725
                ],
                [
                    0.032321710139513016,
                    0.9952379465103149,
                    -0.09196034073829651
                ],
                [
                    0.01285471860319376,
                    0.09158685803413391,
                    0.9957141280174255
                ]
            ],
            [
                [
                    0.9812973141670227,
                    -0.18837493658065796,
                    -0.03962791711091995
                ],
                [
                    0.19239164888858795,
                    0.9665908813476562,
                    0.16937388479709625
                ],
                [
                    0.006398187018930912,
                    -0.17383024096488953,
                    0.9847548007965088
                ]
            ],
            [
                [
                    0.9825441837310791,
                    0.18381120264530182,
                    0.02864079177379608
                ],
                [
                    -0.1859274059534073,
                    0.9652070999145508,
                    0.18386490643024445
                ],
                [
                    0.006152133457362652,
                    -0.18598051369190216,
                    0.9825341701507568
                ]
            ],
            [
                [
                    0.9725363254547119,
                    -0.04069240018725395,
                    -0.2291666567325592
                ],
                [
                    0.047210633754730225,
                    0.9986193776130676,
                    0.023030584678053856
                ],
                [
                    0.22791312634944916,
                    -0.033217184245586395,
                    0.9731147289276123
                ]
            ],
            [
                [
                    0.9121132493019104,
                    0.38046640157699585,
                    0.15262587368488312
                ],
                [
                    -0.37465494871139526,
                    0.924788773059845,
                    -0.06632763892412186
                ],
                [
                    -0.16638213396072388,
                    0.0033162832260131836,
                    0.9860557317733765
                ]
            ],
            [
                [
                    0.9436255097389221,
                    -0.2994076609611511,
                    -0.14115947484970093
                ],
                [
                    0.303671270608902,
                    0.9527325630187988,
                    0.009184722788631916
                ],
                [
                    0.13173726201057434,
                    -0.05153301730751991,
                    0.9899442791938782
                ]
            ],
            [
                [
                    0.9843301773071289,
                    -0.045793186873197556,
                    -0.17028583586215973
                ],
                [
                    0.014442252926528454,
                    0.9833829402923584,
                    -0.18096812069416046
                ],
                [
                    0.17574328184127808,
                    0.17567303776741028,
                    0.968634843826294
                ]
            ],
            [
                [
                    0.5060498714447021,
                    0.8505945801734924,
                    -0.14283666014671326
                ],
                [
                    -0.8594163656234741,
                    0.5112762451171875,
                    -0.0001313069078605622
                ],
                [
                    0.07291730493307114,
                    0.12282261997461319,
                    0.9897462129592896
                ]
            ],
            [
                [
                    0.6688587069511414,
                    -0.7253833413124084,
                    0.1626255065202713
                ],
                [
                    0.7266249656677246,
                    0.6841362714767456,
                    0.06303807348012924
                ],
                [
                    -0.15698476135730743,
                    0.07600417733192444,
                    0.9846721887588501
                ]
            ],
            [
                [
                    0.5858246088027954,
                    -0.342480331659317,
                    -0.7345181107521057
                ],
                [
                    0.35148122906684875,
                    0.9240173697471619,
                    -0.1505087912082672
                ],
                [
                    0.7302537560462952,
                    -0.16999755799770355,
                    0.6616875529289246
                ]
            ],
            [
                [
                    0.32421058416366577,
                    0.3938903510570526,
                    0.8600801229476929
                ],
                [
                    -0.47817087173461914,
                    0.8527237772941589,
                    -0.21027296781539917
                ],
                [
                    -0.8162353038787842,
                    -0.34309256076812744,
                    0.46480897068977356
                ]
            ],
            [
                [
                    0.9967785477638245,
                    -0.07720152288675308,
                    0.021736960858106613
                ],
                [
                    0.07477884739637375,
                    0.9925581812858582,
                    0.09610627591609955
                ],
                [
                    -0.02899475023150444,
                    -0.0941712036728859,
                    0.9951337575912476
                ]
            ],
            [
                [
                    0.9888442158699036,
                    0.147539421916008,
                    -0.02047409676015377
                ],
                [
                    -0.147236168384552,
                    0.9889781475067139,
                    0.015610672533512115
                ],
                [
                    0.022551624104380608,
                    -0.012421996332705021,
                    0.9996684789657593
                ]
            ],
            [
                [
                    0.9654859304428101,
                    0.23626181483268738,
                    -0.10962345451116562
                ],
                [
                    -0.2235862910747528,
                    0.967706024646759,
                    0.11642218381166458
                ],
                [
                    0.13358941674232483,
                    -0.08789367973804474,
                    0.9871314764022827
                ]
            ],
            [
                [
                    0.9695847630500793,
                    -0.23276975750923157,
                    0.07565410435199738
                ],
                [
                    0.22338682413101196,
                    0.9679102897644043,
                    0.1150999516248703
                ],
                [
                    -0.10001817345619202,
                    -0.09469903260469437,
                    0.9904687404632568
                ]
            ]
        ],
        "betas": [
            -0.059576451778411865,
            -0.05445873737335205,
            0.12379419803619385,
            0.14654885232448578,
            0.014532387256622314,
            0.015340033918619156,
            0.007769405841827393,
            -0.07621288299560547,
            0.05329693853855133,
            -0.047552645206451416
        ]
    },
    "pred_cam_t": [
        -0.09502973407506943,
        0.17128786444664001,
        34.473045349121094
    ],
    "focal_length": [
        5000.0,
        5000.0
    ],
    "pred_keypoints_3d": [
        [
            -0.05234459415078163,
            -0.7894480228424072,
            -0.22356507182121277
        ],
        [
            0.016471561044454575,
            -0.7279625535011292,
            -0.053274575620889664
        ],
        [
            -0.15888556838035583,
            -0.6456670761108398,
            0.0033751502633094788
        ],
        [
            -0.2544681429862976,
            -0.42226114869117737,
            0.0746382549405098
        ],
        [
            -0.4189966917037964,
            -0.36575183272361755,
            -0.11009874194860458
        ],
        [
            0.19270053505897522,
            -0.6384440064430237,
            -0.01941802352666855
        ],
        [
            0.2221551537513733,
            -0.4036063849925995,
            0.08704907447099686
        ],
        [
            0.3325837254524231,
            -0.22616522014141083,
            -0.04612156003713608
        ],
        [
            -0.0018516893032938242,
            -0.22491690516471863,
            0.028389792889356613
        ],
        [
            -0.07510429620742798,
            -0.1394267976284027,
            0.04029977694153786
        ],
        [
            -0.1510309875011444,
            0.23074394464492798,
            -0.014065194875001907
        ],
        [
            -0.1642506718635559,
            0.5462785959243774,
            0.22764429450035095
        ],
        [
            0.06188923493027687,
            -0.1297878623008728,
            0.04066621884703636
        ],
        [
            0.0935443788766861,
            0.2385217249393463,
            -0.014590777456760406
        ],
        [
            0.07514762133359909,
            0.5614128112792969,
            0.2161746621131897
        ],
        [
            -0.07022025436162949,
            -0.8388210535049438,
            -0.19135794043540955
        ],
        [
            -0.012215647846460342,
            -0.8352138996124268,
            -0.22347283363342285
        ],
        [
            -0.06106385216116905,
            -0.8547769784927368,
            -0.08960361778736115
        ],
        [
            0.0688173696398735,
            -0.8465848565101624,
            -0.1594841629266739
        ],
        [
            0.07799921929836273,
            0.6880249381065369,
            0.06280301511287689
        ],
        [
            0.14357972145080566,
            0.6761456727981567,
            0.11377628147602081
        ],
        [
            0.07782559841871262,
            0.5697726011276245,
            0.2871139347553253
        ],
        [
            -0.16881684958934784,
            0.6815845966339111,
            0.08405187726020813
        ],
        [
            -0.24071025848388672,
            0.6610912084579468,
            0.12985923886299133
        ],
        [
            -0.1673223376274109,
            0.5572375059127808,
            0.30096620321273804
        ],
        [
            -0.18301162123680115,
            0.4905754625797272,
            0.22526875138282776
        ],
        [
            -0.14183811843395233,
            0.17058856785297394,
            -0.016148364171385765
        ],
        [
            -0.14674121141433716,
            -0.2683328092098236,
            0.040816448628902435
        ],
        [
            0.14615143835544586,
            -0.23432409763336182,
            0.050482943654060364
        ],
        [
            0.104594886302948,
            0.19895319640636444,
            -0.015527565032243729
        ],
        [
            0.08489441871643066,
            0.5206905603408813,
            0.2237768918275833
        ],
        [
            -0.3942156434059143,
            -0.3935026228427887,
            -0.11504781246185303
        ],
        [
            -0.279895156621933,
            -0.45791441202163696,
            0.06362735480070114
        ],
        [
            -0.12712658941745758,
            -0.6734076142311096,
            -0.009960463270545006
        ],
        [
            0.160517156124115,
            -0.6687949895858765,
            -0.027043402194976807
        ],
        [
            0.261872261762619,
            -0.4315252900123596,
            0.0600949227809906
        ],
        [
            0.33375054597854614,
            -0.24907878041267395,
            -0.04898949712514877
        ],
        [
            0.020373040810227394,
            -0.7225621938705444,
            -0.04849354177713394
        ],
        [
            -0.005409320816397667,
            -0.8969675898551941,
            -0.15354390442371368
        ],
        [
            0.00040652730967849493,
            -0.25131356716156006,
            0.04547736793756485
        ],
        [
            0.016852911561727524,
            -0.6682964563369751,
            -0.022098010405898094
        ],
        [
            0.01806655339896679,
            -0.49254822731018066,
            0.018249137327075005
        ],
        [
            -0.009166006930172443,
            -0.7832808494567871,
            -0.15626360476016998
        ],
        [
            -0.007468407042324543,
            -0.9179409742355347,
            -0.14870038628578186
        ]
    ],
    "pred_vertices": [
        [
            -0.005063584074378014,
            -0.8791245222091675,
            -0.24210688471794128
        ],
        [
            -0.01208430901169777,
            -0.8640749454498291,
            -0.24072185158729553
        ],
        [
            0.0018967390060424805,
            -0.8625134825706482,
            -0.2376544177532196
        ],
        [
            0.010422682389616966,
            -0.8747843503952026,
            -0.23516850173473358
        ],
        [
            -0.003436654806137085,
            -0.8525503873825073,
            -0.23785468935966492
        ],
        [
            -0.015589956194162369,
            -0.8527242541313171,
            -0.23929345607757568
        ],
        [
            0.01329043135046959,
            -0.8591232895851135,
            -0.23026211559772491
        ],
        [
            0.022194046527147293,
            -0.8678796291351318,
            -0.22573727369308472
        ],
        [
            0.025777505710721016,
            -0.8275260329246521,
            -0.21327152848243713
        ],
        [
            0.03397050499916077,
            -0.8252634406089783,
            -0.2056821882724762
        ],
        [
            0.032660964876413345,
            -0.8367223739624023,
            -0.21047699451446533
        ],
        [
            0.023986507207155228,
            -0.8359894752502441,
            -0.21607810258865356
        ],
        [
            0.02904854156076908,
            -0.803602933883667,
            -0.2025880664587021
        ],
        [
            0.02044106274843216,
            -0.7928389310836792,
            -0.20447930693626404
        ],
        [
            0.027719615027308464,
            -0.7866538763046265,
            -0.19456271827220917
        ],
        [
            0.03556608036160469,
            -0.7970993518829346,
            -0.19141541421413422
        ],
        [
            -0.020634859800338745,
            -0.801819384098053,
            -0.2138020396232605
        ],
        [
            -0.014634817838668823,
            -0.7953925132751465,
            -0.21373474597930908
        ],
        [
            -0.011410797014832497,
            -0.8018438220024109,
            -0.21657155454158783
        ],
        [
            -0.01787957176566124,
            -0.8075861930847168,
            -0.21582664549350739
        ],
        [
            -0.03236042335629463,
            -0.8102065324783325,
            -0.21721021831035614
        ],
        [
            -0.030371349304914474,
            -0.8163049221038818,
            -0.2162976711988449
        ],
        [
            -0.03720001503825188,
            -0.8189507722854614,
            -0.21941830217838287
        ],
        [
            -0.03882576525211334,
            -0.8118500113487244,
            -0.22146852314472198
        ],
        [
            -0.025091931223869324,
            -0.797115683555603,
            -0.20985493063926697
        ],
        [
            -0.018422476947307587,
            -0.790512204170227,
            -0.2096162736415863
        ],
        [
            -0.026079263538122177,
            -0.807184100151062,
            -0.21435245871543884
        ],
        [
            -0.028273683041334152,
            -0.8025161623954773,
            -0.2142215073108673
        ],
        [
            -0.0350412093102932,
            -0.7941741943359375,
            -0.22006741166114807
        ],
        [
            -0.033372439444065094,
            -0.7990105152130127,
            -0.2207232564687729
        ],
        [
            -0.039668891578912735,
            -0.7984910607337952,
            -0.2253473699092865
        ],
        [
            -0.0400313176214695,
            -0.7934677004814148,
            -0.22275331616401672
        ],
        [
            -0.028499484062194824,
            -0.795813798904419,
            -0.21318086981773376
        ],
        [
            -0.029457248747348785,
            -0.7978342771530151,
            -0.21663662791252136
        ],
        [
            -0.03238532319664955,
            -0.7937822341918945,
            -0.2165382206439972
        ],
        [
            -0.03200829401612282,
            -0.7926414012908936,
            -0.21253763139247894
        ],
        [
            -0.03390427306294441,
            -0.8054550886154175,
            -0.21826592087745667
        ],
        [
            -0.03974928706884384,
            -0.805610179901123,
            -0.22335907816886902
        ],
        [
            -0.046490442007780075,
            -0.805411696434021,
            -0.22803804278373718
        ],
        [
            -0.04638269543647766,
            -0.7965553402900696,
            -0.22923438251018524
        ],
        [
            -0.0004262421280145645,
            -0.7835129499435425,
            -0.2090100347995758
        ],
        [
            -0.007739821448922157,
            -0.7892446517944336,
            -0.21257361769676208
        ],
        [
            -0.011801585555076599,
            -0.7847412824630737,
            -0.2091265469789505
        ],
        [
            -0.0056444983929395676,
            -0.7799579501152039,
            -0.20713403820991516
        ],
        [
            -0.028979770839214325,
            -0.7904336452484131,
            -0.2093168944120407
        ],
        [
            -0.02389814332127571,
            -0.7749554514884949,
            -0.2066839635372162
        ],
        [
            -0.024196919053792953,
            -0.7784980535507202,
            -0.20812228322029114
        ],
        [
            -0.03145942836999893,
            -0.7785682082176208,
            -0.20910485088825226
        ],
        [
            -0.03053305670619011,
            -0.7752684354782104,
            -0.20793546736240387
        ],
        [
            0.00929686427116394,
            -0.7719618082046509,
            -0.19922390580177307
        ],
        [
            0.00232725590467453,
            -0.7699105739593506,
            -0.2005816400051117
        ],
        [
            0.004643980413675308,
            -0.7640812993049622,
            -0.19637928903102875
        ],
        [
            0.011789161711931229,
            -0.7652639150619507,
            -0.193256676197052
        ],
        [
            0.003924982622265816,
            -0.7590124607086182,
            -0.19283010065555573
        ],
        [
            0.013160297647118568,
            -0.7588111162185669,
            -0.18758393824100494
        ],
        [
            0.006597808562219143,
            -0.7460095882415771,
            -0.17974546551704407
        ],
        [
            0.010266764089465141,
            -0.751684308052063,
            -0.18320231139659882
        ],
        [
            0.0009171329438686371,
            -0.7538086175918579,
            -0.18991725146770477
        ],
        [
            -0.004744846373796463,
            -0.7484315633773804,
            -0.18891914188861847
        ],
        [
            -0.02017873153090477,
            -0.7510379552841187,
            -0.192521333694458
        ],
        [
            -0.026490934193134308,
            -0.7492848634719849,
            -0.1920415759086609
        ],
        [
            -0.02004167065024376,
            -0.7382346391677856,
            -0.18884901702404022
        ],
        [
            -0.012700578197836876,
            -0.7424231767654419,
            -0.18898411095142365
        ],
        [
            -0.021778840571641922,
            -0.77056884765625,
            -0.20099690556526184
        ],
        [
            -0.0170535147190094,
            -0.7712498307228088,
            -0.20022115111351013
        ],
        [
            -0.017963934689760208,
            -0.7719756364822388,
            -0.2027689516544342
        ],
        [
            -0.023188963532447815,
            -0.7723016738891602,
            -0.20421096682548523
        ],
        [
            -0.013039087876677513,
            -0.7713065147399902,
            -0.20009610056877136
        ],
        [
            -0.01125582866370678,
            -0.7711794376373291,
            -0.20011290907859802
        ],
        [
            -0.012092413380742073,
            -0.7720624208450317,
            -0.2014341801404953
        ],
        [
            -0.013633502647280693,
            -0.7718933820724487,
            -0.20080560445785522
        ],
        [
            -0.015589535236358643,
            -0.7715116143226624,
            -0.20038017630577087
        ],
        [
            -0.016442961990833282,
            -0.7696462273597717,
            -0.19970354437828064
        ],
        [
            -0.013929732143878937,
            -0.7704857587814331,
            -0.1999010443687439
        ],
        [
            -0.020738758146762848,
            -0.768248975276947,
            -0.2004012018442154
        ],
        [
            -0.03489593416452408,
            -0.7643039226531982,
            -0.20150727033615112
        ],
        [
            -0.03102470189332962,
            -0.7649842500686646,
            -0.20191557705402374
        ],
        [
            -0.03241310268640518,
            -0.7695462703704834,
            -0.20176662504673004
        ],
        [
            -0.03570926561951637,
            -0.7692748308181763,
            -0.2015002965927124
        ],
        [
            -0.014579236507415771,
            -0.7735215425491333,
            -0.20286931097507477
        ],
        [
            -0.01224035955965519,
            -0.7748829126358032,
            -0.20395857095718384
        ],
        [
            -0.01737765222787857,
            -0.776705265045166,
            -0.2061445713043213
        ],
        [
            -0.01785741001367569,
            -0.7743530869483948,
            -0.20428739488124847
        ],
        [
            -0.009982755407691002,
            -0.7765857577323914,
            -0.20556285977363586
        ],
        [
            -0.00992843322455883,
            -0.7732702493667603,
            -0.2022567093372345
        ],
        [
            -0.00678429938852787,
            -0.77393639087677,
            -0.2033606767654419
        ],
        [
            -0.011525258421897888,
            -0.7695466876029968,
            -0.19934815168380737
        ],
        [
            -0.008321618661284447,
            -0.7681776285171509,
            -0.19879989326000214
        ],
        [
            -0.008521849289536476,
            -0.7703515291213989,
            -0.20069503784179688
        ],
        [
            -0.009931689128279686,
            -0.765130341053009,
            -0.19727255403995514
        ],
        [
            -0.013989105820655823,
            -0.7676116228103638,
            -0.1985977292060852
        ],
        [
            -0.01814202591776848,
            -0.7652812004089355,
            -0.19894567131996155
        ],
        [
            -0.023592114448547363,
            -0.7629023790359497,
            -0.19965992867946625
        ],
        [
            -0.01958554983139038,
            -0.7590617537498474,
            -0.19667157530784607
        ],
        [
            -0.01396641694009304,
            -0.761925458908081,
            -0.1967061311006546
        ],
        [
            -0.01546119898557663,
            -0.7805254459381104,
            -0.20757189393043518
        ],
        [
            -0.0038466844707727432,
            -0.7700140476226807,
            -0.200702503323555
        ],
        [
            -0.0013120435178279877,
            -0.77587890625,
            -0.2040976881980896
        ],
        [
            -0.002967366948723793,
            -0.7657808661460876,
            -0.19825151562690735
        ],
        [
            -0.004154710099101067,
            -0.7618218660354614,
            -0.19566762447357178
        ],
        [
            -0.0076432377099990845,
            -0.7578555345535278,
            -0.19388213753700256
        ],
        [
            -0.013778382912278175,
            -0.7541712522506714,
            -0.19316451251506805
        ],
        [
            -0.011789018288254738,
            -0.7332572340965271,
            -0.1774989813566208
        ],
        [
            -0.0029896125197410583,
            -0.7387471199035645,
            -0.17890822887420654
        ],
        [
            -0.01598992943763733,
            -0.8465035557746887,
            -0.23352843523025513
        ],
        [
            -0.0068180151283741,
            -0.8459409475326538,
            -0.23487338423728943
        ],
        [
            -0.003919150680303574,
            -0.8399413824081421,
            -0.22853711247444153
        ],
        [
            -0.0025757048279047012,
            -0.8421231508255005,
            -0.22984068095684052
        ],
        [
            -0.008664993569254875,
            -0.8428072333335876,
            -0.23084770143032074
        ],
        [
            -0.008688276633620262,
            -0.8403139114379883,
            -0.2291642427444458
        ],
        [
            0.01545269601047039,
            -0.8365746736526489,
            -0.21912997961044312
        ],
        [
            0.008947836235165596,
            -0.8372336626052856,
            -0.22158771753311157
        ],
        [
            0.010320544242858887,
            -0.834007740020752,
            -0.21935105323791504
        ],
        [
            0.017893049865961075,
            -0.830339789390564,
            -0.21732111275196075
        ],
        [
            0.0010645706206560135,
            -0.8251574039459229,
            -0.2198546677827835
        ],
        [
            0.006329098716378212,
            -0.8271010518074036,
            -0.21926195919513702
        ],
        [
            0.0010347198694944382,
            -0.8328261375427246,
            -0.22202876210212708
        ],
        [
            -0.0027849972248077393,
            -0.8313765525817871,
            -0.22252456843852997
        ],
        [
            -0.007033990696072578,
            -0.8305395841598511,
            -0.22253099083900452
        ],
        [
            -0.011333510279655457,
            -0.8303971290588379,
            -0.22180217504501343
        ],
        [
            -0.010479506105184555,
            -0.8255375623703003,
            -0.21974575519561768
        ],
        [
            -0.0049757808446884155,
            -0.8248825669288635,
            -0.22006598114967346
        ],
        [
            -0.015415981411933899,
            -0.8438225984573364,
            -0.2294430136680603
        ],
        [
            -0.021672334522008896,
            -0.8435265421867371,
            -0.22590607404708862
        ],
        [
            -0.02003166452050209,
            -0.84075927734375,
            -0.22503474354743958
        ],
        [
            -0.014852829277515411,
            -0.8407280445098877,
            -0.2283880114555359
        ],
        [
            -0.026430122554302216,
            -0.8366943597793579,
            -0.21425089240074158
        ],
        [
            -0.0260113924741745,
            -0.8386655449867249,
            -0.21645185351371765
        ],
        [
            -0.029812060296535492,
            -0.83985435962677,
            -0.21634416282176971
        ],
        [
            -0.029832080006599426,
            -0.8358441591262817,
            -0.21389704942703247
        ],
        [
            -0.027587853372097015,
            -0.8328200578689575,
            -0.2140347957611084
        ],
        [
            -0.025332089513540268,
            -0.8348957896232605,
            -0.21466520428657532
        ],
        [
            -0.014157179743051529,
            -0.900444507598877,
            -0.24278147518634796
        ],
        [
            -0.0208013653755188,
            -0.8825621604919434,
            -0.2434518188238144
        ],
        [
            0.00544370524585247,
            -0.8965271711349487,
            -0.23729431629180908
        ],
        [
            0.019853731617331505,
            -0.8890709280967712,
            -0.2287367731332779
        ],
        [
            0.031653162091970444,
            -0.8782538175582886,
            -0.21953162550926208
        ],
        [
            0.018303588032722473,
            -0.7778680324554443,
            -0.1971794068813324
        ],
        [
            0.02305540069937706,
            -0.7710895538330078,
            -0.1895953118801117
        ],
        [
            0.034386228770017624,
            -0.7811973094940186,
            -0.1845494508743286
        ],
        [
            0.03582168370485306,
            -0.7730903625488281,
            -0.17581026256084442
        ],
        [
            0.024272507056593895,
            -0.7627934217453003,
            -0.18197444081306458
        ],
        [
            0.015828348696231842,
            -0.7471170425415039,
            -0.16829359531402588
        ],
        [
            0.021969463676214218,
            -0.7542562484741211,
            -0.1746234893798828
        ],
        [
            0.03481593728065491,
            -0.765976071357727,
            -0.16521966457366943
        ],
        [
            0.04632790759205818,
            -0.7815442085266113,
            -0.1587042510509491
        ],
        [
            0.045140210539102554,
            -0.7855291962623596,
            -0.17055872082710266
        ],
        [
            0.053831689059734344,
            -0.7996401786804199,
            -0.15424759685993195
        ],
        [
            0.04832189530134201,
            -0.7782119512557983,
            -0.14330264925956726
        ],
        [
            0.05533435195684433,
            -0.801335871219635,
            -0.14463187754154205
        ],
        [
            0.03938201069831848,
            -0.743664562702179,
            -0.12973113358020782
        ],
        [
            0.04440519958734512,
            -0.7346097826957703,
            -0.12283297628164291
        ],
        [
            0.05663950368762016,
            -0.7448678016662598,
            -0.11444307118654251
        ],
        [
            0.05342742055654526,
            -0.7538160681724548,
            -0.12264935672283173
        ],
        [
            0.04180021584033966,
            -0.7907679677009583,
            -0.18071645498275757
        ],
        [
            0.03684670105576515,
            -0.8485407829284668,
            -0.20766760408878326
        ],
        [
            0.028202548623085022,
            -0.8455948829650879,
            -0.21568143367767334
        ],
        [
            0.04099811986088753,
            -0.8376951217651367,
            -0.20176327228546143
        ],
        [
            0.042732588946819305,
            -0.9109916687011719,
            -0.20965424180030823
        ],
        [
            0.0307588092982769,
            -0.9014943242073059,
            -0.2211226522922516
        ],
        [
            0.04116751253604889,
            -0.8885297775268555,
            -0.21401910483837128
        ],
        [
            0.05111454054713249,
            -0.8990099430084229,
            -0.2041095495223999
        ],
        [
            0.011445201933383942,
            -0.9430564045906067,
            -0.21541652083396912
        ],
        [
            -0.000921890139579773,
            -0.9239567518234253,
            -0.23226115107536316
        ],
        [
            0.014291465282440186,
            -0.9144115447998047,
            -0.22753578424453735
        ],
        [
            0.026038285344839096,
            -0.9293448328971863,
            -0.21489669382572174
        ],
        [
            0.05823425576090813,
            -0.904194712638855,
            -0.19387564063072205
        ],
        [
            0.0671079233288765,
            -0.9107868671417236,
            -0.17861215770244598
        ],
        [
            0.06457474082708359,
            -0.9282437562942505,
            -0.1755741685628891
        ],
        [
            0.053335875272750854,
            -0.9220985174179077,
            -0.19417758285999298
        ],
        [
            0.054800938814878464,
            -0.9499779939651489,
            -0.1702956259250641
        ],
        [
            0.041529200971126556,
            -0.9430015683174133,
            -0.19306319952011108
        ],
        [
            0.059163130819797516,
            -0.7915394306182861,
            -0.12909537553787231
        ],
        [
            0.060419823974370956,
            -0.8091577291488647,
            -0.13479429483413696
        ],
        [
            0.04877381771802902,
            -0.7645611763000488,
            -0.13292990624904633
        ],
        [
            0.0594390369951725,
            -0.7765911817550659,
            -0.1221730187535286
        ],
        [
            0.039685897529125214,
            -0.9669212102890015,
            -0.16242524981498718
        ],
        [
            0.02469969168305397,
            -0.9598488807678223,
            -0.19019436836242676
        ],
        [
            0.07908692210912704,
            -0.9051128625869751,
            -0.12546218931674957
        ],
        [
            0.07738323509693146,
            -0.9195139408111572,
            -0.13881388306617737
        ],
        [
            0.07684339582920074,
