{
    "pred_cam": [
        1.1031153202056885,
        -0.08721262961626053,
        0.16885897517204285
    ],
    "pred_smpl_params": {
        "global_orient": [
            [
                [
                    0.9979061484336853,
                    0.06248759478330612,
                    -0.016688521951436996
                ],
                [
                    0.06347977370023727,
                    -0.9956889152526855,
                    0.06763078272342682
                ],
                [
                    -0.012390490621328354,
                    -0.06854856014251709,
                    -0.997570812702179
                ]
            ]
        ],
        "body_pose": [
            [
                [
                    0.9983128309249878,
                    -0.056194521486759186,
                    0.014619686640799046
                ],
                [
                    0.05175944045186043,
                    0.9753403663635254,
                    0.2145511656999588
                ],
                [
                    -0.02631576918065548,
                    -0.2134324610233307,
                    0.9766033887863159
                ]
            ],
            [
                [
                    0.9986944198608398,
                    0.03484572470188141,
                    0.03735237941145897
                ],
                [
                    -0.042449649423360825,
                    0.9728779196739197,
                    0.2273908108472824
                ],
                [
                    -0.028415707871317863,
                    -0.22867953777313232,
                    0.973086953163147
                ]
            ],
            [
                [
                    0.9998210668563843,
                    0.0039748321287333965,
                    -0.018498772755265236
                ],
                [
                    -0.0076826345175504684,
                    0.9787471294403076,
                    -0.2049267590045929
                ],
                [
                    0.017291070893406868,
                    0.20503216981887817,
                    0.9786025285720825
                ]
            ],
            [
                [
                    0.9931483864784241,
                    0.01664206013083458,
                    -0.11566930264234543
                ],
                [
                    -0.0854482650756836,
                    0.7786272764205933,
                    -0.6216414570808411
                ],
                [
                    0.07971788197755814,
                    0.6272659301757812,
                    0.774714469909668
                ]
            ],
            [
                [
                    0.989265501499176,
                    -0.03378836810588837,
                    0.14216963946819305
                ],
                [
                    0.1188887283205986,
                    0.7517896294593811,
                    -0.6485968828201294
                ],
                [
                    -0.08496662974357605,
                    0.6585367918014526,
                    0.7477365732192993
                ]
            ],
            [
                [
                    0.9991269707679749,
                    -0.04164031520485878,
                    0.0033726494293659925
                ],
                [
                    0.041336413472890854,
                    0.9970602989196777,
                    0.06451427936553955
                ],
                [
                    -0.0060491301119327545,
                    -0.06431854516267776,
                    0.9979110956192017
                ]
            ],
            [
                [
                    0.9797763824462891,
                    0.06567765772342682,
                    0.18900984525680542
                ],
                [
                    -0.0824924036860466,
                    0.9931702613830566,
                    0.0825088769197464
                ],
                [
                    -0.18230000138282776,
                    -0.09643211960792542,
                    0.9785026907920837
                ]
            ],
            [
                [
                    0.9774050712585449,
                    -0.061005301773548126,
                    -0.20238010585308075
                ],
                [
                    0.06645375490188599,
                    0.9975844025611877,
                    0.020230792462825775
                ],
                [
                    0.20065703988075256,
                    -0.03322259709239006,
                    0.9790980815887451
                ]
            ],
            [
                [
                    0.9994656443595886,
                    -0.031236128881573677,
                    -0.009626991115510464
                ],
                [
                    0.03025936707854271,
                    0.9955876469612122,
                    -0.08882352709770203
                ],
                [
                    0.012359016574919224,
                    0.0884847640991211,
                    0.9960008263587952
                ]
            ],
            [
                [
                    0.9834469556808472,
                    -0.1762966811656952,
                    -0.04185232147574425
                ],
                [
                    0.18083223700523376,
                    0.9695674180984497,
                    0.16504155099391937
                ],
                [
                    0.011482366360723972,
                    -0.16987785696983337,
                    0.9853982329368591
                ]
            ],
            [
                [
                    0.9837075471878052,
                    0.1748715341091156,
                    0.041705869138240814
                ],
                [
                    -0.17958901822566986,
                    0.9664547443389893,
                    0.1836112141609192
                ],
                [
                    -0.008198460564017296,
                    -0.1881096512079239,
                    0.9821138381958008
                ]
            ],
            [
                [
                    0.9757393598556519,
                    -0.04371831566095352,
                    -0.21452564001083374
                ],
                [
                    0.04959047958254814,
                    0.9985259175300598,
                    0.02206503041088581
                ],
                [
                    0.2132447510957718,
                    -0.03216814994812012,
                    0.9764690399169922
                ]
            ],
            [
                [
                    0.9149778485298157,
                    0.37557539343833923,
                    0.14750812947750092
                ],
                [
                    -0.37018346786499023,
                    0.9267852306365967,
                    -0.06350862234830856
                ],
                [
                    -0.16056062281131744,
                    0.0035039125941693783,
                    0.9870197772979736
                ]
            ],
            [
                [
                    0.9431001543998718,
                    -0.30386412143707275,
                    -0.13501422107219696
                ],
                [
                    0.30681654810905457,
                    0.9517679810523987,
                    0.0011151841608807445
                ],
                [
                    0.12816335260868073,
                    -0.04247632622718811,
                    0.9908430576324463
                ]
            ],
            [
                [
                    0.9871975779533386,
                    -0.051540274173021317,
                    -0.15094497799873352
                ],
                [
                    0.023479340597987175,
                    0.983001708984375,
                    -0.18208889663219452
                ],
                [
                    0.15776407718658447,
                    0.17621365189552307,
                    0.9716270565986633
                ]
            ],
            [
                [
                    0.5133340358734131,
                    0.8475574851036072,
                    -0.13466398417949677
                ],
                [
                    -0.8549557328224182,
                    0.5186727643013,
                    0.005400051828473806
                ],
                [
                    0.0744234099984169,
                    0.11235971748828888,
                    0.9908765554428101
                ]
            ],
            [
                [
                    0.665861964225769,
                    -0.7288017272949219,
                    0.1596115231513977
                ],
                [
                    0.7327584624290466,
                    0.6790758371353149,
                    0.04382936283946037
                ],
                [
                    -0.14033125340938568,
                    0.08777239173650742,
                    0.9862064123153687
                ]
            ],
            [
                [
                    0.6111257672309875,
                    -0.3340670168399811,
                    -0.7175823450088501
                ],
                [
                    0.34010088443756104,
                    0.9294445514678955,
                    -0.14305303990840912
                ],
                [
                    0.7147423624992371,
                    -0.15662702918052673,
                    0.6816239953041077
                ]
            ],
            [
                [
                    0.3903335928916931,
                    0.3894813358783722,
                    0.8342325091362
                ],
                [
                    -0.4358224868774414,
                    0.876325249671936,
                    -0.2052139788866043
                ],
                [
                    -0.8109861016273499,
                    -0.283475399017334,
                    0.511803925037384
                ]
            ],
            [
                [
                    0.9968236088752747,
                    -0.07560871541500092,
                    0.025020506232976913
                ],
                [
                    0.07331554591655731,
                    0.9938908219337463,
                    0.08249789476394653
                ],
                [
                    -0.03110520914196968,
                    -0.0804014503955841,
                    0.9962771534919739
                ]
            ],
            [
                [
                    0.9910647869110107,
                    0.13161148130893707,
                    -0.02165759541094303
                ],
                [
                    -0.13154004514217377,
                    0.9912997484207153,
                    0.004697137977927923
                ],
                [
                    0.02208736538887024,
                    -0.0018063269089907408,
                    0.9997544288635254
                ]
            ],
            [
                [
                    0.9663691520690918,
                    0.23405106365680695,
                    -0.10654080659151077
                ],
                [
                    -0.22137218713760376,
                    0.9679625034332275,
                    0.11850312352180481
                ],
                [
                    0.1308632791042328,
                    -0.09093257784843445,
                    0.9872214794158936
                ]
            ],
            [
                [
                    0.9707385897636414,
                    -0.22758081555366516,
                    0.0766398087143898
                ],
                [
                    0.21747872233390808,
                    0.968498170375824,
                    0.12130264192819595
                ],
                [
                    -0.10183166712522507,
                    -0.1010856181383133,
                    0.9896525144577026
                ]
            ]
        ],
        "betas": [
            -0.07445207238197327,
            -0.07589560747146606,
            0.08231541514396667,
            0.04201787710189819,
            0.021112263202667236,
            0.016283903270959854,
            0.016790330410003662,
            -0.08574360609054565,
            0.0440877228975296,
            -0.040058791637420654
        ]
    },
    "pred_cam_t": [
        -0.08721262961626053,
        0.16885897517204285,
        35.411075592041016
    ],
    "focal_length": [
        5000.0,
        5000.0
    ],
    "pred_keypoints_3d": [
        [
            -0.04944335296750069,
            -0.7887746691703796,
            -0.217298686504364
        ],
        [
            0.015402628108859062,
            -0.7264076471328735,
            -0.046401988714933395
        ],
        [
            -0.16000959277153015,
            -0.6430831551551819,
            0.007536835968494415
        ],
        [
            -0.2524721026420593,
            -0.4188259243965149,
            0.0807323008775711
        ],
        [
            -0.41152656078338623,
            -0.338545024394989,
            -0.09996365010738373
        ],
        [
            0.19150620698928833,
            -0.6372475028038025,
            -0.014163058251142502
        ],
        [
            0.224238783121109,
            -0.4009554088115692,
            0.08821439743041992
        ],
        [
            0.33637455105781555,
            -0.2226247787475586,
            -0.04218736290931702
        ],
        [
            -0.0017589458730071783,
            -0.2236633598804474,
            0.028628364205360413
        ],
        [
            -0.0752541720867157,
            -0.13807973265647888,
            0.039843589067459106
        ],
        [
            -0.1507706642150879,
            0.23246249556541443,
            -0.01314028725028038
        ],
        [
            -0.16508950293064117,
            0.5441877841949463,
            0.23371118307113647
        ],
        [
            0.062397707253694534,
            -0.12861797213554382,
            0.04076281562447548
        ],
        [
            0.09278610348701477,
            0.24079644680023193,
            -0.00879538431763649
        ],
        [
            0.07226051390171051,
            0.5581150054931641,
            0.22971922159194946
        ],
        [
            -0.06948082149028778,
            -0.8371925354003906,
            -0.18508663773536682
        ],
        [
            -0.01040230318903923,
            -0.8353684544563293,
            -0.21526095271110535
        ],
        [
            -0.06398732215166092,
            -0.8516789674758911,
            -0.08292262256145477
        ],
        [
            0.06797019392251968,
            -0.8474757671356201,
            -0.14855355024337769
        ],
        [
            0.07559150457382202,
            0.6884981393814087,
            0.07969865202903748
        ],
        [
            0.1408177614212036,
            0.6753819584846497,
            0.13053202629089355
        ],
        [
            0.07489155232906342,
            0.5645478963851929,
            0.3007599711418152
        ],
        [
            -0.16800306737422943,
            0.6812548637390137,
            0.09248676896095276
        ],
        [
            -0.24055783450603485,
            0.6605167388916016,
            0.13674333691596985
        ],
        [
            -0.16888166964054108,
            0.5540786981582642,
            0.30715611577033997
        ],
        [
            -0.18396730720996857,
            0.4885360300540924,
            0.2303573489189148
        ],
        [
            -0.1416873335838318,
            0.17247547209262848,
            -0.01555735245347023
        ],
        [
            -0.14728230237960815,
            -0.26663053035736084,
            0.040400534868240356
        ],
        [
            0.14682896435260773,
            -0.2329346239566803,
            0.0510634183883667
        ],
        [
            0.10412707179784775,
            0.20133525133132935,
            -0.010257922112941742
        ],
        [
            0.0822179913520813,
            0.5171297192573547,
            0.23629111051559448
        ],
        [
            -0.3878844380378723,
            -0.3665241003036499,
            -0.10702770948410034
        ],
        [
            -0.27857139706611633,
            -0.4532448649406433,
            0.06799279898405075
        ],
        [
            -0.12823577225208282,
            -0.6711771488189697,
            -0.004927660338580608
        ],
        [
            0.1596280038356781,
            -0.6676532030105591,
            -0.02105051279067993
        ],
        [
            0.26349562406539917,
            -0.4293749928474426,
            0.061843857169151306
        ],
        [
            0.337421715259552,
            -0.2452462613582611,
            -0.0453956313431263
        ],
        [
            0.01909187249839306,
            -0.7211554050445557,
            -0.04217268154025078
        ],
        [
            -0.007266853004693985,
            -0.8961306214332581,
            -0.14405354857444763
        ],
        [
            0.0004975328920409083,
            -0.24981580674648285,
            0.04559699445962906
        ],
        [
            0.01578177697956562,
            -0.6666654348373413,
            -0.016700642183423042
        ],
        [
            0.017059005796909332,
            -0.4906732141971588,
            0.021746164187788963
        ],
        [
            -0.00852920114994049,
            -0.7825866341590881,
            -0.14882181584835052
        ],
        [
            -0.009892555885016918,
            -0.916968822479248,
            -0.1390448808670044
        ]
    ],
    "pred_vertices": [
        [
            -0.0037030503153800964,
            -0.879812479019165,
            -0.23290273547172546
        ],
        [
            -0.010440643876791,
            -0.8645751476287842,
            -0.2319449782371521
        ],
        [
            0.0034441612660884857,
            -0.8632466197013855,
            -0.22845080494880676
        ],
        [
            0.011616025120019913,
            -0.8757066130638123,
            -0.2254931479692459
        ],
        [
            -0.0016528330743312836,
            -0.8531588912010193,
            -0.22900895774364471
        ],
        [
            -0.01370716467499733,
            -0.8530870676040649,
            -0.23085814714431763
        ],
        [
            0.01464373804628849,
            -0.859969973564148,
            -0.22074897587299347
        ],
        [
            0.02318032830953598,
            -0.8689239621162415,
            -0.2157735526561737
        ],
        [
            0.027357682585716248,
            -0.8283737897872925,
            -0.2039465606212616
        ],
        [
            0.0353279747068882,
            -0.8261672258377075,
            -0.19615091383457184
        ],
        [
            0.03388497605919838,
            -0.8376432657241821,
            -0.20076341927051544
        ],
        [
            0.025415826588869095,
            -0.8368122577667236,
            -0.20665331184864044
        ],
        [
            0.03074626810848713,
            -0.8043454885482788,
            -0.19356895983219147
        ],
        [
            0.022448774427175522,
            -0.793436586856842,
            -0.19591400027275085
        ],
        [
            0.0294964499771595,
            -0.7872462272644043,
            -0.18586184084415436
        ],
        [
            0.03699789196252823,
            -0.7977956533432007,
            -0.18227781355381012
        ],
        [
            -0.01838846504688263,
            -0.8016746044158936,
            -0.20637929439544678
        ],
        [
            -0.01228334754705429,
            -0.7953945398330688,
            -0.2062169909477234
        ],
        [
            -0.009103279560804367,
            -0.8019517660140991,
            -0.20885345339775085
        ],
        [
            -0.01569448411464691,
            -0.8075307607650757,
            -0.20822525024414062
        ],
        [
            -0.030163999646902084,
            -0.8098345994949341,
            -0.21002158522605896
        ],
        [
            -0.028342295438051224,
            -0.81595778465271,
            -0.20896701514720917
        ],
        [
            -0.03512196987867355,
            -0.8185099363327026,
            -0.21223857998847961
        ],
        [
            -0.036521557718515396,
            -0.8114137649536133,
            -0.21443159878253937
        ],
        [
            -0.022857479751110077,
            -0.7968184947967529,
            -0.20264406502246857
        ],
        [
            -0.016097918152809143,
            -0.7903844118118286,
            -0.20228426158428192
        ],
        [
            -0.023908983916044235,
            -0.8069173693656921,
            -0.20702309906482697
        ],
        [
            -0.026006430387496948,
            -0.802184522151947,
            -0.20702198147773743
        ],
        [
            -0.032391224056482315,
            -0.7938147187232971,
            -0.21317575871944427
        ],
        [
            -0.03081274777650833,
            -0.798688530921936,
            -0.21370461583137512
        ],
        [
            -0.03692719340324402,
            -0.79811692237854,
            -0.2185228019952774
        ],
        [
            -0.03726508095860481,
            -0.7930433750152588,
            -0.21602801978588104
        ],
        [
            -0.02611340582370758,
            -0.7954680919647217,
            -0.2060793936252594
        ],
        [
            -0.027001753449440002,
            -0.7975199818611145,
            -0.2095205932855606
        ],
        [
            -0.029838677495718002,
            -0.7934101223945618,
            -0.20957589149475098
        ],
        [
            -0.029574692249298096,
            -0.7922159433364868,
            -0.2055874764919281
        ],
        [
            -0.03155066445469856,
            -0.8050639629364014,
            -0.21117861568927765
        ],
        [
            -0.03722728416323662,
            -0.80518639087677,
            -0.21643978357315063
        ],
        [
            -0.043801888823509216,
            -0.8049258589744568,
            -0.22130730748176575
        ],
        [
            -0.04347129911184311,
            -0.7961015701293945,
            -0.22264117002487183
        ],
        [
            0.001957157626748085,
            -0.7837746739387512,
            -0.20124265551567078
        ],
        [
            -0.005312932655215263,
            -0.7893897294998169,
            -0.20494091510772705
        ],
        [
            -0.009398426860570908,
            -0.7847630977630615,
            -0.20167788863182068
        ],
        [
            -0.003233477473258972,
            -0.7800952196121216,
            -0.19956596195697784
        ],
        [
            -0.026627682149410248,
            -0.7900381088256836,
            -0.20231929421424866
        ],
        [
            -0.02135300263762474,
            -0.7746697664260864,
            -0.19978269934654236
        ],
        [
            -0.021670054644346237,
            -0.7782246470451355,
            -0.20115476846694946
        ],
        [
            -0.028887666761875153,
            -0.7781600952148438,
            -0.20236194133758545
        ],
        [
            -0.027940575033426285,
            -0.7748651504516602,
            -0.20123647153377533
        ],
        [
            0.011560979299247265,
            -0.7723062634468079,
            -0.1913328319787979
        ],
        [
            0.004686640575528145,
            -0.7701516151428223,
            -0.192904531955719
        ],
        [
            0.0069587938487529755,
            -0.7643166184425354,
            -0.18873435258865356
        ],
        [
            0.013957487419247627,
            -0.7655767202377319,
            -0.18541082739830017
        ],
        [
            0.006176086142659187,
            -0.759199857711792,
            -0.18529531359672546
        ],
        [
            0.01522268820554018,
            -0.759074330329895,
            -0.17980268597602844
        ],
        [
            0.00864799041301012,
            -0.7460198402404785,
            -0.17237305641174316
        ],
        [
            0.012318886816501617,
            -0.7518218755722046,
            -0.17564161121845245
        ],
        [
            0.0031707938760519028,
            -0.7539021968841553,
            -0.18255920708179474
        ],
        [
            -0.0024039987474679947,
            -0.7483984231948853,
            -0.18181473016738892
        ],
        [
            -0.017660900950431824,
            -0.7507175207138062,
            -0.18587681651115417
        ],
        [
            -0.023921165615320206,
            -0.7488404512405396,
            -0.18560358881950378
        ],
        [
            -0.01741047203540802,
            -0.7378885746002197,
            -0.18237969279289246
        ],
        [
            -0.010209104046225548,
            -0.7422380447387695,
            -0.18221589922904968
        ],
        [
            -0.019339952617883682,
            -0.7702666521072388,
            -0.19411370158195496
        ],
        [
            -0.014665186405181885,
            -0.7710375785827637,
            -0.19317638874053955
        ],
        [
            -0.015496354550123215,
            -0.7717809677124023,
            -0.19573689997196198
        ],
        [
            -0.020663633942604065,
            -0.7720129489898682,
            -0.19734537601470947
        ],
        [
            -0.010670002549886703,
            -0.771192193031311,
            -0.19290924072265625
        ],
        [
            -0.008887670934200287,
            -0.7711055278778076,
            -0.19286367297172546
        ],
        [
            -0.009690281003713608,
            -0.7719831466674805,
            -0.19419968128204346
        ],
        [
            -0.011226162314414978,
            -0.7717684507369995,
            -0.1936284303665161
        ],
        [
            -0.013189028948545456,
            -0.7713386416435242,
            -0.1932767778635025
        ],
        [
            -0.014031317085027695,
            -0.769454300403595,
            -0.19266051054000854
        ],
        [
            -0.011553358286619186,
            -0.7703545689582825,
            -0.19275695085525513
        ],
        [
            -0.018266160041093826,
            -0.7679799795150757,
            -0.19351792335510254
        ],
        [
            -0.032281070947647095,
            -0.7637287378311157,
            -0.19512754678726196
        ],
        [
            -0.028414040803909302,
            -0.7645223140716553,
            -0.19540347158908844
        ],
        [
            -0.029890041798353195,
            -0.7690284848213196,
            -0.1952282190322876
        ],
        [
            -0.033192455768585205,
            -0.7686655521392822,
            -0.19507090747356415
        ],
        [
            -0.012139718979597092,
            -0.7733781337738037,
            -0.1956956684589386
        ],
        [
            -0.00980990007519722,
            -0.7748347520828247,
            -0.1966683268547058
        ],
        [
            -0.014889724552631378,
            -0.776578426361084,
            -0.1989843249320984
        ],
        [
            -0.015387013554573059,
            -0.7741825580596924,
            -0.1971987783908844
        ],
        [
            -0.007530013099312782,
            -0.7766107320785522,
            -0.1981753706932068
        ],
        [
            -0.007529318332672119,
            -0.7732516527175903,
            -0.19492217898368835
        ],
        [
            -0.004387537017464638,
            -0.7739921808242798,
            -0.19591185450553894
        ],
        [
            -0.009156715124845505,
            -0.7694670557975769,
            -0.1921350061893463
        ],
        [
            -0.005956349894404411,
            -0.7681697607040405,
            -0.19149312376976013
        ],
        [
            -0.006128396838903427,
            -0.7703590393066406,
            -0.1933581680059433
        ],
        [
            -0.007561309263110161,
            -0.7650728821754456,
            -0.1900806427001953
        ],
        [
            -0.01160416379570961,
            -0.7674716114997864,
            -0.19150952994823456
        ],
        [
            -0.015687599778175354,
            -0.7650647163391113,
            -0.19203364849090576
        ],
        [
            -0.021050602197647095,
            -0.7625813484191895,
            -0.1929650753736496
        ],
        [
            -0.017084844410419464,
            -0.758795976638794,
            -0.18990755081176758
        ],
        [
            -0.011538892984390259,
            -0.7617743015289307,
            -0.18971161544322968
        ],
        [
            -0.01301855593919754,
            -0.7804293632507324,
            -0.20029544830322266
        ],
        [
            -0.001460876315832138,
            -0.7701301574707031,
            -0.19321046769618988
        ],
        [
            0.0010626353323459625,
            -0.7760785222053528,
            -0.19644448161125183
        ],
        [
            -0.000592375174164772,
            -0.7658921480178833,
            -0.19080112874507904
        ],
        [
            -0.0018007531762123108,
            -0.7618758678436279,
            -0.18833507597446442
        ],
        [
            -0.005296887829899788,
            -0.7578271627426147,
            -0.18672499060630798
        ],
        [
            -0.01133040338754654,
            -0.7539879083633423,
            -0.18628433346748352
        ],
        [
            -0.0094893928617239,
            -0.7328763604164124,
            -0.17090000212192535
        ],
        [
            -0.0008093230426311493,
            -0.7385681867599487,
            -0.1719420999288559
        ],
        [
            -0.014134295284748077,
            -0.8467631340026855,
            -0.2252386510372162
        ],
        [
            -0.004937632009387016,
            -0.8463994264602661,
            -0.22628214955329895
        ],
        [
            -0.0020904671400785446,
            -0.8403530120849609,
            -0.21997234225273132
        ],
        [
            -0.0007530413568019867,
            -0.842613697052002,
            -0.22118200361728668
        ],
        [
            -0.006823237985372543,
            -0.8431525230407715,
            -0.2223883718252182
        ],
        [
            -0.00683525949716568,
            -0.8406297564506531,
            -0.22074949741363525
        ],
        [
            0.017013832926750183,
            -0.8372591733932495,
            -0.20997123420238495
        ],
        [
            0.010591447353363037,
            -0.8378061056137085,
            -0.21263983845710754
        ],
        [
            0.011947333812713623,
            -0.8345794677734375,
            -0.21041321754455566
        ],
        [
            0.019525811076164246,
            -0.8310532569885254,
            -0.2082001268863678
        ],
        [
            0.002928147092461586,
            -0.8255516290664673,
            -0.21135811507701874
        ],
        [
            0.008107760921120644,
            -0.8275953531265259,
            -0.2105696052312851
        ],
        [
            0.002806439995765686,
            -0.8332502841949463,
            -0.2133997082710266
        ],
        [
            -0.000949101522564888,
            -0.8317247033119202,
            -0.21404610574245453
        ],
        [
            -0.005166977643966675,
            -0.8307859897613525,
            -0.21421591937541962
        ],
        [
            -0.009489931166172028,
            -0.830535352230072,
            -0.21362845599651337
        ],
        [
            -0.00858166441321373,
            -0.8256621360778809,
            -0.21161885559558868
        ],
        [
            -0.003070821985602379,
            -0.825142502784729,
            -0.21177087724208832
        ],
        [
            -0.013614468276500702,
            -0.8439877033233643,
            -0.2211991846561432
        ],
        [
            -0.019984308630228043,
            -0.8434919118881226,
            -0.21786731481552124
        ],
        [
            -0.018302369862794876,
            -0.840746283531189,
            -0.21699535846710205
        ],
        [
            -0.013008948415517807,
            -0.8408948183059692,
            -0.22017864882946014
        ],
        [
            -0.024941589683294296,
            -0.8363415002822876,
            -0.20650216937065125
        ],
        [
            -0.02450374886393547,
            -0.8383567333221436,
            -0.2086612433195114
        ],
        [
            -0.02831447124481201,
            -0.8394579887390137,
            -0.20866785943508148
        ],
        [
            -0.028323132544755936,
            -0.8354184031486511,
            -0.20627617835998535
        ],
        [
            -0.02600608393549919,
            -0.8324517607688904,
            -0.20637661218643188
        ],
        [
            -0.023782212287187576,
            -0.8345794677734375,
            -0.20690131187438965
        ],
        [
            -0.01319483295083046,
            -0.901002049446106,
            -0.2334928810596466
        ],
        [
            -0.019471872597932816,
            -0.8829071521759033,
            -0.2347436249256134
        ],
        [
            0.00625135563313961,
            -0.8973703384399414,
            -0.22742506861686707
        ],
        [
            0.02053983509540558,
            -0.8900848031044006,
            -0.21852605044841766
        ],
        [
            0.032210078090429306,
            -0.8793962597846985,
            -0.20912060141563416
        ],
        [
            0.02036541886627674,
            -0.7783417701721191,
            -0.18891911208629608
        ],
        [
            0.024975912645459175,
            -0.7715502977371216,
            -0.18132202327251434
        ],
        [
            0.035911623388528824,
            -0.7817635536193848,
            -0.17573367059230804
        ],
        [
            0.037206362932920456,
            -0.7735492587089539,
            -0.16714845597743988
        ],
        [
            0.02607940509915352,
            -0.7631562352180481,
            -0.1738298088312149
        ],
        [
            0.017451202496886253,
            -0.7470452785491943,
            -0.16069680452346802
        ],
        [
            0.023687932640314102,
            -0.7544220685958862,
            -0.16672784090042114
        ],
        [
            0.035982705652713776,
            -0.7662107944488525,
            -0.1568041294813156
        ],
        [
            0.04700084030628204,
            -0.7818681001663208,
            -0.14968952536582947
        ],
        [
            0.04606344550848007,
            -0.7860581874847412,
            -0.16135743260383606
        ],
        [
            0.05397941917181015,
            -0.8000331521034241,
            -0.14473196864128113
        ],
        [
            0.0484803132712841,
            -0.7782706022262573,
            -0.13446082174777985
        ],
        [
            0.055097103118896484,
            -0.8015824556350708,
            -0.13515913486480713
        ],
        [
            0.0394357293844223,
            -0.7433891296386719,
            -0.12194918841123581
        ],
        [
            0.044280897825956345,
            -0.7342818379402161,
            -0.11522486805915833
        ],
        [
            0.05627703666687012,
            -0.7445367574691772,
            -0.1065233051776886
        ],
        [
            0.05318942293524742,
            -0.7536259889602661,
            -0.11445292085409164
        ],
        [
            0.04299395531415939,
            -0.7914158701896667,
            -0.17149044573307037
        ],
        [
            0.03768850490450859,
            -0.8495714068412781,
            -0.19762316346168518
        ],
        [
            0.029384242370724678,
            -0.8465429544448853,
            -0.2059369683265686
        ],
        [
            0.04184398055076599,
            -0.838672399520874,
            -0.19178545475006104
        ],
        [
            0.04230642691254616,
            -0.9122204184532166,
            -0.19832837581634521
        ],
        [
            0.03093593195080757,
            -0.9026525616645813,
            -0.21037045121192932
        ],
        [
            0.041342295706272125,
            -0.88974928855896,
            -0.20310159027576447
        ],
        [
            0.05073615908622742,
            -0.9002702236175537,
            -0.19270895421504974
        ],
        [
            0.01058356836438179,
            -0.9437143802642822,
            -0.20457574725151062
        ],
        [
            -0.0008127950131893158,
            -0.9245985150337219,
            -0.22215010225772858
        ],
        [
            0.01442781463265419,
            -0.9152803421020508,
            -0.21709513664245605
        ],
        [
            0.025437764823436737,
            -0.9303184151649475,
            -0.20380191504955292
        ],
        [
            0.057446304708719254,
            -0.9054566025733948,
            -0.18217554688453674
        ],
        [
            0.0656215101480484,
            -0.9119375348091125,
            -0.16652613878250122
        ],
        [
            0.06264767050743103,
            -0.9292329549789429,
            -0.16315752267837524
        ],
        [
            0.05212830379605293,
            -0.9232715964317322,
            -0.18225139379501343
        ],
        [
            0.05221438780426979,
            -0.9506477117538452,
            -0.15782222151756287
        ],
        [
            0.039870209991931915,
            -0.9438681602478027,
            -0.18116527795791626
        ],
        [
            0.05860748142004013,
            -0.7915583848953247,
            -0.11984453350305557
        ],
        [
            0.059666477143764496,
            -0.8093858361244202,
            -0.1250954270362854
        ],
        [
            0.04873444512486458,
            -0.7644774317741394,
            -0.12447366863489151
        ],
        [
            0.058936141431331635,
            -0.7764872908592224,
            -0.1133483424782753
        ],
        [
            0.03648233413696289,
            -0.9670235514640808,
            -0.15014471113681793
        ],
        [
            0.022635020315647125,
            -0.9602677822113037,
            -0.17855441570281982
        ],
        [
            0.07599928230047226,
            -0.9055157899856567,
            -0.11320601403713226
        ],
        [
            0.0743509903550148,
            -0.9201239347457886,
            -0.12626585364341736
        ],
        [
            0.07467241585254669,
