{
    "pred_cam": [
        1.1435025930404663,
        -0.0972423255443573,
        0.1713142991065979
    ],
    "pred_smpl_params": {
        "global_orient": [
            [
                [
                    0.9981095790863037,
                    0.05913764610886574,
                    -0.016732506453990936
                ],
                [
                    0.06030838191509247,
                    -0.99486243724823,
                    0.08131227642297745
                ],
                [
                    -0.01183792483061552,
                    -0.08216767013072968,
                    -0.9965482354164124
                ]
            ]
        ],
        "body_pose": [
            [
                [
                    0.9984276294708252,
                    -0.05550069734454155,
                    0.007864358834922314
                ],
                [
                    0.05219437554478645,
                    0.9716330170631409,
                    0.23066218197345734
                ],
                [
                    -0.020443186163902283,
                    -0.22988905012607574,
                    0.9730020761489868
                ]
            ],
            [
                [
                    0.9987455606460571,
                    0.033144332468509674,
                    0.037533149123191833
                ],
                [
                    -0.04095840081572533,
                    0.9719504714012146,
                    0.23159195482730865
                ],
                [
                    -0.028804397210478783,
                    -0.2328387349843979,
                    0.9720887541770935
                ]
            ],
            [
                [
                    0.999846875667572,
                    0.010884896852076054,
                    -0.013697001151740551
                ],
                [
                    -0.013613678514957428,
                    0.9757825136184692,
                    -0.21831902861595154
                ],
                [
                    0.010988916270434856,
                    0.21847209334373474,
                    0.975781261920929
                ]
            ],
            [
                [
                    0.9935867190361023,
                    0.010041113942861557,
                    -0.1126258447766304
                ],
                [
                    -0.07739102095365524,
                    0.786581814289093,
                    -0.6126171350479126
                ],
                [
                    0.08243805915117264,
                    0.6174045205116272,
                    0.7823143601417542
                ]
            ],
            [
                [
                    0.9898708462715149,
                    -0.03308940306305885,
                    0.13806107640266418
                ],
                [
                    0.11307497322559357,
                    0.7717841267585754,
                    -0.6257503032684326
                ],
                [
                    -0.0858476385474205,
                    0.6350231766700745,
                    0.7677081823348999
                ]
            ],
            [
                [
                    0.9990633130073547,
                    -0.0429241880774498,
                    0.005476987920701504
                ],
                [
                    0.04247133806347847,
                    0.9969252943992615,
                    0.06584940105676651
                ],
                [
                    -0.008286680094897747,
                    -0.06555511057376862,
                    0.9978145360946655
                ]
            ],
            [
                [
                    0.9800492525100708,
                    0.07337087392807007,
                    0.18471641838550568
                ],
                [
                    -0.0905371829867363,
                    0.9921492338180542,
                    0.0862729623913765
                ],
                [
                    -0.1769363135099411,
                    -0.10127545893192291,
                    0.9789978861808777
                ]
            ],
            [
                [
                    0.977867603302002,
                    -0.06260062009096146,
                    -0.19964034855365753
                ],
                [
                    0.06714238971471786,
                    0.9976142644882202,
                    0.016054395586252213
                ],
                [
                    0.19815902411937714,
                    -0.02910340204834938,
                    0.9797378182411194
                ]
            ],
            [
                [
                    0.9994603991508484,
                    -0.03218730166554451,
                    -0.006545602343976498
                ],
                [
                    0.03149047866463661,
                    0.9956516623497009,
                    -0.08767006546258926
                ],
                [
                    0.009339003823697567,
                    0.0874166414141655,
                    0.9961280226707458
                ]
            ],
            [
                [
                    0.9811044335365295,
                    -0.18767203390598297,
                    -0.04704492539167404
                ],
                [
                    0.19287197291851044,
                    0.9679167866706848,
                    0.16105127334594727
                ],
                [
                    0.015310749411582947,
                    -0.1670817881822586,
                    0.9858241081237793
                ]
            ],
            [
                [
                    0.9835366606712341,
                    0.1787518560886383,
                    0.026521367952227592
                ],
                [
                    -0.18057124316692352,
                    0.9664251208305359,
                    0.18280178308486938
                ],
                [
                    0.007045241538435221,
                    -0.18458124995231628,
                    0.9827919602394104
                ]
            ],
            [
                [
                    0.9681954979896545,
                    -0.04064938426017761,
                    -0.2468707114458084
                ],
                [
                    0.048870570957660675,
                    0.9984329342842102,
                    0.027263570576906204
                ],
                [
                    0.2453756183385849,
                    -0.03846117854118347,
                    0.968664824962616
                ]
            ],
            [
                [
                    0.9139819145202637,
                    0.377922922372818,
                    0.1476866602897644
                ],
                [
                    -0.37232714891433716,
                    0.9258267879486084,
                    -0.06494061648845673
                ],
                [
                    -0.16127480566501617,
                    0.004366796929389238,
                    0.9868999123573303
                ]
            ],
            [
                [
                    0.946552574634552,
                    -0.29586243629455566,
                    -0.1284659504890442
                ],
                [
                    0.2999371588230133,
                    0.9538679122924805,
                    0.013175387866795063
                ],
                [
                    0.1186414584517479,
                    -0.05100291222333908,
                    0.9916262626647949
                ]
            ],
            [
                [
                    0.9819238781929016,
                    -0.053648557513952255,
                    -0.18151365220546722
                ],
                [
                    0.022945718839764595,
                    0.9856569170951843,
                    -0.16719463467597961
                ],
                [
                    0.18787990510463715,
                    0.16000746190547943,
                    0.969071090221405
                ]
            ],
            [
                [
                    0.5027477741241455,
                    0.8528045415878296,
                    -0.14131194353103638
                ],
                [
                    -0.861646831035614,
                    0.5075008273124695,
                    -0.0027740509249269962
                ],
                [
                    0.06935020536184311,
                    0.1231556311249733,
                    0.9899612069129944
                ]
            ],
            [
                [
                    0.6660264134407043,
                    -0.7267211675643921,
                    0.168181911110878
                ],
                [
                    0.7277865409851074,
                    0.6825186610221863,
                    0.06704475730657578
                ],
                [
                    -0.16351014375686646,
                    0.07774695008993149,
                    0.9834733605384827
                ]
            ],
            [
                [
                    0.584744393825531,
                    -0.3392954170703888,
                    -0.7368531227111816
                ],
                [
                    0.34516897797584534,
                    0.926067054271698,
                    -0.15250623226165771
                ],
                [
                    0.7341201305389404,
                    -0.16516168415546417,
                    0.6586267948150635
                ]
            ],
            [
                [
                    0.31140103936195374,
                    0.4038292467594147,
                    0.8602043986320496
                ],
                [
                    -0.47562411427497864,
                    0.8499042391777039,
                    -0.22681401669979095
                ],
                [
                    -0.8226854205131531,
                    -0.33850371837615967,
                    0.45673200488090515
                ]
            ],
            [
                [
                    0.9965857267379761,
                    -0.07976876199245453,
                    0.021299166604876518
                ],
                [
                    0.07740020006895065,
                    0.9924364686012268,
                    0.09528432786464691
                ],
                [
                    -0.028738781809806824,
                    -0.09331046044826508,
                    0.9952221512794495
                ]
            ],
            [
                [
                    0.9878669381141663,
                    0.15410146117210388,
                    -0.01927695982158184
                ],
                [
                    -0.15397341549396515,
                    0.9880428314208984,
                    0.00796731747686863
                ],
                [
                    0.020274238660931587,
                    -0.004902510438114405,
                    0.999782383441925
                ]
            ],
            [
                [
                    0.9661544561386108,
                    0.2336699515581131,
                    -0.10928881913423538
                ],
                [
                    -0.22127632796764374,
                    0.9684653282165527,
                    0.11450567841529846
                ],
                [
                    0.13259898126125336,
                    -0.08644713461399078,
                    0.9873927235603333
                ]
            ],
            [
                [
                    0.9706919193267822,
                    -0.22980669140815735,
                    0.07032802700996399
                ],
                [
                    0.22077442705631256,
                    0.9682998657226562,
                    0.11685044318437576
                ],
                [
                    -0.09495163708925247,
                    -0.09789915382862091,
                    0.990656316280365
                ]
            ]
        ],
        "betas": [
            -0.07968991994857788,
            -0.06862637400627136,
            0.09116002917289734,
            0.05074051022529602,
            0.01695460081100464,
            0.014841917902231216,
            0.009618788957595825,
            -0.07781016826629639,
            0.04730670154094696,
            -0.044448405504226685
        ]
    },
    "pred_cam_t": [
        -0.0972423255443573,
        0.1713142991065979,
        34.160396575927734
    ],
    "focal_length": [
        5000.0,
        5000.0
    ],
    "pred_keypoints_3d": [
        [
            -0.05509321019053459,
            -0.7855856418609619,
            -0.22735846042633057
        ],
        [
            0.015593401156365871,
            -0.7239448428153992,
            -0.058304715901613235
        ],
        [
            -0.16024576127529144,
            -0.6420573592185974,
            -0.004797913134098053
        ],
        [
            -0.25668787956237793,
            -0.4182252883911133,
            0.0641290694475174
        ],
        [
            -0.41311776638031006,
            -0.3628624677658081,
            -0.12773621082305908
        ],
        [
            0.1913747489452362,
            -0.6357583999633789,
            -0.021963151171803474
        ],
        [
            0.2197582721710205,
            -0.40247389674186707,
            0.0881166085600853
        ],
        [
            0.3298935294151306,
            -0.2231055647134781,
            -0.04236511141061783
        ],
        [
            -0.0017603127053007483,
            -0.22366935014724731,
            0.028571374714374542
        ],
        [
            -0.07491212338209152,
            -0.13802045583724976,
            0.041000328958034515
        ],
        [
            -0.1485597789287567,
            0.23327279090881348,
            -0.008536960929632187
        ],
        [
            -0.16207914054393768,
            0.5501844882965088,
            0.2314404845237732
        ],
        [
            0.06267034262418747,
            -0.12903743982315063,
            0.04201178997755051
        ],
        [
            0.09402883052825928,
            0.24000579118728638,
            -0.00894366204738617
        ],
        [
            0.07850602269172668,
            0.5611575841903687,
            0.22454288601875305
        ],
        [
            -0.07223208993673325,
            -0.8347443342208862,
            -0.1946277767419815
        ],
        [
            -0.014812551438808441,
            -0.831130862236023,
            -0.22774162888526917
        ],
        [
            -0.06118962913751602,
            -0.8499753475189209,
            -0.09315191209316254
        ],
        [
            0.06733746826648712,
            -0.8417094945907593,
            -0.16505566239356995
        ],
        [
            0.08060316741466522,
            0.6886189579963684,
            0.07222938537597656
        ],
        [
            0.14662569761276245,
            0.6761839389801025,
            0.12225347757339478
        ],
        [
            0.08164697885513306,
            0.5690340995788574,
            0.2953914403915405
        ],
        [
            -0.16492408514022827,
            0.6849534511566162,
            0.08764058351516724
        ],
        [
            -0.2371506690979004,
            0.6650232672691345,
            0.13276800513267517
        ],
        [
            -0.16574519872665405,
            0.5613996982574463,
            0.304644376039505
        ],
        [
            -0.1810498833656311,
            0.49454835057258606,
            0.22917769849300385
        ],
        [
            -0.13968171179294586,
            0.17290915548801422,
            -0.011153382249176502
        ],
        [
            -0.1473425328731537,
            -0.2663894593715668,
            0.039814066141843796
        ],
        [
            0.14665111899375916,
            -0.2337569296360016,
            0.05107436329126358
        ],
        [
            0.10509635508060455,
            0.2004214972257614,
            -0.010249411687254906
        ],
        [
            0.08808489143848419,
            0.520343005657196,
            0.23172229528427124
        ],
        [
            -0.38792550563812256,
            -0.39029380679130554,
            -0.13161329925060272
        ],
        [
            -0.2818381190299988,
            -0.45384201407432556,
            0.05209818854928017
        ],
        [
            -0.12835657596588135,
            -0.669704020023346,
            -0.017431925982236862
        ],
        [
            0.15915288031101227,
            -0.6657999753952026,
            -0.030143920332193375
        ],
        [
            0.2597566246986389,
            -0.4299536645412445,
            0.06112681329250336
        ],
        [
            0.3311370015144348,
            -0.2459781914949417,
            -0.04551844298839569
        ],
        [
            0.01934625767171383,
            -0.7187578678131104,
            -0.05404847860336304
        ],
        [
            -0.0064847227185964584,
            -0.8923472166061401,
            -0.15737901628017426
        ],
        [
            0.00037209823494777083,
            -0.25009825825691223,
            0.045338138937950134
        ],
        [
            0.015662338584661484,
            -0.6648945808410645,
            -0.027349134907126427
        ],
        [
            0.01687907800078392,
            -0.49001505970954895,
            0.015807755291461945
        ],
        [
            -0.010794870555400848,
            -0.7788248062133789,
            -0.1610158085823059
        ],
        [
            -0.008410470560193062,
            -0.9133159518241882,
            -0.15234553813934326
        ]
    ],
    "pred_vertices": [
        [
            -0.007768698036670685,
            -0.8751839399337769,
            -0.24607115983963013
        ],
        [
            -0.014824435114860535,
            -0.8601601123809814,
            -0.24466456472873688
        ],
        [
            -0.0008116904646158218,
            -0.8585063219070435,
            -0.24185281991958618
        ],
        [
            0.007820986211299896,
            -0.8707315921783447,
            -0.23942174017429352
        ],
        [
            -0.006185730919241905,
            -0.8485537767410278,
            -0.24203115701675415
        ],
        [
            -0.01836327835917473,
            -0.8488198518753052,
            -0.2432636320590973
        ],
        [
            0.010674552991986275,
            -0.8550088405609131,
            -0.2346794605255127
        ],
        [
            0.019706638529896736,
            -0.8637138605117798,
            -0.23024983704090118
        ],
        [
            0.023333720862865448,
            -0.8232348561286926,
            -0.21821099519729614
        ],
        [
            0.03163857012987137,
            -0.8208876252174377,
            -0.21075376868247986
        ],
        [
            0.030295327305793762,
            -0.8323677182197571,
            -0.21543246507644653
        ],
        [
            0.02151999995112419,
            -0.8317157030105591,
            -0.22091220319271088
        ],
        [
            0.026712479069828987,
            -0.7992282509803772,
            -0.20772439241409302
        ],
        [
            0.018022865056991577,
            -0.7885209321975708,
            -0.20957732200622559
        ],
        [
            0.02544141560792923,
            -0.7822572588920593,
            -0.199785053730011
        ],
        [
            0.03336958587169647,
            -0.7926405072212219,
            -0.19667403399944305
        ],
        [
            -0.023191232234239578,
            -0.7977077960968018,
            -0.21817941963672638
        ],
        [
            -0.017212841659784317,
            -0.7912667989730835,
            -0.21826092898845673
        ],
        [
            -0.014008153229951859,
            -0.7977166175842285,
            -0.22111569344997406
        ],
        [
            -0.020445186644792557,
            -0.8034777641296387,
            -0.2202184796333313
        ],
        [
            -0.034931592643260956,
            -0.806161642074585,
            -0.22127828001976013
        ],
        [
            -0.032903287559747696,
            -0.8122438788414001,
            -0.22037239372730255
        ],
        [
            -0.03977273777127266,
            -0.8149394989013672,
            -0.2233199030160904
        ],
        [
            -0.041460465639829636,
            -0.8078651428222656,
            -0.2253780961036682
        ],
        [
            -0.027599655091762543,
            -0.7930049896240234,
            -0.21417227387428284
        ],
        [
            -0.020948752760887146,
            -0.7863853573799133,
            -0.21409450471401215
        ],
        [
            -0.028619524091482162,
            -0.8030953407287598,
            -0.21858355402946472
        ],
        [
            -0.03082837536931038,
            -0.7984381914138794,
            -0.21842291951179504
        ],
        [
            -0.037733398377895355,
            -0.7901855111122131,
            -0.22414827346801758
        ],
        [
            -0.03605431690812111,
            -0.7950148582458496,
            -0.22480592131614685
        ],
        [
            -0.04243510589003563,
            -0.794563889503479,
            -0.2293034791946411
        ],
        [
            -0.042769595980644226,
            -0.7895309329032898,
            -0.22673918306827545
        ],
        [
            -0.031077858060598373,
            -0.7917503118515015,
            -0.2174059897661209
        ],
        [
            -0.03208759054541588,
            -0.7937920093536377,
            -0.22081206738948822
        ],
        [
            -0.03502952307462692,
            -0.7897589206695557,
            -0.22068414092063904
        ],
        [
            -0.034584492444992065,
            -0.7885919809341431,
            -0.21671339869499207
        ],
        [
            -0.03652258962392807,
            -0.8014323711395264,
            -0.22231808304786682
        ],
        [
            -0.04245106875896454,
            -0.8016527891159058,
            -0.22727862000465393
        ],
        [
            -0.049266837537288666,
            -0.8015209436416626,
            -0.2318178415298462
        ],
        [
            -0.04921136051416397,
            -0.7926955819129944,
            -0.23307111859321594
        ],
        [
            -0.002968093380331993,
            -0.7793270349502563,
            -0.21382203698158264
        ],
        [
            -0.01032661646604538,
            -0.7850965261459351,
            -0.21724368631839752
        ],
        [
            -0.014345040544867516,
            -0.7805997729301453,
            -0.21374057233333588
        ],
        [
            -0.008173298090696335,
            -0.7757959365844727,
            -0.2118666023015976
        ],
        [
            -0.03150200471282005,
            -0.7863560318946838,
            -0.21358244121074677
        ],
        [
            -0.02642327919602394,
            -0.7708814144134521,
            -0.21113206446170807
        ],
        [
            -0.026736773550510406,
            -0.7744230628013611,
            -0.21253958344459534
        ],
        [
            -0.034018583595752716,
            -0.7745347023010254,
            -0.21339133381843567
        ],
        [
            -0.033081550151109695,
            -0.7712324261665344,
            -0.21226975321769714
        ],
        [
            0.006875594146549702,
            -0.7677109241485596,
            -0.20423519611358643
        ],
        [
            -0.00013162940740585327,
            -0.7657071352005005,
            -0.2054794430732727
        ],
        [
            0.0022371485829353333,
            -0.7598564028739929,
            -0.2013486623764038
        ],
        [
            0.009453901089727879,
            -0.7609692811965942,
            -0.19834518432617188
        ],
        [
            0.0015783756971359253,
            -0.7547651529312134,
            -0.19781988859176636
        ],
        [
            0.01090656965970993,
            -0.7544755339622498,
            -0.19271685183048248
        ],
        [
            0.004458051174879074,
            -0.7417003512382507,
            -0.18482905626296997
        ],
        [
            0.008077685721218586,
            -0.747347354888916,
            -0.18832597136497498
        ],
        [
            -0.0013824030756950378,
            -0.7495685815811157,
            -0.1948946863412857
        ],
        [
            -0.007035210728645325,
            -0.7442299723625183,
            -0.19383877515792847
        ],
        [
            -0.022540781646966934,
            -0.7469183206558228,
            -0.19721917808055878
        ],
        [
            -0.028849735856056213,
            -0.7451775670051575,
            -0.19665032625198364
        ],
        [
            -0.022371463477611542,
            -0.7341104745864868,
            -0.19360357522964478
        ],
        [
            -0.015009362250566483,
            -0.7382667064666748,
            -0.19381311535835266
        ],
        [
            -0.02421937882900238,
            -0.7664552927017212,
            -0.2055264562368393
        ],
        [
            -0.019481059163808823,
            -0.7671130299568176,
            -0.2048228532075882
        ],
        [
            -0.02043326571583748,
            -0.7678580284118652,
            -0.20734626054763794
        ],
        [
            -0.025682780891656876,
            -0.7682160139083862,
            -0.2087009698152542
        ],
        [
            -0.015472173690795898,
            -0.7671526074409485,
            -0.2047620713710785
        ],
        [
            -0.013694638386368752,
            -0.7670173048973083,
            -0.20480680465698242
        ],
        [
            -0.014547722414135933,
            -0.7679082155227661,
            -0.2061060667037964
        ],
        [
            -0.01608484983444214,
            -0.7677459716796875,
            -0.20545947551727295
        ],
        [
            -0.01803223416209221,
            -0.7673723697662354,
            -0.20500732958316803
        ],
        [
            -0.01887703686952591,
            -0.7655149102210999,
            -0.20433244109153748
        ],
        [
            -0.016360316425561905,
            -0.7663389444351196,
            -0.20456081628799438
        ],
        [
            -0.02318839728832245,
            -0.7641483545303345,
            -0.20496554672718048
        ],
        [
            -0.03737352788448334,
            -0.7602466344833374,
            -0.20588289201259613
        ],
        [
            -0.033506233245134354,
            -0.7609265446662903,
            -0.2063417285680771
        ],
        [
            -0.03487643226981163,
            -0.7654769420623779,
            -0.2061401605606079
        ],
        [
            -0.03817012533545494,
            -0.7652095556259155,
            -0.20582349598407745
        ],
        [
            -0.017055820673704147,
            -0.7693853378295898,
            -0.20748764276504517
        ],
        [
            -0.014727139845490456,
            -0.7707412242889404,
            -0.20859621465206146
        ],
        [
            -0.019893303513526917,
            -0.7725987434387207,
            -0.2106829583644867
        ],
        [
            -0.02034461498260498,
            -0.7702402472496033,
            -0.20883987843990326
        ],
        [
            -0.01250266283750534,
            -0.7724418640136719,
            -0.21023410558700562
        ],
        [
            -0.012399759143590927,
            -0.7691123485565186,
            -0.20694862306118011
        ],
        [
            -0.009270936250686646,
            -0.7697677612304688,
            -0.20809729397296906
        ],
        [
            -0.01395333744585514,
            -0.7653879523277283,
            -0.2040538489818573
        ],
        [
            -0.010752210393548012,
            -0.7640022039413452,
            -0.20356138050556183
        ],
        [
            -0.010978838428854942,
            -0.7661811709403992,
            -0.2054363191127777
        ],
        [
            -0.012339374050498009,
            -0.7609664797782898,
            -0.20203104615211487
        ],
        [
            -0.01640571653842926,
            -0.7634680271148682,
            -0.2032807171344757
        ],
        [
            -0.020568884909152985,
            -0.7611703872680664,
            -0.20357325673103333
        ],
        [
            -0.02604003995656967,
            -0.758822500705719,
            -0.20422005653381348
        ],
        [
            -0.021993383765220642,
            -0.7549537420272827,
            -0.20132915675640106
        ],
        [
            -0.016366709023714066,
            -0.7577869892120361,
            -0.20142538845539093
        ],
        [
            -0.017988137900829315,
            -0.7764015197753906,
            -0.21212467551231384
        ],
        [
            -0.006309220567345619,
            -0.76583331823349,
            -0.20550858974456787
        ],
        [
            -0.003807343542575836,
            -0.7716976404190063,
            -0.2089097946882248
        ],
        [
            -0.005403608083724976,
            -0.7615922689437866,
            -0.20309977233409882
        ],
        [
            -0.0065553318709135056,
            -0.7576311826705933,
            -0.20052757859230042
        ],
        [
            -0.00999213382601738,
            -0.7536686658859253,
            -0.19871380925178528
        ],
        [
            -0.01613880880177021,
            -0.7500271201133728,
            -0.19793634116649628
        ],
        [
            -0.013928603380918503,
            -0.729043185710907,
            -0.18240705132484436
        ],
        [
            -0.005117550492286682,
            -0.7344918251037598,
            -0.18388941884040833
        ],
        [
            -0.018694914877414703,
            -0.8425136804580688,
            -0.23759350180625916
        ],
        [
            -0.00955074280500412,
            -0.8419232368469238,
            -0.23909182846546173
        ],
        [
            -0.006563322618603706,
            -0.8358601331710815,
            -0.23287732899188995
        ],
        [
            -0.005235675722360611,
            -0.8380511999130249,
            -0.2341795563697815
        ],
        [
            -0.01133754849433899,
            -0.8387623429298401,
            -0.23507510125637054
        ],
        [
            -0.011341392993927002,
            -0.8362600207328796,
            -0.23341864347457886
        ],
        [
            0.012928932905197144,
            -0.8323558568954468,
            -0.22383327782154083
        ],
        [
            0.006389973685145378,
            -0.833050012588501,
            -0.2261897176504135
        ],
        [
            0.00779816135764122,
            -0.8297999501228333,
            -0.22401326894760132
        ],
        [
            0.015386786311864853,
            -0.8260984420776367,
            -0.22212356328964233
        ],
        [
            -0.0015010703355073929,
            -0.82100510597229,
            -0.22443462908267975
        ],
        [
            0.0037846751511096954,
            -0.8229175806045532,
            -0.2239159792661667
        ],
        [
            -0.0015461742877960205,
            -0.8286892771720886,
            -0.22654381394386292
        ],
        [
            -0.005381245166063309,
            -0.8272590637207031,
            -0.22698932886123657
        ],
        [
            -0.009632304310798645,
            -0.8264365196228027,
            -0.2269333451986313
        ],
        [
            -0.013910599052906036,
            -0.8262989521026611,
            -0.22613228857517242
        ],
        [
            -0.013051625341176987,
            -0.8214250802993774,
            -0.2241329699754715
        ],
        [
            -0.007558487355709076,
            -0.8207544088363647,
            -0.2245551496744156
        ],
        [
            -0.018069572746753693,
            -0.8397884368896484,
            -0.23355866968631744
        ],
        [
            -0.0242624394595623,
            -0.8394766449928284,
            -0.22992047667503357
        ],
        [
            -0.02262888476252556,
            -0.8367019891738892,
            -0.22910526394844055
        ],
        [
            -0.017505653202533722,
            -0.836678147315979,
            -0.23255077004432678
        ],
        [
            -0.028851035982370377,
            -0.8325718641281128,
            -0.21825474500656128
        ],
        [
            -0.028465043753385544,
            -0.8345555663108826,
            -0.22044502198696136
        ],
        [
            -0.03225119784474373,
            -0.8357551097869873,
            -0.22026601433753967
        ],
        [
            -0.032246239483356476,
            -0.8317365646362305,
            -0.21785299479961395
        ],
        [
            -0.030021265149116516,
            -0.8287123441696167,
            -0.21805092692375183
        ],
        [
            -0.02776896208524704,
            -0.8307781219482422,
            -0.21869933605194092
        ],
        [
            -0.016756784170866013,
            -0.8966023921966553,
            -0.24640515446662903
        ],
        [
            -0.02350836992263794,
            -0.8787007331848145,
            -0.2471540868282318
        ],
        [
            0.00290554016828537,
            -0.8925240635871887,
            -0.2413134127855301
        ],
        [
            0.017438611015677452,
            -0.8849226236343384,
            -0.23308852314949036
        ],
        [
            0.029330706223845482,
            -0.8739756941795349,
            -0.22414006292819977
        ],
        [
            0.015943899750709534,
            -0.773547351360321,
            -0.202299565076828
        ],
        [
            0.020801007747650146,
            -0.7667022943496704,
            -0.1948305070400238
        ],
        [
            0.032250721007585526,
            -0.7767127156257629,
            -0.189888134598732
        ],
        [
            0.03379394859075546,
            -0.7685737609863281,
            -0.181191086769104
        ],
        [
            0.02212851494550705,
            -0.7583674192428589,
            -0.18725302815437317
        ],
        [
            0.01389059517532587,
            -0.7427221536636353,
            -0.1734406054019928
        ],
        [
            0.019923673942685127,
            -0.7498207688331604,
            -0.17986246943473816
        ],
        [
            0.032898202538490295,
            -0.7614660263061523,
            -0.1705521196126938
        ],
        [
            0.04449222981929779,
            -0.7769515514373779,
            -0.16411873698234558
        ],
        [
            0.04319801554083824,
            -0.7809443473815918,
            -0.17598429322242737
        ],
        [
            0.052116312086582184,
            -0.7949627637863159,
            -0.15974435210227966
        ],
        [
            0.04672272130846977,
            -0.7735711336135864,
            -0.14870132505893707
        ],
        [
            0.05379223823547363,
            -0.7965978384017944,
            -0.15016469359397888
        ],
        [
            0.03814738243818283,
            -0.7389809489250183,
            -0.1348358392715454
        ],
        [
            0.04328015819191933,
            -0.7299264669418335,
            -0.1278381496667862
        ],
        [
            0.05546772852540016,
            -0.7401561737060547,
            -0.11960592120885849
        ],
        [
            0.05220536142587662,
            -0.7490710020065308,
            -0.12793755531311035
        ],
        [
            0.03973860293626785,
            -0.7862321734428406,
            -0.18608823418617249
        ],
        [
            0.03456592187285423,
            -0.8441857099533081,
            -0.21258193254470825
        ],
        [
            0.025758329778909683,
            -0.841315507888794,
            -0.22047492861747742
        ],
        [
            0.03879512473940849,
            -0.8332486152648926,
            -0.20684540271759033
        ],
        [
            0.04073933884501457,
            -0.9066613912582397,
            -0.2141645848751068
        ],
        [
            0.028536193072795868,
            -0.8972626328468323,
            -0.22551016509532928
        ],
        [
            0.03897745534777641,
            -0.8841922879219055,
            -0.21868041157722473
        ],
        [
            0.04912840202450752,
            -0.8945552706718445,
            -0.20884570479393005
        ],
        [
            0.009558480232954025,
            -0.9389125108718872,
            -0.21912631392478943
        ],
        [
            -0.003229331225156784,
            -0.9199970960617065,
            -0.2359338253736496
        ],
        [
            0.012026239186525345,
            -0.910327672958374,
            -0.2315535545349121
        ],
        [
            0.024091167375445366,
            -0.9251301288604736,
            -0.21898195147514343
        ],
        [
            0.05648097023367882,
            -0.8996424078941345,
            -0.19868803024291992
        ],
        [
            0.06564255058765411,
            -0.906069278717041,
            -0.1835208535194397
        ],
        [
            0.06322486698627472,
            -0.9234739542007446,
            -0.18022361397743225
        ],
        [
            0.05164732784032822,
            -0.9175891876220703,
            -0.1986982822418213
        ],
        [
            0.05361330509185791,
            -0.9451443552970886,
            -0.1745888590812683
        ],
        [
            0.039982959628105164,
            -0.9384742975234985,
            -0.19720473885536194
        ],
        [
            0.05789656192064285,
            -0.7867210507392883,
            -0.1346747726202011
        ],
        [
            0.05911258980631828,
            -0.8043314218521118,
            -0.1404074728488922
        ],
        [
            0.0474291667342186,
            -0.7598644495010376,
            -0.1382799744606018
        ],
        [
            0.05821709334850311,
            -0.7718149423599243,
            -0.1276656836271286
        ],
        [
            0.03868870064616203,
            -0.9619505405426025,
            -0.16631890833377838
        ],
        [
            0.023301493376493454,
            -0.9553192853927612,
            -0.1938924491405487
        ],
        [
            0.07835462689399719,
            -0.8999391794204712,
            -0.13068687915802002
        ],
        [
            0.0765441283583641,
            -0.9144364595413208,
            -0.14384037256240845
        ],
        [
            0.07575051486492157,
